{"data": [{"z": [[7.534304141998291, 2.4291646480560303, -0.7522209286689758, 1.6471716165542603, 0.20540426671504974, 1.911975622177124, 1.3000311851501465, -1.4004414081573486, -3.3135480880737305, -5.337131500244141, 2.9280545711517334, -1.9424160718917847, 3.981576681137085, 2.9928500652313232, -2.3680810928344727, -0.3164498209953308, -2.0786025524139404, 0.010853777639567852, -0.38338205218315125, 2.6232166290283203, -3.733649253845215], [2.4291646480560303, 1.5853538513183594, 0.49561500549316406, 0.2261715680360794, 0.3197762370109558, -1.0807207822799683, 1.4027944803237915, -0.022767074406147003, 1.1143481731414795, -2.51999568939209, 2.104623317718506, -0.5360855460166931, 1.9912413358688354, 2.093125104904175, -1.083428978919983, 0.43740686774253845, 0.22184570133686066, 0.8703749775886536, -1.185325264930725, -0.5710073709487915, -1.5216989517211914], [-0.7522209286689758, 0.49561500549316406, 1.262251615524292, -0.40913668274879456, 0.7384255528450012, -1.4712659120559692, 0.9317622780799866, 0.8985345959663391, 0.07366450130939484, 0.7395841479301453, -0.06824488937854767, -0.3453258275985718, -0.38660579919815063, 0.5731433629989624, -0.6714932918548584, 0.40464308857917786, 0.20084260404109955, -0.4970988929271698, -1.475810170173645, -1.518278956413269, -0.2326953262090683], [1.6471716165542603, 0.2261715680360794, -0.40913668274879456, 0.4931391775608063, -0.0265640988945961, 0.9096948504447937, -0.150272399187088, -0.6459568738937378, -1.695309042930603, -1.0129125118255615, 0.12454243004322052, -0.5193087458610535, 0.4999504089355469, 0.192033052444458, -0.45707350969314575, -0.46886685490608215, -0.9112358093261719, -0.4459877610206604, 0.39673912525177, 1.0024774074554443, -0.778242826461792], [0.20540426671504974, 0.3197762370109558, 0.7384255528450012, -0.0265640988945961, 0.6399195194244385, -0.04805542901158333, 0.5682300329208374, 0.6438411474227905, -1.7607799768447876, 0.7581464648246765, -0.41417446732521057, -0.6546233296394348, -0.283071905374527, 0.2843784689903259, -0.7858381867408752, 0.18995948135852814, -0.5814121961593628, -1.041491150856018, -0.9981244206428528, -0.23280088603496552, -0.475249320268631], [1.911975622177124, -1.0807207822799683, -1.4712659120559692, 0.9096948504447937, -0.04805542901158333, 6.287975788116455, -0.8143242597579956, 1.3426694869995117, -6.937097549438477, 3.4268341064453125, -2.003737688064575, -0.8335928320884705, -0.17238770425319672, -1.4619673490524292, -0.05487232282757759, 0.916365385055542, -2.169625759124756, -2.222076416015625, 0.4876015782356262, 5.028835296630859, 0.2722806930541992], [1.3000311851501465, 1.4027944803237915, 0.9317622780799866, -0.150272399187088, 0.5682300329208374, -0.8143242597579956, 1.8303015232086182, 1.3901801109313965, 1.3147813081741333, -0.5487285256385803, 1.7413724660873413, -0.3356388211250305, 1.6340430974960327, 1.9551881551742554, -0.9034057259559631, 1.4812802076339722, 0.7712836861610413, 0.8012571334838867, -2.097510576248169, -0.7162247896194458, -0.8325068354606628], [-1.4004414081573486, -0.022767074406147003, 0.8985345959663391, -0.6459568738937378, 0.6438411474227905, 1.3426694869995117, 1.3901801109313965, 3.5600719451904297, -0.10280677676200867, 4.242613792419434, -0.32306453585624695, 0.19080984592437744, -0.03916018828749657, 0.22863976657390594, 0.07361841201782227, 2.837721824645996, 1.0921953916549683, -0.08531898260116577, -2.475658655166626, 0.3547265827655792, 1.1418724060058594], [-3.3135480880737305, 1.1143481731414795, 0.07366450130939484, -1.695309042930603, -1.7607799768447876, -6.937097549438477, 1.3147813081741333, -0.10280677676200867, 17.5269775390625, -4.309003829956055, 5.6153130531311035, 3.8540878295898438, 2.9570236206054688, 2.467012643814087, 2.885000467300415, 1.9176665544509888, 6.956257343292236, 8.089466094970703, -0.17646458745002747, -5.365216255187988, 2.094586133956909], [-5.337131500244141, -2.51999568939209, 0.7395841479301453, -1.0129125118255615, 0.7581464648246765, 3.4268341064453125, -0.5487285256385803, 4.242613792419434, -4.309003829956055, 9.53292465209961, -4.575832366943359, 0.37520894408226013, -3.8775076866149902, -3.2307052612304688, 1.1192891597747803, 2.213848352432251, -0.07255135476589203, -2.8641324043273926, -1.3705934286117554, 1.314221978187561, 3.2810850143432617], [2.9280545711517334, 2.104623317718506, -0.06824488937854767, 0.12454243004322052, -0.41417446732521057, -2.003737688064575, 1.7413724660873413, -0.32306453585624695, 5.6153130531311035, -4.575832366943359, 4.234197616577148, 0.426079660654068, 3.691880702972412, 3.093604564666748, -0.34594228863716125, 1.0514196157455444, 1.917911171913147, 3.435763120651245, -0.9096068739891052, -0.9942291378974915, -1.3293687105178833], [-1.9424160718917847, -0.5360855460166931, -0.3453258275985718, -0.5193087458610535, -0.6546233296394348, -0.8335928320884705, -0.3356388211250305, 0.19080984592437744, 3.8540878295898438, 0.37520894408226013, 0.426079660654068, 1.2916523218154907, -0.09936020523309708, -0.41673940420150757, 1.345969557762146, 0.5023500323295593, 1.71658194065094, 1.7104222774505615, 0.5082511901855469, -0.766642153263092, 1.378431797027588], [3.981576681137085, 1.9912413358688354, -0.38660579919815063, 0.4999504089355469, -0.283071905374527, -0.17238770425319672, 1.6340430974960327, -0.03916018828749657, 2.9570236206054688, -3.8775076866149902, 3.691880702972412, -0.09936020523309708, 3.7524845600128174, 2.8699493408203125, -0.6923753023147583, 1.1816149950027466, 0.9601026773452759, 2.5068626403808594, -0.9057557582855225, 0.5126261711120605, -1.6247860193252563], [2.9928500652313232, 2.093125104904175, 0.5731433629989624, 0.192033052444458, 0.2843784689903259, -1.4619673490524292, 1.9551881551742554, 0.22863976657390594, 2.467012643814087, -3.2307052612304688, 3.093604564666748, -0.41673940420150757, 2.8699493408203125, 2.8622372150421143, -1.1636792421340942, 0.9497289061546326, 0.7878085374832153, 1.6876904964447021, -1.6406424045562744, -0.7982829213142395, -1.7376017570495605], [-2.3680810928344727, -1.083428978919983, -0.6714932918548584, -0.45707350969314575, -0.7858381867408752, -0.05487232282757759, -0.9034057259559631, 0.07361841201782227, 2.885000467300415, 1.1192891597747803, -0.34594228863716125, 1.345969557762146, -0.6923753023147583, -1.1636792421340942, 1.6342486143112183, 0.25760626792907715, 1.3686553239822388, 1.2466918230056763, 1.054059386253357, -0.18043524026870728, 1.7515308856964111], [-0.3164498209953308, 0.43740686774253845, 0.40464308857917786, -0.46886685490608215, 0.18995948135852814, 0.916365385055542, 1.4812802076339722, 2.837721824645996, 1.9176665544509888, 2.213848352432251, 1.0514196157455444, 0.5023500323295593, 1.1816149950027466, 0.9497289061546326, 0.25760626792907715, 2.7734384536743164, 1.643026351928711, 1.246345043182373, -2.0309970378875732, 0.36279505491256714, 0.7920891046524048], [-2.0786025524139404, 0.22184570133686066, 0.20084260404109955, -0.9112358093261719, -0.5814121961593628, -2.169625759124756, 0.7712836861610413, 1.0921953916549683, 6.956257343292236, -0.07255135476589203, 1.917911171913147, 1.71658194065094, 0.9601026773452759, 0.7878085374832153, 1.3686553239822388, 1.643026351928711, 3.1543309688568115, 3.18025279045105, -0.6665093302726746, -1.9179977178573608, 1.4328513145446777], [0.010853777639567852, 0.8703749775886536, -0.4970988929271698, -0.4459877610206604, -1.041491150856018, -2.222076416015625, 0.8012571334838867, -0.08531898260116577, 8.089466094970703, -2.8641324043273926, 3.435763120651245, 1.7104222774505615, 2.5068626403808594, 1.6876904964447021, 1.2466918230056763, 1.246345043182373, 3.18025279045105, 4.283687114715576, 0.00393327372148633, -1.4355475902557373, 0.5622662901878357], [-0.38338205218315125, -1.185325264930725, -1.475810170173645, 0.39673912525177, -0.9981244206428528, 0.4876015782356262, -2.097510576248169, -2.475658655166626, -0.17646458745002747, -1.3705934286117554, -0.9096068739891052, 0.5082511901855469, -0.9057557582855225, -1.6406424045562744, 1.054059386253357, -2.0309970378875732, -0.6665093302726746, 0.00393327372148633, 2.8974857330322266, 0.8031980991363525, 0.4637540280818939], [2.6232166290283203, -0.5710073709487915, -1.518278956413269, 1.0024774074554443, -0.23280088603496552, 5.028835296630859, -0.7162247896194458, 0.3547265827655792, -5.365216255187988, 1.314221978187561, -0.9942291378974915, -0.766642153263092, 0.5126261711120605, -0.7982829213142395, -0.18043524026870728, 0.36279505491256714, -1.9179977178573608, -1.4355475902557373, 0.8031980991363525, 4.292526721954346, -0.2982744574546814], [-3.733649253845215, -1.5216989517211914, -0.2326953262090683, -0.778242826461792, -0.475249320268631, 0.2722806930541992, -0.8325068354606628, 1.1418724060058594, 2.094586133956909, 3.2810850143432617, -1.3293687105178833, 1.378431797027588, -1.6247860193252563, -1.7376017570495605, 1.7515308856964111, 0.7920891046524048, 1.4328513145446777, 0.5622662901878357, 0.4637540280818939, -0.2982744574546814, 2.421447992324829]], "type": "heatmap"}], "layout": {"template": {"data": {"histogram2dcontour": [{"type": "histogram2dcontour", "colorbar": {"outlinewidth": 0, "ticks": ""}, "colorscale": [[0.0, "#0d0887"], [0.1111111111111111, "#46039f"], [0.2222222222222222, "#7201a8"], [0.3333333333333333, "#9c179e"], [0.4444444444444444, "#bd3786"], [0.5555555555555556, "#d8576b"], [0.6666666666666666, "#ed7953"], [0.7777777777777778, "#fb9f3a"], [0.8888888888888888, "#fdca26"], [1.0, "#f0f921"]]}], "choropleth": [{"type": "choropleth", "colorbar": {"outlinewidth": 0, "ticks": ""}}], "histogram2d": [{"type": "histogram2d", "colorbar": {"outlinewidth": 0, "ticks": ""}, "colorscale": [[0.0, "#0d0887"], [0.1111111111111111, "#46039f"], [0.2222222222222222, "#7201a8"], [0.3333333333333333, "#9c179e"], [0.4444444444444444, "#bd3786"], [0.5555555555555556, "#d8576b"], [0.6666666666666666, "#ed7953"], [0.7777777777777778, "#fb9f3a"], [0.8888888888888888, "#fdca26"], [1.0, "#f0f921"]]}], "heatmap": [{"type": "heatmap", "colorbar": {"outlinewidth": 0, "ticks": ""}, "colorscale": [[0.0, "#0d0887"], [0.1111111111111111, "#46039f"], [0.2222222222222222, "#7201a8"], [0.3333333333333333, "#9c179e"], [0.4444444444444444, "#bd3786"], [0.5555555555555556, "#d8576b"], [0.6666666666666666, "#ed7953"], [0.7777777777777778, "#fb9f3a"], [0.8888888888888888, "#fdca26"], [1.0, "#f0f921"]]}], "heatmapgl": [{"type": "heatmapgl", "colorbar": {"outlinewidth": 0, "ticks": ""}, "colorscale": [[0.0, "#0d0887"], [0.1111111111111111, "#46039f"], [0.2222222222222222, "#7201a8"], [0.3333333333333333, "#9c179e"], [0.4444444444444444, "#bd3786"], [0.5555555555555556, "#d8576b"], [0.6666666666666666, "#ed7953"], [0.7777777777777778, "#fb9f3a"], [0.8888888888888888, "#fdca26"], [1.0, "#f0f921"]]}], "contourcarpet": [{"type": "contourcarpet", "colorbar": {"outlinewidth": 0, "ticks": ""}}], "contour": [{"type": "contour", "colorbar": {"outlinewidth": 0, "ticks": ""}, "colorscale": [[0.0, "#0d0887"], [0.1111111111111111, "#46039f"], [0.2222222222222222, "#7201a8"], [0.3333333333333333, "#9c179e"], [0.4444444444444444, "#bd3786"], [0.5555555555555556, "#d8576b"], [0.6666666666666666, "#ed7953"], [0.7777777777777778, "#fb9f3a"], [0.8888888888888888, "#fdca26"], [1.0, "#f0f921"]]}], "surface": [{"type": "surface", "colorbar": {"outlinewidth": 0, "ticks": ""}, "colorscale": [[0.0, "#0d0887"], [0.1111111111111111, "#46039f"], [0.2222222222222222, "#7201a8"], [0.3333333333333333, "#9c179e"], [0.4444444444444444, "#bd3786"], [0.5555555555555556, "#d8576b"], [0.6666666666666666, "#ed7953"], [0.7777777777777778, "#fb9f3a"], [0.8888888888888888, "#fdca26"], [1.0, "#f0f921"]]}], "mesh3d": [{"type": "mesh3d", "colorbar": {"outlinewidth": 0, "ticks": ""}}], "scatter": [{"fillpattern": {"fillmode": "overlay", "size": 10, "solidity": 0.2}, "type": "scatter"}], "parcoords": [{"type": "parcoords", "line": {"colorbar": {"outlinewidth": 0, "ticks": ""}}}], "scatterpolargl": [{"type": "scatterpolargl", "marker": {"colorbar": {"outlinewidth": 0, "ticks": ""}}}], "bar": [{"error_x": {"color": "#2a3f5f"}, "error_y": {"color": "#2a3f5f"}, "marker": {"line": {"color": "#E5ECF6", "width": 0.5}, "pattern": {"fillmode": "overlay", "size": 10, "solidity": 0.2}}, "type": "bar"}], "scattergeo": [{"type": "scattergeo", "marker": {"colorbar": {"outlinewidth": 0, "ticks": ""}}}], "scatterpolar": [{"type": "scatterpolar", "marker": {"colorbar": {"outlinewidth": 0, "ticks": ""}}}], "histogram": [{"marker": {"pattern": {"fillmode": "overlay", "size": 10, "solidity": 0.2}}, "type": "histogram"}], "scattergl": [{"type": "scattergl", "marker": {"colorbar": {"outlinewidth": 0, "ticks": ""}}}], "scatter3d": [{"type": "scatter3d", "line": {"colorbar": {"outlinewidth": 0, "ticks": ""}}, "marker": {"colorbar": {"outlinewidth": 0, "ticks": ""}}}], "scattermapbox": [{"type": "scattermapbox", "marker": {"colorbar": {"outlinewidth": 0, "ticks": ""}}}], "scatterternary": [{"type": "scatterternary", "marker": {"colorbar": {"outlinewidth": 0, "ticks": ""}}}], "scattercarpet": [{"type": "scattercarpet", "marker": {"colorbar": {"outlinewidth": 0, "ticks": ""}}}], "carpet": [{"aaxis": {"endlinecolor": "#2a3f5f", "gridcolor": "white", "linecolor": "white", "minorgridcolor": "white", "startlinecolor": "#2a3f5f"}, "baxis": {"endlinecolor": "#2a3f5f", "gridcolor": "white", "linecolor": "white", "minorgridcolor": "white", "startlinecolor": "#2a3f5f"}, "type": "carpet"}], "table": [{"cells": {"fill": {"color": "#EBF0F8"}, "line": {"color": "white"}}, "header": {"fill": {"color": "#C8D4E3"}, "line": {"color": "white"}}, "type": "table"}], "barpolar": [{"marker": {"line": {"color": "#E5ECF6", "width": 0.5}, "pattern": {"fillmode": "overlay", "size": 10, "solidity": 0.2}}, "type": "barpolar"}], "pie": [{"automargin": true, "type": "pie"}]}, "layout": {"autotypenumbers": "strict", "colorway": ["#636efa", "#EF553B", "#00cc96", "#ab63fa", "#FFA15A", "#19d3f3", "#FF6692", "#B6E880", "#FF97FF", "#FECB52"], "font": {"color": "#2a3f5f"}, "hovermode": "closest", "hoverlabel": {"align": "left"}, "paper_bgcolor": "white", "plot_bgcolor": "#E5ECF6", "polar": {"bgcolor": "#E5ECF6", "angularaxis": {"gridcolor": "white", "linecolor": "white", "ticks": ""}, "radialaxis": {"gridcolor": "white", "linecolor": "white", "ticks": ""}}, "ternary": {"bgcolor": "#E5ECF6", "aaxis": {"gridcolor": "white", "linecolor": "white", "ticks": ""}, "baxis": {"gridcolor": "white", "linecolor": "white", "ticks": ""}, "caxis": {"gridcolor": "white", "linecolor": "white", "ticks": ""}}, "coloraxis": {"colorbar": {"outlinewidth": 0, "ticks": ""}}, "colorscale": {"sequential": [[0.0, "#0d0887"], [0.1111111111111111, "#46039f"], [0.2222222222222222, "#7201a8"], [0.3333333333333333, "#9c179e"], [0.4444444444444444, "#bd3786"], [0.5555555555555556, "#d8576b"], [0.6666666666666666, "#ed7953"], [0.7777777777777778, "#fb9f3a"], [0.8888888888888888, "#fdca26"], [1.0, "#f0f921"]], "sequentialminus": [[0.0, "#0d0887"], [0.1111111111111111, "#46039f"], [0.2222222222222222, "#7201a8"], [0.3333333333333333, "#9c179e"], [0.4444444444444444, "#bd3786"], [0.5555555555555556, "#d8576b"], [0.6666666666666666, "#ed7953"], [0.7777777777777778, "#fb9f3a"], [0.8888888888888888, "#fdca26"], [1.0, "#f0f921"]], "diverging": [[0, "#8e0152"], [0.1, "#c51b7d"], [0.2, "#de77ae"], [0.3, "#f1b6da"], [0.4, "#fde0ef"], [0.5, "#f7f7f7"], [0.6, "#e6f5d0"], [0.7, "#b8e186"], [0.8, "#7fbc41"], [0.9, "#4d9221"], [1, "#276419"]]}, "xaxis": {"gridcolor": "white", "linecolor": "white", "ticks": "", "title": {"standoff": 15}, "zerolinecolor": "white", "automargin": true, "zerolinewidth": 2}, "yaxis": {"gridcolor": "white", "linecolor": "white", "ticks": "", "title": {"standoff": 15}, "zerolinecolor": "white", "automargin": true, "zerolinewidth": 2}, "scene": {"xaxis": {"backgroundcolor": "#E5ECF6", "gridcolor": "white", "linecolor": "white", "showbackground": true, "ticks": "", "zerolinecolor": "white", "gridwidth": 2}, "yaxis": {"backgroundcolor": "#E5ECF6", "gridcolor": "white", "linecolor": "white", "showbackground": true, "ticks": "", "zerolinecolor": "white", "gridwidth": 2}, "zaxis": {"backgroundcolor": "#E5ECF6", "gridcolor": "white", "linecolor": "white", "showbackground": true, "ticks": "", "zerolinecolor": "white", "gridwidth": 2}}, "shapedefaults": {"line": {"color": "#2a3f5f"}}, "annotationdefaults": {"arrowcolor": "#2a3f5f", "arrowhead": 0, "arrowwidth": 1}, "geo": {"bgcolor": "white", "landcolor": "#E5ECF6", "subunitcolor": "white", "showland": true, "showlakes": true, "lakecolor": "white"}, "title": {"x": 0.05}, "mapbox": {"style": "light"}}}}}