{"data": [{"z": [[19.400680541992188, -3.024678945541382, -0.5669752359390259, -1.2270009517669678, -3.2879414558410645, -2.0951201915740967, -2.507314443588257, -0.647930383682251, 1.4312827587127686, 2.9292142391204834, 2.6641669273376465, -1.8402674198150635, 3.345926284790039, 0.6432592272758484, 8.172454833984375, 2.1521804332733154, -1.8064610958099365, -0.16695494949817657, -1.855387806892395, -3.7472712993621826, -2.765010118484497], [-3.024678945541382, 30.36043357849121, -5.776913642883301, 1.8951025009155273, -2.6573007106781006, -4.2854413986206055, -1.3044590950012207, -1.1738712787628174, 0.10236601531505585, -12.197819709777832, 6.663761138916016, 2.7577433586120605, -1.5760470628738403, -1.4325729608535767, -7.264458179473877, 4.0642991065979, 0.9755556583404541, -1.6417311429977417, -3.0503201484680176, -5.08495569229126, -11.261565208435059], [-0.5669752359390259, -5.776913642883301, 31.405195236206055, -0.21196846663951874, 9.906148910522461, 5.851306438446045, -5.066856384277344, 2.3412787914276123, 4.9589009284973145, 1.077275276184082, -4.554573059082031, -8.58942985534668, -1.9120981693267822, 8.21267318725586, -7.779374122619629, -4.117956161499023, 8.854964256286621, -0.6997439861297607, -4.40549898147583, 4.247753143310547, -9.218722343444824], [-1.2270009517669678, 1.8951025009155273, -0.21196846663951874, 20.201610565185547, 0.9510188102722168, -4.238484859466553, -3.9975385665893555, 0.24433650076389313, -4.995242118835449, 1.9460471868515015, -3.1382648944854736, -3.9579639434814453, 0.3474876880645752, -9.553620338439941, 4.554120063781738, -1.3906501531600952, -2.6833512783050537, -3.607915163040161, -1.1163138151168823, 2.299666166305542, 2.544315814971924], [-3.2879414558410645, -2.6573007106781006, 9.906148910522461, 0.9510188102722168, 24.02569580078125, 8.238012313842773, -0.0017911987379193306, -1.101701259613037, -4.563943386077881, -1.564076542854309, 0.7562912702560425, 3.0079152584075928, -0.09073367714881897, 4.777759552001953, -2.84794020652771, -4.118068695068359, 4.173990249633789, 4.474960803985596, -1.8369557857513428, -1.8942904472351074, -3.8482396602630615], [-2.0951201915740967, -4.2854413986206055, 5.851306438446045, -4.238484859466553, 8.238012313842773, 23.711366653442383, -2.240821123123169, 0.40100863575935364, 3.1116600036621094, -4.567399978637695, -1.2999272346496582, 2.501483678817749, 0.6848640441894531, 2.7319488525390625, 1.6335842609405518, -5.6433234214782715, 2.8492565155029297, 8.56322956085205, -3.8742470741271973, 3.5807278156280518, -6.8340373039245605], [-2.507314443588257, -1.3044590950012207, -5.066856384277344, -3.9975385665893555, -0.0017911987379193306, -2.240821123123169, 21.8623046875, -1.3889439105987549, -6.364253997802734, 1.8186694383621216, 1.7530324459075928, 5.866014003753662, -1.178364872932434, 6.534101486206055, -0.48972204327583313, -0.9147781133651733, 9.235689163208008, 1.9580188989639282, -5.668295383453369, -0.7305678129196167, 0.94050133228302], [-0.647930383682251, -1.1738712787628174, 2.3412787914276123, 0.24433650076389313, -1.101701259613037, 0.40100863575935364, -1.3889439105987549, 26.328027725219727, -0.8342755436897278, -5.1262407302856445, -1.4799264669418335, -4.998890399932861, 1.7607433795928955, -5.205288887023926, 2.954303503036499, -3.858004331588745, 4.337706565856934, 10.994428634643555, 3.2798123359680176, 11.547309875488281, 4.936957836151123], [1.4312827587127686, 0.10236601531505585, 4.9589009284973145, -4.995242118835449, -4.563943386077881, 3.1116600036621094, -6.364253997802734, -0.8342755436897278, 21.086626052856445, 1.1469707489013672, -3.4887359142303467, 8.441993713378906, 3.2419676780700684, 5.264989376068115, -2.4179892539978027, 4.3025383949279785, -5.115698337554932, -7.251701831817627, 1.538857340812683, -2.6433634757995605, -5.366715908050537], [2.9292142391204834, -12.197819709777832, 1.077275276184082, 1.9460471868515015, -1.564076542854309, -4.567399978637695, 1.8186694383621216, -5.1262407302856445, 1.1469707489013672, 24.43536376953125, -5.535923957824707, 1.3368842601776123, 4.113855361938477, 8.690582275390625, 2.4450018405914307, -1.9563262462615967, -3.4793272018432617, -6.952096462249756, 1.8474619388580322, 2.248006582260132, 7.416219234466553], [2.6641669273376465, 6.663761138916016, -4.554573059082031, -3.1382648944854736, 0.7562912702560425, -1.2999272346496582, 1.7530324459075928, -1.4799264669418335, -3.4887359142303467, -5.535923957824707, 20.405048370361328, 4.654449939727783, -1.0764875411987305, 1.02100670337677, -3.3423335552215576, -1.18302583694458, 3.2537503242492676, 3.595303535461426, -4.464745998382568, -2.1053361892700195, -5.521509170532227], [-1.8402674198150635, 2.7577433586120605, -8.58942985534668, -3.9579639434814453, 3.0079152584075928, 2.501483678817749, 5.866014003753662, -4.998890399932861, 8.441993713378906, 1.3368842601776123, 4.654449939727783, 25.014753341674805, 5.470083236694336, 2.8991901874542236, -0.12715356051921844, 4.954430103302002, 6.3848395347595215, -4.939899444580078, -1.753156304359436, -6.889374256134033, 0.3653988242149353], [3.345926284790039, -1.5760470628738403, -1.9120981693267822, 0.3474876880645752, -0.09073367714881897, 0.6848640441894531, -1.178364872932434, 1.7607433795928955, 3.2419676780700684, 4.113855361938477, -1.0764875411987305, 5.470083236694336, 11.676443099975586, 5.4443159103393555, -1.8562060594558716, -0.3715519905090332, -3.661649227142334, -0.9892687797546387, -2.580601930618286, -3.167705535888672, 3.318796396255493], [0.6432592272758484, -1.4325729608535767, 8.21267318725586, -9.553620338439941, 4.777759552001953, 2.7319488525390625, 6.534101486206055, -5.205288887023926, 5.264989376068115, 8.690582275390625, 1.02100670337677, 2.8991901874542236, 5.4443159103393555, 33.80573272705078, -5.5668535232543945, -8.707229614257812, -0.7007386684417725, 2.5589401721954346, -0.8013648986816406, -4.979588985443115, -14.368578910827637], [8.172454833984375, -7.264458179473877, -7.779374122619629, 4.554120063781738, -2.84794020652771, 1.6335842609405518, -0.48972204327583313, 2.954303503036499, -2.4179892539978027, 2.4450018405914307, -3.3423335552215576, -0.12715356051921844, -1.8562060594558716, -5.5668535232543945, 31.650287628173828, -4.898544788360596, 3.3010377883911133, -3.191725492477417, 11.752673149108887, -1.3431529998779297, 1.272968053817749], [2.1521804332733154, 4.0642991065979, -4.117956161499023, -1.3906501531600952, -4.118068695068359, -5.6433234214782715, -0.9147781133651733, -3.858004331588745, 4.3025383949279785, -1.9563262462615967, -1.18302583694458, 4.954430103302002, -0.3715519905090332, -8.707229614257812, -4.898544788360596, 21.768047332763672, -0.6301685571670532, -3.0512068271636963, 5.182979583740234, -5.884082794189453, 6.143679141998291], [-1.806461215019226, 0.9755542874336243, 8.854964256286621, -2.683351516723633, 4.173990726470947, 2.849256753921509, 9.235688209533691, 4.337706565856934, -5.1157002449035645, -3.4793283939361572, 3.2537500858306885, 6.38484001159668, -3.661649227142334, -0.7007381319999695, 3.301037549972534, -0.6301687359809875, 27.946420669555664, 3.0334906578063965, -3.550689220428467, 2.160061836242676, -0.9076837301254272], [-0.16695474088191986, -1.6417316198349, -0.6997451186180115, -3.6079158782958984, 4.4749603271484375, 8.563228607177734, 1.9580192565917969, 10.994429588317871, -7.251700401306152, -6.952095985412598, 3.595303535461426, -4.939900875091553, -0.9892687201499939, 2.5589404106140137, -3.1917262077331543, -3.0512068271636963, 3.0334906578063965, 20.416425704956055, 2.1017913818359375, 8.154525756835938, -1.6780987977981567], [-1.8553876876831055, -3.0503201484680176, -4.4054999351501465, -1.1163135766983032, -1.8369561433792114, -3.874246835708618, -5.668294906616211, 3.2798120975494385, 1.538856863975525, 1.8474618196487427, -4.464746475219727, -1.7531559467315674, -2.580601215362549, -0.8013651967048645, 11.752673149108887, 5.182979583740234, -3.550689220428467, 2.1017913818359375, 25.411983489990234, -5.087501049041748, -0.2662898302078247], [-3.7472708225250244, -5.08495569229126, 4.247753620147705, 2.299666166305542, -1.8942900896072388, 3.5807268619537354, -0.7305679321289062, 11.547311782836914, -2.6433637142181396, 2.2480061054229736, -2.1053364276885986, -6.889374732971191, -3.1677052974700928, -4.979589462280273, -1.3431531190872192, -5.884083271026611, 2.160061836242676, 8.154525756835938, -5.087501049041748, 24.595073699951172, 4.287812232971191], [-2.7650105953216553, -11.261566162109375, -9.21872329711914, 2.544315814971924, -3.8482391834259033, -6.834037780761719, 0.9405014514923096, 4.936956882476807, -5.366715908050537, 7.416219711303711, -5.521509170532227, 0.3653987646102905, 3.318796396255493, -14.368578910827637, 1.2729673385620117, 6.143677234649658, -0.9076836109161377, -1.678099513053894, -0.26628971099853516, 4.287812232971191, 31.52509117126465]], "type": "heatmap"}], "layout": {"template": {"data": {"histogram2dcontour": [{"type": "histogram2dcontour", "colorbar": {"outlinewidth": 0, "ticks": ""}, "colorscale": [[0.0, "#0d0887"], [0.1111111111111111, "#46039f"], [0.2222222222222222, "#7201a8"], [0.3333333333333333, "#9c179e"], [0.4444444444444444, "#bd3786"], [0.5555555555555556, "#d8576b"], [0.6666666666666666, "#ed7953"], [0.7777777777777778, "#fb9f3a"], [0.8888888888888888, "#fdca26"], [1.0, "#f0f921"]]}], "choropleth": [{"type": "choropleth", "colorbar": {"outlinewidth": 0, "ticks": ""}}], "histogram2d": [{"type": "histogram2d", "colorbar": {"outlinewidth": 0, "ticks": ""}, "colorscale": [[0.0, "#0d0887"], [0.1111111111111111, "#46039f"], [0.2222222222222222, "#7201a8"], [0.3333333333333333, "#9c179e"], [0.4444444444444444, "#bd3786"], [0.5555555555555556, "#d8576b"], [0.6666666666666666, "#ed7953"], [0.7777777777777778, "#fb9f3a"], [0.8888888888888888, "#fdca26"], [1.0, "#f0f921"]]}], "heatmap": [{"type": "heatmap", "colorbar": {"outlinewidth": 0, "ticks": ""}, "colorscale": [[0.0, "#0d0887"], [0.1111111111111111, "#46039f"], [0.2222222222222222, "#7201a8"], [0.3333333333333333, "#9c179e"], [0.4444444444444444, "#bd3786"], [0.5555555555555556, "#d8576b"], [0.6666666666666666, "#ed7953"], [0.7777777777777778, "#fb9f3a"], [0.8888888888888888, "#fdca26"], [1.0, "#f0f921"]]}], "heatmapgl": [{"type": "heatmapgl", "colorbar": {"outlinewidth": 0, "ticks": ""}, "colorscale": [[0.0, "#0d0887"], [0.1111111111111111, "#46039f"], [0.2222222222222222, "#7201a8"], [0.3333333333333333, "#9c179e"], [0.4444444444444444, "#bd3786"], [0.5555555555555556, "#d8576b"], [0.6666666666666666, "#ed7953"], [0.7777777777777778, "#fb9f3a"], [0.8888888888888888, "#fdca26"], [1.0, "#f0f921"]]}], "contourcarpet": [{"type": "contourcarpet", "colorbar": {"outlinewidth": 0, "ticks": ""}}], "contour": [{"type": "contour", "colorbar": {"outlinewidth": 0, "ticks": ""}, "colorscale": [[0.0, "#0d0887"], [0.1111111111111111, "#46039f"], [0.2222222222222222, "#7201a8"], [0.3333333333333333, "#9c179e"], [0.4444444444444444, "#bd3786"], [0.5555555555555556, "#d8576b"], [0.6666666666666666, "#ed7953"], [0.7777777777777778, "#fb9f3a"], [0.8888888888888888, "#fdca26"], [1.0, "#f0f921"]]}], "surface": [{"type": "surface", "colorbar": {"outlinewidth": 0, "ticks": ""}, "colorscale": [[0.0, "#0d0887"], [0.1111111111111111, "#46039f"], [0.2222222222222222, "#7201a8"], [0.3333333333333333, "#9c179e"], [0.4444444444444444, "#bd3786"], [0.5555555555555556, "#d8576b"], [0.6666666666666666, "#ed7953"], [0.7777777777777778, "#fb9f3a"], [0.8888888888888888, "#fdca26"], [1.0, "#f0f921"]]}], "mesh3d": [{"type": "mesh3d", "colorbar": {"outlinewidth": 0, "ticks": ""}}], "scatter": [{"fillpattern": {"fillmode": "overlay", "size": 10, "solidity": 0.2}, "type": "scatter"}], "parcoords": [{"type": "parcoords", "line": {"colorbar": {"outlinewidth": 0, "ticks": ""}}}], "scatterpolargl": [{"type": "scatterpolargl", "marker": {"colorbar": {"outlinewidth": 0, "ticks": ""}}}], "bar": [{"error_x": {"color": "#2a3f5f"}, "error_y": {"color": "#2a3f5f"}, "marker": {"line": {"color": "#E5ECF6", "width": 0.5}, "pattern": {"fillmode": "overlay", "size": 10, "solidity": 0.2}}, "type": "bar"}], "scattergeo": [{"type": "scattergeo", "marker": {"colorbar": {"outlinewidth": 0, "ticks": ""}}}], "scatterpolar": [{"type": "scatterpolar", "marker": {"colorbar": {"outlinewidth": 0, "ticks": ""}}}], "histogram": [{"marker": {"pattern": {"fillmode": "overlay", "size": 10, "solidity": 0.2}}, "type": "histogram"}], "scattergl": [{"type": "scattergl", "marker": {"colorbar": {"outlinewidth": 0, "ticks": ""}}}], "scatter3d": [{"type": "scatter3d", "line": {"colorbar": {"outlinewidth": 0, "ticks": ""}}, "marker": {"colorbar": {"outlinewidth": 0, "ticks": ""}}}], "scattermapbox": [{"type": "scattermapbox", "marker": {"colorbar": {"outlinewidth": 0, "ticks": ""}}}], "scatterternary": [{"type": "scatterternary", "marker": {"colorbar": {"outlinewidth": 0, "ticks": ""}}}], "scattercarpet": [{"type": "scattercarpet", "marker": {"colorbar": {"outlinewidth": 0, "ticks": ""}}}], "carpet": [{"aaxis": {"endlinecolor": "#2a3f5f", "gridcolor": "white", "linecolor": "white", "minorgridcolor": "white", "startlinecolor": "#2a3f5f"}, "baxis": {"endlinecolor": "#2a3f5f", "gridcolor": "white", "linecolor": "white", "minorgridcolor": "white", "startlinecolor": "#2a3f5f"}, "type": "carpet"}], "table": [{"cells": {"fill": {"color": "#EBF0F8"}, "line": {"color": "white"}}, "header": {"fill": {"color": "#C8D4E3"}, "line": {"color": "white"}}, "type": "table"}], "barpolar": [{"marker": {"line": {"color": "#E5ECF6", "width": 0.5}, "pattern": {"fillmode": "overlay", "size": 10, "solidity": 0.2}}, "type": "barpolar"}], "pie": [{"automargin": true, "type": "pie"}]}, "layout": {"autotypenumbers": "strict", "colorway": ["#636efa", "#EF553B", "#00cc96", "#ab63fa", "#FFA15A", "#19d3f3", "#FF6692", "#B6E880", "#FF97FF", "#FECB52"], "font": {"color": "#2a3f5f"}, "hovermode": "closest", "hoverlabel": {"align": "left"}, "paper_bgcolor": "white", "plot_bgcolor": "#E5ECF6", "polar": {"bgcolor": "#E5ECF6", "angularaxis": {"gridcolor": "white", "linecolor": "white", "ticks": ""}, "radialaxis": {"gridcolor": "white", "linecolor": "white", "ticks": ""}}, "ternary": {"bgcolor": "#E5ECF6", "aaxis": {"gridcolor": "white", "linecolor": "white", "ticks": ""}, "baxis": {"gridcolor": "white", "linecolor": "white", "ticks": ""}, "caxis": {"gridcolor": "white", "linecolor": "white", "ticks": ""}}, "coloraxis": {"colorbar": {"outlinewidth": 0, "ticks": ""}}, "colorscale": {"sequential": [[0.0, "#0d0887"], [0.1111111111111111, "#46039f"], [0.2222222222222222, "#7201a8"], [0.3333333333333333, "#9c179e"], [0.4444444444444444, "#bd3786"], [0.5555555555555556, "#d8576b"], [0.6666666666666666, "#ed7953"], [0.7777777777777778, "#fb9f3a"], [0.8888888888888888, "#fdca26"], [1.0, "#f0f921"]], "sequentialminus": [[0.0, "#0d0887"], [0.1111111111111111, "#46039f"], [0.2222222222222222, "#7201a8"], [0.3333333333333333, "#9c179e"], [0.4444444444444444, "#bd3786"], [0.5555555555555556, "#d8576b"], [0.6666666666666666, "#ed7953"], [0.7777777777777778, "#fb9f3a"], [0.8888888888888888, "#fdca26"], [1.0, "#f0f921"]], "diverging": [[0, "#8e0152"], [0.1, "#c51b7d"], [0.2, "#de77ae"], [0.3, "#f1b6da"], [0.4, "#fde0ef"], [0.5, "#f7f7f7"], [0.6, "#e6f5d0"], [0.7, "#b8e186"], [0.8, "#7fbc41"], [0.9, "#4d9221"], [1, "#276419"]]}, "xaxis": {"gridcolor": "white", "linecolor": "white", "ticks": "", "title": {"standoff": 15}, "zerolinecolor": "white", "automargin": true, "zerolinewidth": 2}, "yaxis": {"gridcolor": "white", "linecolor": "white", "ticks": "", "title": {"standoff": 15}, "zerolinecolor": "white", "automargin": true, "zerolinewidth": 2}, "scene": {"xaxis": {"backgroundcolor": "#E5ECF6", "gridcolor": "white", "linecolor": "white", "showbackground": true, "ticks": "", "zerolinecolor": "white", "gridwidth": 2}, "yaxis": {"backgroundcolor": "#E5ECF6", "gridcolor": "white", "linecolor": "white", "showbackground": true, "ticks": "", "zerolinecolor": "white", "gridwidth": 2}, "zaxis": {"backgroundcolor": "#E5ECF6", "gridcolor": "white", "linecolor": "white", "showbackground": true, "ticks": "", "zerolinecolor": "white", "gridwidth": 2}}, "shapedefaults": {"line": {"color": "#2a3f5f"}}, "annotationdefaults": {"arrowcolor": "#2a3f5f", "arrowhead": 0, "arrowwidth": 1}, "geo": {"bgcolor": "white", "landcolor": "#E5ECF6", "subunitcolor": "white", "showland": true, "showlakes": true, "lakecolor": "white"}, "title": {"x": 0.05}, "mapbox": {"style": "light"}}}}}