{"data": [{"z": [[19.39055061340332, -3.0260210037231445, -0.5658928155899048, -1.2260886430740356, -3.2863855361938477, -2.08945894241333, -2.5058367252349854, -0.6456238031387329, 1.4333999156951904, 2.928605794906616, 2.6643760204315186, -1.8366479873657227, 3.34611439704895, 0.6434071063995361, 8.169904708862305, 2.152188539505005, -1.8018708229064941, -0.1646336168050766, -1.8573598861694336, -3.744439125061035, -2.764566421508789], [-3.0260210037231445, 30.35529136657715, -5.774181365966797, 1.896191120147705, -2.6557719707489014, -4.283425807952881, -1.3044625520706177, -1.1716618537902832, 0.10305341333150864, -12.196288108825684, 6.663172245025635, 2.7581775188446045, -1.5750806331634521, -1.4319556951522827, -7.26505184173584, 4.063233852386475, 0.9784665107727051, -1.6402009725570679, -3.0521507263183594, -5.082794666290283, -11.261076927185059], [-0.5658928155899048, -5.774181365966797, 31.398685455322266, -0.21147005259990692, 9.903782844543457, 5.848590850830078, -5.0666399002075195, 2.3400726318359375, 4.957782745361328, 1.0788494348526, -4.553011417388916, -8.589293479919434, -1.913219690322876, 8.210061073303223, -7.774119853973389, -4.1170501708984375, 8.851144790649414, -0.700615644454956, -4.406339645385742, 4.246650695800781, -9.217594146728516], [-1.2260886430740356, 1.896191120147705, -0.21147005259990692, 20.198589324951172, 0.9516052007675171, -4.237109661102295, -3.997426986694336, 0.24637340009212494, -4.993293762207031, 1.945314884185791, -3.136230945587158, -3.9556801319122314, 0.3470737934112549, -9.551619529724121, 4.556229114532471, -1.3892338275909424, -2.681401252746582, -3.60640549659729, -1.1160334348678589, 2.2990100383758545, 2.5431766510009766], [-3.2863855361938477, -2.6557719707489014, 9.903782844543457, 0.9516052007675171, 24.021482467651367, 8.235559463500977, -0.005272815935313702, -1.1023837327957153, -4.5639328956604, -1.5624690055847168, 0.7556652426719666, 3.006927728652954, -0.09216208755970001, 4.776407718658447, -2.8458399772644043, -4.116884231567383, 4.173006534576416, 4.473507881164551, -1.8371055126190186, -1.8946948051452637, -3.8473994731903076], [-2.08945894241333, -4.283425807952881, 5.848590850830078, -4.237109661102295, 8.235559463500977, 23.707279205322266, -2.2409064769744873, 0.40041133761405945, 3.110919952392578, -4.5648393630981445, -1.300054669380188, 2.5001909732818604, 0.6843907237052917, 2.730565309524536, 1.6344598531723022, -5.642082214355469, 2.8472940921783447, 8.56026554107666, -3.87381911277771, 3.580601692199707, -6.833243370056152], [-2.5058367252349854, -1.3044625520706177, -5.0666399002075195, -3.997426986694336, -0.005272815935313702, -2.2409064769744873, 21.855255126953125, -1.3878530263900757, -6.362370491027832, 1.8164714574813843, 1.7540677785873413, 5.866724967956543, -1.1767990589141846, 6.533755779266357, -0.4884684383869171, -0.9156837463378906, 9.236085891723633, 1.9563183784484863, -5.665630340576172, -0.7315561771392822, 0.9393996000289917], [-0.6456238031387329, -1.1716618537902832, 2.3400726318359375, 0.24637340009212494, -1.1023837327957153, 0.40041133761405945, -1.3878530263900757, 26.32411766052246, -0.8343175053596497, -5.123825550079346, -1.4785261154174805, -4.998450756072998, 1.7584984302520752, -5.205495357513428, 2.9576516151428223, -3.854595184326172, 4.3364577293396, 10.993206024169922, 3.2789666652679443, 11.545456886291504, 4.93643045425415], [1.4333999156951904, 0.10305341333150864, 4.957782745361328, -4.993293762207031, -4.5639328956604, 3.110919952392578, -6.362370491027832, -0.8343175053596497, 21.082868576049805, 1.1490864753723145, -3.4896469116210938, 8.440171241760254, 3.2401816844940186, 5.263245582580566, -2.4161322116851807, 4.303921222686768, -5.115171432495117, -7.250312328338623, 1.5381922721862793, -2.642754554748535, -5.365847587585449], [2.928605794906616, -12.196288108825684, 1.0788494348526, 1.945314884185791, -1.5624690055847168, -4.5648393630981445, 1.8164714574813843, -5.123825550079346, 1.1490864753723145, 24.430614471435547, -5.533549785614014, 1.3385958671569824, 4.113914966583252, 8.691049575805664, 2.447340488433838, -1.955378532409668, -3.477642059326172, -6.94940710067749, 1.8488035202026367, 2.2475366592407227, 7.413802623748779], [2.6643760204315186, 6.663172245025635, -4.553011417388916, -3.136230945587158, 0.7556652426719666, -1.300054669380188, 1.7540677785873413, -1.4785261154174805, -3.4896469116210938, -5.533549785614014, 20.400115966796875, 4.653375148773193, -1.076134443283081, 1.0209654569625854, -3.343923330307007, -1.1825947761535645, 3.254185199737549, 3.5944390296936035, -4.464545726776123, -2.10319185256958, -5.5204548835754395], [-1.8366479873657227, 2.7581775188446045, -8.589293479919434, -3.9556801319122314, 3.006927728652954, 2.5001909732818604, 5.866724967956543, -4.998450756072998, 8.440171241760254, 1.3385958671569824, 4.653375148773193, 25.009841918945312, 5.46921443939209, 2.8981590270996094, -0.12704011797904968, 4.9542436599731445, 6.382679462432861, -4.9399285316467285, -1.7535481452941895, -6.8870649337768555, 0.36595606803894043], [3.34611439704895, -1.5750806331634521, -1.913219690322876, 0.3470737934112549, -0.09216208755970001, 0.6843907237052917, -1.1767990589141846, 1.7584984302520752, 3.2401816844940186, 4.113914966583252, -1.076134443283081, 5.46921443939209, 11.672467231750488, 5.443431854248047, -1.8543959856033325, -0.37142714858055115, -3.6625709533691406, -0.9899816513061523, -2.581423282623291, -3.1672933101654053, 3.3183627128601074], [0.6434071063995361, -1.4319556951522827, 8.210061073303223, -9.551619529724121, 4.776407718658447, 2.730565309524536, 6.533755779266357, -5.205495357513428, 5.263245582580566, 8.691049575805664, 1.0209654569625854, 2.8981590270996094, 5.443431854248047, 33.80118942260742, -5.565171241760254, -8.706377983093262, -0.702782392501831, 2.5588197708129883, -0.8023841381072998, -4.9785308837890625, -14.367232322692871], [8.169904708862305, -7.26505184173584, -7.774119853973389, 4.556229114532471, -2.8458399772644043, 1.6344598531723022, -0.4884684383869171, 2.9576516151428223, -2.4161322116851807, 2.447340488433838, -3.343923330307007, -0.12704011797904968, -1.8543959856033325, -5.565171241760254, 31.641054153442383, -4.898019313812256, 3.302523612976074, -3.1901464462280273, 11.748584747314453, -1.3399326801300049, 1.2727620601654053], [2.152188539505005, 4.063233852386475, -4.1170501708984375, -1.3892338275909424, -4.116884231567383, -5.642082214355469, -0.9156837463378906, -3.854595184326172, 4.303921222686768, -1.955378532409668, -1.1825947761535645, 4.9542436599731445, -0.37142714858055115, -8.706377983093262, -4.898019313812256, 21.76347541809082, -0.6288943290710449, -3.0510425567626953, 5.181800842285156, -5.881661891937256, 6.142420768737793], [-1.8018709421157837, 0.9784651398658752, 8.851144790649414, -2.681401491165161, 4.173006534576416, 2.8472940921783447, 9.236084938049316, 4.3364577293396, -5.115171432495117, -3.477642297744751, 3.2541849613189697, 6.382678985595703, -3.6625711917877197, -0.702782392501831, 3.302522659301758, -0.6288944482803345, 27.941802978515625, 3.0319647789001465, -3.5510387420654297, 2.1606287956237793, -0.9074133038520813], [-0.16463354229927063, -1.6402008533477783, -0.7006160616874695, -3.606405258178711, 4.473509311676025, 8.560266494750977, 1.9563186168670654, 10.993206024169922, -7.250311851501465, -6.94940710067749, 3.5944392681121826, -4.939929008483887, -0.9899817109107971, 2.5588200092315674, -3.19014573097229, -3.051042079925537, 3.0319647789001465, 20.41271209716797, 2.1009175777435303, 8.153300285339355, -1.6775124073028564], [-1.8573598861694336, -3.052150011062622, -4.406338691711426, -1.1160334348678589, -1.8371057510375977, -3.8738198280334473, -5.665630340576172, 3.2789666652679443, 1.5381919145584106, 1.848803162574768, -4.464545726776123, -1.7535477876663208, -2.581422805786133, -0.8023842573165894, 11.748588562011719, 5.1818013191223145, -3.5510387420654297, 2.1009175777435303, 25.406238555908203, -5.085653305053711, -0.26474815607070923], [-3.7444393634796143, -5.082794666290283, 4.246650218963623, 2.2990100383758545, -1.8946949243545532, 3.5806026458740234, -0.7315561771392822, 11.545455932617188, -2.642754554748535, 2.2475366592407227, -2.1031923294067383, -6.8870649337768555, -3.167292833328247, -4.978531837463379, -1.3399323225021362, -5.8816633224487305, 2.1606287956237793, 8.153300285339355, -5.085653305053711, 24.589725494384766, 4.286885738372803], [-2.764566421508789, -11.261075973510742, -9.2175931930542, 2.5431761741638184, -3.847399950027466, -6.833243370056152, 0.9393997192382812, 4.936429977416992, -5.365848541259766, 7.4138031005859375, -5.520455360412598, 0.36595582962036133, 3.318362236022949, -14.367232322692871, 1.2727627754211426, 6.142422676086426, -0.9074132442474365, -1.6775115728378296, -0.26474905014038086, 4.2868852615356445, 31.52509117126465]], "type": "heatmap"}], "layout": {"template": {"data": {"histogram2dcontour": [{"type": "histogram2dcontour", "colorbar": {"outlinewidth": 0, "ticks": ""}, "colorscale": [[0.0, "#0d0887"], [0.1111111111111111, "#46039f"], [0.2222222222222222, "#7201a8"], [0.3333333333333333, "#9c179e"], [0.4444444444444444, "#bd3786"], [0.5555555555555556, "#d8576b"], [0.6666666666666666, "#ed7953"], [0.7777777777777778, "#fb9f3a"], [0.8888888888888888, "#fdca26"], [1.0, "#f0f921"]]}], "choropleth": [{"type": "choropleth", "colorbar": {"outlinewidth": 0, "ticks": ""}}], "histogram2d": [{"type": "histogram2d", "colorbar": {"outlinewidth": 0, "ticks": ""}, "colorscale": [[0.0, "#0d0887"], [0.1111111111111111, "#46039f"], [0.2222222222222222, "#7201a8"], [0.3333333333333333, "#9c179e"], [0.4444444444444444, "#bd3786"], [0.5555555555555556, "#d8576b"], [0.6666666666666666, "#ed7953"], [0.7777777777777778, "#fb9f3a"], [0.8888888888888888, "#fdca26"], [1.0, "#f0f921"]]}], "heatmap": [{"type": "heatmap", "colorbar": {"outlinewidth": 0, "ticks": ""}, "colorscale": [[0.0, "#0d0887"], [0.1111111111111111, "#46039f"], [0.2222222222222222, "#7201a8"], [0.3333333333333333, "#9c179e"], [0.4444444444444444, "#bd3786"], [0.5555555555555556, "#d8576b"], [0.6666666666666666, "#ed7953"], [0.7777777777777778, "#fb9f3a"], [0.8888888888888888, "#fdca26"], [1.0, "#f0f921"]]}], "heatmapgl": [{"type": "heatmapgl", "colorbar": {"outlinewidth": 0, "ticks": ""}, "colorscale": [[0.0, "#0d0887"], [0.1111111111111111, "#46039f"], [0.2222222222222222, "#7201a8"], [0.3333333333333333, "#9c179e"], [0.4444444444444444, "#bd3786"], [0.5555555555555556, "#d8576b"], [0.6666666666666666, "#ed7953"], [0.7777777777777778, "#fb9f3a"], [0.8888888888888888, "#fdca26"], [1.0, "#f0f921"]]}], "contourcarpet": [{"type": "contourcarpet", "colorbar": {"outlinewidth": 0, "ticks": ""}}], "contour": [{"type": "contour", "colorbar": {"outlinewidth": 0, "ticks": ""}, "colorscale": [[0.0, "#0d0887"], [0.1111111111111111, "#46039f"], [0.2222222222222222, "#7201a8"], [0.3333333333333333, "#9c179e"], [0.4444444444444444, "#bd3786"], [0.5555555555555556, "#d8576b"], [0.6666666666666666, "#ed7953"], [0.7777777777777778, "#fb9f3a"], [0.8888888888888888, "#fdca26"], [1.0, "#f0f921"]]}], "surface": [{"type": "surface", "colorbar": {"outlinewidth": 0, "ticks": ""}, "colorscale": [[0.0, "#0d0887"], [0.1111111111111111, "#46039f"], [0.2222222222222222, "#7201a8"], [0.3333333333333333, "#9c179e"], [0.4444444444444444, "#bd3786"], [0.5555555555555556, "#d8576b"], [0.6666666666666666, "#ed7953"], [0.7777777777777778, "#fb9f3a"], [0.8888888888888888, "#fdca26"], [1.0, "#f0f921"]]}], "mesh3d": [{"type": "mesh3d", "colorbar": {"outlinewidth": 0, "ticks": ""}}], "scatter": [{"fillpattern": {"fillmode": "overlay", "size": 10, "solidity": 0.2}, "type": "scatter"}], "parcoords": [{"type": "parcoords", "line": {"colorbar": {"outlinewidth": 0, "ticks": ""}}}], "scatterpolargl": [{"type": "scatterpolargl", "marker": {"colorbar": {"outlinewidth": 0, "ticks": ""}}}], "bar": [{"error_x": {"color": "#2a3f5f"}, "error_y": {"color": "#2a3f5f"}, "marker": {"line": {"color": "#E5ECF6", "width": 0.5}, "pattern": {"fillmode": "overlay", "size": 10, "solidity": 0.2}}, "type": "bar"}], "scattergeo": [{"type": "scattergeo", "marker": {"colorbar": {"outlinewidth": 0, "ticks": ""}}}], "scatterpolar": [{"type": "scatterpolar", "marker": {"colorbar": {"outlinewidth": 0, "ticks": ""}}}], "histogram": [{"marker": {"pattern": {"fillmode": "overlay", "size": 10, "solidity": 0.2}}, "type": "histogram"}], "scattergl": [{"type": "scattergl", "marker": {"colorbar": {"outlinewidth": 0, "ticks": ""}}}], "scatter3d": [{"type": "scatter3d", "line": {"colorbar": {"outlinewidth": 0, "ticks": ""}}, "marker": {"colorbar": {"outlinewidth": 0, "ticks": ""}}}], "scattermapbox": [{"type": "scattermapbox", "marker": {"colorbar": {"outlinewidth": 0, "ticks": ""}}}], "scatterternary": [{"type": "scatterternary", "marker": {"colorbar": {"outlinewidth": 0, "ticks": ""}}}], "scattercarpet": [{"type": "scattercarpet", "marker": {"colorbar": {"outlinewidth": 0, "ticks": ""}}}], "carpet": [{"aaxis": {"endlinecolor": "#2a3f5f", "gridcolor": "white", "linecolor": "white", "minorgridcolor": "white", "startlinecolor": "#2a3f5f"}, "baxis": {"endlinecolor": "#2a3f5f", "gridcolor": "white", "linecolor": "white", "minorgridcolor": "white", "startlinecolor": "#2a3f5f"}, "type": "carpet"}], "table": [{"cells": {"fill": {"color": "#EBF0F8"}, "line": {"color": "white"}}, "header": {"fill": {"color": "#C8D4E3"}, "line": {"color": "white"}}, "type": "table"}], "barpolar": [{"marker": {"line": {"color": "#E5ECF6", "width": 0.5}, "pattern": {"fillmode": "overlay", "size": 10, "solidity": 0.2}}, "type": "barpolar"}], "pie": [{"automargin": true, "type": "pie"}]}, "layout": {"autotypenumbers": "strict", "colorway": ["#636efa", "#EF553B", "#00cc96", "#ab63fa", "#FFA15A", "#19d3f3", "#FF6692", "#B6E880", "#FF97FF", "#FECB52"], "font": {"color": "#2a3f5f"}, "hovermode": "closest", "hoverlabel": {"align": "left"}, "paper_bgcolor": "white", "plot_bgcolor": "#E5ECF6", "polar": {"bgcolor": "#E5ECF6", "angularaxis": {"gridcolor": "white", "linecolor": "white", "ticks": ""}, "radialaxis": {"gridcolor": "white", "linecolor": "white", "ticks": ""}}, "ternary": {"bgcolor": "#E5ECF6", "aaxis": {"gridcolor": "white", "linecolor": "white", "ticks": ""}, "baxis": {"gridcolor": "white", "linecolor": "white", "ticks": ""}, "caxis": {"gridcolor": "white", "linecolor": "white", "ticks": ""}}, "coloraxis": {"colorbar": {"outlinewidth": 0, "ticks": ""}}, "colorscale": {"sequential": [[0.0, "#0d0887"], [0.1111111111111111, "#46039f"], [0.2222222222222222, "#7201a8"], [0.3333333333333333, "#9c179e"], [0.4444444444444444, "#bd3786"], [0.5555555555555556, "#d8576b"], [0.6666666666666666, "#ed7953"], [0.7777777777777778, "#fb9f3a"], [0.8888888888888888, "#fdca26"], [1.0, "#f0f921"]], "sequentialminus": [[0.0, "#0d0887"], [0.1111111111111111, "#46039f"], [0.2222222222222222, "#7201a8"], [0.3333333333333333, "#9c179e"], [0.4444444444444444, "#bd3786"], [0.5555555555555556, "#d8576b"], [0.6666666666666666, "#ed7953"], [0.7777777777777778, "#fb9f3a"], [0.8888888888888888, "#fdca26"], [1.0, "#f0f921"]], "diverging": [[0, "#8e0152"], [0.1, "#c51b7d"], [0.2, "#de77ae"], [0.3, "#f1b6da"], [0.4, "#fde0ef"], [0.5, "#f7f7f7"], [0.6, "#e6f5d0"], [0.7, "#b8e186"], [0.8, "#7fbc41"], [0.9, "#4d9221"], [1, "#276419"]]}, "xaxis": {"gridcolor": "white", "linecolor": "white", "ticks": "", "title": {"standoff": 15}, "zerolinecolor": "white", "automargin": true, "zerolinewidth": 2}, "yaxis": {"gridcolor": "white", "linecolor": "white", "ticks": "", "title": {"standoff": 15}, "zerolinecolor": "white", "automargin": true, "zerolinewidth": 2}, "scene": {"xaxis": {"backgroundcolor": "#E5ECF6", "gridcolor": "white", "linecolor": "white", "showbackground": true, "ticks": "", "zerolinecolor": "white", "gridwidth": 2}, "yaxis": {"backgroundcolor": "#E5ECF6", "gridcolor": "white", "linecolor": "white", "showbackground": true, "ticks": "", "zerolinecolor": "white", "gridwidth": 2}, "zaxis": {"backgroundcolor": "#E5ECF6", "gridcolor": "white", "linecolor": "white", "showbackground": true, "ticks": "", "zerolinecolor": "white", "gridwidth": 2}}, "shapedefaults": {"line": {"color": "#2a3f5f"}}, "annotationdefaults": {"arrowcolor": "#2a3f5f", "arrowhead": 0, "arrowwidth": 1}, "geo": {"bgcolor": "white", "landcolor": "#E5ECF6", "subunitcolor": "white", "showland": true, "showlakes": true, "lakecolor": "white"}, "title": {"x": 0.05}, "mapbox": {"style": "light"}}}}}