{"data": [{"z": [[19.442975997924805, -3.0146002769470215, -0.567920446395874, -1.2256920337677002, -3.28924822807312, -2.1123046875, -2.5121278762817383, -0.6511349678039551, 1.4280074834823608, 2.9355249404907227, 2.6619625091552734, -1.8474370241165161, 3.345949172973633, 0.6474469304084778, 8.18642807006836, 2.1580724716186523, -1.8152633905410767, -0.1745474934577942, -1.8460379838943481, -3.757214069366455, -2.767641067504883], [-3.0146002769470215, 30.382572174072266, -5.7887043952941895, 1.8934690952301025, -2.6631672382354736, -4.291780948638916, -1.3059262037277222, -1.178990125656128, 0.10133808106184006, -12.202896118164062, 6.66921329498291, 2.758744478225708, -1.5824283361434937, -1.434221863746643, -7.262191295623779, 4.069729328155518, 0.9666993618011475, -1.648297905921936, -3.0435166358947754, -5.093387126922607, -11.265116691589355], [-0.567920446395874, -5.7887043952941895, 31.43084144592285, -0.21059681475162506, 9.914423942565918, 5.861766815185547, -5.070328712463379, 2.348182439804077, 4.966296195983887, 1.0738788843154907, -4.561254024505615, -8.588107109069824, -1.9120800495147705, 8.223955154418945, -7.798273086547852, -4.118399620056152, 8.869998931884766, -0.697704553604126, -4.405449390411377, 4.252331256866455, -9.22249984741211], [-1.2256920337677002, 1.8934690952301025, -0.21059681475162506, 20.217662811279297, 0.9496774673461914, -4.241275310516357, -4.001208305358887, 0.24356043338775635, -4.998624801635742, 1.9516105651855469, -3.145411968231201, -3.9625515937805176, 0.34635692834854126, -9.558382987976074, 4.54879903793335, -1.3906033039093018, -2.686170816421509, -3.612640142440796, -1.116971731185913, 2.3043711185455322, 2.546100378036499], [-3.28924822807312, -2.6631672382354736, 9.914423942565918, 0.9496774673461914, 24.04134178161621, 8.246907234191895, 0.004085299093276262, -1.097745418548584, -4.563445091247559, -1.5704983472824097, 0.7567558884620667, 3.013862371444702, -0.09029600024223328, 4.783448696136475, -2.8570964336395264, -4.121216297149658, 4.178205490112305, 4.478702545166016, -1.8366531133651733, -1.8932576179504395, -3.8505325317382812], [-2.1123046875, -4.291780948638916, 5.861766815185547, -4.241275310516357, 8.246907234191895, 23.72716522216797, -2.2432079315185547, 0.4065716564655304, 3.1179089546203613, -4.574803829193115, -1.3000940084457397, 2.5087876319885254, 0.6839327812194824, 2.7385711669921875, 1.6312789916992188, -5.644759654998779, 2.857936143875122, 8.57210636138916, -3.877060651779175, 3.5821495056152344, -6.837668418884277], [-2.5121278762817383, -1.3059262037277222, -5.070328712463379, -4.001208305358887, 0.004085299093276262, -2.2432079315185547, 21.885202407836914, -1.3919472694396973, -6.371374607086182, 1.824732780456543, 1.7548962831497192, 5.862738132476807, -1.1883070468902588, 6.5340962409973145, -0.4945621192455292, -0.915035605430603, 9.232973098754883, 1.959238052368164, -5.68074893951416, -0.7305092811584473, 0.9444258213043213], [-0.6511349678039551, -1.178990125656128, 2.348182439804077, 0.24356043338775635, -1.097745418548584, 0.4065716564655304, -1.3919472694396973, 26.346153259277344, -0.8300114870071411, -5.13095760345459, -1.4846268892288208, -4.995107173919678, 1.7675889730453491, -5.201654434204102, 2.9459736347198486, -3.8629491329193115, 4.346743106842041, 11.001104354858398, 3.282383441925049, 11.556534767150879, 4.935909748077393], [1.4280074834823608, 0.10133808106184006, 4.966296195983887, -4.998624801635742, -4.563445091247559, 3.1179089546203613, -6.371374607086182, -0.8300114870071411, 21.104328155517578, 1.1413894891738892, -3.484306812286377, 8.452530860900879, 3.2470149993896484, 5.2732930183410645, -2.423595905303955, 4.303354740142822, -5.112812042236328, -7.254815578460693, 1.542256474494934, -2.6437618732452393, -5.372893810272217], [2.9355249404907227, -12.202896118164062, 1.0738788843154907, 1.9516105651855469, -1.5704983472824097, -4.574803829193115, 1.824732780456543, -5.13095760345459, 1.1413894891738892, 24.45575523376465, -5.543205261230469, 1.332758903503418, 4.1134843826293945, 8.690794944763184, 2.4384076595306396, -1.9567821025848389, -3.482780694961548, -6.9603424072265625, 1.841782569885254, 2.2519168853759766, 7.422616481781006], [2.6619625091552734, 6.66921329498291, -4.561254024505615, -3.145411968231201, 0.7567558884620667, -1.3000940084457397, 1.7548962831497192, -1.4846268892288208, -3.484306812286377, -5.543205261230469, 20.423677444458008, 4.65980863571167, -1.0807174444198608, 1.0218515396118164, -3.3332643508911133, -1.1823865175247192, 3.252364158630371, 3.597639560699463, -4.466772079467773, -2.1136999130249023, -5.526435375213623], [-1.8474370241165161, 2.758744478225708, -8.588107109069824, -3.9625515937805176, 3.013862371444702, 2.5087876319885254, 5.862738132476807, -4.995107173919678, 8.452530860900879, 1.332758903503418, 4.65980863571167, 25.03611946105957, 5.472743511199951, 2.905111789703369, -0.1253180354833603, 4.9579854011535645, 6.396199703216553, -4.93887996673584, -1.7511651515960693, -6.896225452423096, 0.3618817925453186], [3.345949172973633, -1.5824283361434937, -1.9120800495147705, 0.34635692834854126, -0.09029600024223328, 0.6839327812194824, -1.1883070468902588, 1.7675889730453491, 3.2470149993896484, 4.1134843826293945, -1.0807174444198608, 5.472743511199951, 11.686057090759277, 5.446105003356934, -1.8639825582504272, -0.373994380235672, -3.6623849868774414, -0.9914290904998779, -2.5796449184417725, -3.169266939163208, 3.323585271835327], [0.6474469304084778, -1.434221863746643, 8.223955154418945, -9.558382987976074, 4.783448696136475, 2.7385711669921875, 6.5340962409973145, -5.201654434204102, 5.2732930183410645, 8.690794944763184, 1.0218515396118164, 2.905111789703369, 5.446105003356934, 33.82329559326172, -5.570718765258789, -8.707830429077148, -0.6919314861297607, 2.5608561038970947, -0.7981078624725342, -4.982933044433594, -14.373808860778809], [8.18642807006836, -7.262191295623779, -7.798273086547852, 4.54879903793335, -2.8570964336395264, 1.6312789916992188, -0.4945621192455292, 2.9459736347198486, -2.423595905303955, 2.4384076595306396, -3.3332643508911133, -0.1253180354833603, -1.8639825582504272, -5.570718765258789, 31.682769775390625, -4.8983845710754395, 3.2984042167663574, -3.1976728439331055, 11.768068313598633, -1.3518199920654297, 1.2714651823043823], [2.1580724716186523, 4.069729328155518, -4.118399620056152, -1.3906033039093018, -4.121216297149658, -5.644759654998779, -0.915035605430603, -3.8629491329193115, 4.303354740142822, -1.9567821025848389, -1.1823865175247192, 4.9579854011535645, -0.373994380235672, -8.707830429077148, -4.8983845710754395, 21.789079666137695, -0.6301028728485107, -3.0520219802856445, 5.188497543334961, -5.889392852783203, 6.1450300216674805], [-1.815263271331787, 0.9666992425918579, 8.869998931884766, -2.686171054840088, 4.178205966949463, 2.857936382293701, 9.232972145080566, 4.346742153167725, -5.112811088562012, -3.482781171798706, 3.2523646354675293, 6.396199703216553, -3.662384271621704, -0.6919314861297607, 3.2984046936035156, -0.6301028728485107, 27.965627670288086, 3.0382866859436035, -3.550968647003174, 2.159827470779419, -0.9097432494163513], [-0.174547478556633, -1.6482982635498047, -0.6977048516273499, -3.6126394271850586, 4.478701114654541, 8.572107315063477, 1.959238052368164, 11.001104354858398, -7.254815101623535, -6.960341930389404, 3.597639560699463, -4.93887996673584, -0.9914289712905884, 2.5608556270599365, -3.1976733207702637, -3.0520224571228027, 3.0382866859436035, 20.42688751220703, 2.102628231048584, 8.15926456451416, -1.6791267395019531], [-1.8460379838943481, -3.0435166358947754, -4.405447483062744, -1.1169719696044922, -1.8366538286209106, -3.8770604133605957, -5.680749416351318, 3.2823851108551025, 1.5422568321228027, 1.8417824506759644, -4.46677303314209, -1.7511659860610962, -2.5796446800231934, -0.798107922077179, 11.768067359924316, 5.188497066497803, -3.550968647003174, 2.102628231048584, 25.433067321777344, -5.097448348999023, -0.2703908085823059], [-3.757214307785034, -5.093386173248291, 4.252331733703613, 2.3043711185455322, -1.893257737159729, 3.5821492671966553, -0.7305095195770264, 11.556533813476562, -2.64376163482666, 2.2519164085388184, -2.1136999130249023, -6.8962249755859375, -3.169266700744629, -4.9829325675964355, -1.3518201112747192, -5.889392852783203, 2.159827470779419, 8.15926456451416, -5.097448348999023, 24.614959716796875, 4.2920708656311035], [-2.767641305923462, -11.265115737915039, -9.222498893737793, 2.54610013961792, -3.8505325317382812, -6.8376688957214355, 0.9444258213043213, 4.935910224914551, -5.372893810272217, 7.422616481781006, -5.526434898376465, 0.36188220977783203, 3.323585271835327, -14.373809814453125, 1.2714648246765137, 6.1450300216674805, -0.9097428321838379, -1.6791257858276367, -0.2703895568847656, 4.292071342468262, 31.52509117126465]], "type": "heatmap"}], "layout": {"template": {"data": {"histogram2dcontour": [{"type": "histogram2dcontour", "colorbar": {"outlinewidth": 0, "ticks": ""}, "colorscale": [[0.0, "#0d0887"], [0.1111111111111111, "#46039f"], [0.2222222222222222, "#7201a8"], [0.3333333333333333, "#9c179e"], [0.4444444444444444, "#bd3786"], [0.5555555555555556, "#d8576b"], [0.6666666666666666, "#ed7953"], [0.7777777777777778, "#fb9f3a"], [0.8888888888888888, "#fdca26"], [1.0, "#f0f921"]]}], "choropleth": [{"type": "choropleth", "colorbar": {"outlinewidth": 0, "ticks": ""}}], "histogram2d": [{"type": "histogram2d", "colorbar": {"outlinewidth": 0, "ticks": ""}, "colorscale": [[0.0, "#0d0887"], [0.1111111111111111, "#46039f"], [0.2222222222222222, "#7201a8"], [0.3333333333333333, "#9c179e"], [0.4444444444444444, "#bd3786"], [0.5555555555555556, "#d8576b"], [0.6666666666666666, "#ed7953"], [0.7777777777777778, "#fb9f3a"], [0.8888888888888888, "#fdca26"], [1.0, "#f0f921"]]}], "heatmap": [{"type": "heatmap", "colorbar": {"outlinewidth": 0, "ticks": ""}, "colorscale": [[0.0, "#0d0887"], [0.1111111111111111, "#46039f"], [0.2222222222222222, "#7201a8"], [0.3333333333333333, "#9c179e"], [0.4444444444444444, "#bd3786"], [0.5555555555555556, "#d8576b"], [0.6666666666666666, "#ed7953"], [0.7777777777777778, "#fb9f3a"], [0.8888888888888888, "#fdca26"], [1.0, "#f0f921"]]}], "heatmapgl": [{"type": "heatmapgl", "colorbar": {"outlinewidth": 0, "ticks": ""}, "colorscale": [[0.0, "#0d0887"], [0.1111111111111111, "#46039f"], [0.2222222222222222, "#7201a8"], [0.3333333333333333, "#9c179e"], [0.4444444444444444, "#bd3786"], [0.5555555555555556, "#d8576b"], [0.6666666666666666, "#ed7953"], [0.7777777777777778, "#fb9f3a"], [0.8888888888888888, "#fdca26"], [1.0, "#f0f921"]]}], "contourcarpet": [{"type": "contourcarpet", "colorbar": {"outlinewidth": 0, "ticks": ""}}], "contour": [{"type": "contour", "colorbar": {"outlinewidth": 0, "ticks": ""}, "colorscale": [[0.0, "#0d0887"], [0.1111111111111111, "#46039f"], [0.2222222222222222, "#7201a8"], [0.3333333333333333, "#9c179e"], [0.4444444444444444, "#bd3786"], [0.5555555555555556, "#d8576b"], [0.6666666666666666, "#ed7953"], [0.7777777777777778, "#fb9f3a"], [0.8888888888888888, "#fdca26"], [1.0, "#f0f921"]]}], "surface": [{"type": "surface", "colorbar": {"outlinewidth": 0, "ticks": ""}, "colorscale": [[0.0, "#0d0887"], [0.1111111111111111, "#46039f"], [0.2222222222222222, "#7201a8"], [0.3333333333333333, "#9c179e"], [0.4444444444444444, "#bd3786"], [0.5555555555555556, "#d8576b"], [0.6666666666666666, "#ed7953"], [0.7777777777777778, "#fb9f3a"], [0.8888888888888888, "#fdca26"], [1.0, "#f0f921"]]}], "mesh3d": [{"type": "mesh3d", "colorbar": {"outlinewidth": 0, "ticks": ""}}], "scatter": [{"fillpattern": {"fillmode": "overlay", "size": 10, "solidity": 0.2}, "type": "scatter"}], "parcoords": [{"type": "parcoords", "line": {"colorbar": {"outlinewidth": 0, "ticks": ""}}}], "scatterpolargl": [{"type": "scatterpolargl", "marker": {"colorbar": {"outlinewidth": 0, "ticks": ""}}}], "bar": [{"error_x": {"color": "#2a3f5f"}, "error_y": {"color": "#2a3f5f"}, "marker": {"line": {"color": "#E5ECF6", "width": 0.5}, "pattern": {"fillmode": "overlay", "size": 10, "solidity": 0.2}}, "type": "bar"}], "scattergeo": [{"type": "scattergeo", "marker": {"colorbar": {"outlinewidth": 0, "ticks": ""}}}], "scatterpolar": [{"type": "scatterpolar", "marker": {"colorbar": {"outlinewidth": 0, "ticks": ""}}}], "histogram": [{"marker": {"pattern": {"fillmode": "overlay", "size": 10, "solidity": 0.2}}, "type": "histogram"}], "scattergl": [{"type": "scattergl", "marker": {"colorbar": {"outlinewidth": 0, "ticks": ""}}}], "scatter3d": [{"type": "scatter3d", "line": {"colorbar": {"outlinewidth": 0, "ticks": ""}}, "marker": {"colorbar": {"outlinewidth": 0, "ticks": ""}}}], "scattermapbox": [{"type": "scattermapbox", "marker": {"colorbar": {"outlinewidth": 0, "ticks": ""}}}], "scatterternary": [{"type": "scatterternary", "marker": {"colorbar": {"outlinewidth": 0, "ticks": ""}}}], "scattercarpet": [{"type": "scattercarpet", "marker": {"colorbar": {"outlinewidth": 0, "ticks": ""}}}], "carpet": [{"aaxis": {"endlinecolor": "#2a3f5f", "gridcolor": "white", "linecolor": "white", "minorgridcolor": "white", "startlinecolor": "#2a3f5f"}, "baxis": {"endlinecolor": "#2a3f5f", "gridcolor": "white", "linecolor": "white", "minorgridcolor": "white", "startlinecolor": "#2a3f5f"}, "type": "carpet"}], "table": [{"cells": {"fill": {"color": "#EBF0F8"}, "line": {"color": "white"}}, "header": {"fill": {"color": "#C8D4E3"}, "line": {"color": "white"}}, "type": "table"}], "barpolar": [{"marker": {"line": {"color": "#E5ECF6", "width": 0.5}, "pattern": {"fillmode": "overlay", "size": 10, "solidity": 0.2}}, "type": "barpolar"}], "pie": [{"automargin": true, "type": "pie"}]}, "layout": {"autotypenumbers": "strict", "colorway": ["#636efa", "#EF553B", "#00cc96", "#ab63fa", "#FFA15A", "#19d3f3", "#FF6692", "#B6E880", "#FF97FF", "#FECB52"], "font": {"color": "#2a3f5f"}, "hovermode": "closest", "hoverlabel": {"align": "left"}, "paper_bgcolor": "white", "plot_bgcolor": "#E5ECF6", "polar": {"bgcolor": "#E5ECF6", "angularaxis": {"gridcolor": "white", "linecolor": "white", "ticks": ""}, "radialaxis": {"gridcolor": "white", "linecolor": "white", "ticks": ""}}, "ternary": {"bgcolor": "#E5ECF6", "aaxis": {"gridcolor": "white", "linecolor": "white", "ticks": ""}, "baxis": {"gridcolor": "white", "linecolor": "white", "ticks": ""}, "caxis": {"gridcolor": "white", "linecolor": "white", "ticks": ""}}, "coloraxis": {"colorbar": {"outlinewidth": 0, "ticks": ""}}, "colorscale": {"sequential": [[0.0, "#0d0887"], [0.1111111111111111, "#46039f"], [0.2222222222222222, "#7201a8"], [0.3333333333333333, "#9c179e"], [0.4444444444444444, "#bd3786"], [0.5555555555555556, "#d8576b"], [0.6666666666666666, "#ed7953"], [0.7777777777777778, "#fb9f3a"], [0.8888888888888888, "#fdca26"], [1.0, "#f0f921"]], "sequentialminus": [[0.0, "#0d0887"], [0.1111111111111111, "#46039f"], [0.2222222222222222, "#7201a8"], [0.3333333333333333, "#9c179e"], [0.4444444444444444, "#bd3786"], [0.5555555555555556, "#d8576b"], [0.6666666666666666, "#ed7953"], [0.7777777777777778, "#fb9f3a"], [0.8888888888888888, "#fdca26"], [1.0, "#f0f921"]], "diverging": [[0, "#8e0152"], [0.1, "#c51b7d"], [0.2, "#de77ae"], [0.3, "#f1b6da"], [0.4, "#fde0ef"], [0.5, "#f7f7f7"], [0.6, "#e6f5d0"], [0.7, "#b8e186"], [0.8, "#7fbc41"], [0.9, "#4d9221"], [1, "#276419"]]}, "xaxis": {"gridcolor": "white", "linecolor": "white", "ticks": "", "title": {"standoff": 15}, "zerolinecolor": "white", "automargin": true, "zerolinewidth": 2}, "yaxis": {"gridcolor": "white", "linecolor": "white", "ticks": "", "title": {"standoff": 15}, "zerolinecolor": "white", "automargin": true, "zerolinewidth": 2}, "scene": {"xaxis": {"backgroundcolor": "#E5ECF6", "gridcolor": "white", "linecolor": "white", "showbackground": true, "ticks": "", "zerolinecolor": "white", "gridwidth": 2}, "yaxis": {"backgroundcolor": "#E5ECF6", "gridcolor": "white", "linecolor": "white", "showbackground": true, "ticks": "", "zerolinecolor": "white", "gridwidth": 2}, "zaxis": {"backgroundcolor": "#E5ECF6", "gridcolor": "white", "linecolor": "white", "showbackground": true, "ticks": "", "zerolinecolor": "white", "gridwidth": 2}}, "shapedefaults": {"line": {"color": "#2a3f5f"}}, "annotationdefaults": {"arrowcolor": "#2a3f5f", "arrowhead": 0, "arrowwidth": 1}, "geo": {"bgcolor": "white", "landcolor": "#E5ECF6", "subunitcolor": "white", "showland": true, "showlakes": true, "lakecolor": "white"}, "title": {"x": 0.05}, "mapbox": {"style": "light"}}}}}