{"data": [{"z": [[19.562429428100586, -2.9810004234313965, -0.5742724537849426, -1.2153196334838867, -3.301199436187744, -2.1551122665405273, -2.5139315128326416, -0.6633619666099548, 1.4157921075820923, 2.955411672592163, 2.665802240371704, -1.8623826503753662, 3.3506765365600586, 0.6586934924125671, 8.237480163574219, 2.1772377490997314, -1.8337907791137695, -0.19574178755283356, -1.817450761795044, -3.786036252975464, -2.776491165161133], [-2.9810004234313965, 30.454423904418945, -5.821272373199463, 1.8895105123519897, -2.68088436126709, -4.309290885925293, -1.3034567832946777, -1.1962494850158691, 0.09819509834051132, -12.216867446899414, 6.688974857330322, 2.7661192417144775, -1.5943007469177246, -1.4370439052581787, -7.248631954193115, 4.090222358703613, 0.9444959163665771, -1.6668747663497925, -3.0185017585754395, -5.118952751159668, -11.27845573425293], [-0.5742724537849426, -5.821272373199463, 31.507909774780273, -0.20016451179981232, 9.942362785339355, 5.895360946655273, -5.076812267303467, 2.3699264526367188, 4.985703945159912, 1.073624849319458, -4.573651313781738, -8.581465721130371, -1.9001473188400269, 8.258426666259766, -7.846982955932617, -4.111708641052246, 8.915168762207031, -0.6891276836395264, -4.407635688781738, 4.271338939666748, -9.23386287689209], [-1.2153196334838867, 1.8895105123519897, -0.20016451179981232, 20.257890701293945, 0.9445874691009521, -4.242135524749756, -3.9991455078125, 0.2426304668188095, -5.013021945953369, 1.9693689346313477, -3.1601996421813965, -3.971592426300049, 0.34795305132865906, -9.571233749389648, 4.537699222564697, -1.3870995044708252, -2.6867876052856445, -3.624678611755371, -1.115430235862732, 2.320474624633789, 2.547645092010498], [-3.301199436187744, -2.68088436126709, 9.942362785339355, 0.9445874691009521, 24.08502769470215, 8.27356243133545, 0.024473490193486214, -1.0887202024459839, -4.565202713012695, -1.5834187269210815, 0.7624861001968384, 3.030721664428711, -0.08079838752746582, 4.799396991729736, -2.86938738822937, -4.126419544219971, 4.191639423370361, 4.491949081420898, -1.8373754024505615, -1.889204740524292, -3.857891082763672], [-2.1551122665405273, -4.309290885925293, 5.895360946655273, -4.242135524749756, 8.27356243133545, 23.772733688354492, -2.242565393447876, 0.4215375483036041, 3.130075216293335, -4.593326568603516, -1.295333743095398, 2.530163288116455, 0.6907572746276855, 2.7567455768585205, 1.628853678703308, -5.645651340484619, 2.8844478130340576, 8.600164413452148, -3.8830223083496094, 3.5916242599487305, -6.848466396331787], [-2.5139315128326416, -1.3034567832946777, -5.076812267303467, -3.9991455078125, 0.024473490193486214, -2.242565393447876, 21.957839965820312, -1.3967418670654297, -6.39287805557251, 1.8456698656082153, 1.7599780559539795, 5.863409042358398, -1.2062629461288452, 6.532075881958008, -0.5034062266349792, -0.9047756195068359, 9.238470077514648, 1.971122145652771, -5.709765434265137, -0.7193067073822021, 0.955710768699646], [-0.6633619666099548, -1.1962494850158691, 2.3699264526367188, 0.2426304668188095, -1.0887202024459839, 0.4215375483036041, -1.3967418670654297, 26.39632225036621, -0.8206201791763306, -5.138235092163086, -1.4912036657333374, -4.987078666687012, 1.794197916984558, -5.1922078132629395, 2.928305149078369, -3.8781278133392334, 4.368310928344727, 11.020242691040039, 3.2884302139282227, 11.587882995605469, 4.935678482055664], [1.4157921075820923, 0.09819509834051132, 4.985703945159912, -5.013021945953369, -4.565202713012695, 3.130075216293335, -6.39287805557251, -0.8206201791763306, 21.14861297607422, 1.125537395477295, -3.4667861461639404, 8.481350898742676, 3.2642877101898193, 5.2969865798950195, -2.438181161880493, 4.304566383361816, -5.108109474182129, -7.26818323135376, 1.5494024753570557, -2.6481881141662598, -5.38650369644165], [2.955411672592163, -12.216867446899414, 1.073624849319458, 1.9693689346313477, -1.5834187269210815, -4.593326568603516, 1.8456698656082153, -5.138235092163086, 1.125537395477295, 24.51685333251953, -5.5605010986328125, 1.3247050046920776, 4.117726802825928, 8.696113586425781, 2.4238803386688232, -1.9579318761825562, -3.4898555278778076, -6.980924129486084, 1.825059413909912, 2.267923593521118, 7.437648296356201], [2.665802240371704, 6.688974857330322, -4.573651313781738, -3.1601996421813965, 0.7624861001968384, -1.295333743095398, 1.7599780559539795, -1.4912036657333374, -3.4667861461639404, -5.5605010986328125, 20.477014541625977, 4.680495738983154, -1.084795355796814, 1.0286166667938232, -3.3024072647094727, -1.1770849227905273, 3.256542205810547, 3.608189105987549, -4.4661359786987305, -2.13213849067688, -5.545897483825684], [-1.8623826503753662, 2.7661192417144775, -8.581465721130371, -3.971592426300049, 3.030721664428711, 2.530163288116455, 5.863409042358398, -4.987078666687012, 8.481350898742676, 1.3247050046920776, 4.680495738983154, 25.09602928161621, 5.487076282501221, 2.923795700073242, -0.11148328334093094, 4.973028659820557, 6.427589416503906, -4.935920238494873, -1.7416276931762695, -6.911764144897461, 0.3512721657752991], [3.3506765365600586, -1.5943007469177246, -1.9001473188400269, 0.34795305132865906, -0.08079838752746582, 0.6907572746276855, -1.2062629461288452, 1.794197916984558, 3.2642877101898193, 4.117726802825928, -1.084795355796814, 5.487076282501221, 11.72147274017334, 5.455994129180908, -1.8768060207366943, -0.37147048115730286, -3.6521124839782715, -0.9883445501327515, -2.570802688598633, -3.1678848266601562, 3.3302557468414307], [0.6586934924125671, -1.4370439052581787, 8.258426666259766, -9.571233749389648, 4.799396991729736, 2.7567455768585205, 6.532075881958008, -5.1922078132629395, 5.2969865798950195, 8.696113586425781, 1.0286166667938232, 2.923795700073242, 5.455994129180908, 33.874473571777344, -5.581271171569824, -8.708332061767578, -0.6686382293701172, 2.5646135807037354, -0.790687084197998, -4.990155220031738, -14.389473915100098], [8.237480163574219, -7.248631954193115, -7.846982955932617, 4.537699222564697, -2.86938738822937, 1.628853678703308, -0.5034062266349792, 2.928305149078369, -2.438181161880493, 2.4238803386688232, -3.3024072647094727, -0.11148328334093094, -1.8768060207366943, -5.581271171569824, 31.79313087463379, -4.893102169036865, 3.2978649139404297, -3.2133564949035645, 11.826875686645508, -1.3732210397720337, 1.264096975326538], [2.1772377490997314, 4.090222358703613, -4.111708641052246, -1.3870995044708252, -4.126419544219971, -5.645651340484619, -0.9047756195068359, -3.8781278133392334, 4.304566383361816, -1.9579318761825562, -1.1770849227905273, 4.973028659820557, -0.37147048115730286, -8.708332061767578, -4.893102169036865, 21.846153259277344, -0.6230844259262085, -3.0529487133026123, 5.207365036010742, -5.901599884033203, 6.143313407897949], [-1.8337903022766113, 0.9444971680641174, 8.915167808532715, -2.6867878437042236, 4.191638946533203, 2.8844480514526367, 9.238469123840332, 4.368309497833252, -5.108110427856445, -3.489854335784912, 3.256542682647705, 6.427588939666748, -3.6521120071411133, -0.6686391830444336, 3.297863721847534, -0.6230842471122742, 28.01947021484375, 3.051764488220215, -3.5489635467529297, 2.16509747505188, -0.9146040678024292], [-0.195741668343544, -1.666874647140503, -0.6891276836395264, -3.624678611755371, 4.491949081420898, 8.600164413452148, 1.9711217880249023, 11.020244598388672, -7.26818323135376, -6.9809250831604, 3.608189344406128, -4.935920715332031, -0.9883444309234619, 2.5646133422851562, -3.2133564949035645, -3.0529487133026123, 3.051764488220215, 20.45892333984375, 2.107152223587036, 8.1773099899292, -1.6809184551239014], [-1.817451000213623, -3.0185019969940186, -4.40763521194458, -1.1154301166534424, -1.8373756408691406, -3.8830223083496094, -5.709766387939453, 3.2884294986724854, 1.5494025945663452, 1.8250595331192017, -4.4661359786987305, -1.7416276931762695, -2.570803165435791, -0.7906861901283264, 11.826873779296875, 5.207364559173584, -3.5489635467529297, 2.107152223587036, 25.497392654418945, -5.127096652984619, -0.28347164392471313], [-3.7860360145568848, -5.118953227996826, 4.271337985992432, 2.320474624633789, -1.889204978942871, 3.5916249752044678, -0.7193065285682678, 11.587884902954102, -2.6481878757476807, 2.2679240703582764, -2.132138729095459, -6.911764144897461, -3.1678853034973145, -4.9901556968688965, -1.3732211589813232, -5.901599884033203, 2.16509747505188, 8.1773099899292, -5.127096652984619, 24.67464828491211, 4.303509712219238], [-2.776491403579712, -11.278456687927246, -9.23386287689209, 2.547645092010498, -3.8578906059265137, -6.848465919494629, 0.955710768699646, 4.935678005218506, -5.386504173278809, 7.437648773193359, -5.545897483825684, 0.35127145051956177, 3.3302559852600098, -14.389474868774414, 1.2640976905822754, 6.143312454223633, -0.9146039485931396, -1.6809176206588745, -0.28347158432006836, 4.303509712219238, 31.52509117126465]], "type": "heatmap"}], "layout": {"template": {"data": {"histogram2dcontour": [{"type": "histogram2dcontour", "colorbar": {"outlinewidth": 0, "ticks": ""}, "colorscale": [[0.0, "#0d0887"], [0.1111111111111111, "#46039f"], [0.2222222222222222, "#7201a8"], [0.3333333333333333, "#9c179e"], [0.4444444444444444, "#bd3786"], [0.5555555555555556, "#d8576b"], [0.6666666666666666, "#ed7953"], [0.7777777777777778, "#fb9f3a"], [0.8888888888888888, "#fdca26"], [1.0, "#f0f921"]]}], "choropleth": [{"type": "choropleth", "colorbar": {"outlinewidth": 0, "ticks": ""}}], "histogram2d": [{"type": "histogram2d", "colorbar": {"outlinewidth": 0, "ticks": ""}, "colorscale": [[0.0, "#0d0887"], [0.1111111111111111, "#46039f"], [0.2222222222222222, "#7201a8"], [0.3333333333333333, "#9c179e"], [0.4444444444444444, "#bd3786"], [0.5555555555555556, "#d8576b"], [0.6666666666666666, "#ed7953"], [0.7777777777777778, "#fb9f3a"], [0.8888888888888888, "#fdca26"], [1.0, "#f0f921"]]}], "heatmap": [{"type": "heatmap", "colorbar": {"outlinewidth": 0, "ticks": ""}, "colorscale": [[0.0, "#0d0887"], [0.1111111111111111, "#46039f"], [0.2222222222222222, "#7201a8"], [0.3333333333333333, "#9c179e"], [0.4444444444444444, "#bd3786"], [0.5555555555555556, "#d8576b"], [0.6666666666666666, "#ed7953"], [0.7777777777777778, "#fb9f3a"], [0.8888888888888888, "#fdca26"], [1.0, "#f0f921"]]}], "heatmapgl": [{"type": "heatmapgl", "colorbar": {"outlinewidth": 0, "ticks": ""}, "colorscale": [[0.0, "#0d0887"], [0.1111111111111111, "#46039f"], [0.2222222222222222, "#7201a8"], [0.3333333333333333, "#9c179e"], [0.4444444444444444, "#bd3786"], [0.5555555555555556, "#d8576b"], [0.6666666666666666, "#ed7953"], [0.7777777777777778, "#fb9f3a"], [0.8888888888888888, "#fdca26"], [1.0, "#f0f921"]]}], "contourcarpet": [{"type": "contourcarpet", "colorbar": {"outlinewidth": 0, "ticks": ""}}], "contour": [{"type": "contour", "colorbar": {"outlinewidth": 0, "ticks": ""}, "colorscale": [[0.0, "#0d0887"], [0.1111111111111111, "#46039f"], [0.2222222222222222, "#7201a8"], [0.3333333333333333, "#9c179e"], [0.4444444444444444, "#bd3786"], [0.5555555555555556, "#d8576b"], [0.6666666666666666, "#ed7953"], [0.7777777777777778, "#fb9f3a"], [0.8888888888888888, "#fdca26"], [1.0, "#f0f921"]]}], "surface": [{"type": "surface", "colorbar": {"outlinewidth": 0, "ticks": ""}, "colorscale": [[0.0, "#0d0887"], [0.1111111111111111, "#46039f"], [0.2222222222222222, "#7201a8"], [0.3333333333333333, "#9c179e"], [0.4444444444444444, "#bd3786"], [0.5555555555555556, "#d8576b"], [0.6666666666666666, "#ed7953"], [0.7777777777777778, "#fb9f3a"], [0.8888888888888888, "#fdca26"], [1.0, "#f0f921"]]}], "mesh3d": [{"type": "mesh3d", "colorbar": {"outlinewidth": 0, "ticks": ""}}], "scatter": [{"fillpattern": {"fillmode": "overlay", "size": 10, "solidity": 0.2}, "type": "scatter"}], "parcoords": [{"type": "parcoords", "line": {"colorbar": {"outlinewidth": 0, "ticks": ""}}}], "scatterpolargl": [{"type": "scatterpolargl", "marker": {"colorbar": {"outlinewidth": 0, "ticks": ""}}}], "bar": [{"error_x": {"color": "#2a3f5f"}, "error_y": {"color": "#2a3f5f"}, "marker": {"line": {"color": "#E5ECF6", "width": 0.5}, "pattern": {"fillmode": "overlay", "size": 10, "solidity": 0.2}}, "type": "bar"}], "scattergeo": [{"type": "scattergeo", "marker": {"colorbar": {"outlinewidth": 0, "ticks": ""}}}], "scatterpolar": [{"type": "scatterpolar", "marker": {"colorbar": {"outlinewidth": 0, "ticks": ""}}}], "histogram": [{"marker": {"pattern": {"fillmode": "overlay", "size": 10, "solidity": 0.2}}, "type": "histogram"}], "scattergl": [{"type": "scattergl", "marker": {"colorbar": {"outlinewidth": 0, "ticks": ""}}}], "scatter3d": [{"type": "scatter3d", "line": {"colorbar": {"outlinewidth": 0, "ticks": ""}}, "marker": {"colorbar": {"outlinewidth": 0, "ticks": ""}}}], "scattermapbox": [{"type": "scattermapbox", "marker": {"colorbar": {"outlinewidth": 0, "ticks": ""}}}], "scatterternary": [{"type": "scatterternary", "marker": {"colorbar": {"outlinewidth": 0, "ticks": ""}}}], "scattercarpet": [{"type": "scattercarpet", "marker": {"colorbar": {"outlinewidth": 0, "ticks": ""}}}], "carpet": [{"aaxis": {"endlinecolor": "#2a3f5f", "gridcolor": "white", "linecolor": "white", "minorgridcolor": "white", "startlinecolor": "#2a3f5f"}, "baxis": {"endlinecolor": "#2a3f5f", "gridcolor": "white", "linecolor": "white", "minorgridcolor": "white", "startlinecolor": "#2a3f5f"}, "type": "carpet"}], "table": [{"cells": {"fill": {"color": "#EBF0F8"}, "line": {"color": "white"}}, "header": {"fill": {"color": "#C8D4E3"}, "line": {"color": "white"}}, "type": "table"}], "barpolar": [{"marker": {"line": {"color": "#E5ECF6", "width": 0.5}, "pattern": {"fillmode": "overlay", "size": 10, "solidity": 0.2}}, "type": "barpolar"}], "pie": [{"automargin": true, "type": "pie"}]}, "layout": {"autotypenumbers": "strict", "colorway": ["#636efa", "#EF553B", "#00cc96", "#ab63fa", "#FFA15A", "#19d3f3", "#FF6692", "#B6E880", "#FF97FF", "#FECB52"], "font": {"color": "#2a3f5f"}, "hovermode": "closest", "hoverlabel": {"align": "left"}, "paper_bgcolor": "white", "plot_bgcolor": "#E5ECF6", "polar": {"bgcolor": "#E5ECF6", "angularaxis": {"gridcolor": "white", "linecolor": "white", "ticks": ""}, "radialaxis": {"gridcolor": "white", "linecolor": "white", "ticks": ""}}, "ternary": {"bgcolor": "#E5ECF6", "aaxis": {"gridcolor": "white", "linecolor": "white", "ticks": ""}, "baxis": {"gridcolor": "white", "linecolor": "white", "ticks": ""}, "caxis": {"gridcolor": "white", "linecolor": "white", "ticks": ""}}, "coloraxis": {"colorbar": {"outlinewidth": 0, "ticks": ""}}, "colorscale": {"sequential": [[0.0, "#0d0887"], [0.1111111111111111, "#46039f"], [0.2222222222222222, "#7201a8"], [0.3333333333333333, "#9c179e"], [0.4444444444444444, "#bd3786"], [0.5555555555555556, "#d8576b"], [0.6666666666666666, "#ed7953"], [0.7777777777777778, "#fb9f3a"], [0.8888888888888888, "#fdca26"], [1.0, "#f0f921"]], "sequentialminus": [[0.0, "#0d0887"], [0.1111111111111111, "#46039f"], [0.2222222222222222, "#7201a8"], [0.3333333333333333, "#9c179e"], [0.4444444444444444, "#bd3786"], [0.5555555555555556, "#d8576b"], [0.6666666666666666, "#ed7953"], [0.7777777777777778, "#fb9f3a"], [0.8888888888888888, "#fdca26"], [1.0, "#f0f921"]], "diverging": [[0, "#8e0152"], [0.1, "#c51b7d"], [0.2, "#de77ae"], [0.3, "#f1b6da"], [0.4, "#fde0ef"], [0.5, "#f7f7f7"], [0.6, "#e6f5d0"], [0.7, "#b8e186"], [0.8, "#7fbc41"], [0.9, "#4d9221"], [1, "#276419"]]}, "xaxis": {"gridcolor": "white", "linecolor": "white", "ticks": "", "title": {"standoff": 15}, "zerolinecolor": "white", "automargin": true, "zerolinewidth": 2}, "yaxis": {"gridcolor": "white", "linecolor": "white", "ticks": "", "title": {"standoff": 15}, "zerolinecolor": "white", "automargin": true, "zerolinewidth": 2}, "scene": {"xaxis": {"backgroundcolor": "#E5ECF6", "gridcolor": "white", "linecolor": "white", "showbackground": true, "ticks": "", "zerolinecolor": "white", "gridwidth": 2}, "yaxis": {"backgroundcolor": "#E5ECF6", "gridcolor": "white", "linecolor": "white", "showbackground": true, "ticks": "", "zerolinecolor": "white", "gridwidth": 2}, "zaxis": {"backgroundcolor": "#E5ECF6", "gridcolor": "white", "linecolor": "white", "showbackground": true, "ticks": "", "zerolinecolor": "white", "gridwidth": 2}}, "shapedefaults": {"line": {"color": "#2a3f5f"}}, "annotationdefaults": {"arrowcolor": "#2a3f5f", "arrowhead": 0, "arrowwidth": 1}, "geo": {"bgcolor": "white", "landcolor": "#E5ECF6", "subunitcolor": "white", "showland": true, "showlakes": true, "lakecolor": "white"}, "title": {"x": 0.05}, "mapbox": {"style": "light"}}}}}