{"data": [{"z": [[19.531213760375977, -2.991344690322876, -0.5751591920852661, -1.2194901704788208, -3.2987349033355713, -2.147343397140503, -2.516554355621338, -0.662627637386322, 1.4184874296188354, 2.9480020999908447, 2.6631858348846436, -1.860747218132019, 3.3477063179016113, 0.6556084752082825, 8.22256851196289, 2.169191360473633, -1.8320766687393188, -0.19382750988006592, -1.8264955282211304, -3.7803306579589844, -2.7731521129608154], [-2.991344690322876, 30.435546875, -5.81351900100708, 1.8900710344314575, -2.6760921478271484, -4.3050217628479, -1.3048298358917236, -1.1921391487121582, 0.09904733300209045, -12.214040756225586, 6.683377742767334, 2.7633440494537354, -1.5919461250305176, -1.4352951049804688, -7.253284931182861, 4.084890842437744, 0.9501850605010986, -1.6631158590316772, -3.0261664390563965, -5.111851215362549, -11.274803161621094], [-0.5751591920852661, -5.81351900100708, 31.486658096313477, -0.2050882875919342, 9.93395709991455, 5.885123252868652, -5.076580047607422, 2.3634345531463623, 4.979973316192627, 1.0718435049057007, -4.57045316696167, -8.584898948669434, -1.905259370803833, 8.24915599822998, -7.834527969360352, -4.115853786468506, 8.901920318603516, -0.6933572292327881, -4.408019065856934, 4.265769004821777, -9.230058670043945], [-1.2194901704788208, 1.8900710344314575, -0.2050882875919342, 20.246286392211914, 0.945730984210968, -4.243096351623535, -4.000463485717773, 0.24151846766471863, -5.009370803833008, 1.9634054899215698, -3.1569406986236572, -3.9705636501312256, 0.34644511342048645, -9.567859649658203, 4.5408101081848145, -1.3897682428359985, -2.6881184577941895, -3.623417615890503, -1.117278814315796, 2.315492868423462, 2.5478081703186035], [-3.2987349033355713, -2.6760921478271484, 9.93395709991455, 0.945730984210968, 24.074033737182617, 8.26672077178955, 0.019409261643886566, -1.090579867362976, -4.5640668869018555, -1.580675721168518, 0.7614457607269287, 3.026019334793091, -0.08341316878795624, 4.795907974243164, -2.8659560680389404, -4.1255998611450195, 4.188297748565674, 4.487974166870117, -1.8373007774353027, -1.889970302581787, -3.8561782836914062], [-2.147343397140503, -4.3050217628479, 5.885123252868652, -4.243096351623535, 8.26672077178955, 23.76048469543457, -2.2432496547698975, 0.41733479499816895, 3.1271438598632812, -4.589998722076416, -1.2965372800827026, 2.5237886905670166, 0.6884385943412781, 2.7528724670410156, 1.6301988363265991, -5.646675109863281, 2.8774631023406982, 8.591612815856934, -3.8827261924743652, 3.5887560844421387, -6.845455169677734], [-2.516554355621338, -1.3048298358917236, -5.076580047607422, -4.000463485717773, 0.019409261643886566, -2.2432496547698975, 21.938465118408203, -1.3961175680160522, -6.387265205383301, 1.8397213220596313, 1.7589291334152222, 5.861374378204346, -1.2021868228912354, 6.533153057098389, -0.5016234517097473, -0.9072918891906738, 9.23550796508789, 1.9672530889511108, -5.703192710876465, -0.7218749523162842, 0.9537601470947266], [-0.662627637386322, -1.1921391487121582, 2.3634345531463623, 0.24151846766471863, -1.090579867362976, 0.41733479499816895, -1.3961175680160522, 26.38330841064453, -0.8225548267364502, -5.138541221618652, -1.489355444908142, -4.989404201507568, 1.7867858409881592, -5.193593978881836, 2.9340298175811768, -3.8756072521209717, 4.362887382507324, 11.014120101928711, 3.28586483001709, 11.579278945922852, 4.93561315536499], [1.4184874296188354, 0.09904733300209045, 4.979973316192627, -5.009370803833008, -4.5640668869018555, 3.1271438598632812, -6.387265205383301, -0.8225548267364502, 21.137439727783203, 1.128624439239502, -3.471411943435669, 8.473552703857422, 3.2593421936035156, 5.291300296783447, -2.434267997741699, 4.302851676940918, -5.109038352966309, -7.265101432800293, 1.5473392009735107, -2.6469759941101074, -5.383318901062012], [2.9480020999908447, -12.214040756225586, 1.0718435049057007, 1.9634054899215698, -1.580675721168518, -4.589998722076416, 1.8397213220596313, -5.138541221618652, 1.128624439239502, 24.499055862426758, -5.557018756866455, 1.3251882791519165, 4.114891052246094, 8.69344711303711, 2.4270215034484863, -1.9588242769241333, -3.489612102508545, -6.977914810180664, 1.8282668590545654, 2.26228666305542, 7.4354567527771], [2.6631858348846436, 6.683377742767334, -4.57045316696167, -3.1569406986236572, 0.7614457607269287, -1.2965372800827026, 1.7589291334152222, -1.489355444908142, -3.471411943435669, -5.557018756866455, 20.46343231201172, 4.674000263214111, -1.0841230154037476, 1.0275179147720337, -3.3095643520355225, -1.1783747673034668, 3.2556300163269043, 3.6051807403564453, -4.467155933380127, -2.1271209716796875, -5.5405802726745605], [-1.860747218132019, 2.7633440494537354, -8.584898948669434, -3.9705636501312256, 3.026019334793091, 2.5237886905670166, 5.861374378204346, -4.989404201507568, 8.473552703857422, 1.3251882791519165, 4.674000263214111, 25.079683303833008, 5.48201847076416, 2.918978214263916, -0.1161172091960907, 4.967304706573486, 6.418889999389648, -4.938046455383301, -1.7454769611358643, -6.908176898956299, 0.3545535206794739], [3.3477063179016113, -1.5919461250305176, -1.905259370803833, 0.34644511342048645, -0.08341316878795624, 0.6884385943412781, -1.2021868228912354, 1.7867858409881592, 3.2593421936035156, 4.114891052246094, -1.0841230154037476, 5.48201847076416, 11.711641311645508, 5.453411102294922, -1.8732709884643555, -0.3733897805213928, -3.6554007530212402, -0.9903517961502075, -2.573674201965332, -3.168543577194214, 3.3297324180603027], [0.6556084752082825, -1.4352951049804688, 8.24915599822998, -9.567859649658203, 4.795907974243164, 2.7528724670410156, 6.533153057098389, -5.193593978881836, 5.291300296783447, 8.69344711303711, 1.0275179147720337, 2.918978214263916, 5.453411102294922, 33.861183166503906, -5.5768513679504395, -8.707755088806152, -0.6734747886657715, 2.5639991760253906, -0.7922496795654297, -4.987889289855957, -14.386030197143555], [8.22256851196289, -7.253284931182861, -7.834527969360352, 4.5408101081848145, -2.8659560680389404, 1.6301988363265991, -0.5016234517097473, 2.9340298175811768, -2.434267997741699, 2.4270215034484863, -3.3095643520355225, -0.1161172091960907, -1.8732709884643555, -5.5768513679504395, 31.765132904052734, -4.894055366516113, 3.298729419708252, -3.2090721130371094, 11.809914588928223, -1.3663194179534912, 1.2665588855743408], [2.169191360473633, 4.084890842437744, -4.115853786468506, -1.3897682428359985, -4.1255998611450195, -5.646675109863281, -0.9072918891906738, -3.8756072521209717, 4.302851676940918, -1.9588242769241333, -1.1783747673034668, 4.967304706573486, -0.3733897805213928, -8.707755088806152, -4.894055366516113, 21.830570220947266, -0.6264427900314331, -3.0547027587890625, 5.20111083984375, -5.8990325927734375, 6.144207954406738], [-1.8320775032043457, 0.9501848816871643, 8.9019193649292, -2.6881186962127686, 4.188297748565674, 2.8774631023406982, 9.235507011413574, 4.362886905670166, -5.10903787612915, -3.4896116256713867, 3.2556300163269043, 6.418889999389648, -3.6554007530212402, -0.6734751462936401, 3.2987301349639893, -0.6264428496360779, 28.005666732788086, 3.0474562644958496, -3.5507383346557617, 2.163689613342285, -0.9136494994163513], [-0.19382724165916443, -1.6631152629852295, -0.6933583617210388, -3.623418092727661, 4.487973213195801, 8.5916109085083, 1.9672530889511108, 11.014117240905762, -7.265101909637451, -6.977915287017822, 3.605180263519287, -4.938047409057617, -0.9903519153594971, 2.5639986991882324, -3.2090723514556885, -3.054701566696167, 3.0474562644958496, 20.448518753051758, 2.104445219039917, 8.171989440917969, -1.6795604228973389], [-1.8264960050582886, -3.0261664390563965, -4.408018589019775, -1.1172791719436646, -1.8373013734817505, -3.8827264308929443, -5.703192710876465, 3.2858645915985107, 1.5473393201828003, 1.8282663822174072, -4.467156410217285, -1.745477557182312, -2.573673963546753, -0.7922499179840088, 11.809917449951172, 5.201111793518066, -3.5507383346557617, 2.104445219039917, 25.479618072509766, -5.120053291320801, -0.2791428565979004], [-3.7803304195404053, -5.111850738525391, 4.265768527984619, 2.315492630004883, -1.889970302581787, 3.588757276535034, -0.7218748331069946, 11.579279899597168, -2.6469759941101074, 2.262286424636841, -2.1271212100982666, -6.908176898956299, -3.168543577194214, -4.987888813018799, -1.3663195371627808, -5.899031639099121, 2.163689613342285, 8.171989440917969, -5.120053291320801, 24.659114837646484, 4.300164699554443], [-2.7731521129608154, -11.27480411529541, -9.230057716369629, 2.5478076934814453, -3.85617733001709, -6.845454692840576, 0.9537601470947266, 4.935612678527832, -5.383318901062012, 7.435456275939941, -5.540579795837402, 0.3545534610748291, 3.3297324180603027, -14.386030197143555, 1.2665586471557617, 6.144206523895264, -0.9136495590209961, -1.6795598268508911, -0.2791433334350586, 4.300164699554443, 31.52509117126465]], "type": "heatmap"}], "layout": {"template": {"data": {"histogram2dcontour": [{"type": "histogram2dcontour", "colorbar": {"outlinewidth": 0, "ticks": ""}, "colorscale": [[0.0, "#0d0887"], [0.1111111111111111, "#46039f"], [0.2222222222222222, "#7201a8"], [0.3333333333333333, "#9c179e"], [0.4444444444444444, "#bd3786"], [0.5555555555555556, "#d8576b"], [0.6666666666666666, "#ed7953"], [0.7777777777777778, "#fb9f3a"], [0.8888888888888888, "#fdca26"], [1.0, "#f0f921"]]}], "choropleth": [{"type": "choropleth", "colorbar": {"outlinewidth": 0, "ticks": ""}}], "histogram2d": [{"type": "histogram2d", "colorbar": {"outlinewidth": 0, "ticks": ""}, "colorscale": [[0.0, "#0d0887"], [0.1111111111111111, "#46039f"], [0.2222222222222222, "#7201a8"], [0.3333333333333333, "#9c179e"], [0.4444444444444444, "#bd3786"], [0.5555555555555556, "#d8576b"], [0.6666666666666666, "#ed7953"], [0.7777777777777778, "#fb9f3a"], [0.8888888888888888, "#fdca26"], [1.0, "#f0f921"]]}], "heatmap": [{"type": "heatmap", "colorbar": {"outlinewidth": 0, "ticks": ""}, "colorscale": [[0.0, "#0d0887"], [0.1111111111111111, "#46039f"], [0.2222222222222222, "#7201a8"], [0.3333333333333333, "#9c179e"], [0.4444444444444444, "#bd3786"], [0.5555555555555556, "#d8576b"], [0.6666666666666666, "#ed7953"], [0.7777777777777778, "#fb9f3a"], [0.8888888888888888, "#fdca26"], [1.0, "#f0f921"]]}], "heatmapgl": [{"type": "heatmapgl", "colorbar": {"outlinewidth": 0, "ticks": ""}, "colorscale": [[0.0, "#0d0887"], [0.1111111111111111, "#46039f"], [0.2222222222222222, "#7201a8"], [0.3333333333333333, "#9c179e"], [0.4444444444444444, "#bd3786"], [0.5555555555555556, "#d8576b"], [0.6666666666666666, "#ed7953"], [0.7777777777777778, "#fb9f3a"], [0.8888888888888888, "#fdca26"], [1.0, "#f0f921"]]}], "contourcarpet": [{"type": "contourcarpet", "colorbar": {"outlinewidth": 0, "ticks": ""}}], "contour": [{"type": "contour", "colorbar": {"outlinewidth": 0, "ticks": ""}, "colorscale": [[0.0, "#0d0887"], [0.1111111111111111, "#46039f"], [0.2222222222222222, "#7201a8"], [0.3333333333333333, "#9c179e"], [0.4444444444444444, "#bd3786"], [0.5555555555555556, "#d8576b"], [0.6666666666666666, "#ed7953"], [0.7777777777777778, "#fb9f3a"], [0.8888888888888888, "#fdca26"], [1.0, "#f0f921"]]}], "surface": [{"type": "surface", "colorbar": {"outlinewidth": 0, "ticks": ""}, "colorscale": [[0.0, "#0d0887"], [0.1111111111111111, "#46039f"], [0.2222222222222222, "#7201a8"], [0.3333333333333333, "#9c179e"], [0.4444444444444444, "#bd3786"], [0.5555555555555556, "#d8576b"], [0.6666666666666666, "#ed7953"], [0.7777777777777778, "#fb9f3a"], [0.8888888888888888, "#fdca26"], [1.0, "#f0f921"]]}], "mesh3d": [{"type": "mesh3d", "colorbar": {"outlinewidth": 0, "ticks": ""}}], "scatter": [{"fillpattern": {"fillmode": "overlay", "size": 10, "solidity": 0.2}, "type": "scatter"}], "parcoords": [{"type": "parcoords", "line": {"colorbar": {"outlinewidth": 0, "ticks": ""}}}], "scatterpolargl": [{"type": "scatterpolargl", "marker": {"colorbar": {"outlinewidth": 0, "ticks": ""}}}], "bar": [{"error_x": {"color": "#2a3f5f"}, "error_y": {"color": "#2a3f5f"}, "marker": {"line": {"color": "#E5ECF6", "width": 0.5}, "pattern": {"fillmode": "overlay", "size": 10, "solidity": 0.2}}, "type": "bar"}], "scattergeo": [{"type": "scattergeo", "marker": {"colorbar": {"outlinewidth": 0, "ticks": ""}}}], "scatterpolar": [{"type": "scatterpolar", "marker": {"colorbar": {"outlinewidth": 0, "ticks": ""}}}], "histogram": [{"marker": {"pattern": {"fillmode": "overlay", "size": 10, "solidity": 0.2}}, "type": "histogram"}], "scattergl": [{"type": "scattergl", "marker": {"colorbar": {"outlinewidth": 0, "ticks": ""}}}], "scatter3d": [{"type": "scatter3d", "line": {"colorbar": {"outlinewidth": 0, "ticks": ""}}, "marker": {"colorbar": {"outlinewidth": 0, "ticks": ""}}}], "scattermapbox": [{"type": "scattermapbox", "marker": {"colorbar": {"outlinewidth": 0, "ticks": ""}}}], "scatterternary": [{"type": "scatterternary", "marker": {"colorbar": {"outlinewidth": 0, "ticks": ""}}}], "scattercarpet": [{"type": "scattercarpet", "marker": {"colorbar": {"outlinewidth": 0, "ticks": ""}}}], "carpet": [{"aaxis": {"endlinecolor": "#2a3f5f", "gridcolor": "white", "linecolor": "white", "minorgridcolor": "white", "startlinecolor": "#2a3f5f"}, "baxis": {"endlinecolor": "#2a3f5f", "gridcolor": "white", "linecolor": "white", "minorgridcolor": "white", "startlinecolor": "#2a3f5f"}, "type": "carpet"}], "table": [{"cells": {"fill": {"color": "#EBF0F8"}, "line": {"color": "white"}}, "header": {"fill": {"color": "#C8D4E3"}, "line": {"color": "white"}}, "type": "table"}], "barpolar": [{"marker": {"line": {"color": "#E5ECF6", "width": 0.5}, "pattern": {"fillmode": "overlay", "size": 10, "solidity": 0.2}}, "type": "barpolar"}], "pie": [{"automargin": true, "type": "pie"}]}, "layout": {"autotypenumbers": "strict", "colorway": ["#636efa", "#EF553B", "#00cc96", "#ab63fa", "#FFA15A", "#19d3f3", "#FF6692", "#B6E880", "#FF97FF", "#FECB52"], "font": {"color": "#2a3f5f"}, "hovermode": "closest", "hoverlabel": {"align": "left"}, "paper_bgcolor": "white", "plot_bgcolor": "#E5ECF6", "polar": {"bgcolor": "#E5ECF6", "angularaxis": {"gridcolor": "white", "linecolor": "white", "ticks": ""}, "radialaxis": {"gridcolor": "white", "linecolor": "white", "ticks": ""}}, "ternary": {"bgcolor": "#E5ECF6", "aaxis": {"gridcolor": "white", "linecolor": "white", "ticks": ""}, "baxis": {"gridcolor": "white", "linecolor": "white", "ticks": ""}, "caxis": {"gridcolor": "white", "linecolor": "white", "ticks": ""}}, "coloraxis": {"colorbar": {"outlinewidth": 0, "ticks": ""}}, "colorscale": {"sequential": [[0.0, "#0d0887"], [0.1111111111111111, "#46039f"], [0.2222222222222222, "#7201a8"], [0.3333333333333333, "#9c179e"], [0.4444444444444444, "#bd3786"], [0.5555555555555556, "#d8576b"], [0.6666666666666666, "#ed7953"], [0.7777777777777778, "#fb9f3a"], [0.8888888888888888, "#fdca26"], [1.0, "#f0f921"]], "sequentialminus": [[0.0, "#0d0887"], [0.1111111111111111, "#46039f"], [0.2222222222222222, "#7201a8"], [0.3333333333333333, "#9c179e"], [0.4444444444444444, "#bd3786"], [0.5555555555555556, "#d8576b"], [0.6666666666666666, "#ed7953"], [0.7777777777777778, "#fb9f3a"], [0.8888888888888888, "#fdca26"], [1.0, "#f0f921"]], "diverging": [[0, "#8e0152"], [0.1, "#c51b7d"], [0.2, "#de77ae"], [0.3, "#f1b6da"], [0.4, "#fde0ef"], [0.5, "#f7f7f7"], [0.6, "#e6f5d0"], [0.7, "#b8e186"], [0.8, "#7fbc41"], [0.9, "#4d9221"], [1, "#276419"]]}, "xaxis": {"gridcolor": "white", "linecolor": "white", "ticks": "", "title": {"standoff": 15}, "zerolinecolor": "white", "automargin": true, "zerolinewidth": 2}, "yaxis": {"gridcolor": "white", "linecolor": "white", "ticks": "", "title": {"standoff": 15}, "zerolinecolor": "white", "automargin": true, "zerolinewidth": 2}, "scene": {"xaxis": {"backgroundcolor": "#E5ECF6", "gridcolor": "white", "linecolor": "white", "showbackground": true, "ticks": "", "zerolinecolor": "white", "gridwidth": 2}, "yaxis": {"backgroundcolor": "#E5ECF6", "gridcolor": "white", "linecolor": "white", "showbackground": true, "ticks": "", "zerolinecolor": "white", "gridwidth": 2}, "zaxis": {"backgroundcolor": "#E5ECF6", "gridcolor": "white", "linecolor": "white", "showbackground": true, "ticks": "", "zerolinecolor": "white", "gridwidth": 2}}, "shapedefaults": {"line": {"color": "#2a3f5f"}}, "annotationdefaults": {"arrowcolor": "#2a3f5f", "arrowhead": 0, "arrowwidth": 1}, "geo": {"bgcolor": "white", "landcolor": "#E5ECF6", "subunitcolor": "white", "showland": true, "showlakes": true, "lakecolor": "white"}, "title": {"x": 0.05}, "mapbox": {"style": "light"}}}}}