{"data": [{"z": [[19.459331512451172, -3.0118184089660645, -0.5723577737808228, -1.2274552583694458, -3.293170690536499, -2.1230826377868652, -2.514622449874878, -0.6564729809761047, 1.424315333366394, 2.937744140625, 2.661653518676758, -1.8518604040145874, 3.3451356887817383, 0.6466473340988159, 8.192036628723145, 2.1577658653259277, -1.8235281705856323, -0.18197450041770935, -1.8438613414764404, -3.7648022174835205, -2.7662792205810547], [-3.0118184089660645, 30.393159866333008, -5.793262004852295, 1.8930021524429321, -2.6656086444854736, -4.294241428375244, -1.305870771408081, -1.1815578937530518, 0.09970290213823318, -12.204851150512695, 6.671506881713867, 2.75956130027771, -1.5843708515167236, -1.4348183870315552, -7.26003360748291, 4.073094844818115, 0.9627070426940918, -1.651391625404358, -3.0407567024230957, -5.097023010253906, -11.266800880432129], [-0.5723577737808228, -5.793262004852295, 31.442138671875, -0.20951105654239655, 9.918601989746094, 5.866588115692139, -5.070905685424805, 2.3513715267181396, 4.967920780181885, 1.0734113454818726, -4.562297821044922, -8.587223052978516, -1.910592794418335, 8.228922843933105, -7.80419397354126, -4.117798328399658, 8.876100540161133, -0.69687819480896, -4.40676212310791, 4.2548675537109375, -9.224544525146484], [-1.2274552583694458, 1.8930021524429321, -0.20951105654239655, 20.223711013793945, 0.9496190547943115, -4.242042541503906, -4.000753402709961, 0.24296507239341736, -5.00170373916626, 1.9542921781539917, -3.1473448276519775, -3.9643962383270264, 0.34658560156822205, -9.560741424560547, 4.548518180847168, -1.3905624151229858, -2.687790870666504, -3.6151695251464844, -1.1180893182754517, 2.3063292503356934, 2.546356678009033], [-3.293170690536499, -2.6656086444854736, 9.918601989746094, 0.9496190547943115, 24.048160552978516, 8.250982284545898, 0.007990206591784954, -1.0956945419311523, -4.563960552215576, -1.5725574493408203, 0.757692277431488, 3.0161807537078857, -0.08885158598423004, 4.785720348358154, -2.8577191829681396, -4.121297359466553, 4.180386543273926, 4.4807329177856445, -1.8375951051712036, -1.892392873764038, -3.8516018390655518], [-2.1230826377868652, -4.294241428375244, 5.866588115692139, -4.242042541503906, 8.250982284545898, 23.733579635620117, -2.2424890995025635, 0.4084130823612213, 3.118818521499634, -4.577309608459473, -1.2990697622299194, 2.5116360187530518, 0.6849295496940613, 2.7405378818511963, 1.6319308280944824, -5.644888877868652, 2.861274242401123, 8.575499534606934, -3.879159688949585, 3.583033800125122, -6.839138031005859], [-2.514622449874878, -1.305870771408081, -5.070905685424805, -4.000753402709961, 0.007990206591784954, -2.2424890995025635, 21.8969669342041, -1.3927005529403687, -6.374579906463623, 1.8282713890075684, 1.756090760231018, 5.862521648406982, -1.1907331943511963, 6.533576011657715, -0.4961361885070801, -0.9132670164108276, 9.233613967895508, 1.9614423513412476, -5.685858249664307, -0.7278585433959961, 0.9458112120628357], [-0.6564729809761047, -1.1815578937530518, 2.3513715267181396, 0.24296507239341736, -1.0956945419311523, 0.4084130823612213, -1.3927005529403687, 26.353546142578125, -0.8294045329093933, -5.132086753845215, -1.485209584236145, -4.9940009117126465, 1.7715182304382324, -5.200613498687744, 2.944974184036255, -3.865410089492798, 4.349422931671143, 11.00326919555664, 3.282024621963501, 11.56047248840332, 4.935853958129883], [1.424315333366394, 0.09970290213823318, 4.967920780181885, -5.00170373916626, -4.563960552215576, 3.118818521499634, -6.374579906463623, -0.8294045329093933, 21.1097469329834, 1.1384819746017456, -3.4816346168518066, 8.456148147583008, 3.2490921020507812, 5.275640964508057, -2.4265129566192627, 4.301605224609375, -5.1138787269592285, -7.257894039154053, 1.5424860715866089, -2.645536422729492, -5.374027729034424], [2.937744140625, -12.204851150512695, 1.0734113454818726, 1.9542921781539917, -1.5725574493408203, -4.577309608459473, 1.8282713890075684, -5.132086753845215, 1.1384819746017456, 24.464263916015625, -5.545522212982178, 1.3316220045089722, 4.113997936248779, 8.691455841064453, 2.4366044998168945, -1.9570049047470093, -3.4840593338012695, -6.963371753692627, 1.8387665748596191, 2.2543113231658936, 7.424703598022461], [2.661653518676758, 6.671506881713867, -4.562297821044922, -3.1473448276519775, 0.757692277431488, -1.2990697622299194, 1.756090760231018, -1.485209584236145, -3.4816346168518066, -5.545522212982178, 20.432662963867188, 4.663021564483643, -1.0804808139801025, 1.0226484537124634, -3.3278603553771973, -1.1820509433746338, 3.253042697906494, 3.599522590637207, -4.467307090759277, -2.1159515380859375, -5.529846668243408], [-1.8518604040145874, 2.75956130027771, -8.587223052978516, -3.9643962383270264, 3.0161807537078857, 2.5116360187530518, 5.862521648406982, -4.9940009117126465, 8.456148147583008, 1.3316220045089722, 4.663021564483643, 25.044721603393555, 5.474635124206543, 2.9074363708496094, -0.12351734936237335, 4.960142612457275, 6.400260925292969, -4.938999652862549, -1.7506022453308105, -6.8990864753723145, 0.36016353964805603], [3.3451356887817383, -1.5843708515167236, -1.910592794418335, 0.34658560156822205, -0.08885158598423004, 0.6849295496940613, -1.1907331943511963, 1.7715182304382324, 3.2490921020507812, 4.113997936248779, -1.0804808139801025, 5.474635124206543, 11.69151782989502, 5.447102069854736, -1.8646477460861206, -0.37356916069984436, -3.661414861679077, -0.9913649559020996, -2.5791680812835693, -3.169084310531616, 3.3245468139648438], [0.6466473340988159, -1.4348183870315552, 8.228922843933105, -9.560741424560547, 4.785720348358154, 2.7405378818511963, 6.533576011657715, -5.200613498687744, 5.275640964508057, 8.691455841064453, 1.0226484537124634, 2.9074363708496094, 5.447102069854736, 33.83079147338867, -5.571829319000244, -8.70857048034668, -0.6895921230316162, 2.56048846244812, -0.7977418899536133, -4.984591007232666, -14.375619888305664], [8.192036628723145, -7.26003360748291, -7.80419397354126, 4.548518180847168, -2.8577191829681396, 1.6319308280944824, -0.4961361885070801, 2.944974184036255, -2.4265129566192627, 2.4366044998168945, -3.3278603553771973, -0.12351734936237335, -1.8646477460861206, -5.571829319000244, 31.701622009277344, -4.896453380584717, 3.2991228103637695, -3.1989526748657227, 11.775798797607422, -1.3537287712097168, 1.270595669746399], [2.1577658653259277, 4.073094844818115, -4.117798328399658, -1.3905624151229858, -4.121297359466553, -5.644888877868652, -0.9132670164108276, -3.865410089492798, 4.301605224609375, -1.9570049047470093, -1.1820509433746338, 4.960142612457275, -0.37356916069984436, -8.70857048034668, -4.896453380584717, 21.79878044128418, -0.6298084855079651, -3.0525076389312744, 5.189830780029297, -5.891055107116699, 6.14530086517334], [-1.8235284090042114, 0.9627065062522888, 8.876099586486816, -2.687791347503662, 4.180386543273926, 2.861274003982544, 9.233614921569824, 4.349423408508301, -5.1138787269592285, -3.4840598106384277, 3.253044366836548, 6.400260925292969, -3.661414384841919, -0.6895920038223267, 3.299121856689453, -0.6298087239265442, 27.972761154174805, 3.039318084716797, -3.552481174468994, 2.1595492362976074, -0.910018265247345], [-0.18197454512119293, -1.6513911485671997, -0.6968775987625122, -3.6151695251464844, 4.480733394622803, 8.575498580932617, 1.961441993713379, 11.003268241882324, -7.2578935623168945, -6.963372230529785, 3.5995230674743652, -4.938999176025391, -0.9913651347160339, 2.560488224029541, -3.1989521980285645, -3.0525083541870117, 3.039318084716797, 20.430620193481445, 2.1017768383026123, 8.161391258239746, -1.6790761947631836], [-1.8438613414764404, -3.040756940841675, -4.406761169433594, -1.118089199066162, -1.8375946283340454, -3.879159688949585, -5.685858726501465, 3.28202486038208, 1.5424859523773193, 1.8387668132781982, -4.4673075675964355, -1.7506026029586792, -2.579167604446411, -0.797741711139679, 11.775797843933105, 5.189830780029297, -3.552481174468994, 2.1017768383026123, 25.44188117980957, -5.102603912353516, -0.2716989517211914], [-3.7648022174835205, -5.097023963928223, 4.2548675537109375, 2.3063292503356934, -1.8923927545547485, 3.5830345153808594, -0.7278581857681274, 11.560470581054688, -2.6455366611480713, 2.2543115615844727, -2.1159515380859375, -6.899087429046631, -3.169084310531616, -4.984591007232666, -1.3537286520004272, -5.891055107116699, 2.1595492362976074, 8.161391258239746, -5.102603912353516, 24.62344741821289, 4.293967247009277], [-2.7662792205810547, -11.266799926757812, -9.224544525146484, 2.546356201171875, -3.85160231590271, -6.839137554168701, 0.9458109140396118, 4.935853958129883, -5.374027729034424, 7.424703598022461, -5.52984619140625, 0.36016297340393066, 3.3245468139648438, -14.375619888305664, 1.2705960273742676, 6.145301342010498, -0.910017728805542, -1.679076910018921, -0.2716989517211914, 4.293967247009277, 31.52509117126465]], "type": "heatmap"}], "layout": {"template": {"data": {"histogram2dcontour": [{"type": "histogram2dcontour", "colorbar": {"outlinewidth": 0, "ticks": ""}, "colorscale": [[0.0, "#0d0887"], [0.1111111111111111, "#46039f"], [0.2222222222222222, "#7201a8"], [0.3333333333333333, "#9c179e"], [0.4444444444444444, "#bd3786"], [0.5555555555555556, "#d8576b"], [0.6666666666666666, "#ed7953"], [0.7777777777777778, "#fb9f3a"], [0.8888888888888888, "#fdca26"], [1.0, "#f0f921"]]}], "choropleth": [{"type": "choropleth", "colorbar": {"outlinewidth": 0, "ticks": ""}}], "histogram2d": [{"type": "histogram2d", "colorbar": {"outlinewidth": 0, "ticks": ""}, "colorscale": [[0.0, "#0d0887"], [0.1111111111111111, "#46039f"], [0.2222222222222222, "#7201a8"], [0.3333333333333333, "#9c179e"], [0.4444444444444444, "#bd3786"], [0.5555555555555556, "#d8576b"], [0.6666666666666666, "#ed7953"], [0.7777777777777778, "#fb9f3a"], [0.8888888888888888, "#fdca26"], [1.0, "#f0f921"]]}], "heatmap": [{"type": "heatmap", "colorbar": {"outlinewidth": 0, "ticks": ""}, "colorscale": [[0.0, "#0d0887"], [0.1111111111111111, "#46039f"], [0.2222222222222222, "#7201a8"], [0.3333333333333333, "#9c179e"], [0.4444444444444444, "#bd3786"], [0.5555555555555556, "#d8576b"], [0.6666666666666666, "#ed7953"], [0.7777777777777778, "#fb9f3a"], [0.8888888888888888, "#fdca26"], [1.0, "#f0f921"]]}], "heatmapgl": [{"type": "heatmapgl", "colorbar": {"outlinewidth": 0, "ticks": ""}, "colorscale": [[0.0, "#0d0887"], [0.1111111111111111, "#46039f"], [0.2222222222222222, "#7201a8"], [0.3333333333333333, "#9c179e"], [0.4444444444444444, "#bd3786"], [0.5555555555555556, "#d8576b"], [0.6666666666666666, "#ed7953"], [0.7777777777777778, "#fb9f3a"], [0.8888888888888888, "#fdca26"], [1.0, "#f0f921"]]}], "contourcarpet": [{"type": "contourcarpet", "colorbar": {"outlinewidth": 0, "ticks": ""}}], "contour": [{"type": "contour", "colorbar": {"outlinewidth": 0, "ticks": ""}, "colorscale": [[0.0, "#0d0887"], [0.1111111111111111, "#46039f"], [0.2222222222222222, "#7201a8"], [0.3333333333333333, "#9c179e"], [0.4444444444444444, "#bd3786"], [0.5555555555555556, "#d8576b"], [0.6666666666666666, "#ed7953"], [0.7777777777777778, "#fb9f3a"], [0.8888888888888888, "#fdca26"], [1.0, "#f0f921"]]}], "surface": [{"type": "surface", "colorbar": {"outlinewidth": 0, "ticks": ""}, "colorscale": [[0.0, "#0d0887"], [0.1111111111111111, "#46039f"], [0.2222222222222222, "#7201a8"], [0.3333333333333333, "#9c179e"], [0.4444444444444444, "#bd3786"], [0.5555555555555556, "#d8576b"], [0.6666666666666666, "#ed7953"], [0.7777777777777778, "#fb9f3a"], [0.8888888888888888, "#fdca26"], [1.0, "#f0f921"]]}], "mesh3d": [{"type": "mesh3d", "colorbar": {"outlinewidth": 0, "ticks": ""}}], "scatter": [{"fillpattern": {"fillmode": "overlay", "size": 10, "solidity": 0.2}, "type": "scatter"}], "parcoords": [{"type": "parcoords", "line": {"colorbar": {"outlinewidth": 0, "ticks": ""}}}], "scatterpolargl": [{"type": "scatterpolargl", "marker": {"colorbar": {"outlinewidth": 0, "ticks": ""}}}], "bar": [{"error_x": {"color": "#2a3f5f"}, "error_y": {"color": "#2a3f5f"}, "marker": {"line": {"color": "#E5ECF6", "width": 0.5}, "pattern": {"fillmode": "overlay", "size": 10, "solidity": 0.2}}, "type": "bar"}], "scattergeo": [{"type": "scattergeo", "marker": {"colorbar": {"outlinewidth": 0, "ticks": ""}}}], "scatterpolar": [{"type": "scatterpolar", "marker": {"colorbar": {"outlinewidth": 0, "ticks": ""}}}], "histogram": [{"marker": {"pattern": {"fillmode": "overlay", "size": 10, "solidity": 0.2}}, "type": "histogram"}], "scattergl": [{"type": "scattergl", "marker": {"colorbar": {"outlinewidth": 0, "ticks": ""}}}], "scatter3d": [{"type": "scatter3d", "line": {"colorbar": {"outlinewidth": 0, "ticks": ""}}, "marker": {"colorbar": {"outlinewidth": 0, "ticks": ""}}}], "scattermapbox": [{"type": "scattermapbox", "marker": {"colorbar": {"outlinewidth": 0, "ticks": ""}}}], "scatterternary": [{"type": "scatterternary", "marker": {"colorbar": {"outlinewidth": 0, "ticks": ""}}}], "scattercarpet": [{"type": "scattercarpet", "marker": {"colorbar": {"outlinewidth": 0, "ticks": ""}}}], "carpet": [{"aaxis": {"endlinecolor": "#2a3f5f", "gridcolor": "white", "linecolor": "white", "minorgridcolor": "white", "startlinecolor": "#2a3f5f"}, "baxis": {"endlinecolor": "#2a3f5f", "gridcolor": "white", "linecolor": "white", "minorgridcolor": "white", "startlinecolor": "#2a3f5f"}, "type": "carpet"}], "table": [{"cells": {"fill": {"color": "#EBF0F8"}, "line": {"color": "white"}}, "header": {"fill": {"color": "#C8D4E3"}, "line": {"color": "white"}}, "type": "table"}], "barpolar": [{"marker": {"line": {"color": "#E5ECF6", "width": 0.5}, "pattern": {"fillmode": "overlay", "size": 10, "solidity": 0.2}}, "type": "barpolar"}], "pie": [{"automargin": true, "type": "pie"}]}, "layout": {"autotypenumbers": "strict", "colorway": ["#636efa", "#EF553B", "#00cc96", "#ab63fa", "#FFA15A", "#19d3f3", "#FF6692", "#B6E880", "#FF97FF", "#FECB52"], "font": {"color": "#2a3f5f"}, "hovermode": "closest", "hoverlabel": {"align": "left"}, "paper_bgcolor": "white", "plot_bgcolor": "#E5ECF6", "polar": {"bgcolor": "#E5ECF6", "angularaxis": {"gridcolor": "white", "linecolor": "white", "ticks": ""}, "radialaxis": {"gridcolor": "white", "linecolor": "white", "ticks": ""}}, "ternary": {"bgcolor": "#E5ECF6", "aaxis": {"gridcolor": "white", "linecolor": "white", "ticks": ""}, "baxis": {"gridcolor": "white", "linecolor": "white", "ticks": ""}, "caxis": {"gridcolor": "white", "linecolor": "white", "ticks": ""}}, "coloraxis": {"colorbar": {"outlinewidth": 0, "ticks": ""}}, "colorscale": {"sequential": [[0.0, "#0d0887"], [0.1111111111111111, "#46039f"], [0.2222222222222222, "#7201a8"], [0.3333333333333333, "#9c179e"], [0.4444444444444444, "#bd3786"], [0.5555555555555556, "#d8576b"], [0.6666666666666666, "#ed7953"], [0.7777777777777778, "#fb9f3a"], [0.8888888888888888, "#fdca26"], [1.0, "#f0f921"]], "sequentialminus": [[0.0, "#0d0887"], [0.1111111111111111, "#46039f"], [0.2222222222222222, "#7201a8"], [0.3333333333333333, "#9c179e"], [0.4444444444444444, "#bd3786"], [0.5555555555555556, "#d8576b"], [0.6666666666666666, "#ed7953"], [0.7777777777777778, "#fb9f3a"], [0.8888888888888888, "#fdca26"], [1.0, "#f0f921"]], "diverging": [[0, "#8e0152"], [0.1, "#c51b7d"], [0.2, "#de77ae"], [0.3, "#f1b6da"], [0.4, "#fde0ef"], [0.5, "#f7f7f7"], [0.6, "#e6f5d0"], [0.7, "#b8e186"], [0.8, "#7fbc41"], [0.9, "#4d9221"], [1, "#276419"]]}, "xaxis": {"gridcolor": "white", "linecolor": "white", "ticks": "", "title": {"standoff": 15}, "zerolinecolor": "white", "automargin": true, "zerolinewidth": 2}, "yaxis": {"gridcolor": "white", "linecolor": "white", "ticks": "", "title": {"standoff": 15}, "zerolinecolor": "white", "automargin": true, "zerolinewidth": 2}, "scene": {"xaxis": {"backgroundcolor": "#E5ECF6", "gridcolor": "white", "linecolor": "white", "showbackground": true, "ticks": "", "zerolinecolor": "white", "gridwidth": 2}, "yaxis": {"backgroundcolor": "#E5ECF6", "gridcolor": "white", "linecolor": "white", "showbackground": true, "ticks": "", "zerolinecolor": "white", "gridwidth": 2}, "zaxis": {"backgroundcolor": "#E5ECF6", "gridcolor": "white", "linecolor": "white", "showbackground": true, "ticks": "", "zerolinecolor": "white", "gridwidth": 2}}, "shapedefaults": {"line": {"color": "#2a3f5f"}}, "annotationdefaults": {"arrowcolor": "#2a3f5f", "arrowhead": 0, "arrowwidth": 1}, "geo": {"bgcolor": "white", "landcolor": "#E5ECF6", "subunitcolor": "white", "showland": true, "showlakes": true, "lakecolor": "white"}, "title": {"x": 0.05}, "mapbox": {"style": "light"}}}}}