{"data": [{"z": [[19.867109298706055, -2.8615546226501465, -0.5843164920806885, -1.2032911777496338, -3.3550612926483154, -2.2333109378814697, -2.5238497257232666, -0.6493929028511047, 1.3610903024673462, 3.015543222427368, 2.711679220199585, -1.8306810855865479, 3.374145984649658, 0.7019662261009216, 8.435623168945312, 2.227966547012329, -1.8494690656661987, -0.22625017166137695, -1.7130422592163086, -3.877060890197754, -2.8186960220336914], [-2.8615546226501465, 30.71973991394043, -5.9183878898620605, 1.8600099086761475, -2.7497823238372803, -4.3608269691467285, -1.282036304473877, -1.2438292503356934, 0.09879647195339203, -12.271495819091797, 6.7648820877075195, 2.832430601119995, -1.6246795654296875, -1.4365633726119995, -7.1658525466918945, 4.157938480377197, 0.8929715156555176, -1.7130404710769653, -2.919800281524658, -5.222095012664795, -11.341447830200195], [-0.5843164920806885, -5.9183878898620605, 31.776081085205078, -0.13993796706199646, 10.035126686096191, 6.019323348999023, -5.105260848999023, 2.459299087524414, 5.013488292694092, 1.1225535869598389, -4.6380391120910645, -8.517473220825195, -1.8634923696517944, 8.361361503601074, -7.955624103546143, -4.083848476409912, 9.064594268798828, -0.6292123794555664, -4.420741558074951, 4.338065147399902, -9.279361724853516], [-1.2032911777496338, 1.8600099086761475, -0.13993796706199646, 20.34928321838379, 0.9069600701332092, -4.250555992126465, -4.0118207931518555, 0.25700417160987854, -5.098601341247559, 2.0243096351623535, -3.207721710205078, -3.9838156700134277, 0.33942022919654846, -9.616996765136719, 4.525437831878662, -1.3889923095703125, -2.691260814666748, -3.645087242126465, -1.1236474514007568, 2.3679442405700684, 2.5716114044189453], [-3.3550612926483154, -2.7497823238372803, 10.035126686096191, 0.9069600701332092, 24.197717666625977, 8.339242935180664, 0.03973635658621788, -1.0932890176773071, -4.629908561706543, -1.6061853170394897, 0.742182731628418, 3.0849623680114746, -0.10507523268461227, 4.836604118347168, -2.8835110664367676, -4.168056488037109, 4.212770462036133, 4.520017623901367, -1.8587009906768799, -1.9089007377624512, -3.863408327102661], [-2.2333109378814697, -4.3608269691467285, 6.019323348999023, -4.250555992126465, 8.339242935180664, 23.905302047729492, -2.2563576698303223, 0.47838398814201355, 3.111823797225952, -4.636606693267822, -1.2877637147903442, 2.6159591674804688, 0.6885533332824707, 2.805236339569092, 1.6421728134155273, -5.658573627471924, 2.9529547691345215, 8.687588691711426, -3.8940491676330566, 3.6157803535461426, -6.877700328826904], [-2.5238497257232666, -1.282036304473877, -5.105260848999023, -4.0118207931518555, 0.03973635658621788, -2.2563576698303223, 22.14870262145996, -1.4280529022216797, -6.481934070587158, 1.8853989839553833, 1.7962390184402466, 5.916971683502197, -1.260926365852356, 6.52962589263916, -0.4928129315376282, -0.8844698667526245, 9.285484313964844, 1.97674560546875, -5.791490077972412, -0.7035349607467651, 0.9901612997055054], [-0.6493929028511047, -1.2438292503356934, 2.459299087524414, 0.25700417160987854, -1.0932890176773071, 0.47838398814201355, -1.4280529022216797, 26.578271865844727, -0.8434701561927795, -5.1199445724487305, -1.519952654838562, -4.935327053070068, 1.8622589111328125, -5.170447826385498, 2.9115333557128906, -3.911496877670288, 4.426937580108643, 11.111406326293945, 3.313528299331665, 11.697408676147461, 4.938358783721924], [1.3610903024673462, 0.09879647195339203, 5.013488292694092, -5.098601341247559, -4.629908561706543, 3.111823797225952, -6.481934070587158, -0.8434701561927795, 21.243263244628906, 1.0837050676345825, -3.4446451663970947, 8.548726081848145, 3.276369094848633, 5.34785270690918, -2.4848361015319824, 4.2986741065979, -5.15695858001709, -7.350499629974365, 1.554215431213379, -2.711865186691284, -5.389524459838867], [3.015543222427368, -12.271495819091797, 1.1225535869598389, 2.0243096351623535, -1.6061853170394897, -4.636606693267822, 1.8853989839553833, -5.1199445724487305, 1.0837050676345825, 24.705625534057617, -5.625630855560303, 1.3248227834701538, 4.158242702484131, 8.727031707763672, 2.385310173034668, -1.9595239162445068, -3.488154172897339, -7.01560115814209, 1.774768590927124, 2.335413932800293, 7.481163024902344], [2.711679220199585, 6.7648820877075195, -4.6380391120910645, -3.207721710205078, 0.742182731628418, -1.2877637147903442, 1.7962390184402466, -1.519952654838562, -3.4446451663970947, -5.625630855560303, 20.629268646240234, 4.771871566772461, -1.1245195865631104, 1.0496848821640015, -3.2171969413757324, -1.166737675666809, 3.250260353088379, 3.6185388565063477, -4.455630302429199, -2.2129359245300293, -5.600702285766602], [-1.8306810855865479, 2.832430601119995, -8.517473220825195, -3.9838156700134277, 3.0849623680114746, 2.6159591674804688, 5.916971683502197, -4.935327053070068, 8.548726081848145, 1.3248227834701538, 4.771871566772461, 25.293781280517578, 5.544438362121582, 2.9958393573760986, -0.011636040173470974, 5.051531791687012, 6.528750419616699, -4.90141487121582, -1.6936858892440796, -6.951657772064209, 0.2997211515903473], [3.374145984649658, -1.6246795654296875, -1.8634923696517944, 0.33942022919654846, -0.10507523268461227, 0.6885533332824707, -1.260926365852356, 1.8622589111328125, 3.276369094848633, 4.158242702484131, -1.1245195865631104, 5.544438362121582, 11.788753509521484, 5.483075141906738, -1.9224982261657715, -0.3843872845172882, -3.6627073287963867, -0.9918830394744873, -2.556401014328003, -3.1684515476226807, 3.357170581817627], [0.7019662261009216, -1.4365633726119995, 8.361361503601074, -9.616996765136719, 4.836604118347168, 2.805236339569092, 6.52962589263916, -5.170447826385498, 5.34785270690918, 8.727031707763672, 1.0496848821640015, 2.9958393573760986, 5.483075141906738, 34.01631164550781, -5.589564800262451, -8.713994026184082, -0.6171607971191406, 2.5749518871307373, -0.7706003189086914, -5.027251243591309, -14.433934211730957], [8.435623168945312, -7.1658525466918945, -7.955624103546143, 4.525437831878662, -2.8835110664367676, 1.6421728134155273, -0.4928129315376282, 2.9115333557128906, -2.4848361015319824, 2.385310173034668, -3.2171969413757324, -0.011636040173470974, -1.9224982261657715, -5.589564800262451, 32.18732452392578, -4.869169235229492, 3.3254990577697754, -3.232381820678711, 12.023265838623047, -1.4464223384857178, 1.2033311128616333], [2.227966547012329, 4.157938480377197, -4.083848476409912, -1.3889923095703125, -4.168056488037109, -5.658573627471924, -0.8844698667526245, -3.911496877670288, 4.2986741065979, -1.9595239162445068, -1.166737675666809, 5.051531791687012, -0.3843872845172882, -8.713994026184082, -4.869169235229492, 21.974817276000977, -0.6163169145584106, -3.0736913681030273, 5.2633514404296875, -5.965853214263916, 6.139196395874023], [-1.8494690656661987, 0.8929718732833862, 9.064594268798828, -2.691260576248169, 4.212770462036133, 2.9529545307159424, 9.28548526763916, 4.426937580108643, -5.156958103179932, -3.4881551265716553, 3.2502617835998535, 6.528749942779541, -3.662707805633545, -0.617160975933075, 3.3254988193511963, -0.6163168549537659, 28.15508270263672, 3.083420753479004, -3.551236629486084, 2.17270565032959, -0.9170472025871277], [-0.22625033557415009, -1.7130402326583862, -0.6292124390602112, -3.6450870037078857, 4.520017623901367, 8.68758773803711, 1.976745843887329, 11.111404418945312, -7.350499629974365, -7.015601634979248, 3.6185390949249268, -4.90141487121582, -0.9918829202651978, 2.5749521255493164, -3.232381820678711, -3.0736918449401855, 3.083420753479004, 20.574382781982422, 2.1157889366149902, 8.239645957946777, -1.6836305856704712], [-1.7130420207977295, -2.9198009967803955, -4.420740604400635, -1.1236472129821777, -1.8587011098861694, -3.894049644470215, -5.7914910316467285, 3.3135273456573486, 1.5542153120040894, 1.7747688293457031, -4.455629825592041, -1.693685531616211, -2.556400775909424, -0.7706000804901123, 12.02326488494873, 5.2633514404296875, -3.551236629486084, 2.1157889366149902, 25.701309204101562, -5.227583885192871, -0.32937127351760864], [-3.877060651779175, -5.222094535827637, 4.338064670562744, 2.3679442405700684, -1.9089009761810303, 3.615780830383301, -0.7035351395606995, 11.697408676147461, -2.7118656635284424, 2.3354134559631348, -2.2129364013671875, -6.951658248901367, -3.1684515476226807, -5.027252197265625, -1.4464226961135864, -5.965853691101074, 2.17270565032959, 8.239645957946777, -5.227583885192871, 24.864028930664062, 4.3600382804870605], [-2.8186960220336914, -11.341447830200195, -9.279362678527832, 2.5716116428375244, -3.8634085655212402, -6.877699851989746, 0.9901614189147949, 4.938358306884766, -5.389525413513184, 7.48116397857666, -5.600702285766602, 0.29972100257873535, 3.357171058654785, -14.433934211730957, 1.203331470489502, 6.139196395874023, -0.9170477390289307, -1.6836299896240234, -0.32937145233154297, 4.3600382804870605, 31.52509117126465]], "type": "heatmap"}], "layout": {"template": {"data": {"histogram2dcontour": [{"type": "histogram2dcontour", "colorbar": {"outlinewidth": 0, "ticks": ""}, "colorscale": [[0.0, "#0d0887"], [0.1111111111111111, "#46039f"], [0.2222222222222222, "#7201a8"], [0.3333333333333333, "#9c179e"], [0.4444444444444444, "#bd3786"], [0.5555555555555556, "#d8576b"], [0.6666666666666666, "#ed7953"], [0.7777777777777778, "#fb9f3a"], [0.8888888888888888, "#fdca26"], [1.0, "#f0f921"]]}], "choropleth": [{"type": "choropleth", "colorbar": {"outlinewidth": 0, "ticks": ""}}], "histogram2d": [{"type": "histogram2d", "colorbar": {"outlinewidth": 0, "ticks": ""}, "colorscale": [[0.0, "#0d0887"], [0.1111111111111111, "#46039f"], [0.2222222222222222, "#7201a8"], [0.3333333333333333, "#9c179e"], [0.4444444444444444, "#bd3786"], [0.5555555555555556, "#d8576b"], [0.6666666666666666, "#ed7953"], [0.7777777777777778, "#fb9f3a"], [0.8888888888888888, "#fdca26"], [1.0, "#f0f921"]]}], "heatmap": [{"type": "heatmap", "colorbar": {"outlinewidth": 0, "ticks": ""}, "colorscale": [[0.0, "#0d0887"], [0.1111111111111111, "#46039f"], [0.2222222222222222, "#7201a8"], [0.3333333333333333, "#9c179e"], [0.4444444444444444, "#bd3786"], [0.5555555555555556, "#d8576b"], [0.6666666666666666, "#ed7953"], [0.7777777777777778, "#fb9f3a"], [0.8888888888888888, "#fdca26"], [1.0, "#f0f921"]]}], "heatmapgl": [{"type": "heatmapgl", "colorbar": {"outlinewidth": 0, "ticks": ""}, "colorscale": [[0.0, "#0d0887"], [0.1111111111111111, "#46039f"], [0.2222222222222222, "#7201a8"], [0.3333333333333333, "#9c179e"], [0.4444444444444444, "#bd3786"], [0.5555555555555556, "#d8576b"], [0.6666666666666666, "#ed7953"], [0.7777777777777778, "#fb9f3a"], [0.8888888888888888, "#fdca26"], [1.0, "#f0f921"]]}], "contourcarpet": [{"type": "contourcarpet", "colorbar": {"outlinewidth": 0, "ticks": ""}}], "contour": [{"type": "contour", "colorbar": {"outlinewidth": 0, "ticks": ""}, "colorscale": [[0.0, "#0d0887"], [0.1111111111111111, "#46039f"], [0.2222222222222222, "#7201a8"], [0.3333333333333333, "#9c179e"], [0.4444444444444444, "#bd3786"], [0.5555555555555556, "#d8576b"], [0.6666666666666666, "#ed7953"], [0.7777777777777778, "#fb9f3a"], [0.8888888888888888, "#fdca26"], [1.0, "#f0f921"]]}], "surface": [{"type": "surface", "colorbar": {"outlinewidth": 0, "ticks": ""}, "colorscale": [[0.0, "#0d0887"], [0.1111111111111111, "#46039f"], [0.2222222222222222, "#7201a8"], [0.3333333333333333, "#9c179e"], [0.4444444444444444, "#bd3786"], [0.5555555555555556, "#d8576b"], [0.6666666666666666, "#ed7953"], [0.7777777777777778, "#fb9f3a"], [0.8888888888888888, "#fdca26"], [1.0, "#f0f921"]]}], "mesh3d": [{"type": "mesh3d", "colorbar": {"outlinewidth": 0, "ticks": ""}}], "scatter": [{"fillpattern": {"fillmode": "overlay", "size": 10, "solidity": 0.2}, "type": "scatter"}], "parcoords": [{"type": "parcoords", "line": {"colorbar": {"outlinewidth": 0, "ticks": ""}}}], "scatterpolargl": [{"type": "scatterpolargl", "marker": {"colorbar": {"outlinewidth": 0, "ticks": ""}}}], "bar": [{"error_x": {"color": "#2a3f5f"}, "error_y": {"color": "#2a3f5f"}, "marker": {"line": {"color": "#E5ECF6", "width": 0.5}, "pattern": {"fillmode": "overlay", "size": 10, "solidity": 0.2}}, "type": "bar"}], "scattergeo": [{"type": "scattergeo", "marker": {"colorbar": {"outlinewidth": 0, "ticks": ""}}}], "scatterpolar": [{"type": "scatterpolar", "marker": {"colorbar": {"outlinewidth": 0, "ticks": ""}}}], "histogram": [{"marker": {"pattern": {"fillmode": "overlay", "size": 10, "solidity": 0.2}}, "type": "histogram"}], "scattergl": [{"type": "scattergl", "marker": {"colorbar": {"outlinewidth": 0, "ticks": ""}}}], "scatter3d": [{"type": "scatter3d", "line": {"colorbar": {"outlinewidth": 0, "ticks": ""}}, "marker": {"colorbar": {"outlinewidth": 0, "ticks": ""}}}], "scattermapbox": [{"type": "scattermapbox", "marker": {"colorbar": {"outlinewidth": 0, "ticks": ""}}}], "scatterternary": [{"type": "scatterternary", "marker": {"colorbar": {"outlinewidth": 0, "ticks": ""}}}], "scattercarpet": [{"type": "scattercarpet", "marker": {"colorbar": {"outlinewidth": 0, "ticks": ""}}}], "carpet": [{"aaxis": {"endlinecolor": "#2a3f5f", "gridcolor": "white", "linecolor": "white", "minorgridcolor": "white", "startlinecolor": "#2a3f5f"}, "baxis": {"endlinecolor": "#2a3f5f", "gridcolor": "white", "linecolor": "white", "minorgridcolor": "white", "startlinecolor": "#2a3f5f"}, "type": "carpet"}], "table": [{"cells": {"fill": {"color": "#EBF0F8"}, "line": {"color": "white"}}, "header": {"fill": {"color": "#C8D4E3"}, "line": {"color": "white"}}, "type": "table"}], "barpolar": [{"marker": {"line": {"color": "#E5ECF6", "width": 0.5}, "pattern": {"fillmode": "overlay", "size": 10, "solidity": 0.2}}, "type": "barpolar"}], "pie": [{"automargin": true, "type": "pie"}]}, "layout": {"autotypenumbers": "strict", "colorway": ["#636efa", "#EF553B", "#00cc96", "#ab63fa", "#FFA15A", "#19d3f3", "#FF6692", "#B6E880", "#FF97FF", "#FECB52"], "font": {"color": "#2a3f5f"}, "hovermode": "closest", "hoverlabel": {"align": "left"}, "paper_bgcolor": "white", "plot_bgcolor": "#E5ECF6", "polar": {"bgcolor": "#E5ECF6", "angularaxis": {"gridcolor": "white", "linecolor": "white", "ticks": ""}, "radialaxis": {"gridcolor": "white", "linecolor": "white", "ticks": ""}}, "ternary": {"bgcolor": "#E5ECF6", "aaxis": {"gridcolor": "white", "linecolor": "white", "ticks": ""}, "baxis": {"gridcolor": "white", "linecolor": "white", "ticks": ""}, "caxis": {"gridcolor": "white", "linecolor": "white", "ticks": ""}}, "coloraxis": {"colorbar": {"outlinewidth": 0, "ticks": ""}}, "colorscale": {"sequential": [[0.0, "#0d0887"], [0.1111111111111111, "#46039f"], [0.2222222222222222, "#7201a8"], [0.3333333333333333, "#9c179e"], [0.4444444444444444, "#bd3786"], [0.5555555555555556, "#d8576b"], [0.6666666666666666, "#ed7953"], [0.7777777777777778, "#fb9f3a"], [0.8888888888888888, "#fdca26"], [1.0, "#f0f921"]], "sequentialminus": [[0.0, "#0d0887"], [0.1111111111111111, "#46039f"], [0.2222222222222222, "#7201a8"], [0.3333333333333333, "#9c179e"], [0.4444444444444444, "#bd3786"], [0.5555555555555556, "#d8576b"], [0.6666666666666666, "#ed7953"], [0.7777777777777778, "#fb9f3a"], [0.8888888888888888, "#fdca26"], [1.0, "#f0f921"]], "diverging": [[0, "#8e0152"], [0.1, "#c51b7d"], [0.2, "#de77ae"], [0.3, "#f1b6da"], [0.4, "#fde0ef"], [0.5, "#f7f7f7"], [0.6, "#e6f5d0"], [0.7, "#b8e186"], [0.8, "#7fbc41"], [0.9, "#4d9221"], [1, "#276419"]]}, "xaxis": {"gridcolor": "white", "linecolor": "white", "ticks": "", "title": {"standoff": 15}, "zerolinecolor": "white", "automargin": true, "zerolinewidth": 2}, "yaxis": {"gridcolor": "white", "linecolor": "white", "ticks": "", "title": {"standoff": 15}, "zerolinecolor": "white", "automargin": true, "zerolinewidth": 2}, "scene": {"xaxis": {"backgroundcolor": "#E5ECF6", "gridcolor": "white", "linecolor": "white", "showbackground": true, "ticks": "", "zerolinecolor": "white", "gridwidth": 2}, "yaxis": {"backgroundcolor": "#E5ECF6", "gridcolor": "white", "linecolor": "white", "showbackground": true, "ticks": "", "zerolinecolor": "white", "gridwidth": 2}, "zaxis": {"backgroundcolor": "#E5ECF6", "gridcolor": "white", "linecolor": "white", "showbackground": true, "ticks": "", "zerolinecolor": "white", "gridwidth": 2}}, "shapedefaults": {"line": {"color": "#2a3f5f"}}, "annotationdefaults": {"arrowcolor": "#2a3f5f", "arrowhead": 0, "arrowwidth": 1}, "geo": {"bgcolor": "white", "landcolor": "#E5ECF6", "subunitcolor": "white", "showland": true, "showlakes": true, "lakecolor": "white"}, "title": {"x": 0.05}, "mapbox": {"style": "light"}}}}}