{"data": [{"z": [[19.373741149902344, -3.028428077697754, -0.5634726881980896, -1.225770115852356, -3.284090518951416, -2.0797677040100098, -2.502046585083008, -0.6433199048042297, 1.436120629310608, 2.9270830154418945, 2.6654398441314697, -1.8320788145065308, 3.347557306289673, 0.6436899304389954, 8.164663314819336, 2.151146650314331, -1.7950069904327393, -0.15966691076755524, -1.860392689704895, -3.739487648010254, -2.7645866870880127], [-3.028428077697754, 30.347984313964844, -5.768752098083496, 1.8977329730987549, -2.6519742012023926, -4.279229640960693, -1.3029391765594482, -1.1683931350708008, 0.10486431419849396, -12.193622589111328, 6.662182807922363, 2.7590131759643555, -1.5711404085159302, -1.4306915998458862, -7.26551628112793, 4.062372207641602, 0.9843168258666992, -1.6357183456420898, -3.0537261962890625, -5.079137802124023, -11.260760307312012], [-0.5634726881980896, -5.768752098083496, 31.38764762878418, -0.21191173791885376, 9.900599479675293, 5.844297409057617, -5.06540584564209, 2.3370110988616943, 4.9552388191223145, 1.0812902450561523, -4.549723148345947, -8.590168952941895, -1.912297248840332, 8.204604148864746, -7.765651702880859, -4.11637020111084, 8.844671249389648, -0.7009556293487549, -4.406250953674316, 4.244747161865234, -9.215548515319824], [-1.225770115852356, 1.8977329730987549, -0.21191173791885376, 20.19039535522461, 0.9519153237342834, -4.236153602600098, -3.996934175491333, 0.24678051471710205, -4.9919939041137695, 1.9443144798278809, -3.1335792541503906, -3.953953981399536, 0.3477410078048706, -9.549354553222656, 4.5587663650512695, -1.3896713256835938, -2.6801517009735107, -3.604046583175659, -1.1157593727111816, 2.297248363494873, 2.543050765991211], [-3.284090518951416, -2.6519742012023926, 9.900599479675293, 0.9519153237342834, 24.01474380493164, 8.231966972351074, -0.007760327775031328, -1.1039116382598877, -4.5644450187683105, -1.5589908361434937, 0.7553943991661072, 3.0050437450408936, -0.09210573136806488, 4.77415132522583, -2.84108567237854, -4.1154327392578125, 4.171525955200195, 4.472215175628662, -1.8366965055465698, -1.894801139831543, -3.8466227054595947], [-2.0797677040100098, -4.279229640960693, 5.844297409057617, -4.236153602600098, 8.231966972351074, 23.70035743713379, -2.2399330139160156, 0.3980611264705658, 3.1088130474090576, -4.560773849487305, -1.2995710372924805, 2.4972596168518066, 0.6853182911872864, 2.7279934883117676, 1.6365424394607544, -5.641185283660889, 2.8437716960906982, 8.55703353881836, -3.8717634677886963, 3.580451011657715, -6.831681251525879], [-2.502046585083008, -1.3029391765594482, -5.06540584564209, -3.996934175491333, -0.007760327775031328, -2.2399330139160156, 21.844751358032227, -1.3860970735549927, -6.35943603515625, 1.8136135339736938, 1.7542892694473267, 5.869303226470947, -1.1718802452087402, 6.534246444702148, -0.4849926829338074, -0.915882408618927, 9.237951278686523, 1.9557899236679077, -5.658885955810547, -0.7323240041732788, 0.9371684789657593], [-0.6433199048042297, -1.1683931350708008, 2.3370110988616943, 0.24678051471710205, -1.1039116382598877, 0.3980611264705658, -1.3860970735549927, 26.316396713256836, -0.8358802795410156, -5.1202473640441895, -1.4760150909423828, -5.000087261199951, 1.756541132926941, -5.207408905029297, 2.962507486343384, -3.8519933223724365, 4.332396030426025, 10.991170883178711, 3.278369426727295, 11.54184341430664, 4.937188148498535], [1.436120629310608, 0.10486431419849396, 4.9552388191223145, -4.9919939041137695, -4.5644450187683105, 3.1088130474090576, -6.35943603515625, -0.8358802795410156, 21.075822830200195, 1.1524804830551147, -3.490561008453369, 8.436095237731934, 3.2390928268432617, 5.2605509757995605, -2.4133152961730957, 4.305089950561523, -5.115149974822998, -7.24813175201416, 1.5374575853347778, -2.642068862915039, -5.363915920257568], [2.9270830154418945, -12.193622589111328, 1.0812902450561523, 1.9443144798278809, -1.5589908361434937, -4.560773849487305, 1.8136135339736938, -5.1202473640441895, 1.1524804830551147, 24.423385620117188, -5.52899169921875, 1.3406267166137695, 4.115583419799805, 8.691699028015137, 2.4502007961273193, -1.9539754390716553, -3.475001335144043, -6.944158554077148, 1.8517532348632812, 2.2468247413635254, 7.4104838371276855], [2.6654398441314697, 6.662182807922363, -4.549723148345947, -3.1335792541503906, 0.7553943991661072, -1.2995710372924805, 1.7542892694473267, -1.4760150909423828, -3.490561008453369, -5.52899169921875, 20.392147064208984, 4.651861190795898, -1.073625087738037, 1.0210754871368408, -3.3458046913146973, -1.182486653327942, 3.2558650970458984, 3.5946104526519775, -4.46305513381958, -2.099863290786743, -5.51903772354126], [-1.8320788145065308, 2.7590131759643555, -8.590168952941895, -3.953953981399536, 3.0050437450408936, 2.4972596168518066, 5.869303226470947, -5.000087261199951, 8.436095237731934, 1.3406267166137695, 4.651861190795898, 25.000694274902344, 5.468664169311523, 2.8957905769348145, -0.1273694932460785, 4.952714443206787, 6.377987861633301, -4.939777851104736, -1.7538186311721802, -6.8841447830200195, 0.36761486530303955], [3.347557306289673, -1.5711404085159302, -1.912297248840332, 0.3477410078048706, -0.09210573136806488, 0.6853182911872864, -1.1718802452087402, 1.756541132926941, 3.2390928268432617, 4.115583419799805, -1.073625087738037, 5.468664169311523, 11.668432235717773, 5.443576812744141, -1.8505252599716187, -0.36969417333602905, -3.6610569953918457, -0.9878747463226318, -2.580960750579834, -3.1660962104797363, 3.315009832382202], [0.6436899304389954, -1.4306915998458862, 8.204604148864746, -9.549354553222656, 4.77415132522583, 2.7279934883117676, 6.534246444702148, -5.207408905029297, 5.2605509757995605, 8.691699028015137, 1.0210754871368408, 2.8957905769348145, 5.443576812744141, 33.79329299926758, -5.563622951507568, -8.705426216125488, -0.7061586380004883, 2.558375358581543, -0.8032047748565674, -4.977193355560303, -14.364983558654785], [8.164663314819336, -7.26551628112793, -7.765651702880859, 4.5587663650512695, -2.84108567237854, 1.6365424394607544, -0.4849926829338074, 2.962507486343384, -2.4133152961730957, 2.4502007961273193, -3.3458046913146973, -0.1273694932460785, -1.8505252599716187, -5.563622951507568, 31.62519073486328, -4.89751672744751, 3.3048624992370605, -3.1855204105377197, 11.743349075317383, -1.3353657722473145, 1.2722724676132202], [2.151146650314331, 4.062372207641602, -4.11637020111084, -1.3896713256835938, -4.1154327392578125, -5.641185283660889, -0.915882408618927, -3.8519933223724365, 4.305089950561523, -1.9539754390716553, -1.182486653327942, 4.952714443206787, -0.36969417333602905, -8.705426216125488, -4.89751672744751, 21.753799438476562, -0.6278283596038818, -3.049835205078125, 5.18043327331543, -5.878677845001221, 6.141557693481445], [-1.7950079441070557, 0.9843159914016724, 8.844670295715332, -2.6801512241363525, 4.171525478363037, 2.8437716960906982, 9.23795223236084, 4.332396030426025, -5.115149974822998, -3.4750003814697266, 3.2558653354644775, 6.377987384796143, -3.661057233810425, -0.7061577439308167, 3.304861307144165, -0.6278283596038818, 27.933574676513672, 3.0306179523468018, -3.5499863624572754, 2.1611430644989014, -0.9066811800003052], [-0.15966752171516418, -1.6357182264328003, -0.7009551525115967, -3.604045867919922, 4.472214698791504, 8.557032585144043, 1.9557896852493286, 10.991168975830078, -7.248131275177002, -6.944158554077148, 3.5946106910705566, -4.939777374267578, -0.9878745675086975, 2.558375120162964, -3.1855199337005615, -3.049835205078125, 3.0306179523468018, 20.409433364868164, 2.1017837524414062, 8.151937484741211, -1.6777715682983398], [-1.8603925704956055, -3.0537264347076416, -4.40625, -1.1157593727111816, -1.8366961479187012, -3.8717639446258545, -5.658885478973389, 3.278369188308716, 1.537458062171936, 1.8517537117004395, -4.463055610656738, -1.7538191080093384, -2.580960988998413, -0.803205132484436, 11.743348121643066, 5.1804327964782715, -3.5499863624572754, 2.1017837524414062, 25.396717071533203, -5.080845355987549, -0.26341384649276733], [-3.739488124847412, -5.079138278961182, 4.244748592376709, 2.297248125076294, -1.8948014974594116, 3.5804507732391357, -0.7323241233825684, 11.54184341430664, -2.642069101333618, 2.2468252182006836, -2.099863052368164, -6.884144306182861, -3.1660969257354736, -4.9771928787231445, -1.3353657722473145, -5.878678321838379, 2.1611430644989014, 8.151937484741211, -5.080845355987549, 24.581220626831055, 4.285045623779297], [-2.7645866870880127, -11.260761260986328, -9.215548515319824, 2.5430514812469482, -3.8466227054595947, -6.831681251525879, 0.9371684789657593, 4.937188148498535, -5.363916397094727, 7.410484313964844, -5.519037246704102, 0.36761510372161865, 3.3150100708007812, -14.364984512329102, 1.2722725868225098, 6.141556739807129, -0.9066810607910156, -1.6777713298797607, -0.2634139060974121, 4.285045146942139, 31.52509117126465]], "type": "heatmap"}], "layout": {"template": {"data": {"histogram2dcontour": [{"type": "histogram2dcontour", "colorbar": {"outlinewidth": 0, "ticks": ""}, "colorscale": [[0.0, "#0d0887"], [0.1111111111111111, "#46039f"], [0.2222222222222222, "#7201a8"], [0.3333333333333333, "#9c179e"], [0.4444444444444444, "#bd3786"], [0.5555555555555556, "#d8576b"], [0.6666666666666666, "#ed7953"], [0.7777777777777778, "#fb9f3a"], [0.8888888888888888, "#fdca26"], [1.0, "#f0f921"]]}], "choropleth": [{"type": "choropleth", "colorbar": {"outlinewidth": 0, "ticks": ""}}], "histogram2d": [{"type": "histogram2d", "colorbar": {"outlinewidth": 0, "ticks": ""}, "colorscale": [[0.0, "#0d0887"], [0.1111111111111111, "#46039f"], [0.2222222222222222, "#7201a8"], [0.3333333333333333, "#9c179e"], [0.4444444444444444, "#bd3786"], [0.5555555555555556, "#d8576b"], [0.6666666666666666, "#ed7953"], [0.7777777777777778, "#fb9f3a"], [0.8888888888888888, "#fdca26"], [1.0, "#f0f921"]]}], "heatmap": [{"type": "heatmap", "colorbar": {"outlinewidth": 0, "ticks": ""}, "colorscale": [[0.0, "#0d0887"], [0.1111111111111111, "#46039f"], [0.2222222222222222, "#7201a8"], [0.3333333333333333, "#9c179e"], [0.4444444444444444, "#bd3786"], [0.5555555555555556, "#d8576b"], [0.6666666666666666, "#ed7953"], [0.7777777777777778, "#fb9f3a"], [0.8888888888888888, "#fdca26"], [1.0, "#f0f921"]]}], "heatmapgl": [{"type": "heatmapgl", "colorbar": {"outlinewidth": 0, "ticks": ""}, "colorscale": [[0.0, "#0d0887"], [0.1111111111111111, "#46039f"], [0.2222222222222222, "#7201a8"], [0.3333333333333333, "#9c179e"], [0.4444444444444444, "#bd3786"], [0.5555555555555556, "#d8576b"], [0.6666666666666666, "#ed7953"], [0.7777777777777778, "#fb9f3a"], [0.8888888888888888, "#fdca26"], [1.0, "#f0f921"]]}], "contourcarpet": [{"type": "contourcarpet", "colorbar": {"outlinewidth": 0, "ticks": ""}}], "contour": [{"type": "contour", "colorbar": {"outlinewidth": 0, "ticks": ""}, "colorscale": [[0.0, "#0d0887"], [0.1111111111111111, "#46039f"], [0.2222222222222222, "#7201a8"], [0.3333333333333333, "#9c179e"], [0.4444444444444444, "#bd3786"], [0.5555555555555556, "#d8576b"], [0.6666666666666666, "#ed7953"], [0.7777777777777778, "#fb9f3a"], [0.8888888888888888, "#fdca26"], [1.0, "#f0f921"]]}], "surface": [{"type": "surface", "colorbar": {"outlinewidth": 0, "ticks": ""}, "colorscale": [[0.0, "#0d0887"], [0.1111111111111111, "#46039f"], [0.2222222222222222, "#7201a8"], [0.3333333333333333, "#9c179e"], [0.4444444444444444, "#bd3786"], [0.5555555555555556, "#d8576b"], [0.6666666666666666, "#ed7953"], [0.7777777777777778, "#fb9f3a"], [0.8888888888888888, "#fdca26"], [1.0, "#f0f921"]]}], "mesh3d": [{"type": "mesh3d", "colorbar": {"outlinewidth": 0, "ticks": ""}}], "scatter": [{"fillpattern": {"fillmode": "overlay", "size": 10, "solidity": 0.2}, "type": "scatter"}], "parcoords": [{"type": "parcoords", "line": {"colorbar": {"outlinewidth": 0, "ticks": ""}}}], "scatterpolargl": [{"type": "scatterpolargl", "marker": {"colorbar": {"outlinewidth": 0, "ticks": ""}}}], "bar": [{"error_x": {"color": "#2a3f5f"}, "error_y": {"color": "#2a3f5f"}, "marker": {"line": {"color": "#E5ECF6", "width": 0.5}, "pattern": {"fillmode": "overlay", "size": 10, "solidity": 0.2}}, "type": "bar"}], "scattergeo": [{"type": "scattergeo", "marker": {"colorbar": {"outlinewidth": 0, "ticks": ""}}}], "scatterpolar": [{"type": "scatterpolar", "marker": {"colorbar": {"outlinewidth": 0, "ticks": ""}}}], "histogram": [{"marker": {"pattern": {"fillmode": "overlay", "size": 10, "solidity": 0.2}}, "type": "histogram"}], "scattergl": [{"type": "scattergl", "marker": {"colorbar": {"outlinewidth": 0, "ticks": ""}}}], "scatter3d": [{"type": "scatter3d", "line": {"colorbar": {"outlinewidth": 0, "ticks": ""}}, "marker": {"colorbar": {"outlinewidth": 0, "ticks": ""}}}], "scattermapbox": [{"type": "scattermapbox", "marker": {"colorbar": {"outlinewidth": 0, "ticks": ""}}}], "scatterternary": [{"type": "scatterternary", "marker": {"colorbar": {"outlinewidth": 0, "ticks": ""}}}], "scattercarpet": [{"type": "scattercarpet", "marker": {"colorbar": {"outlinewidth": 0, "ticks": ""}}}], "carpet": [{"aaxis": {"endlinecolor": "#2a3f5f", "gridcolor": "white", "linecolor": "white", "minorgridcolor": "white", "startlinecolor": "#2a3f5f"}, "baxis": {"endlinecolor": "#2a3f5f", "gridcolor": "white", "linecolor": "white", "minorgridcolor": "white", "startlinecolor": "#2a3f5f"}, "type": "carpet"}], "table": [{"cells": {"fill": {"color": "#EBF0F8"}, "line": {"color": "white"}}, "header": {"fill": {"color": "#C8D4E3"}, "line": {"color": "white"}}, "type": "table"}], "barpolar": [{"marker": {"line": {"color": "#E5ECF6", "width": 0.5}, "pattern": {"fillmode": "overlay", "size": 10, "solidity": 0.2}}, "type": "barpolar"}], "pie": [{"automargin": true, "type": "pie"}]}, "layout": {"autotypenumbers": "strict", "colorway": ["#636efa", "#EF553B", "#00cc96", "#ab63fa", "#FFA15A", "#19d3f3", "#FF6692", "#B6E880", "#FF97FF", "#FECB52"], "font": {"color": "#2a3f5f"}, "hovermode": "closest", "hoverlabel": {"align": "left"}, "paper_bgcolor": "white", "plot_bgcolor": "#E5ECF6", "polar": {"bgcolor": "#E5ECF6", "angularaxis": {"gridcolor": "white", "linecolor": "white", "ticks": ""}, "radialaxis": {"gridcolor": "white", "linecolor": "white", "ticks": ""}}, "ternary": {"bgcolor": "#E5ECF6", "aaxis": {"gridcolor": "white", "linecolor": "white", "ticks": ""}, "baxis": {"gridcolor": "white", "linecolor": "white", "ticks": ""}, "caxis": {"gridcolor": "white", "linecolor": "white", "ticks": ""}}, "coloraxis": {"colorbar": {"outlinewidth": 0, "ticks": ""}}, "colorscale": {"sequential": [[0.0, "#0d0887"], [0.1111111111111111, "#46039f"], [0.2222222222222222, "#7201a8"], [0.3333333333333333, "#9c179e"], [0.4444444444444444, "#bd3786"], [0.5555555555555556, "#d8576b"], [0.6666666666666666, "#ed7953"], [0.7777777777777778, "#fb9f3a"], [0.8888888888888888, "#fdca26"], [1.0, "#f0f921"]], "sequentialminus": [[0.0, "#0d0887"], [0.1111111111111111, "#46039f"], [0.2222222222222222, "#7201a8"], [0.3333333333333333, "#9c179e"], [0.4444444444444444, "#bd3786"], [0.5555555555555556, "#d8576b"], [0.6666666666666666, "#ed7953"], [0.7777777777777778, "#fb9f3a"], [0.8888888888888888, "#fdca26"], [1.0, "#f0f921"]], "diverging": [[0, "#8e0152"], [0.1, "#c51b7d"], [0.2, "#de77ae"], [0.3, "#f1b6da"], [0.4, "#fde0ef"], [0.5, "#f7f7f7"], [0.6, "#e6f5d0"], [0.7, "#b8e186"], [0.8, "#7fbc41"], [0.9, "#4d9221"], [1, "#276419"]]}, "xaxis": {"gridcolor": "white", "linecolor": "white", "ticks": "", "title": {"standoff": 15}, "zerolinecolor": "white", "automargin": true, "zerolinewidth": 2}, "yaxis": {"gridcolor": "white", "linecolor": "white", "ticks": "", "title": {"standoff": 15}, "zerolinecolor": "white", "automargin": true, "zerolinewidth": 2}, "scene": {"xaxis": {"backgroundcolor": "#E5ECF6", "gridcolor": "white", "linecolor": "white", "showbackground": true, "ticks": "", "zerolinecolor": "white", "gridwidth": 2}, "yaxis": {"backgroundcolor": "#E5ECF6", "gridcolor": "white", "linecolor": "white", "showbackground": true, "ticks": "", "zerolinecolor": "white", "gridwidth": 2}, "zaxis": {"backgroundcolor": "#E5ECF6", "gridcolor": "white", "linecolor": "white", "showbackground": true, "ticks": "", "zerolinecolor": "white", "gridwidth": 2}}, "shapedefaults": {"line": {"color": "#2a3f5f"}}, "annotationdefaults": {"arrowcolor": "#2a3f5f", "arrowhead": 0, "arrowwidth": 1}, "geo": {"bgcolor": "white", "landcolor": "#E5ECF6", "subunitcolor": "white", "showland": true, "showlakes": true, "lakecolor": "white"}, "title": {"x": 0.05}, "mapbox": {"style": "light"}}}}}