{"data": [{"z": [[19.412912368774414, -3.0216732025146484, -0.5686160922050476, -1.2282524108886719, -3.28924298286438, -2.102266311645508, -2.511373519897461, -0.6506127715110779, 1.429858922958374, 2.9318032264709473, 2.662689208984375, -1.8426729440689087, 3.3447368144989014, 0.6434593796730042, 8.176251411437988, 2.1526095867156982, -1.8108108043670654, -0.1710929572582245, -1.8535420894622803, -3.7518975734710693, -2.764842987060547], [-3.0216732025146484, 30.368192672729492, -5.780009746551514, 1.8949663639068604, -2.6582727432250977, -4.286988258361816, -1.3053779602050781, -1.1746718883514404, 0.10245493054389954, -12.198637962341309, 6.665770530700684, 2.758758544921875, -1.5776736736297607, -1.4332159757614136, -7.263331413269043, 4.066721439361572, 0.9737539291381836, -1.6431523561477661, -3.048318862915039, -5.087380886077881, -11.263022422790527], [-0.5686160922050476, -5.780009746551514, 31.412633895874023, -0.21205070614814758, 9.908535957336426, 5.854043006896973, -5.069228172302246, 2.3433279991149902, 4.960878372192383, 1.076981544494629, -4.5569257736206055, -8.588753700256348, -1.9129408597946167, 8.215498924255371, -7.785228729248047, -4.118038654327393, 8.859209060668945, -0.6992805004119873, -4.406498908996582, 4.249213218688965, -9.21983528137207], [-1.2282524108886719, 1.8949663639068604, -0.21205070614814758, 20.205873489379883, 0.9508887529373169, -4.239806175231934, -4.000246047973633, 0.24374321103096008, -4.996314525604248, 1.9481867551803589, -3.140735387802124, -3.959498643875122, 0.3465084135532379, -9.555825233459473, 4.552153587341309, -1.3909622430801392, -2.6845736503601074, -3.609321117401123, -1.1174455881118774, 2.300990343093872, 2.5453760623931885], [-3.28924298286438, -2.6582727432250977, 9.908535957336426, 0.9508887529373169, 24.030414581298828, 8.24069595336914, -0.0013966145925223827, -1.1000910997390747, -4.563430309295654, -1.5653281211853027, 0.7558450102806091, 3.0096566677093506, -0.09057851135730743, 4.7792768478393555, -2.850114107131958, -4.118337631225586, 4.1757402420043945, 4.4764018058776855, -1.8376140594482422, -1.8935303688049316, -3.8489978313446045], [-2.102266311645508, -4.286988258361816, 5.854043006896973, -4.239806175231934, 8.24069595336914, 23.715621948242188, -2.2433104515075684, 0.40259218215942383, 3.1134934425354004, -4.5690436363220215, -1.300363540649414, 2.503606081008911, 0.683712899684906, 2.733450412750244, 1.6328742504119873, -5.643405437469482, 2.851527214050293, 8.565753936767578, -3.8763301372528076, 3.581150770187378, -6.835090637207031], [-2.511373519897461, -1.3053779602050781, -5.069228172302246, -4.000246047973633, -0.0013966145925223827, -2.2433104515075684, 21.86686134338379, -1.3909865617752075, -6.367404937744141, 1.819440484046936, 1.7529188394546509, 5.863218307495117, -1.1826716661453247, 6.533124923706055, -0.4914913475513458, -0.915983259677887, 9.232412338256836, 1.9565707445144653, -5.672964096069336, -0.7320923805236816, 0.9423172473907471], [-0.6506127715110779, -1.1746718883514404, 2.3433279991149902, 0.24374321103096008, -1.1000910997390747, 0.40259218215942383, -1.3909865617752075, 26.333580017089844, -0.8331472277641296, -5.126502990722656, -1.4816083908081055, -4.9974517822265625, 1.7620651721954346, -5.204676151275635, 2.951906442642212, -3.858837366104126, 4.340578079223633, 10.996538162231445, 3.27949857711792, 11.550332069396973, 4.936507225036621], [1.429858922958374, 0.10245493054389954, 4.960878372192383, -4.996314525604248, -4.563430309295654, 3.1134934425354004, -6.367404937744141, -0.8331472277641296, 21.09172821044922, 1.146125316619873, -3.4878666400909424, 8.445131301879883, 3.243405342102051, 5.2669453620910645, -2.4201724529266357, 4.302481174468994, -5.114954471588135, -7.252426624298096, 1.5393755435943604, -2.6432695388793945, -5.368479251861572], [2.9318032264709473, -12.198637962341309, 1.076981544494629, 1.9481867551803589, -1.5653281211853027, -4.5690436363220215, 1.819440484046936, -5.126502990722656, 1.146125316619873, 24.44247817993164, -5.5374755859375, 1.3362338542938232, 4.114304542541504, 8.691141128540039, 2.4437148571014404, -1.9556227922439575, -3.479491710662842, -6.953500270843506, 1.8460159301757812, 2.249742031097412, 7.417485237121582], [2.662689208984375, 6.665770530700684, -4.5569257736206055, -3.140735387802124, 0.7558450102806091, -1.300363540649414, 1.7529188394546509, -1.4816083908081055, -3.4878666400909424, -5.5374755859375, 20.410472869873047, 4.6560564041137695, -1.0787360668182373, 1.0207141637802124, -3.3391497135162354, -1.182063102722168, 3.252852439880371, 3.5961854457855225, -4.465904235839844, -2.1079320907592773, -5.522893905639648], [-1.8426729440689087, 2.758758544921875, -8.588753700256348, -3.959498643875122, 3.0096566677093506, 2.503606081008911, 5.863218307495117, -4.9974517822265625, 8.445131301879883, 1.3362338542938232, 4.6560564041137695, 25.02113151550293, 5.470757007598877, 2.9007883071899414, -0.12663990259170532, 4.9556097984313965, 6.388469696044922, -4.939295291900635, -1.7531864643096924, -6.891421794891357, 0.3641583323478699], [3.3447368144989014, -1.5776736736297607, -1.9129408597946167, 0.3465084135532379, -0.09057851135730743, 0.683712899684906, -1.1826716661453247, 1.7620651721954346, 3.243405342102051, 4.114304542541504, -1.0787360668182373, 5.470757007598877, 11.6785249710083, 5.444217205047607, -1.8590173721313477, -0.3724139630794525, -3.662814140319824, -0.9905077219009399, -2.5813021659851074, -3.1683759689331055, 3.320749521255493], [0.6434593796730042, -1.4332159757614136, 8.215498924255371, -9.555825233459473, 4.7792768478393555, 2.733450412750244, 6.533124923706055, -5.204676151275635, 5.2669453620910645, 8.691141128540039, 1.0207141637802124, 2.9007883071899414, 5.444217205047607, 33.81049346923828, -5.568394660949707, -8.70763874053955, -0.6986179351806641, 2.5591843128204346, -0.8012425899505615, -4.980740547180176, -14.36970329284668], [8.176251411437988, -7.263331413269043, -7.785228729248047, 4.552153587341309, -2.850114107131958, 1.6328742504119873, -0.4914913475513458, 2.951906442642212, -2.4201724529266357, 2.4437148571014404, -3.3391497135162354, -0.12663990259170532, -1.8590173721313477, -5.568394660949707, 31.660505294799805, -4.89769983291626, 3.3002796173095703, -3.19323992729187, 11.75638198852539, -1.3458462953567505, 1.2726250886917114], [2.1526095867156982, 4.066721439361572, -4.118038654327393, -1.3909622430801392, -4.118337631225586, -5.643405437469482, -0.915983259677887, -3.858837366104126, 4.302481174468994, -1.9556227922439575, -1.182063102722168, 4.9556097984313965, -0.3724139630794525, -8.70763874053955, -4.89769983291626, 21.77458381652832, -0.6297810077667236, -3.0509347915649414, 5.183629989624023, -5.885272026062012, 6.143731117248535], [-1.810810923576355, 0.9737539887428284, 8.859206199645996, -2.6845736503601074, 4.175739765167236, 2.851526975631714, 9.23241138458252, 4.340577125549316, -5.114953994750977, -3.4794907569885254, 3.2528529167175293, 6.388469696044922, -3.662813425064087, -0.6986181139945984, 3.300278902053833, -0.6297808885574341, 27.952430725097656, 3.0351948738098145, -3.5519957542419434, 2.1600122451782227, -0.9082156419754028], [-0.17109301686286926, -1.6431522369384766, -0.6992812752723694, -3.609321117401123, 4.476402282714844, 8.565752983093262, 1.9565708637237549, 10.996537208557129, -7.2524261474609375, -6.9534993171691895, 3.5961859226226807, -4.939295291900635, -0.9905077219009399, 2.5591845512390137, -3.193240165710449, -3.0509345531463623, 3.0351948738098145, 20.419849395751953, 2.1008238792419434, 8.15605354309082, -1.6784944534301758], [-1.8535420894622803, -3.048319101333618, -4.406499862670898, -1.117445468902588, -1.8376139402389526, -3.8763294219970703, -5.672963619232178, 3.279499053955078, 1.5393755435943604, 1.8460160493850708, -4.465903282165527, -1.753186821937561, -2.5813021659851074, -0.8012418150901794, 11.75638198852539, 5.183629035949707, -3.5519957542419434, 2.1008238792419434, 25.417583465576172, -5.091165065765381, -0.26671308279037476], [-3.751897096633911, -5.087380886077881, 4.249213695526123, 2.300990343093872, -1.8935297727584839, 3.581150531768799, -0.7320924401283264, 11.550333023071289, -2.6432697772979736, 2.249742031097412, -2.1079323291778564, -6.891421794891357, -3.1683757305145264, -4.980741024017334, -1.3458460569381714, -5.8852715492248535, 2.1600122451782227, 8.15605354309082, -5.091165065765381, 24.601245880126953, 4.28911828994751], [-2.764843463897705, -11.263023376464844, -9.219836235046387, 2.5453760623931885, -3.8489975929260254, -6.8350911140441895, 0.9423174858093262, 4.936507701873779, -5.368479251861572, 7.417486190795898, -5.522894859313965, 0.36415767669677734, 3.320748805999756, -14.369705200195312, 1.27262544631958, 6.143730640411377, -0.9082155227661133, -1.6784946918487549, -0.26671314239501953, 4.28911828994751, 31.52509117126465]], "type": "heatmap"}], "layout": {"template": {"data": {"histogram2dcontour": [{"type": "histogram2dcontour", "colorbar": {"outlinewidth": 0, "ticks": ""}, "colorscale": [[0.0, "#0d0887"], [0.1111111111111111, "#46039f"], [0.2222222222222222, "#7201a8"], [0.3333333333333333, "#9c179e"], [0.4444444444444444, "#bd3786"], [0.5555555555555556, "#d8576b"], [0.6666666666666666, "#ed7953"], [0.7777777777777778, "#fb9f3a"], [0.8888888888888888, "#fdca26"], [1.0, "#f0f921"]]}], "choropleth": [{"type": "choropleth", "colorbar": {"outlinewidth": 0, "ticks": ""}}], "histogram2d": [{"type": "histogram2d", "colorbar": {"outlinewidth": 0, "ticks": ""}, "colorscale": [[0.0, "#0d0887"], [0.1111111111111111, "#46039f"], [0.2222222222222222, "#7201a8"], [0.3333333333333333, "#9c179e"], [0.4444444444444444, "#bd3786"], [0.5555555555555556, "#d8576b"], [0.6666666666666666, "#ed7953"], [0.7777777777777778, "#fb9f3a"], [0.8888888888888888, "#fdca26"], [1.0, "#f0f921"]]}], "heatmap": [{"type": "heatmap", "colorbar": {"outlinewidth": 0, "ticks": ""}, "colorscale": [[0.0, "#0d0887"], [0.1111111111111111, "#46039f"], [0.2222222222222222, "#7201a8"], [0.3333333333333333, "#9c179e"], [0.4444444444444444, "#bd3786"], [0.5555555555555556, "#d8576b"], [0.6666666666666666, "#ed7953"], [0.7777777777777778, "#fb9f3a"], [0.8888888888888888, "#fdca26"], [1.0, "#f0f921"]]}], "heatmapgl": [{"type": "heatmapgl", "colorbar": {"outlinewidth": 0, "ticks": ""}, "colorscale": [[0.0, "#0d0887"], [0.1111111111111111, "#46039f"], [0.2222222222222222, "#7201a8"], [0.3333333333333333, "#9c179e"], [0.4444444444444444, "#bd3786"], [0.5555555555555556, "#d8576b"], [0.6666666666666666, "#ed7953"], [0.7777777777777778, "#fb9f3a"], [0.8888888888888888, "#fdca26"], [1.0, "#f0f921"]]}], "contourcarpet": [{"type": "contourcarpet", "colorbar": {"outlinewidth": 0, "ticks": ""}}], "contour": [{"type": "contour", "colorbar": {"outlinewidth": 0, "ticks": ""}, "colorscale": [[0.0, "#0d0887"], [0.1111111111111111, "#46039f"], [0.2222222222222222, "#7201a8"], [0.3333333333333333, "#9c179e"], [0.4444444444444444, "#bd3786"], [0.5555555555555556, "#d8576b"], [0.6666666666666666, "#ed7953"], [0.7777777777777778, "#fb9f3a"], [0.8888888888888888, "#fdca26"], [1.0, "#f0f921"]]}], "surface": [{"type": "surface", "colorbar": {"outlinewidth": 0, "ticks": ""}, "colorscale": [[0.0, "#0d0887"], [0.1111111111111111, "#46039f"], [0.2222222222222222, "#7201a8"], [0.3333333333333333, "#9c179e"], [0.4444444444444444, "#bd3786"], [0.5555555555555556, "#d8576b"], [0.6666666666666666, "#ed7953"], [0.7777777777777778, "#fb9f3a"], [0.8888888888888888, "#fdca26"], [1.0, "#f0f921"]]}], "mesh3d": [{"type": "mesh3d", "colorbar": {"outlinewidth": 0, "ticks": ""}}], "scatter": [{"fillpattern": {"fillmode": "overlay", "size": 10, "solidity": 0.2}, "type": "scatter"}], "parcoords": [{"type": "parcoords", "line": {"colorbar": {"outlinewidth": 0, "ticks": ""}}}], "scatterpolargl": [{"type": "scatterpolargl", "marker": {"colorbar": {"outlinewidth": 0, "ticks": ""}}}], "bar": [{"error_x": {"color": "#2a3f5f"}, "error_y": {"color": "#2a3f5f"}, "marker": {"line": {"color": "#E5ECF6", "width": 0.5}, "pattern": {"fillmode": "overlay", "size": 10, "solidity": 0.2}}, "type": "bar"}], "scattergeo": [{"type": "scattergeo", "marker": {"colorbar": {"outlinewidth": 0, "ticks": ""}}}], "scatterpolar": [{"type": "scatterpolar", "marker": {"colorbar": {"outlinewidth": 0, "ticks": ""}}}], "histogram": [{"marker": {"pattern": {"fillmode": "overlay", "size": 10, "solidity": 0.2}}, "type": "histogram"}], "scattergl": [{"type": "scattergl", "marker": {"colorbar": {"outlinewidth": 0, "ticks": ""}}}], "scatter3d": [{"type": "scatter3d", "line": {"colorbar": {"outlinewidth": 0, "ticks": ""}}, "marker": {"colorbar": {"outlinewidth": 0, "ticks": ""}}}], "scattermapbox": [{"type": "scattermapbox", "marker": {"colorbar": {"outlinewidth": 0, "ticks": ""}}}], "scatterternary": [{"type": "scatterternary", "marker": {"colorbar": {"outlinewidth": 0, "ticks": ""}}}], "scattercarpet": [{"type": "scattercarpet", "marker": {"colorbar": {"outlinewidth": 0, "ticks": ""}}}], "carpet": [{"aaxis": {"endlinecolor": "#2a3f5f", "gridcolor": "white", "linecolor": "white", "minorgridcolor": "white", "startlinecolor": "#2a3f5f"}, "baxis": {"endlinecolor": "#2a3f5f", "gridcolor": "white", "linecolor": "white", "minorgridcolor": "white", "startlinecolor": "#2a3f5f"}, "type": "carpet"}], "table": [{"cells": {"fill": {"color": "#EBF0F8"}, "line": {"color": "white"}}, "header": {"fill": {"color": "#C8D4E3"}, "line": {"color": "white"}}, "type": "table"}], "barpolar": [{"marker": {"line": {"color": "#E5ECF6", "width": 0.5}, "pattern": {"fillmode": "overlay", "size": 10, "solidity": 0.2}}, "type": "barpolar"}], "pie": [{"automargin": true, "type": "pie"}]}, "layout": {"autotypenumbers": "strict", "colorway": ["#636efa", "#EF553B", "#00cc96", "#ab63fa", "#FFA15A", "#19d3f3", "#FF6692", "#B6E880", "#FF97FF", "#FECB52"], "font": {"color": "#2a3f5f"}, "hovermode": "closest", "hoverlabel": {"align": "left"}, "paper_bgcolor": "white", "plot_bgcolor": "#E5ECF6", "polar": {"bgcolor": "#E5ECF6", "angularaxis": {"gridcolor": "white", "linecolor": "white", "ticks": ""}, "radialaxis": {"gridcolor": "white", "linecolor": "white", "ticks": ""}}, "ternary": {"bgcolor": "#E5ECF6", "aaxis": {"gridcolor": "white", "linecolor": "white", "ticks": ""}, "baxis": {"gridcolor": "white", "linecolor": "white", "ticks": ""}, "caxis": {"gridcolor": "white", "linecolor": "white", "ticks": ""}}, "coloraxis": {"colorbar": {"outlinewidth": 0, "ticks": ""}}, "colorscale": {"sequential": [[0.0, "#0d0887"], [0.1111111111111111, "#46039f"], [0.2222222222222222, "#7201a8"], [0.3333333333333333, "#9c179e"], [0.4444444444444444, "#bd3786"], [0.5555555555555556, "#d8576b"], [0.6666666666666666, "#ed7953"], [0.7777777777777778, "#fb9f3a"], [0.8888888888888888, "#fdca26"], [1.0, "#f0f921"]], "sequentialminus": [[0.0, "#0d0887"], [0.1111111111111111, "#46039f"], [0.2222222222222222, "#7201a8"], [0.3333333333333333, "#9c179e"], [0.4444444444444444, "#bd3786"], [0.5555555555555556, "#d8576b"], [0.6666666666666666, "#ed7953"], [0.7777777777777778, "#fb9f3a"], [0.8888888888888888, "#fdca26"], [1.0, "#f0f921"]], "diverging": [[0, "#8e0152"], [0.1, "#c51b7d"], [0.2, "#de77ae"], [0.3, "#f1b6da"], [0.4, "#fde0ef"], [0.5, "#f7f7f7"], [0.6, "#e6f5d0"], [0.7, "#b8e186"], [0.8, "#7fbc41"], [0.9, "#4d9221"], [1, "#276419"]]}, "xaxis": {"gridcolor": "white", "linecolor": "white", "ticks": "", "title": {"standoff": 15}, "zerolinecolor": "white", "automargin": true, "zerolinewidth": 2}, "yaxis": {"gridcolor": "white", "linecolor": "white", "ticks": "", "title": {"standoff": 15}, "zerolinecolor": "white", "automargin": true, "zerolinewidth": 2}, "scene": {"xaxis": {"backgroundcolor": "#E5ECF6", "gridcolor": "white", "linecolor": "white", "showbackground": true, "ticks": "", "zerolinecolor": "white", "gridwidth": 2}, "yaxis": {"backgroundcolor": "#E5ECF6", "gridcolor": "white", "linecolor": "white", "showbackground": true, "ticks": "", "zerolinecolor": "white", "gridwidth": 2}, "zaxis": {"backgroundcolor": "#E5ECF6", "gridcolor": "white", "linecolor": "white", "showbackground": true, "ticks": "", "zerolinecolor": "white", "gridwidth": 2}}, "shapedefaults": {"line": {"color": "#2a3f5f"}}, "annotationdefaults": {"arrowcolor": "#2a3f5f", "arrowhead": 0, "arrowwidth": 1}, "geo": {"bgcolor": "white", "landcolor": "#E5ECF6", "subunitcolor": "white", "showland": true, "showlakes": true, "lakecolor": "white"}, "title": {"x": 0.05}, "mapbox": {"style": "light"}}}}}