{"data": [{"z": [[21.318357467651367, -2.0600733757019043, -1.149959683418274, -1.4199087619781494, -3.771296262741089, -2.0792527198791504, -3.3712775707244873, -0.1181243434548378, 1.445688247680664, 2.2675986289978027, 3.222635507583618, -0.7680100202560425, 3.380505323410034, 0.5867495536804199, 9.65631103515625, 2.539280652999878, -1.535868525505066, -0.1520264446735382, -0.4228819012641907, -4.732288837432861, -3.4110965728759766], [-2.0600733757019043, 33.68141555786133, -8.954889297485352, 0.44842270016670227, -4.868263244628906, -6.6021294593811035, -1.1683926582336426, -2.9667391777038574, -0.3458798825740814, -13.194218635559082, 7.254388332366943, 2.3690736293792725, -2.790128707885742, -2.6073672771453857, -5.467484474182129, 4.302580833435059, -1.3093349933624268, -3.502281427383423, -2.1715407371520996, -7.620664119720459, -11.399857521057129], [-1.149959683418274, -8.954889297485352, 36.18055725097656, 1.6987882852554321, 12.867376327514648, 9.321105003356934, -6.610504150390625, 4.72380256652832, 6.40904426574707, 0.6061597466468811, -5.028668403625488, -6.513833045959473, -0.7014024257659912, 10.844974517822266, -10.936371803283691, -3.7254834175109863, 12.454628944396973, 1.5632719993591309, -3.994417190551758, 6.7122650146484375, -9.77812385559082], [-1.4199087619781494, 0.44842270016670227, 1.6987882852554321, 21.361661911010742, 1.903551459312439, -2.887916088104248, -4.557323455810547, 1.2295455932617188, -5.276696681976318, 2.3223767280578613, -3.733670949935913, -3.3182878494262695, 0.45182347297668457, -9.111474990844727, 3.420910596847534, -1.7151652574539185, -1.1857709884643555, -2.8038296699523926, -1.3411259651184082, 3.5897507667541504, 2.5560765266418457], [-3.771296262741089, -4.868263244628906, 12.867376327514648, 1.903551459312439, 26.852415084838867, 10.998819351196289, -0.6468536257743835, 0.25412046909332275, -3.6697704792022705, -2.467590093612671, 1.182336449623108, 5.006721496582031, 0.6733924746513367, 6.72810697555542, -4.314090251922607, -3.876885175704956, 6.698331832885742, 6.317137241363525, -1.3453768491744995, -0.7595690488815308, -4.272955417633057], [-2.0792527198791504, -6.6021294593811035, 9.321105003356934, -2.887916088104248, 10.998819351196289, 27.36275863647461, -4.255122184753418, 2.8983445167541504, 4.762133598327637, -6.4341511726379395, -0.3712523281574249, 5.443638324737549, 2.0265517234802246, 5.1073174476623535, 0.19050607085227966, -4.8092474937438965, 6.234168529510498, 11.344712257385254, -2.468196153640747, 5.377028465270996, -7.451738357543945], [-3.3712775707244873, -1.1683926582336426, -6.610504150390625, -4.557323455810547, -0.6468536257743835, -4.255122184753418, 23.140897750854492, -3.7597649097442627, -7.765334606170654, 2.7140181064605713, 1.4273767471313477, 4.4816203117370605, -2.3975446224212646, 5.898754119873047, -0.9724084138870239, -1.7954537868499756, 7.3731536865234375, 0.04840168356895447, -7.20318603515625, -1.7618966102600098, 1.764331340789795], [-0.1181243434548378, -2.9667391777038574, 4.72380256652832, 1.2295455932617188, 0.25412046909332275, 2.8983445167541504, -3.7597649097442627, 29.519237518310547, 0.007751355413347483, -6.844536781311035, -1.136144995689392, -3.0693793296813965, 2.9900565147399902, -4.054165840148926, 1.6536660194396973, -3.8170900344848633, 6.95158576965332, 13.541889190673828, 4.778653144836426, 13.737948417663574, 4.6498212814331055], [1.445688247680664, -0.3458798825740814, 6.40904426574707, -5.276696681976318, -3.6697704792022705, 4.762133598327637, -7.765334606170654, 0.007751355413347483, 22.770954132080078, -0.1797521859407425, -3.0608084201812744, 10.310042381286621, 3.796602249145508, 6.394656181335449, -3.0451292991638184, 4.8109965324401855, -3.8180630207061768, -6.671282768249512, 2.354443073272705, -2.569577693939209, -5.8423285484313965], [2.2675986289978027, -13.194218635559082, 0.6061597466468811, 2.3223767280578613, -2.467590093612671, -6.4341511726379395, 2.7140181064605713, -6.844536781311035, -0.1797521859407425, 27.741127014160156, -7.488502502441406, -0.4478583335876465, 3.4945597648620605, 8.184386253356934, 1.1740636825561523, -2.869530200958252, -5.33480167388916, -8.931753158569336, -0.29542016983032227, 2.657742977142334, 8.592299461364746], [3.222635507583618, 7.254388332366943, -5.028668403625488, -3.733670949935913, 1.182336449623108, -0.3712523281574249, 1.4273767471313477, -1.136144995689392, -3.0608084201812744, -7.488502502441406, 22.273605346679688, 6.563373565673828, -1.119391679763794, 1.4287047386169434, -2.4623172283172607, -1.08795964717865, 4.257355213165283, 4.21053409576416, -3.534611463546753, -2.9254872798919678, -6.1443400382995605], [-0.7680100202560425, 2.3690736293792725, -6.513833045959473, -3.3182878494262695, 5.006721496582031, 5.443638324737549, 4.4816203117370605, -3.0693793296813965, 10.310042381286621, -0.4478583335876465, 6.563373565673828, 28.961544036865234, 6.651335716247559, 4.996147632598877, 0.18972402811050415, 6.359646797180176, 9.634302139282227, -3.02461838722229, 0.21083784103393555, -6.6278076171875, -0.5965049862861633], [3.380505323410034, -2.790128707885742, -0.7014024257659912, 0.45182347297668457, 0.6733924746513367, 2.0265517234802246, -2.3975446224212646, 2.9900565147399902, 3.796602249145508, 3.4945597648620605, -1.119391679763794, 6.651335716247559, 12.308639526367188, 6.111330032348633, -2.886016845703125, -0.43363332748413086, -2.536217212677002, -0.051433682441711426, -2.1437058448791504, -2.542123556137085, 3.336425304412842], [0.5867495536804199, -2.6073672771453857, 10.844974517822266, -9.111474990844727, 6.72810697555542, 5.1073174476623535, 5.898754119873047, -4.054165840148926, 6.394656181335449, 8.184386253356934, 1.4287047386169434, 4.996147632598877, 6.111330032348633, 35.95938491821289, -6.770900726318359, -8.50247573852539, 1.7523326873779297, 3.817434787750244, -0.291614294052124, -4.328391075134277, -15.131088256835938], [9.65631103515625, -5.467484474182129, -10.936371803283691, 3.420910596847534, -4.314090251922607, 0.19050607085227966, -0.9724084138870239, 1.6536660194396973, -3.0451292991638184, 1.1740636825561523, -2.4623172283172607, 0.18972402811050415, -2.886016845703125, -6.770900726318359, 34.67787170410156, -5.156859397888184, 1.8635239601135254, -4.478630065917969, 13.540998458862305, -3.479930877685547, 1.1657845973968506], [2.539280652999878, 4.302580833435059, -3.7254834175109863, -1.7151652574539185, -3.876885175704956, -4.8092474937438965, -1.7954537868499756, -3.8170900344848633, 4.8109965324401855, -2.869530200958252, -1.08795964717865, 6.359646797180176, -0.43363332748413086, -8.50247573852539, -5.156859397888184, 22.65937614440918, 0.19249415397644043, -2.8491570949554443, 5.907990455627441, -6.579622268676758, 5.964653015136719], [-1.5358686447143555, -1.3093347549438477, 12.454627990722656, -1.1857703924179077, 6.698331356048584, 6.234168529510498, 7.373154640197754, 6.951584815979004, -3.8180623054504395, -5.33480167388916, 4.2573561668396, 9.634303092956543, -2.536217451095581, 1.752332329750061, 1.8635237216949463, 0.19249407947063446, 32.01696014404297, 5.653510093688965, -1.9743844270706177, 3.799227237701416, -1.4611526727676392], [-0.15202626585960388, -3.5022811889648438, 1.5632718801498413, -2.8038291931152344, 6.317136764526367, 11.344711303710938, 0.04840153455734253, 13.541887283325195, -6.67128324508667, -8.931754112243652, 4.210533618927002, -3.024617910385132, -0.051433611661195755, 3.8174352645874023, -4.478630065917969, -2.8491568565368652, 5.653510093688965, 23.116439819335938, 3.3677477836608887, 9.858098983764648, -1.9637895822525024], [-0.42288172245025635, -2.1715404987335205, -3.994417190551758, -1.3411264419555664, -1.3453763723373413, -2.468196392059326, -7.203185081481934, 4.778653144836426, 2.354443073272705, -0.2954208254814148, -3.5346109867095947, 0.2108379751443863, -2.1437056064605713, -0.2916145920753479, 13.540996551513672, 5.9079909324646, -1.9743844270706177, 3.3677477836608887, 28.097198486328125, -5.931302547454834, -1.2818554639816284], [-4.732288837432861, -7.620664119720459, 6.712264537811279, 3.5897505283355713, -0.7595690488815308, 5.377028465270996, -1.7618963718414307, 13.737946510314941, -2.569577693939209, 2.6577422618865967, -2.9254870414733887, -6.627808094024658, -2.542124032974243, -4.328390598297119, -3.479931354522705, -6.579621315002441, 3.799227237701416, 9.858098983764648, -5.931302547454834, 27.49721908569336, 4.645831108093262], [-3.4110965728759766, -11.399858474731445, -9.77812385559082, 2.5560760498046875, -4.272955417633057, -7.4517388343811035, 1.764331579208374, 4.6498212814331055, -5.8423285484313965, 8.59229850769043, -6.144340515136719, -0.5965050458908081, 3.336425304412842, -15.131087303161621, 1.165785789489746, 5.964654445648193, -1.4611515998840332, -1.9637892246246338, -1.2818551063537598, 4.645831108093262, 31.52509117126465]], "type": "heatmap"}], "layout": {"template": {"data": {"histogram2dcontour": [{"type": "histogram2dcontour", "colorbar": {"outlinewidth": 0, "ticks": ""}, "colorscale": [[0.0, "#0d0887"], [0.1111111111111111, "#46039f"], [0.2222222222222222, "#7201a8"], [0.3333333333333333, "#9c179e"], [0.4444444444444444, "#bd3786"], [0.5555555555555556, "#d8576b"], [0.6666666666666666, "#ed7953"], [0.7777777777777778, "#fb9f3a"], [0.8888888888888888, "#fdca26"], [1.0, "#f0f921"]]}], "choropleth": [{"type": "choropleth", "colorbar": {"outlinewidth": 0, "ticks": ""}}], "histogram2d": [{"type": "histogram2d", "colorbar": {"outlinewidth": 0, "ticks": ""}, "colorscale": [[0.0, "#0d0887"], [0.1111111111111111, "#46039f"], [0.2222222222222222, "#7201a8"], [0.3333333333333333, "#9c179e"], [0.4444444444444444, "#bd3786"], [0.5555555555555556, "#d8576b"], [0.6666666666666666, "#ed7953"], [0.7777777777777778, "#fb9f3a"], [0.8888888888888888, "#fdca26"], [1.0, "#f0f921"]]}], "heatmap": [{"type": "heatmap", "colorbar": {"outlinewidth": 0, "ticks": ""}, "colorscale": [[0.0, "#0d0887"], [0.1111111111111111, "#46039f"], [0.2222222222222222, "#7201a8"], [0.3333333333333333, "#9c179e"], [0.4444444444444444, "#bd3786"], [0.5555555555555556, "#d8576b"], [0.6666666666666666, "#ed7953"], [0.7777777777777778, "#fb9f3a"], [0.8888888888888888, "#fdca26"], [1.0, "#f0f921"]]}], "heatmapgl": [{"type": "heatmapgl", "colorbar": {"outlinewidth": 0, "ticks": ""}, "colorscale": [[0.0, "#0d0887"], [0.1111111111111111, "#46039f"], [0.2222222222222222, "#7201a8"], [0.3333333333333333, "#9c179e"], [0.4444444444444444, "#bd3786"], [0.5555555555555556, "#d8576b"], [0.6666666666666666, "#ed7953"], [0.7777777777777778, "#fb9f3a"], [0.8888888888888888, "#fdca26"], [1.0, "#f0f921"]]}], "contourcarpet": [{"type": "contourcarpet", "colorbar": {"outlinewidth": 0, "ticks": ""}}], "contour": [{"type": "contour", "colorbar": {"outlinewidth": 0, "ticks": ""}, "colorscale": [[0.0, "#0d0887"], [0.1111111111111111, "#46039f"], [0.2222222222222222, "#7201a8"], [0.3333333333333333, "#9c179e"], [0.4444444444444444, "#bd3786"], [0.5555555555555556, "#d8576b"], [0.6666666666666666, "#ed7953"], [0.7777777777777778, "#fb9f3a"], [0.8888888888888888, "#fdca26"], [1.0, "#f0f921"]]}], "surface": [{"type": "surface", "colorbar": {"outlinewidth": 0, "ticks": ""}, "colorscale": [[0.0, "#0d0887"], [0.1111111111111111, "#46039f"], [0.2222222222222222, "#7201a8"], [0.3333333333333333, "#9c179e"], [0.4444444444444444, "#bd3786"], [0.5555555555555556, "#d8576b"], [0.6666666666666666, "#ed7953"], [0.7777777777777778, "#fb9f3a"], [0.8888888888888888, "#fdca26"], [1.0, "#f0f921"]]}], "mesh3d": [{"type": "mesh3d", "colorbar": {"outlinewidth": 0, "ticks": ""}}], "scatter": [{"fillpattern": {"fillmode": "overlay", "size": 10, "solidity": 0.2}, "type": "scatter"}], "parcoords": [{"type": "parcoords", "line": {"colorbar": {"outlinewidth": 0, "ticks": ""}}}], "scatterpolargl": [{"type": "scatterpolargl", "marker": {"colorbar": {"outlinewidth": 0, "ticks": ""}}}], "bar": [{"error_x": {"color": "#2a3f5f"}, "error_y": {"color": "#2a3f5f"}, "marker": {"line": {"color": "#E5ECF6", "width": 0.5}, "pattern": {"fillmode": "overlay", "size": 10, "solidity": 0.2}}, "type": "bar"}], "scattergeo": [{"type": "scattergeo", "marker": {"colorbar": {"outlinewidth": 0, "ticks": ""}}}], "scatterpolar": [{"type": "scatterpolar", "marker": {"colorbar": {"outlinewidth": 0, "ticks": ""}}}], "histogram": [{"marker": {"pattern": {"fillmode": "overlay", "size": 10, "solidity": 0.2}}, "type": "histogram"}], "scattergl": [{"type": "scattergl", "marker": {"colorbar": {"outlinewidth": 0, "ticks": ""}}}], "scatter3d": [{"type": "scatter3d", "line": {"colorbar": {"outlinewidth": 0, "ticks": ""}}, "marker": {"colorbar": {"outlinewidth": 0, "ticks": ""}}}], "scattermapbox": [{"type": "scattermapbox", "marker": {"colorbar": {"outlinewidth": 0, "ticks": ""}}}], "scatterternary": [{"type": "scatterternary", "marker": {"colorbar": {"outlinewidth": 0, "ticks": ""}}}], "scattercarpet": [{"type": "scattercarpet", "marker": {"colorbar": {"outlinewidth": 0, "ticks": ""}}}], "carpet": [{"aaxis": {"endlinecolor": "#2a3f5f", "gridcolor": "white", "linecolor": "white", "minorgridcolor": "white", "startlinecolor": "#2a3f5f"}, "baxis": {"endlinecolor": "#2a3f5f", "gridcolor": "white", "linecolor": "white", "minorgridcolor": "white", "startlinecolor": "#2a3f5f"}, "type": "carpet"}], "table": [{"cells": {"fill": {"color": "#EBF0F8"}, "line": {"color": "white"}}, "header": {"fill": {"color": "#C8D4E3"}, "line": {"color": "white"}}, "type": "table"}], "barpolar": [{"marker": {"line": {"color": "#E5ECF6", "width": 0.5}, "pattern": {"fillmode": "overlay", "size": 10, "solidity": 0.2}}, "type": "barpolar"}], "pie": [{"automargin": true, "type": "pie"}]}, "layout": {"autotypenumbers": "strict", "colorway": ["#636efa", "#EF553B", "#00cc96", "#ab63fa", "#FFA15A", "#19d3f3", "#FF6692", "#B6E880", "#FF97FF", "#FECB52"], "font": {"color": "#2a3f5f"}, "hovermode": "closest", "hoverlabel": {"align": "left"}, "paper_bgcolor": "white", "plot_bgcolor": "#E5ECF6", "polar": {"bgcolor": "#E5ECF6", "angularaxis": {"gridcolor": "white", "linecolor": "white", "ticks": ""}, "radialaxis": {"gridcolor": "white", "linecolor": "white", "ticks": ""}}, "ternary": {"bgcolor": "#E5ECF6", "aaxis": {"gridcolor": "white", "linecolor": "white", "ticks": ""}, "baxis": {"gridcolor": "white", "linecolor": "white", "ticks": ""}, "caxis": {"gridcolor": "white", "linecolor": "white", "ticks": ""}}, "coloraxis": {"colorbar": {"outlinewidth": 0, "ticks": ""}}, "colorscale": {"sequential": [[0.0, "#0d0887"], [0.1111111111111111, "#46039f"], [0.2222222222222222, "#7201a8"], [0.3333333333333333, "#9c179e"], [0.4444444444444444, "#bd3786"], [0.5555555555555556, "#d8576b"], [0.6666666666666666, "#ed7953"], [0.7777777777777778, "#fb9f3a"], [0.8888888888888888, "#fdca26"], [1.0, "#f0f921"]], "sequentialminus": [[0.0, "#0d0887"], [0.1111111111111111, "#46039f"], [0.2222222222222222, "#7201a8"], [0.3333333333333333, "#9c179e"], [0.4444444444444444, "#bd3786"], [0.5555555555555556, "#d8576b"], [0.6666666666666666, "#ed7953"], [0.7777777777777778, "#fb9f3a"], [0.8888888888888888, "#fdca26"], [1.0, "#f0f921"]], "diverging": [[0, "#8e0152"], [0.1, "#c51b7d"], [0.2, "#de77ae"], [0.3, "#f1b6da"], [0.4, "#fde0ef"], [0.5, "#f7f7f7"], [0.6, "#e6f5d0"], [0.7, "#b8e186"], [0.8, "#7fbc41"], [0.9, "#4d9221"], [1, "#276419"]]}, "xaxis": {"gridcolor": "white", "linecolor": "white", "ticks": "", "title": {"standoff": 15}, "zerolinecolor": "white", "automargin": true, "zerolinewidth": 2}, "yaxis": {"gridcolor": "white", "linecolor": "white", "ticks": "", "title": {"standoff": 15}, "zerolinecolor": "white", "automargin": true, "zerolinewidth": 2}, "scene": {"xaxis": {"backgroundcolor": "#E5ECF6", "gridcolor": "white", "linecolor": "white", "showbackground": true, "ticks": "", "zerolinecolor": "white", "gridwidth": 2}, "yaxis": {"backgroundcolor": "#E5ECF6", "gridcolor": "white", "linecolor": "white", "showbackground": true, "ticks": "", "zerolinecolor": "white", "gridwidth": 2}, "zaxis": {"backgroundcolor": "#E5ECF6", "gridcolor": "white", "linecolor": "white", "showbackground": true, "ticks": "", "zerolinecolor": "white", "gridwidth": 2}}, "shapedefaults": {"line": {"color": "#2a3f5f"}}, "annotationdefaults": {"arrowcolor": "#2a3f5f", "arrowhead": 0, "arrowwidth": 1}, "geo": {"bgcolor": "white", "landcolor": "#E5ECF6", "subunitcolor": "white", "showland": true, "showlakes": true, "lakecolor": "white"}, "title": {"x": 0.05}, "mapbox": {"style": "light"}}}}}