{"data": [{"z": [[19.380735397338867, -3.027785539627075, -0.5655848979949951, -1.2256897687911987, -3.284900426864624, -2.0844075679779053, -2.5034592151641846, -0.6444695591926575, 1.4346377849578857, 2.9274652004241943, 2.665045976638794, -1.834704041481018, 3.3468058109283447, 0.6427732706069946, 8.166280746459961, 2.151611089706421, -1.7983372211456299, -0.1623459905385971, -1.8587901592254639, -3.741732120513916, -2.763939380645752], [-3.027785539627075, 30.350868225097656, -5.771584510803223, 1.8971956968307495, -2.6533000469207764, -4.281435966491699, -1.3036985397338867, -1.1697176694869995, 0.10420464724302292, -12.194950103759766, 6.6625075340271, 2.7581825256347656, -1.5730860233306885, -1.4311813116073608, -7.265964031219482, 4.062792778015137, 0.9815900325775146, -1.6382819414138794, -3.053077220916748, -5.08055305480957, -11.260680198669434], [-0.5655848979949951, -5.771584510803223, 31.392261505126953, -0.21146972477436066, 9.902408599853516, 5.845816612243652, -5.0660247802734375, 2.3383023738861084, 4.956324100494385, 1.080013394355774, -4.551060199737549, -8.59065055847168, -1.9129469394683838, 8.206952095031738, -7.770766735076904, -4.11646842956543, 8.847402572631836, -0.7015049457550049, -4.406311988830566, 4.2457661628723145, -9.216100692749023], [-1.2256897687911987, 1.8971956968307495, -0.21146972477436066, 20.195110321044922, 0.9529924988746643, -4.236241817474365, -3.996541738510132, 0.24749338626861572, -4.992074966430664, 1.9447039365768433, -3.1341397762298584, -3.9549331665039062, 0.34774672985076904, -9.549917221069336, 4.557055473327637, -1.3884966373443604, -2.6801047325134277, -3.605102062225342, -1.1154539585113525, 2.2989325523376465, 2.542454481124878], [-3.284900426864624, -2.6533000469207764, 9.902408599853516, 0.9529924988746643, 24.018421173095703, 8.23426342010498, -0.006323790643364191, -1.1019376516342163, -4.5632524490356445, -1.5603135824203491, 0.7556928396224976, 3.0059714317321777, -0.09149497747421265, 4.775823593139648, -2.843834400177002, -4.115049362182617, 4.173348426818848, 4.473352432250977, -1.8362987041473389, -1.8938672542572021, -3.847581624984741], [-2.0844075679779053, -4.281435966491699, 5.845816612243652, -4.236241817474365, 8.23426342010498, 23.703664779663086, -2.2396180629730225, 0.39960095286369324, 3.1100211143493652, -4.5628814697265625, -1.2996034622192383, 2.498072624206543, 0.6848386526107788, 2.729386329650879, 1.6343289613723755, -5.641143798828125, 2.8456828594207764, 8.55821418762207, -3.8722422122955322, 3.581096887588501, -6.832345962524414], [-2.5034592151641846, -1.3036985397338867, -5.0660247802734375, -3.996541738510132, -0.006323790643364191, -2.2396180629730225, 21.850788116455078, -1.3859565258026123, -6.360297203063965, 1.8151764869689941, 1.7554296255111694, 5.868781566619873, -1.1736491918563843, 6.5344014167785645, -0.48611387610435486, -0.914683997631073, 9.238118171691895, 1.9565943479537964, -5.661372184753418, -0.7307935953140259, 0.937798798084259], [-0.6444695591926575, -1.1697176694869995, 2.3383023738861084, 0.24749338626861572, -1.1019376516342163, 0.39960095286369324, -1.3859565258026123, 26.320207595825195, -0.8347727060317993, -5.121996879577637, -1.4765713214874268, -4.999539375305176, 1.7576524019241333, -5.206137180328369, 2.9591104984283447, -3.8520469665527344, 4.335040092468262, 10.991989135742188, 3.2792015075683594, 11.544004440307617, 4.936366081237793], [1.4346377849578857, 0.10420464724302292, 4.956324100494385, -4.992074966430664, -4.5632524490356445, 3.1100211143493652, -6.360297203063965, -0.8347727060317993, 21.079288482666016, 1.1510480642318726, -3.489600896835327, 8.43779468536377, 3.239607334136963, 5.261986255645752, -2.4146575927734375, 4.305006504058838, -5.114740371704102, -7.249166965484619, 1.538118839263916, -2.642068386077881, -5.365174293518066], [2.9274652004241943, -12.194950103759766, 1.080013394355774, 1.9447039365768433, -1.5603135824203491, -4.5628814697265625, 1.8151764869689941, -5.121996879577637, 1.1510480642318726, 24.4265193939209, -5.531015396118164, 1.3393994569778442, 4.114704132080078, 8.69131088256836, 2.4488301277160645, -1.9545925855636597, -3.4762721061706543, -6.94718599319458, 1.8502304553985596, 2.2470641136169434, 7.411971092224121], [2.665045976638794, 6.6625075340271, -4.551060199737549, -3.1341397762298584, 0.7556928396224976, -1.2996034622192383, 1.7554296255111694, -1.4765713214874268, -3.489600896835327, -5.531015396118164, 20.396329879760742, 4.652720928192139, -1.0744860172271729, 1.0212985277175903, -3.345024824142456, -1.18157160282135, 3.255582809448242, 3.594515323638916, -4.4633355140686035, -2.1004714965820312, -5.52005672454834], [-1.834704041481018, 2.7581825256347656, -8.59065055847168, -3.9549331665039062, 3.0059714317321777, 2.498072624206543, 5.868781566619873, -4.999539375305176, 8.43779468536377, 1.3393994569778442, 4.652720928192139, 25.004379272460938, 5.4685587882995605, 2.896613836288452, -0.12789605557918549, 4.953102111816406, 6.379790306091309, -4.940727710723877, -1.7538654804229736, -6.885519027709961, 0.3672296404838562], [3.3468058109283447, -1.5730860233306885, -1.9129469394683838, 0.34774672985076904, -0.09149497747421265, 0.6848386526107788, -1.1736491918563843, 1.7576524019241333, 3.239607334136963, 4.114704132080078, -1.0744860172271729, 5.4685587882995605, 11.670426368713379, 5.443639755249023, -1.8531405925750732, -0.36984047293663025, -3.661309242248535, -0.989215612411499, -2.5809247493743896, -3.166484832763672, 3.316709280014038], [0.6427732706069946, -1.4311813116073608, 8.206952095031738, -9.549917221069336, 4.775823593139648, 2.729386329650879, 6.5344014167785645, -5.206137180328369, 5.261986255645752, 8.69131088256836, 1.0212985277175903, 2.896613836288452, 5.443639755249023, 33.796844482421875, -5.564264297485352, -8.705488204956055, -0.7042250633239746, 2.558567523956299, -0.8026809692382812, -4.977570056915283, -14.366077423095703], [8.166280746459961, -7.265964031219482, -7.770766735076904, 4.557055473327637, -2.843834400177002, 1.6343289613723755, -0.48611387610435486, 2.9591104984283447, -2.4146575927734375, 2.4488301277160645, -3.345024824142456, -0.12789605557918549, -1.8531405925750732, -5.564264297485352, 31.630903244018555, -4.898463249206543, 3.302548408508301, -3.189293384552002, 11.745210647583008, -1.3377726078033447, 1.2727549076080322], [2.151611089706421, 4.062792778015137, -4.11646842956543, -1.3884966373443604, -4.115049362182617, -5.641143798828125, -0.914683997631073, -3.8520469665527344, 4.305006504058838, -1.9545925855636597, -1.18157160282135, 4.953102111816406, -0.36984047293663025, -8.705488204956055, -4.898463249206543, 21.758756637573242, -0.6274542808532715, -3.050445556640625, 5.1815714836120605, -5.878872871398926, 6.141559600830078], [-1.7983367443084717, 0.9815900921821594, 8.84740161895752, -2.680104970932007, 4.173348903656006, 2.8456828594207764, 9.238118171691895, 4.3350396156311035, -5.114740371704102, -3.476271629333496, 3.255581855773926, 6.37978982925415, -3.661309242248535, -0.7042251229286194, 3.3025476932525635, -0.6274543404579163, 27.93790054321289, 3.0310957431793213, -3.5498461723327637, 2.161667585372925, -0.9072078466415405], [-0.16234607994556427, -1.6382817029953003, -0.7015044689178467, -3.6051025390625, 4.473352432250977, 8.55821418762207, 1.9565945863723755, 10.991988182067871, -7.249166488647461, -6.94718599319458, 3.594515085220337, -4.940727710723877, -0.9892157316207886, 2.5585672855377197, -3.189293622970581, -3.050445795059204, 3.0310957431793213, 20.410144805908203, 2.101522922515869, 8.152795791625977, -1.6772520542144775], [-1.8587901592254639, -3.0530788898468018, -4.406311511993408, -1.1154533624649048, -1.8362985849380493, -3.8722429275512695, -5.661373138427734, 3.2792012691497803, 1.5381187200546265, 1.850230097770691, -4.463335990905762, -1.7538657188415527, -2.580925226211548, -0.8026813268661499, 11.745209693908691, 5.1815714836120605, -3.5498461723327637, 2.101522922515869, 25.40130043029785, -5.082326889038086, -0.2641904950141907], [-3.741732358932495, -5.08055305480957, 4.2457661628723145, 2.2989327907562256, -1.8938672542572021, 3.5810964107513428, -0.7307939529418945, 11.5440034866333, -2.642068386077881, 2.247063159942627, -2.1004717350006104, -6.885519504547119, -3.166485548019409, -4.977569580078125, -1.337772250175476, -5.878872394561768, 2.161667585372925, 8.152795791625977, -5.082326889038086, 24.585315704345703, 4.285354137420654], [-2.763939619064331, -11.260680198669434, -9.21610164642334, 2.542454957962036, -3.8475823402404785, -6.832345962524414, 0.9377987384796143, 4.936366558074951, -5.365173816680908, 7.4119720458984375, -5.52005672454834, 0.3672294616699219, 3.31670880317688, -14.366079330444336, 1.272754192352295, 6.141559600830078, -0.9072082042694092, -1.6772520542144775, -0.2641901969909668, 4.2853546142578125, 31.52509117126465]], "type": "heatmap"}], "layout": {"template": {"data": {"histogram2dcontour": [{"type": "histogram2dcontour", "colorbar": {"outlinewidth": 0, "ticks": ""}, "colorscale": [[0.0, "#0d0887"], [0.1111111111111111, "#46039f"], [0.2222222222222222, "#7201a8"], [0.3333333333333333, "#9c179e"], [0.4444444444444444, "#bd3786"], [0.5555555555555556, "#d8576b"], [0.6666666666666666, "#ed7953"], [0.7777777777777778, "#fb9f3a"], [0.8888888888888888, "#fdca26"], [1.0, "#f0f921"]]}], "choropleth": [{"type": "choropleth", "colorbar": {"outlinewidth": 0, "ticks": ""}}], "histogram2d": [{"type": "histogram2d", "colorbar": {"outlinewidth": 0, "ticks": ""}, "colorscale": [[0.0, "#0d0887"], [0.1111111111111111, "#46039f"], [0.2222222222222222, "#7201a8"], [0.3333333333333333, "#9c179e"], [0.4444444444444444, "#bd3786"], [0.5555555555555556, "#d8576b"], [0.6666666666666666, "#ed7953"], [0.7777777777777778, "#fb9f3a"], [0.8888888888888888, "#fdca26"], [1.0, "#f0f921"]]}], "heatmap": [{"type": "heatmap", "colorbar": {"outlinewidth": 0, "ticks": ""}, "colorscale": [[0.0, "#0d0887"], [0.1111111111111111, "#46039f"], [0.2222222222222222, "#7201a8"], [0.3333333333333333, "#9c179e"], [0.4444444444444444, "#bd3786"], [0.5555555555555556, "#d8576b"], [0.6666666666666666, "#ed7953"], [0.7777777777777778, "#fb9f3a"], [0.8888888888888888, "#fdca26"], [1.0, "#f0f921"]]}], "heatmapgl": [{"type": "heatmapgl", "colorbar": {"outlinewidth": 0, "ticks": ""}, "colorscale": [[0.0, "#0d0887"], [0.1111111111111111, "#46039f"], [0.2222222222222222, "#7201a8"], [0.3333333333333333, "#9c179e"], [0.4444444444444444, "#bd3786"], [0.5555555555555556, "#d8576b"], [0.6666666666666666, "#ed7953"], [0.7777777777777778, "#fb9f3a"], [0.8888888888888888, "#fdca26"], [1.0, "#f0f921"]]}], "contourcarpet": [{"type": "contourcarpet", "colorbar": {"outlinewidth": 0, "ticks": ""}}], "contour": [{"type": "contour", "colorbar": {"outlinewidth": 0, "ticks": ""}, "colorscale": [[0.0, "#0d0887"], [0.1111111111111111, "#46039f"], [0.2222222222222222, "#7201a8"], [0.3333333333333333, "#9c179e"], [0.4444444444444444, "#bd3786"], [0.5555555555555556, "#d8576b"], [0.6666666666666666, "#ed7953"], [0.7777777777777778, "#fb9f3a"], [0.8888888888888888, "#fdca26"], [1.0, "#f0f921"]]}], "surface": [{"type": "surface", "colorbar": {"outlinewidth": 0, "ticks": ""}, "colorscale": [[0.0, "#0d0887"], [0.1111111111111111, "#46039f"], [0.2222222222222222, "#7201a8"], [0.3333333333333333, "#9c179e"], [0.4444444444444444, "#bd3786"], [0.5555555555555556, "#d8576b"], [0.6666666666666666, "#ed7953"], [0.7777777777777778, "#fb9f3a"], [0.8888888888888888, "#fdca26"], [1.0, "#f0f921"]]}], "mesh3d": [{"type": "mesh3d", "colorbar": {"outlinewidth": 0, "ticks": ""}}], "scatter": [{"fillpattern": {"fillmode": "overlay", "size": 10, "solidity": 0.2}, "type": "scatter"}], "parcoords": [{"type": "parcoords", "line": {"colorbar": {"outlinewidth": 0, "ticks": ""}}}], "scatterpolargl": [{"type": "scatterpolargl", "marker": {"colorbar": {"outlinewidth": 0, "ticks": ""}}}], "bar": [{"error_x": {"color": "#2a3f5f"}, "error_y": {"color": "#2a3f5f"}, "marker": {"line": {"color": "#E5ECF6", "width": 0.5}, "pattern": {"fillmode": "overlay", "size": 10, "solidity": 0.2}}, "type": "bar"}], "scattergeo": [{"type": "scattergeo", "marker": {"colorbar": {"outlinewidth": 0, "ticks": ""}}}], "scatterpolar": [{"type": "scatterpolar", "marker": {"colorbar": {"outlinewidth": 0, "ticks": ""}}}], "histogram": [{"marker": {"pattern": {"fillmode": "overlay", "size": 10, "solidity": 0.2}}, "type": "histogram"}], "scattergl": [{"type": "scattergl", "marker": {"colorbar": {"outlinewidth": 0, "ticks": ""}}}], "scatter3d": [{"type": "scatter3d", "line": {"colorbar": {"outlinewidth": 0, "ticks": ""}}, "marker": {"colorbar": {"outlinewidth": 0, "ticks": ""}}}], "scattermapbox": [{"type": "scattermapbox", "marker": {"colorbar": {"outlinewidth": 0, "ticks": ""}}}], "scatterternary": [{"type": "scatterternary", "marker": {"colorbar": {"outlinewidth": 0, "ticks": ""}}}], "scattercarpet": [{"type": "scattercarpet", "marker": {"colorbar": {"outlinewidth": 0, "ticks": ""}}}], "carpet": [{"aaxis": {"endlinecolor": "#2a3f5f", "gridcolor": "white", "linecolor": "white", "minorgridcolor": "white", "startlinecolor": "#2a3f5f"}, "baxis": {"endlinecolor": "#2a3f5f", "gridcolor": "white", "linecolor": "white", "minorgridcolor": "white", "startlinecolor": "#2a3f5f"}, "type": "carpet"}], "table": [{"cells": {"fill": {"color": "#EBF0F8"}, "line": {"color": "white"}}, "header": {"fill": {"color": "#C8D4E3"}, "line": {"color": "white"}}, "type": "table"}], "barpolar": [{"marker": {"line": {"color": "#E5ECF6", "width": 0.5}, "pattern": {"fillmode": "overlay", "size": 10, "solidity": 0.2}}, "type": "barpolar"}], "pie": [{"automargin": true, "type": "pie"}]}, "layout": {"autotypenumbers": "strict", "colorway": ["#636efa", "#EF553B", "#00cc96", "#ab63fa", "#FFA15A", "#19d3f3", "#FF6692", "#B6E880", "#FF97FF", "#FECB52"], "font": {"color": "#2a3f5f"}, "hovermode": "closest", "hoverlabel": {"align": "left"}, "paper_bgcolor": "white", "plot_bgcolor": "#E5ECF6", "polar": {"bgcolor": "#E5ECF6", "angularaxis": {"gridcolor": "white", "linecolor": "white", "ticks": ""}, "radialaxis": {"gridcolor": "white", "linecolor": "white", "ticks": ""}}, "ternary": {"bgcolor": "#E5ECF6", "aaxis": {"gridcolor": "white", "linecolor": "white", "ticks": ""}, "baxis": {"gridcolor": "white", "linecolor": "white", "ticks": ""}, "caxis": {"gridcolor": "white", "linecolor": "white", "ticks": ""}}, "coloraxis": {"colorbar": {"outlinewidth": 0, "ticks": ""}}, "colorscale": {"sequential": [[0.0, "#0d0887"], [0.1111111111111111, "#46039f"], [0.2222222222222222, "#7201a8"], [0.3333333333333333, "#9c179e"], [0.4444444444444444, "#bd3786"], [0.5555555555555556, "#d8576b"], [0.6666666666666666, "#ed7953"], [0.7777777777777778, "#fb9f3a"], [0.8888888888888888, "#fdca26"], [1.0, "#f0f921"]], "sequentialminus": [[0.0, "#0d0887"], [0.1111111111111111, "#46039f"], [0.2222222222222222, "#7201a8"], [0.3333333333333333, "#9c179e"], [0.4444444444444444, "#bd3786"], [0.5555555555555556, "#d8576b"], [0.6666666666666666, "#ed7953"], [0.7777777777777778, "#fb9f3a"], [0.8888888888888888, "#fdca26"], [1.0, "#f0f921"]], "diverging": [[0, "#8e0152"], [0.1, "#c51b7d"], [0.2, "#de77ae"], [0.3, "#f1b6da"], [0.4, "#fde0ef"], [0.5, "#f7f7f7"], [0.6, "#e6f5d0"], [0.7, "#b8e186"], [0.8, "#7fbc41"], [0.9, "#4d9221"], [1, "#276419"]]}, "xaxis": {"gridcolor": "white", "linecolor": "white", "ticks": "", "title": {"standoff": 15}, "zerolinecolor": "white", "automargin": true, "zerolinewidth": 2}, "yaxis": {"gridcolor": "white", "linecolor": "white", "ticks": "", "title": {"standoff": 15}, "zerolinecolor": "white", "automargin": true, "zerolinewidth": 2}, "scene": {"xaxis": {"backgroundcolor": "#E5ECF6", "gridcolor": "white", "linecolor": "white", "showbackground": true, "ticks": "", "zerolinecolor": "white", "gridwidth": 2}, "yaxis": {"backgroundcolor": "#E5ECF6", "gridcolor": "white", "linecolor": "white", "showbackground": true, "ticks": "", "zerolinecolor": "white", "gridwidth": 2}, "zaxis": {"backgroundcolor": "#E5ECF6", "gridcolor": "white", "linecolor": "white", "showbackground": true, "ticks": "", "zerolinecolor": "white", "gridwidth": 2}}, "shapedefaults": {"line": {"color": "#2a3f5f"}}, "annotationdefaults": {"arrowcolor": "#2a3f5f", "arrowhead": 0, "arrowwidth": 1}, "geo": {"bgcolor": "white", "landcolor": "#E5ECF6", "subunitcolor": "white", "showland": true, "showlakes": true, "lakecolor": "white"}, "title": {"x": 0.05}, "mapbox": {"style": "light"}}}}}