{"data": [{"z": [[19.503660202026367, -2.9988279342651367, -0.5717833042144775, -1.2212952375411987, -3.2947258949279785, -2.1354763507843018, -2.515209436416626, -0.6582769751548767, 1.4215861558914185, 2.9438185691833496, 2.6622889041900635, -1.856131672859192, 3.347456216812134, 0.6527194380760193, 8.211090087890625, 2.1657989025115967, -1.827513575553894, -0.18812249600887299, -1.8326020240783691, -3.7723355293273926, -2.772184133529663], [-2.9988279342651367, 30.41783905029297, -5.805612087249756, 1.8908616304397583, -2.6730809211730957, -4.301010608673096, -1.3052822351455688, -1.1886732578277588, 0.0984301045536995, -12.211628913879395, 6.678941249847412, 2.761467933654785, -1.5894854068756104, -1.4357960224151611, -7.257457256317139, 4.0798659324646, 0.9537792205810547, -1.659712314605713, -3.0320005416870117, -5.106020927429199, -11.271306991577148], [-0.5717833042144775, -5.805612087249756, 31.470197677612305, -0.20684535801410675, 9.927846908569336, 5.878993034362793, -5.073226451873779, 2.3594892024993896, 4.97465705871582, 1.0716832876205444, -4.567568778991699, -8.584933280944824, -1.907326579093933, 8.241390228271484, -7.823233604431152, -4.114360332489014, 8.892548561096191, -0.6940600872039795, -4.406415939331055, 4.2617692947387695, -9.228486061096191], [-1.2212952375411987, 1.8908616304397583, -0.20684535801410675, 20.237600326538086, 0.9466646909713745, -4.242661952972412, -3.9998719692230225, 0.24227333068847656, -5.0075297355651855, 1.9587606191635132, -3.1540513038635254, -3.968179225921631, 0.3463054299354553, -9.56629467010498, 4.542974472045898, -1.388878583908081, -2.6883270740509033, -3.620504856109619, -1.116371750831604, 2.3120675086975098, 2.547900676727295], [-3.2947258949279785, -2.6730809211730957, 9.927846908569336, 0.9466646909713745, 24.06385040283203, 8.260316848754883, 0.015847835689783096, -1.0927960872650146, -4.564876556396484, -1.5789847373962402, 0.7594590187072754, 3.022369146347046, -0.08627092093229294, 4.791468620300293, -2.8648321628570557, -4.123651504516602, 4.184623718261719, 4.484737873077393, -1.8370177745819092, -1.8911314010620117, -3.8540234565734863], [-2.1354763507843018, -4.301010608673096, 5.878993034362793, -4.242661952972412, 8.260316848754883, 23.750900268554688, -2.2410120964050293, 0.41458919644355774, 3.1237120628356934, -4.5859246253967285, -1.2976833581924438, 2.5197837352752686, 0.6869677901268005, 2.7480947971343994, 1.630435585975647, -5.643736839294434, 2.871731758117676, 8.58561897277832, -3.880352258682251, 3.5868842601776123, -6.843538284301758], [-2.515209436416626, -1.3052822351455688, -5.073226451873779, -3.9998719692230225, 0.015847835689783096, -2.2410120964050293, 21.9256591796875, -1.3940473794937134, -6.382596969604492, 1.83584463596344, 1.7604390382766724, 5.862771511077881, -1.1967250108718872, 6.533575534820557, -0.49893099069595337, -0.9071748852729797, 9.236464500427246, 1.9665558338165283, -5.696432590484619, -0.7225767374038696, 0.95063316822052], [-0.6582769751548767, -1.1886732578277588, 2.3594892024993896, 0.24227333068847656, -1.0927960872650146, 0.41458919644355774, -1.3940473794937134, 26.372699737548828, -0.8260889053344727, -5.137476444244385, -1.4879121780395508, -4.990418910980225, 1.7808775901794434, -5.196440696716309, 2.936519145965576, -3.8697702884674072, 4.358194351196289, 11.009989738464355, 3.2854347229003906, 11.572239875793457, 4.93555212020874], [1.4215861558914185, 0.0984301045536995, 4.97465705871582, -5.0075297355651855, -4.564876556396484, 3.1237120628356934, -6.382596969604492, -0.8260889053344727, 21.125473022460938, 1.131054401397705, -3.476698637008667, 8.46660041809082, 3.2545697689056396, 5.284055233001709, -2.4324920177459717, 4.3018059730529785, -5.112179279327393, -7.263197422027588, 1.5454344749450684, -2.647209644317627, -5.378644943237305], [2.9438185691833496, -12.211628913879395, 1.0716832876205444, 1.9587606191635132, -1.5789847373962402, -4.5859246253967285, 1.83584463596344, -5.137476444244385, 1.131054401397705, 24.484251022338867, -5.553328990936279, 1.3270283937454224, 4.113358974456787, 8.691568374633789, 2.429631233215332, -1.9590890407562256, -3.4887449741363525, -6.973823070526123, 1.8321852684020996, 2.2582015991210938, 7.432187557220459], [2.6622889041900635, 6.678941249847412, -4.567568778991699, -3.1540513038635254, 0.7594590187072754, -1.2976833581924438, 1.7604390382766724, -1.4879121780395508, -3.476698637008667, -5.553328990936279, 20.451452255249023, 4.6694769859313965, -1.0826704502105713, 1.0248994827270508, -3.3174643516540527, -1.179768443107605, 3.253937244415283, 3.6021690368652344, -4.467004776000977, -2.12307071685791, -5.53580904006958], [-1.856131672859192, 2.761467933654785, -8.584933280944824, -3.968179225921631, 3.022369146347046, 2.5197837352752686, 5.862771511077881, -4.990418910980225, 8.46660041809082, 1.3270283937454224, 4.6694769859313965, 25.06657600402832, 5.478865146636963, 2.9143245220184326, -0.11945512890815735, 4.965480804443359, 6.411976337432861, -4.9381513595581055, -1.747146487236023, -6.903940200805664, 0.35643112659454346], [3.347456216812134, -1.5894854068756104, -1.907326579093933, 0.3463054299354553, -0.08627092093229294, 0.6869677901268005, -1.1967250108718872, 1.7808775901794434, 3.2545697689056396, 4.113358974456787, -1.0826704502105713, 5.478865146636963, 11.703566551208496, 5.450331211090088, -1.8712618350982666, -0.3732525706291199, -3.6586430072784424, -0.9916455745697021, -2.5754597187042236, -3.1691761016845703, 3.327894687652588], [0.6527194380760193, -1.4357960224151611, 8.241390228271484, -9.56629467010498, 4.791468620300293, 2.7480947971343994, 6.533575534820557, -5.196440696716309, 5.284055233001709, 8.691568374633789, 1.0248994827270508, 2.9143245220184326, 5.450331211090088, 33.84910202026367, -5.575775623321533, -8.707806587219238, -0.6801762580871582, 2.5623021125793457, -0.7939646244049072, -4.986847400665283, -14.38156795501709], [8.211090087890625, -7.257457256317139, -7.823233604431152, 4.542974472045898, -2.8648321628570557, 1.630435585975647, -0.49893099069595337, 2.936519145965576, -2.4324920177459717, 2.429631233215332, -3.3174643516540527, -0.11945512890815735, -1.8712618350982666, -5.575775623321533, 31.738536834716797, -4.895165920257568, 3.297290325164795, -3.2062625885009766, 11.796526908874512, -1.3618830442428589, 1.2682617902755737], [2.1657989025115967, 4.0798659324646, -4.114360332489014, -1.388878583908081, -4.123651504516602, -5.643736839294434, -0.9071748852729797, -3.8697702884674072, 4.3018059730529785, -1.9590890407562256, -1.179768443107605, 4.965480804443359, -0.3732525706291199, -8.707806587219238, -4.895165920257568, 21.8204288482666, -0.6264153718948364, -3.0525035858154297, 5.197454452514648, -5.894150733947754, 6.1435322761535645], [-1.8275130987167358, 0.9537787437438965, 8.892548561096191, -2.688326835632324, 4.184623718261719, 2.871731758117676, 9.236462593078613, 4.358194351196289, -5.112179756164551, -3.4887454509735107, 3.2539374828338623, 6.411976337432861, -3.6586434841156006, -0.6801759600639343, 3.2972898483276367, -0.6264153718948364, 27.9931583404541, 3.0441834926605225, -3.5506200790405273, 2.162060260772705, -0.9121541976928711], [-0.18812242150306702, -1.6597121953964233, -0.6940606832504272, -3.6205053329467773, 4.484737396240234, 8.58561897277832, 1.9665560722351074, 11.009989738464355, -7.263198375701904, -6.973822116851807, 3.602168560028076, -4.938151836395264, -0.9916455745697021, 2.5623013973236084, -3.2062625885009766, -3.052503824234009, 3.0441834926605225, 20.441123962402344, 2.1041688919067383, 8.168149948120117, -1.6792364120483398], [-1.8326023817062378, -3.0320000648498535, -4.406415939331055, -1.1163716316223145, -1.8370190858840942, -3.8803529739379883, -5.696432590484619, 3.285435199737549, 1.5454349517822266, 1.832184910774231, -4.467005252838135, -1.7471468448638916, -2.5754594802856445, -0.7939643859863281, 11.796528816223145, 5.197453498840332, -3.5506200790405273, 2.1041688919067383, 25.465518951416016, -5.1123270988464355, -0.27650272846221924], [-3.7723357677459717, -5.106019496917725, 4.261768341064453, 2.3120675086975098, -1.8911315202713013, 3.586884021759033, -0.7225767970085144, 11.572239875793457, -2.647209405899048, 2.258201837539673, -2.123070478439331, -6.903939723968506, -3.1691761016845703, -4.9868483543396, -1.3618831634521484, -5.894150257110596, 2.162060260772705, 8.168149948120117, -5.1123270988464355, 24.645124435424805, 4.297390937805176], [-2.772184133529663, -11.271306037902832, -9.228484153747559, 2.5479013919830322, -3.8540234565734863, -6.843537330627441, 0.9506333470344543, 4.93555212020874, -5.378643989562988, 7.432188034057617, -5.53580904006958, 0.3564310073852539, 3.327894926071167, -14.381567001342773, 1.268261432647705, 6.143532752990723, -0.912153959274292, -1.679236650466919, -0.2765035629272461, 4.297391414642334, 31.52509117126465]], "type": "heatmap"}], "layout": {"template": {"data": {"histogram2dcontour": [{"type": "histogram2dcontour", "colorbar": {"outlinewidth": 0, "ticks": ""}, "colorscale": [[0.0, "#0d0887"], [0.1111111111111111, "#46039f"], [0.2222222222222222, "#7201a8"], [0.3333333333333333, "#9c179e"], [0.4444444444444444, "#bd3786"], [0.5555555555555556, "#d8576b"], [0.6666666666666666, "#ed7953"], [0.7777777777777778, "#fb9f3a"], [0.8888888888888888, "#fdca26"], [1.0, "#f0f921"]]}], "choropleth": [{"type": "choropleth", "colorbar": {"outlinewidth": 0, "ticks": ""}}], "histogram2d": [{"type": "histogram2d", "colorbar": {"outlinewidth": 0, "ticks": ""}, "colorscale": [[0.0, "#0d0887"], [0.1111111111111111, "#46039f"], [0.2222222222222222, "#7201a8"], [0.3333333333333333, "#9c179e"], [0.4444444444444444, "#bd3786"], [0.5555555555555556, "#d8576b"], [0.6666666666666666, "#ed7953"], [0.7777777777777778, "#fb9f3a"], [0.8888888888888888, "#fdca26"], [1.0, "#f0f921"]]}], "heatmap": [{"type": "heatmap", "colorbar": {"outlinewidth": 0, "ticks": ""}, "colorscale": [[0.0, "#0d0887"], [0.1111111111111111, "#46039f"], [0.2222222222222222, "#7201a8"], [0.3333333333333333, "#9c179e"], [0.4444444444444444, "#bd3786"], [0.5555555555555556, "#d8576b"], [0.6666666666666666, "#ed7953"], [0.7777777777777778, "#fb9f3a"], [0.8888888888888888, "#fdca26"], [1.0, "#f0f921"]]}], "heatmapgl": [{"type": "heatmapgl", "colorbar": {"outlinewidth": 0, "ticks": ""}, "colorscale": [[0.0, "#0d0887"], [0.1111111111111111, "#46039f"], [0.2222222222222222, "#7201a8"], [0.3333333333333333, "#9c179e"], [0.4444444444444444, "#bd3786"], [0.5555555555555556, "#d8576b"], [0.6666666666666666, "#ed7953"], [0.7777777777777778, "#fb9f3a"], [0.8888888888888888, "#fdca26"], [1.0, "#f0f921"]]}], "contourcarpet": [{"type": "contourcarpet", "colorbar": {"outlinewidth": 0, "ticks": ""}}], "contour": [{"type": "contour", "colorbar": {"outlinewidth": 0, "ticks": ""}, "colorscale": [[0.0, "#0d0887"], [0.1111111111111111, "#46039f"], [0.2222222222222222, "#7201a8"], [0.3333333333333333, "#9c179e"], [0.4444444444444444, "#bd3786"], [0.5555555555555556, "#d8576b"], [0.6666666666666666, "#ed7953"], [0.7777777777777778, "#fb9f3a"], [0.8888888888888888, "#fdca26"], [1.0, "#f0f921"]]}], "surface": [{"type": "surface", "colorbar": {"outlinewidth": 0, "ticks": ""}, "colorscale": [[0.0, "#0d0887"], [0.1111111111111111, "#46039f"], [0.2222222222222222, "#7201a8"], [0.3333333333333333, "#9c179e"], [0.4444444444444444, "#bd3786"], [0.5555555555555556, "#d8576b"], [0.6666666666666666, "#ed7953"], [0.7777777777777778, "#fb9f3a"], [0.8888888888888888, "#fdca26"], [1.0, "#f0f921"]]}], "mesh3d": [{"type": "mesh3d", "colorbar": {"outlinewidth": 0, "ticks": ""}}], "scatter": [{"fillpattern": {"fillmode": "overlay", "size": 10, "solidity": 0.2}, "type": "scatter"}], "parcoords": [{"type": "parcoords", "line": {"colorbar": {"outlinewidth": 0, "ticks": ""}}}], "scatterpolargl": [{"type": "scatterpolargl", "marker": {"colorbar": {"outlinewidth": 0, "ticks": ""}}}], "bar": [{"error_x": {"color": "#2a3f5f"}, "error_y": {"color": "#2a3f5f"}, "marker": {"line": {"color": "#E5ECF6", "width": 0.5}, "pattern": {"fillmode": "overlay", "size": 10, "solidity": 0.2}}, "type": "bar"}], "scattergeo": [{"type": "scattergeo", "marker": {"colorbar": {"outlinewidth": 0, "ticks": ""}}}], "scatterpolar": [{"type": "scatterpolar", "marker": {"colorbar": {"outlinewidth": 0, "ticks": ""}}}], "histogram": [{"marker": {"pattern": {"fillmode": "overlay", "size": 10, "solidity": 0.2}}, "type": "histogram"}], "scattergl": [{"type": "scattergl", "marker": {"colorbar": {"outlinewidth": 0, "ticks": ""}}}], "scatter3d": [{"type": "scatter3d", "line": {"colorbar": {"outlinewidth": 0, "ticks": ""}}, "marker": {"colorbar": {"outlinewidth": 0, "ticks": ""}}}], "scattermapbox": [{"type": "scattermapbox", "marker": {"colorbar": {"outlinewidth": 0, "ticks": ""}}}], "scatterternary": [{"type": "scatterternary", "marker": {"colorbar": {"outlinewidth": 0, "ticks": ""}}}], "scattercarpet": [{"type": "scattercarpet", "marker": {"colorbar": {"outlinewidth": 0, "ticks": ""}}}], "carpet": [{"aaxis": {"endlinecolor": "#2a3f5f", "gridcolor": "white", "linecolor": "white", "minorgridcolor": "white", "startlinecolor": "#2a3f5f"}, "baxis": {"endlinecolor": "#2a3f5f", "gridcolor": "white", "linecolor": "white", "minorgridcolor": "white", "startlinecolor": "#2a3f5f"}, "type": "carpet"}], "table": [{"cells": {"fill": {"color": "#EBF0F8"}, "line": {"color": "white"}}, "header": {"fill": {"color": "#C8D4E3"}, "line": {"color": "white"}}, "type": "table"}], "barpolar": [{"marker": {"line": {"color": "#E5ECF6", "width": 0.5}, "pattern": {"fillmode": "overlay", "size": 10, "solidity": 0.2}}, "type": "barpolar"}], "pie": [{"automargin": true, "type": "pie"}]}, "layout": {"autotypenumbers": "strict", "colorway": ["#636efa", "#EF553B", "#00cc96", "#ab63fa", "#FFA15A", "#19d3f3", "#FF6692", "#B6E880", "#FF97FF", "#FECB52"], "font": {"color": "#2a3f5f"}, "hovermode": "closest", "hoverlabel": {"align": "left"}, "paper_bgcolor": "white", "plot_bgcolor": "#E5ECF6", "polar": {"bgcolor": "#E5ECF6", "angularaxis": {"gridcolor": "white", "linecolor": "white", "ticks": ""}, "radialaxis": {"gridcolor": "white", "linecolor": "white", "ticks": ""}}, "ternary": {"bgcolor": "#E5ECF6", "aaxis": {"gridcolor": "white", "linecolor": "white", "ticks": ""}, "baxis": {"gridcolor": "white", "linecolor": "white", "ticks": ""}, "caxis": {"gridcolor": "white", "linecolor": "white", "ticks": ""}}, "coloraxis": {"colorbar": {"outlinewidth": 0, "ticks": ""}}, "colorscale": {"sequential": [[0.0, "#0d0887"], [0.1111111111111111, "#46039f"], [0.2222222222222222, "#7201a8"], [0.3333333333333333, "#9c179e"], [0.4444444444444444, "#bd3786"], [0.5555555555555556, "#d8576b"], [0.6666666666666666, "#ed7953"], [0.7777777777777778, "#fb9f3a"], [0.8888888888888888, "#fdca26"], [1.0, "#f0f921"]], "sequentialminus": [[0.0, "#0d0887"], [0.1111111111111111, "#46039f"], [0.2222222222222222, "#7201a8"], [0.3333333333333333, "#9c179e"], [0.4444444444444444, "#bd3786"], [0.5555555555555556, "#d8576b"], [0.6666666666666666, "#ed7953"], [0.7777777777777778, "#fb9f3a"], [0.8888888888888888, "#fdca26"], [1.0, "#f0f921"]], "diverging": [[0, "#8e0152"], [0.1, "#c51b7d"], [0.2, "#de77ae"], [0.3, "#f1b6da"], [0.4, "#fde0ef"], [0.5, "#f7f7f7"], [0.6, "#e6f5d0"], [0.7, "#b8e186"], [0.8, "#7fbc41"], [0.9, "#4d9221"], [1, "#276419"]]}, "xaxis": {"gridcolor": "white", "linecolor": "white", "ticks": "", "title": {"standoff": 15}, "zerolinecolor": "white", "automargin": true, "zerolinewidth": 2}, "yaxis": {"gridcolor": "white", "linecolor": "white", "ticks": "", "title": {"standoff": 15}, "zerolinecolor": "white", "automargin": true, "zerolinewidth": 2}, "scene": {"xaxis": {"backgroundcolor": "#E5ECF6", "gridcolor": "white", "linecolor": "white", "showbackground": true, "ticks": "", "zerolinecolor": "white", "gridwidth": 2}, "yaxis": {"backgroundcolor": "#E5ECF6", "gridcolor": "white", "linecolor": "white", "showbackground": true, "ticks": "", "zerolinecolor": "white", "gridwidth": 2}, "zaxis": {"backgroundcolor": "#E5ECF6", "gridcolor": "white", "linecolor": "white", "showbackground": true, "ticks": "", "zerolinecolor": "white", "gridwidth": 2}}, "shapedefaults": {"line": {"color": "#2a3f5f"}}, "annotationdefaults": {"arrowcolor": "#2a3f5f", "arrowhead": 0, "arrowwidth": 1}, "geo": {"bgcolor": "white", "landcolor": "#E5ECF6", "subunitcolor": "white", "showland": true, "showlakes": true, "lakecolor": "white"}, "title": {"x": 0.05}, "mapbox": {"style": "light"}}}}}