{"data": [{"z": [[19.361188888549805, -3.030362844467163, -0.5623161792755127, -1.225529432296753, -3.2825255393981934, -2.0733940601348877, -2.499476432800293, -0.6416069865226746, 1.4379295110702515, 2.9259400367736816, 2.6652162075042725, -1.8289426565170288, 3.347994327545166, 0.644523561000824, 8.160654067993164, 2.150587558746338, -1.7902756929397583, -0.15758757293224335, -1.8627982139587402, -3.736380100250244, -2.763953924179077], [-3.030362844467163, 30.342491149902344, -5.76531982421875, 1.8995352983474731, -2.649702548980713, -4.276617527008057, -1.3026142120361328, -1.1657453775405884, 0.10586825013160706, -12.192583084106445, 6.66178560256958, 2.7596399784088135, -1.569085955619812, -1.4293954372406006, -7.266250133514404, 4.061979293823242, 0.9881768226623535, -1.6336637735366821, -3.0549516677856445, -5.076018333435059, -11.260476112365723], [-0.5623161792755127, -5.76531982421875, 31.380186080932617, -0.21096450090408325, 9.898509979248047, 5.8412251472473145, -5.06519889831543, 2.335662841796875, 4.9536356925964355, 1.0827826261520386, -4.547370433807373, -8.590633392333984, -1.912192463874817, 8.202092170715332, -7.759609699249268, -4.11361837387085, 8.840391159057617, -0.7017161846160889, -4.406523704528809, 4.2440690994262695, -9.214229583740234], [-1.225529432296753, 1.8995352983474731, -0.21096450090408325, 20.187314987182617, 0.9533823728561401, -4.233762264251709, -3.995894432067871, 0.24919895827770233, -4.990006923675537, 1.9433976411819458, -3.1310017108917236, -3.951347827911377, 0.34891507029533386, -9.546257972717285, 4.562300682067871, -1.3872581720352173, -2.676990509033203, -3.601771354675293, -1.115301251411438, 2.2971274852752686, 2.5412142276763916], [-3.2825255393981934, -2.649702548980713, 9.898509979248047, 0.9533823728561401, 24.010374069213867, 8.229909896850586, -0.01207098551094532, -1.1042370796203613, -4.5646138191223145, -1.5561836957931519, 0.7554330825805664, 3.0037026405334473, -0.09151122719049454, 4.773622512817383, -2.838186025619507, -4.112970352172852, 4.171185493469238, 4.4709672927856445, -1.8364306688308716, -1.8948712348937988, -3.8461873531341553], [-2.0733940601348877, -4.276617527008057, 5.8412251472473145, -4.233762264251709, 8.229909896850586, 23.69590950012207, -2.239919424057007, 0.3970932960510254, 3.107131242752075, -4.558602333068848, -1.2991374731063843, 2.495518445968628, 0.6859448552131653, 2.727109670639038, 1.6383899450302124, -5.63837194442749, 2.8416171073913574, 8.554405212402344, -3.8706135749816895, 3.5808684825897217, -6.830798149108887], [-2.499476432800293, -1.3026142120361328, -5.06519889831543, -3.995894432067871, -0.01207098551094532, -2.239919424057007, 21.836322784423828, -1.3848844766616821, -6.357431888580322, 1.811113715171814, 1.7542691230773926, 5.87100076675415, -1.1694350242614746, 6.534571647644043, -0.48373258113861084, -0.9166123270988464, 9.23898983001709, 1.954371690750122, -5.654769420623779, -0.7329874038696289, 0.9358295202255249], [-0.6416069865226746, -1.1657453775405884, 2.335662841796875, 0.24919895827770233, -1.1042370796203613, 0.3970932960510254, -1.3848844766616821, 26.311887741088867, -0.8362300395965576, -5.117808818817139, -1.474098801612854, -5.000680446624756, 1.7555993795394897, -5.20711612701416, 2.966564655303955, -3.8468754291534424, 4.330686569213867, 10.989789009094238, 3.277878522872925, 11.540237426757812, 4.936890125274658], [1.4379295110702515, 0.10586825013160706, 4.9536356925964355, -4.990006923675537, -4.5646138191223145, 3.107131242752075, -6.357431888580322, -0.8362300395965576, 21.070772171020508, 1.1542000770568848, -3.4909474849700928, 8.43352222442627, 3.2377774715423584, 5.259287357330322, -2.410693883895874, 4.306800842285156, -5.115103721618652, -7.247119426727295, 1.5368144512176514, -2.641702175140381, -5.362303733825684], [2.9259400367736816, -12.192583084106445, 1.0827826261520386, 1.9433976411819458, -1.5561836957931519, -4.558602333068848, 1.811113715171814, -5.117808818817139, 1.1542000770568848, 24.417434692382812, -5.526553630828857, 1.3419677019119263, 4.115666389465332, 8.692069053649902, 2.4520020484924316, -1.9532920122146606, -3.473808526992798, -6.941720485687256, 1.8530380725860596, 2.246256113052368, 7.408433437347412], [2.6652162075042725, 6.66178560256958, -4.547370433807373, -3.1310017108917236, 0.7554330825805664, -1.2991374731063843, 1.7542691230773926, -1.474098801612854, -3.4909474849700928, -5.526553630828857, 20.386898040771484, 4.651429176330566, -1.071936845779419, 1.0216634273529053, -3.3462016582489014, -1.1811416149139404, 3.2575206756591797, 3.5947165489196777, -4.462587356567383, -2.097383737564087, -5.5182881355285645], [-1.8289426565170288, 2.7596399784088135, -8.590633392333984, -3.951347827911377, 3.0037026405334473, 2.495518445968628, 5.87100076675415, -5.000680446624756, 8.43352222442627, 1.3419677019119263, 4.651429176330566, 24.99460220336914, 5.4682936668396, 2.8949625492095947, -0.12725146114826202, 4.953001022338867, 6.374958038330078, -4.940077304840088, -1.7540796995162964, -6.88151216506958, 0.368514746427536], [3.347994327545166, -1.569085955619812, -1.912192463874817, 0.34891507029533386, -0.09151122719049454, 0.6859448552131653, -1.1694350242614746, 1.7555993795394897, 3.2377774715423584, 4.115666389465332, -1.071936845779419, 5.4682936668396, 11.665956497192383, 5.443718433380127, -1.8476672172546387, -0.36722928285598755, -3.659959316253662, -0.9872068166732788, -2.580737829208374, -3.1650638580322266, 3.3136911392211914], [0.644523561000824, -1.4293954372406006, 8.202092170715332, -9.546257972717285, 4.773622512817383, 2.727109670639038, 6.534571647644043, -5.20711612701416, 5.259287357330322, 8.692069053649902, 1.0216634273529053, 2.8949625492095947, 5.443718433380127, 33.788570404052734, -5.561517715454102, -8.702667236328125, -0.7074685096740723, 2.558762311935425, -0.8038225173950195, -4.975338935852051, -14.364068984985352], [8.160654067993164, -7.266250133514404, -7.759609699249268, 4.562300682067871, -2.838186025619507, 1.6383899450302124, -0.48373258113861084, 2.966564655303955, -2.410693883895874, 2.4520020484924316, -3.3462016582489014, -0.12725146114826202, -1.8476672172546387, -5.561517715454102, 31.616369247436523, -4.895934104919434, 3.30684757232666, -3.1830151081085205, 11.739777565002441, -1.3314077854156494, 1.2717374563217163], [2.150587558746338, 4.061979293823242, -4.11361837387085, -1.3872581720352173, -4.112970352172852, -5.63837194442749, -0.9166123270988464, -3.8468754291534424, 4.306800842285156, -1.9532920122146606, -1.1811416149139404, 4.953001022338867, -0.36722928285598755, -8.702667236328125, -4.895934104919434, 21.74964714050293, -0.624208927154541, -3.0477304458618164, 5.179490089416504, -5.8745012283325195, 6.139020919799805], [-1.7902755737304688, 0.9881763458251953, 8.840391159057617, -2.676990032196045, 4.17118501663208, 2.84161639213562, 9.23898983001709, 4.330687046051025, -5.115105152130127, -3.473809003829956, 3.257521152496338, 6.374958038330078, -3.6599597930908203, -0.7074679136276245, 3.306847095489502, -0.6242088675498962, 27.928361892700195, 3.0292272567749023, -3.549483299255371, 2.162194013595581, -0.9061846733093262], [-0.15758755803108215, -1.6336634159088135, -0.7017155289649963, -3.6017708778381348, 4.470966815948486, 8.554404258728027, 1.9543709754943848, 10.989790916442871, -7.247119426727295, -6.941720962524414, 3.594717264175415, -4.940077304840088, -0.9872069358825684, 2.558762311935425, -3.1830151081085205, -3.0477304458618164, 3.0292272567749023, 20.40557098388672, 2.1015233993530273, 8.151076316833496, -1.6774173974990845], [-1.8627986907958984, -3.0549519062042236, -4.40652322769165, -1.115301251411438, -1.8364300727844238, -3.8706135749816895, -5.654768943786621, 3.277878999710083, 1.5368143320083618, 1.8530384302139282, -4.462587356567383, -1.7540802955627441, -2.580737352371216, -0.8038216829299927, 11.739777565002441, 5.179489612579346, -3.549483299255371, 2.1015233993530273, 25.390125274658203, -5.077908515930176, -0.262312114238739], [-3.736379861831665, -5.076018333435059, 4.244069576263428, 2.2971274852752686, -1.8948715925216675, 3.5808680057525635, -0.732987642288208, 11.540238380432129, -2.64170241355896, 2.246256113052368, -2.097383975982666, -6.88151216506958, -3.1650636196136475, -4.975339412689209, -1.3314075469970703, -5.874501705169678, 2.162194013595581, 8.151076316833496, -5.077908515930176, 24.575828552246094, 4.2835493087768555], [-2.763953924179077, -11.260477066040039, -9.214229583740234, 2.5412142276763916, -3.846187114715576, -6.830798149108887, 0.9358295202255249, 4.936890602111816, -5.362304210662842, 7.408433437347412, -5.518287658691406, 0.36851489543914795, 3.3136911392211914, -14.364068984985352, 1.2717375755310059, 6.139021396636963, -0.906184196472168, -1.6774182319641113, -0.2623119354248047, 4.2835493087768555, 31.52509117126465]], "type": "heatmap"}], "layout": {"template": {"data": {"histogram2dcontour": [{"type": "histogram2dcontour", "colorbar": {"outlinewidth": 0, "ticks": ""}, "colorscale": [[0.0, "#0d0887"], [0.1111111111111111, "#46039f"], [0.2222222222222222, "#7201a8"], [0.3333333333333333, "#9c179e"], [0.4444444444444444, "#bd3786"], [0.5555555555555556, "#d8576b"], [0.6666666666666666, "#ed7953"], [0.7777777777777778, "#fb9f3a"], [0.8888888888888888, "#fdca26"], [1.0, "#f0f921"]]}], "choropleth": [{"type": "choropleth", "colorbar": {"outlinewidth": 0, "ticks": ""}}], "histogram2d": [{"type": "histogram2d", "colorbar": {"outlinewidth": 0, "ticks": ""}, "colorscale": [[0.0, "#0d0887"], [0.1111111111111111, "#46039f"], [0.2222222222222222, "#7201a8"], [0.3333333333333333, "#9c179e"], [0.4444444444444444, "#bd3786"], [0.5555555555555556, "#d8576b"], [0.6666666666666666, "#ed7953"], [0.7777777777777778, "#fb9f3a"], [0.8888888888888888, "#fdca26"], [1.0, "#f0f921"]]}], "heatmap": [{"type": "heatmap", "colorbar": {"outlinewidth": 0, "ticks": ""}, "colorscale": [[0.0, "#0d0887"], [0.1111111111111111, "#46039f"], [0.2222222222222222, "#7201a8"], [0.3333333333333333, "#9c179e"], [0.4444444444444444, "#bd3786"], [0.5555555555555556, "#d8576b"], [0.6666666666666666, "#ed7953"], [0.7777777777777778, "#fb9f3a"], [0.8888888888888888, "#fdca26"], [1.0, "#f0f921"]]}], "heatmapgl": [{"type": "heatmapgl", "colorbar": {"outlinewidth": 0, "ticks": ""}, "colorscale": [[0.0, "#0d0887"], [0.1111111111111111, "#46039f"], [0.2222222222222222, "#7201a8"], [0.3333333333333333, "#9c179e"], [0.4444444444444444, "#bd3786"], [0.5555555555555556, "#d8576b"], [0.6666666666666666, "#ed7953"], [0.7777777777777778, "#fb9f3a"], [0.8888888888888888, "#fdca26"], [1.0, "#f0f921"]]}], "contourcarpet": [{"type": "contourcarpet", "colorbar": {"outlinewidth": 0, "ticks": ""}}], "contour": [{"type": "contour", "colorbar": {"outlinewidth": 0, "ticks": ""}, "colorscale": [[0.0, "#0d0887"], [0.1111111111111111, "#46039f"], [0.2222222222222222, "#7201a8"], [0.3333333333333333, "#9c179e"], [0.4444444444444444, "#bd3786"], [0.5555555555555556, "#d8576b"], [0.6666666666666666, "#ed7953"], [0.7777777777777778, "#fb9f3a"], [0.8888888888888888, "#fdca26"], [1.0, "#f0f921"]]}], "surface": [{"type": "surface", "colorbar": {"outlinewidth": 0, "ticks": ""}, "colorscale": [[0.0, "#0d0887"], [0.1111111111111111, "#46039f"], [0.2222222222222222, "#7201a8"], [0.3333333333333333, "#9c179e"], [0.4444444444444444, "#bd3786"], [0.5555555555555556, "#d8576b"], [0.6666666666666666, "#ed7953"], [0.7777777777777778, "#fb9f3a"], [0.8888888888888888, "#fdca26"], [1.0, "#f0f921"]]}], "mesh3d": [{"type": "mesh3d", "colorbar": {"outlinewidth": 0, "ticks": ""}}], "scatter": [{"fillpattern": {"fillmode": "overlay", "size": 10, "solidity": 0.2}, "type": "scatter"}], "parcoords": [{"type": "parcoords", "line": {"colorbar": {"outlinewidth": 0, "ticks": ""}}}], "scatterpolargl": [{"type": "scatterpolargl", "marker": {"colorbar": {"outlinewidth": 0, "ticks": ""}}}], "bar": [{"error_x": {"color": "#2a3f5f"}, "error_y": {"color": "#2a3f5f"}, "marker": {"line": {"color": "#E5ECF6", "width": 0.5}, "pattern": {"fillmode": "overlay", "size": 10, "solidity": 0.2}}, "type": "bar"}], "scattergeo": [{"type": "scattergeo", "marker": {"colorbar": {"outlinewidth": 0, "ticks": ""}}}], "scatterpolar": [{"type": "scatterpolar", "marker": {"colorbar": {"outlinewidth": 0, "ticks": ""}}}], "histogram": [{"marker": {"pattern": {"fillmode": "overlay", "size": 10, "solidity": 0.2}}, "type": "histogram"}], "scattergl": [{"type": "scattergl", "marker": {"colorbar": {"outlinewidth": 0, "ticks": ""}}}], "scatter3d": [{"type": "scatter3d", "line": {"colorbar": {"outlinewidth": 0, "ticks": ""}}, "marker": {"colorbar": {"outlinewidth": 0, "ticks": ""}}}], "scattermapbox": [{"type": "scattermapbox", "marker": {"colorbar": {"outlinewidth": 0, "ticks": ""}}}], "scatterternary": [{"type": "scatterternary", "marker": {"colorbar": {"outlinewidth": 0, "ticks": ""}}}], "scattercarpet": [{"type": "scattercarpet", "marker": {"colorbar": {"outlinewidth": 0, "ticks": ""}}}], "carpet": [{"aaxis": {"endlinecolor": "#2a3f5f", "gridcolor": "white", "linecolor": "white", "minorgridcolor": "white", "startlinecolor": "#2a3f5f"}, "baxis": {"endlinecolor": "#2a3f5f", "gridcolor": "white", "linecolor": "white", "minorgridcolor": "white", "startlinecolor": "#2a3f5f"}, "type": "carpet"}], "table": [{"cells": {"fill": {"color": "#EBF0F8"}, "line": {"color": "white"}}, "header": {"fill": {"color": "#C8D4E3"}, "line": {"color": "white"}}, "type": "table"}], "barpolar": [{"marker": {"line": {"color": "#E5ECF6", "width": 0.5}, "pattern": {"fillmode": "overlay", "size": 10, "solidity": 0.2}}, "type": "barpolar"}], "pie": [{"automargin": true, "type": "pie"}]}, "layout": {"autotypenumbers": "strict", "colorway": ["#636efa", "#EF553B", "#00cc96", "#ab63fa", "#FFA15A", "#19d3f3", "#FF6692", "#B6E880", "#FF97FF", "#FECB52"], "font": {"color": "#2a3f5f"}, "hovermode": "closest", "hoverlabel": {"align": "left"}, "paper_bgcolor": "white", "plot_bgcolor": "#E5ECF6", "polar": {"bgcolor": "#E5ECF6", "angularaxis": {"gridcolor": "white", "linecolor": "white", "ticks": ""}, "radialaxis": {"gridcolor": "white", "linecolor": "white", "ticks": ""}}, "ternary": {"bgcolor": "#E5ECF6", "aaxis": {"gridcolor": "white", "linecolor": "white", "ticks": ""}, "baxis": {"gridcolor": "white", "linecolor": "white", "ticks": ""}, "caxis": {"gridcolor": "white", "linecolor": "white", "ticks": ""}}, "coloraxis": {"colorbar": {"outlinewidth": 0, "ticks": ""}}, "colorscale": {"sequential": [[0.0, "#0d0887"], [0.1111111111111111, "#46039f"], [0.2222222222222222, "#7201a8"], [0.3333333333333333, "#9c179e"], [0.4444444444444444, "#bd3786"], [0.5555555555555556, "#d8576b"], [0.6666666666666666, "#ed7953"], [0.7777777777777778, "#fb9f3a"], [0.8888888888888888, "#fdca26"], [1.0, "#f0f921"]], "sequentialminus": [[0.0, "#0d0887"], [0.1111111111111111, "#46039f"], [0.2222222222222222, "#7201a8"], [0.3333333333333333, "#9c179e"], [0.4444444444444444, "#bd3786"], [0.5555555555555556, "#d8576b"], [0.6666666666666666, "#ed7953"], [0.7777777777777778, "#fb9f3a"], [0.8888888888888888, "#fdca26"], [1.0, "#f0f921"]], "diverging": [[0, "#8e0152"], [0.1, "#c51b7d"], [0.2, "#de77ae"], [0.3, "#f1b6da"], [0.4, "#fde0ef"], [0.5, "#f7f7f7"], [0.6, "#e6f5d0"], [0.7, "#b8e186"], [0.8, "#7fbc41"], [0.9, "#4d9221"], [1, "#276419"]]}, "xaxis": {"gridcolor": "white", "linecolor": "white", "ticks": "", "title": {"standoff": 15}, "zerolinecolor": "white", "automargin": true, "zerolinewidth": 2}, "yaxis": {"gridcolor": "white", "linecolor": "white", "ticks": "", "title": {"standoff": 15}, "zerolinecolor": "white", "automargin": true, "zerolinewidth": 2}, "scene": {"xaxis": {"backgroundcolor": "#E5ECF6", "gridcolor": "white", "linecolor": "white", "showbackground": true, "ticks": "", "zerolinecolor": "white", "gridwidth": 2}, "yaxis": {"backgroundcolor": "#E5ECF6", "gridcolor": "white", "linecolor": "white", "showbackground": true, "ticks": "", "zerolinecolor": "white", "gridwidth": 2}, "zaxis": {"backgroundcolor": "#E5ECF6", "gridcolor": "white", "linecolor": "white", "showbackground": true, "ticks": "", "zerolinecolor": "white", "gridwidth": 2}}, "shapedefaults": {"line": {"color": "#2a3f5f"}}, "annotationdefaults": {"arrowcolor": "#2a3f5f", "arrowhead": 0, "arrowwidth": 1}, "geo": {"bgcolor": "white", "landcolor": "#E5ECF6", "subunitcolor": "white", "showland": true, "showlakes": true, "lakecolor": "white"}, "title": {"x": 0.05}, "mapbox": {"style": "light"}}}}}