{"data": [{"z": [[20.546899795532227, -2.5193705558776855, -0.7029669880867004, -1.1869258880615234, -3.5039494037628174, -2.1964111328125, -2.6943721771240234, -0.3688962459564209, 1.2651466131210327, 2.961463451385498, 2.830759048461914, -1.4173840284347534, 3.335904598236084, 0.7510253190994263, 8.858073234558105, 2.389070987701416, -1.7354575395584106, -0.19901713728904724, -1.2618224620819092, -4.0965423583984375, -3.1007397174835205], [-2.5193705558776855, 31.47823715209961, -6.535207271575928, 1.534945011138916, -3.1945767402648926, -4.723914623260498, -1.3438328504562378, -1.5510625839233398, 0.01985977403819561, -12.664487838745117, 6.982030868530273, 2.9693994522094727, -1.9493211507797241, -1.5770682096481323, -6.8884124755859375, 4.305129051208496, 0.5343985557556152, -2.056525707244873, -2.5594277381896973, -5.837667942047119, -11.441936492919922], [-0.7029669880867004, -6.535207271575928, 32.614139556884766, 0.05909193679690361, 10.380882263183594, 6.4584245681762695, -5.357977390289307, 2.7529237270355225, 4.938385486602783, 1.2622618675231934, -5.199406147003174, -8.316935539245605, -1.960235834121704, 8.667293548583984, -8.823989868164062, -4.386423110961914, 9.474288940429688, -0.4735393524169922, -4.58680534362793, 4.704819202423096, -9.331564903259277], [-1.1869258880615234, 1.534945011138916, 0.05909193679690361, 20.53472328186035, 0.8548169732093811, -4.292628288269043, -4.203063011169434, 0.2727067172527313, -5.515510559082031, 2.253568172454834, -3.6319918632507324, -4.082127571105957, 0.11756953597068787, -9.731588363647461, 4.083756923675537, -1.6917569637298584, -2.7282793521881104, -3.7619783878326416, -1.2879908084869385, 2.5299229621887207, 2.737670660018921], [-3.5039494037628174, -3.1945767402648926, 10.380882263183594, 0.8548169732093811, 24.61161994934082, 8.622709274291992, -0.07293695211410522, -1.1012831926345825, -4.798172473907471, -1.75801682472229, 0.5790184140205383, 3.257141590118408, -0.27730226516723633, 5.032968521118164, -3.3135342597961426, -4.46060037612915, 4.389384746551514, 4.609703063964844, -1.946401834487915, -1.9318151473999023, -3.8506851196289062], [-2.1964111328125, -4.723914623260498, 6.4584245681762695, -4.292628288269043, 8.622709274291992, 24.386463165283203, -2.60286283493042, 0.7703579068183899, 3.016794204711914, -4.88618278503418, -1.4702122211456299, 3.0067765712738037, 0.5545133352279663, 3.0262529850006104, 1.1957085132598877, -5.89741849899292, 3.292975902557373, 8.959308624267578, -3.847010374069214, 3.741666793823242, -6.9582133293151855], [-2.6943721771240234, -1.3438328504562378, -5.357977390289307, -4.203063011169434, -0.07293695211410522, -2.60286283493042, 22.3132381439209, -1.956437110900879, -6.870874404907227, 1.915010690689087, 1.7458794116973877, 5.760060787200928, -1.6353219747543335, 6.4469404220581055, -0.766103982925415, -1.1587438583374023, 9.046684265136719, 1.5430381298065186, -6.125775337219238, -0.9885674715042114, 1.1768630743026733], [-0.3688962459564209, -1.5510625839233398, 2.7529237270355225, 0.2727067172527313, -1.1012831926345825, 0.7703579068183899, -1.956437110900879, 27.249879837036133, -1.0429275035858154, -5.314495086669922, -1.8350039720535278, -4.6766157150268555, 1.8670505285263062, -5.1566162109375, 2.3934967517852783, -4.267123699188232, 4.686485767364502, 11.499911308288574, 3.5334925651550293, 12.07686996459961, 4.939331531524658], [1.2651466131210327, 0.01985977403819561, 4.938385486602783, -5.515510559082031, -4.798172473907471, 3.016794204711914, -6.870874404907227, -1.0429275035858154, 21.443639755249023, 0.8091800808906555, -3.641732931137085, 8.661120414733887, 3.1511058807373047, 5.388602256774902, -2.843885898590088, 4.149415016174316, -5.41971492767334, -7.679781913757324, 1.5807456970214844, -3.0098352432250977, -5.277557373046875], [2.961463451385498, -12.664487838745117, 1.2622618675231934, 2.253568172454834, -1.75801682472229, -4.88618278503418, 1.915010690689087, -5.314495086669922, 0.8091800808906555, 25.44251251220703, -6.137977600097656, 1.1649627685546875, 4.089813709259033, 8.746378898620605, 2.0262115001678467, -2.158797264099121, -3.6517224311828613, -7.385500907897949, 1.394538402557373, 2.5555219650268555, 7.723924160003662], [2.830759048461914, 6.982030868530273, -5.199406147003174, -3.6319918632507324, 0.5790184140205383, -1.4702122211456299, 1.7458794116973877, -1.8350039720535278, -3.641732931137085, -6.137977600097656, 21.02214813232422, 4.9874653816223145, -1.4056661128997803, 0.9409635066986084, -3.1395490169525146, -1.345603585243225, 3.0595579147338867, 3.413478374481201, -4.3813886642456055, -2.748018741607666, -5.583734035491943], [-1.4173840284347534, 2.9693994522094727, -8.316935539245605, -4.082127571105957, 3.257141590118408, 3.0067765712738037, 5.760060787200928, -4.6766157150268555, 8.661120414733887, 1.1649627685546875, 4.9874653816223145, 26.059167861938477, 5.5283308029174805, 3.30718994140625, -0.036639779806137085, 5.168157577514648, 6.9791154861450195, -4.776393890380859, -1.4056501388549805, -7.162315368652344, 0.06234639883041382], [3.335904598236084, -1.9493211507797241, -1.960235834121704, 0.11756953597068787, -0.27730226516723633, 0.5545133352279663, -1.6353219747543335, 1.8670505285263062, 3.1511058807373047, 4.089813709259033, -1.4056661128997803, 5.5283308029174805, 11.74545955657959, 5.447195529937744, -2.372537851333618, -0.6657811999320984, -3.9223084449768066, -1.1387536525726318, -2.5759127140045166, -3.2737412452697754, 3.587524652481079], [0.7510253190994263, -1.5770682096481323, 8.667293548583984, -9.731588363647461, 5.032968521118164, 3.0262529850006104, 6.4469404220581055, -5.1566162109375, 5.388602256774902, 8.746378898620605, 0.9409635066986084, 3.30718994140625, 5.447195529937744, 34.38979721069336, -5.855254173278809, -8.888232231140137, -0.42592477798461914, 2.5455145835876465, -0.7404725551605225, -5.1341753005981445, -14.5528564453125], [8.858073234558105, -6.8884124755859375, -8.823989868164062, 4.083756923675537, -3.3135342597961426, 1.1957085132598877, -0.766103982925415, 2.3934967517852783, -2.843885898590088, 2.0262115001678467, -3.1395490169525146, -0.036639779806137085, -2.372537851333618, -5.855254173278809, 32.680442810058594, -5.140648365020752, 2.805485248565674, -3.6895880699157715, 12.45191764831543, -2.118431568145752, 1.2697542905807495], [2.389070987701416, 4.305129051208496, -4.386423110961914, -1.6917569637298584, -4.46060037612915, -5.89741849899292, -1.1587438583374023, -4.267123699188232, 4.149415016174316, -2.158797264099121, -1.345603585243225, 5.168157577514648, -0.6657811999320984, -8.888232231140137, -5.140648365020752, 22.05295753479004, -0.9002435207366943, -3.44592547416687, 5.401329040527344, -6.475732326507568, 6.262935161590576], [-1.7354573011398315, 0.534399688243866, 9.474289894104004, -2.7282798290252686, 4.389384746551514, 3.292975902557373, 9.046684265136719, 4.68648624420166, -5.419715404510498, -3.651721477508545, 3.0595593452453613, 6.9791154861450195, -3.9223084449768066, -0.42592480778694153, 2.805485963821411, -0.9002431631088257, 28.642000198364258, 3.2313666343688965, -3.5236117839813232, 2.212186813354492, -0.9431995749473572], [-0.19901688396930695, -2.056525468826294, -0.4735376536846161, -3.7619779109954834, 4.609703063964844, 8.959308624267578, 1.543038010597229, 11.499913215637207, -7.679780960083008, -7.385501384735107, 3.413477897644043, -4.776393890380859, -1.138753890991211, 2.5455148220062256, -3.6895875930786133, -3.44592547416687, 3.2313666343688965, 20.921802520751953, 2.210667610168457, 8.409406661987305, -1.6100484132766724], [-1.26182222366333, -2.559427261352539, -4.586806774139404, -1.287990927696228, -1.9464014768600464, -3.8470096588134766, -6.12577486038208, 3.5334928035736084, 1.5807455778121948, 1.3945380449295044, -4.381388187408447, -1.4056499004364014, -2.5759124755859375, -0.7404723167419434, 12.451918601989746, 5.401329040527344, -3.5236117839813232, 2.210667610168457, 26.4231014251709, -5.604144096374512, -0.5339440107345581], [-4.096541881561279, -5.837668418884277, 4.704819679260254, 2.5299224853515625, -1.9318150281906128, 3.741666316986084, -0.988567590713501, 12.07686996459961, -3.0098342895507812, 2.5555217266082764, -2.7480180263519287, -7.162315845489502, -3.273740768432617, -5.1341753005981445, -2.118431329727173, -6.475731372833252, 2.212186813354492, 8.409406661987305, -5.604144096374512, 25.568273544311523, 4.611835956573486], [-3.1007394790649414, -11.441936492919922, -9.331564903259277, 2.737670421600342, -3.850684642791748, -6.958213806152344, 1.1768629550933838, 4.939332008361816, -5.277557373046875, 7.723923683166504, -5.583732604980469, 0.062346041202545166, 3.5875244140625, -14.5528564453125, 1.2697548866271973, 6.262935638427734, -0.9431991577148438, -1.610048532485962, -0.5339441299438477, 4.611835479736328, 31.52509117126465]], "type": "heatmap"}], "layout": {"template": {"data": {"histogram2dcontour": [{"type": "histogram2dcontour", "colorbar": {"outlinewidth": 0, "ticks": ""}, "colorscale": [[0.0, "#0d0887"], [0.1111111111111111, "#46039f"], [0.2222222222222222, "#7201a8"], [0.3333333333333333, "#9c179e"], [0.4444444444444444, "#bd3786"], [0.5555555555555556, "#d8576b"], [0.6666666666666666, "#ed7953"], [0.7777777777777778, "#fb9f3a"], [0.8888888888888888, "#fdca26"], [1.0, "#f0f921"]]}], "choropleth": [{"type": "choropleth", "colorbar": {"outlinewidth": 0, "ticks": ""}}], "histogram2d": [{"type": "histogram2d", "colorbar": {"outlinewidth": 0, "ticks": ""}, "colorscale": [[0.0, "#0d0887"], [0.1111111111111111, "#46039f"], [0.2222222222222222, "#7201a8"], [0.3333333333333333, "#9c179e"], [0.4444444444444444, "#bd3786"], [0.5555555555555556, "#d8576b"], [0.6666666666666666, "#ed7953"], [0.7777777777777778, "#fb9f3a"], [0.8888888888888888, "#fdca26"], [1.0, "#f0f921"]]}], "heatmap": [{"type": "heatmap", "colorbar": {"outlinewidth": 0, "ticks": ""}, "colorscale": [[0.0, "#0d0887"], [0.1111111111111111, "#46039f"], [0.2222222222222222, "#7201a8"], [0.3333333333333333, "#9c179e"], [0.4444444444444444, "#bd3786"], [0.5555555555555556, "#d8576b"], [0.6666666666666666, "#ed7953"], [0.7777777777777778, "#fb9f3a"], [0.8888888888888888, "#fdca26"], [1.0, "#f0f921"]]}], "heatmapgl": [{"type": "heatmapgl", "colorbar": {"outlinewidth": 0, "ticks": ""}, "colorscale": [[0.0, "#0d0887"], [0.1111111111111111, "#46039f"], [0.2222222222222222, "#7201a8"], [0.3333333333333333, "#9c179e"], [0.4444444444444444, "#bd3786"], [0.5555555555555556, "#d8576b"], [0.6666666666666666, "#ed7953"], [0.7777777777777778, "#fb9f3a"], [0.8888888888888888, "#fdca26"], [1.0, "#f0f921"]]}], "contourcarpet": [{"type": "contourcarpet", "colorbar": {"outlinewidth": 0, "ticks": ""}}], "contour": [{"type": "contour", "colorbar": {"outlinewidth": 0, "ticks": ""}, "colorscale": [[0.0, "#0d0887"], [0.1111111111111111, "#46039f"], [0.2222222222222222, "#7201a8"], [0.3333333333333333, "#9c179e"], [0.4444444444444444, "#bd3786"], [0.5555555555555556, "#d8576b"], [0.6666666666666666, "#ed7953"], [0.7777777777777778, "#fb9f3a"], [0.8888888888888888, "#fdca26"], [1.0, "#f0f921"]]}], "surface": [{"type": "surface", "colorbar": {"outlinewidth": 0, "ticks": ""}, "colorscale": [[0.0, "#0d0887"], [0.1111111111111111, "#46039f"], [0.2222222222222222, "#7201a8"], [0.3333333333333333, "#9c179e"], [0.4444444444444444, "#bd3786"], [0.5555555555555556, "#d8576b"], [0.6666666666666666, "#ed7953"], [0.7777777777777778, "#fb9f3a"], [0.8888888888888888, "#fdca26"], [1.0, "#f0f921"]]}], "mesh3d": [{"type": "mesh3d", "colorbar": {"outlinewidth": 0, "ticks": ""}}], "scatter": [{"fillpattern": {"fillmode": "overlay", "size": 10, "solidity": 0.2}, "type": "scatter"}], "parcoords": [{"type": "parcoords", "line": {"colorbar": {"outlinewidth": 0, "ticks": ""}}}], "scatterpolargl": [{"type": "scatterpolargl", "marker": {"colorbar": {"outlinewidth": 0, "ticks": ""}}}], "bar": [{"error_x": {"color": "#2a3f5f"}, "error_y": {"color": "#2a3f5f"}, "marker": {"line": {"color": "#E5ECF6", "width": 0.5}, "pattern": {"fillmode": "overlay", "size": 10, "solidity": 0.2}}, "type": "bar"}], "scattergeo": [{"type": "scattergeo", "marker": {"colorbar": {"outlinewidth": 0, "ticks": ""}}}], "scatterpolar": [{"type": "scatterpolar", "marker": {"colorbar": {"outlinewidth": 0, "ticks": ""}}}], "histogram": [{"marker": {"pattern": {"fillmode": "overlay", "size": 10, "solidity": 0.2}}, "type": "histogram"}], "scattergl": [{"type": "scattergl", "marker": {"colorbar": {"outlinewidth": 0, "ticks": ""}}}], "scatter3d": [{"type": "scatter3d", "line": {"colorbar": {"outlinewidth": 0, "ticks": ""}}, "marker": {"colorbar": {"outlinewidth": 0, "ticks": ""}}}], "scattermapbox": [{"type": "scattermapbox", "marker": {"colorbar": {"outlinewidth": 0, "ticks": ""}}}], "scatterternary": [{"type": "scatterternary", "marker": {"colorbar": {"outlinewidth": 0, "ticks": ""}}}], "scattercarpet": [{"type": "scattercarpet", "marker": {"colorbar": {"outlinewidth": 0, "ticks": ""}}}], "carpet": [{"aaxis": {"endlinecolor": "#2a3f5f", "gridcolor": "white", "linecolor": "white", "minorgridcolor": "white", "startlinecolor": "#2a3f5f"}, "baxis": {"endlinecolor": "#2a3f5f", "gridcolor": "white", "linecolor": "white", "minorgridcolor": "white", "startlinecolor": "#2a3f5f"}, "type": "carpet"}], "table": [{"cells": {"fill": {"color": "#EBF0F8"}, "line": {"color": "white"}}, "header": {"fill": {"color": "#C8D4E3"}, "line": {"color": "white"}}, "type": "table"}], "barpolar": [{"marker": {"line": {"color": "#E5ECF6", "width": 0.5}, "pattern": {"fillmode": "overlay", "size": 10, "solidity": 0.2}}, "type": "barpolar"}], "pie": [{"automargin": true, "type": "pie"}]}, "layout": {"autotypenumbers": "strict", "colorway": ["#636efa", "#EF553B", "#00cc96", "#ab63fa", "#FFA15A", "#19d3f3", "#FF6692", "#B6E880", "#FF97FF", "#FECB52"], "font": {"color": "#2a3f5f"}, "hovermode": "closest", "hoverlabel": {"align": "left"}, "paper_bgcolor": "white", "plot_bgcolor": "#E5ECF6", "polar": {"bgcolor": "#E5ECF6", "angularaxis": {"gridcolor": "white", "linecolor": "white", "ticks": ""}, "radialaxis": {"gridcolor": "white", "linecolor": "white", "ticks": ""}}, "ternary": {"bgcolor": "#E5ECF6", "aaxis": {"gridcolor": "white", "linecolor": "white", "ticks": ""}, "baxis": {"gridcolor": "white", "linecolor": "white", "ticks": ""}, "caxis": {"gridcolor": "white", "linecolor": "white", "ticks": ""}}, "coloraxis": {"colorbar": {"outlinewidth": 0, "ticks": ""}}, "colorscale": {"sequential": [[0.0, "#0d0887"], [0.1111111111111111, "#46039f"], [0.2222222222222222, "#7201a8"], [0.3333333333333333, "#9c179e"], [0.4444444444444444, "#bd3786"], [0.5555555555555556, "#d8576b"], [0.6666666666666666, "#ed7953"], [0.7777777777777778, "#fb9f3a"], [0.8888888888888888, "#fdca26"], [1.0, "#f0f921"]], "sequentialminus": [[0.0, "#0d0887"], [0.1111111111111111, "#46039f"], [0.2222222222222222, "#7201a8"], [0.3333333333333333, "#9c179e"], [0.4444444444444444, "#bd3786"], [0.5555555555555556, "#d8576b"], [0.6666666666666666, "#ed7953"], [0.7777777777777778, "#fb9f3a"], [0.8888888888888888, "#fdca26"], [1.0, "#f0f921"]], "diverging": [[0, "#8e0152"], [0.1, "#c51b7d"], [0.2, "#de77ae"], [0.3, "#f1b6da"], [0.4, "#fde0ef"], [0.5, "#f7f7f7"], [0.6, "#e6f5d0"], [0.7, "#b8e186"], [0.8, "#7fbc41"], [0.9, "#4d9221"], [1, "#276419"]]}, "xaxis": {"gridcolor": "white", "linecolor": "white", "ticks": "", "title": {"standoff": 15}, "zerolinecolor": "white", "automargin": true, "zerolinewidth": 2}, "yaxis": {"gridcolor": "white", "linecolor": "white", "ticks": "", "title": {"standoff": 15}, "zerolinecolor": "white", "automargin": true, "zerolinewidth": 2}, "scene": {"xaxis": {"backgroundcolor": "#E5ECF6", "gridcolor": "white", "linecolor": "white", "showbackground": true, "ticks": "", "zerolinecolor": "white", "gridwidth": 2}, "yaxis": {"backgroundcolor": "#E5ECF6", "gridcolor": "white", "linecolor": "white", "showbackground": true, "ticks": "", "zerolinecolor": "white", "gridwidth": 2}, "zaxis": {"backgroundcolor": "#E5ECF6", "gridcolor": "white", "linecolor": "white", "showbackground": true, "ticks": "", "zerolinecolor": "white", "gridwidth": 2}}, "shapedefaults": {"line": {"color": "#2a3f5f"}}, "annotationdefaults": {"arrowcolor": "#2a3f5f", "arrowhead": 0, "arrowwidth": 1}, "geo": {"bgcolor": "white", "landcolor": "#E5ECF6", "subunitcolor": "white", "showland": true, "showlakes": true, "lakecolor": "white"}, "title": {"x": 0.05}, "mapbox": {"style": "light"}}}}}