{"data": [{"z": [[19.702346801757812, -2.92692494392395, -0.5758025646209717, -1.2023133039474487, -3.3173234462738037, -2.1907966136932373, -2.513204574584961, -0.6643100380897522, 1.4018465280532837, 2.984549045562744, 2.685023546218872, -1.863435983657837, 3.36584210395813, 0.682778000831604, 8.322787284851074, 2.2058610916137695, -1.8352221250534058, -0.21006277203559875, -1.773378610610962, -3.818902015686035, -2.7935073375701904], [-2.92692494392395, 30.558185577392578, -5.860976219177246, 1.8833156824111938, -2.703136444091797, -4.330005168914795, -1.2979212999343872, -1.215343952178955, 0.10172902047634125, -12.233485221862793, 6.718133926391602, 2.7856478691101074, -1.5994096994400024, -1.4348973035812378, -7.217857837677002, 4.115955352783203, 0.9262905120849609, -1.6865750551223755, -2.9786767959594727, -5.153275012969971, -11.302188873291016], [-0.5758025646209717, -5.860976219177246, 31.609081268310547, -0.1833825707435608, 9.979480743408203, 5.941007137298584, -5.087916374206543, 2.3993682861328125, 5.010781764984131, 1.084871768951416, -4.5942888259887695, -8.568807601928711, -1.880205750465393, 8.303221702575684, -7.900838375091553, -4.100001811981201, 8.976213455200195, -0.6715893745422363, -4.411815643310547, 4.298852920532227, -9.248955726623535], [-1.2023133039474487, 1.8833156824111938, -0.1833825707435608, 20.29778480529785, 0.9325087070465088, -4.244570255279541, -3.999372959136963, 0.2440996766090393, -5.036201477050781, 1.9888418912887573, -3.177410840988159, -3.9818756580352783, 0.35047420859336853, -9.58747386932373, 4.5323076248168945, -1.3832857608795166, -2.6851372718811035, -3.6367828845977783, -1.1129060983657837, 2.3427228927612305, 2.55328631401062], [-3.3173234462738037, -2.703136444091797, 9.979480743408203, 0.9325087070465088, 24.137067794799805, 8.304977416992188, 0.03769147768616676, -1.0848652124404907, -4.576197147369385, -1.5923445224761963, 0.7621853351593018, 3.0526936054229736, -0.07759962230920792, 4.819689750671387, -2.8754570484161377, -4.134309768676758, 4.2074785232543945, 4.509260654449463, -1.8423689603805542, -1.8889925479888916, -3.865457534790039], [-2.1907966136932373, -4.330005168914795, 5.941007137298584, -4.244570255279541, 8.304977416992188, 23.828868865966797, -2.2450172901153564, 0.4420313835144043, 3.138519525527954, -4.612910747528076, -1.2885795831680298, 2.558236598968506, 0.700153112411499, 2.7810356616973877, 1.633216381072998, -5.646524906158447, 2.917637348175049, 8.636489868164062, -3.886662244796753, 3.6067962646484375, -6.860640525817871], [-2.513204574584961, -1.2979212999343872, -5.087916374206543, -3.999372959136963, 0.03769147768616676, -2.2450172901153564, 22.043231964111328, -1.4057774543762207, -6.421962738037109, 1.8658753633499146, 1.7727733850479126, 5.8792724609375, -1.2259424924850464, 6.5334343910217285, -0.5021787285804749, -0.8979997038841248, 9.25771427154541, 1.9799648523330688, -5.742772102355957, -0.7074824571609497, 0.9680171608924866], [-0.6643100380897522, -1.215343952178955, 2.3993682861328125, 0.2440996766090393, -1.0848652124404907, 0.4420313835144043, -1.4057774543762207, 26.465707778930664, -0.8160505294799805, -5.136220455169678, -1.49960196018219, -4.976634502410889, 1.830169439315796, -5.179862022399902, 2.9147791862487793, -3.8929507732391357, 4.395628929138184, 11.051352500915527, 3.297545909881592, 11.633719444274902, 4.938657283782959], [1.4018465280532837, 0.10172902047634125, 5.010781764984131, -5.036201477050781, -4.576197147369385, 3.138519525527954, -6.421962738037109, -0.8160505294799805, 21.202085494995117, 1.110817790031433, -3.444852590560913, 8.515812873840332, 3.2823753356933594, 5.329629421234131, -2.447859048843384, 4.312738418579102, -5.1052565574646, -7.288825035095215, 1.5567866563796997, -2.6589736938476562, -5.40242862701416], [2.984549045562744, -12.233485221862793, 1.084871768951416, 1.9888418912887573, -1.5923445224761963, -4.612910747528076, 1.8658753633499146, -5.136220455169678, 1.110817790031433, 24.59442138671875, -5.583499908447266, 1.3199069499969482, 4.1327667236328125, 8.709327697753906, 2.406583786010742, -1.9600008726119995, -3.4905381202697754, -6.999493598937988, 1.8064188957214355, 2.2933759689331055, 7.454627990722656], [2.685023546218872, 6.718133926391602, -4.5942888259887695, -3.177410840988159, 0.7621853351593018, -1.2885795831680298, 1.7727733850479126, -1.49960196018219, -3.444852590560913, -5.583499908447266, 20.543010711669922, 4.716081142425537, -1.095941424369812, 1.041215419769287, -3.2617080211639404, -1.1701316833496094, 3.262002944946289, 3.6175332069396973, -4.461722373962402, -2.1607041358947754, -5.57222318649292], [-1.863435983657837, 2.7856478691101074, -8.568807601928711, -3.9818756580352783, 3.0526936054229736, 2.558236598968506, 5.8792724609375, -4.976634502410889, 8.515812873840332, 1.3199069499969482, 4.716081142425537, 25.171918869018555, 5.511208534240723, 2.9512524604797363, -0.07566126435995102, 4.996984958648682, 6.466119766235352, -4.930522918701172, -1.7251349687576294, -6.930233478546143, 0.3370809853076935], [3.36584210395813, -1.5994096994400024, -1.880205750465393, 0.35047420859336853, -0.07759962230920792, 0.700153112411499, -1.2259424924850464, 1.830169439315796, 3.2823753356933594, 4.1327667236328125, -1.095941424369812, 5.511208534240723, 11.762796401977539, 5.4724860191345215, -1.8894305229187012, -0.36965498328208923, -3.6383602619171143, -0.9822051525115967, -2.559352159500122, -3.1614301204681396, 3.3339619636535645], [0.682778000831604, -1.4348973035812378, 8.303221702575684, -9.58747386932373, 4.819689750671387, 2.7810356616973877, 6.5334343910217285, -5.179862022399902, 5.329629421234131, 8.709327697753906, 1.041215419769287, 2.9512524604797363, 5.4724860191345215, 33.94124984741211, -5.5852532386779785, -8.705060958862305, -0.6377904415130615, 2.5722455978393555, -0.7797050476074219, -5.000462532043457, -14.411245346069336], [8.322787284851074, -7.217857837677002, -7.900838375091553, 4.5323076248168945, -2.8754570484161377, 1.633216381072998, -0.5021787285804749, 2.9147791862487793, -2.447859048843384, 2.406583786010742, -3.2617080211639404, -0.07566126435995102, -1.8894305229187012, -5.5852532386779785, 31.957134246826172, -4.882293224334717, 3.3136239051818848, -3.2256839275360107, 11.91057014465332, -1.3975093364715576, 1.2403315305709839], [2.2058610916137695, 4.115955352783203, -4.100001811981201, -1.3832857608795166, -4.134309768676758, -5.646524906158447, -0.8979997038841248, -3.8929507732391357, 4.312738418579102, -1.9600008726119995, -1.1701316833496094, 4.996984958648682, -0.36965498328208923, -8.705060958862305, -4.882293224334717, 21.903400421142578, -0.6115123629570007, -3.055469274520874, 5.23477029800415, -5.916000843048096, 6.139020919799805], [-1.8352234363555908, 0.9262914657592773, 8.976214408874512, -2.6851370334625244, 4.2074785232543945, 2.917638063430786, 9.257713317871094, 4.395629405975342, -5.1052565574646, -3.490539073944092, 3.2620019912719727, 6.466119766235352, -3.6383602619171143, -0.637790858745575, 3.3136239051818848, -0.611512303352356, 28.085433959960938, 3.0702404975891113, -3.54243540763855, 2.1767737865448, -0.920293927192688], [-0.21006274223327637, -1.6865744590759277, -0.6715901494026184, -3.636782169342041, 4.509260177612305, 8.63648796081543, 1.979965090751648, 11.051351547241211, -7.288825035095215, -6.99949312210083, 3.617532968521118, -4.930522918701172, -0.9822052717208862, 2.5722451210021973, -3.225684404373169, -3.055469512939453, 3.0702404975891113, 20.503528594970703, 2.1131350994110107, 8.205435752868652, -1.682327151298523], [-1.7733789682388306, -2.9786763191223145, -4.411815643310547, -1.1129059791564941, -1.842368721961975, -3.8866629600524902, -5.742772579193115, 3.29754638671875, 1.5567866563796997, 1.806419014930725, -4.461721897125244, -1.7251348495483398, -2.5593514442443848, -0.7797052264213562, 11.910571098327637, 5.23477029800415, -3.54243540763855, 2.1131350994110107, 25.582582473754883, -5.165448188781738, -0.3022851347923279], [-3.818902015686035, -5.1532745361328125, 4.298852920532227, 2.3427231311798096, -1.8889929056167603, 3.6067960262298584, -0.7074822187423706, 11.633718490600586, -2.658973455429077, 2.2933757305145264, -2.1607041358947754, -6.930233001708984, -3.1614296436309814, -5.000462055206299, -1.3975093364715576, -5.916000843048096, 2.1767737865448, 8.205435752868652, -5.165448188781738, 24.75479507446289, 4.320123195648193], [-2.7935075759887695, -11.302188873291016, -9.248956680297852, 2.55328631401062, -3.8654580116271973, -6.860640525817871, 0.9680171012878418, 4.938656806945801, -5.40242862701416, 7.454627990722656, -5.572223663330078, 0.3370809555053711, 3.3339614868164062, -14.411245346069336, 1.2403302192687988, 6.139019966125488, -0.9202935695648193, -1.682328224182129, -0.30228471755981445, 4.320123672485352, 31.52509117126465]], "type": "heatmap"}], "layout": {"template": {"data": {"histogram2dcontour": [{"type": "histogram2dcontour", "colorbar": {"outlinewidth": 0, "ticks": ""}, "colorscale": [[0.0, "#0d0887"], [0.1111111111111111, "#46039f"], [0.2222222222222222, "#7201a8"], [0.3333333333333333, "#9c179e"], [0.4444444444444444, "#bd3786"], [0.5555555555555556, "#d8576b"], [0.6666666666666666, "#ed7953"], [0.7777777777777778, "#fb9f3a"], [0.8888888888888888, "#fdca26"], [1.0, "#f0f921"]]}], "choropleth": [{"type": "choropleth", "colorbar": {"outlinewidth": 0, "ticks": ""}}], "histogram2d": [{"type": "histogram2d", "colorbar": {"outlinewidth": 0, "ticks": ""}, "colorscale": [[0.0, "#0d0887"], [0.1111111111111111, "#46039f"], [0.2222222222222222, "#7201a8"], [0.3333333333333333, "#9c179e"], [0.4444444444444444, "#bd3786"], [0.5555555555555556, "#d8576b"], [0.6666666666666666, "#ed7953"], [0.7777777777777778, "#fb9f3a"], [0.8888888888888888, "#fdca26"], [1.0, "#f0f921"]]}], "heatmap": [{"type": "heatmap", "colorbar": {"outlinewidth": 0, "ticks": ""}, "colorscale": [[0.0, "#0d0887"], [0.1111111111111111, "#46039f"], [0.2222222222222222, "#7201a8"], [0.3333333333333333, "#9c179e"], [0.4444444444444444, "#bd3786"], [0.5555555555555556, "#d8576b"], [0.6666666666666666, "#ed7953"], [0.7777777777777778, "#fb9f3a"], [0.8888888888888888, "#fdca26"], [1.0, "#f0f921"]]}], "heatmapgl": [{"type": "heatmapgl", "colorbar": {"outlinewidth": 0, "ticks": ""}, "colorscale": [[0.0, "#0d0887"], [0.1111111111111111, "#46039f"], [0.2222222222222222, "#7201a8"], [0.3333333333333333, "#9c179e"], [0.4444444444444444, "#bd3786"], [0.5555555555555556, "#d8576b"], [0.6666666666666666, "#ed7953"], [0.7777777777777778, "#fb9f3a"], [0.8888888888888888, "#fdca26"], [1.0, "#f0f921"]]}], "contourcarpet": [{"type": "contourcarpet", "colorbar": {"outlinewidth": 0, "ticks": ""}}], "contour": [{"type": "contour", "colorbar": {"outlinewidth": 0, "ticks": ""}, "colorscale": [[0.0, "#0d0887"], [0.1111111111111111, "#46039f"], [0.2222222222222222, "#7201a8"], [0.3333333333333333, "#9c179e"], [0.4444444444444444, "#bd3786"], [0.5555555555555556, "#d8576b"], [0.6666666666666666, "#ed7953"], [0.7777777777777778, "#fb9f3a"], [0.8888888888888888, "#fdca26"], [1.0, "#f0f921"]]}], "surface": [{"type": "surface", "colorbar": {"outlinewidth": 0, "ticks": ""}, "colorscale": [[0.0, "#0d0887"], [0.1111111111111111, "#46039f"], [0.2222222222222222, "#7201a8"], [0.3333333333333333, "#9c179e"], [0.4444444444444444, "#bd3786"], [0.5555555555555556, "#d8576b"], [0.6666666666666666, "#ed7953"], [0.7777777777777778, "#fb9f3a"], [0.8888888888888888, "#fdca26"], [1.0, "#f0f921"]]}], "mesh3d": [{"type": "mesh3d", "colorbar": {"outlinewidth": 0, "ticks": ""}}], "scatter": [{"fillpattern": {"fillmode": "overlay", "size": 10, "solidity": 0.2}, "type": "scatter"}], "parcoords": [{"type": "parcoords", "line": {"colorbar": {"outlinewidth": 0, "ticks": ""}}}], "scatterpolargl": [{"type": "scatterpolargl", "marker": {"colorbar": {"outlinewidth": 0, "ticks": ""}}}], "bar": [{"error_x": {"color": "#2a3f5f"}, "error_y": {"color": "#2a3f5f"}, "marker": {"line": {"color": "#E5ECF6", "width": 0.5}, "pattern": {"fillmode": "overlay", "size": 10, "solidity": 0.2}}, "type": "bar"}], "scattergeo": [{"type": "scattergeo", "marker": {"colorbar": {"outlinewidth": 0, "ticks": ""}}}], "scatterpolar": [{"type": "scatterpolar", "marker": {"colorbar": {"outlinewidth": 0, "ticks": ""}}}], "histogram": [{"marker": {"pattern": {"fillmode": "overlay", "size": 10, "solidity": 0.2}}, "type": "histogram"}], "scattergl": [{"type": "scattergl", "marker": {"colorbar": {"outlinewidth": 0, "ticks": ""}}}], "scatter3d": [{"type": "scatter3d", "line": {"colorbar": {"outlinewidth": 0, "ticks": ""}}, "marker": {"colorbar": {"outlinewidth": 0, "ticks": ""}}}], "scattermapbox": [{"type": "scattermapbox", "marker": {"colorbar": {"outlinewidth": 0, "ticks": ""}}}], "scatterternary": [{"type": "scatterternary", "marker": {"colorbar": {"outlinewidth": 0, "ticks": ""}}}], "scattercarpet": [{"type": "scattercarpet", "marker": {"colorbar": {"outlinewidth": 0, "ticks": ""}}}], "carpet": [{"aaxis": {"endlinecolor": "#2a3f5f", "gridcolor": "white", "linecolor": "white", "minorgridcolor": "white", "startlinecolor": "#2a3f5f"}, "baxis": {"endlinecolor": "#2a3f5f", "gridcolor": "white", "linecolor": "white", "minorgridcolor": "white", "startlinecolor": "#2a3f5f"}, "type": "carpet"}], "table": [{"cells": {"fill": {"color": "#EBF0F8"}, "line": {"color": "white"}}, "header": {"fill": {"color": "#C8D4E3"}, "line": {"color": "white"}}, "type": "table"}], "barpolar": [{"marker": {"line": {"color": "#E5ECF6", "width": 0.5}, "pattern": {"fillmode": "overlay", "size": 10, "solidity": 0.2}}, "type": "barpolar"}], "pie": [{"automargin": true, "type": "pie"}]}, "layout": {"autotypenumbers": "strict", "colorway": ["#636efa", "#EF553B", "#00cc96", "#ab63fa", "#FFA15A", "#19d3f3", "#FF6692", "#B6E880", "#FF97FF", "#FECB52"], "font": {"color": "#2a3f5f"}, "hovermode": "closest", "hoverlabel": {"align": "left"}, "paper_bgcolor": "white", "plot_bgcolor": "#E5ECF6", "polar": {"bgcolor": "#E5ECF6", "angularaxis": {"gridcolor": "white", "linecolor": "white", "ticks": ""}, "radialaxis": {"gridcolor": "white", "linecolor": "white", "ticks": ""}}, "ternary": {"bgcolor": "#E5ECF6", "aaxis": {"gridcolor": "white", "linecolor": "white", "ticks": ""}, "baxis": {"gridcolor": "white", "linecolor": "white", "ticks": ""}, "caxis": {"gridcolor": "white", "linecolor": "white", "ticks": ""}}, "coloraxis": {"colorbar": {"outlinewidth": 0, "ticks": ""}}, "colorscale": {"sequential": [[0.0, "#0d0887"], [0.1111111111111111, "#46039f"], [0.2222222222222222, "#7201a8"], [0.3333333333333333, "#9c179e"], [0.4444444444444444, "#bd3786"], [0.5555555555555556, "#d8576b"], [0.6666666666666666, "#ed7953"], [0.7777777777777778, "#fb9f3a"], [0.8888888888888888, "#fdca26"], [1.0, "#f0f921"]], "sequentialminus": [[0.0, "#0d0887"], [0.1111111111111111, "#46039f"], [0.2222222222222222, "#7201a8"], [0.3333333333333333, "#9c179e"], [0.4444444444444444, "#bd3786"], [0.5555555555555556, "#d8576b"], [0.6666666666666666, "#ed7953"], [0.7777777777777778, "#fb9f3a"], [0.8888888888888888, "#fdca26"], [1.0, "#f0f921"]], "diverging": [[0, "#8e0152"], [0.1, "#c51b7d"], [0.2, "#de77ae"], [0.3, "#f1b6da"], [0.4, "#fde0ef"], [0.5, "#f7f7f7"], [0.6, "#e6f5d0"], [0.7, "#b8e186"], [0.8, "#7fbc41"], [0.9, "#4d9221"], [1, "#276419"]]}, "xaxis": {"gridcolor": "white", "linecolor": "white", "ticks": "", "title": {"standoff": 15}, "zerolinecolor": "white", "automargin": true, "zerolinewidth": 2}, "yaxis": {"gridcolor": "white", "linecolor": "white", "ticks": "", "title": {"standoff": 15}, "zerolinecolor": "white", "automargin": true, "zerolinewidth": 2}, "scene": {"xaxis": {"backgroundcolor": "#E5ECF6", "gridcolor": "white", "linecolor": "white", "showbackground": true, "ticks": "", "zerolinecolor": "white", "gridwidth": 2}, "yaxis": {"backgroundcolor": "#E5ECF6", "gridcolor": "white", "linecolor": "white", "showbackground": true, "ticks": "", "zerolinecolor": "white", "gridwidth": 2}, "zaxis": {"backgroundcolor": "#E5ECF6", "gridcolor": "white", "linecolor": "white", "showbackground": true, "ticks": "", "zerolinecolor": "white", "gridwidth": 2}}, "shapedefaults": {"line": {"color": "#2a3f5f"}}, "annotationdefaults": {"arrowcolor": "#2a3f5f", "arrowhead": 0, "arrowwidth": 1}, "geo": {"bgcolor": "white", "landcolor": "#E5ECF6", "subunitcolor": "white", "showland": true, "showlakes": true, "lakecolor": "white"}, "title": {"x": 0.05}, "mapbox": {"style": "light"}}}}}