{"data": [{"z": [[19.76980209350586, -2.9003660678863525, -0.5840919613838196, -1.20376718044281, -3.333259344100952, -2.2151622772216797, -2.518481731414795, -0.6652172207832336, 1.3855592012405396, 2.9989888668060303, 2.6954286098480225, -1.8567383289337158, 3.368337869644165, 0.6888074278831482, 8.367712020874023, 2.21294903755188, -1.8435803651809692, -0.22066731750965118, -1.7501795291900635, -3.845172643661499, -2.7996695041656494], [-2.9003660678863525, 30.622894287109375, -5.884617328643799, 1.876429796218872, -2.718754768371582, -4.342874050140381, -1.2934999465942383, -1.2277194261550903, 0.10212260484695435, -12.245694160461426, 6.7359514236450195, 2.8025660514831543, -1.6078075170516968, -1.4362066984176636, -7.197912693023682, 4.131252765655518, 0.9152700901031494, -1.6960841417312622, -2.9561619758605957, -5.177044868469238, -11.317543983459473], [-0.5840919613838196, -5.884617328643799, 31.671409606933594, -0.16771771013736725, 10.001526832580566, 5.968010902404785, -5.096359729766846, 2.420884609222412, 5.017385005950928, 1.098958134651184, -4.6117095947265625, -8.553547859191895, -1.8745744228363037, 8.324923515319824, -7.924372673034668, -4.095098972320557, 9.010948181152344, -0.6569106578826904, -4.415227890014648, 4.3142290115356445, -9.258550643920898], [-1.20376718044281, 1.876429796218872, -0.16771771013736725, 20.32076644897461, 0.9231884479522705, -4.2478556632995605, -4.003964900970459, 0.24856387078762054, -5.055042266845703, 2.003297805786133, -3.1885061264038086, -3.9840457439422607, 0.347140908241272, -9.5990571975708, 4.53144645690918, -1.3831725120544434, -2.6855692863464355, -3.6396360397338867, -1.1158560514450073, 2.3545100688934326, 2.559382200241089], [-3.333259344100952, -2.718754768371582, 10.001526832580566, 0.9231884479522705, 24.164562225341797, 8.319833755493164, 0.03820034861564636, -1.0860483646392822, -4.592650890350342, -1.596091628074646, 0.757321834564209, 3.066704034805298, -0.08592622727155685, 4.827264308929443, -2.8750734329223633, -4.145007133483887, 4.21214485168457, 4.516653537750244, -1.8473767042160034, -1.8950047492980957, -3.867310047149658], [-2.2151622772216797, -4.342874050140381, 5.968010902404785, -4.2478556632995605, 8.319833755493164, 23.857275009155273, -2.250718355178833, 0.45278480648994446, 3.1327192783355713, -4.62277889251709, -1.2883884906768799, 2.5776596069335938, 0.6948949694633484, 2.790363073348999, 1.6374658346176147, -5.65233850479126, 2.931457042694092, 8.656192779541016, -3.8905303478240967, 3.61091947555542, -6.866490364074707], [-2.518481731414795, -1.2934999465942383, -5.096359729766846, -4.003964900970459, 0.03820034861564636, -2.250718355178833, 22.08469581604004, -1.414426326751709, -6.443907737731934, 1.8739097118377686, 1.784102439880371, 5.892612934112549, -1.2401329278945923, 6.530975341796875, -0.4971538186073303, -0.8958398103713989, 9.268218040466309, 1.979768991470337, -5.762564659118652, -0.7054800987243652, 0.9770176410675049], [-0.6652172207832336, -1.2277194261550903, 2.420884609222412, 0.24856387078762054, -1.0860483646392822, 0.45278480648994446, -1.414426326751709, 26.510225296020508, -0.8222053050994873, -5.129263401031494, -1.5080773830413818, -4.964239597320557, 1.8445056676864624, -5.176610946655273, 2.9121181964874268, -3.903367042541504, 4.408683776855469, 11.073183059692383, 3.301806926727295, 11.659611701965332, 4.940757751464844], [1.3855592012405396, 0.10212260484695435, 5.017385005950928, -5.055042266845703, -4.592650890350342, 3.1327192783355713, -6.443907737731934, -0.8222053050994873, 21.224496841430664, 1.1027369499206543, -3.4404988288879395, 8.531486511230469, 3.283564805984497, 5.34017276763916, -2.458195686340332, 4.312192440032959, -5.116758346557617, -7.307475566864014, 1.557038426399231, -2.6734683513641357, -5.402729034423828], [2.9989888668060303, -12.245694160461426, 1.098958134651184, 2.003297805786133, -1.596091628074646, -4.62277889251709, 1.8739097118377686, -5.129263401031494, 1.1027369499206543, 24.641361236572266, -5.598784923553467, 1.3224936723709106, 4.143017292022705, 8.717806816101074, 2.3996267318725586, -1.95976984500885, -3.487666130065918, -7.004744052886963, 1.7947428226470947, 2.310826063156128, 7.463718414306641], [2.6954286098480225, 6.7359514236450195, -4.6117095947265625, -3.1885061264038086, 0.757321834564209, -1.2883884906768799, 1.784102439880371, -1.5080773830413818, -3.4404988288879395, -5.598784923553467, 20.578754425048828, 4.737562656402588, -1.1079328060150146, 1.0454370975494385, -3.2411770820617676, -1.1682326793670654, 3.2590174674987793, 3.6192286014556885, -4.460068225860596, -2.1794190406799316, -5.58421516418457], [-1.8567383289337158, 2.8025660514831543, -8.553547859191895, -3.9840457439422607, 3.066704034805298, 2.5776596069335938, 5.892612934112549, -4.964239597320557, 8.531486511230469, 1.3224936723709106, 4.737562656402588, 25.21885871887207, 5.524186611175537, 2.9675281047821045, -0.0485505685210228, 5.01666259765625, 6.49020528793335, -4.921576499938965, -1.7145307064056396, -6.938429355621338, 0.32487499713897705], [3.368337869644165, -1.6078075170516968, -1.8745744228363037, 0.347140908241272, -0.08592622727155685, 0.6948949694633484, -1.2401329278945923, 1.8445056676864624, 3.283564805984497, 4.143017292022705, -1.1079328060150146, 5.524186611175537, 11.775548934936523, 5.475954055786133, -1.901371955871582, -0.3762602210044861, -3.645514488220215, -0.9849047660827637, -2.5576043128967285, -3.1628129482269287, 3.3424386978149414], [0.6888074278831482, -1.4362066984176636, 8.324923515319824, -9.5990571975708, 4.827264308929443, 2.790363073348999, 6.530975341796875, -5.176610946655273, 5.34017276763916, 8.717806816101074, 1.0454370975494385, 2.9675281047821045, 5.475954055786133, 33.97244644165039, -5.586788177490234, -8.7091646194458, -0.6279170513153076, 2.5738255977630615, -0.7765073776245117, -5.0094428062438965, -14.420516014099121], [8.367712020874023, -7.197912693023682, -7.924372673034668, 4.53144645690918, -2.8750734329223633, 1.6374658346176147, -0.4971538186073303, 2.9121181964874268, -2.458195686340332, 2.3996267318725586, -3.2411770820617676, -0.0485505685210228, -1.901371955871582, -5.586788177490234, 32.05609130859375, -4.877310752868652, 3.3239903450012207, -3.227199077606201, 11.95732307434082, -1.4142686128616333, 1.2243956327438354], [2.21294903755188, 4.131252765655518, -4.095098972320557, -1.3831725120544434, -4.145007133483887, -5.65233850479126, -0.8958398103713989, -3.903367042541504, 4.312192440032959, -1.95976984500885, -1.1682326793670654, 5.01666259765625, -0.3762602210044861, -8.7091646194458, -4.877310752868652, 21.929534912109375, -0.6114189624786377, -3.0608365535736084, 5.2459259033203125, -5.932558059692383, 6.138502597808838], [-1.843580722808838, 0.915269672870636, 9.010947227478027, -2.6855692863464355, 4.212143421173096, 2.9314565658569336, 9.268218040466309, 4.408682823181152, -5.116758346557617, -3.4876673221588135, 3.259016752243042, 6.49020528793335, -3.6455142498016357, -0.6279168725013733, 3.3239903450012207, -0.6114187836647034, 28.11681365966797, 3.077491521835327, -3.543440818786621, 2.1775660514831543, -0.9209041595458984], [-0.2206672728061676, -1.696083664894104, -0.6569109559059143, -3.639636278152466, 4.516654014587402, 8.656193733215332, 1.979768991470337, 11.0731840133667, -7.307476997375488, -7.004743576049805, 3.6192283630371094, -4.921576499938965, -0.9849046468734741, 2.5738251209259033, -3.227199077606201, -3.0608365535736084, 3.077491521835327, 20.532474517822266, 2.114259958267212, 8.220873832702637, -1.6831554174423218], [-1.7501792907714844, -2.956162214279175, -4.415226936340332, -1.1158560514450073, -1.8473758697509766, -3.8905301094055176, -5.762564182281494, 3.301807403564453, 1.55703866481781, 1.7947423458099365, -4.46006965637207, -1.714531421661377, -2.5576045513153076, -0.7765077352523804, 11.957322120666504, 5.245926380157471, -3.543440818786621, 2.114259958267212, 25.629276275634766, -5.189783096313477, -0.31254321336746216], [-3.8451731204986572, -5.1770453453063965, 4.314229488372803, 2.3545103073120117, -1.8950047492980957, 3.61091947555542, -0.705479621887207, 11.659610748291016, -2.6734681129455566, 2.310826063156128, -2.1794190406799316, -6.93842887878418, -3.162813186645508, -5.009442329406738, -1.414268970489502, -5.932557582855225, 2.1775660514831543, 8.220873832702637, -5.189783096313477, 24.798259735107422, 4.3331146240234375], [-2.7996695041656494, -11.317543029785156, -9.258548736572266, 2.5593819618225098, -3.8673110008239746, -6.866490364074707, 0.9770177006721497, 4.940757751464844, -5.402729034423828, 7.463718891143799, -5.58421516418457, 0.3248751163482666, 3.3424386978149414, -14.420515060424805, 1.2243967056274414, 6.138503551483154, -0.9209046363830566, -1.683154582977295, -0.3125424385070801, 4.3331146240234375, 31.52509117126465]], "type": "heatmap"}], "layout": {"template": {"data": {"histogram2dcontour": [{"type": "histogram2dcontour", "colorbar": {"outlinewidth": 0, "ticks": ""}, "colorscale": [[0.0, "#0d0887"], [0.1111111111111111, "#46039f"], [0.2222222222222222, "#7201a8"], [0.3333333333333333, "#9c179e"], [0.4444444444444444, "#bd3786"], [0.5555555555555556, "#d8576b"], [0.6666666666666666, "#ed7953"], [0.7777777777777778, "#fb9f3a"], [0.8888888888888888, "#fdca26"], [1.0, "#f0f921"]]}], "choropleth": [{"type": "choropleth", "colorbar": {"outlinewidth": 0, "ticks": ""}}], "histogram2d": [{"type": "histogram2d", "colorbar": {"outlinewidth": 0, "ticks": ""}, "colorscale": [[0.0, "#0d0887"], [0.1111111111111111, "#46039f"], [0.2222222222222222, "#7201a8"], [0.3333333333333333, "#9c179e"], [0.4444444444444444, "#bd3786"], [0.5555555555555556, "#d8576b"], [0.6666666666666666, "#ed7953"], [0.7777777777777778, "#fb9f3a"], [0.8888888888888888, "#fdca26"], [1.0, "#f0f921"]]}], "heatmap": [{"type": "heatmap", "colorbar": {"outlinewidth": 0, "ticks": ""}, "colorscale": [[0.0, "#0d0887"], [0.1111111111111111, "#46039f"], [0.2222222222222222, "#7201a8"], [0.3333333333333333, "#9c179e"], [0.4444444444444444, "#bd3786"], [0.5555555555555556, "#d8576b"], [0.6666666666666666, "#ed7953"], [0.7777777777777778, "#fb9f3a"], [0.8888888888888888, "#fdca26"], [1.0, "#f0f921"]]}], "heatmapgl": [{"type": "heatmapgl", "colorbar": {"outlinewidth": 0, "ticks": ""}, "colorscale": [[0.0, "#0d0887"], [0.1111111111111111, "#46039f"], [0.2222222222222222, "#7201a8"], [0.3333333333333333, "#9c179e"], [0.4444444444444444, "#bd3786"], [0.5555555555555556, "#d8576b"], [0.6666666666666666, "#ed7953"], [0.7777777777777778, "#fb9f3a"], [0.8888888888888888, "#fdca26"], [1.0, "#f0f921"]]}], "contourcarpet": [{"type": "contourcarpet", "colorbar": {"outlinewidth": 0, "ticks": ""}}], "contour": [{"type": "contour", "colorbar": {"outlinewidth": 0, "ticks": ""}, "colorscale": [[0.0, "#0d0887"], [0.1111111111111111, "#46039f"], [0.2222222222222222, "#7201a8"], [0.3333333333333333, "#9c179e"], [0.4444444444444444, "#bd3786"], [0.5555555555555556, "#d8576b"], [0.6666666666666666, "#ed7953"], [0.7777777777777778, "#fb9f3a"], [0.8888888888888888, "#fdca26"], [1.0, "#f0f921"]]}], "surface": [{"type": "surface", "colorbar": {"outlinewidth": 0, "ticks": ""}, "colorscale": [[0.0, "#0d0887"], [0.1111111111111111, "#46039f"], [0.2222222222222222, "#7201a8"], [0.3333333333333333, "#9c179e"], [0.4444444444444444, "#bd3786"], [0.5555555555555556, "#d8576b"], [0.6666666666666666, "#ed7953"], [0.7777777777777778, "#fb9f3a"], [0.8888888888888888, "#fdca26"], [1.0, "#f0f921"]]}], "mesh3d": [{"type": "mesh3d", "colorbar": {"outlinewidth": 0, "ticks": ""}}], "scatter": [{"fillpattern": {"fillmode": "overlay", "size": 10, "solidity": 0.2}, "type": "scatter"}], "parcoords": [{"type": "parcoords", "line": {"colorbar": {"outlinewidth": 0, "ticks": ""}}}], "scatterpolargl": [{"type": "scatterpolargl", "marker": {"colorbar": {"outlinewidth": 0, "ticks": ""}}}], "bar": [{"error_x": {"color": "#2a3f5f"}, "error_y": {"color": "#2a3f5f"}, "marker": {"line": {"color": "#E5ECF6", "width": 0.5}, "pattern": {"fillmode": "overlay", "size": 10, "solidity": 0.2}}, "type": "bar"}], "scattergeo": [{"type": "scattergeo", "marker": {"colorbar": {"outlinewidth": 0, "ticks": ""}}}], "scatterpolar": [{"type": "scatterpolar", "marker": {"colorbar": {"outlinewidth": 0, "ticks": ""}}}], "histogram": [{"marker": {"pattern": {"fillmode": "overlay", "size": 10, "solidity": 0.2}}, "type": "histogram"}], "scattergl": [{"type": "scattergl", "marker": {"colorbar": {"outlinewidth": 0, "ticks": ""}}}], "scatter3d": [{"type": "scatter3d", "line": {"colorbar": {"outlinewidth": 0, "ticks": ""}}, "marker": {"colorbar": {"outlinewidth": 0, "ticks": ""}}}], "scattermapbox": [{"type": "scattermapbox", "marker": {"colorbar": {"outlinewidth": 0, "ticks": ""}}}], "scatterternary": [{"type": "scatterternary", "marker": {"colorbar": {"outlinewidth": 0, "ticks": ""}}}], "scattercarpet": [{"type": "scattercarpet", "marker": {"colorbar": {"outlinewidth": 0, "ticks": ""}}}], "carpet": [{"aaxis": {"endlinecolor": "#2a3f5f", "gridcolor": "white", "linecolor": "white", "minorgridcolor": "white", "startlinecolor": "#2a3f5f"}, "baxis": {"endlinecolor": "#2a3f5f", "gridcolor": "white", "linecolor": "white", "minorgridcolor": "white", "startlinecolor": "#2a3f5f"}, "type": "carpet"}], "table": [{"cells": {"fill": {"color": "#EBF0F8"}, "line": {"color": "white"}}, "header": {"fill": {"color": "#C8D4E3"}, "line": {"color": "white"}}, "type": "table"}], "barpolar": [{"marker": {"line": {"color": "#E5ECF6", "width": 0.5}, "pattern": {"fillmode": "overlay", "size": 10, "solidity": 0.2}}, "type": "barpolar"}], "pie": [{"automargin": true, "type": "pie"}]}, "layout": {"autotypenumbers": "strict", "colorway": ["#636efa", "#EF553B", "#00cc96", "#ab63fa", "#FFA15A", "#19d3f3", "#FF6692", "#B6E880", "#FF97FF", "#FECB52"], "font": {"color": "#2a3f5f"}, "hovermode": "closest", "hoverlabel": {"align": "left"}, "paper_bgcolor": "white", "plot_bgcolor": "#E5ECF6", "polar": {"bgcolor": "#E5ECF6", "angularaxis": {"gridcolor": "white", "linecolor": "white", "ticks": ""}, "radialaxis": {"gridcolor": "white", "linecolor": "white", "ticks": ""}}, "ternary": {"bgcolor": "#E5ECF6", "aaxis": {"gridcolor": "white", "linecolor": "white", "ticks": ""}, "baxis": {"gridcolor": "white", "linecolor": "white", "ticks": ""}, "caxis": {"gridcolor": "white", "linecolor": "white", "ticks": ""}}, "coloraxis": {"colorbar": {"outlinewidth": 0, "ticks": ""}}, "colorscale": {"sequential": [[0.0, "#0d0887"], [0.1111111111111111, "#46039f"], [0.2222222222222222, "#7201a8"], [0.3333333333333333, "#9c179e"], [0.4444444444444444, "#bd3786"], [0.5555555555555556, "#d8576b"], [0.6666666666666666, "#ed7953"], [0.7777777777777778, "#fb9f3a"], [0.8888888888888888, "#fdca26"], [1.0, "#f0f921"]], "sequentialminus": [[0.0, "#0d0887"], [0.1111111111111111, "#46039f"], [0.2222222222222222, "#7201a8"], [0.3333333333333333, "#9c179e"], [0.4444444444444444, "#bd3786"], [0.5555555555555556, "#d8576b"], [0.6666666666666666, "#ed7953"], [0.7777777777777778, "#fb9f3a"], [0.8888888888888888, "#fdca26"], [1.0, "#f0f921"]], "diverging": [[0, "#8e0152"], [0.1, "#c51b7d"], [0.2, "#de77ae"], [0.3, "#f1b6da"], [0.4, "#fde0ef"], [0.5, "#f7f7f7"], [0.6, "#e6f5d0"], [0.7, "#b8e186"], [0.8, "#7fbc41"], [0.9, "#4d9221"], [1, "#276419"]]}, "xaxis": {"gridcolor": "white", "linecolor": "white", "ticks": "", "title": {"standoff": 15}, "zerolinecolor": "white", "automargin": true, "zerolinewidth": 2}, "yaxis": {"gridcolor": "white", "linecolor": "white", "ticks": "", "title": {"standoff": 15}, "zerolinecolor": "white", "automargin": true, "zerolinewidth": 2}, "scene": {"xaxis": {"backgroundcolor": "#E5ECF6", "gridcolor": "white", "linecolor": "white", "showbackground": true, "ticks": "", "zerolinecolor": "white", "gridwidth": 2}, "yaxis": {"backgroundcolor": "#E5ECF6", "gridcolor": "white", "linecolor": "white", "showbackground": true, "ticks": "", "zerolinecolor": "white", "gridwidth": 2}, "zaxis": {"backgroundcolor": "#E5ECF6", "gridcolor": "white", "linecolor": "white", "showbackground": true, "ticks": "", "zerolinecolor": "white", "gridwidth": 2}}, "shapedefaults": {"line": {"color": "#2a3f5f"}}, "annotationdefaults": {"arrowcolor": "#2a3f5f", "arrowhead": 0, "arrowwidth": 1}, "geo": {"bgcolor": "white", "landcolor": "#E5ECF6", "subunitcolor": "white", "showland": true, "showlakes": true, "lakecolor": "white"}, "title": {"x": 0.05}, "mapbox": {"style": "light"}}}}}