{"data": [{"z": [[19.426538467407227, -3.0187692642211914, -0.5687695741653442, -1.2276227474212646, -3.2899985313415527, -2.108429431915283, -2.511895179748535, -0.6519707441329956, 1.4276354312896729, 2.9327428340911865, 2.662039279937744, -1.845329761505127, 3.3450865745544434, 0.6448395848274231, 8.179879188537598, 2.153831720352173, -1.8147846460342407, -0.17405660450458527, -1.8499811887741089, -3.7551193237304688, -2.7654125690460205], [-3.0187692642211914, 30.37459373474121, -5.783883571624756, 1.8944662809371948, -2.660806655883789, -4.289400100708008, -1.3053598403930664, -1.176670789718628, 0.1012328490614891, -12.20112133026123, 6.6670732498168945, 2.758676290512085, -1.5791661739349365, -1.4337053298950195, -7.263106346130371, 4.067596435546875, 0.9701769351959229, -1.64574134349823, -3.0457706451416016, -5.089422225952148, -11.263519287109375], [-0.5687695741653442, -5.783883571624756, 31.42171859741211, -0.2104211002588272, 9.911238670349121, 5.858113765716553, -5.068537712097168, 2.345925807952881, 4.962809085845947, 1.0748409032821655, -4.55821418762207, -8.58759880065918, -1.9114658832550049, 8.219658851623535, -7.791374683380127, -4.118310451507568, 8.864788055419922, -0.6980307102203369, -4.405213356018066, 4.251421928405762, -9.221338272094727], [-1.2276227474212646, 1.8944662809371948, -0.2104211002588272, 20.21230697631836, 0.9504895210266113, -4.239975929260254, -3.9993810653686523, 0.24395659565925598, -4.998011112213135, 1.9495216608047485, -3.1422102451324463, -3.960263252258301, 0.3474578559398651, -9.556909561157227, 4.550530910491943, -1.3912169933319092, -2.6849887371063232, -3.610593318939209, -1.1166714429855347, 2.3033409118652344, 2.545370101928711], [-3.2899985313415527, -2.660806655883789, 9.911238670349121, 0.9504895210266113, 24.03540802001953, 8.243504524230957, 0.0028396358247846365, -1.0994220972061157, -4.564578533172607, -1.5681942701339722, 0.7559370398521423, 3.011615514755249, -0.09032433480024338, 4.781064987182617, -2.85406494140625, -4.120917797088623, 4.1764817237854, 4.476921081542969, -1.8368719816207886, -1.8934576511383057, -3.8493504524230957], [-2.108429431915283, -4.289400100708008, 5.858113765716553, -4.239975929260254, 8.243504524230957, 23.721420288085938, -2.2416272163391113, 0.4045568108558655, 3.1146457195281982, -4.572308540344238, -1.2999025583267212, 2.506530523300171, 0.6847190260887146, 2.735931873321533, 1.6319092512130737, -5.644775390625, 2.854588031768799, 8.568917274475098, -3.876056432723999, 3.582235813140869, -6.836390972137451], [-2.511895179748535, -1.3053598403930664, -5.068537712097168, -3.9993810653686523, 0.0028396358247846365, -2.2416272163391113, 21.87823486328125, -1.3899999856948853, -6.369239807128906, 1.8231805562973022, 1.7548038959503174, 5.8643574714660645, -1.183698058128357, 6.534725189208984, -0.49186989665031433, -0.9137654304504395, 9.23456859588623, 1.959721565246582, -5.6758928298950195, -0.7294261455535889, 0.943202555179596], [-0.6519707441329956, -1.176670789718628, 2.345925807952881, 0.24395659565925598, -1.0994220972061157, 0.4045568108558655, -1.3899999856948853, 26.33951187133789, -0.8326237797737122, -5.129422664642334, -1.482804775238037, -4.995901584625244, 1.7652546167373657, -5.2032294273376465, 2.948533058166504, -3.861880302429199, 4.34338903427124, 10.998697280883789, 3.2813491821289062, 11.553810119628906, 4.936390399932861], [1.4276354312896729, 0.1012328490614891, 4.962809085845947, -4.998011112213135, -4.564578533172607, 3.1146457195281982, -6.369239807128906, -0.8326237797737122, 21.09661293029785, 1.142737865447998, -3.4867990016937256, 8.448284149169922, 3.2449729442596436, 5.269494533538818, -2.4230446815490723, 4.301481246948242, -5.115388870239258, -7.254558563232422, 1.5405839681625366, -2.6437759399414062, -5.369534492492676], [2.9327428340911865, -12.20112133026123, 1.0748409032821655, 1.9495216608047485, -1.5681942701339722, -4.572308540344238, 1.8231805562973022, -5.129422664642334, 1.142737865447998, 24.447696685791016, -5.540327072143555, 1.3343844413757324, 4.113903522491455, 8.690223693847656, 2.440378189086914, -1.9571119546890259, -3.4817094802856445, -6.957562446594238, 1.8441009521484375, 2.250452995300293, 7.4207305908203125], [2.662039279937744, 6.6670732498168945, -4.55821418762207, -3.1422102451324463, 0.7559370398521423, -1.2999025583267212, 1.7548038959503174, -1.482804775238037, -3.4867990016937256, -5.540327072143555, 20.41707420349121, 4.657609939575195, -1.078967809677124, 1.0216920375823975, -3.3363146781921387, -1.181856632232666, 3.2526230812072754, 3.5969228744506836, -4.465883731842041, -2.1097216606140137, -5.524650573730469], [-1.845329761505127, 2.758676290512085, -8.58759880065918, -3.960263252258301, 3.011615514755249, 2.506530523300171, 5.8643574714660645, -4.995901584625244, 8.448284149169922, 1.3343844413757324, 4.657609939575195, 25.028427124023438, 5.472238540649414, 2.903137445449829, -0.1262400895357132, 4.9566192626953125, 6.392580509185791, -4.9387078285217285, -1.7518190145492554, -6.892910957336426, 0.3628138303756714], [3.3450865745544434, -1.5791661739349365, -1.9114658832550049, 0.3474578559398651, -0.09032433480024338, 0.6847190260887146, -1.183698058128357, 1.7652546167373657, 3.2449729442596436, 4.113903522491455, -1.078967809677124, 5.472238540649414, 11.683053970336914, 5.445361137390137, -1.8609563112258911, -0.3730154037475586, -3.661754608154297, -0.9901885986328125, -2.5798933506011963, -3.167616128921509, 3.3213448524475098], [0.6448395848274231, -1.4337053298950195, 8.219658851623535, -9.556909561157227, 4.781064987182617, 2.735931873321533, 6.534725189208984, -5.2032294273376465, 5.269494533538818, 8.690223693847656, 1.0216920375823975, 2.903137445449829, 5.445361137390137, 33.816375732421875, -5.569487571716309, -8.708198547363281, -0.6956191062927246, 2.5599589347839355, -0.7993977069854736, -4.981436252593994, -14.371894836425781], [8.179879188537598, -7.263106346130371, -7.791374683380127, 4.550530910491943, -2.85406494140625, 1.6319092512130737, -0.49186989665031433, 2.948533058166504, -2.4230446815490723, 2.440378189086914, -3.3363146781921387, -0.1262400895357132, -1.8609563112258911, -5.569487571716309, 31.670351028442383, -4.898334980010986, 3.298738956451416, -3.1956958770751953, 11.761807441711426, -1.3484779596328735, 1.272696852684021], [2.153831720352173, 4.067596435546875, -4.118310451507568, -1.3912169933319092, -4.120917797088623, -5.644775390625, -0.9137654304504395, -3.861880302429199, 4.301481246948242, -1.9571119546890259, -1.181856632232666, 4.9566192626953125, -0.3730154037475586, -8.708198547363281, -4.898334980010986, 21.78036880493164, -0.6311360597610474, -3.0523645877838135, 5.186208724975586, -5.887500286102295, 6.144811630249023], [-1.8147841691970825, 0.9701775908470154, 8.864789962768555, -2.6849889755249023, 4.176480770111084, 2.854588031768799, 9.23456859588623, 4.343389511108398, -5.1153883934021, -3.481710910797119, 3.2526230812072754, 6.392580986022949, -3.661755084991455, -0.6956190466880798, 3.298739194869995, -0.6311360001564026, 27.95865249633789, 3.036616802215576, -3.551100254058838, 2.1606462001800537, -0.9088742136955261], [-0.17405669391155243, -1.6457411050796509, -0.6980307698249817, -3.610593557357788, 4.476921081542969, 8.568917274475098, 1.9597218036651611, 10.998697280883789, -7.254558563232422, -6.957562446594238, 3.5969231128692627, -4.938708782196045, -0.9901888370513916, 2.5599591732025146, -3.1956963539123535, -3.0523645877838135, 3.036616802215576, 20.4230899810791, 2.1020407676696777, 8.158153533935547, -1.6787155866622925], [-1.8499810695648193, -3.0457708835601807, -4.405214786529541, -1.116671085357666, -1.8368717432022095, -3.876056671142578, -5.675893306732178, 3.281348705291748, 1.5405839681625366, 1.8441015481948853, -4.465884208679199, -1.7518192529678345, -2.579893112182617, -0.799397885799408, 11.761807441711426, 5.186209201812744, -3.551100254058838, 2.1020407676696777, 25.424922943115234, -5.093236923217773, -0.26875758171081543], [-3.7551193237304688, -5.089422225952148, 4.251423358917236, 2.303340435028076, -1.8934575319290161, 3.582235097885132, -0.7294262647628784, 11.55380916595459, -2.643775463104248, 2.250452756881714, -2.109722137451172, -6.892910957336426, -3.1676158905029297, -4.981435298919678, -1.348478078842163, -5.887500286102295, 2.1606462001800537, 8.158153533935547, -5.093236923217773, 24.60832405090332, 4.289775848388672], [-2.7654128074645996, -11.263519287109375, -9.221339225769043, 2.54537034034729, -3.8493502140045166, -6.836390495300293, 0.9432024955749512, 4.936390399932861, -5.369534492492676, 7.4207305908203125, -5.5246500968933105, 0.3628143072128296, 3.321345090866089, -14.371896743774414, 1.2726974487304688, 6.144811630249023, -0.9088737964630127, -1.6787165403366089, -0.26875782012939453, 4.289775848388672, 31.52509117126465]], "type": "heatmap"}], "layout": {"template": {"data": {"histogram2dcontour": [{"type": "histogram2dcontour", "colorbar": {"outlinewidth": 0, "ticks": ""}, "colorscale": [[0.0, "#0d0887"], [0.1111111111111111, "#46039f"], [0.2222222222222222, "#7201a8"], [0.3333333333333333, "#9c179e"], [0.4444444444444444, "#bd3786"], [0.5555555555555556, "#d8576b"], [0.6666666666666666, "#ed7953"], [0.7777777777777778, "#fb9f3a"], [0.8888888888888888, "#fdca26"], [1.0, "#f0f921"]]}], "choropleth": [{"type": "choropleth", "colorbar": {"outlinewidth": 0, "ticks": ""}}], "histogram2d": [{"type": "histogram2d", "colorbar": {"outlinewidth": 0, "ticks": ""}, "colorscale": [[0.0, "#0d0887"], [0.1111111111111111, "#46039f"], [0.2222222222222222, "#7201a8"], [0.3333333333333333, "#9c179e"], [0.4444444444444444, "#bd3786"], [0.5555555555555556, "#d8576b"], [0.6666666666666666, "#ed7953"], [0.7777777777777778, "#fb9f3a"], [0.8888888888888888, "#fdca26"], [1.0, "#f0f921"]]}], "heatmap": [{"type": "heatmap", "colorbar": {"outlinewidth": 0, "ticks": ""}, "colorscale": [[0.0, "#0d0887"], [0.1111111111111111, "#46039f"], [0.2222222222222222, "#7201a8"], [0.3333333333333333, "#9c179e"], [0.4444444444444444, "#bd3786"], [0.5555555555555556, "#d8576b"], [0.6666666666666666, "#ed7953"], [0.7777777777777778, "#fb9f3a"], [0.8888888888888888, "#fdca26"], [1.0, "#f0f921"]]}], "heatmapgl": [{"type": "heatmapgl", "colorbar": {"outlinewidth": 0, "ticks": ""}, "colorscale": [[0.0, "#0d0887"], [0.1111111111111111, "#46039f"], [0.2222222222222222, "#7201a8"], [0.3333333333333333, "#9c179e"], [0.4444444444444444, "#bd3786"], [0.5555555555555556, "#d8576b"], [0.6666666666666666, "#ed7953"], [0.7777777777777778, "#fb9f3a"], [0.8888888888888888, "#fdca26"], [1.0, "#f0f921"]]}], "contourcarpet": [{"type": "contourcarpet", "colorbar": {"outlinewidth": 0, "ticks": ""}}], "contour": [{"type": "contour", "colorbar": {"outlinewidth": 0, "ticks": ""}, "colorscale": [[0.0, "#0d0887"], [0.1111111111111111, "#46039f"], [0.2222222222222222, "#7201a8"], [0.3333333333333333, "#9c179e"], [0.4444444444444444, "#bd3786"], [0.5555555555555556, "#d8576b"], [0.6666666666666666, "#ed7953"], [0.7777777777777778, "#fb9f3a"], [0.8888888888888888, "#fdca26"], [1.0, "#f0f921"]]}], "surface": [{"type": "surface", "colorbar": {"outlinewidth": 0, "ticks": ""}, "colorscale": [[0.0, "#0d0887"], [0.1111111111111111, "#46039f"], [0.2222222222222222, "#7201a8"], [0.3333333333333333, "#9c179e"], [0.4444444444444444, "#bd3786"], [0.5555555555555556, "#d8576b"], [0.6666666666666666, "#ed7953"], [0.7777777777777778, "#fb9f3a"], [0.8888888888888888, "#fdca26"], [1.0, "#f0f921"]]}], "mesh3d": [{"type": "mesh3d", "colorbar": {"outlinewidth": 0, "ticks": ""}}], "scatter": [{"fillpattern": {"fillmode": "overlay", "size": 10, "solidity": 0.2}, "type": "scatter"}], "parcoords": [{"type": "parcoords", "line": {"colorbar": {"outlinewidth": 0, "ticks": ""}}}], "scatterpolargl": [{"type": "scatterpolargl", "marker": {"colorbar": {"outlinewidth": 0, "ticks": ""}}}], "bar": [{"error_x": {"color": "#2a3f5f"}, "error_y": {"color": "#2a3f5f"}, "marker": {"line": {"color": "#E5ECF6", "width": 0.5}, "pattern": {"fillmode": "overlay", "size": 10, "solidity": 0.2}}, "type": "bar"}], "scattergeo": [{"type": "scattergeo", "marker": {"colorbar": {"outlinewidth": 0, "ticks": ""}}}], "scatterpolar": [{"type": "scatterpolar", "marker": {"colorbar": {"outlinewidth": 0, "ticks": ""}}}], "histogram": [{"marker": {"pattern": {"fillmode": "overlay", "size": 10, "solidity": 0.2}}, "type": "histogram"}], "scattergl": [{"type": "scattergl", "marker": {"colorbar": {"outlinewidth": 0, "ticks": ""}}}], "scatter3d": [{"type": "scatter3d", "line": {"colorbar": {"outlinewidth": 0, "ticks": ""}}, "marker": {"colorbar": {"outlinewidth": 0, "ticks": ""}}}], "scattermapbox": [{"type": "scattermapbox", "marker": {"colorbar": {"outlinewidth": 0, "ticks": ""}}}], "scatterternary": [{"type": "scatterternary", "marker": {"colorbar": {"outlinewidth": 0, "ticks": ""}}}], "scattercarpet": [{"type": "scattercarpet", "marker": {"colorbar": {"outlinewidth": 0, "ticks": ""}}}], "carpet": [{"aaxis": {"endlinecolor": "#2a3f5f", "gridcolor": "white", "linecolor": "white", "minorgridcolor": "white", "startlinecolor": "#2a3f5f"}, "baxis": {"endlinecolor": "#2a3f5f", "gridcolor": "white", "linecolor": "white", "minorgridcolor": "white", "startlinecolor": "#2a3f5f"}, "type": "carpet"}], "table": [{"cells": {"fill": {"color": "#EBF0F8"}, "line": {"color": "white"}}, "header": {"fill": {"color": "#C8D4E3"}, "line": {"color": "white"}}, "type": "table"}], "barpolar": [{"marker": {"line": {"color": "#E5ECF6", "width": 0.5}, "pattern": {"fillmode": "overlay", "size": 10, "solidity": 0.2}}, "type": "barpolar"}], "pie": [{"automargin": true, "type": "pie"}]}, "layout": {"autotypenumbers": "strict", "colorway": ["#636efa", "#EF553B", "#00cc96", "#ab63fa", "#FFA15A", "#19d3f3", "#FF6692", "#B6E880", "#FF97FF", "#FECB52"], "font": {"color": "#2a3f5f"}, "hovermode": "closest", "hoverlabel": {"align": "left"}, "paper_bgcolor": "white", "plot_bgcolor": "#E5ECF6", "polar": {"bgcolor": "#E5ECF6", "angularaxis": {"gridcolor": "white", "linecolor": "white", "ticks": ""}, "radialaxis": {"gridcolor": "white", "linecolor": "white", "ticks": ""}}, "ternary": {"bgcolor": "#E5ECF6", "aaxis": {"gridcolor": "white", "linecolor": "white", "ticks": ""}, "baxis": {"gridcolor": "white", "linecolor": "white", "ticks": ""}, "caxis": {"gridcolor": "white", "linecolor": "white", "ticks": ""}}, "coloraxis": {"colorbar": {"outlinewidth": 0, "ticks": ""}}, "colorscale": {"sequential": [[0.0, "#0d0887"], [0.1111111111111111, "#46039f"], [0.2222222222222222, "#7201a8"], [0.3333333333333333, "#9c179e"], [0.4444444444444444, "#bd3786"], [0.5555555555555556, "#d8576b"], [0.6666666666666666, "#ed7953"], [0.7777777777777778, "#fb9f3a"], [0.8888888888888888, "#fdca26"], [1.0, "#f0f921"]], "sequentialminus": [[0.0, "#0d0887"], [0.1111111111111111, "#46039f"], [0.2222222222222222, "#7201a8"], [0.3333333333333333, "#9c179e"], [0.4444444444444444, "#bd3786"], [0.5555555555555556, "#d8576b"], [0.6666666666666666, "#ed7953"], [0.7777777777777778, "#fb9f3a"], [0.8888888888888888, "#fdca26"], [1.0, "#f0f921"]], "diverging": [[0, "#8e0152"], [0.1, "#c51b7d"], [0.2, "#de77ae"], [0.3, "#f1b6da"], [0.4, "#fde0ef"], [0.5, "#f7f7f7"], [0.6, "#e6f5d0"], [0.7, "#b8e186"], [0.8, "#7fbc41"], [0.9, "#4d9221"], [1, "#276419"]]}, "xaxis": {"gridcolor": "white", "linecolor": "white", "ticks": "", "title": {"standoff": 15}, "zerolinecolor": "white", "automargin": true, "zerolinewidth": 2}, "yaxis": {"gridcolor": "white", "linecolor": "white", "ticks": "", "title": {"standoff": 15}, "zerolinecolor": "white", "automargin": true, "zerolinewidth": 2}, "scene": {"xaxis": {"backgroundcolor": "#E5ECF6", "gridcolor": "white", "linecolor": "white", "showbackground": true, "ticks": "", "zerolinecolor": "white", "gridwidth": 2}, "yaxis": {"backgroundcolor": "#E5ECF6", "gridcolor": "white", "linecolor": "white", "showbackground": true, "ticks": "", "zerolinecolor": "white", "gridwidth": 2}, "zaxis": {"backgroundcolor": "#E5ECF6", "gridcolor": "white", "linecolor": "white", "showbackground": true, "ticks": "", "zerolinecolor": "white", "gridwidth": 2}}, "shapedefaults": {"line": {"color": "#2a3f5f"}}, "annotationdefaults": {"arrowcolor": "#2a3f5f", "arrowhead": 0, "arrowwidth": 1}, "geo": {"bgcolor": "white", "landcolor": "#E5ECF6", "subunitcolor": "white", "showland": true, "showlakes": true, "lakecolor": "white"}, "title": {"x": 0.05}, "mapbox": {"style": "light"}}}}}