{"data": [{"z": [[27.241104125976562, -3.1330246925354004, 3.097949981689453, -3.266253709793091, -4.550807476043701, -0.8013951182365417, 2.7701919078826904, -3.646028757095337, 4.7556681632995605, -3.4050331115722656, 2.4808077812194824, -3.5424306392669678, -1.0602774620056152, -7.829524517059326, -0.9319100379943848, -3.953439474105835, 4.424219608306885, 2.9736733436584473, 2.4429078102111816, 3.458230495452881, -8.709859848022461], [-3.1330246925354004, 34.25844192504883, -4.475358486175537, -4.853636264801025, -0.9178561568260193, -8.960378646850586, -6.8020429611206055, -3.1226797103881836, 7.443371772766113, -6.183485984802246, 0.17351146042346954, -3.3978614807128906, 1.946427583694458, 5.194874286651611, -0.7821742296218872, 0.8985865116119385, -0.7286934852600098, -5.1177215576171875, 4.852869987487793, -6.473791122436523, 2.4818272590637207], [3.097949981689453, -4.475358486175537, 10.516589164733887, -3.117828369140625, -2.0402402877807617, 2.1332192420959473, -0.016437716782093048, -0.11727797985076904, 4.033666610717773, -0.9419872760772705, -0.3887985944747925, 4.508605480194092, 1.280497431755066, 0.2271711379289627, -1.8238160610198975, 0.5212888121604919, -1.450348138809204, 5.549900531768799, -2.5111842155456543, 2.8719472885131836, -1.9441916942596436], [-3.266253709793091, -4.853636264801025, -3.117828369140625, 31.739459991455078, 2.417677164077759, 5.47775411605835, 1.332580327987671, 6.616649627685547, -7.827913284301758, -1.9248253107070923, -2.7311923503875732, -3.6328787803649902, 2.8093719482421875, 7.128066062927246, 3.093688726425171, 8.133872032165527, 0.3206331729888916, -1.2066305875778198, -2.6668920516967773, -8.125005722045898, 0.8104835748672485], [-4.550807476043701, -0.9178561568260193, -2.0402402877807617, 2.417677164077759, 23.616662979125977, 0.2391180545091629, -4.937496185302734, -2.6185882091522217, -0.5057001113891602, 5.236292839050293, 0.6415619850158691, 1.827888011932373, -0.4029369652271271, 2.8618338108062744, -4.4574713706970215, 2.1234066486358643, 6.800833225250244, 3.5121872425079346, 1.1467702388763428, 0.4148816466331482, 6.502784252166748], [-0.8013951182365417, -8.960378646850586, 2.1332192420959473, 5.47775411605835, 0.2391180545091629, 20.116317749023438, 6.117038249969482, -2.1230833530426025, 2.5037662982940674, 2.675079107284546, -1.6805365085601807, 2.313276767730713, -0.4488230049610138, 0.13962313532829285, -4.967817783355713, 2.6434314250946045, -6.130756855010986, 6.398122787475586, -6.674400329589844, -3.4856045246124268, 1.1944117546081543], [2.7701919078826904, -6.8020429611206055, -0.016437716782093048, 1.332580327987671, -4.937496185302734, 6.117038249969482, 22.34441375732422, 8.530753135681152, -4.299922466278076, -2.606281280517578, 5.206579685211182, 2.4116828441619873, 3.070753574371338, -0.13233095407485962, -11.354604721069336, 0.20127002894878387, -9.300315856933594, 2.919564723968506, -0.3672829270362854, 4.1269145011901855, 0.35805758833885193], [-3.646028757095337, -3.1226797103881836, -0.11727797985076904, 6.616649627685547, -2.6185882091522217, -2.1230833530426025, 8.530753135681152, 24.07588005065918, -3.305774450302124, 4.308066368103027, 3.1124019622802734, -3.246018409729004, 6.334701061248779, -1.596096158027649, 1.7512619495391846, 1.6057924032211304, -0.8465990424156189, 0.9364532232284546, -1.5694785118103027, 0.6332632303237915, 3.472940444946289], [4.7556681632995605, 7.443371772766113, 4.033666610717773, -7.827913284301758, -0.5057001113891602, 2.5037662982940674, -4.299922466278076, -3.305774450302124, 28.42999839782715, 9.632829666137695, 4.352010726928711, 0.7713091373443604, 2.337172031402588, -0.5015883445739746, -0.6725708246231079, -0.19461998343467712, 1.91386079788208, 0.5479574203491211, -8.870040893554688, 0.4963643550872803, -8.221083641052246], [-3.4050331115722656, -6.183485984802246, -0.9419872760772705, -1.9248253107070923, 5.236292839050293, 2.675079107284546, -2.606281280517578, 4.308066368103027, 9.632829666137695, 24.230958938598633, 0.5472608804702759, -3.4748642444610596, 4.150662899017334, -3.1115951538085938, 3.124678611755371, -1.4257524013519287, 5.969852447509766, 5.778818130493164, -1.85703706741333, 4.347749710083008, 1.3797907829284668], [2.4808077812194824, 0.17351146042346954, -0.3887985944747925, -2.7311923503875732, 0.6415619850158691, -1.6805365085601807, 5.206579685211182, 3.1124019622802734, 4.352010726928711, 0.5472608804702759, 19.088979721069336, 4.35026216506958, 1.5875574350357056, -5.942737579345703, -5.760654926300049, -2.117537021636963, -1.7251579761505127, 3.6477878093719482, -0.2395622730255127, 2.668700933456421, 1.2660996913909912], [-3.5424306392669678, -3.3978614807128906, 4.508605480194092, -3.6328787803649902, 1.827888011932373, 2.313276767730713, 2.4116828441619873, -3.246018409729004, 0.7713091373443604, -3.4748642444610596, 4.35026216506958, 14.822586059570312, 0.3125293552875519, 6.800026893615723, -5.252811431884766, 1.1705191135406494, 2.325756311416626, 1.3737293481826782, -3.1822328567504883, 4.898523330688477, 3.5620830059051514], [-1.0602774620056152, 1.946427583694458, 1.280497431755066, 2.8093719482421875, -0.4029369652271271, -0.4488230049610138, 3.070753574371338, 6.334701061248779, 2.337172031402588, 4.150662899017334, 1.5875574350357056, 0.3125293552875519, 15.237709999084473, -0.7606573104858398, 3.2947185039520264, -0.6764741539955139, -3.0148673057556152, -5.010852813720703, 0.9117902517318726, 2.5786662101745605, -3.605050563812256], [-7.829524517059326, 5.194874286651611, 0.2271711379289627, 7.128066062927246, 2.8618338108062744, 0.13962313532829285, -0.13233095407485962, -1.596096158027649, -0.5015883445739746, -3.1115951538085938, -5.942737579345703, 6.800026893615723, -0.7606573104858398, 23.291555404663086, -6.192041397094727, 2.393812894821167, 4.870553970336914, -2.1953535079956055, -2.9333815574645996, 1.4023802280426025, 5.263321876525879], [-0.9319100379943848, -0.7821742296218872, -1.8238160610198975, 3.093688726425171, -4.4574713706970215, -4.967817783355713, -11.354604721069336, 1.7512619495391846, -0.6725708246231079, 3.124678611755371, -5.760654926300049, -5.252811431884766, 3.2947185039520264, -6.192041397094727, 36.05366897583008, -5.7472920417785645, 3.96590518951416, -5.225321292877197, -7.0343475341796875, -3.6109066009521484, -3.6632518768310547], [-3.953439474105835, 0.8985865116119385, 0.5212888121604919, 8.133872032165527, 2.1234066486358643, 2.6434314250946045, 0.20127002894878387, 1.6057924032211304, -0.19461998343467712, -1.4257524013519287, -2.117537021636963, 1.1705191135406494, -0.6764741539955139, 2.393812894821167, -5.7472920417785645, 15.195713996887207, -1.3453127145767212, 0.7644274234771729, 2.030121326446533, -2.6219747066497803, 6.473435878753662], [4.424220085144043, -0.7286936640739441, -1.4503480195999146, 0.3206332325935364, 6.800832748413086, -6.130756378173828, -9.300314903259277, -0.846598744392395, 1.9138603210449219, 5.969852924346924, -1.7251583337783813, 2.325756072998047, -3.0148675441741943, 4.870553493499756, 3.9659059047698975, -1.3453127145767212, 36.75751495361328, 0.2006235122680664, -2.7169198989868164, 3.4683289527893066, 4.771507740020752], [2.9736738204956055, -5.117721080780029, 5.549899578094482, -1.2066307067871094, 3.512187957763672, 6.3981242179870605, 2.9195644855499268, 0.9364527463912964, 0.5479578971862793, 5.778818607330322, 3.6477866172790527, 1.3737291097640991, -5.010852813720703, -2.1953535079956055, -5.225320816040039, 0.7644277215003967, 0.2006235122680664, 26.775257110595703, -3.6522765159606934, -0.30995261669158936, 4.970117568969727], [2.4429078102111816, 4.852870464324951, -2.511183977127075, -2.6668918132781982, 1.1467701196670532, -6.67440128326416, -0.36728283762931824, -1.5694785118103027, -8.870041847229004, -1.8570365905761719, -0.2395622879266739, -3.1822328567504883, 0.9117900729179382, -2.933382034301758, -7.034346580505371, 2.030120849609375, -2.7169198989868164, -3.6522765159606934, 18.940364837646484, 5.118439674377441, 1.219611644744873], [3.45823073387146, -6.473791122436523, 2.8719470500946045, -8.125005722045898, 0.41488218307495117, -3.485604763031006, 4.126914024353027, 0.6332630515098572, 0.4963636100292206, 4.347748279571533, 2.668701171875, 4.898523807525635, 2.5786659717559814, 1.4023799896240234, -3.6109061241149902, -2.621974468231201, 3.4683289527893066, -0.30995261669158936, 5.118439674377441, 15.863162994384766, 0.6500063538551331], [-8.709859848022461, 2.4818270206451416, -1.944191575050354, 0.8104833364486694, 6.50278377532959, 1.1944115161895752, 0.35805726051330566, 3.472940444946289, -8.22108268737793, 1.379791021347046, 1.2660996913909912, 3.5620827674865723, -3.605050563812256, 5.263321876525879, -3.6632518768310547, 6.473435401916504, 4.771507263183594, 4.970118045806885, 1.2196111679077148, 0.6500062942504883, 24.792438507080078]], "type": "heatmap"}], "layout": {"template": {"data": {"histogram2dcontour": [{"type": "histogram2dcontour", "colorbar": {"outlinewidth": 0, "ticks": ""}, "colorscale": [[0.0, "#0d0887"], [0.1111111111111111, "#46039f"], [0.2222222222222222, "#7201a8"], [0.3333333333333333, "#9c179e"], [0.4444444444444444, "#bd3786"], [0.5555555555555556, "#d8576b"], [0.6666666666666666, "#ed7953"], [0.7777777777777778, "#fb9f3a"], [0.8888888888888888, "#fdca26"], [1.0, "#f0f921"]]}], "choropleth": [{"type": "choropleth", "colorbar": {"outlinewidth": 0, "ticks": ""}}], "histogram2d": [{"type": "histogram2d", "colorbar": {"outlinewidth": 0, "ticks": ""}, "colorscale": [[0.0, "#0d0887"], [0.1111111111111111, "#46039f"], [0.2222222222222222, "#7201a8"], [0.3333333333333333, "#9c179e"], [0.4444444444444444, "#bd3786"], [0.5555555555555556, "#d8576b"], [0.6666666666666666, "#ed7953"], [0.7777777777777778, "#fb9f3a"], [0.8888888888888888, "#fdca26"], [1.0, "#f0f921"]]}], "heatmap": [{"type": "heatmap", "colorbar": {"outlinewidth": 0, "ticks": ""}, "colorscale": [[0.0, "#0d0887"], [0.1111111111111111, "#46039f"], [0.2222222222222222, "#7201a8"], [0.3333333333333333, "#9c179e"], [0.4444444444444444, "#bd3786"], [0.5555555555555556, "#d8576b"], [0.6666666666666666, "#ed7953"], [0.7777777777777778, "#fb9f3a"], [0.8888888888888888, "#fdca26"], [1.0, "#f0f921"]]}], "heatmapgl": [{"type": "heatmapgl", "colorbar": {"outlinewidth": 0, "ticks": ""}, "colorscale": [[0.0, "#0d0887"], [0.1111111111111111, "#46039f"], [0.2222222222222222, "#7201a8"], [0.3333333333333333, "#9c179e"], [0.4444444444444444, "#bd3786"], [0.5555555555555556, "#d8576b"], [0.6666666666666666, "#ed7953"], [0.7777777777777778, "#fb9f3a"], [0.8888888888888888, "#fdca26"], [1.0, "#f0f921"]]}], "contourcarpet": [{"type": "contourcarpet", "colorbar": {"outlinewidth": 0, "ticks": ""}}], "contour": [{"type": "contour", "colorbar": {"outlinewidth": 0, "ticks": ""}, "colorscale": [[0.0, "#0d0887"], [0.1111111111111111, "#46039f"], [0.2222222222222222, "#7201a8"], [0.3333333333333333, "#9c179e"], [0.4444444444444444, "#bd3786"], [0.5555555555555556, "#d8576b"], [0.6666666666666666, "#ed7953"], [0.7777777777777778, "#fb9f3a"], [0.8888888888888888, "#fdca26"], [1.0, "#f0f921"]]}], "surface": [{"type": "surface", "colorbar": {"outlinewidth": 0, "ticks": ""}, "colorscale": [[0.0, "#0d0887"], [0.1111111111111111, "#46039f"], [0.2222222222222222, "#7201a8"], [0.3333333333333333, "#9c179e"], [0.4444444444444444, "#bd3786"], [0.5555555555555556, "#d8576b"], [0.6666666666666666, "#ed7953"], [0.7777777777777778, "#fb9f3a"], [0.8888888888888888, "#fdca26"], [1.0, "#f0f921"]]}], "mesh3d": [{"type": "mesh3d", "colorbar": {"outlinewidth": 0, "ticks": ""}}], "scatter": [{"fillpattern": {"fillmode": "overlay", "size": 10, "solidity": 0.2}, "type": "scatter"}], "parcoords": [{"type": "parcoords", "line": {"colorbar": {"outlinewidth": 0, "ticks": ""}}}], "scatterpolargl": [{"type": "scatterpolargl", "marker": {"colorbar": {"outlinewidth": 0, "ticks": ""}}}], "bar": [{"error_x": {"color": "#2a3f5f"}, "error_y": {"color": "#2a3f5f"}, "marker": {"line": {"color": "#E5ECF6", "width": 0.5}, "pattern": {"fillmode": "overlay", "size": 10, "solidity": 0.2}}, "type": "bar"}], "scattergeo": [{"type": "scattergeo", "marker": {"colorbar": {"outlinewidth": 0, "ticks": ""}}}], "scatterpolar": [{"type": "scatterpolar", "marker": {"colorbar": {"outlinewidth": 0, "ticks": ""}}}], "histogram": [{"marker": {"pattern": {"fillmode": "overlay", "size": 10, "solidity": 0.2}}, "type": "histogram"}], "scattergl": [{"type": "scattergl", "marker": {"colorbar": {"outlinewidth": 0, "ticks": ""}}}], "scatter3d": [{"type": "scatter3d", "line": {"colorbar": {"outlinewidth": 0, "ticks": ""}}, "marker": {"colorbar": {"outlinewidth": 0, "ticks": ""}}}], "scattermapbox": [{"type": "scattermapbox", "marker": {"colorbar": {"outlinewidth": 0, "ticks": ""}}}], "scatterternary": [{"type": "scatterternary", "marker": {"colorbar": {"outlinewidth": 0, "ticks": ""}}}], "scattercarpet": [{"type": "scattercarpet", "marker": {"colorbar": {"outlinewidth": 0, "ticks": ""}}}], "carpet": [{"aaxis": {"endlinecolor": "#2a3f5f", "gridcolor": "white", "linecolor": "white", "minorgridcolor": "white", "startlinecolor": "#2a3f5f"}, "baxis": {"endlinecolor": "#2a3f5f", "gridcolor": "white", "linecolor": "white", "minorgridcolor": "white", "startlinecolor": "#2a3f5f"}, "type": "carpet"}], "table": [{"cells": {"fill": {"color": "#EBF0F8"}, "line": {"color": "white"}}, "header": {"fill": {"color": "#C8D4E3"}, "line": {"color": "white"}}, "type": "table"}], "barpolar": [{"marker": {"line": {"color": "#E5ECF6", "width": 0.5}, "pattern": {"fillmode": "overlay", "size": 10, "solidity": 0.2}}, "type": "barpolar"}], "pie": [{"automargin": true, "type": "pie"}]}, "layout": {"autotypenumbers": "strict", "colorway": ["#636efa", "#EF553B", "#00cc96", "#ab63fa", "#FFA15A", "#19d3f3", "#FF6692", "#B6E880", "#FF97FF", "#FECB52"], "font": {"color": "#2a3f5f"}, "hovermode": "closest", "hoverlabel": {"align": "left"}, "paper_bgcolor": "white", "plot_bgcolor": "#E5ECF6", "polar": {"bgcolor": "#E5ECF6", "angularaxis": {"gridcolor": "white", "linecolor": "white", "ticks": ""}, "radialaxis": {"gridcolor": "white", "linecolor": "white", "ticks": ""}}, "ternary": {"bgcolor": "#E5ECF6", "aaxis": {"gridcolor": "white", "linecolor": "white", "ticks": ""}, "baxis": {"gridcolor": "white", "linecolor": "white", "ticks": ""}, "caxis": {"gridcolor": "white", "linecolor": "white", "ticks": ""}}, "coloraxis": {"colorbar": {"outlinewidth": 0, "ticks": ""}}, "colorscale": {"sequential": [[0.0, "#0d0887"], [0.1111111111111111, "#46039f"], [0.2222222222222222, "#7201a8"], [0.3333333333333333, "#9c179e"], [0.4444444444444444, "#bd3786"], [0.5555555555555556, "#d8576b"], [0.6666666666666666, "#ed7953"], [0.7777777777777778, "#fb9f3a"], [0.8888888888888888, "#fdca26"], [1.0, "#f0f921"]], "sequentialminus": [[0.0, "#0d0887"], [0.1111111111111111, "#46039f"], [0.2222222222222222, "#7201a8"], [0.3333333333333333, "#9c179e"], [0.4444444444444444, "#bd3786"], [0.5555555555555556, "#d8576b"], [0.6666666666666666, "#ed7953"], [0.7777777777777778, "#fb9f3a"], [0.8888888888888888, "#fdca26"], [1.0, "#f0f921"]], "diverging": [[0, "#8e0152"], [0.1, "#c51b7d"], [0.2, "#de77ae"], [0.3, "#f1b6da"], [0.4, "#fde0ef"], [0.5, "#f7f7f7"], [0.6, "#e6f5d0"], [0.7, "#b8e186"], [0.8, "#7fbc41"], [0.9, "#4d9221"], [1, "#276419"]]}, "xaxis": {"gridcolor": "white", "linecolor": "white", "ticks": "", "title": {"standoff": 15}, "zerolinecolor": "white", "automargin": true, "zerolinewidth": 2}, "yaxis": {"gridcolor": "white", "linecolor": "white", "ticks": "", "title": {"standoff": 15}, "zerolinecolor": "white", "automargin": true, "zerolinewidth": 2}, "scene": {"xaxis": {"backgroundcolor": "#E5ECF6", "gridcolor": "white", "linecolor": "white", "showbackground": true, "ticks": "", "zerolinecolor": "white", "gridwidth": 2}, "yaxis": {"backgroundcolor": "#E5ECF6", "gridcolor": "white", "linecolor": "white", "showbackground": true, "ticks": "", "zerolinecolor": "white", "gridwidth": 2}, "zaxis": {"backgroundcolor": "#E5ECF6", "gridcolor": "white", "linecolor": "white", "showbackground": true, "ticks": "", "zerolinecolor": "white", "gridwidth": 2}}, "shapedefaults": {"line": {"color": "#2a3f5f"}}, "annotationdefaults": {"arrowcolor": "#2a3f5f", "arrowhead": 0, "arrowwidth": 1}, "geo": {"bgcolor": "white", "landcolor": "#E5ECF6", "subunitcolor": "white", "showland": true, "showlakes": true, "lakecolor": "white"}, "title": {"x": 0.05}, "mapbox": {"style": "light"}}}}}