{"data": [{"z": [[27.044811248779297, -3.1527485847473145, 3.0489823818206787, -3.240936279296875, -4.552690029144287, -0.7640138864517212, 2.790011167526245, -3.5625662803649902, 4.78062105178833, -3.327958583831787, 2.4845833778381348, -3.545900821685791, -1.058383584022522, -7.74485969543457, -0.9357746839523315, -3.8839669227600098, 4.382064342498779, 2.924875497817993, 2.4299697875976562, 3.4436838626861572, -8.679548263549805], [-3.1527485847473145, 33.95878982543945, -4.45745325088501, -4.833510398864746, -0.9061492085456848, -8.894335746765137, -6.761526107788086, -3.076472282409668, 7.404962539672852, -6.0989670753479, 0.204691544175148, -3.435002326965332, 1.925743579864502, 5.172057151794434, -0.8334655165672302, 0.8819281458854675, -0.688955545425415, -5.155095100402832, 4.799793243408203, -6.471584796905518, 2.4915127754211426], [3.0489823818206787, -4.45745325088501, 10.528898239135742, -3.0981223583221436, -2.0222017765045166, 2.107762575149536, -0.013248395174741745, -0.1189899742603302, 3.9854633808135986, -0.877894401550293, -0.31557396054267883, 4.513648986816406, 1.253525972366333, 0.26872071623802185, -1.775054931640625, 0.514154851436615, -1.3664296865463257, 5.517366409301758, -2.49200439453125, 2.904813289642334, -1.9151310920715332], [-3.240936279296875, -4.833510398864746, -3.0981223583221436, 31.51305389404297, 2.4547410011291504, 5.49809455871582, 1.2862008810043335, 6.547619819641113, -7.854633331298828, -1.9504213333129883, -2.7101712226867676, -3.5856330394744873, 2.686190605163574, 7.127292156219482, 3.1164703369140625, 8.102086067199707, 0.31003135442733765, -1.2352759838104248, -2.594391107559204, -8.070352554321289, 0.8758830428123474], [-4.552690029144287, -0.9061492085456848, -2.0222017765045166, 2.4547410011291504, 23.437021255493164, 0.24078184366226196, -4.897554397583008, -2.5528080463409424, -0.4887263774871826, 5.2223405838012695, 0.6645603775978088, 1.8184343576431274, -0.41899073123931885, 2.856776475906372, -4.43499755859375, 2.0863540172576904, 6.763679504394531, 3.5079855918884277, 1.1492481231689453, 0.42233169078826904, 6.477171421051025], [-0.7640138864517212, -8.894335746765137, 2.107762575149536, 5.49809455871582, 0.24078184366226196, 19.900035858154297, 6.121575832366943, -2.1125645637512207, 2.5318305492401123, 2.6772892475128174, -1.6983689069747925, 2.384553909301758, -0.3957350552082062, 0.15856574475765228, -4.948090076446533, 2.628657817840576, -6.043526649475098, 6.415396690368652, -6.675182342529297, -3.356372833251953, 1.1420120000839233], [2.790011167526245, -6.761526107788086, -0.013248395174741745, 1.2862008810043335, -4.897554397583008, 6.121575832366943, 22.131301879882812, 8.439530372619629, -4.2420501708984375, -2.6370809078216553, 5.129194736480713, 2.412348985671997, 3.0622944831848145, -0.1512635052204132, -11.309346199035645, 0.18193648755550385, -9.15733528137207, 2.9013257026672363, -0.35580581426620483, 4.092471122741699, 0.32129308581352234], [-3.5625662803649902, -3.076472282409668, -0.1189899742603302, 6.547619819641113, -2.5528080463409424, -2.1125645637512207, 8.439530372619629, 23.862747192382812, -3.2892565727233887, 4.284552097320557, 3.121396780014038, -3.1306896209716797, 6.289975643157959, -1.602829933166504, 1.7866241931915283, 1.6141782999038696, -0.8264964818954468, 0.9772588014602661, -1.545628309249878, 0.7236284017562866, 3.4843528270721436], [4.78062105178833, 7.404962539672852, 3.9854633808135986, -7.854633331298828, -0.4887263774871826, 2.5318305492401123, -4.2420501708984375, -3.2892565727233887, 28.20895767211914, 9.545021057128906, 4.334393501281738, 0.7450785040855408, 2.308152675628662, -0.5426545739173889, -0.6266862154006958, -0.15592919290065765, 1.8519625663757324, 0.550147533416748, -8.806747436523438, 0.4883732795715332, -8.184931755065918], [-3.327958583831787, -6.0989670753479, -0.877894401550293, -1.9504213333129883, 5.2223405838012695, 2.6772892475128174, -2.6370809078216553, 4.284552097320557, 9.545021057128906, 24.092557907104492, 0.5684764385223389, -3.3886804580688477, 4.106815338134766, -3.101940631866455, 3.1757631301879883, -1.378879189491272, 5.964516639709473, 5.763356685638428, -1.82620370388031, 4.390549659729004, 1.411217451095581], [2.4845833778381348, 0.204691544175148, -0.31557396054267883, -2.7101712226867676, 0.6645603775978088, -1.6983689069747925, 5.129194736480713, 3.121396780014038, 4.334393501281738, 0.5684764385223389, 18.922365188598633, 4.316832065582275, 1.573887586593628, -5.875579833984375, -5.716760158538818, -2.0499565601348877, -1.6373298168182373, 3.6648826599121094, -0.25404953956604004, 2.653801918029785, 1.2465007305145264], [-3.545900821685791, -3.435002326965332, 4.513648986816406, -3.5856330394744873, 1.8184343576431274, 2.384553909301758, 2.412348985671997, -3.1306896209716797, 0.7450785040855408, -3.3886804580688477, 4.316832065582275, 14.631993293762207, 0.2865287959575653, 6.766636371612549, -5.222029209136963, 1.1925115585327148, 2.283947467803955, 1.3824551105499268, -3.161943197250366, 4.801211357116699, 3.5595855712890625], [-1.058383584022522, 1.925743579864502, 1.253525972366333, 2.686190605163574, -0.41899073123931885, -0.3957350552082062, 3.0622944831848145, 6.289975643157959, 2.308152675628662, 4.106815338134766, 1.573887586593628, 0.2865287959575653, 15.056548118591309, -0.7212280631065369, 3.257584810256958, -0.6499258279800415, -3.000868558883667, -5.004246711730957, 0.9529663324356079, 2.5567421913146973, -3.5487120151519775], [-7.74485969543457, 5.172057151794434, 0.26872071623802185, 7.127292156219482, 2.856776475906372, 0.15856574475765228, -0.1512635052204132, -1.602829933166504, -0.5426545739173889, -3.101940631866455, -5.875579833984375, 6.766636371612549, -0.7212280631065369, 23.10715103149414, -6.140262603759766, 2.397191286087036, 4.837804794311523, -2.206666946411133, -2.9660043716430664, 1.3883507251739502, 5.229121208190918], [-0.9357746839523315, -0.8334655165672302, -1.775054931640625, 3.1164703369140625, -4.43499755859375, -4.948090076446533, -11.309346199035645, 1.7866241931915283, -0.6266862154006958, 3.1757631301879883, -5.716760158538818, -5.222029209136963, 3.257584810256958, -6.140262603759766, 35.7752685546875, -5.75600528717041, 4.003301620483398, -5.1765360832214355, -6.995831489562988, -3.5820021629333496, -3.6953933238983154], [-3.8839669227600098, 0.8819281458854675, 0.514154851436615, 8.102086067199707, 2.0863540172576904, 2.628657817840576, 0.18193648755550385, 1.6141782999038696, -0.15592919290065765, -1.378879189491272, -2.0499565601348877, 1.1925115585327148, -0.6499258279800415, 2.397191286087036, -5.75600528717041, 14.990752220153809, -1.3018913269042969, 0.7863150835037231, 2.0152432918548584, -2.5490760803222656, 6.402217864990234], [4.382063865661621, -0.6889559626579285, -1.3664294481277466, 0.31003227829933167, 6.7636799812316895, -6.043527126312256, -9.157333374023438, -0.826496422290802, 1.8519620895385742, 5.964515686035156, -1.637329339981079, 2.2839479446411133, -3.000868797302246, 4.837804794311523, 4.003301620483398, -1.3018912076950073, 36.534332275390625, 0.1705024242401123, -2.646786689758301, 3.458970546722412, 4.771539688110352], [2.9248762130737305, -5.155094623565674, 5.517366409301758, -1.2352758646011353, 3.507986307144165, 6.415397644042969, 2.90132474899292, 0.9772589206695557, 0.5501469373703003, 5.763356685638428, 3.6648826599121094, 1.3824563026428223, -5.004246711730957, -2.2066667079925537, -5.1765360832214355, 0.7863151431083679, 0.1705024242401123, 26.621601104736328, -3.628775119781494, -0.3166131377220154, 4.981484889984131], [2.429969549179077, 4.799793243408203, -2.492004156112671, -2.594390869140625, 1.149247646331787, -6.675182819366455, -0.355805903673172, -1.545628309249878, -8.806748390197754, -1.82620370388031, -0.2540491819381714, -3.161942958831787, 0.9529663324356079, -2.9660046100616455, -6.995831489562988, 2.0152430534362793, -2.646786689758301, -3.628775119781494, 18.838842391967773, 5.08644962310791, 1.1555914878845215], [3.443683385848999, -6.471585273742676, 2.904813766479492, -8.070351600646973, 0.42233216762542725, -3.3563730716705322, 4.092471122741699, 0.7236284017562866, 0.48837339878082275, 4.390549659729004, 2.653801918029785, 4.801210880279541, 2.5567424297332764, 1.3883507251739502, -3.5820016860961914, -2.5490760803222656, 3.458970546722412, -0.3166131377220154, 5.08644962310791, 15.68542194366455, 0.6472707390785217], [-8.679548263549805, 2.4915127754211426, -1.9151312112808228, 0.8758825063705444, 6.477171897888184, 1.1420118808746338, 0.3212931156158447, 3.484353542327881, -8.184932708740234, 1.411217451095581, 1.2465004920959473, 3.5595855712890625, -3.5487120151519775, 5.229121208190918, -3.6953938007354736, 6.402217388153076, 4.771539211273193, 4.981485366821289, 1.1555917263031006, 0.6472707390785217, 24.792438507080078]], "type": "heatmap"}], "layout": {"template": {"data": {"histogram2dcontour": [{"type": "histogram2dcontour", "colorbar": {"outlinewidth": 0, "ticks": ""}, "colorscale": [[0.0, "#0d0887"], [0.1111111111111111, "#46039f"], [0.2222222222222222, "#7201a8"], [0.3333333333333333, "#9c179e"], [0.4444444444444444, "#bd3786"], [0.5555555555555556, "#d8576b"], [0.6666666666666666, "#ed7953"], [0.7777777777777778, "#fb9f3a"], [0.8888888888888888, "#fdca26"], [1.0, "#f0f921"]]}], "choropleth": [{"type": "choropleth", "colorbar": {"outlinewidth": 0, "ticks": ""}}], "histogram2d": [{"type": "histogram2d", "colorbar": {"outlinewidth": 0, "ticks": ""}, "colorscale": [[0.0, "#0d0887"], [0.1111111111111111, "#46039f"], [0.2222222222222222, "#7201a8"], [0.3333333333333333, "#9c179e"], [0.4444444444444444, "#bd3786"], [0.5555555555555556, "#d8576b"], [0.6666666666666666, "#ed7953"], [0.7777777777777778, "#fb9f3a"], [0.8888888888888888, "#fdca26"], [1.0, "#f0f921"]]}], "heatmap": [{"type": "heatmap", "colorbar": {"outlinewidth": 0, "ticks": ""}, "colorscale": [[0.0, "#0d0887"], [0.1111111111111111, "#46039f"], [0.2222222222222222, "#7201a8"], [0.3333333333333333, "#9c179e"], [0.4444444444444444, "#bd3786"], [0.5555555555555556, "#d8576b"], [0.6666666666666666, "#ed7953"], [0.7777777777777778, "#fb9f3a"], [0.8888888888888888, "#fdca26"], [1.0, "#f0f921"]]}], "heatmapgl": [{"type": "heatmapgl", "colorbar": {"outlinewidth": 0, "ticks": ""}, "colorscale": [[0.0, "#0d0887"], [0.1111111111111111, "#46039f"], [0.2222222222222222, "#7201a8"], [0.3333333333333333, "#9c179e"], [0.4444444444444444, "#bd3786"], [0.5555555555555556, "#d8576b"], [0.6666666666666666, "#ed7953"], [0.7777777777777778, "#fb9f3a"], [0.8888888888888888, "#fdca26"], [1.0, "#f0f921"]]}], "contourcarpet": [{"type": "contourcarpet", "colorbar": {"outlinewidth": 0, "ticks": ""}}], "contour": [{"type": "contour", "colorbar": {"outlinewidth": 0, "ticks": ""}, "colorscale": [[0.0, "#0d0887"], [0.1111111111111111, "#46039f"], [0.2222222222222222, "#7201a8"], [0.3333333333333333, "#9c179e"], [0.4444444444444444, "#bd3786"], [0.5555555555555556, "#d8576b"], [0.6666666666666666, "#ed7953"], [0.7777777777777778, "#fb9f3a"], [0.8888888888888888, "#fdca26"], [1.0, "#f0f921"]]}], "surface": [{"type": "surface", "colorbar": {"outlinewidth": 0, "ticks": ""}, "colorscale": [[0.0, "#0d0887"], [0.1111111111111111, "#46039f"], [0.2222222222222222, "#7201a8"], [0.3333333333333333, "#9c179e"], [0.4444444444444444, "#bd3786"], [0.5555555555555556, "#d8576b"], [0.6666666666666666, "#ed7953"], [0.7777777777777778, "#fb9f3a"], [0.8888888888888888, "#fdca26"], [1.0, "#f0f921"]]}], "mesh3d": [{"type": "mesh3d", "colorbar": {"outlinewidth": 0, "ticks": ""}}], "scatter": [{"fillpattern": {"fillmode": "overlay", "size": 10, "solidity": 0.2}, "type": "scatter"}], "parcoords": [{"type": "parcoords", "line": {"colorbar": {"outlinewidth": 0, "ticks": ""}}}], "scatterpolargl": [{"type": "scatterpolargl", "marker": {"colorbar": {"outlinewidth": 0, "ticks": ""}}}], "bar": [{"error_x": {"color": "#2a3f5f"}, "error_y": {"color": "#2a3f5f"}, "marker": {"line": {"color": "#E5ECF6", "width": 0.5}, "pattern": {"fillmode": "overlay", "size": 10, "solidity": 0.2}}, "type": "bar"}], "scattergeo": [{"type": "scattergeo", "marker": {"colorbar": {"outlinewidth": 0, "ticks": ""}}}], "scatterpolar": [{"type": "scatterpolar", "marker": {"colorbar": {"outlinewidth": 0, "ticks": ""}}}], "histogram": [{"marker": {"pattern": {"fillmode": "overlay", "size": 10, "solidity": 0.2}}, "type": "histogram"}], "scattergl": [{"type": "scattergl", "marker": {"colorbar": {"outlinewidth": 0, "ticks": ""}}}], "scatter3d": [{"type": "scatter3d", "line": {"colorbar": {"outlinewidth": 0, "ticks": ""}}, "marker": {"colorbar": {"outlinewidth": 0, "ticks": ""}}}], "scattermapbox": [{"type": "scattermapbox", "marker": {"colorbar": {"outlinewidth": 0, "ticks": ""}}}], "scatterternary": [{"type": "scatterternary", "marker": {"colorbar": {"outlinewidth": 0, "ticks": ""}}}], "scattercarpet": [{"type": "scattercarpet", "marker": {"colorbar": {"outlinewidth": 0, "ticks": ""}}}], "carpet": [{"aaxis": {"endlinecolor": "#2a3f5f", "gridcolor": "white", "linecolor": "white", "minorgridcolor": "white", "startlinecolor": "#2a3f5f"}, "baxis": {"endlinecolor": "#2a3f5f", "gridcolor": "white", "linecolor": "white", "minorgridcolor": "white", "startlinecolor": "#2a3f5f"}, "type": "carpet"}], "table": [{"cells": {"fill": {"color": "#EBF0F8"}, "line": {"color": "white"}}, "header": {"fill": {"color": "#C8D4E3"}, "line": {"color": "white"}}, "type": "table"}], "barpolar": [{"marker": {"line": {"color": "#E5ECF6", "width": 0.5}, "pattern": {"fillmode": "overlay", "size": 10, "solidity": 0.2}}, "type": "barpolar"}], "pie": [{"automargin": true, "type": "pie"}]}, "layout": {"autotypenumbers": "strict", "colorway": ["#636efa", "#EF553B", "#00cc96", "#ab63fa", "#FFA15A", "#19d3f3", "#FF6692", "#B6E880", "#FF97FF", "#FECB52"], "font": {"color": "#2a3f5f"}, "hovermode": "closest", "hoverlabel": {"align": "left"}, "paper_bgcolor": "white", "plot_bgcolor": "#E5ECF6", "polar": {"bgcolor": "#E5ECF6", "angularaxis": {"gridcolor": "white", "linecolor": "white", "ticks": ""}, "radialaxis": {"gridcolor": "white", "linecolor": "white", "ticks": ""}}, "ternary": {"bgcolor": "#E5ECF6", "aaxis": {"gridcolor": "white", "linecolor": "white", "ticks": ""}, "baxis": {"gridcolor": "white", "linecolor": "white", "ticks": ""}, "caxis": {"gridcolor": "white", "linecolor": "white", "ticks": ""}}, "coloraxis": {"colorbar": {"outlinewidth": 0, "ticks": ""}}, "colorscale": {"sequential": [[0.0, "#0d0887"], [0.1111111111111111, "#46039f"], [0.2222222222222222, "#7201a8"], [0.3333333333333333, "#9c179e"], [0.4444444444444444, "#bd3786"], [0.5555555555555556, "#d8576b"], [0.6666666666666666, "#ed7953"], [0.7777777777777778, "#fb9f3a"], [0.8888888888888888, "#fdca26"], [1.0, "#f0f921"]], "sequentialminus": [[0.0, "#0d0887"], [0.1111111111111111, "#46039f"], [0.2222222222222222, "#7201a8"], [0.3333333333333333, "#9c179e"], [0.4444444444444444, "#bd3786"], [0.5555555555555556, "#d8576b"], [0.6666666666666666, "#ed7953"], [0.7777777777777778, "#fb9f3a"], [0.8888888888888888, "#fdca26"], [1.0, "#f0f921"]], "diverging": [[0, "#8e0152"], [0.1, "#c51b7d"], [0.2, "#de77ae"], [0.3, "#f1b6da"], [0.4, "#fde0ef"], [0.5, "#f7f7f7"], [0.6, "#e6f5d0"], [0.7, "#b8e186"], [0.8, "#7fbc41"], [0.9, "#4d9221"], [1, "#276419"]]}, "xaxis": {"gridcolor": "white", "linecolor": "white", "ticks": "", "title": {"standoff": 15}, "zerolinecolor": "white", "automargin": true, "zerolinewidth": 2}, "yaxis": {"gridcolor": "white", "linecolor": "white", "ticks": "", "title": {"standoff": 15}, "zerolinecolor": "white", "automargin": true, "zerolinewidth": 2}, "scene": {"xaxis": {"backgroundcolor": "#E5ECF6", "gridcolor": "white", "linecolor": "white", "showbackground": true, "ticks": "", "zerolinecolor": "white", "gridwidth": 2}, "yaxis": {"backgroundcolor": "#E5ECF6", "gridcolor": "white", "linecolor": "white", "showbackground": true, "ticks": "", "zerolinecolor": "white", "gridwidth": 2}, "zaxis": {"backgroundcolor": "#E5ECF6", "gridcolor": "white", "linecolor": "white", "showbackground": true, "ticks": "", "zerolinecolor": "white", "gridwidth": 2}}, "shapedefaults": {"line": {"color": "#2a3f5f"}}, "annotationdefaults": {"arrowcolor": "#2a3f5f", "arrowhead": 0, "arrowwidth": 1}, "geo": {"bgcolor": "white", "landcolor": "#E5ECF6", "subunitcolor": "white", "showland": true, "showlakes": true, "lakecolor": "white"}, "title": {"x": 0.05}, "mapbox": {"style": "light"}}}}}