{"data": [{"z": [[26.9843692779541, -3.144125461578369, 3.047722101211548, -3.224543333053589, -4.543601036071777, -0.7366630434989929, 2.802328586578369, -3.531996250152588, 4.792234897613525, -3.3056137561798096, 2.4957191944122314, -3.530747175216675, -1.0442991256713867, -7.709574222564697, -0.9335532784461975, -3.8498644828796387, 4.37483024597168, 2.9174506664276123, 2.435178518295288, 3.4444994926452637, -8.661935806274414], [-3.144125461578369, 33.86797332763672, -4.45267391204834, -4.822159290313721, -0.8939400911331177, -8.870361328125, -6.74307107925415, -3.0551962852478027, 7.408247947692871, -6.0717034339904785, 0.2220054268836975, -3.4318699836730957, 1.9323453903198242, 5.169824123382568, -0.8467977046966553, 0.8821213245391846, -0.6632452011108398, -5.151823043823242, 4.789483070373535, -6.456958770751953, 2.4955272674560547], [3.047722101211548, -4.45267391204834, 10.511174201965332, -3.0810482501983643, -2.001380205154419, 2.1236517429351807, 0.0014608459314331412, -0.10836684703826904, 3.9827146530151367, -0.8641531467437744, -0.2922237813472748, 4.524954795837402, 1.2564506530761719, 0.28554368019104004, -1.7431812286376953, 0.5279547572135925, -1.3469154834747314, 5.512739181518555, -2.4779086112976074, 2.9202847480773926, -1.910440444946289], [-3.224543333053589, -4.822159290313721, -3.0810482501983643, 31.432344436645508, 2.476828098297119, 5.525195598602295, 1.2827494144439697, 6.53081750869751, -7.855517864227295, -1.959780216217041, -2.6868820190429688, -3.5604872703552246, 2.645829677581787, 7.145003795623779, 3.136016845703125, 8.109624862670898, 0.31007200479507446, -1.2366483211517334, -2.5607569217681885, -8.043102264404297, 0.9073280692100525], [-4.543601036071777, -0.8939400911331177, -2.001380205154419, 2.476828098297119, 23.385290145874023, 0.26102739572525024, -4.87753438949585, -2.5149831771850586, -0.4761006534099579, 5.230562210083008, 0.68521648645401, 1.822898030281067, -0.40940144658088684, 2.8665218353271484, -4.412807464599609, 2.0918610095977783, 6.760158538818359, 3.5145301818847656, 1.1509486436843872, 0.4296587109565735, 6.475659370422363], [-0.7366630434989929, -8.870361328125, 2.1236517429351807, 5.525195598602295, 0.26102739572525024, 19.85693359375, 6.130000114440918, -2.0828187465667725, 2.5637385845184326, 2.6950600147247314, -1.6821353435516357, 2.4336211681365967, -0.3587654232978821, 0.19039933383464813, -4.922702789306641, 2.642709970474243, -5.991000652313232, 6.4394755363464355, -6.663136959075928, -3.3047523498535156, 1.129340648651123], [2.802328586578369, -6.74307107925415, 0.0014608459314331412, 1.2827494144439697, -4.87753438949585, 6.130000114440918, 22.056413650512695, 8.427358627319336, -4.21547269821167, -2.6347203254699707, 5.11924934387207, 2.4280052185058594, 3.06558895111084, -0.14482325315475464, -11.283438682556152, 0.18613800406455994, -9.110189437866211, 2.9035804271698, -0.3508257269859314, 4.09082555770874, 0.3177163898944855], [-3.531996250152588, -3.0551962852478027, -0.10836684703826904, 6.53081750869751, -2.5149831771850586, -2.0828187465667725, 8.427358627319336, 23.80258560180664, -3.2722954750061035, 4.2828898429870605, 3.1377053260803223, -3.079357147216797, 6.2874627113342285, -1.5895518064498901, 1.805442214012146, 1.6385316848754883, -0.8067502379417419, 1.0024906396865845, -1.529841423034668, 0.765498161315918, 3.4971349239349365], [4.792234897613525, 7.408247947692871, 3.9827146530151367, -7.855517864227295, -0.4761006534099579, 2.5637385845184326, -4.21547269821167, -3.2722954750061035, 28.156091690063477, 9.523208618164062, 4.338358402252197, 0.7563192844390869, 2.30924654006958, -0.5398926734924316, -0.5962944626808167, -0.1276417225599289, 1.8419528007507324, 0.5565295219421387, -8.776710510253906, 0.5026819705963135, -8.158257484436035], [-3.3056137561798096, -6.0717034339904785, -0.8641531467437744, -1.959780216217041, 5.230562210083008, 2.6950600147247314, -2.6347203254699707, 4.2828898429870605, 9.523208618164062, 24.044178009033203, 0.5796219706535339, -3.355161666870117, 4.095462322235107, -3.0938174724578857, 3.202493667602539, -1.355399250984192, 5.961040019989014, 5.763803005218506, -1.813644528388977, 4.407225608825684, 1.4208033084869385], [2.4957191944122314, 0.2220054268836975, -0.2922237813472748, -2.6868820190429688, 0.68521648645401, -1.6821353435516357, 5.11924934387207, 3.1377053260803223, 4.338358402252197, 0.5796219706535339, 18.871362686157227, 4.328976154327393, 1.5837851762771606, -5.8547539710998535, -5.694174289703369, -2.0166547298431396, -1.6042208671569824, 3.676730155944824, -0.25418853759765625, 2.6605193614959717, 1.2366628646850586], [-3.530747175216675, -3.4318699836730957, 4.524954795837402, -3.5604872703552246, 1.822898030281067, 2.4336211681365967, 2.4280052185058594, -3.079357147216797, 0.7563192844390869, -3.355161666870117, 4.328976154327393, 14.578264236450195, 0.29872003197669983, 6.7686638832092285, -5.215169429779053, 1.225698709487915, 2.2949085235595703, 1.4003269672393799, -3.1377971172332764, 4.786048412322998, 3.5724570751190186], [-1.0442991256713867, 1.9323453903198242, 1.2564506530761719, 2.645829677581787, -0.40940144658088684, -0.3587654232978821, 3.06558895111084, 6.2874627113342285, 2.30924654006958, 4.095462322235107, 1.5837851762771606, 0.29872003197669983, 15.000567436218262, -0.6877325773239136, 3.259434938430786, -0.6254603266716003, -2.98809814453125, -4.9890055656433105, 0.9806256294250488, 2.5647356510162354, -3.5184431076049805], [-7.709574222564697, 5.169824123382568, 0.28554368019104004, 7.145003795623779, 2.8665218353271484, 0.19039933383464813, -0.14482325315475464, -1.5895518064498901, -0.5398926734924316, -3.0938174724578857, -5.8547539710998535, 6.7686638832092285, -0.6877325773239136, 23.04247283935547, -6.100087642669678, 2.417947292327881, 4.84770393371582, -2.1943140029907227, -2.966886043548584, 1.404632806777954, 5.222239017486572], [-0.9335532784461975, -0.8467977046966553, -1.7431812286376953, 3.136016845703125, -4.412807464599609, -4.922702789306641, -11.283438682556152, 1.805442214012146, -0.5962944626808167, 3.202493667602539, -5.694174289703369, -5.215169429779053, 3.259434938430786, -6.100087642669678, 35.70200729370117, -5.728353023529053, 4.04126501083374, -5.152190208435059, -6.971331596374512, -3.5691590309143066, -3.6998541355133057], [-3.8498644828796387, 0.8821213245391846, 0.5279547572135925, 8.109624862670898, 2.0918610095977783, 2.642709970474243, 0.18613800406455994, 1.6385316848754883, -0.1276417225599289, -1.355399250984192, -2.0166547298431396, 1.225698709487915, -0.6254603266716003, 2.417947292327881, -5.728353023529053, 14.950647354125977, -1.2639083862304688, 0.8181905746459961, 2.0221385955810547, -2.49967622756958, 6.387878894805908], [4.374830722808838, -0.6632451415061951, -1.3469154834747314, 0.31007224321365356, 6.760159015655518, -5.991001129150391, -9.110188484191895, -0.806750476360321, 1.8419524431228638, 5.961039066314697, -1.6042211055755615, 2.2949087619781494, -2.988097906112671, 4.84770393371582, 4.04126501083374, -1.2639080286026, 36.46569061279297, 0.17113995552062988, -2.614100456237793, 3.477018356323242, 4.779991149902344], [2.9174511432647705, -5.151823043823242, 5.512740612030029, -1.2366482019424438, 3.5145301818847656, 6.439476013183594, 2.9035804271698, 1.002489686012268, 0.5565285086631775, 5.763802528381348, 3.676729202270508, 1.4003273248672485, -4.989006042480469, -2.1943137645721436, -5.1521897315979, 0.8181906938552856, 0.17113995552062988, 26.57958221435547, -3.6137337684631348, -0.3049119710922241, 4.998073577880859], [2.435178279876709, 4.789482593536377, -2.4779086112976074, -2.5607566833496094, 1.1509486436843872, -6.663137912750244, -0.3508257269859314, -1.5298420190811157, -8.776710510253906, -1.8136447668075562, -0.2541884779930115, -3.1377973556518555, 0.9806258082389832, -2.966885566711426, -6.9713311195373535, 2.0221385955810547, -2.614100456237793, -3.6137337684631348, 18.809036254882812, 5.089820861816406, 1.14116370677948], [3.4444994926452637, -6.456958770751953, 2.920285224914551, -8.043102264404297, 0.42965906858444214, -3.3047523498535156, 4.090826034545898, 0.7654982805252075, 0.5026815533638, 4.407225608825684, 2.6605186462402344, 4.786048412322998, 2.5647361278533936, 1.4046329259872437, -3.5691592693328857, -2.49967622756958, 3.477018356323242, -0.3049119710922241, 5.089820861816406, 15.633589744567871, 0.6586604118347168], [-8.661934852600098, 2.4955272674560547, -1.9104406833648682, 0.9073275327682495, 6.475659370422363, 1.129340648651123, 0.3177165985107422, 3.4971346855163574, -8.158255577087402, 1.420803427696228, 1.2366628646850586, 3.5724573135375977, -3.5184431076049805, 5.222239017486572, -3.6998541355133057, 6.387878894805908, 4.779990196228027, 4.998072624206543, 1.1411638259887695, 0.6586604118347168, 24.792438507080078]], "type": "heatmap"}], "layout": {"template": {"data": {"histogram2dcontour": [{"type": "histogram2dcontour", "colorbar": {"outlinewidth": 0, "ticks": ""}, "colorscale": [[0.0, "#0d0887"], [0.1111111111111111, "#46039f"], [0.2222222222222222, "#7201a8"], [0.3333333333333333, "#9c179e"], [0.4444444444444444, "#bd3786"], [0.5555555555555556, "#d8576b"], [0.6666666666666666, "#ed7953"], [0.7777777777777778, "#fb9f3a"], [0.8888888888888888, "#fdca26"], [1.0, "#f0f921"]]}], "choropleth": [{"type": "choropleth", "colorbar": {"outlinewidth": 0, "ticks": ""}}], "histogram2d": [{"type": "histogram2d", "colorbar": {"outlinewidth": 0, "ticks": ""}, "colorscale": [[0.0, "#0d0887"], [0.1111111111111111, "#46039f"], [0.2222222222222222, "#7201a8"], [0.3333333333333333, "#9c179e"], [0.4444444444444444, "#bd3786"], [0.5555555555555556, "#d8576b"], [0.6666666666666666, "#ed7953"], [0.7777777777777778, "#fb9f3a"], [0.8888888888888888, "#fdca26"], [1.0, "#f0f921"]]}], "heatmap": [{"type": "heatmap", "colorbar": {"outlinewidth": 0, "ticks": ""}, "colorscale": [[0.0, "#0d0887"], [0.1111111111111111, "#46039f"], [0.2222222222222222, "#7201a8"], [0.3333333333333333, "#9c179e"], [0.4444444444444444, "#bd3786"], [0.5555555555555556, "#d8576b"], [0.6666666666666666, "#ed7953"], [0.7777777777777778, "#fb9f3a"], [0.8888888888888888, "#fdca26"], [1.0, "#f0f921"]]}], "heatmapgl": [{"type": "heatmapgl", "colorbar": {"outlinewidth": 0, "ticks": ""}, "colorscale": [[0.0, "#0d0887"], [0.1111111111111111, "#46039f"], [0.2222222222222222, "#7201a8"], [0.3333333333333333, "#9c179e"], [0.4444444444444444, "#bd3786"], [0.5555555555555556, "#d8576b"], [0.6666666666666666, "#ed7953"], [0.7777777777777778, "#fb9f3a"], [0.8888888888888888, "#fdca26"], [1.0, "#f0f921"]]}], "contourcarpet": [{"type": "contourcarpet", "colorbar": {"outlinewidth": 0, "ticks": ""}}], "contour": [{"type": "contour", "colorbar": {"outlinewidth": 0, "ticks": ""}, "colorscale": [[0.0, "#0d0887"], [0.1111111111111111, "#46039f"], [0.2222222222222222, "#7201a8"], [0.3333333333333333, "#9c179e"], [0.4444444444444444, "#bd3786"], [0.5555555555555556, "#d8576b"], [0.6666666666666666, "#ed7953"], [0.7777777777777778, "#fb9f3a"], [0.8888888888888888, "#fdca26"], [1.0, "#f0f921"]]}], "surface": [{"type": "surface", "colorbar": {"outlinewidth": 0, "ticks": ""}, "colorscale": [[0.0, "#0d0887"], [0.1111111111111111, "#46039f"], [0.2222222222222222, "#7201a8"], [0.3333333333333333, "#9c179e"], [0.4444444444444444, "#bd3786"], [0.5555555555555556, "#d8576b"], [0.6666666666666666, "#ed7953"], [0.7777777777777778, "#fb9f3a"], [0.8888888888888888, "#fdca26"], [1.0, "#f0f921"]]}], "mesh3d": [{"type": "mesh3d", "colorbar": {"outlinewidth": 0, "ticks": ""}}], "scatter": [{"fillpattern": {"fillmode": "overlay", "size": 10, "solidity": 0.2}, "type": "scatter"}], "parcoords": [{"type": "parcoords", "line": {"colorbar": {"outlinewidth": 0, "ticks": ""}}}], "scatterpolargl": [{"type": "scatterpolargl", "marker": {"colorbar": {"outlinewidth": 0, "ticks": ""}}}], "bar": [{"error_x": {"color": "#2a3f5f"}, "error_y": {"color": "#2a3f5f"}, "marker": {"line": {"color": "#E5ECF6", "width": 0.5}, "pattern": {"fillmode": "overlay", "size": 10, "solidity": 0.2}}, "type": "bar"}], "scattergeo": [{"type": "scattergeo", "marker": {"colorbar": {"outlinewidth": 0, "ticks": ""}}}], "scatterpolar": [{"type": "scatterpolar", "marker": {"colorbar": {"outlinewidth": 0, "ticks": ""}}}], "histogram": [{"marker": {"pattern": {"fillmode": "overlay", "size": 10, "solidity": 0.2}}, "type": "histogram"}], "scattergl": [{"type": "scattergl", "marker": {"colorbar": {"outlinewidth": 0, "ticks": ""}}}], "scatter3d": [{"type": "scatter3d", "line": {"colorbar": {"outlinewidth": 0, "ticks": ""}}, "marker": {"colorbar": {"outlinewidth": 0, "ticks": ""}}}], "scattermapbox": [{"type": "scattermapbox", "marker": {"colorbar": {"outlinewidth": 0, "ticks": ""}}}], "scatterternary": [{"type": "scatterternary", "marker": {"colorbar": {"outlinewidth": 0, "ticks": ""}}}], "scattercarpet": [{"type": "scattercarpet", "marker": {"colorbar": {"outlinewidth": 0, "ticks": ""}}}], "carpet": [{"aaxis": {"endlinecolor": "#2a3f5f", "gridcolor": "white", "linecolor": "white", "minorgridcolor": "white", "startlinecolor": "#2a3f5f"}, "baxis": {"endlinecolor": "#2a3f5f", "gridcolor": "white", "linecolor": "white", "minorgridcolor": "white", "startlinecolor": "#2a3f5f"}, "type": "carpet"}], "table": [{"cells": {"fill": {"color": "#EBF0F8"}, "line": {"color": "white"}}, "header": {"fill": {"color": "#C8D4E3"}, "line": {"color": "white"}}, "type": "table"}], "barpolar": [{"marker": {"line": {"color": "#E5ECF6", "width": 0.5}, "pattern": {"fillmode": "overlay", "size": 10, "solidity": 0.2}}, "type": "barpolar"}], "pie": [{"automargin": true, "type": "pie"}]}, "layout": {"autotypenumbers": "strict", "colorway": ["#636efa", "#EF553B", "#00cc96", "#ab63fa", "#FFA15A", "#19d3f3", "#FF6692", "#B6E880", "#FF97FF", "#FECB52"], "font": {"color": "#2a3f5f"}, "hovermode": "closest", "hoverlabel": {"align": "left"}, "paper_bgcolor": "white", "plot_bgcolor": "#E5ECF6", "polar": {"bgcolor": "#E5ECF6", "angularaxis": {"gridcolor": "white", "linecolor": "white", "ticks": ""}, "radialaxis": {"gridcolor": "white", "linecolor": "white", "ticks": ""}}, "ternary": {"bgcolor": "#E5ECF6", "aaxis": {"gridcolor": "white", "linecolor": "white", "ticks": ""}, "baxis": {"gridcolor": "white", "linecolor": "white", "ticks": ""}, "caxis": {"gridcolor": "white", "linecolor": "white", "ticks": ""}}, "coloraxis": {"colorbar": {"outlinewidth": 0, "ticks": ""}}, "colorscale": {"sequential": [[0.0, "#0d0887"], [0.1111111111111111, "#46039f"], [0.2222222222222222, "#7201a8"], [0.3333333333333333, "#9c179e"], [0.4444444444444444, "#bd3786"], [0.5555555555555556, "#d8576b"], [0.6666666666666666, "#ed7953"], [0.7777777777777778, "#fb9f3a"], [0.8888888888888888, "#fdca26"], [1.0, "#f0f921"]], "sequentialminus": [[0.0, "#0d0887"], [0.1111111111111111, "#46039f"], [0.2222222222222222, "#7201a8"], [0.3333333333333333, "#9c179e"], [0.4444444444444444, "#bd3786"], [0.5555555555555556, "#d8576b"], [0.6666666666666666, "#ed7953"], [0.7777777777777778, "#fb9f3a"], [0.8888888888888888, "#fdca26"], [1.0, "#f0f921"]], "diverging": [[0, "#8e0152"], [0.1, "#c51b7d"], [0.2, "#de77ae"], [0.3, "#f1b6da"], [0.4, "#fde0ef"], [0.5, "#f7f7f7"], [0.6, "#e6f5d0"], [0.7, "#b8e186"], [0.8, "#7fbc41"], [0.9, "#4d9221"], [1, "#276419"]]}, "xaxis": {"gridcolor": "white", "linecolor": "white", "ticks": "", "title": {"standoff": 15}, "zerolinecolor": "white", "automargin": true, "zerolinewidth": 2}, "yaxis": {"gridcolor": "white", "linecolor": "white", "ticks": "", "title": {"standoff": 15}, "zerolinecolor": "white", "automargin": true, "zerolinewidth": 2}, "scene": {"xaxis": {"backgroundcolor": "#E5ECF6", "gridcolor": "white", "linecolor": "white", "showbackground": true, "ticks": "", "zerolinecolor": "white", "gridwidth": 2}, "yaxis": {"backgroundcolor": "#E5ECF6", "gridcolor": "white", "linecolor": "white", "showbackground": true, "ticks": "", "zerolinecolor": "white", "gridwidth": 2}, "zaxis": {"backgroundcolor": "#E5ECF6", "gridcolor": "white", "linecolor": "white", "showbackground": true, "ticks": "", "zerolinecolor": "white", "gridwidth": 2}}, "shapedefaults": {"line": {"color": "#2a3f5f"}}, "annotationdefaults": {"arrowcolor": "#2a3f5f", "arrowhead": 0, "arrowwidth": 1}, "geo": {"bgcolor": "white", "landcolor": "#E5ECF6", "subunitcolor": "white", "showland": true, "showlakes": true, "lakecolor": "white"}, "title": {"x": 0.05}, "mapbox": {"style": "light"}}}}}