{"data": [{"z": [[27.186378479003906, -3.138678789138794, 3.089301109313965, -3.254206418991089, -4.548530578613281, -0.7924044728279114, 2.7746589183807373, -3.6179091930389404, 4.763625144958496, -3.380431652069092, 2.4777848720550537, -3.5461039543151855, -1.0588130950927734, -7.808172225952148, -0.9322250485420227, -3.935530424118042, 4.41456937789917, 2.9587936401367188, 2.4373722076416016, 3.45542049407959, -8.701359748840332], [-3.138678789138794, 34.17295455932617, -4.463395118713379, -4.843320369720459, -0.913544774055481, -8.93700122833252, -6.7924275398254395, -3.1077473163604736, 7.431499481201172, -6.15812873840332, 0.1797506958246231, -3.4106202125549316, 1.9409031867980957, 5.1866021156311035, -0.7953206896781921, 0.8930397033691406, -0.7133455276489258, -5.126860618591309, 4.8371076583862305, -6.4717278480529785, 2.485766887664795], [3.089301109313965, -4.463395118713379, 10.534687995910645, -3.1008412837982178, -2.032102584838867, 2.129457950592041, -0.017283789813518524, -0.11122401803731918, 4.026191711425781, -0.9135218262672424, -0.369183748960495, 4.513396263122559, 1.2810405492782593, 0.24285010993480682, -1.823254108428955, 0.527309775352478, -1.4031281471252441, 5.549612998962402, -2.5048484802246094, 2.887815475463867, -1.930431604385376], [-3.254206418991089, -4.843320369720459, -3.1008412837982178, 31.677520751953125, 2.4271461963653564, 5.479076385498047, 1.3107455968856812, 6.596073627471924, -7.835758686065674, -1.930511713027954, -2.7302615642547607, -3.615201711654663, 2.77329158782959, 7.124764919281006, 3.096705198287964, 8.120361328125, 0.32078802585601807, -1.2137105464935303, -2.648062229156494, -8.108268737792969, 0.8277320861816406], [-4.548530578613281, -0.913544774055481, -2.032102584838867, 2.4271461963653564, 23.55872344970703, 0.23370657861232758, -4.927278518676758, -2.6030611991882324, -0.5038773417472839, 5.227728843688965, 0.6419886350631714, 1.8264063596725464, -0.41385069489479065, 2.855560302734375, -4.457533359527588, 2.1081247329711914, 6.787175178527832, 3.5113143920898438, 1.149072527885437, 0.4136524796485901, 6.492194652557373], [-0.7924044728279114, -8.93700122833252, 2.129457950592041, 5.479076385498047, 0.23370657861232758, 20.050771713256836, 6.114438056945801, -2.127554416656494, 2.5036563873291016, 2.671639919281006, -1.6925958395004272, 2.3304483890533447, -0.44219204783439636, 0.13757160305976868, -4.964806079864502, 2.6367194652557373, -6.108843803405762, 6.399704933166504, -6.6775102615356445, -3.4533090591430664, 1.1811935901641846], [2.7746589183807373, -6.7924275398254395, -0.017283789813518524, 1.3107455968856812, -4.927278518676758, 6.114438056945801, 22.274763107299805, 8.496082305908203, -4.29026460647583, -2.6197149753570557, 5.179085731506348, 2.405270576477051, 3.062232255935669, -0.14138191938400269, -11.34323787689209, 0.18923982977867126, -9.261221885681152, 2.9087941646575928, -0.36751580238342285, 4.11162805557251, 0.34689581394195557], [-3.6179091930389404, -3.1077473163604736, -0.11122401803731918, 6.596073627471924, -2.6030611991882324, -2.127554416656494, 8.496082305908203, 24.009845733642578, -3.304062604904175, 4.299304008483887, 3.1106319427490234, -3.2146120071411133, 6.316498756408691, -1.603765845298767, 1.759817123413086, 1.6033639907836914, -0.844416081905365, 0.944835901260376, -1.5636279582977295, 0.6555045247077942, 3.474949359893799], [4.763625144958496, 7.431499481201172, 4.026191711425781, -7.835758686065674, -0.5038773417472839, 2.5036563873291016, -4.29026460647583, -3.304062604904175, 28.359445571899414, 9.602561950683594, 4.34434700012207, 0.7572536468505859, 2.323608636856079, -0.5181933045387268, -0.6616429686546326, -0.19006308913230896, 1.8920178413391113, 0.5463657379150391, -8.851806640625, 0.4942150115966797, -8.212984085083008], [-3.380431652069092, -6.15812873840332, -0.9135218262672424, -1.930511713027954, 5.227728843688965, 2.671639919281006, -2.6197149753570557, 4.299304008483887, 9.602561950683594, 24.188209533691406, 0.5535268783569336, -3.4535679817199707, 4.134658336639404, -3.1136536598205566, 3.1349830627441406, -1.4161391258239746, 5.966416835784912, 5.773470878601074, -1.8483283519744873, 4.3566436767578125, 1.3865387439727783], [2.4777848720550537, 0.1797506958246231, -0.369183748960495, -2.7302615642547607, 0.6419886350631714, -1.6925958395004272, 5.179085731506348, 3.1106319427490234, 4.34434700012207, 0.5535268783569336, 19.035388946533203, 4.332112789154053, 1.5792109966278076, -5.925211429595947, -5.747080326080322, -2.097839117050171, -1.7001285552978516, 3.649066686630249, -0.24546682834625244, 2.66377592086792, 1.2633881568908691], [-3.5461039543151855, -3.4106202125549316, 4.513396263122559, -3.615201711654663, 1.8264063596725464, 2.3304483890533447, 2.405270576477051, -3.2146120071411133, 0.7572536468505859, -3.4535679817199707, 4.332112789154053, 14.768671989440918, 0.3023260831832886, 6.785405158996582, -5.240656852722168, 1.1722841262817383, 2.30674409866333, 1.375036597251892, -3.178189754486084, 4.8680195808410645, 3.5601084232330322], [-1.0588130950927734, 1.9409031867980957, 1.2810405492782593, 2.77329158782959, -0.41385069489479065, -0.44219204783439636, 3.062232255935669, 6.316498756408691, 2.323608636856079, 4.134658336639404, 1.5792109966278076, 0.3023260831832886, 15.178640365600586, -0.7562127113342285, 3.2761590480804443, -0.6747074723243713, -3.0153839588165283, -5.01215124130249, 0.921661376953125, 2.567124128341675, -3.5943615436553955], [-7.808172225952148, 5.1866021156311035, 0.24285010993480682, 7.124764919281006, 2.855560302734375, 0.13757160305976868, -0.14138191938400269, -1.603765845298767, -0.5181933045387268, -3.1136536598205566, -5.925211429595947, 6.785405158996582, -0.7562127113342285, 23.238819122314453, -6.178946495056152, 2.387660503387451, 4.852545738220215, -2.2014822959899902, -2.941061019897461, 1.395796775817871, 5.2525954246521], [-0.9322250485420227, -0.7953206896781921, -1.823254108428955, 3.096705198287964, -4.457533359527588, -4.964806079864502, -11.34323787689209, 1.759817123413086, -0.6616429686546326, 3.1349830627441406, -5.747080326080322, -5.240656852722168, 3.2761590480804443, -6.178946495056152, 35.97146987915039, -5.751195430755615, 3.970637798309326, -5.209035396575928, -7.017132759094238, -3.6058878898620605, -3.6699471473693848], [-3.935530424118042, 0.8930397033691406, 0.527309775352478, 8.120361328125, 2.1081247329711914, 2.6367194652557373, 0.18923982977867126, 1.6033639907836914, -0.19006308913230896, -1.4161391258239746, -2.097839117050171, 1.1722841262817383, -0.6747074723243713, 2.387660503387451, -5.751195430755615, 15.130993843078613, -1.3396693468093872, 0.7627089023590088, 2.0269978046417236, -2.608549118041992, 6.4528703689575195], [4.414568901062012, -0.713344931602478, -1.4031283855438232, 0.3207886219024658, 6.787175178527832, -6.108843803405762, -9.261222839355469, -0.8444166779518127, 1.8920187950134277, 5.9664154052734375, -1.7001289129257202, 2.30674409866333, -3.0153839588165283, 4.852545261383057, 3.970637559890747, -1.339668869972229, 36.689361572265625, 0.18802499771118164, -2.6990725994110107, 3.46292781829834, 4.769461631774902], [2.958793878555298, -5.12686014175415, 5.549614906311035, -1.2137110233306885, 3.511314630508423, 6.399704933166504, 2.9087939262390137, 0.9448361992835999, 0.5463657975196838, 5.773470401763916, 3.649066925048828, 1.3750368356704712, -5.012151718139648, -2.201482057571411, -5.209035873413086, 0.7627090215682983, 0.18802499771118164, 26.727401733398438, -3.645550012588501, -0.31539100408554077, 4.972470283508301], [2.4373722076416016, 4.837107181549072, -2.5048487186431885, -2.6480629444122314, 1.1490730047225952, -6.677509784698486, -0.3675159513950348, -1.5636285543441772, -8.851806640625, -1.8483282327651978, -0.24546688795089722, -3.178189992904663, 0.9216613173484802, -2.94106125831604, -7.0171332359313965, 2.0269978046417236, -2.6990725994110107, -3.645550012588501, 18.91004753112793, 5.108076095581055, 1.2044956684112549], [3.4554200172424316, -6.47172737121582, 2.8878157138824463, -8.108268737792969, 0.41365259885787964, -3.4533088207244873, 4.111628532409668, 0.6555048823356628, 0.4942147433757782, 4.3566436767578125, 2.663776159286499, 4.8680195808410645, 2.5671238899230957, 1.3957966566085815, -3.6058874130249023, -2.608549118041992, 3.46292781829834, -0.31539100408554077, 5.108076095581055, 15.815828323364258, 0.643966794013977], [-8.701360702514648, 2.4857664108276367, -1.930431604385376, 0.8277319669723511, 6.492194175720215, 1.1811938285827637, 0.3468961715698242, 3.474949359893799, -8.212984085083008, 1.3865392208099365, 1.2633881568908691, 3.5601086616516113, -3.5943617820739746, 5.252595901489258, -3.669947385787964, 6.4528703689575195, 4.769461154937744, 4.972470760345459, 1.2044953107833862, 0.6439666748046875, 24.792438507080078]], "type": "heatmap"}], "layout": {"template": {"data": {"histogram2dcontour": [{"type": "histogram2dcontour", "colorbar": {"outlinewidth": 0, "ticks": ""}, "colorscale": [[0.0, "#0d0887"], [0.1111111111111111, "#46039f"], [0.2222222222222222, "#7201a8"], [0.3333333333333333, "#9c179e"], [0.4444444444444444, "#bd3786"], [0.5555555555555556, "#d8576b"], [0.6666666666666666, "#ed7953"], [0.7777777777777778, "#fb9f3a"], [0.8888888888888888, "#fdca26"], [1.0, "#f0f921"]]}], "choropleth": [{"type": "choropleth", "colorbar": {"outlinewidth": 0, "ticks": ""}}], "histogram2d": [{"type": "histogram2d", "colorbar": {"outlinewidth": 0, "ticks": ""}, "colorscale": [[0.0, "#0d0887"], [0.1111111111111111, "#46039f"], [0.2222222222222222, "#7201a8"], [0.3333333333333333, "#9c179e"], [0.4444444444444444, "#bd3786"], [0.5555555555555556, "#d8576b"], [0.6666666666666666, "#ed7953"], [0.7777777777777778, "#fb9f3a"], [0.8888888888888888, "#fdca26"], [1.0, "#f0f921"]]}], "heatmap": [{"type": "heatmap", "colorbar": {"outlinewidth": 0, "ticks": ""}, "colorscale": [[0.0, "#0d0887"], [0.1111111111111111, "#46039f"], [0.2222222222222222, "#7201a8"], [0.3333333333333333, "#9c179e"], [0.4444444444444444, "#bd3786"], [0.5555555555555556, "#d8576b"], [0.6666666666666666, "#ed7953"], [0.7777777777777778, "#fb9f3a"], [0.8888888888888888, "#fdca26"], [1.0, "#f0f921"]]}], "heatmapgl": [{"type": "heatmapgl", "colorbar": {"outlinewidth": 0, "ticks": ""}, "colorscale": [[0.0, "#0d0887"], [0.1111111111111111, "#46039f"], [0.2222222222222222, "#7201a8"], [0.3333333333333333, "#9c179e"], [0.4444444444444444, "#bd3786"], [0.5555555555555556, "#d8576b"], [0.6666666666666666, "#ed7953"], [0.7777777777777778, "#fb9f3a"], [0.8888888888888888, "#fdca26"], [1.0, "#f0f921"]]}], "contourcarpet": [{"type": "contourcarpet", "colorbar": {"outlinewidth": 0, "ticks": ""}}], "contour": [{"type": "contour", "colorbar": {"outlinewidth": 0, "ticks": ""}, "colorscale": [[0.0, "#0d0887"], [0.1111111111111111, "#46039f"], [0.2222222222222222, "#7201a8"], [0.3333333333333333, "#9c179e"], [0.4444444444444444, "#bd3786"], [0.5555555555555556, "#d8576b"], [0.6666666666666666, "#ed7953"], [0.7777777777777778, "#fb9f3a"], [0.8888888888888888, "#fdca26"], [1.0, "#f0f921"]]}], "surface": [{"type": "surface", "colorbar": {"outlinewidth": 0, "ticks": ""}, "colorscale": [[0.0, "#0d0887"], [0.1111111111111111, "#46039f"], [0.2222222222222222, "#7201a8"], [0.3333333333333333, "#9c179e"], [0.4444444444444444, "#bd3786"], [0.5555555555555556, "#d8576b"], [0.6666666666666666, "#ed7953"], [0.7777777777777778, "#fb9f3a"], [0.8888888888888888, "#fdca26"], [1.0, "#f0f921"]]}], "mesh3d": [{"type": "mesh3d", "colorbar": {"outlinewidth": 0, "ticks": ""}}], "scatter": [{"fillpattern": {"fillmode": "overlay", "size": 10, "solidity": 0.2}, "type": "scatter"}], "parcoords": [{"type": "parcoords", "line": {"colorbar": {"outlinewidth": 0, "ticks": ""}}}], "scatterpolargl": [{"type": "scatterpolargl", "marker": {"colorbar": {"outlinewidth": 0, "ticks": ""}}}], "bar": [{"error_x": {"color": "#2a3f5f"}, "error_y": {"color": "#2a3f5f"}, "marker": {"line": {"color": "#E5ECF6", "width": 0.5}, "pattern": {"fillmode": "overlay", "size": 10, "solidity": 0.2}}, "type": "bar"}], "scattergeo": [{"type": "scattergeo", "marker": {"colorbar": {"outlinewidth": 0, "ticks": ""}}}], "scatterpolar": [{"type": "scatterpolar", "marker": {"colorbar": {"outlinewidth": 0, "ticks": ""}}}], "histogram": [{"marker": {"pattern": {"fillmode": "overlay", "size": 10, "solidity": 0.2}}, "type": "histogram"}], "scattergl": [{"type": "scattergl", "marker": {"colorbar": {"outlinewidth": 0, "ticks": ""}}}], "scatter3d": [{"type": "scatter3d", "line": {"colorbar": {"outlinewidth": 0, "ticks": ""}}, "marker": {"colorbar": {"outlinewidth": 0, "ticks": ""}}}], "scattermapbox": [{"type": "scattermapbox", "marker": {"colorbar": {"outlinewidth": 0, "ticks": ""}}}], "scatterternary": [{"type": "scatterternary", "marker": {"colorbar": {"outlinewidth": 0, "ticks": ""}}}], "scattercarpet": [{"type": "scattercarpet", "marker": {"colorbar": {"outlinewidth": 0, "ticks": ""}}}], "carpet": [{"aaxis": {"endlinecolor": "#2a3f5f", "gridcolor": "white", "linecolor": "white", "minorgridcolor": "white", "startlinecolor": "#2a3f5f"}, "baxis": {"endlinecolor": "#2a3f5f", "gridcolor": "white", "linecolor": "white", "minorgridcolor": "white", "startlinecolor": "#2a3f5f"}, "type": "carpet"}], "table": [{"cells": {"fill": {"color": "#EBF0F8"}, "line": {"color": "white"}}, "header": {"fill": {"color": "#C8D4E3"}, "line": {"color": "white"}}, "type": "table"}], "barpolar": [{"marker": {"line": {"color": "#E5ECF6", "width": 0.5}, "pattern": {"fillmode": "overlay", "size": 10, "solidity": 0.2}}, "type": "barpolar"}], "pie": [{"automargin": true, "type": "pie"}]}, "layout": {"autotypenumbers": "strict", "colorway": ["#636efa", "#EF553B", "#00cc96", "#ab63fa", "#FFA15A", "#19d3f3", "#FF6692", "#B6E880", "#FF97FF", "#FECB52"], "font": {"color": "#2a3f5f"}, "hovermode": "closest", "hoverlabel": {"align": "left"}, "paper_bgcolor": "white", "plot_bgcolor": "#E5ECF6", "polar": {"bgcolor": "#E5ECF6", "angularaxis": {"gridcolor": "white", "linecolor": "white", "ticks": ""}, "radialaxis": {"gridcolor": "white", "linecolor": "white", "ticks": ""}}, "ternary": {"bgcolor": "#E5ECF6", "aaxis": {"gridcolor": "white", "linecolor": "white", "ticks": ""}, "baxis": {"gridcolor": "white", "linecolor": "white", "ticks": ""}, "caxis": {"gridcolor": "white", "linecolor": "white", "ticks": ""}}, "coloraxis": {"colorbar": {"outlinewidth": 0, "ticks": ""}}, "colorscale": {"sequential": [[0.0, "#0d0887"], [0.1111111111111111, "#46039f"], [0.2222222222222222, "#7201a8"], [0.3333333333333333, "#9c179e"], [0.4444444444444444, "#bd3786"], [0.5555555555555556, "#d8576b"], [0.6666666666666666, "#ed7953"], [0.7777777777777778, "#fb9f3a"], [0.8888888888888888, "#fdca26"], [1.0, "#f0f921"]], "sequentialminus": [[0.0, "#0d0887"], [0.1111111111111111, "#46039f"], [0.2222222222222222, "#7201a8"], [0.3333333333333333, "#9c179e"], [0.4444444444444444, "#bd3786"], [0.5555555555555556, "#d8576b"], [0.6666666666666666, "#ed7953"], [0.7777777777777778, "#fb9f3a"], [0.8888888888888888, "#fdca26"], [1.0, "#f0f921"]], "diverging": [[0, "#8e0152"], [0.1, "#c51b7d"], [0.2, "#de77ae"], [0.3, "#f1b6da"], [0.4, "#fde0ef"], [0.5, "#f7f7f7"], [0.6, "#e6f5d0"], [0.7, "#b8e186"], [0.8, "#7fbc41"], [0.9, "#4d9221"], [1, "#276419"]]}, "xaxis": {"gridcolor": "white", "linecolor": "white", "ticks": "", "title": {"standoff": 15}, "zerolinecolor": "white", "automargin": true, "zerolinewidth": 2}, "yaxis": {"gridcolor": "white", "linecolor": "white", "ticks": "", "title": {"standoff": 15}, "zerolinecolor": "white", "automargin": true, "zerolinewidth": 2}, "scene": {"xaxis": {"backgroundcolor": "#E5ECF6", "gridcolor": "white", "linecolor": "white", "showbackground": true, "ticks": "", "zerolinecolor": "white", "gridwidth": 2}, "yaxis": {"backgroundcolor": "#E5ECF6", "gridcolor": "white", "linecolor": "white", "showbackground": true, "ticks": "", "zerolinecolor": "white", "gridwidth": 2}, "zaxis": {"backgroundcolor": "#E5ECF6", "gridcolor": "white", "linecolor": "white", "showbackground": true, "ticks": "", "zerolinecolor": "white", "gridwidth": 2}}, "shapedefaults": {"line": {"color": "#2a3f5f"}}, "annotationdefaults": {"arrowcolor": "#2a3f5f", "arrowhead": 0, "arrowwidth": 1}, "geo": {"bgcolor": "white", "landcolor": "#E5ECF6", "subunitcolor": "white", "showland": true, "showlakes": true, "lakecolor": "white"}, "title": {"x": 0.05}, "mapbox": {"style": "light"}}}}}