{"data": [{"z": [[27.06260871887207, -3.1564786434173584, 3.050823450088501, -3.243278741836548, -4.5520920753479, -0.7708795666694641, 2.7864856719970703, -3.56855845451355, 4.779928207397461, -3.3348891735076904, 2.482274293899536, -3.548340320587158, -1.0601197481155396, -7.752720355987549, -0.9334698915481567, -3.89310622215271, 4.385725021362305, 2.9280974864959717, 2.4287045001983643, 3.444851875305176, -8.683830261230469], [-3.1564786434173584, 33.98092269897461, -4.460529327392578, -4.83927059173584, -0.9103587865829468, -8.904720306396484, -6.7677507400512695, -3.0838942527770996, 7.404459476470947, -6.110779285430908, 0.1998915821313858, -3.435166835784912, 1.922366738319397, 5.1713457107543945, -0.8262434005737305, 0.8798721432685852, -0.6968564987182617, -5.1553874015808105, 4.80246114730835, -6.475207328796387, 2.4888205528259277], [3.050823450088501, -4.460529327392578, 10.532801628112793, -3.1027071475982666, -2.0255587100982666, 2.1051690578460693, -0.016553381457924843, -0.1208595335483551, 3.9903736114501953, -0.8837043642997742, -0.3248797059059143, 4.5117034912109375, 1.2542171478271484, 0.26549389958381653, -1.7791730165481567, 0.5128329396247864, -1.3666846752166748, 5.521749019622803, -2.4956142902374268, 2.9019179344177246, -1.9158930778503418], [-3.243278741836548, -4.83927059173584, -3.1027071475982666, 31.533021926879883, 2.4507083892822266, 5.49120569229126, 1.2862602472305298, 6.55338716506958, -7.852128505706787, -1.9489802122116089, -2.717538356781006, -3.590503692626953, 2.697568893432617, 7.1255903244018555, 3.1134777069091797, 8.100791931152344, 0.31029635667800903, -1.231581687927246, -2.6020236015319824, -8.07583236694336, 0.8692891001701355], [-4.5520920753479, -0.9103587865829468, -2.0255587100982666, 2.4507083892822266, 23.452795028686523, 0.23857121169567108, -4.901703357696533, -2.5595104694366455, -0.48987439274787903, 5.22074556350708, 0.6602170467376709, 1.8173884153366089, -0.41956835985183716, 2.857299566268921, -4.441386699676514, 2.0872325897216797, 6.7663774490356445, 3.508929967880249, 1.1480433940887451, 0.42203623056411743, 6.478795051574707], [-0.7708795666694641, -8.904720306396484, 2.1051690578460693, 5.49120569229126, 0.23857121169567108, 19.913129806518555, 6.118107318878174, -2.1176528930664062, 2.5260725021362305, 2.6717042922973633, -1.701570987701416, 2.3725006580352783, -0.4054884910583496, 0.15361814200878143, -4.948513507843018, 2.625607490539551, -6.057713508605957, 6.409745216369629, -6.676761627197266, -3.369816303253174, 1.1450849771499634], [2.7864856719970703, -6.7677507400512695, -0.016553381457924843, 1.2862602472305298, -4.901703357696533, 6.118107318878174, 22.148284912109375, 8.443859100341797, -4.248247146606445, -2.6351916790008545, 5.134321689605713, 2.4098050594329834, 3.060959815979004, -0.15076951682567596, -11.314373016357422, 0.18112172186374664, -9.170202255249023, 2.9003000259399414, -0.3576536178588867, 4.094209671020508, 0.32533150911331177], [-3.56855845451355, -3.0838942527770996, -0.1208595335483551, 6.55338716506958, -2.5595104694366455, -2.1176528930664062, 8.443859100341797, 23.881921768188477, -3.2913601398468018, 4.283899784088135, 3.1171486377716064, -3.1428234577178955, 6.292689800262451, -1.6035852432250977, 1.7811647653579712, 1.6096709966659546, -0.8305994868278503, 0.9737560749053955, -1.547673225402832, 0.7143173217773438, 3.482557773590088], [4.779928207397461, 7.404459476470947, 3.9903736114501953, -7.852128505706787, -0.48987439274787903, 2.5260725021362305, -4.248247146606445, -3.2913601398468018, 28.22911834716797, 9.551945686340332, 4.334857940673828, 0.7454853057861328, 2.310394287109375, -0.5375012159347534, -0.6324676871299744, -0.15968753397464752, 1.856572151184082, 0.5515494346618652, -8.811746597290039, 0.489199161529541, -8.188128471374512], [-3.3348891735076904, -6.110779285430908, -0.8837043642997742, -1.9489802122116089, 5.22074556350708, 2.6717042922973633, -2.6351916790008545, 4.283899784088135, 9.551945686340332, 24.102819442749023, 0.5647677183151245, -3.400338649749756, 4.1082940101623535, -3.103433847427368, 3.167675256729126, -1.3878992795944214, 5.963651657104492, 5.765239715576172, -1.829136610031128, 4.3852362632751465, 1.4054464101791382], [2.482274293899536, 0.1998915821313858, -0.3248797059059143, -2.717538356781006, 0.6602170467376709, -1.701570987701416, 5.134321689605713, 3.1171486377716064, 4.334857940673828, 0.5647677183151245, 18.937015533447266, 4.315189838409424, 1.5716043710708618, -5.882429122924805, -5.722640037536621, -2.0576531887054443, -1.6477129459381104, 3.6596803665161133, -0.253650426864624, 2.6528894901275635, 1.248728632926941], [-3.548340320587158, -3.435166835784912, 4.5117034912109375, -3.590503692626953, 1.8173884153366089, 2.3725006580352783, 2.4098050594329834, -3.1428234577178955, 0.7454853057861328, -3.400338649749756, 4.315189838409424, 14.645997047424316, 0.28582239151000977, 6.767128944396973, -5.22544527053833, 1.1865581274032593, 2.2822177410125732, 1.3814034461975098, -3.1660549640655518, 4.8068695068359375, 3.5567197799682617], [-1.0601197481155396, 1.922366738319397, 1.2542171478271484, 2.697568893432617, -0.41956835985183716, -0.4054884910583496, 3.060959815979004, 6.292689800262451, 2.310394287109375, 4.1082940101623535, 1.5716043710708618, 0.28582239151000977, 15.072911262512207, -0.7269445061683655, 3.2583167552948, -0.6551236510276794, -3.004763603210449, -5.004020690917969, 0.9478445053100586, 2.5570802688598633, -3.5565123558044434], [-7.752720355987549, 5.1713457107543945, 0.26549389958381653, 7.1255903244018555, 2.857299566268921, 0.15361814200878143, -0.15076951682567596, -1.6035852432250977, -0.5375012159347534, -3.103433847427368, -5.882429122924805, 6.767128944396973, -0.7269445061683655, 23.126358032226562, -6.146610736846924, 2.394476890563965, 4.838442325592041, -2.2049906253814697, -2.962484121322632, 1.3883848190307617, 5.232429027557373], [-0.9334698915481567, -0.8262434005737305, -1.7791730165481567, 3.1134777069091797, -4.441386699676514, -4.948513507843018, -11.314373016357422, 1.7811647653579712, -0.6324676871299744, 3.167675256729126, -5.722640037536621, -5.22544527053833, 3.2583167552948, -6.146610736846924, 35.79782485961914, -5.762202262878418, 3.9961485862731934, -5.182639122009277, -7.00013542175293, -3.58520770072937, -3.6924078464508057], [-3.89310622215271, 0.8798721432685852, 0.5128329396247864, 8.100791931152344, 2.0872325897216797, 2.625607490539551, 0.18112172186374664, 1.6096709966659546, -0.15968753397464752, -1.3878992795944214, -2.0576531887054443, 1.1865581274032593, -0.6551236510276794, 2.394476890563965, -5.762202262878418, 15.00153923034668, -1.30849289894104, 0.7798150181770325, 2.0149617195129395, -2.5591018199920654, 6.405427932739258], [4.3857245445251465, -0.6968575716018677, -1.3666846752166748, 0.3102964460849762, 6.766377925872803, -6.057713508605957, -9.17020320892334, -0.8305993676185608, 1.8565722703933716, 5.963654518127441, -1.647713303565979, 2.2822177410125732, -3.0047640800476074, 4.838442802429199, 3.996147871017456, -1.3084931373596191, 36.551734924316406, 0.17225241661071777, -2.6550486087799072, 3.4570484161376953, 4.769711971282959], [2.928098440170288, -5.155386924743652, 5.5217485427856445, -1.2315818071365356, 3.508929967880249, 6.409746170043945, 2.9003002643585205, 0.9737563133239746, 0.5515493154525757, 5.76524019241333, 3.6596803665161133, 1.3814032077789307, -5.0040202140808105, -2.2049906253814697, -5.1826395988464355, 0.7798150181770325, 0.17225241661071777, 26.636037826538086, -3.6305863857269287, -0.31732940673828125, 4.979936599731445], [2.428704261779785, 4.80246114730835, -2.4956142902374268, -2.6020236015319824, 1.1480432748794556, -6.676761627197266, -0.35765334963798523, -1.547672986984253, -8.811747550964355, -1.8291372060775757, -0.2536506652832031, -3.16605544090271, 0.9478446245193481, -2.962484359741211, -7.00013542175293, 2.0149617195129395, -2.6550486087799072, -3.6305863857269287, 18.847232818603516, 5.088682174682617, 1.1613852977752686], [3.444852113723755, -6.475208282470703, 2.9019174575805664, -8.07583236694336, 0.42203599214553833, -3.369816541671753, 4.09420919418335, 0.7143175601959229, 0.48919999599456787, 4.3852362632751465, 2.6528897285461426, 4.806869983673096, 2.557079792022705, 1.3883848190307617, -3.58520770072937, -2.5591018199920654, 3.4570484161376953, -0.31732940673828125, 5.088682174682617, 15.701549530029297, 0.6466914415359497], [-8.683830261230469, 2.4888205528259277, -1.9158930778503418, 0.8692880868911743, 6.478795051574707, 1.145085334777832, 0.3253309726715088, 3.482558250427246, -8.188128471374512, 1.4054466485977173, 1.2487282752990723, 3.5567197799682617, -3.5565128326416016, 5.232429027557373, -3.6924073696136475, 6.4054274559021, 4.769711494445801, 4.979936122894287, 1.1613855361938477, 0.6466913819313049, 24.792438507080078]], "type": "heatmap"}], "layout": {"template": {"data": {"histogram2dcontour": [{"type": "histogram2dcontour", "colorbar": {"outlinewidth": 0, "ticks": ""}, "colorscale": [[0.0, "#0d0887"], [0.1111111111111111, "#46039f"], [0.2222222222222222, "#7201a8"], [0.3333333333333333, "#9c179e"], [0.4444444444444444, "#bd3786"], [0.5555555555555556, "#d8576b"], [0.6666666666666666, "#ed7953"], [0.7777777777777778, "#fb9f3a"], [0.8888888888888888, "#fdca26"], [1.0, "#f0f921"]]}], "choropleth": [{"type": "choropleth", "colorbar": {"outlinewidth": 0, "ticks": ""}}], "histogram2d": [{"type": "histogram2d", "colorbar": {"outlinewidth": 0, "ticks": ""}, "colorscale": [[0.0, "#0d0887"], [0.1111111111111111, "#46039f"], [0.2222222222222222, "#7201a8"], [0.3333333333333333, "#9c179e"], [0.4444444444444444, "#bd3786"], [0.5555555555555556, "#d8576b"], [0.6666666666666666, "#ed7953"], [0.7777777777777778, "#fb9f3a"], [0.8888888888888888, "#fdca26"], [1.0, "#f0f921"]]}], "heatmap": [{"type": "heatmap", "colorbar": {"outlinewidth": 0, "ticks": ""}, "colorscale": [[0.0, "#0d0887"], [0.1111111111111111, "#46039f"], [0.2222222222222222, "#7201a8"], [0.3333333333333333, "#9c179e"], [0.4444444444444444, "#bd3786"], [0.5555555555555556, "#d8576b"], [0.6666666666666666, "#ed7953"], [0.7777777777777778, "#fb9f3a"], [0.8888888888888888, "#fdca26"], [1.0, "#f0f921"]]}], "heatmapgl": [{"type": "heatmapgl", "colorbar": {"outlinewidth": 0, "ticks": ""}, "colorscale": [[0.0, "#0d0887"], [0.1111111111111111, "#46039f"], [0.2222222222222222, "#7201a8"], [0.3333333333333333, "#9c179e"], [0.4444444444444444, "#bd3786"], [0.5555555555555556, "#d8576b"], [0.6666666666666666, "#ed7953"], [0.7777777777777778, "#fb9f3a"], [0.8888888888888888, "#fdca26"], [1.0, "#f0f921"]]}], "contourcarpet": [{"type": "contourcarpet", "colorbar": {"outlinewidth": 0, "ticks": ""}}], "contour": [{"type": "contour", "colorbar": {"outlinewidth": 0, "ticks": ""}, "colorscale": [[0.0, "#0d0887"], [0.1111111111111111, "#46039f"], [0.2222222222222222, "#7201a8"], [0.3333333333333333, "#9c179e"], [0.4444444444444444, "#bd3786"], [0.5555555555555556, "#d8576b"], [0.6666666666666666, "#ed7953"], [0.7777777777777778, "#fb9f3a"], [0.8888888888888888, "#fdca26"], [1.0, "#f0f921"]]}], "surface": [{"type": "surface", "colorbar": {"outlinewidth": 0, "ticks": ""}, "colorscale": [[0.0, "#0d0887"], [0.1111111111111111, "#46039f"], [0.2222222222222222, "#7201a8"], [0.3333333333333333, "#9c179e"], [0.4444444444444444, "#bd3786"], [0.5555555555555556, "#d8576b"], [0.6666666666666666, "#ed7953"], [0.7777777777777778, "#fb9f3a"], [0.8888888888888888, "#fdca26"], [1.0, "#f0f921"]]}], "mesh3d": [{"type": "mesh3d", "colorbar": {"outlinewidth": 0, "ticks": ""}}], "scatter": [{"fillpattern": {"fillmode": "overlay", "size": 10, "solidity": 0.2}, "type": "scatter"}], "parcoords": [{"type": "parcoords", "line": {"colorbar": {"outlinewidth": 0, "ticks": ""}}}], "scatterpolargl": [{"type": "scatterpolargl", "marker": {"colorbar": {"outlinewidth": 0, "ticks": ""}}}], "bar": [{"error_x": {"color": "#2a3f5f"}, "error_y": {"color": "#2a3f5f"}, "marker": {"line": {"color": "#E5ECF6", "width": 0.5}, "pattern": {"fillmode": "overlay", "size": 10, "solidity": 0.2}}, "type": "bar"}], "scattergeo": [{"type": "scattergeo", "marker": {"colorbar": {"outlinewidth": 0, "ticks": ""}}}], "scatterpolar": [{"type": "scatterpolar", "marker": {"colorbar": {"outlinewidth": 0, "ticks": ""}}}], "histogram": [{"marker": {"pattern": {"fillmode": "overlay", "size": 10, "solidity": 0.2}}, "type": "histogram"}], "scattergl": [{"type": "scattergl", "marker": {"colorbar": {"outlinewidth": 0, "ticks": ""}}}], "scatter3d": [{"type": "scatter3d", "line": {"colorbar": {"outlinewidth": 0, "ticks": ""}}, "marker": {"colorbar": {"outlinewidth": 0, "ticks": ""}}}], "scattermapbox": [{"type": "scattermapbox", "marker": {"colorbar": {"outlinewidth": 0, "ticks": ""}}}], "scatterternary": [{"type": "scatterternary", "marker": {"colorbar": {"outlinewidth": 0, "ticks": ""}}}], "scattercarpet": [{"type": "scattercarpet", "marker": {"colorbar": {"outlinewidth": 0, "ticks": ""}}}], "carpet": [{"aaxis": {"endlinecolor": "#2a3f5f", "gridcolor": "white", "linecolor": "white", "minorgridcolor": "white", "startlinecolor": "#2a3f5f"}, "baxis": {"endlinecolor": "#2a3f5f", "gridcolor": "white", "linecolor": "white", "minorgridcolor": "white", "startlinecolor": "#2a3f5f"}, "type": "carpet"}], "table": [{"cells": {"fill": {"color": "#EBF0F8"}, "line": {"color": "white"}}, "header": {"fill": {"color": "#C8D4E3"}, "line": {"color": "white"}}, "type": "table"}], "barpolar": [{"marker": {"line": {"color": "#E5ECF6", "width": 0.5}, "pattern": {"fillmode": "overlay", "size": 10, "solidity": 0.2}}, "type": "barpolar"}], "pie": [{"automargin": true, "type": "pie"}]}, "layout": {"autotypenumbers": "strict", "colorway": ["#636efa", "#EF553B", "#00cc96", "#ab63fa", "#FFA15A", "#19d3f3", "#FF6692", "#B6E880", "#FF97FF", "#FECB52"], "font": {"color": "#2a3f5f"}, "hovermode": "closest", "hoverlabel": {"align": "left"}, "paper_bgcolor": "white", "plot_bgcolor": "#E5ECF6", "polar": {"bgcolor": "#E5ECF6", "angularaxis": {"gridcolor": "white", "linecolor": "white", "ticks": ""}, "radialaxis": {"gridcolor": "white", "linecolor": "white", "ticks": ""}}, "ternary": {"bgcolor": "#E5ECF6", "aaxis": {"gridcolor": "white", "linecolor": "white", "ticks": ""}, "baxis": {"gridcolor": "white", "linecolor": "white", "ticks": ""}, "caxis": {"gridcolor": "white", "linecolor": "white", "ticks": ""}}, "coloraxis": {"colorbar": {"outlinewidth": 0, "ticks": ""}}, "colorscale": {"sequential": [[0.0, "#0d0887"], [0.1111111111111111, "#46039f"], [0.2222222222222222, "#7201a8"], [0.3333333333333333, "#9c179e"], [0.4444444444444444, "#bd3786"], [0.5555555555555556, "#d8576b"], [0.6666666666666666, "#ed7953"], [0.7777777777777778, "#fb9f3a"], [0.8888888888888888, "#fdca26"], [1.0, "#f0f921"]], "sequentialminus": [[0.0, "#0d0887"], [0.1111111111111111, "#46039f"], [0.2222222222222222, "#7201a8"], [0.3333333333333333, "#9c179e"], [0.4444444444444444, "#bd3786"], [0.5555555555555556, "#d8576b"], [0.6666666666666666, "#ed7953"], [0.7777777777777778, "#fb9f3a"], [0.8888888888888888, "#fdca26"], [1.0, "#f0f921"]], "diverging": [[0, "#8e0152"], [0.1, "#c51b7d"], [0.2, "#de77ae"], [0.3, "#f1b6da"], [0.4, "#fde0ef"], [0.5, "#f7f7f7"], [0.6, "#e6f5d0"], [0.7, "#b8e186"], [0.8, "#7fbc41"], [0.9, "#4d9221"], [1, "#276419"]]}, "xaxis": {"gridcolor": "white", "linecolor": "white", "ticks": "", "title": {"standoff": 15}, "zerolinecolor": "white", "automargin": true, "zerolinewidth": 2}, "yaxis": {"gridcolor": "white", "linecolor": "white", "ticks": "", "title": {"standoff": 15}, "zerolinecolor": "white", "automargin": true, "zerolinewidth": 2}, "scene": {"xaxis": {"backgroundcolor": "#E5ECF6", "gridcolor": "white", "linecolor": "white", "showbackground": true, "ticks": "", "zerolinecolor": "white", "gridwidth": 2}, "yaxis": {"backgroundcolor": "#E5ECF6", "gridcolor": "white", "linecolor": "white", "showbackground": true, "ticks": "", "zerolinecolor": "white", "gridwidth": 2}, "zaxis": {"backgroundcolor": "#E5ECF6", "gridcolor": "white", "linecolor": "white", "showbackground": true, "ticks": "", "zerolinecolor": "white", "gridwidth": 2}}, "shapedefaults": {"line": {"color": "#2a3f5f"}}, "annotationdefaults": {"arrowcolor": "#2a3f5f", "arrowhead": 0, "arrowwidth": 1}, "geo": {"bgcolor": "white", "landcolor": "#E5ECF6", "subunitcolor": "white", "showland": true, "showlakes": true, "lakecolor": "white"}, "title": {"x": 0.05}, "mapbox": {"style": "light"}}}}}