{"data": [{"z": [[31.653545379638672, -4.457142353057861, 4.083990573883057, -3.7548940181732178, -5.064111232757568, -1.611639142036438, 2.8576815128326416, -4.987818717956543, 5.156745910644531, -3.952024221420288, 3.1734631061553955, -3.434640407562256, -1.5404993295669556, -8.913261413574219, -2.085845708847046, -5.5183820724487305, 5.684983253479004, 4.395195960998535, 2.0512382984161377, 4.622382164001465, -9.380010604858398], [-4.457142353057861, 40.365142822265625, -5.808277606964111, -5.296767711639404, -1.381063461303711, -11.207893371582031, -8.141499519348145, -4.31096076965332, 7.3365397453308105, -7.843435287475586, -0.3921511173248291, -3.167320966720581, 2.2886624336242676, 5.5138468742370605, 1.9133578538894653, 0.9553053975105286, -3.1922411918640137, -6.539604187011719, 5.48508882522583, -6.731209754943848, 2.687756061553955], [4.083990573883057, -5.808277606964111, 11.387660026550293, -4.489602088928223, -2.5815582275390625, 1.4802685976028442, -0.5616364479064941, -1.3925409317016602, 4.547138214111328, -1.6312305927276611, -0.28769248723983765, 4.917428970336914, 0.4412749707698822, -0.027074800804257393, -2.9701054096221924, -0.7305105328559875, -1.6422990560531616, 5.861532688140869, -3.4740257263183594, 3.3064255714416504, -2.612898826599121], [-3.7548940181732178, -5.296767711639404, -4.489602088928223, 36.73025894165039, 3.1494507789611816, 5.56899356842041, 1.9176561832427979, 9.88669204711914, -5.893404960632324, 0.42405369877815247, -3.980271577835083, -3.9126243591308594, 6.215615272521973, 7.42329740524292, 2.0149447917938232, 9.968234062194824, 1.7226088047027588, 0.1787501573562622, -4.85260009765625, -8.44717788696289, 0.5493590831756592], [-5.064111232757568, -1.381063461303711, -2.5815582275390625, 3.1494507789611816, 26.973590850830078, -0.5383433103561401, -7.4023356437683105, -2.9666342735290527, 1.3130861520767212, 7.416464328765869, 0.09251135587692261, 3.186067819595337, 0.1896679401397705, 4.309803009033203, -5.550109386444092, 2.4800946712493896, 9.624801635742188, 5.016389846801758, 0.229628324508667, 1.4325000047683716, 6.945544719696045], [-1.611639142036438, -11.207893371582031, 1.4802685976028442, 5.56899356842041, -0.5383433103561401, 22.017810821533203, 7.015148639678955, -2.203974485397339, 2.431614875793457, 2.9905965328216553, -2.2539889812469482, 0.5400227904319763, -0.6853083372116089, -1.1689850091934204, -6.537944316864014, 2.9039957523345947, -8.509008407592773, 5.869436264038086, -7.872951984405518, -5.174551010131836, 0.4655952453613281], [2.8576815128326416, -8.141499519348145, -0.5616364479064941, 1.9176561832427979, -7.4023356437683105, 7.015148639678955, 27.568452835083008, 9.958404541015625, -6.24680757522583, -3.729706287384033, 6.147435665130615, 0.8525594472885132, 3.729517936706543, -1.7703781127929688, -13.055902481079102, 0.650632381439209, -13.753620147705078, 2.3935258388519287, 0.4776498079299927, 3.778595447540283, -0.33478984236717224], [-4.987818717956543, -4.31096076965332, -1.3925409317016602, 9.88669204711914, -2.9666342735290527, -2.203974485397339, 9.958404541015625, 28.001163482666016, -2.7720885276794434, 5.870234489440918, 2.433526039123535, -5.076772689819336, 8.725881576538086, -2.368142604827881, 1.1992648839950562, 2.284327507019043, -0.9907433986663818, 0.8850185871124268, -3.202695369720459, -0.5271344184875488, 2.92240047454834], [5.156745910644531, 7.3365397453308105, 4.547138214111328, -5.893404960632324, 1.3130861520767212, 2.431614875793457, -6.24680757522583, -2.7720885276794434, 33.09257507324219, 12.993587493896484, 5.12985372543335, 2.097501754760742, 4.076717376708984, 0.8941660523414612, -2.7915432453155518, 0.3978132903575897, 4.750775337219238, 2.364124298095703, -11.550210952758789, 1.3109393119812012, -8.522027015686035], [-3.952024221420288, -7.843435287475586, -1.6312305927276611, 0.42405369877815247, 7.416464328765869, 2.9905965328216553, -3.729706287384033, 5.870234489440918, 12.993587493896484, 28.157094955444336, 0.10683835297822952, -3.6251420974731445, 6.138911724090576, -2.787421226501465, 1.2250653505325317, -0.9453103542327881, 8.395682334899902, 7.725955963134766, -3.9828200340270996, 4.610104560852051, 1.2160429954528809], [3.1734631061553955, -0.3921511173248291, -0.28769248723983765, -3.980271577835083, 0.09251135587692261, -2.2539889812469482, 6.147435665130615, 2.433526039123535, 5.12985372543335, 0.10683835297822952, 21.891042709350586, 4.667805194854736, 1.55772066116333, -7.000495910644531, -7.326619625091553, -3.0971438884735107, -2.9305622577667236, 3.315704345703125, -0.3353010416030884, 3.1288609504699707, 0.1388426125049591], [-3.434640407562256, -3.167320966720581, 4.917428970336914, -3.9126243591308594, 3.186067819595337, 0.5400227904319763, 0.8525594472885132, -5.076772689819336, 2.097501754760742, -3.6251420974731445, 4.667805194854736, 18.109071731567383, 0.6995306015014648, 8.656986236572266, -6.0579729080200195, 0.6235795021057129, 3.809290885925293, 1.8506715297698975, -4.246747016906738, 6.784745216369629, 4.150109767913818], [-1.5404993295669556, 2.2886624336242676, 0.4412749707698822, 6.215615272521973, 0.1896679401397705, -0.6853083372116089, 3.729517936706543, 8.725881576538086, 4.076717376708984, 6.138911724090576, 1.55772066116333, 0.6995306015014648, 19.281126022338867, -1.3964749574661255, 3.3441877365112305, 0.07366427779197693, -3.169938325881958, -4.564971446990967, -1.1234121322631836, 3.0741348266601562, -3.8560805320739746], [-8.913261413574219, 5.5138468742370605, -0.027074800804257393, 7.42329740524292, 4.309803009033203, -1.1689850091934204, -1.7703781127929688, -2.368142604827881, 0.8941660523414612, -2.787421226501465, -7.000495910644531, 8.656986236572266, -1.3964749574661255, 26.649019241333008, -8.6107816696167, 2.406588554382324, 6.959891319274902, -1.8221452236175537, -4.091775894165039, 2.202965021133423, 5.445172309875488], [-2.085845708847046, 1.9133578538894653, -2.9701054096221924, 2.0149447917938232, -5.550109386444092, -6.537944316864014, -13.055902481079102, 1.1992648839950562, -2.7915432453155518, 1.2250653505325317, -7.326619625091553, -6.0579729080200195, 3.3441877365112305, -8.6107816696167, 40.96514129638672, -7.703521728515625, 1.567976713180542, -7.549857139587402, -7.506825923919678, -4.490893363952637, -3.761829376220703], [-5.5183820724487305, 0.9553053975105286, -0.7305105328559875, 9.968234062194824, 2.4800946712493896, 2.9039957523345947, 0.650632381439209, 2.284327507019043, 0.3978132903575897, -0.9453103542327881, -3.0971438884735107, 0.6235795021057129, 0.07366427779197693, 2.406588554382324, -7.703521728515625, 16.513532638549805, -2.396557331085205, 0.44884681701660156, 1.1303001642227173, -3.8480722904205322, 6.135988235473633], [5.684983253479004, -3.1922407150268555, -1.642298936843872, 1.7226084470748901, 9.624801635742188, -8.509007453918457, -13.753620147705078, -0.9907429218292236, 4.7507758140563965, 8.395681381225586, -2.9305617809295654, 3.8092894554138184, -3.169938325881958, 6.959891319274902, 1.5679770708084106, -2.396557569503784, 42.89714813232422, 2.645014762878418, -5.070220947265625, 4.392717361450195, 4.761800289154053], [4.395195960998535, -6.539604663848877, 5.861532688140869, 0.1787506490945816, 5.0163893699646, 5.869436740875244, 2.393526077270508, 0.885017454624176, 2.3641247749328613, 7.725955486297607, 3.315704345703125, 1.8506712913513184, -4.564971923828125, -1.822144865989685, -7.549858093261719, 0.4488467872142792, 2.645014762878418, 29.929759979248047, -4.787533283233643, 0.5296649932861328, 4.961336135864258], [2.0512380599975586, 5.485089302062988, -3.474024534225464, -4.852600574493408, 0.2296280860900879, -7.872951507568359, 0.4776497185230255, -3.20269513130188, -11.550210952758789, -3.9828200340270996, -0.33530092239379883, -4.24674654006958, -1.123412013053894, -4.091776371002197, -7.506827354431152, 1.1303002834320068, -5.070220947265625, -4.787533283233643, 20.605457305908203, 4.874387264251709, 1.0977189540863037], [4.622383117675781, -6.7312092781066895, 3.3064258098602295, -8.447178840637207, 1.4325006008148193, -5.174550533294678, 3.778594970703125, -0.527134358882904, 1.3109391927719116, 4.610104084014893, 3.1288602352142334, 6.784746170043945, 3.074134349822998, 2.202965021133423, -4.4908928871154785, -3.8480725288391113, 4.392717361450195, 0.5296649932861328, 4.874387264251709, 18.469112396240234, 1.1816329956054688], [-9.380010604858398, 2.687755584716797, -2.612898826599121, 0.5493590831756592, 6.945545196533203, 0.465595006942749, -0.3347897529602051, 2.92240047454834, -8.522027015686035, 1.2160426378250122, 0.13884234428405762, 4.15010929107666, -3.8560805320739746, 5.445172309875488, -3.7618284225463867, 6.135988235473633, 4.761798858642578, 4.961336612701416, 1.0977187156677246, 1.1816332340240479, 24.792438507080078]], "type": "heatmap"}], "layout": {"template": {"data": {"histogram2dcontour": [{"type": "histogram2dcontour", "colorbar": {"outlinewidth": 0, "ticks": ""}, "colorscale": [[0.0, "#0d0887"], [0.1111111111111111, "#46039f"], [0.2222222222222222, "#7201a8"], [0.3333333333333333, "#9c179e"], [0.4444444444444444, "#bd3786"], [0.5555555555555556, "#d8576b"], [0.6666666666666666, "#ed7953"], [0.7777777777777778, "#fb9f3a"], [0.8888888888888888, "#fdca26"], [1.0, "#f0f921"]]}], "choropleth": [{"type": "choropleth", "colorbar": {"outlinewidth": 0, "ticks": ""}}], "histogram2d": [{"type": "histogram2d", "colorbar": {"outlinewidth": 0, "ticks": ""}, "colorscale": [[0.0, "#0d0887"], [0.1111111111111111, "#46039f"], [0.2222222222222222, "#7201a8"], [0.3333333333333333, "#9c179e"], [0.4444444444444444, "#bd3786"], [0.5555555555555556, "#d8576b"], [0.6666666666666666, "#ed7953"], [0.7777777777777778, "#fb9f3a"], [0.8888888888888888, "#fdca26"], [1.0, "#f0f921"]]}], "heatmap": [{"type": "heatmap", "colorbar": {"outlinewidth": 0, "ticks": ""}, "colorscale": [[0.0, "#0d0887"], [0.1111111111111111, "#46039f"], [0.2222222222222222, "#7201a8"], [0.3333333333333333, "#9c179e"], [0.4444444444444444, "#bd3786"], [0.5555555555555556, "#d8576b"], [0.6666666666666666, "#ed7953"], [0.7777777777777778, "#fb9f3a"], [0.8888888888888888, "#fdca26"], [1.0, "#f0f921"]]}], "heatmapgl": [{"type": "heatmapgl", "colorbar": {"outlinewidth": 0, "ticks": ""}, "colorscale": [[0.0, "#0d0887"], [0.1111111111111111, "#46039f"], [0.2222222222222222, "#7201a8"], [0.3333333333333333, "#9c179e"], [0.4444444444444444, "#bd3786"], [0.5555555555555556, "#d8576b"], [0.6666666666666666, "#ed7953"], [0.7777777777777778, "#fb9f3a"], [0.8888888888888888, "#fdca26"], [1.0, "#f0f921"]]}], "contourcarpet": [{"type": "contourcarpet", "colorbar": {"outlinewidth": 0, "ticks": ""}}], "contour": [{"type": "contour", "colorbar": {"outlinewidth": 0, "ticks": ""}, "colorscale": [[0.0, "#0d0887"], [0.1111111111111111, "#46039f"], [0.2222222222222222, "#7201a8"], [0.3333333333333333, "#9c179e"], [0.4444444444444444, "#bd3786"], [0.5555555555555556, "#d8576b"], [0.6666666666666666, "#ed7953"], [0.7777777777777778, "#fb9f3a"], [0.8888888888888888, "#fdca26"], [1.0, "#f0f921"]]}], "surface": [{"type": "surface", "colorbar": {"outlinewidth": 0, "ticks": ""}, "colorscale": [[0.0, "#0d0887"], [0.1111111111111111, "#46039f"], [0.2222222222222222, "#7201a8"], [0.3333333333333333, "#9c179e"], [0.4444444444444444, "#bd3786"], [0.5555555555555556, "#d8576b"], [0.6666666666666666, "#ed7953"], [0.7777777777777778, "#fb9f3a"], [0.8888888888888888, "#fdca26"], [1.0, "#f0f921"]]}], "mesh3d": [{"type": "mesh3d", "colorbar": {"outlinewidth": 0, "ticks": ""}}], "scatter": [{"fillpattern": {"fillmode": "overlay", "size": 10, "solidity": 0.2}, "type": "scatter"}], "parcoords": [{"type": "parcoords", "line": {"colorbar": {"outlinewidth": 0, "ticks": ""}}}], "scatterpolargl": [{"type": "scatterpolargl", "marker": {"colorbar": {"outlinewidth": 0, "ticks": ""}}}], "bar": [{"error_x": {"color": "#2a3f5f"}, "error_y": {"color": "#2a3f5f"}, "marker": {"line": {"color": "#E5ECF6", "width": 0.5}, "pattern": {"fillmode": "overlay", "size": 10, "solidity": 0.2}}, "type": "bar"}], "scattergeo": [{"type": "scattergeo", "marker": {"colorbar": {"outlinewidth": 0, "ticks": ""}}}], "scatterpolar": [{"type": "scatterpolar", "marker": {"colorbar": {"outlinewidth": 0, "ticks": ""}}}], "histogram": [{"marker": {"pattern": {"fillmode": "overlay", "size": 10, "solidity": 0.2}}, "type": "histogram"}], "scattergl": [{"type": "scattergl", "marker": {"colorbar": {"outlinewidth": 0, "ticks": ""}}}], "scatter3d": [{"type": "scatter3d", "line": {"colorbar": {"outlinewidth": 0, "ticks": ""}}, "marker": {"colorbar": {"outlinewidth": 0, "ticks": ""}}}], "scattermapbox": [{"type": "scattermapbox", "marker": {"colorbar": {"outlinewidth": 0, "ticks": ""}}}], "scatterternary": [{"type": "scatterternary", "marker": {"colorbar": {"outlinewidth": 0, "ticks": ""}}}], "scattercarpet": [{"type": "scattercarpet", "marker": {"colorbar": {"outlinewidth": 0, "ticks": ""}}}], "carpet": [{"aaxis": {"endlinecolor": "#2a3f5f", "gridcolor": "white", "linecolor": "white", "minorgridcolor": "white", "startlinecolor": "#2a3f5f"}, "baxis": {"endlinecolor": "#2a3f5f", "gridcolor": "white", "linecolor": "white", "minorgridcolor": "white", "startlinecolor": "#2a3f5f"}, "type": "carpet"}], "table": [{"cells": {"fill": {"color": "#EBF0F8"}, "line": {"color": "white"}}, "header": {"fill": {"color": "#C8D4E3"}, "line": {"color": "white"}}, "type": "table"}], "barpolar": [{"marker": {"line": {"color": "#E5ECF6", "width": 0.5}, "pattern": {"fillmode": "overlay", "size": 10, "solidity": 0.2}}, "type": "barpolar"}], "pie": [{"automargin": true, "type": "pie"}]}, "layout": {"autotypenumbers": "strict", "colorway": ["#636efa", "#EF553B", "#00cc96", "#ab63fa", "#FFA15A", "#19d3f3", "#FF6692", "#B6E880", "#FF97FF", "#FECB52"], "font": {"color": "#2a3f5f"}, "hovermode": "closest", "hoverlabel": {"align": "left"}, "paper_bgcolor": "white", "plot_bgcolor": "#E5ECF6", "polar": {"bgcolor": "#E5ECF6", "angularaxis": {"gridcolor": "white", "linecolor": "white", "ticks": ""}, "radialaxis": {"gridcolor": "white", "linecolor": "white", "ticks": ""}}, "ternary": {"bgcolor": "#E5ECF6", "aaxis": {"gridcolor": "white", "linecolor": "white", "ticks": ""}, "baxis": {"gridcolor": "white", "linecolor": "white", "ticks": ""}, "caxis": {"gridcolor": "white", "linecolor": "white", "ticks": ""}}, "coloraxis": {"colorbar": {"outlinewidth": 0, "ticks": ""}}, "colorscale": {"sequential": [[0.0, "#0d0887"], [0.1111111111111111, "#46039f"], [0.2222222222222222, "#7201a8"], [0.3333333333333333, "#9c179e"], [0.4444444444444444, "#bd3786"], [0.5555555555555556, "#d8576b"], [0.6666666666666666, "#ed7953"], [0.7777777777777778, "#fb9f3a"], [0.8888888888888888, "#fdca26"], [1.0, "#f0f921"]], "sequentialminus": [[0.0, "#0d0887"], [0.1111111111111111, "#46039f"], [0.2222222222222222, "#7201a8"], [0.3333333333333333, "#9c179e"], [0.4444444444444444, "#bd3786"], [0.5555555555555556, "#d8576b"], [0.6666666666666666, "#ed7953"], [0.7777777777777778, "#fb9f3a"], [0.8888888888888888, "#fdca26"], [1.0, "#f0f921"]], "diverging": [[0, "#8e0152"], [0.1, "#c51b7d"], [0.2, "#de77ae"], [0.3, "#f1b6da"], [0.4, "#fde0ef"], [0.5, "#f7f7f7"], [0.6, "#e6f5d0"], [0.7, "#b8e186"], [0.8, "#7fbc41"], [0.9, "#4d9221"], [1, "#276419"]]}, "xaxis": {"gridcolor": "white", "linecolor": "white", "ticks": "", "title": {"standoff": 15}, "zerolinecolor": "white", "automargin": true, "zerolinewidth": 2}, "yaxis": {"gridcolor": "white", "linecolor": "white", "ticks": "", "title": {"standoff": 15}, "zerolinecolor": "white", "automargin": true, "zerolinewidth": 2}, "scene": {"xaxis": {"backgroundcolor": "#E5ECF6", "gridcolor": "white", "linecolor": "white", "showbackground": true, "ticks": "", "zerolinecolor": "white", "gridwidth": 2}, "yaxis": {"backgroundcolor": "#E5ECF6", "gridcolor": "white", "linecolor": "white", "showbackground": true, "ticks": "", "zerolinecolor": "white", "gridwidth": 2}, "zaxis": {"backgroundcolor": "#E5ECF6", "gridcolor": "white", "linecolor": "white", "showbackground": true, "ticks": "", "zerolinecolor": "white", "gridwidth": 2}}, "shapedefaults": {"line": {"color": "#2a3f5f"}}, "annotationdefaults": {"arrowcolor": "#2a3f5f", "arrowhead": 0, "arrowwidth": 1}, "geo": {"bgcolor": "white", "landcolor": "#E5ECF6", "subunitcolor": "white", "showland": true, "showlakes": true, "lakecolor": "white"}, "title": {"x": 0.05}, "mapbox": {"style": "light"}}}}}