{"data": [{"z": [[27.008155822753906, -3.1479790210723877, 3.049361228942871, -3.2309188842773438, -4.547950744628906, -0.7476805448532104, 2.7955734729766846, -3.5443296432495117, 4.787498474121094, -3.3130855560302734, 2.4910953044891357, -3.5375263690948486, -1.0501959323883057, -7.722097396850586, -0.9366003274917603, -3.8630247116088867, 4.379321575164795, 2.920527219772339, 2.4328644275665283, 3.4443392753601074, -8.668434143066406], [-3.1479790210723877, 33.9000129699707, -4.45566987991333, -4.829596519470215, -0.902008593082428, -8.883166313171387, -6.751873016357422, -3.066568374633789, 7.404211044311523, -6.084408760070801, 0.21495874226093292, -3.4359097480773926, 1.9256170988082886, 5.168448448181152, -0.8428295254707336, 0.87860107421875, -0.6770401000976562, -5.156097412109375, 4.790308952331543, -6.464463233947754, 2.4921486377716064], [3.049361228942871, -4.45566987991333, 10.51609992980957, -3.0903475284576416, -2.0121073722839355, 2.112663507461548, -0.00537917111068964, -0.11418744921684265, 3.9820456504821777, -0.8710545897483826, -0.3022753596305847, 4.518628120422363, 1.2525299787521362, 0.2776753604412079, -1.7558467388153076, 0.5181893706321716, -1.3565850257873535, 5.5148515701293945, -2.484250068664551, 2.9136719703674316, -1.913993000984192], [-3.2309188842773438, -4.829596519470215, -3.0903475284576416, 31.464841842651367, 2.4661145210266113, 5.511916160583496, 1.2823684215545654, 6.537027835845947, -7.8561859130859375, -1.9572761058807373, -2.6978936195373535, -3.572092056274414, 2.660341262817383, 7.137159824371338, 3.1263768672943115, 8.104171752929688, 0.30916720628738403, -1.2373878955841064, -2.575578451156616, -8.053869247436523, 0.89438396692276], [-4.547950744628906, -0.902008593082428, -2.0121073722839355, 2.4661145210266113, 23.403682708740234, 0.24929088354110718, -4.887375354766846, -2.5319108963012695, -0.48303166031837463, 5.22550630569458, 0.6752499938011169, 1.818045735359192, -0.4152871370315552, 2.8616104125976562, -4.421638488769531, 2.086453914642334, 6.760812759399414, 3.5106279850006104, 1.148353099822998, 0.42542922496795654, 6.475654125213623], [-0.7476805448532104, -8.883166313171387, 2.112663507461548, 5.511916160583496, 0.24929088354110718, 19.86558723449707, 6.124936103820801, -2.096806049346924, 2.5487985610961914, 2.6847851276397705, -1.691236972808838, 2.4116432666778564, -0.37831124663352966, 0.17525461316108704, -4.933472633361816, 2.631309747695923, -6.016378402709961, 6.425682067871094, -6.670665264129639, -3.3268589973449707, 1.1309784650802612], [2.7955734729766846, -6.751873016357422, -0.00537917111068964, 1.2823684215545654, -4.887375354766846, 6.124936103820801, 22.081480026245117, 8.429094314575195, -4.228085517883301, -2.6373302936553955, 5.1225714683532715, 2.419168710708618, 3.06148099899292, -0.14770588278770447, -11.292654991149902, 0.18177537620067596, -9.13208293914795, 2.8994317054748535, -0.3535888195037842, 4.089526653289795, 0.31931552290916443], [-3.5443296432495117, -3.066568374633789, -0.11418744921684265, 6.537027835845947, -2.5319108963012695, -2.096806049346924, 8.429094314575195, 23.82491111755371, -3.279921770095825, 4.282381057739258, 3.1291890144348145, -3.101832628250122, 6.28562593460083, -1.5947942733764648, 1.796799898147583, 1.6262750625610352, -0.8140749931335449, 0.99159836769104, -1.5389344692230225, 0.7483415603637695, 3.4913644790649414], [4.787498474121094, 7.404211044311523, 3.9820456504821777, -7.8561859130859375, -0.48303166031837463, 2.5487985610961914, -4.228085517883301, -3.279921770095825, 28.175601959228516, 9.531218528747559, 4.334773063659668, 0.7519097328186035, 2.30656361579895, -0.5419530272483826, -0.6096278429031372, -0.1407145857810974, 1.8444523811340332, 0.5528745651245117, -8.78997802734375, 0.49662065505981445, -8.169357299804688], [-3.3130855560302734, -6.084408760070801, -0.8710545897483826, -1.9572761058807373, 5.22550630569458, 2.6847851276397705, -2.6373302936553955, 4.282381057739258, 9.531218528747559, 24.062171936035156, 0.5734169483184814, -3.3692069053649902, 4.098476409912109, -3.09804105758667, 3.1906278133392334, -1.3669298887252808, 5.96170711517334, 5.763807773590088, -1.8197801113128662, 4.400110244750977, 1.4163695573806763], [2.4910953044891357, 0.21495874226093292, -0.3022753596305847, -2.6978936195373535, 0.6752499938011169, -1.691236972808838, 5.1225714683532715, 3.1291890144348145, 4.334773063659668, 0.5734169483184814, 18.890153884887695, 4.321613311767578, 1.5787334442138672, -5.864765644073486, -5.705182075500488, -2.032083749771118, -1.6214282512664795, 3.671954870223999, -0.25431931018829346, 2.656290292739868, 1.2385815382003784], [-3.5375263690948486, -3.4359097480773926, 4.518628120422363, -3.572092056274414, 1.818045735359192, 2.4116432666778564, 2.419168710708618, -3.101832628250122, 0.7519097328186035, -3.3692069053649902, 4.321613311767578, 14.596299171447754, 0.2911483943462372, 6.767162799835205, -5.219847202301025, 1.2097324132919312, 2.290296792984009, 1.390254020690918, -3.1509594917297363, 4.7900285720825195, 3.5650744438171387], [-1.0501959323883057, 1.9256170988082886, 1.2525299787521362, 2.660341262817383, -0.4152871370315552, -0.37831124663352966, 3.06148099899292, 6.28562593460083, 2.30656361579895, 4.098476409912109, 1.5787334442138672, 0.2911483943462372, 15.019430160522461, -0.7028294801712036, 3.2562878131866455, -0.6386959552764893, -2.9961581230163574, -4.996499538421631, 0.9673644304275513, 2.560091495513916, -3.5316519737243652], [-7.722097396850586, 5.168448448181152, 0.2776753604412079, 7.137159824371338, 2.8616104125976562, 0.17525461316108704, -0.14770588278770447, -1.5947942733764648, -0.5419530272483826, -3.09804105758667, -5.864765644073486, 6.767162799835205, -0.7028294801712036, 23.06779670715332, -6.119678974151611, 2.408202886581421, 4.84328556060791, -2.1992039680480957, -2.9687998294830322, 1.3976829051971436, 5.2239251136779785], [-0.9366003274917603, -0.8428295254707336, -1.7558467388153076, 3.1263768672943115, -4.421638488769531, -4.933472633361816, -11.292654991149902, 1.796799898147583, -0.6096278429031372, 3.1906278133392334, -5.705182075500488, -5.219847202301025, 3.2562878131866455, -6.119678974151611, 35.726707458496094, -5.741943359375, 4.024243354797363, -5.163599014282227, -6.984586715698242, -3.5755016803741455, -3.699455499649048], [-3.8630247116088867, 0.87860107421875, 0.5181893706321716, 8.104171752929688, 2.086453914642334, 2.631309747695923, 0.18177537620067596, 1.6262750625610352, -0.1407145857810974, -1.3669298887252808, -2.032083749771118, 1.2097324132919312, -0.6386959552764893, 2.408202886581421, -5.741943359375, 14.96081829071045, -1.2845697402954102, 0.8035922646522522, 2.0162038803100586, -2.5204896926879883, 6.391810417175293], [4.379322052001953, -0.6770399212837219, -1.3565847873687744, 0.3091668486595154, 6.760813236236572, -6.016378879547119, -9.13208293914795, -0.8140751123428345, 1.8444513082504272, 5.961705684661865, -1.62142813205719, 2.290296792984009, -2.9961583614349365, 4.84328556060791, 4.024242877960205, -1.2845696210861206, 36.492027282714844, 0.1696033477783203, -2.628589153289795, 3.469822645187378, 4.7757954597473145], [2.920527458190918, -5.156097888946533, 5.514851093292236, -1.2373875379562378, 3.5106277465820312, 6.425680637359619, 2.8994321823120117, 0.9915987849235535, 0.552874743938446, 5.7638068199157715, 3.6719536781311035, 1.3902541399002075, -4.996499061584473, -2.1992034912109375, -5.163599014282227, 0.8035922050476074, 0.1696033477783203, 26.594749450683594, -3.6210122108459473, -0.31106358766555786, 4.9905595779418945], [2.4328646659851074, 4.790308952331543, -2.48425030708313, -2.575578451156616, 1.1483527421951294, -6.670665740966797, -0.35358864068984985, -1.5389339923858643, -8.78997802734375, -1.8197802305221558, -0.25431954860687256, -3.1509597301483154, 0.9673646688461304, -2.9688000679016113, -6.984586238861084, 2.0162038803100586, -2.628589153289795, -3.6210122108459473, 18.81743621826172, 5.086644172668457, 1.1438748836517334], [3.4443392753601074, -6.464463233947754, 2.91367244720459, -8.05387020111084, 0.42542925477027893, -3.32685923576355, 4.089526653289795, 0.7483416199684143, 0.49662068486213684, 4.400109767913818, 2.656290054321289, 4.7900285720825195, 2.5600924491882324, 1.3976826667785645, -3.5755014419555664, -2.5204896926879883, 3.469822645187378, -0.31106358766555786, 5.086644172668457, 15.653796195983887, 0.6529437899589539], [-8.668435096740723, 2.4921483993530273, -1.9139928817749023, 0.8943843841552734, 6.475654602050781, 1.1309787034988403, 0.31931543350219727, 3.4913644790649414, -8.169357299804688, 1.4163694381713867, 1.2385814189910889, 3.5650742053985596, -3.5316519737243652, 5.223926067352295, -3.6994547843933105, 6.391809940338135, 4.775795936584473, 4.9905595779418945, 1.1438746452331543, 0.6529435515403748, 24.792438507080078]], "type": "heatmap"}], "layout": {"template": {"data": {"histogram2dcontour": [{"type": "histogram2dcontour", "colorbar": {"outlinewidth": 0, "ticks": ""}, "colorscale": [[0.0, "#0d0887"], [0.1111111111111111, "#46039f"], [0.2222222222222222, "#7201a8"], [0.3333333333333333, "#9c179e"], [0.4444444444444444, "#bd3786"], [0.5555555555555556, "#d8576b"], [0.6666666666666666, "#ed7953"], [0.7777777777777778, "#fb9f3a"], [0.8888888888888888, "#fdca26"], [1.0, "#f0f921"]]}], "choropleth": [{"type": "choropleth", "colorbar": {"outlinewidth": 0, "ticks": ""}}], "histogram2d": [{"type": "histogram2d", "colorbar": {"outlinewidth": 0, "ticks": ""}, "colorscale": [[0.0, "#0d0887"], [0.1111111111111111, "#46039f"], [0.2222222222222222, "#7201a8"], [0.3333333333333333, "#9c179e"], [0.4444444444444444, "#bd3786"], [0.5555555555555556, "#d8576b"], [0.6666666666666666, "#ed7953"], [0.7777777777777778, "#fb9f3a"], [0.8888888888888888, "#fdca26"], [1.0, "#f0f921"]]}], "heatmap": [{"type": "heatmap", "colorbar": {"outlinewidth": 0, "ticks": ""}, "colorscale": [[0.0, "#0d0887"], [0.1111111111111111, "#46039f"], [0.2222222222222222, "#7201a8"], [0.3333333333333333, "#9c179e"], [0.4444444444444444, "#bd3786"], [0.5555555555555556, "#d8576b"], [0.6666666666666666, "#ed7953"], [0.7777777777777778, "#fb9f3a"], [0.8888888888888888, "#fdca26"], [1.0, "#f0f921"]]}], "heatmapgl": [{"type": "heatmapgl", "colorbar": {"outlinewidth": 0, "ticks": ""}, "colorscale": [[0.0, "#0d0887"], [0.1111111111111111, "#46039f"], [0.2222222222222222, "#7201a8"], [0.3333333333333333, "#9c179e"], [0.4444444444444444, "#bd3786"], [0.5555555555555556, "#d8576b"], [0.6666666666666666, "#ed7953"], [0.7777777777777778, "#fb9f3a"], [0.8888888888888888, "#fdca26"], [1.0, "#f0f921"]]}], "contourcarpet": [{"type": "contourcarpet", "colorbar": {"outlinewidth": 0, "ticks": ""}}], "contour": [{"type": "contour", "colorbar": {"outlinewidth": 0, "ticks": ""}, "colorscale": [[0.0, "#0d0887"], [0.1111111111111111, "#46039f"], [0.2222222222222222, "#7201a8"], [0.3333333333333333, "#9c179e"], [0.4444444444444444, "#bd3786"], [0.5555555555555556, "#d8576b"], [0.6666666666666666, "#ed7953"], [0.7777777777777778, "#fb9f3a"], [0.8888888888888888, "#fdca26"], [1.0, "#f0f921"]]}], "surface": [{"type": "surface", "colorbar": {"outlinewidth": 0, "ticks": ""}, "colorscale": [[0.0, "#0d0887"], [0.1111111111111111, "#46039f"], [0.2222222222222222, "#7201a8"], [0.3333333333333333, "#9c179e"], [0.4444444444444444, "#bd3786"], [0.5555555555555556, "#d8576b"], [0.6666666666666666, "#ed7953"], [0.7777777777777778, "#fb9f3a"], [0.8888888888888888, "#fdca26"], [1.0, "#f0f921"]]}], "mesh3d": [{"type": "mesh3d", "colorbar": {"outlinewidth": 0, "ticks": ""}}], "scatter": [{"fillpattern": {"fillmode": "overlay", "size": 10, "solidity": 0.2}, "type": "scatter"}], "parcoords": [{"type": "parcoords", "line": {"colorbar": {"outlinewidth": 0, "ticks": ""}}}], "scatterpolargl": [{"type": "scatterpolargl", "marker": {"colorbar": {"outlinewidth": 0, "ticks": ""}}}], "bar": [{"error_x": {"color": "#2a3f5f"}, "error_y": {"color": "#2a3f5f"}, "marker": {"line": {"color": "#E5ECF6", "width": 0.5}, "pattern": {"fillmode": "overlay", "size": 10, "solidity": 0.2}}, "type": "bar"}], "scattergeo": [{"type": "scattergeo", "marker": {"colorbar": {"outlinewidth": 0, "ticks": ""}}}], "scatterpolar": [{"type": "scatterpolar", "marker": {"colorbar": {"outlinewidth": 0, "ticks": ""}}}], "histogram": [{"marker": {"pattern": {"fillmode": "overlay", "size": 10, "solidity": 0.2}}, "type": "histogram"}], "scattergl": [{"type": "scattergl", "marker": {"colorbar": {"outlinewidth": 0, "ticks": ""}}}], "scatter3d": [{"type": "scatter3d", "line": {"colorbar": {"outlinewidth": 0, "ticks": ""}}, "marker": {"colorbar": {"outlinewidth": 0, "ticks": ""}}}], "scattermapbox": [{"type": "scattermapbox", "marker": {"colorbar": {"outlinewidth": 0, "ticks": ""}}}], "scatterternary": [{"type": "scatterternary", "marker": {"colorbar": {"outlinewidth": 0, "ticks": ""}}}], "scattercarpet": [{"type": "scattercarpet", "marker": {"colorbar": {"outlinewidth": 0, "ticks": ""}}}], "carpet": [{"aaxis": {"endlinecolor": "#2a3f5f", "gridcolor": "white", "linecolor": "white", "minorgridcolor": "white", "startlinecolor": "#2a3f5f"}, "baxis": {"endlinecolor": "#2a3f5f", "gridcolor": "white", "linecolor": "white", "minorgridcolor": "white", "startlinecolor": "#2a3f5f"}, "type": "carpet"}], "table": [{"cells": {"fill": {"color": "#EBF0F8"}, "line": {"color": "white"}}, "header": {"fill": {"color": "#C8D4E3"}, "line": {"color": "white"}}, "type": "table"}], "barpolar": [{"marker": {"line": {"color": "#E5ECF6", "width": 0.5}, "pattern": {"fillmode": "overlay", "size": 10, "solidity": 0.2}}, "type": "barpolar"}], "pie": [{"automargin": true, "type": "pie"}]}, "layout": {"autotypenumbers": "strict", "colorway": ["#636efa", "#EF553B", "#00cc96", "#ab63fa", "#FFA15A", "#19d3f3", "#FF6692", "#B6E880", "#FF97FF", "#FECB52"], "font": {"color": "#2a3f5f"}, "hovermode": "closest", "hoverlabel": {"align": "left"}, "paper_bgcolor": "white", "plot_bgcolor": "#E5ECF6", "polar": {"bgcolor": "#E5ECF6", "angularaxis": {"gridcolor": "white", "linecolor": "white", "ticks": ""}, "radialaxis": {"gridcolor": "white", "linecolor": "white", "ticks": ""}}, "ternary": {"bgcolor": "#E5ECF6", "aaxis": {"gridcolor": "white", "linecolor": "white", "ticks": ""}, "baxis": {"gridcolor": "white", "linecolor": "white", "ticks": ""}, "caxis": {"gridcolor": "white", "linecolor": "white", "ticks": ""}}, "coloraxis": {"colorbar": {"outlinewidth": 0, "ticks": ""}}, "colorscale": {"sequential": [[0.0, "#0d0887"], [0.1111111111111111, "#46039f"], [0.2222222222222222, "#7201a8"], [0.3333333333333333, "#9c179e"], [0.4444444444444444, "#bd3786"], [0.5555555555555556, "#d8576b"], [0.6666666666666666, "#ed7953"], [0.7777777777777778, "#fb9f3a"], [0.8888888888888888, "#fdca26"], [1.0, "#f0f921"]], "sequentialminus": [[0.0, "#0d0887"], [0.1111111111111111, "#46039f"], [0.2222222222222222, "#7201a8"], [0.3333333333333333, "#9c179e"], [0.4444444444444444, "#bd3786"], [0.5555555555555556, "#d8576b"], [0.6666666666666666, "#ed7953"], [0.7777777777777778, "#fb9f3a"], [0.8888888888888888, "#fdca26"], [1.0, "#f0f921"]], "diverging": [[0, "#8e0152"], [0.1, "#c51b7d"], [0.2, "#de77ae"], [0.3, "#f1b6da"], [0.4, "#fde0ef"], [0.5, "#f7f7f7"], [0.6, "#e6f5d0"], [0.7, "#b8e186"], [0.8, "#7fbc41"], [0.9, "#4d9221"], [1, "#276419"]]}, "xaxis": {"gridcolor": "white", "linecolor": "white", "ticks": "", "title": {"standoff": 15}, "zerolinecolor": "white", "automargin": true, "zerolinewidth": 2}, "yaxis": {"gridcolor": "white", "linecolor": "white", "ticks": "", "title": {"standoff": 15}, "zerolinecolor": "white", "automargin": true, "zerolinewidth": 2}, "scene": {"xaxis": {"backgroundcolor": "#E5ECF6", "gridcolor": "white", "linecolor": "white", "showbackground": true, "ticks": "", "zerolinecolor": "white", "gridwidth": 2}, "yaxis": {"backgroundcolor": "#E5ECF6", "gridcolor": "white", "linecolor": "white", "showbackground": true, "ticks": "", "zerolinecolor": "white", "gridwidth": 2}, "zaxis": {"backgroundcolor": "#E5ECF6", "gridcolor": "white", "linecolor": "white", "showbackground": true, "ticks": "", "zerolinecolor": "white", "gridwidth": 2}}, "shapedefaults": {"line": {"color": "#2a3f5f"}}, "annotationdefaults": {"arrowcolor": "#2a3f5f", "arrowhead": 0, "arrowwidth": 1}, "geo": {"bgcolor": "white", "landcolor": "#E5ECF6", "subunitcolor": "white", "showland": true, "showlakes": true, "lakecolor": "white"}, "title": {"x": 0.05}, "mapbox": {"style": "light"}}}}}