{"data": [{"z": [[26.97442626953125, -3.1413216590881348, 3.049156904220581, -3.2210936546325684, -4.541703224182129, -0.7314090728759766, 2.804856538772583, -3.5250539779663086, 4.795451641082764, -3.300344467163086, 2.49703049659729, -3.5259392261505127, -1.0405079126358032, -7.702634334564209, -0.9297592639923096, -3.842850685119629, 4.375816822052002, 2.9169321060180664, 2.43662691116333, 3.444700241088867, -8.657564163208008], [-3.1413216590881348, 33.856292724609375, -4.449455738067627, -4.819826126098633, -0.8906112909317017, -8.86420726776123, -6.739545822143555, -3.0494771003723145, 7.410594463348389, -6.064584732055664, 0.2258756309747696, -3.4294023513793945, 1.9353920221328735, 5.172055721282959, -0.8508076071739197, 0.8824553489685059, -0.655961275100708, -5.148853302001953, 4.789158821105957, -6.452536582946777, 2.496912717819214], [3.049156904220581, -4.449455738067627, 10.510170936584473, -3.077599048614502, -1.9972583055496216, 2.1295812129974365, 0.004211708903312683, -0.10418526828289032, 3.9838199615478516, -0.8595715761184692, -0.28724727034568787, 4.528965950012207, 1.2591888904571533, 0.29112565517425537, -1.7443656921386719, 0.5317143797874451, -1.3433127403259277, 5.513134002685547, -2.4747586250305176, 2.9247584342956543, -1.9094090461730957], [-3.2210936546325684, -4.819826126098633, -3.077599048614502, 31.418895721435547, 2.4812395572662354, 5.530660152435303, 1.2814064025878906, 6.529544830322266, -7.855411529541016, -1.9600175619125366, -2.6825180053710938, -3.5545849800109863, 2.639514446258545, 7.150091171264648, 3.139801502227783, 8.112532615661621, 0.31018781661987305, -1.2356239557266235, -2.5546908378601074, -8.038681983947754, 0.9130460619926453], [-4.541703224182129, -0.8906112909317017, -1.9972583055496216, 2.4812395572662354, 23.37748908996582, 0.26431530714035034, -4.876339435577393, -2.5071399211883545, -0.4736193120479584, 5.233522415161133, 0.6887332201004028, 1.827114224433899, -0.4069450795650482, 2.8699417114257812, -4.407127857208252, 2.0943443775177, 6.7598466873168945, 3.516801118850708, 1.152331829071045, 0.4305192828178406, 6.476182460784912], [-0.7314090728759766, -8.86420726776123, 2.1295812129974365, 5.530660152435303, 0.26431530714035034, 19.85280990600586, 6.131042003631592, -2.076678991317749, 2.569849967956543, 2.70082688331604, -1.678762435913086, 2.444446325302124, -0.3509024977684021, 0.1985301822423935, -4.920564651489258, 2.6504642963409424, -5.980277061462402, 6.446307182312012, -6.659695148468018, -3.2956275939941406, 1.1280732154846191], [2.804856538772583, -6.739545822143555, 0.004211708903312683, 1.2814064025878906, -4.876339435577393, 6.131042003631592, 22.0450439453125, 8.425044059753418, -4.211774826049805, -2.635852813720703, 5.116910934448242, 2.429692506790161, 3.0654523372650146, -0.145983025431633, -11.279919624328613, 0.1853054016828537, -9.103052139282227, 2.903203248977661, -0.35071343183517456, 4.089111328125, 0.31462642550468445], [-3.5250539779663086, -3.0494771003723145, -0.10418526828289032, 6.529544830322266, -2.5071399211883545, -2.076678991317749, 8.425044059753418, 23.79598045349121, -3.267699956893921, 4.2856268882751465, 3.1404449939727783, -3.0666611194610596, 6.289151668548584, -1.5825515985488892, 1.8113285303115845, 1.6465625762939453, -0.8004307746887207, 1.0098038911819458, -1.5259628295898438, 0.7742981910705566, 3.5014567375183105], [4.795451641082764, 7.410594463348389, 3.9838199615478516, -7.855411529541016, -0.4736193120479584, 2.569849967956543, -4.211774826049805, -3.267699956893921, 28.147573471069336, 9.521032333374023, 4.338410377502441, 0.7600209712982178, 2.3105967044830322, -0.5375877618789673, -0.5899852514266968, -0.12227305769920349, 1.840613842010498, 0.558600902557373, -8.771429061889648, 0.5050771236419678, -8.153420448303223], [-3.300344467163086, -6.064584732055664, -0.8595715761184692, -1.9600175619125366, 5.233522415161133, 2.70082688331604, -2.635852813720703, 4.2856268882751465, 9.521032333374023, 24.038314819335938, 0.5813817977905273, -3.345686674118042, 4.095859050750732, -3.0879998207092285, 3.2080767154693604, -1.3493170738220215, 5.963029861450195, 5.765203952789307, -1.8108848333358765, 4.411240577697754, 1.424291968345642], [2.49703049659729, 0.2258756309747696, -0.28724727034568787, -2.6825180053710938, 0.6887332201004028, -1.678762435913086, 5.116910934448242, 3.1404449939727783, 4.338410377502441, 0.5813817977905273, 18.863239288330078, 4.33154821395874, 1.5851198434829712, -5.850995063781738, -5.6884050369262695, -2.010260581970215, -1.5992108583450317, 3.678743839263916, -0.2537257671356201, 2.661942958831787, 1.2362558841705322], [-3.5259392261505127, -3.4294023513793945, 4.528965950012207, -3.5545849800109863, 1.827114224433899, 2.444446325302124, 2.429692506790161, -3.0666611194610596, 0.7600209712982178, -3.345686674118042, 4.33154821395874, 14.572955131530762, 0.3038542866706848, 6.772101879119873, -5.209761142730713, 1.235158920288086, 2.298452615737915, 1.4061659574508667, -3.131758213043213, 4.786063194274902, 3.578352451324463], [-1.0405079126358032, 1.9353920221328735, 1.2591888904571533, 2.639514446258545, -0.4069450795650482, -0.3509024977684021, 3.0654523372650146, 6.289151668548584, 2.3105967044830322, 4.095859050750732, 1.5851198434829712, 0.3038542866706848, 14.992847442626953, -0.67923504114151, 3.2623302936553955, -0.6188915371894836, -2.9841995239257812, -4.984971046447754, 0.9863739013671875, 2.5665488243103027, -3.5121052265167236], [-7.702634334564209, 5.172055721282959, 0.29112565517425537, 7.150091171264648, 2.8699417114257812, 0.1985301822423935, -0.145983025431633, -1.5825515985488892, -0.5375877618789673, -3.0879998207092285, -5.850995063781738, 6.772101879119873, -0.67923504114151, 23.034191131591797, -6.088459014892578, 2.422607421875, 4.852468967437744, -2.189276695251465, -2.9654040336608887, 1.4097249507904053, 5.22301721572876], [-0.9297592639923096, -0.8508076071739197, -1.7443656921386719, 3.139801502227783, -4.407127857208252, -4.920564651489258, -11.279919624328613, 1.8113285303115845, -0.5899852514266968, 3.2080767154693604, -5.6884050369262695, -5.209761142730713, 3.2623302936553955, -6.088459014892578, 35.69285583496094, -5.718804836273193, 4.048346519470215, -5.146383285522461, -6.966796398162842, -3.5678563117980957, -3.6994469165802], [-3.842850685119629, 0.8824553489685059, 0.5317143797874451, 8.112532615661621, 2.0943443775177, 2.6504642963409424, 0.1853054016828537, 1.6465625762939453, -0.12227305769920349, -1.3493170738220215, -2.010260581970215, 1.235158920288086, -0.6188915371894836, 2.422607421875, -5.718804836273193, 14.947936058044434, -1.2574775218963623, 0.8259680271148682, 2.0242161750793457, -2.490086555480957, 6.387341022491455], [4.375818252563477, -0.6559609174728394, -1.3433125019073486, 0.3101877272129059, 6.759846210479736, -5.980276584625244, -9.103053092956543, -0.8004308938980103, 1.8406139612197876, 5.9630303382873535, -1.5992107391357422, 2.298452854156494, -2.9841995239257812, 4.852469444274902, 4.048346519470215, -1.2574777603149414, 36.45551300048828, 0.173065185546875, -2.6088995933532715, 3.481189727783203, 4.782242774963379], [2.9169321060180664, -5.148853778839111, 5.513133525848389, -1.2356237173080444, 3.516801118850708, 6.446308135986328, 2.903202772140503, 1.009804606437683, 0.5586013197898865, 5.765203475952148, 3.678744077682495, 1.406166434288025, -4.984970569610596, -2.1892764568328857, -5.146384239196777, 0.8259679079055786, 0.173065185546875, 26.573816299438477, -3.6100916862487793, -0.30198729038238525, 5.002310276031494], [2.4366276264190674, 4.789159774780273, -2.4747586250305176, -2.5546905994415283, 1.152331829071045, -6.659695148468018, -0.35071367025375366, -1.525962233543396, -8.771430969238281, -1.8108851909637451, -0.2537257969379425, -3.131757974624634, 0.9863736629486084, -2.9654037952423096, -6.966795921325684, 2.0242159366607666, -2.6088995933532715, -3.6100916862487793, 18.8057861328125, 5.09163236618042, 1.1396106481552124], [3.44469952583313, -6.452537536621094, 2.924758195877075, -8.03868293762207, 0.4305192828178406, -3.2956275939941406, 4.089111804962158, 0.7742984294891357, 0.5050771236419678, 4.411240577697754, 2.6619434356689453, 4.7860636711120605, 2.5665488243103027, 1.4097250699996948, -3.5678563117980957, -2.490086793899536, 3.481189727783203, -0.30198729038238525, 5.09163236618042, 15.626571655273438, 0.6615819931030273], [-8.657564163208008, 2.496913194656372, -1.9094090461730957, 0.91304612159729, 6.47618293762207, 1.1280732154846191, 0.31462693214416504, 3.5014567375183105, -8.153419494628906, 1.4242924451828003, 1.2362562417984009, 3.578352451324463, -3.5121054649353027, 5.223017692565918, -3.6994471549987793, 6.387340545654297, 4.7822418212890625, 5.002310752868652, 1.1396105289459229, 0.6615820527076721, 24.792438507080078]], "type": "heatmap"}], "layout": {"template": {"data": {"histogram2dcontour": [{"type": "histogram2dcontour", "colorbar": {"outlinewidth": 0, "ticks": ""}, "colorscale": [[0.0, "#0d0887"], [0.1111111111111111, "#46039f"], [0.2222222222222222, "#7201a8"], [0.3333333333333333, "#9c179e"], [0.4444444444444444, "#bd3786"], [0.5555555555555556, "#d8576b"], [0.6666666666666666, "#ed7953"], [0.7777777777777778, "#fb9f3a"], [0.8888888888888888, "#fdca26"], [1.0, "#f0f921"]]}], "choropleth": [{"type": "choropleth", "colorbar": {"outlinewidth": 0, "ticks": ""}}], "histogram2d": [{"type": "histogram2d", "colorbar": {"outlinewidth": 0, "ticks": ""}, "colorscale": [[0.0, "#0d0887"], [0.1111111111111111, "#46039f"], [0.2222222222222222, "#7201a8"], [0.3333333333333333, "#9c179e"], [0.4444444444444444, "#bd3786"], [0.5555555555555556, "#d8576b"], [0.6666666666666666, "#ed7953"], [0.7777777777777778, "#fb9f3a"], [0.8888888888888888, "#fdca26"], [1.0, "#f0f921"]]}], "heatmap": [{"type": "heatmap", "colorbar": {"outlinewidth": 0, "ticks": ""}, "colorscale": [[0.0, "#0d0887"], [0.1111111111111111, "#46039f"], [0.2222222222222222, "#7201a8"], [0.3333333333333333, "#9c179e"], [0.4444444444444444, "#bd3786"], [0.5555555555555556, "#d8576b"], [0.6666666666666666, "#ed7953"], [0.7777777777777778, "#fb9f3a"], [0.8888888888888888, "#fdca26"], [1.0, "#f0f921"]]}], "heatmapgl": [{"type": "heatmapgl", "colorbar": {"outlinewidth": 0, "ticks": ""}, "colorscale": [[0.0, "#0d0887"], [0.1111111111111111, "#46039f"], [0.2222222222222222, "#7201a8"], [0.3333333333333333, "#9c179e"], [0.4444444444444444, "#bd3786"], [0.5555555555555556, "#d8576b"], [0.6666666666666666, "#ed7953"], [0.7777777777777778, "#fb9f3a"], [0.8888888888888888, "#fdca26"], [1.0, "#f0f921"]]}], "contourcarpet": [{"type": "contourcarpet", "colorbar": {"outlinewidth": 0, "ticks": ""}}], "contour": [{"type": "contour", "colorbar": {"outlinewidth": 0, "ticks": ""}, "colorscale": [[0.0, "#0d0887"], [0.1111111111111111, "#46039f"], [0.2222222222222222, "#7201a8"], [0.3333333333333333, "#9c179e"], [0.4444444444444444, "#bd3786"], [0.5555555555555556, "#d8576b"], [0.6666666666666666, "#ed7953"], [0.7777777777777778, "#fb9f3a"], [0.8888888888888888, "#fdca26"], [1.0, "#f0f921"]]}], "surface": [{"type": "surface", "colorbar": {"outlinewidth": 0, "ticks": ""}, "colorscale": [[0.0, "#0d0887"], [0.1111111111111111, "#46039f"], [0.2222222222222222, "#7201a8"], [0.3333333333333333, "#9c179e"], [0.4444444444444444, "#bd3786"], [0.5555555555555556, "#d8576b"], [0.6666666666666666, "#ed7953"], [0.7777777777777778, "#fb9f3a"], [0.8888888888888888, "#fdca26"], [1.0, "#f0f921"]]}], "mesh3d": [{"type": "mesh3d", "colorbar": {"outlinewidth": 0, "ticks": ""}}], "scatter": [{"fillpattern": {"fillmode": "overlay", "size": 10, "solidity": 0.2}, "type": "scatter"}], "parcoords": [{"type": "parcoords", "line": {"colorbar": {"outlinewidth": 0, "ticks": ""}}}], "scatterpolargl": [{"type": "scatterpolargl", "marker": {"colorbar": {"outlinewidth": 0, "ticks": ""}}}], "bar": [{"error_x": {"color": "#2a3f5f"}, "error_y": {"color": "#2a3f5f"}, "marker": {"line": {"color": "#E5ECF6", "width": 0.5}, "pattern": {"fillmode": "overlay", "size": 10, "solidity": 0.2}}, "type": "bar"}], "scattergeo": [{"type": "scattergeo", "marker": {"colorbar": {"outlinewidth": 0, "ticks": ""}}}], "scatterpolar": [{"type": "scatterpolar", "marker": {"colorbar": {"outlinewidth": 0, "ticks": ""}}}], "histogram": [{"marker": {"pattern": {"fillmode": "overlay", "size": 10, "solidity": 0.2}}, "type": "histogram"}], "scattergl": [{"type": "scattergl", "marker": {"colorbar": {"outlinewidth": 0, "ticks": ""}}}], "scatter3d": [{"type": "scatter3d", "line": {"colorbar": {"outlinewidth": 0, "ticks": ""}}, "marker": {"colorbar": {"outlinewidth": 0, "ticks": ""}}}], "scattermapbox": [{"type": "scattermapbox", "marker": {"colorbar": {"outlinewidth": 0, "ticks": ""}}}], "scatterternary": [{"type": "scatterternary", "marker": {"colorbar": {"outlinewidth": 0, "ticks": ""}}}], "scattercarpet": [{"type": "scattercarpet", "marker": {"colorbar": {"outlinewidth": 0, "ticks": ""}}}], "carpet": [{"aaxis": {"endlinecolor": "#2a3f5f", "gridcolor": "white", "linecolor": "white", "minorgridcolor": "white", "startlinecolor": "#2a3f5f"}, "baxis": {"endlinecolor": "#2a3f5f", "gridcolor": "white", "linecolor": "white", "minorgridcolor": "white", "startlinecolor": "#2a3f5f"}, "type": "carpet"}], "table": [{"cells": {"fill": {"color": "#EBF0F8"}, "line": {"color": "white"}}, "header": {"fill": {"color": "#C8D4E3"}, "line": {"color": "white"}}, "type": "table"}], "barpolar": [{"marker": {"line": {"color": "#E5ECF6", "width": 0.5}, "pattern": {"fillmode": "overlay", "size": 10, "solidity": 0.2}}, "type": "barpolar"}], "pie": [{"automargin": true, "type": "pie"}]}, "layout": {"autotypenumbers": "strict", "colorway": ["#636efa", "#EF553B", "#00cc96", "#ab63fa", "#FFA15A", "#19d3f3", "#FF6692", "#B6E880", "#FF97FF", "#FECB52"], "font": {"color": "#2a3f5f"}, "hovermode": "closest", "hoverlabel": {"align": "left"}, "paper_bgcolor": "white", "plot_bgcolor": "#E5ECF6", "polar": {"bgcolor": "#E5ECF6", "angularaxis": {"gridcolor": "white", "linecolor": "white", "ticks": ""}, "radialaxis": {"gridcolor": "white", "linecolor": "white", "ticks": ""}}, "ternary": {"bgcolor": "#E5ECF6", "aaxis": {"gridcolor": "white", "linecolor": "white", "ticks": ""}, "baxis": {"gridcolor": "white", "linecolor": "white", "ticks": ""}, "caxis": {"gridcolor": "white", "linecolor": "white", "ticks": ""}}, "coloraxis": {"colorbar": {"outlinewidth": 0, "ticks": ""}}, "colorscale": {"sequential": [[0.0, "#0d0887"], [0.1111111111111111, "#46039f"], [0.2222222222222222, "#7201a8"], [0.3333333333333333, "#9c179e"], [0.4444444444444444, "#bd3786"], [0.5555555555555556, "#d8576b"], [0.6666666666666666, "#ed7953"], [0.7777777777777778, "#fb9f3a"], [0.8888888888888888, "#fdca26"], [1.0, "#f0f921"]], "sequentialminus": [[0.0, "#0d0887"], [0.1111111111111111, "#46039f"], [0.2222222222222222, "#7201a8"], [0.3333333333333333, "#9c179e"], [0.4444444444444444, "#bd3786"], [0.5555555555555556, "#d8576b"], [0.6666666666666666, "#ed7953"], [0.7777777777777778, "#fb9f3a"], [0.8888888888888888, "#fdca26"], [1.0, "#f0f921"]], "diverging": [[0, "#8e0152"], [0.1, "#c51b7d"], [0.2, "#de77ae"], [0.3, "#f1b6da"], [0.4, "#fde0ef"], [0.5, "#f7f7f7"], [0.6, "#e6f5d0"], [0.7, "#b8e186"], [0.8, "#7fbc41"], [0.9, "#4d9221"], [1, "#276419"]]}, "xaxis": {"gridcolor": "white", "linecolor": "white", "ticks": "", "title": {"standoff": 15}, "zerolinecolor": "white", "automargin": true, "zerolinewidth": 2}, "yaxis": {"gridcolor": "white", "linecolor": "white", "ticks": "", "title": {"standoff": 15}, "zerolinecolor": "white", "automargin": true, "zerolinewidth": 2}, "scene": {"xaxis": {"backgroundcolor": "#E5ECF6", "gridcolor": "white", "linecolor": "white", "showbackground": true, "ticks": "", "zerolinecolor": "white", "gridwidth": 2}, "yaxis": {"backgroundcolor": "#E5ECF6", "gridcolor": "white", "linecolor": "white", "showbackground": true, "ticks": "", "zerolinecolor": "white", "gridwidth": 2}, "zaxis": {"backgroundcolor": "#E5ECF6", "gridcolor": "white", "linecolor": "white", "showbackground": true, "ticks": "", "zerolinecolor": "white", "gridwidth": 2}}, "shapedefaults": {"line": {"color": "#2a3f5f"}}, "annotationdefaults": {"arrowcolor": "#2a3f5f", "arrowhead": 0, "arrowwidth": 1}, "geo": {"bgcolor": "white", "landcolor": "#E5ECF6", "subunitcolor": "white", "showland": true, "showlakes": true, "lakecolor": "white"}, "title": {"x": 0.05}, "mapbox": {"style": "light"}}}}}