{"data": [{"z": [[26.970874786376953, -3.1400163173675537, 3.0500903129577637, -3.219529628753662, -4.540095329284668, -0.7273613214492798, 2.80643630027771, -3.5231311321258545, 4.79704475402832, -3.2990455627441406, 2.498893976211548, -3.5228631496429443, -1.0386730432510376, -7.700360298156738, -0.9311394095420837, -3.838249921798706, 4.374821662902832, 2.917114496231079, 2.4381003379821777, 3.445207357406616, -8.655451774597168], [-3.1400163173675537, 33.85040283203125, -4.448931694030762, -4.818445682525635, -0.8893194794654846, -8.861893653869629, -6.737542152404785, -3.0476999282836914, 7.410909652709961, -6.062335014343262, 0.22770562767982483, -3.4280054569244385, 1.9367095232009888, 5.171370029449463, -0.8495545387268066, 0.8842539191246033, -0.6559460163116455, -5.149260997772217, 4.789341926574707, -6.45088005065918, 2.4980978965759277], [3.0500903129577637, -4.448931694030762, 10.511107444763184, -3.0755178928375244, -1.9935860633850098, 2.1327593326568604, 0.0057805678807199, -0.10144700109958649, 3.9859955310821533, -0.856160044670105, -0.28529539704322815, 4.53239107131958, 1.2607208490371704, 0.29349103569984436, -1.7395371198654175, 0.5360697507858276, -1.3405375480651855, 5.513099670410156, -2.473447799682617, 2.926823139190674, -1.9074883460998535], [-3.219529628753662, -4.818445682525635, -3.0755178928375244, 31.412935256958008, 2.483581781387329, 5.535593509674072, 1.2812901735305786, 6.529092311859131, -7.855334758758545, -1.960267186164856, -2.679908275604248, -3.5514867305755615, 2.6368958950042725, 7.151272773742676, 3.1420412063598633, 8.114297866821289, 0.31025147438049316, -1.2367305755615234, -2.5520029067993164, -8.036188125610352, 0.915963351726532], [-4.540095329284668, -0.8893194794654846, -1.9935860633850098, 2.483581781387329, 23.37482261657715, 0.2692313492298126, -4.874466896057129, -2.5034611225128174, -0.47205251455307007, 5.234213829040527, 0.6911853551864624, 1.8288838863372803, -0.4060538113117218, 2.8705942630767822, -4.40621280670166, 2.095079183578491, 6.760704040527344, 3.5175621509552, 1.1529638767242432, 0.43301331996917725, 6.476120471954346], [-0.7273613214492798, -8.861893653869629, 2.1327593326568604, 5.535593509674072, 0.2692313492298126, 19.856464385986328, 6.133002281188965, -2.0701475143432617, 2.5737714767456055, 2.7037835121154785, -1.6767864227294922, 2.4503302574157715, -0.3464045524597168, 0.20188196003437042, -4.917484283447266, 2.655287742614746, -5.9743876457214355, 6.44865608215332, -6.65792989730835, -3.290614128112793, 1.1286643743515015], [2.80643630027771, -6.737542152404785, 0.0057805678807199, 1.2812901735305786, -4.874466896057129, 6.133002281188965, 22.041276931762695, 8.425122261047363, -4.20864725112915, -2.63386869430542, 5.117349624633789, 2.4314446449279785, 3.0669002532958984, -0.14500251412391663, -11.278016090393066, 0.18674993515014648, -9.098554611206055, 2.9042673110961914, -0.34999769926071167, 4.089073657989502, 0.3149273991584778], [-3.5231311321258545, -3.0476999282836914, -0.10144700109958649, 6.529092311859131, -2.5034611225128174, -2.0701475143432617, 8.425122261047363, 23.793540954589844, -3.264897108078003, 4.285693645477295, 3.1436679363250732, -3.0603082180023193, 6.2898850440979, -1.580270767211914, 1.813313364982605, 1.6504883766174316, -0.7967435717582703, 1.0111421346664429, -1.524543285369873, 0.778289258480072, 3.5039641857147217], [4.79704475402832, 7.410909652709961, 3.9859955310821533, -7.855334758758545, -0.47205251455307007, 2.5737714767456055, -4.20864725112915, -3.264897108078003, 28.14453887939453, 9.519773483276367, 4.339059352874756, 0.7616527676582336, 2.3111000061035156, -0.5369653701782227, -0.5872216820716858, -0.11787668615579605, 1.841372013092041, 0.5585718154907227, -8.769096374511719, 0.5066533088684082, -8.151355743408203], [-3.2990455627441406, -6.062335014343262, -0.856160044670105, -1.960267186164856, 5.234213829040527, 2.7037835121154785, -2.63386869430542, 4.285693645477295, 9.519773483276367, 24.0355167388916, 0.5829138159751892, -3.342503070831299, 4.095311164855957, -3.087568521499634, 3.2103326320648193, -1.3451318740844727, 5.962035179138184, 5.764686107635498, -1.809848666191101, 4.414228439331055, 1.4251196384429932], [2.498893976211548, 0.22770562767982483, -0.28529539704322815, -2.679908275604248, 0.6911853551864624, -1.6767864227294922, 5.117349624633789, 3.1436679363250732, 4.339059352874756, 0.5829138159751892, 18.861282348632812, 4.333975315093994, 1.5872647762298584, -5.848293781280518, -5.6879353523254395, -2.0056052207946777, -1.596372365951538, 3.6798136234283447, -0.2529275417327881, 2.663086175918579, 1.2366143465042114], [-3.5228631496429443, -3.4280054569244385, 4.53239107131958, -3.5514867305755615, 1.8288838863372803, 2.4503302574157715, 2.4314446449279785, -3.0603082180023193, 0.7616527676582336, -3.342503070831299, 4.333975315093994, 14.57174015045166, 0.30558791756629944, 6.7735114097595215, -5.210495471954346, 1.2398889064788818, 2.302480459213257, 1.4084035158157349, -3.1287426948547363, 4.786681175231934, 3.580512523651123], [-1.0386730432510376, 1.9367095232009888, 1.2607208490371704, 2.6368958950042725, -0.4060538113117218, -0.3464045524597168, 3.0669002532958984, 6.2898850440979, 2.3111000061035156, 4.095311164855957, 1.5872647762298584, 0.30558791756629944, 14.989349365234375, -0.6772077083587646, 3.26212739944458, -0.6156654953956604, -2.983020305633545, -4.985043048858643, 0.9888385534286499, 2.5680127143859863, -3.510559558868408], [-7.700360298156738, 5.171370029449463, 0.29349103569984436, 7.151272773742676, 2.8705942630767822, 0.20188196003437042, -0.14500251412391663, -1.580270767211914, -0.5369653701782227, -3.087568521499634, -5.848293781280518, 6.7735114097595215, -0.6772077083587646, 23.030094146728516, -6.085002422332764, 2.4256277084350586, 4.85178279876709, -2.190617084503174, -2.965524673461914, 1.4114875793457031, 5.223016738891602], [-0.9311394095420837, -0.8495545387268066, -1.7395371198654175, 3.1420412063598633, -4.40621280670166, -4.917484283447266, -11.278016090393066, 1.813313364982605, -0.5872216820716858, 3.2103326320648193, -5.6879353523254395, -5.210495471954346, 3.26212739944458, -6.085002422332764, 35.688846588134766, -5.718333721160889, 4.051772594451904, -5.143192291259766, -6.964946746826172, -3.562425136566162, -3.699585437774658], [-3.838249921798706, 0.8842539191246033, 0.5360697507858276, 8.114297866821289, 2.095079183578491, 2.655287742614746, 0.18674993515014648, 1.6504883766174316, -0.11787668615579605, -1.3451318740844727, -2.0056052207946777, 1.2398889064788818, -0.6156654953956604, 2.4256277084350586, -5.718333721160889, 14.948959350585938, -1.2522058486938477, 0.8292584419250488, 2.0259499549865723, -2.484678268432617, 6.387569427490234], [4.37482213973999, -0.65594482421875, -1.3405375480651855, 0.31025180220603943, 6.760704517364502, -5.974387168884277, -9.098554611206055, -0.796743631362915, 1.8413727283477783, 5.962034702301025, -1.5963722467422485, 2.3024802207946777, -2.983020305633545, 4.85178279876709, 4.051772594451904, -1.2522058486938477, 36.451988220214844, 0.1726071834564209, -2.605916976928711, 3.4827375411987305, 4.783149719238281], [2.917114734649658, -5.149261474609375, 5.5131001472473145, -1.236730933189392, 3.5175623893737793, 6.448655605316162, 2.9042670726776123, 1.0111411809921265, 0.5585721731185913, 5.764686584472656, 3.6798136234283447, 1.4084036350250244, -4.985043525695801, -2.190617322921753, -5.143192291259766, 0.8292585611343384, 0.1726071834564209, 26.569639205932617, -3.6097326278686523, -0.30159997940063477, 5.002581596374512], [2.4380998611450195, 4.789342880249023, -2.473447561264038, -2.5520031452178955, 1.1529638767242432, -6.65792989730835, -0.3499975800514221, -1.5245429277420044, -8.769096374511719, -1.809848666191101, -0.25292712450027466, -3.1287424564361572, 0.9888388514518738, -2.965524435043335, -6.964947700500488, 2.0259504318237305, -2.605916976928711, -3.6097326278686523, 18.80410385131836, 5.092307090759277, 1.13875412940979], [3.445207357406616, -6.45088005065918, 2.926823377609253, -8.036187171936035, 0.4330131709575653, -3.290614128112793, 4.089074611663818, 0.7782891988754272, 0.5066534280776978, 4.414228916168213, 2.663085699081421, 4.786680698394775, 2.568012237548828, 1.4114879369735718, -3.562424898147583, -2.484678030014038, 3.4827375411987305, -0.30159997940063477, 5.092307090759277, 15.623147010803223, 0.6646440029144287], [-8.655452728271484, 2.4980978965759277, -1.9074881076812744, 0.9159641265869141, 6.476119518280029, 1.1286640167236328, 0.3149280548095703, 3.503964424133301, -8.151355743408203, 1.4251197576522827, 1.236614465713501, 3.580512285232544, -3.510559320449829, 5.223016738891602, -3.6995849609375, 6.387569904327393, 4.783149719238281, 5.002581596374512, 1.138753890991211, 0.6646440625190735, 24.792438507080078]], "type": "heatmap"}], "layout": {"template": {"data": {"histogram2dcontour": [{"type": "histogram2dcontour", "colorbar": {"outlinewidth": 0, "ticks": ""}, "colorscale": [[0.0, "#0d0887"], [0.1111111111111111, "#46039f"], [0.2222222222222222, "#7201a8"], [0.3333333333333333, "#9c179e"], [0.4444444444444444, "#bd3786"], [0.5555555555555556, "#d8576b"], [0.6666666666666666, "#ed7953"], [0.7777777777777778, "#fb9f3a"], [0.8888888888888888, "#fdca26"], [1.0, "#f0f921"]]}], "choropleth": [{"type": "choropleth", "colorbar": {"outlinewidth": 0, "ticks": ""}}], "histogram2d": [{"type": "histogram2d", "colorbar": {"outlinewidth": 0, "ticks": ""}, "colorscale": [[0.0, "#0d0887"], [0.1111111111111111, "#46039f"], [0.2222222222222222, "#7201a8"], [0.3333333333333333, "#9c179e"], [0.4444444444444444, "#bd3786"], [0.5555555555555556, "#d8576b"], [0.6666666666666666, "#ed7953"], [0.7777777777777778, "#fb9f3a"], [0.8888888888888888, "#fdca26"], [1.0, "#f0f921"]]}], "heatmap": [{"type": "heatmap", "colorbar": {"outlinewidth": 0, "ticks": ""}, "colorscale": [[0.0, "#0d0887"], [0.1111111111111111, "#46039f"], [0.2222222222222222, "#7201a8"], [0.3333333333333333, "#9c179e"], [0.4444444444444444, "#bd3786"], [0.5555555555555556, "#d8576b"], [0.6666666666666666, "#ed7953"], [0.7777777777777778, "#fb9f3a"], [0.8888888888888888, "#fdca26"], [1.0, "#f0f921"]]}], "heatmapgl": [{"type": "heatmapgl", "colorbar": {"outlinewidth": 0, "ticks": ""}, "colorscale": [[0.0, "#0d0887"], [0.1111111111111111, "#46039f"], [0.2222222222222222, "#7201a8"], [0.3333333333333333, "#9c179e"], [0.4444444444444444, "#bd3786"], [0.5555555555555556, "#d8576b"], [0.6666666666666666, "#ed7953"], [0.7777777777777778, "#fb9f3a"], [0.8888888888888888, "#fdca26"], [1.0, "#f0f921"]]}], "contourcarpet": [{"type": "contourcarpet", "colorbar": {"outlinewidth": 0, "ticks": ""}}], "contour": [{"type": "contour", "colorbar": {"outlinewidth": 0, "ticks": ""}, "colorscale": [[0.0, "#0d0887"], [0.1111111111111111, "#46039f"], [0.2222222222222222, "#7201a8"], [0.3333333333333333, "#9c179e"], [0.4444444444444444, "#bd3786"], [0.5555555555555556, "#d8576b"], [0.6666666666666666, "#ed7953"], [0.7777777777777778, "#fb9f3a"], [0.8888888888888888, "#fdca26"], [1.0, "#f0f921"]]}], "surface": [{"type": "surface", "colorbar": {"outlinewidth": 0, "ticks": ""}, "colorscale": [[0.0, "#0d0887"], [0.1111111111111111, "#46039f"], [0.2222222222222222, "#7201a8"], [0.3333333333333333, "#9c179e"], [0.4444444444444444, "#bd3786"], [0.5555555555555556, "#d8576b"], [0.6666666666666666, "#ed7953"], [0.7777777777777778, "#fb9f3a"], [0.8888888888888888, "#fdca26"], [1.0, "#f0f921"]]}], "mesh3d": [{"type": "mesh3d", "colorbar": {"outlinewidth": 0, "ticks": ""}}], "scatter": [{"fillpattern": {"fillmode": "overlay", "size": 10, "solidity": 0.2}, "type": "scatter"}], "parcoords": [{"type": "parcoords", "line": {"colorbar": {"outlinewidth": 0, "ticks": ""}}}], "scatterpolargl": [{"type": "scatterpolargl", "marker": {"colorbar": {"outlinewidth": 0, "ticks": ""}}}], "bar": [{"error_x": {"color": "#2a3f5f"}, "error_y": {"color": "#2a3f5f"}, "marker": {"line": {"color": "#E5ECF6", "width": 0.5}, "pattern": {"fillmode": "overlay", "size": 10, "solidity": 0.2}}, "type": "bar"}], "scattergeo": [{"type": "scattergeo", "marker": {"colorbar": {"outlinewidth": 0, "ticks": ""}}}], "scatterpolar": [{"type": "scatterpolar", "marker": {"colorbar": {"outlinewidth": 0, "ticks": ""}}}], "histogram": [{"marker": {"pattern": {"fillmode": "overlay", "size": 10, "solidity": 0.2}}, "type": "histogram"}], "scattergl": [{"type": "scattergl", "marker": {"colorbar": {"outlinewidth": 0, "ticks": ""}}}], "scatter3d": [{"type": "scatter3d", "line": {"colorbar": {"outlinewidth": 0, "ticks": ""}}, "marker": {"colorbar": {"outlinewidth": 0, "ticks": ""}}}], "scattermapbox": [{"type": "scattermapbox", "marker": {"colorbar": {"outlinewidth": 0, "ticks": ""}}}], "scatterternary": [{"type": "scatterternary", "marker": {"colorbar": {"outlinewidth": 0, "ticks": ""}}}], "scattercarpet": [{"type": "scattercarpet", "marker": {"colorbar": {"outlinewidth": 0, "ticks": ""}}}], "carpet": [{"aaxis": {"endlinecolor": "#2a3f5f", "gridcolor": "white", "linecolor": "white", "minorgridcolor": "white", "startlinecolor": "#2a3f5f"}, "baxis": {"endlinecolor": "#2a3f5f", "gridcolor": "white", "linecolor": "white", "minorgridcolor": "white", "startlinecolor": "#2a3f5f"}, "type": "carpet"}], "table": [{"cells": {"fill": {"color": "#EBF0F8"}, "line": {"color": "white"}}, "header": {"fill": {"color": "#C8D4E3"}, "line": {"color": "white"}}, "type": "table"}], "barpolar": [{"marker": {"line": {"color": "#E5ECF6", "width": 0.5}, "pattern": {"fillmode": "overlay", "size": 10, "solidity": 0.2}}, "type": "barpolar"}], "pie": [{"automargin": true, "type": "pie"}]}, "layout": {"autotypenumbers": "strict", "colorway": ["#636efa", "#EF553B", "#00cc96", "#ab63fa", "#FFA15A", "#19d3f3", "#FF6692", "#B6E880", "#FF97FF", "#FECB52"], "font": {"color": "#2a3f5f"}, "hovermode": "closest", "hoverlabel": {"align": "left"}, "paper_bgcolor": "white", "plot_bgcolor": "#E5ECF6", "polar": {"bgcolor": "#E5ECF6", "angularaxis": {"gridcolor": "white", "linecolor": "white", "ticks": ""}, "radialaxis": {"gridcolor": "white", "linecolor": "white", "ticks": ""}}, "ternary": {"bgcolor": "#E5ECF6", "aaxis": {"gridcolor": "white", "linecolor": "white", "ticks": ""}, "baxis": {"gridcolor": "white", "linecolor": "white", "ticks": ""}, "caxis": {"gridcolor": "white", "linecolor": "white", "ticks": ""}}, "coloraxis": {"colorbar": {"outlinewidth": 0, "ticks": ""}}, "colorscale": {"sequential": [[0.0, "#0d0887"], [0.1111111111111111, "#46039f"], [0.2222222222222222, "#7201a8"], [0.3333333333333333, "#9c179e"], [0.4444444444444444, "#bd3786"], [0.5555555555555556, "#d8576b"], [0.6666666666666666, "#ed7953"], [0.7777777777777778, "#fb9f3a"], [0.8888888888888888, "#fdca26"], [1.0, "#f0f921"]], "sequentialminus": [[0.0, "#0d0887"], [0.1111111111111111, "#46039f"], [0.2222222222222222, "#7201a8"], [0.3333333333333333, "#9c179e"], [0.4444444444444444, "#bd3786"], [0.5555555555555556, "#d8576b"], [0.6666666666666666, "#ed7953"], [0.7777777777777778, "#fb9f3a"], [0.8888888888888888, "#fdca26"], [1.0, "#f0f921"]], "diverging": [[0, "#8e0152"], [0.1, "#c51b7d"], [0.2, "#de77ae"], [0.3, "#f1b6da"], [0.4, "#fde0ef"], [0.5, "#f7f7f7"], [0.6, "#e6f5d0"], [0.7, "#b8e186"], [0.8, "#7fbc41"], [0.9, "#4d9221"], [1, "#276419"]]}, "xaxis": {"gridcolor": "white", "linecolor": "white", "ticks": "", "title": {"standoff": 15}, "zerolinecolor": "white", "automargin": true, "zerolinewidth": 2}, "yaxis": {"gridcolor": "white", "linecolor": "white", "ticks": "", "title": {"standoff": 15}, "zerolinecolor": "white", "automargin": true, "zerolinewidth": 2}, "scene": {"xaxis": {"backgroundcolor": "#E5ECF6", "gridcolor": "white", "linecolor": "white", "showbackground": true, "ticks": "", "zerolinecolor": "white", "gridwidth": 2}, "yaxis": {"backgroundcolor": "#E5ECF6", "gridcolor": "white", "linecolor": "white", "showbackground": true, "ticks": "", "zerolinecolor": "white", "gridwidth": 2}, "zaxis": {"backgroundcolor": "#E5ECF6", "gridcolor": "white", "linecolor": "white", "showbackground": true, "ticks": "", "zerolinecolor": "white", "gridwidth": 2}}, "shapedefaults": {"line": {"color": "#2a3f5f"}}, "annotationdefaults": {"arrowcolor": "#2a3f5f", "arrowhead": 0, "arrowwidth": 1}, "geo": {"bgcolor": "white", "landcolor": "#E5ECF6", "subunitcolor": "white", "showland": true, "showlakes": true, "lakecolor": "white"}, "title": {"x": 0.05}, "mapbox": {"style": "light"}}}}}