{"data": [{"z": [[26.963937759399414, -3.1361472606658936, 3.0502994060516357, -3.215172529220581, -4.537158966064453, -0.7198835611343384, 2.8097190856933594, -3.51655650138855, 4.800924777984619, -3.293760061264038, 2.5016565322875977, -3.51857590675354, -1.0338760614395142, -7.69266414642334, -0.9288343191146851, -3.829951286315918, 4.376457691192627, 2.9178898334503174, 2.440258502960205, 3.4470365047454834, -8.650753021240234], [-3.1361472606658936, 33.840824127197266, -4.447638034820557, -4.815799236297607, -0.8849849104881287, -8.857278823852539, -6.733863830566406, -3.042969226837158, 7.414287090301514, -6.055737018585205, 0.23126521706581116, -3.4251081943511963, 1.9394029378890991, 5.174391746520996, -0.852282702922821, 0.8861758708953857, -0.6489458084106445, -5.145503044128418, 4.7905073165893555, -6.444719314575195, 2.499939203262329], [3.0502994060516357, -4.447638034820557, 10.50891399383545, -3.0719175338745117, -1.9892055988311768, 2.138310194015503, 0.009062031283974648, -0.09862972795963287, 3.987210512161255, -0.8524497151374817, -0.2816125154495239, 4.536038398742676, 1.2619428634643555, 0.29823142290115356, -1.7315354347229004, 0.5422273874282837, -1.3374998569488525, 5.5125226974487305, -2.4700911045074463, 2.931326389312744, -1.9052281379699707], [-3.215172529220581, -4.815799236297607, -3.0719175338745117, 31.400856018066406, 2.488358974456787, 5.542508125305176, 1.2823737859725952, 6.527876377105713, -7.854954719543457, -1.9600632190704346, -2.675023078918457, -3.5461175441741943, 2.631803512573242, 7.1564717292785645, 3.1473004817962646, 8.11948299407959, 0.3105132579803467, -1.2349016666412354, -2.545084238052368, -8.030454635620117, 0.922310471534729], [-4.537158966064453, -0.8849849104881287, -1.9892055988311768, 2.488358974456787, 23.3695125579834, 0.2752622961997986, -4.869903564453125, -2.4957549571990967, -0.46904802322387695, 5.2374749183654785, 0.6951596140861511, 1.8320173025131226, -0.4032312333583832, 2.8739848136901855, -4.399226188659668, 2.099968194961548, 6.760313987731934, 3.51985764503479, 1.1552574634552002, 0.43523865938186646, 6.477473735809326], [-0.7198835611343384, -8.857278823852539, 2.138310194015503, 5.542508125305176, 0.2752622961997986, 19.85788345336914, 6.136619567871094, -2.0626299381256104, 2.58310866355896, 2.710416793823242, -1.6717437505722046, 2.462554693222046, -0.33666589856147766, 0.21164768934249878, -4.914923667907715, 2.662391185760498, -5.961042404174805, 6.457440376281738, -6.653000831604004, -3.2807018756866455, 1.1286842823028564], [2.8097190856933594, -6.733863830566406, 0.009062031283974648, 1.2823737859725952, -4.869903564453125, 6.136619567871094, 22.033491134643555, 8.426825523376465, -4.203030586242676, -2.6316709518432617, 5.116680145263672, 2.435492515563965, 3.0702755451202393, -0.1424385905265808, -11.273758888244629, 0.19062060117721558, -9.090387344360352, 2.906763792037964, -0.3487703800201416, 4.090780258178711, 0.31608203053474426], [-3.51655650138855, -3.042969226837158, -0.09862972795963287, 6.527876377105713, -2.4957549571990967, -2.0626299381256104, 8.426825523376465, 23.787683486938477, -3.261564254760742, 4.287827014923096, 3.1478707790374756, -3.050814390182495, 6.291618347167969, -1.5752140283584595, 1.8191874027252197, 1.6582680940628052, -0.7923344969749451, 1.017630934715271, -1.5190365314483643, 0.7874012589454651, 3.5074350833892822], [4.800924777984619, 7.414287090301514, 3.987210512161255, -7.854954719543457, -0.46904802322387695, 2.58310866355896, -4.203030586242676, -3.261564254760742, 28.13735580444336, 9.518454551696777, 4.340771198272705, 0.76417076587677, 2.313262701034546, -0.5341973304748535, -0.5800113081932068, -0.11152239143848419, 1.8398566246032715, 0.5609445571899414, -8.762484550476074, 0.5111880302429199, -8.145856857299805], [-3.293760061264038, -6.055737018585205, -0.8524497151374817, -1.9600632190704346, 5.2374749183654785, 2.710416793823242, -2.6316709518432617, 4.287827014923096, 9.518454551696777, 24.030786514282227, 0.5847128033638, -3.3349339962005615, 4.0956549644470215, -3.082768678665161, 3.216012716293335, -1.3379652500152588, 5.963914394378662, 5.766715049743652, -1.8061240911483765, 4.4188947677612305, 1.4282543659210205], [2.5016565322875977, 0.23126521706581116, -0.2816125154495239, -2.675023078918457, 0.6951596140861511, -1.6717437505722046, 5.116680145263672, 3.1478707790374756, 4.340771198272705, 0.5847128033638, 18.85524559020996, 4.338374137878418, 1.5895456075668335, -5.843311786651611, -5.683109760284424, -2.00087308883667, -1.5876985788345337, 3.6820456981658936, -0.2528097629547119, 2.66585373878479, 1.235251784324646], [-3.51857590675354, -3.4251081943511963, 4.536038398742676, -3.5461175441741943, 1.8320173025131226, 2.462554693222046, 2.435492515563965, -3.050814390182495, 0.76417076587677, -3.3349339962005615, 4.338374137878418, 14.566117286682129, 0.309389591217041, 6.776051044464111, -5.206441879272461, 1.2492073774337769, 2.3051493167877197, 1.413306474685669, -3.120821952819824, 4.787987232208252, 3.586432695388794], [-1.0338760614395142, 1.9394029378890991, 1.2619428634643555, 2.631803512573242, -0.4032312333583832, -0.33666589856147766, 3.0702755451202393, 6.291618347167969, 2.313262701034546, 4.0956549644470215, 1.5895456075668335, 0.309389591217041, 14.983033180236816, -0.669970691204071, 3.26403546333313, -0.6087764501571655, -2.980149269104004, -4.980354309082031, 0.9955233335494995, 2.571305513381958, -3.5053629875183105], [-7.69266414642334, 5.174391746520996, 0.29823142290115356, 7.1564717292785645, 2.8739848136901855, 0.21164768934249878, -0.1424385905265808, -1.5752140283584595, -0.5341973304748535, -3.082768678665161, -5.843311786651611, 6.776051044464111, -0.669970691204071, 23.02352523803711, -6.075855255126953, 2.4314088821411133, 4.856911659240723, -2.185959815979004, -2.961913585662842, 1.4176154136657715, 5.222635269165039], [-0.9288343191146851, -0.852282702922821, -1.7315354347229004, 3.1473004817962646, -4.399226188659668, -4.914923667907715, -11.273758888244629, 1.8191874027252197, -0.5800113081932068, 3.216012716293335, -5.683109760284424, -5.206441879272461, 3.26403546333313, -6.075855255126953, 35.68339157104492, -5.709349155426025, 4.061017990112305, -5.138395309448242, -6.9573187828063965, -3.5614867210388184, -3.6980433464050293], [-3.829951286315918, 0.8861758708953857, 0.5422273874282837, 8.11948299407959, 2.099968194961548, 2.662391185760498, 0.19062060117721558, 1.6582680940628052, -0.11152239143848419, -1.3379652500152588, -2.00087308883667, 1.2492073774337769, -0.6087764501571655, 2.4314088821411133, -5.709349155426025, 14.95128345489502, -1.241326928138733, 0.8377337455749512, 2.0308220386505127, -2.473210334777832, 6.387848854064941], [4.376458644866943, -0.6489463448524475, -1.3375003337860107, 0.31051331758499146, 6.76031494140625, -5.961043357849121, -9.090388298034668, -0.7923349142074585, 1.8398568630218506, 5.9639153480529785, -1.587698221206665, 2.3051493167877197, -2.9801487922668457, 4.856912136077881, 4.061017036437988, -1.241327166557312, 36.4422607421875, 0.17393708229064941, -2.5988025665283203, 3.488028049468994, 4.785518646240234], [2.9178900718688965, -5.14550256729126, 5.512521743774414, -1.2349016666412354, 3.51985764503479, 6.457440376281738, 2.906764507293701, 1.0176308155059814, 0.5609444975852966, 5.766714572906494, 3.6820454597473145, 1.4133063554763794, -4.980354309082031, -2.185960054397583, -5.138396263122559, 0.8377339243888855, 0.17393708229064941, 26.56515884399414, -3.605973482131958, -0.2981712818145752, 5.006613254547119], [2.440258026123047, 4.790507793426514, -2.4700911045074463, -2.5450844764709473, 1.155256986618042, -6.653000831604004, -0.34877005219459534, -1.5190376043319702, -8.762484550476074, -1.8061237335205078, -0.25280940532684326, -3.120821952819824, 0.9955235719680786, -2.961913585662842, -6.957318305969238, 2.0308218002319336, -2.5988025665283203, -3.605973482131958, 18.803245544433594, 5.096152305603027, 1.1403337717056274], [3.4470362663269043, -6.444719314575195, 2.931325912475586, -8.030454635620117, 0.43523862957954407, -3.2807021141052246, 4.090780258178711, 0.7874011993408203, 0.5111878514289856, 4.4188947677612305, 2.665853977203369, 4.78798770904541, 2.571305513381958, 1.4176154136657715, -3.5614867210388184, -2.473210573196411, 3.488028049468994, -0.2981712818145752, 5.096152305603027, 15.61777400970459, 0.6683576703071594], [-8.650753021240234, 2.499939441680908, -1.9052281379699707, 0.9223105907440186, 6.477473735809326, 1.128684639930725, 0.31608152389526367, 3.507434368133545, -8.145856857299805, 1.4282541275024414, 1.2352521419525146, 3.586432456970215, -3.5053632259368896, 5.222635746002197, -3.698042869567871, 6.387848377227783, 4.785518169403076, 5.006614685058594, 1.140333890914917, 0.6683576107025146, 24.792438507080078]], "type": "heatmap"}], "layout": {"template": {"data": {"histogram2dcontour": [{"type": "histogram2dcontour", "colorbar": {"outlinewidth": 0, "ticks": ""}, "colorscale": [[0.0, "#0d0887"], [0.1111111111111111, "#46039f"], [0.2222222222222222, "#7201a8"], [0.3333333333333333, "#9c179e"], [0.4444444444444444, "#bd3786"], [0.5555555555555556, "#d8576b"], [0.6666666666666666, "#ed7953"], [0.7777777777777778, "#fb9f3a"], [0.8888888888888888, "#fdca26"], [1.0, "#f0f921"]]}], "choropleth": [{"type": "choropleth", "colorbar": {"outlinewidth": 0, "ticks": ""}}], "histogram2d": [{"type": "histogram2d", "colorbar": {"outlinewidth": 0, "ticks": ""}, "colorscale": [[0.0, "#0d0887"], [0.1111111111111111, "#46039f"], [0.2222222222222222, "#7201a8"], [0.3333333333333333, "#9c179e"], [0.4444444444444444, "#bd3786"], [0.5555555555555556, "#d8576b"], [0.6666666666666666, "#ed7953"], [0.7777777777777778, "#fb9f3a"], [0.8888888888888888, "#fdca26"], [1.0, "#f0f921"]]}], "heatmap": [{"type": "heatmap", "colorbar": {"outlinewidth": 0, "ticks": ""}, "colorscale": [[0.0, "#0d0887"], [0.1111111111111111, "#46039f"], [0.2222222222222222, "#7201a8"], [0.3333333333333333, "#9c179e"], [0.4444444444444444, "#bd3786"], [0.5555555555555556, "#d8576b"], [0.6666666666666666, "#ed7953"], [0.7777777777777778, "#fb9f3a"], [0.8888888888888888, "#fdca26"], [1.0, "#f0f921"]]}], "heatmapgl": [{"type": "heatmapgl", "colorbar": {"outlinewidth": 0, "ticks": ""}, "colorscale": [[0.0, "#0d0887"], [0.1111111111111111, "#46039f"], [0.2222222222222222, "#7201a8"], [0.3333333333333333, "#9c179e"], [0.4444444444444444, "#bd3786"], [0.5555555555555556, "#d8576b"], [0.6666666666666666, "#ed7953"], [0.7777777777777778, "#fb9f3a"], [0.8888888888888888, "#fdca26"], [1.0, "#f0f921"]]}], "contourcarpet": [{"type": "contourcarpet", "colorbar": {"outlinewidth": 0, "ticks": ""}}], "contour": [{"type": "contour", "colorbar": {"outlinewidth": 0, "ticks": ""}, "colorscale": [[0.0, "#0d0887"], [0.1111111111111111, "#46039f"], [0.2222222222222222, "#7201a8"], [0.3333333333333333, "#9c179e"], [0.4444444444444444, "#bd3786"], [0.5555555555555556, "#d8576b"], [0.6666666666666666, "#ed7953"], [0.7777777777777778, "#fb9f3a"], [0.8888888888888888, "#fdca26"], [1.0, "#f0f921"]]}], "surface": [{"type": "surface", "colorbar": {"outlinewidth": 0, "ticks": ""}, "colorscale": [[0.0, "#0d0887"], [0.1111111111111111, "#46039f"], [0.2222222222222222, "#7201a8"], [0.3333333333333333, "#9c179e"], [0.4444444444444444, "#bd3786"], [0.5555555555555556, "#d8576b"], [0.6666666666666666, "#ed7953"], [0.7777777777777778, "#fb9f3a"], [0.8888888888888888, "#fdca26"], [1.0, "#f0f921"]]}], "mesh3d": [{"type": "mesh3d", "colorbar": {"outlinewidth": 0, "ticks": ""}}], "scatter": [{"fillpattern": {"fillmode": "overlay", "size": 10, "solidity": 0.2}, "type": "scatter"}], "parcoords": [{"type": "parcoords", "line": {"colorbar": {"outlinewidth": 0, "ticks": ""}}}], "scatterpolargl": [{"type": "scatterpolargl", "marker": {"colorbar": {"outlinewidth": 0, "ticks": ""}}}], "bar": [{"error_x": {"color": "#2a3f5f"}, "error_y": {"color": "#2a3f5f"}, "marker": {"line": {"color": "#E5ECF6", "width": 0.5}, "pattern": {"fillmode": "overlay", "size": 10, "solidity": 0.2}}, "type": "bar"}], "scattergeo": [{"type": "scattergeo", "marker": {"colorbar": {"outlinewidth": 0, "ticks": ""}}}], "scatterpolar": [{"type": "scatterpolar", "marker": {"colorbar": {"outlinewidth": 0, "ticks": ""}}}], "histogram": [{"marker": {"pattern": {"fillmode": "overlay", "size": 10, "solidity": 0.2}}, "type": "histogram"}], "scattergl": [{"type": "scattergl", "marker": {"colorbar": {"outlinewidth": 0, "ticks": ""}}}], "scatter3d": [{"type": "scatter3d", "line": {"colorbar": {"outlinewidth": 0, "ticks": ""}}, "marker": {"colorbar": {"outlinewidth": 0, "ticks": ""}}}], "scattermapbox": [{"type": "scattermapbox", "marker": {"colorbar": {"outlinewidth": 0, "ticks": ""}}}], "scatterternary": [{"type": "scatterternary", "marker": {"colorbar": {"outlinewidth": 0, "ticks": ""}}}], "scattercarpet": [{"type": "scattercarpet", "marker": {"colorbar": {"outlinewidth": 0, "ticks": ""}}}], "carpet": [{"aaxis": {"endlinecolor": "#2a3f5f", "gridcolor": "white", "linecolor": "white", "minorgridcolor": "white", "startlinecolor": "#2a3f5f"}, "baxis": {"endlinecolor": "#2a3f5f", "gridcolor": "white", "linecolor": "white", "minorgridcolor": "white", "startlinecolor": "#2a3f5f"}, "type": "carpet"}], "table": [{"cells": {"fill": {"color": "#EBF0F8"}, "line": {"color": "white"}}, "header": {"fill": {"color": "#C8D4E3"}, "line": {"color": "white"}}, "type": "table"}], "barpolar": [{"marker": {"line": {"color": "#E5ECF6", "width": 0.5}, "pattern": {"fillmode": "overlay", "size": 10, "solidity": 0.2}}, "type": "barpolar"}], "pie": [{"automargin": true, "type": "pie"}]}, "layout": {"autotypenumbers": "strict", "colorway": ["#636efa", "#EF553B", "#00cc96", "#ab63fa", "#FFA15A", "#19d3f3", "#FF6692", "#B6E880", "#FF97FF", "#FECB52"], "font": {"color": "#2a3f5f"}, "hovermode": "closest", "hoverlabel": {"align": "left"}, "paper_bgcolor": "white", "plot_bgcolor": "#E5ECF6", "polar": {"bgcolor": "#E5ECF6", "angularaxis": {"gridcolor": "white", "linecolor": "white", "ticks": ""}, "radialaxis": {"gridcolor": "white", "linecolor": "white", "ticks": ""}}, "ternary": {"bgcolor": "#E5ECF6", "aaxis": {"gridcolor": "white", "linecolor": "white", "ticks": ""}, "baxis": {"gridcolor": "white", "linecolor": "white", "ticks": ""}, "caxis": {"gridcolor": "white", "linecolor": "white", "ticks": ""}}, "coloraxis": {"colorbar": {"outlinewidth": 0, "ticks": ""}}, "colorscale": {"sequential": [[0.0, "#0d0887"], [0.1111111111111111, "#46039f"], [0.2222222222222222, "#7201a8"], [0.3333333333333333, "#9c179e"], [0.4444444444444444, "#bd3786"], [0.5555555555555556, "#d8576b"], [0.6666666666666666, "#ed7953"], [0.7777777777777778, "#fb9f3a"], [0.8888888888888888, "#fdca26"], [1.0, "#f0f921"]], "sequentialminus": [[0.0, "#0d0887"], [0.1111111111111111, "#46039f"], [0.2222222222222222, "#7201a8"], [0.3333333333333333, "#9c179e"], [0.4444444444444444, "#bd3786"], [0.5555555555555556, "#d8576b"], [0.6666666666666666, "#ed7953"], [0.7777777777777778, "#fb9f3a"], [0.8888888888888888, "#fdca26"], [1.0, "#f0f921"]], "diverging": [[0, "#8e0152"], [0.1, "#c51b7d"], [0.2, "#de77ae"], [0.3, "#f1b6da"], [0.4, "#fde0ef"], [0.5, "#f7f7f7"], [0.6, "#e6f5d0"], [0.7, "#b8e186"], [0.8, "#7fbc41"], [0.9, "#4d9221"], [1, "#276419"]]}, "xaxis": {"gridcolor": "white", "linecolor": "white", "ticks": "", "title": {"standoff": 15}, "zerolinecolor": "white", "automargin": true, "zerolinewidth": 2}, "yaxis": {"gridcolor": "white", "linecolor": "white", "ticks": "", "title": {"standoff": 15}, "zerolinecolor": "white", "automargin": true, "zerolinewidth": 2}, "scene": {"xaxis": {"backgroundcolor": "#E5ECF6", "gridcolor": "white", "linecolor": "white", "showbackground": true, "ticks": "", "zerolinecolor": "white", "gridwidth": 2}, "yaxis": {"backgroundcolor": "#E5ECF6", "gridcolor": "white", "linecolor": "white", "showbackground": true, "ticks": "", "zerolinecolor": "white", "gridwidth": 2}, "zaxis": {"backgroundcolor": "#E5ECF6", "gridcolor": "white", "linecolor": "white", "showbackground": true, "ticks": "", "zerolinecolor": "white", "gridwidth": 2}}, "shapedefaults": {"line": {"color": "#2a3f5f"}}, "annotationdefaults": {"arrowcolor": "#2a3f5f", "arrowhead": 0, "arrowwidth": 1}, "geo": {"bgcolor": "white", "landcolor": "#E5ECF6", "subunitcolor": "white", "showland": true, "showlakes": true, "lakecolor": "white"}, "title": {"x": 0.05}, "mapbox": {"style": "light"}}}}}