{"data": [{"z": [[27.545825958251953, -3.0873332023620605, 3.168377637863159, -3.302932024002075, -4.568485260009766, -0.8327602744102478, 2.755676031112671, -3.7734439373016357, 4.7418389320373535, -3.5092344284057617, 2.5387518405914307, -3.5065455436706543, -1.062822699546814, -7.889005184173584, -0.9457337260246277, -4.0375566482543945, 4.484640598297119, 3.077078342437744, 2.4938302040100098, 3.5387680530548096, -8.73648452758789], [-3.0873332023620605, 34.69679641723633, -4.5309672355651855, -4.881255626678467, -0.9350423216819763, -9.088762283325195, -6.903314113616943, -3.210313558578491, 7.499741554260254, -6.304779529571533, 0.15669848024845123, -3.347611904144287, 1.9832872152328491, 5.2342023849487305, -0.6236624121665955, 0.9016244411468506, -0.8235902786254883, -5.105710506439209, 4.931000709533691, -6.4949212074279785, 2.4704668521881104], [3.168377637863159, -4.5309672355651855, 10.546675682067871, -3.1724112033843994, -2.051543951034546, 2.127366542816162, -0.041490912437438965, -0.11798866093158722, 4.072929859161377, -1.0314204692840576, -0.42600658535957336, 4.535722732543945, 1.284670352935791, 0.19595330953598022, -1.7672158479690552, 0.5066396594047546, -1.5907524824142456, 5.5773539543151855, -2.5259313583374023, 2.8516554832458496, -1.9713845252990723], [-3.302932024002075, -4.881255626678467, -3.1724112033843994, 32.043296813964844, 2.3860366344451904, 5.516520977020264, 1.427919864654541, 6.753257751464844, -7.796780109405518, -1.890821933746338, -2.763460874557495, -3.6985812187194824, 2.978794813156128, 7.126939296722412, 3.115201234817505, 8.234663963317871, 0.30881863832473755, -1.1717368364334106, -2.744314193725586, -8.203802108764648, 0.7558357119560242], [-4.568485260009766, -0.9350423216819763, -2.051543951034546, 2.3860366344451904, 23.8795108795166, 0.2553510367870331, -5.021022319793701, -2.67688250541687, -0.4883262813091278, 5.300837993621826, 0.6302378177642822, 1.8477586507797241, -0.3610323369503021, 2.908529043197632, -4.457481861114502, 2.186584711074829, 6.881085395812988, 3.541330575942993, 1.1477084159851074, 0.4330352544784546, 6.549227714538574], [-0.8327602744102478, -9.088762283325195, 2.127366542816162, 5.516520977020264, 0.2553510367870331, 20.38620948791504, 6.153732776641846, -2.096477746963501, 2.5276739597320557, 2.710641384124756, -1.6603076457977295, 2.266848564147949, -0.44502052664756775, 0.11743579059839249, -4.9718756675720215, 2.7222461700439453, -6.243081092834473, 6.407126426696777, -6.68956184387207, -3.603971004486084, 1.235111951828003], [2.755676031112671, -6.903314113616943, -0.041490912437438965, 1.427919864654541, -5.021022319793701, 6.153732776641846, 22.699398040771484, 8.686126708984375, -4.360867500305176, -2.5947723388671875, 5.321253299713135, 2.4008727073669434, 3.115934371948242, -0.13337107002735138, -11.440109252929688, 0.2319081574678421, -9.530984878540039, 2.9669225215911865, -0.3647722601890564, 4.176703453063965, 0.3673743009567261], [-3.7734439373016357, -3.210313558578491, -0.11798866093158722, 6.753257751464844, -2.67688250541687, -2.096477746963501, 8.686126708984375, 24.401226043701172, -3.298431158065796, 4.361921310424805, 3.0832326412200928, -3.3816089630126953, 6.453205585479736, -1.5854647159576416, 1.7396780252456665, 1.6480350494384766, -0.8595740795135498, 0.9165654182434082, -1.5987889766693115, 0.5508949756622314, 3.4729132652282715], [4.7418389320373535, 7.499741554260254, 4.072929859161377, -7.796780109405518, -0.4883262813091278, 2.5276739597320557, -4.360867500305176, -3.298431158065796, 28.740190505981445, 9.779906272888184, 4.4097747802734375, 0.8280892372131348, 2.417677879333496, -0.44812431931495667, -0.7152313590049744, -0.1985786110162735, 2.0294036865234375, 0.5798306465148926, -8.95265007019043, 0.4882054328918457, -8.26102066040039], [-3.5092344284057617, -6.304779529571533, -1.0314204692840576, -1.890821933746338, 5.300837993621826, 2.710641384124756, -2.5947723388671875, 4.361921310424805, 9.779906272888184, 24.461305618286133, 0.5344251990318298, -3.5729150772094727, 4.239078998565674, -3.138890504837036, 3.107924222946167, -1.4528298377990723, 5.984615325927734, 5.81441593170166, -1.9103310108184814, 4.305787563323975, 1.3543435335159302], [2.5387518405914307, 0.15669848024845123, -0.42600658535957336, -2.763460874557495, 0.6302378177642822, -1.6603076457977295, 5.321253299713135, 3.0832326412200928, 4.4097747802734375, 0.5344251990318298, 19.360366821289062, 4.434614181518555, 1.6293654441833496, -6.027045249938965, -5.850734233856201, -2.209090232849121, -1.8322211503982544, 3.6703596115112305, -0.24598979949951172, 2.71708345413208, 1.2372241020202637], [-3.5065455436706543, -3.347611904144287, 4.535722732543945, -3.6985812187194824, 1.8477586507797241, 2.266848564147949, 2.4008727073669434, -3.3816089630126953, 0.8280892372131348, -3.5729150772094727, 4.434614181518555, 15.081103324890137, 0.353901207447052, 6.896755695343018, -5.275247097015381, 1.189333200454712, 2.394610643386841, 1.389634370803833, -3.18422794342041, 5.016138553619385, 3.599573850631714], [-1.062822699546814, 1.9832872152328491, 1.284670352935791, 2.978794813156128, -0.3610323369503021, -0.44502052664756775, 3.115934371948242, 6.453205585479736, 2.417677879333496, 4.239078998565674, 1.6293654441833496, 0.353901207447052, 15.52864933013916, -0.8061688542366028, 3.38468337059021, -0.6485165357589722, -3.039983034133911, -5.01412296295166, 0.8611080646514893, 2.6251301765441895, -3.6500258445739746], [-7.889005184173584, 5.2342023849487305, 0.19595330953598022, 7.126939296722412, 2.908529043197632, 0.11743579059839249, -0.13337107002735138, -1.5854647159576416, -0.44812431931495667, -3.138890504837036, -6.027045249938965, 6.896755695343018, -0.8061688542366028, 23.56758689880371, -6.325560569763184, 2.3943700790405273, 4.983005523681641, -2.170316219329834, -2.910126209259033, 1.4208157062530518, 5.293148994445801], [-0.9457337260246277, -0.6236624121665955, -1.7672158479690552, 3.115201234817505, -4.457481861114502, -4.9718756675720215, -11.440109252929688, 1.7396780252456665, -0.7152313590049744, 3.107924222946167, -5.850734233856201, -5.275247097015381, 3.38468337059021, -6.325560569763184, 36.52825927734375, -5.766316890716553, 3.951528787612915, -5.304242134094238, -7.126618385314941, -3.6436679363250732, -3.6425578594207764], [-4.0375566482543945, 0.9016244411468506, 0.5066396594047546, 8.234663963317871, 2.186584711074829, 2.7222461700439453, 0.2319081574678421, 1.6480350494384766, -0.1985786110162735, -1.4528298377990723, -2.209090232849121, 1.189333200454712, -0.6485165357589722, 2.3943700790405273, -5.766316890716553, 15.427888870239258, -1.3994131088256836, 0.7437077164649963, 2.049996852874756, -2.709871768951416, 6.53659200668335], [4.484640598297119, -0.823590874671936, -1.5907526016235352, 0.3088190257549286, 6.881084442138672, -6.243081569671631, -9.530983924865723, -0.8595743775367737, 2.0294041633605957, 5.984615325927734, -1.832221269607544, 2.3946104049682617, -3.039983034133911, 4.983006000518799, 3.951528549194336, -1.3994131088256836, 37.120155334472656, 0.26959943771362305, -2.7849502563476562, 3.486450433731079, 4.790095329284668], [3.077077865600586, -5.105711460113525, 5.577353477478027, -1.1717368364334106, 3.541330337524414, 6.4071269035339355, 2.966923475265503, 0.9165654182434082, 0.5798308253288269, 5.814416885375977, 3.6703598499298096, 1.3896352052688599, -5.014123916625977, -2.170315980911255, -5.30424165725708, 0.7437074184417725, 0.26959943771362305, 26.992773056030273, -3.678325653076172, -0.271419882774353, 4.967394828796387], [2.4938299655914307, 4.931000232696533, -2.5259313583374023, -2.744314193725586, 1.1477084159851074, -6.689561367034912, -0.3647720515727997, -1.5987893342971802, -8.952652931213379, -1.9103307723999023, -0.2459900975227356, -3.184227228164673, 0.8611085414886475, -2.910125494003296, -7.126618385314941, 2.0499966144561768, -2.7849502563476562, -3.678325653076172, 19.09597396850586, 5.162535667419434, 1.2828339338302612], [3.5387675762176514, -6.4949212074279785, 2.851656436920166, -8.203802108764648, 0.43303540349006653, -3.603971242904663, 4.176704406738281, 0.5508950352668762, 0.48820558190345764, 4.305787086486816, 2.717083215713501, 5.016138553619385, 2.6251301765441895, 1.4208155870437622, -3.6436679363250732, -2.709871530532837, 3.486450433731079, -0.271419882774353, 5.162535667419434, 16.065074920654297, 0.652963399887085], [-8.736485481262207, 2.4704666137695312, -1.9713841676712036, 0.755835771560669, 6.549226760864258, 1.2351129055023193, 0.3673746585845947, 3.4729132652282715, -8.26102066040039, 1.3543438911437988, 1.2372236251831055, 3.599573850631714, -3.6500256061553955, 5.293149948120117, -3.6425583362579346, 6.536591529846191, 4.790094375610352, 4.967394828796387, 1.2828341722488403, 0.6529632806777954, 24.792438507080078]], "type": "heatmap"}], "layout": {"template": {"data": {"histogram2dcontour": [{"type": "histogram2dcontour", "colorbar": {"outlinewidth": 0, "ticks": ""}, "colorscale": [[0.0, "#0d0887"], [0.1111111111111111, "#46039f"], [0.2222222222222222, "#7201a8"], [0.3333333333333333, "#9c179e"], [0.4444444444444444, "#bd3786"], [0.5555555555555556, "#d8576b"], [0.6666666666666666, "#ed7953"], [0.7777777777777778, "#fb9f3a"], [0.8888888888888888, "#fdca26"], [1.0, "#f0f921"]]}], "choropleth": [{"type": "choropleth", "colorbar": {"outlinewidth": 0, "ticks": ""}}], "histogram2d": [{"type": "histogram2d", "colorbar": {"outlinewidth": 0, "ticks": ""}, "colorscale": [[0.0, "#0d0887"], [0.1111111111111111, "#46039f"], [0.2222222222222222, "#7201a8"], [0.3333333333333333, "#9c179e"], [0.4444444444444444, "#bd3786"], [0.5555555555555556, "#d8576b"], [0.6666666666666666, "#ed7953"], [0.7777777777777778, "#fb9f3a"], [0.8888888888888888, "#fdca26"], [1.0, "#f0f921"]]}], "heatmap": [{"type": "heatmap", "colorbar": {"outlinewidth": 0, "ticks": ""}, "colorscale": [[0.0, "#0d0887"], [0.1111111111111111, "#46039f"], [0.2222222222222222, "#7201a8"], [0.3333333333333333, "#9c179e"], [0.4444444444444444, "#bd3786"], [0.5555555555555556, "#d8576b"], [0.6666666666666666, "#ed7953"], [0.7777777777777778, "#fb9f3a"], [0.8888888888888888, "#fdca26"], [1.0, "#f0f921"]]}], "heatmapgl": [{"type": "heatmapgl", "colorbar": {"outlinewidth": 0, "ticks": ""}, "colorscale": [[0.0, "#0d0887"], [0.1111111111111111, "#46039f"], [0.2222222222222222, "#7201a8"], [0.3333333333333333, "#9c179e"], [0.4444444444444444, "#bd3786"], [0.5555555555555556, "#d8576b"], [0.6666666666666666, "#ed7953"], [0.7777777777777778, "#fb9f3a"], [0.8888888888888888, "#fdca26"], [1.0, "#f0f921"]]}], "contourcarpet": [{"type": "contourcarpet", "colorbar": {"outlinewidth": 0, "ticks": ""}}], "contour": [{"type": "contour", "colorbar": {"outlinewidth": 0, "ticks": ""}, "colorscale": [[0.0, "#0d0887"], [0.1111111111111111, "#46039f"], [0.2222222222222222, "#7201a8"], [0.3333333333333333, "#9c179e"], [0.4444444444444444, "#bd3786"], [0.5555555555555556, "#d8576b"], [0.6666666666666666, "#ed7953"], [0.7777777777777778, "#fb9f3a"], [0.8888888888888888, "#fdca26"], [1.0, "#f0f921"]]}], "surface": [{"type": "surface", "colorbar": {"outlinewidth": 0, "ticks": ""}, "colorscale": [[0.0, "#0d0887"], [0.1111111111111111, "#46039f"], [0.2222222222222222, "#7201a8"], [0.3333333333333333, "#9c179e"], [0.4444444444444444, "#bd3786"], [0.5555555555555556, "#d8576b"], [0.6666666666666666, "#ed7953"], [0.7777777777777778, "#fb9f3a"], [0.8888888888888888, "#fdca26"], [1.0, "#f0f921"]]}], "mesh3d": [{"type": "mesh3d", "colorbar": {"outlinewidth": 0, "ticks": ""}}], "scatter": [{"fillpattern": {"fillmode": "overlay", "size": 10, "solidity": 0.2}, "type": "scatter"}], "parcoords": [{"type": "parcoords", "line": {"colorbar": {"outlinewidth": 0, "ticks": ""}}}], "scatterpolargl": [{"type": "scatterpolargl", "marker": {"colorbar": {"outlinewidth": 0, "ticks": ""}}}], "bar": [{"error_x": {"color": "#2a3f5f"}, "error_y": {"color": "#2a3f5f"}, "marker": {"line": {"color": "#E5ECF6", "width": 0.5}, "pattern": {"fillmode": "overlay", "size": 10, "solidity": 0.2}}, "type": "bar"}], "scattergeo": [{"type": "scattergeo", "marker": {"colorbar": {"outlinewidth": 0, "ticks": ""}}}], "scatterpolar": [{"type": "scatterpolar", "marker": {"colorbar": {"outlinewidth": 0, "ticks": ""}}}], "histogram": [{"marker": {"pattern": {"fillmode": "overlay", "size": 10, "solidity": 0.2}}, "type": "histogram"}], "scattergl": [{"type": "scattergl", "marker": {"colorbar": {"outlinewidth": 0, "ticks": ""}}}], "scatter3d": [{"type": "scatter3d", "line": {"colorbar": {"outlinewidth": 0, "ticks": ""}}, "marker": {"colorbar": {"outlinewidth": 0, "ticks": ""}}}], "scattermapbox": [{"type": "scattermapbox", "marker": {"colorbar": {"outlinewidth": 0, "ticks": ""}}}], "scatterternary": [{"type": "scatterternary", "marker": {"colorbar": {"outlinewidth": 0, "ticks": ""}}}], "scattercarpet": [{"type": "scattercarpet", "marker": {"colorbar": {"outlinewidth": 0, "ticks": ""}}}], "carpet": [{"aaxis": {"endlinecolor": "#2a3f5f", "gridcolor": "white", "linecolor": "white", "minorgridcolor": "white", "startlinecolor": "#2a3f5f"}, "baxis": {"endlinecolor": "#2a3f5f", "gridcolor": "white", "linecolor": "white", "minorgridcolor": "white", "startlinecolor": "#2a3f5f"}, "type": "carpet"}], "table": [{"cells": {"fill": {"color": "#EBF0F8"}, "line": {"color": "white"}}, "header": {"fill": {"color": "#C8D4E3"}, "line": {"color": "white"}}, "type": "table"}], "barpolar": [{"marker": {"line": {"color": "#E5ECF6", "width": 0.5}, "pattern": {"fillmode": "overlay", "size": 10, "solidity": 0.2}}, "type": "barpolar"}], "pie": [{"automargin": true, "type": "pie"}]}, "layout": {"autotypenumbers": "strict", "colorway": ["#636efa", "#EF553B", "#00cc96", "#ab63fa", "#FFA15A", "#19d3f3", "#FF6692", "#B6E880", "#FF97FF", "#FECB52"], "font": {"color": "#2a3f5f"}, "hovermode": "closest", "hoverlabel": {"align": "left"}, "paper_bgcolor": "white", "plot_bgcolor": "#E5ECF6", "polar": {"bgcolor": "#E5ECF6", "angularaxis": {"gridcolor": "white", "linecolor": "white", "ticks": ""}, "radialaxis": {"gridcolor": "white", "linecolor": "white", "ticks": ""}}, "ternary": {"bgcolor": "#E5ECF6", "aaxis": {"gridcolor": "white", "linecolor": "white", "ticks": ""}, "baxis": {"gridcolor": "white", "linecolor": "white", "ticks": ""}, "caxis": {"gridcolor": "white", "linecolor": "white", "ticks": ""}}, "coloraxis": {"colorbar": {"outlinewidth": 0, "ticks": ""}}, "colorscale": {"sequential": [[0.0, "#0d0887"], [0.1111111111111111, "#46039f"], [0.2222222222222222, "#7201a8"], [0.3333333333333333, "#9c179e"], [0.4444444444444444, "#bd3786"], [0.5555555555555556, "#d8576b"], [0.6666666666666666, "#ed7953"], [0.7777777777777778, "#fb9f3a"], [0.8888888888888888, "#fdca26"], [1.0, "#f0f921"]], "sequentialminus": [[0.0, "#0d0887"], [0.1111111111111111, "#46039f"], [0.2222222222222222, "#7201a8"], [0.3333333333333333, "#9c179e"], [0.4444444444444444, "#bd3786"], [0.5555555555555556, "#d8576b"], [0.6666666666666666, "#ed7953"], [0.7777777777777778, "#fb9f3a"], [0.8888888888888888, "#fdca26"], [1.0, "#f0f921"]], "diverging": [[0, "#8e0152"], [0.1, "#c51b7d"], [0.2, "#de77ae"], [0.3, "#f1b6da"], [0.4, "#fde0ef"], [0.5, "#f7f7f7"], [0.6, "#e6f5d0"], [0.7, "#b8e186"], [0.8, "#7fbc41"], [0.9, "#4d9221"], [1, "#276419"]]}, "xaxis": {"gridcolor": "white", "linecolor": "white", "ticks": "", "title": {"standoff": 15}, "zerolinecolor": "white", "automargin": true, "zerolinewidth": 2}, "yaxis": {"gridcolor": "white", "linecolor": "white", "ticks": "", "title": {"standoff": 15}, "zerolinecolor": "white", "automargin": true, "zerolinewidth": 2}, "scene": {"xaxis": {"backgroundcolor": "#E5ECF6", "gridcolor": "white", "linecolor": "white", "showbackground": true, "ticks": "", "zerolinecolor": "white", "gridwidth": 2}, "yaxis": {"backgroundcolor": "#E5ECF6", "gridcolor": "white", "linecolor": "white", "showbackground": true, "ticks": "", "zerolinecolor": "white", "gridwidth": 2}, "zaxis": {"backgroundcolor": "#E5ECF6", "gridcolor": "white", "linecolor": "white", "showbackground": true, "ticks": "", "zerolinecolor": "white", "gridwidth": 2}}, "shapedefaults": {"line": {"color": "#2a3f5f"}}, "annotationdefaults": {"arrowcolor": "#2a3f5f", "arrowhead": 0, "arrowwidth": 1}, "geo": {"bgcolor": "white", "landcolor": "#E5ECF6", "subunitcolor": "white", "showland": true, "showlakes": true, "lakecolor": "white"}, "title": {"x": 0.05}, "mapbox": {"style": "light"}}}}}