{"data": [{"z": [[26.978740692138672, -3.1428375244140625, 3.04803466796875, -3.2230169773101807, -4.542762279510498, -0.7336581945419312, 2.803285837173462, -3.527442455291748, 4.793542385101318, -3.3024485111236572, 2.4960455894470215, -3.526810884475708, -1.042222261428833, -7.706019401550293, -0.9323874711990356, -3.8450775146484375, 4.375475883483887, 2.9174444675445557, 2.436445951461792, 3.4442062377929688, -8.659440994262695], [-3.1428375244140625, 33.86048126220703, -4.451003074645996, -4.820744037628174, -0.8919971585273743, -8.866541862487793, -6.741789817810059, -3.0516364574432373, 7.408679962158203, -6.067474842071533, 0.22369520366191864, -3.429187774658203, 1.9340183734893799, 5.170793533325195, -0.8473902940750122, 0.8825083374977112, -0.658794641494751, -5.151134490966797, 4.7895026206970215, -6.45472526550293, 2.496494770050049], [3.04803466796875, -4.451003074645996, 10.511302947998047, -3.079542875289917, -1.9989691972732544, 2.1265084743499756, 0.0022843938786536455, -0.10582073777914047, 3.983196973800659, -0.8608709573745728, -0.29075396060943604, 4.528432846069336, 1.25813627243042, 0.2889547049999237, -1.7425295114517212, 0.5321981310844421, -1.344170331954956, 5.512755870819092, -2.476050853729248, 2.922273874282837, -1.909355878829956], [-3.2230169773101807, -4.820744037628174, -3.079542875289917, 31.4246883392334, 2.4792957305908203, 5.528028964996338, 1.2816016674041748, 6.530087471008301, -7.856324672698975, -1.959829330444336, -2.686554193496704, -3.55637264251709, 2.642188787460327, 7.14683198928833, 3.1380884647369385, 8.112031936645508, 0.30986130237579346, -1.2369019985198975, -2.5572309494018555, -8.040699005126953, 0.9103323817253113], [-4.542762279510498, -0.8919971585273743, -1.9989691972732544, 2.4792957305908203, 23.38034439086914, 0.26240330934524536, -4.8769965171813965, -2.5109755992889404, -0.47529906034469604, 5.232298374176025, 0.6856003403663635, 1.8256148099899292, -0.407988578081131, 2.868002414703369, -4.411505699157715, 2.094355821609497, 6.760125160217285, 3.5157060623168945, 1.1519052982330322, 0.4298757314682007, 6.475356101989746], [-0.7336581945419312, -8.866541862487793, 2.1265084743499756, 5.528028964996338, 0.26240330934524536, 19.85466194152832, 6.1303205490112305, -2.0778069496154785, 2.5661003589630127, 2.698125123977661, -1.6811120510101318, 2.4409077167510986, -0.3540838062763214, 0.19441387057304382, -4.9212188720703125, 2.6456360816955566, -5.984786510467529, 6.442782402038574, -6.661518573760986, -3.3001444339752197, 1.1282297372817993], [2.803285837173462, -6.741789817810059, 0.0022843938786536455, 1.2816016674041748, -4.8769965171813965, 6.1303205490112305, 22.04935646057129, 8.425230979919434, -4.213785171508789, -2.635789155960083, 5.118066310882568, 2.4284141063690186, 3.0642402172088623, -0.14566652476787567, -11.282288551330566, 0.1845046430826187, -9.10637092590332, 2.9026055335998535, -0.3510388135910034, 4.088914394378662, 0.31561675667762756], [-3.527442455291748, -3.0516364574432373, -0.10582073777914047, 6.530087471008301, -2.5109755992889404, -2.0778069496154785, 8.425230979919434, 23.79990005493164, -3.2694449424743652, 4.285134792327881, 3.1386847496032715, -3.0704097747802734, 6.289046287536621, -1.5853636264801025, 1.8067539930343628, 1.6434516906738281, -0.8020271062850952, 1.006574034690857, -1.527517318725586, 0.7707452774047852, 3.499631404876709], [4.793542385101318, 7.408679962158203, 3.983196973800659, -7.856324672698975, -0.47529906034469604, 2.5661003589630127, -4.213785171508789, -3.2694449424743652, 28.150732040405273, 9.522064208984375, 4.337189197540283, 0.7587387561798096, 2.309826374053955, -0.5396050810813904, -0.5936751365661621, -0.1245969608426094, 1.8402676582336426, 0.5565505027770996, -8.773648262023926, 0.5036275386810303, -8.156163215637207], [-3.3024485111236572, -6.067474842071533, -0.8608709573745728, -1.959829330444336, 5.232298374176025, 2.698125123977661, -2.635789155960083, 4.285134792327881, 9.522064208984375, 24.040855407714844, 0.5791378021240234, -3.3483378887176514, 4.09583044052124, -3.090968608856201, 3.206207036972046, -1.3505632877349854, 5.963057994842529, 5.764568328857422, -1.8117417097091675, 4.410161018371582, 1.4233118295669556], [2.4960455894470215, 0.22369520366191864, -0.29075396060943604, -2.686554193496704, 0.6856003403663635, -1.6811120510101318, 5.118066310882568, 3.1386847496032715, 4.337189197540283, 0.5791378021240234, 18.86634063720703, 4.329549789428711, 1.5833711624145508, -5.854233741760254, -5.691318988800049, -2.015530824661255, -1.6041760444641113, 3.6766843795776367, -0.2544008493423462, 2.660364866256714, 1.2355833053588867], [-3.526810884475708, -3.429187774658203, 4.528432846069336, -3.55637264251709, 1.8256148099899292, 2.4409077167510986, 2.4284141063690186, -3.0704097747802734, 0.7587387561798096, -3.3483378887176514, 4.329549789428711, 14.576905250549316, 0.3028923571109772, 6.771637916564941, -5.212167739868164, 1.2330492734909058, 2.299121856689453, 1.4041078090667725, -3.133604049682617, 4.786987781524658, 3.577207326889038], [-1.042222261428833, 1.9340183734893799, 1.25813627243042, 2.642188787460327, -0.407988578081131, -0.3540838062763214, 3.0642402172088623, 6.289046287536621, 2.309826374053955, 4.09583044052124, 1.5833711624145508, 0.3028923571109772, 14.996525764465332, -0.683014452457428, 3.261685848236084, -0.6211729049682617, -2.985518455505371, -4.98769474029541, 0.9838570356369019, 2.56596302986145, -3.514402151107788], [-7.706019401550293, 5.170793533325195, 0.2889547049999237, 7.14683198928833, 2.868002414703369, 0.19441387057304382, -0.14566652476787567, -1.5853636264801025, -0.5396050810813904, -3.090968608856201, -5.854233741760254, 6.771637916564941, -0.683014452457428, 23.03763771057129, -6.094673156738281, 2.4209492206573486, 4.849887847900391, -2.1925878524780273, -2.966062068939209, 1.406808614730835, 5.222161769866943], [-0.9323874711990356, -0.8473902940750122, -1.7425295114517212, 3.1380884647369385, -4.411505699157715, -4.9212188720703125, -11.282288551330566, 1.8067539930343628, -0.5936751365661621, 3.206207036972046, -5.691318988800049, -5.212167739868164, 3.261685848236084, -6.094673156738281, 35.695369720458984, -5.722284317016602, 4.044265270233154, -5.148806571960449, -6.969021797180176, -3.566436290740967, -3.6997482776641846], [-3.8450775146484375, 0.8825083374977112, 0.5321981310844421, 8.112031936645508, 2.094355821609497, 2.6456360816955566, 0.1845046430826187, 1.6434516906738281, -0.1245969608426094, -1.3505632877349854, -2.015530824661255, 1.2330492734909058, -0.6211729049682617, 2.4209492206573486, -5.722284317016602, 14.952733993530273, -1.258143424987793, 0.8236573934555054, 2.0247952938079834, -2.4931488037109375, 6.388740539550781], [4.37547492980957, -0.6587952375411987, -1.3441704511642456, 0.30986109375953674, 6.760125637054443, -5.984786033630371, -9.10637092590332, -0.8020271062850952, 1.8402670621871948, 5.963057041168213, -1.6041758060455322, 2.299121379852295, -2.985518217086792, 4.849888324737549, 4.044264793395996, -1.2581433057785034, 36.460105895996094, 0.17151856422424316, -2.6110243797302246, 3.479306221008301, 4.781162261962891], [2.9174444675445557, -5.151134967803955, 5.512755393981934, -1.2369017601013184, 3.5157055854797363, 6.442782878875732, 2.902604818344116, 1.006574034690857, 0.5565500855445862, 5.764569282531738, 3.676684856414795, 1.4041080474853516, -4.98769474029541, -2.1925880908966064, -5.148806571960449, 0.8236576318740845, 0.17151856422424316, 26.575651168823242, -3.611863851547241, -0.30346763134002686, 4.999607563018799], [2.436445713043213, 4.7895026206970215, -2.476051092147827, -2.5572309494018555, 1.1519050598144531, -6.6615190505981445, -0.35103902220726013, -1.5275174379348755, -8.773648262023926, -1.811741828918457, -0.25440138578414917, -3.133603572845459, 0.9838565587997437, -2.966062068939209, -6.969020843505859, 2.0247955322265625, -2.6110243797302246, -3.611863851547241, 18.807586669921875, 5.0909743309021, 1.1403757333755493], [3.444206714630127, -6.454724311828613, 2.922274351119995, -8.04069709777832, 0.4298756718635559, -3.300144910812378, 4.088914394378662, 0.770745575428009, 0.5036271214485168, 4.410161972045898, 2.6603646278381348, 4.786987781524658, 2.56596302986145, 1.4068084955215454, -3.566436290740967, -2.4931490421295166, 3.479306221008301, -0.30346763134002686, 5.0909743309021, 15.628973007202148, 0.6607260704040527], [-8.659441947937012, 2.496495246887207, -1.909355878829956, 0.9103320837020874, 6.475356101989746, 1.1282294988632202, 0.3156168460845947, 3.499631404876709, -8.156163215637207, 1.423311710357666, 1.2355828285217285, 3.577207565307617, -3.514402151107788, 5.222161769866943, -3.699748992919922, 6.388740062713623, 4.781162261962891, 4.999608039855957, 1.1403758525848389, 0.6607261896133423, 24.792438507080078]], "type": "heatmap"}], "layout": {"template": {"data": {"histogram2dcontour": [{"type": "histogram2dcontour", "colorbar": {"outlinewidth": 0, "ticks": ""}, "colorscale": [[0.0, "#0d0887"], [0.1111111111111111, "#46039f"], [0.2222222222222222, "#7201a8"], [0.3333333333333333, "#9c179e"], [0.4444444444444444, "#bd3786"], [0.5555555555555556, "#d8576b"], [0.6666666666666666, "#ed7953"], [0.7777777777777778, "#fb9f3a"], [0.8888888888888888, "#fdca26"], [1.0, "#f0f921"]]}], "choropleth": [{"type": "choropleth", "colorbar": {"outlinewidth": 0, "ticks": ""}}], "histogram2d": [{"type": "histogram2d", "colorbar": {"outlinewidth": 0, "ticks": ""}, "colorscale": [[0.0, "#0d0887"], [0.1111111111111111, "#46039f"], [0.2222222222222222, "#7201a8"], [0.3333333333333333, "#9c179e"], [0.4444444444444444, "#bd3786"], [0.5555555555555556, "#d8576b"], [0.6666666666666666, "#ed7953"], [0.7777777777777778, "#fb9f3a"], [0.8888888888888888, "#fdca26"], [1.0, "#f0f921"]]}], "heatmap": [{"type": "heatmap", "colorbar": {"outlinewidth": 0, "ticks": ""}, "colorscale": [[0.0, "#0d0887"], [0.1111111111111111, "#46039f"], [0.2222222222222222, "#7201a8"], [0.3333333333333333, "#9c179e"], [0.4444444444444444, "#bd3786"], [0.5555555555555556, "#d8576b"], [0.6666666666666666, "#ed7953"], [0.7777777777777778, "#fb9f3a"], [0.8888888888888888, "#fdca26"], [1.0, "#f0f921"]]}], "heatmapgl": [{"type": "heatmapgl", "colorbar": {"outlinewidth": 0, "ticks": ""}, "colorscale": [[0.0, "#0d0887"], [0.1111111111111111, "#46039f"], [0.2222222222222222, "#7201a8"], [0.3333333333333333, "#9c179e"], [0.4444444444444444, "#bd3786"], [0.5555555555555556, "#d8576b"], [0.6666666666666666, "#ed7953"], [0.7777777777777778, "#fb9f3a"], [0.8888888888888888, "#fdca26"], [1.0, "#f0f921"]]}], "contourcarpet": [{"type": "contourcarpet", "colorbar": {"outlinewidth": 0, "ticks": ""}}], "contour": [{"type": "contour", "colorbar": {"outlinewidth": 0, "ticks": ""}, "colorscale": [[0.0, "#0d0887"], [0.1111111111111111, "#46039f"], [0.2222222222222222, "#7201a8"], [0.3333333333333333, "#9c179e"], [0.4444444444444444, "#bd3786"], [0.5555555555555556, "#d8576b"], [0.6666666666666666, "#ed7953"], [0.7777777777777778, "#fb9f3a"], [0.8888888888888888, "#fdca26"], [1.0, "#f0f921"]]}], "surface": [{"type": "surface", "colorbar": {"outlinewidth": 0, "ticks": ""}, "colorscale": [[0.0, "#0d0887"], [0.1111111111111111, "#46039f"], [0.2222222222222222, "#7201a8"], [0.3333333333333333, "#9c179e"], [0.4444444444444444, "#bd3786"], [0.5555555555555556, "#d8576b"], [0.6666666666666666, "#ed7953"], [0.7777777777777778, "#fb9f3a"], [0.8888888888888888, "#fdca26"], [1.0, "#f0f921"]]}], "mesh3d": [{"type": "mesh3d", "colorbar": {"outlinewidth": 0, "ticks": ""}}], "scatter": [{"fillpattern": {"fillmode": "overlay", "size": 10, "solidity": 0.2}, "type": "scatter"}], "parcoords": [{"type": "parcoords", "line": {"colorbar": {"outlinewidth": 0, "ticks": ""}}}], "scatterpolargl": [{"type": "scatterpolargl", "marker": {"colorbar": {"outlinewidth": 0, "ticks": ""}}}], "bar": [{"error_x": {"color": "#2a3f5f"}, "error_y": {"color": "#2a3f5f"}, "marker": {"line": {"color": "#E5ECF6", "width": 0.5}, "pattern": {"fillmode": "overlay", "size": 10, "solidity": 0.2}}, "type": "bar"}], "scattergeo": [{"type": "scattergeo", "marker": {"colorbar": {"outlinewidth": 0, "ticks": ""}}}], "scatterpolar": [{"type": "scatterpolar", "marker": {"colorbar": {"outlinewidth": 0, "ticks": ""}}}], "histogram": [{"marker": {"pattern": {"fillmode": "overlay", "size": 10, "solidity": 0.2}}, "type": "histogram"}], "scattergl": [{"type": "scattergl", "marker": {"colorbar": {"outlinewidth": 0, "ticks": ""}}}], "scatter3d": [{"type": "scatter3d", "line": {"colorbar": {"outlinewidth": 0, "ticks": ""}}, "marker": {"colorbar": {"outlinewidth": 0, "ticks": ""}}}], "scattermapbox": [{"type": "scattermapbox", "marker": {"colorbar": {"outlinewidth": 0, "ticks": ""}}}], "scatterternary": [{"type": "scatterternary", "marker": {"colorbar": {"outlinewidth": 0, "ticks": ""}}}], "scattercarpet": [{"type": "scattercarpet", "marker": {"colorbar": {"outlinewidth": 0, "ticks": ""}}}], "carpet": [{"aaxis": {"endlinecolor": "#2a3f5f", "gridcolor": "white", "linecolor": "white", "minorgridcolor": "white", "startlinecolor": "#2a3f5f"}, "baxis": {"endlinecolor": "#2a3f5f", "gridcolor": "white", "linecolor": "white", "minorgridcolor": "white", "startlinecolor": "#2a3f5f"}, "type": "carpet"}], "table": [{"cells": {"fill": {"color": "#EBF0F8"}, "line": {"color": "white"}}, "header": {"fill": {"color": "#C8D4E3"}, "line": {"color": "white"}}, "type": "table"}], "barpolar": [{"marker": {"line": {"color": "#E5ECF6", "width": 0.5}, "pattern": {"fillmode": "overlay", "size": 10, "solidity": 0.2}}, "type": "barpolar"}], "pie": [{"automargin": true, "type": "pie"}]}, "layout": {"autotypenumbers": "strict", "colorway": ["#636efa", "#EF553B", "#00cc96", "#ab63fa", "#FFA15A", "#19d3f3", "#FF6692", "#B6E880", "#FF97FF", "#FECB52"], "font": {"color": "#2a3f5f"}, "hovermode": "closest", "hoverlabel": {"align": "left"}, "paper_bgcolor": "white", "plot_bgcolor": "#E5ECF6", "polar": {"bgcolor": "#E5ECF6", "angularaxis": {"gridcolor": "white", "linecolor": "white", "ticks": ""}, "radialaxis": {"gridcolor": "white", "linecolor": "white", "ticks": ""}}, "ternary": {"bgcolor": "#E5ECF6", "aaxis": {"gridcolor": "white", "linecolor": "white", "ticks": ""}, "baxis": {"gridcolor": "white", "linecolor": "white", "ticks": ""}, "caxis": {"gridcolor": "white", "linecolor": "white", "ticks": ""}}, "coloraxis": {"colorbar": {"outlinewidth": 0, "ticks": ""}}, "colorscale": {"sequential": [[0.0, "#0d0887"], [0.1111111111111111, "#46039f"], [0.2222222222222222, "#7201a8"], [0.3333333333333333, "#9c179e"], [0.4444444444444444, "#bd3786"], [0.5555555555555556, "#d8576b"], [0.6666666666666666, "#ed7953"], [0.7777777777777778, "#fb9f3a"], [0.8888888888888888, "#fdca26"], [1.0, "#f0f921"]], "sequentialminus": [[0.0, "#0d0887"], [0.1111111111111111, "#46039f"], [0.2222222222222222, "#7201a8"], [0.3333333333333333, "#9c179e"], [0.4444444444444444, "#bd3786"], [0.5555555555555556, "#d8576b"], [0.6666666666666666, "#ed7953"], [0.7777777777777778, "#fb9f3a"], [0.8888888888888888, "#fdca26"], [1.0, "#f0f921"]], "diverging": [[0, "#8e0152"], [0.1, "#c51b7d"], [0.2, "#de77ae"], [0.3, "#f1b6da"], [0.4, "#fde0ef"], [0.5, "#f7f7f7"], [0.6, "#e6f5d0"], [0.7, "#b8e186"], [0.8, "#7fbc41"], [0.9, "#4d9221"], [1, "#276419"]]}, "xaxis": {"gridcolor": "white", "linecolor": "white", "ticks": "", "title": {"standoff": 15}, "zerolinecolor": "white", "automargin": true, "zerolinewidth": 2}, "yaxis": {"gridcolor": "white", "linecolor": "white", "ticks": "", "title": {"standoff": 15}, "zerolinecolor": "white", "automargin": true, "zerolinewidth": 2}, "scene": {"xaxis": {"backgroundcolor": "#E5ECF6", "gridcolor": "white", "linecolor": "white", "showbackground": true, "ticks": "", "zerolinecolor": "white", "gridwidth": 2}, "yaxis": {"backgroundcolor": "#E5ECF6", "gridcolor": "white", "linecolor": "white", "showbackground": true, "ticks": "", "zerolinecolor": "white", "gridwidth": 2}, "zaxis": {"backgroundcolor": "#E5ECF6", "gridcolor": "white", "linecolor": "white", "showbackground": true, "ticks": "", "zerolinecolor": "white", "gridwidth": 2}}, "shapedefaults": {"line": {"color": "#2a3f5f"}}, "annotationdefaults": {"arrowcolor": "#2a3f5f", "arrowhead": 0, "arrowwidth": 1}, "geo": {"bgcolor": "white", "landcolor": "#E5ECF6", "subunitcolor": "white", "showland": true, "showlakes": true, "lakecolor": "white"}, "title": {"x": 0.05}, "mapbox": {"style": "light"}}}}}