{"data": [{"z": [[27.329736709594727, -3.1149330139160156, 3.126307725906372, -3.280026435852051, -4.556650161743164, -0.8141800165176392, 2.760425329208374, -3.693350315093994, 4.740677356719971, -3.4426164627075195, 2.4936881065368652, -3.5335402488708496, -1.0644930601119995, -7.860800266265869, -0.9347347617149353, -3.9825212955474854, 4.435263633728027, 3.0002992153167725, 2.460498094558716, 3.4799883365631104, -8.71888542175293], [-3.1149330139160156, 34.40711975097656, -4.4825873374938965, -4.850020885467529, -0.9146782755851746, -8.992030143737793, -6.825160026550293, -3.140345335006714, 7.468302249908447, -6.215080738067627, 0.163190558552742, -3.374955654144287, 1.9664665460586548, 5.2110700607299805, -0.7368594408035278, 0.907244861125946, -0.7508115768432617, -5.096338272094727, 4.881898403167725, -6.462676048278809, 2.482245445251465], [3.126307725906372, -4.4825873374938965, 10.53437614440918, -3.1150026321411133, -2.027283191680908, 2.1535561084747314, -0.02239931933581829, -0.1088174432516098, 4.060163974761963, -0.9609854221343994, -0.40658873319625854, 4.527548789978027, 1.2932918071746826, 0.2229844480752945, -1.8148784637451172, 0.5287272334098816, -1.4850727319717407, 5.57397985458374, -2.5087718963623047, 2.871265411376953, -1.9453376531600952], [-3.280026435852051, -4.850020885467529, -3.1150026321411133, 31.841506958007812, 2.408207654953003, 5.487319469451904, 1.3667798042297363, 6.653224945068359, -7.816178321838379, -1.9122345447540283, -2.738687038421631, -3.64931583404541, 2.8686795234680176, 7.128890037536621, 3.103066921234131, 8.16379165649414, 0.3222220540046692, -1.1900160312652588, -2.690459728240967, -8.134134292602539, 0.793879508972168], [-4.556650161743164, -0.9146782755851746, -2.027283191680908, 2.408207654953003, 23.70476531982422, 0.24356091022491455, -4.9576897621154785, -2.6493892669677734, -0.5039336085319519, 5.255932807922363, 0.6405861377716064, 1.8330762386322021, -0.3911854028701782, 2.871551036834717, -4.452235698699951, 2.1478271484375, 6.824131488800049, 3.517481803894043, 1.1473195552825928, 0.42125439643859863, 6.520671367645264], [-0.8141800165176392, -8.992030143737793, 2.1535561084747314, 5.487319469451904, 0.24356091022491455, 20.219213485717773, 6.124142646789551, -2.120042562484741, 2.503854513168335, 2.6802818775177, -1.6653655767440796, 2.2980096340179443, -0.4591559171676636, 0.13023799657821655, -4.969926834106445, 2.657247304916382, -6.168646812438965, 6.401580810546875, -6.671441078186035, -3.5233089923858643, 1.2130861282348633], [2.760425329208374, -6.825160026550293, -0.02239931933581829, 1.3667798042297363, -4.9576897621154785, 6.124142646789551, 22.45381736755371, 8.578339576721191, -4.32001256942749, -2.5973265171051025, 5.248725414276123, 2.4171369075775146, 3.0861666202545166, -0.12719698250293732, -11.373483657836914, 0.21666952967643738, -9.375737190246582, 2.934992790222168, -0.36720186471939087, 4.148700714111328, 0.36799800395965576], [-3.693350315093994, -3.140345335006714, -0.1088174432516098, 6.653224945068359, -2.6493892669677734, -2.120042562484741, 8.578339576721191, 24.16950035095215, -3.3090627193450928, 4.319941997528076, 3.1101882457733154, -3.2999348640441895, 6.362410545349121, -1.5993376970291138, 1.74061119556427, 1.6080329418182373, -0.8541932106018066, 0.9211090803146362, -1.5785489082336426, 0.6111433506011963, 3.4663736820220947], [4.740677356719971, 7.468302249908447, 4.060163974761963, -7.816178321838379, -0.5039336085319519, 2.503854513168335, -4.32001256942749, -3.3090627193450928, 28.536361694335938, 9.679835319519043, 4.362612724304199, 0.7903801202774048, 2.3546624183654785, -0.48387983441352844, -0.6858011484146118, -0.20803657174110413, 1.9506945610046387, 0.5513544082641602, -8.896150588989258, 0.5040378570556641, -8.232900619506836], [-3.4426164627075195, -6.215080738067627, -0.9609854221343994, -1.9122345447540283, 5.255932807922363, 2.6802818775177, -2.5973265171051025, 4.319941997528076, 9.679835319519043, 24.302766799926758, 0.5360541939735413, -3.5035879611968994, 4.17526388168335, -3.119284152984619, 3.121427536010742, -1.442583680152893, 5.972529888153076, 5.790428638458252, -1.869616985321045, 4.3408732414245605, 1.373966097831726], [2.4936881065368652, 0.163190558552742, -0.40658873319625854, -2.738687038421631, 0.6405861377716064, -1.6653655767440796, 5.248725414276123, 3.1101882457733154, 4.362612724304199, 0.5360541939735413, 19.17559051513672, 4.376779079437256, 1.5982249975204468, -5.975142002105713, -5.792067050933838, -2.1551475524902344, -1.7683440446853638, 3.6500048637390137, -0.2430957555770874, 2.6804006099700928, 1.2578730583190918], [-3.5335402488708496, -3.374955654144287, 4.527548789978027, -3.64931583404541, 1.8330762386322021, 2.2980096340179443, 2.4171369075775146, -3.2999348640441895, 0.7903801202774048, -3.5035879611968994, 4.376779079437256, 14.905651092529297, 0.32460716366767883, 6.823025226593018, -5.262214183807373, 1.17314612865448, 2.344141960144043, 1.3791013956069946, -3.180143117904663, 4.948788642883301, 3.5726592540740967], [-1.0644930601119995, 1.9664665460586548, 1.2932918071746826, 2.8686795234680176, -0.3911854028701782, -0.4591559171676636, 3.0861666202545166, 6.362410545349121, 2.3546624183654785, 4.17526388168335, 1.5982249975204468, 0.32460716366767883, 15.3248872756958, -0.7842609286308289, 3.3187673091888428, -0.6800068020820618, -3.0207457542419434, -5.009936332702637, 0.8977974653244019, 2.60091233253479, -3.627708911895752], [-7.860800266265869, 5.2110700607299805, 0.2229844480752945, 7.128890037536621, 2.871551036834717, 0.13023799657821655, -0.12719698250293732, -1.5993376970291138, -0.48387983441352844, -3.119284152984619, -5.975142002105713, 6.823025226593018, -0.7842609286308289, 23.36924171447754, -6.216119766235352, 2.3882253170013428, 4.901398658752441, -2.191033363342285, -2.925605535507202, 1.4150433540344238, 5.272902488708496], [-0.9347347617149353, -0.7368594408035278, -1.8148784637451172, 3.103066921234131, -4.452235698699951, -4.969926834106445, -11.373483657836914, 1.74061119556427, -0.6858011484146118, 3.121427536010742, -5.792067050933838, -5.262214183807373, 3.3187673091888428, -6.216119766235352, 36.20115661621094, -5.735474109649658, 3.96112060546875, -5.238861083984375, -7.0588788986206055, -3.618607997894287, -3.649378538131714], [-3.9825212955474854, 0.907244861125946, 0.5287272334098816, 8.16379165649414, 2.1478271484375, 2.657247304916382, 0.21666952967643738, 1.6080329418182373, -0.20803657174110413, -1.442583680152893, -2.1551475524902344, 1.17314612865448, -0.6800068020820618, 2.3882253170013428, -5.735474109649658, 15.275200843811035, -1.3659920692443848, 0.760240375995636, 2.035168170928955, -2.6396052837371826, 6.496763706207275], [4.435263633728027, -0.7508109211921692, -1.4850728511810303, 0.3222220838069916, 6.824131965637207, -6.168646335601807, -9.375737190246582, -0.8541931509971619, 1.950695514678955, 5.972529411315918, -1.7683441638946533, 2.3441414833068848, -3.0207459926605225, 4.901398658752441, 3.961121082305908, -1.365991234779358, 36.87062454223633, 0.22487163543701172, -2.7341532707214355, 3.4878435134887695, 4.776969909667969], [3.0002989768981934, -5.096338748931885, 5.57397985458374, -1.1900161504745483, 3.5174808502197266, 6.401580810546875, 2.934992790222168, 0.9211101531982422, 0.5513545870780945, 5.790428638458252, 3.650003671646118, 1.3791018724441528, -5.009936332702637, -2.1910338401794434, -5.238861560821533, 0.7602406144142151, 0.22487163543701172, 26.84783172607422, -3.660259485244751, -0.29001665115356445, 4.970911502838135], [2.460498571395874, 4.881897926330566, -2.508772611618042, -2.690459728240967, 1.1473194360733032, -6.671441078186035, -0.36720171570777893, -1.5785490274429321, -8.89615249633789, -1.8696171045303345, -0.24309620261192322, -3.180143356323242, 0.8977973461151123, -2.925605535507202, -7.058878421783447, 2.035167694091797, -2.7341532707214355, -3.660259485244751, 18.99226951599121, 5.139479160308838, 1.2446104288101196], [3.4799885749816895, -6.46267557144165, 2.871265411376953, -8.134134292602539, 0.42125383019447327, -3.5233094692230225, 4.148701190948486, 0.6111435890197754, 0.5040376782417297, 4.340873718261719, 2.6804003715515137, 4.948789119720459, 2.600912094116211, 1.415043592453003, -3.618607997894287, -2.6396052837371826, 3.4878435134887695, -0.29001665115356445, 5.139479160308838, 15.939294815063477, 0.6608192324638367], [-8.718887329101562, 2.482245683670044, -1.9453374147415161, 0.7938793897628784, 6.520670413970947, 1.2130855321884155, 0.3679981231689453, 3.466373920440674, -8.232900619506836, 1.3739663362503052, 1.257873296737671, 3.5726592540740967, -3.627709150314331, 5.272902488708496, -3.649379253387451, 6.496764183044434, 4.776969909667969, 4.970911979675293, 1.2446105480194092, 0.6608191728591919, 24.792438507080078]], "type": "heatmap"}], "layout": {"template": {"data": {"histogram2dcontour": [{"type": "histogram2dcontour", "colorbar": {"outlinewidth": 0, "ticks": ""}, "colorscale": [[0.0, "#0d0887"], [0.1111111111111111, "#46039f"], [0.2222222222222222, "#7201a8"], [0.3333333333333333, "#9c179e"], [0.4444444444444444, "#bd3786"], [0.5555555555555556, "#d8576b"], [0.6666666666666666, "#ed7953"], [0.7777777777777778, "#fb9f3a"], [0.8888888888888888, "#fdca26"], [1.0, "#f0f921"]]}], "choropleth": [{"type": "choropleth", "colorbar": {"outlinewidth": 0, "ticks": ""}}], "histogram2d": [{"type": "histogram2d", "colorbar": {"outlinewidth": 0, "ticks": ""}, "colorscale": [[0.0, "#0d0887"], [0.1111111111111111, "#46039f"], [0.2222222222222222, "#7201a8"], [0.3333333333333333, "#9c179e"], [0.4444444444444444, "#bd3786"], [0.5555555555555556, "#d8576b"], [0.6666666666666666, "#ed7953"], [0.7777777777777778, "#fb9f3a"], [0.8888888888888888, "#fdca26"], [1.0, "#f0f921"]]}], "heatmap": [{"type": "heatmap", "colorbar": {"outlinewidth": 0, "ticks": ""}, "colorscale": [[0.0, "#0d0887"], [0.1111111111111111, "#46039f"], [0.2222222222222222, "#7201a8"], [0.3333333333333333, "#9c179e"], [0.4444444444444444, "#bd3786"], [0.5555555555555556, "#d8576b"], [0.6666666666666666, "#ed7953"], [0.7777777777777778, "#fb9f3a"], [0.8888888888888888, "#fdca26"], [1.0, "#f0f921"]]}], "heatmapgl": [{"type": "heatmapgl", "colorbar": {"outlinewidth": 0, "ticks": ""}, "colorscale": [[0.0, "#0d0887"], [0.1111111111111111, "#46039f"], [0.2222222222222222, "#7201a8"], [0.3333333333333333, "#9c179e"], [0.4444444444444444, "#bd3786"], [0.5555555555555556, "#d8576b"], [0.6666666666666666, "#ed7953"], [0.7777777777777778, "#fb9f3a"], [0.8888888888888888, "#fdca26"], [1.0, "#f0f921"]]}], "contourcarpet": [{"type": "contourcarpet", "colorbar": {"outlinewidth": 0, "ticks": ""}}], "contour": [{"type": "contour", "colorbar": {"outlinewidth": 0, "ticks": ""}, "colorscale": [[0.0, "#0d0887"], [0.1111111111111111, "#46039f"], [0.2222222222222222, "#7201a8"], [0.3333333333333333, "#9c179e"], [0.4444444444444444, "#bd3786"], [0.5555555555555556, "#d8576b"], [0.6666666666666666, "#ed7953"], [0.7777777777777778, "#fb9f3a"], [0.8888888888888888, "#fdca26"], [1.0, "#f0f921"]]}], "surface": [{"type": "surface", "colorbar": {"outlinewidth": 0, "ticks": ""}, "colorscale": [[0.0, "#0d0887"], [0.1111111111111111, "#46039f"], [0.2222222222222222, "#7201a8"], [0.3333333333333333, "#9c179e"], [0.4444444444444444, "#bd3786"], [0.5555555555555556, "#d8576b"], [0.6666666666666666, "#ed7953"], [0.7777777777777778, "#fb9f3a"], [0.8888888888888888, "#fdca26"], [1.0, "#f0f921"]]}], "mesh3d": [{"type": "mesh3d", "colorbar": {"outlinewidth": 0, "ticks": ""}}], "scatter": [{"fillpattern": {"fillmode": "overlay", "size": 10, "solidity": 0.2}, "type": "scatter"}], "parcoords": [{"type": "parcoords", "line": {"colorbar": {"outlinewidth": 0, "ticks": ""}}}], "scatterpolargl": [{"type": "scatterpolargl", "marker": {"colorbar": {"outlinewidth": 0, "ticks": ""}}}], "bar": [{"error_x": {"color": "#2a3f5f"}, "error_y": {"color": "#2a3f5f"}, "marker": {"line": {"color": "#E5ECF6", "width": 0.5}, "pattern": {"fillmode": "overlay", "size": 10, "solidity": 0.2}}, "type": "bar"}], "scattergeo": [{"type": "scattergeo", "marker": {"colorbar": {"outlinewidth": 0, "ticks": ""}}}], "scatterpolar": [{"type": "scatterpolar", "marker": {"colorbar": {"outlinewidth": 0, "ticks": ""}}}], "histogram": [{"marker": {"pattern": {"fillmode": "overlay", "size": 10, "solidity": 0.2}}, "type": "histogram"}], "scattergl": [{"type": "scattergl", "marker": {"colorbar": {"outlinewidth": 0, "ticks": ""}}}], "scatter3d": [{"type": "scatter3d", "line": {"colorbar": {"outlinewidth": 0, "ticks": ""}}, "marker": {"colorbar": {"outlinewidth": 0, "ticks": ""}}}], "scattermapbox": [{"type": "scattermapbox", "marker": {"colorbar": {"outlinewidth": 0, "ticks": ""}}}], "scatterternary": [{"type": "scatterternary", "marker": {"colorbar": {"outlinewidth": 0, "ticks": ""}}}], "scattercarpet": [{"type": "scattercarpet", "marker": {"colorbar": {"outlinewidth": 0, "ticks": ""}}}], "carpet": [{"aaxis": {"endlinecolor": "#2a3f5f", "gridcolor": "white", "linecolor": "white", "minorgridcolor": "white", "startlinecolor": "#2a3f5f"}, "baxis": {"endlinecolor": "#2a3f5f", "gridcolor": "white", "linecolor": "white", "minorgridcolor": "white", "startlinecolor": "#2a3f5f"}, "type": "carpet"}], "table": [{"cells": {"fill": {"color": "#EBF0F8"}, "line": {"color": "white"}}, "header": {"fill": {"color": "#C8D4E3"}, "line": {"color": "white"}}, "type": "table"}], "barpolar": [{"marker": {"line": {"color": "#E5ECF6", "width": 0.5}, "pattern": {"fillmode": "overlay", "size": 10, "solidity": 0.2}}, "type": "barpolar"}], "pie": [{"automargin": true, "type": "pie"}]}, "layout": {"autotypenumbers": "strict", "colorway": ["#636efa", "#EF553B", "#00cc96", "#ab63fa", "#FFA15A", "#19d3f3", "#FF6692", "#B6E880", "#FF97FF", "#FECB52"], "font": {"color": "#2a3f5f"}, "hovermode": "closest", "hoverlabel": {"align": "left"}, "paper_bgcolor": "white", "plot_bgcolor": "#E5ECF6", "polar": {"bgcolor": "#E5ECF6", "angularaxis": {"gridcolor": "white", "linecolor": "white", "ticks": ""}, "radialaxis": {"gridcolor": "white", "linecolor": "white", "ticks": ""}}, "ternary": {"bgcolor": "#E5ECF6", "aaxis": {"gridcolor": "white", "linecolor": "white", "ticks": ""}, "baxis": {"gridcolor": "white", "linecolor": "white", "ticks": ""}, "caxis": {"gridcolor": "white", "linecolor": "white", "ticks": ""}}, "coloraxis": {"colorbar": {"outlinewidth": 0, "ticks": ""}}, "colorscale": {"sequential": [[0.0, "#0d0887"], [0.1111111111111111, "#46039f"], [0.2222222222222222, "#7201a8"], [0.3333333333333333, "#9c179e"], [0.4444444444444444, "#bd3786"], [0.5555555555555556, "#d8576b"], [0.6666666666666666, "#ed7953"], [0.7777777777777778, "#fb9f3a"], [0.8888888888888888, "#fdca26"], [1.0, "#f0f921"]], "sequentialminus": [[0.0, "#0d0887"], [0.1111111111111111, "#46039f"], [0.2222222222222222, "#7201a8"], [0.3333333333333333, "#9c179e"], [0.4444444444444444, "#bd3786"], [0.5555555555555556, "#d8576b"], [0.6666666666666666, "#ed7953"], [0.7777777777777778, "#fb9f3a"], [0.8888888888888888, "#fdca26"], [1.0, "#f0f921"]], "diverging": [[0, "#8e0152"], [0.1, "#c51b7d"], [0.2, "#de77ae"], [0.3, "#f1b6da"], [0.4, "#fde0ef"], [0.5, "#f7f7f7"], [0.6, "#e6f5d0"], [0.7, "#b8e186"], [0.8, "#7fbc41"], [0.9, "#4d9221"], [1, "#276419"]]}, "xaxis": {"gridcolor": "white", "linecolor": "white", "ticks": "", "title": {"standoff": 15}, "zerolinecolor": "white", "automargin": true, "zerolinewidth": 2}, "yaxis": {"gridcolor": "white", "linecolor": "white", "ticks": "", "title": {"standoff": 15}, "zerolinecolor": "white", "automargin": true, "zerolinewidth": 2}, "scene": {"xaxis": {"backgroundcolor": "#E5ECF6", "gridcolor": "white", "linecolor": "white", "showbackground": true, "ticks": "", "zerolinecolor": "white", "gridwidth": 2}, "yaxis": {"backgroundcolor": "#E5ECF6", "gridcolor": "white", "linecolor": "white", "showbackground": true, "ticks": "", "zerolinecolor": "white", "gridwidth": 2}, "zaxis": {"backgroundcolor": "#E5ECF6", "gridcolor": "white", "linecolor": "white", "showbackground": true, "ticks": "", "zerolinecolor": "white", "gridwidth": 2}}, "shapedefaults": {"line": {"color": "#2a3f5f"}}, "annotationdefaults": {"arrowcolor": "#2a3f5f", "arrowhead": 0, "arrowwidth": 1}, "geo": {"bgcolor": "white", "landcolor": "#E5ECF6", "subunitcolor": "white", "showland": true, "showlakes": true, "lakecolor": "white"}, "title": {"x": 0.05}, "mapbox": {"style": "light"}}}}}