{"data": [{"z": [[26.997861862182617, -3.1493356227874756, 3.0454351902008057, -3.230058193206787, -4.547145843505859, -0.7445530295372009, 2.797961711883545, -3.5392112731933594, 4.7892069816589355, -3.3114800453186035, 2.492608070373535, -3.5361411571502686, -1.0489364862442017, -7.71750020980835, -0.93220055103302, -3.859090566635132, 4.375748634338379, 2.917989492416382, 2.4332449436187744, 3.442932605743408, -8.667403221130371], [-3.1493356227874756, 33.884708404541016, -4.455633640289307, -4.8292365074157715, -0.9003916382789612, -8.878543853759766, -6.748274803161621, -3.0638186931610107, 7.404677391052246, -6.080869674682617, 0.21739734709262848, -3.435547113418579, 1.9262956380844116, 5.1671671867370605, -0.8435944318771362, 0.8782067894935608, -0.6735174655914307, -5.155632972717285, 4.790295600891113, -6.463746070861816, 2.4919750690460205], [3.0454351902008057, -4.455633640289307, 10.514918327331543, -3.087923288345337, -2.009408712387085, 2.116666555404663, -0.002862143563106656, -0.11298669874668121, 3.98211932182312, -0.86922687292099, -0.2974616587162018, 4.5204691886901855, 1.2531323432922363, 0.28074368834495544, -1.750954031944275, 0.5218635201454163, -1.3520668745040894, 5.513000965118408, -2.4810495376586914, 2.915144920349121, -1.9118667840957642], [-3.230058193206787, -4.8292365074157715, -3.087923288345337, 31.450576782226562, 2.4699900150299072, 5.516524791717529, 1.2826579809188843, 6.533636093139648, -7.855868816375732, -1.9584273099899292, -2.6925134658813477, -3.567035436630249, 2.6540753841400146, 7.139826774597168, 3.1310908794403076, 8.104843139648438, 0.3080559968948364, -1.238166332244873, -2.5687527656555176, -8.051785469055176, 0.8994169235229492], [-4.547145843505859, -0.9003916382789612, -2.009408712387085, 2.4699900150299072, 23.39513397216797, 0.2534980773925781, -4.88350772857666, -2.5256030559539795, -0.4806375205516815, 5.226675510406494, 0.6804326176643372, 1.8197834491729736, -0.41323322057724, 2.8640036582946777, -4.4195146560668945, 2.087073564529419, 6.760436058044434, 3.5122487545013428, 1.149657964706421, 0.42687374353408813, 6.474432945251465], [-0.7445530295372009, -8.878543853759766, 2.116666555404663, 5.516524791717529, 0.2534980773925781, 19.862682342529297, 6.128156661987305, -2.091604471206665, 2.555192708969116, 2.6880292892456055, -1.6875061988830566, 2.4210121631622314, -0.37040403485298157, 0.18128733336925507, -4.93068265914917, 2.6341066360473633, -6.0055251121521, 6.43213415145874, -6.666966438293457, -3.3183062076568604, 1.1289021968841553], [2.797961711883545, -6.748274803161621, -0.002862143563106656, 1.2826579809188843, -4.88350772857666, 6.128156661987305, 22.07173728942871, 8.428296089172363, -4.22308349609375, -2.6366522312164307, 5.121308326721191, 2.423186779022217, 3.063957691192627, -0.14655303955078125, -11.288480758666992, 0.1840648651123047, -9.122011184692383, 2.9019172191619873, -0.3522370457649231, 4.089893341064453, 0.3190804421901703], [-3.5392112731933594, -3.0638186931610107, -0.11298669874668121, 6.533636093139648, -2.5256030559539795, -2.091604471206665, 8.428296089172363, 23.815696716308594, -3.2759270668029785, 4.282099723815918, 3.1348252296447754, -3.091547727584839, 6.286736488342285, -1.591805100440979, 1.8001785278320312, 1.6298521757125854, -0.8110257387161255, 0.9959641695022583, -1.5331106185913086, 0.7533446550369263, 3.493321180343628], [4.7892069816589355, 7.404677391052246, 3.98211932182312, -7.855868816375732, -0.4806375205516815, 2.555192708969116, -4.22308349609375, -3.2759270668029785, 28.168350219726562, 9.528101921081543, 4.33719539642334, 0.7541330456733704, 2.308166265487671, -0.5409007668495178, -0.6043262481689453, -0.13455064594745636, 1.84382963180542, 0.5546965599060059, -8.782827377319336, 0.4984276294708252, -8.164624214172363], [-3.3114800453186035, -6.080869674682617, -0.86922687292099, -1.9584273099899292, 5.226675510406494, 2.6880292892456055, -2.6366522312164307, 4.282099723815918, 9.528101921081543, 24.054685592651367, 0.5761904120445251, -3.3628640174865723, 4.097287178039551, -3.0971498489379883, 3.1969614028930664, -1.3620613813400269, 5.9605255126953125, 5.76322078704834, -1.8166099786758423, 4.402833938598633, 1.4186466932296753], [2.492608070373535, 0.21739734709262848, -0.2974616587162018, -2.6925134658813477, 0.6804326176643372, -1.6875061988830566, 5.121308326721191, 3.1348252296447754, 4.33719539642334, 0.5761904120445251, 18.882553100585938, 4.325183391571045, 1.5810246467590332, -5.859797477722168, -5.700624465942383, -2.0248360633850098, -1.6123871803283691, 3.6732406616210938, -0.2542250156402588, 2.6582720279693604, 1.2389932870864868], [-3.5361411571502686, -3.435547113418579, 4.5204691886901855, -3.567035436630249, 1.8197834491729736, 2.4210121631622314, 2.423186779022217, -3.091547727584839, 0.7541330456733704, -3.3628640174865723, 4.325183391571045, 14.588732719421387, 0.2949531376361847, 6.767498970031738, -5.2165422439575195, 1.216760516166687, 2.2914326190948486, 1.3952133655548096, -3.1436448097229004, 4.787598609924316, 3.5686628818511963], [-1.0489364862442017, 1.9262956380844116, 1.2531323432922363, 2.6540753841400146, -0.41323322057724, -0.37040403485298157, 3.063957691192627, 6.286736488342285, 2.308166265487671, 4.097287178039551, 1.5810246467590332, 0.2949531376361847, 15.011731147766113, -0.696110725402832, 3.2572433948516846, -0.6331086754798889, -2.992586851119995, -4.993045330047607, 0.9745246171951294, 2.5607283115386963, -3.526310920715332], [-7.71750020980835, 5.1671671867370605, 0.28074368834495544, 7.139826774597168, 2.8640036582946777, 0.18128733336925507, -0.14655303955078125, -1.591805100440979, -0.5409007668495178, -3.0971498489379883, -5.859797477722168, 6.767498970031738, -0.696110725402832, 23.05641746520996, -6.111680030822754, 2.4126150608062744, 4.8454437255859375, -2.1975865364074707, -2.9662461280822754, 1.399451732635498, 5.223632335662842], [-0.93220055103302, -0.8435944318771362, -1.750954031944275, 3.1310908794403076, -4.4195146560668945, -4.93068265914917, -11.288480758666992, 1.8001785278320312, -0.6043262481689453, 3.1969614028930664, -5.700624465942383, -5.2165422439575195, 3.2572433948516846, -6.111680030822754, 35.717105865478516, -5.7377119064331055, 4.030505180358887, -5.160140514373779, -6.979728698730469, -3.5720291137695312, -3.699815273284912], [-3.859090566635132, 0.8782067894935608, 0.5218635201454163, 8.104843139648438, 2.087073564529419, 2.6341066360473633, 0.1840648651123047, 1.6298521757125854, -0.13455064594745636, -1.3620613813400269, -2.0248360633850098, 1.216760516166687, -0.6331086754798889, 2.4126150608062744, -5.7377119064331055, 14.957146644592285, -1.2766283750534058, 0.8098307847976685, 2.020542621612549, -2.5140347480773926, 6.389591693878174], [4.375748157501221, -0.6735167503356934, -1.352066993713379, 0.30805617570877075, 6.760436058044434, -6.0055251121521, -9.1220121383667, -0.8110254406929016, 1.8438289165496826, 5.960526466369629, -1.6123874187469482, 2.2914328575134277, -2.992587089538574, 4.8454437255859375, 4.0305047035217285, -1.2766283750534058, 36.480987548828125, 0.17055392265319824, -2.6215760707855225, 3.47031307220459, 4.776987075805664], [2.9179890155792236, -5.155632972717285, 5.513001441955566, -1.2381657361984253, 3.5122480392456055, 6.432134628295898, 2.901916980743408, 0.9959651827812195, 0.5546973943710327, 5.76322078704834, 3.673241376876831, 1.3952125310897827, -4.993046283721924, -2.19758677482605, -5.160140514373779, 0.809830904006958, 0.17055392265319824, 26.587871551513672, -3.617931365966797, -0.3088819980621338, 4.993227958679199], [2.4332454204559326, 4.790294647216797, -2.4810492992401123, -2.5687530040740967, 1.149658203125, -6.666966915130615, -0.3522369861602783, -1.5331108570098877, -8.782827377319336, -1.816610336303711, -0.2542247474193573, -3.1436450481414795, 0.9745247960090637, -2.9662461280822754, -6.979729652404785, 2.020543336868286, -2.6215760707855225, -3.617931365966797, 18.815841674804688, 5.088316440582275, 1.1442718505859375], [3.44293212890625, -6.463747501373291, 2.9151451587677, -8.05178451538086, 0.4268735945224762, -3.3183064460754395, 4.089893817901611, 0.7533450126647949, 0.49842867255210876, 4.402834415435791, 2.6582722663879395, 4.787598133087158, 2.560728073120117, 1.3994518518447876, -3.572028398513794, -2.5140347480773926, 3.47031307220459, -0.3088819980621338, 5.088316440582275, 15.645448684692383, 0.654634416103363], [-8.667403221130371, 2.4919753074645996, -1.9118666648864746, 0.8994168043136597, 6.474432945251465, 1.1289026737213135, 0.3190803527832031, 3.493321418762207, -8.164624214172363, 1.4186465740203857, 1.2389931678771973, 3.568662643432617, -3.526310682296753, 5.223631858825684, -3.699815511703491, 6.389591693878174, 4.776987075805664, 4.993227481842041, 1.1442718505859375, 0.6546343564987183, 24.792438507080078]], "type": "heatmap"}], "layout": {"template": {"data": {"histogram2dcontour": [{"type": "histogram2dcontour", "colorbar": {"outlinewidth": 0, "ticks": ""}, "colorscale": [[0.0, "#0d0887"], [0.1111111111111111, "#46039f"], [0.2222222222222222, "#7201a8"], [0.3333333333333333, "#9c179e"], [0.4444444444444444, "#bd3786"], [0.5555555555555556, "#d8576b"], [0.6666666666666666, "#ed7953"], [0.7777777777777778, "#fb9f3a"], [0.8888888888888888, "#fdca26"], [1.0, "#f0f921"]]}], "choropleth": [{"type": "choropleth", "colorbar": {"outlinewidth": 0, "ticks": ""}}], "histogram2d": [{"type": "histogram2d", "colorbar": {"outlinewidth": 0, "ticks": ""}, "colorscale": [[0.0, "#0d0887"], [0.1111111111111111, "#46039f"], [0.2222222222222222, "#7201a8"], [0.3333333333333333, "#9c179e"], [0.4444444444444444, "#bd3786"], [0.5555555555555556, "#d8576b"], [0.6666666666666666, "#ed7953"], [0.7777777777777778, "#fb9f3a"], [0.8888888888888888, "#fdca26"], [1.0, "#f0f921"]]}], "heatmap": [{"type": "heatmap", "colorbar": {"outlinewidth": 0, "ticks": ""}, "colorscale": [[0.0, "#0d0887"], [0.1111111111111111, "#46039f"], [0.2222222222222222, "#7201a8"], [0.3333333333333333, "#9c179e"], [0.4444444444444444, "#bd3786"], [0.5555555555555556, "#d8576b"], [0.6666666666666666, "#ed7953"], [0.7777777777777778, "#fb9f3a"], [0.8888888888888888, "#fdca26"], [1.0, "#f0f921"]]}], "heatmapgl": [{"type": "heatmapgl", "colorbar": {"outlinewidth": 0, "ticks": ""}, "colorscale": [[0.0, "#0d0887"], [0.1111111111111111, "#46039f"], [0.2222222222222222, "#7201a8"], [0.3333333333333333, "#9c179e"], [0.4444444444444444, "#bd3786"], [0.5555555555555556, "#d8576b"], [0.6666666666666666, "#ed7953"], [0.7777777777777778, "#fb9f3a"], [0.8888888888888888, "#fdca26"], [1.0, "#f0f921"]]}], "contourcarpet": [{"type": "contourcarpet", "colorbar": {"outlinewidth": 0, "ticks": ""}}], "contour": [{"type": "contour", "colorbar": {"outlinewidth": 0, "ticks": ""}, "colorscale": [[0.0, "#0d0887"], [0.1111111111111111, "#46039f"], [0.2222222222222222, "#7201a8"], [0.3333333333333333, "#9c179e"], [0.4444444444444444, "#bd3786"], [0.5555555555555556, "#d8576b"], [0.6666666666666666, "#ed7953"], [0.7777777777777778, "#fb9f3a"], [0.8888888888888888, "#fdca26"], [1.0, "#f0f921"]]}], "surface": [{"type": "surface", "colorbar": {"outlinewidth": 0, "ticks": ""}, "colorscale": [[0.0, "#0d0887"], [0.1111111111111111, "#46039f"], [0.2222222222222222, "#7201a8"], [0.3333333333333333, "#9c179e"], [0.4444444444444444, "#bd3786"], [0.5555555555555556, "#d8576b"], [0.6666666666666666, "#ed7953"], [0.7777777777777778, "#fb9f3a"], [0.8888888888888888, "#fdca26"], [1.0, "#f0f921"]]}], "mesh3d": [{"type": "mesh3d", "colorbar": {"outlinewidth": 0, "ticks": ""}}], "scatter": [{"fillpattern": {"fillmode": "overlay", "size": 10, "solidity": 0.2}, "type": "scatter"}], "parcoords": [{"type": "parcoords", "line": {"colorbar": {"outlinewidth": 0, "ticks": ""}}}], "scatterpolargl": [{"type": "scatterpolargl", "marker": {"colorbar": {"outlinewidth": 0, "ticks": ""}}}], "bar": [{"error_x": {"color": "#2a3f5f"}, "error_y": {"color": "#2a3f5f"}, "marker": {"line": {"color": "#E5ECF6", "width": 0.5}, "pattern": {"fillmode": "overlay", "size": 10, "solidity": 0.2}}, "type": "bar"}], "scattergeo": [{"type": "scattergeo", "marker": {"colorbar": {"outlinewidth": 0, "ticks": ""}}}], "scatterpolar": [{"type": "scatterpolar", "marker": {"colorbar": {"outlinewidth": 0, "ticks": ""}}}], "histogram": [{"marker": {"pattern": {"fillmode": "overlay", "size": 10, "solidity": 0.2}}, "type": "histogram"}], "scattergl": [{"type": "scattergl", "marker": {"colorbar": {"outlinewidth": 0, "ticks": ""}}}], "scatter3d": [{"type": "scatter3d", "line": {"colorbar": {"outlinewidth": 0, "ticks": ""}}, "marker": {"colorbar": {"outlinewidth": 0, "ticks": ""}}}], "scattermapbox": [{"type": "scattermapbox", "marker": {"colorbar": {"outlinewidth": 0, "ticks": ""}}}], "scatterternary": [{"type": "scatterternary", "marker": {"colorbar": {"outlinewidth": 0, "ticks": ""}}}], "scattercarpet": [{"type": "scattercarpet", "marker": {"colorbar": {"outlinewidth": 0, "ticks": ""}}}], "carpet": [{"aaxis": {"endlinecolor": "#2a3f5f", "gridcolor": "white", "linecolor": "white", "minorgridcolor": "white", "startlinecolor": "#2a3f5f"}, "baxis": {"endlinecolor": "#2a3f5f", "gridcolor": "white", "linecolor": "white", "minorgridcolor": "white", "startlinecolor": "#2a3f5f"}, "type": "carpet"}], "table": [{"cells": {"fill": {"color": "#EBF0F8"}, "line": {"color": "white"}}, "header": {"fill": {"color": "#C8D4E3"}, "line": {"color": "white"}}, "type": "table"}], "barpolar": [{"marker": {"line": {"color": "#E5ECF6", "width": 0.5}, "pattern": {"fillmode": "overlay", "size": 10, "solidity": 0.2}}, "type": "barpolar"}], "pie": [{"automargin": true, "type": "pie"}]}, "layout": {"autotypenumbers": "strict", "colorway": ["#636efa", "#EF553B", "#00cc96", "#ab63fa", "#FFA15A", "#19d3f3", "#FF6692", "#B6E880", "#FF97FF", "#FECB52"], "font": {"color": "#2a3f5f"}, "hovermode": "closest", "hoverlabel": {"align": "left"}, "paper_bgcolor": "white", "plot_bgcolor": "#E5ECF6", "polar": {"bgcolor": "#E5ECF6", "angularaxis": {"gridcolor": "white", "linecolor": "white", "ticks": ""}, "radialaxis": {"gridcolor": "white", "linecolor": "white", "ticks": ""}}, "ternary": {"bgcolor": "#E5ECF6", "aaxis": {"gridcolor": "white", "linecolor": "white", "ticks": ""}, "baxis": {"gridcolor": "white", "linecolor": "white", "ticks": ""}, "caxis": {"gridcolor": "white", "linecolor": "white", "ticks": ""}}, "coloraxis": {"colorbar": {"outlinewidth": 0, "ticks": ""}}, "colorscale": {"sequential": [[0.0, "#0d0887"], [0.1111111111111111, "#46039f"], [0.2222222222222222, "#7201a8"], [0.3333333333333333, "#9c179e"], [0.4444444444444444, "#bd3786"], [0.5555555555555556, "#d8576b"], [0.6666666666666666, "#ed7953"], [0.7777777777777778, "#fb9f3a"], [0.8888888888888888, "#fdca26"], [1.0, "#f0f921"]], "sequentialminus": [[0.0, "#0d0887"], [0.1111111111111111, "#46039f"], [0.2222222222222222, "#7201a8"], [0.3333333333333333, "#9c179e"], [0.4444444444444444, "#bd3786"], [0.5555555555555556, "#d8576b"], [0.6666666666666666, "#ed7953"], [0.7777777777777778, "#fb9f3a"], [0.8888888888888888, "#fdca26"], [1.0, "#f0f921"]], "diverging": [[0, "#8e0152"], [0.1, "#c51b7d"], [0.2, "#de77ae"], [0.3, "#f1b6da"], [0.4, "#fde0ef"], [0.5, "#f7f7f7"], [0.6, "#e6f5d0"], [0.7, "#b8e186"], [0.8, "#7fbc41"], [0.9, "#4d9221"], [1, "#276419"]]}, "xaxis": {"gridcolor": "white", "linecolor": "white", "ticks": "", "title": {"standoff": 15}, "zerolinecolor": "white", "automargin": true, "zerolinewidth": 2}, "yaxis": {"gridcolor": "white", "linecolor": "white", "ticks": "", "title": {"standoff": 15}, "zerolinecolor": "white", "automargin": true, "zerolinewidth": 2}, "scene": {"xaxis": {"backgroundcolor": "#E5ECF6", "gridcolor": "white", "linecolor": "white", "showbackground": true, "ticks": "", "zerolinecolor": "white", "gridwidth": 2}, "yaxis": {"backgroundcolor": "#E5ECF6", "gridcolor": "white", "linecolor": "white", "showbackground": true, "ticks": "", "zerolinecolor": "white", "gridwidth": 2}, "zaxis": {"backgroundcolor": "#E5ECF6", "gridcolor": "white", "linecolor": "white", "showbackground": true, "ticks": "", "zerolinecolor": "white", "gridwidth": 2}}, "shapedefaults": {"line": {"color": "#2a3f5f"}}, "annotationdefaults": {"arrowcolor": "#2a3f5f", "arrowhead": 0, "arrowwidth": 1}, "geo": {"bgcolor": "white", "landcolor": "#E5ECF6", "subunitcolor": "white", "showland": true, "showlakes": true, "lakecolor": "white"}, "title": {"x": 0.05}, "mapbox": {"style": "light"}}}}}