{"data": [{"z": [[27.017974853515625, -3.151224374771118, 3.046642303466797, -3.236299514770508, -4.550618648529053, -0.7537741661071777, 2.7932496070861816, -3.550920248031616, 4.783573150634766, -3.319033622741699, 2.489482879638672, -3.5409345626831055, -1.0547796487808228, -7.7303361892700195, -0.9367949366569519, -3.871246099472046, 4.3776679039001465, 2.920741081237793, 2.4309353828430176, 3.4438774585723877, -8.67308235168457], [-3.151224374771118, 33.91618347167969, -4.458072185516357, -4.832548141479492, -0.9037718176841736, -8.887086868286133, -6.7549614906311035, -3.070460081100464, 7.4036760330200195, -6.089050769805908, 0.21121026575565338, -3.435650587081909, 1.9248632192611694, 5.168755531311035, -0.8399534225463867, 0.87913578748703, -0.6814355850219727, -5.157162666320801, 4.792173385620117, -6.466975212097168, 2.4913041591644287], [3.046642303466797, -4.458072185516357, 10.516860008239746, -3.0973613262176514, -2.017016887664795, 2.106954336166382, -0.007910621352493763, -0.11759302765130997, 3.9807965755462646, -0.8748477101325989, -0.3076668679714203, 4.515420436859131, 1.2499622106552124, 0.2727374732494354, -1.7583025693893433, 0.5151822566986084, -1.3624927997589111, 5.512805938720703, -2.4882636070251465, 2.9097213745117188, -1.9148879051208496], [-3.236299514770508, -4.832548141479492, -3.0973613262176514, 31.478580474853516, 2.4622273445129395, 5.5063934326171875, 1.2842867374420166, 6.539483070373535, -7.856941223144531, -1.95655357837677, -2.702998161315918, -3.576275587081909, 2.6677160263061523, 7.132277965545654, 3.123605489730835, 8.102455139160156, 0.30761420726776123, -1.2371352910995483, -2.5816943645477295, -8.0596342086792, 0.8880456686019897], [-4.550618648529053, -0.9037718176841736, -2.017016887664795, 2.4622273445129395, 23.41365623474121, 0.24485228955745697, -4.889336109161377, -2.538616895675659, -0.48524120450019836, 5.223992824554443, 0.6715016961097717, 1.818253755569458, -0.4170878529548645, 2.8591012954711914, -4.425777435302734, 2.085651159286499, 6.762044429779053, 3.5100440979003906, 1.1480743885040283, 0.4255947470664978, 6.475800514221191], [-0.7537741661071777, -8.887086868286133, 2.106954336166382, 5.5063934326171875, 0.24485228955745697, 19.872541427612305, 6.12370491027832, -2.1025614738464355, 2.5414211750030518, 2.6805639266967773, -1.6933430433273315, 2.4027373790740967, -0.3833491802215576, 0.16818295419216156, -4.940051078796387, 2.6268794536590576, -6.026788711547852, 6.421745300292969, -6.672492027282715, -3.3351073265075684, 1.132022738456726], [2.7932496070861816, -6.7549614906311035, -0.007910621352493763, 1.2842867374420166, -4.889336109161377, 6.12370491027832, 22.095062255859375, 8.432541847229004, -4.232438087463379, -2.6370980739593506, 5.124152660369873, 2.4180073738098145, 3.0611014366149902, -0.14853668212890625, -11.295845985412598, 0.18243399262428284, -9.139337539672852, 2.900485038757324, -0.3540050983428955, 4.090091705322266, 0.3213672935962677], [-3.550920248031616, -3.070460081100464, -0.11759302765130997, 6.539483070373535, -2.538616895675659, -2.1025614738464355, 8.432541847229004, 23.836528778076172, -3.2829043865203857, 4.2820820808410645, 3.1268069744110107, -3.1099064350128174, 6.286954879760742, -1.5981671810150146, 1.7900173664093018, 1.6214309930801392, -0.8186134099960327, 0.9878320693969727, -1.5408415794372559, 0.7411513328552246, 3.488206386566162], [4.783573150634766, 7.4036760330200195, 3.9807965755462646, -7.856941223144531, -0.48524120450019836, 2.5414211750030518, -4.232438087463379, -3.2829043865203857, 28.184682846069336, 9.534379959106445, 4.335301876068115, 0.7484630942344666, 2.3057467937469482, -0.5430900454521179, -0.6157216429710388, -0.14643773436546326, 1.8456745147705078, 0.5517067909240723, -8.795981407165527, 0.49413442611694336, -8.175312995910645], [-3.319033622741699, -6.089050769805908, -0.8748477101325989, -1.95655357837677, 5.223992824554443, 2.6805639266967773, -2.6370980739593506, 4.2820820808410645, 9.534379959106445, 24.071020126342773, 0.5724486112594604, -3.375638961791992, 4.100675106048584, -3.1005988121032715, 3.185222625732422, -1.3707398176193237, 5.961389064788818, 5.763060092926025, -1.8225982189178467, 4.396923065185547, 1.4142189025878906], [2.489482879638672, 0.21121026575565338, -0.3076668679714203, -2.702998161315918, 0.6715016961097717, -1.6933430433273315, 5.124152660369873, 3.1268069744110107, 4.335301876068115, 0.5724486112594604, 18.900279998779297, 4.3197221755981445, 1.5768097639083862, -5.867831230163574, -5.708171844482422, -2.039797067642212, -1.6265639066696167, 3.6684930324554443, -0.25452661514282227, 2.654871940612793, 1.240297555923462], [-3.5409345626831055, -3.435650587081909, 4.515420436859131, -3.576275587081909, 1.818253755569458, 2.4027373790740967, 2.4180073738098145, -3.1099064350128174, 0.7484630942344666, -3.375638961791992, 4.3197221755981445, 14.6069917678833, 0.28943589329719543, 6.766622066497803, -5.22291374206543, 1.204216480255127, 2.287642478942871, 1.38968825340271, -3.1533584594726562, 4.793237686157227, 3.5626163482666016], [-1.0547796487808228, 1.9248632192611694, 1.2499622106552124, 2.6677160263061523, -0.4170878529548645, -0.3833491802215576, 3.0611014366149902, 6.286954879760742, 2.3057467937469482, 4.100675106048584, 1.5768097639083862, 0.28943589329719543, 15.031102180480957, -0.7094066739082336, 3.257709264755249, -0.6418737173080444, -2.998030662536621, -4.999105453491211, 0.9625760316848755, 2.5588808059692383, -3.5355701446533203], [-7.7303361892700195, 5.168755531311035, 0.2727374732494354, 7.132277965545654, 2.8591012954711914, 0.16818295419216156, -0.14853668212890625, -1.5981671810150146, -0.5430900454521179, -3.1005988121032715, -5.867831230163574, 6.766622066497803, -0.7094066739082336, 23.078933715820312, -6.127927780151367, 2.4040822982788086, 4.840400218963623, -2.202937602996826, -2.969003677368164, 1.394576072692871, 5.224867343902588], [-0.9367949366569519, -0.8399534225463867, -1.7583025693893433, 3.123605489730835, -4.425777435302734, -4.940051078796387, -11.295845985412598, 1.7900173664093018, -0.6157216429710388, 3.185222625732422, -5.708171844482422, -5.22291374206543, 3.257709264755249, -6.127927780151367, 35.74066925048828, -5.747260093688965, 4.018948078155518, -5.1685943603515625, -6.987361907958984, -3.5765607357025146, -3.6984622478485107], [-3.871246099472046, 0.87913578748703, 0.5151822566986084, 8.102455139160156, 2.085651159286499, 2.6268794536590576, 0.18243399262428284, 1.6214309930801392, -0.14643773436546326, -1.3707398176193237, -2.039797067642212, 1.204216480255127, -0.6418737173080444, 2.4040822982788086, -5.747260093688965, 14.968131065368652, -1.2887051105499268, 0.7981433272361755, 2.015151262283325, -2.5284388065338135, 6.394845962524414], [4.3776679039001465, -0.6814360022544861, -1.3624930381774902, 0.30761441588401794, 6.762044906616211, -6.026788234710693, -9.139337539672852, -0.8186134099960327, 1.8456746339797974, 5.96138858795166, -1.6265640258789062, 2.2876429557800293, -2.9980311393737793, 4.840400218963623, 4.018948078155518, -1.2887048721313477, 36.50347137451172, 0.169691801071167, -2.6345534324645996, 3.4660022258758545, 4.774260520935059], [2.920741319656372, -5.157164096832275, 5.5128068923950195, -1.2371349334716797, 3.5100443363189697, 6.421744346618652, 2.900485038757324, 0.9878318905830383, 0.5517071485519409, 5.763060092926025, 3.6684930324554443, 1.3896881341934204, -4.999106407165527, -2.2029378414154053, -5.16859245300293, 0.7981435060501099, 0.169691801071167, 26.602802276611328, -3.6232738494873047, -0.31222981214523315, 4.987682342529297], [2.4309351444244385, 4.792172431945801, -2.4882636070251465, -2.5816943645477295, 1.1480746269226074, -6.672492504119873, -0.35400518774986267, -1.540842056274414, -8.795982360839844, -1.8225980997085571, -0.25452661514282227, -3.153358221054077, 0.9625758528709412, -2.9690041542053223, -6.987361907958984, 2.0151519775390625, -2.6345534324645996, -3.6232738494873047, 18.82313346862793, 5.085798263549805, 1.1465952396392822], [3.443877696990967, -6.466975688934326, 2.9097213745117188, -8.0596342086792, 0.42559486627578735, -3.3351073265075684, 4.090091705322266, 0.7411514520645142, 0.49413546919822693, 4.396924018859863, 2.654872179031372, 4.793237686157227, 2.5588810443878174, 1.3945761919021606, -3.5765600204467773, -2.5284388065338135, 3.4660022258758545, -0.31222981214523315, 5.085798263549805, 15.66306209564209, 0.6516039967536926], [-8.67308235168457, 2.4913039207458496, -1.91488778591156, 0.8880453109741211, 6.475800514221191, 1.1320228576660156, 0.3213672637939453, 3.4882068634033203, -8.175312995910645, 1.414218783378601, 1.2402973175048828, 3.5626163482666016, -3.535569906234741, 5.224867820739746, -3.698463201522827, 6.394846439361572, 4.774260520935059, 4.987682819366455, 1.1465952396392822, 0.6516039371490479, 24.792438507080078]], "type": "heatmap"}], "layout": {"template": {"data": {"histogram2dcontour": [{"type": "histogram2dcontour", "colorbar": {"outlinewidth": 0, "ticks": ""}, "colorscale": [[0.0, "#0d0887"], [0.1111111111111111, "#46039f"], [0.2222222222222222, "#7201a8"], [0.3333333333333333, "#9c179e"], [0.4444444444444444, "#bd3786"], [0.5555555555555556, "#d8576b"], [0.6666666666666666, "#ed7953"], [0.7777777777777778, "#fb9f3a"], [0.8888888888888888, "#fdca26"], [1.0, "#f0f921"]]}], "choropleth": [{"type": "choropleth", "colorbar": {"outlinewidth": 0, "ticks": ""}}], "histogram2d": [{"type": "histogram2d", "colorbar": {"outlinewidth": 0, "ticks": ""}, "colorscale": [[0.0, "#0d0887"], [0.1111111111111111, "#46039f"], [0.2222222222222222, "#7201a8"], [0.3333333333333333, "#9c179e"], [0.4444444444444444, "#bd3786"], [0.5555555555555556, "#d8576b"], [0.6666666666666666, "#ed7953"], [0.7777777777777778, "#fb9f3a"], [0.8888888888888888, "#fdca26"], [1.0, "#f0f921"]]}], "heatmap": [{"type": "heatmap", "colorbar": {"outlinewidth": 0, "ticks": ""}, "colorscale": [[0.0, "#0d0887"], [0.1111111111111111, "#46039f"], [0.2222222222222222, "#7201a8"], [0.3333333333333333, "#9c179e"], [0.4444444444444444, "#bd3786"], [0.5555555555555556, "#d8576b"], [0.6666666666666666, "#ed7953"], [0.7777777777777778, "#fb9f3a"], [0.8888888888888888, "#fdca26"], [1.0, "#f0f921"]]}], "heatmapgl": [{"type": "heatmapgl", "colorbar": {"outlinewidth": 0, "ticks": ""}, "colorscale": [[0.0, "#0d0887"], [0.1111111111111111, "#46039f"], [0.2222222222222222, "#7201a8"], [0.3333333333333333, "#9c179e"], [0.4444444444444444, "#bd3786"], [0.5555555555555556, "#d8576b"], [0.6666666666666666, "#ed7953"], [0.7777777777777778, "#fb9f3a"], [0.8888888888888888, "#fdca26"], [1.0, "#f0f921"]]}], "contourcarpet": [{"type": "contourcarpet", "colorbar": {"outlinewidth": 0, "ticks": ""}}], "contour": [{"type": "contour", "colorbar": {"outlinewidth": 0, "ticks": ""}, "colorscale": [[0.0, "#0d0887"], [0.1111111111111111, "#46039f"], [0.2222222222222222, "#7201a8"], [0.3333333333333333, "#9c179e"], [0.4444444444444444, "#bd3786"], [0.5555555555555556, "#d8576b"], [0.6666666666666666, "#ed7953"], [0.7777777777777778, "#fb9f3a"], [0.8888888888888888, "#fdca26"], [1.0, "#f0f921"]]}], "surface": [{"type": "surface", "colorbar": {"outlinewidth": 0, "ticks": ""}, "colorscale": [[0.0, "#0d0887"], [0.1111111111111111, "#46039f"], [0.2222222222222222, "#7201a8"], [0.3333333333333333, "#9c179e"], [0.4444444444444444, "#bd3786"], [0.5555555555555556, "#d8576b"], [0.6666666666666666, "#ed7953"], [0.7777777777777778, "#fb9f3a"], [0.8888888888888888, "#fdca26"], [1.0, "#f0f921"]]}], "mesh3d": [{"type": "mesh3d", "colorbar": {"outlinewidth": 0, "ticks": ""}}], "scatter": [{"fillpattern": {"fillmode": "overlay", "size": 10, "solidity": 0.2}, "type": "scatter"}], "parcoords": [{"type": "parcoords", "line": {"colorbar": {"outlinewidth": 0, "ticks": ""}}}], "scatterpolargl": [{"type": "scatterpolargl", "marker": {"colorbar": {"outlinewidth": 0, "ticks": ""}}}], "bar": [{"error_x": {"color": "#2a3f5f"}, "error_y": {"color": "#2a3f5f"}, "marker": {"line": {"color": "#E5ECF6", "width": 0.5}, "pattern": {"fillmode": "overlay", "size": 10, "solidity": 0.2}}, "type": "bar"}], "scattergeo": [{"type": "scattergeo", "marker": {"colorbar": {"outlinewidth": 0, "ticks": ""}}}], "scatterpolar": [{"type": "scatterpolar", "marker": {"colorbar": {"outlinewidth": 0, "ticks": ""}}}], "histogram": [{"marker": {"pattern": {"fillmode": "overlay", "size": 10, "solidity": 0.2}}, "type": "histogram"}], "scattergl": [{"type": "scattergl", "marker": {"colorbar": {"outlinewidth": 0, "ticks": ""}}}], "scatter3d": [{"type": "scatter3d", "line": {"colorbar": {"outlinewidth": 0, "ticks": ""}}, "marker": {"colorbar": {"outlinewidth": 0, "ticks": ""}}}], "scattermapbox": [{"type": "scattermapbox", "marker": {"colorbar": {"outlinewidth": 0, "ticks": ""}}}], "scatterternary": [{"type": "scatterternary", "marker": {"colorbar": {"outlinewidth": 0, "ticks": ""}}}], "scattercarpet": [{"type": "scattercarpet", "marker": {"colorbar": {"outlinewidth": 0, "ticks": ""}}}], "carpet": [{"aaxis": {"endlinecolor": "#2a3f5f", "gridcolor": "white", "linecolor": "white", "minorgridcolor": "white", "startlinecolor": "#2a3f5f"}, "baxis": {"endlinecolor": "#2a3f5f", "gridcolor": "white", "linecolor": "white", "minorgridcolor": "white", "startlinecolor": "#2a3f5f"}, "type": "carpet"}], "table": [{"cells": {"fill": {"color": "#EBF0F8"}, "line": {"color": "white"}}, "header": {"fill": {"color": "#C8D4E3"}, "line": {"color": "white"}}, "type": "table"}], "barpolar": [{"marker": {"line": {"color": "#E5ECF6", "width": 0.5}, "pattern": {"fillmode": "overlay", "size": 10, "solidity": 0.2}}, "type": "barpolar"}], "pie": [{"automargin": true, "type": "pie"}]}, "layout": {"autotypenumbers": "strict", "colorway": ["#636efa", "#EF553B", "#00cc96", "#ab63fa", "#FFA15A", "#19d3f3", "#FF6692", "#B6E880", "#FF97FF", "#FECB52"], "font": {"color": "#2a3f5f"}, "hovermode": "closest", "hoverlabel": {"align": "left"}, "paper_bgcolor": "white", "plot_bgcolor": "#E5ECF6", "polar": {"bgcolor": "#E5ECF6", "angularaxis": {"gridcolor": "white", "linecolor": "white", "ticks": ""}, "radialaxis": {"gridcolor": "white", "linecolor": "white", "ticks": ""}}, "ternary": {"bgcolor": "#E5ECF6", "aaxis": {"gridcolor": "white", "linecolor": "white", "ticks": ""}, "baxis": {"gridcolor": "white", "linecolor": "white", "ticks": ""}, "caxis": {"gridcolor": "white", "linecolor": "white", "ticks": ""}}, "coloraxis": {"colorbar": {"outlinewidth": 0, "ticks": ""}}, "colorscale": {"sequential": [[0.0, "#0d0887"], [0.1111111111111111, "#46039f"], [0.2222222222222222, "#7201a8"], [0.3333333333333333, "#9c179e"], [0.4444444444444444, "#bd3786"], [0.5555555555555556, "#d8576b"], [0.6666666666666666, "#ed7953"], [0.7777777777777778, "#fb9f3a"], [0.8888888888888888, "#fdca26"], [1.0, "#f0f921"]], "sequentialminus": [[0.0, "#0d0887"], [0.1111111111111111, "#46039f"], [0.2222222222222222, "#7201a8"], [0.3333333333333333, "#9c179e"], [0.4444444444444444, "#bd3786"], [0.5555555555555556, "#d8576b"], [0.6666666666666666, "#ed7953"], [0.7777777777777778, "#fb9f3a"], [0.8888888888888888, "#fdca26"], [1.0, "#f0f921"]], "diverging": [[0, "#8e0152"], [0.1, "#c51b7d"], [0.2, "#de77ae"], [0.3, "#f1b6da"], [0.4, "#fde0ef"], [0.5, "#f7f7f7"], [0.6, "#e6f5d0"], [0.7, "#b8e186"], [0.8, "#7fbc41"], [0.9, "#4d9221"], [1, "#276419"]]}, "xaxis": {"gridcolor": "white", "linecolor": "white", "ticks": "", "title": {"standoff": 15}, "zerolinecolor": "white", "automargin": true, "zerolinewidth": 2}, "yaxis": {"gridcolor": "white", "linecolor": "white", "ticks": "", "title": {"standoff": 15}, "zerolinecolor": "white", "automargin": true, "zerolinewidth": 2}, "scene": {"xaxis": {"backgroundcolor": "#E5ECF6", "gridcolor": "white", "linecolor": "white", "showbackground": true, "ticks": "", "zerolinecolor": "white", "gridwidth": 2}, "yaxis": {"backgroundcolor": "#E5ECF6", "gridcolor": "white", "linecolor": "white", "showbackground": true, "ticks": "", "zerolinecolor": "white", "gridwidth": 2}, "zaxis": {"backgroundcolor": "#E5ECF6", "gridcolor": "white", "linecolor": "white", "showbackground": true, "ticks": "", "zerolinecolor": "white", "gridwidth": 2}}, "shapedefaults": {"line": {"color": "#2a3f5f"}}, "annotationdefaults": {"arrowcolor": "#2a3f5f", "arrowhead": 0, "arrowwidth": 1}, "geo": {"bgcolor": "white", "landcolor": "#E5ECF6", "subunitcolor": "white", "showland": true, "showlakes": true, "lakecolor": "white"}, "title": {"x": 0.05}, "mapbox": {"style": "light"}}}}}