{"data": [{"z": [[4.429628849029541, 2.1745548248291016, -0.8128791451454163, -0.446110337972641, 0.38631466031074524, 1.2950420379638672, 2.765284299850464, -1.4100875854492188, -3.825634002685547, 0.7952567338943481, -1.3808432817459106, -3.334218740463257, -2.8824563026428223, -0.6401710510253906, 1.3011772632598877, 1.1199835538864136, -3.6346328258514404, -0.4178387224674225, -0.6645686626434326, 2.0085337162017822, 0.311869740486145], [2.1745548248291016, 3.218626022338867, 0.2518051564693451, -1.3841792345046997, -1.474180817604065, -0.4065677523612976, -0.3852652907371521, -0.8117097020149231, -3.7723300457000732, 0.07946187257766724, -1.5963106155395508, -3.195544719696045, -4.715222358703613, -0.4836447834968567, -0.5565219521522522, 1.8152629137039185, -1.5673469305038452, -0.021153107285499573, 0.37414759397506714, 2.2520716190338135, 1.0103657245635986], [-0.8128791451454163, 0.2518051564693451, 0.6136899590492249, -0.18817506730556488, -0.9965829849243164, -0.3211519122123718, -0.5292930006980896, 0.0856633186340332, 0.46785929799079895, -0.1903107762336731, 0.6494300961494446, 0.04268856719136238, -0.6887872219085693, -0.7620362043380737, -0.4093573987483978, 0.22814898192882538, -0.017837677150964737, -0.015407313592731953, -0.07867320626974106, 1.1328763961791992, 0.9628629088401794], [-0.446110337972641, -1.3841792345046997, -0.18817506730556488, 3.2911410331726074, 2.686387538909912, -2.434570550918579, -1.5000077486038208, 1.6656601428985596, 2.0280821323394775, -0.2339731752872467, 0.3358524441719055, -0.9477235078811646, 3.6582143306732178, 1.2819007635116577, 0.18958435952663422, 0.7119463086128235, 2.4435904026031494, 0.5430454015731812, -1.4757333993911743, 2.191927909851074, 0.28313031792640686], [0.38631466031074524, -1.474180817604065, -0.9965829849243164, 2.686387538909912, 3.461745023727417, -1.6655783653259277, -0.9603005647659302, 1.3183906078338623, 0.9831786751747131, -0.02337268553674221, -0.8572415113449097, -0.5142571926116943, 3.8907461166381836, 2.4244253635406494, 0.44538503885269165, 0.16656696796417236, 2.530587673187256, 0.5420438051223755, -0.7305572032928467, -0.5049000382423401, -1.4255291223526], [1.2950420379638672, -0.4065677523612976, -0.3211519122123718, -2.434570550918579, -1.6655783653259277, 4.422860622406006, 4.726536750793457, -2.1774070262908936, -0.48843538761138916, 0.8095771670341492, 1.2026135921478271, 2.0777087211608887, -1.3045730590820312, -2.3908181190490723, 1.5631020069122314, -1.9385775327682495, -4.5729498863220215, -1.0729719400405884, 0.28521066904067993, -2.1625893115997314, -0.283071368932724], [2.765284299850464, -0.3852652907371521, -0.5292930006980896, -1.5000077486038208, -0.9603005647659302, 4.726536750793457, 6.173921585083008, -2.3878071308135986, -0.6723930239677429, 1.1449170112609863, 1.610897183418274, 0.8775575757026672, -1.016988754272461, -3.064962148666382, 2.4873757362365723, -1.5698150396347046, -6.037413597106934, -1.2682071924209595, -0.8328373432159424, -0.1110585629940033, 0.4491690993309021], [-1.4100875854492188, -0.8117097020149231, 0.0856633186340332, 1.6656601428985596, 1.3183906078338623, -2.1774070262908936, -2.3878071308135986, 1.3957858085632324, 1.4464796781539917, -0.4570406675338745, -0.14908279478549957, -0.0181295033544302, 2.168332815170288, 1.4376579523086548, -0.6692016124725342, 0.41353482007980347, 2.9355952739715576, 0.5729767680168152, -0.21681208908557892, 0.3034285604953766, -0.2206754982471466], [-3.825634002685547, -3.7723300457000732, 0.46785929799079895, 2.0280821323394775, 0.9831786751747131, -0.48843538761138916, -0.6723930239677429, 1.4464796781539917, 5.50281286239624, -0.4168244004249573, 2.754448890686035, 3.7137231826782227, 5.443860054016113, -0.07398821413516998, 0.09456348419189453, -1.7216781377792358, 2.4773058891296387, 0.13951429724693298, -0.7703375220298767, -0.8918443322181702, 0.04703548178076744], [0.7952567338943481, 0.07946187257766724, -0.1903107762336731, -0.2339731752872467, -0.02337268553674221, 0.8095771670341492, 1.1449170112609863, -0.4570406675338745, -0.4168244004249573, 0.24097192287445068, 0.07633332908153534, -0.11790397763252258, -0.296027809381485, -0.4243614673614502, 0.492161363363266, -0.16726458072662354, -1.1396442651748657, -0.21329829096794128, -0.16209980845451355, 0.02873092144727707, 0.002410639077425003], [-1.3808432817459106, -1.5963106155395508, 0.6494300961494446, 0.3358524441719055, -0.8572415113449097, 1.2026135921478271, 1.610897183418274, -0.14908279478549957, 2.754448890686035, 0.07633332908153534, 2.6196858882904053, 1.8711166381835938, 1.4319336414337158, -2.0852668285369873, 0.6616819500923157, -1.0549629926681519, -1.3260711431503296, -0.44727110862731934, -0.9274173378944397, 1.1129175424575806, 1.3457207679748535], [-3.334218740463257, -3.195544719696045, 0.04268856719136238, -0.9477235078811646, -0.5142571926116943, 2.0777087211608887, 0.8775575757026672, -0.0181295033544302, 3.7137231826782227, -0.11790397763252258, 1.8711166381835938, 5.374039649963379, 3.306044816970825, -0.21219511330127716, 0.1295251101255417, -2.9891562461853027, 0.8866555690765381, -0.28836703300476074, 0.9823874831199646, -5.052583694458008, -1.574198842048645], [-2.8824563026428223, -4.715222358703613, -0.6887872219085693, 3.6582143306732178, 3.8907461166381836, -1.3045730590820312, -1.016988754272461, 2.168332815170288, 5.443860054016113, -0.296027809381485, 1.4319336414337158, 3.306044816970825, 8.166998863220215, 2.233792781829834, 0.5850859880447388, -1.7607929706573486, 4.191173076629639, 0.5218819975852966, -0.9634295105934143, -2.425046920776367, -1.794935941696167], [-0.6401710510253906, -0.4836447834968567, -0.7620362043380737, 1.2819007635116577, 2.4244253635406494, -2.3908181190490723, -3.064962148666382, 1.4376579523086548, -0.07398821413516998, -0.4243614673614502, -2.0852668285369873, -0.21219511330127716, 2.233792781829834, 3.4060773849487305, -0.8910684585571289, 0.3783147633075714, 4.125107765197754, 0.8478208184242249, 0.7652815580368042, -2.3930270671844482, -2.176886558532715], [1.3011772632598877, -0.5565219521522522, -0.4093573987483978, 0.18958435952663422, 0.44538503885269165, 1.5631020069122314, 2.4873757362365723, -0.6692016124725342, 0.09456348419189453, 0.492161363363266, 0.6616819500923157, 0.1295251101255417, 0.5850859880447388, -0.8910684585571289, 1.240276575088501, -0.5605117082595825, -2.0854880809783936, -0.4267086684703827, -0.7246459126472473, 0.27769139409065247, 0.07737595587968826], [1.1199835538864136, 1.8152629137039185, 0.22814898192882538, 0.7119463086128235, 0.16656696796417236, -1.9385775327682495, -1.5698150396347046, 0.41353482007980347, -1.7216781377792358, -0.16726458072662354, -1.0549629926681519, -2.9891562461853027, -1.7607929706573486, 0.3783147633075714, -0.5605117082595825, 1.899770975112915, 0.46653151512145996, 0.3474488854408264, -0.4322565793991089, 3.043426036834717, 1.0417062044143677], [-3.6346328258514404, -1.5673469305038452, -0.017837677150964737, 2.4435904026031494, 2.530587673187256, -4.5729498863220215, -6.037413597106934, 2.9355952739715576, 2.4773058891296387, -1.1396442651748657, -1.3260711431503296, 0.8866555690765381, 4.191173076629639, 4.125107765197754, -2.0854880809783936, 0.46653151512145996, 7.382409572601318, 1.3812079429626465, 0.8021260499954224, -2.09415340423584, -1.7928470373153687], [-0.4178387224674225, -0.021153107285499573, -0.015407313592731953, 0.5430454015731812, 0.5420438051223755, -1.0729719400405884, -1.2682071924209595, 0.5729767680168152, 0.13951429724693298, -0.21329829096794128, -0.44727110862731934, -0.28836703300476074, 0.5218819975852966, 0.8478208184242249, -0.4267086684703827, 0.3474488854408264, 1.3812079429626465, 0.29795676469802856, 0.09184350073337555, -0.016216464340686798, -0.2402985543012619], [-0.6645686626434326, 0.37414759397506714, -0.07867320626974106, -1.4757333993911743, -0.7305572032928467, 0.28521066904067993, -0.8328373432159424, -0.21681208908557892, -0.7703375220298767, -0.16209980845451355, -0.9274173378944397, 0.9823874831199646, -0.9634295105934143, 0.7652815580368042, -0.7246459126472473, -0.4322565793991089, 0.8021260499954224, 0.09184350073337555, 1.378293514251709, -2.7076449394226074, -1.158242106437683], [2.0085337162017822, 2.2520716190338135, 1.1328763961791992, 2.191927909851074, -0.5049000382423401, -2.1625893115997314, -0.1110585629940033, 0.3034285604953766, -0.8918443322181702, 0.02873092144727707, 1.1129175424575806, -5.052583694458008, -2.425046920776367, -2.3930270671844482, 0.27769139409065247, 3.043426036834717, -2.09415340423584, -0.016216464340686798, -2.7076449394226074, 9.2190523147583, 4.40028715133667], [0.311869740486145, 1.0103657245635986, 0.9628629088401794, 0.28313031792640686, -1.4255291223526, -0.283071368932724, 0.4491690993309021, -0.2206754982471466, 0.04703548178076744, 0.002410639077425003, 1.3457207679748535, -1.574198842048645, -1.794935941696167, -2.176886558532715, 0.07737595587968826, 1.0417062044143677, -1.7928470373153687, -0.2402985543012619, -1.158242106437683, 4.40028715133667, 2.6405904293060303]], "type": "heatmap"}], "layout": {"template": {"data": {"histogram2dcontour": [{"type": "histogram2dcontour", "colorbar": {"outlinewidth": 0, "ticks": ""}, "colorscale": [[0.0, "#0d0887"], [0.1111111111111111, "#46039f"], [0.2222222222222222, "#7201a8"], [0.3333333333333333, "#9c179e"], [0.4444444444444444, "#bd3786"], [0.5555555555555556, "#d8576b"], [0.6666666666666666, "#ed7953"], [0.7777777777777778, "#fb9f3a"], [0.8888888888888888, "#fdca26"], [1.0, "#f0f921"]]}], "choropleth": [{"type": "choropleth", "colorbar": {"outlinewidth": 0, "ticks": ""}}], "histogram2d": [{"type": "histogram2d", "colorbar": {"outlinewidth": 0, "ticks": ""}, "colorscale": [[0.0, "#0d0887"], [0.1111111111111111, "#46039f"], [0.2222222222222222, "#7201a8"], [0.3333333333333333, "#9c179e"], [0.4444444444444444, "#bd3786"], [0.5555555555555556, "#d8576b"], [0.6666666666666666, "#ed7953"], [0.7777777777777778, "#fb9f3a"], [0.8888888888888888, "#fdca26"], [1.0, "#f0f921"]]}], "heatmap": [{"type": "heatmap", "colorbar": {"outlinewidth": 0, "ticks": ""}, "colorscale": [[0.0, "#0d0887"], [0.1111111111111111, "#46039f"], [0.2222222222222222, "#7201a8"], [0.3333333333333333, "#9c179e"], [0.4444444444444444, "#bd3786"], [0.5555555555555556, "#d8576b"], [0.6666666666666666, "#ed7953"], [0.7777777777777778, "#fb9f3a"], [0.8888888888888888, "#fdca26"], [1.0, "#f0f921"]]}], "heatmapgl": [{"type": "heatmapgl", "colorbar": {"outlinewidth": 0, "ticks": ""}, "colorscale": [[0.0, "#0d0887"], [0.1111111111111111, "#46039f"], [0.2222222222222222, "#7201a8"], [0.3333333333333333, "#9c179e"], [0.4444444444444444, "#bd3786"], [0.5555555555555556, "#d8576b"], [0.6666666666666666, "#ed7953"], [0.7777777777777778, "#fb9f3a"], [0.8888888888888888, "#fdca26"], [1.0, "#f0f921"]]}], "contourcarpet": [{"type": "contourcarpet", "colorbar": {"outlinewidth": 0, "ticks": ""}}], "contour": [{"type": "contour", "colorbar": {"outlinewidth": 0, "ticks": ""}, "colorscale": [[0.0, "#0d0887"], [0.1111111111111111, "#46039f"], [0.2222222222222222, "#7201a8"], [0.3333333333333333, "#9c179e"], [0.4444444444444444, "#bd3786"], [0.5555555555555556, "#d8576b"], [0.6666666666666666, "#ed7953"], [0.7777777777777778, "#fb9f3a"], [0.8888888888888888, "#fdca26"], [1.0, "#f0f921"]]}], "surface": [{"type": "surface", "colorbar": {"outlinewidth": 0, "ticks": ""}, "colorscale": [[0.0, "#0d0887"], [0.1111111111111111, "#46039f"], [0.2222222222222222, "#7201a8"], [0.3333333333333333, "#9c179e"], [0.4444444444444444, "#bd3786"], [0.5555555555555556, "#d8576b"], [0.6666666666666666, "#ed7953"], [0.7777777777777778, "#fb9f3a"], [0.8888888888888888, "#fdca26"], [1.0, "#f0f921"]]}], "mesh3d": [{"type": "mesh3d", "colorbar": {"outlinewidth": 0, "ticks": ""}}], "scatter": [{"fillpattern": {"fillmode": "overlay", "size": 10, "solidity": 0.2}, "type": "scatter"}], "parcoords": [{"type": "parcoords", "line": {"colorbar": {"outlinewidth": 0, "ticks": ""}}}], "scatterpolargl": [{"type": "scatterpolargl", "marker": {"colorbar": {"outlinewidth": 0, "ticks": ""}}}], "bar": [{"error_x": {"color": "#2a3f5f"}, "error_y": {"color": "#2a3f5f"}, "marker": {"line": {"color": "#E5ECF6", "width": 0.5}, "pattern": {"fillmode": "overlay", "size": 10, "solidity": 0.2}}, "type": "bar"}], "scattergeo": [{"type": "scattergeo", "marker": {"colorbar": {"outlinewidth": 0, "ticks": ""}}}], "scatterpolar": [{"type": "scatterpolar", "marker": {"colorbar": {"outlinewidth": 0, "ticks": ""}}}], "histogram": [{"marker": {"pattern": {"fillmode": "overlay", "size": 10, "solidity": 0.2}}, "type": "histogram"}], "scattergl": [{"type": "scattergl", "marker": {"colorbar": {"outlinewidth": 0, "ticks": ""}}}], "scatter3d": [{"type": "scatter3d", "line": {"colorbar": {"outlinewidth": 0, "ticks": ""}}, "marker": {"colorbar": {"outlinewidth": 0, "ticks": ""}}}], "scattermapbox": [{"type": "scattermapbox", "marker": {"colorbar": {"outlinewidth": 0, "ticks": ""}}}], "scatterternary": [{"type": "scatterternary", "marker": {"colorbar": {"outlinewidth": 0, "ticks": ""}}}], "scattercarpet": [{"type": "scattercarpet", "marker": {"colorbar": {"outlinewidth": 0, "ticks": ""}}}], "carpet": [{"aaxis": {"endlinecolor": "#2a3f5f", "gridcolor": "white", "linecolor": "white", "minorgridcolor": "white", "startlinecolor": "#2a3f5f"}, "baxis": {"endlinecolor": "#2a3f5f", "gridcolor": "white", "linecolor": "white", "minorgridcolor": "white", "startlinecolor": "#2a3f5f"}, "type": "carpet"}], "table": [{"cells": {"fill": {"color": "#EBF0F8"}, "line": {"color": "white"}}, "header": {"fill": {"color": "#C8D4E3"}, "line": {"color": "white"}}, "type": "table"}], "barpolar": [{"marker": {"line": {"color": "#E5ECF6", "width": 0.5}, "pattern": {"fillmode": "overlay", "size": 10, "solidity": 0.2}}, "type": "barpolar"}], "pie": [{"automargin": true, "type": "pie"}]}, "layout": {"autotypenumbers": "strict", "colorway": ["#636efa", "#EF553B", "#00cc96", "#ab63fa", "#FFA15A", "#19d3f3", "#FF6692", "#B6E880", "#FF97FF", "#FECB52"], "font": {"color": "#2a3f5f"}, "hovermode": "closest", "hoverlabel": {"align": "left"}, "paper_bgcolor": "white", "plot_bgcolor": "#E5ECF6", "polar": {"bgcolor": "#E5ECF6", "angularaxis": {"gridcolor": "white", "linecolor": "white", "ticks": ""}, "radialaxis": {"gridcolor": "white", "linecolor": "white", "ticks": ""}}, "ternary": {"bgcolor": "#E5ECF6", "aaxis": {"gridcolor": "white", "linecolor": "white", "ticks": ""}, "baxis": {"gridcolor": "white", "linecolor": "white", "ticks": ""}, "caxis": {"gridcolor": "white", "linecolor": "white", "ticks": ""}}, "coloraxis": {"colorbar": {"outlinewidth": 0, "ticks": ""}}, "colorscale": {"sequential": [[0.0, "#0d0887"], [0.1111111111111111, "#46039f"], [0.2222222222222222, "#7201a8"], [0.3333333333333333, "#9c179e"], [0.4444444444444444, "#bd3786"], [0.5555555555555556, "#d8576b"], [0.6666666666666666, "#ed7953"], [0.7777777777777778, "#fb9f3a"], [0.8888888888888888, "#fdca26"], [1.0, "#f0f921"]], "sequentialminus": [[0.0, "#0d0887"], [0.1111111111111111, "#46039f"], [0.2222222222222222, "#7201a8"], [0.3333333333333333, "#9c179e"], [0.4444444444444444, "#bd3786"], [0.5555555555555556, "#d8576b"], [0.6666666666666666, "#ed7953"], [0.7777777777777778, "#fb9f3a"], [0.8888888888888888, "#fdca26"], [1.0, "#f0f921"]], "diverging": [[0, "#8e0152"], [0.1, "#c51b7d"], [0.2, "#de77ae"], [0.3, "#f1b6da"], [0.4, "#fde0ef"], [0.5, "#f7f7f7"], [0.6, "#e6f5d0"], [0.7, "#b8e186"], [0.8, "#7fbc41"], [0.9, "#4d9221"], [1, "#276419"]]}, "xaxis": {"gridcolor": "white", "linecolor": "white", "ticks": "", "title": {"standoff": 15}, "zerolinecolor": "white", "automargin": true, "zerolinewidth": 2}, "yaxis": {"gridcolor": "white", "linecolor": "white", "ticks": "", "title": {"standoff": 15}, "zerolinecolor": "white", "automargin": true, "zerolinewidth": 2}, "scene": {"xaxis": {"backgroundcolor": "#E5ECF6", "gridcolor": "white", "linecolor": "white", "showbackground": true, "ticks": "", "zerolinecolor": "white", "gridwidth": 2}, "yaxis": {"backgroundcolor": "#E5ECF6", "gridcolor": "white", "linecolor": "white", "showbackground": true, "ticks": "", "zerolinecolor": "white", "gridwidth": 2}, "zaxis": {"backgroundcolor": "#E5ECF6", "gridcolor": "white", "linecolor": "white", "showbackground": true, "ticks": "", "zerolinecolor": "white", "gridwidth": 2}}, "shapedefaults": {"line": {"color": "#2a3f5f"}}, "annotationdefaults": {"arrowcolor": "#2a3f5f", "arrowhead": 0, "arrowwidth": 1}, "geo": {"bgcolor": "white", "landcolor": "#E5ECF6", "subunitcolor": "white", "showland": true, "showlakes": true, "lakecolor": "white"}, "title": {"x": 0.05}, "mapbox": {"style": "light"}}}}}