{"data": [{"z": [[17.74486541748047, -4.372220516204834, -2.2337710857391357, 4.930630683898926, 4.006378173828125, 7.799439430236816, 4.200745582580566, 1.3298758268356323, -1.1817700862884521, 11.554259300231934, -4.330483913421631, 7.81329345703125, 7.9783034324646, -0.33387312293052673, -4.456091403961182, 4.768973350524902, 8.397420883178711, 3.3531641960144043, 0.8528754711151123, 4.466850757598877, 4.763315200805664], [-4.372220516204834, 27.163761138916016, 0.9052797555923462, -5.072627067565918, 1.7744700908660889, -5.916504383087158, -0.3564211130142212, 6.272940635681152, 8.618525505065918, -5.682552337646484, 1.283284068107605, -5.4834818840026855, -5.41529655456543, 8.586255073547363, -0.8192470073699951, -4.585537433624268, 6.056375503540039, -2.148301601409912, 0.4897317886352539, -0.8336243629455566, 1.1635249853134155], [-2.2337710857391357, 0.9052797555923462, 31.889558792114258, -0.5649823546409607, -2.816235303878784, 2.412018299102783, -0.22904518246650696, 7.307374000549316, -1.2612873315811157, -1.3634717464447021, 2.3826682567596436, -4.320152282714844, -1.2648282051086426, 5.954464435577393, -0.292677640914917, 7.354249000549316, 1.1877481937408447, -0.6021065711975098, 3.5568172931671143, -3.106180429458618, 4.656581878662109], [4.930630683898926, -5.072627067565918, -0.5649823546409607, 25.764005661010742, 0.7107927799224854, 4.575669288635254, -1.608799934387207, -2.5337231159210205, -2.9816792011260986, 8.911775588989258, -0.8861820697784424, -2.8028314113616943, 8.717412948608398, -1.4026199579238892, -1.2972131967544556, -1.3658159971237183, -5.503139495849609, 2.5020976066589355, 1.3670454025268555, 1.031638264656067, -1.8233914375305176], [4.006378173828125, 1.7744700908660889, -2.816235303878784, 0.7107927799224854, 27.615802764892578, 1.0002140998840332, -1.9478744268417358, 2.979576826095581, -2.001434326171875, 6.885519981384277, -7.118110179901123, -1.500314474105835, -1.6569154262542725, -2.464106321334839, -1.1889429092407227, 0.8132011890411377, 8.860169410705566, -0.10457253456115723, 9.044859886169434, 6.741251468658447, 7.75427770614624], [7.799439430236816, -5.916504383087158, 2.412018299102783, 4.575669288635254, 1.0002140998840332, 19.83489418029785, 2.1541693210601807, -6.233492851257324, -8.452360153198242, 9.116615295410156, 0.9691898822784424, 3.9428536891937256, 2.247318744659424, -0.6971011161804199, -3.991403102874756, 2.053978681564331, 4.659576416015625, 7.072432041168213, -2.181966781616211, -0.6725738048553467, -5.97899055480957], [4.200745582580566, -0.3564211130142212, -0.22904518246650696, -1.608799934387207, -1.9478744268417358, 2.1541693210601807, 17.745304107666016, 3.253781795501709, 6.009676456451416, 2.9860358238220215, 3.750615358352661, 4.712482452392578, -1.679152488708496, 0.3702983558177948, 2.7883496284484863, 0.6890518069267273, -2.614797353744507, -4.856603145599365, 0.735840916633606, 1.8866145610809326, -4.080196857452393], [1.3298758268356323, 6.272940635681152, 7.307374000549316, -2.5337231159210205, 2.979576826095581, -6.233492851257324, 3.253781795501709, 20.313186645507812, 4.090211868286133, -1.0237172842025757, 6.856363296508789, -6.308010578155518, -1.5958983898162842, 6.537448406219482, -3.6539833545684814, -1.5594490766525269, 8.161609649658203, -1.2070180177688599, 3.8274874687194824, 4.910965919494629, 9.00913143157959], [-1.1817700862884521, 8.618525505065918, -1.2612873315811157, -2.9816792011260986, -2.001434326171875, -8.452360153198242, 6.009676456451416, 4.090211868286133, 18.43781280517578, -1.0702519416809082, 2.9418790340423584, -0.25004875659942627, -2.1872544288635254, 3.3486814498901367, 0.6114099025726318, -0.8557122349739075, -0.9844279289245605, -7.700597763061523, 4.626241683959961, 1.4651241302490234, 1.5498313903808594], [11.554259300231934, -5.682552337646484, -1.3634717464447021, 8.911775588989258, 6.885519981384277, 9.116615295410156, 2.9860358238220215, -1.0237172842025757, -1.0702519416809082, 26.49138641357422, -4.999174118041992, 5.628165245056152, 13.972623825073242, -5.842870712280273, -0.45374080538749695, 2.8438539505004883, 10.505071640014648, -3.1032538414001465, 3.0145394802093506, 6.7848429679870605, 2.910059690475464], [-4.330483913421631, 1.283284068107605, 2.3826682567596436, -0.8861820697784424, -7.118110179901123, 0.9691898822784424, 3.750615358352661, 6.856363296508789, 2.9418790340423584, -4.999174118041992, 21.53005027770996, -4.636360168457031, -7.707489013671875, -0.2603757381439209, -1.5132546424865723, -1.3846745491027832, -3.3679161071777344, -0.17599815130233765, 0.7281429767608643, -0.5538331270217896, -7.197772026062012], [7.81329345703125, -5.4834818840026855, -4.320152282714844, -2.8028314113616943, -1.500314474105835, 3.9428536891937256, 4.712482452392578, -6.308010578155518, -0.25004875659942627, 5.628165245056152, -4.636360168457031, 27.914770126342773, 0.311563640832901, -0.594658613204956, 1.115488052368164, 10.391117095947266, 1.6123921871185303, -2.4189484119415283, 8.85311222076416, 1.5497548580169678, 5.075903415679932], [7.9783034324646, -5.41529655456543, -1.2648282051086426, 8.717412948608398, -1.6569154262542725, 2.247318744659424, -1.679152488708496, -1.5958983898162842, -2.1872544288635254, 13.972623825073242, -7.707489013671875, 0.311563640832901, 21.824853897094727, -2.1152377128601074, -1.305946707725525, 2.7535958290100098, 7.95041561126709, -0.5430872440338135, -2.199639320373535, 6.1348724365234375, 6.228781223297119], [-0.33387312293052673, 8.586255073547363, 5.954464435577393, -1.4026199579238892, -2.464106321334839, -0.6971011161804199, 0.3702983558177948, 6.537448406219482, 3.3486814498901367, -5.842870712280273, -0.2603757381439209, -0.594658613204956, -2.1152377128601074, 24.43151092529297, -4.610312461853027, -1.2349298000335693, 7.806351184844971, 1.334319829940796, 4.97446346282959, -0.35197964310646057, 4.469987869262695], [-4.456091403961182, -0.8192470073699951, -0.292677640914917, -1.2972131967544556, -1.1889429092407227, -3.991403102874756, 2.7883496284484863, -3.6539833545684814, 0.6114099025726318, -0.45374080538749695, -1.5132546424865723, 1.115488052368164, -1.305946707725525, -4.610312461853027, 18.40630531311035, 2.7328882217407227, -11.791131973266602, -1.8564893007278442, -4.260791778564453, -6.521800994873047, -0.0740489661693573], [4.768973350524902, -4.585537433624268, 7.354249000549316, -1.3658159971237183, 0.8132011890411377, 2.053978681564331, 0.6890518069267273, -1.5594490766525269, -0.8557122349739075, 2.8438539505004883, -1.3846745491027832, 10.391117095947266, 2.7535958290100098, -1.2349298000335693, 2.7328882217407227, 16.651660919189453, 2.0466930866241455, 1.9165430068969727, 4.50349235534668, -1.2655404806137085, 10.787842750549316], [8.397421836853027, 6.056375026702881, 1.1877474784851074, -5.503139495849609, 8.860170364379883, 4.659576892852783, -2.614797353744507, 8.161609649658203, -0.9844279885292053, 10.505071640014648, -3.3679163455963135, 1.6123915910720825, 7.950415134429932, 7.806351184844971, -11.79113483428955, 2.0466928482055664, 35.104736328125, -0.694705605506897, 0.21035337448120117, 14.282089233398438, 11.557169914245605], [3.3531646728515625, -2.148301601409912, -0.6021069288253784, 2.5020980834960938, -0.10457189381122589, 7.072432518005371, -4.856602668762207, -1.2070178985595703, -7.700597286224365, -3.1032536029815674, -0.17599809169769287, -2.418948173522949, -0.5430867075920105, 1.334320306777954, -1.8564893007278442, 1.9165425300598145, -0.694705605506897, 22.24112319946289, 1.0481715202331543, -1.1139378547668457, -1.9391664266586304], [0.8528753519058228, 0.4897317588329315, 3.556816816329956, 1.3670450448989868, 9.04486083984375, -2.1819663047790527, 0.735840916633606, 3.827486991882324, 4.626241207122803, 3.014540672302246, 0.728143036365509, 8.853113174438477, -2.199639081954956, 4.974462985992432, -4.260791778564453, 4.503491401672363, 0.21035337448120117, 1.0481715202331543, 26.43505859375, 8.208386421203613, 2.004025459289551], [4.466850280761719, -0.8336241245269775, -3.106180429458618, 1.0316380262374878, 6.741250514984131, -0.6725738048553467, 1.8866146802902222, 4.910965442657471, 1.4651238918304443, 6.7848429679870605, -0.553833544254303, 1.5497552156448364, 6.1348724365234375, -0.3519795536994934, -6.521800994873047, -1.2655401229858398, 14.282089233398438, -1.1139378547668457, 8.208386421203613, 17.556720733642578, 0.44070300459861755], [4.763315200805664, 1.1635249853134155, 4.656581878662109, -1.8233908414840698, 7.754278182983398, -5.9789910316467285, -4.080197334289551, 9.00913143157959, 1.5498311519622803, 2.910059928894043, -7.197772026062012, 5.075902462005615, 6.228780746459961, 4.4699883460998535, -0.07404875755310059, 10.787840843200684, 11.557169914245605, -1.93916654586792, 2.0040252208709717, 0.4407028555870056, 29.51171112060547]], "type": "heatmap"}], "layout": {"template": {"data": {"histogram2dcontour": [{"type": "histogram2dcontour", "colorbar": {"outlinewidth": 0, "ticks": ""}, "colorscale": [[0.0, "#0d0887"], [0.1111111111111111, "#46039f"], [0.2222222222222222, "#7201a8"], [0.3333333333333333, "#9c179e"], [0.4444444444444444, "#bd3786"], [0.5555555555555556, "#d8576b"], [0.6666666666666666, "#ed7953"], [0.7777777777777778, "#fb9f3a"], [0.8888888888888888, "#fdca26"], [1.0, "#f0f921"]]}], "choropleth": [{"type": "choropleth", "colorbar": {"outlinewidth": 0, "ticks": ""}}], "histogram2d": [{"type": "histogram2d", "colorbar": {"outlinewidth": 0, "ticks": ""}, "colorscale": [[0.0, "#0d0887"], [0.1111111111111111, "#46039f"], [0.2222222222222222, "#7201a8"], [0.3333333333333333, "#9c179e"], [0.4444444444444444, "#bd3786"], [0.5555555555555556, "#d8576b"], [0.6666666666666666, "#ed7953"], [0.7777777777777778, "#fb9f3a"], [0.8888888888888888, "#fdca26"], [1.0, "#f0f921"]]}], "heatmap": [{"type": "heatmap", "colorbar": {"outlinewidth": 0, "ticks": ""}, "colorscale": [[0.0, "#0d0887"], [0.1111111111111111, "#46039f"], [0.2222222222222222, "#7201a8"], [0.3333333333333333, "#9c179e"], [0.4444444444444444, "#bd3786"], [0.5555555555555556, "#d8576b"], [0.6666666666666666, "#ed7953"], [0.7777777777777778, "#fb9f3a"], [0.8888888888888888, "#fdca26"], [1.0, "#f0f921"]]}], "heatmapgl": [{"type": "heatmapgl", "colorbar": {"outlinewidth": 0, "ticks": ""}, "colorscale": [[0.0, "#0d0887"], [0.1111111111111111, "#46039f"], [0.2222222222222222, "#7201a8"], [0.3333333333333333, "#9c179e"], [0.4444444444444444, "#bd3786"], [0.5555555555555556, "#d8576b"], [0.6666666666666666, "#ed7953"], [0.7777777777777778, "#fb9f3a"], [0.8888888888888888, "#fdca26"], [1.0, "#f0f921"]]}], "contourcarpet": [{"type": "contourcarpet", "colorbar": {"outlinewidth": 0, "ticks": ""}}], "contour": [{"type": "contour", "colorbar": {"outlinewidth": 0, "ticks": ""}, "colorscale": [[0.0, "#0d0887"], [0.1111111111111111, "#46039f"], [0.2222222222222222, "#7201a8"], [0.3333333333333333, "#9c179e"], [0.4444444444444444, "#bd3786"], [0.5555555555555556, "#d8576b"], [0.6666666666666666, "#ed7953"], [0.7777777777777778, "#fb9f3a"], [0.8888888888888888, "#fdca26"], [1.0, "#f0f921"]]}], "surface": [{"type": "surface", "colorbar": {"outlinewidth": 0, "ticks": ""}, "colorscale": [[0.0, "#0d0887"], [0.1111111111111111, "#46039f"], [0.2222222222222222, "#7201a8"], [0.3333333333333333, "#9c179e"], [0.4444444444444444, "#bd3786"], [0.5555555555555556, "#d8576b"], [0.6666666666666666, "#ed7953"], [0.7777777777777778, "#fb9f3a"], [0.8888888888888888, "#fdca26"], [1.0, "#f0f921"]]}], "mesh3d": [{"type": "mesh3d", "colorbar": {"outlinewidth": 0, "ticks": ""}}], "scatter": [{"fillpattern": {"fillmode": "overlay", "size": 10, "solidity": 0.2}, "type": "scatter"}], "parcoords": [{"type": "parcoords", "line": {"colorbar": {"outlinewidth": 0, "ticks": ""}}}], "scatterpolargl": [{"type": "scatterpolargl", "marker": {"colorbar": {"outlinewidth": 0, "ticks": ""}}}], "bar": [{"error_x": {"color": "#2a3f5f"}, "error_y": {"color": "#2a3f5f"}, "marker": {"line": {"color": "#E5ECF6", "width": 0.5}, "pattern": {"fillmode": "overlay", "size": 10, "solidity": 0.2}}, "type": "bar"}], "scattergeo": [{"type": "scattergeo", "marker": {"colorbar": {"outlinewidth": 0, "ticks": ""}}}], "scatterpolar": [{"type": "scatterpolar", "marker": {"colorbar": {"outlinewidth": 0, "ticks": ""}}}], "histogram": [{"marker": {"pattern": {"fillmode": "overlay", "size": 10, "solidity": 0.2}}, "type": "histogram"}], "scattergl": [{"type": "scattergl", "marker": {"colorbar": {"outlinewidth": 0, "ticks": ""}}}], "scatter3d": [{"type": "scatter3d", "line": {"colorbar": {"outlinewidth": 0, "ticks": ""}}, "marker": {"colorbar": {"outlinewidth": 0, "ticks": ""}}}], "scattermapbox": [{"type": "scattermapbox", "marker": {"colorbar": {"outlinewidth": 0, "ticks": ""}}}], "scatterternary": [{"type": "scatterternary", "marker": {"colorbar": {"outlinewidth": 0, "ticks": ""}}}], "scattercarpet": [{"type": "scattercarpet", "marker": {"colorbar": {"outlinewidth": 0, "ticks": ""}}}], "carpet": [{"aaxis": {"endlinecolor": "#2a3f5f", "gridcolor": "white", "linecolor": "white", "minorgridcolor": "white", "startlinecolor": "#2a3f5f"}, "baxis": {"endlinecolor": "#2a3f5f", "gridcolor": "white", "linecolor": "white", "minorgridcolor": "white", "startlinecolor": "#2a3f5f"}, "type": "carpet"}], "table": [{"cells": {"fill": {"color": "#EBF0F8"}, "line": {"color": "white"}}, "header": {"fill": {"color": "#C8D4E3"}, "line": {"color": "white"}}, "type": "table"}], "barpolar": [{"marker": {"line": {"color": "#E5ECF6", "width": 0.5}, "pattern": {"fillmode": "overlay", "size": 10, "solidity": 0.2}}, "type": "barpolar"}], "pie": [{"automargin": true, "type": "pie"}]}, "layout": {"autotypenumbers": "strict", "colorway": ["#636efa", "#EF553B", "#00cc96", "#ab63fa", "#FFA15A", "#19d3f3", "#FF6692", "#B6E880", "#FF97FF", "#FECB52"], "font": {"color": "#2a3f5f"}, "hovermode": "closest", "hoverlabel": {"align": "left"}, "paper_bgcolor": "white", "plot_bgcolor": "#E5ECF6", "polar": {"bgcolor": "#E5ECF6", "angularaxis": {"gridcolor": "white", "linecolor": "white", "ticks": ""}, "radialaxis": {"gridcolor": "white", "linecolor": "white", "ticks": ""}}, "ternary": {"bgcolor": "#E5ECF6", "aaxis": {"gridcolor": "white", "linecolor": "white", "ticks": ""}, "baxis": {"gridcolor": "white", "linecolor": "white", "ticks": ""}, "caxis": {"gridcolor": "white", "linecolor": "white", "ticks": ""}}, "coloraxis": {"colorbar": {"outlinewidth": 0, "ticks": ""}}, "colorscale": {"sequential": [[0.0, "#0d0887"], [0.1111111111111111, "#46039f"], [0.2222222222222222, "#7201a8"], [0.3333333333333333, "#9c179e"], [0.4444444444444444, "#bd3786"], [0.5555555555555556, "#d8576b"], [0.6666666666666666, "#ed7953"], [0.7777777777777778, "#fb9f3a"], [0.8888888888888888, "#fdca26"], [1.0, "#f0f921"]], "sequentialminus": [[0.0, "#0d0887"], [0.1111111111111111, "#46039f"], [0.2222222222222222, "#7201a8"], [0.3333333333333333, "#9c179e"], [0.4444444444444444, "#bd3786"], [0.5555555555555556, "#d8576b"], [0.6666666666666666, "#ed7953"], [0.7777777777777778, "#fb9f3a"], [0.8888888888888888, "#fdca26"], [1.0, "#f0f921"]], "diverging": [[0, "#8e0152"], [0.1, "#c51b7d"], [0.2, "#de77ae"], [0.3, "#f1b6da"], [0.4, "#fde0ef"], [0.5, "#f7f7f7"], [0.6, "#e6f5d0"], [0.7, "#b8e186"], [0.8, "#7fbc41"], [0.9, "#4d9221"], [1, "#276419"]]}, "xaxis": {"gridcolor": "white", "linecolor": "white", "ticks": "", "title": {"standoff": 15}, "zerolinecolor": "white", "automargin": true, "zerolinewidth": 2}, "yaxis": {"gridcolor": "white", "linecolor": "white", "ticks": "", "title": {"standoff": 15}, "zerolinecolor": "white", "automargin": true, "zerolinewidth": 2}, "scene": {"xaxis": {"backgroundcolor": "#E5ECF6", "gridcolor": "white", "linecolor": "white", "showbackground": true, "ticks": "", "zerolinecolor": "white", "gridwidth": 2}, "yaxis": {"backgroundcolor": "#E5ECF6", "gridcolor": "white", "linecolor": "white", "showbackground": true, "ticks": "", "zerolinecolor": "white", "gridwidth": 2}, "zaxis": {"backgroundcolor": "#E5ECF6", "gridcolor": "white", "linecolor": "white", "showbackground": true, "ticks": "", "zerolinecolor": "white", "gridwidth": 2}}, "shapedefaults": {"line": {"color": "#2a3f5f"}}, "annotationdefaults": {"arrowcolor": "#2a3f5f", "arrowhead": 0, "arrowwidth": 1}, "geo": {"bgcolor": "white", "landcolor": "#E5ECF6", "subunitcolor": "white", "showland": true, "showlakes": true, "lakecolor": "white"}, "title": {"x": 0.05}, "mapbox": {"style": "light"}}}}}