{"data": [{"z": [[17.74355697631836, -4.372210502624512, -2.233269691467285, 4.929460048675537, 4.006487846374512, 7.798177242279053, 4.198811054229736, 1.3297427892684937, -1.1821470260620117, 11.553692817687988, -4.329770088195801, 7.811471462249756, 7.978414058685303, -0.334140419960022, -4.457529067993164, 4.766704082489014, 8.396247863769531, 3.3520312309265137, 0.852341890335083, 4.466644763946533, 4.760667324066162], [-4.372210502624512, 27.164134979248047, 0.906675398349762, -5.072664737701416, 1.7757418155670166, -5.91682767868042, -0.3573066294193268, 6.273037433624268, 8.618552207946777, -5.682688236236572, 1.2850027084350586, -5.482435703277588, -5.414346694946289, 8.587368965148926, -0.8192344307899475, -4.586023807525635, 6.054722785949707, -2.148045063018799, 0.489030122756958, -0.8320451974868774, 1.163486361503601], [-2.233269691467285, 0.906675398349762, 31.890783309936523, -0.5645945072174072, -2.814103126525879, 2.41215181350708, -0.2313004583120346, 7.308708190917969, -1.2595176696777344, -1.3645228147506714, 2.384190559387207, -4.318539619445801, -1.2627160549163818, 5.954402446746826, -0.2926884889602661, 7.353251934051514, 1.1862274408340454, -0.603193998336792, 3.556445598602295, -3.1039867401123047, 4.656875133514404], [4.929460048675537, -5.072664737701416, -0.5645945072174072, 25.763442993164062, 0.7120793461799622, 4.577793598175049, -1.6106659173965454, -2.5322535037994385, -2.980592727661133, 8.910346984863281, -0.8857235908508301, -2.800555944442749, 8.71914291381836, -1.4020471572875977, -1.2963831424713135, -1.3652784824371338, -5.506680488586426, 2.5027389526367188, 1.3649413585662842, 1.033592939376831, -1.8230129480361938], [4.006487846374512, 1.7757418155670166, -2.814103126525879, 0.7120793461799622, 27.61733627319336, 1.0005871057510376, -1.9481744766235352, 2.9804394245147705, -1.9993548393249512, 6.885197162628174, -7.115335941314697, -1.4980794191360474, -1.655254602432251, -2.463487386703491, -1.1875425577163696, 0.8131366968154907, 8.860082626342773, -0.10389626026153564, 9.043517112731934, 6.742527008056641, 7.755993843078613], [7.798177242279053, -5.91682767868042, 2.41215181350708, 4.577793598175049, 1.0005871057510376, 19.840707778930664, 2.154344320297241, -6.23000955581665, -8.450543403625488, 9.117156028747559, 0.968362033367157, 3.9448907375335693, 2.249030113220215, -0.6961297988891602, -3.9880893230438232, 2.0574026107788086, 4.658023357391357, 7.073947906494141, -2.1797144412994385, -0.6699748039245605, -5.976717948913574], [4.198811054229736, -0.3573066294193268, -0.2313004583120346, -1.6106659173965454, -1.9481744766235352, 2.154344320297241, 17.744478225708008, 3.2538509368896484, 6.008571624755859, 2.9839107990264893, 3.748753070831299, 4.71250057220459, -1.678559422492981, 0.36851587891578674, 2.7866034507751465, 0.6886682510375977, -2.6160387992858887, -4.857381343841553, 0.7347419261932373, 1.8837597370147705, -4.081528186798096], [1.3297427892684937, 6.273037433624268, 7.308708190917969, -2.5322535037994385, 2.9804394245147705, -6.23000955581665, 3.2538509368896484, 20.31499481201172, 4.090692520141602, -1.0229806900024414, 6.85755729675293, -6.305469512939453, -1.593955636024475, 6.539792537689209, -3.6511342525482178, -1.5576257705688477, 8.159730911254883, -1.2043836116790771, 3.828270673751831, 4.914449691772461, 9.011303901672363], [-1.1821470260620117, 8.618552207946777, -1.2595176696777344, -2.980592727661133, -1.9993548393249512, -8.450543403625488, 6.008571624755859, 4.090692520141602, 18.440019607543945, -1.0706050395965576, 2.942990779876709, -0.2474079579114914, -2.185633420944214, 3.350095272064209, 0.6129785776138306, -0.8543313145637512, -0.9872655868530273, -7.69997501373291, 4.625605583190918, 1.46846604347229, 1.5516645908355713], [11.553692817687988, -5.682688236236572, -1.3645228147506714, 8.910346984863281, 6.885197162628174, 9.117156028747559, 2.9839107990264893, -1.0229806900024414, -1.0706050395965576, 26.491819381713867, -4.99935245513916, 5.626707553863525, 13.97230052947998, -5.842562198638916, -0.45539259910583496, 2.8414361476898193, 10.503083229064941, -3.1041946411132812, 3.0131258964538574, 6.786367893218994, 2.9077649116516113], [-4.329770088195801, 1.2850027084350586, 2.384190559387207, -0.8857235908508301, -7.115335941314697, 0.968362033367157, 3.748753070831299, 6.85755729675293, 2.942990779876709, -4.99935245513916, 21.532594680786133, -4.6345319747924805, -7.705770969390869, -0.2589734196662903, -1.5133447647094727, -1.3851675987243652, -3.368722438812256, -0.1765611171722412, 0.7274086475372314, -0.5507541298866272, -7.196803092956543], [7.811471462249756, -5.482435703277588, -4.318539619445801, -2.800555944442749, -1.4980794191360474, 3.9448907375335693, 4.71250057220459, -6.305469512939453, -0.2474079579114914, 5.626707553863525, -4.6345319747924805, 27.917240142822266, 0.31499388813972473, -0.5951014757156372, 1.116697072982788, 10.39091968536377, 1.6143625974655151, -2.418471097946167, 8.85287857055664, 1.5493165254592896, 5.077650547027588], [7.978414058685303, -5.414346694946289, -1.2627160549163818, 8.71914291381836, -1.655254602432251, 2.249030113220215, -1.678559422492981, -1.593955636024475, -2.185633420944214, 13.97230052947998, -7.705770969390869, 0.31499388813972473, 21.827436447143555, -2.1147501468658447, -1.3033394813537598, 2.7554101943969727, 7.950488567352295, -0.5419337749481201, -2.198589563369751, 6.135117530822754, 6.231485843658447], [-0.334140419960022, 8.587368965148926, 5.954402446746826, -1.4020471572875977, -2.463487386703491, -0.6961297988891602, 0.36851587891578674, 6.539792537689209, 3.350095272064209, -5.842562198638916, -0.2589734196662903, -0.5951014757156372, -2.1147501468658447, 24.434343338012695, -4.61033821105957, -1.2362841367721558, 7.804470539093018, 1.3338685035705566, 4.972650051116943, -0.34885311126708984, 4.469363689422607], [-4.457529067993164, -0.8192344307899475, -0.2926884889602661, -1.2963831424713135, -1.1875425577163696, -3.9880893230438232, 2.7866034507751465, -3.6511342525482178, 0.6129785776138306, -0.45539259910583496, -1.5133447647094727, 1.116697072982788, -1.3033394813537598, -4.61033821105957, 18.407825469970703, 2.733947992324829, -11.79238510131836, -1.8559348583221436, -4.2605390548706055, -6.519739151000977, -0.07325993478298187], [4.766704082489014, -4.586023807525635, 7.353251934051514, -1.3652784824371338, 0.8131366968154907, 2.0574026107788086, 0.6886682510375977, -1.5576257705688477, -0.8543313145637512, 2.8414361476898193, -1.3851675987243652, 10.39091968536377, 2.7554101943969727, -1.2362841367721558, 2.733947992324829, 16.65314292907715, 2.046375036239624, 1.9171538352966309, 4.503535270690918, -1.2661439180374146, 10.787936210632324], [8.396247863769531, 6.054722785949707, 1.186227560043335, -5.506680965423584, 8.860081672668457, 4.658023357391357, -2.6160385608673096, 8.159730911254883, -0.987265944480896, 10.503083229064941, -3.3687217235565186, 1.6143624782562256, 7.950488567352295, 7.804471015930176, -11.792386054992676, 2.046374797821045, 35.10091018676758, -0.6953035593032837, 0.20858192443847656, 14.279671669006348, 11.556073188781738], [3.3520309925079346, -2.1480445861816406, -0.603193998336792, 2.5027389526367188, -0.10389632731676102, 7.073947429656982, -4.8573808670043945, -1.2043836116790771, -7.69997501373291, -3.104194164276123, -0.1765611618757248, -2.418471574783325, -0.5419335961341858, 1.3338686227798462, -1.8559350967407227, 1.91715407371521, -0.6953035593032837, 22.24087905883789, 1.0485525131225586, -1.1134099960327148, -1.9385532140731812], [0.852341890335083, 0.48903000354766846, 3.556445837020874, 1.3649410009384155, 9.04351806640625, -2.1797144412994385, 0.7347419857978821, 3.828270435333252, 4.62560510635376, 3.0131266117095947, 0.7274087071418762, 8.85287857055664, -2.198589324951172, 4.97265100479126, -4.260538578033447, 4.503535270690918, 0.20858192443847656, 1.0485525131225586, 26.434978485107422, 8.206092834472656, 2.0025429725646973], [4.466645240783691, -0.8320452570915222, -3.1039865016937256, 1.0335928201675415, 6.742527008056641, -0.6699749231338501, 1.88375985622406, 4.914449214935303, 1.4684661626815796, 6.786367893218994, -0.5507539510726929, 1.5493167638778687, 6.135117530822754, -0.3488530218601227, -6.519740104675293, -1.266143798828125, 14.279671669006348, -1.1134099960327148, 8.206092834472656, 17.563560485839844, 0.44065138697624207], [4.76066780090332, 1.163486123085022, 4.656874656677246, -1.8230127096176147, 7.755993843078613, -5.976718902587891, -4.081528186798096, 9.011302947998047, 1.5516643524169922, 2.9077646732330322, -7.196803569793701, 5.077650547027588, 6.231485843658447, 4.469362735748291, -0.07325911521911621, 10.78793716430664, 11.556074142456055, -1.9385534524917603, 2.0025429725646973, 0.44065147638320923, 29.51171112060547]], "type": "heatmap"}], "layout": {"template": {"data": {"histogram2dcontour": [{"type": "histogram2dcontour", "colorbar": {"outlinewidth": 0, "ticks": ""}, "colorscale": [[0.0, "#0d0887"], [0.1111111111111111, "#46039f"], [0.2222222222222222, "#7201a8"], [0.3333333333333333, "#9c179e"], [0.4444444444444444, "#bd3786"], [0.5555555555555556, "#d8576b"], [0.6666666666666666, "#ed7953"], [0.7777777777777778, "#fb9f3a"], [0.8888888888888888, "#fdca26"], [1.0, "#f0f921"]]}], "choropleth": [{"type": "choropleth", "colorbar": {"outlinewidth": 0, "ticks": ""}}], "histogram2d": [{"type": "histogram2d", "colorbar": {"outlinewidth": 0, "ticks": ""}, "colorscale": [[0.0, "#0d0887"], [0.1111111111111111, "#46039f"], [0.2222222222222222, "#7201a8"], [0.3333333333333333, "#9c179e"], [0.4444444444444444, "#bd3786"], [0.5555555555555556, "#d8576b"], [0.6666666666666666, "#ed7953"], [0.7777777777777778, "#fb9f3a"], [0.8888888888888888, "#fdca26"], [1.0, "#f0f921"]]}], "heatmap": [{"type": "heatmap", "colorbar": {"outlinewidth": 0, "ticks": ""}, "colorscale": [[0.0, "#0d0887"], [0.1111111111111111, "#46039f"], [0.2222222222222222, "#7201a8"], [0.3333333333333333, "#9c179e"], [0.4444444444444444, "#bd3786"], [0.5555555555555556, "#d8576b"], [0.6666666666666666, "#ed7953"], [0.7777777777777778, "#fb9f3a"], [0.8888888888888888, "#fdca26"], [1.0, "#f0f921"]]}], "heatmapgl": [{"type": "heatmapgl", "colorbar": {"outlinewidth": 0, "ticks": ""}, "colorscale": [[0.0, "#0d0887"], [0.1111111111111111, "#46039f"], [0.2222222222222222, "#7201a8"], [0.3333333333333333, "#9c179e"], [0.4444444444444444, "#bd3786"], [0.5555555555555556, "#d8576b"], [0.6666666666666666, "#ed7953"], [0.7777777777777778, "#fb9f3a"], [0.8888888888888888, "#fdca26"], [1.0, "#f0f921"]]}], "contourcarpet": [{"type": "contourcarpet", "colorbar": {"outlinewidth": 0, "ticks": ""}}], "contour": [{"type": "contour", "colorbar": {"outlinewidth": 0, "ticks": ""}, "colorscale": [[0.0, "#0d0887"], [0.1111111111111111, "#46039f"], [0.2222222222222222, "#7201a8"], [0.3333333333333333, "#9c179e"], [0.4444444444444444, "#bd3786"], [0.5555555555555556, "#d8576b"], [0.6666666666666666, "#ed7953"], [0.7777777777777778, "#fb9f3a"], [0.8888888888888888, "#fdca26"], [1.0, "#f0f921"]]}], "surface": [{"type": "surface", "colorbar": {"outlinewidth": 0, "ticks": ""}, "colorscale": [[0.0, "#0d0887"], [0.1111111111111111, "#46039f"], [0.2222222222222222, "#7201a8"], [0.3333333333333333, "#9c179e"], [0.4444444444444444, "#bd3786"], [0.5555555555555556, "#d8576b"], [0.6666666666666666, "#ed7953"], [0.7777777777777778, "#fb9f3a"], [0.8888888888888888, "#fdca26"], [1.0, "#f0f921"]]}], "mesh3d": [{"type": "mesh3d", "colorbar": {"outlinewidth": 0, "ticks": ""}}], "scatter": [{"fillpattern": {"fillmode": "overlay", "size": 10, "solidity": 0.2}, "type": "scatter"}], "parcoords": [{"type": "parcoords", "line": {"colorbar": {"outlinewidth": 0, "ticks": ""}}}], "scatterpolargl": [{"type": "scatterpolargl", "marker": {"colorbar": {"outlinewidth": 0, "ticks": ""}}}], "bar": [{"error_x": {"color": "#2a3f5f"}, "error_y": {"color": "#2a3f5f"}, "marker": {"line": {"color": "#E5ECF6", "width": 0.5}, "pattern": {"fillmode": "overlay", "size": 10, "solidity": 0.2}}, "type": "bar"}], "scattergeo": [{"type": "scattergeo", "marker": {"colorbar": {"outlinewidth": 0, "ticks": ""}}}], "scatterpolar": [{"type": "scatterpolar", "marker": {"colorbar": {"outlinewidth": 0, "ticks": ""}}}], "histogram": [{"marker": {"pattern": {"fillmode": "overlay", "size": 10, "solidity": 0.2}}, "type": "histogram"}], "scattergl": [{"type": "scattergl", "marker": {"colorbar": {"outlinewidth": 0, "ticks": ""}}}], "scatter3d": [{"type": "scatter3d", "line": {"colorbar": {"outlinewidth": 0, "ticks": ""}}, "marker": {"colorbar": {"outlinewidth": 0, "ticks": ""}}}], "scattermapbox": [{"type": "scattermapbox", "marker": {"colorbar": {"outlinewidth": 0, "ticks": ""}}}], "scatterternary": [{"type": "scatterternary", "marker": {"colorbar": {"outlinewidth": 0, "ticks": ""}}}], "scattercarpet": [{"type": "scattercarpet", "marker": {"colorbar": {"outlinewidth": 0, "ticks": ""}}}], "carpet": [{"aaxis": {"endlinecolor": "#2a3f5f", "gridcolor": "white", "linecolor": "white", "minorgridcolor": "white", "startlinecolor": "#2a3f5f"}, "baxis": {"endlinecolor": "#2a3f5f", "gridcolor": "white", "linecolor": "white", "minorgridcolor": "white", "startlinecolor": "#2a3f5f"}, "type": "carpet"}], "table": [{"cells": {"fill": {"color": "#EBF0F8"}, "line": {"color": "white"}}, "header": {"fill": {"color": "#C8D4E3"}, "line": {"color": "white"}}, "type": "table"}], "barpolar": [{"marker": {"line": {"color": "#E5ECF6", "width": 0.5}, "pattern": {"fillmode": "overlay", "size": 10, "solidity": 0.2}}, "type": "barpolar"}], "pie": [{"automargin": true, "type": "pie"}]}, "layout": {"autotypenumbers": "strict", "colorway": ["#636efa", "#EF553B", "#00cc96", "#ab63fa", "#FFA15A", "#19d3f3", "#FF6692", "#B6E880", "#FF97FF", "#FECB52"], "font": {"color": "#2a3f5f"}, "hovermode": "closest", "hoverlabel": {"align": "left"}, "paper_bgcolor": "white", "plot_bgcolor": "#E5ECF6", "polar": {"bgcolor": "#E5ECF6", "angularaxis": {"gridcolor": "white", "linecolor": "white", "ticks": ""}, "radialaxis": {"gridcolor": "white", "linecolor": "white", "ticks": ""}}, "ternary": {"bgcolor": "#E5ECF6", "aaxis": {"gridcolor": "white", "linecolor": "white", "ticks": ""}, "baxis": {"gridcolor": "white", "linecolor": "white", "ticks": ""}, "caxis": {"gridcolor": "white", "linecolor": "white", "ticks": ""}}, "coloraxis": {"colorbar": {"outlinewidth": 0, "ticks": ""}}, "colorscale": {"sequential": [[0.0, "#0d0887"], [0.1111111111111111, "#46039f"], [0.2222222222222222, "#7201a8"], [0.3333333333333333, "#9c179e"], [0.4444444444444444, "#bd3786"], [0.5555555555555556, "#d8576b"], [0.6666666666666666, "#ed7953"], [0.7777777777777778, "#fb9f3a"], [0.8888888888888888, "#fdca26"], [1.0, "#f0f921"]], "sequentialminus": [[0.0, "#0d0887"], [0.1111111111111111, "#46039f"], [0.2222222222222222, "#7201a8"], [0.3333333333333333, "#9c179e"], [0.4444444444444444, "#bd3786"], [0.5555555555555556, "#d8576b"], [0.6666666666666666, "#ed7953"], [0.7777777777777778, "#fb9f3a"], [0.8888888888888888, "#fdca26"], [1.0, "#f0f921"]], "diverging": [[0, "#8e0152"], [0.1, "#c51b7d"], [0.2, "#de77ae"], [0.3, "#f1b6da"], [0.4, "#fde0ef"], [0.5, "#f7f7f7"], [0.6, "#e6f5d0"], [0.7, "#b8e186"], [0.8, "#7fbc41"], [0.9, "#4d9221"], [1, "#276419"]]}, "xaxis": {"gridcolor": "white", "linecolor": "white", "ticks": "", "title": {"standoff": 15}, "zerolinecolor": "white", "automargin": true, "zerolinewidth": 2}, "yaxis": {"gridcolor": "white", "linecolor": "white", "ticks": "", "title": {"standoff": 15}, "zerolinecolor": "white", "automargin": true, "zerolinewidth": 2}, "scene": {"xaxis": {"backgroundcolor": "#E5ECF6", "gridcolor": "white", "linecolor": "white", "showbackground": true, "ticks": "", "zerolinecolor": "white", "gridwidth": 2}, "yaxis": {"backgroundcolor": "#E5ECF6", "gridcolor": "white", "linecolor": "white", "showbackground": true, "ticks": "", "zerolinecolor": "white", "gridwidth": 2}, "zaxis": {"backgroundcolor": "#E5ECF6", "gridcolor": "white", "linecolor": "white", "showbackground": true, "ticks": "", "zerolinecolor": "white", "gridwidth": 2}}, "shapedefaults": {"line": {"color": "#2a3f5f"}}, "annotationdefaults": {"arrowcolor": "#2a3f5f", "arrowhead": 0, "arrowwidth": 1}, "geo": {"bgcolor": "white", "landcolor": "#E5ECF6", "subunitcolor": "white", "showland": true, "showlakes": true, "lakecolor": "white"}, "title": {"x": 0.05}, "mapbox": {"style": "light"}}}}}