{"data": [{"z": [[17.751296997070312, -4.369442939758301, -2.2354371547698975, 4.9321699142456055, 4.003202438354492, 7.799773216247559, 4.206409454345703, 1.3309272527694702, -1.18413507938385, 11.557061195373535, -4.3303751945495605, 7.813567161560059, 7.977229118347168, -0.3328927159309387, -4.454101085662842, 4.774372100830078, 8.406170845031738, 3.3579206466674805, 0.8532463312149048, 4.466248989105225, 4.765396595001221], [-4.369442939758301, 27.163610458374023, 0.9024138450622559, -5.072178840637207, 1.7702802419662476, -5.917078018188477, -0.3547261357307434, 6.272397518157959, 8.618246078491211, -5.681321620941162, 1.2793078422546387, -5.48860502243042, -5.4194536209106445, 8.583029747009277, -0.8182026147842407, -4.582884311676025, 6.063383102416992, -2.1490542888641357, 0.4934793710708618, -0.8375722169876099, 1.1639771461486816], [-2.2354371547698975, 0.9024138450622559, 31.88785171508789, -0.564123809337616, -2.820462942123413, 2.4112322330474854, -0.22294822335243225, 7.303735733032227, -1.2640516757965088, -1.360830307006836, 2.3812577724456787, -4.3224945068359375, -1.2678669691085815, 5.953640460968018, -0.29083508253097534, 7.357658863067627, 1.1940951347351074, -0.5979101657867432, 3.559955358505249, -3.1115520000457764, 4.655797004699707], [4.9321699142456055, -5.072178840637207, -0.564123809337616, 25.768095016479492, 0.7103636264801025, 4.574368000030518, -1.6045037508010864, -2.5342726707458496, -2.9819090366363525, 8.913890838623047, -0.8853983879089355, -2.80352783203125, 8.717905044555664, -1.40257728099823, -1.2964832782745361, -1.36357581615448, -5.492699146270752, 2.5045390129089355, 1.370741367340088, 1.0281903743743896, -1.821413516998291], [4.003202438354492, 1.7702802419662476, -2.820462942123413, 0.7103636264801025, 27.61582374572754, 1.0026808977127075, -1.9479986429214478, 2.9789962768554688, -2.0028812885284424, 6.883912086486816, -7.123687744140625, -1.5006753206253052, -1.6573108434677124, -2.4665541648864746, -1.1904475688934326, 0.8139560222625732, 8.857383728027344, -0.10639411211013794, 9.04759407043457, 6.739106178283691, 7.752721786499023], [7.799773216247559, -5.917078018188477, 2.4112322330474854, 4.574368000030518, 1.0026808977127075, 19.82441520690918, 2.154024600982666, -6.239645004272461, -8.454570770263672, 9.114224433898926, 0.9709579944610596, 3.9427993297576904, 2.2467775344848633, -0.6985352039337158, -3.99717378616333, 2.0474443435668945, 4.661382675170898, 7.069838047027588, -2.18585205078125, -0.6779309511184692, -5.980204105377197], [4.206409454345703, -0.3547261357307434, -0.22294822335243225, -1.6045037508010864, -1.9479986429214478, 2.154024600982666, 17.748666763305664, 3.2538909912109375, 6.012763500213623, 2.9930524826049805, 3.7547154426574707, 4.71132230758667, -1.6807612180709839, 0.37287086248397827, 2.7934048175811768, 0.6913192272186279, -2.605908155441284, -4.853575706481934, 0.7410823106765747, 1.8910164833068848, -4.078863620758057], [1.3309272527694702, 6.272397518157959, 7.303735733032227, -2.5342726707458496, 2.9789962768554688, -6.239645004272461, 3.2538909912109375, 20.310144424438477, 4.0902252197265625, -1.026260256767273, 6.85290002822876, -6.312703609466553, -1.5998293161392212, 6.531876564025879, -3.6583962440490723, -1.5615825653076172, 8.167325973510742, -1.212385654449463, 3.827357769012451, 4.902396202087402, 9.00855827331543], [-1.18413507938385, 8.618246078491211, -1.2640516757965088, -2.9819090366363525, -2.0028812885284424, -8.454570770263672, 6.012763500213623, 4.0902252197265625, 18.43507957458496, -1.0702606439590454, 2.9395899772644043, -0.25151026248931885, -2.1880269050598145, 3.3471779823303223, 0.6092163324356079, -0.8564797043800354, -0.9810740947723389, -7.70068359375, 4.627513885498047, 1.4598863124847412, 1.5490808486938477], [11.557061195373535, -5.681321620941162, -1.360830307006836, 8.913890838623047, 6.883912086486816, 9.114224433898926, 2.9930524826049805, -1.026260256767273, -1.0702606439590454, 26.493757247924805, -4.998098850250244, 5.629062175750732, 13.971652030944824, -5.843862056732178, -0.4510636627674103, 2.84971284866333, 10.514156341552734, -3.099092483520508, 3.017953872680664, 6.7793288230896, 2.9121060371398926], [-4.3303751945495605, 1.2793078422546387, 2.3812577724456787, -0.8853983879089355, -7.123687744140625, 0.9709579944610596, 3.7547154426574707, 6.85290002822876, 2.9395899772644043, -4.998098850250244, 21.52680015563965, -4.640348434448242, -7.71050500869751, -0.26268333196640015, -1.5101300477981567, -1.381691575050354, -3.3636815547943115, -0.17266321182250977, 0.7323992252349854, -0.5596053600311279, -7.1985979080200195], [7.813567161560059, -5.48860502243042, -4.3224945068359375, -2.80352783203125, -1.5006753206253052, 3.9427993297576904, 4.71132230758667, -6.312703609466553, -0.25151026248931885, 5.629062175750732, -4.640348434448242, 27.915218353271484, 0.30840548872947693, -0.5956582427024841, 1.116179347038269, 10.39268684387207, 1.6057875156402588, -2.419621706008911, 8.85689926147461, 1.55044686794281, 5.075161933898926], [7.977229118347168, -5.4194536209106445, -1.2678669691085815, 8.717905044555664, -1.6573108434677124, 2.2467775344848633, -1.6807612180709839, -1.5998293161392212, -2.1880269050598145, 13.971652030944824, -7.71050500869751, 0.30840548872947693, 21.82230567932129, -2.1174821853637695, -1.307939052581787, 2.7511348724365234, 7.9491987228393555, -0.5453565120697021, -2.1986050605773926, 6.134014129638672, 6.226815700531006], [-0.3328927159309387, 8.583029747009277, 5.953640460968018, -1.40257728099823, -2.4665541648864746, -0.6985352039337158, 0.37287086248397827, 6.531876564025879, 3.3471779823303223, -5.843862056732178, -0.26268333196640015, -0.5956582427024841, -2.1174821853637695, 24.42571449279785, -4.608905792236328, -1.2314432859420776, 7.8118767738342285, 1.3357112407684326, 4.980197906494141, -0.35928022861480713, 4.470637321472168], [-4.454101085662842, -0.8182026147842407, -0.29083508253097534, -1.2964832782745361, -1.1904475688934326, -3.99717378616333, 2.7934048175811768, -3.6583962440490723, 0.6092163324356079, -0.4510636627674103, -1.5101300477981567, 1.116179347038269, -1.307939052581787, -4.608905792236328, 18.406288146972656, 2.7332117557525635, -11.784543991088867, -1.8528337478637695, -4.261605739593506, -6.526445388793945, -0.07426230609416962], [4.774372100830078, -4.582884311676025, 7.357658863067627, -1.36357581615448, 0.8139560222625732, 2.0474443435668945, 0.6913192272186279, -1.5615825653076172, -0.8564797043800354, 2.84971284866333, -1.381691575050354, 10.39268684387207, 2.7511348724365234, -1.2314432859420776, 2.7332117557525635, 16.651262283325195, 2.0522022247314453, 1.9182536602020264, 4.505281925201416, -1.2652592658996582, 10.789376258850098], [8.406169891357422, 6.06338357925415, 1.1940947771072388, -5.4926981925964355, 8.857382774353027, 4.661382675170898, -2.6059083938598633, 8.167325019836426, -0.981073796749115, 10.514156341552734, -3.3636810779571533, 1.6057875156402588, 7.949199199676514, 7.811875820159912, -11.784543991088867, 2.052201986312866, 35.11894226074219, -0.6906403303146362, 0.21758460998535156, 14.286401748657227, 11.55975341796875], [3.3579206466674805, -2.149054765701294, -0.5979105830192566, 2.5045390129089355, -0.10639376193284988, 7.06983757019043, -4.853576183319092, -1.2123860120773315, -7.700684547424316, -3.0990915298461914, -0.17266350984573364, -2.4196219444274902, -0.5453565120697021, 1.3357120752334595, -1.852833867073059, 1.918253779411316, -0.6906403303146362, 22.245101928710938, 1.0508623123168945, -1.1148453950881958, -1.9385652542114258], [0.8532462120056152, 0.493479460477829, 3.559954881668091, 1.3707414865493774, 9.047595024108887, -2.185852527618408, 0.7410820126533508, 3.8273582458496094, 4.6275129318237305, 3.017953872680664, 0.7323994636535645, 8.856897354125977, -2.1986048221588135, 4.980197906494141, -4.261606216430664, 4.505281925201416, 0.21758460998535156, 1.0508623123168945, 26.432697296142578, 8.211301803588867, 2.0058863162994385], [4.466249465942383, -0.8375723958015442, -3.1115527153015137, 1.0281906127929688, 6.73910665512085, -0.6779311299324036, 1.8910163640975952, 4.902394771575928, 1.459886074066162, 6.7793288230896, -0.5596052408218384, 1.5504469871520996, 6.13401460647583, -0.3592804968357086, -6.526445388793945, -1.2652595043182373, 14.286401748657227, -1.1148453950881958, 8.211301803588867, 17.541099548339844, 0.4406339228153229], [4.765397071838379, 1.1639775037765503, 4.655796527862549, -1.8214138746261597, 7.75272274017334, -5.9802045822143555, -4.078863143920898, 9.008557319641113, 1.5490814447402954, 2.9121057987213135, -7.1985979080200195, 5.075160980224609, 6.226816177368164, 4.47063684463501, -0.07426238059997559, 10.789376258850098, 11.559751510620117, -1.9385652542114258, 2.0058863162994385, 0.44063377380371094, 29.51171112060547]], "type": "heatmap"}], "layout": {"template": {"data": {"histogram2dcontour": [{"type": "histogram2dcontour", "colorbar": {"outlinewidth": 0, "ticks": ""}, "colorscale": [[0.0, "#0d0887"], [0.1111111111111111, "#46039f"], [0.2222222222222222, "#7201a8"], [0.3333333333333333, "#9c179e"], [0.4444444444444444, "#bd3786"], [0.5555555555555556, "#d8576b"], [0.6666666666666666, "#ed7953"], [0.7777777777777778, "#fb9f3a"], [0.8888888888888888, "#fdca26"], [1.0, "#f0f921"]]}], "choropleth": [{"type": "choropleth", "colorbar": {"outlinewidth": 0, "ticks": ""}}], "histogram2d": [{"type": "histogram2d", "colorbar": {"outlinewidth": 0, "ticks": ""}, "colorscale": [[0.0, "#0d0887"], [0.1111111111111111, "#46039f"], [0.2222222222222222, "#7201a8"], [0.3333333333333333, "#9c179e"], [0.4444444444444444, "#bd3786"], [0.5555555555555556, "#d8576b"], [0.6666666666666666, "#ed7953"], [0.7777777777777778, "#fb9f3a"], [0.8888888888888888, "#fdca26"], [1.0, "#f0f921"]]}], "heatmap": [{"type": "heatmap", "colorbar": {"outlinewidth": 0, "ticks": ""}, "colorscale": [[0.0, "#0d0887"], [0.1111111111111111, "#46039f"], [0.2222222222222222, "#7201a8"], [0.3333333333333333, "#9c179e"], [0.4444444444444444, "#bd3786"], [0.5555555555555556, "#d8576b"], [0.6666666666666666, "#ed7953"], [0.7777777777777778, "#fb9f3a"], [0.8888888888888888, "#fdca26"], [1.0, "#f0f921"]]}], "heatmapgl": [{"type": "heatmapgl", "colorbar": {"outlinewidth": 0, "ticks": ""}, "colorscale": [[0.0, "#0d0887"], [0.1111111111111111, "#46039f"], [0.2222222222222222, "#7201a8"], [0.3333333333333333, "#9c179e"], [0.4444444444444444, "#bd3786"], [0.5555555555555556, "#d8576b"], [0.6666666666666666, "#ed7953"], [0.7777777777777778, "#fb9f3a"], [0.8888888888888888, "#fdca26"], [1.0, "#f0f921"]]}], "contourcarpet": [{"type": "contourcarpet", "colorbar": {"outlinewidth": 0, "ticks": ""}}], "contour": [{"type": "contour", "colorbar": {"outlinewidth": 0, "ticks": ""}, "colorscale": [[0.0, "#0d0887"], [0.1111111111111111, "#46039f"], [0.2222222222222222, "#7201a8"], [0.3333333333333333, "#9c179e"], [0.4444444444444444, "#bd3786"], [0.5555555555555556, "#d8576b"], [0.6666666666666666, "#ed7953"], [0.7777777777777778, "#fb9f3a"], [0.8888888888888888, "#fdca26"], [1.0, "#f0f921"]]}], "surface": [{"type": "surface", "colorbar": {"outlinewidth": 0, "ticks": ""}, "colorscale": [[0.0, "#0d0887"], [0.1111111111111111, "#46039f"], [0.2222222222222222, "#7201a8"], [0.3333333333333333, "#9c179e"], [0.4444444444444444, "#bd3786"], [0.5555555555555556, "#d8576b"], [0.6666666666666666, "#ed7953"], [0.7777777777777778, "#fb9f3a"], [0.8888888888888888, "#fdca26"], [1.0, "#f0f921"]]}], "mesh3d": [{"type": "mesh3d", "colorbar": {"outlinewidth": 0, "ticks": ""}}], "scatter": [{"fillpattern": {"fillmode": "overlay", "size": 10, "solidity": 0.2}, "type": "scatter"}], "parcoords": [{"type": "parcoords", "line": {"colorbar": {"outlinewidth": 0, "ticks": ""}}}], "scatterpolargl": [{"type": "scatterpolargl", "marker": {"colorbar": {"outlinewidth": 0, "ticks": ""}}}], "bar": [{"error_x": {"color": "#2a3f5f"}, "error_y": {"color": "#2a3f5f"}, "marker": {"line": {"color": "#E5ECF6", "width": 0.5}, "pattern": {"fillmode": "overlay", "size": 10, "solidity": 0.2}}, "type": "bar"}], "scattergeo": [{"type": "scattergeo", "marker": {"colorbar": {"outlinewidth": 0, "ticks": ""}}}], "scatterpolar": [{"type": "scatterpolar", "marker": {"colorbar": {"outlinewidth": 0, "ticks": ""}}}], "histogram": [{"marker": {"pattern": {"fillmode": "overlay", "size": 10, "solidity": 0.2}}, "type": "histogram"}], "scattergl": [{"type": "scattergl", "marker": {"colorbar": {"outlinewidth": 0, "ticks": ""}}}], "scatter3d": [{"type": "scatter3d", "line": {"colorbar": {"outlinewidth": 0, "ticks": ""}}, "marker": {"colorbar": {"outlinewidth": 0, "ticks": ""}}}], "scattermapbox": [{"type": "scattermapbox", "marker": {"colorbar": {"outlinewidth": 0, "ticks": ""}}}], "scatterternary": [{"type": "scatterternary", "marker": {"colorbar": {"outlinewidth": 0, "ticks": ""}}}], "scattercarpet": [{"type": "scattercarpet", "marker": {"colorbar": {"outlinewidth": 0, "ticks": ""}}}], "carpet": [{"aaxis": {"endlinecolor": "#2a3f5f", "gridcolor": "white", "linecolor": "white", "minorgridcolor": "white", "startlinecolor": "#2a3f5f"}, "baxis": {"endlinecolor": "#2a3f5f", "gridcolor": "white", "linecolor": "white", "minorgridcolor": "white", "startlinecolor": "#2a3f5f"}, "type": "carpet"}], "table": [{"cells": {"fill": {"color": "#EBF0F8"}, "line": {"color": "white"}}, "header": {"fill": {"color": "#C8D4E3"}, "line": {"color": "white"}}, "type": "table"}], "barpolar": [{"marker": {"line": {"color": "#E5ECF6", "width": 0.5}, "pattern": {"fillmode": "overlay", "size": 10, "solidity": 0.2}}, "type": "barpolar"}], "pie": [{"automargin": true, "type": "pie"}]}, "layout": {"autotypenumbers": "strict", "colorway": ["#636efa", "#EF553B", "#00cc96", "#ab63fa", "#FFA15A", "#19d3f3", "#FF6692", "#B6E880", "#FF97FF", "#FECB52"], "font": {"color": "#2a3f5f"}, "hovermode": "closest", "hoverlabel": {"align": "left"}, "paper_bgcolor": "white", "plot_bgcolor": "#E5ECF6", "polar": {"bgcolor": "#E5ECF6", "angularaxis": {"gridcolor": "white", "linecolor": "white", "ticks": ""}, "radialaxis": {"gridcolor": "white", "linecolor": "white", "ticks": ""}}, "ternary": {"bgcolor": "#E5ECF6", "aaxis": {"gridcolor": "white", "linecolor": "white", "ticks": ""}, "baxis": {"gridcolor": "white", "linecolor": "white", "ticks": ""}, "caxis": {"gridcolor": "white", "linecolor": "white", "ticks": ""}}, "coloraxis": {"colorbar": {"outlinewidth": 0, "ticks": ""}}, "colorscale": {"sequential": [[0.0, "#0d0887"], [0.1111111111111111, "#46039f"], [0.2222222222222222, "#7201a8"], [0.3333333333333333, "#9c179e"], [0.4444444444444444, "#bd3786"], [0.5555555555555556, "#d8576b"], [0.6666666666666666, "#ed7953"], [0.7777777777777778, "#fb9f3a"], [0.8888888888888888, "#fdca26"], [1.0, "#f0f921"]], "sequentialminus": [[0.0, "#0d0887"], [0.1111111111111111, "#46039f"], [0.2222222222222222, "#7201a8"], [0.3333333333333333, "#9c179e"], [0.4444444444444444, "#bd3786"], [0.5555555555555556, "#d8576b"], [0.6666666666666666, "#ed7953"], [0.7777777777777778, "#fb9f3a"], [0.8888888888888888, "#fdca26"], [1.0, "#f0f921"]], "diverging": [[0, "#8e0152"], [0.1, "#c51b7d"], [0.2, "#de77ae"], [0.3, "#f1b6da"], [0.4, "#fde0ef"], [0.5, "#f7f7f7"], [0.6, "#e6f5d0"], [0.7, "#b8e186"], [0.8, "#7fbc41"], [0.9, "#4d9221"], [1, "#276419"]]}, "xaxis": {"gridcolor": "white", "linecolor": "white", "ticks": "", "title": {"standoff": 15}, "zerolinecolor": "white", "automargin": true, "zerolinewidth": 2}, "yaxis": {"gridcolor": "white", "linecolor": "white", "ticks": "", "title": {"standoff": 15}, "zerolinecolor": "white", "automargin": true, "zerolinewidth": 2}, "scene": {"xaxis": {"backgroundcolor": "#E5ECF6", "gridcolor": "white", "linecolor": "white", "showbackground": true, "ticks": "", "zerolinecolor": "white", "gridwidth": 2}, "yaxis": {"backgroundcolor": "#E5ECF6", "gridcolor": "white", "linecolor": "white", "showbackground": true, "ticks": "", "zerolinecolor": "white", "gridwidth": 2}, "zaxis": {"backgroundcolor": "#E5ECF6", "gridcolor": "white", "linecolor": "white", "showbackground": true, "ticks": "", "zerolinecolor": "white", "gridwidth": 2}}, "shapedefaults": {"line": {"color": "#2a3f5f"}}, "annotationdefaults": {"arrowcolor": "#2a3f5f", "arrowhead": 0, "arrowwidth": 1}, "geo": {"bgcolor": "white", "landcolor": "#E5ECF6", "subunitcolor": "white", "showland": true, "showlakes": true, "lakecolor": "white"}, "title": {"x": 0.05}, "mapbox": {"style": "light"}}}}}