{"data": [{"z": [[17.8339786529541, -4.330513000488281, -2.206230640411377, 4.966331958770752, 3.989858388900757, 7.801933765411377, 4.280571937561035, 1.3445721864700317, -1.1776423454284668, 11.60269546508789, -4.322019577026367, 7.839341640472412, 7.978383541107178, -0.32383573055267334, -4.436269760131836, 4.849697113037109, 8.486177444458008, 3.373748302459717, 0.9159075021743774, 4.4609832763671875, 4.829684734344482], [-4.330513000488281, 27.195283889770508, 0.8889191150665283, -5.078171730041504, 1.7359743118286133, -5.9403791427612305, -0.31959232687950134, 6.259805202484131, 8.599953651428223, -5.6588592529296875, 1.2689536809921265, -5.523365020751953, -5.441865921020508, 8.573126792907715, -0.827817440032959, -4.562383651733398, 6.100972652435303, -2.1433091163635254, 0.5104459524154663, -0.8762152194976807, 1.162961721420288], [-2.206230640411377, 0.8889191150665283, 31.897493362426758, -0.5741260051727295, -2.851327657699585, 2.3931639194488525, -0.1907515525817871, 7.26024866104126, -1.2902579307556152, -1.3506661653518677, 2.357304573059082, -4.353610515594482, -1.2971503734588623, 5.932285308837891, -0.3046426773071289, 7.351541042327881, 1.2103358507156372, -0.6135873794555664, 3.5918128490448, -3.1645469665527344, 4.640581130981445], [4.966331958770752, -5.078171730041504, -0.5741260051727295, 25.779874801635742, 0.6940958499908447, 4.551333904266357, -1.583103060722351, -2.5740559101104736, -3.0005998611450195, 8.912604331970215, -0.8948215842247009, -2.8263161182403564, 8.69572925567627, -1.4207993745803833, -1.2908363342285156, -1.354947805404663, -5.448709964752197, 2.502669334411621, 1.3933017253875732, 0.9895343780517578, -1.8139803409576416], [3.989858388900757, 1.7359743118286133, -2.851327657699585, 0.6940958499908447, 27.60943603515625, 0.9834505915641785, -1.966349482536316, 2.940640449523926, -2.0219414234161377, 6.868752956390381, -7.150993824005127, -1.5337613821029663, -1.6830017566680908, -2.49798321723938, -1.2035876512527466, 0.7820931673049927, 8.855154037475586, -0.1327400803565979, 9.049286842346191, 6.719810485839844, 7.720435619354248], [7.801933765411377, -5.9403791427612305, 2.3931639194488525, 4.551333904266357, 0.9834505915641785, 19.790401458740234, 2.144031524658203, -6.295504093170166, -8.488310813903809, 9.098532676696777, 0.9460136294364929, 3.90368914604187, 2.21285080909729, -0.7286315560340881, -4.025533199310303, 1.999773383140564, 4.660351753234863, 7.040675163269043, -2.192152261734009, -0.7252216339111328, -6.0191216468811035], [4.280571937561035, -0.31959232687950134, -0.1907515525817871, -1.583103060722351, -1.966349482536316, 2.144031524658203, 17.815637588500977, 3.2570302486419678, 6.019355297088623, 3.0366930961608887, 3.7665672302246094, 4.716635704040527, -1.684933066368103, 0.38342997431755066, 2.8033347129821777, 0.7432653307914734, -2.539952516555786, -4.847260475158691, 0.788428544998169, 1.8794409036636353, -4.037914276123047], [1.3445721864700317, 6.259805202484131, 7.26024866104126, -2.5740559101104736, 2.940640449523926, -6.295504093170166, 3.2570302486419678, 20.270389556884766, 4.042397499084473, -1.0326664447784424, 6.812653064727783, -6.3805742263793945, -1.6465145349502563, 6.4902024269104, -3.703831195831299, -1.5930635929107666, 8.184046745300293, -1.244545578956604, 3.8256592750549316, 4.837211608886719, 8.96330738067627], [-1.1776423454284668, 8.599953651428223, -1.2902579307556152, -3.0005998611450195, -2.0219414234161377, -8.488310813903809, 6.019355297088623, 4.042397499084473, 18.39900016784668, -1.0796916484832764, 2.9196975231170654, -0.2907327115535736, -2.2146096229553223, 3.322167158126831, 0.5892093181610107, -0.8887527585029602, -0.9782121181488037, -7.723484992980957, 4.635711669921875, 1.4188201427459717, 1.5213088989257812], [11.60269546508789, -5.6588592529296875, -1.3506661653518677, 8.912604331970215, 6.868752956390381, 9.098532676696777, 3.0366930961608887, -1.0326664447784424, -1.0796916484832764, 26.528480529785156, -5.007225513458252, 5.622374057769775, 13.961137771606445, -5.855294704437256, -0.465701162815094, 2.881784439086914, 10.58089542388916, -3.0998950004577637, 3.0525805950164795, 6.760702610015869, 2.9302334785461426], [-4.322019577026367, 1.2689536809921265, 2.357304573059082, -0.8948215842247009, -7.150993824005127, 0.9460136294364929, 3.7665672302246094, 6.812653064727783, 2.9196975231170654, -5.007225513458252, 21.510879516601562, -4.678105354309082, -7.744107246398926, -0.2844066023826599, -1.5215086936950684, -1.3948041200637817, -3.3629887104034424, -0.1865370273590088, 0.7366969585418701, -0.605286717414856, -7.2223381996154785], [7.839341640472412, -5.523365020751953, -4.353610515594482, -2.8263161182403564, -1.5337613821029663, 3.90368914604187, 4.716635704040527, -6.3805742263793945, -0.2907327115535736, 5.622374057769775, -4.678105354309082, 27.860197067260742, 0.256437748670578, -0.6307432651519775, 1.095559000968933, 10.352680206298828, 1.621674656867981, -2.4517672061920166, 8.86943244934082, 1.4978424310684204, 5.03488302230835], [7.978383541107178, -5.441865921020508, -1.2971503734588623, 8.69572925567627, -1.6830017566680908, 2.21285080909729, -1.684933066368103, -1.6465145349502563, -2.2146096229553223, 13.961137771606445, -7.744107246398926, 0.256437748670578, 21.79082679748535, -2.1540181636810303, -1.3352686166763306, 2.71683931350708, 7.953547477722168, -0.5725517272949219, -2.198319911956787, 6.089341163635254, 6.187901496887207], [-0.32383573055267334, 8.573126792907715, 5.932285308837891, -1.4207993745803833, -2.49798321723938, -0.7286315560340881, 0.38342997431755066, 6.4902024269104, 3.322167158126831, -5.855294704437256, -0.2844066023826599, -0.6307432651519775, -2.1540181636810303, 24.39937400817871, -4.628536701202393, -1.2462151050567627, 7.820155143737793, 1.3194243907928467, 4.988630294799805, -0.4106450080871582, 4.443699359893799], [-4.436269760131836, -0.827817440032959, -0.3046426773071289, -1.2908363342285156, -1.2035876512527466, -4.025533199310303, 2.8033347129821777, -3.703831195831299, 0.5892093181610107, -0.465701162815094, -1.5215086936950684, 1.095559000968933, -1.3352686166763306, -4.628536701202393, 18.415449142456055, 2.72196102142334, -11.776749610900879, -1.857968807220459, -4.256067276000977, -6.563916206359863, -0.0815964788198471], [4.849697113037109, -4.562383651733398, 7.351541042327881, -1.354947805404663, 0.7820931673049927, 1.999773383140564, 0.7432653307914734, -1.5930635929107666, -0.8887527585029602, 2.881784439086914, -1.3948041200637817, 10.352680206298828, 2.71683931350708, -1.2462151050567627, 2.72196102142334, 16.679550170898438, 2.116783857345581, 1.9176995754241943, 4.543366432189941, -1.309675931930542, 10.800138473510742], [8.486177444458008, 6.100973129272461, 1.2103350162506104, -5.448710918426514, 8.855154037475586, 4.660351753234863, -2.539952278137207, 8.18404483795166, -0.9782118201255798, 10.580896377563477, -3.3629889488220215, 1.6216744184494019, 7.953547477722168, 7.820154190063477, -11.776749610900879, 2.116783380508423, 35.20686340332031, -0.6876450777053833, 0.29254913330078125, 14.293025970458984, 11.629703521728516], [3.373748540878296, -2.1433093547821045, -0.6135870218276978, 2.502668619155884, -0.13274016976356506, 7.040675163269043, -4.847261905670166, -1.2445454597473145, -7.723485946655273, -3.0998952388763428, -0.18653720617294312, -2.4517672061920166, -0.5725511312484741, 1.319424033164978, -1.8579689264297485, 1.9176994562149048, -0.6876450777053833, 22.24466323852539, 1.0507323741912842, -1.1487255096435547, -1.950937032699585], [0.915907621383667, 0.5104458332061768, 3.591813325881958, 1.3933016061782837, 9.049287796020508, -2.192152261734009, 0.7884289622306824, 3.8256595134735107, 4.635712146759033, 3.0525805950164795, 0.7366968989372253, 8.86943244934082, -2.1983206272125244, 4.988630294799805, -4.256066799163818, 4.543367385864258, 0.29254913330078125, 1.0507323741912842, 26.48560333251953, 8.21470832824707, 2.051361560821533], [4.460982322692871, -0.876215398311615, -3.1645472049713135, 0.9895346164703369, 6.719810962677002, -0.7252219915390015, 1.8794409036636353, 4.8372111320495605, 1.4188201427459717, 6.760702133178711, -0.6052868962287903, 1.49784255027771, 6.089341163635254, -0.4106452167034149, -6.563914775848389, -1.3096755743026733, 14.293025970458984, -1.1487255096435547, 8.21470832824707, 17.489181518554688, 0.3957121968269348], [4.829684734344482, 1.1629623174667358, 4.640580654144287, -1.8139801025390625, 7.720436096191406, -6.019122123718262, -4.037913799285889, 8.963306427001953, 1.5213086605072021, 2.9302334785461426, -7.222338676452637, 5.034883499145508, 6.187901973724365, 4.443698883056641, -0.08159613609313965, 10.800137519836426, 11.629704475402832, -1.9509365558624268, 2.0513617992401123, 0.39571207761764526, 29.51171112060547]], "type": "heatmap"}], "layout": {"template": {"data": {"histogram2dcontour": [{"type": "histogram2dcontour", "colorbar": {"outlinewidth": 0, "ticks": ""}, "colorscale": [[0.0, "#0d0887"], [0.1111111111111111, "#46039f"], [0.2222222222222222, "#7201a8"], [0.3333333333333333, "#9c179e"], [0.4444444444444444, "#bd3786"], [0.5555555555555556, "#d8576b"], [0.6666666666666666, "#ed7953"], [0.7777777777777778, "#fb9f3a"], [0.8888888888888888, "#fdca26"], [1.0, "#f0f921"]]}], "choropleth": [{"type": "choropleth", "colorbar": {"outlinewidth": 0, "ticks": ""}}], "histogram2d": [{"type": "histogram2d", "colorbar": {"outlinewidth": 0, "ticks": ""}, "colorscale": [[0.0, "#0d0887"], [0.1111111111111111, "#46039f"], [0.2222222222222222, "#7201a8"], [0.3333333333333333, "#9c179e"], [0.4444444444444444, "#bd3786"], [0.5555555555555556, "#d8576b"], [0.6666666666666666, "#ed7953"], [0.7777777777777778, "#fb9f3a"], [0.8888888888888888, "#fdca26"], [1.0, "#f0f921"]]}], "heatmap": [{"type": "heatmap", "colorbar": {"outlinewidth": 0, "ticks": ""}, "colorscale": [[0.0, "#0d0887"], [0.1111111111111111, "#46039f"], [0.2222222222222222, "#7201a8"], [0.3333333333333333, "#9c179e"], [0.4444444444444444, "#bd3786"], [0.5555555555555556, "#d8576b"], [0.6666666666666666, "#ed7953"], [0.7777777777777778, "#fb9f3a"], [0.8888888888888888, "#fdca26"], [1.0, "#f0f921"]]}], "heatmapgl": [{"type": "heatmapgl", "colorbar": {"outlinewidth": 0, "ticks": ""}, "colorscale": [[0.0, "#0d0887"], [0.1111111111111111, "#46039f"], [0.2222222222222222, "#7201a8"], [0.3333333333333333, "#9c179e"], [0.4444444444444444, "#bd3786"], [0.5555555555555556, "#d8576b"], [0.6666666666666666, "#ed7953"], [0.7777777777777778, "#fb9f3a"], [0.8888888888888888, "#fdca26"], [1.0, "#f0f921"]]}], "contourcarpet": [{"type": "contourcarpet", "colorbar": {"outlinewidth": 0, "ticks": ""}}], "contour": [{"type": "contour", "colorbar": {"outlinewidth": 0, "ticks": ""}, "colorscale": [[0.0, "#0d0887"], [0.1111111111111111, "#46039f"], [0.2222222222222222, "#7201a8"], [0.3333333333333333, "#9c179e"], [0.4444444444444444, "#bd3786"], [0.5555555555555556, "#d8576b"], [0.6666666666666666, "#ed7953"], [0.7777777777777778, "#fb9f3a"], [0.8888888888888888, "#fdca26"], [1.0, "#f0f921"]]}], "surface": [{"type": "surface", "colorbar": {"outlinewidth": 0, "ticks": ""}, "colorscale": [[0.0, "#0d0887"], [0.1111111111111111, "#46039f"], [0.2222222222222222, "#7201a8"], [0.3333333333333333, "#9c179e"], [0.4444444444444444, "#bd3786"], [0.5555555555555556, "#d8576b"], [0.6666666666666666, "#ed7953"], [0.7777777777777778, "#fb9f3a"], [0.8888888888888888, "#fdca26"], [1.0, "#f0f921"]]}], "mesh3d": [{"type": "mesh3d", "colorbar": {"outlinewidth": 0, "ticks": ""}}], "scatter": [{"fillpattern": {"fillmode": "overlay", "size": 10, "solidity": 0.2}, "type": "scatter"}], "parcoords": [{"type": "parcoords", "line": {"colorbar": {"outlinewidth": 0, "ticks": ""}}}], "scatterpolargl": [{"type": "scatterpolargl", "marker": {"colorbar": {"outlinewidth": 0, "ticks": ""}}}], "bar": [{"error_x": {"color": "#2a3f5f"}, "error_y": {"color": "#2a3f5f"}, "marker": {"line": {"color": "#E5ECF6", "width": 0.5}, "pattern": {"fillmode": "overlay", "size": 10, "solidity": 0.2}}, "type": "bar"}], "scattergeo": [{"type": "scattergeo", "marker": {"colorbar": {"outlinewidth": 0, "ticks": ""}}}], "scatterpolar": [{"type": "scatterpolar", "marker": {"colorbar": {"outlinewidth": 0, "ticks": ""}}}], "histogram": [{"marker": {"pattern": {"fillmode": "overlay", "size": 10, "solidity": 0.2}}, "type": "histogram"}], "scattergl": [{"type": "scattergl", "marker": {"colorbar": {"outlinewidth": 0, "ticks": ""}}}], "scatter3d": [{"type": "scatter3d", "line": {"colorbar": {"outlinewidth": 0, "ticks": ""}}, "marker": {"colorbar": {"outlinewidth": 0, "ticks": ""}}}], "scattermapbox": [{"type": "scattermapbox", "marker": {"colorbar": {"outlinewidth": 0, "ticks": ""}}}], "scatterternary": [{"type": "scatterternary", "marker": {"colorbar": {"outlinewidth": 0, "ticks": ""}}}], "scattercarpet": [{"type": "scattercarpet", "marker": {"colorbar": {"outlinewidth": 0, "ticks": ""}}}], "carpet": [{"aaxis": {"endlinecolor": "#2a3f5f", "gridcolor": "white", "linecolor": "white", "minorgridcolor": "white", "startlinecolor": "#2a3f5f"}, "baxis": {"endlinecolor": "#2a3f5f", "gridcolor": "white", "linecolor": "white", "minorgridcolor": "white", "startlinecolor": "#2a3f5f"}, "type": "carpet"}], "table": [{"cells": {"fill": {"color": "#EBF0F8"}, "line": {"color": "white"}}, "header": {"fill": {"color": "#C8D4E3"}, "line": {"color": "white"}}, "type": "table"}], "barpolar": [{"marker": {"line": {"color": "#E5ECF6", "width": 0.5}, "pattern": {"fillmode": "overlay", "size": 10, "solidity": 0.2}}, "type": "barpolar"}], "pie": [{"automargin": true, "type": "pie"}]}, "layout": {"autotypenumbers": "strict", "colorway": ["#636efa", "#EF553B", "#00cc96", "#ab63fa", "#FFA15A", "#19d3f3", "#FF6692", "#B6E880", "#FF97FF", "#FECB52"], "font": {"color": "#2a3f5f"}, "hovermode": "closest", "hoverlabel": {"align": "left"}, "paper_bgcolor": "white", "plot_bgcolor": "#E5ECF6", "polar": {"bgcolor": "#E5ECF6", "angularaxis": {"gridcolor": "white", "linecolor": "white", "ticks": ""}, "radialaxis": {"gridcolor": "white", "linecolor": "white", "ticks": ""}}, "ternary": {"bgcolor": "#E5ECF6", "aaxis": {"gridcolor": "white", "linecolor": "white", "ticks": ""}, "baxis": {"gridcolor": "white", "linecolor": "white", "ticks": ""}, "caxis": {"gridcolor": "white", "linecolor": "white", "ticks": ""}}, "coloraxis": {"colorbar": {"outlinewidth": 0, "ticks": ""}}, "colorscale": {"sequential": [[0.0, "#0d0887"], [0.1111111111111111, "#46039f"], [0.2222222222222222, "#7201a8"], [0.3333333333333333, "#9c179e"], [0.4444444444444444, "#bd3786"], [0.5555555555555556, "#d8576b"], [0.6666666666666666, "#ed7953"], [0.7777777777777778, "#fb9f3a"], [0.8888888888888888, "#fdca26"], [1.0, "#f0f921"]], "sequentialminus": [[0.0, "#0d0887"], [0.1111111111111111, "#46039f"], [0.2222222222222222, "#7201a8"], [0.3333333333333333, "#9c179e"], [0.4444444444444444, "#bd3786"], [0.5555555555555556, "#d8576b"], [0.6666666666666666, "#ed7953"], [0.7777777777777778, "#fb9f3a"], [0.8888888888888888, "#fdca26"], [1.0, "#f0f921"]], "diverging": [[0, "#8e0152"], [0.1, "#c51b7d"], [0.2, "#de77ae"], [0.3, "#f1b6da"], [0.4, "#fde0ef"], [0.5, "#f7f7f7"], [0.6, "#e6f5d0"], [0.7, "#b8e186"], [0.8, "#7fbc41"], [0.9, "#4d9221"], [1, "#276419"]]}, "xaxis": {"gridcolor": "white", "linecolor": "white", "ticks": "", "title": {"standoff": 15}, "zerolinecolor": "white", "automargin": true, "zerolinewidth": 2}, "yaxis": {"gridcolor": "white", "linecolor": "white", "ticks": "", "title": {"standoff": 15}, "zerolinecolor": "white", "automargin": true, "zerolinewidth": 2}, "scene": {"xaxis": {"backgroundcolor": "#E5ECF6", "gridcolor": "white", "linecolor": "white", "showbackground": true, "ticks": "", "zerolinecolor": "white", "gridwidth": 2}, "yaxis": {"backgroundcolor": "#E5ECF6", "gridcolor": "white", "linecolor": "white", "showbackground": true, "ticks": "", "zerolinecolor": "white", "gridwidth": 2}, "zaxis": {"backgroundcolor": "#E5ECF6", "gridcolor": "white", "linecolor": "white", "showbackground": true, "ticks": "", "zerolinecolor": "white", "gridwidth": 2}}, "shapedefaults": {"line": {"color": "#2a3f5f"}}, "annotationdefaults": {"arrowcolor": "#2a3f5f", "arrowhead": 0, "arrowwidth": 1}, "geo": {"bgcolor": "white", "landcolor": "#E5ECF6", "subunitcolor": "white", "showland": true, "showlakes": true, "lakecolor": "white"}, "title": {"x": 0.05}, "mapbox": {"style": "light"}}}}}