{"data": [{"z": [[17.743560791015625, -4.372225761413574, -2.233290433883667, 4.929527282714844, 4.006521224975586, 7.798243522644043, 4.198880672454834, 1.3297481536865234, -1.1821006536483765, 11.553695678710938, -4.329802513122559, 7.811586856842041, 7.9784345626831055, -0.3341681957244873, -4.457451820373535, 4.766790390014648, 8.39626407623291, 3.3520445823669434, 0.8523902893066406, 4.466662406921387, 4.760819435119629], [-4.372225761413574, 27.164106369018555, 0.9066380262374878, -5.072646141052246, 1.775724172592163, -5.916781902313232, -0.35725826025009155, 6.273035526275635, 8.618595123291016, -5.68269157409668, 1.2849512100219727, -5.4824323654174805, -5.414353370666504, 8.58731460571289, -0.8192237615585327, -4.586005210876465, 6.054779052734375, -2.1480307579040527, 0.4890784025192261, -0.8321171998977661, 1.163503885269165], [-2.233290433883667, 0.9066380262374878, 31.89068603515625, -0.5646563172340393, -2.8141891956329346, 2.4120938777923584, -0.23123601078987122, 7.308620929718018, -1.259642243385315, -1.3644951581954956, 2.384098768234253, -4.318670749664307, -1.262836217880249, 5.954364776611328, -0.29274049401283264, 7.35324764251709, 1.1862503290176392, -0.6032192707061768, 3.556443691253662, -3.1040961742401123, 4.65682315826416], [4.929527282714844, -5.072646141052246, -0.5646563172340393, 25.763425827026367, 0.7119751572608948, 4.577625274658203, -1.6105822324752808, -2.532362222671509, -2.9807026386260986, 8.910438537597656, -0.8857775330543518, -2.8007214069366455, 8.719010353088379, -1.4021055698394775, -1.296480417251587, -1.3653345108032227, -5.506567001342773, 2.5026473999023438, 1.3650243282318115, 1.0334830284118652, -1.823070764541626], [4.006521224975586, 1.775724172592163, -2.8141891956329346, 0.7119751572608948, 27.617212295532227, 1.0004992485046387, -1.948166847229004, 2.9803431034088135, -1.9994937181472778, 6.885250091552734, -7.115444660186768, -1.4982435703277588, -1.6553903818130493, -2.463517189025879, -1.1876628398895264, 0.8131025433540344, 8.860139846801758, -0.10395026206970215, 9.043575286865234, 6.742442607879639, 7.755859375], [7.798243522644043, -5.916781902313232, 2.4120938777923584, 4.577625274658203, 1.0004992485046387, 19.840457916259766, 2.1543262004852295, -6.230166912078857, -8.450688362121582, 9.11715030670166, 0.9683430790901184, 3.944704055786133, 2.248884677886963, -0.6962015628814697, -3.9882707595825195, 2.057274341583252, 4.658084392547607, 7.073861598968506, -2.179835796356201, -0.6700937747955322, -5.9768853187561035], [4.198880672454834, -0.35725826025009155, -0.23123601078987122, -1.6105822324752808, -1.948166847229004, 2.1543262004852295, 17.744483947753906, 3.253833293914795, 6.00863790512085, 2.983954906463623, 3.748802423477173, 4.712551116943359, -1.6785639524459839, 0.3685595393180847, 2.7866785526275635, 0.6887145638465881, -2.616042137145996, -4.857391357421875, 0.7347965240478516, 1.8838467597961426, -4.081416606903076], [1.3297481536865234, 6.273035526275635, 7.308620929718018, -2.532362222671509, 2.9803431034088135, -6.230166912078857, 3.253833293914795, 20.31488800048828, 4.090644836425781, -1.0230096578598022, 6.857487201690674, -6.305612087249756, -1.5940661430358887, 6.539678573608398, -3.651283025741577, -1.55772066116333, 8.159793853759766, -1.2044926881790161, 3.828214645385742, 4.914285182952881, 9.011148452758789], [-1.1821006536483765, 8.618595123291016, -1.259642243385315, -2.9807026386260986, -1.9994937181472778, -8.450688362121582, 6.00863790512085, 4.090644836425781, 18.439844131469727, -1.070555329322815, 2.9429450035095215, -0.24760055541992188, -2.18574595451355, 3.350038766860962, 0.6128371953964233, -0.8544294238090515, -0.9871343374252319, -7.700023174285889, 4.625582695007324, 1.468318223953247, 1.5515093803405762], [11.553695678710938, -5.68269157409668, -1.3644951581954956, 8.910438537597656, 6.885250091552734, 9.11715030670166, 2.983954906463623, -1.0230096578598022, -1.070555329322815, 26.491758346557617, -4.999356269836426, 5.626788139343262, 13.972335815429688, -5.842589855194092, -0.45530006289482117, 2.8415355682373047, 10.50310230255127, -3.104191780090332, 3.013197660446167, 6.7863569259643555, 2.9079184532165527], [-4.329802513122559, 1.2849512100219727, 2.384098768234253, -0.8857775330543518, -7.115444660186768, 0.9683430790901184, 3.748802423477173, 6.857487201690674, 2.9429450035095215, -4.999356269836426, 21.532485961914062, -4.634627819061279, -7.705857753753662, -0.2590698003768921, -1.5134069919586182, -1.3852065801620483, -3.3687057495117188, -0.17660397291183472, 0.7274191379547119, -0.5509024858474731, -7.196892261505127], [7.811586856842041, -5.4824323654174805, -4.318670749664307, -2.8007214069366455, -1.4982435703277588, 3.944704055786133, 4.712551116943359, -6.305612087249756, -0.24760055541992188, 5.626788139343262, -4.634627819061279, 27.917049407958984, 0.31476911902427673, -0.5951130986213684, 1.116553544998169, 10.390888214111328, 1.6143653392791748, -2.4185328483581543, 8.852866172790527, 1.549284815788269, 5.0775041580200195], [7.9784345626831055, -5.414353370666504, -1.262836217880249, 8.719010353088379, -1.6553903818130493, 2.248884677886963, -1.6785639524459839, -1.5940661430358887, -2.18574595451355, 13.972335815429688, -7.705857753753662, 0.31476911902427673, 21.827281951904297, -2.1148104667663574, -1.3035156726837158, 2.755305767059326, 7.950539588928223, -0.5420091152191162, -2.1986684799194336, 6.135049819946289, 6.23130464553833], [-0.3341681957244873, 8.58731460571289, 5.954364776611328, -1.4021055698394775, -2.463517189025879, -0.6962015628814697, 0.3685595393180847, 6.539678573608398, 3.350038766860962, -5.842589855194092, -0.2590698003768921, -0.5951130986213684, -2.1148104667663574, 24.43419075012207, -4.61038875579834, -1.2362866401672363, 7.804502964019775, 1.3338384628295898, 4.972688674926758, -0.3489944338798523, 4.4693379402160645], [-4.457451820373535, -0.8192237615585327, -0.29274049401283264, -1.296480417251587, -1.1876628398895264, -3.9882707595825195, 2.7866785526275635, -3.651283025741577, 0.6128371953964233, -0.45530006289482117, -1.5134069919586182, 1.116553544998169, -1.3035156726837158, -4.61038875579834, 18.407712936401367, 2.733886480331421, -11.792388916015625, -1.8560651540756226, -4.260533809661865, -6.5198445320129395, -0.07333961129188538], [4.766790390014648, -4.586005210876465, 7.35324764251709, -1.3653345108032227, 0.8131025433540344, 2.057274341583252, 0.6887145638465881, -1.55772066116333, -0.8544294238090515, 2.8415355682373047, -1.3852065801620483, 10.390888214111328, 2.755305767059326, -1.2362866401672363, 2.733886480331421, 16.653106689453125, 2.046373128890991, 1.917090892791748, 4.503565788269043, -1.2661460638046265, 10.787940979003906], [8.396265029907227, 6.054778575897217, 1.1862503290176392, -5.506567001342773, 8.860140800476074, 4.658084392547607, -2.616041421890259, 8.159793853759766, -0.987133264541626, 10.503101348876953, -3.368705987930298, 1.6143646240234375, 7.950540542602539, 7.804502487182617, -11.792391777038574, 2.0463733673095703, 35.10102462768555, -0.6953208446502686, 0.2086338996887207, 14.279760360717773, 11.55614185333252], [3.352044105529785, -2.1480305194854736, -0.603219211101532, 2.5026471614837646, -0.10395025461912155, 7.073862075805664, -4.857390880584717, -1.2044925689697266, -7.700023651123047, -3.104191541671753, -0.17660397291183472, -2.4185333251953125, -0.5420095920562744, 1.3338385820388794, -1.8560653924942017, 1.9170912504196167, -0.6953208446502686, 22.240781784057617, 1.0484991073608398, -1.1134545803070068, -1.9386394023895264], [0.8523902893066406, 0.4890788197517395, 3.5564446449279785, 1.3650248050689697, 9.043574333190918, -2.179835796356201, 0.7347960472106934, 3.828214168548584, 4.625582218170166, 3.013197898864746, 0.7274188995361328, 8.852866172790527, -2.1986682415008545, 4.972688674926758, -4.260533809661865, 4.503564834594727, 0.2086338996887207, 1.0484991073608398, 26.43502426147461, 8.206199645996094, 2.002654790878296], [4.466662406921387, -0.8321177959442139, -3.1040961742401123, 1.0334830284118652, 6.742443084716797, -0.670093834400177, 1.8838469982147217, 4.914283752441406, 1.468317985534668, 6.786357402801514, -0.5509024858474731, 1.5492849349975586, 6.1350483894348145, -0.3489943742752075, -6.519844055175781, -1.2661466598510742, 14.279760360717773, -1.1134545803070068, 8.206199645996094, 17.563310623168945, 0.4406134784221649], [4.760819435119629, 1.1635037660598755, 4.65682315826416, -1.8230713605880737, 7.755859851837158, -5.976885795593262, -4.081417083740234, 9.011149406433105, 1.551509141921997, 2.907918691635132, -7.196892261505127, 5.077504634857178, 6.23130464553833, 4.4693379402160645, -0.07333946228027344, 10.787940979003906, 11.556143760681152, -1.938639760017395, 2.002655029296875, 0.4406135678291321, 29.51171112060547]], "type": "heatmap"}], "layout": {"template": {"data": {"histogram2dcontour": [{"type": "histogram2dcontour", "colorbar": {"outlinewidth": 0, "ticks": ""}, "colorscale": [[0.0, "#0d0887"], [0.1111111111111111, "#46039f"], [0.2222222222222222, "#7201a8"], [0.3333333333333333, "#9c179e"], [0.4444444444444444, "#bd3786"], [0.5555555555555556, "#d8576b"], [0.6666666666666666, "#ed7953"], [0.7777777777777778, "#fb9f3a"], [0.8888888888888888, "#fdca26"], [1.0, "#f0f921"]]}], "choropleth": [{"type": "choropleth", "colorbar": {"outlinewidth": 0, "ticks": ""}}], "histogram2d": [{"type": "histogram2d", "colorbar": {"outlinewidth": 0, "ticks": ""}, "colorscale": [[0.0, "#0d0887"], [0.1111111111111111, "#46039f"], [0.2222222222222222, "#7201a8"], [0.3333333333333333, "#9c179e"], [0.4444444444444444, "#bd3786"], [0.5555555555555556, "#d8576b"], [0.6666666666666666, "#ed7953"], [0.7777777777777778, "#fb9f3a"], [0.8888888888888888, "#fdca26"], [1.0, "#f0f921"]]}], "heatmap": [{"type": "heatmap", "colorbar": {"outlinewidth": 0, "ticks": ""}, "colorscale": [[0.0, "#0d0887"], [0.1111111111111111, "#46039f"], [0.2222222222222222, "#7201a8"], [0.3333333333333333, "#9c179e"], [0.4444444444444444, "#bd3786"], [0.5555555555555556, "#d8576b"], [0.6666666666666666, "#ed7953"], [0.7777777777777778, "#fb9f3a"], [0.8888888888888888, "#fdca26"], [1.0, "#f0f921"]]}], "heatmapgl": [{"type": "heatmapgl", "colorbar": {"outlinewidth": 0, "ticks": ""}, "colorscale": [[0.0, "#0d0887"], [0.1111111111111111, "#46039f"], [0.2222222222222222, "#7201a8"], [0.3333333333333333, "#9c179e"], [0.4444444444444444, "#bd3786"], [0.5555555555555556, "#d8576b"], [0.6666666666666666, "#ed7953"], [0.7777777777777778, "#fb9f3a"], [0.8888888888888888, "#fdca26"], [1.0, "#f0f921"]]}], "contourcarpet": [{"type": "contourcarpet", "colorbar": {"outlinewidth": 0, "ticks": ""}}], "contour": [{"type": "contour", "colorbar": {"outlinewidth": 0, "ticks": ""}, "colorscale": [[0.0, "#0d0887"], [0.1111111111111111, "#46039f"], [0.2222222222222222, "#7201a8"], [0.3333333333333333, "#9c179e"], [0.4444444444444444, "#bd3786"], [0.5555555555555556, "#d8576b"], [0.6666666666666666, "#ed7953"], [0.7777777777777778, "#fb9f3a"], [0.8888888888888888, "#fdca26"], [1.0, "#f0f921"]]}], "surface": [{"type": "surface", "colorbar": {"outlinewidth": 0, "ticks": ""}, "colorscale": [[0.0, "#0d0887"], [0.1111111111111111, "#46039f"], [0.2222222222222222, "#7201a8"], [0.3333333333333333, "#9c179e"], [0.4444444444444444, "#bd3786"], [0.5555555555555556, "#d8576b"], [0.6666666666666666, "#ed7953"], [0.7777777777777778, "#fb9f3a"], [0.8888888888888888, "#fdca26"], [1.0, "#f0f921"]]}], "mesh3d": [{"type": "mesh3d", "colorbar": {"outlinewidth": 0, "ticks": ""}}], "scatter": [{"fillpattern": {"fillmode": "overlay", "size": 10, "solidity": 0.2}, "type": "scatter"}], "parcoords": [{"type": "parcoords", "line": {"colorbar": {"outlinewidth": 0, "ticks": ""}}}], "scatterpolargl": [{"type": "scatterpolargl", "marker": {"colorbar": {"outlinewidth": 0, "ticks": ""}}}], "bar": [{"error_x": {"color": "#2a3f5f"}, "error_y": {"color": "#2a3f5f"}, "marker": {"line": {"color": "#E5ECF6", "width": 0.5}, "pattern": {"fillmode": "overlay", "size": 10, "solidity": 0.2}}, "type": "bar"}], "scattergeo": [{"type": "scattergeo", "marker": {"colorbar": {"outlinewidth": 0, "ticks": ""}}}], "scatterpolar": [{"type": "scatterpolar", "marker": {"colorbar": {"outlinewidth": 0, "ticks": ""}}}], "histogram": [{"marker": {"pattern": {"fillmode": "overlay", "size": 10, "solidity": 0.2}}, "type": "histogram"}], "scattergl": [{"type": "scattergl", "marker": {"colorbar": {"outlinewidth": 0, "ticks": ""}}}], "scatter3d": [{"type": "scatter3d", "line": {"colorbar": {"outlinewidth": 0, "ticks": ""}}, "marker": {"colorbar": {"outlinewidth": 0, "ticks": ""}}}], "scattermapbox": [{"type": "scattermapbox", "marker": {"colorbar": {"outlinewidth": 0, "ticks": ""}}}], "scatterternary": [{"type": "scatterternary", "marker": {"colorbar": {"outlinewidth": 0, "ticks": ""}}}], "scattercarpet": [{"type": "scattercarpet", "marker": {"colorbar": {"outlinewidth": 0, "ticks": ""}}}], "carpet": [{"aaxis": {"endlinecolor": "#2a3f5f", "gridcolor": "white", "linecolor": "white", "minorgridcolor": "white", "startlinecolor": "#2a3f5f"}, "baxis": {"endlinecolor": "#2a3f5f", "gridcolor": "white", "linecolor": "white", "minorgridcolor": "white", "startlinecolor": "#2a3f5f"}, "type": "carpet"}], "table": [{"cells": {"fill": {"color": "#EBF0F8"}, "line": {"color": "white"}}, "header": {"fill": {"color": "#C8D4E3"}, "line": {"color": "white"}}, "type": "table"}], "barpolar": [{"marker": {"line": {"color": "#E5ECF6", "width": 0.5}, "pattern": {"fillmode": "overlay", "size": 10, "solidity": 0.2}}, "type": "barpolar"}], "pie": [{"automargin": true, "type": "pie"}]}, "layout": {"autotypenumbers": "strict", "colorway": ["#636efa", "#EF553B", "#00cc96", "#ab63fa", "#FFA15A", "#19d3f3", "#FF6692", "#B6E880", "#FF97FF", "#FECB52"], "font": {"color": "#2a3f5f"}, "hovermode": "closest", "hoverlabel": {"align": "left"}, "paper_bgcolor": "white", "plot_bgcolor": "#E5ECF6", "polar": {"bgcolor": "#E5ECF6", "angularaxis": {"gridcolor": "white", "linecolor": "white", "ticks": ""}, "radialaxis": {"gridcolor": "white", "linecolor": "white", "ticks": ""}}, "ternary": {"bgcolor": "#E5ECF6", "aaxis": {"gridcolor": "white", "linecolor": "white", "ticks": ""}, "baxis": {"gridcolor": "white", "linecolor": "white", "ticks": ""}, "caxis": {"gridcolor": "white", "linecolor": "white", "ticks": ""}}, "coloraxis": {"colorbar": {"outlinewidth": 0, "ticks": ""}}, "colorscale": {"sequential": [[0.0, "#0d0887"], [0.1111111111111111, "#46039f"], [0.2222222222222222, "#7201a8"], [0.3333333333333333, "#9c179e"], [0.4444444444444444, "#bd3786"], [0.5555555555555556, "#d8576b"], [0.6666666666666666, "#ed7953"], [0.7777777777777778, "#fb9f3a"], [0.8888888888888888, "#fdca26"], [1.0, "#f0f921"]], "sequentialminus": [[0.0, "#0d0887"], [0.1111111111111111, "#46039f"], [0.2222222222222222, "#7201a8"], [0.3333333333333333, "#9c179e"], [0.4444444444444444, "#bd3786"], [0.5555555555555556, "#d8576b"], [0.6666666666666666, "#ed7953"], [0.7777777777777778, "#fb9f3a"], [0.8888888888888888, "#fdca26"], [1.0, "#f0f921"]], "diverging": [[0, "#8e0152"], [0.1, "#c51b7d"], [0.2, "#de77ae"], [0.3, "#f1b6da"], [0.4, "#fde0ef"], [0.5, "#f7f7f7"], [0.6, "#e6f5d0"], [0.7, "#b8e186"], [0.8, "#7fbc41"], [0.9, "#4d9221"], [1, "#276419"]]}, "xaxis": {"gridcolor": "white", "linecolor": "white", "ticks": "", "title": {"standoff": 15}, "zerolinecolor": "white", "automargin": true, "zerolinewidth": 2}, "yaxis": {"gridcolor": "white", "linecolor": "white", "ticks": "", "title": {"standoff": 15}, "zerolinecolor": "white", "automargin": true, "zerolinewidth": 2}, "scene": {"xaxis": {"backgroundcolor": "#E5ECF6", "gridcolor": "white", "linecolor": "white", "showbackground": true, "ticks": "", "zerolinecolor": "white", "gridwidth": 2}, "yaxis": {"backgroundcolor": "#E5ECF6", "gridcolor": "white", "linecolor": "white", "showbackground": true, "ticks": "", "zerolinecolor": "white", "gridwidth": 2}, "zaxis": {"backgroundcolor": "#E5ECF6", "gridcolor": "white", "linecolor": "white", "showbackground": true, "ticks": "", "zerolinecolor": "white", "gridwidth": 2}}, "shapedefaults": {"line": {"color": "#2a3f5f"}}, "annotationdefaults": {"arrowcolor": "#2a3f5f", "arrowhead": 0, "arrowwidth": 1}, "geo": {"bgcolor": "white", "landcolor": "#E5ECF6", "subunitcolor": "white", "showland": true, "showlakes": true, "lakecolor": "white"}, "title": {"x": 0.05}, "mapbox": {"style": "light"}}}}}