{"data": [{"z": [[17.743558883666992, -4.3722100257873535, -2.2332711219787598, 4.929464817047119, 4.006490230560303, 7.798182964324951, 4.198821544647217, 1.3297425508499146, -1.182143211364746, 11.553691864013672, -4.329775810241699, 7.811480522155762, 7.978415489196777, -0.33414363861083984, -4.457521915435791, 4.766711235046387, 8.396247863769531, 3.35203218460083, 0.8523446321487427, 4.466643333435059, 4.760680198669434], [-4.3722100257873535, 27.164134979248047, 0.9066759347915649, -5.072663307189941, 1.7757411003112793, -5.916820049285889, -0.3572976291179657, 6.273036956787109, 8.618559837341309, -5.682692050933838, 1.2849996089935303, -5.4824395179748535, -5.414346694946289, 8.58736515045166, -0.8192338347434998, -4.586019992828369, 6.05472993850708, -2.148041248321533, 0.48903703689575195, -0.8320534229278564, 1.163493037223816], [-2.2332711219787598, 0.9066759347915649, 31.89078712463379, -0.5645944476127625, -2.8141093254089355, 2.4121556282043457, -0.23128865659236908, 7.3087053298950195, -1.259531855583191, -1.3645150661468506, 2.3841795921325684, -4.318545341491699, -1.2627270221710205, 5.954399585723877, -0.29268908500671387, 7.3532562255859375, 1.1862342357635498, -0.6031930446624756, 3.556450605392456, -3.10400128364563, 4.656878471374512], [4.929464817047119, -5.072663307189941, -0.5645944476127625, 25.763446807861328, 0.7120755314826965, 4.577780246734619, -1.6106523275375366, -2.5322628021240234, -2.980607509613037, 8.910360336303711, -0.8857343196868896, -2.8005638122558594, 8.71912956237793, -1.402051329612732, -1.2963887453079224, -1.3652805089950562, -5.5066633224487305, 2.502732753753662, 1.3649513721466064, 1.0335826873779297, -1.823008418083191], [4.006490230560303, 1.7757411003112793, -2.8141093254089355, 0.7120755314826965, 27.617334365844727, 1.0005806684494019, -1.9481728076934814, 2.9804301261901855, -1.9993704557418823, 6.885207176208496, -7.115355968475342, -1.4980968236923218, -1.655272364616394, -2.4634909629821777, -1.1875559091567993, 0.8131309747695923, 8.860090255737305, -0.10390353202819824, 9.043525695800781, 6.742516040802002, 7.755982398986816], [7.798182964324951, -5.916820049285889, 2.4121556282043457, 4.577780246734619, 1.0005806684494019, 19.840681076049805, 2.1543452739715576, -6.2300238609313965, -8.45055866241455, 9.117155075073242, 0.9683552980422974, 3.9448742866516113, 2.2490150928497314, -0.696137011051178, -3.988109588623047, 2.057389259338379, 4.658028602600098, 7.073936462402344, -2.1797256469726562, -0.6699923276901245, -5.976730823516846], [4.198821544647217, -0.3572976291179657, -0.23128865659236908, -1.6106523275375366, -1.9481728076934814, 2.1543452739715576, 17.744474411010742, 3.2538530826568604, 6.008583068847656, 2.983917474746704, 3.748758554458618, 4.712514400482178, -1.6785575151443481, 0.36852315068244934, 2.7866172790527344, 0.6886775493621826, -2.616037607192993, -4.85737943649292, 0.7347483038902283, 1.8837695121765137, -4.081510066986084], [1.3297425508499146, 6.273036956787109, 7.3087053298950195, -2.5322628021240234, 2.9804301261901855, -6.2300238609313965, 3.2538530826568604, 20.314987182617188, 4.090688705444336, -1.0229836702346802, 6.857548236846924, -6.305485725402832, -1.5939687490463257, 6.539778709411621, -3.651146650314331, -1.5576348304748535, 8.159732818603516, -1.2043970823287964, 3.8282675743103027, 4.914428234100342, 9.011289596557617], [-1.182143211364746, 8.618559837341309, -1.259531855583191, -2.980607509613037, -1.9993704557418823, -8.45055866241455, 6.008583068847656, 4.090688705444336, 18.439998626708984, -1.0705974102020264, 2.942981719970703, -0.247429758310318, -2.1856513023376465, 3.3500874042510986, 0.6129584312438965, -0.854345977306366, -0.9872475862503052, -7.699982166290283, 4.6255950927734375, 1.4684473276138306, 1.5516421794891357], [11.553691864013672, -5.682692050933838, -1.3645150661468506, 8.910360336303711, 6.885207176208496, 9.117155075073242, 2.983917474746704, -1.0229836702346802, -1.0705974102020264, 26.49180793762207, -4.999355316162109, 5.626717567443848, 13.972308158874512, -5.842561721801758, -0.4553811550140381, 2.841446876525879, 10.503082275390625, -3.1041951179504395, 3.0131356716156006, 6.786364555358887, 2.9077835083007812], [-4.329775810241699, 1.2849996089935303, 2.3841795921325684, -0.8857343196868896, -7.115355968475342, 0.9683552980422974, 3.748758554458618, 6.857548236846924, 2.942981719970703, -4.999355316162109, 21.53257942199707, -4.634553909301758, -7.705785274505615, -0.25898781418800354, -1.5133588314056396, -1.385179877281189, -3.3687238693237305, -0.17657369375228882, 0.7274060249328613, -0.5507780909538269, -7.196827411651611], [7.811480522155762, -5.4824395179748535, -4.318545341491699, -2.8005638122558594, -1.4980968236923218, 3.9448742866516113, 4.712514400482178, -6.305485725402832, -0.247429758310318, 5.626717567443848, -4.634553909301758, 27.9172306060791, 0.3149650990962982, -0.5951058268547058, 1.1166869401931763, 10.390913963317871, 1.6143550872802734, -2.4184789657592773, 8.85288143157959, 1.5493083000183105, 5.077638149261475], [7.978415489196777, -5.414346694946289, -1.2627270221710205, 8.71912956237793, -1.655272364616394, 2.2490150928497314, -1.6785575151443481, -1.5939687490463257, -2.1856513023376465, 13.972308158874512, -7.705785274505615, 0.3149650990962982, 21.82741928100586, -2.1147589683532715, -1.303362488746643, 2.7553954124450684, 7.950495719909668, -0.5419447422027588, -2.1985995769500732, 6.135108947753906, 6.231459617614746], [-0.33414363861083984, 8.58736515045166, 5.954399585723877, -1.402051329612732, -2.4634909629821777, -0.696137011051178, 0.36852315068244934, 6.539778709411621, 3.3500874042510986, -5.842561721801758, -0.25898781418800354, -0.5951058268547058, -2.1147589683532715, 24.4343204498291, -4.610345363616943, -1.2362849712371826, 7.804471492767334, 1.3338654041290283, 4.972653388977051, -0.3488699793815613, 4.469357490539551], [-4.457521915435791, -0.8192338347434998, -0.29268908500671387, -1.2963887453079224, -1.1875559091567993, -3.988109588623047, 2.7866172790527344, -3.651146650314331, 0.6129584312438965, -0.4553811550140381, -1.5133588314056396, 1.1166869401931763, -1.303362488746643, -4.610345363616943, 18.40781021118164, 2.7339370250701904, -11.792388916015625, -1.8559553623199463, -4.26054048538208, -6.519756317138672, -0.07327033579349518], [4.766711235046387, -4.586019992828369, 7.3532562255859375, -1.3652805089950562, 0.8131309747695923, 2.057389259338379, 0.6886775493621826, -1.5576348304748535, -0.854345977306366, 2.841446876525879, -1.385179877281189, 10.390913963317871, 2.7553954124450684, -1.2362849712371826, 2.7339370250701904, 16.653133392333984, 2.046373128890991, 1.9171442985534668, 4.503535270690918, -1.2661510705947876, 10.787934303283691], [8.396246910095215, 6.054730415344238, 1.1862351894378662, -5.506662845611572, 8.860091209411621, 4.658028602600098, -2.616037368774414, 8.159732818603516, -0.9872469305992126, 10.503082275390625, -3.3687238693237305, 1.6143550872802734, 7.950495719909668, 7.804471969604492, -11.792387962341309, 2.046372890472412, 35.100921630859375, -0.6953082084655762, 0.208587646484375, 14.279680252075195, 11.556079864501953], [3.352031946182251, -2.1480414867401123, -0.6031932830810547, 2.502732276916504, -0.1039033904671669, 7.073936462402344, -4.8573808670043945, -1.2043969631195068, -7.699982643127441, -3.1041953563690186, -0.17657360434532166, -2.418478488922119, -0.5419449210166931, 1.3338655233383179, -1.8559558391571045, 1.917144775390625, -0.6953082084655762, 22.240867614746094, 1.048545479774475, -1.1134202480316162, -1.938567876815796], [0.8523446917533875, 0.4890373945236206, 3.5564510822296143, 1.364951252937317, 9.043524742126465, -2.179725170135498, 0.7347484827041626, 3.828267812728882, 4.625596046447754, 3.0131351947784424, 0.7274062037467957, 8.852880477905273, -2.198599338531494, 4.972652912139893, -4.26054048538208, 4.503535270690918, 0.208587646484375, 1.048545479774475, 26.434978485107422, 8.206101417541504, 2.002553939819336], [4.466643810272217, -0.832053005695343, -3.1040008068084717, 1.0335824489593506, 6.74251651763916, -0.6699925661087036, 1.8837695121765137, 4.914427757263184, 1.4684474468231201, 6.7863640785217285, -0.5507782697677612, 1.549308180809021, 6.135109901428223, -0.3488698899745941, -6.519756317138672, -1.2661505937576294, 14.279680252075195, -1.1134202480316162, 8.206101417541504, 17.563528060913086, 0.440642386674881], [4.760679721832275, 1.1634931564331055, 4.6568779945373535, -1.82300865650177, 7.7559814453125, -5.976731300354004, -4.081510066986084, 9.011289596557617, 1.5516419410705566, 2.9077839851379395, -7.1968278884887695, 5.077638626098633, 6.231459617614746, 4.469357490539551, -0.07327032089233398, 10.787935256958008, 11.556079864501953, -1.938567876815796, 2.002553701400757, 0.4406423568725586, 29.51171112060547]], "type": "heatmap"}], "layout": {"template": {"data": {"histogram2dcontour": [{"type": "histogram2dcontour", "colorbar": {"outlinewidth": 0, "ticks": ""}, "colorscale": [[0.0, "#0d0887"], [0.1111111111111111, "#46039f"], [0.2222222222222222, "#7201a8"], [0.3333333333333333, "#9c179e"], [0.4444444444444444, "#bd3786"], [0.5555555555555556, "#d8576b"], [0.6666666666666666, "#ed7953"], [0.7777777777777778, "#fb9f3a"], [0.8888888888888888, "#fdca26"], [1.0, "#f0f921"]]}], "choropleth": [{"type": "choropleth", "colorbar": {"outlinewidth": 0, "ticks": ""}}], "histogram2d": [{"type": "histogram2d", "colorbar": {"outlinewidth": 0, "ticks": ""}, "colorscale": [[0.0, "#0d0887"], [0.1111111111111111, "#46039f"], [0.2222222222222222, "#7201a8"], [0.3333333333333333, "#9c179e"], [0.4444444444444444, "#bd3786"], [0.5555555555555556, "#d8576b"], [0.6666666666666666, "#ed7953"], [0.7777777777777778, "#fb9f3a"], [0.8888888888888888, "#fdca26"], [1.0, "#f0f921"]]}], "heatmap": [{"type": "heatmap", "colorbar": {"outlinewidth": 0, "ticks": ""}, "colorscale": [[0.0, "#0d0887"], [0.1111111111111111, "#46039f"], [0.2222222222222222, "#7201a8"], [0.3333333333333333, "#9c179e"], [0.4444444444444444, "#bd3786"], [0.5555555555555556, "#d8576b"], [0.6666666666666666, "#ed7953"], [0.7777777777777778, "#fb9f3a"], [0.8888888888888888, "#fdca26"], [1.0, "#f0f921"]]}], "heatmapgl": [{"type": "heatmapgl", "colorbar": {"outlinewidth": 0, "ticks": ""}, "colorscale": [[0.0, "#0d0887"], [0.1111111111111111, "#46039f"], [0.2222222222222222, "#7201a8"], [0.3333333333333333, "#9c179e"], [0.4444444444444444, "#bd3786"], [0.5555555555555556, "#d8576b"], [0.6666666666666666, "#ed7953"], [0.7777777777777778, "#fb9f3a"], [0.8888888888888888, "#fdca26"], [1.0, "#f0f921"]]}], "contourcarpet": [{"type": "contourcarpet", "colorbar": {"outlinewidth": 0, "ticks": ""}}], "contour": [{"type": "contour", "colorbar": {"outlinewidth": 0, "ticks": ""}, "colorscale": [[0.0, "#0d0887"], [0.1111111111111111, "#46039f"], [0.2222222222222222, "#7201a8"], [0.3333333333333333, "#9c179e"], [0.4444444444444444, "#bd3786"], [0.5555555555555556, "#d8576b"], [0.6666666666666666, "#ed7953"], [0.7777777777777778, "#fb9f3a"], [0.8888888888888888, "#fdca26"], [1.0, "#f0f921"]]}], "surface": [{"type": "surface", "colorbar": {"outlinewidth": 0, "ticks": ""}, "colorscale": [[0.0, "#0d0887"], [0.1111111111111111, "#46039f"], [0.2222222222222222, "#7201a8"], [0.3333333333333333, "#9c179e"], [0.4444444444444444, "#bd3786"], [0.5555555555555556, "#d8576b"], [0.6666666666666666, "#ed7953"], [0.7777777777777778, "#fb9f3a"], [0.8888888888888888, "#fdca26"], [1.0, "#f0f921"]]}], "mesh3d": [{"type": "mesh3d", "colorbar": {"outlinewidth": 0, "ticks": ""}}], "scatter": [{"fillpattern": {"fillmode": "overlay", "size": 10, "solidity": 0.2}, "type": "scatter"}], "parcoords": [{"type": "parcoords", "line": {"colorbar": {"outlinewidth": 0, "ticks": ""}}}], "scatterpolargl": [{"type": "scatterpolargl", "marker": {"colorbar": {"outlinewidth": 0, "ticks": ""}}}], "bar": [{"error_x": {"color": "#2a3f5f"}, "error_y": {"color": "#2a3f5f"}, "marker": {"line": {"color": "#E5ECF6", "width": 0.5}, "pattern": {"fillmode": "overlay", "size": 10, "solidity": 0.2}}, "type": "bar"}], "scattergeo": [{"type": "scattergeo", "marker": {"colorbar": {"outlinewidth": 0, "ticks": ""}}}], "scatterpolar": [{"type": "scatterpolar", "marker": {"colorbar": {"outlinewidth": 0, "ticks": ""}}}], "histogram": [{"marker": {"pattern": {"fillmode": "overlay", "size": 10, "solidity": 0.2}}, "type": "histogram"}], "scattergl": [{"type": "scattergl", "marker": {"colorbar": {"outlinewidth": 0, "ticks": ""}}}], "scatter3d": [{"type": "scatter3d", "line": {"colorbar": {"outlinewidth": 0, "ticks": ""}}, "marker": {"colorbar": {"outlinewidth": 0, "ticks": ""}}}], "scattermapbox": [{"type": "scattermapbox", "marker": {"colorbar": {"outlinewidth": 0, "ticks": ""}}}], "scatterternary": [{"type": "scatterternary", "marker": {"colorbar": {"outlinewidth": 0, "ticks": ""}}}], "scattercarpet": [{"type": "scattercarpet", "marker": {"colorbar": {"outlinewidth": 0, "ticks": ""}}}], "carpet": [{"aaxis": {"endlinecolor": "#2a3f5f", "gridcolor": "white", "linecolor": "white", "minorgridcolor": "white", "startlinecolor": "#2a3f5f"}, "baxis": {"endlinecolor": "#2a3f5f", "gridcolor": "white", "linecolor": "white", "minorgridcolor": "white", "startlinecolor": "#2a3f5f"}, "type": "carpet"}], "table": [{"cells": {"fill": {"color": "#EBF0F8"}, "line": {"color": "white"}}, "header": {"fill": {"color": "#C8D4E3"}, "line": {"color": "white"}}, "type": "table"}], "barpolar": [{"marker": {"line": {"color": "#E5ECF6", "width": 0.5}, "pattern": {"fillmode": "overlay", "size": 10, "solidity": 0.2}}, "type": "barpolar"}], "pie": [{"automargin": true, "type": "pie"}]}, "layout": {"autotypenumbers": "strict", "colorway": ["#636efa", "#EF553B", "#00cc96", "#ab63fa", "#FFA15A", "#19d3f3", "#FF6692", "#B6E880", "#FF97FF", "#FECB52"], "font": {"color": "#2a3f5f"}, "hovermode": "closest", "hoverlabel": {"align": "left"}, "paper_bgcolor": "white", "plot_bgcolor": "#E5ECF6", "polar": {"bgcolor": "#E5ECF6", "angularaxis": {"gridcolor": "white", "linecolor": "white", "ticks": ""}, "radialaxis": {"gridcolor": "white", "linecolor": "white", "ticks": ""}}, "ternary": {"bgcolor": "#E5ECF6", "aaxis": {"gridcolor": "white", "linecolor": "white", "ticks": ""}, "baxis": {"gridcolor": "white", "linecolor": "white", "ticks": ""}, "caxis": {"gridcolor": "white", "linecolor": "white", "ticks": ""}}, "coloraxis": {"colorbar": {"outlinewidth": 0, "ticks": ""}}, "colorscale": {"sequential": [[0.0, "#0d0887"], [0.1111111111111111, "#46039f"], [0.2222222222222222, "#7201a8"], [0.3333333333333333, "#9c179e"], [0.4444444444444444, "#bd3786"], [0.5555555555555556, "#d8576b"], [0.6666666666666666, "#ed7953"], [0.7777777777777778, "#fb9f3a"], [0.8888888888888888, "#fdca26"], [1.0, "#f0f921"]], "sequentialminus": [[0.0, "#0d0887"], [0.1111111111111111, "#46039f"], [0.2222222222222222, "#7201a8"], [0.3333333333333333, "#9c179e"], [0.4444444444444444, "#bd3786"], [0.5555555555555556, "#d8576b"], [0.6666666666666666, "#ed7953"], [0.7777777777777778, "#fb9f3a"], [0.8888888888888888, "#fdca26"], [1.0, "#f0f921"]], "diverging": [[0, "#8e0152"], [0.1, "#c51b7d"], [0.2, "#de77ae"], [0.3, "#f1b6da"], [0.4, "#fde0ef"], [0.5, "#f7f7f7"], [0.6, "#e6f5d0"], [0.7, "#b8e186"], [0.8, "#7fbc41"], [0.9, "#4d9221"], [1, "#276419"]]}, "xaxis": {"gridcolor": "white", "linecolor": "white", "ticks": "", "title": {"standoff": 15}, "zerolinecolor": "white", "automargin": true, "zerolinewidth": 2}, "yaxis": {"gridcolor": "white", "linecolor": "white", "ticks": "", "title": {"standoff": 15}, "zerolinecolor": "white", "automargin": true, "zerolinewidth": 2}, "scene": {"xaxis": {"backgroundcolor": "#E5ECF6", "gridcolor": "white", "linecolor": "white", "showbackground": true, "ticks": "", "zerolinecolor": "white", "gridwidth": 2}, "yaxis": {"backgroundcolor": "#E5ECF6", "gridcolor": "white", "linecolor": "white", "showbackground": true, "ticks": "", "zerolinecolor": "white", "gridwidth": 2}, "zaxis": {"backgroundcolor": "#E5ECF6", "gridcolor": "white", "linecolor": "white", "showbackground": true, "ticks": "", "zerolinecolor": "white", "gridwidth": 2}}, "shapedefaults": {"line": {"color": "#2a3f5f"}}, "annotationdefaults": {"arrowcolor": "#2a3f5f", "arrowhead": 0, "arrowwidth": 1}, "geo": {"bgcolor": "white", "landcolor": "#E5ECF6", "subunitcolor": "white", "showland": true, "showlakes": true, "lakecolor": "white"}, "title": {"x": 0.05}, "mapbox": {"style": "light"}}}}}