{"data": [{"z": [[17.744123458862305, -4.3723063468933105, -2.233563184738159, 4.930253982543945, 4.006590843200684, 7.799053192138672, 4.199885368347168, 1.3298287391662598, -1.1817563772201538, 11.553947448730469, -4.3302531242370605, 7.812723159790039, 7.978442192077637, -0.33405035734176636, -4.456624984741211, 4.768057346343994, 8.396690368652344, 3.352553367614746, 0.852742075920105, 4.466892242431641, 4.7624616622924805], [-4.3723063468933105, 27.16391944885254, 0.9059075713157654, -5.072555065155029, 1.7750811576843262, -5.916514873504639, -0.35671886801719666, 6.273011207580566, 8.61865234375, -5.6826171875, 1.2840886116027832, -5.482850074768066, -5.414735317230225, 8.586699485778809, -0.8192275762557983, -4.58570671081543, 6.055574893951416, -2.14811635017395, 0.48945188522338867, -0.8329803943634033, 1.1635626554489136], [-2.233563184738159, 0.9059075713157654, 31.889902114868164, -0.5650525689125061, -2.8154330253601074, 2.411935329437256, -0.2299708127975464, 7.307847023010254, -1.2607362270355225, -1.363985300064087, 2.383100986480713, -4.319699764251709, -1.2640811204910278, 5.954387187957764, -0.2929335832595825, 7.353758335113525, 1.1868958473205566, -0.6028318405151367, 3.5565199851989746, -3.1053199768066406, 4.656590938568115], [4.930253982543945, -5.072555065155029, -0.5650525689125061, 25.763437271118164, 0.711050271987915, 4.5761399269104, -1.609501838684082, -2.5333728790283203, -2.9815542697906494, 8.911266326904297, -0.8861681818962097, -2.802330255508423, 8.717765808105469, -1.4025251865386963, -1.2972440719604492, -1.3657841682434082, -5.504809856414795, 2.5019893646240234, 1.3661975860595703, 1.0322837829589844, -1.8235214948654175], [4.006590843200684, 1.7750811576843262, -2.8154330253601074, 0.711050271987915, 27.61613655090332, 1.0000330209732056, -1.9479725360870361, 2.9796836376190186, -2.0008418560028076, 6.885549545288086, -7.117050647735596, -1.4997992515563965, -1.656529188156128, -2.4638514518737793, -1.188636064529419, 0.8130617141723633, 8.860321998596191, -0.10439056158065796, 9.044317245483398, 6.741697788238525, 7.7547101974487305], [7.799053192138672, -5.916514873504639, 2.411935329437256, 4.5761399269104, 1.0000330209732056, 19.837148666381836, 2.154222249984741, -6.232145309448242, -8.45186710357666, 9.116913795471191, 0.9686577916145325, 3.9432852268218994, 2.247694969177246, -0.6967720985412598, -3.9902493953704834, 2.05546498298645, 4.658880710601807, 7.072925567626953, -2.1811726093292236, -0.6715267896652222, -5.978374004364014], [4.199885368347168, -0.35671886801719666, -0.2299708127975464, -1.609501838684082, -1.9479725360870361, 2.154222249984741, 17.744949340820312, 3.2538278102874756, 6.0092597007751465, 2.9850316047668457, 3.7498250007629395, 4.7126688957214355, -1.6788095235824585, 0.36958029866218567, 2.78764271736145, 0.6890499591827393, -2.6156973838806152, -4.857076644897461, 0.7353654503822327, 1.8854845762252808, -4.0804619789123535], [1.3298287391662598, 6.273011207580566, 7.307847023010254, -2.5333728790283203, 2.9796836376190186, -6.232145309448242, 3.2538278102874756, 20.313791275024414, 4.090270042419434, -1.023383378982544, 6.856802940368652, -6.307157039642334, -1.5952283143997192, 6.538326740264893, -3.6529533863067627, -1.5587100982666016, 8.160736083984375, -1.2059476375579834, 3.827732563018799, 4.9123406410217285, 9.009696006774902], [-1.1817563772201538, 8.61865234375, -1.2607362270355225, -2.9815542697906494, -2.0008418560028076, -8.45186710357666, 6.0092597007751465, 4.090270042419434, 18.438373565673828, -1.0703253746032715, 2.942345380783081, -0.24936318397521973, -2.1867835521698, 3.3492705821990967, 0.6117635369300842, -0.8553102016448975, -0.9855310916900635, -7.7004547119140625, 4.625853538513184, 1.4663963317871094, 1.5502378940582275], [11.553947448730469, -5.6826171875, -1.363985300064087, 8.911266326904297, 6.885549545288086, 9.116913795471191, 2.9850316047668457, -1.023383378982544, -1.0703253746032715, 26.491376876831055, -4.999319553375244, 5.627712249755859, 13.972593307495117, -5.8427605628967285, -0.4543435871601105, 2.842963933944702, 10.50395393371582, -3.1038107872009277, 3.0139901638031006, 6.785662651062012, 2.909379243850708], [-4.3302531242370605, 1.2840886116027832, 2.383100986480713, -0.8861681818962097, -7.117050647735596, 0.9686577916145325, 3.7498250007629395, 6.856802940368652, 2.942345380783081, -4.999319553375244, 21.530990600585938, -4.635768890380859, -7.706882476806641, -0.2599678039550781, -1.5136284828186035, -1.385130524635315, -3.368373394012451, -0.1765230894088745, 0.7276666164398193, -0.5527005195617676, -7.1976213455200195], [7.812723159790039, -5.482850074768066, -4.319699764251709, -2.802330255508423, -1.4997992515563965, 3.9432852268218994, 4.7126688957214355, -6.307157039642334, -0.24936318397521973, 5.627712249755859, -4.635768890380859, 27.91526222229004, 0.31259864568710327, -0.5948396921157837, 1.115565538406372, 10.390966415405273, 1.6134040355682373, -2.4189414978027344, 8.852832794189453, 1.549492359161377, 5.076306343078613], [7.978442192077637, -5.414735317230225, -1.2640811204910278, 8.717765808105469, -1.656529188156128, 2.247694969177246, -1.6788095235824585, -1.5952283143997192, -2.1867835521698, 13.972593307495117, -7.706882476806641, 0.31259864568710327, 21.82563591003418, -2.1150872707366943, -1.3052111864089966, 2.7542765140533447, 7.9506072998046875, -0.5427329540252686, -2.1993725299835205, 6.1348371505737305, 6.229567050933838], [-0.33405035734176636, 8.586699485778809, 5.954387187957764, -1.4025251865386963, -2.4638514518737793, -0.6967720985412598, 0.36958029866218567, 6.538326740264893, 3.3492705821990967, -5.8427605628967285, -0.2599678039550781, -0.5948396921157837, -2.1150872707366943, 24.432504653930664, -4.6104736328125, -1.2355481386184692, 7.805384635925293, 1.3339965343475342, 4.973660469055176, -0.35074082016944885, 4.469701766967773], [-4.456624984741211, -0.8192275762557983, -0.2929335832595825, -1.2972440719604492, -1.188636064529419, -3.9902493953704834, 2.78764271736145, -3.6529533863067627, 0.6117635369300842, -0.4543435871601105, -1.5136284828186035, 1.115565538406372, -1.3052111864089966, -4.6104736328125, 18.406522750854492, 2.733201742172241, -11.79199504852295, -1.8567489385604858, -4.260695934295654, -6.520977973937988, -0.07396507263183594], [4.768057346343994, -4.58570671081543, 7.353758335113525, -1.3657841682434082, 0.8130617141723633, 2.05546498298645, 0.6890499591827393, -1.5587100982666016, -0.8553102016448975, 2.842963933944702, -1.385130524635315, 10.390966415405273, 2.7542765140533447, -1.2355481386184692, 2.733201742172241, 16.65245819091797, 2.046377658843994, 1.9166241884231567, 4.50359582901001, -1.265700340270996, 10.7879638671875], [8.396689414978027, 6.055574893951416, 1.1868963241577148, -5.504809379577637, 8.860321044921875, 4.658880710601807, -2.6156973838806152, 8.160736083984375, -0.9855305552482605, 10.503952980041504, -3.3683736324310303, 1.6134049892425537, 7.950606822967529, 7.805384635925293, -11.79199504852295, 2.0463778972625732, 35.10285186767578, -0.6951979398727417, 0.20944595336914062, 14.281105995178223, 11.556713104248047], [3.352553606033325, -2.1481170654296875, -0.6028316617012024, 2.5019891262054443, -0.10439067333936691, 7.072926044464111, -4.857076644897461, -1.2059473991394043, -7.7004547119140625, -3.1038103103637695, -0.17652319371700287, -2.418941020965576, -0.5427333116531372, 1.3339970111846924, -1.8567492961883545, 1.9166241884231567, -0.6951979398727417, 22.2406005859375, 1.0480678081512451, -1.1137676239013672, -1.9391701221466064], [0.8527419567108154, 0.4894515872001648, 3.5565202236175537, 1.366197943687439, 9.044317245483398, -2.1811726093292236, 0.7353652715682983, 3.827732563018799, 4.625852584838867, 3.0139901638031006, 0.7276663780212402, 8.85283374786377, -2.1993722915649414, 4.973660469055176, -4.260695457458496, 4.503596305847168, 0.20944595336914062, 1.0480678081512451, 26.435203552246094, 8.2076416015625, 2.0036227703094482], [4.466892242431641, -0.8329797387123108, -3.1053199768066406, 1.0322835445404053, 6.741697311401367, -0.6715271472930908, 1.8854849338531494, 4.9123406410217285, 1.4663962125778198, 6.785662651062012, -0.5527005791664124, 1.5494924783706665, 6.134836673736572, -0.3507407605648041, -6.5209784507751465, -1.2657004594802856, 14.281105995178223, -1.1137676239013672, 8.2076416015625, 17.5595703125, 0.4406801462173462], [4.7624616622924805, 1.1635628938674927, 4.656591415405273, -1.8235218524932861, 7.7547101974487305, -5.978374004364014, -4.080461502075195, 9.009696960449219, 1.5502378940582275, 2.909379005432129, -7.197622299194336, 5.076306343078613, 6.2295660972595215, 4.469701766967773, -0.07396626472473145, 10.7879638671875, 11.556713104248047, -1.9391698837280273, 2.003622531890869, 0.4406803250312805, 29.51171112060547]], "type": "heatmap"}], "layout": {"template": {"data": {"histogram2dcontour": [{"type": "histogram2dcontour", "colorbar": {"outlinewidth": 0, "ticks": ""}, "colorscale": [[0.0, "#0d0887"], [0.1111111111111111, "#46039f"], [0.2222222222222222, "#7201a8"], [0.3333333333333333, "#9c179e"], [0.4444444444444444, "#bd3786"], [0.5555555555555556, "#d8576b"], [0.6666666666666666, "#ed7953"], [0.7777777777777778, "#fb9f3a"], [0.8888888888888888, "#fdca26"], [1.0, "#f0f921"]]}], "choropleth": [{"type": "choropleth", "colorbar": {"outlinewidth": 0, "ticks": ""}}], "histogram2d": [{"type": "histogram2d", "colorbar": {"outlinewidth": 0, "ticks": ""}, "colorscale": [[0.0, "#0d0887"], [0.1111111111111111, "#46039f"], [0.2222222222222222, "#7201a8"], [0.3333333333333333, "#9c179e"], [0.4444444444444444, "#bd3786"], [0.5555555555555556, "#d8576b"], [0.6666666666666666, "#ed7953"], [0.7777777777777778, "#fb9f3a"], [0.8888888888888888, "#fdca26"], [1.0, "#f0f921"]]}], "heatmap": [{"type": "heatmap", "colorbar": {"outlinewidth": 0, "ticks": ""}, "colorscale": [[0.0, "#0d0887"], [0.1111111111111111, "#46039f"], [0.2222222222222222, "#7201a8"], [0.3333333333333333, "#9c179e"], [0.4444444444444444, "#bd3786"], [0.5555555555555556, "#d8576b"], [0.6666666666666666, "#ed7953"], [0.7777777777777778, "#fb9f3a"], [0.8888888888888888, "#fdca26"], [1.0, "#f0f921"]]}], "heatmapgl": [{"type": "heatmapgl", "colorbar": {"outlinewidth": 0, "ticks": ""}, "colorscale": [[0.0, "#0d0887"], [0.1111111111111111, "#46039f"], [0.2222222222222222, "#7201a8"], [0.3333333333333333, "#9c179e"], [0.4444444444444444, "#bd3786"], [0.5555555555555556, "#d8576b"], [0.6666666666666666, "#ed7953"], [0.7777777777777778, "#fb9f3a"], [0.8888888888888888, "#fdca26"], [1.0, "#f0f921"]]}], "contourcarpet": [{"type": "contourcarpet", "colorbar": {"outlinewidth": 0, "ticks": ""}}], "contour": [{"type": "contour", "colorbar": {"outlinewidth": 0, "ticks": ""}, "colorscale": [[0.0, "#0d0887"], [0.1111111111111111, "#46039f"], [0.2222222222222222, "#7201a8"], [0.3333333333333333, "#9c179e"], [0.4444444444444444, "#bd3786"], [0.5555555555555556, "#d8576b"], [0.6666666666666666, "#ed7953"], [0.7777777777777778, "#fb9f3a"], [0.8888888888888888, "#fdca26"], [1.0, "#f0f921"]]}], "surface": [{"type": "surface", "colorbar": {"outlinewidth": 0, "ticks": ""}, "colorscale": [[0.0, "#0d0887"], [0.1111111111111111, "#46039f"], [0.2222222222222222, "#7201a8"], [0.3333333333333333, "#9c179e"], [0.4444444444444444, "#bd3786"], [0.5555555555555556, "#d8576b"], [0.6666666666666666, "#ed7953"], [0.7777777777777778, "#fb9f3a"], [0.8888888888888888, "#fdca26"], [1.0, "#f0f921"]]}], "mesh3d": [{"type": "mesh3d", "colorbar": {"outlinewidth": 0, "ticks": ""}}], "scatter": [{"fillpattern": {"fillmode": "overlay", "size": 10, "solidity": 0.2}, "type": "scatter"}], "parcoords": [{"type": "parcoords", "line": {"colorbar": {"outlinewidth": 0, "ticks": ""}}}], "scatterpolargl": [{"type": "scatterpolargl", "marker": {"colorbar": {"outlinewidth": 0, "ticks": ""}}}], "bar": [{"error_x": {"color": "#2a3f5f"}, "error_y": {"color": "#2a3f5f"}, "marker": {"line": {"color": "#E5ECF6", "width": 0.5}, "pattern": {"fillmode": "overlay", "size": 10, "solidity": 0.2}}, "type": "bar"}], "scattergeo": [{"type": "scattergeo", "marker": {"colorbar": {"outlinewidth": 0, "ticks": ""}}}], "scatterpolar": [{"type": "scatterpolar", "marker": {"colorbar": {"outlinewidth": 0, "ticks": ""}}}], "histogram": [{"marker": {"pattern": {"fillmode": "overlay", "size": 10, "solidity": 0.2}}, "type": "histogram"}], "scattergl": [{"type": "scattergl", "marker": {"colorbar": {"outlinewidth": 0, "ticks": ""}}}], "scatter3d": [{"type": "scatter3d", "line": {"colorbar": {"outlinewidth": 0, "ticks": ""}}, "marker": {"colorbar": {"outlinewidth": 0, "ticks": ""}}}], "scattermapbox": [{"type": "scattermapbox", "marker": {"colorbar": {"outlinewidth": 0, "ticks": ""}}}], "scatterternary": [{"type": "scatterternary", "marker": {"colorbar": {"outlinewidth": 0, "ticks": ""}}}], "scattercarpet": [{"type": "scattercarpet", "marker": {"colorbar": {"outlinewidth": 0, "ticks": ""}}}], "carpet": [{"aaxis": {"endlinecolor": "#2a3f5f", "gridcolor": "white", "linecolor": "white", "minorgridcolor": "white", "startlinecolor": "#2a3f5f"}, "baxis": {"endlinecolor": "#2a3f5f", "gridcolor": "white", "linecolor": "white", "minorgridcolor": "white", "startlinecolor": "#2a3f5f"}, "type": "carpet"}], "table": [{"cells": {"fill": {"color": "#EBF0F8"}, "line": {"color": "white"}}, "header": {"fill": {"color": "#C8D4E3"}, "line": {"color": "white"}}, "type": "table"}], "barpolar": [{"marker": {"line": {"color": "#E5ECF6", "width": 0.5}, "pattern": {"fillmode": "overlay", "size": 10, "solidity": 0.2}}, "type": "barpolar"}], "pie": [{"automargin": true, "type": "pie"}]}, "layout": {"autotypenumbers": "strict", "colorway": ["#636efa", "#EF553B", "#00cc96", "#ab63fa", "#FFA15A", "#19d3f3", "#FF6692", "#B6E880", "#FF97FF", "#FECB52"], "font": {"color": "#2a3f5f"}, "hovermode": "closest", "hoverlabel": {"align": "left"}, "paper_bgcolor": "white", "plot_bgcolor": "#E5ECF6", "polar": {"bgcolor": "#E5ECF6", "angularaxis": {"gridcolor": "white", "linecolor": "white", "ticks": ""}, "radialaxis": {"gridcolor": "white", "linecolor": "white", "ticks": ""}}, "ternary": {"bgcolor": "#E5ECF6", "aaxis": {"gridcolor": "white", "linecolor": "white", "ticks": ""}, "baxis": {"gridcolor": "white", "linecolor": "white", "ticks": ""}, "caxis": {"gridcolor": "white", "linecolor": "white", "ticks": ""}}, "coloraxis": {"colorbar": {"outlinewidth": 0, "ticks": ""}}, "colorscale": {"sequential": [[0.0, "#0d0887"], [0.1111111111111111, "#46039f"], [0.2222222222222222, "#7201a8"], [0.3333333333333333, "#9c179e"], [0.4444444444444444, "#bd3786"], [0.5555555555555556, "#d8576b"], [0.6666666666666666, "#ed7953"], [0.7777777777777778, "#fb9f3a"], [0.8888888888888888, "#fdca26"], [1.0, "#f0f921"]], "sequentialminus": [[0.0, "#0d0887"], [0.1111111111111111, "#46039f"], [0.2222222222222222, "#7201a8"], [0.3333333333333333, "#9c179e"], [0.4444444444444444, "#bd3786"], [0.5555555555555556, "#d8576b"], [0.6666666666666666, "#ed7953"], [0.7777777777777778, "#fb9f3a"], [0.8888888888888888, "#fdca26"], [1.0, "#f0f921"]], "diverging": [[0, "#8e0152"], [0.1, "#c51b7d"], [0.2, "#de77ae"], [0.3, "#f1b6da"], [0.4, "#fde0ef"], [0.5, "#f7f7f7"], [0.6, "#e6f5d0"], [0.7, "#b8e186"], [0.8, "#7fbc41"], [0.9, "#4d9221"], [1, "#276419"]]}, "xaxis": {"gridcolor": "white", "linecolor": "white", "ticks": "", "title": {"standoff": 15}, "zerolinecolor": "white", "automargin": true, "zerolinewidth": 2}, "yaxis": {"gridcolor": "white", "linecolor": "white", "ticks": "", "title": {"standoff": 15}, "zerolinecolor": "white", "automargin": true, "zerolinewidth": 2}, "scene": {"xaxis": {"backgroundcolor": "#E5ECF6", "gridcolor": "white", "linecolor": "white", "showbackground": true, "ticks": "", "zerolinecolor": "white", "gridwidth": 2}, "yaxis": {"backgroundcolor": "#E5ECF6", "gridcolor": "white", "linecolor": "white", "showbackground": true, "ticks": "", "zerolinecolor": "white", "gridwidth": 2}, "zaxis": {"backgroundcolor": "#E5ECF6", "gridcolor": "white", "linecolor": "white", "showbackground": true, "ticks": "", "zerolinecolor": "white", "gridwidth": 2}}, "shapedefaults": {"line": {"color": "#2a3f5f"}}, "annotationdefaults": {"arrowcolor": "#2a3f5f", "arrowhead": 0, "arrowwidth": 1}, "geo": {"bgcolor": "white", "landcolor": "#E5ECF6", "subunitcolor": "white", "showland": true, "showlakes": true, "lakecolor": "white"}, "title": {"x": 0.05}, "mapbox": {"style": "light"}}}}}