{"data": [{"z": [[17.910844802856445, -4.323232650756836, -2.1932640075683594, 4.942294597625732, 3.927358627319336, 7.774672985076904, 4.365105628967285, 1.307502031326294, -1.220639944076538, 11.689022064208984, -4.348257541656494, 7.822543144226074, 7.924750804901123, -0.3350672423839569, -4.442198276519775, 4.900746822357178, 8.531750679016113, 3.3668251037597656, 1.0130252838134766, 4.412962436676025, 4.8790283203125], [-4.323232650756836, 27.21417236328125, 0.833060622215271, -5.111042022705078, 1.671674132347107, -5.986915588378906, -0.3014559745788574, 6.209712982177734, 8.548315048217773, -5.666383266448975, 1.2546041011810303, -5.5977630615234375, -5.4966230392456055, 8.538952827453613, -0.816800057888031, -4.577186584472656, 6.072306156158447, -2.1429548263549805, 0.4851597547531128, -0.961061954498291, 1.1480273008346558], [-2.1932640075683594, 0.833060622215271, 31.888322830200195, -0.627547025680542, -2.9347121715545654, 2.335986852645874, -0.15881182253360748, 7.163619518280029, -1.3743436336517334, -1.3390713930130005, 2.3044755458831787, -4.43142032623291, -1.3851679563522339, 5.893764495849609, -0.34257784485816956, 7.323915958404541, 1.157933235168457, -0.65254807472229, 3.62209415435791, -3.267484664916992, 4.598453998565674], [4.942294597625732, -5.111042022705078, -0.627547025680542, 25.741548538208008, 0.6391189098358154, 4.49491548538208, -1.5958538055419922, -2.6530938148498535, -3.0562546253204346, 8.853822708129883, -0.9225172400474548, -2.9027020931243896, 8.632801055908203, -1.46427583694458, -1.2971440553665161, -1.3970457315444946, -5.504829406738281, 2.477771759033203, 1.3415312767028809, 0.9100544452667236, -1.8623460531234741], [3.927358627319336, 1.671674132347107, -2.9347121715545654, 0.6391189098358154, 27.57124900817871, 0.9178600311279297, -2.026758909225464, 2.8598549365997314, -2.0822224617004395, 6.8049726486206055, -7.201683521270752, -1.6216791868209839, -1.7422001361846924, -2.5703139305114746, -1.2470227479934692, 0.6887881755828857, 8.783841133117676, -0.19199705123901367, 8.995248794555664, 6.654986381530762, 7.652688980102539], [7.774672985076904, -5.986915588378906, 2.335986852645874, 4.49491548538208, 0.9178600311279297, 19.716951370239258, 2.1209542751312256, -6.38577127456665, -8.564695358276367, 9.05538558959961, 0.900448739528656, 3.802842378616333, 2.134727954864502, -0.7786558270454407, -4.074047088623047, 1.9269345998764038, 4.601647853851318, 6.991271018981934, -2.2344279289245605, -0.8165016174316406, -6.094351768493652], [4.365105628967285, -0.3014559745788574, -0.15881182253360748, -1.5958538055419922, -2.026758909225464, 2.1209542751312256, 17.91510009765625, 3.2277307510375977, 5.988080024719238, 3.121433973312378, 3.753826141357422, 4.709451675415039, -1.7328449487686157, 0.38439908623695374, 2.808896780014038, 0.8094188570976257, -2.5001018047332764, -4.848031044006348, 0.8818210363388062, 1.8344112634658813, -3.985403060913086], [1.307502031326294, 6.209712982177734, 7.163619518280029, -2.6530938148498535, 2.8598549365997314, -6.38577127456665, 3.2277307510375977, 20.166425704956055, 3.9511146545410156, -1.069684624671936, 6.747952938079834, -6.50143575668335, -1.7384859323501587, 6.411046028137207, -3.765230655670166, -1.6892563104629517, 8.122901916503906, -1.3164881467819214, 3.7935893535614014, 4.732526779174805, 8.892003059387207], [-1.220639944076538, 8.548315048217773, -1.3743436336517334, -3.0562546253204346, -2.0822224617004395, -8.564695358276367, 5.988080024719238, 3.9511146545410156, 18.32286834716797, -1.12404465675354, 2.8704614639282227, -0.39536410570144653, -2.2895100116729736, 3.2569143772125244, 0.5430588722229004, -0.9778285026550293, -1.052785873413086, -7.784019947052002, 4.594642639160156, 1.3324990272521973, 1.4499417543411255], [11.689022064208984, -5.666383266448975, -1.3390713930130005, 8.853822708129883, 6.8049726486206055, 9.05538558959961, 3.121433973312378, -1.069684624671936, -1.12404465675354, 26.6513614654541, -5.064519882202148, 5.603826522827148, 13.90655517578125, -5.883355617523193, -0.5094868540763855, 2.9234254360198975, 10.662778854370117, -3.1345925331115723, 3.179425001144409, 6.731786251068115, 2.9924073219299316], [-4.348257541656494, 1.2546041011810303, 2.3044755458831787, -0.9225172400474548, -7.201683521270752, 0.900448739528656, 3.753826141357422, 6.747952938079834, 2.8704614639282227, -5.064519882202148, 21.496341705322266, -4.753401756286621, -7.800965785980225, -0.3178319036960602, -1.528855800628662, -1.4428009986877441, -3.423236846923828, -0.20863556861877441, 0.6829826831817627, -0.685304582118988, -7.280720233917236], [7.822543144226074, -5.5977630615234375, -4.43142032623291, -2.9027020931243896, -1.6216791868209839, 3.802842378616333, 4.709451675415039, -6.50143575668335, -0.39536410570144653, 5.603826522827148, -4.753401756286621, 27.73141098022461, 0.15100401639938354, -0.7032985091209412, 1.0289770364761353, 10.266241073608398, 1.5583338737487793, -2.5212044715881348, 8.855422973632812, 1.385073184967041, 4.960145950317383], [7.924750804901123, -5.4966230392456055, -1.3851679563522339, 8.632801055908203, -1.7422001361846924, 2.134727954864502, -1.7328449487686157, -1.7384859323501587, -2.2895100116729736, 13.90655517578125, -7.800965785980225, 0.15100401639938354, 21.715444564819336, -2.2255289554595947, -1.3896987438201904, 2.62018084526062, 7.885072231292725, -0.6359996795654297, -2.247149705886841, 6.0066680908203125, 6.112278938293457], [-0.3350672423839569, 8.538952827453613, 5.893764495849609, -1.46427583694458, -2.5703139305114746, -0.7786558270454407, 0.38439908623695374, 6.411046028137207, 3.2569143772125244, -5.883355617523193, -0.3178319036960602, -0.7032985091209412, -2.2255289554595947, 24.362777709960938, -4.642375946044922, -1.281770944595337, 7.767144680023193, 1.3005833625793457, 4.9728288650512695, -0.49922576546669006, 4.40504789352417], [-4.442198276519775, -0.816800057888031, -0.34257784485816956, -1.2971440553665161, -1.2470227479934692, -4.074047088623047, 2.808896780014038, -3.765230655670166, 0.5430588722229004, -0.5094868540763855, -1.528855800628662, 1.0289770364761353, -1.3896987438201904, -4.642375946044922, 18.425090789794922, 2.7239201068878174, -11.825356483459473, -1.8508274555206299, -4.303525924682617, -6.632034778594971, -0.12744900584220886], [4.900746822357178, -4.577186584472656, 7.323915958404541, -1.3970457315444946, 0.6887881755828857, 1.9269345998764038, 0.8094188570976257, -1.6892563104629517, -0.9778285026550293, 2.9234254360198975, -1.4428009986877441, 10.266241073608398, 2.62018084526062, -1.281770944595337, 2.7239201068878174, 16.702571868896484, 2.09377121925354, 1.9140148162841797, 4.587967395782471, -1.4228534698486328, 10.796451568603516], [8.531747817993164, 6.072305679321289, 1.1579331159591675, -5.504828929901123, 8.78384017944336, 4.60164737701416, -2.5001025199890137, 8.122902870178223, -1.0527856349945068, 10.662778854370117, -3.423236846923828, 1.5583336353302002, 7.885070323944092, 7.767143726348877, -11.825356483459473, 2.0937716960906982, 35.25334167480469, -0.7379834651947021, 0.3746166229248047, 14.237518310546875, 11.658801078796387], [3.3668253421783447, -2.1429543495178223, -0.652548611164093, 2.4777727127075195, -0.19199694693088531, 6.991271018981934, -4.848031044006348, -1.3164880275726318, -7.784019470214844, -3.1345927715301514, -0.20863556861877441, -2.521204710006714, -0.6360000371932983, 1.3005828857421875, -1.8508273363113403, 1.914014220237732, -0.7379834651947021, 22.25108528137207, 1.0193581581115723, -1.2321730852127075, -1.990552306175232], [1.013025164604187, 0.48515957593917847, 3.622093677520752, 1.3415303230285645, 8.99524974822998, -2.2344276905059814, 0.8818214535713196, 3.7935891151428223, 4.594642162322998, 3.17942476272583, 0.6829818487167358, 8.855422019958496, -2.2471492290496826, 4.972829341888428, -4.303525924682617, 4.587967872619629, 0.3746166229248047, 1.0193581581115723, 26.617895126342773, 8.197504997253418, 2.113729953765869], [4.412962913513184, -0.9610618352890015, -3.267484664916992, 0.9100546836853027, 6.654986381530762, -0.8165014386177063, 1.8344111442565918, 4.7325263023376465, 1.3324991464614868, 6.731785774230957, -0.6853045225143433, 1.3850730657577515, 6.006667137145996, -0.4992259442806244, -6.632034778594971, -1.4228532314300537, 14.237518310546875, -1.2321730852127075, 8.197504997253418, 17.409265518188477, 0.3366076946258545], [4.8790283203125, 1.1480262279510498, 4.598454475402832, -1.8623460531234741, 7.6526899337768555, -6.094350814819336, -3.9854040145874023, 8.892003059387207, 1.449941635131836, 2.9924073219299316, -7.2807207107543945, 4.960145473480225, 6.112278938293457, 4.405047416687012, -0.12744855880737305, 10.796451568603516, 11.658802032470703, -1.9905519485473633, 2.113729953765869, 0.3366079330444336, 29.51171112060547]], "type": "heatmap"}], "layout": {"template": {"data": {"histogram2dcontour": [{"type": "histogram2dcontour", "colorbar": {"outlinewidth": 0, "ticks": ""}, "colorscale": [[0.0, "#0d0887"], [0.1111111111111111, "#46039f"], [0.2222222222222222, "#7201a8"], [0.3333333333333333, "#9c179e"], [0.4444444444444444, "#bd3786"], [0.5555555555555556, "#d8576b"], [0.6666666666666666, "#ed7953"], [0.7777777777777778, "#fb9f3a"], [0.8888888888888888, "#fdca26"], [1.0, "#f0f921"]]}], "choropleth": [{"type": "choropleth", "colorbar": {"outlinewidth": 0, "ticks": ""}}], "histogram2d": [{"type": "histogram2d", "colorbar": {"outlinewidth": 0, "ticks": ""}, "colorscale": [[0.0, "#0d0887"], [0.1111111111111111, "#46039f"], [0.2222222222222222, "#7201a8"], [0.3333333333333333, "#9c179e"], [0.4444444444444444, "#bd3786"], [0.5555555555555556, "#d8576b"], [0.6666666666666666, "#ed7953"], [0.7777777777777778, "#fb9f3a"], [0.8888888888888888, "#fdca26"], [1.0, "#f0f921"]]}], "heatmap": [{"type": "heatmap", "colorbar": {"outlinewidth": 0, "ticks": ""}, "colorscale": [[0.0, "#0d0887"], [0.1111111111111111, "#46039f"], [0.2222222222222222, "#7201a8"], [0.3333333333333333, "#9c179e"], [0.4444444444444444, "#bd3786"], [0.5555555555555556, "#d8576b"], [0.6666666666666666, "#ed7953"], [0.7777777777777778, "#fb9f3a"], [0.8888888888888888, "#fdca26"], [1.0, "#f0f921"]]}], "heatmapgl": [{"type": "heatmapgl", "colorbar": {"outlinewidth": 0, "ticks": ""}, "colorscale": [[0.0, "#0d0887"], [0.1111111111111111, "#46039f"], [0.2222222222222222, "#7201a8"], [0.3333333333333333, "#9c179e"], [0.4444444444444444, "#bd3786"], [0.5555555555555556, "#d8576b"], [0.6666666666666666, "#ed7953"], [0.7777777777777778, "#fb9f3a"], [0.8888888888888888, "#fdca26"], [1.0, "#f0f921"]]}], "contourcarpet": [{"type": "contourcarpet", "colorbar": {"outlinewidth": 0, "ticks": ""}}], "contour": [{"type": "contour", "colorbar": {"outlinewidth": 0, "ticks": ""}, "colorscale": [[0.0, "#0d0887"], [0.1111111111111111, "#46039f"], [0.2222222222222222, "#7201a8"], [0.3333333333333333, "#9c179e"], [0.4444444444444444, "#bd3786"], [0.5555555555555556, "#d8576b"], [0.6666666666666666, "#ed7953"], [0.7777777777777778, "#fb9f3a"], [0.8888888888888888, "#fdca26"], [1.0, "#f0f921"]]}], "surface": [{"type": "surface", "colorbar": {"outlinewidth": 0, "ticks": ""}, "colorscale": [[0.0, "#0d0887"], [0.1111111111111111, "#46039f"], [0.2222222222222222, "#7201a8"], [0.3333333333333333, "#9c179e"], [0.4444444444444444, "#bd3786"], [0.5555555555555556, "#d8576b"], [0.6666666666666666, "#ed7953"], [0.7777777777777778, "#fb9f3a"], [0.8888888888888888, "#fdca26"], [1.0, "#f0f921"]]}], "mesh3d": [{"type": "mesh3d", "colorbar": {"outlinewidth": 0, "ticks": ""}}], "scatter": [{"fillpattern": {"fillmode": "overlay", "size": 10, "solidity": 0.2}, "type": "scatter"}], "parcoords": [{"type": "parcoords", "line": {"colorbar": {"outlinewidth": 0, "ticks": ""}}}], "scatterpolargl": [{"type": "scatterpolargl", "marker": {"colorbar": {"outlinewidth": 0, "ticks": ""}}}], "bar": [{"error_x": {"color": "#2a3f5f"}, "error_y": {"color": "#2a3f5f"}, "marker": {"line": {"color": "#E5ECF6", "width": 0.5}, "pattern": {"fillmode": "overlay", "size": 10, "solidity": 0.2}}, "type": "bar"}], "scattergeo": [{"type": "scattergeo", "marker": {"colorbar": {"outlinewidth": 0, "ticks": ""}}}], "scatterpolar": [{"type": "scatterpolar", "marker": {"colorbar": {"outlinewidth": 0, "ticks": ""}}}], "histogram": [{"marker": {"pattern": {"fillmode": "overlay", "size": 10, "solidity": 0.2}}, "type": "histogram"}], "scattergl": [{"type": "scattergl", "marker": {"colorbar": {"outlinewidth": 0, "ticks": ""}}}], "scatter3d": [{"type": "scatter3d", "line": {"colorbar": {"outlinewidth": 0, "ticks": ""}}, "marker": {"colorbar": {"outlinewidth": 0, "ticks": ""}}}], "scattermapbox": [{"type": "scattermapbox", "marker": {"colorbar": {"outlinewidth": 0, "ticks": ""}}}], "scatterternary": [{"type": "scatterternary", "marker": {"colorbar": {"outlinewidth": 0, "ticks": ""}}}], "scattercarpet": [{"type": "scattercarpet", "marker": {"colorbar": {"outlinewidth": 0, "ticks": ""}}}], "carpet": [{"aaxis": {"endlinecolor": "#2a3f5f", "gridcolor": "white", "linecolor": "white", "minorgridcolor": "white", "startlinecolor": "#2a3f5f"}, "baxis": {"endlinecolor": "#2a3f5f", "gridcolor": "white", "linecolor": "white", "minorgridcolor": "white", "startlinecolor": "#2a3f5f"}, "type": "carpet"}], "table": [{"cells": {"fill": {"color": "#EBF0F8"}, "line": {"color": "white"}}, "header": {"fill": {"color": "#C8D4E3"}, "line": {"color": "white"}}, "type": "table"}], "barpolar": [{"marker": {"line": {"color": "#E5ECF6", "width": 0.5}, "pattern": {"fillmode": "overlay", "size": 10, "solidity": 0.2}}, "type": "barpolar"}], "pie": [{"automargin": true, "type": "pie"}]}, "layout": {"autotypenumbers": "strict", "colorway": ["#636efa", "#EF553B", "#00cc96", "#ab63fa", "#FFA15A", "#19d3f3", "#FF6692", "#B6E880", "#FF97FF", "#FECB52"], "font": {"color": "#2a3f5f"}, "hovermode": "closest", "hoverlabel": {"align": "left"}, "paper_bgcolor": "white", "plot_bgcolor": "#E5ECF6", "polar": {"bgcolor": "#E5ECF6", "angularaxis": {"gridcolor": "white", "linecolor": "white", "ticks": ""}, "radialaxis": {"gridcolor": "white", "linecolor": "white", "ticks": ""}}, "ternary": {"bgcolor": "#E5ECF6", "aaxis": {"gridcolor": "white", "linecolor": "white", "ticks": ""}, "baxis": {"gridcolor": "white", "linecolor": "white", "ticks": ""}, "caxis": {"gridcolor": "white", "linecolor": "white", "ticks": ""}}, "coloraxis": {"colorbar": {"outlinewidth": 0, "ticks": ""}}, "colorscale": {"sequential": [[0.0, "#0d0887"], [0.1111111111111111, "#46039f"], [0.2222222222222222, "#7201a8"], [0.3333333333333333, "#9c179e"], [0.4444444444444444, "#bd3786"], [0.5555555555555556, "#d8576b"], [0.6666666666666666, "#ed7953"], [0.7777777777777778, "#fb9f3a"], [0.8888888888888888, "#fdca26"], [1.0, "#f0f921"]], "sequentialminus": [[0.0, "#0d0887"], [0.1111111111111111, "#46039f"], [0.2222222222222222, "#7201a8"], [0.3333333333333333, "#9c179e"], [0.4444444444444444, "#bd3786"], [0.5555555555555556, "#d8576b"], [0.6666666666666666, "#ed7953"], [0.7777777777777778, "#fb9f3a"], [0.8888888888888888, "#fdca26"], [1.0, "#f0f921"]], "diverging": [[0, "#8e0152"], [0.1, "#c51b7d"], [0.2, "#de77ae"], [0.3, "#f1b6da"], [0.4, "#fde0ef"], [0.5, "#f7f7f7"], [0.6, "#e6f5d0"], [0.7, "#b8e186"], [0.8, "#7fbc41"], [0.9, "#4d9221"], [1, "#276419"]]}, "xaxis": {"gridcolor": "white", "linecolor": "white", "ticks": "", "title": {"standoff": 15}, "zerolinecolor": "white", "automargin": true, "zerolinewidth": 2}, "yaxis": {"gridcolor": "white", "linecolor": "white", "ticks": "", "title": {"standoff": 15}, "zerolinecolor": "white", "automargin": true, "zerolinewidth": 2}, "scene": {"xaxis": {"backgroundcolor": "#E5ECF6", "gridcolor": "white", "linecolor": "white", "showbackground": true, "ticks": "", "zerolinecolor": "white", "gridwidth": 2}, "yaxis": {"backgroundcolor": "#E5ECF6", "gridcolor": "white", "linecolor": "white", "showbackground": true, "ticks": "", "zerolinecolor": "white", "gridwidth": 2}, "zaxis": {"backgroundcolor": "#E5ECF6", "gridcolor": "white", "linecolor": "white", "showbackground": true, "ticks": "", "zerolinecolor": "white", "gridwidth": 2}}, "shapedefaults": {"line": {"color": "#2a3f5f"}}, "annotationdefaults": {"arrowcolor": "#2a3f5f", "arrowhead": 0, "arrowwidth": 1}, "geo": {"bgcolor": "white", "landcolor": "#E5ECF6", "subunitcolor": "white", "showland": true, "showlakes": true, "lakecolor": "white"}, "title": {"x": 0.05}, "mapbox": {"style": "light"}}}}}