{"data": [{"z": [[17.743623733520508, -4.372257232666016, -2.233327627182007, 4.929686546325684, 4.006575107574463, 7.798421859741211, 4.1990742683410645, 1.3297691345214844, -1.181998372077942, 11.553718566894531, -4.329896926879883, 7.811877727508545, 7.978470802307129, -0.33417579531669617, -4.457271099090576, 4.767032623291016, 8.396293640136719, 3.352116584777832, 0.8525083065032959, 4.466708183288574, 4.761205196380615], [-4.372257232666016, 27.164066314697266, 0.9065239429473877, -5.072587966918945, 1.7756330966949463, -5.916701316833496, -0.3571452498435974, 6.27304220199585, 8.618645668029785, -5.6826653480529785, 1.284818410873413, -5.482452392578125, -5.414378643035889, 8.587193489074707, -0.8192070722579956, -4.585958480834961, 6.054898262023926, -2.1480205059051514, 0.48918378353118896, -0.8322921991348267, 1.163540244102478], [-2.233327627182007, 0.9065239429473877, 31.89048957824707, -0.5648111701011658, -2.814445734024048, 2.411994457244873, -0.23100052773952484, 7.308426380157471, -1.2598940134048462, -1.364413857460022, 2.383861541748047, -4.318925857543945, -1.2631192207336426, 5.954330921173096, -0.29285332560539246, 7.353282928466797, 1.186302661895752, -0.6032252311706543, 3.556438446044922, -3.104353904724121, 4.656737327575684], [4.929686546325684, -5.072587966918945, -0.5648111701011658, 25.763286590576172, 0.7116991281509399, 4.577211380004883, -1.6103752851486206, -2.5326292514801025, -2.9809648990631104, 8.910632133483887, -0.8859125971794128, -2.801168918609619, 8.718650817871094, -1.4022388458251953, -1.296765923500061, -1.3655160665512085, -5.506332874298096, 2.5024032592773438, 1.3652269840240479, 1.03318190574646, -1.8232712745666504], [4.006575107574463, 1.7756330966949463, -2.814445734024048, 0.7116991281509399, 27.616880416870117, 1.0003199577331543, -1.94813072681427, 2.9801442623138428, -1.9998239278793335, 6.885377883911133, -7.115758419036865, -1.4986467361450195, -1.6556966304779053, -2.4635932445526123, -1.1879587173461914, 0.8130331635475159, 8.860196113586426, -0.10407161712646484, 9.043697357177734, 6.742273807525635, 7.7555413246154785], [7.798421859741211, -5.916701316833496, 2.411994457244873, 4.577211380004883, 1.0003199577331543, 19.839801788330078, 2.154306411743164, -6.2305684089660645, -8.451003074645996, 9.117117881774902, 0.9683152437210083, 3.9443111419677734, 2.2485549449920654, -0.6963294744491577, -3.9887187480926514, 2.056917667388916, 4.658193111419678, 7.073653697967529, -2.1801247596740723, -0.6703810691833496, -5.977268695831299], [4.1990742683410645, -0.3571452498435974, -0.23100052773952484, -1.6103752851486206, -1.94813072681427, 2.154306411743164, 17.74458885192871, 3.25384783744812, 6.00875997543335, 2.984133720397949, 3.7489755153656006, 4.712612152099609, -1.6785902976989746, 0.36872270703315735, 2.7868704795837402, 0.6888126730918884, -2.6160457134246826, -4.857369899749756, 0.7349281311035156, 1.8841133117675781, -4.081164360046387], [1.3297691345214844, 6.27304220199585, 7.308426380157471, -2.5326292514801025, 2.9801442623138428, -6.2305684089660645, 3.25384783744812, 20.314653396606445, 4.090516090393066, -1.0230770111083984, 6.857325077056885, -6.30596923828125, -1.594325065612793, 6.539407730102539, -3.6516566276550293, -1.5579553842544556, 8.159933090209961, -1.2047641277313232, 3.828090190887451, 4.91387939453125, 9.010781288146973], [-1.181998372077942, 8.618645668029785, -1.2598940134048462, -2.9809648990631104, -1.9998239278793335, -8.451003074645996, 6.00875997543335, 4.090516090393066, 18.439456939697266, -1.0704680681228638, 2.942840099334717, -0.248038649559021, -2.1860063076019287, 3.349915027618408, 0.6125227212905884, -0.8546507954597473, -0.9868268966674805, -7.700119495391846, 4.62557315826416, 1.467940092086792, 1.5511668920516968], [11.553718566894531, -5.6826653480529785, -1.364413857460022, 8.910632133483887, 6.885377883911133, 9.117117881774902, 2.984133720397949, -1.0230770111083984, -1.0704680681228638, 26.491647720336914, -4.999359607696533, 5.627018451690674, 13.97240924835205, -5.842627048492432, -0.45507997274398804, 2.8418021202087402, 10.503165245056152, -3.104172468185425, 3.0133895874023438, 6.786294937133789, 2.9082858562469482], [-4.329896926879883, 1.284818410873413, 2.383861541748047, -0.8859125971794128, -7.115758419036865, 0.9683152437210083, 3.7489755153656006, 6.857325077056885, 2.942840099334717, -4.999359607696533, 21.53218650817871, -4.6348981857299805, -7.706096649169922, -0.2592844069004059, -1.5135520696640015, -1.3852980136871338, -3.3686959743499756, -0.17668288946151733, 0.7274255752563477, -0.5512924194335938, -7.197114944458008], [7.811877727508545, -5.482452392578125, -4.318925857543945, -2.801168918609619, -1.4986467361450195, 3.9443111419677734, 4.712612152099609, -6.30596923828125, -0.248038649559021, 5.627018451690674, -4.6348981857299805, 27.916580200195312, 0.3142578899860382, -0.5950893759727478, 1.1162322759628296, 10.390837669372559, 1.6142635345458984, -2.4186716079711914, 8.852815628051758, 1.5492377281188965, 5.07719612121582], [7.978470802307129, -5.414378643035889, -1.2631192207336426, 8.718650817871094, -1.6556966304779053, 2.2485549449920654, -1.6785902976989746, -1.594325065612793, -2.1860063076019287, 13.97240924835205, -7.706096649169922, 0.3142578899860382, 21.826887130737305, -2.114902973175049, -1.3039439916610718, 2.7550573348999023, 7.950589656829834, -0.542177677154541, -2.1988425254821777, 6.134934425354004, 6.230881690979004], [-0.33417579531669617, 8.587193489074707, 5.954330921173096, -1.4022388458251953, -2.4635932445526123, -0.6963294744491577, 0.36872270703315735, 6.539407730102539, 3.349915027618408, -5.842627048492432, -0.2592844069004059, -0.5950893759727478, -2.114902973175049, 24.4338436126709, -4.6104583740234375, -1.2361992597579956, 7.804592609405518, 1.333827018737793, 4.972861289978027, -0.34932422637939453, 4.469369411468506], [-4.457271099090576, -0.8192070722579956, -0.29285332560539246, -1.296765923500061, -1.1879587173461914, -3.9887187480926514, 2.7868704795837402, -3.6516566276550293, 0.6125227212905884, -0.45507997274398804, -1.5135520696640015, 1.1162322759628296, -1.3039439916610718, -4.6104583740234375, 18.407350540161133, 2.733698844909668, -11.7924165725708, -1.8563262224197388, -4.260567665100098, -6.520106315612793, -0.07354669272899628], [4.767032623291016, -4.585958480834961, 7.353282928466797, -1.3655160665512085, 0.8130331635475159, 2.056917667388916, 0.6888126730918884, -1.5579553842544556, -0.8546507954597473, 2.8418021202087402, -1.3852980136871338, 10.390837669372559, 2.7550573348999023, -1.2361992597579956, 2.733698844909668, 16.65298080444336, 2.046306848526001, 1.9169340133666992, 4.503605842590332, -1.266115665435791, 10.78792953491211], [8.396293640136719, 6.054898738861084, 1.1863024234771729, -5.506332874298096, 8.860196113586426, 4.658193111419678, -2.6160449981689453, 8.159934043884277, -0.9868268966674805, 10.503164291381836, -3.3686959743499756, 1.6142631769180298, 7.950589656829834, 7.804592132568359, -11.792415618896484, 2.046306610107422, 35.101287841796875, -0.6953574419021606, 0.20873785018920898, 14.279958724975586, 11.556232452392578], [3.352116346359253, -2.1480202674865723, -0.6032254695892334, 2.502403974533081, -0.10407146066427231, 7.073653221130371, -4.857370853424072, -1.2047641277313232, -7.700119972229004, -3.1041722297668457, -0.17668300867080688, -2.4186713695526123, -0.5421778559684753, 1.3338273763656616, -1.8563262224197388, 1.9169337749481201, -0.6953574419021606, 22.24062728881836, 1.0483667850494385, -1.1135424375534058, -1.9388025999069214], [0.8525083661079407, 0.48918405175209045, 3.55643892288208, 1.3652273416519165, 9.04369831085205, -2.1801249980926514, 0.7349281311035156, 3.8280904293060303, 4.625573635101318, 3.013389825820923, 0.7274256944656372, 8.852814674377441, -2.198843240737915, 4.972862243652344, -4.260567665100098, 4.50360631942749, 0.20873785018920898, 1.0483667850494385, 26.435110092163086, 8.206501960754395, 2.0029006004333496], [4.466707706451416, -0.8322919607162476, -3.104353427886963, 1.0331826210021973, 6.742274761199951, -0.6703812479972839, 1.884113073348999, 4.913878440856934, 1.4679399728775024, 6.786294937133789, -0.551292359828949, 1.5492379665374756, 6.134934425354004, -0.34932446479797363, -6.520105361938477, -1.2661157846450806, 14.279958724975586, -1.1135424375534058, 8.206501960754395, 17.562633514404297, 0.44057321548461914], [4.761205673217773, 1.1635397672653198, 4.656737327575684, -1.823271632194519, 7.755541801452637, -5.977268218994141, -4.081164836883545, 9.010781288146973, 1.5511667728424072, 2.908285617828369, -7.19711446762085, 5.07719612121582, 6.230881690979004, 4.469368934631348, -0.0735466480255127, 10.787930488586426, 11.556233406066895, -1.93880295753479, 2.0029006004333496, 0.4405733346939087, 29.51171112060547]], "type": "heatmap"}], "layout": {"template": {"data": {"histogram2dcontour": [{"type": "histogram2dcontour", "colorbar": {"outlinewidth": 0, "ticks": ""}, "colorscale": [[0.0, "#0d0887"], [0.1111111111111111, "#46039f"], [0.2222222222222222, "#7201a8"], [0.3333333333333333, "#9c179e"], [0.4444444444444444, "#bd3786"], [0.5555555555555556, "#d8576b"], [0.6666666666666666, "#ed7953"], [0.7777777777777778, "#fb9f3a"], [0.8888888888888888, "#fdca26"], [1.0, "#f0f921"]]}], "choropleth": [{"type": "choropleth", "colorbar": {"outlinewidth": 0, "ticks": ""}}], "histogram2d": [{"type": "histogram2d", "colorbar": {"outlinewidth": 0, "ticks": ""}, "colorscale": [[0.0, "#0d0887"], [0.1111111111111111, "#46039f"], [0.2222222222222222, "#7201a8"], [0.3333333333333333, "#9c179e"], [0.4444444444444444, "#bd3786"], [0.5555555555555556, "#d8576b"], [0.6666666666666666, "#ed7953"], [0.7777777777777778, "#fb9f3a"], [0.8888888888888888, "#fdca26"], [1.0, "#f0f921"]]}], "heatmap": [{"type": "heatmap", "colorbar": {"outlinewidth": 0, "ticks": ""}, "colorscale": [[0.0, "#0d0887"], [0.1111111111111111, "#46039f"], [0.2222222222222222, "#7201a8"], [0.3333333333333333, "#9c179e"], [0.4444444444444444, "#bd3786"], [0.5555555555555556, "#d8576b"], [0.6666666666666666, "#ed7953"], [0.7777777777777778, "#fb9f3a"], [0.8888888888888888, "#fdca26"], [1.0, "#f0f921"]]}], "heatmapgl": [{"type": "heatmapgl", "colorbar": {"outlinewidth": 0, "ticks": ""}, "colorscale": [[0.0, "#0d0887"], [0.1111111111111111, "#46039f"], [0.2222222222222222, "#7201a8"], [0.3333333333333333, "#9c179e"], [0.4444444444444444, "#bd3786"], [0.5555555555555556, "#d8576b"], [0.6666666666666666, "#ed7953"], [0.7777777777777778, "#fb9f3a"], [0.8888888888888888, "#fdca26"], [1.0, "#f0f921"]]}], "contourcarpet": [{"type": "contourcarpet", "colorbar": {"outlinewidth": 0, "ticks": ""}}], "contour": [{"type": "contour", "colorbar": {"outlinewidth": 0, "ticks": ""}, "colorscale": [[0.0, "#0d0887"], [0.1111111111111111, "#46039f"], [0.2222222222222222, "#7201a8"], [0.3333333333333333, "#9c179e"], [0.4444444444444444, "#bd3786"], [0.5555555555555556, "#d8576b"], [0.6666666666666666, "#ed7953"], [0.7777777777777778, "#fb9f3a"], [0.8888888888888888, "#fdca26"], [1.0, "#f0f921"]]}], "surface": [{"type": "surface", "colorbar": {"outlinewidth": 0, "ticks": ""}, "colorscale": [[0.0, "#0d0887"], [0.1111111111111111, "#46039f"], [0.2222222222222222, "#7201a8"], [0.3333333333333333, "#9c179e"], [0.4444444444444444, "#bd3786"], [0.5555555555555556, "#d8576b"], [0.6666666666666666, "#ed7953"], [0.7777777777777778, "#fb9f3a"], [0.8888888888888888, "#fdca26"], [1.0, "#f0f921"]]}], "mesh3d": [{"type": "mesh3d", "colorbar": {"outlinewidth": 0, "ticks": ""}}], "scatter": [{"fillpattern": {"fillmode": "overlay", "size": 10, "solidity": 0.2}, "type": "scatter"}], "parcoords": [{"type": "parcoords", "line": {"colorbar": {"outlinewidth": 0, "ticks": ""}}}], "scatterpolargl": [{"type": "scatterpolargl", "marker": {"colorbar": {"outlinewidth": 0, "ticks": ""}}}], "bar": [{"error_x": {"color": "#2a3f5f"}, "error_y": {"color": "#2a3f5f"}, "marker": {"line": {"color": "#E5ECF6", "width": 0.5}, "pattern": {"fillmode": "overlay", "size": 10, "solidity": 0.2}}, "type": "bar"}], "scattergeo": [{"type": "scattergeo", "marker": {"colorbar": {"outlinewidth": 0, "ticks": ""}}}], "scatterpolar": [{"type": "scatterpolar", "marker": {"colorbar": {"outlinewidth": 0, "ticks": ""}}}], "histogram": [{"marker": {"pattern": {"fillmode": "overlay", "size": 10, "solidity": 0.2}}, "type": "histogram"}], "scattergl": [{"type": "scattergl", "marker": {"colorbar": {"outlinewidth": 0, "ticks": ""}}}], "scatter3d": [{"type": "scatter3d", "line": {"colorbar": {"outlinewidth": 0, "ticks": ""}}, "marker": {"colorbar": {"outlinewidth": 0, "ticks": ""}}}], "scattermapbox": [{"type": "scattermapbox", "marker": {"colorbar": {"outlinewidth": 0, "ticks": ""}}}], "scatterternary": [{"type": "scatterternary", "marker": {"colorbar": {"outlinewidth": 0, "ticks": ""}}}], "scattercarpet": [{"type": "scattercarpet", "marker": {"colorbar": {"outlinewidth": 0, "ticks": ""}}}], "carpet": [{"aaxis": {"endlinecolor": "#2a3f5f", "gridcolor": "white", "linecolor": "white", "minorgridcolor": "white", "startlinecolor": "#2a3f5f"}, "baxis": {"endlinecolor": "#2a3f5f", "gridcolor": "white", "linecolor": "white", "minorgridcolor": "white", "startlinecolor": "#2a3f5f"}, "type": "carpet"}], "table": [{"cells": {"fill": {"color": "#EBF0F8"}, "line": {"color": "white"}}, "header": {"fill": {"color": "#C8D4E3"}, "line": {"color": "white"}}, "type": "table"}], "barpolar": [{"marker": {"line": {"color": "#E5ECF6", "width": 0.5}, "pattern": {"fillmode": "overlay", "size": 10, "solidity": 0.2}}, "type": "barpolar"}], "pie": [{"automargin": true, "type": "pie"}]}, "layout": {"autotypenumbers": "strict", "colorway": ["#636efa", "#EF553B", "#00cc96", "#ab63fa", "#FFA15A", "#19d3f3", "#FF6692", "#B6E880", "#FF97FF", "#FECB52"], "font": {"color": "#2a3f5f"}, "hovermode": "closest", "hoverlabel": {"align": "left"}, "paper_bgcolor": "white", "plot_bgcolor": "#E5ECF6", "polar": {"bgcolor": "#E5ECF6", "angularaxis": {"gridcolor": "white", "linecolor": "white", "ticks": ""}, "radialaxis": {"gridcolor": "white", "linecolor": "white", "ticks": ""}}, "ternary": {"bgcolor": "#E5ECF6", "aaxis": {"gridcolor": "white", "linecolor": "white", "ticks": ""}, "baxis": {"gridcolor": "white", "linecolor": "white", "ticks": ""}, "caxis": {"gridcolor": "white", "linecolor": "white", "ticks": ""}}, "coloraxis": {"colorbar": {"outlinewidth": 0, "ticks": ""}}, "colorscale": {"sequential": [[0.0, "#0d0887"], [0.1111111111111111, "#46039f"], [0.2222222222222222, "#7201a8"], [0.3333333333333333, "#9c179e"], [0.4444444444444444, "#bd3786"], [0.5555555555555556, "#d8576b"], [0.6666666666666666, "#ed7953"], [0.7777777777777778, "#fb9f3a"], [0.8888888888888888, "#fdca26"], [1.0, "#f0f921"]], "sequentialminus": [[0.0, "#0d0887"], [0.1111111111111111, "#46039f"], [0.2222222222222222, "#7201a8"], [0.3333333333333333, "#9c179e"], [0.4444444444444444, "#bd3786"], [0.5555555555555556, "#d8576b"], [0.6666666666666666, "#ed7953"], [0.7777777777777778, "#fb9f3a"], [0.8888888888888888, "#fdca26"], [1.0, "#f0f921"]], "diverging": [[0, "#8e0152"], [0.1, "#c51b7d"], [0.2, "#de77ae"], [0.3, "#f1b6da"], [0.4, "#fde0ef"], [0.5, "#f7f7f7"], [0.6, "#e6f5d0"], [0.7, "#b8e186"], [0.8, "#7fbc41"], [0.9, "#4d9221"], [1, "#276419"]]}, "xaxis": {"gridcolor": "white", "linecolor": "white", "ticks": "", "title": {"standoff": 15}, "zerolinecolor": "white", "automargin": true, "zerolinewidth": 2}, "yaxis": {"gridcolor": "white", "linecolor": "white", "ticks": "", "title": {"standoff": 15}, "zerolinecolor": "white", "automargin": true, "zerolinewidth": 2}, "scene": {"xaxis": {"backgroundcolor": "#E5ECF6", "gridcolor": "white", "linecolor": "white", "showbackground": true, "ticks": "", "zerolinecolor": "white", "gridwidth": 2}, "yaxis": {"backgroundcolor": "#E5ECF6", "gridcolor": "white", "linecolor": "white", "showbackground": true, "ticks": "", "zerolinecolor": "white", "gridwidth": 2}, "zaxis": {"backgroundcolor": "#E5ECF6", "gridcolor": "white", "linecolor": "white", "showbackground": true, "ticks": "", "zerolinecolor": "white", "gridwidth": 2}}, "shapedefaults": {"line": {"color": "#2a3f5f"}}, "annotationdefaults": {"arrowcolor": "#2a3f5f", "arrowhead": 0, "arrowwidth": 1}, "geo": {"bgcolor": "white", "landcolor": "#E5ECF6", "subunitcolor": "white", "showland": true, "showlakes": true, "lakecolor": "white"}, "title": {"x": 0.05}, "mapbox": {"style": "light"}}}}}