{"data": [{"z": [[17.74363899230957, -4.372258186340332, -2.2333550453186035, 4.929715633392334, 4.00657844543457, 7.798444747924805, 4.1991071701049805, 1.3297687768936157, -1.1819803714752197, 11.553720474243164, -4.329910755157471, 7.811916828155518, 7.978471279144287, -0.33416950702667236, -4.457247734069824, 4.767086029052734, 8.396317481994629, 3.3521289825439453, 0.8525140285491943, 4.466727256774902, 4.761264324188232], [-4.372258186340332, 27.1640682220459, 0.9064836502075195, -5.072600841522217, 1.7756028175354004, -5.916702747344971, -0.3571256995201111, 6.273033618927002, 8.618639945983887, -5.682663917541504, 1.2848036289215088, -5.482468128204346, -5.4143877029418945, 8.587166786193848, -0.8192206025123596, -4.585949897766113, 6.054923057556152, -2.14802885055542, 0.48918044567108154, -0.832324743270874, 1.1635243892669678], [-2.2333550453186035, 0.9064836502075195, 31.89042854309082, -0.5648379325866699, -2.8145062923431396, 2.41196870803833, -0.23095685243606567, 7.308371543884277, -1.2599525451660156, -1.3644083738327026, 2.3838019371032715, -4.318994045257568, -1.2631864547729492, 5.954317569732666, -0.292876660823822, 7.353307247161865, 1.1863219738006592, -0.603225588798523, 3.5564281940460205, -3.104391098022461, 4.656708717346191], [4.929715633392334, -5.072600841522217, -0.5648379325866699, 25.76329231262207, 0.711656391620636, 4.577144145965576, -1.6103191375732422, -2.532689332962036, -2.9810030460357666, 8.910661697387695, -0.8859404921531677, -2.8012356758117676, 8.718595504760742, -1.4022610187530518, -1.2967857122421265, -1.3654968738555908, -5.506258964538574, 2.5023765563964844, 1.3652927875518799, 1.033156156539917, -1.8232649564743042], [4.00657844543457, 1.7756028175354004, -2.8145062923431396, 0.711656391620636, 27.616825103759766, 1.0002824068069458, -1.9481195211410522, 2.980102062225342, -1.999893307685852, 6.885390281677246, -7.115834712982178, -1.4987422227859497, -1.6557669639587402, -2.463608980178833, -1.1880106925964355, 0.8130407333374023, 8.860227584838867, -0.1040935218334198, 9.043716430664062, 6.742245197296143, 7.755477428436279], [7.798444747924805, -5.916702747344971, 2.41196870803833, 4.577144145965576, 1.0002824068069458, 19.83966064453125, 2.1543054580688477, -6.230658531188965, -8.451061248779297, 9.117101669311523, 0.9683035016059875, 3.944227695465088, 2.248486042022705, -0.6963645219802856, -3.9888031482696533, 2.056874990463257, 4.658230781555176, 7.073614120483398, -2.1801838874816895, -0.6704285144805908, -5.977341175079346], [4.1991071701049805, -0.3571256995201111, -0.23095685243606567, -1.6103191375732422, -1.9481195211410522, 2.1543054580688477, 17.744613647460938, 3.253851890563965, 6.008789539337158, 2.9841651916503906, 3.749016046524048, 4.712629795074463, -1.6785870790481567, 0.3687688410282135, 2.786921977996826, 0.688852071762085, -2.6160356998443604, -4.857361793518066, 0.7349566221237183, 1.884189486503601, -4.0811004638671875], [1.3297687768936157, 6.273033618927002, 7.308371543884277, -2.532689332962036, 2.980102062225342, -6.230658531188965, 3.253851890563965, 20.314586639404297, 4.090485572814941, -1.0230985879898071, 6.8572916984558105, -6.306049346923828, -1.5943845510482788, 6.539348602294922, -3.651740074157715, -1.5579801797866821, 8.159961700439453, -1.2048252820968628, 3.828058958053589, 4.913799285888672, 9.010697364807129], [-1.1819803714752197, 8.618639945983887, -1.2599525451660156, -2.9810030460357666, -1.999893307685852, -8.451061248779297, 6.008789539337158, 4.090485572814941, 18.43938446044922, -1.0704622268676758, 2.9428110122680664, -0.24813513457775116, -2.1860644817352295, 3.349881410598755, 0.6124753355979919, -0.8546806573867798, -0.9867539405822754, -7.700139045715332, 4.625580787658691, 1.4678699970245361, 1.5511008501052856], [11.553720474243164, -5.682663917541504, -1.3644083738327026, 8.910661697387695, 6.885390281677246, 9.117101669311523, 2.9841651916503906, -1.0230985879898071, -1.0704622268676758, 26.49163055419922, -4.999363899230957, 5.627045631408691, 13.972420692443848, -5.842642784118652, -0.45504632592201233, 2.841871738433838, 10.503201484680176, -3.104165554046631, 3.013418436050415, 6.7862749099731445, 2.9083430767059326], [-4.329910755157471, 1.2848036289215088, 2.3838019371032715, -0.8859404921531677, -7.115834712982178, 0.9683035016059875, 3.749016046524048, 6.8572916984558105, 2.9428110122680664, -4.999363899230957, 21.532129287719727, -4.634963512420654, -7.706142902374268, -0.2593238651752472, -1.5135893821716309, -1.3853015899658203, -3.368682861328125, -0.1766955852508545, 0.7274107933044434, -0.5513595342636108, -7.197168827056885], [7.811916828155518, -5.482468128204346, -4.318994045257568, -2.8012356758117676, -1.4987422227859497, 3.944227695465088, 4.712629795074463, -6.306049346923828, -0.24813513457775116, 5.627045631408691, -4.634963512420654, 27.916454315185547, 0.3141380548477173, -0.5950796008110046, 1.116169810295105, 10.39085578918457, 1.6142702102661133, -2.4186928272247314, 8.85279369354248, 1.5492545366287231, 5.077116966247559], [7.978471279144287, -5.4143877029418945, -1.2631864547729492, 8.718595504760742, -1.6557669639587402, 2.248486042022705, -1.6785870790481567, -1.5943845510482788, -2.1860644817352295, 13.972420692443848, -7.706142902374268, 0.3141380548477173, 21.826807022094727, -2.114917278289795, -1.3040294647216797, 2.7550294399261475, 7.95061731338501, -0.5422079563140869, -2.1988840103149414, 6.134925842285156, 6.2307891845703125], [-0.33416950702667236, 8.587166786193848, 5.954317569732666, -1.4022610187530518, -2.463608980178833, -0.6963645219802856, 0.3687688410282135, 6.539348602294922, 3.349881410598755, -5.842642784118652, -0.2593238651752472, -0.5950796008110046, -2.114917278289795, 24.433765411376953, -4.610476016998291, -1.236163854598999, 7.8046135902404785, 1.333827257156372, 4.9728875160217285, -0.3493878245353699, 4.469381332397461], [-4.457247734069824, -0.8192206025123596, -0.292876660823822, -1.2967857122421265, -1.1880106925964355, -3.9888031482696533, 2.786921977996826, -3.651740074157715, 0.6124753355979919, -0.45504632592201233, -1.5135893821716309, 1.116169810295105, -1.3040294647216797, -4.610476016998291, 18.40730857849121, 2.733696937561035, -11.792396545410156, -1.8563681840896606, -4.260564804077148, -6.520125389099121, -0.07357077300548553], [4.767086029052734, -4.585949897766113, 7.353307247161865, -1.3654968738555908, 0.8130407333374023, 2.056874990463257, 0.688852071762085, -1.5579801797866821, -0.8546806573867798, 2.841871738433838, -1.3853015899658203, 10.39085578918457, 2.7550294399261475, -1.236163854598999, 2.733696937561035, 16.653013229370117, 2.0463404655456543, 1.9169336557388306, 4.503637313842773, -1.2660553455352783, 10.787971496582031], [8.396319389343262, 6.054924011230469, 1.186322569847107, -5.506258964538574, 8.860228538513184, 4.658230781555176, -2.6160356998443604, 8.15996265411377, -0.9867546558380127, 10.503201484680176, -3.368682622909546, 1.6142698526382446, 7.950617790222168, 7.80461311340332, -11.792397499084473, 2.0463411808013916, 35.101348876953125, -0.6953502893447876, 0.20877790451049805, 14.280013084411621, 11.55628490447998], [3.352128744125366, -2.148028612136841, -0.6032260656356812, 2.50237774848938, -0.1040935218334198, 7.073614120483398, -4.857361793518066, -1.2048256397247314, -7.70013952255249, -3.1041643619537354, -0.17669551074504852, -2.4186925888061523, -0.5422083735466003, 1.3338274955749512, -1.8563677072525024, 1.9169338941574097, -0.6953502893447876, 22.240612030029297, 1.0483403205871582, -1.1135481595993042, -1.9388294219970703], [0.8525142073631287, 0.4891802668571472, 3.5564286708831787, 1.365293025970459, 9.043718338012695, -2.1801838874816895, 0.734956681728363, 3.828059196472168, 4.62558126449585, 3.013418197631836, 0.7274112105369568, 8.852792739868164, -2.1988837718963623, 4.972888469696045, -4.260564804077148, 4.503637790679932, 0.20877790451049805, 1.0483403205871582, 26.435134887695312, 8.206582069396973, 2.0029499530792236], [4.466727256774902, -0.832324743270874, -3.104391098022461, 1.0331557989120483, 6.742245674133301, -0.6704287528991699, 1.884189486503601, 4.9137983322143555, 1.4678703546524048, 6.786275386810303, -0.5513597130775452, 1.5492545366287231, 6.1349263191223145, -0.34938833117485046, -6.5201263427734375, -1.2660551071166992, 14.280013084411621, -1.1135481595993042, 8.206582069396973, 17.56250762939453, 0.44059914350509644], [4.761264324188232, 1.1635239124298096, 4.656708717346191, -1.8232645988464355, 7.755477428436279, -5.977341651916504, -4.081099987030029, 9.010697364807129, 1.5511013269424438, 2.9083433151245117, -7.197170257568359, 5.077117443084717, 6.230789661407471, 4.469381332397461, -0.07357025146484375, 10.787971496582031, 11.556283950805664, -1.9388296604156494, 2.0029501914978027, 0.44059890508651733, 29.51171112060547]], "type": "heatmap"}], "layout": {"template": {"data": {"histogram2dcontour": [{"type": "histogram2dcontour", "colorbar": {"outlinewidth": 0, "ticks": ""}, "colorscale": [[0.0, "#0d0887"], [0.1111111111111111, "#46039f"], [0.2222222222222222, "#7201a8"], [0.3333333333333333, "#9c179e"], [0.4444444444444444, "#bd3786"], [0.5555555555555556, "#d8576b"], [0.6666666666666666, "#ed7953"], [0.7777777777777778, "#fb9f3a"], [0.8888888888888888, "#fdca26"], [1.0, "#f0f921"]]}], "choropleth": [{"type": "choropleth", "colorbar": {"outlinewidth": 0, "ticks": ""}}], "histogram2d": [{"type": "histogram2d", "colorbar": {"outlinewidth": 0, "ticks": ""}, "colorscale": [[0.0, "#0d0887"], [0.1111111111111111, "#46039f"], [0.2222222222222222, "#7201a8"], [0.3333333333333333, "#9c179e"], [0.4444444444444444, "#bd3786"], [0.5555555555555556, "#d8576b"], [0.6666666666666666, "#ed7953"], [0.7777777777777778, "#fb9f3a"], [0.8888888888888888, "#fdca26"], [1.0, "#f0f921"]]}], "heatmap": [{"type": "heatmap", "colorbar": {"outlinewidth": 0, "ticks": ""}, "colorscale": [[0.0, "#0d0887"], [0.1111111111111111, "#46039f"], [0.2222222222222222, "#7201a8"], [0.3333333333333333, "#9c179e"], [0.4444444444444444, "#bd3786"], [0.5555555555555556, "#d8576b"], [0.6666666666666666, "#ed7953"], [0.7777777777777778, "#fb9f3a"], [0.8888888888888888, "#fdca26"], [1.0, "#f0f921"]]}], "heatmapgl": [{"type": "heatmapgl", "colorbar": {"outlinewidth": 0, "ticks": ""}, "colorscale": [[0.0, "#0d0887"], [0.1111111111111111, "#46039f"], [0.2222222222222222, "#7201a8"], [0.3333333333333333, "#9c179e"], [0.4444444444444444, "#bd3786"], [0.5555555555555556, "#d8576b"], [0.6666666666666666, "#ed7953"], [0.7777777777777778, "#fb9f3a"], [0.8888888888888888, "#fdca26"], [1.0, "#f0f921"]]}], "contourcarpet": [{"type": "contourcarpet", "colorbar": {"outlinewidth": 0, "ticks": ""}}], "contour": [{"type": "contour", "colorbar": {"outlinewidth": 0, "ticks": ""}, "colorscale": [[0.0, "#0d0887"], [0.1111111111111111, "#46039f"], [0.2222222222222222, "#7201a8"], [0.3333333333333333, "#9c179e"], [0.4444444444444444, "#bd3786"], [0.5555555555555556, "#d8576b"], [0.6666666666666666, "#ed7953"], [0.7777777777777778, "#fb9f3a"], [0.8888888888888888, "#fdca26"], [1.0, "#f0f921"]]}], "surface": [{"type": "surface", "colorbar": {"outlinewidth": 0, "ticks": ""}, "colorscale": [[0.0, "#0d0887"], [0.1111111111111111, "#46039f"], [0.2222222222222222, "#7201a8"], [0.3333333333333333, "#9c179e"], [0.4444444444444444, "#bd3786"], [0.5555555555555556, "#d8576b"], [0.6666666666666666, "#ed7953"], [0.7777777777777778, "#fb9f3a"], [0.8888888888888888, "#fdca26"], [1.0, "#f0f921"]]}], "mesh3d": [{"type": "mesh3d", "colorbar": {"outlinewidth": 0, "ticks": ""}}], "scatter": [{"fillpattern": {"fillmode": "overlay", "size": 10, "solidity": 0.2}, "type": "scatter"}], "parcoords": [{"type": "parcoords", "line": {"colorbar": {"outlinewidth": 0, "ticks": ""}}}], "scatterpolargl": [{"type": "scatterpolargl", "marker": {"colorbar": {"outlinewidth": 0, "ticks": ""}}}], "bar": [{"error_x": {"color": "#2a3f5f"}, "error_y": {"color": "#2a3f5f"}, "marker": {"line": {"color": "#E5ECF6", "width": 0.5}, "pattern": {"fillmode": "overlay", "size": 10, "solidity": 0.2}}, "type": "bar"}], "scattergeo": [{"type": "scattergeo", "marker": {"colorbar": {"outlinewidth": 0, "ticks": ""}}}], "scatterpolar": [{"type": "scatterpolar", "marker": {"colorbar": {"outlinewidth": 0, "ticks": ""}}}], "histogram": [{"marker": {"pattern": {"fillmode": "overlay", "size": 10, "solidity": 0.2}}, "type": "histogram"}], "scattergl": [{"type": "scattergl", "marker": {"colorbar": {"outlinewidth": 0, "ticks": ""}}}], "scatter3d": [{"type": "scatter3d", "line": {"colorbar": {"outlinewidth": 0, "ticks": ""}}, "marker": {"colorbar": {"outlinewidth": 0, "ticks": ""}}}], "scattermapbox": [{"type": "scattermapbox", "marker": {"colorbar": {"outlinewidth": 0, "ticks": ""}}}], "scatterternary": [{"type": "scatterternary", "marker": {"colorbar": {"outlinewidth": 0, "ticks": ""}}}], "scattercarpet": [{"type": "scattercarpet", "marker": {"colorbar": {"outlinewidth": 0, "ticks": ""}}}], "carpet": [{"aaxis": {"endlinecolor": "#2a3f5f", "gridcolor": "white", "linecolor": "white", "minorgridcolor": "white", "startlinecolor": "#2a3f5f"}, "baxis": {"endlinecolor": "#2a3f5f", "gridcolor": "white", "linecolor": "white", "minorgridcolor": "white", "startlinecolor": "#2a3f5f"}, "type": "carpet"}], "table": [{"cells": {"fill": {"color": "#EBF0F8"}, "line": {"color": "white"}}, "header": {"fill": {"color": "#C8D4E3"}, "line": {"color": "white"}}, "type": "table"}], "barpolar": [{"marker": {"line": {"color": "#E5ECF6", "width": 0.5}, "pattern": {"fillmode": "overlay", "size": 10, "solidity": 0.2}}, "type": "barpolar"}], "pie": [{"automargin": true, "type": "pie"}]}, "layout": {"autotypenumbers": "strict", "colorway": ["#636efa", "#EF553B", "#00cc96", "#ab63fa", "#FFA15A", "#19d3f3", "#FF6692", "#B6E880", "#FF97FF", "#FECB52"], "font": {"color": "#2a3f5f"}, "hovermode": "closest", "hoverlabel": {"align": "left"}, "paper_bgcolor": "white", "plot_bgcolor": "#E5ECF6", "polar": {"bgcolor": "#E5ECF6", "angularaxis": {"gridcolor": "white", "linecolor": "white", "ticks": ""}, "radialaxis": {"gridcolor": "white", "linecolor": "white", "ticks": ""}}, "ternary": {"bgcolor": "#E5ECF6", "aaxis": {"gridcolor": "white", "linecolor": "white", "ticks": ""}, "baxis": {"gridcolor": "white", "linecolor": "white", "ticks": ""}, "caxis": {"gridcolor": "white", "linecolor": "white", "ticks": ""}}, "coloraxis": {"colorbar": {"outlinewidth": 0, "ticks": ""}}, "colorscale": {"sequential": [[0.0, "#0d0887"], [0.1111111111111111, "#46039f"], [0.2222222222222222, "#7201a8"], [0.3333333333333333, "#9c179e"], [0.4444444444444444, "#bd3786"], [0.5555555555555556, "#d8576b"], [0.6666666666666666, "#ed7953"], [0.7777777777777778, "#fb9f3a"], [0.8888888888888888, "#fdca26"], [1.0, "#f0f921"]], "sequentialminus": [[0.0, "#0d0887"], [0.1111111111111111, "#46039f"], [0.2222222222222222, "#7201a8"], [0.3333333333333333, "#9c179e"], [0.4444444444444444, "#bd3786"], [0.5555555555555556, "#d8576b"], [0.6666666666666666, "#ed7953"], [0.7777777777777778, "#fb9f3a"], [0.8888888888888888, "#fdca26"], [1.0, "#f0f921"]], "diverging": [[0, "#8e0152"], [0.1, "#c51b7d"], [0.2, "#de77ae"], [0.3, "#f1b6da"], [0.4, "#fde0ef"], [0.5, "#f7f7f7"], [0.6, "#e6f5d0"], [0.7, "#b8e186"], [0.8, "#7fbc41"], [0.9, "#4d9221"], [1, "#276419"]]}, "xaxis": {"gridcolor": "white", "linecolor": "white", "ticks": "", "title": {"standoff": 15}, "zerolinecolor": "white", "automargin": true, "zerolinewidth": 2}, "yaxis": {"gridcolor": "white", "linecolor": "white", "ticks": "", "title": {"standoff": 15}, "zerolinecolor": "white", "automargin": true, "zerolinewidth": 2}, "scene": {"xaxis": {"backgroundcolor": "#E5ECF6", "gridcolor": "white", "linecolor": "white", "showbackground": true, "ticks": "", "zerolinecolor": "white", "gridwidth": 2}, "yaxis": {"backgroundcolor": "#E5ECF6", "gridcolor": "white", "linecolor": "white", "showbackground": true, "ticks": "", "zerolinecolor": "white", "gridwidth": 2}, "zaxis": {"backgroundcolor": "#E5ECF6", "gridcolor": "white", "linecolor": "white", "showbackground": true, "ticks": "", "zerolinecolor": "white", "gridwidth": 2}}, "shapedefaults": {"line": {"color": "#2a3f5f"}}, "annotationdefaults": {"arrowcolor": "#2a3f5f", "arrowhead": 0, "arrowwidth": 1}, "geo": {"bgcolor": "white", "landcolor": "#E5ECF6", "subunitcolor": "white", "showland": true, "showlakes": true, "lakecolor": "white"}, "title": {"x": 0.05}, "mapbox": {"style": "light"}}}}}