{"data": [{"z": [[17.748798370361328, -4.370733261108398, -2.234816789627075, 4.931511878967285, 4.0044660568237305, 7.79988431930542, 4.204433917999268, 1.3302794694900513, -1.1831717491149902, 11.55591869354248, -4.3306565284729, 7.813831806182861, 7.977534294128418, -0.3330846130847931, -4.4546661376953125, 4.772496223449707, 8.402655601501465, 3.3562192916870117, 0.853075385093689, 4.466388702392578, 4.764934062957764], [-4.370733261108398, 27.163543701171875, 0.9032720923423767, -5.072479724884033, 1.771799921989441, -5.916764259338379, -0.35531267523765564, 6.27263069152832, 8.618209838867188, -5.681874752044678, 1.280476689338684, -5.486667633056641, -5.417970657348633, 8.584332466125488, -0.8187474012374878, -4.584062576293945, 6.060763835906982, -2.1489038467407227, 0.49193012714385986, -0.8361196517944336, 1.1637935638427734], [-2.234816789627075, 0.9032720923423767, 31.88875961303711, -0.5643087029457092, -2.8190014362335205, 2.411878824234009, -0.22492507100105286, 7.305132865905762, -1.2630507946014404, -1.3614574670791626, 2.3818867206573486, -4.321556091308594, -1.266843318939209, 5.954416275024414, -0.29119032621383667, 7.356671333312988, 1.1920827627182007, -0.5989909172058105, 3.5589561462402344, -3.109598159790039, 4.656362056732178], [4.931511878967285, -5.072479724884033, -0.5643087029457092, 25.766685485839844, 0.7105592489242554, 4.574779510498047, -1.6058688163757324, -2.5342140197753906, -2.9816746711730957, 8.913213729858398, -0.8857099413871765, -2.803399085998535, 8.717667579650879, -1.4024933576583862, -1.2966923713684082, -1.3646533489227295, -5.49612283706665, 2.503650665283203, 1.3696486949920654, 1.029238224029541, -1.8221490383148193], [4.0044660568237305, 1.771799921989441, -2.8190014362335205, 0.7105592489242554, 27.615732192993164, 1.0018495321273804, -1.947769284248352, 2.9793498516082764, -2.002523183822632, 6.884588241577148, -7.121836185455322, -1.500686764717102, -1.6571868658065796, -2.465458869934082, -1.1898194551467896, 0.8139128088951111, 8.858549118041992, -0.10552516579627991, 9.046770095825195, 6.73979377746582, 7.753310203552246], [7.79988431930542, -5.916764259338379, 2.411878824234009, 4.574779510498047, 1.0018495321273804, 19.827531814575195, 2.1541857719421387, -6.2378435134887695, -8.453717231750488, 9.115159034729004, 0.9708191752433777, 3.9426701068878174, 2.247016668319702, -0.6978869438171387, -3.995209217071533, 2.0493221282958984, 4.661406517028809, 7.070838928222656, -2.184605360031128, -0.6762361526489258, -5.979921817779541], [4.204433917999268, -0.35531267523765564, -0.22492507100105286, -1.6058688163757324, -1.947769284248352, 2.1541857719421387, 17.747358322143555, 3.2538509368896484, 6.011718273162842, 2.990530252456665, 3.7535717487335205, 4.711738586425781, -1.6801748275756836, 0.3723936378955841, 2.7917563915252686, 0.6902066469192505, -2.6091954708099365, -4.85450553894043, 0.7390663623809814, 1.8900047540664673, -4.079211711883545], [1.3302794694900513, 6.27263069152832, 7.305132865905762, -2.5342140197753906, 2.9793498516082764, -6.2378435134887695, 3.2538509368896484, 20.311155319213867, 4.090303897857666, -1.025343894958496, 6.854194164276123, -6.311070442199707, -1.5983843803405762, 6.533964157104492, -3.6571762561798096, -1.5613383054733276, 8.165443420410156, -1.2107348442077637, 3.8270978927612305, 4.905426979064941, 9.008498191833496], [-1.1831717491149902, 8.618209838867188, -1.2630507946014404, -2.9816746711730957, -2.002523183822632, -8.453717231750488, 6.011718273162842, 4.090303897857666, 18.436201095581055, -1.0702078342437744, 2.9403111934661865, -0.25116202235221863, -2.1878440380096436, 3.3474082946777344, 0.610200822353363, -0.8561896681785583, -0.9816862344741821, -7.700686454772949, 4.627381801605225, 1.4613170623779297, 1.5493394136428833], [11.55591869354248, -5.681874752044678, -1.3614574670791626, 8.913213729858398, 6.884588241577148, 9.115159034729004, 2.990530252456665, -1.025343894958496, -1.0702078342437744, 26.492767333984375, -4.998384475708008, 5.628942012786865, 13.972131729125977, -5.843240261077881, -0.4518622159957886, 2.847564935684204, 10.511018753051758, -3.1004645824432373, 3.0167715549468994, 6.781342029571533, 2.9115066528320312], [-4.3306565284729, 1.280476689338684, 2.3818867206573486, -0.8857099413871765, -7.121836185455322, 0.9708191752433777, 3.7535717487335205, 6.854194164276123, 2.9403111934661865, -4.998384475708008, 21.527647018432617, -4.638705730438232, -7.7094621658325195, -0.26168957352638245, -1.510969877243042, -1.38246488571167, -3.3652145862579346, -0.1735231876373291, 0.7310318946838379, -0.5577154159545898, -7.198080062866211], [7.813831806182861, -5.486667633056641, -4.321556091308594, -2.803399085998535, -1.500686764717102, 3.9426701068878174, 4.711738586425781, -6.311070442199707, -0.25116202235221863, 5.628942012786865, -4.638705730438232, 27.914846420288086, 0.30936864018440247, -0.594889760017395, 1.1160376071929932, 10.392194747924805, 1.608237624168396, -2.419111490249634, 8.85543155670166, 1.5503928661346436, 5.075323104858398], [7.977534294128418, -5.417970657348633, -1.266843318939209, 8.717667579650879, -1.6571868658065796, 2.247016668319702, -1.6801748275756836, -1.5983843803405762, -2.1878440380096436, 13.972131729125977, -7.7094621658325195, 0.30936864018440247, 21.823184967041016, -2.1163721084594727, -1.3072688579559326, 2.751906394958496, 7.949642658233643, -0.5444157123565674, -2.199061393737793, 6.134586334228516, 6.227457523345947], [-0.3330846130847931, 8.584332466125488, 5.954416275024414, -1.4024933576583862, -2.465458869934082, -0.6978869438171387, 0.3723936378955841, 6.533964157104492, 3.3474082946777344, -5.843240261077881, -0.26168957352638245, -0.594889760017395, -2.1163721084594727, 24.428142547607422, -4.609118461608887, -1.2323148250579834, 7.810371398925781, 1.3356447219848633, 4.978428840637207, -0.35667163133621216, 4.4708123207092285], [-4.4546661376953125, -0.8187474012374878, -0.29119032621383667, -1.2966923713684082, -1.1898194551467896, -3.995209217071533, 2.7917563915252686, -3.6571762561798096, 0.610200822353363, -0.4518622159957886, -1.510969877243042, 1.1160376071929932, -1.3072688579559326, -4.609118461608887, 18.406503677368164, 2.7329652309417725, -11.786629676818848, -1.8539481163024902, -4.261231899261475, -6.524941921234131, -0.07402129471302032], [4.772496223449707, -4.584062576293945, 7.356671333312988, -1.3646533489227295, 0.8139128088951111, 2.0493221282958984, 0.6902066469192505, -1.5613383054733276, -0.8561896681785583, 2.847564935684204, -1.38246488571167, 10.392194747924805, 2.751906394958496, -1.2323148250579834, 2.7329652309417725, 16.65057373046875, 2.050029754638672, 1.9174528121948242, 4.504289150238037, -1.2652182579040527, 10.788607597351074], [8.402656555175781, 6.060763359069824, 1.1920827627182007, -5.496122360229492, 8.858549118041992, 4.661406517028809, -2.609194755554199, 8.16544246673584, -0.981686532497406, 10.511018753051758, -3.3652145862579346, 1.6082377433776855, 7.949642181396484, 7.810372829437256, -11.786626815795898, 2.050029993057251, 35.11395263671875, -0.6918931007385254, 0.2151775360107422, 14.285409927368164, 11.559118270874023], [3.356219530105591, -2.1489038467407227, -0.5989907383918762, 2.5036509037017822, -0.10552498698234558, 7.0708394050598145, -4.854504585266113, -1.2107349634170532, -7.700686454772949, -3.100463628768921, -0.17352314293384552, -2.419111490249634, -0.5444161891937256, 1.3356446027755737, -1.853947639465332, 1.9174528121948242, -0.6918931007385254, 22.24396514892578, 1.0499193668365479, -1.1143696308135986, -1.9386121034622192], [0.8530753254890442, 0.49193039536476135, 3.5589559078216553, 1.3696483373641968, 9.046770095825195, -2.184605121612549, 0.7390661835670471, 3.8270983695983887, 4.627381324768066, 3.0167720317840576, 0.7310315370559692, 8.85543155670166, -2.199061632156372, 4.978428840637207, -4.261231899261475, 4.504289150238037, 0.2151775360107422, 1.0499193668365479, 26.433597564697266, 8.210396766662598, 2.005239486694336], [4.466388702392578, -0.8361194729804993, -3.109597682952881, 1.0292378664016724, 6.739792823791504, -0.6762363910675049, 1.8900046348571777, 4.905426025390625, 1.4613171815872192, 6.781342029571533, -0.5577154159545898, 1.550392746925354, 6.134587287902832, -0.356671541929245, -6.5249409675598145, -1.2652180194854736, 14.285409927368164, -1.1143696308135986, 8.210396766662598, 17.546144485473633, 0.44061583280563354], [4.764934539794922, 1.163793683052063, 4.656362056732178, -1.8221489191055298, 7.753310203552246, -5.979922294616699, -4.079211711883545, 9.00849723815918, 1.5493392944335938, 2.9115071296691895, -7.198080062866211, 5.075323104858398, 6.227457523345947, 4.47081184387207, -0.0740203857421875, 10.78860855102539, 11.55911922454834, -1.938612461090088, 2.005239725112915, 0.44061577320098877, 29.51171112060547]], "type": "heatmap"}], "layout": {"template": {"data": {"histogram2dcontour": [{"type": "histogram2dcontour", "colorbar": {"outlinewidth": 0, "ticks": ""}, "colorscale": [[0.0, "#0d0887"], [0.1111111111111111, "#46039f"], [0.2222222222222222, "#7201a8"], [0.3333333333333333, "#9c179e"], [0.4444444444444444, "#bd3786"], [0.5555555555555556, "#d8576b"], [0.6666666666666666, "#ed7953"], [0.7777777777777778, "#fb9f3a"], [0.8888888888888888, "#fdca26"], [1.0, "#f0f921"]]}], "choropleth": [{"type": "choropleth", "colorbar": {"outlinewidth": 0, "ticks": ""}}], "histogram2d": [{"type": "histogram2d", "colorbar": {"outlinewidth": 0, "ticks": ""}, "colorscale": [[0.0, "#0d0887"], [0.1111111111111111, "#46039f"], [0.2222222222222222, "#7201a8"], [0.3333333333333333, "#9c179e"], [0.4444444444444444, "#bd3786"], [0.5555555555555556, "#d8576b"], [0.6666666666666666, "#ed7953"], [0.7777777777777778, "#fb9f3a"], [0.8888888888888888, "#fdca26"], [1.0, "#f0f921"]]}], "heatmap": [{"type": "heatmap", "colorbar": {"outlinewidth": 0, "ticks": ""}, "colorscale": [[0.0, "#0d0887"], [0.1111111111111111, "#46039f"], [0.2222222222222222, "#7201a8"], [0.3333333333333333, "#9c179e"], [0.4444444444444444, "#bd3786"], [0.5555555555555556, "#d8576b"], [0.6666666666666666, "#ed7953"], [0.7777777777777778, "#fb9f3a"], [0.8888888888888888, "#fdca26"], [1.0, "#f0f921"]]}], "heatmapgl": [{"type": "heatmapgl", "colorbar": {"outlinewidth": 0, "ticks": ""}, "colorscale": [[0.0, "#0d0887"], [0.1111111111111111, "#46039f"], [0.2222222222222222, "#7201a8"], [0.3333333333333333, "#9c179e"], [0.4444444444444444, "#bd3786"], [0.5555555555555556, "#d8576b"], [0.6666666666666666, "#ed7953"], [0.7777777777777778, "#fb9f3a"], [0.8888888888888888, "#fdca26"], [1.0, "#f0f921"]]}], "contourcarpet": [{"type": "contourcarpet", "colorbar": {"outlinewidth": 0, "ticks": ""}}], "contour": [{"type": "contour", "colorbar": {"outlinewidth": 0, "ticks": ""}, "colorscale": [[0.0, "#0d0887"], [0.1111111111111111, "#46039f"], [0.2222222222222222, "#7201a8"], [0.3333333333333333, "#9c179e"], [0.4444444444444444, "#bd3786"], [0.5555555555555556, "#d8576b"], [0.6666666666666666, "#ed7953"], [0.7777777777777778, "#fb9f3a"], [0.8888888888888888, "#fdca26"], [1.0, "#f0f921"]]}], "surface": [{"type": "surface", "colorbar": {"outlinewidth": 0, "ticks": ""}, "colorscale": [[0.0, "#0d0887"], [0.1111111111111111, "#46039f"], [0.2222222222222222, "#7201a8"], [0.3333333333333333, "#9c179e"], [0.4444444444444444, "#bd3786"], [0.5555555555555556, "#d8576b"], [0.6666666666666666, "#ed7953"], [0.7777777777777778, "#fb9f3a"], [0.8888888888888888, "#fdca26"], [1.0, "#f0f921"]]}], "mesh3d": [{"type": "mesh3d", "colorbar": {"outlinewidth": 0, "ticks": ""}}], "scatter": [{"fillpattern": {"fillmode": "overlay", "size": 10, "solidity": 0.2}, "type": "scatter"}], "parcoords": [{"type": "parcoords", "line": {"colorbar": {"outlinewidth": 0, "ticks": ""}}}], "scatterpolargl": [{"type": "scatterpolargl", "marker": {"colorbar": {"outlinewidth": 0, "ticks": ""}}}], "bar": [{"error_x": {"color": "#2a3f5f"}, "error_y": {"color": "#2a3f5f"}, "marker": {"line": {"color": "#E5ECF6", "width": 0.5}, "pattern": {"fillmode": "overlay", "size": 10, "solidity": 0.2}}, "type": "bar"}], "scattergeo": [{"type": "scattergeo", "marker": {"colorbar": {"outlinewidth": 0, "ticks": ""}}}], "scatterpolar": [{"type": "scatterpolar", "marker": {"colorbar": {"outlinewidth": 0, "ticks": ""}}}], "histogram": [{"marker": {"pattern": {"fillmode": "overlay", "size": 10, "solidity": 0.2}}, "type": "histogram"}], "scattergl": [{"type": "scattergl", "marker": {"colorbar": {"outlinewidth": 0, "ticks": ""}}}], "scatter3d": [{"type": "scatter3d", "line": {"colorbar": {"outlinewidth": 0, "ticks": ""}}, "marker": {"colorbar": {"outlinewidth": 0, "ticks": ""}}}], "scattermapbox": [{"type": "scattermapbox", "marker": {"colorbar": {"outlinewidth": 0, "ticks": ""}}}], "scatterternary": [{"type": "scatterternary", "marker": {"colorbar": {"outlinewidth": 0, "ticks": ""}}}], "scattercarpet": [{"type": "scattercarpet", "marker": {"colorbar": {"outlinewidth": 0, "ticks": ""}}}], "carpet": [{"aaxis": {"endlinecolor": "#2a3f5f", "gridcolor": "white", "linecolor": "white", "minorgridcolor": "white", "startlinecolor": "#2a3f5f"}, "baxis": {"endlinecolor": "#2a3f5f", "gridcolor": "white", "linecolor": "white", "minorgridcolor": "white", "startlinecolor": "#2a3f5f"}, "type": "carpet"}], "table": [{"cells": {"fill": {"color": "#EBF0F8"}, "line": {"color": "white"}}, "header": {"fill": {"color": "#C8D4E3"}, "line": {"color": "white"}}, "type": "table"}], "barpolar": [{"marker": {"line": {"color": "#E5ECF6", "width": 0.5}, "pattern": {"fillmode": "overlay", "size": 10, "solidity": 0.2}}, "type": "barpolar"}], "pie": [{"automargin": true, "type": "pie"}]}, "layout": {"autotypenumbers": "strict", "colorway": ["#636efa", "#EF553B", "#00cc96", "#ab63fa", "#FFA15A", "#19d3f3", "#FF6692", "#B6E880", "#FF97FF", "#FECB52"], "font": {"color": "#2a3f5f"}, "hovermode": "closest", "hoverlabel": {"align": "left"}, "paper_bgcolor": "white", "plot_bgcolor": "#E5ECF6", "polar": {"bgcolor": "#E5ECF6", "angularaxis": {"gridcolor": "white", "linecolor": "white", "ticks": ""}, "radialaxis": {"gridcolor": "white", "linecolor": "white", "ticks": ""}}, "ternary": {"bgcolor": "#E5ECF6", "aaxis": {"gridcolor": "white", "linecolor": "white", "ticks": ""}, "baxis": {"gridcolor": "white", "linecolor": "white", "ticks": ""}, "caxis": {"gridcolor": "white", "linecolor": "white", "ticks": ""}}, "coloraxis": {"colorbar": {"outlinewidth": 0, "ticks": ""}}, "colorscale": {"sequential": [[0.0, "#0d0887"], [0.1111111111111111, "#46039f"], [0.2222222222222222, "#7201a8"], [0.3333333333333333, "#9c179e"], [0.4444444444444444, "#bd3786"], [0.5555555555555556, "#d8576b"], [0.6666666666666666, "#ed7953"], [0.7777777777777778, "#fb9f3a"], [0.8888888888888888, "#fdca26"], [1.0, "#f0f921"]], "sequentialminus": [[0.0, "#0d0887"], [0.1111111111111111, "#46039f"], [0.2222222222222222, "#7201a8"], [0.3333333333333333, "#9c179e"], [0.4444444444444444, "#bd3786"], [0.5555555555555556, "#d8576b"], [0.6666666666666666, "#ed7953"], [0.7777777777777778, "#fb9f3a"], [0.8888888888888888, "#fdca26"], [1.0, "#f0f921"]], "diverging": [[0, "#8e0152"], [0.1, "#c51b7d"], [0.2, "#de77ae"], [0.3, "#f1b6da"], [0.4, "#fde0ef"], [0.5, "#f7f7f7"], [0.6, "#e6f5d0"], [0.7, "#b8e186"], [0.8, "#7fbc41"], [0.9, "#4d9221"], [1, "#276419"]]}, "xaxis": {"gridcolor": "white", "linecolor": "white", "ticks": "", "title": {"standoff": 15}, "zerolinecolor": "white", "automargin": true, "zerolinewidth": 2}, "yaxis": {"gridcolor": "white", "linecolor": "white", "ticks": "", "title": {"standoff": 15}, "zerolinecolor": "white", "automargin": true, "zerolinewidth": 2}, "scene": {"xaxis": {"backgroundcolor": "#E5ECF6", "gridcolor": "white", "linecolor": "white", "showbackground": true, "ticks": "", "zerolinecolor": "white", "gridwidth": 2}, "yaxis": {"backgroundcolor": "#E5ECF6", "gridcolor": "white", "linecolor": "white", "showbackground": true, "ticks": "", "zerolinecolor": "white", "gridwidth": 2}, "zaxis": {"backgroundcolor": "#E5ECF6", "gridcolor": "white", "linecolor": "white", "showbackground": true, "ticks": "", "zerolinecolor": "white", "gridwidth": 2}}, "shapedefaults": {"line": {"color": "#2a3f5f"}}, "annotationdefaults": {"arrowcolor": "#2a3f5f", "arrowhead": 0, "arrowwidth": 1}, "geo": {"bgcolor": "white", "landcolor": "#E5ECF6", "subunitcolor": "white", "showland": true, "showlakes": true, "lakecolor": "white"}, "title": {"x": 0.05}, "mapbox": {"style": "light"}}}}}