{"data": [{"z": [[17.743701934814453, -4.37227725982666, -2.233358144760132, 4.929811954498291, 4.006608486175537, 7.798556804656982, 4.199210166931152, 1.3297834396362305, -1.1819194555282593, 11.553750038146973, -4.329939842224121, 7.812069892883301, 7.9784979820251465, -0.33416134119033813, -4.457128047943115, 4.767236232757568, 8.396345138549805, 3.3521780967712402, 0.852590799331665, 4.466741561889648, 4.761477947235107], [-4.37227725982666, 27.16403579711914, 0.9064154028892517, -5.072587490081787, 1.7755509614944458, -5.9166669845581055, -0.35707712173461914, 6.2730255126953125, 8.61866283416748, -5.68266487121582, 1.2847198247909546, -5.4824981689453125, -5.414409637451172, 8.587103843688965, -0.819217324256897, -4.585932731628418, 6.054987907409668, -2.1480355262756348, 0.4892181158065796, -0.8324234485626221, 1.1635315418243408], [-2.233358144760132, 0.9064154028892517, 31.890336990356445, -0.5648881793022156, -2.8146276473999023, 2.4119296073913574, -0.2308512032032013, 7.308294773101807, -1.2600606679916382, -1.3643673658370972, 2.3837132453918457, -4.319100856781006, -1.263313889503479, 5.954307556152344, -0.2929246425628662, 7.353342533111572, 1.1863644123077393, -0.6032145023345947, 3.556426763534546, -3.1045608520507812, 4.65668249130249], [4.929811954498291, -5.072587490081787, -0.5648881793022156, 25.76325798034668, 0.711544394493103, 4.576969623565674, -1.610235333442688, -2.5328125953674316, -2.981109380722046, 8.910751342773438, -0.8859704732894897, -2.801421642303467, 8.718453407287598, -1.4023317098617554, -1.2968907356262207, -1.3655588626861572, -5.50612211227417, 2.5022764205932617, 1.3654124736785889, 1.032976746559143, -1.8233442306518555], [4.006608486175537, 1.7755509614944458, -2.8146276473999023, 0.711544394493103, 27.616714477539062, 1.0002062320709229, -1.948099136352539, 2.980027198791504, -2.0000362396240234, 6.885433673858643, -7.115969181060791, -1.4989113807678223, -1.6558890342712402, -2.4636526107788086, -1.1881229877471924, 0.8130306601524353, 8.860252380371094, -0.10413920879364014, 9.043780326843262, 6.742157459259033, 7.75535774230957], [7.798556804656982, -5.9166669845581055, 2.4119296073913574, 4.576969623565674, 1.0002062320709229, 19.839338302612305, 2.154280424118042, -6.2308478355407715, -8.451191902160645, 9.117094993591309, 0.9683401584625244, 3.9440579414367676, 2.248347282409668, -0.6964359283447266, -3.989011287689209, 2.0567078590393066, 4.6583099365234375, 7.073513984680176, -2.180316686630249, -0.6706067323684692, -5.977510452270508], [4.199210166931152, -0.35707712173461914, -0.2308512032032013, -1.610235333442688, -1.948099136352539, 2.154280424118042, 17.744638442993164, 3.2538397312164307, 6.008839130401611, 2.984248638153076, 3.7491095066070557, 4.712641716003418, -1.6786142587661743, 0.36884790658950806, 2.786992073059082, 0.6888782978057861, -2.6160264015197754, -4.857348918914795, 0.7350085973739624, 1.8842945098876953, -4.081011772155762], [1.3297834396362305, 6.2730255126953125, 7.308294773101807, -2.5328125953674316, 2.980027198791504, -6.2308478355407715, 3.2538397312164307, 20.314468383789062, 4.090432643890381, -1.0231269598007202, 6.857228755950928, -6.30621337890625, -1.594498634338379, 6.539207935333252, -3.6519012451171875, -1.5580788850784302, 8.160039901733398, -1.2049616575241089, 3.8280105590820312, 4.913589954376221, 9.010531425476074], [-1.1819194555282593, 8.61866283416748, -1.2600606679916382, -2.981109380722046, -2.0000362396240234, -8.451191902160645, 6.008839130401611, 4.090432643890381, 18.43922233581543, -1.0704342126846313, 2.9427618980407715, -0.2483254224061966, -2.186178684234619, 3.3497931957244873, 0.6123537421226501, -0.8547718524932861, -0.9865920543670654, -7.700192451477051, 4.625605583190918, 1.4676475524902344, 1.5509512424468994], [11.553750038146973, -5.68266487121582, -1.3643673658370972, 8.910751342773438, 6.885433673858643, 9.117094993591309, 2.984248638153076, -1.0231269598007202, -1.0704342126846313, 26.49158477783203, -4.999354362487793, 5.627140998840332, 13.972456932067871, -5.842662334442139, -0.45494359731674194, 2.842015266418457, 10.503250122070312, -3.1041417121887207, 3.0135176181793213, 6.786223411560059, 2.908506393432617], [-4.329939842224121, 1.2847198247909546, 2.3837132453918457, -0.8859704732894897, -7.115969181060791, 0.9683401584625244, 3.7491095066070557, 6.857228755950928, 2.9427618980407715, -4.999354362487793, 21.531997680664062, -4.635043144226074, -7.706221580505371, -0.25941202044487, -1.5135996341705322, -1.3852784633636475, -3.3686513900756836, -0.17668503522872925, 0.7274482250213623, -0.5515432357788086, -7.197212219238281], [7.812069892883301, -5.4824981689453125, -4.319100856781006, -2.801421642303467, -1.4989113807678223, 3.9440579414367676, 4.712641716003418, -6.30621337890625, -0.2483254224061966, 5.627140998840332, -4.635043144226074, 27.916263580322266, 0.31391507387161255, -0.5950653553009033, 1.1160459518432617, 10.390852928161621, 1.6142064332962036, -2.4187471866607666, 8.852798461914062, 1.549197793006897, 5.076991081237793], [7.9784979820251465, -5.414409637451172, -1.263313889503479, 8.718453407287598, -1.6558890342712402, 2.248347282409668, -1.6786142587661743, -1.594498634338379, -2.186178684234619, 13.972456932067871, -7.706221580505371, 0.31391507387161255, 21.826648712158203, -2.114954948425293, -1.3042113780975342, 2.7549266815185547, 7.950645446777344, -0.5422866344451904, -2.1989541053771973, 6.134882926940918, 6.230611324310303], [-0.33416134119033813, 8.587103843688965, 5.954307556152344, -1.4023317098617554, -2.4636526107788086, -0.6964359283447266, 0.36884790658950806, 6.539207935333252, 3.3497931957244873, -5.842662334442139, -0.25941202044487, -0.5950653553009033, -2.114954948425293, 24.433584213256836, -4.610501766204834, -1.2361148595809937, 7.8046793937683105, 1.3338212966918945, 4.972963333129883, -0.34958189725875854, 4.469381809234619], [-4.457128047943115, -0.819217324256897, -0.2929246425628662, -1.2968907356262207, -1.1881229877471924, -3.989011287689209, 2.786992073059082, -3.6519012451171875, 0.6123537421226501, -0.45494359731674194, -1.5135996341705322, 1.1160459518432617, -1.3042113780975342, -4.610501766204834, 18.40715789794922, 2.7336232662200928, -11.792381286621094, -1.85646390914917, -4.2605695724487305, -6.520290851593018, -0.07364597916603088], [4.767236232757568, -4.585932731628418, 7.353342533111572, -1.3655588626861572, 0.8130306601524353, 2.0567078590393066, 0.6888782978057861, -1.5580788850784302, -0.8547718524932861, 2.842015266418457, -1.3852784633636475, 10.390852928161621, 2.7549266815185547, -1.2361148595809937, 2.7336232662200928, 16.652973175048828, 2.0463337898254395, 1.9168767929077148, 4.503668785095215, -1.2660800218582153, 10.787983894348145], [8.396345138549805, 6.05498743057251, 1.1863640546798706, -5.506122589111328, 8.86025333404541, 4.6583099365234375, -2.6160266399383545, 8.160039901733398, -0.9865926504135132, 10.503250122070312, -3.3686516284942627, 1.6142061948776245, 7.950645446777344, 7.804679870605469, -11.792383193969727, 2.0463340282440186, 35.10150146484375, -0.6953630447387695, 0.20883846282958984, 14.280129432678223, 11.55634593963623], [3.352177619934082, -2.148036241531372, -0.6032148003578186, 2.502277374267578, -0.10413946211338043, 7.073514461517334, -4.857348442077637, -1.2049620151519775, -7.700192451477051, -3.1041414737701416, -0.1766851842403412, -2.4187469482421875, -0.5422869324684143, 1.333821415901184, -1.8564637899398804, 1.9168769121170044, -0.6953630447387695, 22.240562438964844, 1.048290491104126, -1.1136093139648438, -1.9388996362686157], [0.8525906205177307, 0.4892176389694214, 3.556426763534546, 1.3654109239578247, 9.043781280517578, -2.18031644821167, 0.7350084185600281, 3.8280112743377686, 4.62560510635376, 3.013516664505005, 0.727448582649231, 8.852799415588379, -2.198953866958618, 4.972963333129883, -4.260570049285889, 4.503669261932373, 0.20883846282958984, 1.048290491104126, 26.4351863861084, 8.20669174194336, 2.0030763149261475], [4.466741561889648, -0.8324231505393982, -3.1045610904693604, 1.032976508140564, 6.742156028747559, -0.6706069707870483, 1.884294867515564, 4.913590908050537, 1.4676474332809448, 6.7862229347229, -0.5515430569648743, 1.5491975545883179, 6.13488245010376, -0.349581778049469, -6.520291328430176, -1.2660800218582153, 14.280129432678223, -1.1136093139648438, 8.20669174194336, 17.562124252319336, 0.44052255153656006], [4.761477470397949, 1.1635316610336304, 4.656682014465332, -1.823344349861145, 7.75535774230957, -5.97750997543335, -4.081011772155762, 9.010530471801758, 1.5509514808654785, 2.9085068702697754, -7.197213172912598, 5.076990127563477, 6.230611324310303, 4.469381332397461, -0.07364583015441895, 10.787983894348145, 11.55634593963623, -1.9388999938964844, 2.0030763149261475, 0.4405224323272705, 29.51171112060547]], "type": "heatmap"}], "layout": {"template": {"data": {"histogram2dcontour": [{"type": "histogram2dcontour", "colorbar": {"outlinewidth": 0, "ticks": ""}, "colorscale": [[0.0, "#0d0887"], [0.1111111111111111, "#46039f"], [0.2222222222222222, "#7201a8"], [0.3333333333333333, "#9c179e"], [0.4444444444444444, "#bd3786"], [0.5555555555555556, "#d8576b"], [0.6666666666666666, "#ed7953"], [0.7777777777777778, "#fb9f3a"], [0.8888888888888888, "#fdca26"], [1.0, "#f0f921"]]}], "choropleth": [{"type": "choropleth", "colorbar": {"outlinewidth": 0, "ticks": ""}}], "histogram2d": [{"type": "histogram2d", "colorbar": {"outlinewidth": 0, "ticks": ""}, "colorscale": [[0.0, "#0d0887"], [0.1111111111111111, "#46039f"], [0.2222222222222222, "#7201a8"], [0.3333333333333333, "#9c179e"], [0.4444444444444444, "#bd3786"], [0.5555555555555556, "#d8576b"], [0.6666666666666666, "#ed7953"], [0.7777777777777778, "#fb9f3a"], [0.8888888888888888, "#fdca26"], [1.0, "#f0f921"]]}], "heatmap": [{"type": "heatmap", "colorbar": {"outlinewidth": 0, "ticks": ""}, "colorscale": [[0.0, "#0d0887"], [0.1111111111111111, "#46039f"], [0.2222222222222222, "#7201a8"], [0.3333333333333333, "#9c179e"], [0.4444444444444444, "#bd3786"], [0.5555555555555556, "#d8576b"], [0.6666666666666666, "#ed7953"], [0.7777777777777778, "#fb9f3a"], [0.8888888888888888, "#fdca26"], [1.0, "#f0f921"]]}], "heatmapgl": [{"type": "heatmapgl", "colorbar": {"outlinewidth": 0, "ticks": ""}, "colorscale": [[0.0, "#0d0887"], [0.1111111111111111, "#46039f"], [0.2222222222222222, "#7201a8"], [0.3333333333333333, "#9c179e"], [0.4444444444444444, "#bd3786"], [0.5555555555555556, "#d8576b"], [0.6666666666666666, "#ed7953"], [0.7777777777777778, "#fb9f3a"], [0.8888888888888888, "#fdca26"], [1.0, "#f0f921"]]}], "contourcarpet": [{"type": "contourcarpet", "colorbar": {"outlinewidth": 0, "ticks": ""}}], "contour": [{"type": "contour", "colorbar": {"outlinewidth": 0, "ticks": ""}, "colorscale": [[0.0, "#0d0887"], [0.1111111111111111, "#46039f"], [0.2222222222222222, "#7201a8"], [0.3333333333333333, "#9c179e"], [0.4444444444444444, "#bd3786"], [0.5555555555555556, "#d8576b"], [0.6666666666666666, "#ed7953"], [0.7777777777777778, "#fb9f3a"], [0.8888888888888888, "#fdca26"], [1.0, "#f0f921"]]}], "surface": [{"type": "surface", "colorbar": {"outlinewidth": 0, "ticks": ""}, "colorscale": [[0.0, "#0d0887"], [0.1111111111111111, "#46039f"], [0.2222222222222222, "#7201a8"], [0.3333333333333333, "#9c179e"], [0.4444444444444444, "#bd3786"], [0.5555555555555556, "#d8576b"], [0.6666666666666666, "#ed7953"], [0.7777777777777778, "#fb9f3a"], [0.8888888888888888, "#fdca26"], [1.0, "#f0f921"]]}], "mesh3d": [{"type": "mesh3d", "colorbar": {"outlinewidth": 0, "ticks": ""}}], "scatter": [{"fillpattern": {"fillmode": "overlay", "size": 10, "solidity": 0.2}, "type": "scatter"}], "parcoords": [{"type": "parcoords", "line": {"colorbar": {"outlinewidth": 0, "ticks": ""}}}], "scatterpolargl": [{"type": "scatterpolargl", "marker": {"colorbar": {"outlinewidth": 0, "ticks": ""}}}], "bar": [{"error_x": {"color": "#2a3f5f"}, "error_y": {"color": "#2a3f5f"}, "marker": {"line": {"color": "#E5ECF6", "width": 0.5}, "pattern": {"fillmode": "overlay", "size": 10, "solidity": 0.2}}, "type": "bar"}], "scattergeo": [{"type": "scattergeo", "marker": {"colorbar": {"outlinewidth": 0, "ticks": ""}}}], "scatterpolar": [{"type": "scatterpolar", "marker": {"colorbar": {"outlinewidth": 0, "ticks": ""}}}], "histogram": [{"marker": {"pattern": {"fillmode": "overlay", "size": 10, "solidity": 0.2}}, "type": "histogram"}], "scattergl": [{"type": "scattergl", "marker": {"colorbar": {"outlinewidth": 0, "ticks": ""}}}], "scatter3d": [{"type": "scatter3d", "line": {"colorbar": {"outlinewidth": 0, "ticks": ""}}, "marker": {"colorbar": {"outlinewidth": 0, "ticks": ""}}}], "scattermapbox": [{"type": "scattermapbox", "marker": {"colorbar": {"outlinewidth": 0, "ticks": ""}}}], "scatterternary": [{"type": "scatterternary", "marker": {"colorbar": {"outlinewidth": 0, "ticks": ""}}}], "scattercarpet": [{"type": "scattercarpet", "marker": {"colorbar": {"outlinewidth": 0, "ticks": ""}}}], "carpet": [{"aaxis": {"endlinecolor": "#2a3f5f", "gridcolor": "white", "linecolor": "white", "minorgridcolor": "white", "startlinecolor": "#2a3f5f"}, "baxis": {"endlinecolor": "#2a3f5f", "gridcolor": "white", "linecolor": "white", "minorgridcolor": "white", "startlinecolor": "#2a3f5f"}, "type": "carpet"}], "table": [{"cells": {"fill": {"color": "#EBF0F8"}, "line": {"color": "white"}}, "header": {"fill": {"color": "#C8D4E3"}, "line": {"color": "white"}}, "type": "table"}], "barpolar": [{"marker": {"line": {"color": "#E5ECF6", "width": 0.5}, "pattern": {"fillmode": "overlay", "size": 10, "solidity": 0.2}}, "type": "barpolar"}], "pie": [{"automargin": true, "type": "pie"}]}, "layout": {"autotypenumbers": "strict", "colorway": ["#636efa", "#EF553B", "#00cc96", "#ab63fa", "#FFA15A", "#19d3f3", "#FF6692", "#B6E880", "#FF97FF", "#FECB52"], "font": {"color": "#2a3f5f"}, "hovermode": "closest", "hoverlabel": {"align": "left"}, "paper_bgcolor": "white", "plot_bgcolor": "#E5ECF6", "polar": {"bgcolor": "#E5ECF6", "angularaxis": {"gridcolor": "white", "linecolor": "white", "ticks": ""}, "radialaxis": {"gridcolor": "white", "linecolor": "white", "ticks": ""}}, "ternary": {"bgcolor": "#E5ECF6", "aaxis": {"gridcolor": "white", "linecolor": "white", "ticks": ""}, "baxis": {"gridcolor": "white", "linecolor": "white", "ticks": ""}, "caxis": {"gridcolor": "white", "linecolor": "white", "ticks": ""}}, "coloraxis": {"colorbar": {"outlinewidth": 0, "ticks": ""}}, "colorscale": {"sequential": [[0.0, "#0d0887"], [0.1111111111111111, "#46039f"], [0.2222222222222222, "#7201a8"], [0.3333333333333333, "#9c179e"], [0.4444444444444444, "#bd3786"], [0.5555555555555556, "#d8576b"], [0.6666666666666666, "#ed7953"], [0.7777777777777778, "#fb9f3a"], [0.8888888888888888, "#fdca26"], [1.0, "#f0f921"]], "sequentialminus": [[0.0, "#0d0887"], [0.1111111111111111, "#46039f"], [0.2222222222222222, "#7201a8"], [0.3333333333333333, "#9c179e"], [0.4444444444444444, "#bd3786"], [0.5555555555555556, "#d8576b"], [0.6666666666666666, "#ed7953"], [0.7777777777777778, "#fb9f3a"], [0.8888888888888888, "#fdca26"], [1.0, "#f0f921"]], "diverging": [[0, "#8e0152"], [0.1, "#c51b7d"], [0.2, "#de77ae"], [0.3, "#f1b6da"], [0.4, "#fde0ef"], [0.5, "#f7f7f7"], [0.6, "#e6f5d0"], [0.7, "#b8e186"], [0.8, "#7fbc41"], [0.9, "#4d9221"], [1, "#276419"]]}, "xaxis": {"gridcolor": "white", "linecolor": "white", "ticks": "", "title": {"standoff": 15}, "zerolinecolor": "white", "automargin": true, "zerolinewidth": 2}, "yaxis": {"gridcolor": "white", "linecolor": "white", "ticks": "", "title": {"standoff": 15}, "zerolinecolor": "white", "automargin": true, "zerolinewidth": 2}, "scene": {"xaxis": {"backgroundcolor": "#E5ECF6", "gridcolor": "white", "linecolor": "white", "showbackground": true, "ticks": "", "zerolinecolor": "white", "gridwidth": 2}, "yaxis": {"backgroundcolor": "#E5ECF6", "gridcolor": "white", "linecolor": "white", "showbackground": true, "ticks": "", "zerolinecolor": "white", "gridwidth": 2}, "zaxis": {"backgroundcolor": "#E5ECF6", "gridcolor": "white", "linecolor": "white", "showbackground": true, "ticks": "", "zerolinecolor": "white", "gridwidth": 2}}, "shapedefaults": {"line": {"color": "#2a3f5f"}}, "annotationdefaults": {"arrowcolor": "#2a3f5f", "arrowhead": 0, "arrowwidth": 1}, "geo": {"bgcolor": "white", "landcolor": "#E5ECF6", "subunitcolor": "white", "showland": true, "showlakes": true, "lakecolor": "white"}, "title": {"x": 0.05}, "mapbox": {"style": "light"}}}}}