{"data": [{"z": [[17.743600845336914, -4.372237205505371, -2.233311891555786, 4.929606914520264, 4.006547927856445, 7.798335552215576, 4.198982238769531, 1.329771637916565, -1.182056188583374, 11.5537109375, -4.329847812652588, 7.811737537384033, 7.978453636169434, -0.3341622054576874, -4.457360744476318, 4.76692533493042, 8.396296501159668, 3.352083683013916, 0.8524460792541504, 4.466697692871094, 4.761014938354492], [-4.372237205505371, 27.164087295532227, 0.9065768122673035, -5.072628498077393, 1.7756755352020264, -5.916744709014893, -0.35720911622047424, 6.273035049438477, 8.618624687194824, -5.682682991027832, 1.2848851680755615, -5.482450008392334, -5.414367198944092, 8.587254524230957, -0.8192196488380432, -4.585981369018555, 6.054831504821777, -2.1480321884155273, 0.48912835121154785, -0.8322157859802246, 1.1635119915008545], [-2.233311891555786, 0.9065768122673035, 31.890575408935547, -0.5647355318069458, -2.814328193664551, 2.4120380878448486, -0.2311139553785324, 7.3085198402404785, -1.2597755193710327, -1.3644624948501587, 2.383969783782959, -4.3188042640686035, -1.2629884481430054, 5.954344272613525, -0.2928010821342468, 7.353272914886475, 1.186281681060791, -0.6032322645187378, 3.556440830230713, -3.1042351722717285, 4.656773567199707], [4.929606914520264, -5.072628498077393, -0.5647355318069458, 25.76335334777832, 0.7118291854858398, 4.577413082122803, -1.6104716062545776, -2.532503843307495, -2.98083758354187, 8.910531997680664, -0.8858625292778015, -2.8009514808654785, 8.718807220458984, -1.4021798372268677, -1.2966238260269165, -1.365409255027771, -5.506435394287109, 2.5025157928466797, 1.3651401996612549, 1.0333263874053955, -1.8231669664382935], [4.006547927856445, 1.7756755352020264, -2.814328193664551, 0.7118291854858398, 27.61701202392578, 1.0004055500030518, -1.948149561882019, 2.980231761932373, -1.9996711015701294, 6.885318279266357, -7.1156229972839355, -1.4984662532806396, -1.6555646657943726, -2.4635562896728516, -1.1878327131271362, 0.8130705952644348, 8.860186576843262, -0.10402104258537292, 9.04362964630127, 6.742351055145264, 7.755673885345459], [7.798335552215576, -5.916744709014893, 2.4120380878448486, 4.577413082122803, 1.0004055500030518, 19.84012222290039, 2.154318332672119, -6.230370044708252, -8.45085620880127, 9.117134094238281, 0.9683161973953247, 3.9444985389709473, 2.2487049102783203, -0.6962717771530151, -3.9885036945343018, 2.0571064949035645, 4.6581549644470215, 7.0737481117248535, -2.1799845695495605, -0.6702398061752319, -5.977080821990967], [4.198982238769531, -0.35720911622047424, -0.2311139553785324, -1.6104716062545776, -1.948149561882019, 2.154318332672119, 17.74454116821289, 3.2538392543792725, 6.0087103843688965, 2.9840450286865234, 3.7488842010498047, 4.7125935554504395, -1.6785780191421509, 0.36864346265792847, 2.7867836952209473, 0.6887797117233276, -2.616049289703369, -4.857385158538818, 0.7348740696907043, 1.8839845657348633, -4.081275463104248], [1.329771637916565, 6.273035049438477, 7.3085198402404785, -2.532503843307495, 2.980231761932373, -6.230370044708252, 3.2538392543792725, 20.31476593017578, 4.090571880340576, -1.0230411291122437, 6.857395172119141, -6.305809020996094, -1.5942044258117676, 6.5395402908325195, -3.651474952697754, -1.5578291416168213, 8.159867286682129, -1.2046301364898682, 3.828148365020752, 4.9140777587890625, 9.010951042175293], [-1.182056188583374, 8.618624687194824, -1.2597755193710327, -2.98083758354187, -1.9996711015701294, -8.45085620880127, 6.0087103843688965, 4.090571880340576, 18.439640045166016, -1.0705183744430542, 2.9428815841674805, -0.2478308528661728, -2.1858832836151123, 3.349966287612915, 0.6126675605773926, -0.8545363545417786, -0.986961841583252, -7.700078964233398, 4.625570774078369, 1.468120813369751, 1.5513279438018799], [11.5537109375, -5.682682991027832, -1.3644624948501587, 8.910531997680664, 6.885318279266357, 9.117134094238281, 2.9840450286865234, -1.0230411291122437, -1.0705183744430542, 26.491697311401367, -4.999368667602539, 5.626907825469971, 13.97236442565918, -5.842617034912109, -0.4551909565925598, 2.8416812419891357, 10.503143310546875, -3.104189872741699, 3.0132923126220703, 6.786316394805908, 2.908104419708252], [-4.329847812652588, 1.2848851680755615, 2.383969783782959, -0.8858625292778015, -7.1156229972839355, 0.9683161973953247, 3.7488842010498047, 6.857395172119141, 2.9428815841674805, -4.999368667602539, 21.532331466674805, -4.634788990020752, -7.705996990203857, -0.25918418169021606, -1.51349937915802, -1.3852652311325073, -3.368703842163086, -0.17666006088256836, 0.727409839630127, -0.5511209964752197, -7.19703483581543], [7.811737537384033, -5.482450008392334, -4.3188042640686035, -2.8009514808654785, -1.4984662532806396, 3.9444985389709473, 4.7125935554504395, -6.305809020996094, -0.2478308528661728, 5.626907825469971, -4.634788990020752, 27.916805267333984, 0.3144890069961548, -0.5951029062271118, 1.1163893938064575, 10.390880584716797, 1.6143378019332886, -2.4186086654663086, 8.852840423583984, 1.5492594242095947, 5.0773396492004395], [7.978453636169434, -5.414367198944092, -1.2629884481430054, 8.718807220458984, -1.6555646657943726, 2.2487049102783203, -1.6785780191421509, -1.5942044258117676, -2.1858832836151123, 13.97236442565918, -7.705996990203857, 0.3144890069961548, 21.82704734802246, -2.114863157272339, -1.3037515878677368, 2.7551803588867188, 7.950575828552246, -0.5421056747436523, -2.1987690925598145, 6.134986877441406, 6.2310686111450195], [-0.3341622054576874, 8.587254524230957, 5.954344272613525, -1.4021798372268677, -2.4635562896728516, -0.6962717771530151, 0.36864346265792847, 6.5395402908325195, 3.349966287612915, -5.842617034912109, -0.25918418169021606, -0.5951029062271118, -2.114863157272339, 24.433996200561523, -4.610429763793945, -1.2362349033355713, 7.8045454025268555, 1.3338282108306885, 4.972776412963867, -0.3491698205471039, 4.469354152679443], [-4.457360744476318, -0.8192196488380432, -0.2928010821342468, -1.2966238260269165, -1.1878327131271362, -3.9885036945343018, 2.7867836952209473, -3.651474952697754, 0.6126675605773926, -0.4551909565925598, -1.51349937915802, 1.1163893938064575, -1.3037515878677368, -4.610429763793945, 18.40752601623535, 2.733804702758789, -11.792393684387207, -1.85621178150177, -4.260549068450928, -6.519979476928711, -0.07344995439052582], [4.76692533493042, -4.585981369018555, 7.353272914886475, -1.365409255027771, 0.8130705952644348, 2.0571064949035645, 0.6887797117233276, -1.5578291416168213, -0.8545363545417786, 2.8416812419891357, -1.3852652311325073, 10.390880584716797, 2.7551803588867188, -1.2362349033355713, 2.733804702758789, 16.653074264526367, 2.046356201171875, 1.917012095451355, 4.503603935241699, -1.2661172151565552, 10.787964820861816], [8.396296501159668, 6.054830551147461, 1.1862808465957642, -5.506435394287109, 8.860186576843262, 4.6581549644470215, -2.6160495281219482, 8.159868240356445, -0.9869615435600281, 10.503143310546875, -3.368703842163086, 1.6143375635147095, 7.950575351715088, 7.8045454025268555, -11.792393684387207, 2.046355962753296, 35.10115051269531, -0.6953437328338623, 0.20870685577392578, 14.279862403869629, 11.55621337890625], [3.352083206176758, -2.1480321884155273, -0.6032323241233826, 2.5025157928466797, -0.10402064770460129, 7.073748588562012, -4.857384204864502, -1.2046300172805786, -7.700078964233398, -3.1041903495788574, -0.1766599714756012, -2.4186081886291504, -0.5421053767204285, 1.333828091621399, -1.8562126159667969, 1.9170124530792236, -0.6953437328338623, 22.240690231323242, 1.0484237670898438, -1.113504409790039, -1.9387304782867432], [0.8524461388587952, 0.4891282320022583, 3.556441068649292, 1.3651403188705444, 9.04362964630127, -2.1799848079681396, 0.7348731756210327, 3.828148603439331, 4.625571250915527, 3.0132932662963867, 0.7274094820022583, 8.852840423583984, -2.1987698078155518, 4.972776889801025, -4.260549068450928, 4.503603458404541, 0.20870685577392578, 1.0484237670898438, 26.435070037841797, 8.20635986328125, 2.0027825832366943], [4.466697692871094, -0.8322155475616455, -3.104233980178833, 1.0333263874053955, 6.742350101470947, -0.6702396869659424, 1.8839843273162842, 4.9140777587890625, 1.4681209325790405, 6.786316871643066, -0.5511208176612854, 1.5492596626281738, 6.134986400604248, -0.34916988015174866, -6.519980430603027, -1.2661173343658447, 14.279862403869629, -1.113504409790039, 8.20635986328125, 17.562946319580078, 0.44060218334198], [4.76101541519165, 1.163511872291565, 4.656773567199707, -1.8231669664382935, 7.755673885345459, -5.977080345153809, -4.081275463104248, 9.01095199584961, 1.551328182220459, 2.908104658126831, -7.19703483581543, 5.077339172363281, 6.231067657470703, 4.469354629516602, -0.07345008850097656, 10.787965774536133, 11.55621337890625, -1.938730239868164, 2.0027823448181152, 0.4406021237373352, 29.51171112060547]], "type": "heatmap"}], "layout": {"template": {"data": {"histogram2dcontour": [{"type": "histogram2dcontour", "colorbar": {"outlinewidth": 0, "ticks": ""}, "colorscale": [[0.0, "#0d0887"], [0.1111111111111111, "#46039f"], [0.2222222222222222, "#7201a8"], [0.3333333333333333, "#9c179e"], [0.4444444444444444, "#bd3786"], [0.5555555555555556, "#d8576b"], [0.6666666666666666, "#ed7953"], [0.7777777777777778, "#fb9f3a"], [0.8888888888888888, "#fdca26"], [1.0, "#f0f921"]]}], "choropleth": [{"type": "choropleth", "colorbar": {"outlinewidth": 0, "ticks": ""}}], "histogram2d": [{"type": "histogram2d", "colorbar": {"outlinewidth": 0, "ticks": ""}, "colorscale": [[0.0, "#0d0887"], [0.1111111111111111, "#46039f"], [0.2222222222222222, "#7201a8"], [0.3333333333333333, "#9c179e"], [0.4444444444444444, "#bd3786"], [0.5555555555555556, "#d8576b"], [0.6666666666666666, "#ed7953"], [0.7777777777777778, "#fb9f3a"], [0.8888888888888888, "#fdca26"], [1.0, "#f0f921"]]}], "heatmap": [{"type": "heatmap", "colorbar": {"outlinewidth": 0, "ticks": ""}, "colorscale": [[0.0, "#0d0887"], [0.1111111111111111, "#46039f"], [0.2222222222222222, "#7201a8"], [0.3333333333333333, "#9c179e"], [0.4444444444444444, "#bd3786"], [0.5555555555555556, "#d8576b"], [0.6666666666666666, "#ed7953"], [0.7777777777777778, "#fb9f3a"], [0.8888888888888888, "#fdca26"], [1.0, "#f0f921"]]}], "heatmapgl": [{"type": "heatmapgl", "colorbar": {"outlinewidth": 0, "ticks": ""}, "colorscale": [[0.0, "#0d0887"], [0.1111111111111111, "#46039f"], [0.2222222222222222, "#7201a8"], [0.3333333333333333, "#9c179e"], [0.4444444444444444, "#bd3786"], [0.5555555555555556, "#d8576b"], [0.6666666666666666, "#ed7953"], [0.7777777777777778, "#fb9f3a"], [0.8888888888888888, "#fdca26"], [1.0, "#f0f921"]]}], "contourcarpet": [{"type": "contourcarpet", "colorbar": {"outlinewidth": 0, "ticks": ""}}], "contour": [{"type": "contour", "colorbar": {"outlinewidth": 0, "ticks": ""}, "colorscale": [[0.0, "#0d0887"], [0.1111111111111111, "#46039f"], [0.2222222222222222, "#7201a8"], [0.3333333333333333, "#9c179e"], [0.4444444444444444, "#bd3786"], [0.5555555555555556, "#d8576b"], [0.6666666666666666, "#ed7953"], [0.7777777777777778, "#fb9f3a"], [0.8888888888888888, "#fdca26"], [1.0, "#f0f921"]]}], "surface": [{"type": "surface", "colorbar": {"outlinewidth": 0, "ticks": ""}, "colorscale": [[0.0, "#0d0887"], [0.1111111111111111, "#46039f"], [0.2222222222222222, "#7201a8"], [0.3333333333333333, "#9c179e"], [0.4444444444444444, "#bd3786"], [0.5555555555555556, "#d8576b"], [0.6666666666666666, "#ed7953"], [0.7777777777777778, "#fb9f3a"], [0.8888888888888888, "#fdca26"], [1.0, "#f0f921"]]}], "mesh3d": [{"type": "mesh3d", "colorbar": {"outlinewidth": 0, "ticks": ""}}], "scatter": [{"fillpattern": {"fillmode": "overlay", "size": 10, "solidity": 0.2}, "type": "scatter"}], "parcoords": [{"type": "parcoords", "line": {"colorbar": {"outlinewidth": 0, "ticks": ""}}}], "scatterpolargl": [{"type": "scatterpolargl", "marker": {"colorbar": {"outlinewidth": 0, "ticks": ""}}}], "bar": [{"error_x": {"color": "#2a3f5f"}, "error_y": {"color": "#2a3f5f"}, "marker": {"line": {"color": "#E5ECF6", "width": 0.5}, "pattern": {"fillmode": "overlay", "size": 10, "solidity": 0.2}}, "type": "bar"}], "scattergeo": [{"type": "scattergeo", "marker": {"colorbar": {"outlinewidth": 0, "ticks": ""}}}], "scatterpolar": [{"type": "scatterpolar", "marker": {"colorbar": {"outlinewidth": 0, "ticks": ""}}}], "histogram": [{"marker": {"pattern": {"fillmode": "overlay", "size": 10, "solidity": 0.2}}, "type": "histogram"}], "scattergl": [{"type": "scattergl", "marker": {"colorbar": {"outlinewidth": 0, "ticks": ""}}}], "scatter3d": [{"type": "scatter3d", "line": {"colorbar": {"outlinewidth": 0, "ticks": ""}}, "marker": {"colorbar": {"outlinewidth": 0, "ticks": ""}}}], "scattermapbox": [{"type": "scattermapbox", "marker": {"colorbar": {"outlinewidth": 0, "ticks": ""}}}], "scatterternary": [{"type": "scatterternary", "marker": {"colorbar": {"outlinewidth": 0, "ticks": ""}}}], "scattercarpet": [{"type": "scattercarpet", "marker": {"colorbar": {"outlinewidth": 0, "ticks": ""}}}], "carpet": [{"aaxis": {"endlinecolor": "#2a3f5f", "gridcolor": "white", "linecolor": "white", "minorgridcolor": "white", "startlinecolor": "#2a3f5f"}, "baxis": {"endlinecolor": "#2a3f5f", "gridcolor": "white", "linecolor": "white", "minorgridcolor": "white", "startlinecolor": "#2a3f5f"}, "type": "carpet"}], "table": [{"cells": {"fill": {"color": "#EBF0F8"}, "line": {"color": "white"}}, "header": {"fill": {"color": "#C8D4E3"}, "line": {"color": "white"}}, "type": "table"}], "barpolar": [{"marker": {"line": {"color": "#E5ECF6", "width": 0.5}, "pattern": {"fillmode": "overlay", "size": 10, "solidity": 0.2}}, "type": "barpolar"}], "pie": [{"automargin": true, "type": "pie"}]}, "layout": {"autotypenumbers": "strict", "colorway": ["#636efa", "#EF553B", "#00cc96", "#ab63fa", "#FFA15A", "#19d3f3", "#FF6692", "#B6E880", "#FF97FF", "#FECB52"], "font": {"color": "#2a3f5f"}, "hovermode": "closest", "hoverlabel": {"align": "left"}, "paper_bgcolor": "white", "plot_bgcolor": "#E5ECF6", "polar": {"bgcolor": "#E5ECF6", "angularaxis": {"gridcolor": "white", "linecolor": "white", "ticks": ""}, "radialaxis": {"gridcolor": "white", "linecolor": "white", "ticks": ""}}, "ternary": {"bgcolor": "#E5ECF6", "aaxis": {"gridcolor": "white", "linecolor": "white", "ticks": ""}, "baxis": {"gridcolor": "white", "linecolor": "white", "ticks": ""}, "caxis": {"gridcolor": "white", "linecolor": "white", "ticks": ""}}, "coloraxis": {"colorbar": {"outlinewidth": 0, "ticks": ""}}, "colorscale": {"sequential": [[0.0, "#0d0887"], [0.1111111111111111, "#46039f"], [0.2222222222222222, "#7201a8"], [0.3333333333333333, "#9c179e"], [0.4444444444444444, "#bd3786"], [0.5555555555555556, "#d8576b"], [0.6666666666666666, "#ed7953"], [0.7777777777777778, "#fb9f3a"], [0.8888888888888888, "#fdca26"], [1.0, "#f0f921"]], "sequentialminus": [[0.0, "#0d0887"], [0.1111111111111111, "#46039f"], [0.2222222222222222, "#7201a8"], [0.3333333333333333, "#9c179e"], [0.4444444444444444, "#bd3786"], [0.5555555555555556, "#d8576b"], [0.6666666666666666, "#ed7953"], [0.7777777777777778, "#fb9f3a"], [0.8888888888888888, "#fdca26"], [1.0, "#f0f921"]], "diverging": [[0, "#8e0152"], [0.1, "#c51b7d"], [0.2, "#de77ae"], [0.3, "#f1b6da"], [0.4, "#fde0ef"], [0.5, "#f7f7f7"], [0.6, "#e6f5d0"], [0.7, "#b8e186"], [0.8, "#7fbc41"], [0.9, "#4d9221"], [1, "#276419"]]}, "xaxis": {"gridcolor": "white", "linecolor": "white", "ticks": "", "title": {"standoff": 15}, "zerolinecolor": "white", "automargin": true, "zerolinewidth": 2}, "yaxis": {"gridcolor": "white", "linecolor": "white", "ticks": "", "title": {"standoff": 15}, "zerolinecolor": "white", "automargin": true, "zerolinewidth": 2}, "scene": {"xaxis": {"backgroundcolor": "#E5ECF6", "gridcolor": "white", "linecolor": "white", "showbackground": true, "ticks": "", "zerolinecolor": "white", "gridwidth": 2}, "yaxis": {"backgroundcolor": "#E5ECF6", "gridcolor": "white", "linecolor": "white", "showbackground": true, "ticks": "", "zerolinecolor": "white", "gridwidth": 2}, "zaxis": {"backgroundcolor": "#E5ECF6", "gridcolor": "white", "linecolor": "white", "showbackground": true, "ticks": "", "zerolinecolor": "white", "gridwidth": 2}}, "shapedefaults": {"line": {"color": "#2a3f5f"}}, "annotationdefaults": {"arrowcolor": "#2a3f5f", "arrowhead": 0, "arrowwidth": 1}, "geo": {"bgcolor": "white", "landcolor": "#E5ECF6", "subunitcolor": "white", "showland": true, "showlakes": true, "lakecolor": "white"}, "title": {"x": 0.05}, "mapbox": {"style": "light"}}}}}