{"data": [{"z": [[17.746042251586914, -4.371892929077148, -2.234189748764038, 4.930853366851807, 4.005773067474365, 7.799695014953613, 4.2019829750061035, 1.3298543691635132, -1.182113528251648, 11.554731369018555, -4.330750465393066, 7.813652038574219, 7.977983474731445, -0.3336940109729767, -4.455564498901367, 4.770151615142822, 8.398895263671875, 3.354140281677246, 0.8528801798820496, 4.46662712097168, 4.764007091522217], [-4.371892929077148, 27.16364097595215, 0.9044832587242126, -5.0726728439331055, 1.773561954498291, -5.916553974151611, -0.3560250401496887, 6.272834300994873, 8.618365287780762, -5.682379245758057, 1.2822208404541016, -5.484508037567139, -5.41618013381958, 8.585615158081055, -0.8191768527030945, -4.585148334503174, 6.057746887207031, -2.148562431335449, 0.4903315305709839, -0.8344804048538208, 1.1635777950286865], [-2.234189748764038, 0.9044832587242126, 31.889209747314453, -0.5648164749145508, -2.8172831535339355, 2.4120259284973145, -0.22762490808963776, 7.306603908538818, -1.2619531154632568, -1.3627601861953735, 2.3822951316833496, -4.32068395614624, -1.2656437158584595, 5.954463005065918, -0.29215896129608154, 7.354973793029785, 1.1892269849777222, -0.6010032892227173, 3.5574951171875, -3.1074721813201904, 4.656537055969238], [4.930853366851807, -5.0726728439331055, -0.5648164749145508, 25.764881134033203, 0.710608720779419, 4.575245380401611, -1.6077685356140137, -2.5340676307678223, -2.981718063354492, 8.912288665771484, -0.8861344456672668, -2.8031694889068604, 8.717320442199707, -1.402735948562622, -1.2970659732818604, -1.365659236907959, -5.500704765319824, 2.5025277137756348, 1.3681082725524902, 1.0306994915008545, -1.8230650424957275], [4.005773067474365, 1.773561954498291, -2.8172831535339355, 0.710608720779419, 27.6155948638916, 1.0006881952285767, -1.947812795639038, 2.9794626235961914, -2.001981019973755, 6.885283470153809, -7.119518756866455, -1.500640630722046, -1.6571564674377441, -2.464538812637329, -1.1893078088760376, 0.8134229183197021, 8.859783172607422, -0.10482022166252136, 9.045586585998535, 6.740665912628174, 7.7538228034973145], [7.799695014953613, -5.916553974151611, 2.4120259284973145, 4.575245380401611, 1.0006881952285767, 19.83203887939453, 2.154169797897339, -6.23518705368042, -8.452881813049316, 9.116107940673828, 0.9698719382286072, 3.9426262378692627, 2.247119903564453, -0.697493851184845, -3.992814302444458, 2.052067518234253, 4.660477638244629, 7.071863174438477, -2.1829609870910645, -0.6739822626113892, -5.9795002937316895], [4.2019829750061035, -0.3560250401496887, -0.22762490808963776, -1.6077685356140137, -1.947812795639038, 2.154169797897339, 17.745920181274414, 3.2537682056427, 6.010369300842285, 2.9875524044036865, 3.7517011165618896, 4.712222576141357, -1.6795448064804077, 0.37112873792648315, 2.7895240783691406, 0.6892428398132324, -2.6130850315093994, -4.855862617492676, 0.7368162274360657, 1.8879830837249756, -4.079858779907227], [1.3298543691635132, 6.272834300994873, 7.306603908538818, -2.5340676307678223, 2.9794626235961914, -6.23518705368042, 3.2537682056427, 20.31236457824707, 4.090189456939697, -1.0242788791656494, 6.855638027191162, -6.30914831161499, -1.5967814922332764, 6.536177635192871, -3.6552646160125732, -1.560333490371704, 8.162930488586426, -1.2083895206451416, 3.8272039890289307, 4.909059047698975, 9.008648872375488], [-1.182113528251648, 8.618365287780762, -1.2619531154632568, -2.981718063354492, -2.001981019973755, -8.452881813049316, 6.010369300842285, 4.090189456939697, 18.43720054626465, -1.0702345371246338, 2.9412682056427, -0.25062280893325806, -2.187614917755127, 3.3480277061462402, 0.6110256910324097, -0.8560394048690796, -0.9832079410552979, -7.700676441192627, 4.626774787902832, 1.4635577201843262, 1.5495496988296509], [11.554731369018555, -5.682379245758057, -1.3627601861953735, 8.912288665771484, 6.885283470153809, 9.116107940673828, 2.9875524044036865, -1.0242788791656494, -1.0702345371246338, 26.4917049407959, -4.9989237785339355, 5.628542423248291, 13.972522735595703, -5.8430328369140625, -0.4530559778213501, 2.8450334072113037, 10.507040977478027, -3.1023130416870117, 3.0152666568756104, 6.783635139465332, 2.910653591156006], [-4.330750465393066, 1.2822208404541016, 2.3822951316833496, -0.8861344456672668, -7.119518756866455, 0.9698719382286072, 3.7517011165618896, 6.855638027191162, 2.9412682056427, -4.9989237785339355, 21.52900505065918, -4.637187480926514, -7.708227634429932, -0.2608855664730072, -1.5125142335891724, -1.383955717086792, -3.367081642150879, -0.17513185739517212, 0.729088544845581, -0.5553020238876343, -7.197920799255371], [7.813652038574219, -5.484508037567139, -4.32068395614624, -2.8031694889068604, -1.500640630722046, 3.9426262378692627, 4.712222576141357, -6.30914831161499, -0.25062280893325806, 5.628542423248291, -4.637187480926514, 27.914623260498047, 0.3105977773666382, -0.5946590900421143, 1.1156550645828247, 10.3914155960083, 1.6109472513198853, -2.418921947479248, 8.853876113891602, 1.5499613285064697, 5.0756144523620605], [7.977983474731445, -5.41618013381958, -1.2656437158584595, 8.717320442199707, -1.6571564674377441, 2.247119903564453, -1.6795448064804077, -1.5967814922332764, -2.187614917755127, 13.972522735595703, -7.708227634429932, 0.3105977773666382, 21.82415771484375, -2.1155593395233154, -1.3065400123596191, 2.752878189086914, 7.950160026550293, -0.5434994697570801, -2.1995599269866943, 6.134859085083008, 6.228144645690918], [-0.3336940109729767, 8.585615158081055, 5.954463005065918, -1.402735948562622, -2.464538812637329, -0.697493851184845, 0.37112873792648315, 6.536177635192871, 3.3480277061462402, -5.8430328369140625, -0.2608855664730072, -0.5946590900421143, -2.1155593395233154, 24.430198669433594, -4.609992504119873, -1.2340943813323975, 7.807737827301025, 1.3347835540771484, 4.975701808929443, -0.35369759798049927, 4.4702653884887695], [-4.455564498901367, -0.8191768527030945, -0.29215896129608154, -1.2970659732818604, -1.1893078088760376, -3.992814302444458, 2.7895240783691406, -3.6552646160125732, 0.6110256910324097, -0.4530559778213501, -1.5125142335891724, 1.1156550645828247, -1.3065400123596191, -4.609992504119873, 18.406368255615234, 2.7327253818511963, -11.789558410644531, -1.8556783199310303, -4.260854244232178, -6.523005962371826, -0.0740169882774353], [4.770151615142822, -4.585148334503174, 7.354973793029785, -1.365659236907959, 0.8134229183197021, 2.052067518234253, 0.6892428398132324, -1.560333490371704, -0.8560394048690796, 2.8450334072113037, -1.383955717086792, 10.3914155960083, 2.752878189086914, -1.2340943813323975, 2.7327253818511963, 16.6507625579834, 2.047631025314331, 1.9166529178619385, 4.503508567810059, -1.265441656112671, 10.78787612915039], [8.398894309997559, 6.057746887207031, 1.189226746559143, -5.500704288482666, 8.859784126281738, 4.660477161407471, -2.6130850315093994, 8.16292953491211, -0.9832077622413635, 10.507040023803711, -3.3670814037323, 1.610946774482727, 7.950162410736084, 7.807738304138184, -11.789559364318848, 2.047631025314331, 35.107723236083984, -0.6937412023544312, 0.21198415756225586, 14.283449172973633, 11.557897567749023], [3.354140281677246, -2.148562431335449, -0.6010029315948486, 2.502528429031372, -0.10482022166252136, 7.071863174438477, -4.855862617492676, -1.2083890438079834, -7.700675964355469, -3.10231351852417, -0.17513218522071838, -2.418922185897827, -0.5434998273849487, 1.3347831964492798, -1.8556783199310303, 1.9166533946990967, -0.6937412023544312, 22.242115020751953, 1.0486764907836914, -1.1140921115875244, -1.9389727115631104], [0.8528802990913391, 0.49033159017562866, 3.557495594024658, 1.3681083917617798, 9.045587539672852, -2.1829609870910645, 0.7368165254592896, 3.8272037506103516, 4.626775741577148, 3.0152666568756104, 0.7290884852409363, 8.853877067565918, -2.1995601654052734, 4.975701808929443, -4.260854721069336, 4.503508567810059, 0.21198415756225586, 1.0486764907836914, 26.434675216674805, 8.209147453308105, 2.0045557022094727], [4.466627597808838, -0.834480345249176, -3.107471466064453, 1.0306994915008545, 6.740665435791016, -0.6739825010299683, 1.8879832029342651, 4.909060001373291, 1.4635577201843262, 6.783635139465332, -0.5553024411201477, 1.5499613285064697, 6.134859561920166, -0.35369765758514404, -6.523005485534668, -1.2654414176940918, 14.283449172973633, -1.1140921115875244, 8.209147453308105, 17.552881240844727, 0.44063788652420044], [4.764006614685059, 1.1635782718658447, 4.656537055969238, -1.8230652809143066, 7.753823280334473, -5.9795002937316895, -4.079859256744385, 9.008649826049805, 1.5495500564575195, 2.910653591156006, -7.1979217529296875, 5.075614929199219, 6.228144645690918, 4.4702653884887695, -0.07401752471923828, 10.78787612915039, 11.557896614074707, -1.938973307609558, 2.004556179046631, 0.44063800573349, 29.51171112060547]], "type": "heatmap"}], "layout": {"template": {"data": {"histogram2dcontour": [{"type": "histogram2dcontour", "colorbar": {"outlinewidth": 0, "ticks": ""}, "colorscale": [[0.0, "#0d0887"], [0.1111111111111111, "#46039f"], [0.2222222222222222, "#7201a8"], [0.3333333333333333, "#9c179e"], [0.4444444444444444, "#bd3786"], [0.5555555555555556, "#d8576b"], [0.6666666666666666, "#ed7953"], [0.7777777777777778, "#fb9f3a"], [0.8888888888888888, "#fdca26"], [1.0, "#f0f921"]]}], "choropleth": [{"type": "choropleth", "colorbar": {"outlinewidth": 0, "ticks": ""}}], "histogram2d": [{"type": "histogram2d", "colorbar": {"outlinewidth": 0, "ticks": ""}, "colorscale": [[0.0, "#0d0887"], [0.1111111111111111, "#46039f"], [0.2222222222222222, "#7201a8"], [0.3333333333333333, "#9c179e"], [0.4444444444444444, "#bd3786"], [0.5555555555555556, "#d8576b"], [0.6666666666666666, "#ed7953"], [0.7777777777777778, "#fb9f3a"], [0.8888888888888888, "#fdca26"], [1.0, "#f0f921"]]}], "heatmap": [{"type": "heatmap", "colorbar": {"outlinewidth": 0, "ticks": ""}, "colorscale": [[0.0, "#0d0887"], [0.1111111111111111, "#46039f"], [0.2222222222222222, "#7201a8"], [0.3333333333333333, "#9c179e"], [0.4444444444444444, "#bd3786"], [0.5555555555555556, "#d8576b"], [0.6666666666666666, "#ed7953"], [0.7777777777777778, "#fb9f3a"], [0.8888888888888888, "#fdca26"], [1.0, "#f0f921"]]}], "heatmapgl": [{"type": "heatmapgl", "colorbar": {"outlinewidth": 0, "ticks": ""}, "colorscale": [[0.0, "#0d0887"], [0.1111111111111111, "#46039f"], [0.2222222222222222, "#7201a8"], [0.3333333333333333, "#9c179e"], [0.4444444444444444, "#bd3786"], [0.5555555555555556, "#d8576b"], [0.6666666666666666, "#ed7953"], [0.7777777777777778, "#fb9f3a"], [0.8888888888888888, "#fdca26"], [1.0, "#f0f921"]]}], "contourcarpet": [{"type": "contourcarpet", "colorbar": {"outlinewidth": 0, "ticks": ""}}], "contour": [{"type": "contour", "colorbar": {"outlinewidth": 0, "ticks": ""}, "colorscale": [[0.0, "#0d0887"], [0.1111111111111111, "#46039f"], [0.2222222222222222, "#7201a8"], [0.3333333333333333, "#9c179e"], [0.4444444444444444, "#bd3786"], [0.5555555555555556, "#d8576b"], [0.6666666666666666, "#ed7953"], [0.7777777777777778, "#fb9f3a"], [0.8888888888888888, "#fdca26"], [1.0, "#f0f921"]]}], "surface": [{"type": "surface", "colorbar": {"outlinewidth": 0, "ticks": ""}, "colorscale": [[0.0, "#0d0887"], [0.1111111111111111, "#46039f"], [0.2222222222222222, "#7201a8"], [0.3333333333333333, "#9c179e"], [0.4444444444444444, "#bd3786"], [0.5555555555555556, "#d8576b"], [0.6666666666666666, "#ed7953"], [0.7777777777777778, "#fb9f3a"], [0.8888888888888888, "#fdca26"], [1.0, "#f0f921"]]}], "mesh3d": [{"type": "mesh3d", "colorbar": {"outlinewidth": 0, "ticks": ""}}], "scatter": [{"fillpattern": {"fillmode": "overlay", "size": 10, "solidity": 0.2}, "type": "scatter"}], "parcoords": [{"type": "parcoords", "line": {"colorbar": {"outlinewidth": 0, "ticks": ""}}}], "scatterpolargl": [{"type": "scatterpolargl", "marker": {"colorbar": {"outlinewidth": 0, "ticks": ""}}}], "bar": [{"error_x": {"color": "#2a3f5f"}, "error_y": {"color": "#2a3f5f"}, "marker": {"line": {"color": "#E5ECF6", "width": 0.5}, "pattern": {"fillmode": "overlay", "size": 10, "solidity": 0.2}}, "type": "bar"}], "scattergeo": [{"type": "scattergeo", "marker": {"colorbar": {"outlinewidth": 0, "ticks": ""}}}], "scatterpolar": [{"type": "scatterpolar", "marker": {"colorbar": {"outlinewidth": 0, "ticks": ""}}}], "histogram": [{"marker": {"pattern": {"fillmode": "overlay", "size": 10, "solidity": 0.2}}, "type": "histogram"}], "scattergl": [{"type": "scattergl", "marker": {"colorbar": {"outlinewidth": 0, "ticks": ""}}}], "scatter3d": [{"type": "scatter3d", "line": {"colorbar": {"outlinewidth": 0, "ticks": ""}}, "marker": {"colorbar": {"outlinewidth": 0, "ticks": ""}}}], "scattermapbox": [{"type": "scattermapbox", "marker": {"colorbar": {"outlinewidth": 0, "ticks": ""}}}], "scatterternary": [{"type": "scatterternary", "marker": {"colorbar": {"outlinewidth": 0, "ticks": ""}}}], "scattercarpet": [{"type": "scattercarpet", "marker": {"colorbar": {"outlinewidth": 0, "ticks": ""}}}], "carpet": [{"aaxis": {"endlinecolor": "#2a3f5f", "gridcolor": "white", "linecolor": "white", "minorgridcolor": "white", "startlinecolor": "#2a3f5f"}, "baxis": {"endlinecolor": "#2a3f5f", "gridcolor": "white", "linecolor": "white", "minorgridcolor": "white", "startlinecolor": "#2a3f5f"}, "type": "carpet"}], "table": [{"cells": {"fill": {"color": "#EBF0F8"}, "line": {"color": "white"}}, "header": {"fill": {"color": "#C8D4E3"}, "line": {"color": "white"}}, "type": "table"}], "barpolar": [{"marker": {"line": {"color": "#E5ECF6", "width": 0.5}, "pattern": {"fillmode": "overlay", "size": 10, "solidity": 0.2}}, "type": "barpolar"}], "pie": [{"automargin": true, "type": "pie"}]}, "layout": {"autotypenumbers": "strict", "colorway": ["#636efa", "#EF553B", "#00cc96", "#ab63fa", "#FFA15A", "#19d3f3", "#FF6692", "#B6E880", "#FF97FF", "#FECB52"], "font": {"color": "#2a3f5f"}, "hovermode": "closest", "hoverlabel": {"align": "left"}, "paper_bgcolor": "white", "plot_bgcolor": "#E5ECF6", "polar": {"bgcolor": "#E5ECF6", "angularaxis": {"gridcolor": "white", "linecolor": "white", "ticks": ""}, "radialaxis": {"gridcolor": "white", "linecolor": "white", "ticks": ""}}, "ternary": {"bgcolor": "#E5ECF6", "aaxis": {"gridcolor": "white", "linecolor": "white", "ticks": ""}, "baxis": {"gridcolor": "white", "linecolor": "white", "ticks": ""}, "caxis": {"gridcolor": "white", "linecolor": "white", "ticks": ""}}, "coloraxis": {"colorbar": {"outlinewidth": 0, "ticks": ""}}, "colorscale": {"sequential": [[0.0, "#0d0887"], [0.1111111111111111, "#46039f"], [0.2222222222222222, "#7201a8"], [0.3333333333333333, "#9c179e"], [0.4444444444444444, "#bd3786"], [0.5555555555555556, "#d8576b"], [0.6666666666666666, "#ed7953"], [0.7777777777777778, "#fb9f3a"], [0.8888888888888888, "#fdca26"], [1.0, "#f0f921"]], "sequentialminus": [[0.0, "#0d0887"], [0.1111111111111111, "#46039f"], [0.2222222222222222, "#7201a8"], [0.3333333333333333, "#9c179e"], [0.4444444444444444, "#bd3786"], [0.5555555555555556, "#d8576b"], [0.6666666666666666, "#ed7953"], [0.7777777777777778, "#fb9f3a"], [0.8888888888888888, "#fdca26"], [1.0, "#f0f921"]], "diverging": [[0, "#8e0152"], [0.1, "#c51b7d"], [0.2, "#de77ae"], [0.3, "#f1b6da"], [0.4, "#fde0ef"], [0.5, "#f7f7f7"], [0.6, "#e6f5d0"], [0.7, "#b8e186"], [0.8, "#7fbc41"], [0.9, "#4d9221"], [1, "#276419"]]}, "xaxis": {"gridcolor": "white", "linecolor": "white", "ticks": "", "title": {"standoff": 15}, "zerolinecolor": "white", "automargin": true, "zerolinewidth": 2}, "yaxis": {"gridcolor": "white", "linecolor": "white", "ticks": "", "title": {"standoff": 15}, "zerolinecolor": "white", "automargin": true, "zerolinewidth": 2}, "scene": {"xaxis": {"backgroundcolor": "#E5ECF6", "gridcolor": "white", "linecolor": "white", "showbackground": true, "ticks": "", "zerolinecolor": "white", "gridwidth": 2}, "yaxis": {"backgroundcolor": "#E5ECF6", "gridcolor": "white", "linecolor": "white", "showbackground": true, "ticks": "", "zerolinecolor": "white", "gridwidth": 2}, "zaxis": {"backgroundcolor": "#E5ECF6", "gridcolor": "white", "linecolor": "white", "showbackground": true, "ticks": "", "zerolinecolor": "white", "gridwidth": 2}}, "shapedefaults": {"line": {"color": "#2a3f5f"}}, "annotationdefaults": {"arrowcolor": "#2a3f5f", "arrowhead": 0, "arrowwidth": 1}, "geo": {"bgcolor": "white", "landcolor": "#E5ECF6", "subunitcolor": "white", "showland": true, "showlakes": true, "lakecolor": "white"}, "title": {"x": 0.05}, "mapbox": {"style": "light"}}}}}