{"data": [{"z": [[17.743558883666992, -4.372237205505371, -2.2332944869995117, 4.92953634262085, 4.006527423858643, 7.79825496673584, 4.198897361755371, 1.3297511339187622, -1.1820926666259766, 11.553699493408203, -4.329814910888672, 7.811605930328369, 7.9784369468688965, -0.33417248725891113, -4.4574384689331055, 4.766798496246338, 8.396263122558594, 3.352050304412842, 0.8523982167243958, 4.466667175292969, 4.760844707489014], [-4.372237205505371, 27.164100646972656, 0.9066191911697388, -5.072653770446777, 1.7757147550582886, -5.916784763336182, -0.3572569489479065, 6.273033618927002, 8.6185941696167, -5.68269681930542, 1.2849382162094116, -5.482438564300537, -5.4143595695495605, 8.587302207946777, -0.8192325830459595, -4.586021900177002, 6.054778575897217, -2.148037910461426, 0.4890793561935425, -0.8321361541748047, 1.1634927988052368], [-2.2332944869995117, 0.9066191911697388, 31.890668869018555, -0.5646639466285706, -2.8142077922821045, 2.412085771560669, -0.23121494054794312, 7.308603763580322, -1.259656310081482, -1.364489197731018, 2.3840830326080322, -4.318682670593262, -1.262856364250183, 5.954361438751221, -0.29274964332580566, 7.353241443634033, 1.1862530708312988, -0.6032187938690186, 3.5564444065093994, -3.104106903076172, 4.656822204589844], [4.92953634262085, -5.072653770446777, -0.5646639466285706, 25.763423919677734, 0.711962103843689, 4.57759428024292, -1.6105645895004272, -2.5323832035064697, -2.9807188510894775, 8.910454750061035, -0.8857895731925964, -2.80074143409729, 8.718977928161621, -1.4021108150482178, -1.2964978218078613, -1.3653521537780762, -5.5065484046936035, 2.502634048461914, 1.3650481700897217, 1.0334771871566772, -1.8230750560760498], [4.006527423858643, 1.7757147550582886, -2.8142077922821045, 0.711962103843689, 27.617183685302734, 1.0004814863204956, -1.9481593370437622, 2.980327606201172, -1.9995225667953491, 6.8852643966674805, -7.115468978881836, -1.4982733726501465, -1.6554219722747803, -2.4635250568389893, -1.187688946723938, 0.8130935430526733, 8.860149383544922, -0.10395652055740356, 9.04358196258545, 6.742436408996582, 7.755829334259033], [7.79825496673584, -5.916784763336182, 2.412085771560669, 4.57759428024292, 1.0004814863204956, 19.84040069580078, 2.154327869415283, -6.230199337005615, -8.450711250305176, 9.117142677307129, 0.9683401584625244, 3.9446723461151123, 2.248851776123047, -0.6962118744850159, -3.988312244415283, 2.0572361946105957, 4.6580915451049805, 7.073845863342285, -2.1798629760742188, -0.670110821723938, -5.976919651031494], [4.198897361755371, -0.3572569489479065, -0.23121494054794312, -1.6105645895004272, -1.9481593370437622, 2.154327869415283, 17.744495391845703, 3.253833293914795, 6.008652210235596, 2.9839701652526855, 3.7488157749176025, 4.712566375732422, -1.678562879562378, 0.36857229471206665, 2.7866976261138916, 0.6887271404266357, -2.6160483360290527, -4.857386589050293, 0.7348138093948364, 1.8838715553283691, -4.081387519836426], [1.3297511339187622, 6.273033618927002, 7.308603763580322, -2.5323832035064697, 2.980327606201172, -6.230199337005615, 3.253833293914795, 20.31487464904785, 4.090630054473877, -1.0230121612548828, 6.857474327087402, -6.305637359619141, -1.5940874814987183, 6.539658546447754, -3.651312828063965, -1.5577467679977417, 8.159805297851562, -1.2045109272003174, 3.8282017707824707, 4.914259910583496, 9.011116981506348], [-1.1820926666259766, 8.6185941696167, -1.259656310081482, -2.9807188510894775, -1.9995225667953491, -8.450711250305176, 6.008652210235596, 4.090630054473877, 18.439815521240234, -1.0705432891845703, 2.9429380893707275, -0.24763503670692444, -2.1857638359069824, 3.3500328063964844, 0.612812876701355, -0.8544576168060303, -0.9871014356613159, -7.70003080368042, 4.625576972961426, 1.468298077583313, 1.5514839887619019], [11.553699493408203, -5.68269681930542, -1.364489197731018, 8.910454750061035, 6.8852643966674805, 9.117142677307129, 2.9839701652526855, -1.0230121612548828, -1.0705432891845703, 26.491744995117188, -4.999356746673584, 5.626810550689697, 13.97233772277832, -5.842591762542725, -0.4552798867225647, 2.8415493965148926, 10.503101348876953, -3.104189395904541, 3.013211250305176, 6.78635311126709, 2.907949924468994], [-4.329814910888672, 1.2849382162094116, 2.3840830326080322, -0.8857895731925964, -7.115468978881836, 0.9683401584625244, 3.7488157749176025, 6.857474327087402, 2.9429380893707275, -4.999356746673584, 21.5324649810791, -4.634646892547607, -7.705880641937256, -0.2590849697589874, -1.5134176015853882, -1.385218620300293, -3.3687100410461426, -0.17661052942276, 0.7274200916290283, -0.5509324669837952, -7.1969122886657715], [7.811605930328369, -5.482438564300537, -4.318682670593262, -2.80074143409729, -1.4982733726501465, 3.9446723461151123, 4.712566375732422, -6.305637359619141, -0.24763503670692444, 5.626810550689697, -4.634646892547607, 27.91703224182129, 0.3147287666797638, -0.5951086282730103, 1.1165298223495483, 10.390878677368164, 1.6143572330474854, -2.418539047241211, 8.852865219116211, 1.549302577972412, 5.077487945556641], [7.9784369468688965, -5.4143595695495605, -1.262856364250183, 8.718977928161621, -1.6554219722747803, 2.248851776123047, -1.678562879562378, -1.5940874814987183, -2.1857638359069824, 13.97233772277832, -7.705880641937256, 0.3147287666797638, 21.827234268188477, -2.1148197650909424, -1.3035553693771362, 2.755277156829834, 7.950543403625488, -0.5420210361480713, -2.198688507080078, 6.135043144226074, 6.231262683868408], [-0.33417248725891113, 8.587302207946777, 5.954361438751221, -1.4021108150482178, -2.4635250568389893, -0.6962118744850159, 0.36857229471206665, 6.539658546447754, 3.3500328063964844, -5.842591762542725, -0.2590849697589874, -0.5951086282730103, -2.1148197650909424, 24.434160232543945, -4.610392093658447, -1.236283302307129, 7.804503917694092, 1.3338379859924316, 4.972705841064453, -0.3490141034126282, 4.469338893890381], [-4.4574384689331055, -0.8192325830459595, -0.29274964332580566, -1.2964978218078613, -1.187688946723938, -3.988312244415283, 2.7866976261138916, -3.651312828063965, 0.612812876701355, -0.4552798867225647, -1.5134176015853882, 1.1165298223495483, -1.3035553693771362, -4.610392093658447, 18.407678604125977, 2.7338626384735107, -11.792394638061523, -1.8560864925384521, -4.260537147521973, -6.519853591918945, -0.07335886359214783], [4.766798496246338, -4.586021900177002, 7.353241443634033, -1.3653521537780762, 0.8130935430526733, 2.0572361946105957, 0.6887271404266357, -1.5577467679977417, -0.8544576168060303, 2.8415493965148926, -1.385218620300293, 10.390878677368164, 2.755277156829834, -1.236283302307129, 2.7338626384735107, 16.65308380126953, 2.0463602542877197, 1.9170784950256348, 4.50356388092041, -1.2661398649215698, 10.78792953491211], [8.396263122558594, 6.054779052734375, 1.186253309249878, -5.506547927856445, 8.860150337219238, 4.658091068267822, -2.6160478591918945, 8.159805297851562, -0.9871019124984741, 10.503101348876953, -3.368710517883301, 1.6143568754196167, 7.950542449951172, 7.804503917694092, -11.792394638061523, 2.0463600158691406, 35.101036071777344, -0.6953279972076416, 0.20864152908325195, 14.279767990112305, 11.556154251098633], [3.35205078125, -2.1480367183685303, -0.6032189130783081, 2.502633571624756, -0.10395684838294983, 7.073845863342285, -4.857387065887451, -1.2045108079910278, -7.70003080368042, -3.1041882038116455, -0.17661051452159882, -2.41853928565979, -0.5420212149620056, 1.333837866783142, -1.8560867309570312, 1.917079210281372, -0.6953279972076416, 22.240774154663086, 1.0484888553619385, -1.1134583950042725, -1.938645839691162], [0.8523985743522644, 0.4890788197517395, 3.5564444065093994, 1.3650481700897217, 9.04358196258545, -2.1798629760742188, 0.7348139882087708, 3.8282008171081543, 4.625577449798584, 3.0132107734680176, 0.7274197936058044, 8.852864265441895, -2.1986887454986572, 4.972706317901611, -4.260537147521973, 4.50356388092041, 0.20864152908325195, 1.0484888553619385, 26.435026168823242, 8.20623779296875, 2.0026702880859375], [4.466667175292969, -0.8321362137794495, -3.104107141494751, 1.033477544784546, 6.742436408996582, -0.670110821723938, 1.8838719129562378, 4.914260387420654, 1.4682981967926025, 6.78635311126709, -0.5509319305419922, 1.5493024587631226, 6.135042667388916, -0.3490142524242401, -6.519853115081787, -1.266140103340149, 14.279767990112305, -1.1134583950042725, 8.20623779296875, 17.563262939453125, 0.440627783536911], [4.7608442306518555, 1.1634920835494995, 4.656821250915527, -1.8230754137039185, 7.755828857421875, -5.9769206047058105, -4.081387519836426, 9.011116981506348, 1.5514838695526123, 2.907949924468994, -7.196910858154297, 5.077486991882324, 6.231263160705566, 4.469339370727539, -0.07335853576660156, 10.78792953491211, 11.556153297424316, -1.9386467933654785, 2.0026707649230957, 0.4406281113624573, 29.51171112060547]], "type": "heatmap"}], "layout": {"template": {"data": {"histogram2dcontour": [{"type": "histogram2dcontour", "colorbar": {"outlinewidth": 0, "ticks": ""}, "colorscale": [[0.0, "#0d0887"], [0.1111111111111111, "#46039f"], [0.2222222222222222, "#7201a8"], [0.3333333333333333, "#9c179e"], [0.4444444444444444, "#bd3786"], [0.5555555555555556, "#d8576b"], [0.6666666666666666, "#ed7953"], [0.7777777777777778, "#fb9f3a"], [0.8888888888888888, "#fdca26"], [1.0, "#f0f921"]]}], "choropleth": [{"type": "choropleth", "colorbar": {"outlinewidth": 0, "ticks": ""}}], "histogram2d": [{"type": "histogram2d", "colorbar": {"outlinewidth": 0, "ticks": ""}, "colorscale": [[0.0, "#0d0887"], [0.1111111111111111, "#46039f"], [0.2222222222222222, "#7201a8"], [0.3333333333333333, "#9c179e"], [0.4444444444444444, "#bd3786"], [0.5555555555555556, "#d8576b"], [0.6666666666666666, "#ed7953"], [0.7777777777777778, "#fb9f3a"], [0.8888888888888888, "#fdca26"], [1.0, "#f0f921"]]}], "heatmap": [{"type": "heatmap", "colorbar": {"outlinewidth": 0, "ticks": ""}, "colorscale": [[0.0, "#0d0887"], [0.1111111111111111, "#46039f"], [0.2222222222222222, "#7201a8"], [0.3333333333333333, "#9c179e"], [0.4444444444444444, "#bd3786"], [0.5555555555555556, "#d8576b"], [0.6666666666666666, "#ed7953"], [0.7777777777777778, "#fb9f3a"], [0.8888888888888888, "#fdca26"], [1.0, "#f0f921"]]}], "heatmapgl": [{"type": "heatmapgl", "colorbar": {"outlinewidth": 0, "ticks": ""}, "colorscale": [[0.0, "#0d0887"], [0.1111111111111111, "#46039f"], [0.2222222222222222, "#7201a8"], [0.3333333333333333, "#9c179e"], [0.4444444444444444, "#bd3786"], [0.5555555555555556, "#d8576b"], [0.6666666666666666, "#ed7953"], [0.7777777777777778, "#fb9f3a"], [0.8888888888888888, "#fdca26"], [1.0, "#f0f921"]]}], "contourcarpet": [{"type": "contourcarpet", "colorbar": {"outlinewidth": 0, "ticks": ""}}], "contour": [{"type": "contour", "colorbar": {"outlinewidth": 0, "ticks": ""}, "colorscale": [[0.0, "#0d0887"], [0.1111111111111111, "#46039f"], [0.2222222222222222, "#7201a8"], [0.3333333333333333, "#9c179e"], [0.4444444444444444, "#bd3786"], [0.5555555555555556, "#d8576b"], [0.6666666666666666, "#ed7953"], [0.7777777777777778, "#fb9f3a"], [0.8888888888888888, "#fdca26"], [1.0, "#f0f921"]]}], "surface": [{"type": "surface", "colorbar": {"outlinewidth": 0, "ticks": ""}, "colorscale": [[0.0, "#0d0887"], [0.1111111111111111, "#46039f"], [0.2222222222222222, "#7201a8"], [0.3333333333333333, "#9c179e"], [0.4444444444444444, "#bd3786"], [0.5555555555555556, "#d8576b"], [0.6666666666666666, "#ed7953"], [0.7777777777777778, "#fb9f3a"], [0.8888888888888888, "#fdca26"], [1.0, "#f0f921"]]}], "mesh3d": [{"type": "mesh3d", "colorbar": {"outlinewidth": 0, "ticks": ""}}], "scatter": [{"fillpattern": {"fillmode": "overlay", "size": 10, "solidity": 0.2}, "type": "scatter"}], "parcoords": [{"type": "parcoords", "line": {"colorbar": {"outlinewidth": 0, "ticks": ""}}}], "scatterpolargl": [{"type": "scatterpolargl", "marker": {"colorbar": {"outlinewidth": 0, "ticks": ""}}}], "bar": [{"error_x": {"color": "#2a3f5f"}, "error_y": {"color": "#2a3f5f"}, "marker": {"line": {"color": "#E5ECF6", "width": 0.5}, "pattern": {"fillmode": "overlay", "size": 10, "solidity": 0.2}}, "type": "bar"}], "scattergeo": [{"type": "scattergeo", "marker": {"colorbar": {"outlinewidth": 0, "ticks": ""}}}], "scatterpolar": [{"type": "scatterpolar", "marker": {"colorbar": {"outlinewidth": 0, "ticks": ""}}}], "histogram": [{"marker": {"pattern": {"fillmode": "overlay", "size": 10, "solidity": 0.2}}, "type": "histogram"}], "scattergl": [{"type": "scattergl", "marker": {"colorbar": {"outlinewidth": 0, "ticks": ""}}}], "scatter3d": [{"type": "scatter3d", "line": {"colorbar": {"outlinewidth": 0, "ticks": ""}}, "marker": {"colorbar": {"outlinewidth": 0, "ticks": ""}}}], "scattermapbox": [{"type": "scattermapbox", "marker": {"colorbar": {"outlinewidth": 0, "ticks": ""}}}], "scatterternary": [{"type": "scatterternary", "marker": {"colorbar": {"outlinewidth": 0, "ticks": ""}}}], "scattercarpet": [{"type": "scattercarpet", "marker": {"colorbar": {"outlinewidth": 0, "ticks": ""}}}], "carpet": [{"aaxis": {"endlinecolor": "#2a3f5f", "gridcolor": "white", "linecolor": "white", "minorgridcolor": "white", "startlinecolor": "#2a3f5f"}, "baxis": {"endlinecolor": "#2a3f5f", "gridcolor": "white", "linecolor": "white", "minorgridcolor": "white", "startlinecolor": "#2a3f5f"}, "type": "carpet"}], "table": [{"cells": {"fill": {"color": "#EBF0F8"}, "line": {"color": "white"}}, "header": {"fill": {"color": "#C8D4E3"}, "line": {"color": "white"}}, "type": "table"}], "barpolar": [{"marker": {"line": {"color": "#E5ECF6", "width": 0.5}, "pattern": {"fillmode": "overlay", "size": 10, "solidity": 0.2}}, "type": "barpolar"}], "pie": [{"automargin": true, "type": "pie"}]}, "layout": {"autotypenumbers": "strict", "colorway": ["#636efa", "#EF553B", "#00cc96", "#ab63fa", "#FFA15A", "#19d3f3", "#FF6692", "#B6E880", "#FF97FF", "#FECB52"], "font": {"color": "#2a3f5f"}, "hovermode": "closest", "hoverlabel": {"align": "left"}, "paper_bgcolor": "white", "plot_bgcolor": "#E5ECF6", "polar": {"bgcolor": "#E5ECF6", "angularaxis": {"gridcolor": "white", "linecolor": "white", "ticks": ""}, "radialaxis": {"gridcolor": "white", "linecolor": "white", "ticks": ""}}, "ternary": {"bgcolor": "#E5ECF6", "aaxis": {"gridcolor": "white", "linecolor": "white", "ticks": ""}, "baxis": {"gridcolor": "white", "linecolor": "white", "ticks": ""}, "caxis": {"gridcolor": "white", "linecolor": "white", "ticks": ""}}, "coloraxis": {"colorbar": {"outlinewidth": 0, "ticks": ""}}, "colorscale": {"sequential": [[0.0, "#0d0887"], [0.1111111111111111, "#46039f"], [0.2222222222222222, "#7201a8"], [0.3333333333333333, "#9c179e"], [0.4444444444444444, "#bd3786"], [0.5555555555555556, "#d8576b"], [0.6666666666666666, "#ed7953"], [0.7777777777777778, "#fb9f3a"], [0.8888888888888888, "#fdca26"], [1.0, "#f0f921"]], "sequentialminus": [[0.0, "#0d0887"], [0.1111111111111111, "#46039f"], [0.2222222222222222, "#7201a8"], [0.3333333333333333, "#9c179e"], [0.4444444444444444, "#bd3786"], [0.5555555555555556, "#d8576b"], [0.6666666666666666, "#ed7953"], [0.7777777777777778, "#fb9f3a"], [0.8888888888888888, "#fdca26"], [1.0, "#f0f921"]], "diverging": [[0, "#8e0152"], [0.1, "#c51b7d"], [0.2, "#de77ae"], [0.3, "#f1b6da"], [0.4, "#fde0ef"], [0.5, "#f7f7f7"], [0.6, "#e6f5d0"], [0.7, "#b8e186"], [0.8, "#7fbc41"], [0.9, "#4d9221"], [1, "#276419"]]}, "xaxis": {"gridcolor": "white", "linecolor": "white", "ticks": "", "title": {"standoff": 15}, "zerolinecolor": "white", "automargin": true, "zerolinewidth": 2}, "yaxis": {"gridcolor": "white", "linecolor": "white", "ticks": "", "title": {"standoff": 15}, "zerolinecolor": "white", "automargin": true, "zerolinewidth": 2}, "scene": {"xaxis": {"backgroundcolor": "#E5ECF6", "gridcolor": "white", "linecolor": "white", "showbackground": true, "ticks": "", "zerolinecolor": "white", "gridwidth": 2}, "yaxis": {"backgroundcolor": "#E5ECF6", "gridcolor": "white", "linecolor": "white", "showbackground": true, "ticks": "", "zerolinecolor": "white", "gridwidth": 2}, "zaxis": {"backgroundcolor": "#E5ECF6", "gridcolor": "white", "linecolor": "white", "showbackground": true, "ticks": "", "zerolinecolor": "white", "gridwidth": 2}}, "shapedefaults": {"line": {"color": "#2a3f5f"}}, "annotationdefaults": {"arrowcolor": "#2a3f5f", "arrowhead": 0, "arrowwidth": 1}, "geo": {"bgcolor": "white", "landcolor": "#E5ECF6", "subunitcolor": "white", "showland": true, "showlakes": true, "lakecolor": "white"}, "title": {"x": 0.05}, "mapbox": {"style": "light"}}}}}