{"data": [{"z": [[17.74355697631836, -4.3722052574157715, -2.2332687377929688, 4.929455757141113, 4.006485939025879, 7.7981743812561035, 4.198802471160889, 1.329746127128601, -1.1821478605270386, 11.553694725036621, -4.329766273498535, 7.811460018157959, 7.978409767150879, -0.3341413140296936, -4.4575347900390625, 4.766696929931641, 8.396246910095215, 3.35202693939209, 0.8523356914520264, 4.466646194458008, 4.760656833648682], [-4.3722052574157715, 27.164140701293945, 0.9066831469535828, -5.072662830352783, 1.7757447957992554, -5.9168267250061035, -0.35731014609336853, 6.27304220199585, 8.618552207946777, -5.682684421539307, 1.2850103378295898, -5.482428073883057, -5.4143385887146, 8.587376594543457, -0.8192344307899475, -4.5860185623168945, 6.054720401763916, -2.148040294647217, 0.48903095722198486, -0.8320341110229492, 1.1634948253631592], [-2.2332687377929688, 0.9066831469535828, 31.89078712463379, -0.5645856261253357, -2.8140976428985596, 2.4121599197387695, -0.23131297528743744, 7.308721542358398, -1.2595041990280151, -1.364525556564331, 2.384202003479004, -4.3185296058654785, -1.262704849243164, 5.954397201538086, -0.292683482170105, 7.3532490730285645, 1.1862218379974365, -0.6031968593597412, 3.5564446449279785, -3.1039721965789795, 4.656877517700195], [4.929455757141113, -5.072662830352783, -0.5645856261253357, 25.76344871520996, 0.7120923399925232, 4.577819347381592, -1.6106793880462646, -2.5322341918945312, -2.9805798530578613, 8.910337448120117, -0.8857142329216003, -2.800537586212158, 8.71915054321289, -1.4020477533340454, -1.2963639497756958, -1.3652653694152832, -5.506692886352539, 2.50274658203125, 1.364938497543335, 1.0336127281188965, -1.8230000734329224], [4.006485939025879, 1.7757447957992554, -2.8140976428985596, 0.7120923399925232, 27.617338180541992, 1.0006002187728882, -1.9481770992279053, 2.980454683303833, -1.9993449449539185, 6.885193347930908, -7.115319728851318, -1.498063087463379, -1.655241847038269, -2.4634926319122314, -1.1875250339508057, 0.8131412863731384, 8.860071182250977, -0.1038973331451416, 9.043511390686035, 6.742537498474121, 7.756006717681885], [7.7981743812561035, -5.9168267250061035, 2.4121599197387695, 4.577819347381592, 1.0006002187728882, 19.840749740600586, 2.1543445587158203, -6.229989528656006, -8.45052719116211, 9.117157936096191, 0.9683645963668823, 3.944913625717163, 2.2490463256835938, -0.6961262822151184, -3.9880599975585938, 2.0574257373809814, 4.6580095291137695, 7.07395601272583, -2.1796908378601074, -0.6699564456939697, -5.976691722869873], [4.198802471160889, -0.35731014609336853, -0.23131297528743744, -1.6106793880462646, -1.9481770992279053, 2.1543445587158203, 17.744478225708008, 3.2538537979125977, 6.008561611175537, 2.9839060306549072, 3.7487432956695557, 4.71248722076416, -1.6785660982131958, 0.3685033917427063, 2.786590576171875, 0.6886609196662903, -2.6160366535186768, -4.857383728027344, 0.7347312569618225, 1.8837491273880005, -4.081545352935791], [1.329746127128601, 6.27304220199585, 7.308721542358398, -2.5322341918945312, 2.980454683303833, -6.229989528656006, 3.2538537979125977, 20.31501007080078, 4.090703010559082, -1.0229759216308594, 6.857568264007568, -6.305444717407227, -1.5939390659332275, 6.53980016708374, -3.651108980178833, -1.5576094388961792, 8.159727096557617, -1.204367995262146, 3.8282840251922607, 4.914471626281738, 9.011329650878906], [-1.1821478605270386, 8.618552207946777, -1.2595041990280151, -2.9805798530578613, -1.9993449449539185, -8.45052719116211, 6.008561611175537, 4.090703010559082, 18.440025329589844, -1.0706123113632202, 2.942997455596924, -0.2473960816860199, -2.1856250762939453, 3.350101947784424, 0.612989604473114, -0.8543186783790588, -0.9872772693634033, -7.699969291687012, 4.625602722167969, 1.4684854745864868, 1.551674246788025], [11.553694725036621, -5.682684421539307, -1.364525556564331, 8.910337448120117, 6.885193347930908, 9.117157936096191, 2.9839060306549072, -1.0229759216308594, -1.0706123113632202, 26.49183464050293, -4.99935245513916, 5.62669563293457, 13.972294807434082, -5.842566013336182, -0.4553995132446289, 2.8414268493652344, 10.50307846069336, -3.104200601577759, 3.013118028640747, 6.7863664627075195, 2.907747268676758], [-4.329766273498535, 1.2850103378295898, 2.384202003479004, -0.8857142329216003, -7.115319728851318, 0.9683645963668823, 3.7487432956695557, 6.857568264007568, 2.942997455596924, -4.99935245513916, 21.532611846923828, -4.634516716003418, -7.705758094787598, -0.2589663565158844, -1.51333487033844, -1.3851618766784668, -3.3687219619750977, -0.17655491828918457, 0.727409839630127, -0.5507331490516663, -7.196789264678955], [7.811460018157959, -5.482428073883057, -4.3185296058654785, -2.800537586212158, -1.498063087463379, 3.944913625717163, 4.71248722076416, -6.305444717407227, -0.2473960816860199, 5.62669563293457, -4.634516716003418, 27.917247772216797, 0.3150170147418976, -0.5951052308082581, 1.116714358329773, 10.39091968536377, 1.6143600940704346, -2.4184725284576416, 8.852876663208008, 1.5493284463882446, 5.077661514282227], [7.978409767150879, -5.4143385887146, -1.262704849243164, 8.71915054321289, -1.655241847038269, 2.2490463256835938, -1.6785660982131958, -1.5939390659332275, -2.1856250762939453, 13.972294807434082, -7.705758094787598, 0.3150170147418976, 21.827442169189453, -2.1147518157958984, -1.303317666053772, 2.755420684814453, 7.950481414794922, -0.5419301986694336, -2.198582172393799, 6.135120391845703, 6.231502056121826], [-0.3341413140296936, 8.587376594543457, 5.954397201538086, -1.4020477533340454, -2.4634926319122314, -0.6961262822151184, 0.3685033917427063, 6.53980016708374, 3.350101947784424, -5.842566013336182, -0.2589663565158844, -0.5951052308082581, -2.1147518157958984, 24.43435287475586, -4.610335350036621, -1.2362948656082153, 7.8044657707214355, 1.3338630199432373, 4.972640037536621, -0.34883901476860046, 4.469352722167969], [-4.4575347900390625, -0.8192344307899475, -0.292683482170105, -1.2963639497756958, -1.1875250339508057, -3.9880599975585938, 2.786590576171875, -3.651108980178833, 0.612989604473114, -0.4553995132446289, -1.51333487033844, 1.116714358329773, -1.303317666053772, -4.610335350036621, 18.407852172851562, 2.733962297439575, -11.792387008666992, -1.8559226989746094, -4.260532855987549, -6.519717216491699, -0.0732407420873642], [4.766696929931641, -4.5860185623168945, 7.3532490730285645, -1.3652653694152832, 0.8131412863731384, 2.0574257373809814, 0.6886609196662903, -1.5576094388961792, -0.8543186783790588, 2.8414268493652344, -1.3851618766784668, 10.39091968536377, 2.755420684814453, -1.2362948656082153, 2.733962297439575, 16.65315055847168, 2.046372890472412, 1.9171576499938965, 4.503536224365234, -1.2661384344100952, 10.78794002532959], [8.396245002746582, 6.054720878601074, 1.1862211227416992, -5.506693363189697, 8.860071182250977, 4.6580095291137695, -2.616037130355835, 8.159728050231934, -0.9872766137123108, 10.50307846069336, -3.3687217235565186, 1.6143594980239868, 7.950481414794922, 7.804466247558594, -11.79238510131836, 2.046372890472412, 35.10089874267578, -0.695303201675415, 0.2085719108581543, 14.279658317565918, 11.556062698364258], [3.35202693939209, -2.1480395793914795, -0.6031969785690308, 2.502746820449829, -0.1038975641131401, 7.07395601272583, -4.857383728027344, -1.2043681144714355, -7.699969291687012, -3.104201316833496, -0.1765546351671219, -2.4184725284576416, -0.5419299602508545, 1.3338634967803955, -1.8559226989746094, 1.917157769203186, -0.695303201675415, 22.240886688232422, 1.048553228378296, -1.113407850265503, -1.938552975654602], [0.8523358106613159, 0.48903101682662964, 3.5564441680908203, 1.3649377822875977, 9.043511390686035, -2.1796908378601074, 0.7347314953804016, 3.8282833099365234, 4.625603199005127, 3.013118028640747, 0.7274103164672852, 8.852876663208008, -2.1985819339752197, 4.972640037536621, -4.260532379150391, 4.503536701202393, 0.2085719108581543, 1.048553228378296, 26.434978485107422, 8.206086158752441, 2.002535343170166], [4.466646671295166, -0.8320344686508179, -3.1039724349975586, 1.033612608909607, 6.742538928985596, -0.6699561476707458, 1.8837487697601318, 4.9144721031188965, 1.4684853553771973, 6.786366939544678, -0.5507330894470215, 1.5493285655975342, 6.135120391845703, -0.34883907437324524, -6.519716739654541, -1.2661385536193848, 14.279658317565918, -1.113407850265503, 8.206086158752441, 17.563587188720703, 0.4406627416610718], [4.760656356811523, 1.1634955406188965, 4.656877517700195, -1.823000431060791, 7.756006240844727, -5.976692199707031, -4.081545829772949, 9.011329650878906, 1.551674246788025, 2.9077467918395996, -7.1967902183532715, 5.077661514282227, 6.231501579284668, 4.469352722167969, -0.07324075698852539, 10.787939071655273, 11.556062698364258, -1.9385530948638916, 2.002535104751587, 0.44066286087036133, 29.51171112060547]], "type": "heatmap"}], "layout": {"template": {"data": {"histogram2dcontour": [{"type": "histogram2dcontour", "colorbar": {"outlinewidth": 0, "ticks": ""}, "colorscale": [[0.0, "#0d0887"], [0.1111111111111111, "#46039f"], [0.2222222222222222, "#7201a8"], [0.3333333333333333, "#9c179e"], [0.4444444444444444, "#bd3786"], [0.5555555555555556, "#d8576b"], [0.6666666666666666, "#ed7953"], [0.7777777777777778, "#fb9f3a"], [0.8888888888888888, "#fdca26"], [1.0, "#f0f921"]]}], "choropleth": [{"type": "choropleth", "colorbar": {"outlinewidth": 0, "ticks": ""}}], "histogram2d": [{"type": "histogram2d", "colorbar": {"outlinewidth": 0, "ticks": ""}, "colorscale": [[0.0, "#0d0887"], [0.1111111111111111, "#46039f"], [0.2222222222222222, "#7201a8"], [0.3333333333333333, "#9c179e"], [0.4444444444444444, "#bd3786"], [0.5555555555555556, "#d8576b"], [0.6666666666666666, "#ed7953"], [0.7777777777777778, "#fb9f3a"], [0.8888888888888888, "#fdca26"], [1.0, "#f0f921"]]}], "heatmap": [{"type": "heatmap", "colorbar": {"outlinewidth": 0, "ticks": ""}, "colorscale": [[0.0, "#0d0887"], [0.1111111111111111, "#46039f"], [0.2222222222222222, "#7201a8"], [0.3333333333333333, "#9c179e"], [0.4444444444444444, "#bd3786"], [0.5555555555555556, "#d8576b"], [0.6666666666666666, "#ed7953"], [0.7777777777777778, "#fb9f3a"], [0.8888888888888888, "#fdca26"], [1.0, "#f0f921"]]}], "heatmapgl": [{"type": "heatmapgl", "colorbar": {"outlinewidth": 0, "ticks": ""}, "colorscale": [[0.0, "#0d0887"], [0.1111111111111111, "#46039f"], [0.2222222222222222, "#7201a8"], [0.3333333333333333, "#9c179e"], [0.4444444444444444, "#bd3786"], [0.5555555555555556, "#d8576b"], [0.6666666666666666, "#ed7953"], [0.7777777777777778, "#fb9f3a"], [0.8888888888888888, "#fdca26"], [1.0, "#f0f921"]]}], "contourcarpet": [{"type": "contourcarpet", "colorbar": {"outlinewidth": 0, "ticks": ""}}], "contour": [{"type": "contour", "colorbar": {"outlinewidth": 0, "ticks": ""}, "colorscale": [[0.0, "#0d0887"], [0.1111111111111111, "#46039f"], [0.2222222222222222, "#7201a8"], [0.3333333333333333, "#9c179e"], [0.4444444444444444, "#bd3786"], [0.5555555555555556, "#d8576b"], [0.6666666666666666, "#ed7953"], [0.7777777777777778, "#fb9f3a"], [0.8888888888888888, "#fdca26"], [1.0, "#f0f921"]]}], "surface": [{"type": "surface", "colorbar": {"outlinewidth": 0, "ticks": ""}, "colorscale": [[0.0, "#0d0887"], [0.1111111111111111, "#46039f"], [0.2222222222222222, "#7201a8"], [0.3333333333333333, "#9c179e"], [0.4444444444444444, "#bd3786"], [0.5555555555555556, "#d8576b"], [0.6666666666666666, "#ed7953"], [0.7777777777777778, "#fb9f3a"], [0.8888888888888888, "#fdca26"], [1.0, "#f0f921"]]}], "mesh3d": [{"type": "mesh3d", "colorbar": {"outlinewidth": 0, "ticks": ""}}], "scatter": [{"fillpattern": {"fillmode": "overlay", "size": 10, "solidity": 0.2}, "type": "scatter"}], "parcoords": [{"type": "parcoords", "line": {"colorbar": {"outlinewidth": 0, "ticks": ""}}}], "scatterpolargl": [{"type": "scatterpolargl", "marker": {"colorbar": {"outlinewidth": 0, "ticks": ""}}}], "bar": [{"error_x": {"color": "#2a3f5f"}, "error_y": {"color": "#2a3f5f"}, "marker": {"line": {"color": "#E5ECF6", "width": 0.5}, "pattern": {"fillmode": "overlay", "size": 10, "solidity": 0.2}}, "type": "bar"}], "scattergeo": [{"type": "scattergeo", "marker": {"colorbar": {"outlinewidth": 0, "ticks": ""}}}], "scatterpolar": [{"type": "scatterpolar", "marker": {"colorbar": {"outlinewidth": 0, "ticks": ""}}}], "histogram": [{"marker": {"pattern": {"fillmode": "overlay", "size": 10, "solidity": 0.2}}, "type": "histogram"}], "scattergl": [{"type": "scattergl", "marker": {"colorbar": {"outlinewidth": 0, "ticks": ""}}}], "scatter3d": [{"type": "scatter3d", "line": {"colorbar": {"outlinewidth": 0, "ticks": ""}}, "marker": {"colorbar": {"outlinewidth": 0, "ticks": ""}}}], "scattermapbox": [{"type": "scattermapbox", "marker": {"colorbar": {"outlinewidth": 0, "ticks": ""}}}], "scatterternary": [{"type": "scatterternary", "marker": {"colorbar": {"outlinewidth": 0, "ticks": ""}}}], "scattercarpet": [{"type": "scattercarpet", "marker": {"colorbar": {"outlinewidth": 0, "ticks": ""}}}], "carpet": [{"aaxis": {"endlinecolor": "#2a3f5f", "gridcolor": "white", "linecolor": "white", "minorgridcolor": "white", "startlinecolor": "#2a3f5f"}, "baxis": {"endlinecolor": "#2a3f5f", "gridcolor": "white", "linecolor": "white", "minorgridcolor": "white", "startlinecolor": "#2a3f5f"}, "type": "carpet"}], "table": [{"cells": {"fill": {"color": "#EBF0F8"}, "line": {"color": "white"}}, "header": {"fill": {"color": "#C8D4E3"}, "line": {"color": "white"}}, "type": "table"}], "barpolar": [{"marker": {"line": {"color": "#E5ECF6", "width": 0.5}, "pattern": {"fillmode": "overlay", "size": 10, "solidity": 0.2}}, "type": "barpolar"}], "pie": [{"automargin": true, "type": "pie"}]}, "layout": {"autotypenumbers": "strict", "colorway": ["#636efa", "#EF553B", "#00cc96", "#ab63fa", "#FFA15A", "#19d3f3", "#FF6692", "#B6E880", "#FF97FF", "#FECB52"], "font": {"color": "#2a3f5f"}, "hovermode": "closest", "hoverlabel": {"align": "left"}, "paper_bgcolor": "white", "plot_bgcolor": "#E5ECF6", "polar": {"bgcolor": "#E5ECF6", "angularaxis": {"gridcolor": "white", "linecolor": "white", "ticks": ""}, "radialaxis": {"gridcolor": "white", "linecolor": "white", "ticks": ""}}, "ternary": {"bgcolor": "#E5ECF6", "aaxis": {"gridcolor": "white", "linecolor": "white", "ticks": ""}, "baxis": {"gridcolor": "white", "linecolor": "white", "ticks": ""}, "caxis": {"gridcolor": "white", "linecolor": "white", "ticks": ""}}, "coloraxis": {"colorbar": {"outlinewidth": 0, "ticks": ""}}, "colorscale": {"sequential": [[0.0, "#0d0887"], [0.1111111111111111, "#46039f"], [0.2222222222222222, "#7201a8"], [0.3333333333333333, "#9c179e"], [0.4444444444444444, "#bd3786"], [0.5555555555555556, "#d8576b"], [0.6666666666666666, "#ed7953"], [0.7777777777777778, "#fb9f3a"], [0.8888888888888888, "#fdca26"], [1.0, "#f0f921"]], "sequentialminus": [[0.0, "#0d0887"], [0.1111111111111111, "#46039f"], [0.2222222222222222, "#7201a8"], [0.3333333333333333, "#9c179e"], [0.4444444444444444, "#bd3786"], [0.5555555555555556, "#d8576b"], [0.6666666666666666, "#ed7953"], [0.7777777777777778, "#fb9f3a"], [0.8888888888888888, "#fdca26"], [1.0, "#f0f921"]], "diverging": [[0, "#8e0152"], [0.1, "#c51b7d"], [0.2, "#de77ae"], [0.3, "#f1b6da"], [0.4, "#fde0ef"], [0.5, "#f7f7f7"], [0.6, "#e6f5d0"], [0.7, "#b8e186"], [0.8, "#7fbc41"], [0.9, "#4d9221"], [1, "#276419"]]}, "xaxis": {"gridcolor": "white", "linecolor": "white", "ticks": "", "title": {"standoff": 15}, "zerolinecolor": "white", "automargin": true, "zerolinewidth": 2}, "yaxis": {"gridcolor": "white", "linecolor": "white", "ticks": "", "title": {"standoff": 15}, "zerolinecolor": "white", "automargin": true, "zerolinewidth": 2}, "scene": {"xaxis": {"backgroundcolor": "#E5ECF6", "gridcolor": "white", "linecolor": "white", "showbackground": true, "ticks": "", "zerolinecolor": "white", "gridwidth": 2}, "yaxis": {"backgroundcolor": "#E5ECF6", "gridcolor": "white", "linecolor": "white", "showbackground": true, "ticks": "", "zerolinecolor": "white", "gridwidth": 2}, "zaxis": {"backgroundcolor": "#E5ECF6", "gridcolor": "white", "linecolor": "white", "showbackground": true, "ticks": "", "zerolinecolor": "white", "gridwidth": 2}}, "shapedefaults": {"line": {"color": "#2a3f5f"}}, "annotationdefaults": {"arrowcolor": "#2a3f5f", "arrowhead": 0, "arrowwidth": 1}, "geo": {"bgcolor": "white", "landcolor": "#E5ECF6", "subunitcolor": "white", "showland": true, "showlakes": true, "lakecolor": "white"}, "title": {"x": 0.05}, "mapbox": {"style": "light"}}}}}