{"data": [{"z": [[17.77892303466797, -4.350830554962158, -2.228607654571533, 4.943754196166992, 3.9955084323883057, 7.800235271453857, 4.230626583099365, 1.3389849662780762, -1.1857749223709106, 11.571065902709961, -4.327877998352051, 7.816450119018555, 7.977436065673828, -0.33179524540901184, -4.452666759490967, 4.7996368408203125, 8.434967994689941, 3.3683414459228516, 0.8671184182167053, 4.459775924682617, 4.778568267822266], [-4.350830554962158, 27.178361892700195, 0.9049060344696045, -5.067008018493652, 1.759791612625122, -5.9210309982299805, -0.3373715877532959, 6.274524688720703, 8.617685317993164, -5.669468402862549, 1.2766286134719849, -5.49884557723999, -5.423407077789307, 8.578551292419434, -0.8175083994865417, -4.568944931030273, 6.082562446594238, -2.144479751586914, 0.5069354772567749, -0.8521852493286133, 1.1682851314544678], [-2.228607654571533, 0.9049060344696045, 31.887989044189453, -0.5639479160308838, -2.8312478065490723, 2.4048879146575928, -0.2054644227027893, 7.292235374450684, -1.2705456018447876, -1.3569984436035156, 2.373295307159424, -4.332169055938721, -1.2752333879470825, 5.944779872894287, -0.2948916256427765, 7.3634867668151855, 1.2024977207183838, -0.5983089208602905, 3.5697531700134277, -3.133204221725464, 4.649921417236328], [4.943754196166992, -5.067008018493652, -0.5639479160308838, 25.77619743347168, 0.7072214484214783, 4.569723606109619, -1.5906637907028198, -2.5399816036224365, -2.9859673976898193, 8.91819953918457, -0.8881620168685913, -2.806952476501465, 8.715530395507812, -1.408529281616211, -1.2966656684875488, -1.3518637418746948, -5.47389030456543, 2.50848388671875, 1.380659580230713, 1.013728380203247, -1.8142430782318115], [3.9955084323883057, 1.759791612625122, -2.8312478065490723, 0.7072214484214783, 27.614255905151367, 1.0021392107009888, -1.9519448280334473, 2.9694631099700928, -2.0060102939605713, 6.878830432891846, -7.134063243865967, -1.5074445009231567, -1.6634125709533691, -2.4763762950897217, -1.193927526473999, 0.8094911575317383, 8.853080749511719, -0.1134827733039856, 9.048501014709473, 6.734201908111572, 7.743575096130371], [7.800235271453857, -5.9210309982299805, 2.4048879146575928, 4.569723606109619, 1.0021392107009888, 19.812320709228516, 2.152529001235962, -6.25462532043457, -8.464116096496582, 9.108642578125, 0.9637100696563721, 3.935953378677368, 2.2389721870422363, -0.7081186771392822, -4.008742809295654, 2.0382304191589355, 4.659880638122559, 7.061583518981934, -2.18870210647583, -0.6919142007827759, -5.988246440887451], [4.230626583099365, -0.3373715877532959, -0.2054644227027893, -1.5906637907028198, -1.9519448280334473, 2.152529001235962, 17.774219512939453, 3.260648012161255, 6.021273612976074, 3.0113630294799805, 3.7614545822143555, 4.715663909912109, -1.6776316165924072, 0.3763487935066223, 2.8011648654937744, 0.7137723565101624, -2.5832455158233643, -4.8487443923950195, 0.7594118714332581, 1.8869919776916504, -4.062410831451416], [1.3389849662780762, 6.274524688720703, 7.292235374450684, -2.5399816036224365, 2.9694631099700928, -6.25462532043457, 3.260648012161255, 20.301227569580078, 4.079392433166504, -1.0280392169952393, 6.8390421867370605, -6.331408500671387, -1.6129133701324463, 6.515221118927002, -3.669710636138916, -1.5615832805633545, 8.177000999450684, -1.220799207687378, 3.831022262573242, 4.874808311462402, 9.000662803649902], [-1.1857749223709106, 8.617685317993164, -1.2705456018447876, -2.9859673976898193, -2.0060102939605713, -8.464116096496582, 6.021273612976074, 4.079392433166504, 18.422813415527344, -1.0733896493911743, 2.934356451034546, -0.2590174674987793, -2.192471742630005, 3.340353488922119, 0.600402295589447, -0.8628206849098206, -0.9795974493026733, -7.7048749923706055, 4.6289520263671875, 1.4458658695220947, 1.5423786640167236], [11.571065902709961, -5.669468402862549, -1.3569984436035156, 8.91819953918457, 6.878830432891846, 9.108642578125, 3.0113630294799805, -1.0280392169952393, -1.0733896493911743, 26.504579544067383, -5.000458717346191, 5.627511978149414, 13.969619750976562, -5.849857330322266, -0.45382243394851685, 2.86628794670105, 10.533034324645996, -3.0947697162628174, 3.028331995010376, 6.765138149261475, 2.9169695377349854], [-4.327877998352051, 1.2766286134719849, 2.373295307159424, -0.8881620168685913, -7.134063243865967, 0.9637100696563721, 3.7614545822143555, 6.8390421867370605, 2.934356451034546, -5.000458717346191, 21.51878547668457, -4.655128002166748, -7.720909118652344, -0.27287063002586365, -1.5160106420516968, -1.3839055299758911, -3.3623814582824707, -0.17763811349868774, 0.7367269992828369, -0.5785700082778931, -7.208489418029785], [7.816450119018555, -5.49884557723999, -4.332169055938721, -2.806952476501465, -1.5074445009231567, 3.935953378677368, 4.715663909912109, -6.331408500671387, -0.2590174674987793, 5.627511978149414, -4.655128002166748, 27.904088973999023, 0.2943851947784424, -0.6067867279052734, 1.1106094121932983, 10.390525817871094, 1.6033836603164673, -2.4270143508911133, 8.862443923950195, 1.5383586883544922, 5.064859867095947], [7.977436065673828, -5.423407077789307, -1.2752333879470825, 8.715530395507812, -1.6634125709533691, 2.2389721870422363, -1.6776316165924072, -1.6129133701324463, -2.192471742630005, 13.969619750976562, -7.720909118652344, 0.2943851947784424, 21.813995361328125, -2.1285042762756348, -1.3155616521835327, 2.7475290298461914, 7.950395107269287, -0.5519416332244873, -2.1962921619415283, 6.1191582679748535, 6.217819690704346], [-0.33179524540901184, 8.578551292419434, 5.944779872894287, -1.408529281616211, -2.4763762950897217, -0.7081186771392822, 0.3763487935066223, 6.515221118927002, 3.340353488922119, -5.849857330322266, -0.27287063002586365, -0.6067867279052734, -2.1285042762756348, 24.40987205505371, -4.617518424987793, -1.2333897352218628, 7.813717842102051, 1.3288764953613281, 4.986339569091797, -0.38240954279899597, 4.460082530975342], [-4.452666759490967, -0.8175083994865417, -0.2948916256427765, -1.2966656684875488, -1.193927526473999, -4.008742809295654, 2.8011648654937744, -3.669710636138916, 0.600402295589447, -0.45382243394851685, -1.5160106420516968, 1.1106094121932983, -1.3155616521835327, -4.617518424987793, 18.39818572998047, 2.729030132293701, -11.782489776611328, -1.8572322130203247, -4.260926723480225, -6.540824890136719, -0.08000592887401581], [4.7996368408203125, -4.568944931030273, 7.3634867668151855, -1.3518637418746948, 0.8094911575317383, 2.0382304191589355, 0.7137723565101624, -1.5615832805633545, -0.8628206849098206, 2.86628794670105, -1.3839055299758911, 10.390525817871094, 2.7475290298461914, -1.2333897352218628, 2.729030132293701, 16.670169830322266, 2.0757009983062744, 1.9236528873443604, 4.523165702819824, -1.27745521068573, 10.800464630126953], [8.434967994689941, 6.082562446594238, 1.2024977207183838, -5.473890781402588, 8.853080749511719, 4.659880638122559, -2.5832455158233643, 8.177000999450684, -0.9795977473258972, 10.533034324645996, -3.3623814582824707, 1.6033834218978882, 7.950395584106445, 7.813718318939209, -11.782491683959961, 2.0757009983062744, 35.145572662353516, -0.6875274181365967, 0.2384939193725586, 14.279533386230469, 11.577535629272461], [3.3683416843414307, -2.144479990005493, -0.5983086228370667, 2.5084826946258545, -0.11348304152488708, 7.061583518981934, -4.8487443923950195, -1.2207988500595093, -7.704875469207764, -3.09476900100708, -0.17763783037662506, -2.4270143508911133, -0.5519415736198425, 1.3288757801055908, -1.8572323322296143, 1.9236527681350708, -0.6875274181365967, 22.246334075927734, 1.0560359954833984, -1.1247683763504028, -1.9398633241653442], [0.8671185970306396, 0.5069351196289062, 3.569753646850586, 1.3806601762771606, 9.048501014709473, -2.188702344894409, 0.7594124674797058, 3.831022024154663, 4.628951072692871, 3.0283312797546387, 0.7367278337478638, 8.862443923950195, -2.196291923522949, 4.986339092254639, -4.260926246643066, 4.523166656494141, 0.2384939193725586, 1.0560359954833984, 26.43960189819336, 8.210615158081055, 2.017949342727661], [4.459775447845459, -0.852185845375061, -3.133204460144043, 1.0137284994125366, 6.734202861785889, -0.6919141411781311, 1.88699209690094, 4.8748087882995605, 1.4458656311035156, 6.765138626098633, -0.5785701274871826, 1.5383588075637817, 6.1191582679748535, -0.38240936398506165, -6.540825843811035, -1.2774553298950195, 14.279533386230469, -1.1247683763504028, 8.210615158081055, 17.509807586669922, 0.4258235991001129], [4.778568267822266, 1.1682854890823364, 4.649921417236328, -1.8142430782318115, 7.7435736656188965, -5.988246917724609, -4.062410831451416, 9.000663757324219, 1.5423790216445923, 2.9169697761535645, -7.208490371704102, 5.064859867095947, 6.2178192138671875, 4.4600830078125, -0.08000588417053223, 10.80046558380127, 11.577535629272461, -1.9398632049560547, 2.017949342727661, 0.42582350969314575, 29.51171112060547]], "type": "heatmap"}], "layout": {"template": {"data": {"histogram2dcontour": [{"type": "histogram2dcontour", "colorbar": {"outlinewidth": 0, "ticks": ""}, "colorscale": [[0.0, "#0d0887"], [0.1111111111111111, "#46039f"], [0.2222222222222222, "#7201a8"], [0.3333333333333333, "#9c179e"], [0.4444444444444444, "#bd3786"], [0.5555555555555556, "#d8576b"], [0.6666666666666666, "#ed7953"], [0.7777777777777778, "#fb9f3a"], [0.8888888888888888, "#fdca26"], [1.0, "#f0f921"]]}], "choropleth": [{"type": "choropleth", "colorbar": {"outlinewidth": 0, "ticks": ""}}], "histogram2d": [{"type": "histogram2d", "colorbar": {"outlinewidth": 0, "ticks": ""}, "colorscale": [[0.0, "#0d0887"], [0.1111111111111111, "#46039f"], [0.2222222222222222, "#7201a8"], [0.3333333333333333, "#9c179e"], [0.4444444444444444, "#bd3786"], [0.5555555555555556, "#d8576b"], [0.6666666666666666, "#ed7953"], [0.7777777777777778, "#fb9f3a"], [0.8888888888888888, "#fdca26"], [1.0, "#f0f921"]]}], "heatmap": [{"type": "heatmap", "colorbar": {"outlinewidth": 0, "ticks": ""}, "colorscale": [[0.0, "#0d0887"], [0.1111111111111111, "#46039f"], [0.2222222222222222, "#7201a8"], [0.3333333333333333, "#9c179e"], [0.4444444444444444, "#bd3786"], [0.5555555555555556, "#d8576b"], [0.6666666666666666, "#ed7953"], [0.7777777777777778, "#fb9f3a"], [0.8888888888888888, "#fdca26"], [1.0, "#f0f921"]]}], "heatmapgl": [{"type": "heatmapgl", "colorbar": {"outlinewidth": 0, "ticks": ""}, "colorscale": [[0.0, "#0d0887"], [0.1111111111111111, "#46039f"], [0.2222222222222222, "#7201a8"], [0.3333333333333333, "#9c179e"], [0.4444444444444444, "#bd3786"], [0.5555555555555556, "#d8576b"], [0.6666666666666666, "#ed7953"], [0.7777777777777778, "#fb9f3a"], [0.8888888888888888, "#fdca26"], [1.0, "#f0f921"]]}], "contourcarpet": [{"type": "contourcarpet", "colorbar": {"outlinewidth": 0, "ticks": ""}}], "contour": [{"type": "contour", "colorbar": {"outlinewidth": 0, "ticks": ""}, "colorscale": [[0.0, "#0d0887"], [0.1111111111111111, "#46039f"], [0.2222222222222222, "#7201a8"], [0.3333333333333333, "#9c179e"], [0.4444444444444444, "#bd3786"], [0.5555555555555556, "#d8576b"], [0.6666666666666666, "#ed7953"], [0.7777777777777778, "#fb9f3a"], [0.8888888888888888, "#fdca26"], [1.0, "#f0f921"]]}], "surface": [{"type": "surface", "colorbar": {"outlinewidth": 0, "ticks": ""}, "colorscale": [[0.0, "#0d0887"], [0.1111111111111111, "#46039f"], [0.2222222222222222, "#7201a8"], [0.3333333333333333, "#9c179e"], [0.4444444444444444, "#bd3786"], [0.5555555555555556, "#d8576b"], [0.6666666666666666, "#ed7953"], [0.7777777777777778, "#fb9f3a"], [0.8888888888888888, "#fdca26"], [1.0, "#f0f921"]]}], "mesh3d": [{"type": "mesh3d", "colorbar": {"outlinewidth": 0, "ticks": ""}}], "scatter": [{"fillpattern": {"fillmode": "overlay", "size": 10, "solidity": 0.2}, "type": "scatter"}], "parcoords": [{"type": "parcoords", "line": {"colorbar": {"outlinewidth": 0, "ticks": ""}}}], "scatterpolargl": [{"type": "scatterpolargl", "marker": {"colorbar": {"outlinewidth": 0, "ticks": ""}}}], "bar": [{"error_x": {"color": "#2a3f5f"}, "error_y": {"color": "#2a3f5f"}, "marker": {"line": {"color": "#E5ECF6", "width": 0.5}, "pattern": {"fillmode": "overlay", "size": 10, "solidity": 0.2}}, "type": "bar"}], "scattergeo": [{"type": "scattergeo", "marker": {"colorbar": {"outlinewidth": 0, "ticks": ""}}}], "scatterpolar": [{"type": "scatterpolar", "marker": {"colorbar": {"outlinewidth": 0, "ticks": ""}}}], "histogram": [{"marker": {"pattern": {"fillmode": "overlay", "size": 10, "solidity": 0.2}}, "type": "histogram"}], "scattergl": [{"type": "scattergl", "marker": {"colorbar": {"outlinewidth": 0, "ticks": ""}}}], "scatter3d": [{"type": "scatter3d", "line": {"colorbar": {"outlinewidth": 0, "ticks": ""}}, "marker": {"colorbar": {"outlinewidth": 0, "ticks": ""}}}], "scattermapbox": [{"type": "scattermapbox", "marker": {"colorbar": {"outlinewidth": 0, "ticks": ""}}}], "scatterternary": [{"type": "scatterternary", "marker": {"colorbar": {"outlinewidth": 0, "ticks": ""}}}], "scattercarpet": [{"type": "scattercarpet", "marker": {"colorbar": {"outlinewidth": 0, "ticks": ""}}}], "carpet": [{"aaxis": {"endlinecolor": "#2a3f5f", "gridcolor": "white", "linecolor": "white", "minorgridcolor": "white", "startlinecolor": "#2a3f5f"}, "baxis": {"endlinecolor": "#2a3f5f", "gridcolor": "white", "linecolor": "white", "minorgridcolor": "white", "startlinecolor": "#2a3f5f"}, "type": "carpet"}], "table": [{"cells": {"fill": {"color": "#EBF0F8"}, "line": {"color": "white"}}, "header": {"fill": {"color": "#C8D4E3"}, "line": {"color": "white"}}, "type": "table"}], "barpolar": [{"marker": {"line": {"color": "#E5ECF6", "width": 0.5}, "pattern": {"fillmode": "overlay", "size": 10, "solidity": 0.2}}, "type": "barpolar"}], "pie": [{"automargin": true, "type": "pie"}]}, "layout": {"autotypenumbers": "strict", "colorway": ["#636efa", "#EF553B", "#00cc96", "#ab63fa", "#FFA15A", "#19d3f3", "#FF6692", "#B6E880", "#FF97FF", "#FECB52"], "font": {"color": "#2a3f5f"}, "hovermode": "closest", "hoverlabel": {"align": "left"}, "paper_bgcolor": "white", "plot_bgcolor": "#E5ECF6", "polar": {"bgcolor": "#E5ECF6", "angularaxis": {"gridcolor": "white", "linecolor": "white", "ticks": ""}, "radialaxis": {"gridcolor": "white", "linecolor": "white", "ticks": ""}}, "ternary": {"bgcolor": "#E5ECF6", "aaxis": {"gridcolor": "white", "linecolor": "white", "ticks": ""}, "baxis": {"gridcolor": "white", "linecolor": "white", "ticks": ""}, "caxis": {"gridcolor": "white", "linecolor": "white", "ticks": ""}}, "coloraxis": {"colorbar": {"outlinewidth": 0, "ticks": ""}}, "colorscale": {"sequential": [[0.0, "#0d0887"], [0.1111111111111111, "#46039f"], [0.2222222222222222, "#7201a8"], [0.3333333333333333, "#9c179e"], [0.4444444444444444, "#bd3786"], [0.5555555555555556, "#d8576b"], [0.6666666666666666, "#ed7953"], [0.7777777777777778, "#fb9f3a"], [0.8888888888888888, "#fdca26"], [1.0, "#f0f921"]], "sequentialminus": [[0.0, "#0d0887"], [0.1111111111111111, "#46039f"], [0.2222222222222222, "#7201a8"], [0.3333333333333333, "#9c179e"], [0.4444444444444444, "#bd3786"], [0.5555555555555556, "#d8576b"], [0.6666666666666666, "#ed7953"], [0.7777777777777778, "#fb9f3a"], [0.8888888888888888, "#fdca26"], [1.0, "#f0f921"]], "diverging": [[0, "#8e0152"], [0.1, "#c51b7d"], [0.2, "#de77ae"], [0.3, "#f1b6da"], [0.4, "#fde0ef"], [0.5, "#f7f7f7"], [0.6, "#e6f5d0"], [0.7, "#b8e186"], [0.8, "#7fbc41"], [0.9, "#4d9221"], [1, "#276419"]]}, "xaxis": {"gridcolor": "white", "linecolor": "white", "ticks": "", "title": {"standoff": 15}, "zerolinecolor": "white", "automargin": true, "zerolinewidth": 2}, "yaxis": {"gridcolor": "white", "linecolor": "white", "ticks": "", "title": {"standoff": 15}, "zerolinecolor": "white", "automargin": true, "zerolinewidth": 2}, "scene": {"xaxis": {"backgroundcolor": "#E5ECF6", "gridcolor": "white", "linecolor": "white", "showbackground": true, "ticks": "", "zerolinecolor": "white", "gridwidth": 2}, "yaxis": {"backgroundcolor": "#E5ECF6", "gridcolor": "white", "linecolor": "white", "showbackground": true, "ticks": "", "zerolinecolor": "white", "gridwidth": 2}, "zaxis": {"backgroundcolor": "#E5ECF6", "gridcolor": "white", "linecolor": "white", "showbackground": true, "ticks": "", "zerolinecolor": "white", "gridwidth": 2}}, "shapedefaults": {"line": {"color": "#2a3f5f"}}, "annotationdefaults": {"arrowcolor": "#2a3f5f", "arrowhead": 0, "arrowwidth": 1}, "geo": {"bgcolor": "white", "landcolor": "#E5ECF6", "subunitcolor": "white", "showland": true, "showlakes": true, "lakecolor": "white"}, "title": {"x": 0.05}, "mapbox": {"style": "light"}}}}}