{"data": [{"z": [[17.744293212890625, -4.372291088104248, -2.23366117477417, 4.930353164672852, 4.0065460205078125, 7.799163341522217, 4.200089454650879, 1.3298393487930298, -1.181738018989563, 11.55400276184082, -4.33032751083374, 7.812890529632568, 7.97839879989624, -0.3339981436729431, -4.4564900398254395, 4.768303871154785, 8.396856307983398, 3.352696418762207, 0.8527740240097046, 4.466876029968262, 4.762699604034424], [-4.372291088104248, 27.163904190063477, 0.9057350754737854, -5.072548866271973, 1.7749451398849487, -5.916492938995361, -0.35664665699005127, 6.273021697998047, 8.618640899658203, -5.682590484619141, 1.28390634059906, -5.482989311218262, -5.414844989776611, 8.586625099182129, -0.8192318081855774, -4.585660934448242, 6.055778503417969, -2.148158073425293, 0.489520788192749, -0.8331282138824463, 1.1635743379592896], [-2.23366117477417, 0.9057350754737854, 31.889707565307617, -0.5650912523269653, -2.8156702518463135, 2.411921739578247, -0.22979336977005005, 7.307703018188477, -1.2609069347381592, -1.3639060258865356, 2.3829345703125, -4.319857120513916, -1.2643225193023682, 5.954378604888916, -0.29292523860931396, 7.35383939743042, 1.1870474815368652, -0.6026895046234131, 3.5565502643585205, -3.1055736541748047, 4.656533718109131], [4.930353164672852, -5.072548866271973, -0.5650912523269653, 25.763551712036133, 0.710951030254364, 4.575994491577148, -1.609350562095642, -2.5334885120391846, -2.98162579536438, 8.91141414642334, -0.8861891031265259, -2.8025126457214355, 8.71763801574707, -1.4025671482086182, -1.2972582578659058, -1.365795612335205, -5.504425048828125, 2.501990795135498, 1.366417646408081, 1.032116174697876, -1.8235259056091309], [4.0065460205078125, 1.7749451398849487, -2.8156702518463135, 0.710951030254364, 27.616012573242188, 1.0000485181808472, -1.9479559659957886, 2.979635000228882, -2.0010242462158203, 6.885563373565674, -7.117323875427246, -1.4999812841415405, -1.656660556793213, -2.4639360904693604, -1.1887314319610596, 0.813089907169342, 8.860301971435547, -0.1044345498085022, 9.044439315795898, 6.741574287414551, 7.7545647621154785], [7.799163341522217, -5.916492938995361, 2.411921739578247, 4.575994491577148, 1.0000485181808472, 19.836578369140625, 2.154191017150879, -6.232480525970459, -8.45202350616455, 9.116849899291992, 0.9687667489051819, 3.9431445598602295, 2.2475690841674805, -0.6968755125999451, -3.9905378818511963, 2.0551109313964844, 4.659048080444336, 7.072807788848877, -2.1813623905181885, -0.6717813014984131, -5.9785542488098145], [4.200089454650879, -0.35664665699005127, -0.22979336977005005, -1.609350562095642, -1.9479559659957886, 2.154191017150879, 17.745004653930664, 3.2538130283355713, 6.009353160858154, 2.9852676391601562, 3.7499961853027344, 4.712603569030762, -1.6789171695709229, 0.3697645962238312, 2.787783622741699, 0.6890316009521484, -2.615506172180176, -4.856971740722656, 0.7354633808135986, 1.885761022567749, -4.080414772033691], [1.3298393487930298, 6.273021697998047, 7.307703018188477, -2.5334885120391846, 2.979635000228882, -6.232480525970459, 3.2538130283355713, 20.31363296508789, 4.090235710144043, -1.0234448909759521, 6.856688022613525, -6.307397842407227, -1.5954116582870483, 6.538106918334961, -3.6532022953033447, -1.5588675737380981, 8.160954475402832, -1.206201434135437, 3.8276710510253906, 4.911984443664551, 9.009517669677734], [-1.181738018989563, 8.618640899658203, -1.2609069347381592, -2.98162579536438, -2.0010242462158203, -8.45202350616455, 6.009353160858154, 4.090235710144043, 18.438199996948242, -1.0702883005142212, 2.942232847213745, -0.24958054721355438, -2.1869287490844727, 3.3490943908691406, 0.6116583347320557, -0.8554235696792603, -0.9852429628372192, -7.700483322143555, 4.625948905944824, 1.4660568237304688, 1.5500961542129517], [11.55400276184082, -5.682590484619141, -1.3639060258865356, 8.91141414642334, 6.885563373565674, 9.116849899291992, 2.9852676391601562, -1.0234448909759521, -1.0702883005142212, 26.49135971069336, -4.999300479888916, 5.627844333648682, 13.972615242004395, -5.84279203414917, -0.45418304204940796, 2.8432018756866455, 10.504179000854492, -3.1036858558654785, 3.014134407043457, 6.785473823547363, 2.9095804691314697], [-4.33032751083374, 1.28390634059906, 2.3829345703125, -0.8861891031265259, -7.117323875427246, 0.9687667489051819, 3.7499961853027344, 6.856688022613525, 2.942232847213745, -4.999300479888916, 21.53073501586914, -4.635937213897705, -7.707057476043701, -0.26005882024765015, -1.5135709047317505, -1.3850282430648804, -3.3682737350463867, -0.17643111944198608, 0.7277481555938721, -0.5529983043670654, -7.197681427001953], [7.812890529632568, -5.482989311218262, -4.319857120513916, -2.8025126457214355, -1.4999812841415405, 3.9431445598602295, 4.712603569030762, -6.307397842407227, -0.24958054721355438, 5.627844333648682, -4.635937213897705, 27.91509437561035, 0.3122793734073639, -0.5947873592376709, 1.1155405044555664, 10.391027450561523, 1.6131659746170044, -2.41892671585083, 8.852883338928223, 1.5495673418045044, 5.076176166534424], [7.97839879989624, -5.414844989776611, -1.2643225193023682, 8.71763801574707, -1.656660556793213, 2.2475690841674805, -1.6789171695709229, -1.5954116582870483, -2.1869287490844727, 13.972615242004395, -7.707057476043701, 0.3122793734073639, 21.825393676757812, -2.1151270866394043, -1.305432677268982, 2.754096269607544, 7.95058536529541, -0.5428235530853271, -2.199477195739746, 6.13484001159668, 6.229317665100098], [-0.3339981436729431, 8.586625099182129, 5.954378604888916, -1.4025671482086182, -2.4639360904693604, -0.6968755125999451, 0.3697645962238312, 6.538106918334961, 3.3490943908691406, -5.84279203414917, -0.26005882024765015, -0.5947873592376709, -2.1151270866394043, 24.43227767944336, -4.610439300537109, -1.2353941202163696, 7.8056535720825195, 1.334073781967163, 4.973845481872559, -0.3510638475418091, 4.469764709472656], [-4.4564900398254395, -0.8192318081855774, -0.29292523860931396, -1.2972582578659058, -1.1887314319610596, -3.9905378818511963, 2.787783622741699, -3.6532022953033447, 0.6116583347320557, -0.45418304204940796, -1.5135709047317505, 1.1155405044555664, -1.305432677268982, -4.610439300537109, 18.40645980834961, 2.733130693435669, -11.791808128356934, -1.856696605682373, -4.26069974899292, -6.521166801452637, -0.07397769391536713], [4.768303871154785, -4.585660934448242, 7.35383939743042, -1.365795612335205, 0.813089907169342, 2.0551109313964844, 0.6890316009521484, -1.5588675737380981, -0.8554235696792603, 2.8432018756866455, -1.3850282430648804, 10.391027450561523, 2.754096269607544, -1.2353941202163696, 2.733130693435669, 16.652292251586914, 2.0464560985565186, 1.9166088104248047, 4.503598213195801, -1.2656381130218506, 10.787952423095703], [8.396857261657715, 6.055778503417969, 1.187048077583313, -5.504425525665283, 8.86030101776123, 4.659047603607178, -2.615506649017334, 8.160953521728516, -0.9852432012557983, 10.504179000854492, -3.3682734966278076, 1.6131665706634521, 7.95058536529541, 7.805653095245361, -11.791808128356934, 2.0464558601379395, 35.10329055786133, -0.6951017379760742, 0.20966148376464844, 14.281333923339844, 11.556845664978027], [3.352696180343628, -2.148158311843872, -0.6026895046234131, 2.5019915103912354, -0.10443489998579025, 7.072807312011719, -4.85697078704834, -1.2062017917633057, -7.700483322143555, -3.1036863327026367, -0.17643150687217712, -2.41892671585083, -0.5428232550621033, 1.334073543548584, -1.8566964864730835, 1.9166091680526733, -0.6951017379760742, 22.24071502685547, 1.048095703125, -1.1138172149658203, -1.939162254333496], [0.8527740836143494, 0.4895206689834595, 3.556549072265625, 1.366418719291687, 9.044437408447266, -2.1813621520996094, 0.7354636788368225, 3.827671527862549, 4.625949382781982, 3.014134407043457, 0.727748453617096, 8.852883338928223, -2.1994776725769043, 4.9738450050354, -4.26069974899292, 4.503598690032959, 0.20966148376464844, 1.048095703125, 26.435192108154297, 8.207862854003906, 2.00374698638916], [4.466876029968262, -0.8331281542778015, -3.1055736541748047, 1.0321158170700073, 6.741574287414551, -0.6717813611030579, 1.8857611417770386, 4.911983966827393, 1.4660567045211792, 6.7854743003845215, -0.5529985427856445, 1.5495675802230835, 6.1348395347595215, -0.35106372833251953, -6.5211663246154785, -1.2656378746032715, 14.281333923339844, -1.1138172149658203, 8.207862854003906, 17.558853149414062, 0.44068586826324463], [4.762700080871582, 1.16357421875, 4.656533241271973, -1.8235257863998413, 7.754565238952637, -5.978553771972656, -4.08041524887085, 9.009517669677734, 1.550095796585083, 2.9095802307128906, -7.1976799964904785, 5.076175689697266, 6.229317665100098, 4.469764709472656, -0.07397770881652832, 10.787952423095703, 11.556844711303711, -1.9391621351242065, 2.00374698638916, 0.4406859874725342, 29.51171112060547]], "type": "heatmap"}], "layout": {"template": {"data": {"histogram2dcontour": [{"type": "histogram2dcontour", "colorbar": {"outlinewidth": 0, "ticks": ""}, "colorscale": [[0.0, "#0d0887"], [0.1111111111111111, "#46039f"], [0.2222222222222222, "#7201a8"], [0.3333333333333333, "#9c179e"], [0.4444444444444444, "#bd3786"], [0.5555555555555556, "#d8576b"], [0.6666666666666666, "#ed7953"], [0.7777777777777778, "#fb9f3a"], [0.8888888888888888, "#fdca26"], [1.0, "#f0f921"]]}], "choropleth": [{"type": "choropleth", "colorbar": {"outlinewidth": 0, "ticks": ""}}], "histogram2d": [{"type": "histogram2d", "colorbar": {"outlinewidth": 0, "ticks": ""}, "colorscale": [[0.0, "#0d0887"], [0.1111111111111111, "#46039f"], [0.2222222222222222, "#7201a8"], [0.3333333333333333, "#9c179e"], [0.4444444444444444, "#bd3786"], [0.5555555555555556, "#d8576b"], [0.6666666666666666, "#ed7953"], [0.7777777777777778, "#fb9f3a"], [0.8888888888888888, "#fdca26"], [1.0, "#f0f921"]]}], "heatmap": [{"type": "heatmap", "colorbar": {"outlinewidth": 0, "ticks": ""}, "colorscale": [[0.0, "#0d0887"], [0.1111111111111111, "#46039f"], [0.2222222222222222, "#7201a8"], [0.3333333333333333, "#9c179e"], [0.4444444444444444, "#bd3786"], [0.5555555555555556, "#d8576b"], [0.6666666666666666, "#ed7953"], [0.7777777777777778, "#fb9f3a"], [0.8888888888888888, "#fdca26"], [1.0, "#f0f921"]]}], "heatmapgl": [{"type": "heatmapgl", "colorbar": {"outlinewidth": 0, "ticks": ""}, "colorscale": [[0.0, "#0d0887"], [0.1111111111111111, "#46039f"], [0.2222222222222222, "#7201a8"], [0.3333333333333333, "#9c179e"], [0.4444444444444444, "#bd3786"], [0.5555555555555556, "#d8576b"], [0.6666666666666666, "#ed7953"], [0.7777777777777778, "#fb9f3a"], [0.8888888888888888, "#fdca26"], [1.0, "#f0f921"]]}], "contourcarpet": [{"type": "contourcarpet", "colorbar": {"outlinewidth": 0, "ticks": ""}}], "contour": [{"type": "contour", "colorbar": {"outlinewidth": 0, "ticks": ""}, "colorscale": [[0.0, "#0d0887"], [0.1111111111111111, "#46039f"], [0.2222222222222222, "#7201a8"], [0.3333333333333333, "#9c179e"], [0.4444444444444444, "#bd3786"], [0.5555555555555556, "#d8576b"], [0.6666666666666666, "#ed7953"], [0.7777777777777778, "#fb9f3a"], [0.8888888888888888, "#fdca26"], [1.0, "#f0f921"]]}], "surface": [{"type": "surface", "colorbar": {"outlinewidth": 0, "ticks": ""}, "colorscale": [[0.0, "#0d0887"], [0.1111111111111111, "#46039f"], [0.2222222222222222, "#7201a8"], [0.3333333333333333, "#9c179e"], [0.4444444444444444, "#bd3786"], [0.5555555555555556, "#d8576b"], [0.6666666666666666, "#ed7953"], [0.7777777777777778, "#fb9f3a"], [0.8888888888888888, "#fdca26"], [1.0, "#f0f921"]]}], "mesh3d": [{"type": "mesh3d", "colorbar": {"outlinewidth": 0, "ticks": ""}}], "scatter": [{"fillpattern": {"fillmode": "overlay", "size": 10, "solidity": 0.2}, "type": "scatter"}], "parcoords": [{"type": "parcoords", "line": {"colorbar": {"outlinewidth": 0, "ticks": ""}}}], "scatterpolargl": [{"type": "scatterpolargl", "marker": {"colorbar": {"outlinewidth": 0, "ticks": ""}}}], "bar": [{"error_x": {"color": "#2a3f5f"}, "error_y": {"color": "#2a3f5f"}, "marker": {"line": {"color": "#E5ECF6", "width": 0.5}, "pattern": {"fillmode": "overlay", "size": 10, "solidity": 0.2}}, "type": "bar"}], "scattergeo": [{"type": "scattergeo", "marker": {"colorbar": {"outlinewidth": 0, "ticks": ""}}}], "scatterpolar": [{"type": "scatterpolar", "marker": {"colorbar": {"outlinewidth": 0, "ticks": ""}}}], "histogram": [{"marker": {"pattern": {"fillmode": "overlay", "size": 10, "solidity": 0.2}}, "type": "histogram"}], "scattergl": [{"type": "scattergl", "marker": {"colorbar": {"outlinewidth": 0, "ticks": ""}}}], "scatter3d": [{"type": "scatter3d", "line": {"colorbar": {"outlinewidth": 0, "ticks": ""}}, "marker": {"colorbar": {"outlinewidth": 0, "ticks": ""}}}], "scattermapbox": [{"type": "scattermapbox", "marker": {"colorbar": {"outlinewidth": 0, "ticks": ""}}}], "scatterternary": [{"type": "scatterternary", "marker": {"colorbar": {"outlinewidth": 0, "ticks": ""}}}], "scattercarpet": [{"type": "scattercarpet", "marker": {"colorbar": {"outlinewidth": 0, "ticks": ""}}}], "carpet": [{"aaxis": {"endlinecolor": "#2a3f5f", "gridcolor": "white", "linecolor": "white", "minorgridcolor": "white", "startlinecolor": "#2a3f5f"}, "baxis": {"endlinecolor": "#2a3f5f", "gridcolor": "white", "linecolor": "white", "minorgridcolor": "white", "startlinecolor": "#2a3f5f"}, "type": "carpet"}], "table": [{"cells": {"fill": {"color": "#EBF0F8"}, "line": {"color": "white"}}, "header": {"fill": {"color": "#C8D4E3"}, "line": {"color": "white"}}, "type": "table"}], "barpolar": [{"marker": {"line": {"color": "#E5ECF6", "width": 0.5}, "pattern": {"fillmode": "overlay", "size": 10, "solidity": 0.2}}, "type": "barpolar"}], "pie": [{"automargin": true, "type": "pie"}]}, "layout": {"autotypenumbers": "strict", "colorway": ["#636efa", "#EF553B", "#00cc96", "#ab63fa", "#FFA15A", "#19d3f3", "#FF6692", "#B6E880", "#FF97FF", "#FECB52"], "font": {"color": "#2a3f5f"}, "hovermode": "closest", "hoverlabel": {"align": "left"}, "paper_bgcolor": "white", "plot_bgcolor": "#E5ECF6", "polar": {"bgcolor": "#E5ECF6", "angularaxis": {"gridcolor": "white", "linecolor": "white", "ticks": ""}, "radialaxis": {"gridcolor": "white", "linecolor": "white", "ticks": ""}}, "ternary": {"bgcolor": "#E5ECF6", "aaxis": {"gridcolor": "white", "linecolor": "white", "ticks": ""}, "baxis": {"gridcolor": "white", "linecolor": "white", "ticks": ""}, "caxis": {"gridcolor": "white", "linecolor": "white", "ticks": ""}}, "coloraxis": {"colorbar": {"outlinewidth": 0, "ticks": ""}}, "colorscale": {"sequential": [[0.0, "#0d0887"], [0.1111111111111111, "#46039f"], [0.2222222222222222, "#7201a8"], [0.3333333333333333, "#9c179e"], [0.4444444444444444, "#bd3786"], [0.5555555555555556, "#d8576b"], [0.6666666666666666, "#ed7953"], [0.7777777777777778, "#fb9f3a"], [0.8888888888888888, "#fdca26"], [1.0, "#f0f921"]], "sequentialminus": [[0.0, "#0d0887"], [0.1111111111111111, "#46039f"], [0.2222222222222222, "#7201a8"], [0.3333333333333333, "#9c179e"], [0.4444444444444444, "#bd3786"], [0.5555555555555556, "#d8576b"], [0.6666666666666666, "#ed7953"], [0.7777777777777778, "#fb9f3a"], [0.8888888888888888, "#fdca26"], [1.0, "#f0f921"]], "diverging": [[0, "#8e0152"], [0.1, "#c51b7d"], [0.2, "#de77ae"], [0.3, "#f1b6da"], [0.4, "#fde0ef"], [0.5, "#f7f7f7"], [0.6, "#e6f5d0"], [0.7, "#b8e186"], [0.8, "#7fbc41"], [0.9, "#4d9221"], [1, "#276419"]]}, "xaxis": {"gridcolor": "white", "linecolor": "white", "ticks": "", "title": {"standoff": 15}, "zerolinecolor": "white", "automargin": true, "zerolinewidth": 2}, "yaxis": {"gridcolor": "white", "linecolor": "white", "ticks": "", "title": {"standoff": 15}, "zerolinecolor": "white", "automargin": true, "zerolinewidth": 2}, "scene": {"xaxis": {"backgroundcolor": "#E5ECF6", "gridcolor": "white", "linecolor": "white", "showbackground": true, "ticks": "", "zerolinecolor": "white", "gridwidth": 2}, "yaxis": {"backgroundcolor": "#E5ECF6", "gridcolor": "white", "linecolor": "white", "showbackground": true, "ticks": "", "zerolinecolor": "white", "gridwidth": 2}, "zaxis": {"backgroundcolor": "#E5ECF6", "gridcolor": "white", "linecolor": "white", "showbackground": true, "ticks": "", "zerolinecolor": "white", "gridwidth": 2}}, "shapedefaults": {"line": {"color": "#2a3f5f"}}, "annotationdefaults": {"arrowcolor": "#2a3f5f", "arrowhead": 0, "arrowwidth": 1}, "geo": {"bgcolor": "white", "landcolor": "#E5ECF6", "subunitcolor": "white", "showland": true, "showlakes": true, "lakecolor": "white"}, "title": {"x": 0.05}, "mapbox": {"style": "light"}}}}}