{"data": [{"z": [[17.743925094604492, -4.3723015785217285, -2.23348331451416, 4.930067539215088, 4.006610870361328, 7.798858642578125, 4.199598789215088, 1.3298122882843018, -1.1818175315856934, 11.553861618041992, -4.33012580871582, 7.812453269958496, 7.978477954864502, -0.33408454060554504, -4.456841945648193, 4.7677130699157715, 8.396533966064453, 3.352386474609375, 0.852687418460846, 4.466847896575928, 4.762071132659912], [-4.3723015785217285, 27.16394805908203, 0.9061241745948792, -5.072571277618408, 1.7752970457077026, -5.9165778160095215, -0.3568640947341919, 6.273004531860352, 8.618669509887695, -5.682638168334961, 1.2843713760375977, -5.4826788902282715, -5.4145708084106445, 8.586874961853027, -0.819221019744873, -4.585810661315918, 6.0553107261657715, -2.1480884552001953, 0.489352822303772, -0.8327658176422119, 1.1635535955429077], [-2.23348331451416, 0.9061241745948792, 31.890087127685547, -0.5650280714035034, -2.8151135444641113, 2.411895990371704, -0.23035402595996857, 7.308001518249512, -1.2604637145996094, -1.3641375303268433, 2.3833248615264893, -4.319482803344727, -1.2637913227081299, 5.954349994659424, -0.29297351837158203, 7.35355806350708, 1.1866425275802612, -0.6030302047729492, 3.5564513206481934, -3.105022668838501, 4.656604766845703], [4.930067539215088, -5.072571277618408, -0.5650280714035034, 25.763288497924805, 0.7112183570861816, 4.576395034790039, -1.6098164319992065, -2.5331990718841553, -2.9814178943634033, 8.911067962646484, -0.8861240148544312, -2.8020248413085938, 8.717971801757812, -1.4024484157562256, -1.2971690893173218, -1.365741491317749, -5.505413055419922, 2.5020546913146973, 1.365847110748291, 1.0325345993041992, -1.8235002756118774], [4.006610870361328, 1.7752970457077026, -2.8151135444641113, 0.7112183570861816, 27.616350173950195, 1.000031590461731, -1.9480446577072144, 2.9797911643981934, -2.000552177429199, 6.885519027709961, -7.116615295410156, -1.4995111227035522, -1.6563053131103516, -2.4637787342071533, -1.188471794128418, 0.8130058646202087, 8.860289573669434, -0.10429781675338745, 9.044082641601562, 6.741876125335693, 7.754939079284668], [7.798858642578125, -5.9165778160095215, 2.411895990371704, 4.576395034790039, 1.000031590461731, 19.838031768798828, 2.1542365550994873, -6.2316412925720215, -8.451642990112305, 9.117000579833984, 0.9684627652168274, 3.9435253143310547, 2.2478842735290527, -0.6966300010681152, -3.9897758960723877, 2.055990219116211, 4.658615589141846, 7.07316780090332, -2.1808438301086426, -0.6711703538894653, -5.978084564208984], [4.199598789215088, -0.3568640947341919, -0.23035402595996857, -1.6098164319992065, -1.9480446577072144, 2.1542365550994873, 17.744827270507812, 3.2538318634033203, 6.009084224700928, 2.984684944152832, 3.7495100498199463, 4.7126784324646, -1.6787192821502686, 0.36926257610321045, 2.7873659133911133, 0.6890026926994324, -2.6158857345581055, -4.857210636138916, 0.7352071404457092, 1.8849631547927856, -4.080645561218262], [1.3298122882843018, 6.273004531860352, 7.308001518249512, -2.5331990718841553, 2.9797911643981934, -6.2316412925720215, 3.2538318634033203, 20.31403923034668, 4.090298175811768, -1.0232716798782349, 6.856960773468018, -6.306811809539795, -1.5949583053588867, 6.538703441619873, -3.652552843093872, -1.5584796667099, 8.160420417785645, -1.205540657043457, 3.827826499938965, 4.912830352783203, 9.009974479675293], [-1.1818175315856934, 8.618669509887695, -1.2604637145996094, -2.9814178943634033, -2.000552177429199, -8.451642990112305, 6.009084224700928, 4.090298175811768, 18.438682556152344, -1.0703394412994385, 2.942514419555664, -0.24898920953273773, -2.1865732669830322, 3.349503993988037, 0.6119489073753357, -0.8551172614097595, -0.9859678745269775, -7.700347900390625, 4.62570858001709, 1.4669008255004883, 1.550478458404541], [11.553861618041992, -5.682638168334961, -1.3641375303268433, 8.911067962646484, 6.885519027709961, 9.117000579833984, 2.984684944152832, -1.0232716798782349, -1.0703394412994385, 26.491430282592773, -4.999332904815674, 5.627521991729736, 13.97256088256836, -5.842681884765625, -0.4545596241950989, 2.84259033203125, 10.503608703613281, -3.1039557456970215, 3.0137932300567627, 6.785924911499023, 2.909083843231201], [-4.33012580871582, 1.2843713760375977, 2.3833248615264893, -0.8861240148544312, -7.116615295410156, 0.9684627652168274, 3.7495100498199463, 6.856960773468018, 2.942514419555664, -4.999332904815674, 21.531410217285156, -4.635513782501221, -7.706630229949951, -0.2597412168979645, -1.5136895179748535, -1.385270118713379, -3.3685007095336914, -0.17665523290634155, 0.7275240421295166, -0.5522406697273254, -7.197515964508057], [7.812453269958496, -5.4826788902282715, -4.319482803344727, -2.8020248413085938, -1.4995111227035522, 3.9435253143310547, 4.7126784324646, -6.306811809539795, -0.24898920953273773, 5.627521991729736, -4.635513782501221, 27.915578842163086, 0.31306299567222595, -0.594943642616272, 1.1156902313232422, 10.390896797180176, 1.61378014087677, -2.4188718795776367, 8.852770805358887, 1.5493344068527222, 5.076532363891602], [7.978477954864502, -5.4145708084106445, -1.2637913227081299, 8.717971801757812, -1.6563053131103516, 2.2478842735290527, -1.6787192821502686, -1.5949583053588867, -2.1865732669830322, 13.97256088256836, -7.706630229949951, 0.31306299567222595, 21.825986862182617, -2.1150267124176025, -1.3048704862594604, 2.754513740539551, 7.950666904449463, -0.542557954788208, -2.199247360229492, 6.134809970855713, 6.229923248291016], [-0.33408454060554504, 8.586874961853027, 5.954349994659424, -1.4024484157562256, -2.4637787342071533, -0.6966300010681152, 0.36926257610321045, 6.538703441619873, 3.349503993988037, -5.842681884765625, -0.2597412168979645, -0.594943642616272, -2.1150267124176025, 24.433002471923828, -4.610482692718506, -1.2357940673828125, 7.805081367492676, 1.3339166641235352, 4.973371505737305, -0.3502383828163147, 4.469581604003906], [-4.456841945648193, -0.819221019744873, -0.29297351837158203, -1.2971690893173218, -1.188471794128418, -3.9897758960723877, 2.7873659133911133, -3.652552843093872, 0.6119489073753357, -0.4545596241950989, -1.5136895179748535, 1.1156902313232422, -1.3048704862594604, -4.610482692718506, 18.40671157836914, 2.7333478927612305, -11.792218208312988, -1.8566783666610718, -4.2606587409973145, -6.520707130432129, -0.0738801658153534], [4.7677130699157715, -4.585810661315918, 7.35355806350708, -1.365741491317749, 0.8130058646202087, 2.055990219116211, 0.6890026926994324, -1.5584796667099, -0.8551172614097595, 2.84259033203125, -1.385270118713379, 10.390896797180176, 2.754513740539551, -1.2357940673828125, 2.7333478927612305, 16.652698516845703, 2.046323299407959, 1.9167190790176392, 4.503641605377197, -1.2658896446228027, 10.787980079650879], [8.39653491973877, 6.0553107261657715, 1.1866424083709717, -5.50541353225708, 8.860288619995117, 4.6586151123046875, -2.6158859729766846, 8.160419464111328, -0.9859684109687805, 10.503609657287598, -3.3685007095336914, 1.6137802600860596, 7.950667858123779, 7.805082321166992, -11.792218208312988, 2.046323299407959, 35.10225296020508, -0.6953051090240479, 0.20914840698242188, 14.280669212341309, 11.556561470031738], [3.352386236190796, -2.148087739944458, -0.6030303239822388, 2.502054214477539, -0.10429883003234863, 7.073167324066162, -4.857211589813232, -1.2055402994155884, -7.700347423553467, -3.103956460952759, -0.17665550112724304, -2.4188714027404785, -0.5425577163696289, 1.3339166641235352, -1.8566782474517822, 1.9167189598083496, -0.6953051090240479, 22.240543365478516, 1.0481507778167725, -1.1137031316757202, -1.9390660524368286], [0.8526872396469116, 0.48935309052467346, 3.5564522743225098, 1.3658472299575806, 9.044081687927246, -2.1808438301086426, 0.7352070212364197, 3.8278255462646484, 4.625709056854248, 3.0137932300567627, 0.7275239825248718, 8.852770805358887, -2.1992475986480713, 4.9733710289001465, -4.260659694671631, 4.503640651702881, 0.20914840698242188, 1.0481507778167725, 26.43521499633789, 8.207255363464355, 2.0034091472625732], [4.466847896575928, -0.8327656984329224, -3.1050233840942383, 1.032535195350647, 6.741875171661377, -0.6711703538894653, 1.884963035583496, 4.912829875946045, 1.4669010639190674, 6.785925388336182, -0.5522404313087463, 1.5493345260620117, 6.134810447692871, -0.3502381443977356, -6.5207061767578125, -1.2658898830413818, 14.280669212341309, -1.1137031316757202, 8.207255363464355, 17.560638427734375, 0.4405803978443146], [4.762070655822754, 1.1635533571243286, 4.656604766845703, -1.8235002756118774, 7.754939079284668, -5.978085517883301, -4.080646514892578, 9.009974479675293, 1.5504786968231201, 2.909083843231201, -7.197516441345215, 5.076532363891602, 6.229923725128174, 4.469580173492432, -0.07388067245483398, 10.787979125976562, 11.556560516357422, -1.9390655755996704, 2.0034096240997314, 0.4405803084373474, 29.51171112060547]], "type": "heatmap"}], "layout": {"template": {"data": {"histogram2dcontour": [{"type": "histogram2dcontour", "colorbar": {"outlinewidth": 0, "ticks": ""}, "colorscale": [[0.0, "#0d0887"], [0.1111111111111111, "#46039f"], [0.2222222222222222, "#7201a8"], [0.3333333333333333, "#9c179e"], [0.4444444444444444, "#bd3786"], [0.5555555555555556, "#d8576b"], [0.6666666666666666, "#ed7953"], [0.7777777777777778, "#fb9f3a"], [0.8888888888888888, "#fdca26"], [1.0, "#f0f921"]]}], "choropleth": [{"type": "choropleth", "colorbar": {"outlinewidth": 0, "ticks": ""}}], "histogram2d": [{"type": "histogram2d", "colorbar": {"outlinewidth": 0, "ticks": ""}, "colorscale": [[0.0, "#0d0887"], [0.1111111111111111, "#46039f"], [0.2222222222222222, "#7201a8"], [0.3333333333333333, "#9c179e"], [0.4444444444444444, "#bd3786"], [0.5555555555555556, "#d8576b"], [0.6666666666666666, "#ed7953"], [0.7777777777777778, "#fb9f3a"], [0.8888888888888888, "#fdca26"], [1.0, "#f0f921"]]}], "heatmap": [{"type": "heatmap", "colorbar": {"outlinewidth": 0, "ticks": ""}, "colorscale": [[0.0, "#0d0887"], [0.1111111111111111, "#46039f"], [0.2222222222222222, "#7201a8"], [0.3333333333333333, "#9c179e"], [0.4444444444444444, "#bd3786"], [0.5555555555555556, "#d8576b"], [0.6666666666666666, "#ed7953"], [0.7777777777777778, "#fb9f3a"], [0.8888888888888888, "#fdca26"], [1.0, "#f0f921"]]}], "heatmapgl": [{"type": "heatmapgl", "colorbar": {"outlinewidth": 0, "ticks": ""}, "colorscale": [[0.0, "#0d0887"], [0.1111111111111111, "#46039f"], [0.2222222222222222, "#7201a8"], [0.3333333333333333, "#9c179e"], [0.4444444444444444, "#bd3786"], [0.5555555555555556, "#d8576b"], [0.6666666666666666, "#ed7953"], [0.7777777777777778, "#fb9f3a"], [0.8888888888888888, "#fdca26"], [1.0, "#f0f921"]]}], "contourcarpet": [{"type": "contourcarpet", "colorbar": {"outlinewidth": 0, "ticks": ""}}], "contour": [{"type": "contour", "colorbar": {"outlinewidth": 0, "ticks": ""}, "colorscale": [[0.0, "#0d0887"], [0.1111111111111111, "#46039f"], [0.2222222222222222, "#7201a8"], [0.3333333333333333, "#9c179e"], [0.4444444444444444, "#bd3786"], [0.5555555555555556, "#d8576b"], [0.6666666666666666, "#ed7953"], [0.7777777777777778, "#fb9f3a"], [0.8888888888888888, "#fdca26"], [1.0, "#f0f921"]]}], "surface": [{"type": "surface", "colorbar": {"outlinewidth": 0, "ticks": ""}, "colorscale": [[0.0, "#0d0887"], [0.1111111111111111, "#46039f"], [0.2222222222222222, "#7201a8"], [0.3333333333333333, "#9c179e"], [0.4444444444444444, "#bd3786"], [0.5555555555555556, "#d8576b"], [0.6666666666666666, "#ed7953"], [0.7777777777777778, "#fb9f3a"], [0.8888888888888888, "#fdca26"], [1.0, "#f0f921"]]}], "mesh3d": [{"type": "mesh3d", "colorbar": {"outlinewidth": 0, "ticks": ""}}], "scatter": [{"fillpattern": {"fillmode": "overlay", "size": 10, "solidity": 0.2}, "type": "scatter"}], "parcoords": [{"type": "parcoords", "line": {"colorbar": {"outlinewidth": 0, "ticks": ""}}}], "scatterpolargl": [{"type": "scatterpolargl", "marker": {"colorbar": {"outlinewidth": 0, "ticks": ""}}}], "bar": [{"error_x": {"color": "#2a3f5f"}, "error_y": {"color": "#2a3f5f"}, "marker": {"line": {"color": "#E5ECF6", "width": 0.5}, "pattern": {"fillmode": "overlay", "size": 10, "solidity": 0.2}}, "type": "bar"}], "scattergeo": [{"type": "scattergeo", "marker": {"colorbar": {"outlinewidth": 0, "ticks": ""}}}], "scatterpolar": [{"type": "scatterpolar", "marker": {"colorbar": {"outlinewidth": 0, "ticks": ""}}}], "histogram": [{"marker": {"pattern": {"fillmode": "overlay", "size": 10, "solidity": 0.2}}, "type": "histogram"}], "scattergl": [{"type": "scattergl", "marker": {"colorbar": {"outlinewidth": 0, "ticks": ""}}}], "scatter3d": [{"type": "scatter3d", "line": {"colorbar": {"outlinewidth": 0, "ticks": ""}}, "marker": {"colorbar": {"outlinewidth": 0, "ticks": ""}}}], "scattermapbox": [{"type": "scattermapbox", "marker": {"colorbar": {"outlinewidth": 0, "ticks": ""}}}], "scatterternary": [{"type": "scatterternary", "marker": {"colorbar": {"outlinewidth": 0, "ticks": ""}}}], "scattercarpet": [{"type": "scattercarpet", "marker": {"colorbar": {"outlinewidth": 0, "ticks": ""}}}], "carpet": [{"aaxis": {"endlinecolor": "#2a3f5f", "gridcolor": "white", "linecolor": "white", "minorgridcolor": "white", "startlinecolor": "#2a3f5f"}, "baxis": {"endlinecolor": "#2a3f5f", "gridcolor": "white", "linecolor": "white", "minorgridcolor": "white", "startlinecolor": "#2a3f5f"}, "type": "carpet"}], "table": [{"cells": {"fill": {"color": "#EBF0F8"}, "line": {"color": "white"}}, "header": {"fill": {"color": "#C8D4E3"}, "line": {"color": "white"}}, "type": "table"}], "barpolar": [{"marker": {"line": {"color": "#E5ECF6", "width": 0.5}, "pattern": {"fillmode": "overlay", "size": 10, "solidity": 0.2}}, "type": "barpolar"}], "pie": [{"automargin": true, "type": "pie"}]}, "layout": {"autotypenumbers": "strict", "colorway": ["#636efa", "#EF553B", "#00cc96", "#ab63fa", "#FFA15A", "#19d3f3", "#FF6692", "#B6E880", "#FF97FF", "#FECB52"], "font": {"color": "#2a3f5f"}, "hovermode": "closest", "hoverlabel": {"align": "left"}, "paper_bgcolor": "white", "plot_bgcolor": "#E5ECF6", "polar": {"bgcolor": "#E5ECF6", "angularaxis": {"gridcolor": "white", "linecolor": "white", "ticks": ""}, "radialaxis": {"gridcolor": "white", "linecolor": "white", "ticks": ""}}, "ternary": {"bgcolor": "#E5ECF6", "aaxis": {"gridcolor": "white", "linecolor": "white", "ticks": ""}, "baxis": {"gridcolor": "white", "linecolor": "white", "ticks": ""}, "caxis": {"gridcolor": "white", "linecolor": "white", "ticks": ""}}, "coloraxis": {"colorbar": {"outlinewidth": 0, "ticks": ""}}, "colorscale": {"sequential": [[0.0, "#0d0887"], [0.1111111111111111, "#46039f"], [0.2222222222222222, "#7201a8"], [0.3333333333333333, "#9c179e"], [0.4444444444444444, "#bd3786"], [0.5555555555555556, "#d8576b"], [0.6666666666666666, "#ed7953"], [0.7777777777777778, "#fb9f3a"], [0.8888888888888888, "#fdca26"], [1.0, "#f0f921"]], "sequentialminus": [[0.0, "#0d0887"], [0.1111111111111111, "#46039f"], [0.2222222222222222, "#7201a8"], [0.3333333333333333, "#9c179e"], [0.4444444444444444, "#bd3786"], [0.5555555555555556, "#d8576b"], [0.6666666666666666, "#ed7953"], [0.7777777777777778, "#fb9f3a"], [0.8888888888888888, "#fdca26"], [1.0, "#f0f921"]], "diverging": [[0, "#8e0152"], [0.1, "#c51b7d"], [0.2, "#de77ae"], [0.3, "#f1b6da"], [0.4, "#fde0ef"], [0.5, "#f7f7f7"], [0.6, "#e6f5d0"], [0.7, "#b8e186"], [0.8, "#7fbc41"], [0.9, "#4d9221"], [1, "#276419"]]}, "xaxis": {"gridcolor": "white", "linecolor": "white", "ticks": "", "title": {"standoff": 15}, "zerolinecolor": "white", "automargin": true, "zerolinewidth": 2}, "yaxis": {"gridcolor": "white", "linecolor": "white", "ticks": "", "title": {"standoff": 15}, "zerolinecolor": "white", "automargin": true, "zerolinewidth": 2}, "scene": {"xaxis": {"backgroundcolor": "#E5ECF6", "gridcolor": "white", "linecolor": "white", "showbackground": true, "ticks": "", "zerolinecolor": "white", "gridwidth": 2}, "yaxis": {"backgroundcolor": "#E5ECF6", "gridcolor": "white", "linecolor": "white", "showbackground": true, "ticks": "", "zerolinecolor": "white", "gridwidth": 2}, "zaxis": {"backgroundcolor": "#E5ECF6", "gridcolor": "white", "linecolor": "white", "showbackground": true, "ticks": "", "zerolinecolor": "white", "gridwidth": 2}}, "shapedefaults": {"line": {"color": "#2a3f5f"}}, "annotationdefaults": {"arrowcolor": "#2a3f5f", "arrowhead": 0, "arrowwidth": 1}, "geo": {"bgcolor": "white", "landcolor": "#E5ECF6", "subunitcolor": "white", "showland": true, "showlakes": true, "lakecolor": "white"}, "title": {"x": 0.05}, "mapbox": {"style": "light"}}}}}