{"data": [{"z": [[17.744014739990234, -4.372304916381836, -2.2335269451141357, 4.930151462554932, 4.0066022872924805, 7.798947811126709, 4.1997270584106445, 1.3298225402832031, -1.1817800998687744, 11.55389404296875, -4.33017635345459, 7.812582015991211, 7.9784674644470215, -0.33405765891075134, -4.456737995147705, 4.767879009246826, 8.396605491638184, 3.3524699211120605, 0.8527145385742188, 4.466879367828369, 4.762254238128662], [-4.372304916381836, 27.163921356201172, 0.9060072898864746, -5.07257080078125, 1.775209903717041, -5.916563987731934, -0.35681119561195374, 6.272986888885498, 8.618668556213379, -5.682634353637695, 1.2842483520507812, -5.482748031616211, -5.414637088775635, 8.586798667907715, -0.8192246556282043, -4.5857744216918945, 6.055413722991943, -2.148106575012207, 0.4893920421600342, -0.8328547477722168, 1.1635583639144897], [-2.2335269451141357, 0.9060072898864746, 31.889963150024414, -0.5650624632835388, -2.815260410308838, 2.411897659301758, -0.23022212088108063, 7.307916164398193, -1.2605949640274048, -1.364077091217041, 2.383207321166992, -4.319594383239746, -1.2639354467391968, 5.954354763031006, -0.2929743230342865, 7.353627681732178, 1.1867367029190063, -0.6029565334320068, 3.5564584732055664, -3.1051692962646484, 4.656571865081787], [4.930151462554932, -5.07257080078125, -0.5650624632835388, 25.763343811035156, 0.7111369371414185, 4.576285362243652, -1.6097081899642944, -2.533299446105957, -2.9814822673797607, 8.911177635192871, -0.8861414790153503, -2.802171468734741, 8.717865943908691, -1.4024595022201538, -1.2972052097320557, -1.3657548427581787, -5.505159378051758, 2.502025604248047, 1.3659956455230713, 1.0324316024780273, -1.8235235214233398], [4.0066022872924805, 1.775209903717041, -2.815260410308838, 0.7111369371414185, 27.61625099182129, 1.0000221729278564, -1.948020577430725, 2.9797351360321045, -2.000675678253174, 6.8855485916137695, -7.1168012619018555, -1.4996405839920044, -1.6564080715179443, -2.4638051986694336, -1.1885448694229126, 0.8130349516868591, 8.860311508178711, -0.10432669520378113, 9.044174194335938, 6.741788864135742, 7.754836559295654], [7.798947811126709, -5.916563987731934, 2.411897659301758, 4.576285362243652, 1.0000221729278564, 19.837663650512695, 2.154221773147583, -6.231865882873535, -8.451740264892578, 9.116971969604492, 0.9685335755348206, 3.9434220790863037, 2.247779369354248, -0.6966792345046997, -3.9899771213531494, 2.055781364440918, 4.658726692199707, 7.073071002960205, -2.1809797286987305, -0.671314001083374, -5.978217124938965], [4.1997270584106445, -0.35681119561195374, -0.23022212088108063, -1.6097081899642944, -1.948020577430725, 2.154221773147583, 17.74485206604004, 3.2538249492645264, 6.009145259857178, 2.984844923019409, 3.7496278285980225, 4.712646484375, -1.6787762641906738, 0.36940380930900574, 2.787458896636963, 0.6890050172805786, -2.61580228805542, -4.857154846191406, 0.7352640628814697, 1.8851947784423828, -4.080603122711182], [1.3298225402832031, 6.272986888885498, 7.307916164398193, -2.533299446105957, 2.9797351360321045, -6.231865882873535, 3.2538249492645264, 20.31390380859375, 4.090267181396484, -1.023325800895691, 6.8568854331970215, -6.306969165802002, -1.595084309577942, 6.538548469543457, -3.652721643447876, -1.55856454372406, 8.160537719726562, -1.2057029008865356, 3.827781915664673, 4.9126129150390625, 9.009838104248047], [-1.1817800998687744, 8.618668556213379, -1.2605949640274048, -2.9814822673797607, -2.000675678253174, -8.451740264892578, 6.009145259857178, 4.090267181396484, 18.438547134399414, -1.0703076124191284, 2.9424400329589844, -0.2491474151611328, -2.186677932739258, 3.3493990898132324, 0.6118655800819397, -0.855199933052063, -0.9857715368270874, -7.7003865242004395, 4.625760078430176, 1.4666898250579834, 1.550370693206787], [11.55389404296875, -5.682634353637695, -1.364077091217041, 8.911177635192871, 6.8855485916137695, 9.116971969604492, 2.984844923019409, -1.023325800895691, -1.0703076124191284, 26.491384506225586, -4.999322414398193, 5.6276350021362305, 13.97258472442627, -5.842705249786377, -0.4544425904750824, 2.8427670001983643, 10.503742218017578, -3.103888988494873, 3.013888359069824, 6.785817623138428, 2.9092464447021484], [-4.33017635345459, 1.2842483520507812, 2.383207321166992, -0.8861414790153503, -7.1168012619018555, 0.9685335755348206, 3.7496278285980225, 6.8568854331970215, 2.9424400329589844, -4.999322414398193, 21.531234741210938, -4.635630130767822, -7.706741809844971, -0.25982367992401123, -1.5136682987213135, -1.3852136135101318, -3.3684399127960205, -0.17659974098205566, 0.7275645732879639, -0.5524234771728516, -7.197564125061035], [7.812582015991211, -5.482748031616211, -4.319594383239746, -2.802171468734741, -1.4996405839920044, 3.9434220790863037, 4.712646484375, -6.306969165802002, -0.2491474151611328, 5.6276350021362305, -4.635630130767822, 27.915447235107422, 0.31284478306770325, -0.5949037671089172, 1.1156388521194458, 10.390951156616211, 1.6136337518692017, -2.418886184692383, 8.85278034210205, 1.5494043827056885, 5.0764384269714355], [7.9784674644470215, -5.414637088775635, -1.2639354467391968, 8.717865943908691, -1.6564080715179443, 2.247779369354248, -1.6787762641906738, -1.595084309577942, -2.186677932739258, 13.97258472442627, -7.706741809844971, 0.31284478306770325, 21.82581901550293, -2.11505126953125, -1.305037260055542, 2.7544045448303223, 7.9506659507751465, -0.542625904083252, -2.199331760406494, 6.134814739227295, 6.229745864868164], [-0.33405765891075134, 8.586798667907715, 5.954354763031006, -1.4024595022201538, -2.4638051986694336, -0.6966792345046997, 0.36940380930900574, 6.538548469543457, 3.3493990898132324, -5.842705249786377, -0.25982367992401123, -0.5949037671089172, -2.11505126953125, 24.43283462524414, -4.610464572906494, -1.235669493675232, 7.805237293243408, 1.3339684009552002, 4.9734954833984375, -0.3504164516925812, 4.469642162322998], [-4.456737995147705, -0.8192246556282043, -0.2929743230342865, -1.2972052097320557, -1.1885448694229126, -3.9899771213531494, 2.787458896636963, -3.652721643447876, 0.6118655800819397, -0.4544425904750824, -1.5136682987213135, 1.1156388521194458, -1.305037260055542, -4.610464572906494, 18.406620025634766, 2.733290433883667, -11.792119026184082, -1.856703281402588, -4.260691165924072, -6.520813941955566, -0.07391819357872009], [4.767879009246826, -4.5857744216918945, 7.353627681732178, -1.3657548427581787, 0.8130349516868591, 2.055781364440918, 0.6890050172805786, -1.55856454372406, -0.855199933052063, 2.8427670001983643, -1.3852136135101318, 10.390951156616211, 2.7544045448303223, -1.235669493675232, 2.733290433883667, 16.652620315551758, 2.046355724334717, 1.9166984558105469, 4.503631591796875, -1.265783429145813, 10.78798770904541], [8.396605491638184, 6.055412292480469, 1.1867363452911377, -5.505159854888916, 8.860311508178711, 4.658727169036865, -2.615802764892578, 8.160537719726562, -0.9857715964317322, 10.503741264343262, -3.3684399127960205, 1.6136337518692017, 7.950666904449463, 7.805237770080566, -11.792119026184082, 2.046355724334717, 35.102500915527344, -0.6952486038208008, 0.20928621292114258, 14.280872344970703, 11.556649208068848], [3.3524696826934814, -2.148106098175049, -0.6029569506645203, 2.502025604248047, -0.10432679951190948, 7.073071479797363, -4.857154846191406, -1.2057030200958252, -7.700387001037598, -3.103888511657715, -0.17659991979599, -2.4188859462738037, -0.5426258444786072, 1.3339682817459106, -1.8567039966583252, 1.9166984558105469, -0.6952486038208008, 22.240581512451172, 1.0481138229370117, -1.1137113571166992, -1.9390825033187866], [0.8527145385742188, 0.4893914461135864, 3.556459426879883, 1.3659961223602295, 9.044175148010254, -2.1809797286987305, 0.7352640628814697, 3.8277816772460938, 4.625760555267334, 3.013888120651245, 0.7275638580322266, 8.852778434753418, -2.199331521987915, 4.9734954833984375, -4.2606916427612305, 4.503632545471191, 0.20928621292114258, 1.0481138229370117, 26.43520164489746, 8.207412719726562, 2.0034823417663574], [4.466879367828369, -0.8328545093536377, -3.1051688194274902, 1.0324316024780273, 6.741788864135742, -0.6713140606880188, 1.8851951360702515, 4.9126129150390625, 1.4666895866394043, 6.785816192626953, -0.5524235367774963, 1.5494040250778198, 6.134814262390137, -0.3504166007041931, -6.520812511444092, -1.2657830715179443, 14.280872344970703, -1.1137113571166992, 8.207412719726562, 17.560195922851562, 0.4406314194202423], [4.76225471496582, 1.1635586023330688, 4.656572341918945, -1.823522925376892, 7.754836559295654, -5.978217124938965, -4.080602645874023, 9.009838104248047, 1.5503709316253662, 2.9092466831207275, -7.197564125061035, 5.076437950134277, 6.229745864868164, 4.46964168548584, -0.07391786575317383, 10.787986755371094, 11.556649208068848, -1.9390827417373657, 2.0034823417663574, 0.4406314492225647, 29.51171112060547]], "type": "heatmap"}], "layout": {"template": {"data": {"histogram2dcontour": [{"type": "histogram2dcontour", "colorbar": {"outlinewidth": 0, "ticks": ""}, "colorscale": [[0.0, "#0d0887"], [0.1111111111111111, "#46039f"], [0.2222222222222222, "#7201a8"], [0.3333333333333333, "#9c179e"], [0.4444444444444444, "#bd3786"], [0.5555555555555556, "#d8576b"], [0.6666666666666666, "#ed7953"], [0.7777777777777778, "#fb9f3a"], [0.8888888888888888, "#fdca26"], [1.0, "#f0f921"]]}], "choropleth": [{"type": "choropleth", "colorbar": {"outlinewidth": 0, "ticks": ""}}], "histogram2d": [{"type": "histogram2d", "colorbar": {"outlinewidth": 0, "ticks": ""}, "colorscale": [[0.0, "#0d0887"], [0.1111111111111111, "#46039f"], [0.2222222222222222, "#7201a8"], [0.3333333333333333, "#9c179e"], [0.4444444444444444, "#bd3786"], [0.5555555555555556, "#d8576b"], [0.6666666666666666, "#ed7953"], [0.7777777777777778, "#fb9f3a"], [0.8888888888888888, "#fdca26"], [1.0, "#f0f921"]]}], "heatmap": [{"type": "heatmap", "colorbar": {"outlinewidth": 0, "ticks": ""}, "colorscale": [[0.0, "#0d0887"], [0.1111111111111111, "#46039f"], [0.2222222222222222, "#7201a8"], [0.3333333333333333, "#9c179e"], [0.4444444444444444, "#bd3786"], [0.5555555555555556, "#d8576b"], [0.6666666666666666, "#ed7953"], [0.7777777777777778, "#fb9f3a"], [0.8888888888888888, "#fdca26"], [1.0, "#f0f921"]]}], "heatmapgl": [{"type": "heatmapgl", "colorbar": {"outlinewidth": 0, "ticks": ""}, "colorscale": [[0.0, "#0d0887"], [0.1111111111111111, "#46039f"], [0.2222222222222222, "#7201a8"], [0.3333333333333333, "#9c179e"], [0.4444444444444444, "#bd3786"], [0.5555555555555556, "#d8576b"], [0.6666666666666666, "#ed7953"], [0.7777777777777778, "#fb9f3a"], [0.8888888888888888, "#fdca26"], [1.0, "#f0f921"]]}], "contourcarpet": [{"type": "contourcarpet", "colorbar": {"outlinewidth": 0, "ticks": ""}}], "contour": [{"type": "contour", "colorbar": {"outlinewidth": 0, "ticks": ""}, "colorscale": [[0.0, "#0d0887"], [0.1111111111111111, "#46039f"], [0.2222222222222222, "#7201a8"], [0.3333333333333333, "#9c179e"], [0.4444444444444444, "#bd3786"], [0.5555555555555556, "#d8576b"], [0.6666666666666666, "#ed7953"], [0.7777777777777778, "#fb9f3a"], [0.8888888888888888, "#fdca26"], [1.0, "#f0f921"]]}], "surface": [{"type": "surface", "colorbar": {"outlinewidth": 0, "ticks": ""}, "colorscale": [[0.0, "#0d0887"], [0.1111111111111111, "#46039f"], [0.2222222222222222, "#7201a8"], [0.3333333333333333, "#9c179e"], [0.4444444444444444, "#bd3786"], [0.5555555555555556, "#d8576b"], [0.6666666666666666, "#ed7953"], [0.7777777777777778, "#fb9f3a"], [0.8888888888888888, "#fdca26"], [1.0, "#f0f921"]]}], "mesh3d": [{"type": "mesh3d", "colorbar": {"outlinewidth": 0, "ticks": ""}}], "scatter": [{"fillpattern": {"fillmode": "overlay", "size": 10, "solidity": 0.2}, "type": "scatter"}], "parcoords": [{"type": "parcoords", "line": {"colorbar": {"outlinewidth": 0, "ticks": ""}}}], "scatterpolargl": [{"type": "scatterpolargl", "marker": {"colorbar": {"outlinewidth": 0, "ticks": ""}}}], "bar": [{"error_x": {"color": "#2a3f5f"}, "error_y": {"color": "#2a3f5f"}, "marker": {"line": {"color": "#E5ECF6", "width": 0.5}, "pattern": {"fillmode": "overlay", "size": 10, "solidity": 0.2}}, "type": "bar"}], "scattergeo": [{"type": "scattergeo", "marker": {"colorbar": {"outlinewidth": 0, "ticks": ""}}}], "scatterpolar": [{"type": "scatterpolar", "marker": {"colorbar": {"outlinewidth": 0, "ticks": ""}}}], "histogram": [{"marker": {"pattern": {"fillmode": "overlay", "size": 10, "solidity": 0.2}}, "type": "histogram"}], "scattergl": [{"type": "scattergl", "marker": {"colorbar": {"outlinewidth": 0, "ticks": ""}}}], "scatter3d": [{"type": "scatter3d", "line": {"colorbar": {"outlinewidth": 0, "ticks": ""}}, "marker": {"colorbar": {"outlinewidth": 0, "ticks": ""}}}], "scattermapbox": [{"type": "scattermapbox", "marker": {"colorbar": {"outlinewidth": 0, "ticks": ""}}}], "scatterternary": [{"type": "scatterternary", "marker": {"colorbar": {"outlinewidth": 0, "ticks": ""}}}], "scattercarpet": [{"type": "scattercarpet", "marker": {"colorbar": {"outlinewidth": 0, "ticks": ""}}}], "carpet": [{"aaxis": {"endlinecolor": "#2a3f5f", "gridcolor": "white", "linecolor": "white", "minorgridcolor": "white", "startlinecolor": "#2a3f5f"}, "baxis": {"endlinecolor": "#2a3f5f", "gridcolor": "white", "linecolor": "white", "minorgridcolor": "white", "startlinecolor": "#2a3f5f"}, "type": "carpet"}], "table": [{"cells": {"fill": {"color": "#EBF0F8"}, "line": {"color": "white"}}, "header": {"fill": {"color": "#C8D4E3"}, "line": {"color": "white"}}, "type": "table"}], "barpolar": [{"marker": {"line": {"color": "#E5ECF6", "width": 0.5}, "pattern": {"fillmode": "overlay", "size": 10, "solidity": 0.2}}, "type": "barpolar"}], "pie": [{"automargin": true, "type": "pie"}]}, "layout": {"autotypenumbers": "strict", "colorway": ["#636efa", "#EF553B", "#00cc96", "#ab63fa", "#FFA15A", "#19d3f3", "#FF6692", "#B6E880", "#FF97FF", "#FECB52"], "font": {"color": "#2a3f5f"}, "hovermode": "closest", "hoverlabel": {"align": "left"}, "paper_bgcolor": "white", "plot_bgcolor": "#E5ECF6", "polar": {"bgcolor": "#E5ECF6", "angularaxis": {"gridcolor": "white", "linecolor": "white", "ticks": ""}, "radialaxis": {"gridcolor": "white", "linecolor": "white", "ticks": ""}}, "ternary": {"bgcolor": "#E5ECF6", "aaxis": {"gridcolor": "white", "linecolor": "white", "ticks": ""}, "baxis": {"gridcolor": "white", "linecolor": "white", "ticks": ""}, "caxis": {"gridcolor": "white", "linecolor": "white", "ticks": ""}}, "coloraxis": {"colorbar": {"outlinewidth": 0, "ticks": ""}}, "colorscale": {"sequential": [[0.0, "#0d0887"], [0.1111111111111111, "#46039f"], [0.2222222222222222, "#7201a8"], [0.3333333333333333, "#9c179e"], [0.4444444444444444, "#bd3786"], [0.5555555555555556, "#d8576b"], [0.6666666666666666, "#ed7953"], [0.7777777777777778, "#fb9f3a"], [0.8888888888888888, "#fdca26"], [1.0, "#f0f921"]], "sequentialminus": [[0.0, "#0d0887"], [0.1111111111111111, "#46039f"], [0.2222222222222222, "#7201a8"], [0.3333333333333333, "#9c179e"], [0.4444444444444444, "#bd3786"], [0.5555555555555556, "#d8576b"], [0.6666666666666666, "#ed7953"], [0.7777777777777778, "#fb9f3a"], [0.8888888888888888, "#fdca26"], [1.0, "#f0f921"]], "diverging": [[0, "#8e0152"], [0.1, "#c51b7d"], [0.2, "#de77ae"], [0.3, "#f1b6da"], [0.4, "#fde0ef"], [0.5, "#f7f7f7"], [0.6, "#e6f5d0"], [0.7, "#b8e186"], [0.8, "#7fbc41"], [0.9, "#4d9221"], [1, "#276419"]]}, "xaxis": {"gridcolor": "white", "linecolor": "white", "ticks": "", "title": {"standoff": 15}, "zerolinecolor": "white", "automargin": true, "zerolinewidth": 2}, "yaxis": {"gridcolor": "white", "linecolor": "white", "ticks": "", "title": {"standoff": 15}, "zerolinecolor": "white", "automargin": true, "zerolinewidth": 2}, "scene": {"xaxis": {"backgroundcolor": "#E5ECF6", "gridcolor": "white", "linecolor": "white", "showbackground": true, "ticks": "", "zerolinecolor": "white", "gridwidth": 2}, "yaxis": {"backgroundcolor": "#E5ECF6", "gridcolor": "white", "linecolor": "white", "showbackground": true, "ticks": "", "zerolinecolor": "white", "gridwidth": 2}, "zaxis": {"backgroundcolor": "#E5ECF6", "gridcolor": "white", "linecolor": "white", "showbackground": true, "ticks": "", "zerolinecolor": "white", "gridwidth": 2}}, "shapedefaults": {"line": {"color": "#2a3f5f"}}, "annotationdefaults": {"arrowcolor": "#2a3f5f", "arrowhead": 0, "arrowwidth": 1}, "geo": {"bgcolor": "white", "landcolor": "#E5ECF6", "subunitcolor": "white", "showland": true, "showlakes": true, "lakecolor": "white"}, "title": {"x": 0.05}, "mapbox": {"style": "light"}}}}}