{"data": [{"z": [[17.74360466003418, -4.372259616851807, -2.2333340644836426, 4.929642200469971, 4.006558895111084, 7.7983784675598145, 4.199034214019775, 1.3297622203826904, -1.1820310354232788, 11.55371379852295, -4.329887390136719, 7.811804294586182, 7.978451251983643, -0.3341621160507202, -4.457319736480713, 4.766995906829834, 8.396297454833984, 3.352099895477295, 0.8524764776229858, 4.466696739196777, 4.761110305786133], [-4.372259616851807, 27.164066314697266, 0.9065313339233398, -5.072620868682861, 1.7756421566009521, -5.916720867156982, -0.3571701943874359, 6.273036479949951, 8.61862850189209, -5.682677268981934, 1.2848384380340576, -5.482459545135498, -5.414373874664307, 8.587214469909668, -0.8192170262336731, -4.585967063903809, 6.054871082305908, -2.148033618927002, 0.4891561269760132, -0.8322774171829224, 1.1635158061981201], [-2.2333340644836426, 0.9065313339233398, 31.89051055908203, -0.564777672290802, -2.814403772354126, 2.4120020866394043, -0.23104658722877502, 7.308452606201172, -1.2598522901535034, -1.3644306659698486, 2.3838951587677, -4.318887233734131, -1.2630811929702759, 5.954346179962158, -0.29283612966537476, 7.353291034698486, 1.1862870454788208, -0.6032232046127319, 3.556429147720337, -3.1042981147766113, 4.656744003295898], [4.929642200469971, -5.072620868682861, -0.564777672290802, 25.763341903686523, 0.7117618322372437, 4.577286243438721, -1.6104063987731934, -2.5325839519500732, -2.98091197013855, 8.910606384277344, -0.8859008550643921, -2.801071882247925, 8.718705177307129, -1.4021965265274048, -1.2966920137405396, -1.3654398918151855, -5.5063652992248535, 2.50246524810791, 1.3651983737945557, 1.0332590341567993, -1.823201298713684], [4.006558895111084, 1.7756421566009521, -2.814403772354126, 0.7117618322372437, 27.616920471191406, 1.000335454940796, -1.948136568069458, 2.980168342590332, -1.9997669458389282, 6.885360240936279, -7.1157145500183105, -1.4985820055007935, -1.6556602716445923, -2.463574171066284, -1.1879119873046875, 0.8130580186843872, 8.860197067260742, -0.10404658317565918, 9.043663024902344, 6.742306232452393, 7.755586624145508], [7.7983784675598145, -5.916720867156982, 2.4120020866394043, 4.577286243438721, 1.000335454940796, 19.839900970458984, 2.154303789138794, -6.230500221252441, -8.450956344604492, 9.117122650146484, 0.9683125019073486, 3.9443602561950684, 2.2485930919647217, -0.6962960958480835, -3.9886510372161865, 2.0569987297058105, 4.658178329467773, 7.073694229125977, -2.1800949573516846, -0.6703250408172607, -5.9772186279296875], [4.199034214019775, -0.3571701943874359, -0.23104658722877502, -1.6104063987731934, -1.948136568069458, 2.154303789138794, 17.744565963745117, 3.2538485527038574, 6.008745193481445, 2.9840993881225586, 3.7489449977874756, 4.71260404586792, -1.6785871982574463, 0.3687078654766083, 2.7868399620056152, 0.688810408115387, -2.6160519123077393, -4.857375144958496, 0.7349017262458801, 1.8840744495391846, -4.08120059967041], [1.3297622203826904, 6.273036479949951, 7.308452606201172, -2.5325839519500732, 2.980168342590332, -6.230500221252441, 3.2538485527038574, 20.314701080322266, 4.0905280113220215, -1.0230616331100464, 6.857348918914795, -6.305917739868164, -1.5942825078964233, 6.5394768714904785, -3.6515941619873047, -1.5578933954238892, 8.159915924072266, -1.2047162055969238, 3.8281078338623047, 4.913949966430664, 9.010835647583008], [-1.1820310354232788, 8.61862850189209, -1.2598522901535034, -2.98091197013855, -1.9997669458389282, -8.450956344604492, 6.008745193481445, 4.0905280113220215, 18.439523696899414, -1.0704801082611084, 2.9428529739379883, -0.24796880781650543, -2.1859734058380127, 3.349949359893799, 0.6125777363777161, -0.8545918464660645, -0.9868820905685425, -7.700097560882568, 4.625563621520996, 1.468024730682373, 1.551224946975708], [11.55371379852295, -5.682677268981934, -1.3644306659698486, 8.910606384277344, 6.885360240936279, 9.117122650146484, 2.9840993881225586, -1.0230616331100464, -1.0704801082611084, 26.491662979125977, -4.999364852905273, 5.626983165740967, 13.972394943237305, -5.842609882354736, -0.45510655641555786, 2.841777801513672, 10.503154754638672, -3.104175329208374, 3.0133590698242188, 6.786304473876953, 2.9082326889038086], [-4.329887390136719, 1.2848384380340576, 2.3838951587677, -0.8859008550643921, -7.1157145500183105, 0.9683125019073486, 3.7489449977874756, 6.857348918914795, 2.9428529739379883, -4.999364852905273, 21.5322322845459, -4.634859085083008, -7.706064701080322, -0.25924399495124817, -1.5135329961776733, -1.3852794170379639, -3.368704319000244, -0.17668038606643677, 0.7274198532104492, -0.5512405633926392, -7.197088718414307], [7.811804294586182, -5.482459545135498, -4.318887233734131, -2.801071882247925, -1.4985820055007935, 3.9443602561950684, 4.71260404586792, -6.305917739868164, -0.24796880781650543, 5.626983165740967, -4.634859085083008, 27.91665267944336, 0.3143254220485687, -0.5950761437416077, 1.116286277770996, 10.390871047973633, 1.6142982244491577, -2.4186384677886963, 8.852808952331543, 1.5492650270462036, 5.077240943908691], [7.978451251983643, -5.414373874664307, -1.2630811929702759, 8.718705177307129, -1.6556602716445923, 2.2485930919647217, -1.6785871982574463, -1.5942825078964233, -2.1859734058380127, 13.972394943237305, -7.706064701080322, 0.3143254220485687, 21.826929092407227, -2.1148736476898193, -1.3038865327835083, 2.75510835647583, 7.9505934715271, -0.542149543762207, -2.198833703994751, 6.134954452514648, 6.230928897857666], [-0.3341621160507202, 8.587214469909668, 5.954346179962158, -1.4021965265274048, -2.463574171066284, -0.6962960958480835, 0.3687078654766083, 6.5394768714904785, 3.349949359893799, -5.842609882354736, -0.25924399495124817, -0.5950761437416077, -2.1148736476898193, 24.43391990661621, -4.610434532165527, -1.2361793518066406, 7.804588317871094, 1.3338425159454346, 4.972846031188965, -0.3492642045021057, 4.469399452209473], [-4.457319736480713, -0.8192170262336731, -0.29283612966537476, -1.2966920137405396, -1.1879119873046875, -3.9886510372161865, 2.7868399620056152, -3.6515941619873047, 0.6125777363777161, -0.45510655641555786, -1.5135329961776733, 1.116286277770996, -1.3038865327835083, -4.610434532165527, 18.407421112060547, 2.733757734298706, -11.792411804199219, -1.8562757968902588, -4.2605695724487305, -6.520037651062012, -0.07351091504096985], [4.766995906829834, -4.585967063903809, 7.353291034698486, -1.3654398918151855, 0.8130580186843872, 2.0569987297058105, 0.688810408115387, -1.5578933954238892, -0.8545918464660645, 2.841777801513672, -1.3852794170379639, 10.390871047973633, 2.75510835647583, -1.2361793518066406, 2.733757734298706, 16.65306282043457, 2.046330451965332, 1.9169893264770508, 4.503612041473389, -1.2660833597183228, 10.787976264953613], [8.396296501159668, 6.054871082305908, 1.186286449432373, -5.506364822387695, 8.860197067260742, 4.658178806304932, -2.616051197052002, 8.159916877746582, -0.9868823289871216, 10.503154754638672, -3.368704319000244, 1.6142984628677368, 7.950592517852783, 7.804587364196777, -11.792409896850586, 2.046330213546753, 35.10124206542969, -0.6953576803207397, 0.20872163772583008, 14.279914855957031, 11.55622673034668], [3.352100133895874, -2.148033857345581, -0.6032230854034424, 2.50246524810791, -0.10404706746339798, 7.073694229125977, -4.857374668121338, -1.2047159671783447, -7.70009708404541, -3.104175329208374, -0.176680788397789, -2.4186387062072754, -0.54215008020401, 1.3338426351547241, -1.8562761545181274, 1.9169889688491821, -0.6953576803207397, 22.240657806396484, 1.0483949184417725, -1.113526701927185, -1.9387601613998413], [0.8524763584136963, 0.4891561269760132, 3.5564284324645996, 1.3651983737945557, 9.043660163879395, -2.1800947189331055, 0.7349017262458801, 3.8281078338623047, 4.625563144683838, 3.0133590698242188, 0.7274197936058044, 8.852807998657227, -2.198833703994751, 4.972846508026123, -4.260570049285889, 4.5036115646362305, 0.20872163772583008, 1.0483949184417725, 26.43507957458496, 8.20645809173584, 2.0028393268585205], [4.466696739196777, -0.8322776556015015, -3.104297399520874, 1.033259391784668, 6.742305755615234, -0.6703250408172607, 1.8840748071670532, 4.913949966430664, 1.4680248498916626, 6.786304950714111, -0.5512409806251526, 1.5492651462554932, 6.13495397567749, -0.349264532327652, -6.52003812789917, -1.2660832405090332, 14.279914855957031, -1.113526701927185, 8.20645809173584, 17.562744140625, 0.44061294198036194], [4.761109352111816, 1.1635158061981201, 4.656744003295898, -1.823201060295105, 7.755586624145508, -5.9772186279296875, -4.08120059967041, 9.010835647583008, 1.5512248277664185, 2.9082326889038086, -7.197089195251465, 5.077240943908691, 6.230929374694824, 4.469398498535156, -0.07351112365722656, 10.787976264953613, 11.55622673034668, -1.9387600421905518, 2.0028388500213623, 0.4406128525733948, 29.51171112060547]], "type": "heatmap"}], "layout": {"template": {"data": {"histogram2dcontour": [{"type": "histogram2dcontour", "colorbar": {"outlinewidth": 0, "ticks": ""}, "colorscale": [[0.0, "#0d0887"], [0.1111111111111111, "#46039f"], [0.2222222222222222, "#7201a8"], [0.3333333333333333, "#9c179e"], [0.4444444444444444, "#bd3786"], [0.5555555555555556, "#d8576b"], [0.6666666666666666, "#ed7953"], [0.7777777777777778, "#fb9f3a"], [0.8888888888888888, "#fdca26"], [1.0, "#f0f921"]]}], "choropleth": [{"type": "choropleth", "colorbar": {"outlinewidth": 0, "ticks": ""}}], "histogram2d": [{"type": "histogram2d", "colorbar": {"outlinewidth": 0, "ticks": ""}, "colorscale": [[0.0, "#0d0887"], [0.1111111111111111, "#46039f"], [0.2222222222222222, "#7201a8"], [0.3333333333333333, "#9c179e"], [0.4444444444444444, "#bd3786"], [0.5555555555555556, "#d8576b"], [0.6666666666666666, "#ed7953"], [0.7777777777777778, "#fb9f3a"], [0.8888888888888888, "#fdca26"], [1.0, "#f0f921"]]}], "heatmap": [{"type": "heatmap", "colorbar": {"outlinewidth": 0, "ticks": ""}, "colorscale": [[0.0, "#0d0887"], [0.1111111111111111, "#46039f"], [0.2222222222222222, "#7201a8"], [0.3333333333333333, "#9c179e"], [0.4444444444444444, "#bd3786"], [0.5555555555555556, "#d8576b"], [0.6666666666666666, "#ed7953"], [0.7777777777777778, "#fb9f3a"], [0.8888888888888888, "#fdca26"], [1.0, "#f0f921"]]}], "heatmapgl": [{"type": "heatmapgl", "colorbar": {"outlinewidth": 0, "ticks": ""}, "colorscale": [[0.0, "#0d0887"], [0.1111111111111111, "#46039f"], [0.2222222222222222, "#7201a8"], [0.3333333333333333, "#9c179e"], [0.4444444444444444, "#bd3786"], [0.5555555555555556, "#d8576b"], [0.6666666666666666, "#ed7953"], [0.7777777777777778, "#fb9f3a"], [0.8888888888888888, "#fdca26"], [1.0, "#f0f921"]]}], "contourcarpet": [{"type": "contourcarpet", "colorbar": {"outlinewidth": 0, "ticks": ""}}], "contour": [{"type": "contour", "colorbar": {"outlinewidth": 0, "ticks": ""}, "colorscale": [[0.0, "#0d0887"], [0.1111111111111111, "#46039f"], [0.2222222222222222, "#7201a8"], [0.3333333333333333, "#9c179e"], [0.4444444444444444, "#bd3786"], [0.5555555555555556, "#d8576b"], [0.6666666666666666, "#ed7953"], [0.7777777777777778, "#fb9f3a"], [0.8888888888888888, "#fdca26"], [1.0, "#f0f921"]]}], "surface": [{"type": "surface", "colorbar": {"outlinewidth": 0, "ticks": ""}, "colorscale": [[0.0, "#0d0887"], [0.1111111111111111, "#46039f"], [0.2222222222222222, "#7201a8"], [0.3333333333333333, "#9c179e"], [0.4444444444444444, "#bd3786"], [0.5555555555555556, "#d8576b"], [0.6666666666666666, "#ed7953"], [0.7777777777777778, "#fb9f3a"], [0.8888888888888888, "#fdca26"], [1.0, "#f0f921"]]}], "mesh3d": [{"type": "mesh3d", "colorbar": {"outlinewidth": 0, "ticks": ""}}], "scatter": [{"fillpattern": {"fillmode": "overlay", "size": 10, "solidity": 0.2}, "type": "scatter"}], "parcoords": [{"type": "parcoords", "line": {"colorbar": {"outlinewidth": 0, "ticks": ""}}}], "scatterpolargl": [{"type": "scatterpolargl", "marker": {"colorbar": {"outlinewidth": 0, "ticks": ""}}}], "bar": [{"error_x": {"color": "#2a3f5f"}, "error_y": {"color": "#2a3f5f"}, "marker": {"line": {"color": "#E5ECF6", "width": 0.5}, "pattern": {"fillmode": "overlay", "size": 10, "solidity": 0.2}}, "type": "bar"}], "scattergeo": [{"type": "scattergeo", "marker": {"colorbar": {"outlinewidth": 0, "ticks": ""}}}], "scatterpolar": [{"type": "scatterpolar", "marker": {"colorbar": {"outlinewidth": 0, "ticks": ""}}}], "histogram": [{"marker": {"pattern": {"fillmode": "overlay", "size": 10, "solidity": 0.2}}, "type": "histogram"}], "scattergl": [{"type": "scattergl", "marker": {"colorbar": {"outlinewidth": 0, "ticks": ""}}}], "scatter3d": [{"type": "scatter3d", "line": {"colorbar": {"outlinewidth": 0, "ticks": ""}}, "marker": {"colorbar": {"outlinewidth": 0, "ticks": ""}}}], "scattermapbox": [{"type": "scattermapbox", "marker": {"colorbar": {"outlinewidth": 0, "ticks": ""}}}], "scatterternary": [{"type": "scatterternary", "marker": {"colorbar": {"outlinewidth": 0, "ticks": ""}}}], "scattercarpet": [{"type": "scattercarpet", "marker": {"colorbar": {"outlinewidth": 0, "ticks": ""}}}], "carpet": [{"aaxis": {"endlinecolor": "#2a3f5f", "gridcolor": "white", "linecolor": "white", "minorgridcolor": "white", "startlinecolor": "#2a3f5f"}, "baxis": {"endlinecolor": "#2a3f5f", "gridcolor": "white", "linecolor": "white", "minorgridcolor": "white", "startlinecolor": "#2a3f5f"}, "type": "carpet"}], "table": [{"cells": {"fill": {"color": "#EBF0F8"}, "line": {"color": "white"}}, "header": {"fill": {"color": "#C8D4E3"}, "line": {"color": "white"}}, "type": "table"}], "barpolar": [{"marker": {"line": {"color": "#E5ECF6", "width": 0.5}, "pattern": {"fillmode": "overlay", "size": 10, "solidity": 0.2}}, "type": "barpolar"}], "pie": [{"automargin": true, "type": "pie"}]}, "layout": {"autotypenumbers": "strict", "colorway": ["#636efa", "#EF553B", "#00cc96", "#ab63fa", "#FFA15A", "#19d3f3", "#FF6692", "#B6E880", "#FF97FF", "#FECB52"], "font": {"color": "#2a3f5f"}, "hovermode": "closest", "hoverlabel": {"align": "left"}, "paper_bgcolor": "white", "plot_bgcolor": "#E5ECF6", "polar": {"bgcolor": "#E5ECF6", "angularaxis": {"gridcolor": "white", "linecolor": "white", "ticks": ""}, "radialaxis": {"gridcolor": "white", "linecolor": "white", "ticks": ""}}, "ternary": {"bgcolor": "#E5ECF6", "aaxis": {"gridcolor": "white", "linecolor": "white", "ticks": ""}, "baxis": {"gridcolor": "white", "linecolor": "white", "ticks": ""}, "caxis": {"gridcolor": "white", "linecolor": "white", "ticks": ""}}, "coloraxis": {"colorbar": {"outlinewidth": 0, "ticks": ""}}, "colorscale": {"sequential": [[0.0, "#0d0887"], [0.1111111111111111, "#46039f"], [0.2222222222222222, "#7201a8"], [0.3333333333333333, "#9c179e"], [0.4444444444444444, "#bd3786"], [0.5555555555555556, "#d8576b"], [0.6666666666666666, "#ed7953"], [0.7777777777777778, "#fb9f3a"], [0.8888888888888888, "#fdca26"], [1.0, "#f0f921"]], "sequentialminus": [[0.0, "#0d0887"], [0.1111111111111111, "#46039f"], [0.2222222222222222, "#7201a8"], [0.3333333333333333, "#9c179e"], [0.4444444444444444, "#bd3786"], [0.5555555555555556, "#d8576b"], [0.6666666666666666, "#ed7953"], [0.7777777777777778, "#fb9f3a"], [0.8888888888888888, "#fdca26"], [1.0, "#f0f921"]], "diverging": [[0, "#8e0152"], [0.1, "#c51b7d"], [0.2, "#de77ae"], [0.3, "#f1b6da"], [0.4, "#fde0ef"], [0.5, "#f7f7f7"], [0.6, "#e6f5d0"], [0.7, "#b8e186"], [0.8, "#7fbc41"], [0.9, "#4d9221"], [1, "#276419"]]}, "xaxis": {"gridcolor": "white", "linecolor": "white", "ticks": "", "title": {"standoff": 15}, "zerolinecolor": "white", "automargin": true, "zerolinewidth": 2}, "yaxis": {"gridcolor": "white", "linecolor": "white", "ticks": "", "title": {"standoff": 15}, "zerolinecolor": "white", "automargin": true, "zerolinewidth": 2}, "scene": {"xaxis": {"backgroundcolor": "#E5ECF6", "gridcolor": "white", "linecolor": "white", "showbackground": true, "ticks": "", "zerolinecolor": "white", "gridwidth": 2}, "yaxis": {"backgroundcolor": "#E5ECF6", "gridcolor": "white", "linecolor": "white", "showbackground": true, "ticks": "", "zerolinecolor": "white", "gridwidth": 2}, "zaxis": {"backgroundcolor": "#E5ECF6", "gridcolor": "white", "linecolor": "white", "showbackground": true, "ticks": "", "zerolinecolor": "white", "gridwidth": 2}}, "shapedefaults": {"line": {"color": "#2a3f5f"}}, "annotationdefaults": {"arrowcolor": "#2a3f5f", "arrowhead": 0, "arrowwidth": 1}, "geo": {"bgcolor": "white", "landcolor": "#E5ECF6", "subunitcolor": "white", "showland": true, "showlakes": true, "lakecolor": "white"}, "title": {"x": 0.05}, "mapbox": {"style": "light"}}}}}