{"data": [{"z": [[17.743558883666992, -4.372225761413574, -2.233285427093506, 4.929506778717041, 4.006514072418213, 7.798228740692139, 4.1988677978515625, 1.3297417163848877, -1.182110071182251, 11.553696632385254, -4.329798221588135, 7.81156063079834, 7.978429317474365, -0.33416515588760376, -4.457467555999756, 4.766773700714111, 8.396257400512695, 3.3520402908325195, 0.8523805737495422, 4.466658592224121, 4.760781764984131], [-4.372225761413574, 27.164113998413086, 0.9066501259803772, -5.072649955749512, 1.7757306098937988, -5.916790008544922, -0.35726797580718994, 6.2730326652526855, 8.6185884475708, -5.682694435119629, 1.2849632501602173, -5.48243522644043, -5.414350986480713, 8.587333679199219, -0.8192262053489685, -4.586007595062256, 6.05476713180542, -2.1480369567871094, 0.4890700578689575, -0.8321002721786499, 1.1634975671768188], [-2.233285427093506, 0.9066501259803772, 31.890708923339844, -0.5646420121192932, -2.8141674995422363, 2.412107467651367, -0.23124955594539642, 7.3086347579956055, -1.25961434841156, -1.3645000457763672, 2.3841190338134766, -4.318640232086182, -1.262811541557312, 5.954374313354492, -0.29272931814193726, 7.353250026702881, 1.1862457990646362, -0.6032121181488037, 3.556443452835083, -3.1040709018707275, 4.656834125518799], [4.929506778717041, -5.072649955749512, -0.5646420121192932, 25.7634220123291, 0.7120023965835571, 4.5776591300964355, -1.6105998754501343, -2.532341718673706, -2.980677843093872, 8.910418510437012, -0.8857671022415161, -2.8006834983825684, 8.719035148620605, -1.4020922183990479, -1.2964638471603394, -1.3653228282928467, -5.506590843200684, 2.5026702880859375, 1.3649981021881104, 1.03350830078125, -1.8230626583099365], [4.006514072418213, 1.7757306098937988, -2.8141674995422363, 0.7120023965835571, 27.617244720458984, 1.0005159378051758, -1.9481663703918457, 2.980365514755249, -1.99946129322052, 6.8852386474609375, -7.115422248840332, -1.4982030391693115, -1.6553618907928467, -2.463505268096924, -1.1876375675201416, 0.8131124973297119, 8.860133171081543, -0.10393291711807251, 9.043558120727539, 6.742467880249023, 7.755890369415283], [7.798228740692139, -5.916790008544922, 2.412107467651367, 4.5776591300964355, 1.0005159378051758, 19.84051513671875, 2.1543309688568115, -6.230132579803467, -8.450654983520508, 9.117151260375977, 0.9683492183685303, 3.9447460174560547, 2.2489161491394043, -0.696182131767273, -3.9882328510284424, 2.0573034286499023, 4.65806770324707, 7.073884963989258, -2.1798148155212402, -0.6700650453567505, -5.97684907913208], [4.1988677978515625, -0.35726797580718994, -0.23124955594539642, -1.6105998754501343, -1.9481663703918457, 2.1543309688568115, 17.744482040405273, 3.2538347244262695, 6.00862979888916, 2.983945608139038, 3.7487916946411133, 4.71254301071167, -1.6785615682601929, 0.3685547411441803, 2.78666615486145, 0.6887091994285583, -2.6160404682159424, -4.857386589050293, 0.7347843050956726, 1.88383150100708, -4.081438064575195], [1.3297417163848877, 6.2730326652526855, 7.3086347579956055, -2.532341718673706, 2.980365514755249, -6.230132579803467, 3.2538347244262695, 20.314903259277344, 4.090649127960205, -1.0230045318603516, 6.857500076293945, -6.305581092834473, -1.5940420627593994, 6.539709091186523, -3.651254177093506, -1.557705283164978, 8.15977954864502, -1.2044745683670044, 3.828226089477539, 4.914319038391113, 9.011175155639648], [-1.182110071182251, 8.6185884475708, -1.25961434841156, -2.980677843093872, -1.99946129322052, -8.450654983520508, 6.00862979888916, 4.090649127960205, 18.439891815185547, -1.070557951927185, 2.942950487136841, -0.24755741655826569, -2.185720682144165, 3.350053071975708, 0.6128698587417603, -0.854397177696228, -0.9871623516082764, -7.700009822845459, 4.625581741333008, 1.4683558940887451, 1.5515495538711548], [11.553696632385254, -5.682694435119629, -1.3645000457763672, 8.910418510437012, 6.8852386474609375, 9.117151260375977, 2.983945608139038, -1.0230045318603516, -1.070557951927185, 26.491764068603516, -4.999355792999268, 5.62677001953125, 13.972332000732422, -5.842581272125244, -0.45531928539276123, 2.841513156890869, 10.503097534179688, -3.1041884422302246, 3.0131804943084717, 6.7863593101501465, 2.9078872203826904], [-4.329798221588135, 1.2849632501602173, 2.3841190338134766, -0.8857671022415161, -7.115422248840332, 0.9683492183685303, 3.7487916946411133, 6.857500076293945, 2.942950487136841, -4.999355792999268, 21.53251075744629, -4.634607791900635, -7.705834865570068, -0.2590450048446655, -1.5133954286575317, -1.3851994276046753, -3.368706703186035, -0.1765972375869751, 0.7274167537689209, -0.5508688688278198, -7.196874141693115], [7.81156063079834, -5.48243522644043, -4.318640232086182, -2.8006834983825684, -1.4982030391693115, 3.9447460174560547, 4.71254301071167, -6.305581092834473, -0.24755741655826569, 5.62677001953125, -4.634607791900635, 27.917102813720703, 0.314818799495697, -0.5951068997383118, 1.1165870428085327, 10.390900611877441, 1.6143559217453003, -2.4185125827789307, 8.852871894836426, 1.5493022203445435, 5.077539920806885], [7.978429317474365, -5.414350986480713, -1.262811541557312, 8.719035148620605, -1.6553618907928467, 2.2489161491394043, -1.6785615682601929, -1.5940420627593994, -2.185720682144165, 13.972332000732422, -7.705834865570068, 0.314818799495697, 21.82731819152832, -2.1147899627685547, -1.3034816980361938, 2.755328893661499, 7.950533390045166, -0.5419902801513672, -2.1986589431762695, 6.135065078735352, 6.23134183883667], [-0.33416515588760376, 8.587333679199219, 5.954374313354492, -1.4020922183990479, -2.463505268096924, -0.696182131767273, 0.3685547411441803, 6.539709091186523, 3.350053071975708, -5.842581272125244, -0.2590450048446655, -0.5951068997383118, -2.1147899627685547, 24.43423080444336, -4.610376358032227, -1.2362825870513916, 7.804497241973877, 1.333848476409912, 4.972681999206543, -0.34895896911621094, 4.4693498611450195], [-4.457467555999756, -0.8192262053489685, -0.29272931814193726, -1.2964638471603394, -1.1876375675201416, -3.9882328510284424, 2.78666615486145, -3.651254177093506, 0.6128698587417603, -0.45531928539276123, -1.5133954286575317, 1.1165870428085327, -1.3034816980361938, -4.610376358032227, 18.407732009887695, 2.733900308609009, -11.792390823364258, -1.8560380935668945, -4.260546684265137, -6.51982307434082, -0.07332625985145569], [4.766773700714111, -4.586007595062256, 7.353250026702881, -1.3653228282928467, 0.8131124973297119, 2.0573034286499023, 0.6887091994285583, -1.557705283164978, -0.854397177696228, 2.841513156890869, -1.3851994276046753, 10.390900611877441, 2.755328893661499, -1.2362825870513916, 2.733900308609009, 16.653118133544922, 2.046367883682251, 1.9171068668365479, 4.5035552978515625, -1.2661393880844116, 10.787946701049805], [8.396255493164062, 6.0547661781311035, 1.1862465143203735, -5.506591320037842, 8.86013412475586, 4.65806770324707, -2.6160407066345215, 8.159780502319336, -0.9871630668640137, 10.503096580505371, -3.3687071800231934, 1.6143563985824585, 7.95053243637085, 7.804498672485352, -11.792390823364258, 2.0463671684265137, 35.10099792480469, -0.695320725440979, 0.20862722396850586, 14.279743194580078, 11.556124687194824], [3.352041006088257, -2.148036479949951, -0.6032120585441589, 2.5026700496673584, -0.10393297672271729, 7.073884963989258, -4.857386112213135, -1.2044744491577148, -7.700009346008301, -3.104189157485962, -0.1765975058078766, -2.4185125827789307, -0.5419901609420776, 1.3338477611541748, -1.8560376167297363, 1.917107105255127, -0.695320725440979, 22.240802764892578, 1.0485162734985352, -1.1134405136108398, -1.9386160373687744], [0.8523805141448975, 0.4890700876712799, 3.556443452835083, 1.3649988174438477, 9.043558120727539, -2.179814577102661, 0.7347842454910278, 3.828226089477539, 4.625581741333008, 3.013180732727051, 0.7274172902107239, 8.852871894836426, -2.1986587047576904, 4.972681522369385, -4.260547637939453, 4.5035552978515625, 0.20862722396850586, 1.0485162734985352, 26.43500328063965, 8.206174850463867, 2.002619981765747], [4.466658115386963, -0.8321000933647156, -3.1040713787078857, 1.0335079431533813, 6.742467880249023, -0.6700652241706848, 1.8838317394256592, 4.914318561553955, 1.4683561325073242, 6.7863593101501465, -0.5508691668510437, 1.5493022203445435, 6.135066509246826, -0.34895914793014526, -6.51982307434082, -1.2661391496658325, 14.279743194580078, -1.1134405136108398, 8.206174850463867, 17.563365936279297, 0.4406292736530304], [4.760781288146973, 1.1634972095489502, 4.656834602355957, -1.823062777519226, 7.755891799926758, -5.976849555969238, -4.081437587738037, 9.011175155639648, 1.551548957824707, 2.9078874588012695, -7.196873188018799, 5.077539920806885, 6.231341361999512, 4.469350814819336, -0.07332754135131836, 10.787946701049805, 11.556123733520508, -1.9386169910430908, 2.002619743347168, 0.44062912464141846, 29.51171112060547]], "type": "heatmap"}], "layout": {"template": {"data": {"histogram2dcontour": [{"type": "histogram2dcontour", "colorbar": {"outlinewidth": 0, "ticks": ""}, "colorscale": [[0.0, "#0d0887"], [0.1111111111111111, "#46039f"], [0.2222222222222222, "#7201a8"], [0.3333333333333333, "#9c179e"], [0.4444444444444444, "#bd3786"], [0.5555555555555556, "#d8576b"], [0.6666666666666666, "#ed7953"], [0.7777777777777778, "#fb9f3a"], [0.8888888888888888, "#fdca26"], [1.0, "#f0f921"]]}], "choropleth": [{"type": "choropleth", "colorbar": {"outlinewidth": 0, "ticks": ""}}], "histogram2d": [{"type": "histogram2d", "colorbar": {"outlinewidth": 0, "ticks": ""}, "colorscale": [[0.0, "#0d0887"], [0.1111111111111111, "#46039f"], [0.2222222222222222, "#7201a8"], [0.3333333333333333, "#9c179e"], [0.4444444444444444, "#bd3786"], [0.5555555555555556, "#d8576b"], [0.6666666666666666, "#ed7953"], [0.7777777777777778, "#fb9f3a"], [0.8888888888888888, "#fdca26"], [1.0, "#f0f921"]]}], "heatmap": [{"type": "heatmap", "colorbar": {"outlinewidth": 0, "ticks": ""}, "colorscale": [[0.0, "#0d0887"], [0.1111111111111111, "#46039f"], [0.2222222222222222, "#7201a8"], [0.3333333333333333, "#9c179e"], [0.4444444444444444, "#bd3786"], [0.5555555555555556, "#d8576b"], [0.6666666666666666, "#ed7953"], [0.7777777777777778, "#fb9f3a"], [0.8888888888888888, "#fdca26"], [1.0, "#f0f921"]]}], "heatmapgl": [{"type": "heatmapgl", "colorbar": {"outlinewidth": 0, "ticks": ""}, "colorscale": [[0.0, "#0d0887"], [0.1111111111111111, "#46039f"], [0.2222222222222222, "#7201a8"], [0.3333333333333333, "#9c179e"], [0.4444444444444444, "#bd3786"], [0.5555555555555556, "#d8576b"], [0.6666666666666666, "#ed7953"], [0.7777777777777778, "#fb9f3a"], [0.8888888888888888, "#fdca26"], [1.0, "#f0f921"]]}], "contourcarpet": [{"type": "contourcarpet", "colorbar": {"outlinewidth": 0, "ticks": ""}}], "contour": [{"type": "contour", "colorbar": {"outlinewidth": 0, "ticks": ""}, "colorscale": [[0.0, "#0d0887"], [0.1111111111111111, "#46039f"], [0.2222222222222222, "#7201a8"], [0.3333333333333333, "#9c179e"], [0.4444444444444444, "#bd3786"], [0.5555555555555556, "#d8576b"], [0.6666666666666666, "#ed7953"], [0.7777777777777778, "#fb9f3a"], [0.8888888888888888, "#fdca26"], [1.0, "#f0f921"]]}], "surface": [{"type": "surface", "colorbar": {"outlinewidth": 0, "ticks": ""}, "colorscale": [[0.0, "#0d0887"], [0.1111111111111111, "#46039f"], [0.2222222222222222, "#7201a8"], [0.3333333333333333, "#9c179e"], [0.4444444444444444, "#bd3786"], [0.5555555555555556, "#d8576b"], [0.6666666666666666, "#ed7953"], [0.7777777777777778, "#fb9f3a"], [0.8888888888888888, "#fdca26"], [1.0, "#f0f921"]]}], "mesh3d": [{"type": "mesh3d", "colorbar": {"outlinewidth": 0, "ticks": ""}}], "scatter": [{"fillpattern": {"fillmode": "overlay", "size": 10, "solidity": 0.2}, "type": "scatter"}], "parcoords": [{"type": "parcoords", "line": {"colorbar": {"outlinewidth": 0, "ticks": ""}}}], "scatterpolargl": [{"type": "scatterpolargl", "marker": {"colorbar": {"outlinewidth": 0, "ticks": ""}}}], "bar": [{"error_x": {"color": "#2a3f5f"}, "error_y": {"color": "#2a3f5f"}, "marker": {"line": {"color": "#E5ECF6", "width": 0.5}, "pattern": {"fillmode": "overlay", "size": 10, "solidity": 0.2}}, "type": "bar"}], "scattergeo": [{"type": "scattergeo", "marker": {"colorbar": {"outlinewidth": 0, "ticks": ""}}}], "scatterpolar": [{"type": "scatterpolar", "marker": {"colorbar": {"outlinewidth": 0, "ticks": ""}}}], "histogram": [{"marker": {"pattern": {"fillmode": "overlay", "size": 10, "solidity": 0.2}}, "type": "histogram"}], "scattergl": [{"type": "scattergl", "marker": {"colorbar": {"outlinewidth": 0, "ticks": ""}}}], "scatter3d": [{"type": "scatter3d", "line": {"colorbar": {"outlinewidth": 0, "ticks": ""}}, "marker": {"colorbar": {"outlinewidth": 0, "ticks": ""}}}], "scattermapbox": [{"type": "scattermapbox", "marker": {"colorbar": {"outlinewidth": 0, "ticks": ""}}}], "scatterternary": [{"type": "scatterternary", "marker": {"colorbar": {"outlinewidth": 0, "ticks": ""}}}], "scattercarpet": [{"type": "scattercarpet", "marker": {"colorbar": {"outlinewidth": 0, "ticks": ""}}}], "carpet": [{"aaxis": {"endlinecolor": "#2a3f5f", "gridcolor": "white", "linecolor": "white", "minorgridcolor": "white", "startlinecolor": "#2a3f5f"}, "baxis": {"endlinecolor": "#2a3f5f", "gridcolor": "white", "linecolor": "white", "minorgridcolor": "white", "startlinecolor": "#2a3f5f"}, "type": "carpet"}], "table": [{"cells": {"fill": {"color": "#EBF0F8"}, "line": {"color": "white"}}, "header": {"fill": {"color": "#C8D4E3"}, "line": {"color": "white"}}, "type": "table"}], "barpolar": [{"marker": {"line": {"color": "#E5ECF6", "width": 0.5}, "pattern": {"fillmode": "overlay", "size": 10, "solidity": 0.2}}, "type": "barpolar"}], "pie": [{"automargin": true, "type": "pie"}]}, "layout": {"autotypenumbers": "strict", "colorway": ["#636efa", "#EF553B", "#00cc96", "#ab63fa", "#FFA15A", "#19d3f3", "#FF6692", "#B6E880", "#FF97FF", "#FECB52"], "font": {"color": "#2a3f5f"}, "hovermode": "closest", "hoverlabel": {"align": "left"}, "paper_bgcolor": "white", "plot_bgcolor": "#E5ECF6", "polar": {"bgcolor": "#E5ECF6", "angularaxis": {"gridcolor": "white", "linecolor": "white", "ticks": ""}, "radialaxis": {"gridcolor": "white", "linecolor": "white", "ticks": ""}}, "ternary": {"bgcolor": "#E5ECF6", "aaxis": {"gridcolor": "white", "linecolor": "white", "ticks": ""}, "baxis": {"gridcolor": "white", "linecolor": "white", "ticks": ""}, "caxis": {"gridcolor": "white", "linecolor": "white", "ticks": ""}}, "coloraxis": {"colorbar": {"outlinewidth": 0, "ticks": ""}}, "colorscale": {"sequential": [[0.0, "#0d0887"], [0.1111111111111111, "#46039f"], [0.2222222222222222, "#7201a8"], [0.3333333333333333, "#9c179e"], [0.4444444444444444, "#bd3786"], [0.5555555555555556, "#d8576b"], [0.6666666666666666, "#ed7953"], [0.7777777777777778, "#fb9f3a"], [0.8888888888888888, "#fdca26"], [1.0, "#f0f921"]], "sequentialminus": [[0.0, "#0d0887"], [0.1111111111111111, "#46039f"], [0.2222222222222222, "#7201a8"], [0.3333333333333333, "#9c179e"], [0.4444444444444444, "#bd3786"], [0.5555555555555556, "#d8576b"], [0.6666666666666666, "#ed7953"], [0.7777777777777778, "#fb9f3a"], [0.8888888888888888, "#fdca26"], [1.0, "#f0f921"]], "diverging": [[0, "#8e0152"], [0.1, "#c51b7d"], [0.2, "#de77ae"], [0.3, "#f1b6da"], [0.4, "#fde0ef"], [0.5, "#f7f7f7"], [0.6, "#e6f5d0"], [0.7, "#b8e186"], [0.8, "#7fbc41"], [0.9, "#4d9221"], [1, "#276419"]]}, "xaxis": {"gridcolor": "white", "linecolor": "white", "ticks": "", "title": {"standoff": 15}, "zerolinecolor": "white", "automargin": true, "zerolinewidth": 2}, "yaxis": {"gridcolor": "white", "linecolor": "white", "ticks": "", "title": {"standoff": 15}, "zerolinecolor": "white", "automargin": true, "zerolinewidth": 2}, "scene": {"xaxis": {"backgroundcolor": "#E5ECF6", "gridcolor": "white", "linecolor": "white", "showbackground": true, "ticks": "", "zerolinecolor": "white", "gridwidth": 2}, "yaxis": {"backgroundcolor": "#E5ECF6", "gridcolor": "white", "linecolor": "white", "showbackground": true, "ticks": "", "zerolinecolor": "white", "gridwidth": 2}, "zaxis": {"backgroundcolor": "#E5ECF6", "gridcolor": "white", "linecolor": "white", "showbackground": true, "ticks": "", "zerolinecolor": "white", "gridwidth": 2}}, "shapedefaults": {"line": {"color": "#2a3f5f"}}, "annotationdefaults": {"arrowcolor": "#2a3f5f", "arrowhead": 0, "arrowwidth": 1}, "geo": {"bgcolor": "white", "landcolor": "#E5ECF6", "subunitcolor": "white", "showland": true, "showlakes": true, "lakecolor": "white"}, "title": {"x": 0.05}, "mapbox": {"style": "light"}}}}}