{"data": [{"z": [[17.74355697631836, -4.372220993041992, -2.2332797050476074, 4.929495334625244, 4.006507396697998, 7.798216342926025, 4.198853492736816, 1.3297401666641235, -1.1821130514144897, 11.553698539733887, -4.3297905921936035, 7.811540126800537, 7.978425025939941, -0.3341585397720337, -4.457479953765869, 4.766753196716309, 8.396257400512695, 3.3520359992980957, 0.8523718118667603, 4.4666523933410645, 4.760753631591797], [-4.372220993041992, 27.164125442504883, 0.9066596031188965, -5.072654724121094, 1.7757383584976196, -5.916797161102295, -0.3572732210159302, 6.273036479949951, 8.618578910827637, -5.682694435119629, 1.2849719524383545, -5.482428550720215, -5.414345741271973, 8.587340354919434, -0.8192276954650879, -4.586015701293945, 6.054759502410889, -2.14802885055542, 0.4890633821487427, -0.8320902585983276, 1.1634997129440308], [-2.2332797050476074, 0.9066596031188965, 31.890718460083008, -0.5646340250968933, -2.814160108566284, 2.4121148586273193, -0.231260746717453, 7.30865478515625, -1.2595993280410767, -1.364505410194397, 2.384136199951172, -4.318625450134277, -1.2627917528152466, 5.954383850097656, -0.2927218973636627, 7.353245735168457, 1.186246395111084, -0.6032160520553589, 3.5564370155334473, -3.1040561199188232, 4.656832695007324], [4.929495334625244, -5.072654724121094, -0.5646340250968933, 25.763429641723633, 0.7120206356048584, 4.577695846557617, -1.6106122732162476, -2.532322883605957, -2.980656385421753, 8.910398483276367, -0.8857569694519043, -2.8006527423858643, 8.71906566619873, -1.4020730257034302, -1.296438455581665, -1.3653101921081543, -5.5066094398498535, 2.502681255340576, 1.3649928569793701, 1.0335211753845215, -1.823044776916504], [4.006507396697998, 1.7757383584976196, -2.814160108566284, 0.7120206356048584, 27.61726951599121, 1.0005340576171875, -1.9481689929962158, 2.9803872108459473, -1.9994385242462158, 6.885227680206299, -7.115401268005371, -1.498181939125061, -1.6553375720977783, -2.4634897708892822, -1.1876139640808105, 0.8131154775619507, 8.860126495361328, -0.10393103957176208, 9.043551445007324, 6.742476940155029, 7.755913257598877], [7.798216342926025, -5.916797161102295, 2.4121148586273193, 4.577695846557617, 1.0005340576171875, 19.840560913085938, 2.1543333530426025, -6.230101108551025, -8.450629234313965, 9.11715030670166, 0.9683522582054138, 3.9447779655456543, 2.248943567276001, -0.6961621642112732, -3.9881932735443115, 2.0573275089263916, 4.65806245803833, 7.07388973236084, -2.179786205291748, -0.6700482368469238, -5.976815223693848], [4.198853492736816, -0.3572732210159302, -0.231260746717453, -1.6106122732162476, -1.9481689929962158, 2.1543333530426025, 17.744483947753906, 3.2538375854492188, 6.008619785308838, 2.983937978744507, 3.748781681060791, 4.712536334991455, -1.6785609722137451, 0.36854711174964905, 2.786656379699707, 0.6887005567550659, -2.6160407066345215, -4.857388973236084, 0.7347774505615234, 1.8838098049163818, -4.081456184387207], [1.3297401666641235, 6.273036479949951, 7.30865478515625, -2.532322883605957, 2.9803872108459473, -6.230101108551025, 3.2538375854492188, 20.31492805480957, 4.09066104888916, -1.022998332977295, 6.857513904571533, -6.305558204650879, -1.5940202474594116, 6.539726734161377, -3.6512222290039062, -1.557686686515808, 8.159767150878906, -1.2044512033462524, 3.8282389640808105, 4.914342403411865, 9.011205673217773], [-1.1821130514144897, 8.618578910827637, -1.2595993280410767, -2.980656385421753, -1.9994385242462158, -8.450629234313965, 6.008619785308838, 4.09066104888916, 18.439918518066406, -1.070571780204773, 2.9429612159729004, -0.24752788245677948, -2.185701847076416, 3.3500707149505615, 0.6128935217857361, -0.8543843626976013, -0.9871758222579956, -7.700007438659668, 4.625587463378906, 1.4683811664581299, 1.5515727996826172], [11.553698539733887, -5.682694435119629, -1.364505410194397, 8.910398483276367, 6.885227680206299, 9.11715030670166, 2.983937978744507, -1.022998332977295, -1.070571780204773, 26.491777420043945, -4.999355792999268, 5.62675142288208, 13.97232437133789, -5.842574596405029, -0.45533671975135803, 2.8414928913116455, 10.503093719482422, -3.1041951179504395, 3.013169288635254, 6.786358833312988, 2.907855987548828], [-4.3297905921936035, 1.2849719524383545, 2.384136199951172, -0.8857569694519043, -7.115401268005371, 0.9683522582054138, 3.748781681060791, 6.857513904571533, 2.9429612159729004, -4.999355792999268, 21.53253173828125, -4.634586334228516, -7.7058186531066895, -0.25902917981147766, -1.5133839845657349, -1.3851932287216187, -3.3687081336975098, -0.17658478021621704, 0.7274153232574463, -0.5508453249931335, -7.1968560218811035], [7.811540126800537, -5.482428550720215, -4.318625450134277, -2.8006527423858643, -1.498181939125061, 3.9447779655456543, 4.712536334991455, -6.305558204650879, -0.24752788245677948, 5.62675142288208, -4.634586334228516, 27.917125701904297, 0.3148582875728607, -0.595090925693512, 1.1166132688522339, 10.390900611877441, 1.6143723726272583, -2.418513774871826, 8.85287094116211, 1.5492957830429077, 5.0775604248046875], [7.978425025939941, -5.414345741271973, -1.2627917528152466, 8.71906566619873, -1.6553375720977783, 2.248943567276001, -1.6785609722137451, -1.5940202474594116, -2.185701847076416, 13.97232437133789, -7.7058186531066895, 0.3148582875728607, 21.827350616455078, -2.114776134490967, -1.30344557762146, 2.7553446292877197, 7.9505295753479, -0.5419814586639404, -2.1986403465270996, 6.135072708129883, 6.231375217437744], [-0.3341585397720337, 8.587340354919434, 5.954383850097656, -1.4020730257034302, -2.4634897708892822, -0.6961621642112732, 0.36854711174964905, 6.539726734161377, 3.3500707149505615, -5.842574596405029, -0.25902917981147766, -0.595090925693512, -2.114776134490967, 24.434253692626953, -4.610361576080322, -1.2362771034240723, 7.804491996765137, 1.3338570594787598, 4.972683906555176, -0.3489367365837097, 4.469365119934082], [-4.457479953765869, -0.8192276954650879, -0.2927218973636627, -1.296438455581665, -1.1876139640808105, -3.9881932735443115, 2.786656379699707, -3.6512222290039062, 0.6128935217857361, -0.45533671975135803, -1.5133839845657349, 1.1166132688522339, -1.30344557762146, -4.610361576080322, 18.40776824951172, 2.7339131832122803, -11.79238510131836, -1.8560235500335693, -4.260537147521973, -6.519808769226074, -0.07330387830734253], [4.766753196716309, -4.586015701293945, 7.353245735168457, -1.3653101921081543, 0.8131154775619507, 2.0573275089263916, 0.6887005567550659, -1.557686686515808, -0.8543843626976013, 2.8414928913116455, -1.3851932287216187, 10.390900611877441, 2.7553446292877197, -1.2362771034240723, 2.7339131832122803, 16.653121948242188, 2.046374559402466, 1.9171091318130493, 4.503556251525879, -1.266152024269104, 10.787945747375488], [8.396257400512695, 6.0547590255737305, 1.1862462759017944, -5.506608963012695, 8.860126495361328, 4.658061981201172, -2.6160402297973633, 8.159767150878906, -0.9871759414672852, 10.503093719482422, -3.3687081336975098, 1.6143720149993896, 7.950530052185059, 7.804491996765137, -11.79238510131836, 2.0463743209838867, 35.100975036621094, -0.6953119039535522, 0.2086191177368164, 14.279726028442383, 11.55612564086914], [3.3520357608795166, -2.148029327392578, -0.6032156348228455, 2.5026824474334717, -0.10393121838569641, 7.07388973236084, -4.8573899269104, -1.204451560974121, -7.700008392333984, -3.1041951179504395, -0.1765846312046051, -2.418513298034668, -0.5419818758964539, 1.3338568210601807, -1.8560236692428589, 1.9171090126037598, -0.6953119039535522, 22.24081039428711, 1.0485126972198486, -1.1134412288665771, -1.938614845275879], [0.8523716926574707, 0.489063560962677, 3.5564372539520264, 1.364992380142212, 9.043549537658691, -2.179786443710327, 0.7347774505615234, 3.828239917755127, 4.625587463378906, 3.013170003890991, 0.7274156212806702, 8.852871894836426, -2.1986405849456787, 4.972683429718018, -4.260537147521973, 4.503555774688721, 0.2086191177368164, 1.0485126972198486, 26.435001373291016, 8.206153869628906, 2.0026094913482666], [4.466651916503906, -0.8320909738540649, -3.104055881500244, 1.033521056175232, 6.742475986480713, -0.6700482964515686, 1.8838095664978027, 4.914342403411865, 1.468381404876709, 6.786358833312988, -0.5508449077606201, 1.5492957830429077, 6.135072708129883, -0.3489367365837097, -6.519809722900391, -1.2661516666412354, 14.279726028442383, -1.1134412288665771, 8.206153869628906, 17.56340789794922, 0.44061964750289917], [4.760754585266113, 1.1634995937347412, 4.656832695007324, -1.823044776916504, 7.755912780761719, -5.976815223693848, -4.081456184387207, 9.011205673217773, 1.5515729188919067, 2.907855987548828, -7.196856498718262, 5.077560901641846, 6.231375217437744, 4.469366073608398, -0.0733039379119873, 10.787946701049805, 11.55612564086914, -1.9386157989501953, 2.0026097297668457, 0.44061964750289917, 29.51171112060547]], "type": "heatmap"}], "layout": {"template": {"data": {"histogram2dcontour": [{"type": "histogram2dcontour", "colorbar": {"outlinewidth": 0, "ticks": ""}, "colorscale": [[0.0, "#0d0887"], [0.1111111111111111, "#46039f"], [0.2222222222222222, "#7201a8"], [0.3333333333333333, "#9c179e"], [0.4444444444444444, "#bd3786"], [0.5555555555555556, "#d8576b"], [0.6666666666666666, "#ed7953"], [0.7777777777777778, "#fb9f3a"], [0.8888888888888888, "#fdca26"], [1.0, "#f0f921"]]}], "choropleth": [{"type": "choropleth", "colorbar": {"outlinewidth": 0, "ticks": ""}}], "histogram2d": [{"type": "histogram2d", "colorbar": {"outlinewidth": 0, "ticks": ""}, "colorscale": [[0.0, "#0d0887"], [0.1111111111111111, "#46039f"], [0.2222222222222222, "#7201a8"], [0.3333333333333333, "#9c179e"], [0.4444444444444444, "#bd3786"], [0.5555555555555556, "#d8576b"], [0.6666666666666666, "#ed7953"], [0.7777777777777778, "#fb9f3a"], [0.8888888888888888, "#fdca26"], [1.0, "#f0f921"]]}], "heatmap": [{"type": "heatmap", "colorbar": {"outlinewidth": 0, "ticks": ""}, "colorscale": [[0.0, "#0d0887"], [0.1111111111111111, "#46039f"], [0.2222222222222222, "#7201a8"], [0.3333333333333333, "#9c179e"], [0.4444444444444444, "#bd3786"], [0.5555555555555556, "#d8576b"], [0.6666666666666666, "#ed7953"], [0.7777777777777778, "#fb9f3a"], [0.8888888888888888, "#fdca26"], [1.0, "#f0f921"]]}], "heatmapgl": [{"type": "heatmapgl", "colorbar": {"outlinewidth": 0, "ticks": ""}, "colorscale": [[0.0, "#0d0887"], [0.1111111111111111, "#46039f"], [0.2222222222222222, "#7201a8"], [0.3333333333333333, "#9c179e"], [0.4444444444444444, "#bd3786"], [0.5555555555555556, "#d8576b"], [0.6666666666666666, "#ed7953"], [0.7777777777777778, "#fb9f3a"], [0.8888888888888888, "#fdca26"], [1.0, "#f0f921"]]}], "contourcarpet": [{"type": "contourcarpet", "colorbar": {"outlinewidth": 0, "ticks": ""}}], "contour": [{"type": "contour", "colorbar": {"outlinewidth": 0, "ticks": ""}, "colorscale": [[0.0, "#0d0887"], [0.1111111111111111, "#46039f"], [0.2222222222222222, "#7201a8"], [0.3333333333333333, "#9c179e"], [0.4444444444444444, "#bd3786"], [0.5555555555555556, "#d8576b"], [0.6666666666666666, "#ed7953"], [0.7777777777777778, "#fb9f3a"], [0.8888888888888888, "#fdca26"], [1.0, "#f0f921"]]}], "surface": [{"type": "surface", "colorbar": {"outlinewidth": 0, "ticks": ""}, "colorscale": [[0.0, "#0d0887"], [0.1111111111111111, "#46039f"], [0.2222222222222222, "#7201a8"], [0.3333333333333333, "#9c179e"], [0.4444444444444444, "#bd3786"], [0.5555555555555556, "#d8576b"], [0.6666666666666666, "#ed7953"], [0.7777777777777778, "#fb9f3a"], [0.8888888888888888, "#fdca26"], [1.0, "#f0f921"]]}], "mesh3d": [{"type": "mesh3d", "colorbar": {"outlinewidth": 0, "ticks": ""}}], "scatter": [{"fillpattern": {"fillmode": "overlay", "size": 10, "solidity": 0.2}, "type": "scatter"}], "parcoords": [{"type": "parcoords", "line": {"colorbar": {"outlinewidth": 0, "ticks": ""}}}], "scatterpolargl": [{"type": "scatterpolargl", "marker": {"colorbar": {"outlinewidth": 0, "ticks": ""}}}], "bar": [{"error_x": {"color": "#2a3f5f"}, "error_y": {"color": "#2a3f5f"}, "marker": {"line": {"color": "#E5ECF6", "width": 0.5}, "pattern": {"fillmode": "overlay", "size": 10, "solidity": 0.2}}, "type": "bar"}], "scattergeo": [{"type": "scattergeo", "marker": {"colorbar": {"outlinewidth": 0, "ticks": ""}}}], "scatterpolar": [{"type": "scatterpolar", "marker": {"colorbar": {"outlinewidth": 0, "ticks": ""}}}], "histogram": [{"marker": {"pattern": {"fillmode": "overlay", "size": 10, "solidity": 0.2}}, "type": "histogram"}], "scattergl": [{"type": "scattergl", "marker": {"colorbar": {"outlinewidth": 0, "ticks": ""}}}], "scatter3d": [{"type": "scatter3d", "line": {"colorbar": {"outlinewidth": 0, "ticks": ""}}, "marker": {"colorbar": {"outlinewidth": 0, "ticks": ""}}}], "scattermapbox": [{"type": "scattermapbox", "marker": {"colorbar": {"outlinewidth": 0, "ticks": ""}}}], "scatterternary": [{"type": "scatterternary", "marker": {"colorbar": {"outlinewidth": 0, "ticks": ""}}}], "scattercarpet": [{"type": "scattercarpet", "marker": {"colorbar": {"outlinewidth": 0, "ticks": ""}}}], "carpet": [{"aaxis": {"endlinecolor": "#2a3f5f", "gridcolor": "white", "linecolor": "white", "minorgridcolor": "white", "startlinecolor": "#2a3f5f"}, "baxis": {"endlinecolor": "#2a3f5f", "gridcolor": "white", "linecolor": "white", "minorgridcolor": "white", "startlinecolor": "#2a3f5f"}, "type": "carpet"}], "table": [{"cells": {"fill": {"color": "#EBF0F8"}, "line": {"color": "white"}}, "header": {"fill": {"color": "#C8D4E3"}, "line": {"color": "white"}}, "type": "table"}], "barpolar": [{"marker": {"line": {"color": "#E5ECF6", "width": 0.5}, "pattern": {"fillmode": "overlay", "size": 10, "solidity": 0.2}}, "type": "barpolar"}], "pie": [{"automargin": true, "type": "pie"}]}, "layout": {"autotypenumbers": "strict", "colorway": ["#636efa", "#EF553B", "#00cc96", "#ab63fa", "#FFA15A", "#19d3f3", "#FF6692", "#B6E880", "#FF97FF", "#FECB52"], "font": {"color": "#2a3f5f"}, "hovermode": "closest", "hoverlabel": {"align": "left"}, "paper_bgcolor": "white", "plot_bgcolor": "#E5ECF6", "polar": {"bgcolor": "#E5ECF6", "angularaxis": {"gridcolor": "white", "linecolor": "white", "ticks": ""}, "radialaxis": {"gridcolor": "white", "linecolor": "white", "ticks": ""}}, "ternary": {"bgcolor": "#E5ECF6", "aaxis": {"gridcolor": "white", "linecolor": "white", "ticks": ""}, "baxis": {"gridcolor": "white", "linecolor": "white", "ticks": ""}, "caxis": {"gridcolor": "white", "linecolor": "white", "ticks": ""}}, "coloraxis": {"colorbar": {"outlinewidth": 0, "ticks": ""}}, "colorscale": {"sequential": [[0.0, "#0d0887"], [0.1111111111111111, "#46039f"], [0.2222222222222222, "#7201a8"], [0.3333333333333333, "#9c179e"], [0.4444444444444444, "#bd3786"], [0.5555555555555556, "#d8576b"], [0.6666666666666666, "#ed7953"], [0.7777777777777778, "#fb9f3a"], [0.8888888888888888, "#fdca26"], [1.0, "#f0f921"]], "sequentialminus": [[0.0, "#0d0887"], [0.1111111111111111, "#46039f"], [0.2222222222222222, "#7201a8"], [0.3333333333333333, "#9c179e"], [0.4444444444444444, "#bd3786"], [0.5555555555555556, "#d8576b"], [0.6666666666666666, "#ed7953"], [0.7777777777777778, "#fb9f3a"], [0.8888888888888888, "#fdca26"], [1.0, "#f0f921"]], "diverging": [[0, "#8e0152"], [0.1, "#c51b7d"], [0.2, "#de77ae"], [0.3, "#f1b6da"], [0.4, "#fde0ef"], [0.5, "#f7f7f7"], [0.6, "#e6f5d0"], [0.7, "#b8e186"], [0.8, "#7fbc41"], [0.9, "#4d9221"], [1, "#276419"]]}, "xaxis": {"gridcolor": "white", "linecolor": "white", "ticks": "", "title": {"standoff": 15}, "zerolinecolor": "white", "automargin": true, "zerolinewidth": 2}, "yaxis": {"gridcolor": "white", "linecolor": "white", "ticks": "", "title": {"standoff": 15}, "zerolinecolor": "white", "automargin": true, "zerolinewidth": 2}, "scene": {"xaxis": {"backgroundcolor": "#E5ECF6", "gridcolor": "white", "linecolor": "white", "showbackground": true, "ticks": "", "zerolinecolor": "white", "gridwidth": 2}, "yaxis": {"backgroundcolor": "#E5ECF6", "gridcolor": "white", "linecolor": "white", "showbackground": true, "ticks": "", "zerolinecolor": "white", "gridwidth": 2}, "zaxis": {"backgroundcolor": "#E5ECF6", "gridcolor": "white", "linecolor": "white", "showbackground": true, "ticks": "", "zerolinecolor": "white", "gridwidth": 2}}, "shapedefaults": {"line": {"color": "#2a3f5f"}}, "annotationdefaults": {"arrowcolor": "#2a3f5f", "arrowhead": 0, "arrowwidth": 1}, "geo": {"bgcolor": "white", "landcolor": "#E5ECF6", "subunitcolor": "white", "showland": true, "showlakes": true, "lakecolor": "white"}, "title": {"x": 0.05}, "mapbox": {"style": "light"}}}}}