{"data": [{"z": [[17.761245727539062, -4.360842704772949, -2.2364110946655273, 4.935092449188232, 3.9990084171295166, 7.7989583015441895, 4.214428424835205, 1.3347795009613037, -1.1871148347854614, 11.562215805053711, -4.329222679138184, 7.8115458488464355, 7.976655006408691, -0.3319512605667114, -4.45426082611084, 4.783209800720215, 8.420087814331055, 3.3637959957122803, 0.8556277751922607, 4.464221954345703, 4.767189025878906], [-4.360842704772949, 27.170730590820312, 0.9037181735038757, -5.068454742431641, 1.7656676769256592, -5.917001724243164, -0.3477115333080292, 6.275184154510498, 8.61934757232666, -5.675314903259277, 1.2786924839019775, -5.493032932281494, -5.420883655548096, 8.580824851989746, -0.8152540326118469, -4.574070930480957, 6.074702262878418, -2.1463184356689453, 0.5014320611953735, -0.8426468372344971, 1.1674513816833496], [-2.2364110946655273, 0.9037181735038757, 31.88588523864746, -0.5639708638191223, -2.8252129554748535, 2.4083259105682373, -0.21533776819705963, 7.298870086669922, -1.2661186456680298, -1.3595079183578491, 2.3775861263275146, -4.325961589813232, -1.2705366611480713, 5.949328899383545, -0.29189902544021606, 7.361159324645996, 1.1986613273620605, -0.5961439609527588, 3.5633649826049805, -3.1212029457092285, 4.6529130935668945], [4.935092449188232, -5.068454742431641, -0.5639708638191223, 25.77156639099121, 0.7097500562667847, 4.572812557220459, -1.5982506275177002, -2.5345590114593506, -2.982956886291504, 8.916312217712402, -0.8862789273262024, -2.803792953491211, 8.71828556060791, -1.4047573804855347, -1.2967976331710815, -1.3577888011932373, -5.484013080596924, 2.5069174766540527, 1.3748056888580322, 1.021761417388916, -1.8186277151107788], [3.9990084171295166, 1.7656676769256592, -2.8252129554748535, 0.7097500562667847, 27.61613655090332, 1.00468111038208, -1.948960304260254, 2.976503849029541, -2.0034964084625244, 6.881783962249756, -7.129390716552734, -1.5016916990280151, -1.658567190170288, -2.4701738357543945, -1.1921015977859497, 0.8142430782318115, 8.853785514831543, -0.10949394106864929, 9.049127578735352, 6.737069606781006, 7.750035285949707], [7.7989583015441895, -5.917001724243164, 2.4083259105682373, 4.572812557220459, 1.00468111038208, 19.817996978759766, 2.1536827087402344, -6.24437952041626, -8.458120346069336, 9.11109733581543, 0.9686091542243958, 3.942861318588257, 2.2453389167785645, -0.7016264796257019, -4.002989292144775, 2.0442378520965576, 4.66010046005249, 7.067229270935059, -2.1881422996520996, -0.6838481426239014, -5.981829643249512], [4.214428424835205, -0.3477115333080292, -0.21533776819705963, -1.5982506275177002, -1.948960304260254, 2.1536827087402344, 17.757354736328125, 3.257122039794922, 6.01730489730835, 3.001683235168457, 3.7582991123199463, 4.712840557098389, -1.6795119047164917, 0.3740891218185425, 2.7991089820861816, 0.700584352016449, -2.5955233573913574, -4.850304126739502, 0.7496858835220337, 1.8905272483825684, -4.073169231414795], [1.3347795009613037, 6.275184154510498, 7.298870086669922, -2.5345590114593506, 2.976503849029541, -6.24437952041626, 3.257122039794922, 20.307506561279297, 4.0878400802612305, -1.0276055335998535, 6.84773063659668, -6.319164276123047, -1.6044251918792725, 6.525028228759766, -3.661804676055908, -1.5586175918579102, 8.173312187194824, -1.2160842418670654, 3.8301186561584473, 4.890940189361572, 9.008203506469727], [-1.1871148347854614, 8.61934757232666, -1.2661186456680298, -2.982956886291504, -2.0034964084625244, -8.458120346069336, 6.01730489730835, 4.0878400802612305, 18.430418014526367, -1.0711305141448975, 2.937478542327881, -0.2522655129432678, -2.1886680126190186, 3.3451082706451416, 0.6053403615951538, -0.8579548597335815, -0.9804307222366333, -7.700964450836182, 4.627632141113281, 1.454272747039795, 1.547284722328186], [11.562215805053711, -5.675314903259277, -1.3595079183578491, 8.916312217712402, 6.881783962249756, 9.11109733581543, 3.001683235168457, -1.0276055335998535, -1.0711305141448975, 26.497861862182617, -4.99836540222168, 5.629112243652344, 13.970955848693848, -5.846316814422607, -0.45039674639701843, 2.8585004806518555, 10.522979736328125, -3.095362663269043, 3.022090196609497, 6.772348403930664, 2.9143404960632324], [-4.329222679138184, 1.2786924839019775, 2.3775861263275146, -0.8862789273262024, -7.129390716552734, 0.9686091542243958, 3.7582991123199463, 6.84773063659668, 2.937478542327881, -4.99836540222168, 21.523244857788086, -4.647637367248535, -7.714428901672363, -0.2667851150035858, -1.5117216110229492, -1.3812237977981567, -3.361135482788086, -0.17345547676086426, 0.7351348400115967, -0.5682551860809326, -7.202762603759766], [7.8115458488464355, -5.493032932281494, -4.325961589813232, -2.803792953491211, -1.5016916990280151, 3.942861318588257, 4.712840557098389, -6.319164276123047, -0.2522655129432678, 5.629112243652344, -4.647637367248535, 27.914928436279297, 0.3045097589492798, -0.5995926856994629, 1.1152987480163574, 10.395201683044434, 1.6011390686035156, -2.421299934387207, 8.861190795898438, 1.5472750663757324, 5.0729780197143555], [7.976655006408691, -5.420883655548096, -1.2705366611480713, 8.71828556060791, -1.658567190170288, 2.2453389167785645, -1.6795119047164917, -1.6044251918792725, -2.1886680126190186, 13.970955848693848, -7.714428901672363, 0.3045097589492798, 21.81964111328125, -2.1210803985595703, -1.3103748559951782, 2.7514162063598633, 7.949180603027344, -0.5475270748138428, -2.1968283653259277, 6.12938928604126, 6.22465181350708], [-0.3319512605667114, 8.580824851989746, 5.949328899383545, -1.4047573804855347, -2.4701738357543945, -0.7016264796257019, 0.3740891218185425, 6.525028228759766, 3.3451082706451416, -5.846316814422607, -0.2667851150035858, -0.5995926856994629, -2.1210803985595703, 24.41822052001953, -4.610703945159912, -1.2299766540527344, 7.814179420471191, 1.3339450359344482, 4.985019683837891, -0.3696434497833252, 4.467901229858398], [-4.45426082611084, -0.8152540326118469, -0.29189902544021606, -1.2967976331710815, -1.1921015977859497, -4.002989292144775, 2.7991089820861816, -3.661804676055908, 0.6053403615951538, -0.45039674639701843, -1.5117216110229492, 1.1152987480163574, -1.3103748559951782, -4.610703945159912, 18.402095794677734, 2.7335894107818604, -11.78169059753418, -1.8517931699752808, -4.262171745300293, -6.533329963684082, -0.07675445079803467], [4.783209800720215, -4.574070930480957, 7.361159324645996, -1.3577888011932373, 0.8142430782318115, 2.0442378520965576, 0.700584352016449, -1.5586175918579102, -0.8579548597335815, 2.8585004806518555, -1.3812237977981567, 10.395201683044434, 2.7514162063598633, -1.2299766540527344, 2.7335894107818604, 16.66098403930664, 2.062959671020508, 1.9234260320663452, 4.512711524963379, -1.268621563911438, 10.795638084411621], [8.420088768005371, 6.07470178604126, 1.1986610889434814, -5.484013080596924, 8.85378646850586, 4.66010046005249, -2.5955235958099365, 8.17331314086914, -0.9804306030273438, 10.522978782653809, -3.361135482788086, 1.6011390686035156, 7.949179649353027, 7.81417989730835, -11.78169059753418, 2.0629594326019287, 35.13274383544922, -0.6880574226379395, 0.22631597518920898, 14.284032821655273, 11.564855575561523], [3.3637959957122803, -2.1463184356689453, -0.5961438417434692, 2.506916046142578, -0.10949399322271347, 7.067229747772217, -4.850303649902344, -1.2160841226577759, -7.70096492767334, -3.095363140106201, -0.17345574498176575, -2.4213004112243652, -0.5475263595581055, 1.3339452743530273, -1.8517929315567017, 1.9234259128570557, -0.6880574226379395, 22.24868392944336, 1.0547689199447632, -1.1183075904846191, -1.937848448753357], [0.8556276559829712, 0.5014321804046631, 3.5633656978607178, 1.3748067617416382, 9.049128532409668, -2.188142776489258, 0.7496852874755859, 3.8301191329956055, 4.6276326179504395, 3.022090196609497, 0.7351356148719788, 8.861188888549805, -2.1968281269073486, 4.985019683837891, -4.262171745300293, 4.512711048126221, 0.22631597518920898, 1.0547689199447632, 26.43175506591797, 8.211482048034668, 2.009416103363037], [4.464221477508545, -0.8426467776298523, -3.121202230453491, 1.021761417388916, 6.737069606781006, -0.6838481426239014, 1.890527367591858, 4.890939712524414, 1.454272985458374, 6.772348403930664, -0.5682551860809326, 1.547275185585022, 6.12938928604126, -0.3696436583995819, -6.53333044052124, -1.2686210870742798, 14.284032821655273, -1.1183075904846191, 8.211482048034668, 17.5238094329834, 0.43639224767684937], [4.767189025878906, 1.167451024055481, 4.6529130935668945, -1.8186277151107788, 7.750035285949707, -5.9818291664123535, -4.073168754577637, 9.008204460144043, 1.5472846031188965, 2.9143409729003906, -7.202762603759766, 5.072977066040039, 6.22465181350708, 4.467901229858398, -0.07675504684448242, 10.795638084411621, 11.564855575561523, -1.9378482103347778, 2.009416341781616, 0.43639248609542847, 29.51171112060547]], "type": "heatmap"}], "layout": {"template": {"data": {"histogram2dcontour": [{"type": "histogram2dcontour", "colorbar": {"outlinewidth": 0, "ticks": ""}, "colorscale": [[0.0, "#0d0887"], [0.1111111111111111, "#46039f"], [0.2222222222222222, "#7201a8"], [0.3333333333333333, "#9c179e"], [0.4444444444444444, "#bd3786"], [0.5555555555555556, "#d8576b"], [0.6666666666666666, "#ed7953"], [0.7777777777777778, "#fb9f3a"], [0.8888888888888888, "#fdca26"], [1.0, "#f0f921"]]}], "choropleth": [{"type": "choropleth", "colorbar": {"outlinewidth": 0, "ticks": ""}}], "histogram2d": [{"type": "histogram2d", "colorbar": {"outlinewidth": 0, "ticks": ""}, "colorscale": [[0.0, "#0d0887"], [0.1111111111111111, "#46039f"], [0.2222222222222222, "#7201a8"], [0.3333333333333333, "#9c179e"], [0.4444444444444444, "#bd3786"], [0.5555555555555556, "#d8576b"], [0.6666666666666666, "#ed7953"], [0.7777777777777778, "#fb9f3a"], [0.8888888888888888, "#fdca26"], [1.0, "#f0f921"]]}], "heatmap": [{"type": "heatmap", "colorbar": {"outlinewidth": 0, "ticks": ""}, "colorscale": [[0.0, "#0d0887"], [0.1111111111111111, "#46039f"], [0.2222222222222222, "#7201a8"], [0.3333333333333333, "#9c179e"], [0.4444444444444444, "#bd3786"], [0.5555555555555556, "#d8576b"], [0.6666666666666666, "#ed7953"], [0.7777777777777778, "#fb9f3a"], [0.8888888888888888, "#fdca26"], [1.0, "#f0f921"]]}], "heatmapgl": [{"type": "heatmapgl", "colorbar": {"outlinewidth": 0, "ticks": ""}, "colorscale": [[0.0, "#0d0887"], [0.1111111111111111, "#46039f"], [0.2222222222222222, "#7201a8"], [0.3333333333333333, "#9c179e"], [0.4444444444444444, "#bd3786"], [0.5555555555555556, "#d8576b"], [0.6666666666666666, "#ed7953"], [0.7777777777777778, "#fb9f3a"], [0.8888888888888888, "#fdca26"], [1.0, "#f0f921"]]}], "contourcarpet": [{"type": "contourcarpet", "colorbar": {"outlinewidth": 0, "ticks": ""}}], "contour": [{"type": "contour", "colorbar": {"outlinewidth": 0, "ticks": ""}, "colorscale": [[0.0, "#0d0887"], [0.1111111111111111, "#46039f"], [0.2222222222222222, "#7201a8"], [0.3333333333333333, "#9c179e"], [0.4444444444444444, "#bd3786"], [0.5555555555555556, "#d8576b"], [0.6666666666666666, "#ed7953"], [0.7777777777777778, "#fb9f3a"], [0.8888888888888888, "#fdca26"], [1.0, "#f0f921"]]}], "surface": [{"type": "surface", "colorbar": {"outlinewidth": 0, "ticks": ""}, "colorscale": [[0.0, "#0d0887"], [0.1111111111111111, "#46039f"], [0.2222222222222222, "#7201a8"], [0.3333333333333333, "#9c179e"], [0.4444444444444444, "#bd3786"], [0.5555555555555556, "#d8576b"], [0.6666666666666666, "#ed7953"], [0.7777777777777778, "#fb9f3a"], [0.8888888888888888, "#fdca26"], [1.0, "#f0f921"]]}], "mesh3d": [{"type": "mesh3d", "colorbar": {"outlinewidth": 0, "ticks": ""}}], "scatter": [{"fillpattern": {"fillmode": "overlay", "size": 10, "solidity": 0.2}, "type": "scatter"}], "parcoords": [{"type": "parcoords", "line": {"colorbar": {"outlinewidth": 0, "ticks": ""}}}], "scatterpolargl": [{"type": "scatterpolargl", "marker": {"colorbar": {"outlinewidth": 0, "ticks": ""}}}], "bar": [{"error_x": {"color": "#2a3f5f"}, "error_y": {"color": "#2a3f5f"}, "marker": {"line": {"color": "#E5ECF6", "width": 0.5}, "pattern": {"fillmode": "overlay", "size": 10, "solidity": 0.2}}, "type": "bar"}], "scattergeo": [{"type": "scattergeo", "marker": {"colorbar": {"outlinewidth": 0, "ticks": ""}}}], "scatterpolar": [{"type": "scatterpolar", "marker": {"colorbar": {"outlinewidth": 0, "ticks": ""}}}], "histogram": [{"marker": {"pattern": {"fillmode": "overlay", "size": 10, "solidity": 0.2}}, "type": "histogram"}], "scattergl": [{"type": "scattergl", "marker": {"colorbar": {"outlinewidth": 0, "ticks": ""}}}], "scatter3d": [{"type": "scatter3d", "line": {"colorbar": {"outlinewidth": 0, "ticks": ""}}, "marker": {"colorbar": {"outlinewidth": 0, "ticks": ""}}}], "scattermapbox": [{"type": "scattermapbox", "marker": {"colorbar": {"outlinewidth": 0, "ticks": ""}}}], "scatterternary": [{"type": "scatterternary", "marker": {"colorbar": {"outlinewidth": 0, "ticks": ""}}}], "scattercarpet": [{"type": "scattercarpet", "marker": {"colorbar": {"outlinewidth": 0, "ticks": ""}}}], "carpet": [{"aaxis": {"endlinecolor": "#2a3f5f", "gridcolor": "white", "linecolor": "white", "minorgridcolor": "white", "startlinecolor": "#2a3f5f"}, "baxis": {"endlinecolor": "#2a3f5f", "gridcolor": "white", "linecolor": "white", "minorgridcolor": "white", "startlinecolor": "#2a3f5f"}, "type": "carpet"}], "table": [{"cells": {"fill": {"color": "#EBF0F8"}, "line": {"color": "white"}}, "header": {"fill": {"color": "#C8D4E3"}, "line": {"color": "white"}}, "type": "table"}], "barpolar": [{"marker": {"line": {"color": "#E5ECF6", "width": 0.5}, "pattern": {"fillmode": "overlay", "size": 10, "solidity": 0.2}}, "type": "barpolar"}], "pie": [{"automargin": true, "type": "pie"}]}, "layout": {"autotypenumbers": "strict", "colorway": ["#636efa", "#EF553B", "#00cc96", "#ab63fa", "#FFA15A", "#19d3f3", "#FF6692", "#B6E880", "#FF97FF", "#FECB52"], "font": {"color": "#2a3f5f"}, "hovermode": "closest", "hoverlabel": {"align": "left"}, "paper_bgcolor": "white", "plot_bgcolor": "#E5ECF6", "polar": {"bgcolor": "#E5ECF6", "angularaxis": {"gridcolor": "white", "linecolor": "white", "ticks": ""}, "radialaxis": {"gridcolor": "white", "linecolor": "white", "ticks": ""}}, "ternary": {"bgcolor": "#E5ECF6", "aaxis": {"gridcolor": "white", "linecolor": "white", "ticks": ""}, "baxis": {"gridcolor": "white", "linecolor": "white", "ticks": ""}, "caxis": {"gridcolor": "white", "linecolor": "white", "ticks": ""}}, "coloraxis": {"colorbar": {"outlinewidth": 0, "ticks": ""}}, "colorscale": {"sequential": [[0.0, "#0d0887"], [0.1111111111111111, "#46039f"], [0.2222222222222222, "#7201a8"], [0.3333333333333333, "#9c179e"], [0.4444444444444444, "#bd3786"], [0.5555555555555556, "#d8576b"], [0.6666666666666666, "#ed7953"], [0.7777777777777778, "#fb9f3a"], [0.8888888888888888, "#fdca26"], [1.0, "#f0f921"]], "sequentialminus": [[0.0, "#0d0887"], [0.1111111111111111, "#46039f"], [0.2222222222222222, "#7201a8"], [0.3333333333333333, "#9c179e"], [0.4444444444444444, "#bd3786"], [0.5555555555555556, "#d8576b"], [0.6666666666666666, "#ed7953"], [0.7777777777777778, "#fb9f3a"], [0.8888888888888888, "#fdca26"], [1.0, "#f0f921"]], "diverging": [[0, "#8e0152"], [0.1, "#c51b7d"], [0.2, "#de77ae"], [0.3, "#f1b6da"], [0.4, "#fde0ef"], [0.5, "#f7f7f7"], [0.6, "#e6f5d0"], [0.7, "#b8e186"], [0.8, "#7fbc41"], [0.9, "#4d9221"], [1, "#276419"]]}, "xaxis": {"gridcolor": "white", "linecolor": "white", "ticks": "", "title": {"standoff": 15}, "zerolinecolor": "white", "automargin": true, "zerolinewidth": 2}, "yaxis": {"gridcolor": "white", "linecolor": "white", "ticks": "", "title": {"standoff": 15}, "zerolinecolor": "white", "automargin": true, "zerolinewidth": 2}, "scene": {"xaxis": {"backgroundcolor": "#E5ECF6", "gridcolor": "white", "linecolor": "white", "showbackground": true, "ticks": "", "zerolinecolor": "white", "gridwidth": 2}, "yaxis": {"backgroundcolor": "#E5ECF6", "gridcolor": "white", "linecolor": "white", "showbackground": true, "ticks": "", "zerolinecolor": "white", "gridwidth": 2}, "zaxis": {"backgroundcolor": "#E5ECF6", "gridcolor": "white", "linecolor": "white", "showbackground": true, "ticks": "", "zerolinecolor": "white", "gridwidth": 2}}, "shapedefaults": {"line": {"color": "#2a3f5f"}}, "annotationdefaults": {"arrowcolor": "#2a3f5f", "arrowhead": 0, "arrowwidth": 1}, "geo": {"bgcolor": "white", "landcolor": "#E5ECF6", "subunitcolor": "white", "showland": true, "showlakes": true, "lakecolor": "white"}, "title": {"x": 0.05}, "mapbox": {"style": "light"}}}}}