{"data": [{"z": [[17.743661880493164, -4.372278213500977, -2.233365535736084, 4.929760932922363, 4.006594181060791, 7.798496246337891, 4.1991496086120605, 1.329776644706726, -1.181954026222229, 11.553729057312012, -4.3299336433410645, 7.811985969543457, 7.9784836769104, -0.3341692090034485, -4.457200050354004, 4.767149448394775, 8.396331787109375, 3.352156162261963, 0.8525443077087402, 4.466731071472168, 4.761363506317139], [-4.372278213500977, 27.164045333862305, 0.9064494371414185, -5.072609901428223, 1.77557373046875, -5.91669225692749, -0.3571139872074127, 6.273026466369629, 8.61864185333252, -5.682669639587402, 1.2847672700881958, -5.482492923736572, -5.41439962387085, 8.587133407592773, -0.8192213773727417, -4.5859503746032715, 6.0549397468566895, -2.148038864135742, 0.48919475078582764, -0.8323812484741211, 1.1635081768035889], [-2.233365535736084, 0.9064494371414185, 31.89038848876953, -0.5648529529571533, -2.8145627975463867, 2.4119503498077393, -0.23091821372509003, 7.308342456817627, -1.2599972486495972, -1.3643876314163208, 2.3837578296661377, -4.319048881530762, -1.263249397277832, 5.954303741455078, -0.2929038107395172, 7.353316783905029, 1.1863480806350708, -0.6032141447067261, 3.556432008743286, -3.1044743061065674, 4.656698703765869], [4.929760932922363, -5.072609901428223, -0.5648529529571533, 25.76327896118164, 0.7116048336029053, 4.577060222625732, -1.610283613204956, -2.532749652862549, -2.9810376167297363, 8.910709381103516, -0.8859695792198181, -2.801323890686035, 8.718515396118164, -1.4023096561431885, -1.2968312501907349, -1.365523338317871, -5.506189823150635, 2.502340793609619, 1.3653512001037598, 1.0330543518066406, -1.8232942819595337], [4.006594181060791, 1.77557373046875, -2.8145627975463867, 0.7116048336029053, 27.61676597595215, 1.0002378225326538, -1.9481154680252075, 2.9800729751586914, -1.999961018562317, 6.885412693023682, -7.115904331207275, -1.4988327026367188, -1.655836820602417, -2.4636290073394775, -1.188075304031372, 0.8130312561988831, 8.860250473022461, -0.10411036014556885, 9.043741226196289, 6.742193222045898, 7.755414009094238], [7.798496246337891, -5.91669225692749, 2.4119503498077393, 4.577060222625732, 1.0002378225326538, 19.839513778686523, 2.1542911529541016, -6.230746269226074, -8.451120376586914, 9.117101669311523, 0.9683043956756592, 3.9441332817077637, 2.2484121322631836, -0.6964171528816223, -3.9889016151428223, 2.0567989349365234, 4.658278465270996, 7.073583126068115, -2.180248260498047, -0.6705260276794434, -5.977423667907715], [4.1991496086120605, -0.3571139872074127, -0.23091821372509003, -1.610283613204956, -1.9481154680252075, 2.1542911529541016, 17.7446231842041, 3.2538435459136963, 6.008813381195068, 2.9841997623443604, 3.7490456104278564, 4.71262788772583, -1.6786056756973267, 0.3687964379787445, 2.786947011947632, 0.6888599395751953, -2.6160366535186768, -4.8573503494262695, 0.7349779605865479, 1.8842252492904663, -4.081064224243164], [1.329776644706726, 6.273026466369629, 7.308342456817627, -2.532749652862549, 2.9800729751586914, -6.230746269226074, 3.2538435459136963, 20.314546585083008, 4.090452671051025, -1.023107886314392, 6.857262134552002, -6.306125164031982, -1.5944305658340454, 6.539285659790039, -3.6518094539642334, -1.5580229759216309, 8.15999984741211, -1.2048842906951904, 3.8280370235443115, 4.9136962890625, 9.010624885559082], [-1.181954026222229, 8.61864185333252, -1.2599972486495972, -2.9810376167297363, -1.999961018562317, -8.451120376586914, 6.008813381195068, 4.090452671051025, 18.43932342529297, -1.0704412460327148, 2.9427783489227295, -0.2482171654701233, -2.186126947402954, 3.3498306274414062, 0.6124261021614075, -0.8547202944755554, -0.9866738319396973, -7.7001566886901855, 4.625594615936279, 1.4677729606628418, 1.551043152809143], [11.553729057312012, -5.682669639587402, -1.3643876314163208, 8.910709381103516, 6.885412693023682, 9.117101669311523, 2.9841997623443604, -1.023107886314392, -1.0704412460327148, 26.491607666015625, -4.999366760253906, 5.627089977264404, 13.972436904907227, -5.84265661239624, -0.4549922049045563, 2.8419392108917236, 10.503217697143555, -3.104151725769043, 3.013468027114868, 6.786262512207031, 2.9084270000457764], [-4.3299336433410645, 1.2847672700881958, 2.3837578296661377, -0.8859695792198181, -7.115904331207275, 0.9683043956756592, 3.7490456104278564, 6.857262134552002, 2.9427783489227295, -4.999366760253906, 21.532073974609375, -4.635018348693848, -7.706189155578613, -0.2593710422515869, -1.513615608215332, -1.3853164911270142, -3.368666172027588, -0.1767101287841797, 0.7274138927459717, -0.5514611005783081, -7.197218418121338], [7.811985969543457, -5.482492923736572, -4.319048881530762, -2.801323890686035, -1.4988327026367188, 3.9441332817077637, 4.71262788772583, -6.306125164031982, -0.2482171654701233, 5.627089977264404, -4.635018348693848, 27.916339874267578, 0.3140179514884949, -0.5950906276702881, 1.116094946861267, 10.39084243774414, 1.614269495010376, -2.418701171875, 8.852782249450684, 1.5492076873779297, 5.077045917510986], [7.9784836769104, -5.41439962387085, -1.263249397277832, 8.718515396118164, -1.655836820602417, 2.2484121322631836, -1.6786056756973267, -1.5944305658340454, -2.186126947402954, 13.972436904907227, -7.706189155578613, 0.3140179514884949, 21.826719284057617, -2.1149468421936035, -1.304129719734192, 2.7549734115600586, 7.950645446777344, -0.5422370433807373, -2.198932409286499, 6.134886741638184, 6.230686664581299], [-0.3341692090034485, 8.587133407592773, 5.954303741455078, -1.4023096561431885, -2.4636290073394775, -0.6964171528816223, 0.3687964379787445, 6.539285659790039, 3.3498306274414062, -5.84265661239624, -0.2593710422515869, -0.5950906276702881, -2.1149468421936035, 24.433671951293945, -4.610499382019043, -1.236160397529602, 7.804644584655762, 1.3338186740875244, 4.9729108810424805, -0.349497526884079, 4.469362735748291], [-4.457200050354004, -0.8192213773727417, -0.2929038107395172, -1.2968312501907349, -1.188075304031372, -3.9889016151428223, 2.786947011947632, -3.6518094539642334, 0.6124261021614075, -0.4549922049045563, -1.513615608215332, 1.116094946861267, -1.304129719734192, -4.610499382019043, 18.407228469848633, 2.7336604595184326, -11.79238510131836, -1.8563984632492065, -4.26057243347168, -6.520215034484863, -0.07361149787902832], [4.767149448394775, -4.5859503746032715, 7.353316783905029, -1.365523338317871, 0.8130312561988831, 2.0567989349365234, 0.6888599395751953, -1.5580229759216309, -0.8547202944755554, 2.8419392108917236, -1.3853164911270142, 10.39084243774414, 2.7549734115600586, -1.236160397529602, 2.7336604595184326, 16.65299415588379, 2.046341896057129, 1.916923999786377, 4.5036492347717285, -1.2660801410675049, 10.787976264953613], [8.396333694458008, 6.0549397468566895, 1.1863468885421753, -5.506189346313477, 8.860250473022461, 4.658278942108154, -2.6160366535186768, 8.159998893737793, -0.9866740107536316, 10.503216743469238, -3.368666172027588, 1.6142691373825073, 7.950644016265869, 7.80464506149292, -11.792384147644043, 2.0463414192199707, 35.101417541503906, -0.695358395576477, 0.20881891250610352, 14.280074119567871, 11.556329727172852], [3.352156162261963, -2.148038148880005, -0.603214681148529, 2.502340793609619, -0.10410993546247482, 7.073583126068115, -4.857349395751953, -1.2048842906951904, -7.700157165527344, -3.1041510105133057, -0.17670905590057373, -2.418700933456421, -0.5422368049621582, 1.3338184356689453, -1.8563989400863647, 1.916923999786377, -0.695358395576477, 22.24061393737793, 1.0483317375183105, -1.1135766506195068, -1.9388436079025269], [0.8525443077087402, 0.48919469118118286, 3.556432008743286, 1.3653513193130493, 9.043739318847656, -2.180248260498047, 0.734978199005127, 3.8280367851257324, 4.625594615936279, 3.013468027114868, 0.7274138331413269, 8.852781295776367, -2.1989328861236572, 4.972910404205322, -4.2605719566345215, 4.5036492347717285, 0.20881891250610352, 1.0483317375183105, 26.43515396118164, 8.206621170043945, 2.003005027770996], [4.466731071472168, -0.8323811292648315, -3.1044740676879883, 1.033053994178772, 6.742193222045898, -0.6705256700515747, 1.8842252492904663, 4.913695335388184, 1.4677730798721313, 6.786262512207031, -0.5514612197875977, 1.5492076873779297, 6.134887218475342, -0.3494974970817566, -6.5202155113220215, -1.2660802602767944, 14.280074119567871, -1.1135766506195068, 8.206621170043945, 17.56231689453125, 0.4405440092086792], [4.7613630294799805, 1.1635080575942993, 4.656698226928711, -1.8232940435409546, 7.75541353225708, -5.977423667907715, -4.081064224243164, 9.010625839233398, 1.5510427951812744, 2.9084272384643555, -7.197218894958496, 5.0770463943481445, 6.230687141418457, 4.469362258911133, -0.07361197471618652, 10.78797721862793, 11.556329727172852, -1.9388434886932373, 2.0030055046081543, 0.44054412841796875, 29.51171112060547]], "type": "heatmap"}], "layout": {"template": {"data": {"histogram2dcontour": [{"type": "histogram2dcontour", "colorbar": {"outlinewidth": 0, "ticks": ""}, "colorscale": [[0.0, "#0d0887"], [0.1111111111111111, "#46039f"], [0.2222222222222222, "#7201a8"], [0.3333333333333333, "#9c179e"], [0.4444444444444444, "#bd3786"], [0.5555555555555556, "#d8576b"], [0.6666666666666666, "#ed7953"], [0.7777777777777778, "#fb9f3a"], [0.8888888888888888, "#fdca26"], [1.0, "#f0f921"]]}], "choropleth": [{"type": "choropleth", "colorbar": {"outlinewidth": 0, "ticks": ""}}], "histogram2d": [{"type": "histogram2d", "colorbar": {"outlinewidth": 0, "ticks": ""}, "colorscale": [[0.0, "#0d0887"], [0.1111111111111111, "#46039f"], [0.2222222222222222, "#7201a8"], [0.3333333333333333, "#9c179e"], [0.4444444444444444, "#bd3786"], [0.5555555555555556, "#d8576b"], [0.6666666666666666, "#ed7953"], [0.7777777777777778, "#fb9f3a"], [0.8888888888888888, "#fdca26"], [1.0, "#f0f921"]]}], "heatmap": [{"type": "heatmap", "colorbar": {"outlinewidth": 0, "ticks": ""}, "colorscale": [[0.0, "#0d0887"], [0.1111111111111111, "#46039f"], [0.2222222222222222, "#7201a8"], [0.3333333333333333, "#9c179e"], [0.4444444444444444, "#bd3786"], [0.5555555555555556, "#d8576b"], [0.6666666666666666, "#ed7953"], [0.7777777777777778, "#fb9f3a"], [0.8888888888888888, "#fdca26"], [1.0, "#f0f921"]]}], "heatmapgl": [{"type": "heatmapgl", "colorbar": {"outlinewidth": 0, "ticks": ""}, "colorscale": [[0.0, "#0d0887"], [0.1111111111111111, "#46039f"], [0.2222222222222222, "#7201a8"], [0.3333333333333333, "#9c179e"], [0.4444444444444444, "#bd3786"], [0.5555555555555556, "#d8576b"], [0.6666666666666666, "#ed7953"], [0.7777777777777778, "#fb9f3a"], [0.8888888888888888, "#fdca26"], [1.0, "#f0f921"]]}], "contourcarpet": [{"type": "contourcarpet", "colorbar": {"outlinewidth": 0, "ticks": ""}}], "contour": [{"type": "contour", "colorbar": {"outlinewidth": 0, "ticks": ""}, "colorscale": [[0.0, "#0d0887"], [0.1111111111111111, "#46039f"], [0.2222222222222222, "#7201a8"], [0.3333333333333333, "#9c179e"], [0.4444444444444444, "#bd3786"], [0.5555555555555556, "#d8576b"], [0.6666666666666666, "#ed7953"], [0.7777777777777778, "#fb9f3a"], [0.8888888888888888, "#fdca26"], [1.0, "#f0f921"]]}], "surface": [{"type": "surface", "colorbar": {"outlinewidth": 0, "ticks": ""}, "colorscale": [[0.0, "#0d0887"], [0.1111111111111111, "#46039f"], [0.2222222222222222, "#7201a8"], [0.3333333333333333, "#9c179e"], [0.4444444444444444, "#bd3786"], [0.5555555555555556, "#d8576b"], [0.6666666666666666, "#ed7953"], [0.7777777777777778, "#fb9f3a"], [0.8888888888888888, "#fdca26"], [1.0, "#f0f921"]]}], "mesh3d": [{"type": "mesh3d", "colorbar": {"outlinewidth": 0, "ticks": ""}}], "scatter": [{"fillpattern": {"fillmode": "overlay", "size": 10, "solidity": 0.2}, "type": "scatter"}], "parcoords": [{"type": "parcoords", "line": {"colorbar": {"outlinewidth": 0, "ticks": ""}}}], "scatterpolargl": [{"type": "scatterpolargl", "marker": {"colorbar": {"outlinewidth": 0, "ticks": ""}}}], "bar": [{"error_x": {"color": "#2a3f5f"}, "error_y": {"color": "#2a3f5f"}, "marker": {"line": {"color": "#E5ECF6", "width": 0.5}, "pattern": {"fillmode": "overlay", "size": 10, "solidity": 0.2}}, "type": "bar"}], "scattergeo": [{"type": "scattergeo", "marker": {"colorbar": {"outlinewidth": 0, "ticks": ""}}}], "scatterpolar": [{"type": "scatterpolar", "marker": {"colorbar": {"outlinewidth": 0, "ticks": ""}}}], "histogram": [{"marker": {"pattern": {"fillmode": "overlay", "size": 10, "solidity": 0.2}}, "type": "histogram"}], "scattergl": [{"type": "scattergl", "marker": {"colorbar": {"outlinewidth": 0, "ticks": ""}}}], "scatter3d": [{"type": "scatter3d", "line": {"colorbar": {"outlinewidth": 0, "ticks": ""}}, "marker": {"colorbar": {"outlinewidth": 0, "ticks": ""}}}], "scattermapbox": [{"type": "scattermapbox", "marker": {"colorbar": {"outlinewidth": 0, "ticks": ""}}}], "scatterternary": [{"type": "scatterternary", "marker": {"colorbar": {"outlinewidth": 0, "ticks": ""}}}], "scattercarpet": [{"type": "scattercarpet", "marker": {"colorbar": {"outlinewidth": 0, "ticks": ""}}}], "carpet": [{"aaxis": {"endlinecolor": "#2a3f5f", "gridcolor": "white", "linecolor": "white", "minorgridcolor": "white", "startlinecolor": "#2a3f5f"}, "baxis": {"endlinecolor": "#2a3f5f", "gridcolor": "white", "linecolor": "white", "minorgridcolor": "white", "startlinecolor": "#2a3f5f"}, "type": "carpet"}], "table": [{"cells": {"fill": {"color": "#EBF0F8"}, "line": {"color": "white"}}, "header": {"fill": {"color": "#C8D4E3"}, "line": {"color": "white"}}, "type": "table"}], "barpolar": [{"marker": {"line": {"color": "#E5ECF6", "width": 0.5}, "pattern": {"fillmode": "overlay", "size": 10, "solidity": 0.2}}, "type": "barpolar"}], "pie": [{"automargin": true, "type": "pie"}]}, "layout": {"autotypenumbers": "strict", "colorway": ["#636efa", "#EF553B", "#00cc96", "#ab63fa", "#FFA15A", "#19d3f3", "#FF6692", "#B6E880", "#FF97FF", "#FECB52"], "font": {"color": "#2a3f5f"}, "hovermode": "closest", "hoverlabel": {"align": "left"}, "paper_bgcolor": "white", "plot_bgcolor": "#E5ECF6", "polar": {"bgcolor": "#E5ECF6", "angularaxis": {"gridcolor": "white", "linecolor": "white", "ticks": ""}, "radialaxis": {"gridcolor": "white", "linecolor": "white", "ticks": ""}}, "ternary": {"bgcolor": "#E5ECF6", "aaxis": {"gridcolor": "white", "linecolor": "white", "ticks": ""}, "baxis": {"gridcolor": "white", "linecolor": "white", "ticks": ""}, "caxis": {"gridcolor": "white", "linecolor": "white", "ticks": ""}}, "coloraxis": {"colorbar": {"outlinewidth": 0, "ticks": ""}}, "colorscale": {"sequential": [[0.0, "#0d0887"], [0.1111111111111111, "#46039f"], [0.2222222222222222, "#7201a8"], [0.3333333333333333, "#9c179e"], [0.4444444444444444, "#bd3786"], [0.5555555555555556, "#d8576b"], [0.6666666666666666, "#ed7953"], [0.7777777777777778, "#fb9f3a"], [0.8888888888888888, "#fdca26"], [1.0, "#f0f921"]], "sequentialminus": [[0.0, "#0d0887"], [0.1111111111111111, "#46039f"], [0.2222222222222222, "#7201a8"], [0.3333333333333333, "#9c179e"], [0.4444444444444444, "#bd3786"], [0.5555555555555556, "#d8576b"], [0.6666666666666666, "#ed7953"], [0.7777777777777778, "#fb9f3a"], [0.8888888888888888, "#fdca26"], [1.0, "#f0f921"]], "diverging": [[0, "#8e0152"], [0.1, "#c51b7d"], [0.2, "#de77ae"], [0.3, "#f1b6da"], [0.4, "#fde0ef"], [0.5, "#f7f7f7"], [0.6, "#e6f5d0"], [0.7, "#b8e186"], [0.8, "#7fbc41"], [0.9, "#4d9221"], [1, "#276419"]]}, "xaxis": {"gridcolor": "white", "linecolor": "white", "ticks": "", "title": {"standoff": 15}, "zerolinecolor": "white", "automargin": true, "zerolinewidth": 2}, "yaxis": {"gridcolor": "white", "linecolor": "white", "ticks": "", "title": {"standoff": 15}, "zerolinecolor": "white", "automargin": true, "zerolinewidth": 2}, "scene": {"xaxis": {"backgroundcolor": "#E5ECF6", "gridcolor": "white", "linecolor": "white", "showbackground": true, "ticks": "", "zerolinecolor": "white", "gridwidth": 2}, "yaxis": {"backgroundcolor": "#E5ECF6", "gridcolor": "white", "linecolor": "white", "showbackground": true, "ticks": "", "zerolinecolor": "white", "gridwidth": 2}, "zaxis": {"backgroundcolor": "#E5ECF6", "gridcolor": "white", "linecolor": "white", "showbackground": true, "ticks": "", "zerolinecolor": "white", "gridwidth": 2}}, "shapedefaults": {"line": {"color": "#2a3f5f"}}, "annotationdefaults": {"arrowcolor": "#2a3f5f", "arrowhead": 0, "arrowwidth": 1}, "geo": {"bgcolor": "white", "landcolor": "#E5ECF6", "subunitcolor": "white", "showland": true, "showlakes": true, "lakecolor": "white"}, "title": {"x": 0.05}, "mapbox": {"style": "light"}}}}}