{"data": [{"z": [[17.743566513061523, -4.3722310066223145, -2.2332935333251953, 4.9295573234558105, 4.006533622741699, 7.798276901245117, 4.198917865753174, 1.3297592401504517, -1.1820834875106812, 11.553701400756836, -4.3298163414001465, 7.811642169952393, 7.978447437286377, -0.3341716527938843, -4.457413196563721, 4.766829013824463, 8.39627456665039, 3.352059841156006, 0.8524090647697449, 4.466676712036133, 4.760895252227783], [-4.3722310066223145, 27.164106369018555, 0.9066169857978821, -5.0726423263549805, 1.7757066488265991, -5.916775703430176, -0.3572455048561096, 6.273038864135742, 8.618603706359863, -5.682690620422363, 1.2849323749542236, -5.4824347496032715, -5.41435432434082, 8.587291717529297, -0.8192285895347595, -4.586007118225098, 6.054794788360596, -2.1480326652526855, 0.4890909194946289, -0.8321423530578613, 1.1635053157806396], [-2.2332935333251953, 0.9066169857978821, 31.890661239624023, -0.5646753311157227, -2.814229726791382, 2.412081003189087, -0.2311885803937912, 7.308584690093994, -1.2596805095672607, -1.3644813299179077, 2.3840625286102295, -4.318709373474121, -1.2628792524337769, 5.954359531402588, -0.2927538752555847, 7.353252410888672, 1.1862692832946777, -0.6032218933105469, 3.5564515590667725, -3.1041245460510254, 4.6568193435668945], [4.9295573234558105, -5.0726423263549805, -0.5646753311157227, 25.763404846191406, 0.7119303941726685, 4.57755184173584, -1.6105486154556274, -2.532416820526123, -2.9807488918304443, 8.91046142578125, -0.8858003616333008, -2.8007946014404297, 8.718944549560547, -1.4021272659301758, -1.296526551246643, -1.3653665781021118, -5.506521224975586, 2.50260066986084, 1.365065574645996, 1.033447027206421, -1.8231006860733032], [4.006533622741699, 1.7757066488265991, -2.814229726791382, 0.7119303941726685, 27.617143630981445, 1.0004674196243286, -1.9481635093688965, 2.9802966117858887, -1.999551773071289, 6.885275363922119, -7.115503311157227, -1.4983136653900146, -1.6554499864578247, -2.4635324478149414, -1.1877169609069824, 0.8130888938903809, 8.86015796661377, -0.10397383570671082, 9.043593406677246, 6.7424211502075195, 7.755796432495117], [7.798276901245117, -5.916775703430176, 2.412081003189087, 4.57755184173584, 1.0004674196243286, 19.84034538269043, 2.154324531555176, -6.230241775512695, -8.45074462890625, 9.117137908935547, 0.9683346748352051, 3.944629430770874, 2.248821258544922, -0.6962270736694336, -3.9883506298065186, 2.0572102069854736, 4.658109188079834, 7.073822021484375, -2.179887294769287, -0.6701358556747437, -5.976955890655518], [4.198917865753174, -0.3572455048561096, -0.2311885803937912, -1.6105486154556274, -1.9481635093688965, 2.154324531555176, 17.744504928588867, 3.25382924079895, 6.0086669921875, 2.983983278274536, 3.748833179473877, 4.712569236755371, -1.6785657405853271, 0.3685832917690277, 2.786714553833008, 0.6887390613555908, -2.6160411834716797, -4.857387065887451, 0.7348268628120422, 1.8838937282562256, -4.081366062164307], [1.3297592401504517, 6.273038864135742, 7.308584690093994, -2.532416820526123, 2.9802966117858887, -6.230241775512695, 3.25382924079895, 20.31484603881836, 4.090607166290283, -1.0230234861373901, 6.857456207275391, -6.305685997009277, -1.5941171646118164, 6.539627552032471, -3.651355266571045, -1.5577725172042847, 8.159820556640625, -1.204539179801941, 3.828181266784668, 4.914220809936523, 9.011065483093262], [-1.1820834875106812, 8.618603706359863, -1.2596805095672607, -2.9807488918304443, -1.999551773071289, -8.45074462890625, 6.0086669921875, 4.090607166290283, 18.439777374267578, -1.070543885231018, 2.942930221557617, -0.2476777583360672, -2.185790777206421, 3.350024461746216, 0.612786591053009, -0.8544747233390808, -0.9870702028274536, -7.700042724609375, 4.625581741333008, 1.4682624340057373, 1.5514492988586426], [11.553701400756836, -5.682690620422363, -1.3644813299179077, 8.91046142578125, 6.885275363922119, 9.117137908935547, 2.983983278274536, -1.0230234861373901, -1.070543885231018, 26.491735458374023, -4.999359130859375, 5.626821994781494, 13.972346305847168, -5.842597484588623, -0.45526909828186035, 2.841571807861328, 10.503116607666016, -3.104193925857544, 3.0132241249084473, 6.786343097686768, 2.9079744815826416], [-4.3298163414001465, 1.2849323749542236, 2.3840625286102295, -0.8858003616333008, -7.115503311157227, 0.9683346748352051, 3.748833179473877, 6.857456207275391, 2.942930221557617, -4.999359130859375, 21.53243064880371, -4.634673118591309, -7.705901622772217, -0.259110689163208, -1.513431429862976, -1.3852266073226929, -3.368706703186035, -0.17661970853805542, 0.7274179458618164, -0.5509694218635559, -7.196933269500732], [7.811642169952393, -5.4824347496032715, -4.318709373474121, -2.8007946014404297, -1.4983136653900146, 3.944629430770874, 4.712569236755371, -6.305685997009277, -0.2476777583360672, 5.626821994781494, -4.634673118591309, 27.916967391967773, 0.3146771788597107, -0.5951163172721863, 1.11649751663208, 10.390873908996582, 1.614366054534912, -2.418562173843384, 8.852855682373047, 1.5492900609970093, 5.077447891235352], [7.978447437286377, -5.41435432434082, -1.2628792524337769, 8.718944549560547, -1.6554499864578247, 2.248821258544922, -1.6785657405853271, -1.5941171646118164, -2.185790777206421, 13.972346305847168, -7.705901622772217, 0.3146771788597107, 21.82719612121582, -2.1148364543914795, -1.303592324256897, 2.7552566528320312, 7.950557231903076, -0.5420396327972412, -2.1987051963806152, 6.135031700134277, 6.231222629547119], [-0.3341716527938843, 8.587291717529297, 5.954359531402588, -1.4021272659301758, -2.4635324478149414, -0.6962270736694336, 0.3685832917690277, 6.539627552032471, 3.350024461746216, -5.842597484588623, -0.259110689163208, -0.5951163172721863, -2.1148364543914795, 24.43411636352539, -4.610400199890137, -1.2362782955169678, 7.804508209228516, 1.3338301181793213, 4.972718238830566, -0.3490503132343292, 4.469334602355957], [-4.457413196563721, -0.8192285895347595, -0.2927538752555847, -1.296526551246643, -1.1877169609069824, -3.9883506298065186, 2.786714553833008, -3.651355266571045, 0.612786591053009, -0.45526909828186035, -1.513431429862976, 1.11649751663208, -1.303592324256897, -4.610400199890137, 18.407657623291016, 2.7338552474975586, -11.792386054992676, -1.8561135530471802, -4.260533332824707, -6.519874095916748, -0.073370561003685], [4.766829013824463, -4.586007118225098, 7.353252410888672, -1.3653665781021118, 0.8130888938903809, 2.0572102069854736, 0.6887390613555908, -1.5577725172042847, -0.8544747233390808, 2.841571807861328, -1.3852266073226929, 10.390873908996582, 2.7552566528320312, -1.2362782955169678, 2.7338552474975586, 16.6530818939209, 2.0463693141937256, 1.9170619249343872, 4.503576278686523, -1.2661349773406982, 10.78793716430664], [8.396273612976074, 6.054795265197754, 1.1862688064575195, -5.506521224975586, 8.86015796661377, 4.658109188079834, -2.616041421890259, 8.159820556640625, -0.9870705008506775, 10.503116607666016, -3.368706464767456, 1.6143661737442017, 7.950557708740234, 7.804508209228516, -11.792387008666992, 2.0463695526123047, 35.10105895996094, -0.6953277587890625, 0.2086639404296875, 14.279791831970215, 11.556174278259277], [3.3520593643188477, -2.1480329036712646, -0.6032220721244812, 2.502600908279419, -0.10397432744503021, 7.073822021484375, -4.857387542724609, -1.2045392990112305, -7.700042247772217, -3.1041929721832275, -0.17662003636360168, -2.418562650680542, -0.5420395135879517, 1.3338299989700317, -1.8561135530471802, 1.9170621633529663, -0.6953277587890625, 22.24074935913086, 1.0484681129455566, -1.1134698390960693, -1.938668966293335], [0.8524090647697449, 0.48909062147140503, 3.5564515590667725, 1.3650660514831543, 9.043594360351562, -2.1798877716064453, 0.7348272204399109, 3.828181028366089, 4.625580310821533, 3.0132241249084473, 0.7274173498153687, 8.852853775024414, -2.198704957962036, 4.972717761993408, -4.260533809661865, 4.503576755523682, 0.2086639404296875, 1.0484681129455566, 26.435035705566406, 8.206260681152344, 2.0026984214782715], [4.466676712036133, -0.8321427702903748, -3.104124069213867, 1.0334463119506836, 6.7424211502075195, -0.6701359152793884, 1.883893370628357, 4.914220809936523, 1.4682623147964478, 6.786344051361084, -0.5509687066078186, 1.5492898225784302, 6.135031700134277, -0.34905022382736206, -6.519874095916748, -1.2661352157592773, 14.279791831970215, -1.1134698390960693, 8.206260681152344, 17.563201904296875, 0.44062426686286926], [4.760895252227783, 1.1635050773620605, 4.656818389892578, -1.8231005668640137, 7.755795478820801, -5.976956367492676, -4.081366062164307, 9.011066436767578, 1.5514492988586426, 2.9079742431640625, -7.196934223175049, 5.077447414398193, 6.231223106384277, 4.469334602355957, -0.07337069511413574, 10.78793716430664, 11.556175231933594, -1.938669204711914, 2.0026984214782715, 0.44062429666519165, 29.51171112060547]], "type": "heatmap"}], "layout": {"template": {"data": {"histogram2dcontour": [{"type": "histogram2dcontour", "colorbar": {"outlinewidth": 0, "ticks": ""}, "colorscale": [[0.0, "#0d0887"], [0.1111111111111111, "#46039f"], [0.2222222222222222, "#7201a8"], [0.3333333333333333, "#9c179e"], [0.4444444444444444, "#bd3786"], [0.5555555555555556, "#d8576b"], [0.6666666666666666, "#ed7953"], [0.7777777777777778, "#fb9f3a"], [0.8888888888888888, "#fdca26"], [1.0, "#f0f921"]]}], "choropleth": [{"type": "choropleth", "colorbar": {"outlinewidth": 0, "ticks": ""}}], "histogram2d": [{"type": "histogram2d", "colorbar": {"outlinewidth": 0, "ticks": ""}, "colorscale": [[0.0, "#0d0887"], [0.1111111111111111, "#46039f"], [0.2222222222222222, "#7201a8"], [0.3333333333333333, "#9c179e"], [0.4444444444444444, "#bd3786"], [0.5555555555555556, "#d8576b"], [0.6666666666666666, "#ed7953"], [0.7777777777777778, "#fb9f3a"], [0.8888888888888888, "#fdca26"], [1.0, "#f0f921"]]}], "heatmap": [{"type": "heatmap", "colorbar": {"outlinewidth": 0, "ticks": ""}, "colorscale": [[0.0, "#0d0887"], [0.1111111111111111, "#46039f"], [0.2222222222222222, "#7201a8"], [0.3333333333333333, "#9c179e"], [0.4444444444444444, "#bd3786"], [0.5555555555555556, "#d8576b"], [0.6666666666666666, "#ed7953"], [0.7777777777777778, "#fb9f3a"], [0.8888888888888888, "#fdca26"], [1.0, "#f0f921"]]}], "heatmapgl": [{"type": "heatmapgl", "colorbar": {"outlinewidth": 0, "ticks": ""}, "colorscale": [[0.0, "#0d0887"], [0.1111111111111111, "#46039f"], [0.2222222222222222, "#7201a8"], [0.3333333333333333, "#9c179e"], [0.4444444444444444, "#bd3786"], [0.5555555555555556, "#d8576b"], [0.6666666666666666, "#ed7953"], [0.7777777777777778, "#fb9f3a"], [0.8888888888888888, "#fdca26"], [1.0, "#f0f921"]]}], "contourcarpet": [{"type": "contourcarpet", "colorbar": {"outlinewidth": 0, "ticks": ""}}], "contour": [{"type": "contour", "colorbar": {"outlinewidth": 0, "ticks": ""}, "colorscale": [[0.0, "#0d0887"], [0.1111111111111111, "#46039f"], [0.2222222222222222, "#7201a8"], [0.3333333333333333, "#9c179e"], [0.4444444444444444, "#bd3786"], [0.5555555555555556, "#d8576b"], [0.6666666666666666, "#ed7953"], [0.7777777777777778, "#fb9f3a"], [0.8888888888888888, "#fdca26"], [1.0, "#f0f921"]]}], "surface": [{"type": "surface", "colorbar": {"outlinewidth": 0, "ticks": ""}, "colorscale": [[0.0, "#0d0887"], [0.1111111111111111, "#46039f"], [0.2222222222222222, "#7201a8"], [0.3333333333333333, "#9c179e"], [0.4444444444444444, "#bd3786"], [0.5555555555555556, "#d8576b"], [0.6666666666666666, "#ed7953"], [0.7777777777777778, "#fb9f3a"], [0.8888888888888888, "#fdca26"], [1.0, "#f0f921"]]}], "mesh3d": [{"type": "mesh3d", "colorbar": {"outlinewidth": 0, "ticks": ""}}], "scatter": [{"fillpattern": {"fillmode": "overlay", "size": 10, "solidity": 0.2}, "type": "scatter"}], "parcoords": [{"type": "parcoords", "line": {"colorbar": {"outlinewidth": 0, "ticks": ""}}}], "scatterpolargl": [{"type": "scatterpolargl", "marker": {"colorbar": {"outlinewidth": 0, "ticks": ""}}}], "bar": [{"error_x": {"color": "#2a3f5f"}, "error_y": {"color": "#2a3f5f"}, "marker": {"line": {"color": "#E5ECF6", "width": 0.5}, "pattern": {"fillmode": "overlay", "size": 10, "solidity": 0.2}}, "type": "bar"}], "scattergeo": [{"type": "scattergeo", "marker": {"colorbar": {"outlinewidth": 0, "ticks": ""}}}], "scatterpolar": [{"type": "scatterpolar", "marker": {"colorbar": {"outlinewidth": 0, "ticks": ""}}}], "histogram": [{"marker": {"pattern": {"fillmode": "overlay", "size": 10, "solidity": 0.2}}, "type": "histogram"}], "scattergl": [{"type": "scattergl", "marker": {"colorbar": {"outlinewidth": 0, "ticks": ""}}}], "scatter3d": [{"type": "scatter3d", "line": {"colorbar": {"outlinewidth": 0, "ticks": ""}}, "marker": {"colorbar": {"outlinewidth": 0, "ticks": ""}}}], "scattermapbox": [{"type": "scattermapbox", "marker": {"colorbar": {"outlinewidth": 0, "ticks": ""}}}], "scatterternary": [{"type": "scatterternary", "marker": {"colorbar": {"outlinewidth": 0, "ticks": ""}}}], "scattercarpet": [{"type": "scattercarpet", "marker": {"colorbar": {"outlinewidth": 0, "ticks": ""}}}], "carpet": [{"aaxis": {"endlinecolor": "#2a3f5f", "gridcolor": "white", "linecolor": "white", "minorgridcolor": "white", "startlinecolor": "#2a3f5f"}, "baxis": {"endlinecolor": "#2a3f5f", "gridcolor": "white", "linecolor": "white", "minorgridcolor": "white", "startlinecolor": "#2a3f5f"}, "type": "carpet"}], "table": [{"cells": {"fill": {"color": "#EBF0F8"}, "line": {"color": "white"}}, "header": {"fill": {"color": "#C8D4E3"}, "line": {"color": "white"}}, "type": "table"}], "barpolar": [{"marker": {"line": {"color": "#E5ECF6", "width": 0.5}, "pattern": {"fillmode": "overlay", "size": 10, "solidity": 0.2}}, "type": "barpolar"}], "pie": [{"automargin": true, "type": "pie"}]}, "layout": {"autotypenumbers": "strict", "colorway": ["#636efa", "#EF553B", "#00cc96", "#ab63fa", "#FFA15A", "#19d3f3", "#FF6692", "#B6E880", "#FF97FF", "#FECB52"], "font": {"color": "#2a3f5f"}, "hovermode": "closest", "hoverlabel": {"align": "left"}, "paper_bgcolor": "white", "plot_bgcolor": "#E5ECF6", "polar": {"bgcolor": "#E5ECF6", "angularaxis": {"gridcolor": "white", "linecolor": "white", "ticks": ""}, "radialaxis": {"gridcolor": "white", "linecolor": "white", "ticks": ""}}, "ternary": {"bgcolor": "#E5ECF6", "aaxis": {"gridcolor": "white", "linecolor": "white", "ticks": ""}, "baxis": {"gridcolor": "white", "linecolor": "white", "ticks": ""}, "caxis": {"gridcolor": "white", "linecolor": "white", "ticks": ""}}, "coloraxis": {"colorbar": {"outlinewidth": 0, "ticks": ""}}, "colorscale": {"sequential": [[0.0, "#0d0887"], [0.1111111111111111, "#46039f"], [0.2222222222222222, "#7201a8"], [0.3333333333333333, "#9c179e"], [0.4444444444444444, "#bd3786"], [0.5555555555555556, "#d8576b"], [0.6666666666666666, "#ed7953"], [0.7777777777777778, "#fb9f3a"], [0.8888888888888888, "#fdca26"], [1.0, "#f0f921"]], "sequentialminus": [[0.0, "#0d0887"], [0.1111111111111111, "#46039f"], [0.2222222222222222, "#7201a8"], [0.3333333333333333, "#9c179e"], [0.4444444444444444, "#bd3786"], [0.5555555555555556, "#d8576b"], [0.6666666666666666, "#ed7953"], [0.7777777777777778, "#fb9f3a"], [0.8888888888888888, "#fdca26"], [1.0, "#f0f921"]], "diverging": [[0, "#8e0152"], [0.1, "#c51b7d"], [0.2, "#de77ae"], [0.3, "#f1b6da"], [0.4, "#fde0ef"], [0.5, "#f7f7f7"], [0.6, "#e6f5d0"], [0.7, "#b8e186"], [0.8, "#7fbc41"], [0.9, "#4d9221"], [1, "#276419"]]}, "xaxis": {"gridcolor": "white", "linecolor": "white", "ticks": "", "title": {"standoff": 15}, "zerolinecolor": "white", "automargin": true, "zerolinewidth": 2}, "yaxis": {"gridcolor": "white", "linecolor": "white", "ticks": "", "title": {"standoff": 15}, "zerolinecolor": "white", "automargin": true, "zerolinewidth": 2}, "scene": {"xaxis": {"backgroundcolor": "#E5ECF6", "gridcolor": "white", "linecolor": "white", "showbackground": true, "ticks": "", "zerolinecolor": "white", "gridwidth": 2}, "yaxis": {"backgroundcolor": "#E5ECF6", "gridcolor": "white", "linecolor": "white", "showbackground": true, "ticks": "", "zerolinecolor": "white", "gridwidth": 2}, "zaxis": {"backgroundcolor": "#E5ECF6", "gridcolor": "white", "linecolor": "white", "showbackground": true, "ticks": "", "zerolinecolor": "white", "gridwidth": 2}}, "shapedefaults": {"line": {"color": "#2a3f5f"}}, "annotationdefaults": {"arrowcolor": "#2a3f5f", "arrowhead": 0, "arrowwidth": 1}, "geo": {"bgcolor": "white", "landcolor": "#E5ECF6", "subunitcolor": "white", "showland": true, "showlakes": true, "lakecolor": "white"}, "title": {"x": 0.05}, "mapbox": {"style": "light"}}}}}