{"data": [{"z": [[17.75479507446289, -4.367008209228516, -2.2362208366394043, 4.9332966804504395, 4.001649856567383, 7.799421787261963, 4.209229946136475, 1.332221508026123, -1.185537576675415, 11.558856010437012, -4.329894065856934, 7.812705039978027, 7.976945877075195, -0.33263397216796875, -4.453816890716553, 4.777477264404297, 8.411742210388184, 3.3602848052978516, 0.8538931608200073, 4.466070175170898, 4.765893936157227], [-4.367008209228516, 27.1646671295166, 0.9018305540084839, -5.0714545249938965, 1.7683526277542114, -5.917358875274658, -0.3530275225639343, 6.272632598876953, 8.61838150024414, -5.679893493652344, 1.2783770561218262, -5.490993499755859, -5.420816898345947, 8.581454277038574, -0.8172193765640259, -4.580048084259033, 6.0676751136779785, -2.1487746238708496, 0.49633169174194336, -0.8395665884017944, 1.164772868156433], [-2.2362208366394043, 0.9018305540084839, 31.88689422607422, -0.5638400316238403, -2.82232403755188, 2.410240888595581, -0.2200690060853958, 7.3016557693481445, -1.2648993730545044, -1.3601256608963013, 2.380040407180786, -4.323841094970703, -1.2689980268478394, 5.9521074295043945, -0.29075300693511963, 7.359389305114746, 1.196629524230957, -0.5966837406158447, 3.561460018157959, -3.114858627319336, 4.65491247177124], [4.9332966804504395, -5.0714545249938965, -0.5638400316238403, 25.77008056640625, 0.7102407217025757, 4.573895454406738, -1.6023244857788086, -2.5343358516693115, -2.982059955596924, 8.914937973022461, -0.8853838443756104, -2.803426504135132, 8.71830940246582, -1.403131365776062, -1.2961828708648682, -1.3611235618591309, -5.488155841827393, 2.505922794342041, 1.3724393844604492, 1.0261614322662354, -1.8199779987335205], [4.001649856567383, 1.7683526277542114, -2.82232403755188, 0.7102407217025757, 27.61595344543457, 1.003721833229065, -1.9484349489212036, 2.978140115737915, -2.003103017807007, 6.883028984069824, -7.126171112060547, -1.5007625818252563, -1.6576660871505737, -2.4680562019348145, -1.191226601600647, 0.8140966892242432, 8.855856895446777, -0.10753369331359863, 9.048417091369629, 6.738190650939941, 7.7517924308776855], [7.799421787261963, -5.917358875274658, 2.410240888595581, 4.573895454406738, 1.003721833229065, 19.82124137878418, 2.153801918029785, -6.241723537445068, -8.455831527709961, 9.112890243530273, 0.9704043865203857, 3.9430525302886963, 2.2463796138763428, -0.6996641159057617, -3.9996798038482666, 2.0460007190704346, 4.661214828491211, 7.068843841552734, -2.187117576599121, -0.6803332567214966, -5.980612277984619], [4.209229946136475, -0.3530275225639343, -0.2200690060853958, -1.6023244857788086, -1.9484349489212036, 2.153801918029785, 17.751121520996094, 3.254655361175537, 6.014525890350342, 2.996507167816162, 3.7562742233276367, 4.711276531219482, -1.6807901859283447, 0.3733294606208801, 2.795699119567871, 0.6942437291145325, -2.6012420654296875, -4.852203369140625, 0.7442230582237244, 1.891655683517456, -4.077536106109619], [1.332221508026123, 6.272632598876953, 7.3016557693481445, -2.5343358516693115, 2.978140115737915, -6.241723537445068, 3.254655361175537, 20.308921813964844, 4.089536190032959, -1.0272904634475708, 6.850967884063721, -6.315208435058594, -1.601786494255066, 6.528966426849365, -3.6599037647247314, -1.5607211589813232, 8.170221328735352, -1.2141282558441162, 3.828132390975952, 4.898113250732422, 9.0084867477417], [-1.185537576675415, 8.61838150024414, -1.2648993730545044, -2.982059955596924, -2.003103017807007, -8.455831527709961, 6.014525890350342, 4.089536190032959, 18.43357276916504, -1.0704612731933594, 2.9387972354888916, -0.25155696272850037, -2.1881322860717773, 3.3466403484344482, 0.6078934073448181, -0.8566994071006775, -0.9804306030273438, -7.700562477111816, 4.627655029296875, 1.4577000141143799, 1.5488415956497192], [11.558856010437012, -5.679893493652344, -1.3601256608963013, 8.914937973022461, 6.883028984069824, 9.112890243530273, 2.996507167816162, -1.0272904634475708, -1.0704612731933594, 26.495216369628906, -4.9979448318481445, 5.629082679748535, 13.971275329589844, -5.844943046569824, -0.4503360688686371, 2.8532752990722656, 10.518287658691406, -3.0973167419433594, 3.0197510719299316, 6.7765679359436035, 2.912919044494629], [-4.329894065856934, 1.2783770561218262, 2.380040407180786, -0.8853838443756104, -7.126171112060547, 0.9704043865203857, 3.7562742233276367, 6.850967884063721, 2.9387972354888916, -4.9979448318481445, 21.525514602661133, -4.6432342529296875, -7.712029933929443, -0.26427799463272095, -1.5099824666976929, -1.3808995485305786, -3.3617422580718994, -0.17234426736831665, 0.7339053153991699, -0.5627375245094299, -7.199901580810547], [7.812705039978027, -5.490993499755859, -4.323841094970703, -2.803426504135132, -1.5007625818252563, 3.9430525302886963, 4.711276531219482, -6.315208435058594, -0.25155696272850037, 5.629082679748535, -4.6432342529296875, 27.91539192199707, 0.3069373071193695, -0.5972443222999573, 1.1160610914230347, 10.393855094909668, 1.6035451889038086, -2.4201505184173584, 8.858718872070312, 1.5497251749038696, 5.074601650238037], [7.976945877075195, -5.420816898345947, -1.2689980268478394, 8.71830940246582, -1.6576660871505737, 2.2463796138763428, -1.6807901859283447, -1.601786494255066, -2.1881322860717773, 13.971275329589844, -7.712029933929443, 0.3069373071193695, 21.82113265991211, -2.119029998779297, -1.3088598251342773, 2.7510483264923096, 7.949281692504883, -0.5462789535522461, -2.197887420654297, 6.132635116577148, 6.225963592529297], [-0.33263397216796875, 8.581454277038574, 5.9521074295043945, -1.403131365776062, -2.4680562019348145, -0.6996641159057617, 0.3733294606208801, 6.528966426849365, 3.3466403484344482, -5.844943046569824, -0.26427799463272095, -0.5972443222999573, -2.119029998779297, 24.422395706176758, -4.609201908111572, -1.2304043769836426, 7.813549041748047, 1.335284948348999, 4.982516288757324, -0.36327219009399414, 4.469793796539307], [-4.453816890716553, -0.8172193765640259, -0.29075300693511963, -1.2961828708648682, -1.191226601600647, -3.9996798038482666, 2.795699119567871, -3.6599037647247314, 0.6078934073448181, -0.4503360688686371, -1.5099824666976929, 1.1160610914230347, -1.3088598251342773, -4.609201908111572, 18.405319213867188, 2.733900308609009, -11.782238006591797, -1.8515225648880005, -4.262028217315674, -6.528924465179443, -0.0748949646949768], [4.777477264404297, -4.580048084259033, 7.359389305114746, -1.3611235618591309, 0.8140966892242432, 2.0460007190704346, 0.6942437291145325, -1.5607211589813232, -0.8566994071006775, 2.8532752990722656, -1.3808995485305786, 10.393855094909668, 2.7510483264923096, -1.2304043769836426, 2.733900308609009, 16.65471649169922, 2.056607246398926, 1.9205304384231567, 4.50784969329834, -1.265639305114746, 10.791597366333008], [8.411741256713867, 6.0676751136779785, 1.1966288089752197, -5.488155364990234, 8.855855941772461, 4.661214828491211, -2.6012420654296875, 8.170222282409668, -0.9804300665855408, 10.518288612365723, -3.3617420196533203, 1.6035447120666504, 7.949282646179199, 7.813549041748047, -11.782238960266113, 2.056607484817505, 35.125823974609375, -0.6890568733215332, 0.22142314910888672, 14.286977767944336, 11.561666488647461], [3.3602848052978516, -2.1487743854522705, -0.5966835618019104, 2.5059239864349365, -0.10753338038921356, 7.068843841552734, -4.852204322814941, -1.214128017425537, -7.700563430786133, -3.097317695617676, -0.1723441332578659, -2.4201500415802, -0.5462793707847595, 1.3352850675582886, -1.8515222072601318, 1.920531153678894, -0.6890568733215332, 22.246917724609375, 1.0526401996612549, -1.1157331466674805, -1.9380877017974854], [0.8538932800292969, 0.49633148312568665, 3.561460018157959, 1.3724392652511597, 9.048418045043945, -2.187117338180542, 0.744223415851593, 3.828132152557373, 4.627654075622559, 3.0197501182556152, 0.7339046597480774, 8.858719825744629, -2.1978871822357178, 4.982516288757324, -4.262028217315674, 4.507850170135498, 0.22142314910888672, 1.0526401996612549, 26.43172264099121, 8.211928367614746, 2.006897449493408], [4.46606969833374, -0.8395667672157288, -3.114858865737915, 1.0261614322662354, 6.738190650939941, -0.6803333163261414, 1.8916562795639038, 4.89811372756958, 1.4577001333236694, 6.7765679359436035, -0.5627369284629822, 1.5497251749038696, 6.132636070251465, -0.36327245831489563, -6.528925895690918, -1.265639066696167, 14.286977767944336, -1.1157331466674805, 8.211928367614746, 17.533870697021484, 0.4397958517074585], [4.765893936157227, 1.1647721529006958, 4.654911518096924, -1.81997811794281, 7.751792907714844, -5.980611324310303, -4.077536106109619, 9.008485794067383, 1.5488417148590088, 2.9129185676574707, -7.199901580810547, 5.074601173400879, 6.225964546203613, 4.469794273376465, -0.07489442825317383, 10.791597366333008, 11.561667442321777, -1.9380877017974854, 2.0068976879119873, 0.43979591131210327, 29.51171112060547]], "type": "heatmap"}], "layout": {"template": {"data": {"histogram2dcontour": [{"type": "histogram2dcontour", "colorbar": {"outlinewidth": 0, "ticks": ""}, "colorscale": [[0.0, "#0d0887"], [0.1111111111111111, "#46039f"], [0.2222222222222222, "#7201a8"], [0.3333333333333333, "#9c179e"], [0.4444444444444444, "#bd3786"], [0.5555555555555556, "#d8576b"], [0.6666666666666666, "#ed7953"], [0.7777777777777778, "#fb9f3a"], [0.8888888888888888, "#fdca26"], [1.0, "#f0f921"]]}], "choropleth": [{"type": "choropleth", "colorbar": {"outlinewidth": 0, "ticks": ""}}], "histogram2d": [{"type": "histogram2d", "colorbar": {"outlinewidth": 0, "ticks": ""}, "colorscale": [[0.0, "#0d0887"], [0.1111111111111111, "#46039f"], [0.2222222222222222, "#7201a8"], [0.3333333333333333, "#9c179e"], [0.4444444444444444, "#bd3786"], [0.5555555555555556, "#d8576b"], [0.6666666666666666, "#ed7953"], [0.7777777777777778, "#fb9f3a"], [0.8888888888888888, "#fdca26"], [1.0, "#f0f921"]]}], "heatmap": [{"type": "heatmap", "colorbar": {"outlinewidth": 0, "ticks": ""}, "colorscale": [[0.0, "#0d0887"], [0.1111111111111111, "#46039f"], [0.2222222222222222, "#7201a8"], [0.3333333333333333, "#9c179e"], [0.4444444444444444, "#bd3786"], [0.5555555555555556, "#d8576b"], [0.6666666666666666, "#ed7953"], [0.7777777777777778, "#fb9f3a"], [0.8888888888888888, "#fdca26"], [1.0, "#f0f921"]]}], "heatmapgl": [{"type": "heatmapgl", "colorbar": {"outlinewidth": 0, "ticks": ""}, "colorscale": [[0.0, "#0d0887"], [0.1111111111111111, "#46039f"], [0.2222222222222222, "#7201a8"], [0.3333333333333333, "#9c179e"], [0.4444444444444444, "#bd3786"], [0.5555555555555556, "#d8576b"], [0.6666666666666666, "#ed7953"], [0.7777777777777778, "#fb9f3a"], [0.8888888888888888, "#fdca26"], [1.0, "#f0f921"]]}], "contourcarpet": [{"type": "contourcarpet", "colorbar": {"outlinewidth": 0, "ticks": ""}}], "contour": [{"type": "contour", "colorbar": {"outlinewidth": 0, "ticks": ""}, "colorscale": [[0.0, "#0d0887"], [0.1111111111111111, "#46039f"], [0.2222222222222222, "#7201a8"], [0.3333333333333333, "#9c179e"], [0.4444444444444444, "#bd3786"], [0.5555555555555556, "#d8576b"], [0.6666666666666666, "#ed7953"], [0.7777777777777778, "#fb9f3a"], [0.8888888888888888, "#fdca26"], [1.0, "#f0f921"]]}], "surface": [{"type": "surface", "colorbar": {"outlinewidth": 0, "ticks": ""}, "colorscale": [[0.0, "#0d0887"], [0.1111111111111111, "#46039f"], [0.2222222222222222, "#7201a8"], [0.3333333333333333, "#9c179e"], [0.4444444444444444, "#bd3786"], [0.5555555555555556, "#d8576b"], [0.6666666666666666, "#ed7953"], [0.7777777777777778, "#fb9f3a"], [0.8888888888888888, "#fdca26"], [1.0, "#f0f921"]]}], "mesh3d": [{"type": "mesh3d", "colorbar": {"outlinewidth": 0, "ticks": ""}}], "scatter": [{"fillpattern": {"fillmode": "overlay", "size": 10, "solidity": 0.2}, "type": "scatter"}], "parcoords": [{"type": "parcoords", "line": {"colorbar": {"outlinewidth": 0, "ticks": ""}}}], "scatterpolargl": [{"type": "scatterpolargl", "marker": {"colorbar": {"outlinewidth": 0, "ticks": ""}}}], "bar": [{"error_x": {"color": "#2a3f5f"}, "error_y": {"color": "#2a3f5f"}, "marker": {"line": {"color": "#E5ECF6", "width": 0.5}, "pattern": {"fillmode": "overlay", "size": 10, "solidity": 0.2}}, "type": "bar"}], "scattergeo": [{"type": "scattergeo", "marker": {"colorbar": {"outlinewidth": 0, "ticks": ""}}}], "scatterpolar": [{"type": "scatterpolar", "marker": {"colorbar": {"outlinewidth": 0, "ticks": ""}}}], "histogram": [{"marker": {"pattern": {"fillmode": "overlay", "size": 10, "solidity": 0.2}}, "type": "histogram"}], "scattergl": [{"type": "scattergl", "marker": {"colorbar": {"outlinewidth": 0, "ticks": ""}}}], "scatter3d": [{"type": "scatter3d", "line": {"colorbar": {"outlinewidth": 0, "ticks": ""}}, "marker": {"colorbar": {"outlinewidth": 0, "ticks": ""}}}], "scattermapbox": [{"type": "scattermapbox", "marker": {"colorbar": {"outlinewidth": 0, "ticks": ""}}}], "scatterternary": [{"type": "scatterternary", "marker": {"colorbar": {"outlinewidth": 0, "ticks": ""}}}], "scattercarpet": [{"type": "scattercarpet", "marker": {"colorbar": {"outlinewidth": 0, "ticks": ""}}}], "carpet": [{"aaxis": {"endlinecolor": "#2a3f5f", "gridcolor": "white", "linecolor": "white", "minorgridcolor": "white", "startlinecolor": "#2a3f5f"}, "baxis": {"endlinecolor": "#2a3f5f", "gridcolor": "white", "linecolor": "white", "minorgridcolor": "white", "startlinecolor": "#2a3f5f"}, "type": "carpet"}], "table": [{"cells": {"fill": {"color": "#EBF0F8"}, "line": {"color": "white"}}, "header": {"fill": {"color": "#C8D4E3"}, "line": {"color": "white"}}, "type": "table"}], "barpolar": [{"marker": {"line": {"color": "#E5ECF6", "width": 0.5}, "pattern": {"fillmode": "overlay", "size": 10, "solidity": 0.2}}, "type": "barpolar"}], "pie": [{"automargin": true, "type": "pie"}]}, "layout": {"autotypenumbers": "strict", "colorway": ["#636efa", "#EF553B", "#00cc96", "#ab63fa", "#FFA15A", "#19d3f3", "#FF6692", "#B6E880", "#FF97FF", "#FECB52"], "font": {"color": "#2a3f5f"}, "hovermode": "closest", "hoverlabel": {"align": "left"}, "paper_bgcolor": "white", "plot_bgcolor": "#E5ECF6", "polar": {"bgcolor": "#E5ECF6", "angularaxis": {"gridcolor": "white", "linecolor": "white", "ticks": ""}, "radialaxis": {"gridcolor": "white", "linecolor": "white", "ticks": ""}}, "ternary": {"bgcolor": "#E5ECF6", "aaxis": {"gridcolor": "white", "linecolor": "white", "ticks": ""}, "baxis": {"gridcolor": "white", "linecolor": "white", "ticks": ""}, "caxis": {"gridcolor": "white", "linecolor": "white", "ticks": ""}}, "coloraxis": {"colorbar": {"outlinewidth": 0, "ticks": ""}}, "colorscale": {"sequential": [[0.0, "#0d0887"], [0.1111111111111111, "#46039f"], [0.2222222222222222, "#7201a8"], [0.3333333333333333, "#9c179e"], [0.4444444444444444, "#bd3786"], [0.5555555555555556, "#d8576b"], [0.6666666666666666, "#ed7953"], [0.7777777777777778, "#fb9f3a"], [0.8888888888888888, "#fdca26"], [1.0, "#f0f921"]], "sequentialminus": [[0.0, "#0d0887"], [0.1111111111111111, "#46039f"], [0.2222222222222222, "#7201a8"], [0.3333333333333333, "#9c179e"], [0.4444444444444444, "#bd3786"], [0.5555555555555556, "#d8576b"], [0.6666666666666666, "#ed7953"], [0.7777777777777778, "#fb9f3a"], [0.8888888888888888, "#fdca26"], [1.0, "#f0f921"]], "diverging": [[0, "#8e0152"], [0.1, "#c51b7d"], [0.2, "#de77ae"], [0.3, "#f1b6da"], [0.4, "#fde0ef"], [0.5, "#f7f7f7"], [0.6, "#e6f5d0"], [0.7, "#b8e186"], [0.8, "#7fbc41"], [0.9, "#4d9221"], [1, "#276419"]]}, "xaxis": {"gridcolor": "white", "linecolor": "white", "ticks": "", "title": {"standoff": 15}, "zerolinecolor": "white", "automargin": true, "zerolinewidth": 2}, "yaxis": {"gridcolor": "white", "linecolor": "white", "ticks": "", "title": {"standoff": 15}, "zerolinecolor": "white", "automargin": true, "zerolinewidth": 2}, "scene": {"xaxis": {"backgroundcolor": "#E5ECF6", "gridcolor": "white", "linecolor": "white", "showbackground": true, "ticks": "", "zerolinecolor": "white", "gridwidth": 2}, "yaxis": {"backgroundcolor": "#E5ECF6", "gridcolor": "white", "linecolor": "white", "showbackground": true, "ticks": "", "zerolinecolor": "white", "gridwidth": 2}, "zaxis": {"backgroundcolor": "#E5ECF6", "gridcolor": "white", "linecolor": "white", "showbackground": true, "ticks": "", "zerolinecolor": "white", "gridwidth": 2}}, "shapedefaults": {"line": {"color": "#2a3f5f"}}, "annotationdefaults": {"arrowcolor": "#2a3f5f", "arrowhead": 0, "arrowwidth": 1}, "geo": {"bgcolor": "white", "landcolor": "#E5ECF6", "subunitcolor": "white", "showland": true, "showlakes": true, "lakecolor": "white"}, "title": {"x": 0.05}, "mapbox": {"style": "light"}}}}}