{"data": [{"z": [[17.7437801361084, -4.372270107269287, -2.2333946228027344, 4.929894924163818, 4.00662088394165, 7.798658847808838, 4.199336051940918, 1.32981538772583, -1.1818928718566895, 11.553786277770996, -4.329996585845947, 7.812192440032959, 7.97849702835083, -0.33413732051849365, -4.457030773162842, 4.767396450042725, 8.396402359008789, 3.3522422313690186, 0.8526300191879272, 4.466805458068848, 4.7616658210754395], [-4.372270107269287, 27.164020538330078, 0.9063390493392944, -5.072566032409668, 1.77548086643219, -5.9166259765625, -0.35700833797454834, 6.273033142089844, 8.618690490722656, -5.682644367218018, 1.2846276760101318, -5.482528209686279, -5.414440155029297, 8.587026596069336, -0.8192058205604553, -4.5858869552612305, 6.055073261260986, -2.1480374336242676, 0.48926758766174316, -0.8325122594833374, 1.1635545492172241], [-2.2333946228027344, 0.9063390493392944, 31.890239715576172, -0.5649665594100952, -2.814797878265381, 2.411900520324707, -0.23072323203086853, 7.308199405670166, -1.260229229927063, -1.3643097877502441, 2.3835737705230713, -4.319247245788574, -1.263486385345459, 5.9543046951293945, -0.29295551776885986, 7.353382587432861, 1.1864020824432373, -0.6031908988952637, 3.556429862976074, -3.1046700477600098, 4.656620025634766], [4.929894924163818, -5.072566032409668, -0.5649665594100952, 25.763256072998047, 0.7114231586456299, 4.576770305633545, -1.610119342803955, -2.532912492752075, -2.981215715408325, 8.910862922668457, -0.8860514760017395, -2.8016293048858643, 8.718268394470215, -1.4023884534835815, -1.2970023155212402, -1.3656272888183594, -5.5059494972229, 2.502169609069824, 1.3655307292938232, 1.0328859090805054, -1.8234021663665771], [4.00662088394165, 1.77548086643219, -2.814797878265381, 0.7114231586456299, 27.616567611694336, 1.0001211166381836, -1.9480880498886108, 2.9799535274505615, -2.0002169609069824, 6.885487079620361, -7.116188049316406, -1.4991356134414673, -1.6560622453689575, -2.46370267868042, -1.188266634941101, 0.8130106925964355, 8.860282897949219, -0.1042008101940155, 9.043846130371094, 6.742080211639404, 7.755185127258301], [7.798658847808838, -5.9166259765625, 2.411900520324707, 4.576770305633545, 1.0001211166381836, 19.83894157409668, 2.154263496398926, -6.231077671051025, -8.451354026794434, 9.11706829071045, 0.9683417081832886, 3.9438681602478027, 2.2481698989868164, -0.6965184807777405, -3.9892513751983643, 2.0564985275268555, 4.658374309539795, 7.073385238647461, -2.1804869174957275, -0.6707390546798706, -5.97770357131958], [4.199336051940918, -0.35700833797454834, -0.23072323203086853, -1.610119342803955, -1.9480880498886108, 2.154263496398926, 17.744699478149414, 3.253837823867798, 6.008906364440918, 2.9843766689300537, 3.7492122650146484, 4.712655067443848, -1.6786530017852783, 0.3689616024494171, 2.787099838256836, 0.6889225840568542, -2.616006851196289, -4.85732364654541, 0.7350701093673706, 1.8845152854919434, -4.080895900726318], [1.32981538772583, 6.273033142089844, 7.308199405670166, -2.532912492752075, 2.9799535274505615, -6.231077671051025, 3.253837823867798, 20.314359664916992, 4.090404510498047, -1.023152232170105, 6.857139587402344, -6.306384563446045, -1.594639539718628, 6.5390496253967285, -3.652088165283203, -1.5581846237182617, 8.160139083862305, -1.2051353454589844, 3.827963352203369, 4.913408279418945, 9.010374069213867], [-1.1818928718566895, 8.618690490722656, -1.260229229927063, -2.981215715408325, -2.0002169609069824, -8.451354026794434, 6.008906364440918, 4.090404510498047, 18.43903160095215, -1.0704036951065063, 2.9426753520965576, -0.24855823814868927, -2.1863200664520264, 3.3497018814086914, 0.6121962666511536, -0.8548934459686279, -0.9864109754562378, -7.700251579284668, 4.6255974769592285, 1.4674592018127441, 1.550778865814209], [11.553786277770996, -5.682644367218018, -1.3643097877502441, 8.910862922668457, 6.885487079620361, 9.11706829071045, 2.9843766689300537, -1.023152232170105, -1.0704036951065063, 26.491531372070312, -4.999363422393799, 5.627267360687256, 13.972493171691895, -5.842690467834473, -0.4548189342021942, 2.842186212539673, 10.503314971923828, -3.1041057109832764, 3.013617515563965, 6.786159515380859, 2.9087047576904297], [-4.329996585845947, 1.2846276760101318, 2.3835737705230713, -0.8860514760017395, -7.116188049316406, 0.9683417081832886, 3.7492122650146484, 6.857139587402344, 2.9426753520965576, -4.999363422393799, 21.531801223754883, -4.635222911834717, -7.7063822746276855, -0.2595386505126953, -1.5136727094650269, -1.3853192329406738, -3.3686375617980957, -0.17671221494674683, 0.7274372577667236, -0.5517579317092896, -7.197362899780273], [7.812192440032959, -5.482528209686279, -4.319247245788574, -2.8016293048858643, -1.4991356134414673, 3.9438681602478027, 4.712655067443848, -6.306384563446045, -0.24855823814868927, 5.627267360687256, -4.635222911834717, 27.9160099029541, 0.31361106038093567, -0.5950401425361633, 1.1159101724624634, 10.390861511230469, 1.6140811443328857, -2.4188122749328613, 8.852762222290039, 1.5492933988571167, 5.076825141906738], [7.97849702835083, -5.414440155029297, -1.263486385345459, 8.718268394470215, -1.6560622453689575, 2.2481698989868164, -1.6786530017852783, -1.594639539718628, -2.1863200664520264, 13.972493171691895, -7.7063822746276855, 0.31361106038093567, 21.826404571533203, -2.1150097846984863, -1.3044524192810059, 2.754786968231201, 7.950645923614502, -0.542391300201416, -2.1990866661071777, 6.134870529174805, 6.230354309082031], [-0.33413732051849365, 8.587026596069336, 5.9543046951293945, -1.4023884534835815, -2.46370267868042, -0.6965184807777405, 0.3689616024494171, 6.5390496253967285, 3.3497018814086914, -5.842690467834473, -0.2595386505126953, -0.5950401425361633, -2.1150097846984863, 24.433372497558594, -4.610522270202637, -1.2360395193099976, 7.8047637939453125, 1.3338253498077393, 4.973069190979004, -0.349785715341568, 4.469415187835693], [-4.457030773162842, -0.8192058205604553, -0.29295551776885986, -1.2970023155212402, -1.188266634941101, -3.9892513751983643, 2.787099838256836, -3.652088165283203, 0.6121962666511536, -0.4548189342021942, -1.5136727094650269, 1.1159101724624634, -1.3044524192810059, -4.610522270202637, 18.407007217407227, 2.7335383892059326, -11.792373657226562, -1.8565715551376343, -4.260605812072754, -6.5203657150268555, -0.07372763752937317], [4.767396450042725, -4.5858869552612305, 7.353382587432861, -1.3656272888183594, 0.8130106925964355, 2.0564985275268555, 0.6889225840568542, -1.5581846237182617, -0.8548934459686279, 2.842186212539673, -1.3853192329406738, 10.390861511230469, 2.754786968231201, -1.2360395193099976, 2.7335383892059326, 16.652902603149414, 2.046311855316162, 1.9167999029159546, 4.503665924072266, -1.2659621238708496, 10.788005828857422], [8.396402359008789, 6.055072784423828, 1.1864025592803955, -5.505948543548584, 8.860282897949219, 4.658374309539795, -2.61600661277771, 8.160139083862305, -0.9864111542701721, 10.503315925598145, -3.3686373233795166, 1.6140810251235962, 7.950645446777344, 7.8047637939453125, -11.79237174987793, 2.046311616897583, 35.101688385009766, -0.6953738927841187, 0.20891332626342773, 14.280265808105469, 11.556382179260254], [3.3522424697875977, -2.1480374336242676, -0.6031911969184875, 2.5021700859069824, -0.10420071333646774, 7.073385238647461, -4.85732364654541, -1.2051353454589844, -7.700252056121826, -3.104104995727539, -0.1767127513885498, -2.4188125133514404, -0.5423921942710876, 1.333824872970581, -1.8565722703933716, 1.9167999029159546, -0.6953738927841187, 22.240501403808594, 1.0482263565063477, -1.1136338710784912, -1.9389867782592773], [0.8526302576065063, 0.48926758766174316, 3.5564303398132324, 1.365531325340271, 9.043845176696777, -2.1804869174957275, 0.735069990158081, 3.827963352203369, 4.625596523284912, 3.0136172771453857, 0.7274375557899475, 8.852762222290039, -2.1990854740142822, 4.973069667816162, -4.260605335235596, 4.503665447235107, 0.20891332626342773, 1.0482263565063477, 26.435182571411133, 8.206897735595703, 2.003167152404785], [4.466804504394531, -0.8325120210647583, -3.104671001434326, 1.0328861474990845, 6.742080211639404, -0.6707390546798706, 1.8845152854919434, 4.913409233093262, 1.4674592018127441, 6.786159038543701, -0.5517581701278687, 1.549293041229248, 6.134871006011963, -0.34978562593460083, -6.520365238189697, -1.2659623622894287, 14.280265808105469, -1.1136338710784912, 8.206897735595703, 17.561723709106445, 0.4406161606311798], [4.761666297912598, 1.163554072380066, 4.656620025634766, -1.823401927947998, 7.755184173583984, -5.977703094482422, -4.080896854400635, 9.010374069213867, 1.5507786273956299, 2.908705234527588, -7.197362899780273, 5.076825141906738, 6.2303547859191895, 4.469415664672852, -0.07372784614562988, 10.788005828857422, 11.556382179260254, -1.9389865398406982, 2.0031673908233643, 0.4406158924102783, 29.51171112060547]], "type": "heatmap"}], "layout": {"template": {"data": {"histogram2dcontour": [{"type": "histogram2dcontour", "colorbar": {"outlinewidth": 0, "ticks": ""}, "colorscale": [[0.0, "#0d0887"], [0.1111111111111111, "#46039f"], [0.2222222222222222, "#7201a8"], [0.3333333333333333, "#9c179e"], [0.4444444444444444, "#bd3786"], [0.5555555555555556, "#d8576b"], [0.6666666666666666, "#ed7953"], [0.7777777777777778, "#fb9f3a"], [0.8888888888888888, "#fdca26"], [1.0, "#f0f921"]]}], "choropleth": [{"type": "choropleth", "colorbar": {"outlinewidth": 0, "ticks": ""}}], "histogram2d": [{"type": "histogram2d", "colorbar": {"outlinewidth": 0, "ticks": ""}, "colorscale": [[0.0, "#0d0887"], [0.1111111111111111, "#46039f"], [0.2222222222222222, "#7201a8"], [0.3333333333333333, "#9c179e"], [0.4444444444444444, "#bd3786"], [0.5555555555555556, "#d8576b"], [0.6666666666666666, "#ed7953"], [0.7777777777777778, "#fb9f3a"], [0.8888888888888888, "#fdca26"], [1.0, "#f0f921"]]}], "heatmap": [{"type": "heatmap", "colorbar": {"outlinewidth": 0, "ticks": ""}, "colorscale": [[0.0, "#0d0887"], [0.1111111111111111, "#46039f"], [0.2222222222222222, "#7201a8"], [0.3333333333333333, "#9c179e"], [0.4444444444444444, "#bd3786"], [0.5555555555555556, "#d8576b"], [0.6666666666666666, "#ed7953"], [0.7777777777777778, "#fb9f3a"], [0.8888888888888888, "#fdca26"], [1.0, "#f0f921"]]}], "heatmapgl": [{"type": "heatmapgl", "colorbar": {"outlinewidth": 0, "ticks": ""}, "colorscale": [[0.0, "#0d0887"], [0.1111111111111111, "#46039f"], [0.2222222222222222, "#7201a8"], [0.3333333333333333, "#9c179e"], [0.4444444444444444, "#bd3786"], [0.5555555555555556, "#d8576b"], [0.6666666666666666, "#ed7953"], [0.7777777777777778, "#fb9f3a"], [0.8888888888888888, "#fdca26"], [1.0, "#f0f921"]]}], "contourcarpet": [{"type": "contourcarpet", "colorbar": {"outlinewidth": 0, "ticks": ""}}], "contour": [{"type": "contour", "colorbar": {"outlinewidth": 0, "ticks": ""}, "colorscale": [[0.0, "#0d0887"], [0.1111111111111111, "#46039f"], [0.2222222222222222, "#7201a8"], [0.3333333333333333, "#9c179e"], [0.4444444444444444, "#bd3786"], [0.5555555555555556, "#d8576b"], [0.6666666666666666, "#ed7953"], [0.7777777777777778, "#fb9f3a"], [0.8888888888888888, "#fdca26"], [1.0, "#f0f921"]]}], "surface": [{"type": "surface", "colorbar": {"outlinewidth": 0, "ticks": ""}, "colorscale": [[0.0, "#0d0887"], [0.1111111111111111, "#46039f"], [0.2222222222222222, "#7201a8"], [0.3333333333333333, "#9c179e"], [0.4444444444444444, "#bd3786"], [0.5555555555555556, "#d8576b"], [0.6666666666666666, "#ed7953"], [0.7777777777777778, "#fb9f3a"], [0.8888888888888888, "#fdca26"], [1.0, "#f0f921"]]}], "mesh3d": [{"type": "mesh3d", "colorbar": {"outlinewidth": 0, "ticks": ""}}], "scatter": [{"fillpattern": {"fillmode": "overlay", "size": 10, "solidity": 0.2}, "type": "scatter"}], "parcoords": [{"type": "parcoords", "line": {"colorbar": {"outlinewidth": 0, "ticks": ""}}}], "scatterpolargl": [{"type": "scatterpolargl", "marker": {"colorbar": {"outlinewidth": 0, "ticks": ""}}}], "bar": [{"error_x": {"color": "#2a3f5f"}, "error_y": {"color": "#2a3f5f"}, "marker": {"line": {"color": "#E5ECF6", "width": 0.5}, "pattern": {"fillmode": "overlay", "size": 10, "solidity": 0.2}}, "type": "bar"}], "scattergeo": [{"type": "scattergeo", "marker": {"colorbar": {"outlinewidth": 0, "ticks": ""}}}], "scatterpolar": [{"type": "scatterpolar", "marker": {"colorbar": {"outlinewidth": 0, "ticks": ""}}}], "histogram": [{"marker": {"pattern": {"fillmode": "overlay", "size": 10, "solidity": 0.2}}, "type": "histogram"}], "scattergl": [{"type": "scattergl", "marker": {"colorbar": {"outlinewidth": 0, "ticks": ""}}}], "scatter3d": [{"type": "scatter3d", "line": {"colorbar": {"outlinewidth": 0, "ticks": ""}}, "marker": {"colorbar": {"outlinewidth": 0, "ticks": ""}}}], "scattermapbox": [{"type": "scattermapbox", "marker": {"colorbar": {"outlinewidth": 0, "ticks": ""}}}], "scatterternary": [{"type": "scatterternary", "marker": {"colorbar": {"outlinewidth": 0, "ticks": ""}}}], "scattercarpet": [{"type": "scattercarpet", "marker": {"colorbar": {"outlinewidth": 0, "ticks": ""}}}], "carpet": [{"aaxis": {"endlinecolor": "#2a3f5f", "gridcolor": "white", "linecolor": "white", "minorgridcolor": "white", "startlinecolor": "#2a3f5f"}, "baxis": {"endlinecolor": "#2a3f5f", "gridcolor": "white", "linecolor": "white", "minorgridcolor": "white", "startlinecolor": "#2a3f5f"}, "type": "carpet"}], "table": [{"cells": {"fill": {"color": "#EBF0F8"}, "line": {"color": "white"}}, "header": {"fill": {"color": "#C8D4E3"}, "line": {"color": "white"}}, "type": "table"}], "barpolar": [{"marker": {"line": {"color": "#E5ECF6", "width": 0.5}, "pattern": {"fillmode": "overlay", "size": 10, "solidity": 0.2}}, "type": "barpolar"}], "pie": [{"automargin": true, "type": "pie"}]}, "layout": {"autotypenumbers": "strict", "colorway": ["#636efa", "#EF553B", "#00cc96", "#ab63fa", "#FFA15A", "#19d3f3", "#FF6692", "#B6E880", "#FF97FF", "#FECB52"], "font": {"color": "#2a3f5f"}, "hovermode": "closest", "hoverlabel": {"align": "left"}, "paper_bgcolor": "white", "plot_bgcolor": "#E5ECF6", "polar": {"bgcolor": "#E5ECF6", "angularaxis": {"gridcolor": "white", "linecolor": "white", "ticks": ""}, "radialaxis": {"gridcolor": "white", "linecolor": "white", "ticks": ""}}, "ternary": {"bgcolor": "#E5ECF6", "aaxis": {"gridcolor": "white", "linecolor": "white", "ticks": ""}, "baxis": {"gridcolor": "white", "linecolor": "white", "ticks": ""}, "caxis": {"gridcolor": "white", "linecolor": "white", "ticks": ""}}, "coloraxis": {"colorbar": {"outlinewidth": 0, "ticks": ""}}, "colorscale": {"sequential": [[0.0, "#0d0887"], [0.1111111111111111, "#46039f"], [0.2222222222222222, "#7201a8"], [0.3333333333333333, "#9c179e"], [0.4444444444444444, "#bd3786"], [0.5555555555555556, "#d8576b"], [0.6666666666666666, "#ed7953"], [0.7777777777777778, "#fb9f3a"], [0.8888888888888888, "#fdca26"], [1.0, "#f0f921"]], "sequentialminus": [[0.0, "#0d0887"], [0.1111111111111111, "#46039f"], [0.2222222222222222, "#7201a8"], [0.3333333333333333, "#9c179e"], [0.4444444444444444, "#bd3786"], [0.5555555555555556, "#d8576b"], [0.6666666666666666, "#ed7953"], [0.7777777777777778, "#fb9f3a"], [0.8888888888888888, "#fdca26"], [1.0, "#f0f921"]], "diverging": [[0, "#8e0152"], [0.1, "#c51b7d"], [0.2, "#de77ae"], [0.3, "#f1b6da"], [0.4, "#fde0ef"], [0.5, "#f7f7f7"], [0.6, "#e6f5d0"], [0.7, "#b8e186"], [0.8, "#7fbc41"], [0.9, "#4d9221"], [1, "#276419"]]}, "xaxis": {"gridcolor": "white", "linecolor": "white", "ticks": "", "title": {"standoff": 15}, "zerolinecolor": "white", "automargin": true, "zerolinewidth": 2}, "yaxis": {"gridcolor": "white", "linecolor": "white", "ticks": "", "title": {"standoff": 15}, "zerolinecolor": "white", "automargin": true, "zerolinewidth": 2}, "scene": {"xaxis": {"backgroundcolor": "#E5ECF6", "gridcolor": "white", "linecolor": "white", "showbackground": true, "ticks": "", "zerolinecolor": "white", "gridwidth": 2}, "yaxis": {"backgroundcolor": "#E5ECF6", "gridcolor": "white", "linecolor": "white", "showbackground": true, "ticks": "", "zerolinecolor": "white", "gridwidth": 2}, "zaxis": {"backgroundcolor": "#E5ECF6", "gridcolor": "white", "linecolor": "white", "showbackground": true, "ticks": "", "zerolinecolor": "white", "gridwidth": 2}}, "shapedefaults": {"line": {"color": "#2a3f5f"}}, "annotationdefaults": {"arrowcolor": "#2a3f5f", "arrowhead": 0, "arrowwidth": 1}, "geo": {"bgcolor": "white", "landcolor": "#E5ECF6", "subunitcolor": "white", "showland": true, "showlakes": true, "lakecolor": "white"}, "title": {"x": 0.05}, "mapbox": {"style": "light"}}}}}