{"data": [{"z": [[17.74360466003418, -4.372236728668213, -2.23331880569458, 4.929638862609863, 4.006560325622559, 7.798360824584961, 4.199009895324707, 1.3297781944274902, -1.1820313930511475, 11.55371379852295, -4.329855918884277, 7.811784744262695, 7.978464603424072, -0.33416154980659485, -4.457324504852295, 4.766963481903076, 8.396291732788086, 3.3520944118499756, 0.8524627089500427, 4.466706275939941, 4.76108455657959], [-4.372236728668213, 27.164085388183594, 0.9065614342689514, -5.072614669799805, 1.7756667137145996, -5.9167256355285645, -0.35718879103660583, 6.273044586181641, 8.618629455566406, -5.682674407958984, 1.2848687171936035, -5.482442855834961, -5.414366722106934, 8.587244033813477, -0.8192132711410522, -4.585963726043701, 6.054849147796631, -2.1480302810668945, 0.4891470670700073, -0.8322319984436035, 1.1635289192199707], [-2.23331880569458, 0.9065614342689514, 31.890535354614258, -0.5647590756416321, -2.814358949661255, 2.4120137691497803, -0.23108932375907898, 7.308485507965088, -1.2598178386688232, -1.3644609451293945, 2.383934497833252, -4.318844318389893, -1.2630292177200317, 5.954342365264893, -0.29282477498054504, 7.353267669677734, 1.1862778663635254, -0.6032319068908691, 3.556429862976074, -3.1042652130126953, 4.656754493713379], [4.929638862609863, -5.072614669799805, -0.5647590756416321, 25.76335334777832, 0.7117976546287537, 4.57734489440918, -1.6104397773742676, -2.5325396060943604, -2.980877637863159, 8.910564422607422, -0.8858709335327148, -2.8010120391845703, 8.718772888183594, -1.4021888971328735, -1.2966551780700684, -1.3654323816299438, -5.506410121917725, 2.5024967193603516, 1.3651671409606934, 1.0332977771759033, -1.8231861591339111], [4.006560325622559, 1.7756667137145996, -2.814358949661255, 0.7117976546287537, 27.616968154907227, 1.000370740890503, -1.9481420516967773, 2.98020076751709, -1.99971604347229, 6.885339260101318, -7.115655422210693, -1.498516321182251, -1.6555960178375244, -2.4635698795318604, -1.1878618001937866, 0.8130643367767334, 8.860182762145996, -0.10402777791023254, 9.043652534484863, 6.7423295974731445, 7.755638122558594], [7.798360824584961, -5.9167256355285645, 2.4120137691497803, 4.57734489440918, 1.000370740890503, 19.84001350402832, 2.154313802719116, -6.230427265167236, -8.450911521911621, 9.117124557495117, 0.9683178663253784, 3.944427490234375, 2.248657703399658, -0.6962903141975403, -3.9885756969451904, 2.0570478439331055, 4.658163070678711, 7.073725700378418, -2.1800425052642822, -0.670280933380127, -5.977155685424805], [4.199009895324707, -0.35718879103660583, -0.23108932375907898, -1.6104397773742676, -1.9481420516967773, 2.154313802719116, 17.744558334350586, 3.2538411617279053, 6.008727550506592, 2.984066963195801, 3.7489123344421387, 4.712603569030762, -1.6785777807235718, 0.3686729371547699, 2.7868120670318604, 0.6887922883033752, -2.6160550117492676, -4.857377052307129, 0.7348867654800415, 1.8840250968933105, -4.081238269805908], [1.3297781944274902, 6.273044586181641, 7.308485507965088, -2.5325396060943604, 2.98020076751709, -6.230427265167236, 3.2538411617279053, 20.31473731994629, 4.090549945831299, -1.0230473279953003, 6.8573784828186035, -6.305862903594971, -1.594237208366394, 6.539512634277344, -3.651526927947998, -1.5578596591949463, 8.159883499145508, -1.2046668529510498, 3.8281311988830566, 4.914024353027344, 9.01089859008789], [-1.1820313930511475, 8.618629455566406, -1.2598178386688232, -2.980877637863159, -1.99971604347229, -8.450911521911621, 6.008727550506592, 4.090549945831299, 18.4395809173584, -1.0705026388168335, 2.9428727626800537, -0.24789771437644958, -2.1859242916107178, 3.3499670028686523, 0.612623393535614, -0.8545697331428528, -0.986924409866333, -7.700080871582031, 4.625565528869629, 1.468077301979065, 1.5512728691101074], [11.55371379852295, -5.682674407958984, -1.3644609451293945, 8.910564422607422, 6.885339260101318, 9.117124557495117, 2.984066963195801, -1.0230473279953003, -1.0705026388168335, 26.491682052612305, -4.999362468719482, 5.626944541931152, 13.972382545471191, -5.842615127563477, -0.45515164732933044, 2.841721773147583, 10.503142356872559, -3.1041829586029053, 3.013319969177246, 6.786313533782959, 2.908162832260132], [-4.329855918884277, 1.2848687171936035, 2.383934497833252, -0.8858709335327148, -7.115655422210693, 0.9683178663253784, 3.7489123344421387, 6.8573784828186035, 2.9428727626800537, -4.999362468719482, 21.53227996826172, -4.6348137855529785, -7.706020832061768, -0.259213924407959, -1.51350736618042, -1.3852643966674805, -3.368706226348877, -0.1766635775566101, 0.7274188995361328, -0.5511661767959595, -7.19704532623291], [7.811784744262695, -5.482442855834961, -4.318844318389893, -2.8010120391845703, -1.498516321182251, 3.944427490234375, 4.712603569030762, -6.305862903594971, -0.24789771437644958, 5.626944541931152, -4.6348137855529785, 27.916736602783203, 0.3144230842590332, -0.5951011180877686, 1.1163451671600342, 10.390871047973633, 1.61431884765625, -2.4186160564422607, 8.852827072143555, 1.5492591857910156, 5.077290058135986], [7.978464603424072, -5.414366722106934, -1.2630292177200317, 8.718772888183594, -1.6555960178375244, 2.248657703399658, -1.6785777807235718, -1.594237208366394, -2.1859242916107178, 13.972382545471191, -7.706020832061768, 0.3144230842590332, 21.827007293701172, -2.114870548248291, -1.3037989139556885, 2.755152702331543, 7.95057487487793, -0.542121171951294, -2.1987833976745605, 6.134979248046875, 6.231021404266357], [-0.33416154980659485, 8.587244033813477, 5.954342365264893, -1.4021888971328735, -2.4635698795318604, -0.6962903141975403, 0.3686729371547699, 6.539512634277344, 3.3499670028686523, -5.842615127563477, -0.259213924407959, -0.5951011180877686, -2.114870548248291, 24.433958053588867, -4.61043643951416, -1.2362157106399536, 7.804558753967285, 1.333833932876587, 4.972801208496094, -0.34921425580978394, 4.4693684577941895], [-4.457324504852295, -0.8192132711410522, -0.29282477498054504, -1.2966551780700684, -1.1878618001937866, -3.9885756969451904, 2.7868120670318604, -3.651526927947998, 0.612623393535614, -0.45515164732933044, -1.51350736618042, 1.1163451671600342, -1.3037989139556885, -4.61043643951416, 18.407487869262695, 2.733780860900879, -11.792402267456055, -1.856237769126892, -4.260554313659668, -6.520002365112305, -0.07347206771373749], [4.766963481903076, -4.585963726043701, 7.353267669677734, -1.3654323816299438, 0.8130643367767334, 2.0570478439331055, 0.6887922883033752, -1.5578596591949463, -0.8545697331428528, 2.841721773147583, -1.3852643966674805, 10.390871047973633, 2.755152702331543, -1.2362157106399536, 2.733780860900879, 16.65305519104004, 2.046339511871338, 1.9169999361038208, 4.503600120544434, -1.2660983800888062, 10.787957191467285], [8.39629077911377, 6.054847717285156, 1.1862763166427612, -5.506410598754883, 8.86018180847168, 4.658162593841553, -2.6160550117492676, 8.159882545471191, -0.9869244694709778, 10.503142356872559, -3.368706464767456, 1.61431884765625, 7.95057487487793, 7.804559230804443, -11.792403221130371, 2.046339511871338, 35.10118103027344, -0.695351243019104, 0.20870733261108398, 14.27988052368164, 11.556211471557617], [3.3520941734313965, -2.1480300426483154, -0.6032319664955139, 2.5024969577789307, -0.10402774810791016, 7.073726177215576, -4.857377052307129, -1.2046667337417603, -7.700080871582031, -3.104182243347168, -0.17666378617286682, -2.41861629486084, -0.5421212911605835, 1.3338340520858765, -1.8562372922897339, 1.9170000553131104, -0.695351243019104, 22.240676879882812, 1.0484126806259155, -1.1135079860687256, -1.9387379884719849], [0.8524625897407532, 0.4891468584537506, 3.556429386138916, 1.3651677370071411, 9.043651580810547, -2.1800425052642822, 0.7348868250846863, 3.828131675720215, 4.625565528869629, 3.013319492340088, 0.7274189591407776, 8.852826118469238, -2.1987833976745605, 4.972801208496094, -4.260554313659668, 4.503599643707275, 0.20870733261108398, 1.0484126806259155, 26.435077667236328, 8.206403732299805, 2.002812147140503], [4.4667067527771, -0.8322317004203796, -3.1042652130126953, 1.0332973003387451, 6.742331027984619, -0.6702808737754822, 1.884024977684021, 4.914024829864502, 1.4680774211883545, 6.786314010620117, -0.551165759563446, 1.549258828163147, 6.134978294372559, -0.3492141366004944, -6.5200018882751465, -1.2660988569259644, 14.27988052368164, -1.1135079860687256, 8.206403732299805, 17.562856674194336, 0.44061240553855896], [4.761084079742432, 1.1635286808013916, 4.656754016876221, -1.823185920715332, 7.755638122558594, -5.977155685424805, -4.08123779296875, 9.01089859008789, 1.551273226737976, 2.908163070678711, -7.197044372558594, 5.0772905349731445, 6.231021404266357, 4.469368934631348, -0.07347249984741211, 10.787958145141602, 11.556211471557617, -1.9387377500534058, 2.002812385559082, 0.44061243534088135, 29.51171112060547]], "type": "heatmap"}], "layout": {"template": {"data": {"histogram2dcontour": [{"type": "histogram2dcontour", "colorbar": {"outlinewidth": 0, "ticks": ""}, "colorscale": [[0.0, "#0d0887"], [0.1111111111111111, "#46039f"], [0.2222222222222222, "#7201a8"], [0.3333333333333333, "#9c179e"], [0.4444444444444444, "#bd3786"], [0.5555555555555556, "#d8576b"], [0.6666666666666666, "#ed7953"], [0.7777777777777778, "#fb9f3a"], [0.8888888888888888, "#fdca26"], [1.0, "#f0f921"]]}], "choropleth": [{"type": "choropleth", "colorbar": {"outlinewidth": 0, "ticks": ""}}], "histogram2d": [{"type": "histogram2d", "colorbar": {"outlinewidth": 0, "ticks": ""}, "colorscale": [[0.0, "#0d0887"], [0.1111111111111111, "#46039f"], [0.2222222222222222, "#7201a8"], [0.3333333333333333, "#9c179e"], [0.4444444444444444, "#bd3786"], [0.5555555555555556, "#d8576b"], [0.6666666666666666, "#ed7953"], [0.7777777777777778, "#fb9f3a"], [0.8888888888888888, "#fdca26"], [1.0, "#f0f921"]]}], "heatmap": [{"type": "heatmap", "colorbar": {"outlinewidth": 0, "ticks": ""}, "colorscale": [[0.0, "#0d0887"], [0.1111111111111111, "#46039f"], [0.2222222222222222, "#7201a8"], [0.3333333333333333, "#9c179e"], [0.4444444444444444, "#bd3786"], [0.5555555555555556, "#d8576b"], [0.6666666666666666, "#ed7953"], [0.7777777777777778, "#fb9f3a"], [0.8888888888888888, "#fdca26"], [1.0, "#f0f921"]]}], "heatmapgl": [{"type": "heatmapgl", "colorbar": {"outlinewidth": 0, "ticks": ""}, "colorscale": [[0.0, "#0d0887"], [0.1111111111111111, "#46039f"], [0.2222222222222222, "#7201a8"], [0.3333333333333333, "#9c179e"], [0.4444444444444444, "#bd3786"], [0.5555555555555556, "#d8576b"], [0.6666666666666666, "#ed7953"], [0.7777777777777778, "#fb9f3a"], [0.8888888888888888, "#fdca26"], [1.0, "#f0f921"]]}], "contourcarpet": [{"type": "contourcarpet", "colorbar": {"outlinewidth": 0, "ticks": ""}}], "contour": [{"type": "contour", "colorbar": {"outlinewidth": 0, "ticks": ""}, "colorscale": [[0.0, "#0d0887"], [0.1111111111111111, "#46039f"], [0.2222222222222222, "#7201a8"], [0.3333333333333333, "#9c179e"], [0.4444444444444444, "#bd3786"], [0.5555555555555556, "#d8576b"], [0.6666666666666666, "#ed7953"], [0.7777777777777778, "#fb9f3a"], [0.8888888888888888, "#fdca26"], [1.0, "#f0f921"]]}], "surface": [{"type": "surface", "colorbar": {"outlinewidth": 0, "ticks": ""}, "colorscale": [[0.0, "#0d0887"], [0.1111111111111111, "#46039f"], [0.2222222222222222, "#7201a8"], [0.3333333333333333, "#9c179e"], [0.4444444444444444, "#bd3786"], [0.5555555555555556, "#d8576b"], [0.6666666666666666, "#ed7953"], [0.7777777777777778, "#fb9f3a"], [0.8888888888888888, "#fdca26"], [1.0, "#f0f921"]]}], "mesh3d": [{"type": "mesh3d", "colorbar": {"outlinewidth": 0, "ticks": ""}}], "scatter": [{"fillpattern": {"fillmode": "overlay", "size": 10, "solidity": 0.2}, "type": "scatter"}], "parcoords": [{"type": "parcoords", "line": {"colorbar": {"outlinewidth": 0, "ticks": ""}}}], "scatterpolargl": [{"type": "scatterpolargl", "marker": {"colorbar": {"outlinewidth": 0, "ticks": ""}}}], "bar": [{"error_x": {"color": "#2a3f5f"}, "error_y": {"color": "#2a3f5f"}, "marker": {"line": {"color": "#E5ECF6", "width": 0.5}, "pattern": {"fillmode": "overlay", "size": 10, "solidity": 0.2}}, "type": "bar"}], "scattergeo": [{"type": "scattergeo", "marker": {"colorbar": {"outlinewidth": 0, "ticks": ""}}}], "scatterpolar": [{"type": "scatterpolar", "marker": {"colorbar": {"outlinewidth": 0, "ticks": ""}}}], "histogram": [{"marker": {"pattern": {"fillmode": "overlay", "size": 10, "solidity": 0.2}}, "type": "histogram"}], "scattergl": [{"type": "scattergl", "marker": {"colorbar": {"outlinewidth": 0, "ticks": ""}}}], "scatter3d": [{"type": "scatter3d", "line": {"colorbar": {"outlinewidth": 0, "ticks": ""}}, "marker": {"colorbar": {"outlinewidth": 0, "ticks": ""}}}], "scattermapbox": [{"type": "scattermapbox", "marker": {"colorbar": {"outlinewidth": 0, "ticks": ""}}}], "scatterternary": [{"type": "scatterternary", "marker": {"colorbar": {"outlinewidth": 0, "ticks": ""}}}], "scattercarpet": [{"type": "scattercarpet", "marker": {"colorbar": {"outlinewidth": 0, "ticks": ""}}}], "carpet": [{"aaxis": {"endlinecolor": "#2a3f5f", "gridcolor": "white", "linecolor": "white", "minorgridcolor": "white", "startlinecolor": "#2a3f5f"}, "baxis": {"endlinecolor": "#2a3f5f", "gridcolor": "white", "linecolor": "white", "minorgridcolor": "white", "startlinecolor": "#2a3f5f"}, "type": "carpet"}], "table": [{"cells": {"fill": {"color": "#EBF0F8"}, "line": {"color": "white"}}, "header": {"fill": {"color": "#C8D4E3"}, "line": {"color": "white"}}, "type": "table"}], "barpolar": [{"marker": {"line": {"color": "#E5ECF6", "width": 0.5}, "pattern": {"fillmode": "overlay", "size": 10, "solidity": 0.2}}, "type": "barpolar"}], "pie": [{"automargin": true, "type": "pie"}]}, "layout": {"autotypenumbers": "strict", "colorway": ["#636efa", "#EF553B", "#00cc96", "#ab63fa", "#FFA15A", "#19d3f3", "#FF6692", "#B6E880", "#FF97FF", "#FECB52"], "font": {"color": "#2a3f5f"}, "hovermode": "closest", "hoverlabel": {"align": "left"}, "paper_bgcolor": "white", "plot_bgcolor": "#E5ECF6", "polar": {"bgcolor": "#E5ECF6", "angularaxis": {"gridcolor": "white", "linecolor": "white", "ticks": ""}, "radialaxis": {"gridcolor": "white", "linecolor": "white", "ticks": ""}}, "ternary": {"bgcolor": "#E5ECF6", "aaxis": {"gridcolor": "white", "linecolor": "white", "ticks": ""}, "baxis": {"gridcolor": "white", "linecolor": "white", "ticks": ""}, "caxis": {"gridcolor": "white", "linecolor": "white", "ticks": ""}}, "coloraxis": {"colorbar": {"outlinewidth": 0, "ticks": ""}}, "colorscale": {"sequential": [[0.0, "#0d0887"], [0.1111111111111111, "#46039f"], [0.2222222222222222, "#7201a8"], [0.3333333333333333, "#9c179e"], [0.4444444444444444, "#bd3786"], [0.5555555555555556, "#d8576b"], [0.6666666666666666, "#ed7953"], [0.7777777777777778, "#fb9f3a"], [0.8888888888888888, "#fdca26"], [1.0, "#f0f921"]], "sequentialminus": [[0.0, "#0d0887"], [0.1111111111111111, "#46039f"], [0.2222222222222222, "#7201a8"], [0.3333333333333333, "#9c179e"], [0.4444444444444444, "#bd3786"], [0.5555555555555556, "#d8576b"], [0.6666666666666666, "#ed7953"], [0.7777777777777778, "#fb9f3a"], [0.8888888888888888, "#fdca26"], [1.0, "#f0f921"]], "diverging": [[0, "#8e0152"], [0.1, "#c51b7d"], [0.2, "#de77ae"], [0.3, "#f1b6da"], [0.4, "#fde0ef"], [0.5, "#f7f7f7"], [0.6, "#e6f5d0"], [0.7, "#b8e186"], [0.8, "#7fbc41"], [0.9, "#4d9221"], [1, "#276419"]]}, "xaxis": {"gridcolor": "white", "linecolor": "white", "ticks": "", "title": {"standoff": 15}, "zerolinecolor": "white", "automargin": true, "zerolinewidth": 2}, "yaxis": {"gridcolor": "white", "linecolor": "white", "ticks": "", "title": {"standoff": 15}, "zerolinecolor": "white", "automargin": true, "zerolinewidth": 2}, "scene": {"xaxis": {"backgroundcolor": "#E5ECF6", "gridcolor": "white", "linecolor": "white", "showbackground": true, "ticks": "", "zerolinecolor": "white", "gridwidth": 2}, "yaxis": {"backgroundcolor": "#E5ECF6", "gridcolor": "white", "linecolor": "white", "showbackground": true, "ticks": "", "zerolinecolor": "white", "gridwidth": 2}, "zaxis": {"backgroundcolor": "#E5ECF6", "gridcolor": "white", "linecolor": "white", "showbackground": true, "ticks": "", "zerolinecolor": "white", "gridwidth": 2}}, "shapedefaults": {"line": {"color": "#2a3f5f"}}, "annotationdefaults": {"arrowcolor": "#2a3f5f", "arrowhead": 0, "arrowwidth": 1}, "geo": {"bgcolor": "white", "landcolor": "#E5ECF6", "subunitcolor": "white", "showland": true, "showlakes": true, "lakecolor": "white"}, "title": {"x": 0.05}, "mapbox": {"style": "light"}}}}}