{"data": [{"z": [[17.74359130859375, -4.372239112854004, -2.233307361602783, 4.929589748382568, 4.006542682647705, 7.798318386077881, 4.1989665031433105, 1.329765796661377, -1.1820610761642456, 11.553709983825684, -4.329840183258057, 7.811707496643066, 7.97844934463501, -0.3341643214225769, -4.457371711730957, 4.766904354095459, 8.396284103393555, 3.352076292037964, 0.8524409532546997, 4.466685771942139, 4.760976791381836], [-4.372239112854004, 27.16409683227539, 0.9065788984298706, -5.072638511657715, 1.7756822109222412, -5.9167656898498535, -0.3572215437889099, 6.273030757904053, 8.618608474731445, -5.682692050933838, 1.2849013805389404, -5.4824442863464355, -5.414366245269775, 8.587268829345703, -0.8192309737205505, -4.58599328994751, 6.0548200607299805, -2.1480326652526855, 0.489105224609375, -0.8321897983551025, 1.1635029315948486], [-2.233307361602783, 0.9065788984298706, 31.89058494567871, -0.5647326707839966, -2.81430721282959, 2.412036180496216, -0.23115310072898865, 7.308533668518066, -1.2597498893737793, -1.364473581314087, 2.383993625640869, -4.318799018859863, -1.2629646062850952, 5.954345703125, -0.2927940785884857, 7.353245735168457, 1.1862645149230957, -0.6032402515411377, 3.556431293487549, -3.1042263507843018, 4.65675687789917], [4.929589748382568, -5.072638511657715, -0.5647326707839966, 25.763376235961914, 0.7118651866912842, 4.577465057373047, -1.6104995012283325, -2.5324530601501465, -2.9808056354522705, 8.910515785217285, -0.8858460187911987, -2.800899028778076, 8.718857765197754, -1.402151346206665, -1.2965844869613647, -1.365390658378601, -5.506469249725342, 2.502551555633545, 1.3651134967803955, 1.0333569049835205, -1.8231391906738281], [4.006542682647705, 1.7756822109222412, -2.81430721282959, 0.7118651866912842, 27.61705207824707, 1.0004252195358276, -1.9481576681137085, 2.9802682399749756, -1.9996284246444702, 6.885310173034668, -7.115585803985596, -1.4984214305877686, -1.655522346496582, -2.463545560836792, -1.1877936124801636, 0.8130728006362915, 8.860169410705566, -0.10400789976119995, 9.043618202209473, 6.7423624992370605, 7.755710124969482], [7.798318386077881, -5.9167656898498535, 2.412036180496216, 4.577465057373047, 1.0004252195358276, 19.840208053588867, 2.154318332672119, -6.230311870574951, -8.450812339782715, 9.117136001586914, 0.9683146476745605, 3.944540023803711, 2.2487449645996094, -0.6962481737136841, -3.9884402751922607, 2.0571470260620117, 4.658124923706055, 7.073774337768555, -2.1799421310424805, -0.6702213287353516, -5.977034091949463], [4.1989665031433105, -0.3572215437889099, -0.23115310072898865, -1.6104995012283325, -1.9481576681137085, 2.154318332672119, 17.744522094726562, 3.253845453262329, 6.008694171905518, 2.9840269088745117, 3.748866319656372, 4.7125749588012695, -1.6785728931427002, 0.36862629652023315, 2.786757469177246, 0.6887643933296204, -2.6160380840301514, -4.857387065887451, 0.7348547577857971, 1.88394296169281, -4.081309795379639], [1.329765796661377, 6.273030757904053, 7.308533668518066, -2.5324530601501465, 2.9802682399749756, -6.230311870574951, 3.253845453262329, 20.314807891845703, 4.090593338012695, -1.0230305194854736, 6.857412338256836, -6.305748462677002, -1.5941660404205322, 6.539584636688232, -3.6514177322387695, -1.557793378829956, 8.159847259521484, -1.2045910358428955, 3.828174591064453, 4.914135932922363, 9.011019706726074], [-1.1820610761642456, 8.618608474731445, -1.2597498893737793, -2.9808056354522705, -1.9996284246444702, -8.450812339782715, 6.008694171905518, 4.090593338012695, 18.4396915435791, -1.070518136024475, 2.942897081375122, -0.24777793884277344, -2.1858468055725098, 3.3499972820281982, 0.6127148270606995, -0.8545114994049072, -0.9870109558105469, -7.700064659118652, 4.625581741333008, 1.4681540727615356, 1.5513759851455688], [11.553709983825684, -5.682692050933838, -1.364473581314087, 8.910515785217285, 6.885310173034668, 9.117136001586914, 2.9840269088745117, -1.0230305194854736, -1.070518136024475, 26.49170684814453, -4.999364852905273, 5.626883506774902, 13.972363471984863, -5.842597961425781, -0.45520734786987305, 2.841646432876587, 10.503127098083496, -3.10418963432312, 3.0132675170898438, 6.786330223083496, 2.908071517944336], [-4.329840183258057, 1.2849013805389404, 2.383993625640869, -0.8858460187911987, -7.115585803985596, 0.9683146476745605, 3.748866319656372, 6.857412338256836, 2.942897081375122, -4.999364852905273, 21.532358169555664, -4.634759426116943, -7.7059736251831055, -0.25916266441345215, -1.5134830474853516, -1.385257363319397, -3.368712902069092, -0.17665541172027588, 0.7274062633514404, -0.5510771870613098, -7.197015762329102], [7.811707496643066, -5.4824442863464355, -4.318799018859863, -2.800899028778076, -1.4984214305877686, 3.944540023803711, 4.7125749588012695, -6.305748462677002, -0.24777793884277344, 5.626883506774902, -4.634759426116943, 27.91683578491211, 0.31455183029174805, -0.5951046347618103, 1.1164212226867676, 10.390871047973633, 1.6143468618392944, -2.418595552444458, 8.852842330932617, 1.5492428541183472, 5.077362537384033], [7.97844934463501, -5.414366245269775, -1.2629646062850952, 8.718857765197754, -1.655522346496582, 2.2487449645996094, -1.6785728931427002, -1.5941660404205322, -2.1858468055725098, 13.972363471984863, -7.7059736251831055, 0.31455183029174805, 21.82709312438965, -2.114851713180542, -1.3036928176879883, 2.7552075386047363, 7.950562000274658, -0.5420825481414795, -2.198744773864746, 6.1349897384643555, 6.23112154006958], [-0.3341643214225769, 8.587268829345703, 5.954345703125, -1.402151346206665, -2.463545560836792, -0.6962481737136841, 0.36862629652023315, 6.539584636688232, 3.3499972820281982, -5.842597961425781, -0.25916266441345215, -0.5951046347618103, -2.114851713180542, 24.434057235717773, -4.610408306121826, -1.2362405061721802, 7.804532527923584, 1.3338356018066406, 4.972759246826172, -0.3491213321685791, 4.469359397888184], [-4.457371711730957, -0.8192309737205505, -0.2927940785884857, -1.2965844869613647, -1.1877936124801636, -3.9884402751922607, 2.786757469177246, -3.6514177322387695, 0.6127148270606995, -0.45520734786987305, -1.5134830474853516, 1.1164212226867676, -1.3036928176879883, -4.610408306121826, 18.407588958740234, 2.7338292598724365, -11.792400360107422, -1.8561716079711914, -4.260531425476074, -6.519965171813965, -0.07341514527797699], [4.766904354095459, -4.58599328994751, 7.353245735168457, -1.365390658378601, 0.8130728006362915, 2.0571470260620117, 0.6887643933296204, -1.557793378829956, -0.8545114994049072, 2.841646432876587, -1.385257363319397, 10.390871047973633, 2.7552075386047363, -1.2362405061721802, 2.7338292598724365, 16.6530818939209, 2.0463624000549316, 1.9170300960540771, 4.503595352172852, -1.266147255897522, 10.787959098815918], [8.396284103393555, 6.054820537567139, 1.1862645149230957, -5.5064697265625, 8.860169410705566, 4.658125400543213, -2.6160383224487305, 8.159847259521484, -0.9870110154151917, 10.503127098083496, -3.3687126636505127, 1.6143467426300049, 7.950562477111816, 7.8045334815979, -11.792399406433105, 2.0463621616363525, 35.10112380981445, -0.6953377723693848, 0.20867490768432617, 14.279841423034668, 11.55618667602539], [3.352076530456543, -2.1480331420898438, -0.603240430355072, 2.502551555633545, -0.10400808602571487, 7.073774337768555, -4.857387542724609, -1.2045910358428955, -7.700064182281494, -3.104188919067383, -0.1766553372144699, -2.418595314025879, -0.542083203792572, 1.3338357210159302, -1.8561716079711914, 1.917029857635498, -0.6953377723693848, 22.240718841552734, 1.0484369993209839, -1.1134979724884033, -1.9387061595916748], [0.8524410128593445, 0.48910537362098694, 3.556432008743286, 1.3651134967803955, 9.043615341186523, -2.1799421310424805, 0.7348542213439941, 3.828174352645874, 4.625581741333008, 3.0132675170898438, 0.72740638256073, 8.852842330932617, -2.198745012283325, 4.972758769989014, -4.260531425476074, 4.503596305847168, 0.20867490768432617, 1.0484369993209839, 26.435062408447266, 8.206297874450684, 2.002760648727417], [4.466685771942139, -0.8321893215179443, -3.1042253971099854, 1.0333566665649414, 6.742362976074219, -0.6702213287353516, 1.8839428424835205, 4.914135456085205, 1.4681543111801147, 6.786329746246338, -0.5510766506195068, 1.5492427349090576, 6.1349897384643555, -0.349121630191803, -6.519964218139648, -1.2661471366882324, 14.279841423034668, -1.1134979724884033, 8.206297874450684, 17.563037872314453, 0.4405747652053833], [4.760976791381836, 1.1635029315948486, 4.656756401062012, -1.8231390714645386, 7.755709648132324, -5.977033615112305, -4.081310272216797, 9.01102066040039, 1.5513757467269897, 2.9080710411071777, -7.197014808654785, 5.07736349105835, 6.231121063232422, 4.469359397888184, -0.07341432571411133, 10.787958145141602, 11.55618667602539, -1.9387071132659912, 2.002760410308838, 0.44057488441467285, 29.51171112060547]], "type": "heatmap"}], "layout": {"template": {"data": {"histogram2dcontour": [{"type": "histogram2dcontour", "colorbar": {"outlinewidth": 0, "ticks": ""}, "colorscale": [[0.0, "#0d0887"], [0.1111111111111111, "#46039f"], [0.2222222222222222, "#7201a8"], [0.3333333333333333, "#9c179e"], [0.4444444444444444, "#bd3786"], [0.5555555555555556, "#d8576b"], [0.6666666666666666, "#ed7953"], [0.7777777777777778, "#fb9f3a"], [0.8888888888888888, "#fdca26"], [1.0, "#f0f921"]]}], "choropleth": [{"type": "choropleth", "colorbar": {"outlinewidth": 0, "ticks": ""}}], "histogram2d": [{"type": "histogram2d", "colorbar": {"outlinewidth": 0, "ticks": ""}, "colorscale": [[0.0, "#0d0887"], [0.1111111111111111, "#46039f"], [0.2222222222222222, "#7201a8"], [0.3333333333333333, "#9c179e"], [0.4444444444444444, "#bd3786"], [0.5555555555555556, "#d8576b"], [0.6666666666666666, "#ed7953"], [0.7777777777777778, "#fb9f3a"], [0.8888888888888888, "#fdca26"], [1.0, "#f0f921"]]}], "heatmap": [{"type": "heatmap", "colorbar": {"outlinewidth": 0, "ticks": ""}, "colorscale": [[0.0, "#0d0887"], [0.1111111111111111, "#46039f"], [0.2222222222222222, "#7201a8"], [0.3333333333333333, "#9c179e"], [0.4444444444444444, "#bd3786"], [0.5555555555555556, "#d8576b"], [0.6666666666666666, "#ed7953"], [0.7777777777777778, "#fb9f3a"], [0.8888888888888888, "#fdca26"], [1.0, "#f0f921"]]}], "heatmapgl": [{"type": "heatmapgl", "colorbar": {"outlinewidth": 0, "ticks": ""}, "colorscale": [[0.0, "#0d0887"], [0.1111111111111111, "#46039f"], [0.2222222222222222, "#7201a8"], [0.3333333333333333, "#9c179e"], [0.4444444444444444, "#bd3786"], [0.5555555555555556, "#d8576b"], [0.6666666666666666, "#ed7953"], [0.7777777777777778, "#fb9f3a"], [0.8888888888888888, "#fdca26"], [1.0, "#f0f921"]]}], "contourcarpet": [{"type": "contourcarpet", "colorbar": {"outlinewidth": 0, "ticks": ""}}], "contour": [{"type": "contour", "colorbar": {"outlinewidth": 0, "ticks": ""}, "colorscale": [[0.0, "#0d0887"], [0.1111111111111111, "#46039f"], [0.2222222222222222, "#7201a8"], [0.3333333333333333, "#9c179e"], [0.4444444444444444, "#bd3786"], [0.5555555555555556, "#d8576b"], [0.6666666666666666, "#ed7953"], [0.7777777777777778, "#fb9f3a"], [0.8888888888888888, "#fdca26"], [1.0, "#f0f921"]]}], "surface": [{"type": "surface", "colorbar": {"outlinewidth": 0, "ticks": ""}, "colorscale": [[0.0, "#0d0887"], [0.1111111111111111, "#46039f"], [0.2222222222222222, "#7201a8"], [0.3333333333333333, "#9c179e"], [0.4444444444444444, "#bd3786"], [0.5555555555555556, "#d8576b"], [0.6666666666666666, "#ed7953"], [0.7777777777777778, "#fb9f3a"], [0.8888888888888888, "#fdca26"], [1.0, "#f0f921"]]}], "mesh3d": [{"type": "mesh3d", "colorbar": {"outlinewidth": 0, "ticks": ""}}], "scatter": [{"fillpattern": {"fillmode": "overlay", "size": 10, "solidity": 0.2}, "type": "scatter"}], "parcoords": [{"type": "parcoords", "line": {"colorbar": {"outlinewidth": 0, "ticks": ""}}}], "scatterpolargl": [{"type": "scatterpolargl", "marker": {"colorbar": {"outlinewidth": 0, "ticks": ""}}}], "bar": [{"error_x": {"color": "#2a3f5f"}, "error_y": {"color": "#2a3f5f"}, "marker": {"line": {"color": "#E5ECF6", "width": 0.5}, "pattern": {"fillmode": "overlay", "size": 10, "solidity": 0.2}}, "type": "bar"}], "scattergeo": [{"type": "scattergeo", "marker": {"colorbar": {"outlinewidth": 0, "ticks": ""}}}], "scatterpolar": [{"type": "scatterpolar", "marker": {"colorbar": {"outlinewidth": 0, "ticks": ""}}}], "histogram": [{"marker": {"pattern": {"fillmode": "overlay", "size": 10, "solidity": 0.2}}, "type": "histogram"}], "scattergl": [{"type": "scattergl", "marker": {"colorbar": {"outlinewidth": 0, "ticks": ""}}}], "scatter3d": [{"type": "scatter3d", "line": {"colorbar": {"outlinewidth": 0, "ticks": ""}}, "marker": {"colorbar": {"outlinewidth": 0, "ticks": ""}}}], "scattermapbox": [{"type": "scattermapbox", "marker": {"colorbar": {"outlinewidth": 0, "ticks": ""}}}], "scatterternary": [{"type": "scatterternary", "marker": {"colorbar": {"outlinewidth": 0, "ticks": ""}}}], "scattercarpet": [{"type": "scattercarpet", "marker": {"colorbar": {"outlinewidth": 0, "ticks": ""}}}], "carpet": [{"aaxis": {"endlinecolor": "#2a3f5f", "gridcolor": "white", "linecolor": "white", "minorgridcolor": "white", "startlinecolor": "#2a3f5f"}, "baxis": {"endlinecolor": "#2a3f5f", "gridcolor": "white", "linecolor": "white", "minorgridcolor": "white", "startlinecolor": "#2a3f5f"}, "type": "carpet"}], "table": [{"cells": {"fill": {"color": "#EBF0F8"}, "line": {"color": "white"}}, "header": {"fill": {"color": "#C8D4E3"}, "line": {"color": "white"}}, "type": "table"}], "barpolar": [{"marker": {"line": {"color": "#E5ECF6", "width": 0.5}, "pattern": {"fillmode": "overlay", "size": 10, "solidity": 0.2}}, "type": "barpolar"}], "pie": [{"automargin": true, "type": "pie"}]}, "layout": {"autotypenumbers": "strict", "colorway": ["#636efa", "#EF553B", "#00cc96", "#ab63fa", "#FFA15A", "#19d3f3", "#FF6692", "#B6E880", "#FF97FF", "#FECB52"], "font": {"color": "#2a3f5f"}, "hovermode": "closest", "hoverlabel": {"align": "left"}, "paper_bgcolor": "white", "plot_bgcolor": "#E5ECF6", "polar": {"bgcolor": "#E5ECF6", "angularaxis": {"gridcolor": "white", "linecolor": "white", "ticks": ""}, "radialaxis": {"gridcolor": "white", "linecolor": "white", "ticks": ""}}, "ternary": {"bgcolor": "#E5ECF6", "aaxis": {"gridcolor": "white", "linecolor": "white", "ticks": ""}, "baxis": {"gridcolor": "white", "linecolor": "white", "ticks": ""}, "caxis": {"gridcolor": "white", "linecolor": "white", "ticks": ""}}, "coloraxis": {"colorbar": {"outlinewidth": 0, "ticks": ""}}, "colorscale": {"sequential": [[0.0, "#0d0887"], [0.1111111111111111, "#46039f"], [0.2222222222222222, "#7201a8"], [0.3333333333333333, "#9c179e"], [0.4444444444444444, "#bd3786"], [0.5555555555555556, "#d8576b"], [0.6666666666666666, "#ed7953"], [0.7777777777777778, "#fb9f3a"], [0.8888888888888888, "#fdca26"], [1.0, "#f0f921"]], "sequentialminus": [[0.0, "#0d0887"], [0.1111111111111111, "#46039f"], [0.2222222222222222, "#7201a8"], [0.3333333333333333, "#9c179e"], [0.4444444444444444, "#bd3786"], [0.5555555555555556, "#d8576b"], [0.6666666666666666, "#ed7953"], [0.7777777777777778, "#fb9f3a"], [0.8888888888888888, "#fdca26"], [1.0, "#f0f921"]], "diverging": [[0, "#8e0152"], [0.1, "#c51b7d"], [0.2, "#de77ae"], [0.3, "#f1b6da"], [0.4, "#fde0ef"], [0.5, "#f7f7f7"], [0.6, "#e6f5d0"], [0.7, "#b8e186"], [0.8, "#7fbc41"], [0.9, "#4d9221"], [1, "#276419"]]}, "xaxis": {"gridcolor": "white", "linecolor": "white", "ticks": "", "title": {"standoff": 15}, "zerolinecolor": "white", "automargin": true, "zerolinewidth": 2}, "yaxis": {"gridcolor": "white", "linecolor": "white", "ticks": "", "title": {"standoff": 15}, "zerolinecolor": "white", "automargin": true, "zerolinewidth": 2}, "scene": {"xaxis": {"backgroundcolor": "#E5ECF6", "gridcolor": "white", "linecolor": "white", "showbackground": true, "ticks": "", "zerolinecolor": "white", "gridwidth": 2}, "yaxis": {"backgroundcolor": "#E5ECF6", "gridcolor": "white", "linecolor": "white", "showbackground": true, "ticks": "", "zerolinecolor": "white", "gridwidth": 2}, "zaxis": {"backgroundcolor": "#E5ECF6", "gridcolor": "white", "linecolor": "white", "showbackground": true, "ticks": "", "zerolinecolor": "white", "gridwidth": 2}}, "shapedefaults": {"line": {"color": "#2a3f5f"}}, "annotationdefaults": {"arrowcolor": "#2a3f5f", "arrowhead": 0, "arrowwidth": 1}, "geo": {"bgcolor": "white", "landcolor": "#E5ECF6", "subunitcolor": "white", "showland": true, "showlakes": true, "lakecolor": "white"}, "title": {"x": 0.05}, "mapbox": {"style": "light"}}}}}