{"data": [{"z": [[17.74382972717285, -4.372290134429932, -2.2333922386169434, 4.929967403411865, 4.006630897521973, 7.798734664916992, 4.1994123458862305, 1.3298124074935913, -1.1818511486053467, 11.553807258605957, -4.330018043518066, 7.812281131744385, 7.978507041931152, -0.334104061126709, -4.4569501876831055, 4.7675042152404785, 8.39643669128418, 3.3522865772247314, 0.8526692390441895, 4.466830253601074, 4.761808395385742], [-4.372290134429932, 27.16399574279785, 0.906276285648346, -5.0725812911987305, 1.7754279375076294, -5.916626930236816, -0.35697856545448303, 6.273004531860352, 8.618672370910645, -5.682656764984131, 1.2845643758773804, -5.4825849533081055, -5.4144816398620605, 8.586984634399414, -0.8192181587219238, -4.585877895355225, 6.055134296417236, -2.1480588912963867, 0.4892733097076416, -0.8325902223587036, 1.1635279655456543], [-2.2333922386169434, 0.906276285648346, 31.89021873474121, -0.564964234828949, -2.8148763179779053, 2.41190242767334, -0.23060834407806396, 7.3081464767456055, -1.2602850198745728, -1.3642528057098389, 2.383513927459717, -4.319313049316406, -1.263563632965088, 5.954333305358887, -0.29294851422309875, 7.353438377380371, 1.186478853225708, -0.603137731552124, 3.556450605392456, -3.104762315750122, 4.656644344329834], [4.929967403411865, -5.0725812911987305, -0.564964234828949, 25.76327133178711, 0.7113717794418335, 4.576656341552734, -1.6100252866744995, -2.533015012741089, -2.9812755584716797, 8.910920143127441, -0.8860726356506348, -2.8017377853393555, 8.718177795410156, -1.402400255203247, -1.2970514297485352, -1.365660309791565, -5.505781650543213, 2.5021347999572754, 1.3656222820281982, 1.0327755212783813, -1.823419451713562], [4.006630897521973, 1.7754279375076294, -2.8148763179779053, 0.7113717794418335, 27.616504669189453, 1.000087857246399, -1.948066234588623, 2.9798994064331055, -2.0003087520599365, 6.885501861572266, -7.116306781768799, -1.499236822128296, -1.6561444997787476, -2.463721752166748, -1.188335657119751, 0.8130072355270386, 8.860300064086914, -0.1042293906211853, 9.043903350830078, 6.7420148849487305, 7.755115509033203], [7.798734664916992, -5.916626930236816, 2.41190242767334, 4.576656341552734, 1.000087857246399, 19.838672637939453, 2.154252052307129, -6.231244087219238, -8.451454162597656, 9.117048263549805, 0.9683748483657837, 3.943746566772461, 2.248075485229492, -0.696541965007782, -3.989413022994995, 2.056340456008911, 4.658453464508057, 7.073321342468262, -2.180596351623535, -0.6708762645721436, -5.9778265953063965], [4.1994123458862305, -0.35697856545448303, -0.23060834407806396, -1.6100252866744995, -1.948066234588623, 2.154252052307129, 17.74472999572754, 3.2538280487060547, 6.0089616775512695, 2.984457015991211, 3.7492971420288086, 4.712662220001221, -1.678670883178711, 0.3690541684627533, 2.787177562713623, 0.688939094543457, -2.615976095199585, -4.857298374176025, 0.7351105809211731, 1.884639024734497, -4.0808186531066895], [1.3298124074935913, 6.273004531860352, 7.3081464767456055, -2.533015012741089, 2.9798994064331055, -6.231244087219238, 3.2538280487060547, 20.314231872558594, 4.090362548828125, -1.0231965780258179, 6.857079029083252, -6.306525707244873, -1.594743013381958, 6.538957118988037, -3.6522343158721924, -1.5582793951034546, 8.160204887390137, -1.205256462097168, 3.827920913696289, 4.913214206695557, 9.010234832763672], [-1.1818511486053467, 8.618672370910645, -1.2602850198745728, -2.9812755584716797, -2.0003087520599365, -8.451454162597656, 6.0089616775512695, 4.090362548828125, 18.438926696777344, -1.0703943967819214, 2.9426307678222656, -0.24868665635585785, -2.186398983001709, 3.349656581878662, 0.6121215224266052, -0.8549675345420837, -0.9862804412841797, -7.700282096862793, 4.625628471374512, 1.467294454574585, 1.550690770149231], [11.553807258605957, -5.682656764984131, -1.3642528057098389, 8.910920143127441, 6.885501861572266, 9.117048263549805, 2.984457015991211, -1.0231965780258179, -1.0703943967819214, 26.49151039123535, -4.999359607696533, 5.627320289611816, 13.972509384155273, -5.842687129974365, -0.4547473192214966, 2.8422930240631104, 10.503396987915039, -3.1040711402893066, 3.013685703277588, 6.786109924316406, 2.908806324005127], [-4.330018043518066, 1.2845643758773804, 2.383513927459717, -0.8860726356506348, -7.116306781768799, 0.9683748483657837, 3.7492971420288086, 6.857079029083252, 2.9426307678222656, -4.999359607696533, 21.531707763671875, -4.635305881500244, -7.706446647644043, -0.2595837712287903, -1.5136768817901611, -1.38529372215271, -3.3685898780822754, -0.17669636011123657, 0.7274518013000488, -0.5519013404846191, -7.197402477264404], [7.812281131744385, -5.4825849533081055, -4.319313049316406, -2.8017377853393555, -1.499236822128296, 3.943746566772461, 4.712662220001221, -6.306525707244873, -0.24868665635585785, 5.627320289611816, -4.635305881500244, 27.915857315063477, 0.3134458661079407, -0.5949922800064087, 1.115822434425354, 10.390848159790039, 1.6140307188034058, -2.418844223022461, 8.852751731872559, 1.5492769479751587, 5.076728820800781], [7.978507041931152, -5.4144816398620605, -1.263563632965088, 8.718177795410156, -1.6561444997787476, 2.248075485229492, -1.678670883178711, -1.594743013381958, -2.186398983001709, 13.972509384155273, -7.706446647644043, 0.3134458661079407, 21.826274871826172, -2.1150102615356445, -1.3045830726623535, 2.7547008991241455, 7.950671195983887, -0.542442798614502, -2.199136972427368, 6.134832382202148, 6.230222702026367], [-0.334104061126709, 8.586984634399414, 5.954333305358887, -1.402400255203247, -2.463721752166748, -0.696541965007782, 0.3690541684627533, 6.538957118988037, 3.349656581878662, -5.842687129974365, -0.2595837712287903, -0.5949922800064087, -2.1150102615356445, 24.43328094482422, -4.610506534576416, -1.2359538078308105, 7.804863929748535, 1.3338608741760254, 4.973155498504639, -0.34991776943206787, 4.469482421875], [-4.4569501876831055, -0.8192181587219238, -0.29294851422309875, -1.2970514297485352, -1.188335657119751, -3.989413022994995, 2.787177562713623, -3.6522343158721924, 0.6121215224266052, -0.4547473192214966, -1.5136768817901611, 1.115822434425354, -1.3045830726623535, -4.610506534576416, 18.40691566467285, 2.733476161956787, -11.792327880859375, -1.8566116094589233, -4.260619640350342, -6.520486831665039, -0.07378073036670685], [4.7675042152404785, -4.585877895355225, 7.353438377380371, -1.365660309791565, 0.8130072355270386, 2.056340456008911, 0.688939094543457, -1.5582793951034546, -0.8549675345420837, 2.8422930240631104, -1.38529372215271, 10.390848159790039, 2.7547008991241455, -1.2359538078308105, 2.733476161956787, 16.652835845947266, 2.0463199615478516, 1.9167711734771729, 4.503652572631836, -1.2659502029418945, 10.787983894348145], [8.396434783935547, 6.055133819580078, 1.1864787340164185, -5.505781650543213, 8.860301971435547, 4.65845251083374, -2.6159770488739014, 8.160204887390137, -0.986280083656311, 10.503396987915039, -3.3685898780822754, 1.6140310764312744, 7.9506707191467285, 7.804863929748535, -11.792329788208008, 2.0463197231292725, 35.101844787597656, -0.6953566074371338, 0.2089862823486328, 14.280399322509766, 11.556452751159668], [3.3522868156433105, -2.148059368133545, -0.6031380295753479, 2.5021350383758545, -0.10422933101654053, 7.073321342468262, -4.857298374176025, -1.2052563428878784, -7.700282573699951, -3.1040711402893066, -0.1766965538263321, -2.418844223022461, -0.5424430966377258, 1.3338608741760254, -1.8566112518310547, 1.9167708158493042, -0.6953566074371338, 22.24050521850586, 1.0481982231140137, -1.1136581897735596, -1.939015507698059], [0.8526692986488342, 0.4892737567424774, 3.556450605392456, 1.3656214475631714, 9.043903350830078, -2.1805965900421143, 0.7351102232933044, 3.8279201984405518, 4.625628471374512, 3.013685703277588, 0.7274518013000488, 8.852751731872559, -2.199136734008789, 4.973155498504639, -4.2606201171875, 4.5036516189575195, 0.2089862823486328, 1.0481982231140137, 26.435211181640625, 8.206988334655762, 2.0032424926757812], [4.466829776763916, -0.8325900435447693, -3.104762554168701, 1.0327757596969604, 6.742015838623047, -0.6708760857582092, 1.8846391439437866, 4.913214683532715, 1.4672948122024536, 6.78610897064209, -0.55190110206604, 1.5492770671844482, 6.134832859039307, -0.3499178886413574, -6.520486354827881, -1.265950322151184, 14.280399322509766, -1.1136581897735596, 8.206988334655762, 17.561405181884766, 0.4405728578567505], [4.761808395385742, 1.1635277271270752, 4.656644344329834, -1.8234190940856934, 7.755115509033203, -5.977826118469238, -4.080819129943848, 9.010234832763672, 1.55069100856781, 2.908806324005127, -7.197402000427246, 5.076727390289307, 6.230222702026367, 4.469483375549316, -0.07378077507019043, 10.787982940673828, 11.556452751159668, -1.9390153884887695, 2.003242254257202, 0.4405727982521057, 29.51171112060547]], "type": "heatmap"}], "layout": {"template": {"data": {"histogram2dcontour": [{"type": "histogram2dcontour", "colorbar": {"outlinewidth": 0, "ticks": ""}, "colorscale": [[0.0, "#0d0887"], [0.1111111111111111, "#46039f"], [0.2222222222222222, "#7201a8"], [0.3333333333333333, "#9c179e"], [0.4444444444444444, "#bd3786"], [0.5555555555555556, "#d8576b"], [0.6666666666666666, "#ed7953"], [0.7777777777777778, "#fb9f3a"], [0.8888888888888888, "#fdca26"], [1.0, "#f0f921"]]}], "choropleth": [{"type": "choropleth", "colorbar": {"outlinewidth": 0, "ticks": ""}}], "histogram2d": [{"type": "histogram2d", "colorbar": {"outlinewidth": 0, "ticks": ""}, "colorscale": [[0.0, "#0d0887"], [0.1111111111111111, "#46039f"], [0.2222222222222222, "#7201a8"], [0.3333333333333333, "#9c179e"], [0.4444444444444444, "#bd3786"], [0.5555555555555556, "#d8576b"], [0.6666666666666666, "#ed7953"], [0.7777777777777778, "#fb9f3a"], [0.8888888888888888, "#fdca26"], [1.0, "#f0f921"]]}], "heatmap": [{"type": "heatmap", "colorbar": {"outlinewidth": 0, "ticks": ""}, "colorscale": [[0.0, "#0d0887"], [0.1111111111111111, "#46039f"], [0.2222222222222222, "#7201a8"], [0.3333333333333333, "#9c179e"], [0.4444444444444444, "#bd3786"], [0.5555555555555556, "#d8576b"], [0.6666666666666666, "#ed7953"], [0.7777777777777778, "#fb9f3a"], [0.8888888888888888, "#fdca26"], [1.0, "#f0f921"]]}], "heatmapgl": [{"type": "heatmapgl", "colorbar": {"outlinewidth": 0, "ticks": ""}, "colorscale": [[0.0, "#0d0887"], [0.1111111111111111, "#46039f"], [0.2222222222222222, "#7201a8"], [0.3333333333333333, "#9c179e"], [0.4444444444444444, "#bd3786"], [0.5555555555555556, "#d8576b"], [0.6666666666666666, "#ed7953"], [0.7777777777777778, "#fb9f3a"], [0.8888888888888888, "#fdca26"], [1.0, "#f0f921"]]}], "contourcarpet": [{"type": "contourcarpet", "colorbar": {"outlinewidth": 0, "ticks": ""}}], "contour": [{"type": "contour", "colorbar": {"outlinewidth": 0, "ticks": ""}, "colorscale": [[0.0, "#0d0887"], [0.1111111111111111, "#46039f"], [0.2222222222222222, "#7201a8"], [0.3333333333333333, "#9c179e"], [0.4444444444444444, "#bd3786"], [0.5555555555555556, "#d8576b"], [0.6666666666666666, "#ed7953"], [0.7777777777777778, "#fb9f3a"], [0.8888888888888888, "#fdca26"], [1.0, "#f0f921"]]}], "surface": [{"type": "surface", "colorbar": {"outlinewidth": 0, "ticks": ""}, "colorscale": [[0.0, "#0d0887"], [0.1111111111111111, "#46039f"], [0.2222222222222222, "#7201a8"], [0.3333333333333333, "#9c179e"], [0.4444444444444444, "#bd3786"], [0.5555555555555556, "#d8576b"], [0.6666666666666666, "#ed7953"], [0.7777777777777778, "#fb9f3a"], [0.8888888888888888, "#fdca26"], [1.0, "#f0f921"]]}], "mesh3d": [{"type": "mesh3d", "colorbar": {"outlinewidth": 0, "ticks": ""}}], "scatter": [{"fillpattern": {"fillmode": "overlay", "size": 10, "solidity": 0.2}, "type": "scatter"}], "parcoords": [{"type": "parcoords", "line": {"colorbar": {"outlinewidth": 0, "ticks": ""}}}], "scatterpolargl": [{"type": "scatterpolargl", "marker": {"colorbar": {"outlinewidth": 0, "ticks": ""}}}], "bar": [{"error_x": {"color": "#2a3f5f"}, "error_y": {"color": "#2a3f5f"}, "marker": {"line": {"color": "#E5ECF6", "width": 0.5}, "pattern": {"fillmode": "overlay", "size": 10, "solidity": 0.2}}, "type": "bar"}], "scattergeo": [{"type": "scattergeo", "marker": {"colorbar": {"outlinewidth": 0, "ticks": ""}}}], "scatterpolar": [{"type": "scatterpolar", "marker": {"colorbar": {"outlinewidth": 0, "ticks": ""}}}], "histogram": [{"marker": {"pattern": {"fillmode": "overlay", "size": 10, "solidity": 0.2}}, "type": "histogram"}], "scattergl": [{"type": "scattergl", "marker": {"colorbar": {"outlinewidth": 0, "ticks": ""}}}], "scatter3d": [{"type": "scatter3d", "line": {"colorbar": {"outlinewidth": 0, "ticks": ""}}, "marker": {"colorbar": {"outlinewidth": 0, "ticks": ""}}}], "scattermapbox": [{"type": "scattermapbox", "marker": {"colorbar": {"outlinewidth": 0, "ticks": ""}}}], "scatterternary": [{"type": "scatterternary", "marker": {"colorbar": {"outlinewidth": 0, "ticks": ""}}}], "scattercarpet": [{"type": "scattercarpet", "marker": {"colorbar": {"outlinewidth": 0, "ticks": ""}}}], "carpet": [{"aaxis": {"endlinecolor": "#2a3f5f", "gridcolor": "white", "linecolor": "white", "minorgridcolor": "white", "startlinecolor": "#2a3f5f"}, "baxis": {"endlinecolor": "#2a3f5f", "gridcolor": "white", "linecolor": "white", "minorgridcolor": "white", "startlinecolor": "#2a3f5f"}, "type": "carpet"}], "table": [{"cells": {"fill": {"color": "#EBF0F8"}, "line": {"color": "white"}}, "header": {"fill": {"color": "#C8D4E3"}, "line": {"color": "white"}}, "type": "table"}], "barpolar": [{"marker": {"line": {"color": "#E5ECF6", "width": 0.5}, "pattern": {"fillmode": "overlay", "size": 10, "solidity": 0.2}}, "type": "barpolar"}], "pie": [{"automargin": true, "type": "pie"}]}, "layout": {"autotypenumbers": "strict", "colorway": ["#636efa", "#EF553B", "#00cc96", "#ab63fa", "#FFA15A", "#19d3f3", "#FF6692", "#B6E880", "#FF97FF", "#FECB52"], "font": {"color": "#2a3f5f"}, "hovermode": "closest", "hoverlabel": {"align": "left"}, "paper_bgcolor": "white", "plot_bgcolor": "#E5ECF6", "polar": {"bgcolor": "#E5ECF6", "angularaxis": {"gridcolor": "white", "linecolor": "white", "ticks": ""}, "radialaxis": {"gridcolor": "white", "linecolor": "white", "ticks": ""}}, "ternary": {"bgcolor": "#E5ECF6", "aaxis": {"gridcolor": "white", "linecolor": "white", "ticks": ""}, "baxis": {"gridcolor": "white", "linecolor": "white", "ticks": ""}, "caxis": {"gridcolor": "white", "linecolor": "white", "ticks": ""}}, "coloraxis": {"colorbar": {"outlinewidth": 0, "ticks": ""}}, "colorscale": {"sequential": [[0.0, "#0d0887"], [0.1111111111111111, "#46039f"], [0.2222222222222222, "#7201a8"], [0.3333333333333333, "#9c179e"], [0.4444444444444444, "#bd3786"], [0.5555555555555556, "#d8576b"], [0.6666666666666666, "#ed7953"], [0.7777777777777778, "#fb9f3a"], [0.8888888888888888, "#fdca26"], [1.0, "#f0f921"]], "sequentialminus": [[0.0, "#0d0887"], [0.1111111111111111, "#46039f"], [0.2222222222222222, "#7201a8"], [0.3333333333333333, "#9c179e"], [0.4444444444444444, "#bd3786"], [0.5555555555555556, "#d8576b"], [0.6666666666666666, "#ed7953"], [0.7777777777777778, "#fb9f3a"], [0.8888888888888888, "#fdca26"], [1.0, "#f0f921"]], "diverging": [[0, "#8e0152"], [0.1, "#c51b7d"], [0.2, "#de77ae"], [0.3, "#f1b6da"], [0.4, "#fde0ef"], [0.5, "#f7f7f7"], [0.6, "#e6f5d0"], [0.7, "#b8e186"], [0.8, "#7fbc41"], [0.9, "#4d9221"], [1, "#276419"]]}, "xaxis": {"gridcolor": "white", "linecolor": "white", "ticks": "", "title": {"standoff": 15}, "zerolinecolor": "white", "automargin": true, "zerolinewidth": 2}, "yaxis": {"gridcolor": "white", "linecolor": "white", "ticks": "", "title": {"standoff": 15}, "zerolinecolor": "white", "automargin": true, "zerolinewidth": 2}, "scene": {"xaxis": {"backgroundcolor": "#E5ECF6", "gridcolor": "white", "linecolor": "white", "showbackground": true, "ticks": "", "zerolinecolor": "white", "gridwidth": 2}, "yaxis": {"backgroundcolor": "#E5ECF6", "gridcolor": "white", "linecolor": "white", "showbackground": true, "ticks": "", "zerolinecolor": "white", "gridwidth": 2}, "zaxis": {"backgroundcolor": "#E5ECF6", "gridcolor": "white", "linecolor": "white", "showbackground": true, "ticks": "", "zerolinecolor": "white", "gridwidth": 2}}, "shapedefaults": {"line": {"color": "#2a3f5f"}}, "annotationdefaults": {"arrowcolor": "#2a3f5f", "arrowhead": 0, "arrowwidth": 1}, "geo": {"bgcolor": "white", "landcolor": "#E5ECF6", "subunitcolor": "white", "showland": true, "showlakes": true, "lakecolor": "white"}, "title": {"x": 0.05}, "mapbox": {"style": "light"}}}}}