{"data": [{"z": [[17.745330810546875, -4.372093200683594, -2.2339282035827637, 4.930787563323975, 4.00615119934082, 7.799572944641113, 4.201282024383545, 1.3298667669296265, -1.181854486465454, 11.554450035095215, -4.3305983543396, 7.8135151863098145, 7.9781646728515625, -0.3337860107421875, -4.455826759338379, 4.769532203674316, 8.397993087768555, 3.353567123413086, 0.8529070019721985, 4.4667816162109375, 4.763692378997803], [-4.372093200683594, 27.16373062133789, 0.9049580693244934, -5.072634696960449, 1.7740763425827026, -5.916508197784424, -0.3562220335006714, 6.272923469543457, 8.618463516235352, -5.682451248168945, 1.2828178405761719, -5.483903408050537, -5.4156646728515625, 8.586008071899414, -0.8192151188850403, -4.585338592529297, 6.056973457336426, -2.14839768409729, 0.4899986982345581, -0.8339872360229492, 1.1635552644729614], [-2.2339282035827637, 0.9049580693244934, 31.88945198059082, -0.5648760795593262, -2.8166842460632324, 2.412046194076538, -0.22841669619083405, 7.307038307189941, -1.261562466621399, -1.3631455898284912, 2.3825244903564453, -4.3203349113464355, -1.2651875019073486, 5.95450496673584, -0.29244300723075867, 7.354605197906494, 1.1883699893951416, -0.601626992225647, 3.557133197784424, -3.1067087650299072, 4.656583309173584], [4.930787563323975, -5.072634696960449, -0.5648760795593262, 25.7644100189209, 0.7107254266738892, 4.575472354888916, -1.6083426475524902, -2.5339131355285645, -2.9816906452178955, 8.912053108215332, -0.8861114978790283, -2.802938461303711, 8.71737003326416, -1.4026299715042114, -1.2971338033676147, -1.365703821182251, -5.502043724060059, 2.5023202896118164, 1.3675496578216553, 1.0312297344207764, -1.8232077360153198], [4.00615119934082, 1.7740763425827026, -2.8166842460632324, 0.7107254266738892, 27.61570167541504, 1.0004035234451294, -1.9478451013565063, 2.9795029163360596, -2.0016608238220215, 6.885432720184326, -7.118688583374023, -1.50046706199646, -1.657035231590271, -2.46425199508667, -1.1890971660614014, 0.8133137226104736, 8.860026359558105, -0.10466617345809937, 9.045198440551758, 6.740986347198486, 7.7540812492370605], [7.799572944641113, -5.916508197784424, 2.412046194076538, 4.575472354888916, 1.0004035234451294, 19.83360481262207, 2.1541526317596436, -6.234284400939941, -8.452594757080078, 9.116403579711914, 0.9695237874984741, 3.9427406787872314, 2.247206687927246, -0.6972672939300537, -3.9920475482940674, 2.0531370639801025, 4.659985542297363, 7.072173118591309, -2.182404041290283, -0.6731842756271362, -5.979254245758057], [4.201282024383545, -0.3562220335006714, -0.22841669619083405, -1.6083426475524902, -1.9478451013565063, 2.1541526317596436, 17.74557876586914, 3.2537758350372314, 6.009970188140869, 2.9866955280303955, 3.7511086463928223, 4.712402820587158, -1.6793245077133179, 0.3707144856452942, 2.7888457775115967, 0.6891369223594666, -2.614098310470581, -4.856282711029053, 0.7362505793571472, 1.8872554302215576, -4.080043315887451], [1.3298667669296265, 6.272923469543457, 7.307038307189941, -2.5339131355285645, 2.9795029163360596, -6.234284400939941, 3.2537758350372314, 20.31282615661621, 4.090169429779053, -1.0239354372024536, 6.856076240539551, -6.308547019958496, -1.5963116884231567, 6.536914348602295, -3.6545791625976562, -1.5598219633102417, 8.16222858428955, -1.2076013088226318, 3.8273181915283203, 4.910126209259033, 9.008858680725098], [-1.181854486465454, 8.618463516235352, -1.261562466621399, -2.9816906452178955, -2.0016608238220215, -8.452594757080078, 6.009970188140869, 4.090169429779053, 18.437543869018555, -1.070243000984192, 2.9416258335113525, -0.2502875030040741, -2.1874139308929443, 3.348410129547119, 0.6112446188926697, -0.8558865785598755, -0.9838629961013794, -7.700636863708496, 4.62650728225708, 1.4644120931625366, 1.5497069358825684], [11.554450035095215, -5.682451248168945, -1.3631455898284912, 8.912053108215332, 6.885432720184326, 9.116403579711914, 2.9866955280303955, -1.0239354372024536, -1.070243000984192, 26.491500854492188, -4.999032497406006, 5.6283674240112305, 13.972602844238281, -5.842899322509766, -0.4534355401992798, 2.8443968296051025, 10.505929946899414, -3.102851629257202, 3.014857292175293, 6.784358024597168, 2.9103546142578125], [-4.3305983543396, 1.2828178405761719, 2.3825244903564453, -0.8861114978790283, -7.118688583374023, 0.9695237874984741, 3.7511086463928223, 6.856076240539551, 2.9416258335113525, -4.999032497406006, 21.529592514038086, -4.636659622192383, -7.707775115966797, -0.26056957244873047, -1.5129040479660034, -1.3843027353286743, -3.367526054382324, -0.175581157207489, 0.7285778522491455, -0.5544301271438599, -7.197758674621582], [7.8135151863098145, -5.483903408050537, -4.3203349113464355, -2.802938461303711, -1.50046706199646, 3.9427406787872314, 4.712402820587158, -6.308547019958496, -0.2502875030040741, 5.6283674240112305, -4.636659622192383, 27.91474151611328, 0.31112924218177795, -0.5946018695831299, 1.115565299987793, 10.391277313232422, 1.6117806434631348, -2.4189205169677734, 8.853458404541016, 1.5499225854873657, 5.075794696807861], [7.9781646728515625, -5.4156646728515625, -1.2651875019073486, 8.71737003326416, -1.657035231590271, 2.247206687927246, -1.6793245077133179, -1.5963116884231567, -2.1874139308929443, 13.972602844238281, -7.707775115966797, 0.31112924218177795, 21.824514389038086, -2.1153483390808105, -1.3062288761138916, 2.7532927989959717, 7.950313568115234, -0.5432596206665039, -2.1996259689331055, 6.1349029541015625, 6.228477954864502], [-0.3337860107421875, 8.586008071899414, 5.95450496673584, -1.4026299715042114, -2.46425199508667, -0.6972672939300537, 0.3707144856452942, 6.536914348602295, 3.348410129547119, -5.842899322509766, -0.26056957244873047, -0.5946018695831299, -2.1153483390808105, 24.430984497070312, -4.610159397125244, -1.2345023155212402, 7.806983947753906, 1.3345530033111572, 4.975034236907959, -0.35270124673843384, 4.470170497894287], [-4.455826759338379, -0.8192151188850403, -0.29244300723075867, -1.2971338033676147, -1.1890971660614014, -3.9920475482940674, 2.7888457775115967, -3.6545791625976562, 0.6112446188926697, -0.4534355401992798, -1.5129040479660034, 1.115565299987793, -1.3062288761138916, -4.610159397125244, 18.406288146972656, 2.7328038215637207, -11.790473937988281, -1.856176495552063, -4.260815620422363, -6.522308826446533, -0.07405073940753937], [4.769532203674316, -4.585338592529297, 7.354605197906494, -1.365703821182251, 0.8133137226104736, 2.0531370639801025, 0.6891369223594666, -1.5598219633102417, -0.8558865785598755, 2.8443968296051025, -1.3843027353286743, 10.391277313232422, 2.7532927989959717, -1.2345023155212402, 2.7328038215637207, 16.651288986206055, 2.047105312347412, 1.9165937900543213, 4.503491401672363, -1.2654228210449219, 10.787854194641113], [8.397992134094238, 6.056972980499268, 1.188369870185852, -5.502044200897217, 8.860026359558105, 4.659985065460205, -2.61409854888916, 8.162227630615234, -0.983863115310669, 10.505929946899414, -3.367525577545166, 1.611780047416687, 7.950310707092285, 7.806983470916748, -11.790474891662598, 2.047105550765991, 35.10602569580078, -0.6942884922027588, 0.21107816696166992, 14.282707214355469, 11.557516098022461], [3.353567600250244, -2.1483967304229736, -0.6016269326210022, 2.5023210048675537, -0.10466614365577698, 7.07217264175415, -4.856282711029053, -1.20760178565979, -7.700636386871338, -3.1028506755828857, -0.17558062076568604, -2.4189205169677734, -0.5432595610618591, 1.3345527648925781, -1.8561763763427734, 1.9165936708450317, -0.6942884922027588, 22.241531372070312, 1.0483784675598145, -1.113970160484314, -1.939074993133545], [0.8529068827629089, 0.48999908566474915, 3.557133197784424, 1.3675494194030762, 9.045198440551758, -2.182403802871704, 0.7362505793571472, 3.827317714691162, 4.626506805419922, 3.0148580074310303, 0.7285781502723694, 8.853459358215332, -2.1996254920959473, 4.975033760070801, -4.260815143585205, 4.503490924835205, 0.21107816696166992, 1.0483784675598145, 26.434917449951172, 8.208782196044922, 2.0042741298675537], [4.4667816162109375, -0.8339868783950806, -3.106708526611328, 1.031230092048645, 6.7409844398498535, -0.673184335231781, 1.8872557878494263, 4.910126209259033, 1.464411973953247, 6.784357070922852, -0.5544303059577942, 1.5499225854873657, 6.134903430938721, -0.352701336145401, -6.522309303283691, -1.2654227018356323, 14.282707214355469, -1.113970160484314, 8.208782196044922, 17.555002212524414, 0.44071534276008606], [4.763692378997803, 1.1635552644729614, 4.656583786010742, -1.8232076168060303, 7.754080772399902, -5.979255199432373, -4.080043315887451, 9.008858680725098, 1.549707055091858, 2.9103541374206543, -7.197758674621582, 5.0757951736450195, 6.22847843170166, 4.470169544219971, -0.07405209541320801, 10.78785514831543, 11.557515144348145, -1.9390745162963867, 2.0042741298675537, 0.4407155513763428, 29.51171112060547]], "type": "heatmap"}], "layout": {"template": {"data": {"histogram2dcontour": [{"type": "histogram2dcontour", "colorbar": {"outlinewidth": 0, "ticks": ""}, "colorscale": [[0.0, "#0d0887"], [0.1111111111111111, "#46039f"], [0.2222222222222222, "#7201a8"], [0.3333333333333333, "#9c179e"], [0.4444444444444444, "#bd3786"], [0.5555555555555556, "#d8576b"], [0.6666666666666666, "#ed7953"], [0.7777777777777778, "#fb9f3a"], [0.8888888888888888, "#fdca26"], [1.0, "#f0f921"]]}], "choropleth": [{"type": "choropleth", "colorbar": {"outlinewidth": 0, "ticks": ""}}], "histogram2d": [{"type": "histogram2d", "colorbar": {"outlinewidth": 0, "ticks": ""}, "colorscale": [[0.0, "#0d0887"], [0.1111111111111111, "#46039f"], [0.2222222222222222, "#7201a8"], [0.3333333333333333, "#9c179e"], [0.4444444444444444, "#bd3786"], [0.5555555555555556, "#d8576b"], [0.6666666666666666, "#ed7953"], [0.7777777777777778, "#fb9f3a"], [0.8888888888888888, "#fdca26"], [1.0, "#f0f921"]]}], "heatmap": [{"type": "heatmap", "colorbar": {"outlinewidth": 0, "ticks": ""}, "colorscale": [[0.0, "#0d0887"], [0.1111111111111111, "#46039f"], [0.2222222222222222, "#7201a8"], [0.3333333333333333, "#9c179e"], [0.4444444444444444, "#bd3786"], [0.5555555555555556, "#d8576b"], [0.6666666666666666, "#ed7953"], [0.7777777777777778, "#fb9f3a"], [0.8888888888888888, "#fdca26"], [1.0, "#f0f921"]]}], "heatmapgl": [{"type": "heatmapgl", "colorbar": {"outlinewidth": 0, "ticks": ""}, "colorscale": [[0.0, "#0d0887"], [0.1111111111111111, "#46039f"], [0.2222222222222222, "#7201a8"], [0.3333333333333333, "#9c179e"], [0.4444444444444444, "#bd3786"], [0.5555555555555556, "#d8576b"], [0.6666666666666666, "#ed7953"], [0.7777777777777778, "#fb9f3a"], [0.8888888888888888, "#fdca26"], [1.0, "#f0f921"]]}], "contourcarpet": [{"type": "contourcarpet", "colorbar": {"outlinewidth": 0, "ticks": ""}}], "contour": [{"type": "contour", "colorbar": {"outlinewidth": 0, "ticks": ""}, "colorscale": [[0.0, "#0d0887"], [0.1111111111111111, "#46039f"], [0.2222222222222222, "#7201a8"], [0.3333333333333333, "#9c179e"], [0.4444444444444444, "#bd3786"], [0.5555555555555556, "#d8576b"], [0.6666666666666666, "#ed7953"], [0.7777777777777778, "#fb9f3a"], [0.8888888888888888, "#fdca26"], [1.0, "#f0f921"]]}], "surface": [{"type": "surface", "colorbar": {"outlinewidth": 0, "ticks": ""}, "colorscale": [[0.0, "#0d0887"], [0.1111111111111111, "#46039f"], [0.2222222222222222, "#7201a8"], [0.3333333333333333, "#9c179e"], [0.4444444444444444, "#bd3786"], [0.5555555555555556, "#d8576b"], [0.6666666666666666, "#ed7953"], [0.7777777777777778, "#fb9f3a"], [0.8888888888888888, "#fdca26"], [1.0, "#f0f921"]]}], "mesh3d": [{"type": "mesh3d", "colorbar": {"outlinewidth": 0, "ticks": ""}}], "scatter": [{"fillpattern": {"fillmode": "overlay", "size": 10, "solidity": 0.2}, "type": "scatter"}], "parcoords": [{"type": "parcoords", "line": {"colorbar": {"outlinewidth": 0, "ticks": ""}}}], "scatterpolargl": [{"type": "scatterpolargl", "marker": {"colorbar": {"outlinewidth": 0, "ticks": ""}}}], "bar": [{"error_x": {"color": "#2a3f5f"}, "error_y": {"color": "#2a3f5f"}, "marker": {"line": {"color": "#E5ECF6", "width": 0.5}, "pattern": {"fillmode": "overlay", "size": 10, "solidity": 0.2}}, "type": "bar"}], "scattergeo": [{"type": "scattergeo", "marker": {"colorbar": {"outlinewidth": 0, "ticks": ""}}}], "scatterpolar": [{"type": "scatterpolar", "marker": {"colorbar": {"outlinewidth": 0, "ticks": ""}}}], "histogram": [{"marker": {"pattern": {"fillmode": "overlay", "size": 10, "solidity": 0.2}}, "type": "histogram"}], "scattergl": [{"type": "scattergl", "marker": {"colorbar": {"outlinewidth": 0, "ticks": ""}}}], "scatter3d": [{"type": "scatter3d", "line": {"colorbar": {"outlinewidth": 0, "ticks": ""}}, "marker": {"colorbar": {"outlinewidth": 0, "ticks": ""}}}], "scattermapbox": [{"type": "scattermapbox", "marker": {"colorbar": {"outlinewidth": 0, "ticks": ""}}}], "scatterternary": [{"type": "scatterternary", "marker": {"colorbar": {"outlinewidth": 0, "ticks": ""}}}], "scattercarpet": [{"type": "scattercarpet", "marker": {"colorbar": {"outlinewidth": 0, "ticks": ""}}}], "carpet": [{"aaxis": {"endlinecolor": "#2a3f5f", "gridcolor": "white", "linecolor": "white", "minorgridcolor": "white", "startlinecolor": "#2a3f5f"}, "baxis": {"endlinecolor": "#2a3f5f", "gridcolor": "white", "linecolor": "white", "minorgridcolor": "white", "startlinecolor": "#2a3f5f"}, "type": "carpet"}], "table": [{"cells": {"fill": {"color": "#EBF0F8"}, "line": {"color": "white"}}, "header": {"fill": {"color": "#C8D4E3"}, "line": {"color": "white"}}, "type": "table"}], "barpolar": [{"marker": {"line": {"color": "#E5ECF6", "width": 0.5}, "pattern": {"fillmode": "overlay", "size": 10, "solidity": 0.2}}, "type": "barpolar"}], "pie": [{"automargin": true, "type": "pie"}]}, "layout": {"autotypenumbers": "strict", "colorway": ["#636efa", "#EF553B", "#00cc96", "#ab63fa", "#FFA15A", "#19d3f3", "#FF6692", "#B6E880", "#FF97FF", "#FECB52"], "font": {"color": "#2a3f5f"}, "hovermode": "closest", "hoverlabel": {"align": "left"}, "paper_bgcolor": "white", "plot_bgcolor": "#E5ECF6", "polar": {"bgcolor": "#E5ECF6", "angularaxis": {"gridcolor": "white", "linecolor": "white", "ticks": ""}, "radialaxis": {"gridcolor": "white", "linecolor": "white", "ticks": ""}}, "ternary": {"bgcolor": "#E5ECF6", "aaxis": {"gridcolor": "white", "linecolor": "white", "ticks": ""}, "baxis": {"gridcolor": "white", "linecolor": "white", "ticks": ""}, "caxis": {"gridcolor": "white", "linecolor": "white", "ticks": ""}}, "coloraxis": {"colorbar": {"outlinewidth": 0, "ticks": ""}}, "colorscale": {"sequential": [[0.0, "#0d0887"], [0.1111111111111111, "#46039f"], [0.2222222222222222, "#7201a8"], [0.3333333333333333, "#9c179e"], [0.4444444444444444, "#bd3786"], [0.5555555555555556, "#d8576b"], [0.6666666666666666, "#ed7953"], [0.7777777777777778, "#fb9f3a"], [0.8888888888888888, "#fdca26"], [1.0, "#f0f921"]], "sequentialminus": [[0.0, "#0d0887"], [0.1111111111111111, "#46039f"], [0.2222222222222222, "#7201a8"], [0.3333333333333333, "#9c179e"], [0.4444444444444444, "#bd3786"], [0.5555555555555556, "#d8576b"], [0.6666666666666666, "#ed7953"], [0.7777777777777778, "#fb9f3a"], [0.8888888888888888, "#fdca26"], [1.0, "#f0f921"]], "diverging": [[0, "#8e0152"], [0.1, "#c51b7d"], [0.2, "#de77ae"], [0.3, "#f1b6da"], [0.4, "#fde0ef"], [0.5, "#f7f7f7"], [0.6, "#e6f5d0"], [0.7, "#b8e186"], [0.8, "#7fbc41"], [0.9, "#4d9221"], [1, "#276419"]]}, "xaxis": {"gridcolor": "white", "linecolor": "white", "ticks": "", "title": {"standoff": 15}, "zerolinecolor": "white", "automargin": true, "zerolinewidth": 2}, "yaxis": {"gridcolor": "white", "linecolor": "white", "ticks": "", "title": {"standoff": 15}, "zerolinecolor": "white", "automargin": true, "zerolinewidth": 2}, "scene": {"xaxis": {"backgroundcolor": "#E5ECF6", "gridcolor": "white", "linecolor": "white", "showbackground": true, "ticks": "", "zerolinecolor": "white", "gridwidth": 2}, "yaxis": {"backgroundcolor": "#E5ECF6", "gridcolor": "white", "linecolor": "white", "showbackground": true, "ticks": "", "zerolinecolor": "white", "gridwidth": 2}, "zaxis": {"backgroundcolor": "#E5ECF6", "gridcolor": "white", "linecolor": "white", "showbackground": true, "ticks": "", "zerolinecolor": "white", "gridwidth": 2}}, "shapedefaults": {"line": {"color": "#2a3f5f"}}, "annotationdefaults": {"arrowcolor": "#2a3f5f", "arrowhead": 0, "arrowwidth": 1}, "geo": {"bgcolor": "white", "landcolor": "#E5ECF6", "subunitcolor": "white", "showland": true, "showlakes": true, "lakecolor": "white"}, "title": {"x": 0.05}, "mapbox": {"style": "light"}}}}}