{"data": [{"z": [[17.7445011138916, -4.372254371643066, -2.2337241172790527, 4.930465221405029, 4.0064826011657715, 7.7992730140686035, 4.200367450714111, 1.3298248052597046, -1.1817365884780884, 11.554102897644043, -4.330414295196533, 7.813047409057617, 7.97834587097168, -0.3339579105377197, -4.45633602142334, 4.768604755401611, 8.397089004516602, 3.352895975112915, 0.8527886867523193, 4.46688175201416, 4.762964248657227], [-4.372254371643066, 27.16387176513672, 0.9055826663970947, -5.0725531578063965, 1.7747771739959717, -5.916468620300293, -0.35650765895843506, 6.2730183601379395, 8.618613243103027, -5.682539939880371, 1.283651351928711, -5.4831671714782715, -5.414989471435547, 8.586466789245605, -0.8192064166069031, -4.585536003112793, 6.0560736656188965, -2.148202896118164, 0.48964929580688477, -0.8333120346069336, 1.1636260747909546], [-2.2337241172790527, 0.9055826663970947, 31.889663696289062, -0.5650234818458557, -2.8158950805664062, 2.411985158920288, -0.22943800687789917, 7.307563304901123, -1.2610381841659546, -1.363687515258789, 2.3828277587890625, -4.319949626922607, -1.2645299434661865, 5.954456329345703, -0.2928142249584198, 7.354099273681641, 1.187366247177124, -0.6024128198623657, 3.556661605834961, -3.105797290802002, 4.656617641448975], [4.930465221405029, -5.0725531578063965, -0.5650234818458557, 25.763729095458984, 0.7108921408653259, 4.575809001922607, -1.609079360961914, -2.533663272857666, -2.981644868850708, 8.911595344543457, -0.8861668705940247, -2.8026514053344727, 8.717511177062988, -1.4025681018829346, -1.2972500324249268, -1.3657591342926025, -5.50385856628418, 2.5020508766174316, 1.3666975498199463, 1.031911849975586, -1.8234694004058838], [4.0064826011657715, 1.7747771739959717, -2.8158950805664062, 0.7108921408653259, 27.615934371948242, 1.0001024007797241, -1.9478914737701416, 2.9795732498168945, -2.0011942386627197, 6.885562419891357, -7.117654323577881, -1.500105619430542, -1.6567869186401367, -2.4639699459075928, -1.1888189315795898, 0.8132047057151794, 8.860257148742676, -0.10445961356163025, 9.044637680053711, 6.741451740264893, 7.754465103149414], [7.7992730140686035, -5.916468620300293, 2.411985158920288, 4.575809001922607, 1.0001024007797241, 19.83579444885254, 2.154176712036133, -6.232990741729736, -8.452174186706543, 9.116743087768555, 0.9689728021621704, 3.9430043697357178, 2.2474145889282227, -0.6969466209411621, -3.9909491539001465, 2.054651975631714, 4.659269332885742, 7.072659015655518, -2.1816625595092773, -0.6721242666244507, -5.978793144226074], [4.200367450714111, -0.35650765895843506, -0.22943800687789917, -1.609079360961914, -1.9478914737701416, 2.154176712036133, 17.745134353637695, 3.253817319869995, 6.009496688842773, 2.9856138229370117, 3.750312089920044, 4.712571144104004, -1.6789902448654175, 0.37004154920578003, 2.7880442142486572, 0.6890737414360046, -2.6152184009552, -4.856801986694336, 0.7356141209602356, 1.8861966133117676, -4.080283164978027], [1.3298248052597046, 6.2730183601379395, 7.307563304901123, -2.533663272857666, 2.9795732498168945, -6.232990741729736, 3.253817319869995, 20.31338119506836, 4.090179920196533, -1.0235774517059326, 6.856544494628906, -6.307737350463867, -1.5956575870513916, 6.5378031730651855, -3.653592824935913, -1.5591089725494385, 8.161245346069336, -1.2065601348876953, 3.827568769454956, 4.911508560180664, 9.009249687194824], [-1.1817365884780884, 8.618613243103027, -1.2610381841659546, -2.981644868850708, -2.0011942386627197, -8.452174186706543, 6.009496688842773, 4.090179920196533, 18.438026428222656, -1.0702593326568604, 2.9420969486236572, -0.24975897371768951, -2.187082290649414, 3.348952293395996, 0.6115630269050598, -0.8555231690406799, -0.9848897457122803, -7.700534820556641, 4.6260857582092285, 1.4656339883804321, 1.5499911308288574], [11.554102897644043, -5.682539939880371, -1.363687515258789, 8.911595344543457, 6.885562419891357, 9.116743087768555, 2.9856138229370117, -1.0235774517059326, -1.0702593326568604, 26.491350173950195, -4.999222755432129, 5.628011703491211, 13.972637176513672, -5.842812538146973, -0.45395946502685547, 2.843550682067871, 10.504571914672852, -3.10347843170166, 3.0143253803253174, 6.785222053527832, 2.9098315238952637], [-4.330414295196533, 1.283651351928711, 2.3828277587890625, -0.8861668705940247, -7.117654323577881, 0.9689728021621704, 3.750312089920044, 6.856544494628906, 2.9420969486236572, -4.999222755432129, 21.530431747436523, -4.6360979080200195, -7.707213401794434, -0.2602028250694275, -1.5134021043777466, -1.3848155736923218, -3.3680906295776367, -0.17620301246643066, 0.7279388904571533, -0.5533307790756226, -7.197665691375732], [7.813047409057617, -5.4831671714782715, -4.319949626922607, -2.8026514053344727, -1.500105619430542, 3.9430043697357178, 4.712571144104004, -6.307737350463867, -0.24975897371768951, 5.628011703491211, -4.6360979080200195, 27.914976119995117, 0.31193605065345764, -0.5946782231330872, 1.115504503250122, 10.391129493713379, 1.6128056049346924, -2.418909788131714, 8.85297679901123, 1.5496858358383179, 5.0760626792907715], [7.97834587097168, -5.414989471435547, -1.2645299434661865, 8.717511177062988, -1.6567869186401367, 2.2474145889282227, -1.6789902448654175, -1.5956575870513916, -2.187082290649414, 13.972637176513672, -7.707213401794434, 0.31193605065345764, 21.82513999938965, -2.1151514053344727, -1.3056895732879639, 2.7539074420928955, 7.950550079345703, -0.5429108142852783, -2.199580192565918, 6.134866714477539, 6.2290520668029785], [-0.3339579105377197, 8.586466789245605, 5.954456329345703, -1.4025681018829346, -2.4639699459075928, -0.6969466209411621, 0.37004154920578003, 6.5378031730651855, 3.348952293395996, -5.842812538146973, -0.2602028250694275, -0.5946782231330872, -2.1151514053344727, 24.43194007873535, -4.610351085662842, -1.2351070642471313, 7.80596399307251, 1.334218978881836, 4.974164009094238, -0.3514316976070404, 4.469934940338135], [-4.45633602142334, -0.8192064166069031, -0.2928142249584198, -1.2972500324249268, -1.1888189315795898, -3.9909491539001465, 2.7880442142486572, -3.653592824935913, 0.6115630269050598, -0.45395946502685547, -1.5134021043777466, 1.115504503250122, -1.3056895732879639, -4.610351085662842, 18.40635871887207, 2.733055353164673, -11.79152774810791, -1.8565987348556519, -4.260768890380859, -6.521411418914795, -0.07403111457824707], [4.768604755401611, -4.585536003112793, 7.354099273681641, -1.3657591342926025, 0.8132047057151794, 2.054651975631714, 0.6890737414360046, -1.5591089725494385, -0.8555231690406799, 2.843550682067871, -1.3848155736923218, 10.391129493713379, 2.7539074420928955, -1.2351070642471313, 2.733055353164673, 16.65212631225586, 2.046571731567383, 1.9166486263275146, 4.503577709197998, -1.2654961347579956, 10.787973403930664], [8.397088050842285, 6.056074142456055, 1.187365174293518, -5.503859043121338, 8.860257148742676, 4.659269332885742, -2.6152188777923584, 8.161246299743652, -0.984889030456543, 10.504570960998535, -3.3680906295776367, 1.6128053665161133, 7.950549602508545, 7.80596399307251, -11.79152774810791, 2.046571731567383, 35.10394287109375, -0.6949102878570557, 0.2099614143371582, 14.281702041625977, 11.556992530822754], [3.352895975112915, -2.148202896118164, -0.6024124622344971, 2.502051591873169, -0.10445975512266159, 7.072659015655518, -4.856801986694336, -1.2065600156784058, -7.700536727905273, -3.1034786701202393, -0.17620298266410828, -2.418910026550293, -0.5429104566574097, 1.3342185020446777, -1.8565986156463623, 1.9166489839553833, -0.6949102878570557, 22.240947723388672, 1.0481195449829102, -1.113813877105713, -1.9391165971755981], [0.8527886271476746, 0.4896497428417206, 3.55666184425354, 1.3666973114013672, 9.044636726379395, -2.1816623210906982, 0.7356138229370117, 3.827568769454956, 4.6260857582092285, 3.0143253803253174, 0.7279385328292847, 8.852977752685547, -2.199580430984497, 4.974163055419922, -4.260768413543701, 4.503577709197998, 0.2099614143371582, 1.0481195449829102, 26.43511199951172, 8.208159446716309, 2.0038509368896484], [4.46688175201416, -0.8333117961883545, -3.1057968139648438, 1.031912088394165, 6.741451740264893, -0.6721242070198059, 1.8861966133117676, 4.911508560180664, 1.4656343460083008, 6.785221099853516, -0.5533305406570435, 1.5496861934661865, 6.134866237640381, -0.35143131017684937, -6.521410942077637, -1.2654964923858643, 14.281702041625977, -1.113813877105713, 8.208159446716309, 17.55792999267578, 0.4407287836074829], [4.762963771820068, 1.1636260747909546, 4.656617641448975, -1.8234694004058838, 7.754465103149414, -5.978793144226074, -4.080283164978027, 9.009249687194824, 1.5499910116195679, 2.9098310470581055, -7.197664737701416, 5.07606315612793, 6.229052543640137, 4.469934463500977, -0.07403063774108887, 10.787975311279297, 11.55699348449707, -1.93911612033844, 2.0038509368896484, 0.44072866439819336, 29.51171112060547]], "type": "heatmap"}], "layout": {"template": {"data": {"histogram2dcontour": [{"type": "histogram2dcontour", "colorbar": {"outlinewidth": 0, "ticks": ""}, "colorscale": [[0.0, "#0d0887"], [0.1111111111111111, "#46039f"], [0.2222222222222222, "#7201a8"], [0.3333333333333333, "#9c179e"], [0.4444444444444444, "#bd3786"], [0.5555555555555556, "#d8576b"], [0.6666666666666666, "#ed7953"], [0.7777777777777778, "#fb9f3a"], [0.8888888888888888, "#fdca26"], [1.0, "#f0f921"]]}], "choropleth": [{"type": "choropleth", "colorbar": {"outlinewidth": 0, "ticks": ""}}], "histogram2d": [{"type": "histogram2d", "colorbar": {"outlinewidth": 0, "ticks": ""}, "colorscale": [[0.0, "#0d0887"], [0.1111111111111111, "#46039f"], [0.2222222222222222, "#7201a8"], [0.3333333333333333, "#9c179e"], [0.4444444444444444, "#bd3786"], [0.5555555555555556, "#d8576b"], [0.6666666666666666, "#ed7953"], [0.7777777777777778, "#fb9f3a"], [0.8888888888888888, "#fdca26"], [1.0, "#f0f921"]]}], "heatmap": [{"type": "heatmap", "colorbar": {"outlinewidth": 0, "ticks": ""}, "colorscale": [[0.0, "#0d0887"], [0.1111111111111111, "#46039f"], [0.2222222222222222, "#7201a8"], [0.3333333333333333, "#9c179e"], [0.4444444444444444, "#bd3786"], [0.5555555555555556, "#d8576b"], [0.6666666666666666, "#ed7953"], [0.7777777777777778, "#fb9f3a"], [0.8888888888888888, "#fdca26"], [1.0, "#f0f921"]]}], "heatmapgl": [{"type": "heatmapgl", "colorbar": {"outlinewidth": 0, "ticks": ""}, "colorscale": [[0.0, "#0d0887"], [0.1111111111111111, "#46039f"], [0.2222222222222222, "#7201a8"], [0.3333333333333333, "#9c179e"], [0.4444444444444444, "#bd3786"], [0.5555555555555556, "#d8576b"], [0.6666666666666666, "#ed7953"], [0.7777777777777778, "#fb9f3a"], [0.8888888888888888, "#fdca26"], [1.0, "#f0f921"]]}], "contourcarpet": [{"type": "contourcarpet", "colorbar": {"outlinewidth": 0, "ticks": ""}}], "contour": [{"type": "contour", "colorbar": {"outlinewidth": 0, "ticks": ""}, "colorscale": [[0.0, "#0d0887"], [0.1111111111111111, "#46039f"], [0.2222222222222222, "#7201a8"], [0.3333333333333333, "#9c179e"], [0.4444444444444444, "#bd3786"], [0.5555555555555556, "#d8576b"], [0.6666666666666666, "#ed7953"], [0.7777777777777778, "#fb9f3a"], [0.8888888888888888, "#fdca26"], [1.0, "#f0f921"]]}], "surface": [{"type": "surface", "colorbar": {"outlinewidth": 0, "ticks": ""}, "colorscale": [[0.0, "#0d0887"], [0.1111111111111111, "#46039f"], [0.2222222222222222, "#7201a8"], [0.3333333333333333, "#9c179e"], [0.4444444444444444, "#bd3786"], [0.5555555555555556, "#d8576b"], [0.6666666666666666, "#ed7953"], [0.7777777777777778, "#fb9f3a"], [0.8888888888888888, "#fdca26"], [1.0, "#f0f921"]]}], "mesh3d": [{"type": "mesh3d", "colorbar": {"outlinewidth": 0, "ticks": ""}}], "scatter": [{"fillpattern": {"fillmode": "overlay", "size": 10, "solidity": 0.2}, "type": "scatter"}], "parcoords": [{"type": "parcoords", "line": {"colorbar": {"outlinewidth": 0, "ticks": ""}}}], "scatterpolargl": [{"type": "scatterpolargl", "marker": {"colorbar": {"outlinewidth": 0, "ticks": ""}}}], "bar": [{"error_x": {"color": "#2a3f5f"}, "error_y": {"color": "#2a3f5f"}, "marker": {"line": {"color": "#E5ECF6", "width": 0.5}, "pattern": {"fillmode": "overlay", "size": 10, "solidity": 0.2}}, "type": "bar"}], "scattergeo": [{"type": "scattergeo", "marker": {"colorbar": {"outlinewidth": 0, "ticks": ""}}}], "scatterpolar": [{"type": "scatterpolar", "marker": {"colorbar": {"outlinewidth": 0, "ticks": ""}}}], "histogram": [{"marker": {"pattern": {"fillmode": "overlay", "size": 10, "solidity": 0.2}}, "type": "histogram"}], "scattergl": [{"type": "scattergl", "marker": {"colorbar": {"outlinewidth": 0, "ticks": ""}}}], "scatter3d": [{"type": "scatter3d", "line": {"colorbar": {"outlinewidth": 0, "ticks": ""}}, "marker": {"colorbar": {"outlinewidth": 0, "ticks": ""}}}], "scattermapbox": [{"type": "scattermapbox", "marker": {"colorbar": {"outlinewidth": 0, "ticks": ""}}}], "scatterternary": [{"type": "scatterternary", "marker": {"colorbar": {"outlinewidth": 0, "ticks": ""}}}], "scattercarpet": [{"type": "scattercarpet", "marker": {"colorbar": {"outlinewidth": 0, "ticks": ""}}}], "carpet": [{"aaxis": {"endlinecolor": "#2a3f5f", "gridcolor": "white", "linecolor": "white", "minorgridcolor": "white", "startlinecolor": "#2a3f5f"}, "baxis": {"endlinecolor": "#2a3f5f", "gridcolor": "white", "linecolor": "white", "minorgridcolor": "white", "startlinecolor": "#2a3f5f"}, "type": "carpet"}], "table": [{"cells": {"fill": {"color": "#EBF0F8"}, "line": {"color": "white"}}, "header": {"fill": {"color": "#C8D4E3"}, "line": {"color": "white"}}, "type": "table"}], "barpolar": [{"marker": {"line": {"color": "#E5ECF6", "width": 0.5}, "pattern": {"fillmode": "overlay", "size": 10, "solidity": 0.2}}, "type": "barpolar"}], "pie": [{"automargin": true, "type": "pie"}]}, "layout": {"autotypenumbers": "strict", "colorway": ["#636efa", "#EF553B", "#00cc96", "#ab63fa", "#FFA15A", "#19d3f3", "#FF6692", "#B6E880", "#FF97FF", "#FECB52"], "font": {"color": "#2a3f5f"}, "hovermode": "closest", "hoverlabel": {"align": "left"}, "paper_bgcolor": "white", "plot_bgcolor": "#E5ECF6", "polar": {"bgcolor": "#E5ECF6", "angularaxis": {"gridcolor": "white", "linecolor": "white", "ticks": ""}, "radialaxis": {"gridcolor": "white", "linecolor": "white", "ticks": ""}}, "ternary": {"bgcolor": "#E5ECF6", "aaxis": {"gridcolor": "white", "linecolor": "white", "ticks": ""}, "baxis": {"gridcolor": "white", "linecolor": "white", "ticks": ""}, "caxis": {"gridcolor": "white", "linecolor": "white", "ticks": ""}}, "coloraxis": {"colorbar": {"outlinewidth": 0, "ticks": ""}}, "colorscale": {"sequential": [[0.0, "#0d0887"], [0.1111111111111111, "#46039f"], [0.2222222222222222, "#7201a8"], [0.3333333333333333, "#9c179e"], [0.4444444444444444, "#bd3786"], [0.5555555555555556, "#d8576b"], [0.6666666666666666, "#ed7953"], [0.7777777777777778, "#fb9f3a"], [0.8888888888888888, "#fdca26"], [1.0, "#f0f921"]], "sequentialminus": [[0.0, "#0d0887"], [0.1111111111111111, "#46039f"], [0.2222222222222222, "#7201a8"], [0.3333333333333333, "#9c179e"], [0.4444444444444444, "#bd3786"], [0.5555555555555556, "#d8576b"], [0.6666666666666666, "#ed7953"], [0.7777777777777778, "#fb9f3a"], [0.8888888888888888, "#fdca26"], [1.0, "#f0f921"]], "diverging": [[0, "#8e0152"], [0.1, "#c51b7d"], [0.2, "#de77ae"], [0.3, "#f1b6da"], [0.4, "#fde0ef"], [0.5, "#f7f7f7"], [0.6, "#e6f5d0"], [0.7, "#b8e186"], [0.8, "#7fbc41"], [0.9, "#4d9221"], [1, "#276419"]]}, "xaxis": {"gridcolor": "white", "linecolor": "white", "ticks": "", "title": {"standoff": 15}, "zerolinecolor": "white", "automargin": true, "zerolinewidth": 2}, "yaxis": {"gridcolor": "white", "linecolor": "white", "ticks": "", "title": {"standoff": 15}, "zerolinecolor": "white", "automargin": true, "zerolinewidth": 2}, "scene": {"xaxis": {"backgroundcolor": "#E5ECF6", "gridcolor": "white", "linecolor": "white", "showbackground": true, "ticks": "", "zerolinecolor": "white", "gridwidth": 2}, "yaxis": {"backgroundcolor": "#E5ECF6", "gridcolor": "white", "linecolor": "white", "showbackground": true, "ticks": "", "zerolinecolor": "white", "gridwidth": 2}, "zaxis": {"backgroundcolor": "#E5ECF6", "gridcolor": "white", "linecolor": "white", "showbackground": true, "ticks": "", "zerolinecolor": "white", "gridwidth": 2}}, "shapedefaults": {"line": {"color": "#2a3f5f"}}, "annotationdefaults": {"arrowcolor": "#2a3f5f", "arrowhead": 0, "arrowwidth": 1}, "geo": {"bgcolor": "white", "landcolor": "#E5ECF6", "subunitcolor": "white", "showland": true, "showlakes": true, "lakecolor": "white"}, "title": {"x": 0.05}, "mapbox": {"style": "light"}}}}}