{"data": [{"z": [[17.743576049804688, -4.3722381591796875, -2.233299732208252, 4.929574489593506, 4.006537914276123, 7.798296928405762, 4.198939323425293, 1.329762578010559, -1.1820776462554932, 11.553703308105469, -4.3298258781433105, 7.81167459487915, 7.978447437286377, -0.33417436480522156, -4.457392692565918, 4.7668681144714355, 8.396286010742188, 3.3520703315734863, 0.8524271249771118, 4.466675758361816, 4.760931968688965], [-4.3722381591796875, 27.164094924926758, 0.906593918800354, -5.072643280029297, 1.7756941318511963, -5.916779041290283, -0.3572385907173157, 6.273030757904053, 8.618603706359863, -5.682695388793945, 1.2849172353744507, -5.482446670532227, -5.414364814758301, 8.587275505065918, -0.8192321062088013, -4.586005687713623, 6.05480432510376, -2.148038625717163, 0.4890934228897095, -0.8321725130081177, 1.163496971130371], [-2.233299732208252, 0.906593918800354, 31.890625, -0.564697265625, -2.814267635345459, 2.4120631217956543, -0.23117171227931976, 7.308563709259033, -1.259716272354126, -1.3644793033599854, 2.384030342102051, -4.318745136260986, -1.2629201412200928, 5.954348087310791, -0.2927684187889099, 7.353259086608887, 1.1862750053405762, -0.6032266616821289, 3.556442975997925, -3.1041834354400635, 4.656794548034668], [4.929574489593506, -5.072643280029297, -0.564697265625, 25.76338768005371, 0.7118961811065674, 4.577513694763184, -1.610521674156189, -2.5324296951293945, -2.9807794094085693, 8.91048526763916, -0.8858230710029602, -2.8008389472961426, 8.718904495239258, -1.4021488428115845, -1.2965482473373413, -1.3653684854507446, -5.5064802169799805, 2.50258207321167, 1.3650901317596436, 1.0333964824676514, -1.8231170177459717], [4.006537914276123, 1.7756941318511963, -2.814267635345459, 0.7118961811065674, 27.617090225219727, 1.000447154045105, -1.9481600522994995, 2.98028302192688, -1.9995912313461304, 6.88529109954834, -7.1155476570129395, -1.498368263244629, -1.6554902791976929, -2.4635519981384277, -1.1877559423446655, 0.8130822777748108, 8.860167503356934, -0.10398995876312256, 9.04360580444336, 6.742392539978027, 7.755746841430664], [7.798296928405762, -5.916779041290283, 2.4120631217956543, 4.577513694763184, 1.000447154045105, 19.84028434753418, 2.1543235778808594, -6.230273246765137, -8.450779914855957, 9.117137908935547, 0.9683225750923157, 3.944589853286743, 2.2487809658050537, -0.6962466239929199, -3.988391876220703, 2.057187557220459, 4.658127784729004, 7.073803901672363, -2.17991304397583, -0.6701862812042236, -5.976993083953857], [4.198939323425293, -0.3572385907173157, -0.23117171227931976, -1.610521674156189, -1.9481600522994995, 2.1543235778808594, 17.744516372680664, 3.2538375854492188, 6.008678436279297, 2.984002113342285, 3.7488481998443604, 4.712574481964111, -1.678570032119751, 0.3686017096042633, 2.7867369651794434, 0.6887569427490234, -2.6160333156585693, -4.857386589050293, 0.7348373532295227, 1.8839128017425537, -4.081335067749023], [1.329762578010559, 6.273030757904053, 7.308563709259033, -2.5324296951293945, 2.98028302192688, -6.230273246765137, 3.2538375854492188, 20.3148250579834, 4.090599536895752, -1.0230293273925781, 6.8574347496032715, -6.305713176727295, -1.5941376686096191, 6.539601802825928, -3.6513848304748535, -1.5577781200408936, 8.159839630126953, -1.2045619487762451, 3.828181266784668, 4.914177894592285, 9.011046409606934], [-1.1820776462554932, 8.618603706359863, -1.259716272354126, -2.9807794094085693, -1.9995912313461304, -8.450779914855957, 6.008678436279297, 4.090599536895752, 18.439722061157227, -1.070534348487854, 2.942915916442871, -0.24772706627845764, -2.185818672180176, 3.3500173091888428, 0.6127504110336304, -0.8544861674308777, -0.9870337247848511, -7.700053691864014, 4.625577926635742, 1.46820068359375, 1.5514096021652222], [11.553703308105469, -5.682695388793945, -1.3644793033599854, 8.91048526763916, 6.88529109954834, 9.117137908935547, 2.984002113342285, -1.0230293273925781, -1.070534348487854, 26.491724014282227, -4.999365329742432, 5.626848220825195, 13.9723482131958, -5.8426032066345215, -0.45524483919143677, 2.8416099548339844, 10.503129959106445, -3.1041908264160156, 3.013244867324829, 6.786331653594971, 2.908015012741089], [-4.3298258781433105, 1.2849172353744507, 2.384030342102051, -0.8858230710029602, -7.1155476570129395, 0.9683225750923157, 3.7488481998443604, 6.8574347496032715, 2.942915916442871, -4.999365329742432, 21.532400131225586, -4.634716987609863, -7.705938816070557, -0.2591395378112793, -1.5134592056274414, -1.3852406740188599, -3.3687000274658203, -0.17663908004760742, 0.727407693862915, -0.5510294437408447, -7.196974277496338], [7.81167459487915, -5.482446670532227, -4.318745136260986, -2.8008389472961426, -1.498368263244629, 3.944589853286743, 4.712574481964111, -6.305713176727295, -0.24772706627845764, 5.626848220825195, -4.634716987609863, 27.916913986206055, 0.31461361050605774, -0.5951218008995056, 1.1164672374725342, 10.390884399414062, 1.6143728494644165, -2.418574810028076, 8.85285758972168, 1.549257755279541, 5.07741117477417], [7.978447437286377, -5.414364814758301, -1.2629201412200928, 8.718904495239258, -1.6554902791976929, 2.2487809658050537, -1.678570032119751, -1.5941376686096191, -2.185818672180176, 13.9723482131958, -7.705938816070557, 0.31461361050605774, 21.827144622802734, -2.114851474761963, -1.3036445379257202, 2.7552332878112793, 7.950568675994873, -0.5420587062835693, -2.1987266540527344, 6.135002136230469, 6.231170177459717], [-0.33417436480522156, 8.587275505065918, 5.954348087310791, -1.4021488428115845, -2.4635519981384277, -0.6962466239929199, 0.3686017096042633, 6.539601802825928, 3.3500173091888428, -5.8426032066345215, -0.2591395378112793, -0.5951218008995056, -2.114851474761963, 24.43407440185547, -4.610412120819092, -1.236268162727356, 7.8045196533203125, 1.3338274955749512, 4.972728729248047, -0.34909796714782715, 4.469333648681641], [-4.457392692565918, -0.8192321062088013, -0.2927684187889099, -1.2965482473373413, -1.1877559423446655, -3.988391876220703, 2.7867369651794434, -3.6513848304748535, 0.6127504110336304, -0.45524483919143677, -1.5134592056274414, 1.1164672374725342, -1.3036445379257202, -4.610412120819092, 18.407629013061523, 2.7338523864746094, -11.79238224029541, -1.8561341762542725, -4.260532855987549, -6.51992654800415, -0.07338812947273254], [4.7668681144714355, -4.586005687713623, 7.353259086608887, -1.3653684854507446, 0.8130822777748108, 2.057187557220459, 0.6887569427490234, -1.5577781200408936, -0.8544861674308777, 2.8416099548339844, -1.3852406740188599, 10.390884399414062, 2.7552332878112793, -1.236268162727356, 2.7338523864746094, 16.653093338012695, 2.0463790893554688, 1.9170541763305664, 4.5035929679870605, -1.2661490440368652, 10.787959098815918], [8.396286010742188, 6.054805278778076, 1.1862750053405762, -5.5064802169799805, 8.860166549682617, 4.658127784729004, -2.6160333156585693, 8.159839630126953, -0.9870339632034302, 10.503130912780762, -3.3687005043029785, 1.6143730878829956, 7.950568675994873, 7.804519176483154, -11.79238224029541, 2.0463790893554688, 35.101097106933594, -0.6953260898590088, 0.2086811065673828, 14.279818534851074, 11.55620288848877], [3.3520705699920654, -2.1480393409729004, -0.6032261848449707, 2.5025813579559326, -0.10399027168750763, 7.073803424835205, -4.857386589050293, -1.204561710357666, -7.70005464553833, -3.1041908264160156, -0.17663899064064026, -2.4185750484466553, -0.5420583486557007, 1.3338273763656616, -1.8561339378356934, 1.9170539379119873, -0.6953260898590088, 22.240747451782227, 1.0484538078308105, -1.1134873628616333, -1.93868088722229], [0.8524272441864014, 0.48909372091293335, 3.5564422607421875, 1.3650903701782227, 9.04360580444336, -2.179913282394409, 0.734836995601654, 3.828181505203247, 4.625579357147217, 3.0132458209991455, 0.7274076342582703, 8.85285758972168, -2.1987264156341553, 4.972729206085205, -4.260532855987549, 4.503592491149902, 0.2086811065673828, 1.0484538078308105, 26.435054779052734, 8.20627498626709, 2.002730131149292], [4.466676235198975, -0.8321725130081177, -3.1041834354400635, 1.0333969593048096, 6.742392063140869, -0.6701859831809998, 1.883912205696106, 4.914177417755127, 1.468200922012329, 6.786332130432129, -0.5510291457176208, 1.5492576360702515, 6.135002136230469, -0.3490978479385376, -6.519926071166992, -1.2661495208740234, 14.279818534851074, -1.1134873628616333, 8.20627498626709, 17.5631103515625, 0.4405879080295563], [4.760931968688965, 1.1634973287582397, 4.656795501708984, -1.8231165409088135, 7.755747318267822, -5.976993083953857, -4.081335067749023, 9.011046409606934, 1.551409363746643, 2.9080147743225098, -7.1969757080078125, 5.077411651611328, 6.231169700622559, 4.469333648681641, -0.07338857650756836, 10.787958145141602, 11.556201934814453, -1.93868088722229, 2.002729654312134, 0.4405878782272339, 29.51171112060547]], "type": "heatmap"}], "layout": {"template": {"data": {"histogram2dcontour": [{"type": "histogram2dcontour", "colorbar": {"outlinewidth": 0, "ticks": ""}, "colorscale": [[0.0, "#0d0887"], [0.1111111111111111, "#46039f"], [0.2222222222222222, "#7201a8"], [0.3333333333333333, "#9c179e"], [0.4444444444444444, "#bd3786"], [0.5555555555555556, "#d8576b"], [0.6666666666666666, "#ed7953"], [0.7777777777777778, "#fb9f3a"], [0.8888888888888888, "#fdca26"], [1.0, "#f0f921"]]}], "choropleth": [{"type": "choropleth", "colorbar": {"outlinewidth": 0, "ticks": ""}}], "histogram2d": [{"type": "histogram2d", "colorbar": {"outlinewidth": 0, "ticks": ""}, "colorscale": [[0.0, "#0d0887"], [0.1111111111111111, "#46039f"], [0.2222222222222222, "#7201a8"], [0.3333333333333333, "#9c179e"], [0.4444444444444444, "#bd3786"], [0.5555555555555556, "#d8576b"], [0.6666666666666666, "#ed7953"], [0.7777777777777778, "#fb9f3a"], [0.8888888888888888, "#fdca26"], [1.0, "#f0f921"]]}], "heatmap": [{"type": "heatmap", "colorbar": {"outlinewidth": 0, "ticks": ""}, "colorscale": [[0.0, "#0d0887"], [0.1111111111111111, "#46039f"], [0.2222222222222222, "#7201a8"], [0.3333333333333333, "#9c179e"], [0.4444444444444444, "#bd3786"], [0.5555555555555556, "#d8576b"], [0.6666666666666666, "#ed7953"], [0.7777777777777778, "#fb9f3a"], [0.8888888888888888, "#fdca26"], [1.0, "#f0f921"]]}], "heatmapgl": [{"type": "heatmapgl", "colorbar": {"outlinewidth": 0, "ticks": ""}, "colorscale": [[0.0, "#0d0887"], [0.1111111111111111, "#46039f"], [0.2222222222222222, "#7201a8"], [0.3333333333333333, "#9c179e"], [0.4444444444444444, "#bd3786"], [0.5555555555555556, "#d8576b"], [0.6666666666666666, "#ed7953"], [0.7777777777777778, "#fb9f3a"], [0.8888888888888888, "#fdca26"], [1.0, "#f0f921"]]}], "contourcarpet": [{"type": "contourcarpet", "colorbar": {"outlinewidth": 0, "ticks": ""}}], "contour": [{"type": "contour", "colorbar": {"outlinewidth": 0, "ticks": ""}, "colorscale": [[0.0, "#0d0887"], [0.1111111111111111, "#46039f"], [0.2222222222222222, "#7201a8"], [0.3333333333333333, "#9c179e"], [0.4444444444444444, "#bd3786"], [0.5555555555555556, "#d8576b"], [0.6666666666666666, "#ed7953"], [0.7777777777777778, "#fb9f3a"], [0.8888888888888888, "#fdca26"], [1.0, "#f0f921"]]}], "surface": [{"type": "surface", "colorbar": {"outlinewidth": 0, "ticks": ""}, "colorscale": [[0.0, "#0d0887"], [0.1111111111111111, "#46039f"], [0.2222222222222222, "#7201a8"], [0.3333333333333333, "#9c179e"], [0.4444444444444444, "#bd3786"], [0.5555555555555556, "#d8576b"], [0.6666666666666666, "#ed7953"], [0.7777777777777778, "#fb9f3a"], [0.8888888888888888, "#fdca26"], [1.0, "#f0f921"]]}], "mesh3d": [{"type": "mesh3d", "colorbar": {"outlinewidth": 0, "ticks": ""}}], "scatter": [{"fillpattern": {"fillmode": "overlay", "size": 10, "solidity": 0.2}, "type": "scatter"}], "parcoords": [{"type": "parcoords", "line": {"colorbar": {"outlinewidth": 0, "ticks": ""}}}], "scatterpolargl": [{"type": "scatterpolargl", "marker": {"colorbar": {"outlinewidth": 0, "ticks": ""}}}], "bar": [{"error_x": {"color": "#2a3f5f"}, "error_y": {"color": "#2a3f5f"}, "marker": {"line": {"color": "#E5ECF6", "width": 0.5}, "pattern": {"fillmode": "overlay", "size": 10, "solidity": 0.2}}, "type": "bar"}], "scattergeo": [{"type": "scattergeo", "marker": {"colorbar": {"outlinewidth": 0, "ticks": ""}}}], "scatterpolar": [{"type": "scatterpolar", "marker": {"colorbar": {"outlinewidth": 0, "ticks": ""}}}], "histogram": [{"marker": {"pattern": {"fillmode": "overlay", "size": 10, "solidity": 0.2}}, "type": "histogram"}], "scattergl": [{"type": "scattergl", "marker": {"colorbar": {"outlinewidth": 0, "ticks": ""}}}], "scatter3d": [{"type": "scatter3d", "line": {"colorbar": {"outlinewidth": 0, "ticks": ""}}, "marker": {"colorbar": {"outlinewidth": 0, "ticks": ""}}}], "scattermapbox": [{"type": "scattermapbox", "marker": {"colorbar": {"outlinewidth": 0, "ticks": ""}}}], "scatterternary": [{"type": "scatterternary", "marker": {"colorbar": {"outlinewidth": 0, "ticks": ""}}}], "scattercarpet": [{"type": "scattercarpet", "marker": {"colorbar": {"outlinewidth": 0, "ticks": ""}}}], "carpet": [{"aaxis": {"endlinecolor": "#2a3f5f", "gridcolor": "white", "linecolor": "white", "minorgridcolor": "white", "startlinecolor": "#2a3f5f"}, "baxis": {"endlinecolor": "#2a3f5f", "gridcolor": "white", "linecolor": "white", "minorgridcolor": "white", "startlinecolor": "#2a3f5f"}, "type": "carpet"}], "table": [{"cells": {"fill": {"color": "#EBF0F8"}, "line": {"color": "white"}}, "header": {"fill": {"color": "#C8D4E3"}, "line": {"color": "white"}}, "type": "table"}], "barpolar": [{"marker": {"line": {"color": "#E5ECF6", "width": 0.5}, "pattern": {"fillmode": "overlay", "size": 10, "solidity": 0.2}}, "type": "barpolar"}], "pie": [{"automargin": true, "type": "pie"}]}, "layout": {"autotypenumbers": "strict", "colorway": ["#636efa", "#EF553B", "#00cc96", "#ab63fa", "#FFA15A", "#19d3f3", "#FF6692", "#B6E880", "#FF97FF", "#FECB52"], "font": {"color": "#2a3f5f"}, "hovermode": "closest", "hoverlabel": {"align": "left"}, "paper_bgcolor": "white", "plot_bgcolor": "#E5ECF6", "polar": {"bgcolor": "#E5ECF6", "angularaxis": {"gridcolor": "white", "linecolor": "white", "ticks": ""}, "radialaxis": {"gridcolor": "white", "linecolor": "white", "ticks": ""}}, "ternary": {"bgcolor": "#E5ECF6", "aaxis": {"gridcolor": "white", "linecolor": "white", "ticks": ""}, "baxis": {"gridcolor": "white", "linecolor": "white", "ticks": ""}, "caxis": {"gridcolor": "white", "linecolor": "white", "ticks": ""}}, "coloraxis": {"colorbar": {"outlinewidth": 0, "ticks": ""}}, "colorscale": {"sequential": [[0.0, "#0d0887"], [0.1111111111111111, "#46039f"], [0.2222222222222222, "#7201a8"], [0.3333333333333333, "#9c179e"], [0.4444444444444444, "#bd3786"], [0.5555555555555556, "#d8576b"], [0.6666666666666666, "#ed7953"], [0.7777777777777778, "#fb9f3a"], [0.8888888888888888, "#fdca26"], [1.0, "#f0f921"]], "sequentialminus": [[0.0, "#0d0887"], [0.1111111111111111, "#46039f"], [0.2222222222222222, "#7201a8"], [0.3333333333333333, "#9c179e"], [0.4444444444444444, "#bd3786"], [0.5555555555555556, "#d8576b"], [0.6666666666666666, "#ed7953"], [0.7777777777777778, "#fb9f3a"], [0.8888888888888888, "#fdca26"], [1.0, "#f0f921"]], "diverging": [[0, "#8e0152"], [0.1, "#c51b7d"], [0.2, "#de77ae"], [0.3, "#f1b6da"], [0.4, "#fde0ef"], [0.5, "#f7f7f7"], [0.6, "#e6f5d0"], [0.7, "#b8e186"], [0.8, "#7fbc41"], [0.9, "#4d9221"], [1, "#276419"]]}, "xaxis": {"gridcolor": "white", "linecolor": "white", "ticks": "", "title": {"standoff": 15}, "zerolinecolor": "white", "automargin": true, "zerolinewidth": 2}, "yaxis": {"gridcolor": "white", "linecolor": "white", "ticks": "", "title": {"standoff": 15}, "zerolinecolor": "white", "automargin": true, "zerolinewidth": 2}, "scene": {"xaxis": {"backgroundcolor": "#E5ECF6", "gridcolor": "white", "linecolor": "white", "showbackground": true, "ticks": "", "zerolinecolor": "white", "gridwidth": 2}, "yaxis": {"backgroundcolor": "#E5ECF6", "gridcolor": "white", "linecolor": "white", "showbackground": true, "ticks": "", "zerolinecolor": "white", "gridwidth": 2}, "zaxis": {"backgroundcolor": "#E5ECF6", "gridcolor": "white", "linecolor": "white", "showbackground": true, "ticks": "", "zerolinecolor": "white", "gridwidth": 2}}, "shapedefaults": {"line": {"color": "#2a3f5f"}}, "annotationdefaults": {"arrowcolor": "#2a3f5f", "arrowhead": 0, "arrowwidth": 1}, "geo": {"bgcolor": "white", "landcolor": "#E5ECF6", "subunitcolor": "white", "showland": true, "showlakes": true, "lakecolor": "white"}, "title": {"x": 0.05}, "mapbox": {"style": "light"}}}}}