{"data": [{"z": [[17.74385643005371, -4.372300624847412, -2.233457088470459, 4.929988384246826, 4.006600856781006, 7.79877233505249, 4.199483871459961, 1.3297995328903198, -1.181846022605896, 11.55384349822998, -4.330084800720215, 7.812322616577148, 7.978479385375977, -0.3341183364391327, -4.456936359405518, 4.767575263977051, 8.39649772644043, 3.3523290157318115, 0.8526620864868164, 4.466822147369385, 4.761884689331055], [-4.372300624847412, 27.16398048400879, 0.9062184691429138, -5.072563171386719, 1.7753682136535645, -5.916597366333008, -0.35692137479782104, 6.273007869720459, 8.61868667602539, -5.682644844055176, 1.2844898700714111, -5.482603073120117, -5.41450834274292, 8.586915969848633, -0.8192204236984253, -4.585843086242676, 6.0552167892456055, -2.1480631828308105, 0.4893225431442261, -0.8326715230941772, 1.1635469198226929], [-2.233457088470459, 0.9062184691429138, 31.890104293823242, -0.5650132298469543, -2.8149948120117188, 2.4118731021881104, -0.23050881922245026, 7.308070182800293, -1.2604081630706787, -1.3642139434814453, 2.3834192752838135, -4.319437503814697, -1.2636785507202148, 5.9543304443359375, -0.29298457503318787, 7.353479862213135, 1.186561107635498, -0.6030910015106201, 3.556440830230713, -3.104900360107422, 4.656579494476318], [4.929988384246826, -5.072563171386719, -0.5650132298469543, 25.76327896118164, 0.7112976312637329, 4.576547145843506, -1.6099334955215454, -2.533097743988037, -2.9813482761383057, 8.910978317260742, -0.8860975503921509, -2.8018715381622314, 8.718101501464844, -1.402432918548584, -1.2970885038375854, -1.365669846534729, -5.505591869354248, 2.502117156982422, 1.3657493591308594, 1.0326499938964844, -1.823449969291687], [4.006600856781006, 1.7753682136535645, -2.8149948120117188, 0.7112976312637329, 27.616437911987305, 1.000061273574829, -1.948075771331787, 2.9798502922058105, -2.00042724609375, 6.885495662689209, -7.116451263427734, -1.4993960857391357, -1.6561975479125977, -2.4637539386749268, -1.1883904933929443, 0.813012957572937, 8.860308647155762, -0.10426315665245056, 9.044004440307617, 6.741949081420898, 7.755037307739258], [7.79877233505249, -5.916597366333008, 2.4118731021881104, 4.576547145843506, 1.000061273574829, 19.83839225769043, 2.1542351245880127, -6.231417179107666, -8.451541900634766, 9.117033958435059, 0.9684023857116699, 3.9436399936676025, 2.247990846633911, -0.6965952515602112, -3.9895660877227783, 2.0562100410461426, 4.6585493087768555, 7.073260307312012, -2.18070125579834, -0.671013593673706, -5.977935791015625], [4.199483871459961, -0.35692137479782104, -0.23050881922245026, -1.6099334955215454, -1.948075771331787, 2.1542351245880127, 17.74475860595703, 3.2538270950317383, 6.0090155601501465, 2.9845638275146484, 3.749387264251709, 4.7126665115356445, -1.678687572479248, 0.36913856863975525, 2.7872531414031982, 0.6889685392379761, -2.615943193435669, -4.857264041900635, 0.735158383846283, 1.8847661018371582, -4.080749034881592], [1.3297995328903198, 6.273007869720459, 7.308070182800293, -2.533097743988037, 2.9798502922058105, -6.231417179107666, 3.2538270950317383, 20.314146041870117, 4.090331554412842, -1.0232380628585815, 6.857026100158691, -6.306634426116943, -1.5948293209075928, 6.5388102531433105, -3.652372360229492, -1.5583552122116089, 8.16030216217041, -1.205376148223877, 3.827885627746582, 4.913029670715332, 9.01012134552002], [-1.181846022605896, 8.61868667602539, -1.2604081630706787, -2.9813482761383057, -2.00042724609375, -8.451541900634766, 6.0090155601501465, 4.090331554412842, 18.438812255859375, -1.0703620910644531, 2.942589282989502, -0.24883125722408295, -2.186475992202759, 3.3495945930480957, 0.6120501756668091, -0.8550294637680054, -0.9861105680465698, -7.700305461883545, 4.625661849975586, 1.4670984745025635, 1.5505919456481934], [11.55384349822998, -5.682644844055176, -1.3642139434814453, 8.910978317260742, 6.885495662689209, 9.117033958435059, 2.9845638275146484, -1.0232380628585815, -1.0703620910644531, 26.491458892822266, -4.999350547790527, 5.627429485321045, 13.972530364990234, -5.8427042961120605, -0.45465680956840515, 2.842463970184326, 10.50350570678711, -3.104008197784424, 3.01370906829834, 6.786009788513184, 2.9089412689208984], [-4.330084800720215, 1.2844898700714111, 2.3834192752838135, -0.8860975503921509, -7.116451263427734, 0.9684023857116699, 3.749387264251709, 6.857026100158691, 2.942589282989502, -4.999350547790527, 21.531572341918945, -4.635399341583252, -7.706528663635254, -0.25967612862586975, -1.5137009620666504, -1.3852884769439697, -3.368544816970825, -0.1766883134841919, 0.7274882793426514, -0.5520617961883545, -7.1974639892578125], [7.812322616577148, -5.482603073120117, -4.319437503814697, -2.8018715381622314, -1.4993960857391357, 3.9436399936676025, 4.7126665115356445, -6.306634426116943, -0.24883125722408295, 5.627429485321045, -4.635399341583252, 27.915693283081055, 0.3132782280445099, -0.5949733257293701, 1.1157500743865967, 10.390880584716797, 1.6139785051345825, -2.4188458919525146, 8.852753639221191, 1.5492733716964722, 5.076624870300293], [7.978479385375977, -5.41450834274292, -1.2636785507202148, 8.718101501464844, -1.6561975479125977, 2.247990846633911, -1.678687572479248, -1.5948293209075928, -2.186475992202759, 13.972530364990234, -7.706528663635254, 0.3132782280445099, 21.826160430908203, -2.1150405406951904, -1.3047056198120117, 2.754633665084839, 7.9506940841674805, -0.5424883365631104, -2.1991753578186035, 6.134814739227295, 6.230099201202393], [-0.3341183364391327, 8.586915969848633, 5.9543304443359375, -1.402432918548584, -2.4637539386749268, -0.6965952515602112, 0.36913856863975525, 6.5388102531433105, 3.3495945930480957, -5.8427042961120605, -0.25967612862586975, -0.5949733257293701, -2.1150405406951904, 24.43309783935547, -4.610508918762207, -1.2358835935592651, 7.804939270019531, 1.333878755569458, 4.973254203796387, -0.3500896096229553, 4.4695024490356445], [-4.456936359405518, -0.8192204236984253, -0.29298457503318787, -1.2970885038375854, -1.1883904933929443, -3.9895660877227783, 2.7872531414031982, -3.652372360229492, 0.6120501756668091, -0.45465680956840515, -1.5137009620666504, 1.1157500743865967, -1.3047056198120117, -4.610508918762207, 18.40683364868164, 2.733440637588501, -11.792258262634277, -1.8566358089447021, -4.260610103607178, -6.520593643188477, -0.07381536066532135], [4.767575263977051, -4.585843086242676, 7.353479862213135, -1.365669846534729, 0.813012957572937, 2.0562100410461426, 0.6889685392379761, -1.5583552122116089, -0.8550294637680054, 2.842463970184326, -1.3852884769439697, 10.390880584716797, 2.754633665084839, -1.2358835935592651, 2.733440637588501, 16.652816772460938, 2.0463509559631348, 1.9167733192443848, 4.503687381744385, -1.2659245729446411, 10.78801441192627], [8.396498680114746, 6.055216312408447, 1.1865601539611816, -5.505591869354248, 8.860307693481445, 4.658549785614014, -2.61594295501709, 8.160301208496094, -0.9861114621162415, 10.50350570678711, -3.3685450553894043, 1.6139788627624512, 7.950695514678955, 7.804937839508057, -11.792259216308594, 2.0463507175445557, 35.10201644897461, -0.6953268051147461, 0.2090911865234375, 14.280529022216797, 11.55654525756836], [3.3523294925689697, -2.1480634212493896, -0.6030908823013306, 2.50211763381958, -0.10426294058561325, 7.0732598304748535, -4.857264995574951, -1.205376386642456, -7.700305461883545, -3.1040098667144775, -0.17668843269348145, -2.4188454151153564, -0.542488157749176, 1.3338791131973267, -1.8566359281539917, 1.916773796081543, -0.6953268051147461, 22.240535736083984, 1.0481882095336914, -1.1136786937713623, -1.939025640487671], [0.8526620268821716, 0.48932263255119324, 3.5564401149749756, 1.3657487630844116, 9.044005393981934, -2.18070125579834, 0.7351583242416382, 3.827885389328003, 4.625662326812744, 3.01370906829834, 0.7274883985519409, 8.852753639221191, -2.1991753578186035, 4.973254203796387, -4.260610103607178, 4.50368595123291, 0.2090911865234375, 1.0481882095336914, 26.435230255126953, 8.20711898803711, 2.003344774246216], [4.466822147369385, -0.8326720595359802, -3.1048998832702637, 1.0326505899429321, 6.741950511932373, -0.6710131168365479, 1.8847659826278687, 4.913029670715332, 1.467098593711853, 6.786009311676025, -0.5520620346069336, 1.549272894859314, 6.1348137855529785, -0.3500893712043762, -6.520594596862793, -1.2659246921539307, 14.280529022216797, -1.1136786937713623, 8.20711898803711, 17.561063766479492, 0.44054150581359863], [4.7618842124938965, 1.1635468006134033, 4.65657901763916, -1.8234498500823975, 7.755037307739258, -5.977935791015625, -4.080749034881592, 9.010122299194336, 1.550591230392456, 2.9089415073394775, -7.1974639892578125, 5.076624870300293, 6.230099201202393, 4.4695024490356445, -0.07381510734558105, 10.788013458251953, 11.55654525756836, -1.9390252828598022, 2.003344774246216, 0.44054150581359863, 29.51171112060547]], "type": "heatmap"}], "layout": {"template": {"data": {"histogram2dcontour": [{"type": "histogram2dcontour", "colorbar": {"outlinewidth": 0, "ticks": ""}, "colorscale": [[0.0, "#0d0887"], [0.1111111111111111, "#46039f"], [0.2222222222222222, "#7201a8"], [0.3333333333333333, "#9c179e"], [0.4444444444444444, "#bd3786"], [0.5555555555555556, "#d8576b"], [0.6666666666666666, "#ed7953"], [0.7777777777777778, "#fb9f3a"], [0.8888888888888888, "#fdca26"], [1.0, "#f0f921"]]}], "choropleth": [{"type": "choropleth", "colorbar": {"outlinewidth": 0, "ticks": ""}}], "histogram2d": [{"type": "histogram2d", "colorbar": {"outlinewidth": 0, "ticks": ""}, "colorscale": [[0.0, "#0d0887"], [0.1111111111111111, "#46039f"], [0.2222222222222222, "#7201a8"], [0.3333333333333333, "#9c179e"], [0.4444444444444444, "#bd3786"], [0.5555555555555556, "#d8576b"], [0.6666666666666666, "#ed7953"], [0.7777777777777778, "#fb9f3a"], [0.8888888888888888, "#fdca26"], [1.0, "#f0f921"]]}], "heatmap": [{"type": "heatmap", "colorbar": {"outlinewidth": 0, "ticks": ""}, "colorscale": [[0.0, "#0d0887"], [0.1111111111111111, "#46039f"], [0.2222222222222222, "#7201a8"], [0.3333333333333333, "#9c179e"], [0.4444444444444444, "#bd3786"], [0.5555555555555556, "#d8576b"], [0.6666666666666666, "#ed7953"], [0.7777777777777778, "#fb9f3a"], [0.8888888888888888, "#fdca26"], [1.0, "#f0f921"]]}], "heatmapgl": [{"type": "heatmapgl", "colorbar": {"outlinewidth": 0, "ticks": ""}, "colorscale": [[0.0, "#0d0887"], [0.1111111111111111, "#46039f"], [0.2222222222222222, "#7201a8"], [0.3333333333333333, "#9c179e"], [0.4444444444444444, "#bd3786"], [0.5555555555555556, "#d8576b"], [0.6666666666666666, "#ed7953"], [0.7777777777777778, "#fb9f3a"], [0.8888888888888888, "#fdca26"], [1.0, "#f0f921"]]}], "contourcarpet": [{"type": "contourcarpet", "colorbar": {"outlinewidth": 0, "ticks": ""}}], "contour": [{"type": "contour", "colorbar": {"outlinewidth": 0, "ticks": ""}, "colorscale": [[0.0, "#0d0887"], [0.1111111111111111, "#46039f"], [0.2222222222222222, "#7201a8"], [0.3333333333333333, "#9c179e"], [0.4444444444444444, "#bd3786"], [0.5555555555555556, "#d8576b"], [0.6666666666666666, "#ed7953"], [0.7777777777777778, "#fb9f3a"], [0.8888888888888888, "#fdca26"], [1.0, "#f0f921"]]}], "surface": [{"type": "surface", "colorbar": {"outlinewidth": 0, "ticks": ""}, "colorscale": [[0.0, "#0d0887"], [0.1111111111111111, "#46039f"], [0.2222222222222222, "#7201a8"], [0.3333333333333333, "#9c179e"], [0.4444444444444444, "#bd3786"], [0.5555555555555556, "#d8576b"], [0.6666666666666666, "#ed7953"], [0.7777777777777778, "#fb9f3a"], [0.8888888888888888, "#fdca26"], [1.0, "#f0f921"]]}], "mesh3d": [{"type": "mesh3d", "colorbar": {"outlinewidth": 0, "ticks": ""}}], "scatter": [{"fillpattern": {"fillmode": "overlay", "size": 10, "solidity": 0.2}, "type": "scatter"}], "parcoords": [{"type": "parcoords", "line": {"colorbar": {"outlinewidth": 0, "ticks": ""}}}], "scatterpolargl": [{"type": "scatterpolargl", "marker": {"colorbar": {"outlinewidth": 0, "ticks": ""}}}], "bar": [{"error_x": {"color": "#2a3f5f"}, "error_y": {"color": "#2a3f5f"}, "marker": {"line": {"color": "#E5ECF6", "width": 0.5}, "pattern": {"fillmode": "overlay", "size": 10, "solidity": 0.2}}, "type": "bar"}], "scattergeo": [{"type": "scattergeo", "marker": {"colorbar": {"outlinewidth": 0, "ticks": ""}}}], "scatterpolar": [{"type": "scatterpolar", "marker": {"colorbar": {"outlinewidth": 0, "ticks": ""}}}], "histogram": [{"marker": {"pattern": {"fillmode": "overlay", "size": 10, "solidity": 0.2}}, "type": "histogram"}], "scattergl": [{"type": "scattergl", "marker": {"colorbar": {"outlinewidth": 0, "ticks": ""}}}], "scatter3d": [{"type": "scatter3d", "line": {"colorbar": {"outlinewidth": 0, "ticks": ""}}, "marker": {"colorbar": {"outlinewidth": 0, "ticks": ""}}}], "scattermapbox": [{"type": "scattermapbox", "marker": {"colorbar": {"outlinewidth": 0, "ticks": ""}}}], "scatterternary": [{"type": "scatterternary", "marker": {"colorbar": {"outlinewidth": 0, "ticks": ""}}}], "scattercarpet": [{"type": "scattercarpet", "marker": {"colorbar": {"outlinewidth": 0, "ticks": ""}}}], "carpet": [{"aaxis": {"endlinecolor": "#2a3f5f", "gridcolor": "white", "linecolor": "white", "minorgridcolor": "white", "startlinecolor": "#2a3f5f"}, "baxis": {"endlinecolor": "#2a3f5f", "gridcolor": "white", "linecolor": "white", "minorgridcolor": "white", "startlinecolor": "#2a3f5f"}, "type": "carpet"}], "table": [{"cells": {"fill": {"color": "#EBF0F8"}, "line": {"color": "white"}}, "header": {"fill": {"color": "#C8D4E3"}, "line": {"color": "white"}}, "type": "table"}], "barpolar": [{"marker": {"line": {"color": "#E5ECF6", "width": 0.5}, "pattern": {"fillmode": "overlay", "size": 10, "solidity": 0.2}}, "type": "barpolar"}], "pie": [{"automargin": true, "type": "pie"}]}, "layout": {"autotypenumbers": "strict", "colorway": ["#636efa", "#EF553B", "#00cc96", "#ab63fa", "#FFA15A", "#19d3f3", "#FF6692", "#B6E880", "#FF97FF", "#FECB52"], "font": {"color": "#2a3f5f"}, "hovermode": "closest", "hoverlabel": {"align": "left"}, "paper_bgcolor": "white", "plot_bgcolor": "#E5ECF6", "polar": {"bgcolor": "#E5ECF6", "angularaxis": {"gridcolor": "white", "linecolor": "white", "ticks": ""}, "radialaxis": {"gridcolor": "white", "linecolor": "white", "ticks": ""}}, "ternary": {"bgcolor": "#E5ECF6", "aaxis": {"gridcolor": "white", "linecolor": "white", "ticks": ""}, "baxis": {"gridcolor": "white", "linecolor": "white", "ticks": ""}, "caxis": {"gridcolor": "white", "linecolor": "white", "ticks": ""}}, "coloraxis": {"colorbar": {"outlinewidth": 0, "ticks": ""}}, "colorscale": {"sequential": [[0.0, "#0d0887"], [0.1111111111111111, "#46039f"], [0.2222222222222222, "#7201a8"], [0.3333333333333333, "#9c179e"], [0.4444444444444444, "#bd3786"], [0.5555555555555556, "#d8576b"], [0.6666666666666666, "#ed7953"], [0.7777777777777778, "#fb9f3a"], [0.8888888888888888, "#fdca26"], [1.0, "#f0f921"]], "sequentialminus": [[0.0, "#0d0887"], [0.1111111111111111, "#46039f"], [0.2222222222222222, "#7201a8"], [0.3333333333333333, "#9c179e"], [0.4444444444444444, "#bd3786"], [0.5555555555555556, "#d8576b"], [0.6666666666666666, "#ed7953"], [0.7777777777777778, "#fb9f3a"], [0.8888888888888888, "#fdca26"], [1.0, "#f0f921"]], "diverging": [[0, "#8e0152"], [0.1, "#c51b7d"], [0.2, "#de77ae"], [0.3, "#f1b6da"], [0.4, "#fde0ef"], [0.5, "#f7f7f7"], [0.6, "#e6f5d0"], [0.7, "#b8e186"], [0.8, "#7fbc41"], [0.9, "#4d9221"], [1, "#276419"]]}, "xaxis": {"gridcolor": "white", "linecolor": "white", "ticks": "", "title": {"standoff": 15}, "zerolinecolor": "white", "automargin": true, "zerolinewidth": 2}, "yaxis": {"gridcolor": "white", "linecolor": "white", "ticks": "", "title": {"standoff": 15}, "zerolinecolor": "white", "automargin": true, "zerolinewidth": 2}, "scene": {"xaxis": {"backgroundcolor": "#E5ECF6", "gridcolor": "white", "linecolor": "white", "showbackground": true, "ticks": "", "zerolinecolor": "white", "gridwidth": 2}, "yaxis": {"backgroundcolor": "#E5ECF6", "gridcolor": "white", "linecolor": "white", "showbackground": true, "ticks": "", "zerolinecolor": "white", "gridwidth": 2}, "zaxis": {"backgroundcolor": "#E5ECF6", "gridcolor": "white", "linecolor": "white", "showbackground": true, "ticks": "", "zerolinecolor": "white", "gridwidth": 2}}, "shapedefaults": {"line": {"color": "#2a3f5f"}}, "annotationdefaults": {"arrowcolor": "#2a3f5f", "arrowhead": 0, "arrowwidth": 1}, "geo": {"bgcolor": "white", "landcolor": "#E5ECF6", "subunitcolor": "white", "showland": true, "showlakes": true, "lakecolor": "white"}, "title": {"x": 0.05}, "mapbox": {"style": "light"}}}}}