{"data": [{"z": [[4.031448841094971, 2.082737445831299, 1.842330813407898, -1.3070725202560425, 0.7996018528938293, -3.2354776859283447, -0.4406808614730835, -1.0838757753372192, 3.8105618953704834, -0.7806403040885925, 0.6348157525062561, 2.3253982067108154, 0.8504868149757385, -1.4717986583709717, -2.1278786659240723, 1.0711686611175537, 0.06843465566635132, -2.8442516326904297, -0.7819784283638, 3.0807414054870605, 1.2025176286697388], [2.082737445831299, 4.182377815246582, 2.3481762409210205, 0.26658499240875244, 0.6795547008514404, 1.7872692346572876, 0.27841928601264954, -0.5785159468650818, 1.8795719146728516, -1.998488187789917, -2.167880058288574, 2.336822509765625, 0.6082087159156799, -1.9380911588668823, -0.09669867902994156, -2.06302809715271, 1.5585511922836304, -3.532925844192505, 3.2059245109558105, 2.3240840435028076, 0.7715065479278564], [1.842330813407898, 2.3481762409210205, 3.5302391052246094, -2.0016744136810303, 2.617058515548706, -1.40827476978302, 0.3983692228794098, 2.417213201522827, -0.6602414846420288, -2.2759950160980225, -0.9891880750656128, 3.275752067565918, -0.530153214931488, -2.7798471450805664, -2.6430487632751465, -2.4982826709747314, -0.38747113943099976, -0.6640782356262207, 1.112248182296753, 1.554235577583313, 1.4526746273040771], [-1.3070725202560425, 0.26658499240875244, -2.0016744136810303, 2.3985953330993652, -2.075477123260498, 3.2778029441833496, -0.07154940813779831, -1.8735800981521606, 1.2804054021835327, 0.9769173860549927, -0.08144029229879379, -2.1635916233062744, 1.0660626888275146, 1.3978415727615356, 3.4411659240722656, 0.6859323382377625, 1.6533147096633911, -0.7242521047592163, 1.5882803201675415, -0.5818772912025452, -1.134358286857605], [0.7996018528938293, 0.6795547008514404, 2.617058515548706, -2.075477123260498, 2.3875863552093506, -1.8686667680740356, 0.34450453519821167, 2.7721521854400635, -1.7351338863372803, -1.5480237007141113, -0.3171977698802948, 2.341914653778076, -0.8824009299278259, -2.014470100402832, -2.5812408924102783, -1.905897617340088, -1.0183595418930054, 0.8435642123222351, -0.01318993791937828, 0.48172467947006226, 1.1202507019042969], [-3.2354776859283447, 1.7872692346572876, -1.40827476978302, 3.2778029441833496, -1.8686667680740356, 7.791500568389893, 0.724614679813385, -2.0005111694335938, -2.3555047512054443, -0.5668968558311462, -4.663422584533691, -1.3394924402236938, -0.597527027130127, 1.2510038614273071, 3.216946840286255, -2.908508777618408, 1.964502215385437, -1.875525712966919, 4.547770977020264, -1.5905956029891968, -1.301660418510437], [-0.4406808614730835, 0.27841928601264954, 0.3983692228794098, -0.07154940813779831, 0.34450453519821167, 0.724614679813385, 0.21872910857200623, 0.4375331997871399, -1.1057469844818115, -0.46986842155456543, -0.9149028062820435, 0.37328222393989563, -0.4711839556694031, -0.2486216127872467, -0.3004145920276642, -0.9921899437904358, -0.08870885521173477, 0.05461586266756058, 0.5881378054618835, -0.26852482557296753, 0.07104083150625229], [-1.0838757753372192, -0.5785159468650818, 2.417213201522827, -1.8735800981521606, 2.7721521854400635, -2.0005111694335938, 0.4375331997871399, 6.458424091339111, -1.9261987209320068, -0.7144433856010437, 3.6672894954681396, 0.451823353767395, 0.5883244276046753, -2.4983246326446533, 0.6457707285881042, -1.642167568206787, -0.30979418754577637, 4.989380836486816, 0.5413234233856201, -0.9138850569725037, 0.5935475826263428], [3.8105618953704834, 1.8795719146728516, -0.6602414846420288, 1.2804054021835327, -1.7351338863372803, -2.3555047512054443, -1.1057469844818115, -1.9261987209320068, 9.261335372924805, 1.614970088005066, 5.7339043617248535, -1.3902902603149414, 4.6272969245910645, -0.350866436958313, 4.115419387817383, 4.6094889640808105, 2.832296848297119, -2.0121009349823, 0.020279020071029663, 3.315382480621338, -0.14710702002048492], [-0.7806403040885925, -1.998488187789917, -2.2759950160980225, 0.9769173860549927, -1.5480237007141113, -0.5668968558311462, -0.46986842155456543, -0.7144433856010437, 1.614970088005066, 1.9644052982330322, 2.788264513015747, -2.5320568084716797, 1.1756800413131714, 1.557762622833252, 2.3078434467315674, 2.64847469329834, 0.33548253774642944, 1.4570897817611694, -1.3964875936508179, -0.7983313202857971, -0.8988609910011292], [0.6348157525062561, -2.167880058288574, -0.9891880750656128, -0.08144029229879379, -0.3171977698802948, -4.663422584533691, -0.9149028062820435, 3.6672894954681396, 5.7339043617248535, 2.788264513015747, 10.195262908935547, -3.33083176612854, 4.5223565101623535, -0.49168869853019714, 5.1837544441223145, 4.801357269287109, 1.430385708808899, 5.076455116271973, -1.8744240999221802, 0.26598677039146423, -0.5276224613189697], [2.3253982067108154, 2.336822509765625, 3.275752067565918, -2.1635916233062744, 2.341914653778076, -1.3394924402236938, 0.37328222393989563, 0.451823353767395, -1.3902902603149414, -2.5320568084716797, -3.33083176612854, 4.035656929016113, -1.7314203977584839, -2.147205114364624, -4.638881206512451, -2.621596574783325, -1.1565452814102173, -2.4129838943481445, 0.3681475818157196, 1.7768237590789795, 1.6139682531356812], [0.8504868149757385, 0.6082087159156799, -0.530153214931488, 1.0660626888275146, -0.8824009299278259, -0.597527027130127, -0.4711839556694031, 0.5883244276046753, 4.6272969245910645, 1.1756800413131714, 4.5223565101623535, -1.7314203977584839, 3.1181092262268066, -0.3433677554130554, 4.022897243499756, 2.275550603866577, 2.0390796661376953, 0.7279161214828491, 0.7314574718475342, 0.973749041557312, -0.43469563126564026], [-1.4717986583709717, -1.9380911588668823, -2.7798471450805664, 1.3978415727615356, -2.014470100402832, 1.2510038614273071, -0.2486216127872467, -2.4983246326446533, -0.350866436958313, 1.557762622833252, -0.49168869853019714, -2.147205114364624, -0.3433677554130554, 2.4098920822143555, 1.0089874267578125, 1.595245599746704, -0.17784252762794495, -0.030923595651984215, -1.1526936292648315, -1.3207496404647827, -1.0483626127243042], [-2.1278786659240723, -0.09669867902994156, -2.6430487632751465, 3.4411659240722656, -2.5812408924102783, 3.216946840286255, -0.3004145920276642, 0.6457707285881042, 4.115419387817383, 2.3078434467315674, 5.1837544441223145, -4.638881206512451, 4.022897243499756, 1.0089874267578125, 8.3316011428833, 2.280075788497925, 3.543752431869507, 2.26644229888916, 2.6031992435455322, -0.9302075505256653, -1.8526067733764648], [1.0711686611175537, -2.06302809715271, -2.4982826709747314, 0.6859323382377625, -1.905897617340088, -2.908508777618408, -0.9921899437904358, -1.642167568206787, 4.6094889640808105, 2.64847469329834, 4.801357269287109, -2.621596574783325, 2.275550603866577, 1.595245599746704, 2.280075788497925, 4.789533615112305, 0.463236927986145, 0.7881905436515808, -2.776841163635254, 0.4676644802093506, -0.6993617415428162], [0.06843465566635132, 1.5585511922836304, -0.38747113943099976, 1.6533147096633911, -1.0183595418930054, 1.964502215385437, -0.08870885521173477, -0.30979418754577637, 2.832296848297119, 0.33548253774642944, 1.430385708808899, -1.1565452814102173, 2.0390796661376953, -0.17784252762794495, 3.543752431869507, 0.463236927986145, 2.1497082710266113, -0.6345495581626892, 2.1991615295410156, 0.6220265626907349, -0.52204829454422], [-2.8442516326904297, -3.532925844192505, -0.6640782356262207, -0.7242521047592163, 0.8435642123222351, -1.875525712966919, 0.05461586266756058, 4.989380836486816, -2.0121009349823, 1.4570897817611694, 5.076455116271973, -2.4129838943481445, 0.7279161214828491, -0.030923595651984215, 2.26644229888916, 0.7881905436515808, -0.6345495581626892, 6.53007698059082, -1.4012641906738281, -2.6234893798828125, -0.5769873261451721], [-0.7819784283638, 3.2059245109558105, 1.112248182296753, 1.5882803201675415, -0.01318993791937828, 4.547770977020264, 0.5881378054618835, 0.5413234233856201, 0.020279020071029663, -1.3964875936508179, -1.8744240999221802, 0.3681475818157196, 0.7314574718475342, -1.1526936292648315, 2.6031992435455322, -2.776841163635254, 2.1991615295410156, -1.4012641906738281, 4.518265724182129, 0.31730639934539795, -0.19570118188858032], [3.0807414054870605, 2.3240840435028076, 1.554235577583313, -0.5818772912025452, 0.48172467947006226, -1.5905956029891968, -0.26852482557296753, -0.9138850569725037, 3.315382480621338, -0.7983313202857971, 0.26598677039146423, 1.7768237590789795, 0.973749041557312, -1.3207496404647827, -0.9302075505256653, 0.4676644802093506, 0.6220265626907349, -2.6234893798828125, 0.31730639934539795, 2.558835983276367, 0.8567701578140259], [1.2025176286697388, 0.7715065479278564, 1.4526746273040771, -1.134358286857605, 1.1202507019042969, -1.301660418510437, 0.07104083150625229, 0.5935475826263428, -0.14710702002048492, -0.8988609910011292, -0.5276224613189697, 1.6139682531356812, -0.43469563126564026, -1.0483626127243042, -1.8526067733764648, -0.6993617415428162, -0.52204829454422, -0.5769873261451721, -0.19570118188858032, 0.8567701578140259, 0.7398936152458191]], "type": "heatmap"}], "layout": {"template": {"data": {"histogram2dcontour": [{"type": "histogram2dcontour", "colorbar": {"outlinewidth": 0, "ticks": ""}, "colorscale": [[0.0, "#0d0887"], [0.1111111111111111, "#46039f"], [0.2222222222222222, "#7201a8"], [0.3333333333333333, "#9c179e"], [0.4444444444444444, "#bd3786"], [0.5555555555555556, "#d8576b"], [0.6666666666666666, "#ed7953"], [0.7777777777777778, "#fb9f3a"], [0.8888888888888888, "#fdca26"], [1.0, "#f0f921"]]}], "choropleth": [{"type": "choropleth", "colorbar": {"outlinewidth": 0, "ticks": ""}}], "histogram2d": [{"type": "histogram2d", "colorbar": {"outlinewidth": 0, "ticks": ""}, "colorscale": [[0.0, "#0d0887"], [0.1111111111111111, "#46039f"], [0.2222222222222222, "#7201a8"], [0.3333333333333333, "#9c179e"], [0.4444444444444444, "#bd3786"], [0.5555555555555556, "#d8576b"], [0.6666666666666666, "#ed7953"], [0.7777777777777778, "#fb9f3a"], [0.8888888888888888, "#fdca26"], [1.0, "#f0f921"]]}], "heatmap": [{"type": "heatmap", "colorbar": {"outlinewidth": 0, "ticks": ""}, "colorscale": [[0.0, "#0d0887"], [0.1111111111111111, "#46039f"], [0.2222222222222222, "#7201a8"], [0.3333333333333333, "#9c179e"], [0.4444444444444444, "#bd3786"], [0.5555555555555556, "#d8576b"], [0.6666666666666666, "#ed7953"], [0.7777777777777778, "#fb9f3a"], [0.8888888888888888, "#fdca26"], [1.0, "#f0f921"]]}], "heatmapgl": [{"type": "heatmapgl", "colorbar": {"outlinewidth": 0, "ticks": ""}, "colorscale": [[0.0, "#0d0887"], [0.1111111111111111, "#46039f"], [0.2222222222222222, "#7201a8"], [0.3333333333333333, "#9c179e"], [0.4444444444444444, "#bd3786"], [0.5555555555555556, "#d8576b"], [0.6666666666666666, "#ed7953"], [0.7777777777777778, "#fb9f3a"], [0.8888888888888888, "#fdca26"], [1.0, "#f0f921"]]}], "contourcarpet": [{"type": "contourcarpet", "colorbar": {"outlinewidth": 0, "ticks": ""}}], "contour": [{"type": "contour", "colorbar": {"outlinewidth": 0, "ticks": ""}, "colorscale": [[0.0, "#0d0887"], [0.1111111111111111, "#46039f"], [0.2222222222222222, "#7201a8"], [0.3333333333333333, "#9c179e"], [0.4444444444444444, "#bd3786"], [0.5555555555555556, "#d8576b"], [0.6666666666666666, "#ed7953"], [0.7777777777777778, "#fb9f3a"], [0.8888888888888888, "#fdca26"], [1.0, "#f0f921"]]}], "surface": [{"type": "surface", "colorbar": {"outlinewidth": 0, "ticks": ""}, "colorscale": [[0.0, "#0d0887"], [0.1111111111111111, "#46039f"], [0.2222222222222222, "#7201a8"], [0.3333333333333333, "#9c179e"], [0.4444444444444444, "#bd3786"], [0.5555555555555556, "#d8576b"], [0.6666666666666666, "#ed7953"], [0.7777777777777778, "#fb9f3a"], [0.8888888888888888, "#fdca26"], [1.0, "#f0f921"]]}], "mesh3d": [{"type": "mesh3d", "colorbar": {"outlinewidth": 0, "ticks": ""}}], "scatter": [{"fillpattern": {"fillmode": "overlay", "size": 10, "solidity": 0.2}, "type": "scatter"}], "parcoords": [{"type": "parcoords", "line": {"colorbar": {"outlinewidth": 0, "ticks": ""}}}], "scatterpolargl": [{"type": "scatterpolargl", "marker": {"colorbar": {"outlinewidth": 0, "ticks": ""}}}], "bar": [{"error_x": {"color": "#2a3f5f"}, "error_y": {"color": "#2a3f5f"}, "marker": {"line": {"color": "#E5ECF6", "width": 0.5}, "pattern": {"fillmode": "overlay", "size": 10, "solidity": 0.2}}, "type": "bar"}], "scattergeo": [{"type": "scattergeo", "marker": {"colorbar": {"outlinewidth": 0, "ticks": ""}}}], "scatterpolar": [{"type": "scatterpolar", "marker": {"colorbar": {"outlinewidth": 0, "ticks": ""}}}], "histogram": [{"marker": {"pattern": {"fillmode": "overlay", "size": 10, "solidity": 0.2}}, "type": "histogram"}], "scattergl": [{"type": "scattergl", "marker": {"colorbar": {"outlinewidth": 0, "ticks": ""}}}], "scatter3d": [{"type": "scatter3d", "line": {"colorbar": {"outlinewidth": 0, "ticks": ""}}, "marker": {"colorbar": {"outlinewidth": 0, "ticks": ""}}}], "scattermapbox": [{"type": "scattermapbox", "marker": {"colorbar": {"outlinewidth": 0, "ticks": ""}}}], "scatterternary": [{"type": "scatterternary", "marker": {"colorbar": {"outlinewidth": 0, "ticks": ""}}}], "scattercarpet": [{"type": "scattercarpet", "marker": {"colorbar": {"outlinewidth": 0, "ticks": ""}}}], "carpet": [{"aaxis": {"endlinecolor": "#2a3f5f", "gridcolor": "white", "linecolor": "white", "minorgridcolor": "white", "startlinecolor": "#2a3f5f"}, "baxis": {"endlinecolor": "#2a3f5f", "gridcolor": "white", "linecolor": "white", "minorgridcolor": "white", "startlinecolor": "#2a3f5f"}, "type": "carpet"}], "table": [{"cells": {"fill": {"color": "#EBF0F8"}, "line": {"color": "white"}}, "header": {"fill": {"color": "#C8D4E3"}, "line": {"color": "white"}}, "type": "table"}], "barpolar": [{"marker": {"line": {"color": "#E5ECF6", "width": 0.5}, "pattern": {"fillmode": "overlay", "size": 10, "solidity": 0.2}}, "type": "barpolar"}], "pie": [{"automargin": true, "type": "pie"}]}, "layout": {"autotypenumbers": "strict", "colorway": ["#636efa", "#EF553B", "#00cc96", "#ab63fa", "#FFA15A", "#19d3f3", "#FF6692", "#B6E880", "#FF97FF", "#FECB52"], "font": {"color": "#2a3f5f"}, "hovermode": "closest", "hoverlabel": {"align": "left"}, "paper_bgcolor": "white", "plot_bgcolor": "#E5ECF6", "polar": {"bgcolor": "#E5ECF6", "angularaxis": {"gridcolor": "white", "linecolor": "white", "ticks": ""}, "radialaxis": {"gridcolor": "white", "linecolor": "white", "ticks": ""}}, "ternary": {"bgcolor": "#E5ECF6", "aaxis": {"gridcolor": "white", "linecolor": "white", "ticks": ""}, "baxis": {"gridcolor": "white", "linecolor": "white", "ticks": ""}, "caxis": {"gridcolor": "white", "linecolor": "white", "ticks": ""}}, "coloraxis": {"colorbar": {"outlinewidth": 0, "ticks": ""}}, "colorscale": {"sequential": [[0.0, "#0d0887"], [0.1111111111111111, "#46039f"], [0.2222222222222222, "#7201a8"], [0.3333333333333333, "#9c179e"], [0.4444444444444444, "#bd3786"], [0.5555555555555556, "#d8576b"], [0.6666666666666666, "#ed7953"], [0.7777777777777778, "#fb9f3a"], [0.8888888888888888, "#fdca26"], [1.0, "#f0f921"]], "sequentialminus": [[0.0, "#0d0887"], [0.1111111111111111, "#46039f"], [0.2222222222222222, "#7201a8"], [0.3333333333333333, "#9c179e"], [0.4444444444444444, "#bd3786"], [0.5555555555555556, "#d8576b"], [0.6666666666666666, "#ed7953"], [0.7777777777777778, "#fb9f3a"], [0.8888888888888888, "#fdca26"], [1.0, "#f0f921"]], "diverging": [[0, "#8e0152"], [0.1, "#c51b7d"], [0.2, "#de77ae"], [0.3, "#f1b6da"], [0.4, "#fde0ef"], [0.5, "#f7f7f7"], [0.6, "#e6f5d0"], [0.7, "#b8e186"], [0.8, "#7fbc41"], [0.9, "#4d9221"], [1, "#276419"]]}, "xaxis": {"gridcolor": "white", "linecolor": "white", "ticks": "", "title": {"standoff": 15}, "zerolinecolor": "white", "automargin": true, "zerolinewidth": 2}, "yaxis": {"gridcolor": "white", "linecolor": "white", "ticks": "", "title": {"standoff": 15}, "zerolinecolor": "white", "automargin": true, "zerolinewidth": 2}, "scene": {"xaxis": {"backgroundcolor": "#E5ECF6", "gridcolor": "white", "linecolor": "white", "showbackground": true, "ticks": "", "zerolinecolor": "white", "gridwidth": 2}, "yaxis": {"backgroundcolor": "#E5ECF6", "gridcolor": "white", "linecolor": "white", "showbackground": true, "ticks": "", "zerolinecolor": "white", "gridwidth": 2}, "zaxis": {"backgroundcolor": "#E5ECF6", "gridcolor": "white", "linecolor": "white", "showbackground": true, "ticks": "", "zerolinecolor": "white", "gridwidth": 2}}, "shapedefaults": {"line": {"color": "#2a3f5f"}}, "annotationdefaults": {"arrowcolor": "#2a3f5f", "arrowhead": 0, "arrowwidth": 1}, "geo": {"bgcolor": "white", "landcolor": "#E5ECF6", "subunitcolor": "white", "showland": true, "showlakes": true, "lakecolor": "white"}, "title": {"x": 0.05}, "mapbox": {"style": "light"}}}}}