{"data": [{"z": [[30.722152709960938, 4.818027496337891, -14.213830947875977, 1.5652107000350952, 5.5975565910339355, 5.382027626037598, -1.60527765750885, 1.0527377128601074, 3.6365554332733154, -1.6857260465621948, 6.487218856811523, -9.305012702941895, 0.906688928604126, 2.3018484115600586, 5.162818431854248, -2.952458620071411, 12.048428535461426, 2.483957290649414, -2.001021146774292, 2.343311071395874, 4.513986110687256], [4.818027496337891, 16.61790657043457, -2.090362071990967, 9.734692573547363, -2.426811695098877, -1.4715008735656738, 0.14248330891132355, 3.561384439468384, -1.5838234424591064, -1.4706782102584839, 4.268807411193848, -1.4996637105941772, -2.058825969696045, 5.602301597595215, 0.34844639897346497, 2.32623553276062, -7.702206611633301, -0.31975603103637695, -2.9422435760498047, -3.0588736534118652, 4.828278064727783], [-14.213830947875977, -2.090362071990967, 33.72748947143555, 1.3039500713348389, 1.202101469039917, -1.2182575464248657, -6.8960041999816895, 2.7600691318511963, -2.0352118015289307, 2.5890753269195557, -8.691975593566895, -0.668526828289032, 2.021845579147339, -3.8935391902923584, 1.7702751159667969, -1.178647756576538, -0.7400944232940674, -4.784726619720459, 0.6559009552001953, 0.617612361907959, -6.712589740753174], [1.5652107000350952, 9.734692573547363, 1.3039500713348389, 22.379793167114258, -5.044433116912842, 2.633807420730591, -0.5521093010902405, 2.706350803375244, 1.9602986574172974, -7.121269702911377, 5.550148963928223, -0.20732487738132477, -4.9476847648620605, 7.070817470550537, -1.3835268020629883, 3.1825785636901855, -1.7411754131317139, 0.07506465911865234, -1.3141942024230957, -2.9412918090820312, 5.116607666015625], [5.5975565910339355, -2.426811695098877, 1.202101469039917, -5.044433116912842, 21.150049209594727, -1.6332182884216309, 1.230283260345459, -0.44158613681793213, -1.43337881565094, 1.6984156370162964, -0.47577112913131714, -3.6971194744110107, -5.544764995574951, 2.428968906402588, 1.498093843460083, -0.13147081434726715, 0.6505656242370605, -0.942345917224884, 3.8261263370513916, 0.8232908248901367, -2.9299674034118652], [5.382027626037598, -1.4715008735656738, -1.2182575464248657, 2.633807420730591, -1.6332182884216309, 34.58784866333008, -0.09729024022817612, 3.7062318325042725, -7.43019962310791, -8.992688179016113, -0.08409088104963303, -3.287942409515381, -6.7478251457214355, -5.916496753692627, -6.235774517059326, 4.779510974884033, 6.616547107696533, 1.080878734588623, 0.1561436653137207, 0.3133072853088379, 11.914745330810547], [-1.60527765750885, 0.14248330891132355, -6.8960041999816895, -0.5521093010902405, 1.230283260345459, -0.09729024022817612, 36.15534973144531, -4.191904067993164, 3.254321336746216, 2.1091504096984863, -0.41348373889923096, 1.2984719276428223, 4.722718238830566, -2.738609790802002, 4.0904974937438965, 2.227107524871826, -8.92654800415039, 5.080887317657471, 1.4017608165740967, -1.4533592462539673, 1.5610253810882568], [1.0527377128601074, 3.561384439468384, 2.7600691318511963, 2.706350803375244, -0.44158613681793213, 3.7062318325042725, -4.191904067993164, 13.12956714630127, 0.5378518104553223, 1.9815582036972046, -4.4510955810546875, 2.7615866661071777, -3.5961577892303467, 3.60880708694458, -4.812897205352783, 0.6646132469177246, 0.44072675704956055, 4.824088096618652, 0.24821197986602783, 1.8037279844284058, 0.5275216102600098], [3.6365554332733154, -1.5838234424591064, -2.0352118015289307, 1.9602986574172974, -1.43337881565094, -7.43019962310791, 3.254321336746216, 0.5378518104553223, 16.05610466003418, 10.008667945861816, 1.5221956968307495, -3.5595109462738037, 4.384920120239258, 7.803897380828857, -0.5581725239753723, -0.9078083634376526, -1.336317539215088, -0.32839226722717285, 11.354928970336914, 2.9569904804229736, -8.991615295410156], [-1.6857260465621948, -1.4706782102584839, 2.5890753269195557, -7.121269702911377, 1.6984156370162964, -8.992688179016113, 2.1091504096984863, 1.9815582036972046, 10.008667945861816, 26.460418701171875, 1.7269032001495361, -9.440703392028809, 6.023680210113525, 3.9029388427734375, 1.2352241277694702, 3.8981871604919434, -6.104619979858398, -2.23947811126709, 10.807082176208496, 3.033336639404297, -11.965012550354004], [6.487218856811523, 4.268807411193848, -8.691975593566895, 5.550148963928223, -0.47577112913131714, -0.08409088104963303, -0.41348373889923096, -4.4510955810546875, 1.5221956968307495, 1.7269032001495361, 16.488920211791992, -3.535123825073242, 2.450066089630127, 3.6576664447784424, 1.5360678434371948, 5.51549768447876, 3.2766900062561035, -2.3150827884674072, -0.14749205112457275, -1.7378642559051514, 3.844365119934082], [-9.305012702941895, -1.4996637105941772, -0.668526828289032, -0.20732487738132477, -3.6971194744110107, -3.287942409515381, 1.2984719276428223, 2.7615866661071777, -3.5595109462738037, -9.440703392028809, -3.535123825073242, 20.871946334838867, 4.832649230957031, 1.5219006538391113, -1.3958402872085571, -1.7224855422973633, 1.675053358078003, 5.201624393463135, -5.684614181518555, -0.2721773386001587, 8.808741569519043], [0.906688928604126, -2.058825969696045, 2.021845579147339, -4.9476847648620605, -5.544764995574951, -6.7478251457214355, 4.722718238830566, -3.5961577892303467, 4.384920120239258, 6.023680210113525, 2.450066089630127, 4.832649230957031, 18.759748458862305, 0.6010211110115051, 6.416018962860107, 1.370219111442566, 0.44734448194503784, 0.5164957046508789, -4.327996253967285, -1.1866669654846191, 1.0833203792572021], [2.3018484115600586, 5.602301597595215, -3.8935391902923584, 7.070817470550537, 2.428968906402588, -5.916496753692627, -2.738609790802002, 3.60880708694458, 7.803897380828857, 3.9029388427734375, 3.6576664447784424, 1.5219006538391113, 0.6010211110115051, 28.207012176513672, -7.319796562194824, -2.321944236755371, -9.31489372253418, 5.556915760040283, 6.915199279785156, -4.629349708557129, 8.065917015075684], [5.162818431854248, 0.34844639897346497, 1.7702751159667969, -1.3835268020629883, 1.498093843460083, -6.235774517059326, 4.0904974937438965, -4.812897205352783, -0.5581725239753723, 1.2352241277694702, 1.5360678434371948, -1.3958402872085571, 6.416018962860107, -7.319796562194824, 20.502145767211914, -0.2322056144475937, 4.341934680938721, -6.585374355316162, -6.820796012878418, -1.504547119140625, -2.667469024658203], [-2.952458620071411, 2.32623553276062, -1.178647756576538, 3.1825785636901855, -0.13147081434726715, 4.779510974884033, 2.227107524871826, 0.6646132469177246, -0.9078083634376526, 3.8981871604919434, 5.51549768447876, -1.7224855422973633, 1.370219111442566, -2.321944236755371, -0.2322056144475937, 16.5214786529541, -2.233592987060547, 0.9720017910003662, -1.117494821548462, -6.318737983703613, -0.5242698192596436], [12.048428535461426, -7.702207565307617, -0.7400949001312256, -1.741175889968872, 0.6505658030509949, 6.616547107696533, -8.926547050476074, 0.4407266080379486, -1.3363174200057983, -6.104620456695557, 3.2766900062561035, 1.675053358078003, 0.4473450481891632, -9.314894676208496, 4.3419342041015625, -2.2335927486419678, 29.670738220214844, 3.2353854179382324, -2.385469436645508, 8.04000186920166, 4.9144792556762695], [2.4839560985565186, -0.31975606083869934, -4.784727096557617, 0.07506468147039413, -0.9423463940620422, 1.080878734588623, 5.080887794494629, 4.824088096618652, -0.3283921182155609, -2.239478588104248, -2.3150827884674072, 5.201624870300293, 0.5164952874183655, 5.556916236877441, -6.585374355316162, 0.9720011949539185, 3.2353854179382324, 21.038124084472656, 0.14422094821929932, -3.9909920692443848, 1.6509342193603516], [-2.001021385192871, -2.9422433376312256, 0.6559011340141296, -1.3141942024230957, 3.8261263370513916, 0.15614402294158936, 1.4017608165740967, 0.24821247160434723, 11.35492992401123, 10.807080268859863, -0.14749211072921753, -5.6846137046813965, -4.327997207641602, 6.915198802947998, -6.82079553604126, -1.1174942255020142, -2.385469436645508, 0.14422094821929932, 25.118881225585938, 6.725832939147949, -6.232969284057617], [2.343311309814453, -3.0588738918304443, 0.6176124215126038, -2.941291570663452, 0.823291003704071, 0.31330713629722595, -1.453359603881836, 1.8037282228469849, 2.9569904804229736, 3.033336877822876, -1.7378644943237305, -0.2721772789955139, -1.1866670846939087, -4.6293487548828125, -1.504546880722046, -6.318737983703613, 8.04000186920166, -3.9909920692443848, 6.725832939147949, 21.420400619506836, -0.3579467535018921], [4.513985633850098, 4.828278541564941, -6.712590217590332, 5.116607666015625, -2.9299674034118652, 11.914745330810547, 1.5610259771347046, 0.5275216698646545, -8.991616249084473, -11.96501350402832, 3.8443644046783447, 8.808741569519043, 1.0833203792572021, 8.065917015075684, -2.667468547821045, -0.5242701768875122, 4.9144792556762695, 1.6509344577789307, -6.232969284057617, -0.35794663429260254, 35.397216796875]], "type": "heatmap"}], "layout": {"template": {"data": {"histogram2dcontour": [{"type": "histogram2dcontour", "colorbar": {"outlinewidth": 0, "ticks": ""}, "colorscale": [[0.0, "#0d0887"], [0.1111111111111111, "#46039f"], [0.2222222222222222, "#7201a8"], [0.3333333333333333, "#9c179e"], [0.4444444444444444, "#bd3786"], [0.5555555555555556, "#d8576b"], [0.6666666666666666, "#ed7953"], [0.7777777777777778, "#fb9f3a"], [0.8888888888888888, "#fdca26"], [1.0, "#f0f921"]]}], "choropleth": [{"type": "choropleth", "colorbar": {"outlinewidth": 0, "ticks": ""}}], "histogram2d": [{"type": "histogram2d", "colorbar": {"outlinewidth": 0, "ticks": ""}, "colorscale": [[0.0, "#0d0887"], [0.1111111111111111, "#46039f"], [0.2222222222222222, "#7201a8"], [0.3333333333333333, "#9c179e"], [0.4444444444444444, "#bd3786"], [0.5555555555555556, "#d8576b"], [0.6666666666666666, "#ed7953"], [0.7777777777777778, "#fb9f3a"], [0.8888888888888888, "#fdca26"], [1.0, "#f0f921"]]}], "heatmap": [{"type": "heatmap", "colorbar": {"outlinewidth": 0, "ticks": ""}, "colorscale": [[0.0, "#0d0887"], [0.1111111111111111, "#46039f"], [0.2222222222222222, "#7201a8"], [0.3333333333333333, "#9c179e"], [0.4444444444444444, "#bd3786"], [0.5555555555555556, "#d8576b"], [0.6666666666666666, "#ed7953"], [0.7777777777777778, "#fb9f3a"], [0.8888888888888888, "#fdca26"], [1.0, "#f0f921"]]}], "heatmapgl": [{"type": "heatmapgl", "colorbar": {"outlinewidth": 0, "ticks": ""}, "colorscale": [[0.0, "#0d0887"], [0.1111111111111111, "#46039f"], [0.2222222222222222, "#7201a8"], [0.3333333333333333, "#9c179e"], [0.4444444444444444, "#bd3786"], [0.5555555555555556, "#d8576b"], [0.6666666666666666, "#ed7953"], [0.7777777777777778, "#fb9f3a"], [0.8888888888888888, "#fdca26"], [1.0, "#f0f921"]]}], "contourcarpet": [{"type": "contourcarpet", "colorbar": {"outlinewidth": 0, "ticks": ""}}], "contour": [{"type": "contour", "colorbar": {"outlinewidth": 0, "ticks": ""}, "colorscale": [[0.0, "#0d0887"], [0.1111111111111111, "#46039f"], [0.2222222222222222, "#7201a8"], [0.3333333333333333, "#9c179e"], [0.4444444444444444, "#bd3786"], [0.5555555555555556, "#d8576b"], [0.6666666666666666, "#ed7953"], [0.7777777777777778, "#fb9f3a"], [0.8888888888888888, "#fdca26"], [1.0, "#f0f921"]]}], "surface": [{"type": "surface", "colorbar": {"outlinewidth": 0, "ticks": ""}, "colorscale": [[0.0, "#0d0887"], [0.1111111111111111, "#46039f"], [0.2222222222222222, "#7201a8"], [0.3333333333333333, "#9c179e"], [0.4444444444444444, "#bd3786"], [0.5555555555555556, "#d8576b"], [0.6666666666666666, "#ed7953"], [0.7777777777777778, "#fb9f3a"], [0.8888888888888888, "#fdca26"], [1.0, "#f0f921"]]}], "mesh3d": [{"type": "mesh3d", "colorbar": {"outlinewidth": 0, "ticks": ""}}], "scatter": [{"fillpattern": {"fillmode": "overlay", "size": 10, "solidity": 0.2}, "type": "scatter"}], "parcoords": [{"type": "parcoords", "line": {"colorbar": {"outlinewidth": 0, "ticks": ""}}}], "scatterpolargl": [{"type": "scatterpolargl", "marker": {"colorbar": {"outlinewidth": 0, "ticks": ""}}}], "bar": [{"error_x": {"color": "#2a3f5f"}, "error_y": {"color": "#2a3f5f"}, "marker": {"line": {"color": "#E5ECF6", "width": 0.5}, "pattern": {"fillmode": "overlay", "size": 10, "solidity": 0.2}}, "type": "bar"}], "scattergeo": [{"type": "scattergeo", "marker": {"colorbar": {"outlinewidth": 0, "ticks": ""}}}], "scatterpolar": [{"type": "scatterpolar", "marker": {"colorbar": {"outlinewidth": 0, "ticks": ""}}}], "histogram": [{"marker": {"pattern": {"fillmode": "overlay", "size": 10, "solidity": 0.2}}, "type": "histogram"}], "scattergl": [{"type": "scattergl", "marker": {"colorbar": {"outlinewidth": 0, "ticks": ""}}}], "scatter3d": [{"type": "scatter3d", "line": {"colorbar": {"outlinewidth": 0, "ticks": ""}}, "marker": {"colorbar": {"outlinewidth": 0, "ticks": ""}}}], "scattermapbox": [{"type": "scattermapbox", "marker": {"colorbar": {"outlinewidth": 0, "ticks": ""}}}], "scatterternary": [{"type": "scatterternary", "marker": {"colorbar": {"outlinewidth": 0, "ticks": ""}}}], "scattercarpet": [{"type": "scattercarpet", "marker": {"colorbar": {"outlinewidth": 0, "ticks": ""}}}], "carpet": [{"aaxis": {"endlinecolor": "#2a3f5f", "gridcolor": "white", "linecolor": "white", "minorgridcolor": "white", "startlinecolor": "#2a3f5f"}, "baxis": {"endlinecolor": "#2a3f5f", "gridcolor": "white", "linecolor": "white", "minorgridcolor": "white", "startlinecolor": "#2a3f5f"}, "type": "carpet"}], "table": [{"cells": {"fill": {"color": "#EBF0F8"}, "line": {"color": "white"}}, "header": {"fill": {"color": "#C8D4E3"}, "line": {"color": "white"}}, "type": "table"}], "barpolar": [{"marker": {"line": {"color": "#E5ECF6", "width": 0.5}, "pattern": {"fillmode": "overlay", "size": 10, "solidity": 0.2}}, "type": "barpolar"}], "pie": [{"automargin": true, "type": "pie"}]}, "layout": {"autotypenumbers": "strict", "colorway": ["#636efa", "#EF553B", "#00cc96", "#ab63fa", "#FFA15A", "#19d3f3", "#FF6692", "#B6E880", "#FF97FF", "#FECB52"], "font": {"color": "#2a3f5f"}, "hovermode": "closest", "hoverlabel": {"align": "left"}, "paper_bgcolor": "white", "plot_bgcolor": "#E5ECF6", "polar": {"bgcolor": "#E5ECF6", "angularaxis": {"gridcolor": "white", "linecolor": "white", "ticks": ""}, "radialaxis": {"gridcolor": "white", "linecolor": "white", "ticks": ""}}, "ternary": {"bgcolor": "#E5ECF6", "aaxis": {"gridcolor": "white", "linecolor": "white", "ticks": ""}, "baxis": {"gridcolor": "white", "linecolor": "white", "ticks": ""}, "caxis": {"gridcolor": "white", "linecolor": "white", "ticks": ""}}, "coloraxis": {"colorbar": {"outlinewidth": 0, "ticks": ""}}, "colorscale": {"sequential": [[0.0, "#0d0887"], [0.1111111111111111, "#46039f"], [0.2222222222222222, "#7201a8"], [0.3333333333333333, "#9c179e"], [0.4444444444444444, "#bd3786"], [0.5555555555555556, "#d8576b"], [0.6666666666666666, "#ed7953"], [0.7777777777777778, "#fb9f3a"], [0.8888888888888888, "#fdca26"], [1.0, "#f0f921"]], "sequentialminus": [[0.0, "#0d0887"], [0.1111111111111111, "#46039f"], [0.2222222222222222, "#7201a8"], [0.3333333333333333, "#9c179e"], [0.4444444444444444, "#bd3786"], [0.5555555555555556, "#d8576b"], [0.6666666666666666, "#ed7953"], [0.7777777777777778, "#fb9f3a"], [0.8888888888888888, "#fdca26"], [1.0, "#f0f921"]], "diverging": [[0, "#8e0152"], [0.1, "#c51b7d"], [0.2, "#de77ae"], [0.3, "#f1b6da"], [0.4, "#fde0ef"], [0.5, "#f7f7f7"], [0.6, "#e6f5d0"], [0.7, "#b8e186"], [0.8, "#7fbc41"], [0.9, "#4d9221"], [1, "#276419"]]}, "xaxis": {"gridcolor": "white", "linecolor": "white", "ticks": "", "title": {"standoff": 15}, "zerolinecolor": "white", "automargin": true, "zerolinewidth": 2}, "yaxis": {"gridcolor": "white", "linecolor": "white", "ticks": "", "title": {"standoff": 15}, "zerolinecolor": "white", "automargin": true, "zerolinewidth": 2}, "scene": {"xaxis": {"backgroundcolor": "#E5ECF6", "gridcolor": "white", "linecolor": "white", "showbackground": true, "ticks": "", "zerolinecolor": "white", "gridwidth": 2}, "yaxis": {"backgroundcolor": "#E5ECF6", "gridcolor": "white", "linecolor": "white", "showbackground": true, "ticks": "", "zerolinecolor": "white", "gridwidth": 2}, "zaxis": {"backgroundcolor": "#E5ECF6", "gridcolor": "white", "linecolor": "white", "showbackground": true, "ticks": "", "zerolinecolor": "white", "gridwidth": 2}}, "shapedefaults": {"line": {"color": "#2a3f5f"}}, "annotationdefaults": {"arrowcolor": "#2a3f5f", "arrowhead": 0, "arrowwidth": 1}, "geo": {"bgcolor": "white", "landcolor": "#E5ECF6", "subunitcolor": "white", "showland": true, "showlakes": true, "lakecolor": "white"}, "title": {"x": 0.05}, "mapbox": {"style": "light"}}}}}