{"data": [{"z": [[30.655582427978516, 4.835442066192627, -14.171391487121582, 1.53493070602417, 5.592164039611816, 5.341601371765137, -1.6001665592193604, 1.0303492546081543, 3.6427459716796875, -1.6109222173690796, 6.44783878326416, -9.253816604614258, 0.8871292471885681, 2.3379383087158203, 5.1227312088012695, -2.949155807495117, 11.996291160583496, 2.479741096496582, -2.008934497833252, 2.3430957794189453, 4.509942531585693], [4.835442066192627, 16.50774574279785, -2.07658052444458, 9.715301513671875, -2.408133029937744, -1.4133689403533936, 0.13959647715091705, 3.552074909210205, -1.569602370262146, -1.4637171030044556, 4.211721420288086, -1.505807876586914, -2.056577205657959, 5.5626606941223145, 0.3413107097148895, 2.3054325580596924, -7.644950866699219, -0.313742071390152, -2.926100730895996, -3.080329418182373, 4.807530403137207], [-14.171391487121582, -2.07658052444458, 33.59560012817383, 1.2871136665344238, 1.2077765464782715, -1.2231968641281128, -6.913047790527344, 2.7308831214904785, -2.0373170375823975, 2.588399648666382, -8.626667976379395, -0.6621545553207397, 1.9931056499481201, -3.8833611011505127, 1.784095287322998, -1.208182692527771, -0.7702655792236328, -4.7707672119140625, 0.6463823318481445, 0.6329292058944702, -6.721759796142578], [1.53493070602417, 9.715301513671875, 1.2871136665344238, 22.333324432373047, -4.981686592102051, 2.641484498977661, -0.5962538123130798, 2.7257163524627686, 1.9009089469909668, -7.085320472717285, 5.557862758636475, -0.23047427833080292, -4.91630220413208, 7.038106441497803, -1.3584760427474976, 3.165968179702759, -1.7278257608413696, 0.05971384048461914, -1.3098829984664917, -2.9589004516601562, 5.13355016708374], [5.592164039611816, -2.408133029937744, 1.2077765464782715, -4.981686592102051, 21.027236938476562, -1.62457275390625, 1.2426456212997437, -0.45137038826942444, -1.400772213935852, 1.717492699623108, -0.4917256236076355, -3.6558351516723633, -5.559001445770264, 2.4265129566192627, 1.4476715326309204, -0.1330772191286087, 0.6427416801452637, -0.94964599609375, 3.803209066390991, 0.8244824409484863, -2.9077298641204834], [5.341601371765137, -1.4133689403533936, -1.2231968641281128, 2.641484498977661, -1.62457275390625, 34.421363830566406, -0.0758894830942154, 3.6824560165405273, -7.373225688934326, -8.958002090454102, -0.13485179841518402, -3.2697973251342773, -6.68423318862915, -5.876959800720215, -6.245046138763428, 4.716827392578125, 6.60597038269043, 1.1059775352478027, 0.14738106727600098, 0.32863330841064453, 11.89482307434082], [-1.6001665592193604, 0.13959647715091705, -6.913047790527344, -0.5962538123130798, 1.2426456212997437, -0.0758894830942154, 36.01211166381836, -4.181237697601318, 3.2151191234588623, 2.125854969024658, -0.3695657253265381, 1.3017330169677734, 4.700225830078125, -2.691322088241577, 4.087132453918457, 2.2151451110839844, -8.898238182067871, 5.078824996948242, 1.3970592021942139, -1.4258137941360474, 1.5554187297821045], [1.0303492546081543, 3.552074909210205, 2.7308831214904785, 2.7257163524627686, -0.45137038826942444, 3.6824560165405273, -4.181237697601318, 13.084831237792969, 0.5253915786743164, 1.9688386917114258, -4.453795909881592, 2.704291820526123, -3.5790598392486572, 3.5581672191619873, -4.795063495635986, 0.6313287615776062, 0.4583759307861328, 4.796069145202637, 0.2568284869194031, 1.7945400476455688, 0.5258382558822632], [3.6427459716796875, -1.569602370262146, -2.0373170375823975, 1.9009089469909668, -1.400772213935852, -7.373225688934326, 3.2151191234588623, 0.5253915786743164, 15.995490074157715, 10.031449317932129, 1.5491666793823242, -3.5765414237976074, 4.361194133758545, 7.80238151550293, -0.553329586982727, -0.8748113512992859, -1.351493000984192, -0.3514516353607178, 11.32244873046875, 2.9445042610168457, -8.960744857788086], [-1.6109222173690796, -1.4637171030044556, 2.588399648666382, -7.085320472717285, 1.717492699623108, -8.958002090454102, 2.125854969024658, 1.9688386917114258, 10.031449317932129, 26.37468147277832, 1.7093044519424438, -9.412139892578125, 5.998526573181152, 3.91465425491333, 1.226907730102539, 3.9025521278381348, -6.0558319091796875, -2.25140643119812, 10.79234504699707, 3.014125347137451, -11.933349609375], [6.44783878326416, 4.211721420288086, -8.626667976379395, 5.557862758636475, -0.4917256236076355, -0.13485179841518402, -0.3695657253265381, -4.453795909881592, 1.5491666793823242, 1.7093044519424438, 16.37119483947754, -3.5172977447509766, 2.4428551197052, 3.648503065109253, 1.535600185394287, 5.482128620147705, 3.2672436237335205, -2.302927017211914, -0.13434499502182007, -1.7379816770553589, 3.8144466876983643], [-9.253816604614258, -1.505807876586914, -0.6621545553207397, -0.23047427833080292, -3.6558351516723633, -3.2697973251342773, 1.3017330169677734, 2.704291820526123, -3.5765414237976074, -9.412139892578125, -3.5172977447509766, 20.765336990356445, 4.824869155883789, 1.485737919807434, -1.3597379922866821, -1.73915696144104, 1.6747117042541504, 5.127211093902588, -5.679574012756348, -0.28853893280029297, 8.821038246154785], [0.8871292471885681, -2.056577205657959, 1.9931056499481201, -4.91630220413208, -5.559001445770264, -6.68423318862915, 4.700225830078125, -3.5790598392486572, 4.361194133758545, 5.998526573181152, 2.4428551197052, 4.824869155883789, 18.670438766479492, 0.5799415707588196, 6.354894161224365, 1.3608025312423706, 0.47230497002601624, 0.4925038814544678, -4.326645374298096, -1.172614574432373, 1.104853868484497], [2.3379383087158203, 5.5626606941223145, -3.8833611011505127, 7.038106441497803, 2.4265129566192627, -5.876959800720215, -2.691322088241577, 3.5581672191619873, 7.80238151550293, 3.91465425491333, 3.648503065109253, 1.485737919807434, 0.5799415707588196, 28.077451705932617, -7.278397083282471, -2.308821201324463, -9.310420989990234, 5.504683017730713, 6.8775811195373535, -4.609089374542236, 8.037466049194336], [5.1227312088012695, 0.3413107097148895, 1.784095287322998, -1.3584760427474976, 1.4476715326309204, -6.245046138763428, 4.087132453918457, -4.795063495635986, -0.553329586982727, 1.226907730102539, 1.535600185394287, -1.3597379922866821, 6.354894161224365, -7.278397083282471, 20.419523239135742, -0.23039405047893524, 4.327391624450684, -6.54470157623291, -6.796638011932373, -1.493095874786377, -2.6675212383270264], [-2.949155807495117, 2.3054325580596924, -1.208182692527771, 3.165968179702759, -0.1330772191286087, 4.716827392578125, 2.2151451110839844, 0.6313287615776062, -0.8748113512992859, 3.9025521278381348, 5.482128620147705, -1.73915696144104, 1.3608025312423706, -2.308821201324463, -0.23039405047893524, 16.40311050415039, -2.245124101638794, 0.9627376794815063, -1.1361229419708252, -6.259737014770508, -0.5530741214752197], [11.996289253234863, -7.644952297210693, -0.770265519618988, -1.7278258800506592, 0.6427415013313293, 6.60597038269043, -8.898238182067871, 0.45837563276290894, -1.351493239402771, -6.0558319091796875, 3.2672436237335205, 1.6747108697891235, 0.47230544686317444, -9.31042194366455, 4.327390193939209, -2.245124101638794, 29.570945739746094, 3.2702083587646484, -2.3570923805236816, 8.006750106811523, 4.898124694824219], [2.4797403812408447, -0.31374233961105347, -4.770767688751221, 0.05971373990178108, -0.9496458768844604, 1.1059772968292236, 5.078824043273926, 4.796069622039795, -0.3514516055583954, -2.25140643119812, -2.3029274940490723, 5.127211570739746, 0.4925036132335663, 5.504683494567871, -6.544702529907227, 0.9627382755279541, 3.2702083587646484, 20.946741104125977, 0.14686012268066406, -3.993269681930542, 1.6569452285766602], [-2.00893497467041, -2.926100730895996, 0.6463819742202759, -1.3098829984664917, 3.803208827972412, 0.14738072454929352, 1.3970592021942139, 0.2568283975124359, 11.322449684143066, 10.79234504699707, -0.13434509932994843, -5.6795735359191895, -4.3266448974609375, 6.8775811195373535, -6.796637535095215, -1.1361229419708252, -2.3570923805236816, 0.14686012268066406, 25.070484161376953, 6.728623867034912, -6.221085548400879], [2.3430960178375244, -3.080329656600952, 0.632929265499115, -2.9589004516601562, 0.824482798576355, 0.32863321900367737, -1.4258142709732056, 1.7945399284362793, 2.9445040225982666, 3.014125347137451, -1.737981915473938, -0.288539320230484, -1.1726144552230835, -4.609090328216553, -1.4930957555770874, -6.259737491607666, 8.006750106811523, -3.993269681930542, 6.728623867034912, 21.274368286132812, -0.36004412174224854], [4.509942054748535, 4.807530403137207, -6.721759796142578, 5.133550643920898, -2.9077296257019043, 11.894822120666504, 1.5554180145263672, 0.5258378982543945, -8.960744857788086, -11.933350563049316, 3.8144469261169434, 8.821038246154785, 1.1048541069030762, 8.037467956542969, -2.6675214767456055, -0.5530741214752197, 4.898126125335693, 1.6569451093673706, -6.221085548400879, -0.36004412174224854, 35.397216796875]], "type": "heatmap"}], "layout": {"template": {"data": {"histogram2dcontour": [{"type": "histogram2dcontour", "colorbar": {"outlinewidth": 0, "ticks": ""}, "colorscale": [[0.0, "#0d0887"], [0.1111111111111111, "#46039f"], [0.2222222222222222, "#7201a8"], [0.3333333333333333, "#9c179e"], [0.4444444444444444, "#bd3786"], [0.5555555555555556, "#d8576b"], [0.6666666666666666, "#ed7953"], [0.7777777777777778, "#fb9f3a"], [0.8888888888888888, "#fdca26"], [1.0, "#f0f921"]]}], "choropleth": [{"type": "choropleth", "colorbar": {"outlinewidth": 0, "ticks": ""}}], "histogram2d": [{"type": "histogram2d", "colorbar": {"outlinewidth": 0, "ticks": ""}, "colorscale": [[0.0, "#0d0887"], [0.1111111111111111, "#46039f"], [0.2222222222222222, "#7201a8"], [0.3333333333333333, "#9c179e"], [0.4444444444444444, "#bd3786"], [0.5555555555555556, "#d8576b"], [0.6666666666666666, "#ed7953"], [0.7777777777777778, "#fb9f3a"], [0.8888888888888888, "#fdca26"], [1.0, "#f0f921"]]}], "heatmap": [{"type": "heatmap", "colorbar": {"outlinewidth": 0, "ticks": ""}, "colorscale": [[0.0, "#0d0887"], [0.1111111111111111, "#46039f"], [0.2222222222222222, "#7201a8"], [0.3333333333333333, "#9c179e"], [0.4444444444444444, "#bd3786"], [0.5555555555555556, "#d8576b"], [0.6666666666666666, "#ed7953"], [0.7777777777777778, "#fb9f3a"], [0.8888888888888888, "#fdca26"], [1.0, "#f0f921"]]}], "heatmapgl": [{"type": "heatmapgl", "colorbar": {"outlinewidth": 0, "ticks": ""}, "colorscale": [[0.0, "#0d0887"], [0.1111111111111111, "#46039f"], [0.2222222222222222, "#7201a8"], [0.3333333333333333, "#9c179e"], [0.4444444444444444, "#bd3786"], [0.5555555555555556, "#d8576b"], [0.6666666666666666, "#ed7953"], [0.7777777777777778, "#fb9f3a"], [0.8888888888888888, "#fdca26"], [1.0, "#f0f921"]]}], "contourcarpet": [{"type": "contourcarpet", "colorbar": {"outlinewidth": 0, "ticks": ""}}], "contour": [{"type": "contour", "colorbar": {"outlinewidth": 0, "ticks": ""}, "colorscale": [[0.0, "#0d0887"], [0.1111111111111111, "#46039f"], [0.2222222222222222, "#7201a8"], [0.3333333333333333, "#9c179e"], [0.4444444444444444, "#bd3786"], [0.5555555555555556, "#d8576b"], [0.6666666666666666, "#ed7953"], [0.7777777777777778, "#fb9f3a"], [0.8888888888888888, "#fdca26"], [1.0, "#f0f921"]]}], "surface": [{"type": "surface", "colorbar": {"outlinewidth": 0, "ticks": ""}, "colorscale": [[0.0, "#0d0887"], [0.1111111111111111, "#46039f"], [0.2222222222222222, "#7201a8"], [0.3333333333333333, "#9c179e"], [0.4444444444444444, "#bd3786"], [0.5555555555555556, "#d8576b"], [0.6666666666666666, "#ed7953"], [0.7777777777777778, "#fb9f3a"], [0.8888888888888888, "#fdca26"], [1.0, "#f0f921"]]}], "mesh3d": [{"type": "mesh3d", "colorbar": {"outlinewidth": 0, "ticks": ""}}], "scatter": [{"fillpattern": {"fillmode": "overlay", "size": 10, "solidity": 0.2}, "type": "scatter"}], "parcoords": [{"type": "parcoords", "line": {"colorbar": {"outlinewidth": 0, "ticks": ""}}}], "scatterpolargl": [{"type": "scatterpolargl", "marker": {"colorbar": {"outlinewidth": 0, "ticks": ""}}}], "bar": [{"error_x": {"color": "#2a3f5f"}, "error_y": {"color": "#2a3f5f"}, "marker": {"line": {"color": "#E5ECF6", "width": 0.5}, "pattern": {"fillmode": "overlay", "size": 10, "solidity": 0.2}}, "type": "bar"}], "scattergeo": [{"type": "scattergeo", "marker": {"colorbar": {"outlinewidth": 0, "ticks": ""}}}], "scatterpolar": [{"type": "scatterpolar", "marker": {"colorbar": {"outlinewidth": 0, "ticks": ""}}}], "histogram": [{"marker": {"pattern": {"fillmode": "overlay", "size": 10, "solidity": 0.2}}, "type": "histogram"}], "scattergl": [{"type": "scattergl", "marker": {"colorbar": {"outlinewidth": 0, "ticks": ""}}}], "scatter3d": [{"type": "scatter3d", "line": {"colorbar": {"outlinewidth": 0, "ticks": ""}}, "marker": {"colorbar": {"outlinewidth": 0, "ticks": ""}}}], "scattermapbox": [{"type": "scattermapbox", "marker": {"colorbar": {"outlinewidth": 0, "ticks": ""}}}], "scatterternary": [{"type": "scatterternary", "marker": {"colorbar": {"outlinewidth": 0, "ticks": ""}}}], "scattercarpet": [{"type": "scattercarpet", "marker": {"colorbar": {"outlinewidth": 0, "ticks": ""}}}], "carpet": [{"aaxis": {"endlinecolor": "#2a3f5f", "gridcolor": "white", "linecolor": "white", "minorgridcolor": "white", "startlinecolor": "#2a3f5f"}, "baxis": {"endlinecolor": "#2a3f5f", "gridcolor": "white", "linecolor": "white", "minorgridcolor": "white", "startlinecolor": "#2a3f5f"}, "type": "carpet"}], "table": [{"cells": {"fill": {"color": "#EBF0F8"}, "line": {"color": "white"}}, "header": {"fill": {"color": "#C8D4E3"}, "line": {"color": "white"}}, "type": "table"}], "barpolar": [{"marker": {"line": {"color": "#E5ECF6", "width": 0.5}, "pattern": {"fillmode": "overlay", "size": 10, "solidity": 0.2}}, "type": "barpolar"}], "pie": [{"automargin": true, "type": "pie"}]}, "layout": {"autotypenumbers": "strict", "colorway": ["#636efa", "#EF553B", "#00cc96", "#ab63fa", "#FFA15A", "#19d3f3", "#FF6692", "#B6E880", "#FF97FF", "#FECB52"], "font": {"color": "#2a3f5f"}, "hovermode": "closest", "hoverlabel": {"align": "left"}, "paper_bgcolor": "white", "plot_bgcolor": "#E5ECF6", "polar": {"bgcolor": "#E5ECF6", "angularaxis": {"gridcolor": "white", "linecolor": "white", "ticks": ""}, "radialaxis": {"gridcolor": "white", "linecolor": "white", "ticks": ""}}, "ternary": {"bgcolor": "#E5ECF6", "aaxis": {"gridcolor": "white", "linecolor": "white", "ticks": ""}, "baxis": {"gridcolor": "white", "linecolor": "white", "ticks": ""}, "caxis": {"gridcolor": "white", "linecolor": "white", "ticks": ""}}, "coloraxis": {"colorbar": {"outlinewidth": 0, "ticks": ""}}, "colorscale": {"sequential": [[0.0, "#0d0887"], [0.1111111111111111, "#46039f"], [0.2222222222222222, "#7201a8"], [0.3333333333333333, "#9c179e"], [0.4444444444444444, "#bd3786"], [0.5555555555555556, "#d8576b"], [0.6666666666666666, "#ed7953"], [0.7777777777777778, "#fb9f3a"], [0.8888888888888888, "#fdca26"], [1.0, "#f0f921"]], "sequentialminus": [[0.0, "#0d0887"], [0.1111111111111111, "#46039f"], [0.2222222222222222, "#7201a8"], [0.3333333333333333, "#9c179e"], [0.4444444444444444, "#bd3786"], [0.5555555555555556, "#d8576b"], [0.6666666666666666, "#ed7953"], [0.7777777777777778, "#fb9f3a"], [0.8888888888888888, "#fdca26"], [1.0, "#f0f921"]], "diverging": [[0, "#8e0152"], [0.1, "#c51b7d"], [0.2, "#de77ae"], [0.3, "#f1b6da"], [0.4, "#fde0ef"], [0.5, "#f7f7f7"], [0.6, "#e6f5d0"], [0.7, "#b8e186"], [0.8, "#7fbc41"], [0.9, "#4d9221"], [1, "#276419"]]}, "xaxis": {"gridcolor": "white", "linecolor": "white", "ticks": "", "title": {"standoff": 15}, "zerolinecolor": "white", "automargin": true, "zerolinewidth": 2}, "yaxis": {"gridcolor": "white", "linecolor": "white", "ticks": "", "title": {"standoff": 15}, "zerolinecolor": "white", "automargin": true, "zerolinewidth": 2}, "scene": {"xaxis": {"backgroundcolor": "#E5ECF6", "gridcolor": "white", "linecolor": "white", "showbackground": true, "ticks": "", "zerolinecolor": "white", "gridwidth": 2}, "yaxis": {"backgroundcolor": "#E5ECF6", "gridcolor": "white", "linecolor": "white", "showbackground": true, "ticks": "", "zerolinecolor": "white", "gridwidth": 2}, "zaxis": {"backgroundcolor": "#E5ECF6", "gridcolor": "white", "linecolor": "white", "showbackground": true, "ticks": "", "zerolinecolor": "white", "gridwidth": 2}}, "shapedefaults": {"line": {"color": "#2a3f5f"}}, "annotationdefaults": {"arrowcolor": "#2a3f5f", "arrowhead": 0, "arrowwidth": 1}, "geo": {"bgcolor": "white", "landcolor": "#E5ECF6", "subunitcolor": "white", "showland": true, "showlakes": true, "lakecolor": "white"}, "title": {"x": 0.05}, "mapbox": {"style": "light"}}}}}