{"data": [{"z": [[30.75112533569336, 4.8165483474731445, -14.226903915405273, 1.5727297067642212, 5.601161003112793, 5.397604942321777, -1.606502890586853, 1.0522668361663818, 3.642199993133545, -1.7049322128295898, 6.503027439117432, -9.31659984588623, 0.9099842309951782, 2.2932403087615967, 5.179161071777344, -2.9528980255126953, 12.067194938659668, 2.4823780059814453, -2.0008881092071533, 2.3438467979431152, 4.515058994293213], [4.8165483474731445, 16.66221809387207, -2.102512836456299, 9.750411033630371, -2.4391605854034424, -1.469788670539856, 0.1413087397813797, 3.564513921737671, -1.5894808769226074, -1.4785494804382324, 4.288671493530273, -1.4957070350646973, -2.064131259918213, 5.615431785583496, 0.3491564393043518, 2.3329296112060547, -7.713571548461914, -0.3146016299724579, -2.9468483924865723, -3.0465750694274902, 4.84105110168457], [-14.226903915405273, -2.102512836456299, 33.78266143798828, 1.30968177318573, 1.2043546438217163, -1.2171164751052856, -6.887242794036865, 2.7728471755981445, -2.033761501312256, 2.5922842025756836, -8.714648246765137, -0.6674185395240784, 2.0338618755340576, -3.886645555496216, 1.7663434743881226, -1.1615371704101562, -0.7281053066253662, -4.791985511779785, 0.6635088920593262, 0.6136176586151123, -6.709553241729736], [1.5727297067642212, 9.750411033630371, 1.30968177318573, 22.405845642089844, -5.061727523803711, 2.6331260204315186, -0.5368711948394775, 2.7087783813476562, 1.983374834060669, -7.142087459564209, 5.551301002502441, -0.19797426462173462, -4.958035945892334, 7.085977554321289, -1.3922462463378906, 3.1851847171783447, -1.739940881729126, 0.08180665969848633, -1.3125343322753906, -2.935925006866455, 5.113384246826172], [5.601161003112793, -2.4391605854034424, 1.2043546438217163, -5.061727523803711, 21.178455352783203, -1.6302833557128906, 1.2269948720932007, -0.4492780566215515, -1.434492826461792, 1.6944774389266968, -0.47294923663139343, -3.7019097805023193, -5.552356243133545, 2.4295244216918945, 1.5096064805984497, -0.12925080955028534, 0.6638593673706055, -0.9353656768798828, 3.828551769256592, 0.8201031684875488, -2.9378035068511963], [5.397604942321777, -1.469788670539856, -1.2171164751052856, 2.6331260204315186, -1.6302833557128906, 34.655235290527344, -0.10618056356906891, 3.7067134380340576, -7.44564962387085, -9.002053260803223, -0.06893734633922577, -3.2870733737945557, -6.776829719543457, -5.923870086669922, -6.237160682678223, 4.806074142456055, 6.631013870239258, 1.0687323808670044, 0.15257883071899414, 0.30549049377441406, 11.924948692321777], [-1.606502890586853, 0.1413087397813797, -6.887242794036865, -0.5368711948394775, 1.2269948720932007, -0.10618056356906891, 36.21219253540039, -4.193244934082031, 3.270622491836548, 2.110304594039917, -0.42148929834365845, 1.305933952331543, 4.730212688446045, -2.753115177154541, 4.094888210296631, 2.235975980758667, -8.942214965820312, 5.084779739379883, 1.4046915769577026, -1.460913896560669, 1.5625280141830444], [1.0522668361663818, 3.564513921737671, 2.7728471755981445, 2.7087783813476562, -0.4492780566215515, 3.7067134380340576, -4.193244934082031, 13.14946460723877, 0.5503227710723877, 1.9813368320465088, -4.450798988342285, 2.779533863067627, -3.6083850860595703, 3.62996244430542, -4.8242950439453125, 0.665334165096283, 0.4443124532699585, 4.839100360870361, 0.24453699588775635, 1.8116447925567627, 0.5240354537963867], [3.642199993133545, -1.5894808769226074, -2.033761501312256, 1.983374834060669, -1.434492826461792, -7.44564962387085, 3.270622491836548, 0.5503227710723877, 16.083412170410156, 10.004058837890625, 1.5147372484207153, -3.5445444583892822, 4.396632194519043, 7.8134074211120605, -0.5593821406364441, -0.9085843563079834, -1.3270158767700195, -0.32595252990722656, 11.372689247131348, 2.963143825531006, -9.00063705444336], [-1.7049322128295898, -1.4785494804382324, 2.5922842025756836, -7.142087459564209, 1.6944774389266968, -9.002053260803223, 2.110304594039917, 1.9813368320465088, 10.004058837890625, 26.504159927368164, 1.731717586517334, -9.45209789276123, 6.037781715393066, 3.9045488834381104, 1.2444697618484497, 3.8992257118225098, -6.125308513641357, -2.2390596866607666, 10.820304870605469, 3.0366501808166504, -11.982585906982422], [6.503027439117432, 4.288671493530273, -8.714648246765137, 5.551301002502441, -0.47294923663139343, -0.06893734633922577, -0.42148929834365845, -4.450798988342285, 1.5147372484207153, 1.731717586517334, 16.52740478515625, -3.5384793281555176, 2.453108310699463, 3.6612377166748047, 1.5410722494125366, 5.5338568687438965, 3.2909131050109863, -2.3159618377685547, -0.14971870183944702, -1.738921880722046, 3.853424072265625], [-9.31659984588623, -1.4957070350646973, -0.6674185395240784, -0.19797426462173462, -3.7019097805023193, -3.2870733737945557, 1.305933952331543, 2.779533863067627, -3.5445444583892822, -9.45209789276123, -3.5384793281555176, 20.912553787231445, 4.835827827453613, 1.5432385206222534, -1.40488862991333, -1.710127830505371, 1.675898790359497, 5.2257585525512695, -5.682155609130859, -0.26574015617370605, 8.80311393737793], [0.9099842309951782, -2.064131259918213, 2.0338618755340576, -4.958035945892334, -5.552356243133545, -6.776829719543457, 4.730212688446045, -3.6083850860595703, 4.396632194519043, 6.037781715393066, 2.453108310699463, 4.835827827453613, 18.78678321838379, 0.6091918349266052, 6.434843063354492, 1.368796706199646, 0.4381563067436218, 0.5251345634460449, -4.334611415863037, -1.1942470073699951, 1.0768311023712158], [2.2932403087615967, 5.615431785583496, -3.886645555496216, 7.085977554321289, 2.4295244216918945, -5.923870086669922, -2.753115177154541, 3.62996244430542, 7.8134074211120605, 3.9045488834381104, 3.6612377166748047, 1.5432385206222534, 0.6091918349266052, 28.262584686279297, -7.335459232330322, -2.314758062362671, -9.308085441589355, 5.577398300170898, 6.932211875915527, -4.636130332946777, 8.076944351196289], [5.179161071777344, 0.3491564393043518, 1.7663434743881226, -1.3922462463378906, 1.5096064805984497, -6.237160682678223, 4.094888210296631, -4.8242950439453125, -0.5593821406364441, 1.2444697618484497, 1.5410722494125366, -1.40488862991333, 6.434843063354492, -7.335459232330322, 20.535112380981445, -0.23527583479881287, 4.350324630737305, -6.597614765167236, -6.8307600021362305, -1.5127558708190918, -2.668458938598633], [-2.9528980255126953, 2.3329296112060547, -1.1615371704101562, 3.1851847171783447, -0.12925080955028534, 4.806074142456055, 2.235975980758667, 0.665334165096283, -0.9085843563079834, 3.8992257118225098, 5.5338568687438965, -1.710127830505371, 1.368796706199646, -2.314758062362671, -0.23527583479881287, 16.568866729736328, -2.2301785945892334, 0.9694095253944397, -1.1159703731536865, -6.340057373046875, -0.513458251953125], [12.067193984985352, -7.713572025299072, -0.7281048893928528, -1.739941120147705, 0.6638586521148682, 6.631015300750732, -8.942215919494629, 0.4443127512931824, -1.3270156383514404, -6.125308513641357, 3.2909128665924072, 1.6758979558944702, 0.43815645575523376, -9.308084487915039, 4.3503241539001465, -2.230178117752075, 29.72005844116211, 3.2246651649475098, -2.3897945880889893, 8.054886817932129, 4.921692848205566], [2.4823780059814453, -0.3146016001701355, -4.791985511779785, 0.08180693536996841, -0.935365617275238, 1.0687323808670044, 5.084779739379883, 4.839100360870361, -0.32595276832580566, -2.2390596866607666, -2.3159618377685547, 5.2257585525512695, 0.525134801864624, 5.577398300170898, -6.597614288330078, 0.9694099426269531, 3.2246651649475098, 21.06801986694336, 0.14543914794921875, -3.9981274604797363, 1.6512141227722168], [-2.0008881092071533, -2.9468491077423096, 0.6635098457336426, -1.312534213066101, 3.828552007675171, 0.15257877111434937, 1.4046926498413086, 0.2445365935564041, 11.372688293457031, 10.820303916931152, -0.14971865713596344, -5.682155609130859, -4.334611415863037, 6.932211875915527, -6.830760955810547, -1.115970253944397, -2.3897945880889893, 0.14543914794921875, 25.141658782958984, 6.729753017425537, -6.240900993347168], [2.3438467979431152, -3.0465750694274902, 0.6136172413825989, -2.935924530029297, 0.8201026916503906, 0.3054904639720917, -1.4609137773513794, 1.8116449117660522, 2.9631435871124268, 3.0366506576538086, -1.7389222383499146, -0.2657402455806732, -1.194246768951416, -4.636129856109619, -1.5127558708190918, -6.340057373046875, 8.054886817932129, -3.9981274604797363, 6.729753017425537, 21.46734619140625, -0.3553335666656494], [4.515058517456055, 4.8410515785217285, -6.709552764892578, 5.113385200500488, -2.937803268432617, 11.924948692321777, 1.5625276565551758, 0.5240352153778076, -9.000638008117676, -11.982585906982422, 3.853423833847046, 8.803112983703613, 1.0768312215805054, 8.076942443847656, -2.668458938598633, -0.5134583711624146, 4.92169189453125, 1.6512129306793213, -6.240900993347168, -0.3553335666656494, 35.397216796875]], "type": "heatmap"}], "layout": {"template": {"data": {"histogram2dcontour": [{"type": "histogram2dcontour", "colorbar": {"outlinewidth": 0, "ticks": ""}, "colorscale": [[0.0, "#0d0887"], [0.1111111111111111, "#46039f"], [0.2222222222222222, "#7201a8"], [0.3333333333333333, "#9c179e"], [0.4444444444444444, "#bd3786"], [0.5555555555555556, "#d8576b"], [0.6666666666666666, "#ed7953"], [0.7777777777777778, "#fb9f3a"], [0.8888888888888888, "#fdca26"], [1.0, "#f0f921"]]}], "choropleth": [{"type": "choropleth", "colorbar": {"outlinewidth": 0, "ticks": ""}}], "histogram2d": [{"type": "histogram2d", "colorbar": {"outlinewidth": 0, "ticks": ""}, "colorscale": [[0.0, "#0d0887"], [0.1111111111111111, "#46039f"], [0.2222222222222222, "#7201a8"], [0.3333333333333333, "#9c179e"], [0.4444444444444444, "#bd3786"], [0.5555555555555556, "#d8576b"], [0.6666666666666666, "#ed7953"], [0.7777777777777778, "#fb9f3a"], [0.8888888888888888, "#fdca26"], [1.0, "#f0f921"]]}], "heatmap": [{"type": "heatmap", "colorbar": {"outlinewidth": 0, "ticks": ""}, "colorscale": [[0.0, "#0d0887"], [0.1111111111111111, "#46039f"], [0.2222222222222222, "#7201a8"], [0.3333333333333333, "#9c179e"], [0.4444444444444444, "#bd3786"], [0.5555555555555556, "#d8576b"], [0.6666666666666666, "#ed7953"], [0.7777777777777778, "#fb9f3a"], [0.8888888888888888, "#fdca26"], [1.0, "#f0f921"]]}], "heatmapgl": [{"type": "heatmapgl", "colorbar": {"outlinewidth": 0, "ticks": ""}, "colorscale": [[0.0, "#0d0887"], [0.1111111111111111, "#46039f"], [0.2222222222222222, "#7201a8"], [0.3333333333333333, "#9c179e"], [0.4444444444444444, "#bd3786"], [0.5555555555555556, "#d8576b"], [0.6666666666666666, "#ed7953"], [0.7777777777777778, "#fb9f3a"], [0.8888888888888888, "#fdca26"], [1.0, "#f0f921"]]}], "contourcarpet": [{"type": "contourcarpet", "colorbar": {"outlinewidth": 0, "ticks": ""}}], "contour": [{"type": "contour", "colorbar": {"outlinewidth": 0, "ticks": ""}, "colorscale": [[0.0, "#0d0887"], [0.1111111111111111, "#46039f"], [0.2222222222222222, "#7201a8"], [0.3333333333333333, "#9c179e"], [0.4444444444444444, "#bd3786"], [0.5555555555555556, "#d8576b"], [0.6666666666666666, "#ed7953"], [0.7777777777777778, "#fb9f3a"], [0.8888888888888888, "#fdca26"], [1.0, "#f0f921"]]}], "surface": [{"type": "surface", "colorbar": {"outlinewidth": 0, "ticks": ""}, "colorscale": [[0.0, "#0d0887"], [0.1111111111111111, "#46039f"], [0.2222222222222222, "#7201a8"], [0.3333333333333333, "#9c179e"], [0.4444444444444444, "#bd3786"], [0.5555555555555556, "#d8576b"], [0.6666666666666666, "#ed7953"], [0.7777777777777778, "#fb9f3a"], [0.8888888888888888, "#fdca26"], [1.0, "#f0f921"]]}], "mesh3d": [{"type": "mesh3d", "colorbar": {"outlinewidth": 0, "ticks": ""}}], "scatter": [{"fillpattern": {"fillmode": "overlay", "size": 10, "solidity": 0.2}, "type": "scatter"}], "parcoords": [{"type": "parcoords", "line": {"colorbar": {"outlinewidth": 0, "ticks": ""}}}], "scatterpolargl": [{"type": "scatterpolargl", "marker": {"colorbar": {"outlinewidth": 0, "ticks": ""}}}], "bar": [{"error_x": {"color": "#2a3f5f"}, "error_y": {"color": "#2a3f5f"}, "marker": {"line": {"color": "#E5ECF6", "width": 0.5}, "pattern": {"fillmode": "overlay", "size": 10, "solidity": 0.2}}, "type": "bar"}], "scattergeo": [{"type": "scattergeo", "marker": {"colorbar": {"outlinewidth": 0, "ticks": ""}}}], "scatterpolar": [{"type": "scatterpolar", "marker": {"colorbar": {"outlinewidth": 0, "ticks": ""}}}], "histogram": [{"marker": {"pattern": {"fillmode": "overlay", "size": 10, "solidity": 0.2}}, "type": "histogram"}], "scattergl": [{"type": "scattergl", "marker": {"colorbar": {"outlinewidth": 0, "ticks": ""}}}], "scatter3d": [{"type": "scatter3d", "line": {"colorbar": {"outlinewidth": 0, "ticks": ""}}, "marker": {"colorbar": {"outlinewidth": 0, "ticks": ""}}}], "scattermapbox": [{"type": "scattermapbox", "marker": {"colorbar": {"outlinewidth": 0, "ticks": ""}}}], "scatterternary": [{"type": "scatterternary", "marker": {"colorbar": {"outlinewidth": 0, "ticks": ""}}}], "scattercarpet": [{"type": "scattercarpet", "marker": {"colorbar": {"outlinewidth": 0, "ticks": ""}}}], "carpet": [{"aaxis": {"endlinecolor": "#2a3f5f", "gridcolor": "white", "linecolor": "white", "minorgridcolor": "white", "startlinecolor": "#2a3f5f"}, "baxis": {"endlinecolor": "#2a3f5f", "gridcolor": "white", "linecolor": "white", "minorgridcolor": "white", "startlinecolor": "#2a3f5f"}, "type": "carpet"}], "table": [{"cells": {"fill": {"color": "#EBF0F8"}, "line": {"color": "white"}}, "header": {"fill": {"color": "#C8D4E3"}, "line": {"color": "white"}}, "type": "table"}], "barpolar": [{"marker": {"line": {"color": "#E5ECF6", "width": 0.5}, "pattern": {"fillmode": "overlay", "size": 10, "solidity": 0.2}}, "type": "barpolar"}], "pie": [{"automargin": true, "type": "pie"}]}, "layout": {"autotypenumbers": "strict", "colorway": ["#636efa", "#EF553B", "#00cc96", "#ab63fa", "#FFA15A", "#19d3f3", "#FF6692", "#B6E880", "#FF97FF", "#FECB52"], "font": {"color": "#2a3f5f"}, "hovermode": "closest", "hoverlabel": {"align": "left"}, "paper_bgcolor": "white", "plot_bgcolor": "#E5ECF6", "polar": {"bgcolor": "#E5ECF6", "angularaxis": {"gridcolor": "white", "linecolor": "white", "ticks": ""}, "radialaxis": {"gridcolor": "white", "linecolor": "white", "ticks": ""}}, "ternary": {"bgcolor": "#E5ECF6", "aaxis": {"gridcolor": "white", "linecolor": "white", "ticks": ""}, "baxis": {"gridcolor": "white", "linecolor": "white", "ticks": ""}, "caxis": {"gridcolor": "white", "linecolor": "white", "ticks": ""}}, "coloraxis": {"colorbar": {"outlinewidth": 0, "ticks": ""}}, "colorscale": {"sequential": [[0.0, "#0d0887"], [0.1111111111111111, "#46039f"], [0.2222222222222222, "#7201a8"], [0.3333333333333333, "#9c179e"], [0.4444444444444444, "#bd3786"], [0.5555555555555556, "#d8576b"], [0.6666666666666666, "#ed7953"], [0.7777777777777778, "#fb9f3a"], [0.8888888888888888, "#fdca26"], [1.0, "#f0f921"]], "sequentialminus": [[0.0, "#0d0887"], [0.1111111111111111, "#46039f"], [0.2222222222222222, "#7201a8"], [0.3333333333333333, "#9c179e"], [0.4444444444444444, "#bd3786"], [0.5555555555555556, "#d8576b"], [0.6666666666666666, "#ed7953"], [0.7777777777777778, "#fb9f3a"], [0.8888888888888888, "#fdca26"], [1.0, "#f0f921"]], "diverging": [[0, "#8e0152"], [0.1, "#c51b7d"], [0.2, "#de77ae"], [0.3, "#f1b6da"], [0.4, "#fde0ef"], [0.5, "#f7f7f7"], [0.6, "#e6f5d0"], [0.7, "#b8e186"], [0.8, "#7fbc41"], [0.9, "#4d9221"], [1, "#276419"]]}, "xaxis": {"gridcolor": "white", "linecolor": "white", "ticks": "", "title": {"standoff": 15}, "zerolinecolor": "white", "automargin": true, "zerolinewidth": 2}, "yaxis": {"gridcolor": "white", "linecolor": "white", "ticks": "", "title": {"standoff": 15}, "zerolinecolor": "white", "automargin": true, "zerolinewidth": 2}, "scene": {"xaxis": {"backgroundcolor": "#E5ECF6", "gridcolor": "white", "linecolor": "white", "showbackground": true, "ticks": "", "zerolinecolor": "white", "gridwidth": 2}, "yaxis": {"backgroundcolor": "#E5ECF6", "gridcolor": "white", "linecolor": "white", "showbackground": true, "ticks": "", "zerolinecolor": "white", "gridwidth": 2}, "zaxis": {"backgroundcolor": "#E5ECF6", "gridcolor": "white", "linecolor": "white", "showbackground": true, "ticks": "", "zerolinecolor": "white", "gridwidth": 2}}, "shapedefaults": {"line": {"color": "#2a3f5f"}}, "annotationdefaults": {"arrowcolor": "#2a3f5f", "arrowhead": 0, "arrowwidth": 1}, "geo": {"bgcolor": "white", "landcolor": "#E5ECF6", "subunitcolor": "white", "showland": true, "showlakes": true, "lakecolor": "white"}, "title": {"x": 0.05}, "mapbox": {"style": "light"}}}}}