{"data": [{"z": [[30.667530059814453, 4.830401420593262, -14.180912017822266, 1.5436469316482544, 5.593705177307129, 5.348409652709961, -1.601706862449646, 1.0376406908035278, 3.638618230819702, -1.6295822858810425, 6.456786632537842, -9.266441345214844, 0.8910841345787048, 2.3286335468292236, 5.130013942718506, -2.951129674911499, 12.00822639465332, 2.480374336242676, -2.0058236122131348, 2.341344118118286, 4.5097479820251465], [4.830401420593262, 16.53114128112793, -2.0761497020721436, 9.71714973449707, -2.411891460418701, -1.4299317598342896, 0.14123010635375977, 3.5524909496307373, -1.5727858543395996, -1.4628838300704956, 4.225417613983154, -1.5041921138763428, -2.057936906814575, 5.570771217346191, 0.3425064980983734, 2.3110060691833496, -7.660295486450195, -0.32028669118881226, -2.930060863494873, -3.078765869140625, 4.812595367431641], [-14.180912017822266, -2.0761497020721436, 33.62199401855469, 1.292463779449463, 1.2064772844314575, -1.2214739322662354, -6.9098076820373535, 2.7363860607147217, -2.037320375442505, 2.5890746116638184, -8.640155792236328, -0.6631945371627808, 1.9980772733688354, -3.8857905864715576, 1.7797187566757202, -1.2035490274429321, -0.7620105743408203, -4.771787166595459, 0.647489070892334, 0.6291083097457886, -6.720519065856934], [1.5436469316482544, 9.71714973449707, 1.292463779449463, 22.340295791625977, -4.996485710144043, 2.6378567218780518, -0.5863335132598877, 2.71758770942688, 1.9141286611557007, -7.08914852142334, 5.555673599243164, -0.22350850701332092, -4.924304485321045, 7.044455051422119, -1.3655016422271729, 3.1723580360412598, -1.7332165241241455, 0.060829997062683105, -1.312549114227295, -2.9571990966796875, 5.12895393371582], [5.593705177307129, -2.411891460418701, 1.2064772844314575, -4.996485710144043, 21.061321258544922, -1.6288797855377197, 1.2407336235046387, -0.44703221321105957, -1.4093021154403687, 1.714859962463379, -0.4862319231033325, -3.6643927097320557, -5.553368091583252, 2.42853045463562, 1.4588112831115723, -0.1317974478006363, 0.6424980163574219, -0.9535855054855347, 3.8096389770507812, 0.8237223625183105, -2.912602663040161], [5.348409652709961, -1.4299317598342896, -1.2214739322662354, 2.6378567218780518, -1.6288797855377197, 34.453956604003906, -0.08007273823022842, 3.688607692718506, -7.385583400726318, -8.966830253601074, -0.12290830165147781, -3.275667190551758, -6.699278831481934, -5.8872504234313965, -6.244641304016113, 4.729537487030029, 6.605547904968262, 1.0970817804336548, 0.15016555786132812, 0.3229513168334961, 11.898347854614258], [-1.601706862449646, 0.14123010635375977, -6.9098076820373535, -0.5863335132598877, 1.2407336235046387, -0.08007273823022842, 36.04103088378906, -4.184051990509033, 3.2244668006896973, 2.1187031269073486, -0.3804951608181, 1.2968060970306396, 4.70551872253418, -2.7015390396118164, 4.0857319831848145, 2.217071294784546, -8.903210639953613, 5.07797384262085, 1.3971736431121826, -1.4325942993164062, 1.55718994140625], [1.0376406908035278, 3.5524909496307373, 2.7363860607147217, 2.71758770942688, -0.44703221321105957, 3.688607692718506, -4.184051990509033, 13.090658187866211, 0.5247668027877808, 1.9756431579589844, -4.4536519050598145, 2.717628002166748, -3.585334539413452, 3.5667507648468018, -4.801069259643555, 0.6398993730545044, 0.4497675895690918, 4.7962446212768555, 0.2540709376335144, 1.7950915098190308, 0.5283571481704712], [3.638618230819702, -1.5727858543395996, -2.037320375442505, 1.9141286611557007, -1.4093021154403687, -7.385583400726318, 3.2244668006896973, 0.5247668027877808, 16.00698471069336, 10.02710247039795, 1.5439364910125732, -3.5752527713775635, 4.363134384155273, 7.799769401550293, -0.5539495348930359, -0.8845881223678589, -1.348205327987671, -0.344083309173584, 11.329645156860352, 2.9471359252929688, -8.968915939331055], [-1.6295822858810425, -1.4628838300704956, 2.5890746116638184, -7.08914852142334, 1.714859962463379, -8.966830253601074, 2.1187031269073486, 1.9756431579589844, 10.02710247039795, 26.393129348754883, 1.7166240215301514, -9.414899826049805, 6.003230571746826, 3.9143307209014893, 1.2272757291793823, 3.9020161628723145, -6.062545299530029, -2.246307373046875, 10.795845031738281, 3.017514228820801, -11.940038681030273], [6.456786632537842, 4.225417613983154, -8.640155792236328, 5.555673599243164, -0.4862319231033325, -0.12290830165147781, -0.3804951608181, -4.4536519050598145, 1.5439364910125732, 1.7166240215301514, 16.399934768676758, -3.519683361053467, 2.445190906524658, 3.652564764022827, 1.5348414182662964, 5.490170955657959, 3.267446279525757, -2.305405378341675, -0.13702994585037231, -1.7363688945770264, 3.821760416030884], [-9.266441345214844, -1.5041921138763428, -0.6631945371627808, -0.22350850701332092, -3.6643927097320557, -3.275667190551758, 1.2968060970306396, 2.717628002166748, -3.5752527713775635, -9.414899826049805, -3.519683361053467, 20.788738250732422, 4.824752330780029, 1.492539882659912, -1.369589924812317, -1.7367995977401733, 1.677173376083374, 5.145155906677246, -5.681219577789307, -0.2868262529373169, 8.817317008972168], [0.8910841345787048, -2.057936906814575, 1.9980772733688354, -4.924304485321045, -5.553368091583252, -6.699278831481934, 4.70551872253418, -3.585334539413452, 4.363134384155273, 6.003230571746826, 2.445190906524658, 4.824752330780029, 18.688095092773438, 0.5813658833503723, 6.3675642013549805, 1.3627357482910156, 0.4650253355503082, 0.4923241138458252, -4.327417373657227, -1.1765975952148438, 1.1016845703125], [2.3286335468292236, 5.570771217346191, -3.8857905864715576, 7.044455051422119, 2.42853045463562, -5.8872504234313965, -2.7015390396118164, 3.5667507648468018, 7.799769401550293, 3.9143307209014893, 3.652564764022827, 1.492539882659912, 0.5813658833503723, 28.103654861450195, -7.288033485412598, -2.3134870529174805, -9.311492919921875, 5.514739990234375, 6.884771347045898, -4.613374710083008, 8.04348373413086], [5.130013942718506, 0.3425064980983734, 1.7797187566757202, -1.3655016422271729, 1.4588112831115723, -6.244641304016113, 4.0857319831848145, -4.801069259643555, -0.5539495348930359, 1.2272757291793823, 1.5348414182662964, -1.369589924812317, 6.3675642013549805, -7.288033485412598, 20.435022354125977, -0.23225100338459015, 4.328804969787598, -6.557522296905518, -6.80387020111084, -1.4969732761383057, -2.667894124984741], [-2.951129674911499, 2.3110060691833496, -1.2035490274429321, 3.1723580360412598, -0.1317974478006363, 4.729537487030029, 2.217071294784546, 0.6398993730545044, -0.8845881223678589, 3.9020161628723145, 5.490170955657959, -1.7367995977401733, 1.3627357482910156, -2.3134870529174805, -0.23225100338459015, 16.427675247192383, -2.2411179542541504, 0.9645513892173767, -1.1300843954086304, -6.274044036865234, -0.5479223728179932], [12.00822639465332, -7.6602959632873535, -0.7620095014572144, -1.7332168817520142, 0.6424986720085144, 6.605548858642578, -8.903209686279297, 0.4497682750225067, -1.3482050895690918, -6.0625457763671875, 3.267446279525757, 1.6771734952926636, 0.4650248885154724, -9.311491966247559, 4.328804969787598, -2.2411181926727295, 29.591064453125, 3.2611796855926514, -2.36442494392395, 8.011205673217773, 4.901869773864746], [2.480374336242676, -0.32028692960739136, -4.771787643432617, 0.06082995608448982, -0.9535855650901794, 1.0970815420150757, 5.077974319458008, 4.796245098114014, -0.3440834581851959, -2.246307611465454, -2.3054049015045166, 5.145155906677246, 0.49232399463653564, 5.514739990234375, -6.557522773742676, 0.9645518660545349, 3.2611796855926514, 20.964401245117188, 0.1431286334991455, -3.9935030937194824, 1.6539154052734375], [-2.0058231353759766, -2.930060625076294, 0.6474886536598206, -1.312549114227295, 3.8096394538879395, 0.15016615390777588, 1.397174596786499, 0.2540707290172577, 11.329646110534668, 10.795845985412598, -0.13702969253063202, -5.681217670440674, -4.327417850494385, 6.884770393371582, -6.803870677947998, -1.1300842761993408, -2.36442494392395, 0.1431286334991455, 25.077713012695312, 6.726061820983887, -6.222278594970703], [2.341343879699707, -3.078765869140625, 0.6291083693504333, -2.9571993350982666, 0.823722243309021, 0.3229515850543976, -1.4325940608978271, 1.7950913906097412, 2.947136402130127, 3.017514705657959, -1.7363687753677368, -0.28682613372802734, -1.1765973567962646, -4.61337423324585, -1.4969735145568848, -6.274044036865234, 8.011205673217773, -3.9935030937194824, 6.726061820983887, 21.303865432739258, -0.3603529930114746], [4.5097479820251465, 4.812595844268799, -6.720519065856934, 5.12895393371582, -2.9126033782958984, 11.898347854614258, 1.5571892261505127, 0.5283569097518921, -8.968915939331055, -11.940038681030273, 3.8217599391937256, 8.817317008972168, 1.1016838550567627, 8.04348373413086, -2.667893886566162, -0.5479224920272827, 4.901869297027588, 1.6539158821105957, -6.222277641296387, -0.36035335063934326, 35.397216796875]], "type": "heatmap"}], "layout": {"template": {"data": {"histogram2dcontour": [{"type": "histogram2dcontour", "colorbar": {"outlinewidth": 0, "ticks": ""}, "colorscale": [[0.0, "#0d0887"], [0.1111111111111111, "#46039f"], [0.2222222222222222, "#7201a8"], [0.3333333333333333, "#9c179e"], [0.4444444444444444, "#bd3786"], [0.5555555555555556, "#d8576b"], [0.6666666666666666, "#ed7953"], [0.7777777777777778, "#fb9f3a"], [0.8888888888888888, "#fdca26"], [1.0, "#f0f921"]]}], "choropleth": [{"type": "choropleth", "colorbar": {"outlinewidth": 0, "ticks": ""}}], "histogram2d": [{"type": "histogram2d", "colorbar": {"outlinewidth": 0, "ticks": ""}, "colorscale": [[0.0, "#0d0887"], [0.1111111111111111, "#46039f"], [0.2222222222222222, "#7201a8"], [0.3333333333333333, "#9c179e"], [0.4444444444444444, "#bd3786"], [0.5555555555555556, "#d8576b"], [0.6666666666666666, "#ed7953"], [0.7777777777777778, "#fb9f3a"], [0.8888888888888888, "#fdca26"], [1.0, "#f0f921"]]}], "heatmap": [{"type": "heatmap", "colorbar": {"outlinewidth": 0, "ticks": ""}, "colorscale": [[0.0, "#0d0887"], [0.1111111111111111, "#46039f"], [0.2222222222222222, "#7201a8"], [0.3333333333333333, "#9c179e"], [0.4444444444444444, "#bd3786"], [0.5555555555555556, "#d8576b"], [0.6666666666666666, "#ed7953"], [0.7777777777777778, "#fb9f3a"], [0.8888888888888888, "#fdca26"], [1.0, "#f0f921"]]}], "heatmapgl": [{"type": "heatmapgl", "colorbar": {"outlinewidth": 0, "ticks": ""}, "colorscale": [[0.0, "#0d0887"], [0.1111111111111111, "#46039f"], [0.2222222222222222, "#7201a8"], [0.3333333333333333, "#9c179e"], [0.4444444444444444, "#bd3786"], [0.5555555555555556, "#d8576b"], [0.6666666666666666, "#ed7953"], [0.7777777777777778, "#fb9f3a"], [0.8888888888888888, "#fdca26"], [1.0, "#f0f921"]]}], "contourcarpet": [{"type": "contourcarpet", "colorbar": {"outlinewidth": 0, "ticks": ""}}], "contour": [{"type": "contour", "colorbar": {"outlinewidth": 0, "ticks": ""}, "colorscale": [[0.0, "#0d0887"], [0.1111111111111111, "#46039f"], [0.2222222222222222, "#7201a8"], [0.3333333333333333, "#9c179e"], [0.4444444444444444, "#bd3786"], [0.5555555555555556, "#d8576b"], [0.6666666666666666, "#ed7953"], [0.7777777777777778, "#fb9f3a"], [0.8888888888888888, "#fdca26"], [1.0, "#f0f921"]]}], "surface": [{"type": "surface", "colorbar": {"outlinewidth": 0, "ticks": ""}, "colorscale": [[0.0, "#0d0887"], [0.1111111111111111, "#46039f"], [0.2222222222222222, "#7201a8"], [0.3333333333333333, "#9c179e"], [0.4444444444444444, "#bd3786"], [0.5555555555555556, "#d8576b"], [0.6666666666666666, "#ed7953"], [0.7777777777777778, "#fb9f3a"], [0.8888888888888888, "#fdca26"], [1.0, "#f0f921"]]}], "mesh3d": [{"type": "mesh3d", "colorbar": {"outlinewidth": 0, "ticks": ""}}], "scatter": [{"fillpattern": {"fillmode": "overlay", "size": 10, "solidity": 0.2}, "type": "scatter"}], "parcoords": [{"type": "parcoords", "line": {"colorbar": {"outlinewidth": 0, "ticks": ""}}}], "scatterpolargl": [{"type": "scatterpolargl", "marker": {"colorbar": {"outlinewidth": 0, "ticks": ""}}}], "bar": [{"error_x": {"color": "#2a3f5f"}, "error_y": {"color": "#2a3f5f"}, "marker": {"line": {"color": "#E5ECF6", "width": 0.5}, "pattern": {"fillmode": "overlay", "size": 10, "solidity": 0.2}}, "type": "bar"}], "scattergeo": [{"type": "scattergeo", "marker": {"colorbar": {"outlinewidth": 0, "ticks": ""}}}], "scatterpolar": [{"type": "scatterpolar", "marker": {"colorbar": {"outlinewidth": 0, "ticks": ""}}}], "histogram": [{"marker": {"pattern": {"fillmode": "overlay", "size": 10, "solidity": 0.2}}, "type": "histogram"}], "scattergl": [{"type": "scattergl", "marker": {"colorbar": {"outlinewidth": 0, "ticks": ""}}}], "scatter3d": [{"type": "scatter3d", "line": {"colorbar": {"outlinewidth": 0, "ticks": ""}}, "marker": {"colorbar": {"outlinewidth": 0, "ticks": ""}}}], "scattermapbox": [{"type": "scattermapbox", "marker": {"colorbar": {"outlinewidth": 0, "ticks": ""}}}], "scatterternary": [{"type": "scatterternary", "marker": {"colorbar": {"outlinewidth": 0, "ticks": ""}}}], "scattercarpet": [{"type": "scattercarpet", "marker": {"colorbar": {"outlinewidth": 0, "ticks": ""}}}], "carpet": [{"aaxis": {"endlinecolor": "#2a3f5f", "gridcolor": "white", "linecolor": "white", "minorgridcolor": "white", "startlinecolor": "#2a3f5f"}, "baxis": {"endlinecolor": "#2a3f5f", "gridcolor": "white", "linecolor": "white", "minorgridcolor": "white", "startlinecolor": "#2a3f5f"}, "type": "carpet"}], "table": [{"cells": {"fill": {"color": "#EBF0F8"}, "line": {"color": "white"}}, "header": {"fill": {"color": "#C8D4E3"}, "line": {"color": "white"}}, "type": "table"}], "barpolar": [{"marker": {"line": {"color": "#E5ECF6", "width": 0.5}, "pattern": {"fillmode": "overlay", "size": 10, "solidity": 0.2}}, "type": "barpolar"}], "pie": [{"automargin": true, "type": "pie"}]}, "layout": {"autotypenumbers": "strict", "colorway": ["#636efa", "#EF553B", "#00cc96", "#ab63fa", "#FFA15A", "#19d3f3", "#FF6692", "#B6E880", "#FF97FF", "#FECB52"], "font": {"color": "#2a3f5f"}, "hovermode": "closest", "hoverlabel": {"align": "left"}, "paper_bgcolor": "white", "plot_bgcolor": "#E5ECF6", "polar": {"bgcolor": "#E5ECF6", "angularaxis": {"gridcolor": "white", "linecolor": "white", "ticks": ""}, "radialaxis": {"gridcolor": "white", "linecolor": "white", "ticks": ""}}, "ternary": {"bgcolor": "#E5ECF6", "aaxis": {"gridcolor": "white", "linecolor": "white", "ticks": ""}, "baxis": {"gridcolor": "white", "linecolor": "white", "ticks": ""}, "caxis": {"gridcolor": "white", "linecolor": "white", "ticks": ""}}, "coloraxis": {"colorbar": {"outlinewidth": 0, "ticks": ""}}, "colorscale": {"sequential": [[0.0, "#0d0887"], [0.1111111111111111, "#46039f"], [0.2222222222222222, "#7201a8"], [0.3333333333333333, "#9c179e"], [0.4444444444444444, "#bd3786"], [0.5555555555555556, "#d8576b"], [0.6666666666666666, "#ed7953"], [0.7777777777777778, "#fb9f3a"], [0.8888888888888888, "#fdca26"], [1.0, "#f0f921"]], "sequentialminus": [[0.0, "#0d0887"], [0.1111111111111111, "#46039f"], [0.2222222222222222, "#7201a8"], [0.3333333333333333, "#9c179e"], [0.4444444444444444, "#bd3786"], [0.5555555555555556, "#d8576b"], [0.6666666666666666, "#ed7953"], [0.7777777777777778, "#fb9f3a"], [0.8888888888888888, "#fdca26"], [1.0, "#f0f921"]], "diverging": [[0, "#8e0152"], [0.1, "#c51b7d"], [0.2, "#de77ae"], [0.3, "#f1b6da"], [0.4, "#fde0ef"], [0.5, "#f7f7f7"], [0.6, "#e6f5d0"], [0.7, "#b8e186"], [0.8, "#7fbc41"], [0.9, "#4d9221"], [1, "#276419"]]}, "xaxis": {"gridcolor": "white", "linecolor": "white", "ticks": "", "title": {"standoff": 15}, "zerolinecolor": "white", "automargin": true, "zerolinewidth": 2}, "yaxis": {"gridcolor": "white", "linecolor": "white", "ticks": "", "title": {"standoff": 15}, "zerolinecolor": "white", "automargin": true, "zerolinewidth": 2}, "scene": {"xaxis": {"backgroundcolor": "#E5ECF6", "gridcolor": "white", "linecolor": "white", "showbackground": true, "ticks": "", "zerolinecolor": "white", "gridwidth": 2}, "yaxis": {"backgroundcolor": "#E5ECF6", "gridcolor": "white", "linecolor": "white", "showbackground": true, "ticks": "", "zerolinecolor": "white", "gridwidth": 2}, "zaxis": {"backgroundcolor": "#E5ECF6", "gridcolor": "white", "linecolor": "white", "showbackground": true, "ticks": "", "zerolinecolor": "white", "gridwidth": 2}}, "shapedefaults": {"line": {"color": "#2a3f5f"}}, "annotationdefaults": {"arrowcolor": "#2a3f5f", "arrowhead": 0, "arrowwidth": 1}, "geo": {"bgcolor": "white", "landcolor": "#E5ECF6", "subunitcolor": "white", "showland": true, "showlakes": true, "lakecolor": "white"}, "title": {"x": 0.05}, "mapbox": {"style": "light"}}}}}