{"data": [{"z": [[30.803489685058594, 4.823449611663818, -14.254637718200684, 1.5833183526992798, 5.607724666595459, 5.424127578735352, -1.6089513301849365, 1.0449626445770264, 3.652944564819336, -1.742197036743164, 6.528226375579834, -9.34133529663086, 0.9115622639656067, 2.2797975540161133, 5.205121994018555, -2.9526150226593018, 12.102188110351562, 2.477344036102295, -2.004047155380249, 2.347651958465576, 4.518956661224365], [4.823449611663818, 16.73343276977539, -2.119321823120117, 9.781720161437988, -2.4653916358947754, -1.4644966125488281, 0.1518263965845108, 3.5674428939819336, -1.5987190008163452, -1.496368169784546, 4.3158488273620605, -1.4954208135604858, -2.0665535926818848, 5.633453369140625, 0.34893807768821716, 2.343254804611206, -7.725502967834473, -0.2964320778846741, -2.9537880420684814, -3.0314536094665527, 4.866090774536133], [-14.254637718200684, -2.119321823120117, 33.870628356933594, 1.31366765499115, 1.202498435974121, -1.2201589345932007, -6.872593879699707, 2.783235788345337, -2.032052993774414, 2.5989296436309814, -8.749516487121582, -0.6716156601905823, 2.051831007003784, -3.879650115966797, 1.76103937625885, -1.1385419368743896, -0.7168252468109131, -4.797914505004883, 0.6786041259765625, 0.6094183921813965, -6.705892562866211], [1.5833183526992798, 9.781720161437988, 1.31366765499115, 22.459115982055664, -5.091322898864746, 2.6350531578063965, -0.5105911493301392, 2.7149441242218018, 2.01692533493042, -7.18563985824585, 5.553073406219482, -0.18730278313159943, -4.973566055297852, 7.108709335327148, -1.4036383628845215, 3.18882417678833, -1.7288780212402344, 0.09781372547149658, -1.3079289197921753, -2.92734956741333, 5.113193511962891], [5.607724666595459, -2.4653916358947754, 1.202498435974121, -5.091322898864746, 21.22311019897461, -1.6256651878356934, 1.2201746702194214, -0.47432756423950195, -1.4366395473480225, 1.6781286001205444, -0.4749475121498108, -3.7177703380584717, -5.569949626922607, 2.4260730743408203, 1.5248326063156128, -0.1254795789718628, 0.6829819679260254, -0.9357827305793762, 3.830888509750366, 0.8200373649597168, -2.947603940963745], [5.424127578735352, -1.4644966125488281, -1.2201589345932007, 2.6350531578063965, -1.6256651878356934, 34.763938903808594, -0.12058046460151672, 3.711034059524536, -7.471987724304199, -9.036396026611328, -0.04265237972140312, -3.30245041847229, -6.81766414642334, -5.93992805480957, -6.241089820861816, 4.846243858337402, 6.659081935882568, 1.0363506078720093, 0.1455230712890625, 0.28796815872192383, 11.941839218139648], [-1.6089513301849365, 0.1518263965845108, -6.872593879699707, -0.5105911493301392, 1.2201746702194214, -0.12058046460151672, 36.31382369995117, -4.188462734222412, 3.2986204624176025, 2.123926877975464, -0.4394535422325134, 1.3266795873641968, 4.748920917510986, -2.776400089263916, 4.106855869293213, 2.2505319118499756, -8.970067024230957, 5.1057448387146, 1.414423942565918, -1.468543291091919, 1.5630125999450684], [1.0449626445770264, 3.5674428939819336, 2.783235788345337, 2.7149441242218018, -0.47432756423950195, 3.711034059524536, -4.188462734222412, 13.168274879455566, 0.5644476413726807, 1.9618414640426636, -4.4636759757995605, 2.7883007526397705, -3.6310060024261475, 3.6538493633270264, -4.843448162078857, 0.6573188304901123, 0.4444699287414551, 4.857546806335449, 0.2367955446243286, 1.8225775957107544, 0.5221290588378906], [3.652944564819336, -1.5987190008163452, -2.032052993774414, 2.01692533493042, -1.4366395473480225, -7.471987724304199, 3.2986204624176025, 0.5644476413726807, 16.137113571166992, 9.989446640014648, 1.4983975887298584, -3.5233733654022217, 4.4158616065979, 7.834722518920898, -0.5564942955970764, -0.9064478874206543, -1.3151156902313232, -0.3179614543914795, 11.402843475341797, 2.9799365997314453, -9.017692565917969], [-1.742197036743164, -1.496368169784546, 2.5989296436309814, -7.18563985824585, 1.6781286001205444, -9.036396026611328, 2.123926877975464, 1.9618414640426636, 9.989446640014648, 26.560497283935547, 1.7264872789382935, -9.484857559204102, 6.053417682647705, 3.8858633041381836, 1.2520285844802856, 3.8939929008483887, -6.168149948120117, -2.2521677017211914, 10.828451156616211, 3.0310001373291016, -12.002584457397461], [6.528226375579834, 4.3158488273620605, -8.749516487121582, 5.553073406219482, -0.4749475121498108, -0.04265237972140312, -0.4394535422325134, -4.4636759757995605, 1.4983975887298584, 1.7264872789382935, 16.591764450073242, -3.560227632522583, 2.453799247741699, 3.666384696960449, 1.545310616493225, 5.557480812072754, 3.310112476348877, -2.3186824321746826, -0.1532154679298401, -1.7415387630462646, 3.8730242252349854], [-9.34133529663086, -1.4954208135604858, -0.6716156601905823, -0.18730278313159943, -3.7177703380584717, -3.30245041847229, 1.3266795873641968, 2.7883007526397705, -3.5233733654022217, -9.484857559204102, -3.560227632522583, 20.971595764160156, 4.838190078735352, 1.5708034038543701, -1.4216601848602295, -1.702049732208252, 1.6667208671569824, 5.253925323486328, -5.685873985290527, -0.25878000259399414, 8.797258377075195], [0.9115622639656067, -2.0665535926818848, 2.051831007003784, -4.973566055297852, -5.569949626922607, -6.81766414642334, 4.748920917510986, -3.6310060024261475, 4.4158616065979, 6.053417682647705, 2.453799247741699, 4.838190078735352, 18.83317756652832, 0.6232008337974548, 6.462759494781494, 1.3677119016647339, 0.42399492859840393, 0.5471036434173584, -4.343164443969727, -1.2036247253417969, 1.0681886672973633], [2.2797975540161133, 5.633453369140625, -3.879650115966797, 7.108709335327148, 2.4260730743408203, -5.93992805480957, -2.776400089263916, 3.6538493633270264, 7.834722518920898, 3.8858633041381836, 3.666384696960449, 1.5708034038543701, 0.6232008337974548, 28.357397079467773, -7.36086368560791, -2.299534559249878, -9.302729606628418, 5.608876705169678, 6.960861682891846, -4.649918556213379, 8.093416213989258], [5.205121994018555, 0.34893807768821716, 1.76103937625885, -1.4036383628845215, 1.5248326063156128, -6.241089820861816, 4.106855869293213, -4.843448162078857, -0.5564942955970764, 1.2520285844802856, 1.545310616493225, -1.4216601848602295, 6.462759494781494, -7.36086368560791, 20.589799880981445, -0.23431596159934998, 4.368448734283447, -6.6156158447265625, -6.846552848815918, -1.525926113128662, -2.6709132194519043], [-2.9526150226593018, 2.343254804611206, -1.1385419368743896, 3.18882417678833, -0.1254795789718628, 4.846243858337402, 2.2505319118499756, 0.6573188304901123, -0.9064478874206543, 3.8939929008483887, 5.557480812072754, -1.702049732208252, 1.3677119016647339, -2.299534559249878, -0.23431596159934998, 16.643566131591797, -2.2237789630889893, 0.968400239944458, -1.1139099597930908, -6.374063491821289, -0.4988119602203369], [12.102189064025879, -7.725503444671631, -0.716825544834137, -1.7288784980773926, 0.682981550693512, 6.65908145904541, -8.970064163208008, 0.4444694519042969, -1.3151158094406128, -6.168150424957275, 3.310112476348877, 1.666721224784851, 0.4239944815635681, -9.302729606628418, 4.3684492111206055, -2.2237792015075684, 29.80774688720703, 3.2129015922546387, -2.395071268081665, 8.077451705932617, 4.9352827072143555], [2.4773447513580322, -0.296432226896286, -4.797914505004883, 0.0978139191865921, -0.9357828497886658, 1.036350131034851, 5.105744361877441, 4.857546329498291, -0.3179613947868347, -2.2521674633026123, -2.3186821937561035, 5.253925800323486, 0.5471038818359375, 5.6088762283325195, -6.615614891052246, 0.9684003591537476, 3.2129015922546387, 21.13081169128418, 0.14913952350616455, -4.001204013824463, 1.6528880596160889], [-2.0040476322174072, -2.953787326812744, 0.6786043047904968, -1.3079285621643066, 3.830888509750366, 0.14552275836467743, 1.4144245386123657, 0.23679538071155548, 11.40284252166748, 10.828451156616211, -0.1532156765460968, -5.685873508453369, -4.343164920806885, 6.960862636566162, -6.846553802490234, -1.1139105558395386, -2.395071268081665, 0.14913952350616455, 25.179603576660156, 6.740772724151611, -6.248786926269531], [2.347651958465576, -3.031454086303711, 0.6094186902046204, -2.927349328994751, 0.8200374841690063, 0.28796863555908203, -1.4685426950454712, 1.8225775957107544, 2.979936361312866, 3.0310001373291016, -1.7415385246276855, -0.2587800621986389, -1.2036243677139282, -4.649918079376221, -1.5259264707565308, -6.374063968658447, 8.077451705932617, -4.001204013824463, 6.740772724151611, 21.541112899780273, -0.3552292585372925], [4.518956184387207, 4.866091251373291, -6.705893039703369, 5.113193511962891, -2.9476046562194824, 11.941839218139648, 1.5630128383636475, 0.5221290588378906, -9.017692565917969, -12.002584457397461, 3.873023748397827, 8.797258377075195, 1.0681885480880737, 8.093416213989258, -2.6709134578704834, -0.49881184101104736, 4.9352827072143555, 1.6528887748718262, -6.248786926269531, -0.3552290201187134, 35.397216796875]], "type": "heatmap"}], "layout": {"template": {"data": {"histogram2dcontour": [{"type": "histogram2dcontour", "colorbar": {"outlinewidth": 0, "ticks": ""}, "colorscale": [[0.0, "#0d0887"], [0.1111111111111111, "#46039f"], [0.2222222222222222, "#7201a8"], [0.3333333333333333, "#9c179e"], [0.4444444444444444, "#bd3786"], [0.5555555555555556, "#d8576b"], [0.6666666666666666, "#ed7953"], [0.7777777777777778, "#fb9f3a"], [0.8888888888888888, "#fdca26"], [1.0, "#f0f921"]]}], "choropleth": [{"type": "choropleth", "colorbar": {"outlinewidth": 0, "ticks": ""}}], "histogram2d": [{"type": "histogram2d", "colorbar": {"outlinewidth": 0, "ticks": ""}, "colorscale": [[0.0, "#0d0887"], [0.1111111111111111, "#46039f"], [0.2222222222222222, "#7201a8"], [0.3333333333333333, "#9c179e"], [0.4444444444444444, "#bd3786"], [0.5555555555555556, "#d8576b"], [0.6666666666666666, "#ed7953"], [0.7777777777777778, "#fb9f3a"], [0.8888888888888888, "#fdca26"], [1.0, "#f0f921"]]}], "heatmap": [{"type": "heatmap", "colorbar": {"outlinewidth": 0, "ticks": ""}, "colorscale": [[0.0, "#0d0887"], [0.1111111111111111, "#46039f"], [0.2222222222222222, "#7201a8"], [0.3333333333333333, "#9c179e"], [0.4444444444444444, "#bd3786"], [0.5555555555555556, "#d8576b"], [0.6666666666666666, "#ed7953"], [0.7777777777777778, "#fb9f3a"], [0.8888888888888888, "#fdca26"], [1.0, "#f0f921"]]}], "heatmapgl": [{"type": "heatmapgl", "colorbar": {"outlinewidth": 0, "ticks": ""}, "colorscale": [[0.0, "#0d0887"], [0.1111111111111111, "#46039f"], [0.2222222222222222, "#7201a8"], [0.3333333333333333, "#9c179e"], [0.4444444444444444, "#bd3786"], [0.5555555555555556, "#d8576b"], [0.6666666666666666, "#ed7953"], [0.7777777777777778, "#fb9f3a"], [0.8888888888888888, "#fdca26"], [1.0, "#f0f921"]]}], "contourcarpet": [{"type": "contourcarpet", "colorbar": {"outlinewidth": 0, "ticks": ""}}], "contour": [{"type": "contour", "colorbar": {"outlinewidth": 0, "ticks": ""}, "colorscale": [[0.0, "#0d0887"], [0.1111111111111111, "#46039f"], [0.2222222222222222, "#7201a8"], [0.3333333333333333, "#9c179e"], [0.4444444444444444, "#bd3786"], [0.5555555555555556, "#d8576b"], [0.6666666666666666, "#ed7953"], [0.7777777777777778, "#fb9f3a"], [0.8888888888888888, "#fdca26"], [1.0, "#f0f921"]]}], "surface": [{"type": "surface", "colorbar": {"outlinewidth": 0, "ticks": ""}, "colorscale": [[0.0, "#0d0887"], [0.1111111111111111, "#46039f"], [0.2222222222222222, "#7201a8"], [0.3333333333333333, "#9c179e"], [0.4444444444444444, "#bd3786"], [0.5555555555555556, "#d8576b"], [0.6666666666666666, "#ed7953"], [0.7777777777777778, "#fb9f3a"], [0.8888888888888888, "#fdca26"], [1.0, "#f0f921"]]}], "mesh3d": [{"type": "mesh3d", "colorbar": {"outlinewidth": 0, "ticks": ""}}], "scatter": [{"fillpattern": {"fillmode": "overlay", "size": 10, "solidity": 0.2}, "type": "scatter"}], "parcoords": [{"type": "parcoords", "line": {"colorbar": {"outlinewidth": 0, "ticks": ""}}}], "scatterpolargl": [{"type": "scatterpolargl", "marker": {"colorbar": {"outlinewidth": 0, "ticks": ""}}}], "bar": [{"error_x": {"color": "#2a3f5f"}, "error_y": {"color": "#2a3f5f"}, "marker": {"line": {"color": "#E5ECF6", "width": 0.5}, "pattern": {"fillmode": "overlay", "size": 10, "solidity": 0.2}}, "type": "bar"}], "scattergeo": [{"type": "scattergeo", "marker": {"colorbar": {"outlinewidth": 0, "ticks": ""}}}], "scatterpolar": [{"type": "scatterpolar", "marker": {"colorbar": {"outlinewidth": 0, "ticks": ""}}}], "histogram": [{"marker": {"pattern": {"fillmode": "overlay", "size": 10, "solidity": 0.2}}, "type": "histogram"}], "scattergl": [{"type": "scattergl", "marker": {"colorbar": {"outlinewidth": 0, "ticks": ""}}}], "scatter3d": [{"type": "scatter3d", "line": {"colorbar": {"outlinewidth": 0, "ticks": ""}}, "marker": {"colorbar": {"outlinewidth": 0, "ticks": ""}}}], "scattermapbox": [{"type": "scattermapbox", "marker": {"colorbar": {"outlinewidth": 0, "ticks": ""}}}], "scatterternary": [{"type": "scatterternary", "marker": {"colorbar": {"outlinewidth": 0, "ticks": ""}}}], "scattercarpet": [{"type": "scattercarpet", "marker": {"colorbar": {"outlinewidth": 0, "ticks": ""}}}], "carpet": [{"aaxis": {"endlinecolor": "#2a3f5f", "gridcolor": "white", "linecolor": "white", "minorgridcolor": "white", "startlinecolor": "#2a3f5f"}, "baxis": {"endlinecolor": "#2a3f5f", "gridcolor": "white", "linecolor": "white", "minorgridcolor": "white", "startlinecolor": "#2a3f5f"}, "type": "carpet"}], "table": [{"cells": {"fill": {"color": "#EBF0F8"}, "line": {"color": "white"}}, "header": {"fill": {"color": "#C8D4E3"}, "line": {"color": "white"}}, "type": "table"}], "barpolar": [{"marker": {"line": {"color": "#E5ECF6", "width": 0.5}, "pattern": {"fillmode": "overlay", "size": 10, "solidity": 0.2}}, "type": "barpolar"}], "pie": [{"automargin": true, "type": "pie"}]}, "layout": {"autotypenumbers": "strict", "colorway": ["#636efa", "#EF553B", "#00cc96", "#ab63fa", "#FFA15A", "#19d3f3", "#FF6692", "#B6E880", "#FF97FF", "#FECB52"], "font": {"color": "#2a3f5f"}, "hovermode": "closest", "hoverlabel": {"align": "left"}, "paper_bgcolor": "white", "plot_bgcolor": "#E5ECF6", "polar": {"bgcolor": "#E5ECF6", "angularaxis": {"gridcolor": "white", "linecolor": "white", "ticks": ""}, "radialaxis": {"gridcolor": "white", "linecolor": "white", "ticks": ""}}, "ternary": {"bgcolor": "#E5ECF6", "aaxis": {"gridcolor": "white", "linecolor": "white", "ticks": ""}, "baxis": {"gridcolor": "white", "linecolor": "white", "ticks": ""}, "caxis": {"gridcolor": "white", "linecolor": "white", "ticks": ""}}, "coloraxis": {"colorbar": {"outlinewidth": 0, "ticks": ""}}, "colorscale": {"sequential": [[0.0, "#0d0887"], [0.1111111111111111, "#46039f"], [0.2222222222222222, "#7201a8"], [0.3333333333333333, "#9c179e"], [0.4444444444444444, "#bd3786"], [0.5555555555555556, "#d8576b"], [0.6666666666666666, "#ed7953"], [0.7777777777777778, "#fb9f3a"], [0.8888888888888888, "#fdca26"], [1.0, "#f0f921"]], "sequentialminus": [[0.0, "#0d0887"], [0.1111111111111111, "#46039f"], [0.2222222222222222, "#7201a8"], [0.3333333333333333, "#9c179e"], [0.4444444444444444, "#bd3786"], [0.5555555555555556, "#d8576b"], [0.6666666666666666, "#ed7953"], [0.7777777777777778, "#fb9f3a"], [0.8888888888888888, "#fdca26"], [1.0, "#f0f921"]], "diverging": [[0, "#8e0152"], [0.1, "#c51b7d"], [0.2, "#de77ae"], [0.3, "#f1b6da"], [0.4, "#fde0ef"], [0.5, "#f7f7f7"], [0.6, "#e6f5d0"], [0.7, "#b8e186"], [0.8, "#7fbc41"], [0.9, "#4d9221"], [1, "#276419"]]}, "xaxis": {"gridcolor": "white", "linecolor": "white", "ticks": "", "title": {"standoff": 15}, "zerolinecolor": "white", "automargin": true, "zerolinewidth": 2}, "yaxis": {"gridcolor": "white", "linecolor": "white", "ticks": "", "title": {"standoff": 15}, "zerolinecolor": "white", "automargin": true, "zerolinewidth": 2}, "scene": {"xaxis": {"backgroundcolor": "#E5ECF6", "gridcolor": "white", "linecolor": "white", "showbackground": true, "ticks": "", "zerolinecolor": "white", "gridwidth": 2}, "yaxis": {"backgroundcolor": "#E5ECF6", "gridcolor": "white", "linecolor": "white", "showbackground": true, "ticks": "", "zerolinecolor": "white", "gridwidth": 2}, "zaxis": {"backgroundcolor": "#E5ECF6", "gridcolor": "white", "linecolor": "white", "showbackground": true, "ticks": "", "zerolinecolor": "white", "gridwidth": 2}}, "shapedefaults": {"line": {"color": "#2a3f5f"}}, "annotationdefaults": {"arrowcolor": "#2a3f5f", "arrowhead": 0, "arrowwidth": 1}, "geo": {"bgcolor": "white", "landcolor": "#E5ECF6", "subunitcolor": "white", "showland": true, "showlakes": true, "lakecolor": "white"}, "title": {"x": 0.05}, "mapbox": {"style": "light"}}}}}