{"data": [{"z": [[31.576889038085938, 4.757793426513672, -14.45781421661377, 1.7812037467956543, 5.719150066375732, 5.786316871643066, -1.4275683164596558, 1.0252666473388672, 3.5278053283691406, -2.0754027366638184, 6.747705459594727, -9.616944313049316, 0.9939002990722656, 2.2870945930480957, 5.397691249847412, -2.808581829071045, 12.823699951171875, 2.2598953247070312, -1.8457942008972168, 2.367943525314331, 4.591986179351807], [4.757793426513672, 17.077199935913086, -2.5424740314483643, 9.98464584350586, -3.095376491546631, -1.7311270236968994, 0.3330954313278198, 3.4685981273651123, -1.8176422119140625, -1.8546507358551025, 4.2570109367370605, -1.5762050151824951, -2.233285903930664, 5.592787265777588, 0.013993263244628906, 2.2004966735839844, -8.120849609375, -0.4694153666496277, -3.1537961959838867, -3.1983160972595215, 4.977514266967773], [-14.45781421661377, -2.5424740314483643, 34.864044189453125, 1.2517189979553223, 1.1026597023010254, -1.3578368425369263, -6.662764549255371, 2.7519006729125977, -2.275353193283081, 2.8974053859710693, -9.298942565917969, -0.9234022498130798, 2.169121265411377, -3.8597159385681152, 1.660140872001648, -0.9656751155853271, -0.6438620090484619, -5.182529926300049, 0.8899235725402832, 0.4157658815383911, -6.77444314956665], [1.7812037467956543, 9.98464584350586, 1.2517189979553223, 23.122074127197266, -5.591643333435059, 2.6839303970336914, -0.12185972183942795, 2.9340250492095947, 2.044480800628662, -7.735017776489258, 5.456872940063477, -0.05039173364639282, -5.094710826873779, 7.3939337730407715, -1.7124428749084473, 3.1933586597442627, -1.43575918674469, 0.1127779483795166, -1.1639842987060547, -2.957442283630371, 5.169861793518066], [5.719150066375732, -3.095376491546631, 1.1026597023010254, -5.591643333435059, 21.262971878051758, -2.0277788639068604, 1.2670402526855469, -1.0553805828094482, -2.0895636081695557, 1.5823376178741455, -0.8513249158859253, -4.317348480224609, -5.828909397125244, 2.0490806102752686, 1.4347187280654907, -0.3943151533603668, 0.6964855194091797, -1.6246616840362549, 3.784618377685547, 0.4771909713745117, -3.0702731609344482], [5.786316871643066, -1.7311270236968994, -1.3578368425369263, 2.6839303970336914, -2.0277788639068604, 35.86102294921875, -0.31277716159820557, 3.6187164783477783, -8.470972061157227, -9.769092559814453, -0.056882698088884354, -3.9683094024658203, -7.432785511016846, -6.325961589813232, -6.726966857910156, 5.009390830993652, 7.016106605529785, 0.29193317890167236, 0.06905317306518555, -0.12125968933105469, 12.056836128234863], [-1.4275683164596558, 0.3330954313278198, -6.662764549255371, -0.12185972183942795, 1.2670402526855469, -0.31277716159820557, 37.52709197998047, -4.0491414070129395, 3.7630627155303955, 2.2515499591827393, -0.6479201316833496, 1.6619514226913452, 5.2418670654296875, -2.755974531173706, 4.344854354858398, 2.575556755065918, -9.00949478149414, 5.470890998840332, 1.5596625804901123, -1.483520269393921, 1.5691461563110352], [1.0252666473388672, 3.4685981273651123, 2.7519006729125977, 2.9340250492095947, -1.0553805828094482, 3.6187164783477783, -4.0491414070129395, 13.393272399902344, 0.12491454184055328, 1.734961748123169, -4.844696998596191, 2.8520233631134033, -3.888874053955078, 3.940424680709839, -5.427974700927734, 0.504452645778656, 0.5815634727478027, 4.702948570251465, 0.36240142583847046, 1.7239313125610352, 0.5809189081192017], [3.5278053283691406, -1.8176422119140625, -2.275353193283081, 2.044480800628662, -2.0895636081695557, -8.470972061157227, 3.7630627155303955, 0.12491454184055328, 16.463462829589844, 10.01595687866211, 1.138948678970337, -3.8327102661132812, 4.4578351974487305, 7.517910003662109, -0.7125996351242065, -1.536439061164856, -1.6960722208023071, -0.675348162651062, 11.456295013427734, 2.9796202182769775, -9.204136848449707], [-2.0754027366638184, -1.8546507358551025, 2.8974053859710693, -7.735017776489258, 1.5823376178741455, -9.769092559814453, 2.2515499591827393, 1.734961748123169, 10.01595687866211, 27.504287719726562, 1.5420140027999878, -9.89407730102539, 6.245034694671631, 3.8888015747070312, 1.1990400552749634, 3.852473735809326, -6.599054336547852, -2.6883065700531006, 11.074084281921387, 3.013327121734619, -12.350983619689941], [6.747705459594727, 4.2570109367370605, -9.298942565917969, 5.456872940063477, -0.8513249158859253, -0.056882698088884354, -0.6479201316833496, -4.844696998596191, 1.138948678970337, 1.5420140027999878, 16.857118606567383, -4.013493537902832, 2.215686798095703, 3.4600939750671387, 1.416141390800476, 5.473155975341797, 3.384780168533325, -2.8353641033172607, -0.19480246305465698, -2.000070571899414, 3.9226040840148926], [-9.616944313049316, -1.5762050151824951, -0.9234022498130798, -0.05039173364639282, -4.317348480224609, -3.9683094024658203, 1.6619514226913452, 2.8520233631134033, -3.8327102661132812, -9.89407730102539, -4.013493537902832, 21.659339904785156, 4.905899524688721, 1.8869436979293823, -1.7944848537445068, -1.8853636980056763, 1.4643120765686035, 5.419941425323486, -5.793476581573486, -0.4982398748397827, 8.85328483581543], [0.9939002990722656, -2.233285903930664, 2.169121265411377, -5.094710826873779, -5.828909397125244, -7.432785511016846, 5.2418670654296875, -3.888874053955078, 4.4578351974487305, 6.245034694671631, 2.215686798095703, 4.905899524688721, 19.31471061706543, 0.6107035279273987, 6.701334476470947, 1.3431183099746704, 0.32689985632896423, 0.48360538482666016, -4.37285041809082, -1.4612399339675903, 0.9947022199630737], [2.2870945930480957, 5.592787265777588, -3.8597159385681152, 7.3939337730407715, 2.0490806102752686, -6.325961589813232, -2.755974531173706, 3.940424680709839, 7.517910003662109, 3.8888015747070312, 3.4600939750671387, 1.8869436979293823, 0.6107035279273987, 29.466304779052734, -7.957112789154053, -2.1051957607269287, -9.061697006225586, 5.575658798217773, 7.602919578552246, -4.994364261627197, 8.227876663208008], [5.397691249847412, 0.013993263244628906, 1.660140872001648, -1.7124428749084473, 1.4347187280654907, -6.726966857910156, 4.344854354858398, -5.427974700927734, -0.7125996351242065, 1.1990400552749634, 1.416141390800476, -1.7944848537445068, 6.701334476470947, -7.957112789154053, 21.006420135498047, -0.529977560043335, 4.366934776306152, -7.092466354370117, -7.14009428024292, -1.7199816703796387, -2.773148775100708], [-2.808581829071045, 2.2004966735839844, -0.9656751155853271, 3.1933586597442627, -0.3943151533603668, 5.009390830993652, 2.575556755065918, 0.504452645778656, -1.536439061164856, 3.852473735809326, 5.473155975341797, -1.8853636980056763, 1.3431183099746704, -2.1051957607269287, -0.529977560043335, 17.182994842529297, -2.1087210178375244, 0.5347648859024048, -1.025052547454834, -7.096427917480469, -0.38802313804626465], [12.823700904846191, -8.120849609375, -0.6438626050949097, -1.4357596635818481, 0.696485698223114, 7.016106128692627, -9.00949478149414, 0.581563413143158, -1.6960715055465698, -6.599053859710693, 3.384780168533325, 1.4643126726150513, 0.32689952850341797, -9.061697959899902, 4.366933345794678, -2.108720541000366, 30.99800682067871, 2.830881118774414, -2.141279935836792, 8.14815902709961, 5.083395957946777], [2.259895086288452, -0.469415545463562, -5.182529449462891, 0.11277823150157928, -1.6246614456176758, 0.2919328212738037, 5.470890998840332, 4.702948570251465, -0.6753484606742859, -2.6883063316345215, -2.8353641033172607, 5.419940948486328, 0.48360568284988403, 5.575658321380615, -7.092464923858643, 0.5347651243209839, 2.830881118774414, 21.192859649658203, 0.023790717124938965, -4.499994277954102, 1.6379578113555908], [-1.845794677734375, -3.153796434402466, 0.8899233341217041, -1.1639844179153442, 3.784618377685547, 0.06905335932970047, 1.5596632957458496, 0.36240115761756897, 11.45629596710205, 11.074084281921387, -0.19480276107788086, -5.793476581573486, -4.372849464416504, 7.602919578552246, -7.140093803405762, -1.0250519514083862, -2.141279935836792, 0.023790717124938965, 25.905193328857422, 6.828742980957031, -6.37890625], [2.36794376373291, -3.1983163356781006, 0.41576606035232544, -2.957442283630371, 0.47719088196754456, -0.12125961482524872, -1.4835201501846313, 1.7239311933517456, 2.9796204566955566, 3.013327121734619, -2.000070333480835, -0.4982399344444275, -1.4612404108047485, -4.994365215301514, -1.7199817895889282, -7.096427917480469, 8.14815902709961, -4.499994277954102, 6.828742980957031, 22.14111328125, -0.41801583766937256], [4.591985702514648, 4.977514266967773, -6.774443626403809, 5.169861316680908, -3.070272922515869, 12.05683708190918, 1.5691472291946411, 0.5809184908866882, -9.204136848449707, -12.350984573364258, 3.9226036071777344, 8.85328483581543, 0.9947024583816528, 8.227877616882324, -2.773148775100708, -0.38802361488342285, 5.083396911621094, 1.6379575729370117, -6.378905296325684, -0.418015718460083, 35.397216796875]], "type": "heatmap"}], "layout": {"template": {"data": {"histogram2dcontour": [{"type": "histogram2dcontour", "colorbar": {"outlinewidth": 0, "ticks": ""}, "colorscale": [[0.0, "#0d0887"], [0.1111111111111111, "#46039f"], [0.2222222222222222, "#7201a8"], [0.3333333333333333, "#9c179e"], [0.4444444444444444, "#bd3786"], [0.5555555555555556, "#d8576b"], [0.6666666666666666, "#ed7953"], [0.7777777777777778, "#fb9f3a"], [0.8888888888888888, "#fdca26"], [1.0, "#f0f921"]]}], "choropleth": [{"type": "choropleth", "colorbar": {"outlinewidth": 0, "ticks": ""}}], "histogram2d": [{"type": "histogram2d", "colorbar": {"outlinewidth": 0, "ticks": ""}, "colorscale": [[0.0, "#0d0887"], [0.1111111111111111, "#46039f"], [0.2222222222222222, "#7201a8"], [0.3333333333333333, "#9c179e"], [0.4444444444444444, "#bd3786"], [0.5555555555555556, "#d8576b"], [0.6666666666666666, "#ed7953"], [0.7777777777777778, "#fb9f3a"], [0.8888888888888888, "#fdca26"], [1.0, "#f0f921"]]}], "heatmap": [{"type": "heatmap", "colorbar": {"outlinewidth": 0, "ticks": ""}, "colorscale": [[0.0, "#0d0887"], [0.1111111111111111, "#46039f"], [0.2222222222222222, "#7201a8"], [0.3333333333333333, "#9c179e"], [0.4444444444444444, "#bd3786"], [0.5555555555555556, "#d8576b"], [0.6666666666666666, "#ed7953"], [0.7777777777777778, "#fb9f3a"], [0.8888888888888888, "#fdca26"], [1.0, "#f0f921"]]}], "heatmapgl": [{"type": "heatmapgl", "colorbar": {"outlinewidth": 0, "ticks": ""}, "colorscale": [[0.0, "#0d0887"], [0.1111111111111111, "#46039f"], [0.2222222222222222, "#7201a8"], [0.3333333333333333, "#9c179e"], [0.4444444444444444, "#bd3786"], [0.5555555555555556, "#d8576b"], [0.6666666666666666, "#ed7953"], [0.7777777777777778, "#fb9f3a"], [0.8888888888888888, "#fdca26"], [1.0, "#f0f921"]]}], "contourcarpet": [{"type": "contourcarpet", "colorbar": {"outlinewidth": 0, "ticks": ""}}], "contour": [{"type": "contour", "colorbar": {"outlinewidth": 0, "ticks": ""}, "colorscale": [[0.0, "#0d0887"], [0.1111111111111111, "#46039f"], [0.2222222222222222, "#7201a8"], [0.3333333333333333, "#9c179e"], [0.4444444444444444, "#bd3786"], [0.5555555555555556, "#d8576b"], [0.6666666666666666, "#ed7953"], [0.7777777777777778, "#fb9f3a"], [0.8888888888888888, "#fdca26"], [1.0, "#f0f921"]]}], "surface": [{"type": "surface", "colorbar": {"outlinewidth": 0, "ticks": ""}, "colorscale": [[0.0, "#0d0887"], [0.1111111111111111, "#46039f"], [0.2222222222222222, "#7201a8"], [0.3333333333333333, "#9c179e"], [0.4444444444444444, "#bd3786"], [0.5555555555555556, "#d8576b"], [0.6666666666666666, "#ed7953"], [0.7777777777777778, "#fb9f3a"], [0.8888888888888888, "#fdca26"], [1.0, "#f0f921"]]}], "mesh3d": [{"type": "mesh3d", "colorbar": {"outlinewidth": 0, "ticks": ""}}], "scatter": [{"fillpattern": {"fillmode": "overlay", "size": 10, "solidity": 0.2}, "type": "scatter"}], "parcoords": [{"type": "parcoords", "line": {"colorbar": {"outlinewidth": 0, "ticks": ""}}}], "scatterpolargl": [{"type": "scatterpolargl", "marker": {"colorbar": {"outlinewidth": 0, "ticks": ""}}}], "bar": [{"error_x": {"color": "#2a3f5f"}, "error_y": {"color": "#2a3f5f"}, "marker": {"line": {"color": "#E5ECF6", "width": 0.5}, "pattern": {"fillmode": "overlay", "size": 10, "solidity": 0.2}}, "type": "bar"}], "scattergeo": [{"type": "scattergeo", "marker": {"colorbar": {"outlinewidth": 0, "ticks": ""}}}], "scatterpolar": [{"type": "scatterpolar", "marker": {"colorbar": {"outlinewidth": 0, "ticks": ""}}}], "histogram": [{"marker": {"pattern": {"fillmode": "overlay", "size": 10, "solidity": 0.2}}, "type": "histogram"}], "scattergl": [{"type": "scattergl", "marker": {"colorbar": {"outlinewidth": 0, "ticks": ""}}}], "scatter3d": [{"type": "scatter3d", "line": {"colorbar": {"outlinewidth": 0, "ticks": ""}}, "marker": {"colorbar": {"outlinewidth": 0, "ticks": ""}}}], "scattermapbox": [{"type": "scattermapbox", "marker": {"colorbar": {"outlinewidth": 0, "ticks": ""}}}], "scatterternary": [{"type": "scatterternary", "marker": {"colorbar": {"outlinewidth": 0, "ticks": ""}}}], "scattercarpet": [{"type": "scattercarpet", "marker": {"colorbar": {"outlinewidth": 0, "ticks": ""}}}], "carpet": [{"aaxis": {"endlinecolor": "#2a3f5f", "gridcolor": "white", "linecolor": "white", "minorgridcolor": "white", "startlinecolor": "#2a3f5f"}, "baxis": {"endlinecolor": "#2a3f5f", "gridcolor": "white", "linecolor": "white", "minorgridcolor": "white", "startlinecolor": "#2a3f5f"}, "type": "carpet"}], "table": [{"cells": {"fill": {"color": "#EBF0F8"}, "line": {"color": "white"}}, "header": {"fill": {"color": "#C8D4E3"}, "line": {"color": "white"}}, "type": "table"}], "barpolar": [{"marker": {"line": {"color": "#E5ECF6", "width": 0.5}, "pattern": {"fillmode": "overlay", "size": 10, "solidity": 0.2}}, "type": "barpolar"}], "pie": [{"automargin": true, "type": "pie"}]}, "layout": {"autotypenumbers": "strict", "colorway": ["#636efa", "#EF553B", "#00cc96", "#ab63fa", "#FFA15A", "#19d3f3", "#FF6692", "#B6E880", "#FF97FF", "#FECB52"], "font": {"color": "#2a3f5f"}, "hovermode": "closest", "hoverlabel": {"align": "left"}, "paper_bgcolor": "white", "plot_bgcolor": "#E5ECF6", "polar": {"bgcolor": "#E5ECF6", "angularaxis": {"gridcolor": "white", "linecolor": "white", "ticks": ""}, "radialaxis": {"gridcolor": "white", "linecolor": "white", "ticks": ""}}, "ternary": {"bgcolor": "#E5ECF6", "aaxis": {"gridcolor": "white", "linecolor": "white", "ticks": ""}, "baxis": {"gridcolor": "white", "linecolor": "white", "ticks": ""}, "caxis": {"gridcolor": "white", "linecolor": "white", "ticks": ""}}, "coloraxis": {"colorbar": {"outlinewidth": 0, "ticks": ""}}, "colorscale": {"sequential": [[0.0, "#0d0887"], [0.1111111111111111, "#46039f"], [0.2222222222222222, "#7201a8"], [0.3333333333333333, "#9c179e"], [0.4444444444444444, "#bd3786"], [0.5555555555555556, "#d8576b"], [0.6666666666666666, "#ed7953"], [0.7777777777777778, "#fb9f3a"], [0.8888888888888888, "#fdca26"], [1.0, "#f0f921"]], "sequentialminus": [[0.0, "#0d0887"], [0.1111111111111111, "#46039f"], [0.2222222222222222, "#7201a8"], [0.3333333333333333, "#9c179e"], [0.4444444444444444, "#bd3786"], [0.5555555555555556, "#d8576b"], [0.6666666666666666, "#ed7953"], [0.7777777777777778, "#fb9f3a"], [0.8888888888888888, "#fdca26"], [1.0, "#f0f921"]], "diverging": [[0, "#8e0152"], [0.1, "#c51b7d"], [0.2, "#de77ae"], [0.3, "#f1b6da"], [0.4, "#fde0ef"], [0.5, "#f7f7f7"], [0.6, "#e6f5d0"], [0.7, "#b8e186"], [0.8, "#7fbc41"], [0.9, "#4d9221"], [1, "#276419"]]}, "xaxis": {"gridcolor": "white", "linecolor": "white", "ticks": "", "title": {"standoff": 15}, "zerolinecolor": "white", "automargin": true, "zerolinewidth": 2}, "yaxis": {"gridcolor": "white", "linecolor": "white", "ticks": "", "title": {"standoff": 15}, "zerolinecolor": "white", "automargin": true, "zerolinewidth": 2}, "scene": {"xaxis": {"backgroundcolor": "#E5ECF6", "gridcolor": "white", "linecolor": "white", "showbackground": true, "ticks": "", "zerolinecolor": "white", "gridwidth": 2}, "yaxis": {"backgroundcolor": "#E5ECF6", "gridcolor": "white", "linecolor": "white", "showbackground": true, "ticks": "", "zerolinecolor": "white", "gridwidth": 2}, "zaxis": {"backgroundcolor": "#E5ECF6", "gridcolor": "white", "linecolor": "white", "showbackground": true, "ticks": "", "zerolinecolor": "white", "gridwidth": 2}}, "shapedefaults": {"line": {"color": "#2a3f5f"}}, "annotationdefaults": {"arrowcolor": "#2a3f5f", "arrowhead": 0, "arrowwidth": 1}, "geo": {"bgcolor": "white", "landcolor": "#E5ECF6", "subunitcolor": "white", "showland": true, "showlakes": true, "lakecolor": "white"}, "title": {"x": 0.05}, "mapbox": {"style": "light"}}}}}