{"data": [{"z": [[30.676422119140625, 4.827221870422363, -14.187691688537598, 1.549052119255066, 5.593616962432861, 5.354110240936279, -1.6027923822402954, 1.0423554182052612, 3.636409044265747, -1.6410014629364014, 6.461791515350342, -9.273537635803223, 0.8946147561073303, 2.3245561122894287, 5.135585784912109, -2.950984239578247, 12.016324996948242, 2.4828453063964844, -2.003633975982666, 2.3405628204345703, 4.510336399078369], [4.827221870422363, 16.546472549438477, -2.0775022506713867, 9.719402313232422, -2.414092779159546, -1.4408345222473145, 0.14216561615467072, 3.5534348487854004, -1.5749340057373047, -1.4633991718292236, 4.233640193939209, -1.5034736394882202, -2.0586297512054443, 5.576562881469727, 0.3437487781047821, 2.3140807151794434, -7.6696672439575195, -0.32302430272102356, -2.931804656982422, -3.0754785537719727, 4.8154449462890625], [-14.187691688537598, -2.0775022506713867, 33.638702392578125, 1.294280767440796, 1.2034692764282227, -1.2220567464828491, -6.908608436584473, 2.7400691509246826, -2.0371010303497314, 2.5880343914031982, -8.650130271911621, -0.6658170223236084, 2.001387357711792, -3.888254165649414, 1.7778266668319702, -1.201610803604126, -0.7582902908325195, -4.772468090057373, 0.6476459503173828, 0.6261247396469116, -6.720378875732422], [1.549052119255066, 9.719402313232422, 1.294280767440796, 22.345861434936523, -5.007483005523682, 2.636740207672119, -0.579808235168457, 2.713385820388794, 1.9217098951339722, -7.0930495262146, 5.5540595054626465, -0.22038978338241577, -4.9294023513793945, 7.047919750213623, -1.369446873664856, 3.175276041030884, -1.7354707717895508, 0.06292355060577393, -1.314122200012207, -2.95369815826416, 5.126919746398926], [5.593616962432861, -2.414092779159546, 1.2034692764282227, -5.007483005523682, 21.07794189453125, -1.6339653730392456, 1.2384260892868042, -0.44692522287368774, -1.4165698289871216, 1.7114559412002563, -0.4857997000217438, -3.6727678775787354, -5.551024913787842, 2.428133726119995, 1.4657717943191528, -0.13409946858882904, 0.6404914855957031, -0.9551915526390076, 3.812375783920288, 0.8220968246459961, -2.9151272773742676], [5.354110240936279, -1.4408345222473145, -1.2220567464828491, 2.636740207672119, -1.6339653730392456, 34.473365783691406, -0.08283805847167969, 3.69118595123291, -7.395140171051025, -8.973007202148438, -0.11699750274419785, -3.279794216156006, -6.706721782684326, -5.89313268661499, -6.24398946762085, 4.737586498260498, 6.60505485534668, 1.0931720733642578, 0.15213513374328613, 0.32269859313964844, 11.900425910949707], [-1.6027923822402954, 0.14216561615467072, -6.908608436584473, -0.579808235168457, 1.2384260892868042, -0.08283805847167969, 36.06073760986328, -4.1845221519470215, 3.22967267036438, 2.1143746376037598, -0.388456791639328, 1.2942290306091309, 4.7091217041015625, -2.708228588104248, 4.085987091064453, 2.218095541000366, -8.905704498291016, 5.079389572143555, 1.397887945175171, -1.435452938079834, 1.5580716133117676], [1.0423554182052612, 3.5534348487854004, 2.7400691509246826, 2.713385820388794, -0.44692522287368774, 3.69118595123291, -4.1845221519470215, 13.095938682556152, 0.5251620411872864, 1.9786025285720825, -4.45434045791626, 2.7257792949676514, -3.586775064468384, 3.573176145553589, -4.8034796714782715, 0.6451378464698792, 0.44638967514038086, 4.800536155700684, 0.25279247760772705, 1.796349048614502, 0.5289247035980225], [3.636409044265747, -1.5749340057373047, -2.0371010303497314, 1.9217098951339722, -1.4165698289871216, -7.395140171051025, 3.22967267036438, 0.5251620411872864, 16.015348434448242, 10.024738311767578, 1.5395753383636475, -3.574479818344116, 4.366091251373291, 7.799148082733154, -0.555824875831604, -0.8911954164505005, -1.347336769104004, -0.3402292728424072, 11.333036422729492, 2.949625015258789, -8.973398208618164], [-1.6410014629364014, -1.4633991718292236, 2.5880343914031982, -7.0930495262146, 1.7114559412002563, -8.973007202148438, 2.1143746376037598, 1.9786025285720825, 10.024738311767578, 26.404611587524414, 1.7191216945648193, -9.418596267700195, 6.006356239318848, 3.913831949234009, 1.2275774478912354, 3.900266408920288, -6.068506240844727, -2.2426912784576416, 10.797507286071777, 3.0215184688568115, -11.945917129516602], [6.461791515350342, 4.233640193939209, -8.650130271911621, 5.5540595054626465, -0.4857997000217438, -0.11699750274419785, -0.388456791639328, -4.45434045791626, 1.5395753383636475, 1.7191216945648193, 16.415685653686523, -3.5231027603149414, 2.445443630218506, 3.652989149093628, 1.5335381031036377, 5.492717742919922, 3.2677557468414307, -2.306978225708008, -0.13976234197616577, -1.7371553182601929, 3.824869394302368], [-9.273537635803223, -1.5034736394882202, -0.6658170223236084, -0.22038978338241577, -3.6727678775787354, -3.279794216156006, 1.2942290306091309, 2.7257792949676514, -3.574479818344116, -9.418596267700195, -3.5231027603149414, 20.803699493408203, 4.825662136077881, 1.4970314502716064, -1.3755054473876953, -1.7356144189834595, 1.6770782470703125, 5.156900882720947, -5.68231725692749, -0.28422820568084717, 8.815277099609375], [0.8946147561073303, -2.0586297512054443, 2.001387357711792, -4.9294023513793945, -5.551024913787842, -6.706721782684326, 4.7091217041015625, -3.586775064468384, 4.366091251373291, 6.006356239318848, 2.445443630218506, 4.825662136077881, 18.700841903686523, 0.5852922797203064, 6.376663684844971, 1.3644238710403442, 0.4617048501968384, 0.49668169021606445, -4.326686382293701, -1.1788029670715332, 1.0990017652511597], [2.3245561122894287, 5.576562881469727, -3.888254165649414, 7.047919750213623, 2.428133726119995, -5.89313268661499, -2.708228588104248, 3.573176145553589, 7.799148082733154, 3.913831949234009, 3.652989149093628, 1.4970314502716064, 0.5852922797203064, 28.12116241455078, -7.293306827545166, -2.3160767555236816, -9.311922073364258, 5.522495269775391, 6.888887882232666, -4.6170806884765625, 8.047758102416992], [5.135585784912109, 0.3437487781047821, 1.7778266668319702, -1.369446873664856, 1.4657717943191528, -6.24398946762085, 4.085987091064453, -4.8034796714782715, -0.555824875831604, 1.2275774478912354, 1.5335381031036377, -1.3755054473876953, 6.376663684844971, -7.293306827545166, 20.446130752563477, -0.23182052373886108, 4.330848693847656, -6.563723087310791, -6.806824684143066, -1.498485803604126, -2.667172908782959], [-2.950984239578247, 2.3140807151794434, -1.201610803604126, 3.175276041030884, -0.13409946858882904, 4.737586498260498, 2.218095541000366, 0.6451378464698792, -0.8911954164505005, 3.900266408920288, 5.492717742919922, -1.7356144189834595, 1.3644238710403442, -2.3160767555236816, -0.23182052373886108, 16.443328857421875, -2.2388076782226562, 0.967171311378479, -1.1269118785858154, -6.282157897949219, -0.5437026023864746], [12.016324043273926, -7.669666290283203, -0.7582907676696777, -1.7354708909988403, 0.640491247177124, 6.60505485534668, -8.905705451965332, 0.4463897943496704, -1.347336769104004, -6.068505764007568, 3.2677557468414307, 1.6770789623260498, 0.461704283952713, -9.311923027038574, 4.3308491706848145, -2.238807439804077, 29.604305267333984, 3.2568154335021973, -2.368678569793701, 8.015850067138672, 4.9040141105651855], [2.482846260070801, -0.3230241537094116, -4.772468566894531, 0.06292352080345154, -0.9551913738250732, 1.093172311782837, 5.079389572143555, 4.800535678863525, -0.34022942185401917, -2.2426910400390625, -2.306978225708008, 5.156901836395264, 0.49668169021606445, 5.522495746612549, -6.563723087310791, 0.967171311378479, 3.2568154335021973, 20.979658126831055, 0.14237773418426514, -3.991593599319458, 1.6529242992401123], [-2.0036349296569824, -2.931804656982422, 0.6476461291313171, -1.3141223192214966, 3.812376022338867, 0.1521354466676712, 1.3978875875473022, 0.2527923583984375, 11.333036422729492, 10.797507286071777, -0.13976240158081055, -5.682318210601807, -4.326685905456543, 6.88888692855835, -6.806824207305908, -1.1269118785858154, -2.368678569793701, 0.14237773418426514, 25.083099365234375, 6.724226951599121, -6.223692893981934], [2.3405628204345703, -3.0754785537719727, 0.6261247992515564, -2.95369815826416, 0.8220969438552856, 0.32269883155822754, -1.4354532957077026, 1.7963489294052124, 2.94962477684021, 3.0215182304382324, -1.7371554374694824, -0.28422805666923523, -1.1788034439086914, -4.6170806884765625, -1.4984861612319946, -6.2821574211120605, 8.015850067138672, -3.991593599319458, 6.724226951599121, 21.32492446899414, -0.3600119352340698], [4.510335922241211, 4.815443992614746, -6.720378875732422, 5.126919746398926, -2.9151275157928467, 11.90042495727539, 1.558071494102478, 0.5289243459701538, -8.973398208618164, -11.945915222167969, 3.82486891746521, 8.815279006958008, 1.0990020036697388, 8.047759056091309, -2.66717267036438, -0.5437024831771851, 4.904013156890869, 1.6529250144958496, -6.223692893981934, -0.3600118160247803, 35.397216796875]], "type": "heatmap"}], "layout": {"template": {"data": {"histogram2dcontour": [{"type": "histogram2dcontour", "colorbar": {"outlinewidth": 0, "ticks": ""}, "colorscale": [[0.0, "#0d0887"], [0.1111111111111111, "#46039f"], [0.2222222222222222, "#7201a8"], [0.3333333333333333, "#9c179e"], [0.4444444444444444, "#bd3786"], [0.5555555555555556, "#d8576b"], [0.6666666666666666, "#ed7953"], [0.7777777777777778, "#fb9f3a"], [0.8888888888888888, "#fdca26"], [1.0, "#f0f921"]]}], "choropleth": [{"type": "choropleth", "colorbar": {"outlinewidth": 0, "ticks": ""}}], "histogram2d": [{"type": "histogram2d", "colorbar": {"outlinewidth": 0, "ticks": ""}, "colorscale": [[0.0, "#0d0887"], [0.1111111111111111, "#46039f"], [0.2222222222222222, "#7201a8"], [0.3333333333333333, "#9c179e"], [0.4444444444444444, "#bd3786"], [0.5555555555555556, "#d8576b"], [0.6666666666666666, "#ed7953"], [0.7777777777777778, "#fb9f3a"], [0.8888888888888888, "#fdca26"], [1.0, "#f0f921"]]}], "heatmap": [{"type": "heatmap", "colorbar": {"outlinewidth": 0, "ticks": ""}, "colorscale": [[0.0, "#0d0887"], [0.1111111111111111, "#46039f"], [0.2222222222222222, "#7201a8"], [0.3333333333333333, "#9c179e"], [0.4444444444444444, "#bd3786"], [0.5555555555555556, "#d8576b"], [0.6666666666666666, "#ed7953"], [0.7777777777777778, "#fb9f3a"], [0.8888888888888888, "#fdca26"], [1.0, "#f0f921"]]}], "heatmapgl": [{"type": "heatmapgl", "colorbar": {"outlinewidth": 0, "ticks": ""}, "colorscale": [[0.0, "#0d0887"], [0.1111111111111111, "#46039f"], [0.2222222222222222, "#7201a8"], [0.3333333333333333, "#9c179e"], [0.4444444444444444, "#bd3786"], [0.5555555555555556, "#d8576b"], [0.6666666666666666, "#ed7953"], [0.7777777777777778, "#fb9f3a"], [0.8888888888888888, "#fdca26"], [1.0, "#f0f921"]]}], "contourcarpet": [{"type": "contourcarpet", "colorbar": {"outlinewidth": 0, "ticks": ""}}], "contour": [{"type": "contour", "colorbar": {"outlinewidth": 0, "ticks": ""}, "colorscale": [[0.0, "#0d0887"], [0.1111111111111111, "#46039f"], [0.2222222222222222, "#7201a8"], [0.3333333333333333, "#9c179e"], [0.4444444444444444, "#bd3786"], [0.5555555555555556, "#d8576b"], [0.6666666666666666, "#ed7953"], [0.7777777777777778, "#fb9f3a"], [0.8888888888888888, "#fdca26"], [1.0, "#f0f921"]]}], "surface": [{"type": "surface", "colorbar": {"outlinewidth": 0, "ticks": ""}, "colorscale": [[0.0, "#0d0887"], [0.1111111111111111, "#46039f"], [0.2222222222222222, "#7201a8"], [0.3333333333333333, "#9c179e"], [0.4444444444444444, "#bd3786"], [0.5555555555555556, "#d8576b"], [0.6666666666666666, "#ed7953"], [0.7777777777777778, "#fb9f3a"], [0.8888888888888888, "#fdca26"], [1.0, "#f0f921"]]}], "mesh3d": [{"type": "mesh3d", "colorbar": {"outlinewidth": 0, "ticks": ""}}], "scatter": [{"fillpattern": {"fillmode": "overlay", "size": 10, "solidity": 0.2}, "type": "scatter"}], "parcoords": [{"type": "parcoords", "line": {"colorbar": {"outlinewidth": 0, "ticks": ""}}}], "scatterpolargl": [{"type": "scatterpolargl", "marker": {"colorbar": {"outlinewidth": 0, "ticks": ""}}}], "bar": [{"error_x": {"color": "#2a3f5f"}, "error_y": {"color": "#2a3f5f"}, "marker": {"line": {"color": "#E5ECF6", "width": 0.5}, "pattern": {"fillmode": "overlay", "size": 10, "solidity": 0.2}}, "type": "bar"}], "scattergeo": [{"type": "scattergeo", "marker": {"colorbar": {"outlinewidth": 0, "ticks": ""}}}], "scatterpolar": [{"type": "scatterpolar", "marker": {"colorbar": {"outlinewidth": 0, "ticks": ""}}}], "histogram": [{"marker": {"pattern": {"fillmode": "overlay", "size": 10, "solidity": 0.2}}, "type": "histogram"}], "scattergl": [{"type": "scattergl", "marker": {"colorbar": {"outlinewidth": 0, "ticks": ""}}}], "scatter3d": [{"type": "scatter3d", "line": {"colorbar": {"outlinewidth": 0, "ticks": ""}}, "marker": {"colorbar": {"outlinewidth": 0, "ticks": ""}}}], "scattermapbox": [{"type": "scattermapbox", "marker": {"colorbar": {"outlinewidth": 0, "ticks": ""}}}], "scatterternary": [{"type": "scatterternary", "marker": {"colorbar": {"outlinewidth": 0, "ticks": ""}}}], "scattercarpet": [{"type": "scattercarpet", "marker": {"colorbar": {"outlinewidth": 0, "ticks": ""}}}], "carpet": [{"aaxis": {"endlinecolor": "#2a3f5f", "gridcolor": "white", "linecolor": "white", "minorgridcolor": "white", "startlinecolor": "#2a3f5f"}, "baxis": {"endlinecolor": "#2a3f5f", "gridcolor": "white", "linecolor": "white", "minorgridcolor": "white", "startlinecolor": "#2a3f5f"}, "type": "carpet"}], "table": [{"cells": {"fill": {"color": "#EBF0F8"}, "line": {"color": "white"}}, "header": {"fill": {"color": "#C8D4E3"}, "line": {"color": "white"}}, "type": "table"}], "barpolar": [{"marker": {"line": {"color": "#E5ECF6", "width": 0.5}, "pattern": {"fillmode": "overlay", "size": 10, "solidity": 0.2}}, "type": "barpolar"}], "pie": [{"automargin": true, "type": "pie"}]}, "layout": {"autotypenumbers": "strict", "colorway": ["#636efa", "#EF553B", "#00cc96", "#ab63fa", "#FFA15A", "#19d3f3", "#FF6692", "#B6E880", "#FF97FF", "#FECB52"], "font": {"color": "#2a3f5f"}, "hovermode": "closest", "hoverlabel": {"align": "left"}, "paper_bgcolor": "white", "plot_bgcolor": "#E5ECF6", "polar": {"bgcolor": "#E5ECF6", "angularaxis": {"gridcolor": "white", "linecolor": "white", "ticks": ""}, "radialaxis": {"gridcolor": "white", "linecolor": "white", "ticks": ""}}, "ternary": {"bgcolor": "#E5ECF6", "aaxis": {"gridcolor": "white", "linecolor": "white", "ticks": ""}, "baxis": {"gridcolor": "white", "linecolor": "white", "ticks": ""}, "caxis": {"gridcolor": "white", "linecolor": "white", "ticks": ""}}, "coloraxis": {"colorbar": {"outlinewidth": 0, "ticks": ""}}, "colorscale": {"sequential": [[0.0, "#0d0887"], [0.1111111111111111, "#46039f"], [0.2222222222222222, "#7201a8"], [0.3333333333333333, "#9c179e"], [0.4444444444444444, "#bd3786"], [0.5555555555555556, "#d8576b"], [0.6666666666666666, "#ed7953"], [0.7777777777777778, "#fb9f3a"], [0.8888888888888888, "#fdca26"], [1.0, "#f0f921"]], "sequentialminus": [[0.0, "#0d0887"], [0.1111111111111111, "#46039f"], [0.2222222222222222, "#7201a8"], [0.3333333333333333, "#9c179e"], [0.4444444444444444, "#bd3786"], [0.5555555555555556, "#d8576b"], [0.6666666666666666, "#ed7953"], [0.7777777777777778, "#fb9f3a"], [0.8888888888888888, "#fdca26"], [1.0, "#f0f921"]], "diverging": [[0, "#8e0152"], [0.1, "#c51b7d"], [0.2, "#de77ae"], [0.3, "#f1b6da"], [0.4, "#fde0ef"], [0.5, "#f7f7f7"], [0.6, "#e6f5d0"], [0.7, "#b8e186"], [0.8, "#7fbc41"], [0.9, "#4d9221"], [1, "#276419"]]}, "xaxis": {"gridcolor": "white", "linecolor": "white", "ticks": "", "title": {"standoff": 15}, "zerolinecolor": "white", "automargin": true, "zerolinewidth": 2}, "yaxis": {"gridcolor": "white", "linecolor": "white", "ticks": "", "title": {"standoff": 15}, "zerolinecolor": "white", "automargin": true, "zerolinewidth": 2}, "scene": {"xaxis": {"backgroundcolor": "#E5ECF6", "gridcolor": "white", "linecolor": "white", "showbackground": true, "ticks": "", "zerolinecolor": "white", "gridwidth": 2}, "yaxis": {"backgroundcolor": "#E5ECF6", "gridcolor": "white", "linecolor": "white", "showbackground": true, "ticks": "", "zerolinecolor": "white", "gridwidth": 2}, "zaxis": {"backgroundcolor": "#E5ECF6", "gridcolor": "white", "linecolor": "white", "showbackground": true, "ticks": "", "zerolinecolor": "white", "gridwidth": 2}}, "shapedefaults": {"line": {"color": "#2a3f5f"}}, "annotationdefaults": {"arrowcolor": "#2a3f5f", "arrowhead": 0, "arrowwidth": 1}, "geo": {"bgcolor": "white", "landcolor": "#E5ECF6", "subunitcolor": "white", "showland": true, "showlakes": true, "lakecolor": "white"}, "title": {"x": 0.05}, "mapbox": {"style": "light"}}}}}