{"data": [{"z": [[30.648157119750977, 4.837952136993408, -14.1638765335083, 1.5277955532073975, 5.591856956481934, 5.337258338928223, -1.6006232500076294, 1.0240660905838013, 3.646127700805664, -1.5928394794464111, 6.442860126495361, -9.241765022277832, 0.8834771513938904, 2.344632863998413, 5.118934154510498, -2.9460513591766357, 11.988390922546387, 2.479429244995117, -2.012456178665161, 2.346126079559326, 4.509358882904053], [4.837952136993408, 16.48944091796875, -2.07576060295105, 9.713833808898926, -2.405073404312134, -1.4027588367462158, 0.14131604135036469, 3.5522239208221436, -1.5652939081192017, -1.4628037214279175, 4.202249050140381, -1.507380723953247, -2.055058717727661, 5.557621479034424, 0.3403272330760956, 2.3010237216949463, -7.632700443267822, -0.309457391500473, -2.9240739345550537, -3.0767946243286133, 4.8040571212768555], [-14.1638765335083, -2.07576060295105, 33.57565689086914, 1.2831052541732788, 1.2089779376983643, -1.2231582403182983, -6.915455341339111, 2.7269418239593506, -2.037452220916748, 2.590117931365967, -8.614812850952148, -0.660052478313446, 1.9880709648132324, -3.879605293273926, 1.7883601188659668, -1.2090411186218262, -0.7756760120391846, -4.768987655639648, 0.646181583404541, 0.6376732587814331, -6.723001480102539], [1.5277955532073975, 9.713833808898926, 1.2831052541732788, 22.32724380493164, -4.968881130218506, 2.6452138423919678, -0.604737401008606, 2.732200860977173, 1.8906737565994263, -7.080759525299072, 5.561253547668457, -0.23450623452663422, -4.910979270935059, 7.034095764160156, -1.3521826267242432, 3.1625874042510986, -1.7234013080596924, 0.06079518795013428, -1.3076269626617432, -2.9586987495422363, 5.136801242828369], [5.591856956481934, -2.405073404312134, 1.2089779376983643, -4.968881130218506, 21.002229690551758, -1.6188490390777588, 1.2466131448745728, -0.4536663889884949, -1.3942606449127197, 1.7238186597824097, -0.49364814162254333, -3.6464662551879883, -5.565122604370117, 2.4253287315368652, 1.4409704208374023, -0.1333135962486267, 0.6464543342590332, -0.9442914128303528, 3.797806739807129, 0.8283481597900391, -2.9031920433044434], [5.337258338928223, -1.4027588367462158, -1.2231582403182983, 2.6452138423919678, -1.6188490390777588, 34.397216796875, -0.07303106039762497, 3.6796305179595947, -7.3636155128479, -8.948649406433105, -0.14257393777370453, -3.264937162399292, -6.673668384552002, -5.870332717895508, -6.244840145111084, 4.7091498374938965, 6.607594966888428, 1.113642692565918, 0.1445145606994629, 0.334592342376709, 11.89239501953125], [-1.6006232500076294, 0.14131604135036469, -6.915455341339111, -0.604737401008606, 1.2466131448745728, -0.07303106039762497, 35.99103927612305, -4.181015968322754, 3.2100491523742676, 2.133549213409424, -0.3608630299568176, 1.3054780960083008, 4.697627067565918, -2.681626081466675, 4.088176727294922, 2.214162826538086, -8.89549446105957, 5.080204963684082, 1.396641492843628, -1.4196481704711914, 1.5533229112625122], [1.0240660905838013, 3.5522239208221436, 2.7269418239593506, 2.732200860977173, -0.4536663889884949, 3.6796305179595947, -4.181015968322754, 13.080604553222656, 0.5240986943244934, 1.967929482460022, -4.4511518478393555, 2.6970765590667725, -3.5774471759796143, 3.5517873764038086, -4.789047718048096, 0.6255967020988464, 0.4671725034713745, 4.797402858734131, 0.25812625885009766, 1.7959727048873901, 0.5239546298980713], [3.646127700805664, -1.5652939081192017, -2.037452220916748, 1.8906737565994263, -1.3942606449127197, -7.3636155128479, 3.2100491523742676, 0.5240986943244934, 15.986580848693848, 10.04092788696289, 1.5528886318206787, -3.5757763385772705, 4.358885288238525, 7.8039398193359375, -0.5529701113700867, -0.8664501309394836, -1.352073073387146, -0.35686683654785156, 11.31544303894043, 2.9447643756866455, -8.952754974365234], [-1.5928394794464111, -1.4628037214279175, 2.590117931365967, -7.080759525299072, 1.7238186597824097, -8.948649406433105, 2.133549213409424, 1.967929482460022, 10.04092788696289, 26.36888313293457, 1.7064862251281738, -9.40498161315918, 5.9994120597839355, 3.9221866130828857, 1.228131651878357, 3.907202959060669, -6.046375274658203, -2.2489495277404785, 10.79513168334961, 3.016084671020508, -11.930863380432129], [6.442860126495361, 4.202249050140381, -8.614812850952148, 5.561253547668457, -0.49364814162254333, -0.14257393777370453, -0.3608630299568176, -4.4511518478393555, 1.5528886318206787, 1.7064862251281738, 16.350940704345703, -3.5118067264556885, 2.441324234008789, 3.647310733795166, 1.5384399890899658, 5.478630065917969, 3.2696003913879395, -2.2984800338745117, -0.1308828592300415, -1.736517071723938, 3.8090617656707764], [-9.241765022277832, -1.507380723953247, -0.660052478313446, -0.23450623452663422, -3.6464662551879883, -3.264937162399292, 1.3054780960083008, 2.6970765590667725, -3.5757763385772705, -9.40498161315918, -3.5118067264556885, 20.75076675415039, 4.82579231262207, 1.4834446907043457, -1.350502848625183, -1.7357701063156128, 1.675548791885376, 5.116403579711914, -5.677117824554443, -0.2868192195892334, 8.823080062866211], [0.8834771513938904, -2.055058717727661, 1.9880709648132324, -4.910979270935059, -5.565122604370117, -6.673668384552002, 4.697627067565918, -3.5774471759796143, 4.358885288238525, 5.9994120597839355, 2.441324234008789, 4.82579231262207, 18.655534744262695, 0.5779610276222229, 6.345235347747803, 1.358528733253479, 0.4775387644767761, 0.49253249168395996, -4.328604698181152, -1.1679811477661133, 1.1074398756027222], [2.344632863998413, 5.557621479034424, -3.879605293273926, 7.034095764160156, 2.4253287315368652, -5.870332717895508, -2.681626081466675, 3.5517873764038086, 7.8039398193359375, 3.9221866130828857, 3.647310733795166, 1.4834446907043457, 0.5779610276222229, 28.05685043334961, -7.270340442657471, -2.303164482116699, -9.307453155517578, 5.500365257263184, 6.871800422668457, -4.6029744148254395, 8.03192138671875], [5.118934154510498, 0.3403272330760956, 1.7883601188659668, -1.3521826267242432, 1.4409704208374023, -6.244840145111084, 4.088176727294922, -4.789047718048096, -0.5529701113700867, 1.228131651878357, 1.5384399890899658, -1.350502848625183, 6.345235347747803, -7.270340442657471, 20.409320831298828, -0.2281884104013443, 4.327836990356445, -6.534418106079102, -6.791592121124268, -1.4897408485412598, -2.6675212383270264], [-2.9460513591766357, 2.3010237216949463, -1.2090411186218262, 3.1625874042510986, -0.1333135962486267, 4.7091498374938965, 2.214162826538086, 0.6255967020988464, -0.8664501309394836, 3.907202959060669, 5.478630065917969, -1.7357701063156128, 1.358528733253479, -2.303164482116699, -0.2281884104013443, 16.387361526489258, -2.245697498321533, 0.9648926854133606, -1.1412042379379272, -6.245872497558594, -0.5566937923431396], [11.988390922546387, -7.632699489593506, -0.7756755352020264, -1.7234015464782715, 0.6464542150497437, 6.607594013214111, -8.89549446105957, 0.46717289090156555, -1.3520729541778564, -6.046375274658203, 3.2696001529693604, 1.6755484342575073, 0.4775388836860657, -9.307453155517578, 4.327835559844971, -2.245697259902954, 29.558443069458008, 3.279045343399048, -2.3521337509155273, 8.008167266845703, 4.895253658294678], [2.479428291320801, -0.30945754051208496, -4.768987655639648, 0.060795318335294724, -0.9442914724349976, 1.1136428117752075, 5.080205917358398, 4.797402858734131, -0.3568664789199829, -2.2489492893218994, -2.2984800338745117, 5.116404056549072, 0.49253275990486145, 5.500365257263184, -6.53441858291626, 0.9648924469947815, 3.279045343399048, 20.93642807006836, 0.15090835094451904, -3.9897522926330566, 1.6593799591064453], [-2.0124568939208984, -2.9240739345550537, 0.6461812257766724, -1.3076268434524536, 3.797806978225708, 0.14451423287391663, 1.396641731262207, 0.25812605023384094, 11.31544303894043, 10.795132637023926, -0.13088293373584747, -5.677119255065918, -4.328604221343994, 6.871800899505615, -6.791593074798584, -1.1412039995193481, -2.3521337509155273, 0.15090835094451904, 25.065902709960938, 6.732389450073242, -6.220617294311523], [2.3461263179779053, -3.0767946243286133, 0.6376733183860779, -2.9586987495422363, 0.8283482789993286, 0.3345927894115448, -1.4196476936340332, 1.7959728240966797, 2.9447646141052246, 3.0160844326019287, -1.7365169525146484, -0.28681910037994385, -1.1679810285568237, -4.602973461151123, -1.4897407293319702, -6.2458720207214355, 8.008167266845703, -3.9897522926330566, 6.732389450073242, 21.255369186401367, -0.35941970348358154], [4.509358882904053, 4.8040571212768555, -6.7230024337768555, 5.136800765991211, -2.903191328048706, 11.892394065856934, 1.553322672843933, 0.5239545106887817, -8.952754974365234, -11.930865287780762, 3.8090617656707764, 8.823080062866211, 1.1074399948120117, 8.03192138671875, -2.6675214767456055, -0.556693434715271, 4.895252704620361, 1.659380555152893, -6.220616817474365, -0.35941970348358154, 35.397216796875]], "type": "heatmap"}], "layout": {"template": {"data": {"histogram2dcontour": [{"type": "histogram2dcontour", "colorbar": {"outlinewidth": 0, "ticks": ""}, "colorscale": [[0.0, "#0d0887"], [0.1111111111111111, "#46039f"], [0.2222222222222222, "#7201a8"], [0.3333333333333333, "#9c179e"], [0.4444444444444444, "#bd3786"], [0.5555555555555556, "#d8576b"], [0.6666666666666666, "#ed7953"], [0.7777777777777778, "#fb9f3a"], [0.8888888888888888, "#fdca26"], [1.0, "#f0f921"]]}], "choropleth": [{"type": "choropleth", "colorbar": {"outlinewidth": 0, "ticks": ""}}], "histogram2d": [{"type": "histogram2d", "colorbar": {"outlinewidth": 0, "ticks": ""}, "colorscale": [[0.0, "#0d0887"], [0.1111111111111111, "#46039f"], [0.2222222222222222, "#7201a8"], [0.3333333333333333, "#9c179e"], [0.4444444444444444, "#bd3786"], [0.5555555555555556, "#d8576b"], [0.6666666666666666, "#ed7953"], [0.7777777777777778, "#fb9f3a"], [0.8888888888888888, "#fdca26"], [1.0, "#f0f921"]]}], "heatmap": [{"type": "heatmap", "colorbar": {"outlinewidth": 0, "ticks": ""}, "colorscale": [[0.0, "#0d0887"], [0.1111111111111111, "#46039f"], [0.2222222222222222, "#7201a8"], [0.3333333333333333, "#9c179e"], [0.4444444444444444, "#bd3786"], [0.5555555555555556, "#d8576b"], [0.6666666666666666, "#ed7953"], [0.7777777777777778, "#fb9f3a"], [0.8888888888888888, "#fdca26"], [1.0, "#f0f921"]]}], "heatmapgl": [{"type": "heatmapgl", "colorbar": {"outlinewidth": 0, "ticks": ""}, "colorscale": [[0.0, "#0d0887"], [0.1111111111111111, "#46039f"], [0.2222222222222222, "#7201a8"], [0.3333333333333333, "#9c179e"], [0.4444444444444444, "#bd3786"], [0.5555555555555556, "#d8576b"], [0.6666666666666666, "#ed7953"], [0.7777777777777778, "#fb9f3a"], [0.8888888888888888, "#fdca26"], [1.0, "#f0f921"]]}], "contourcarpet": [{"type": "contourcarpet", "colorbar": {"outlinewidth": 0, "ticks": ""}}], "contour": [{"type": "contour", "colorbar": {"outlinewidth": 0, "ticks": ""}, "colorscale": [[0.0, "#0d0887"], [0.1111111111111111, "#46039f"], [0.2222222222222222, "#7201a8"], [0.3333333333333333, "#9c179e"], [0.4444444444444444, "#bd3786"], [0.5555555555555556, "#d8576b"], [0.6666666666666666, "#ed7953"], [0.7777777777777778, "#fb9f3a"], [0.8888888888888888, "#fdca26"], [1.0, "#f0f921"]]}], "surface": [{"type": "surface", "colorbar": {"outlinewidth": 0, "ticks": ""}, "colorscale": [[0.0, "#0d0887"], [0.1111111111111111, "#46039f"], [0.2222222222222222, "#7201a8"], [0.3333333333333333, "#9c179e"], [0.4444444444444444, "#bd3786"], [0.5555555555555556, "#d8576b"], [0.6666666666666666, "#ed7953"], [0.7777777777777778, "#fb9f3a"], [0.8888888888888888, "#fdca26"], [1.0, "#f0f921"]]}], "mesh3d": [{"type": "mesh3d", "colorbar": {"outlinewidth": 0, "ticks": ""}}], "scatter": [{"fillpattern": {"fillmode": "overlay", "size": 10, "solidity": 0.2}, "type": "scatter"}], "parcoords": [{"type": "parcoords", "line": {"colorbar": {"outlinewidth": 0, "ticks": ""}}}], "scatterpolargl": [{"type": "scatterpolargl", "marker": {"colorbar": {"outlinewidth": 0, "ticks": ""}}}], "bar": [{"error_x": {"color": "#2a3f5f"}, "error_y": {"color": "#2a3f5f"}, "marker": {"line": {"color": "#E5ECF6", "width": 0.5}, "pattern": {"fillmode": "overlay", "size": 10, "solidity": 0.2}}, "type": "bar"}], "scattergeo": [{"type": "scattergeo", "marker": {"colorbar": {"outlinewidth": 0, "ticks": ""}}}], "scatterpolar": [{"type": "scatterpolar", "marker": {"colorbar": {"outlinewidth": 0, "ticks": ""}}}], "histogram": [{"marker": {"pattern": {"fillmode": "overlay", "size": 10, "solidity": 0.2}}, "type": "histogram"}], "scattergl": [{"type": "scattergl", "marker": {"colorbar": {"outlinewidth": 0, "ticks": ""}}}], "scatter3d": [{"type": "scatter3d", "line": {"colorbar": {"outlinewidth": 0, "ticks": ""}}, "marker": {"colorbar": {"outlinewidth": 0, "ticks": ""}}}], "scattermapbox": [{"type": "scattermapbox", "marker": {"colorbar": {"outlinewidth": 0, "ticks": ""}}}], "scatterternary": [{"type": "scatterternary", "marker": {"colorbar": {"outlinewidth": 0, "ticks": ""}}}], "scattercarpet": [{"type": "scattercarpet", "marker": {"colorbar": {"outlinewidth": 0, "ticks": ""}}}], "carpet": [{"aaxis": {"endlinecolor": "#2a3f5f", "gridcolor": "white", "linecolor": "white", "minorgridcolor": "white", "startlinecolor": "#2a3f5f"}, "baxis": {"endlinecolor": "#2a3f5f", "gridcolor": "white", "linecolor": "white", "minorgridcolor": "white", "startlinecolor": "#2a3f5f"}, "type": "carpet"}], "table": [{"cells": {"fill": {"color": "#EBF0F8"}, "line": {"color": "white"}}, "header": {"fill": {"color": "#C8D4E3"}, "line": {"color": "white"}}, "type": "table"}], "barpolar": [{"marker": {"line": {"color": "#E5ECF6", "width": 0.5}, "pattern": {"fillmode": "overlay", "size": 10, "solidity": 0.2}}, "type": "barpolar"}], "pie": [{"automargin": true, "type": "pie"}]}, "layout": {"autotypenumbers": "strict", "colorway": ["#636efa", "#EF553B", "#00cc96", "#ab63fa", "#FFA15A", "#19d3f3", "#FF6692", "#B6E880", "#FF97FF", "#FECB52"], "font": {"color": "#2a3f5f"}, "hovermode": "closest", "hoverlabel": {"align": "left"}, "paper_bgcolor": "white", "plot_bgcolor": "#E5ECF6", "polar": {"bgcolor": "#E5ECF6", "angularaxis": {"gridcolor": "white", "linecolor": "white", "ticks": ""}, "radialaxis": {"gridcolor": "white", "linecolor": "white", "ticks": ""}}, "ternary": {"bgcolor": "#E5ECF6", "aaxis": {"gridcolor": "white", "linecolor": "white", "ticks": ""}, "baxis": {"gridcolor": "white", "linecolor": "white", "ticks": ""}, "caxis": {"gridcolor": "white", "linecolor": "white", "ticks": ""}}, "coloraxis": {"colorbar": {"outlinewidth": 0, "ticks": ""}}, "colorscale": {"sequential": [[0.0, "#0d0887"], [0.1111111111111111, "#46039f"], [0.2222222222222222, "#7201a8"], [0.3333333333333333, "#9c179e"], [0.4444444444444444, "#bd3786"], [0.5555555555555556, "#d8576b"], [0.6666666666666666, "#ed7953"], [0.7777777777777778, "#fb9f3a"], [0.8888888888888888, "#fdca26"], [1.0, "#f0f921"]], "sequentialminus": [[0.0, "#0d0887"], [0.1111111111111111, "#46039f"], [0.2222222222222222, "#7201a8"], [0.3333333333333333, "#9c179e"], [0.4444444444444444, "#bd3786"], [0.5555555555555556, "#d8576b"], [0.6666666666666666, "#ed7953"], [0.7777777777777778, "#fb9f3a"], [0.8888888888888888, "#fdca26"], [1.0, "#f0f921"]], "diverging": [[0, "#8e0152"], [0.1, "#c51b7d"], [0.2, "#de77ae"], [0.3, "#f1b6da"], [0.4, "#fde0ef"], [0.5, "#f7f7f7"], [0.6, "#e6f5d0"], [0.7, "#b8e186"], [0.8, "#7fbc41"], [0.9, "#4d9221"], [1, "#276419"]]}, "xaxis": {"gridcolor": "white", "linecolor": "white", "ticks": "", "title": {"standoff": 15}, "zerolinecolor": "white", "automargin": true, "zerolinewidth": 2}, "yaxis": {"gridcolor": "white", "linecolor": "white", "ticks": "", "title": {"standoff": 15}, "zerolinecolor": "white", "automargin": true, "zerolinewidth": 2}, "scene": {"xaxis": {"backgroundcolor": "#E5ECF6", "gridcolor": "white", "linecolor": "white", "showbackground": true, "ticks": "", "zerolinecolor": "white", "gridwidth": 2}, "yaxis": {"backgroundcolor": "#E5ECF6", "gridcolor": "white", "linecolor": "white", "showbackground": true, "ticks": "", "zerolinecolor": "white", "gridwidth": 2}, "zaxis": {"backgroundcolor": "#E5ECF6", "gridcolor": "white", "linecolor": "white", "showbackground": true, "ticks": "", "zerolinecolor": "white", "gridwidth": 2}}, "shapedefaults": {"line": {"color": "#2a3f5f"}}, "annotationdefaults": {"arrowcolor": "#2a3f5f", "arrowhead": 0, "arrowwidth": 1}, "geo": {"bgcolor": "white", "landcolor": "#E5ECF6", "subunitcolor": "white", "showland": true, "showlakes": true, "lakecolor": "white"}, "title": {"x": 0.05}, "mapbox": {"style": "light"}}}}}