{"data": [{"z": [[30.66127586364746, 4.832456588745117, -14.176204681396484, 1.5391381978988647, 5.592721462249756, 5.344856262207031, -1.6000889539718628, 1.0337836742401123, 3.6406381130218506, -1.619407057762146, 6.451625823974609, -9.258983612060547, 0.8887468576431274, 2.3336963653564453, 5.126021385192871, -2.9495949745178223, 12.002298355102539, 2.480619430541992, -2.0072386264801025, 2.3428616523742676, 4.510000228881836], [4.832456588745117, 16.516027450561523, -2.076936960220337, 9.714232444763184, -2.412335157394409, -1.4246877431869507, 0.14043289422988892, 3.549938678741455, -1.5720869302749634, -1.4628592729568481, 4.216561317443848, -1.5072243213653564, -2.0583808422088623, 5.5637946128845215, 0.34091246128082275, 2.306588649749756, -7.654253959655762, -0.31827685236930847, -2.9289445877075195, -3.080256938934326, 4.809062957763672], [-14.176204681396484, -2.076936960220337, 33.607513427734375, 1.2883788347244263, 1.205178141593933, -1.2220866680145264, -6.911283016204834, 2.731691837310791, -2.0378427505493164, 2.5882582664489746, -8.634032249450684, -0.6636718511581421, 1.9939734935760498, -3.8858330249786377, 1.7818619012832642, -1.2063961029052734, -0.7663636207580566, -4.7716288566589355, 0.6464114189147949, 0.6315817832946777, -6.720947265625], [1.5391381978988647, 9.714232444763184, 1.2883788347244263, 22.336185455322266, -4.989945888519287, 2.639078378677368, -0.5917742848396301, 2.7209010124206543, 1.9064867496490479, -7.086097717285156, 5.556534767150879, -0.22706885635852814, -4.921013832092285, 7.039839744567871, -1.3622336387634277, 3.1689374446868896, -1.731142282485962, 0.059694766998291016, -1.3115687370300293, -2.958228349685669, 5.131376266479492], [5.592721462249756, -2.412335157394409, 1.205178141593933, -4.989945888519287, 21.042036056518555, -1.627934217453003, 1.2422229051589966, -0.45098546147346497, -1.4059233665466309, 1.716429352760315, -0.4903927147388458, -3.660130262374878, -5.55766487121582, 2.4251372814178467, 1.453029990196228, -0.13273662328720093, 0.6418766975402832, -0.952873170375824, 3.806022882461548, 0.8243675231933594, -2.910447359085083], [5.344856262207031, -1.4246877431869507, -1.2220866680145264, 2.639078378677368, -1.627934217453003, 34.43545913696289, -0.07733447104692459, 3.685137987136841, -7.379535675048828, -8.961106300354004, -0.12879328429698944, -3.272501230239868, -6.692043781280518, -5.884349346160889, -6.245080471038818, 4.7224507331848145, 6.604864597320557, 1.1017638444900513, 0.14867758750915527, 0.32665109634399414, 11.896385192871094], [-1.6000889539718628, 0.14043289422988892, -6.911283016204834, -0.5917742848396301, 1.2422229051589966, -0.07733447104692459, 36.02478790283203, -4.18303918838501, 3.219331979751587, 2.1216273307800293, -0.37449103593826294, 1.2992111444473267, 4.702272415161133, -2.6954100131988525, 4.086219310760498, 2.2166383266448975, -8.900440216064453, 5.078276634216309, 1.3968671560287476, -1.4284899234771729, 1.556382179260254], [1.0337836742401123, 3.549938678741455, 2.731691837310791, 2.7209010124206543, -0.45098546147346497, 3.685137987136841, -4.18303918838501, 13.08619499206543, 0.5241671204566956, 1.9731851816177368, -4.454466342926025, 2.7104384899139404, -3.583684206008911, 3.560647487640381, -4.798180103302002, 0.6357097625732422, 0.4535801410675049, 4.794591903686523, 0.255473792552948, 1.7954928874969482, 0.5271565914154053], [3.6406381130218506, -1.5720869302749634, -2.0378427505493164, 1.9064867496490479, -1.4059233665466309, -7.379535675048828, 3.219331979751587, 0.5241671204566956, 15.999959945678711, 10.030048370361328, 1.546262502670288, -3.576261043548584, 4.361310005187988, 7.800614356994629, -0.5537961721420288, -0.879131555557251, -1.3497669696807861, -0.34856605529785156, 11.325716018676758, 2.946352481842041, -8.964299201965332], [-1.619407057762146, -1.4628592729568481, 2.5882582664489746, -7.086097717285156, 1.716429352760315, -8.961106300354004, 2.1216273307800293, 1.9731851816177368, 10.030048370361328, 26.38456916809082, 1.7137330770492554, -9.412238121032715, 6.0008955001831055, 3.916126012802124, 1.2269036769866943, 3.9027931690216064, -6.057914733886719, -2.2472074031829834, 10.795554161071777, 3.0169482231140137, -11.937039375305176], [6.451625823974609, 4.216561317443848, -8.634032249450684, 5.556534767150879, -0.4903927147388458, -0.12879328429698944, -0.37449103593826294, -4.454466342926025, 1.546262502670288, 1.7137330770492554, 16.384809494018555, -3.5187160968780518, 2.443132162094116, 3.649418354034424, 1.5349196195602417, 5.485400676727295, 3.2666778564453125, -2.3041558265686035, -0.13570135831832886, -1.736694097518921, 3.8181607723236084], [-9.258983612060547, -1.5072243213653564, -0.6636718511581421, -0.22706885635852814, -3.660130262374878, -3.272501230239868, 1.2992111444473267, 2.7104384899139404, -3.576261043548584, -9.412238121032715, -3.5187160968780518, 20.77647590637207, 4.82448148727417, 1.4888617992401123, -1.364336609840393, -1.7373089790344238, 1.6769156455993652, 5.136438369750977, -5.679612159729004, -0.28683042526245117, 8.819039344787598], [0.8887468576431274, -2.0583808422088623, 1.9939734935760498, -4.921013832092285, -5.55766487121582, -6.692043781280518, 4.702272415161133, -3.583684206008911, 4.361310005187988, 6.0008955001831055, 2.443132162094116, 4.82448148727417, 18.677474975585938, 0.5795111060142517, 6.360630512237549, 1.3614643812179565, 0.4688900113105774, 0.49133849143981934, -4.327646255493164, -1.174152135848999, 1.1034818887710571], [2.3336963653564453, 5.5637946128845215, -3.8858330249786377, 7.039839744567871, 2.4251372814178467, -5.884349346160889, -2.6954100131988525, 3.560647487640381, 7.800614356994629, 3.916126012802124, 3.649418354034424, 1.4888617992401123, 0.5795111060142517, 28.088409423828125, -7.283496856689453, -2.3114962577819824, -9.311785697937012, 5.5088043212890625, 6.880548477172852, -4.610594749450684, 8.039806365966797], [5.126021385192871, 0.34091246128082275, 1.7818619012832642, -1.3622336387634277, 1.453029990196228, -6.245080471038818, 4.086219310760498, -4.798180103302002, -0.5537961721420288, 1.2269036769866943, 1.5349196195602417, -1.364336609840393, 6.360630512237549, -7.283496856689453, 20.426164627075195, -0.2308174967765808, 4.328248500823975, -6.55131196975708, -6.8000030517578125, -1.4944345951080322, -2.667464256286621], [-2.9495949745178223, 2.306588649749756, -1.2063961029052734, 3.1689374446868896, -0.13273662328720093, 4.7224507331848145, 2.2166383266448975, 0.6357097625732422, -0.879131555557251, 3.9027931690216064, 5.485400676727295, -1.7373089790344238, 1.3614643812179565, -2.3114962577819824, -0.2308174967765808, 16.41530418395996, -2.2420966625213623, 0.9640519022941589, -1.1327933073043823, -6.264402389526367, -0.5506315231323242], [12.002297401428223, -7.654253959655762, -0.7663643956184387, -1.7311421632766724, 0.6418766379356384, 6.604864597320557, -8.900440216064453, 0.453579843044281, -1.3497670888900757, -6.0579142570495605, 3.2666776180267334, 1.6769157648086548, 0.46888989210128784, -9.311784744262695, 4.328248977661133, -2.242096424102783, 29.580183029174805, 3.2665717601776123, -2.3603768348693848, 8.009631156921387, 4.899558067321777], [2.480619430541992, -0.3182767331600189, -4.771629810333252, 0.059694964438676834, -0.9528728723526001, 1.1017638444900513, 5.078277111053467, 4.794591903686523, -0.3485667109489441, -2.2472078800201416, -2.3041555881500244, 5.136438846588135, 0.491338849067688, 5.5088043212890625, -6.551311492919922, 0.9640512466430664, 3.2665717601776123, 20.955337524414062, 0.1450033187866211, -3.992318630218506, 1.655909538269043], [-2.0072391033172607, -2.9289450645446777, 0.6464118361473083, -1.3115687370300293, 3.806023120880127, 0.14867761731147766, 1.396867275238037, 0.25547361373901367, 11.325714111328125, 10.795553207397461, -0.1357017159461975, -5.679612159729004, -4.327646732330322, 6.88054895401001, -6.800002574920654, -1.1327934265136719, -2.3603768348693848, 0.1450033187866211, 25.07361602783203, 6.727996349334717, -6.221578598022461], [2.3428616523742676, -3.080256938934326, 0.6315823197364807, -2.95822811126709, 0.8243674635887146, 0.3266514539718628, -1.4284896850585938, 1.7954930067062378, 2.946352243423462, 3.0169482231140137, -1.7366938591003418, -0.2868308126926422, -1.174152135848999, -4.610594749450684, -1.4944348335266113, -6.264402866363525, 8.009631156921387, -3.992318630218506, 6.727996349334717, 21.288440704345703, -0.36033058166503906], [4.510001182556152, 4.809062957763672, -6.720947742462158, 5.131377220153809, -2.9104480743408203, 11.896385192871094, 1.556382417678833, 0.5271568298339844, -8.964299201965332, -11.937040328979492, 3.818160057067871, 8.819038391113281, 1.1034820079803467, 8.03980541229248, -2.667464017868042, -0.5506314039230347, 4.899557113647461, 1.6559098958969116, -6.221579074859619, -0.36033058166503906, 35.397216796875]], "type": "heatmap"}], "layout": {"template": {"data": {"histogram2dcontour": [{"type": "histogram2dcontour", "colorbar": {"outlinewidth": 0, "ticks": ""}, "colorscale": [[0.0, "#0d0887"], [0.1111111111111111, "#46039f"], [0.2222222222222222, "#7201a8"], [0.3333333333333333, "#9c179e"], [0.4444444444444444, "#bd3786"], [0.5555555555555556, "#d8576b"], [0.6666666666666666, "#ed7953"], [0.7777777777777778, "#fb9f3a"], [0.8888888888888888, "#fdca26"], [1.0, "#f0f921"]]}], "choropleth": [{"type": "choropleth", "colorbar": {"outlinewidth": 0, "ticks": ""}}], "histogram2d": [{"type": "histogram2d", "colorbar": {"outlinewidth": 0, "ticks": ""}, "colorscale": [[0.0, "#0d0887"], [0.1111111111111111, "#46039f"], [0.2222222222222222, "#7201a8"], [0.3333333333333333, "#9c179e"], [0.4444444444444444, "#bd3786"], [0.5555555555555556, "#d8576b"], [0.6666666666666666, "#ed7953"], [0.7777777777777778, "#fb9f3a"], [0.8888888888888888, "#fdca26"], [1.0, "#f0f921"]]}], "heatmap": [{"type": "heatmap", "colorbar": {"outlinewidth": 0, "ticks": ""}, "colorscale": [[0.0, "#0d0887"], [0.1111111111111111, "#46039f"], [0.2222222222222222, "#7201a8"], [0.3333333333333333, "#9c179e"], [0.4444444444444444, "#bd3786"], [0.5555555555555556, "#d8576b"], [0.6666666666666666, "#ed7953"], [0.7777777777777778, "#fb9f3a"], [0.8888888888888888, "#fdca26"], [1.0, "#f0f921"]]}], "heatmapgl": [{"type": "heatmapgl", "colorbar": {"outlinewidth": 0, "ticks": ""}, "colorscale": [[0.0, "#0d0887"], [0.1111111111111111, "#46039f"], [0.2222222222222222, "#7201a8"], [0.3333333333333333, "#9c179e"], [0.4444444444444444, "#bd3786"], [0.5555555555555556, "#d8576b"], [0.6666666666666666, "#ed7953"], [0.7777777777777778, "#fb9f3a"], [0.8888888888888888, "#fdca26"], [1.0, "#f0f921"]]}], "contourcarpet": [{"type": "contourcarpet", "colorbar": {"outlinewidth": 0, "ticks": ""}}], "contour": [{"type": "contour", "colorbar": {"outlinewidth": 0, "ticks": ""}, "colorscale": [[0.0, "#0d0887"], [0.1111111111111111, "#46039f"], [0.2222222222222222, "#7201a8"], [0.3333333333333333, "#9c179e"], [0.4444444444444444, "#bd3786"], [0.5555555555555556, "#d8576b"], [0.6666666666666666, "#ed7953"], [0.7777777777777778, "#fb9f3a"], [0.8888888888888888, "#fdca26"], [1.0, "#f0f921"]]}], "surface": [{"type": "surface", "colorbar": {"outlinewidth": 0, "ticks": ""}, "colorscale": [[0.0, "#0d0887"], [0.1111111111111111, "#46039f"], [0.2222222222222222, "#7201a8"], [0.3333333333333333, "#9c179e"], [0.4444444444444444, "#bd3786"], [0.5555555555555556, "#d8576b"], [0.6666666666666666, "#ed7953"], [0.7777777777777778, "#fb9f3a"], [0.8888888888888888, "#fdca26"], [1.0, "#f0f921"]]}], "mesh3d": [{"type": "mesh3d", "colorbar": {"outlinewidth": 0, "ticks": ""}}], "scatter": [{"fillpattern": {"fillmode": "overlay", "size": 10, "solidity": 0.2}, "type": "scatter"}], "parcoords": [{"type": "parcoords", "line": {"colorbar": {"outlinewidth": 0, "ticks": ""}}}], "scatterpolargl": [{"type": "scatterpolargl", "marker": {"colorbar": {"outlinewidth": 0, "ticks": ""}}}], "bar": [{"error_x": {"color": "#2a3f5f"}, "error_y": {"color": "#2a3f5f"}, "marker": {"line": {"color": "#E5ECF6", "width": 0.5}, "pattern": {"fillmode": "overlay", "size": 10, "solidity": 0.2}}, "type": "bar"}], "scattergeo": [{"type": "scattergeo", "marker": {"colorbar": {"outlinewidth": 0, "ticks": ""}}}], "scatterpolar": [{"type": "scatterpolar", "marker": {"colorbar": {"outlinewidth": 0, "ticks": ""}}}], "histogram": [{"marker": {"pattern": {"fillmode": "overlay", "size": 10, "solidity": 0.2}}, "type": "histogram"}], "scattergl": [{"type": "scattergl", "marker": {"colorbar": {"outlinewidth": 0, "ticks": ""}}}], "scatter3d": [{"type": "scatter3d", "line": {"colorbar": {"outlinewidth": 0, "ticks": ""}}, "marker": {"colorbar": {"outlinewidth": 0, "ticks": ""}}}], "scattermapbox": [{"type": "scattermapbox", "marker": {"colorbar": {"outlinewidth": 0, "ticks": ""}}}], "scatterternary": [{"type": "scatterternary", "marker": {"colorbar": {"outlinewidth": 0, "ticks": ""}}}], "scattercarpet": [{"type": "scattercarpet", "marker": {"colorbar": {"outlinewidth": 0, "ticks": ""}}}], "carpet": [{"aaxis": {"endlinecolor": "#2a3f5f", "gridcolor": "white", "linecolor": "white", "minorgridcolor": "white", "startlinecolor": "#2a3f5f"}, "baxis": {"endlinecolor": "#2a3f5f", "gridcolor": "white", "linecolor": "white", "minorgridcolor": "white", "startlinecolor": "#2a3f5f"}, "type": "carpet"}], "table": [{"cells": {"fill": {"color": "#EBF0F8"}, "line": {"color": "white"}}, "header": {"fill": {"color": "#C8D4E3"}, "line": {"color": "white"}}, "type": "table"}], "barpolar": [{"marker": {"line": {"color": "#E5ECF6", "width": 0.5}, "pattern": {"fillmode": "overlay", "size": 10, "solidity": 0.2}}, "type": "barpolar"}], "pie": [{"automargin": true, "type": "pie"}]}, "layout": {"autotypenumbers": "strict", "colorway": ["#636efa", "#EF553B", "#00cc96", "#ab63fa", "#FFA15A", "#19d3f3", "#FF6692", "#B6E880", "#FF97FF", "#FECB52"], "font": {"color": "#2a3f5f"}, "hovermode": "closest", "hoverlabel": {"align": "left"}, "paper_bgcolor": "white", "plot_bgcolor": "#E5ECF6", "polar": {"bgcolor": "#E5ECF6", "angularaxis": {"gridcolor": "white", "linecolor": "white", "ticks": ""}, "radialaxis": {"gridcolor": "white", "linecolor": "white", "ticks": ""}}, "ternary": {"bgcolor": "#E5ECF6", "aaxis": {"gridcolor": "white", "linecolor": "white", "ticks": ""}, "baxis": {"gridcolor": "white", "linecolor": "white", "ticks": ""}, "caxis": {"gridcolor": "white", "linecolor": "white", "ticks": ""}}, "coloraxis": {"colorbar": {"outlinewidth": 0, "ticks": ""}}, "colorscale": {"sequential": [[0.0, "#0d0887"], [0.1111111111111111, "#46039f"], [0.2222222222222222, "#7201a8"], [0.3333333333333333, "#9c179e"], [0.4444444444444444, "#bd3786"], [0.5555555555555556, "#d8576b"], [0.6666666666666666, "#ed7953"], [0.7777777777777778, "#fb9f3a"], [0.8888888888888888, "#fdca26"], [1.0, "#f0f921"]], "sequentialminus": [[0.0, "#0d0887"], [0.1111111111111111, "#46039f"], [0.2222222222222222, "#7201a8"], [0.3333333333333333, "#9c179e"], [0.4444444444444444, "#bd3786"], [0.5555555555555556, "#d8576b"], [0.6666666666666666, "#ed7953"], [0.7777777777777778, "#fb9f3a"], [0.8888888888888888, "#fdca26"], [1.0, "#f0f921"]], "diverging": [[0, "#8e0152"], [0.1, "#c51b7d"], [0.2, "#de77ae"], [0.3, "#f1b6da"], [0.4, "#fde0ef"], [0.5, "#f7f7f7"], [0.6, "#e6f5d0"], [0.7, "#b8e186"], [0.8, "#7fbc41"], [0.9, "#4d9221"], [1, "#276419"]]}, "xaxis": {"gridcolor": "white", "linecolor": "white", "ticks": "", "title": {"standoff": 15}, "zerolinecolor": "white", "automargin": true, "zerolinewidth": 2}, "yaxis": {"gridcolor": "white", "linecolor": "white", "ticks": "", "title": {"standoff": 15}, "zerolinecolor": "white", "automargin": true, "zerolinewidth": 2}, "scene": {"xaxis": {"backgroundcolor": "#E5ECF6", "gridcolor": "white", "linecolor": "white", "showbackground": true, "ticks": "", "zerolinecolor": "white", "gridwidth": 2}, "yaxis": {"backgroundcolor": "#E5ECF6", "gridcolor": "white", "linecolor": "white", "showbackground": true, "ticks": "", "zerolinecolor": "white", "gridwidth": 2}, "zaxis": {"backgroundcolor": "#E5ECF6", "gridcolor": "white", "linecolor": "white", "showbackground": true, "ticks": "", "zerolinecolor": "white", "gridwidth": 2}}, "shapedefaults": {"line": {"color": "#2a3f5f"}}, "annotationdefaults": {"arrowcolor": "#2a3f5f", "arrowhead": 0, "arrowwidth": 1}, "geo": {"bgcolor": "white", "landcolor": "#E5ECF6", "subunitcolor": "white", "showland": true, "showlakes": true, "lakecolor": "white"}, "title": {"x": 0.05}, "mapbox": {"style": "light"}}}}}