{"data": [{"z": [[30.687334060668945, 4.823977470397949, -14.194180488586426, 1.5531600713729858, 5.593918323516846, 5.360498428344727, -1.6029521226882935, 1.044514536857605, 3.6364359855651855, -1.6537262201309204, 6.467754364013672, -9.283008575439453, 0.896328866481781, 2.3178985118865967, 5.141851902008057, -2.953531503677368, 12.024694442749023, 2.482084274291992, -2.004016876220703, 2.3400521278381348, 4.511239528656006], [4.823977470397949, 16.56418228149414, -2.0790555477142334, 9.721429824829102, -2.4166691303253174, -1.4522660970687866, 0.1403695046901703, 3.553785562515259, -1.5761774778366089, -1.4636003971099854, 4.242436408996582, -1.504571557044983, -2.0609941482543945, 5.582674980163574, 0.34453344345092773, 2.315541982650757, -7.680072784423828, -0.3251063823699951, -2.935736656188965, -3.0742197036743164, 4.816460609436035], [-14.194180488586426, -2.0790555477142334, 33.66123580932617, 1.298395037651062, 1.2043782472610474, -1.2195967435836792, -6.905076026916504, 2.7454469203948975, -2.0341944694519043, 2.589648962020874, -8.659906387329102, -0.6648114919662476, 2.0062777996063232, -3.887495994567871, 1.7766274213790894, -1.1951195001602173, -0.7518143653869629, -4.774831771850586, 0.6501369476318359, 0.6239365339279175, -6.718744277954102], [1.5531600713729858, 9.721429824829102, 1.298395037651062, 22.352806091308594, -5.018467426300049, 2.634848117828369, -0.5710082054138184, 2.70865535736084, 1.93318510055542, -7.097922325134277, 5.552717208862305, -0.21735131740570068, -4.936831474304199, 7.052198886871338, -1.3737212419509888, 3.1763529777526855, -1.7381870746612549, 0.06512081623077393, -1.315739393234253, -2.950411319732666, 5.123621940612793], [5.593918323516846, -2.4166691303253174, 1.2043782472610474, -5.018467426300049, 21.1016788482666, -1.6325937509536743, 1.2356207370758057, -0.44424593448638916, -1.4187344312667847, 1.7095469236373901, -0.4824559986591339, -3.6801109313964844, -5.550049304962158, 2.430368661880493, 1.4751473665237427, -0.1342993974685669, 0.6431941986083984, -0.9543886780738831, 3.816262722015381, 0.8209753036499023, -2.9192490577697754], [5.360498428344727, -1.4522660970687866, -1.2195967435836792, 2.634848117828369, -1.6325937509536743, 34.50350570678711, -0.08617305010557175, 3.6959280967712402, -7.400139331817627, -8.97706413269043, -0.10659876465797424, -3.283289670944214, -6.718745708465576, -5.898482322692871, -6.2411370277404785, 4.748929023742676, 6.608473777770996, 1.0901994705200195, 0.15328192710876465, 0.3194293975830078, 11.904227256774902], [-1.6029521226882935, 0.1403695046901703, -6.905076026916504, -0.5710082054138184, 1.2356207370758057, -0.08617305010557175, 36.08504104614258, -4.186366558074951, 3.235133409500122, 2.112572431564331, -0.39634397625923157, 1.2952053546905518, 4.712789058685303, -2.7151737213134766, 4.086467742919922, 2.220703601837158, -8.910591125488281, 5.0787835121154785, 1.3990774154663086, -1.4394978284835815, 1.559010624885559], [1.044514536857605, 3.553785562515259, 2.7454469203948975, 2.70865535736084, -0.44424593448638916, 3.6959280967712402, -4.186366558074951, 13.100650787353516, 0.5279593467712402, 1.980748176574707, -4.454131603240967, 2.734495162963867, -3.593169927597046, 3.5793557167053223, -4.806321144104004, 0.6497455835342407, 0.4419640302658081, 4.801332950592041, 0.24924355745315552, 1.794329047203064, 0.5312418937683105], [3.6364359855651855, -1.5761774778366089, -2.0341944694519043, 1.93318510055542, -1.4187344312667847, -7.400139331817627, 3.235133409500122, 0.5279593467712402, 16.028772354125977, 10.023151397705078, 1.5363303422927856, -3.5686144828796387, 4.369724750518799, 7.803435325622559, -0.5551418662071228, -0.895247220993042, -1.342523455619812, -0.33385610580444336, 11.339715003967285, 2.952190637588501, -8.980212211608887], [-1.6537262201309204, -1.4636003971099854, 2.589648962020874, -7.097922325134277, 1.7095469236373901, -8.97706413269043, 2.112572431564331, 1.980748176574707, 10.023151397705078, 26.419919967651367, 1.7222627401351929, -9.422248840332031, 6.010745048522949, 3.9135353565216064, 1.2291029691696167, 3.90028977394104, -6.074987888336182, -2.239696979522705, 10.800348281860352, 3.0255470275878906, -11.95078182220459], [6.467754364013672, 4.242436408996582, -8.659906387329102, 5.552717208862305, -0.4824559986591339, -0.10659876465797424, -0.39634397625923157, -4.454131603240967, 1.5363303422927856, 1.7222627401351929, 16.435543060302734, -3.5261573791503906, 2.4458320140838623, 3.6537954807281494, 1.5336558818817139, 5.498103141784668, 3.2699811458587646, -2.309886932373047, -0.14246463775634766, -1.7378594875335693, 3.8304214477539062], [-9.283008575439453, -1.504571557044983, -0.6648114919662476, -0.21735131740570068, -3.6801109313964844, -3.283289670944214, 1.2952053546905518, 2.734495162963867, -3.5686144828796387, -9.422248840332031, -3.5261573791503906, 20.821128845214844, 4.825140476226807, 1.502884864807129, -1.3814483880996704, -1.735020637512207, 1.677501916885376, 5.169733047485352, -5.684752464294434, -0.28224098682403564, 8.812776565551758], [0.896328866481781, -2.0609941482543945, 2.0062777996063232, -4.936831474304199, -5.550049304962158, -6.718745708465576, 4.712789058685303, -3.593169927597046, 4.369724750518799, 6.010745048522949, 2.4458320140838623, 4.825140476226807, 18.71341323852539, 0.5868043303489685, 6.386654853820801, 1.3626347780227661, 0.4558805525302887, 0.4963338375091553, -4.329187393188477, -1.1825528144836426, 1.0957740545272827], [2.3178985118865967, 5.582674980163574, -3.887495994567871, 7.052198886871338, 2.430368661880493, -5.898482322692871, -2.7151737213134766, 3.5793557167053223, 7.803435325622559, 3.9135353565216064, 3.6537954807281494, 1.502884864807129, 0.5868043303489685, 28.14101791381836, -7.2993621826171875, -2.3189454078674316, -9.312414169311523, 5.529664516448975, 6.893518924713135, -4.621750831604004, 8.052053451538086], [5.141851902008057, 0.34453344345092773, 1.7766274213790894, -1.3737212419509888, 1.4751473665237427, -6.2411370277404785, 4.086467742919922, -4.806321144104004, -0.5551418662071228, 1.2291029691696167, 1.5336558818817139, -1.3814483880996704, 6.386654853820801, -7.2993621826171875, 20.460411071777344, -0.23235474526882172, 4.334198951721191, -6.571748733520508, -6.811324119567871, -1.4998083114624023, -2.667178153991699], [-2.953531503677368, 2.315541982650757, -1.1951195001602173, 3.1763529777526855, -0.1342993974685669, 4.748929023742676, 2.220703601837158, 0.6497455835342407, -0.895247220993042, 3.90028977394104, 5.498103141784668, -1.735020637512207, 1.3626347780227661, -2.3189454078674316, -0.23235474526882172, 16.46178436279297, -2.237061023712158, 0.9661805629730225, -1.1248472929000854, -6.2935285568237305, -0.5382411479949951], [12.024693489074707, -7.6800737380981445, -0.751814603805542, -1.7381869554519653, 0.643194317817688, 6.608473300933838, -8.910590171813965, 0.44196367263793945, -1.342523455619812, -6.074987411499023, 3.269981622695923, 1.6775020360946655, 0.4558805227279663, -9.312413215637207, 4.334199905395508, -2.2370612621307373, 29.621807098388672, 3.2498435974121094, -2.374335765838623, 8.019889831542969, 4.907042026519775], [2.482084274291992, -0.32510626316070557, -4.774831771850586, 0.06512090563774109, -0.9543887376785278, 1.090199589729309, 5.0787835121154785, 4.801332950592041, -0.3338560163974762, -2.2396976947784424, -2.309887170791626, 5.169732093811035, 0.4963338077068329, 5.529663562774658, -6.57174825668335, 0.9661807417869568, 3.2498435974121094, 20.99292755126953, 0.13891375064849854, -3.9933135509490967, 1.651862621307373], [-2.004016399383545, -2.9357364177703857, 0.6501370668411255, -1.3157395124435425, 3.8162622451782227, 0.1532825082540512, 1.3990768194198608, 0.24924388527870178, 11.339715003967285, 10.800347328186035, -0.14246460795402527, -5.684752941131592, -4.329187870025635, 6.893517971038818, -6.811324596405029, -1.1248472929000854, -2.374335765838623, 0.13891375064849854, 25.089120864868164, 6.722648620605469, -6.22477388381958], [2.340052604675293, -3.074219226837158, 0.6239364743232727, -2.950411558151245, 0.8209754228591919, 0.3194296956062317, -1.4394981861114502, 1.794329047203064, 2.952190637588501, 3.0255467891693115, -1.7378593683242798, -0.2822413444519043, -1.1825530529022217, -4.621750831604004, -1.4998083114624023, -6.2935285568237305, 8.019889831542969, -3.9933135509490967, 6.722648620605469, 21.347951889038086, -0.3595092296600342], [4.511239051818848, 4.816460132598877, -6.718743801116943, 5.123621463775635, -2.9192490577697754, 11.904227256774902, 1.5590108633041382, 0.5312419533729553, -8.98021125793457, -11.950780868530273, 3.8304221630096436, 8.812776565551758, 1.0957742929458618, 8.052053451538086, -2.667177677154541, -0.5382407903671265, 4.907043933868408, 1.651862621307373, -6.22477388381958, -0.3595097064971924, 35.397216796875]], "type": "heatmap"}], "layout": {"template": {"data": {"histogram2dcontour": [{"type": "histogram2dcontour", "colorbar": {"outlinewidth": 0, "ticks": ""}, "colorscale": [[0.0, "#0d0887"], [0.1111111111111111, "#46039f"], [0.2222222222222222, "#7201a8"], [0.3333333333333333, "#9c179e"], [0.4444444444444444, "#bd3786"], [0.5555555555555556, "#d8576b"], [0.6666666666666666, "#ed7953"], [0.7777777777777778, "#fb9f3a"], [0.8888888888888888, "#fdca26"], [1.0, "#f0f921"]]}], "choropleth": [{"type": "choropleth", "colorbar": {"outlinewidth": 0, "ticks": ""}}], "histogram2d": [{"type": "histogram2d", "colorbar": {"outlinewidth": 0, "ticks": ""}, "colorscale": [[0.0, "#0d0887"], [0.1111111111111111, "#46039f"], [0.2222222222222222, "#7201a8"], [0.3333333333333333, "#9c179e"], [0.4444444444444444, "#bd3786"], [0.5555555555555556, "#d8576b"], [0.6666666666666666, "#ed7953"], [0.7777777777777778, "#fb9f3a"], [0.8888888888888888, "#fdca26"], [1.0, "#f0f921"]]}], "heatmap": [{"type": "heatmap", "colorbar": {"outlinewidth": 0, "ticks": ""}, "colorscale": [[0.0, "#0d0887"], [0.1111111111111111, "#46039f"], [0.2222222222222222, "#7201a8"], [0.3333333333333333, "#9c179e"], [0.4444444444444444, "#bd3786"], [0.5555555555555556, "#d8576b"], [0.6666666666666666, "#ed7953"], [0.7777777777777778, "#fb9f3a"], [0.8888888888888888, "#fdca26"], [1.0, "#f0f921"]]}], "heatmapgl": [{"type": "heatmapgl", "colorbar": {"outlinewidth": 0, "ticks": ""}, "colorscale": [[0.0, "#0d0887"], [0.1111111111111111, "#46039f"], [0.2222222222222222, "#7201a8"], [0.3333333333333333, "#9c179e"], [0.4444444444444444, "#bd3786"], [0.5555555555555556, "#d8576b"], [0.6666666666666666, "#ed7953"], [0.7777777777777778, "#fb9f3a"], [0.8888888888888888, "#fdca26"], [1.0, "#f0f921"]]}], "contourcarpet": [{"type": "contourcarpet", "colorbar": {"outlinewidth": 0, "ticks": ""}}], "contour": [{"type": "contour", "colorbar": {"outlinewidth": 0, "ticks": ""}, "colorscale": [[0.0, "#0d0887"], [0.1111111111111111, "#46039f"], [0.2222222222222222, "#7201a8"], [0.3333333333333333, "#9c179e"], [0.4444444444444444, "#bd3786"], [0.5555555555555556, "#d8576b"], [0.6666666666666666, "#ed7953"], [0.7777777777777778, "#fb9f3a"], [0.8888888888888888, "#fdca26"], [1.0, "#f0f921"]]}], "surface": [{"type": "surface", "colorbar": {"outlinewidth": 0, "ticks": ""}, "colorscale": [[0.0, "#0d0887"], [0.1111111111111111, "#46039f"], [0.2222222222222222, "#7201a8"], [0.3333333333333333, "#9c179e"], [0.4444444444444444, "#bd3786"], [0.5555555555555556, "#d8576b"], [0.6666666666666666, "#ed7953"], [0.7777777777777778, "#fb9f3a"], [0.8888888888888888, "#fdca26"], [1.0, "#f0f921"]]}], "mesh3d": [{"type": "mesh3d", "colorbar": {"outlinewidth": 0, "ticks": ""}}], "scatter": [{"fillpattern": {"fillmode": "overlay", "size": 10, "solidity": 0.2}, "type": "scatter"}], "parcoords": [{"type": "parcoords", "line": {"colorbar": {"outlinewidth": 0, "ticks": ""}}}], "scatterpolargl": [{"type": "scatterpolargl", "marker": {"colorbar": {"outlinewidth": 0, "ticks": ""}}}], "bar": [{"error_x": {"color": "#2a3f5f"}, "error_y": {"color": "#2a3f5f"}, "marker": {"line": {"color": "#E5ECF6", "width": 0.5}, "pattern": {"fillmode": "overlay", "size": 10, "solidity": 0.2}}, "type": "bar"}], "scattergeo": [{"type": "scattergeo", "marker": {"colorbar": {"outlinewidth": 0, "ticks": ""}}}], "scatterpolar": [{"type": "scatterpolar", "marker": {"colorbar": {"outlinewidth": 0, "ticks": ""}}}], "histogram": [{"marker": {"pattern": {"fillmode": "overlay", "size": 10, "solidity": 0.2}}, "type": "histogram"}], "scattergl": [{"type": "scattergl", "marker": {"colorbar": {"outlinewidth": 0, "ticks": ""}}}], "scatter3d": [{"type": "scatter3d", "line": {"colorbar": {"outlinewidth": 0, "ticks": ""}}, "marker": {"colorbar": {"outlinewidth": 0, "ticks": ""}}}], "scattermapbox": [{"type": "scattermapbox", "marker": {"colorbar": {"outlinewidth": 0, "ticks": ""}}}], "scatterternary": [{"type": "scatterternary", "marker": {"colorbar": {"outlinewidth": 0, "ticks": ""}}}], "scattercarpet": [{"type": "scattercarpet", "marker": {"colorbar": {"outlinewidth": 0, "ticks": ""}}}], "carpet": [{"aaxis": {"endlinecolor": "#2a3f5f", "gridcolor": "white", "linecolor": "white", "minorgridcolor": "white", "startlinecolor": "#2a3f5f"}, "baxis": {"endlinecolor": "#2a3f5f", "gridcolor": "white", "linecolor": "white", "minorgridcolor": "white", "startlinecolor": "#2a3f5f"}, "type": "carpet"}], "table": [{"cells": {"fill": {"color": "#EBF0F8"}, "line": {"color": "white"}}, "header": {"fill": {"color": "#C8D4E3"}, "line": {"color": "white"}}, "type": "table"}], "barpolar": [{"marker": {"line": {"color": "#E5ECF6", "width": 0.5}, "pattern": {"fillmode": "overlay", "size": 10, "solidity": 0.2}}, "type": "barpolar"}], "pie": [{"automargin": true, "type": "pie"}]}, "layout": {"autotypenumbers": "strict", "colorway": ["#636efa", "#EF553B", "#00cc96", "#ab63fa", "#FFA15A", "#19d3f3", "#FF6692", "#B6E880", "#FF97FF", "#FECB52"], "font": {"color": "#2a3f5f"}, "hovermode": "closest", "hoverlabel": {"align": "left"}, "paper_bgcolor": "white", "plot_bgcolor": "#E5ECF6", "polar": {"bgcolor": "#E5ECF6", "angularaxis": {"gridcolor": "white", "linecolor": "white", "ticks": ""}, "radialaxis": {"gridcolor": "white", "linecolor": "white", "ticks": ""}}, "ternary": {"bgcolor": "#E5ECF6", "aaxis": {"gridcolor": "white", "linecolor": "white", "ticks": ""}, "baxis": {"gridcolor": "white", "linecolor": "white", "ticks": ""}, "caxis": {"gridcolor": "white", "linecolor": "white", "ticks": ""}}, "coloraxis": {"colorbar": {"outlinewidth": 0, "ticks": ""}}, "colorscale": {"sequential": [[0.0, "#0d0887"], [0.1111111111111111, "#46039f"], [0.2222222222222222, "#7201a8"], [0.3333333333333333, "#9c179e"], [0.4444444444444444, "#bd3786"], [0.5555555555555556, "#d8576b"], [0.6666666666666666, "#ed7953"], [0.7777777777777778, "#fb9f3a"], [0.8888888888888888, "#fdca26"], [1.0, "#f0f921"]], "sequentialminus": [[0.0, "#0d0887"], [0.1111111111111111, "#46039f"], [0.2222222222222222, "#7201a8"], [0.3333333333333333, "#9c179e"], [0.4444444444444444, "#bd3786"], [0.5555555555555556, "#d8576b"], [0.6666666666666666, "#ed7953"], [0.7777777777777778, "#fb9f3a"], [0.8888888888888888, "#fdca26"], [1.0, "#f0f921"]], "diverging": [[0, "#8e0152"], [0.1, "#c51b7d"], [0.2, "#de77ae"], [0.3, "#f1b6da"], [0.4, "#fde0ef"], [0.5, "#f7f7f7"], [0.6, "#e6f5d0"], [0.7, "#b8e186"], [0.8, "#7fbc41"], [0.9, "#4d9221"], [1, "#276419"]]}, "xaxis": {"gridcolor": "white", "linecolor": "white", "ticks": "", "title": {"standoff": 15}, "zerolinecolor": "white", "automargin": true, "zerolinewidth": 2}, "yaxis": {"gridcolor": "white", "linecolor": "white", "ticks": "", "title": {"standoff": 15}, "zerolinecolor": "white", "automargin": true, "zerolinewidth": 2}, "scene": {"xaxis": {"backgroundcolor": "#E5ECF6", "gridcolor": "white", "linecolor": "white", "showbackground": true, "ticks": "", "zerolinecolor": "white", "gridwidth": 2}, "yaxis": {"backgroundcolor": "#E5ECF6", "gridcolor": "white", "linecolor": "white", "showbackground": true, "ticks": "", "zerolinecolor": "white", "gridwidth": 2}, "zaxis": {"backgroundcolor": "#E5ECF6", "gridcolor": "white", "linecolor": "white", "showbackground": true, "ticks": "", "zerolinecolor": "white", "gridwidth": 2}}, "shapedefaults": {"line": {"color": "#2a3f5f"}}, "annotationdefaults": {"arrowcolor": "#2a3f5f", "arrowhead": 0, "arrowwidth": 1}, "geo": {"bgcolor": "white", "landcolor": "#E5ECF6", "subunitcolor": "white", "showland": true, "showlakes": true, "lakecolor": "white"}, "title": {"x": 0.05}, "mapbox": {"style": "light"}}}}}