{"data": [{"z": [[30.70261001586914, 4.8227105140686035, -14.202714920043945, 1.55861496925354, 5.594727993011475, 5.369944095611572, -1.6038371324539185, 1.0506304502487183, 3.635315179824829, -1.6675314903259277, 6.4776201248168945, -9.291105270385742, 0.9009518027305603, 2.311382293701172, 5.150721073150635, -2.952657699584961, 12.035870552062988, 2.482356071472168, -2.001588821411133, 2.3406777381896973, 4.512275695800781], [4.8227105140686035, 16.5896053314209, -2.0815606117248535, 9.727227210998535, -2.4180665016174316, -1.4633517265319824, 0.14474302530288696, 3.560112714767456, -1.5784968137741089, -1.4655390977859497, 4.255500316619873, -1.4987138509750366, -2.0573787689208984, 5.593908786773682, 0.34789562225341797, 2.323392868041992, -7.687802314758301, -0.32179462909698486, -2.9370994567871094, -3.0674757957458496, 4.821753025054932], [-14.202714920043945, -2.0815606117248535, 33.69141387939453, 1.3002886772155762, 1.202600359916687, -1.2187241315841675, -6.901656150817871, 2.7532031536102295, -2.0350327491760254, 2.5898499488830566, -8.672625541687012, -0.6649415493011475, 2.0124406814575195, -3.889923334121704, 1.7729843854904175, -1.1886632442474365, -0.7445926666259766, -4.779664993286133, 0.6517224311828613, 0.6196012496948242, -6.7157721519470215], [1.55861496925354, 9.727227210998535, 1.3002886772155762, 22.363056182861328, -5.033224105834961, 2.6320912837982178, -0.5619914531707764, 2.705724000930786, 1.9445809125900269, -7.106332302093506, 5.551970958709717, -0.2124302089214325, -4.943495273590088, 7.059092998504639, -1.3800866603851318, 3.1781227588653564, -1.7410492897033691, 0.06629669666290283, -1.316126823425293, -2.946502208709717, 5.120105266571045], [5.594727993011475, -2.4180665016174316, 1.202600359916687, -5.033224105834961, 21.123085021972656, -1.634747862815857, 1.2341068983078003, -0.4412936866283417, -1.4281350374221802, 1.7054015398025513, -0.4776623845100403, -3.6885530948638916, -5.547735214233398, 2.42913818359375, 1.484868049621582, -0.13456302881240845, 0.6454982757568359, -0.9533830881118774, 3.8222367763519287, 0.8202166557312012, -2.923656940460205], [5.369944095611572, -1.4633517265319824, -1.2187241315841675, 2.6320912837982178, -1.634747862815857, 34.53938293457031, -0.09040221571922302, 3.702338933944702, -7.4148335456848145, -8.985380172729492, -0.09467636793851852, -3.286926031112671, -6.731029033660889, -5.906733989715576, -6.241174697875977, 4.7623443603515625, 6.610492706298828, 1.082650899887085, 0.15509819984436035, 0.31462764739990234, 11.90804672241211], [-1.6038371324539185, 0.14474302530288696, -6.901656150817871, -0.5619914531707764, 1.2341068983078003, -0.09040221571922302, 36.11520004272461, -4.18859338760376, 3.244598627090454, 2.1098906993865967, -0.402999609708786, 1.2956581115722656, 4.717331409454346, -2.7254786491394043, 4.087330341339111, 2.223554849624634, -8.917144775390625, 5.0799560546875, 1.3992376327514648, -1.445953130722046, 1.5599207878112793], [1.0506304502487183, 3.560112714767456, 2.7532031536102295, 2.705724000930786, -0.4412936866283417, 3.702338933944702, -4.18859338760376, 13.113996505737305, 0.5310946702957153, 1.9845666885375977, -4.449897766113281, 2.7496016025543213, -3.5947282314300537, 3.5942389965057373, -4.809540271759033, 0.6586236357688904, 0.4426013231277466, 4.80876350402832, 0.2506371736526489, 1.7965879440307617, 0.5297707319259644], [3.635315179824829, -1.5784968137741089, -2.0350327491760254, 1.9445809125900269, -1.4281350374221802, -7.4148335456848145, 3.244598627090454, 0.5310946702957153, 16.03884506225586, 10.018024444580078, 1.530308723449707, -3.5643093585968018, 4.3746256828308105, 7.8014044761657715, -0.5576499700546265, -0.901982843875885, -1.3398135900497437, -0.33397746086120605, 11.345480918884277, 2.952948570251465, -8.984418869018555], [-1.6675314903259277, -1.4655390977859497, 2.5898499488830566, -7.106332302093506, 1.7054015398025513, -8.985380172729492, 2.1098906993865967, 1.9845666885375977, 10.018024444580078, 26.438091278076172, 1.726423978805542, -9.42617416381836, 6.016818046569824, 3.9111945629119873, 1.2304134368896484, 3.900287628173828, -6.084329128265381, -2.2377102375030518, 10.804023742675781, 3.0284969806671143, -11.957094192504883], [6.4776201248168945, 4.255500316619873, -8.672625541687012, 5.551970958709717, -0.4776623845100403, -0.09467636793851852, -0.402999609708786, -4.449897766113281, 1.530308723449707, 1.726423978805542, 16.461633682250977, -3.5264105796813965, 2.4486758708953857, 3.6573846340179443, 1.5352072715759277, 5.507171630859375, 3.274498462677002, -2.3122916221618652, -0.14322441816329956, -1.738771677017212, 3.837421417236328], [-9.291105270385742, -1.4987138509750366, -0.6649415493011475, -0.2124302089214325, -3.6885530948638916, -3.286926031112671, 1.2956581115722656, 2.7496016025543213, -3.5643093585968018, -9.42617416381836, -3.5264105796813965, 20.846033096313477, 4.829264163970947, 1.5134925842285156, -1.3883000612258911, -1.7278162240982056, 1.67960524559021, 5.183937072753906, -5.682586193084717, -0.2770652770996094, 8.81054401397705], [0.9009518027305603, -2.0573787689208984, 2.0124406814575195, -4.943495273590088, -5.547735214233398, -6.731029033660889, 4.717331409454346, -3.5947282314300537, 4.3746256828308105, 6.016818046569824, 2.4486758708953857, 4.829264163970947, 18.732877731323242, 0.5912778377532959, 6.398799896240234, 1.364724040031433, 0.45241156220436096, 0.5021321773529053, -4.3281049728393555, -1.1869771480560303, 1.0897876024246216], [2.311382293701172, 5.593908786773682, -3.889923334121704, 7.059092998504639, 2.42913818359375, -5.906733989715576, -2.7254786491394043, 3.5942389965057373, 7.8014044761657715, 3.9111945629119873, 3.6573846340179443, 1.5134925842285156, 0.5912778377532959, 28.17021942138672, -7.309456825256348, -2.3210113048553467, -9.31170654296875, 5.538802146911621, 6.904265403747559, -4.626186847686768, 8.058126449584961], [5.150721073150635, 0.34789562225341797, 1.7729843854904175, -1.3800866603851318, 1.484868049621582, -6.241174697875977, 4.087330341339111, -4.809540271759033, -0.5576499700546265, 1.2304134368896484, 1.5352072715759277, -1.3883000612258911, 6.398799896240234, -7.309456825256348, 20.477556228637695, -0.23448969423770905, 4.336760520935059, -6.580870628356934, -6.815947532653809, -1.5039572715759277, -2.6673943996429443], [-2.952657699584961, 2.323392868041992, -1.1886632442474365, 3.1781227588653564, -0.13456302881240845, 4.7623443603515625, 2.223554849624634, 0.6586236357688904, -0.901982843875885, 3.900287628173828, 5.507171630859375, -1.7278162240982056, 1.364724040031433, -2.3210113048553467, -0.23448969423770905, 16.487268447875977, -2.233848810195923, 0.9667943120002747, -1.1210315227508545, -6.307833671569824, -0.5323283672332764], [12.035871505737305, -7.687802314758301, -0.7445932030677795, -1.7410492897033691, 0.6454978585243225, 6.610493183135986, -8.917144775390625, 0.4426010549068451, -1.3398133516311646, -6.084328651428223, 3.2744979858398438, 1.6796057224273682, 0.4524112641811371, -9.31170654296875, 4.3367600440979, -2.233848810195923, 29.644351959228516, 3.242475986480713, -2.3784096240997314, 8.027131080627441, 4.909731388092041], [2.4823555946350098, -0.3217945694923401, -4.779664993286133, 0.0662965402007103, -0.9533828496932983, 1.0826504230499268, 5.079955577850342, 4.8087639808654785, -0.3339771032333374, -2.2377097606658936, -2.3122916221618652, 5.18393611907959, 0.5021324753761292, 5.538802146911621, -6.580870628356934, 0.9667943716049194, 3.242475986480713, 21.006820678710938, 0.1396845579147339, -3.9951932430267334, 1.6519296169281006], [-2.001589298248291, -2.9370996952056885, 0.6517220735549927, -1.3161267042160034, 3.822237014770508, 0.15509843826293945, 1.3992379903793335, 0.2506372630596161, 11.345480918884277, 10.804023742675781, -0.14322441816329956, -5.6825852394104, -4.328104019165039, 6.904265403747559, -6.81594705581665, -1.1210315227508545, -2.3784096240997314, 0.1396845579147339, 25.103069305419922, 6.722369194030762, -6.2287139892578125], [2.3406777381896973, -3.0674757957458496, 0.6196011304855347, -2.946502208709717, 0.8202164769172668, 0.31462863087654114, -1.4459534883499146, 1.796587586402893, 2.952948808670044, 3.0284969806671143, -1.7387717962265015, -0.27706509828567505, -1.1869769096374512, -4.626186370849609, -1.5039570331573486, -6.307833194732666, 8.027131080627441, -3.9951932430267334, 6.722369194030762, 21.378488540649414, -0.35884857177734375], [4.512274742126465, 4.82175350189209, -6.715771675109863, 5.120104789733887, -2.923656940460205, 11.90804672241211, 1.5599206686019897, 0.5297703742980957, -8.984418869018555, -11.957093238830566, 3.837421417236328, 8.81054401397705, 1.089787483215332, 8.058125495910645, -2.6673946380615234, -0.5323288440704346, 4.909731864929199, 1.6519304513931274, -6.228713512420654, -0.3588486909866333, 35.397216796875]], "type": "heatmap"}], "layout": {"template": {"data": {"histogram2dcontour": [{"type": "histogram2dcontour", "colorbar": {"outlinewidth": 0, "ticks": ""}, "colorscale": [[0.0, "#0d0887"], [0.1111111111111111, "#46039f"], [0.2222222222222222, "#7201a8"], [0.3333333333333333, "#9c179e"], [0.4444444444444444, "#bd3786"], [0.5555555555555556, "#d8576b"], [0.6666666666666666, "#ed7953"], [0.7777777777777778, "#fb9f3a"], [0.8888888888888888, "#fdca26"], [1.0, "#f0f921"]]}], "choropleth": [{"type": "choropleth", "colorbar": {"outlinewidth": 0, "ticks": ""}}], "histogram2d": [{"type": "histogram2d", "colorbar": {"outlinewidth": 0, "ticks": ""}, "colorscale": [[0.0, "#0d0887"], [0.1111111111111111, "#46039f"], [0.2222222222222222, "#7201a8"], [0.3333333333333333, "#9c179e"], [0.4444444444444444, "#bd3786"], [0.5555555555555556, "#d8576b"], [0.6666666666666666, "#ed7953"], [0.7777777777777778, "#fb9f3a"], [0.8888888888888888, "#fdca26"], [1.0, "#f0f921"]]}], "heatmap": [{"type": "heatmap", "colorbar": {"outlinewidth": 0, "ticks": ""}, "colorscale": [[0.0, "#0d0887"], [0.1111111111111111, "#46039f"], [0.2222222222222222, "#7201a8"], [0.3333333333333333, "#9c179e"], [0.4444444444444444, "#bd3786"], [0.5555555555555556, "#d8576b"], [0.6666666666666666, "#ed7953"], [0.7777777777777778, "#fb9f3a"], [0.8888888888888888, "#fdca26"], [1.0, "#f0f921"]]}], "heatmapgl": [{"type": "heatmapgl", "colorbar": {"outlinewidth": 0, "ticks": ""}, "colorscale": [[0.0, "#0d0887"], [0.1111111111111111, "#46039f"], [0.2222222222222222, "#7201a8"], [0.3333333333333333, "#9c179e"], [0.4444444444444444, "#bd3786"], [0.5555555555555556, "#d8576b"], [0.6666666666666666, "#ed7953"], [0.7777777777777778, "#fb9f3a"], [0.8888888888888888, "#fdca26"], [1.0, "#f0f921"]]}], "contourcarpet": [{"type": "contourcarpet", "colorbar": {"outlinewidth": 0, "ticks": ""}}], "contour": [{"type": "contour", "colorbar": {"outlinewidth": 0, "ticks": ""}, "colorscale": [[0.0, "#0d0887"], [0.1111111111111111, "#46039f"], [0.2222222222222222, "#7201a8"], [0.3333333333333333, "#9c179e"], [0.4444444444444444, "#bd3786"], [0.5555555555555556, "#d8576b"], [0.6666666666666666, "#ed7953"], [0.7777777777777778, "#fb9f3a"], [0.8888888888888888, "#fdca26"], [1.0, "#f0f921"]]}], "surface": [{"type": "surface", "colorbar": {"outlinewidth": 0, "ticks": ""}, "colorscale": [[0.0, "#0d0887"], [0.1111111111111111, "#46039f"], [0.2222222222222222, "#7201a8"], [0.3333333333333333, "#9c179e"], [0.4444444444444444, "#bd3786"], [0.5555555555555556, "#d8576b"], [0.6666666666666666, "#ed7953"], [0.7777777777777778, "#fb9f3a"], [0.8888888888888888, "#fdca26"], [1.0, "#f0f921"]]}], "mesh3d": [{"type": "mesh3d", "colorbar": {"outlinewidth": 0, "ticks": ""}}], "scatter": [{"fillpattern": {"fillmode": "overlay", "size": 10, "solidity": 0.2}, "type": "scatter"}], "parcoords": [{"type": "parcoords", "line": {"colorbar": {"outlinewidth": 0, "ticks": ""}}}], "scatterpolargl": [{"type": "scatterpolargl", "marker": {"colorbar": {"outlinewidth": 0, "ticks": ""}}}], "bar": [{"error_x": {"color": "#2a3f5f"}, "error_y": {"color": "#2a3f5f"}, "marker": {"line": {"color": "#E5ECF6", "width": 0.5}, "pattern": {"fillmode": "overlay", "size": 10, "solidity": 0.2}}, "type": "bar"}], "scattergeo": [{"type": "scattergeo", "marker": {"colorbar": {"outlinewidth": 0, "ticks": ""}}}], "scatterpolar": [{"type": "scatterpolar", "marker": {"colorbar": {"outlinewidth": 0, "ticks": ""}}}], "histogram": [{"marker": {"pattern": {"fillmode": "overlay", "size": 10, "solidity": 0.2}}, "type": "histogram"}], "scattergl": [{"type": "scattergl", "marker": {"colorbar": {"outlinewidth": 0, "ticks": ""}}}], "scatter3d": [{"type": "scatter3d", "line": {"colorbar": {"outlinewidth": 0, "ticks": ""}}, "marker": {"colorbar": {"outlinewidth": 0, "ticks": ""}}}], "scattermapbox": [{"type": "scattermapbox", "marker": {"colorbar": {"outlinewidth": 0, "ticks": ""}}}], "scatterternary": [{"type": "scatterternary", "marker": {"colorbar": {"outlinewidth": 0, "ticks": ""}}}], "scattercarpet": [{"type": "scattercarpet", "marker": {"colorbar": {"outlinewidth": 0, "ticks": ""}}}], "carpet": [{"aaxis": {"endlinecolor": "#2a3f5f", "gridcolor": "white", "linecolor": "white", "minorgridcolor": "white", "startlinecolor": "#2a3f5f"}, "baxis": {"endlinecolor": "#2a3f5f", "gridcolor": "white", "linecolor": "white", "minorgridcolor": "white", "startlinecolor": "#2a3f5f"}, "type": "carpet"}], "table": [{"cells": {"fill": {"color": "#EBF0F8"}, "line": {"color": "white"}}, "header": {"fill": {"color": "#C8D4E3"}, "line": {"color": "white"}}, "type": "table"}], "barpolar": [{"marker": {"line": {"color": "#E5ECF6", "width": 0.5}, "pattern": {"fillmode": "overlay", "size": 10, "solidity": 0.2}}, "type": "barpolar"}], "pie": [{"automargin": true, "type": "pie"}]}, "layout": {"autotypenumbers": "strict", "colorway": ["#636efa", "#EF553B", "#00cc96", "#ab63fa", "#FFA15A", "#19d3f3", "#FF6692", "#B6E880", "#FF97FF", "#FECB52"], "font": {"color": "#2a3f5f"}, "hovermode": "closest", "hoverlabel": {"align": "left"}, "paper_bgcolor": "white", "plot_bgcolor": "#E5ECF6", "polar": {"bgcolor": "#E5ECF6", "angularaxis": {"gridcolor": "white", "linecolor": "white", "ticks": ""}, "radialaxis": {"gridcolor": "white", "linecolor": "white", "ticks": ""}}, "ternary": {"bgcolor": "#E5ECF6", "aaxis": {"gridcolor": "white", "linecolor": "white", "ticks": ""}, "baxis": {"gridcolor": "white", "linecolor": "white", "ticks": ""}, "caxis": {"gridcolor": "white", "linecolor": "white", "ticks": ""}}, "coloraxis": {"colorbar": {"outlinewidth": 0, "ticks": ""}}, "colorscale": {"sequential": [[0.0, "#0d0887"], [0.1111111111111111, "#46039f"], [0.2222222222222222, "#7201a8"], [0.3333333333333333, "#9c179e"], [0.4444444444444444, "#bd3786"], [0.5555555555555556, "#d8576b"], [0.6666666666666666, "#ed7953"], [0.7777777777777778, "#fb9f3a"], [0.8888888888888888, "#fdca26"], [1.0, "#f0f921"]], "sequentialminus": [[0.0, "#0d0887"], [0.1111111111111111, "#46039f"], [0.2222222222222222, "#7201a8"], [0.3333333333333333, "#9c179e"], [0.4444444444444444, "#bd3786"], [0.5555555555555556, "#d8576b"], [0.6666666666666666, "#ed7953"], [0.7777777777777778, "#fb9f3a"], [0.8888888888888888, "#fdca26"], [1.0, "#f0f921"]], "diverging": [[0, "#8e0152"], [0.1, "#c51b7d"], [0.2, "#de77ae"], [0.3, "#f1b6da"], [0.4, "#fde0ef"], [0.5, "#f7f7f7"], [0.6, "#e6f5d0"], [0.7, "#b8e186"], [0.8, "#7fbc41"], [0.9, "#4d9221"], [1, "#276419"]]}, "xaxis": {"gridcolor": "white", "linecolor": "white", "ticks": "", "title": {"standoff": 15}, "zerolinecolor": "white", "automargin": true, "zerolinewidth": 2}, "yaxis": {"gridcolor": "white", "linecolor": "white", "ticks": "", "title": {"standoff": 15}, "zerolinecolor": "white", "automargin": true, "zerolinewidth": 2}, "scene": {"xaxis": {"backgroundcolor": "#E5ECF6", "gridcolor": "white", "linecolor": "white", "showbackground": true, "ticks": "", "zerolinecolor": "white", "gridwidth": 2}, "yaxis": {"backgroundcolor": "#E5ECF6", "gridcolor": "white", "linecolor": "white", "showbackground": true, "ticks": "", "zerolinecolor": "white", "gridwidth": 2}, "zaxis": {"backgroundcolor": "#E5ECF6", "gridcolor": "white", "linecolor": "white", "showbackground": true, "ticks": "", "zerolinecolor": "white", "gridwidth": 2}}, "shapedefaults": {"line": {"color": "#2a3f5f"}}, "annotationdefaults": {"arrowcolor": "#2a3f5f", "arrowhead": 0, "arrowwidth": 1}, "geo": {"bgcolor": "white", "landcolor": "#E5ECF6", "subunitcolor": "white", "showland": true, "showlakes": true, "lakecolor": "white"}, "title": {"x": 0.05}, "mapbox": {"style": "light"}}}}}