{"data": [{"z": [[2.8998842239379883, -0.9644178152084351, -2.3120875358581543, 2.4840922355651855, 2.979560136795044, 2.633277416229248, 2.1841647624969482, -1.4363899230957031, -4.156229496002197, 2.7424798011779785, 2.151796340942383, 2.5971713066101074, -1.0602107048034668, 3.274371862411499, 1.7202491760253906, -1.209012508392334, -2.2382700443267822, -1.9991676807403564, -2.6257364749908447, -2.6373112201690674, 0.01890881173312664], [-0.9644178152084351, 2.7372262477874756, 3.2771027088165283, -1.0706676244735718, -1.096410870552063, -0.9487966895103455, -1.2697973251342773, 0.9517234563827515, 0.1598861962556839, -1.3450450897216797, -0.7114875912666321, -0.728667676448822, 2.163408041000366, -0.1730116754770279, -1.949485182762146, 1.9108699560165405, 1.5611207485198975, 2.2102625370025635, 1.1220351457595825, 2.915865659713745, -0.805539071559906], [-2.3120875358581543, 3.2771027088165283, 5.645865440368652, -1.382460594177246, -2.210340976715088, -2.2308056354522705, -1.780487298965454, -0.46656641364097595, 0.869725227355957, -2.614351987838745, -2.600950002670288, 0.4857058525085449, 1.383011817932129, -2.322486400604248, -2.1072893142700195, 2.0604701042175293, 3.1781911849975586, 2.4536545276641846, 2.614226818084717, 3.4489269256591797, 0.2745242416858673], [2.4840922355651855, -1.0706676244735718, -1.382460594177246, 3.995803117752075, 2.0533030033111572, 2.936695098876953, 3.1885364055633545, -2.2939162254333496, -3.3963029384613037, 2.873051643371582, 2.2926430702209473, 4.961153507232666, -1.280356764793396, 3.5359158515930176, 2.0186171531677246, -1.6195077896118164, -2.721585273742676, -2.214338779449463, -2.33170747756958, -1.5834507942199707, 0.28727179765701294], [2.979560136795044, -1.096410870552063, -2.210340976715088, 2.0533030033111572, 3.530428886413574, 2.290076494216919, 1.8816128969192505, -2.2515058517456055, -4.984852313995361, 2.577113151550293, 1.3908178806304932, 2.627828598022461, -1.9111617803573608, 2.435408353805542, 2.0363996028900146, -1.3601070642471313, -1.5785510540008545, -2.396548271179199, -2.509775161743164, -3.7889950275421143, 0.655269205570221], [2.633277416229248, -0.9487966895103455, -2.2308056354522705, 2.936695098876953, 2.290076494216919, 2.806633234024048, 2.487881898880005, -0.9453436732292175, -3.178624153137207, 2.77003812789917, 2.6181137561798096, 2.837754011154175, -0.5151259303092957, 3.721860647201538, 1.5213134288787842, -1.1779624223709106, -2.7214460372924805, -1.722029209136963, -2.5444037914276123, -1.5977517366409302, -0.3588779866695404], [2.1841647624969482, -1.2697973251342773, -1.780487298965454, 3.1885364055633545, 1.8816128969192505, 2.487881898880005, 2.6364033222198486, -1.7651900053024292, -2.7410852909088135, 2.5063278675079346, 2.007737159729004, 3.7262585163116455, -1.2438914775848389, 2.9003970623016357, 1.8464349508285522, -1.5255966186523438, -2.4277796745300293, -2.0473625659942627, -2.0938851833343506, -1.7550041675567627, 0.24923178553581238], [-1.4363899230957031, 0.9517234563827515, -0.46656641364097595, -2.2939162254333496, -2.2515058517456055, -0.9453436732292175, -1.7651900053024292, 4.681066036224365, 4.219831943511963, -1.3014745712280273, 0.9145525097846985, -5.099196910858154, 3.530447483062744, 0.2212342917919159, -2.3735439777374268, 1.6807914972305298, -0.1183210164308548, 2.67026948928833, 0.7945064902305603, 3.6102688312530518, -2.3638956546783447], [-4.156229496002197, 0.1598861962556839, 0.869725227355957, -3.3963029384613037, -4.984852313995361, -3.178624153137207, -2.7410852909088135, 4.219831943511963, 8.346160888671875, -3.4042916297912598, -1.449181079864502, -5.428286075592041, 2.45927095413208, -3.591596841812134, -2.510714292526245, 1.3607847690582275, 1.475278615951538, 2.942789077758789, 3.207806348800659, 4.51377010345459, -1.1475504636764526], [2.7424798011779785, -1.3450450897216797, -2.614351987838745, 2.873051643371582, 2.577113151550293, 2.77003812789917, 2.5063278675079346, -1.3014745712280273, -3.4042916297912598, 2.8459672927856445, 2.4242420196533203, 2.8634533882141113, -1.0644346475601196, 3.4063961505889893, 1.8534021377563477, -1.4588290452957153, -2.669663429260254, -2.1121561527252197, -2.6145458221435547, -2.3369975090026855, -0.04576433449983597], [2.151796340942383, -0.7114875912666321, -2.600950002670288, 2.2926430702209473, 1.3908178806304932, 2.6181137561798096, 2.007737159729004, 0.9145525097846985, -1.449181079864502, 2.4242420196533203, 3.2021594047546387, 1.0379217863082886, 0.8799142837524414, 4.054009914398193, 0.6829609274864197, -0.6315048933029175, -3.0340311527252197, -0.7683237791061401, -2.3557236194610596, -0.1333640068769455, -1.3463319540023804], [2.5971713066101074, -0.728667676448822, 0.4857058525085449, 4.961153507232666, 2.627828598022461, 2.837754011154175, 3.7262585163116455, -5.099196910858154, -5.428286075592041, 2.8634533882141113, 1.0379217863082886, 8.065093040466309, -2.914005994796753, 2.729343891143799, 2.7890098094940186, -2.0260231494903564, -1.7851368188858032, -3.0508384704589844, -2.0123085975646973, -2.6065282821655273, 1.722434401512146], [-1.0602107048034668, 2.163408041000366, 1.383011817932129, -1.280356764793396, -1.9111617803573608, -0.5151259303092957, -1.2438914775848389, 3.530447483062744, 2.45927095413208, -1.0644346475601196, 0.8799142837524414, -2.914005994796753, 3.7180824279785156, 1.0299204587936401, -2.4915168285369873, 2.037761926651001, 0.13441838324069977, 2.835097074508667, 0.7021589875221252, 4.235978126525879, -2.231760025024414], [3.274371862411499, -0.1730116754770279, -2.322486400604248, 3.5359158515930176, 2.435408353805542, 3.721860647201538, 2.9003970623016357, 0.2212342917919159, -3.591596841812134, 3.4063961505889893, 4.054009914398193, 2.729343891143799, 1.0299204587936401, 5.7639899253845215, 0.9455747008323669, -0.6358948349952698, -3.6794519424438477, -1.0685687065124512, -3.270449161529541, -0.28540870547294617, -1.5325261354446411], [1.7202491760253906, -1.949485182762146, -2.1072893142700195, 2.0186171531677246, 2.0363996028900146, 1.5213134288787842, 1.8464349508285522, -2.3735439777374268, -2.510714292526245, 1.8534021377563477, 0.6829609274864197, 2.7890098094940186, -2.4915168285369873, 0.9455747008323669, 2.2132930755615234, -1.8420121669769287, -1.3991118669509888, -2.510467052459717, -1.5303279161453247, -3.2729721069335938, 1.1571295261383057], [-1.209012508392334, 1.9108699560165405, 2.0604701042175293, -1.6195077896118164, -1.3601070642471313, -1.1779624223709106, -1.5255966186523438, 1.6807914972305298, 1.3607847690582275, -1.4588290452957153, -0.6315048933029175, -2.0260231494903564, 2.037761926651001, -0.6358948349952698, -1.8420121669769287, 1.6376343965530396, 1.3168489933013916, 2.0753703117370605, 1.166495442390442, 2.5612919330596924, -0.8974316120147705], [-2.2382700443267822, 1.5611207485198975, 3.1781911849975586, -2.721585273742676, -1.5785510540008545, -2.7214460372924805, -2.4277796745300293, -0.1183210164308548, 1.475278615951538, -2.669663429260254, -3.0340311527252197, -1.7851368188858032, 0.13441838324069977, -3.6794519424438477, -1.3991118669509888, 1.3168489933013916, 3.246474027633667, 1.562175989151001, 2.448728322982788, 1.093415379524231, 0.7669398188591003], [-1.9991676807403564, 2.2102625370025635, 2.4536545276641846, -2.214338779449463, -2.396548271179199, -1.722029209136963, -2.0473625659942627, 2.67026948928833, 2.942789077758789, -2.1121561527252197, -0.7683237791061401, -3.0508384704589844, 2.835097074508667, -1.0685687065124512, -2.510467052459717, 2.0753703117370605, 1.562175989151001, 2.855717420578003, 1.770232915878296, 3.811605930328369, -1.3084931373596191], [-2.6257364749908447, 1.1220351457595825, 2.614226818084717, -2.33170747756958, -2.509775161743164, -2.5444037914276123, -2.0938851833343506, 0.7945064902305603, 3.207806348800659, -2.6145458221435547, -2.3557236194610596, -2.0123085975646973, 0.7021589875221252, -3.270449161529541, -1.5303279161453247, 1.166495442390442, 2.448728322982788, 1.770232915878296, 2.5085842609405518, 2.1479361057281494, 0.26471060514450073], [-2.6373112201690674, 2.915865659713745, 3.4489269256591797, -1.5834507942199707, -3.7889950275421143, -1.5977517366409302, -1.7550041675567627, 3.6102688312530518, 4.51377010345459, -2.3369975090026855, -0.1333640068769455, -2.6065282821655273, 4.235978126525879, -0.28540870547294617, -3.2729721069335938, 2.5612919330596924, 1.093415379524231, 3.811605930328369, 2.1479361057281494, 6.262688636779785, -2.1084866523742676], [0.01890881173312664, -0.805539071559906, 0.2745242416858673, 0.28727179765701294, 0.655269205570221, -0.3588779866695404, 0.24923178553581238, -2.3638956546783447, -1.1475504636764526, -0.04576433449983597, -1.3463319540023804, 1.722434401512146, -2.231760025024414, -1.5325261354446411, 1.1571295261383057, -0.8974316120147705, 0.7669398188591003, -1.3084931373596191, 0.26471060514450073, -2.1084866523742676, 1.6046772003173828]], "type": "heatmap"}], "layout": {"template": {"data": {"histogram2dcontour": [{"type": "histogram2dcontour", "colorbar": {"outlinewidth": 0, "ticks": ""}, "colorscale": [[0.0, "#0d0887"], [0.1111111111111111, "#46039f"], [0.2222222222222222, "#7201a8"], [0.3333333333333333, "#9c179e"], [0.4444444444444444, "#bd3786"], [0.5555555555555556, "#d8576b"], [0.6666666666666666, "#ed7953"], [0.7777777777777778, "#fb9f3a"], [0.8888888888888888, "#fdca26"], [1.0, "#f0f921"]]}], "choropleth": [{"type": "choropleth", "colorbar": {"outlinewidth": 0, "ticks": ""}}], "histogram2d": [{"type": "histogram2d", "colorbar": {"outlinewidth": 0, "ticks": ""}, "colorscale": [[0.0, "#0d0887"], [0.1111111111111111, "#46039f"], [0.2222222222222222, "#7201a8"], [0.3333333333333333, "#9c179e"], [0.4444444444444444, "#bd3786"], [0.5555555555555556, "#d8576b"], [0.6666666666666666, "#ed7953"], [0.7777777777777778, "#fb9f3a"], [0.8888888888888888, "#fdca26"], [1.0, "#f0f921"]]}], "heatmap": [{"type": "heatmap", "colorbar": {"outlinewidth": 0, "ticks": ""}, "colorscale": [[0.0, "#0d0887"], [0.1111111111111111, "#46039f"], [0.2222222222222222, "#7201a8"], [0.3333333333333333, "#9c179e"], [0.4444444444444444, "#bd3786"], [0.5555555555555556, "#d8576b"], [0.6666666666666666, "#ed7953"], [0.7777777777777778, "#fb9f3a"], [0.8888888888888888, "#fdca26"], [1.0, "#f0f921"]]}], "heatmapgl": [{"type": "heatmapgl", "colorbar": {"outlinewidth": 0, "ticks": ""}, "colorscale": [[0.0, "#0d0887"], [0.1111111111111111, "#46039f"], [0.2222222222222222, "#7201a8"], [0.3333333333333333, "#9c179e"], [0.4444444444444444, "#bd3786"], [0.5555555555555556, "#d8576b"], [0.6666666666666666, "#ed7953"], [0.7777777777777778, "#fb9f3a"], [0.8888888888888888, "#fdca26"], [1.0, "#f0f921"]]}], "contourcarpet": [{"type": "contourcarpet", "colorbar": {"outlinewidth": 0, "ticks": ""}}], "contour": [{"type": "contour", "colorbar": {"outlinewidth": 0, "ticks": ""}, "colorscale": [[0.0, "#0d0887"], [0.1111111111111111, "#46039f"], [0.2222222222222222, "#7201a8"], [0.3333333333333333, "#9c179e"], [0.4444444444444444, "#bd3786"], [0.5555555555555556, "#d8576b"], [0.6666666666666666, "#ed7953"], [0.7777777777777778, "#fb9f3a"], [0.8888888888888888, "#fdca26"], [1.0, "#f0f921"]]}], "surface": [{"type": "surface", "colorbar": {"outlinewidth": 0, "ticks": ""}, "colorscale": [[0.0, "#0d0887"], [0.1111111111111111, "#46039f"], [0.2222222222222222, "#7201a8"], [0.3333333333333333, "#9c179e"], [0.4444444444444444, "#bd3786"], [0.5555555555555556, "#d8576b"], [0.6666666666666666, "#ed7953"], [0.7777777777777778, "#fb9f3a"], [0.8888888888888888, "#fdca26"], [1.0, "#f0f921"]]}], "mesh3d": [{"type": "mesh3d", "colorbar": {"outlinewidth": 0, "ticks": ""}}], "scatter": [{"fillpattern": {"fillmode": "overlay", "size": 10, "solidity": 0.2}, "type": "scatter"}], "parcoords": [{"type": "parcoords", "line": {"colorbar": {"outlinewidth": 0, "ticks": ""}}}], "scatterpolargl": [{"type": "scatterpolargl", "marker": {"colorbar": {"outlinewidth": 0, "ticks": ""}}}], "bar": [{"error_x": {"color": "#2a3f5f"}, "error_y": {"color": "#2a3f5f"}, "marker": {"line": {"color": "#E5ECF6", "width": 0.5}, "pattern": {"fillmode": "overlay", "size": 10, "solidity": 0.2}}, "type": "bar"}], "scattergeo": [{"type": "scattergeo", "marker": {"colorbar": {"outlinewidth": 0, "ticks": ""}}}], "scatterpolar": [{"type": "scatterpolar", "marker": {"colorbar": {"outlinewidth": 0, "ticks": ""}}}], "histogram": [{"marker": {"pattern": {"fillmode": "overlay", "size": 10, "solidity": 0.2}}, "type": "histogram"}], "scattergl": [{"type": "scattergl", "marker": {"colorbar": {"outlinewidth": 0, "ticks": ""}}}], "scatter3d": [{"type": "scatter3d", "line": {"colorbar": {"outlinewidth": 0, "ticks": ""}}, "marker": {"colorbar": {"outlinewidth": 0, "ticks": ""}}}], "scattermapbox": [{"type": "scattermapbox", "marker": {"colorbar": {"outlinewidth": 0, "ticks": ""}}}], "scatterternary": [{"type": "scatterternary", "marker": {"colorbar": {"outlinewidth": 0, "ticks": ""}}}], "scattercarpet": [{"type": "scattercarpet", "marker": {"colorbar": {"outlinewidth": 0, "ticks": ""}}}], "carpet": [{"aaxis": {"endlinecolor": "#2a3f5f", "gridcolor": "white", "linecolor": "white", "minorgridcolor": "white", "startlinecolor": "#2a3f5f"}, "baxis": {"endlinecolor": "#2a3f5f", "gridcolor": "white", "linecolor": "white", "minorgridcolor": "white", "startlinecolor": "#2a3f5f"}, "type": "carpet"}], "table": [{"cells": {"fill": {"color": "#EBF0F8"}, "line": {"color": "white"}}, "header": {"fill": {"color": "#C8D4E3"}, "line": {"color": "white"}}, "type": "table"}], "barpolar": [{"marker": {"line": {"color": "#E5ECF6", "width": 0.5}, "pattern": {"fillmode": "overlay", "size": 10, "solidity": 0.2}}, "type": "barpolar"}], "pie": [{"automargin": true, "type": "pie"}]}, "layout": {"autotypenumbers": "strict", "colorway": ["#636efa", "#EF553B", "#00cc96", "#ab63fa", "#FFA15A", "#19d3f3", "#FF6692", "#B6E880", "#FF97FF", "#FECB52"], "font": {"color": "#2a3f5f"}, "hovermode": "closest", "hoverlabel": {"align": "left"}, "paper_bgcolor": "white", "plot_bgcolor": "#E5ECF6", "polar": {"bgcolor": "#E5ECF6", "angularaxis": {"gridcolor": "white", "linecolor": "white", "ticks": ""}, "radialaxis": {"gridcolor": "white", "linecolor": "white", "ticks": ""}}, "ternary": {"bgcolor": "#E5ECF6", "aaxis": {"gridcolor": "white", "linecolor": "white", "ticks": ""}, "baxis": {"gridcolor": "white", "linecolor": "white", "ticks": ""}, "caxis": {"gridcolor": "white", "linecolor": "white", "ticks": ""}}, "coloraxis": {"colorbar": {"outlinewidth": 0, "ticks": ""}}, "colorscale": {"sequential": [[0.0, "#0d0887"], [0.1111111111111111, "#46039f"], [0.2222222222222222, "#7201a8"], [0.3333333333333333, "#9c179e"], [0.4444444444444444, "#bd3786"], [0.5555555555555556, "#d8576b"], [0.6666666666666666, "#ed7953"], [0.7777777777777778, "#fb9f3a"], [0.8888888888888888, "#fdca26"], [1.0, "#f0f921"]], "sequentialminus": [[0.0, "#0d0887"], [0.1111111111111111, "#46039f"], [0.2222222222222222, "#7201a8"], [0.3333333333333333, "#9c179e"], [0.4444444444444444, "#bd3786"], [0.5555555555555556, "#d8576b"], [0.6666666666666666, "#ed7953"], [0.7777777777777778, "#fb9f3a"], [0.8888888888888888, "#fdca26"], [1.0, "#f0f921"]], "diverging": [[0, "#8e0152"], [0.1, "#c51b7d"], [0.2, "#de77ae"], [0.3, "#f1b6da"], [0.4, "#fde0ef"], [0.5, "#f7f7f7"], [0.6, "#e6f5d0"], [0.7, "#b8e186"], [0.8, "#7fbc41"], [0.9, "#4d9221"], [1, "#276419"]]}, "xaxis": {"gridcolor": "white", "linecolor": "white", "ticks": "", "title": {"standoff": 15}, "zerolinecolor": "white", "automargin": true, "zerolinewidth": 2}, "yaxis": {"gridcolor": "white", "linecolor": "white", "ticks": "", "title": {"standoff": 15}, "zerolinecolor": "white", "automargin": true, "zerolinewidth": 2}, "scene": {"xaxis": {"backgroundcolor": "#E5ECF6", "gridcolor": "white", "linecolor": "white", "showbackground": true, "ticks": "", "zerolinecolor": "white", "gridwidth": 2}, "yaxis": {"backgroundcolor": "#E5ECF6", "gridcolor": "white", "linecolor": "white", "showbackground": true, "ticks": "", "zerolinecolor": "white", "gridwidth": 2}, "zaxis": {"backgroundcolor": "#E5ECF6", "gridcolor": "white", "linecolor": "white", "showbackground": true, "ticks": "", "zerolinecolor": "white", "gridwidth": 2}}, "shapedefaults": {"line": {"color": "#2a3f5f"}}, "annotationdefaults": {"arrowcolor": "#2a3f5f", "arrowhead": 0, "arrowwidth": 1}, "geo": {"bgcolor": "white", "landcolor": "#E5ECF6", "subunitcolor": "white", "showland": true, "showlakes": true, "lakecolor": "white"}, "title": {"x": 0.05}, "mapbox": {"style": "light"}}}}}