{"data": [{"z": [[3.9094715118408203, -1.4359462261199951, -2.710697650909424, 1.056904911994934, 2.0632216930389404, 1.681502103805542, 2.454028844833374, -0.12801437079906464, -4.786398410797119, 2.9711153507232666, 0.42182478308677673, 2.554110050201416, -1.5033090114593506, 2.459392547607422, 0.5609762668609619, -0.26412391662597656, -0.9449191689491272, -1.458707332611084, -1.5964962244033813, -3.0881881713867188, 0.36789265275001526], [-1.4359462261199951, 3.07529354095459, 3.8398239612579346, -0.15493915975093842, -0.0427154116332531, -0.5207002758979797, -1.4914188385009766, -1.2077629566192627, -1.6913052797317505, -1.628822684288025, -0.6245519518852234, 0.36633628606796265, 1.126235008239746, -0.30846816301345825, -0.909681499004364, 0.7531106472015381, 0.9253782033920288, 0.9672209024429321, 0.1477731615304947, 1.5352965593338013, -0.19369646906852722], [-2.710697650909424, 3.8398239612579346, 6.447042942047119, 0.40477877855300903, -0.5455570816993713, -1.1636483669281006, -1.5812290906906128, -2.8358139991760254, -1.4111205339431763, -2.5817270278930664, -1.9496346712112427, 2.408930540084839, -0.26647526025772095, -2.017765522003174, -0.3486563265323639, 0.7486088871955872, 2.101315498352051, 0.7367677092552185, 1.639345645904541, 1.8919011354446411, 0.985977828502655], [1.056904911994934, -0.15493915975093842, 0.40477877855300903, 1.7321162223815918, -0.12942415475845337, 0.8822169899940491, 1.8539223670959473, -0.8835591673851013, -2.7564046382904053, 1.1065378189086914, -0.13232141733169556, 3.544611692428589, -1.316819429397583, 1.3457506895065308, -0.04442334175109863, -0.11013787984848022, -1.1260156631469727, -1.0652343034744263, -0.35269179940223694, -0.27663537859916687, 0.3699592649936676], [2.0632216930389404, -0.0427154116332531, -0.5455570816993713, -0.12942415475845337, 2.042010545730591, 0.4587725102901459, 0.4805034101009369, -0.7236343026161194, -3.0004537105560303, 1.1415114402770996, -0.4519444406032562, 0.9408100843429565, -0.9990571141242981, 0.2552168071269989, 0.7531695365905762, 0.028479253873229027, 1.0346978902816772, -0.47932878136634827, -0.4164508879184723, -2.4495105743408203, 0.7653393745422363], [1.681502103805542, -0.5207002758979797, -1.1636483669281006, 0.8822169899940491, 0.4587725102901459, 1.0051336288452148, 1.393263339996338, 0.1388068050146103, -2.452810764312744, 1.420183539390564, 0.533708930015564, 1.5079925060272217, -0.3288821280002594, 1.8456064462661743, -0.21102380752563477, -0.07241324335336685, -1.2398452758789062, -0.6836699843406677, -1.0730892419815063, -0.725459098815918, -0.24781589210033417], [2.454028844833374, -1.4914188385009766, -1.5812290906906128, 1.8539223670959473, 0.4805034101009369, 1.393263339996338, 2.764127016067505, -0.44707104563713074, -3.2096667289733887, 2.295264720916748, 0.1806863695383072, 3.7051639556884766, -1.938109278678894, 1.932466745376587, 0.41382861137390137, -0.40562862157821655, -1.5128633975982666, -1.6407829523086548, -0.7822189927101135, -1.5913149118423462, 0.502616286277771], [-0.12801437079906464, -1.2077629566192627, -2.8358139991760254, -0.8835591673851013, -0.7236343026161194, 0.1388068050146103, -0.44707104563713074, 2.3481407165527344, 2.664297342300415, 0.16012288630008698, 1.5892908573150635, -3.442775011062622, 1.9686110019683838, 1.0165120363235474, -0.7441986203193665, -0.1301589012145996, -1.499513030052185, 0.6022850871086121, -0.9859115481376648, 0.914985179901123, -1.5544344186782837], [-4.786398410797119, -1.6913052797317505, -1.4111205339431763, -2.7564046382904053, -3.0004537105560303, -2.452810764312744, -3.2096667289733887, 2.664297342300415, 11.487740516662598, -3.165285348892212, 0.4880509674549103, -7.305165767669678, 2.114306688308716, -4.043208599090576, 0.18717549741268158, -0.46377360820770264, 0.8384170532226562, 1.8383325338363647, 2.2595293521881104, 3.0255448818206787, -0.8244087100028992], [2.9711153507232666, -1.628822684288025, -2.5817270278930664, 1.1065378189086914, 1.1415114402770996, 1.420183539390564, 2.295264720916748, 0.16012288630008698, -3.165285348892212, 2.4811325073242188, 0.533180832862854, 2.1732444763183594, -1.2812178134918213, 2.119999885559082, 0.3947800397872925, -0.3463383615016937, -1.2911614179611206, -1.3234844207763672, -1.245551347732544, -2.137036085128784, 0.17540068924427032], [0.42182478308677673, -0.6245519518852234, -1.9496346712112427, -0.13232141733169556, -0.4519444406032562, 0.533708930015564, 0.1806863695383072, 1.5892908573150635, 0.4880509674549103, 0.533180832862854, 1.3522204160690308, -1.5847225189208984, 1.4732134342193604, 1.67636239528656, -0.8628352284431458, -0.009910155087709427, -1.6949565410614014, 0.24148733913898468, -1.2297780513763428, 0.7217409014701843, -1.3323522806167603], [2.554110050201416, 0.36633628606796265, 2.408930540084839, 3.544611692428589, 0.9408100843429565, 1.5079925060272217, 3.7051639556884766, -3.442775011062622, -7.305165767669678, 2.1732444763183594, -1.5847225189208984, 8.853816032409668, -4.191804885864258, 1.4513643980026245, 0.8600530624389648, -0.15571841597557068, -0.42301541566848755, -2.48455548286438, 0.11851907521486282, -2.053576707839966, 2.126631736755371], [-1.5033090114593506, 1.126235008239746, -0.26647526025772095, -1.316819429397583, -0.9990571141242981, -0.3288821280002594, -1.938109278678894, 1.9686110019683838, 2.114306688308716, -1.2812178134918213, 1.4732134342193604, -4.191804885864258, 3.517596483230591, 0.9328781366348267, -1.7284778356552124, 0.48502686619758606, -1.0611356496810913, 1.645810842514038, -1.0752699375152588, 2.545614719390869, -2.150012254714966], [2.459392547607422, -0.30846816301345825, -2.017765522003174, 1.3457506895065308, 0.2552168071269989, 1.8456064462661743, 1.932466745376587, 1.0165120363235474, -4.043208599090576, 2.119999885559082, 1.67636239528656, 1.4513643980026245, 0.9328781366348267, 4.137680530548096, -1.318058967590332, 0.11312365531921387, -3.0526750087738037, -0.6195665001869202, -2.570150136947632, 0.0066180843859910965, -1.476940393447876], [0.5609762668609619, -0.909681499004364, -0.3486563265323639, -0.04442334175109863, 0.7531695365905762, -0.21102380752563477, 0.41382861137390137, -0.7441986203193665, 0.18717549741268158, 0.3947800397872925, -0.8628352284431458, 0.8600530624389648, -1.7284778356552124, -1.318058967590332, 1.251488447189331, -0.3228221833705902, 1.2461800575256348, -0.6020947694778442, 0.8901227116584778, -1.6848491430282593, 1.2524136304855347], [-0.26412391662597656, 0.7531106472015381, 0.7486088871955872, -0.11013787984848022, 0.028479253873229027, -0.07241324335336685, -0.40562862157821655, -0.1301589012145996, -0.46377360820770264, -0.3463383615016937, -0.009910155087709427, -0.15571841597557068, 0.48502686619758606, 0.11312365531921387, -0.3228221833705902, 0.2068507820367813, 0.10639955848455429, 0.2985995411872864, -0.1314178705215454, 0.40244171023368835, -0.20052315294742584], [-0.9449191689491272, 0.9253782033920288, 2.101315498352051, -1.1260156631469727, 1.0346978902816772, -1.2398452758789062, -1.5128633975982666, -1.499513030052185, 0.8384170532226562, -1.2911614179611206, -1.6949565410614014, -0.42301541566848755, -1.0611356496810913, -3.0526750087738037, 1.2461800575256348, 0.10639955848455429, 3.1565446853637695, 0.3986614942550659, 1.7325901985168457, -1.135274052619934, 1.5441848039627075], [-1.458707332611084, 0.9672209024429321, 0.7367677092552185, -1.0652343034744263, -0.47932878136634827, -0.6836699843406677, -1.6407829523086548, 0.6022850871086121, 1.8383325338363647, -1.3234844207763672, 0.24148733913898468, -2.48455548286438, 1.645810842514038, -0.6195665001869202, -0.6020947694778442, 0.2985995411872864, 0.3986614942550659, 1.0907939672470093, 0.10711462795734406, 1.341064214706421, -0.7099496722221375], [-1.5964962244033813, 0.1477731615304947, 1.639345645904541, -0.35269179940223694, -0.4164508879184723, -1.0730892419815063, -0.7822189927101135, -0.9859115481376648, 2.2595293521881104, -1.245551347732544, -1.2297780513763428, 0.11851907521486282, -1.0752699375152588, -2.570150136947632, 0.8901227116584778, -0.1314178705215454, 1.7325901985168457, 0.10711462795734406, 1.7931151390075684, 0.10283087939023972, 1.1476958990097046], [-3.0881881713867188, 1.5352965593338013, 1.8919011354446411, -0.27663537859916687, -2.4495105743408203, -0.725459098815918, -1.5913149118423462, 0.914985179901123, 3.0255448818206787, -2.137036085128784, 0.7217409014701843, -2.053576707839966, 2.545614719390869, 0.0066180843859910965, -1.6848491430282593, 0.40244171023368835, -1.135274052619934, 1.341064214706421, 0.10283087939023972, 3.9089951515197754, -1.5560604333877563], [0.36789265275001526, -0.19369646906852722, 0.985977828502655, 0.3699592649936676, 0.7653393745422363, -0.24781589210033417, 0.502616286277771, -1.5544344186782837, -0.8244087100028992, 0.17540068924427032, -1.3323522806167603, 2.126631736755371, -2.150012254714966, -1.476940393447876, 1.2524136304855347, -0.20052315294742584, 1.5441848039627075, -0.7099496722221375, 1.1476958990097046, -1.5560604333877563, 1.6046772003173828]], "type": "heatmap"}], "layout": {"template": {"data": {"histogram2dcontour": [{"type": "histogram2dcontour", "colorbar": {"outlinewidth": 0, "ticks": ""}, "colorscale": [[0.0, "#0d0887"], [0.1111111111111111, "#46039f"], [0.2222222222222222, "#7201a8"], [0.3333333333333333, "#9c179e"], [0.4444444444444444, "#bd3786"], [0.5555555555555556, "#d8576b"], [0.6666666666666666, "#ed7953"], [0.7777777777777778, "#fb9f3a"], [0.8888888888888888, "#fdca26"], [1.0, "#f0f921"]]}], "choropleth": [{"type": "choropleth", "colorbar": {"outlinewidth": 0, "ticks": ""}}], "histogram2d": [{"type": "histogram2d", "colorbar": {"outlinewidth": 0, "ticks": ""}, "colorscale": [[0.0, "#0d0887"], [0.1111111111111111, "#46039f"], [0.2222222222222222, "#7201a8"], [0.3333333333333333, "#9c179e"], [0.4444444444444444, "#bd3786"], [0.5555555555555556, "#d8576b"], [0.6666666666666666, "#ed7953"], [0.7777777777777778, "#fb9f3a"], [0.8888888888888888, "#fdca26"], [1.0, "#f0f921"]]}], "heatmap": [{"type": "heatmap", "colorbar": {"outlinewidth": 0, "ticks": ""}, "colorscale": [[0.0, "#0d0887"], [0.1111111111111111, "#46039f"], [0.2222222222222222, "#7201a8"], [0.3333333333333333, "#9c179e"], [0.4444444444444444, "#bd3786"], [0.5555555555555556, "#d8576b"], [0.6666666666666666, "#ed7953"], [0.7777777777777778, "#fb9f3a"], [0.8888888888888888, "#fdca26"], [1.0, "#f0f921"]]}], "heatmapgl": [{"type": "heatmapgl", "colorbar": {"outlinewidth": 0, "ticks": ""}, "colorscale": [[0.0, "#0d0887"], [0.1111111111111111, "#46039f"], [0.2222222222222222, "#7201a8"], [0.3333333333333333, "#9c179e"], [0.4444444444444444, "#bd3786"], [0.5555555555555556, "#d8576b"], [0.6666666666666666, "#ed7953"], [0.7777777777777778, "#fb9f3a"], [0.8888888888888888, "#fdca26"], [1.0, "#f0f921"]]}], "contourcarpet": [{"type": "contourcarpet", "colorbar": {"outlinewidth": 0, "ticks": ""}}], "contour": [{"type": "contour", "colorbar": {"outlinewidth": 0, "ticks": ""}, "colorscale": [[0.0, "#0d0887"], [0.1111111111111111, "#46039f"], [0.2222222222222222, "#7201a8"], [0.3333333333333333, "#9c179e"], [0.4444444444444444, "#bd3786"], [0.5555555555555556, "#d8576b"], [0.6666666666666666, "#ed7953"], [0.7777777777777778, "#fb9f3a"], [0.8888888888888888, "#fdca26"], [1.0, "#f0f921"]]}], "surface": [{"type": "surface", "colorbar": {"outlinewidth": 0, "ticks": ""}, "colorscale": [[0.0, "#0d0887"], [0.1111111111111111, "#46039f"], [0.2222222222222222, "#7201a8"], [0.3333333333333333, "#9c179e"], [0.4444444444444444, "#bd3786"], [0.5555555555555556, "#d8576b"], [0.6666666666666666, "#ed7953"], [0.7777777777777778, "#fb9f3a"], [0.8888888888888888, "#fdca26"], [1.0, "#f0f921"]]}], "mesh3d": [{"type": "mesh3d", "colorbar": {"outlinewidth": 0, "ticks": ""}}], "scatter": [{"fillpattern": {"fillmode": "overlay", "size": 10, "solidity": 0.2}, "type": "scatter"}], "parcoords": [{"type": "parcoords", "line": {"colorbar": {"outlinewidth": 0, "ticks": ""}}}], "scatterpolargl": [{"type": "scatterpolargl", "marker": {"colorbar": {"outlinewidth": 0, "ticks": ""}}}], "bar": [{"error_x": {"color": "#2a3f5f"}, "error_y": {"color": "#2a3f5f"}, "marker": {"line": {"color": "#E5ECF6", "width": 0.5}, "pattern": {"fillmode": "overlay", "size": 10, "solidity": 0.2}}, "type": "bar"}], "scattergeo": [{"type": "scattergeo", "marker": {"colorbar": {"outlinewidth": 0, "ticks": ""}}}], "scatterpolar": [{"type": "scatterpolar", "marker": {"colorbar": {"outlinewidth": 0, "ticks": ""}}}], "histogram": [{"marker": {"pattern": {"fillmode": "overlay", "size": 10, "solidity": 0.2}}, "type": "histogram"}], "scattergl": [{"type": "scattergl", "marker": {"colorbar": {"outlinewidth": 0, "ticks": ""}}}], "scatter3d": [{"type": "scatter3d", "line": {"colorbar": {"outlinewidth": 0, "ticks": ""}}, "marker": {"colorbar": {"outlinewidth": 0, "ticks": ""}}}], "scattermapbox": [{"type": "scattermapbox", "marker": {"colorbar": {"outlinewidth": 0, "ticks": ""}}}], "scatterternary": [{"type": "scatterternary", "marker": {"colorbar": {"outlinewidth": 0, "ticks": ""}}}], "scattercarpet": [{"type": "scattercarpet", "marker": {"colorbar": {"outlinewidth": 0, "ticks": ""}}}], "carpet": [{"aaxis": {"endlinecolor": "#2a3f5f", "gridcolor": "white", "linecolor": "white", "minorgridcolor": "white", "startlinecolor": "#2a3f5f"}, "baxis": {"endlinecolor": "#2a3f5f", "gridcolor": "white", "linecolor": "white", "minorgridcolor": "white", "startlinecolor": "#2a3f5f"}, "type": "carpet"}], "table": [{"cells": {"fill": {"color": "#EBF0F8"}, "line": {"color": "white"}}, "header": {"fill": {"color": "#C8D4E3"}, "line": {"color": "white"}}, "type": "table"}], "barpolar": [{"marker": {"line": {"color": "#E5ECF6", "width": 0.5}, "pattern": {"fillmode": "overlay", "size": 10, "solidity": 0.2}}, "type": "barpolar"}], "pie": [{"automargin": true, "type": "pie"}]}, "layout": {"autotypenumbers": "strict", "colorway": ["#636efa", "#EF553B", "#00cc96", "#ab63fa", "#FFA15A", "#19d3f3", "#FF6692", "#B6E880", "#FF97FF", "#FECB52"], "font": {"color": "#2a3f5f"}, "hovermode": "closest", "hoverlabel": {"align": "left"}, "paper_bgcolor": "white", "plot_bgcolor": "#E5ECF6", "polar": {"bgcolor": "#E5ECF6", "angularaxis": {"gridcolor": "white", "linecolor": "white", "ticks": ""}, "radialaxis": {"gridcolor": "white", "linecolor": "white", "ticks": ""}}, "ternary": {"bgcolor": "#E5ECF6", "aaxis": {"gridcolor": "white", "linecolor": "white", "ticks": ""}, "baxis": {"gridcolor": "white", "linecolor": "white", "ticks": ""}, "caxis": {"gridcolor": "white", "linecolor": "white", "ticks": ""}}, "coloraxis": {"colorbar": {"outlinewidth": 0, "ticks": ""}}, "colorscale": {"sequential": [[0.0, "#0d0887"], [0.1111111111111111, "#46039f"], [0.2222222222222222, "#7201a8"], [0.3333333333333333, "#9c179e"], [0.4444444444444444, "#bd3786"], [0.5555555555555556, "#d8576b"], [0.6666666666666666, "#ed7953"], [0.7777777777777778, "#fb9f3a"], [0.8888888888888888, "#fdca26"], [1.0, "#f0f921"]], "sequentialminus": [[0.0, "#0d0887"], [0.1111111111111111, "#46039f"], [0.2222222222222222, "#7201a8"], [0.3333333333333333, "#9c179e"], [0.4444444444444444, "#bd3786"], [0.5555555555555556, "#d8576b"], [0.6666666666666666, "#ed7953"], [0.7777777777777778, "#fb9f3a"], [0.8888888888888888, "#fdca26"], [1.0, "#f0f921"]], "diverging": [[0, "#8e0152"], [0.1, "#c51b7d"], [0.2, "#de77ae"], [0.3, "#f1b6da"], [0.4, "#fde0ef"], [0.5, "#f7f7f7"], [0.6, "#e6f5d0"], [0.7, "#b8e186"], [0.8, "#7fbc41"], [0.9, "#4d9221"], [1, "#276419"]]}, "xaxis": {"gridcolor": "white", "linecolor": "white", "ticks": "", "title": {"standoff": 15}, "zerolinecolor": "white", "automargin": true, "zerolinewidth": 2}, "yaxis": {"gridcolor": "white", "linecolor": "white", "ticks": "", "title": {"standoff": 15}, "zerolinecolor": "white", "automargin": true, "zerolinewidth": 2}, "scene": {"xaxis": {"backgroundcolor": "#E5ECF6", "gridcolor": "white", "linecolor": "white", "showbackground": true, "ticks": "", "zerolinecolor": "white", "gridwidth": 2}, "yaxis": {"backgroundcolor": "#E5ECF6", "gridcolor": "white", "linecolor": "white", "showbackground": true, "ticks": "", "zerolinecolor": "white", "gridwidth": 2}, "zaxis": {"backgroundcolor": "#E5ECF6", "gridcolor": "white", "linecolor": "white", "showbackground": true, "ticks": "", "zerolinecolor": "white", "gridwidth": 2}}, "shapedefaults": {"line": {"color": "#2a3f5f"}}, "annotationdefaults": {"arrowcolor": "#2a3f5f", "arrowhead": 0, "arrowwidth": 1}, "geo": {"bgcolor": "white", "landcolor": "#E5ECF6", "subunitcolor": "white", "showland": true, "showlakes": true, "lakecolor": "white"}, "title": {"x": 0.05}, "mapbox": {"style": "light"}}}}}