{"data": [{"z": [[3.507460355758667, -1.3751579523086548, -2.570650339126587, 2.3029305934906006, 2.850327491760254, 2.638568162918091, 2.438638925552368, -1.1603845357894897, -4.973572731018066, 3.236949920654297, 1.513315200805664, 2.8697776794433594, -1.6253950595855713, 3.253249168395996, 1.3556190729141235, -0.9197546243667603, -1.9457374811172485, -2.0402867794036865, -2.371765613555908, -3.0655441284179688, 0.18965460360050201], [-1.3751579523086548, 3.4164271354675293, 4.067561626434326, -0.965523362159729, -0.7784014940261841, -1.084465742111206, -1.5465558767318726, 0.013840781524777412, -0.45299744606018066, -1.9381698369979858, -0.7118343114852905, -0.3992510139942169, 2.147677421569824, -0.46714290976524353, -1.6123191118240356, 1.5730737447738647, 1.5111656188964844, 1.914246678352356, 0.7923394441604614, 2.587935209274292, -0.5677905082702637], [-2.570650339126587, 4.067561626434326, 6.489201545715332, -0.7250913381576538, -1.5536994934082031, -1.9814131259918213, -1.635609745979309, -1.5443403720855713, -0.07253734767436981, -3.0128684043884277, -2.171536684036255, 1.5108298063278198, 1.0894311666488647, -2.2653303146362305, -1.3519213199615479, 1.599141001701355, 2.797407388687134, 1.8469953536987305, 2.186028003692627, 2.9901957511901855, 0.5359604954719543], [2.3029305934906006, -0.965523362159729, -0.7250913381576538, 3.535837173461914, 1.2772717475891113, 2.5361852645874023, 3.1277873516082764, -1.5995935201644897, -3.778125762939453, 2.672565460205078, 1.366198182106018, 5.02720308303833, -1.5644922256469727, 3.127131223678589, 1.1641429662704468, -0.8179672360420227, -2.207029342651367, -1.888830542564392, -1.481825590133667, -1.1137057542800903, 0.30674806237220764], [2.850327491760254, -0.7784014940261841, -1.5536994934082031, 1.2772717475891113, 2.7973341941833496, 1.6749284267425537, 1.478144645690918, -1.6039892435073853, -4.6615309715271, 2.282613754272461, 0.4651084244251251, 2.207293748855591, -1.8499094247817993, 1.7290269136428833, 1.2810665369033813, -0.7038177847862244, -0.632897675037384, -1.6982134580612183, -1.645940899848938, -3.285860538482666, 0.682522714138031], [2.638568162918091, -1.084465742111206, -1.9814131259918213, 2.5361852645874023, 1.6749284267425537, 2.500577926635742, 2.441132068634033, -0.47383710741996765, -3.4979233741760254, 2.7555439472198486, 1.8349928855895996, 2.79879093170166, -0.7166997194290161, 3.444241523742676, 0.8149447441101074, -0.6565801501274109, -2.345768690109253, -1.486889123916626, -2.0243704319000244, -1.3754043579101562, -0.3223637044429779], [2.438638925552368, -1.5465558767318726, -1.635609745979309, 3.1277873516082764, 1.478144645690918, 2.441132068634033, 2.9498403072357178, -1.366931438446045, -3.397313356399536, 2.7843708992004395, 1.341046690940857, 4.224238872528076, -1.803868293762207, 2.8372128009796143, 1.3591618537902832, -1.031733751296997, -2.1784539222717285, -2.0463953018188477, -1.5604406595230103, -1.7335392236709595, 0.37372779846191406], [-1.1603845357894897, 0.013840781524777412, -1.5443403720855713, -1.5995935201644897, -1.6039892435073853, -0.47383710741996765, -1.366931438446045, 3.505319833755493, 3.830415725708008, -0.830125093460083, 1.3935632705688477, -4.61343240737915, 3.158329963684082, 0.6417158246040344, -1.5858664512634277, 0.6824004650115967, -0.9672306776046753, 1.7464499473571777, -0.23072567582130432, 2.585620880126953, -2.0677807331085205], [-4.973572731018066, -0.45299744606018066, -0.07253734767436981, -3.778125762939453, -4.6615309715271, -3.4979233741760254, -3.397313356399536, 3.830415725708008, 10.142071723937988, -3.9684438705444336, -0.9612176418304443, -6.8629350662231445, 2.7288949489593506, -4.244231700897217, -1.790987253189087, 0.6281745433807373, 1.289264440536499, 2.707625389099121, 2.868798017501831, 4.202097415924072, -1.0807490348815918], [3.236949920654297, -1.9381698369979858, -3.0128684043884277, 2.672565460205078, 2.282613754272461, 2.7555439472198486, 2.7843708992004395, -0.830125093460083, -3.9684438705444336, 3.331575393676758, 1.7935717105865479, 3.013136386871338, -1.6177420616149902, 3.383272886276245, 1.4079660177230835, -1.115207552909851, -2.461782932281494, -2.1434309482574463, -2.27249813079834, -2.615675687789917, 0.06595732271671295], [1.513315200805664, -0.7118343114852905, -2.171536684036255, 1.366198182106018, 0.4651084244251251, 1.8349928855895996, 1.341046690940857, 1.3935632705688477, -0.9612176418304443, 1.7935717105865479, 2.254038095474243, 0.10843592137098312, 1.151569128036499, 3.2591161727905273, -0.22642503678798676, -0.11583947390317917, -2.451354503631592, -0.2528392970561981, -1.7615809440612793, 0.4257974326610565, -1.3782802820205688], [2.8697776794433594, -0.3992510139942169, 1.5108298063278198, 5.02720308303833, 2.207293748855591, 2.79879093170166, 4.224238872528076, -4.61343240737915, -6.8629350662231445, 3.013136386871338, 0.10843592137098312, 9.306288719177246, -3.8694722652435303, 2.5705864429473877, 2.2174975872039795, -1.1407217979431152, -1.2775317430496216, -3.0526585578918457, -1.0310231447219849, -2.502366304397583, 1.957916498184204], [-1.6253950595855713, 2.147677421569824, 1.0894311666488647, -1.5644922256469727, -1.8499094247817993, -0.7166997194290161, -1.803868293762207, 3.158329963684082, 2.7288949489593506, -1.6177420616149902, 1.151569128036499, -3.8694722652435303, 4.269737243652344, 0.9150464534759521, -2.4329261779785156, 1.5837517976760864, -0.34591513872146606, 2.657728672027588, 0.01950867474079132, 4.074852466583252, -2.3644402027130127], [3.253249168395996, -0.46714290976524353, -2.2653303146362305, 3.127131223678589, 1.7290269136428833, 3.444241523742676, 2.8372128009796143, 0.6417158246040344, -4.244231700897217, 3.383272886276245, 3.2591161727905273, 2.5705864429473877, 0.9150464534759521, 5.647791862487793, 0.07336507737636566, -0.19881057739257812, -3.626446008682251, -0.9833499193191528, -3.0466034412384033, -0.16696976125240326, -1.5627691745758057], [1.3556190729141235, -1.6123191118240356, -1.3519213199615479, 1.1641429662704468, 1.2810665369033813, 0.8149447441101074, 1.3591618537902832, -1.5858664512634277, -1.790987253189087, 1.4079660177230835, -0.22642503678798676, 2.2174975872039795, -2.4329261779785156, 0.07336507737636566, 1.4928748607635498, -1.0496597290039062, -0.312163770198822, -1.7260453701019287, -0.4093749523162842, -2.555145025253296, 1.1717040538787842], [-0.9197546243667603, 1.5730737447738647, 1.599141001701355, -0.8179672360420227, -0.7038177847862244, -0.6565801501274109, -1.031733751296997, 0.6824004650115967, 0.6281745433807373, -1.115207552909851, -0.11583947390317917, -1.1407217979431152, 1.5837517976760864, -0.19881057739257812, -1.0496597290039062, 0.8568205833435059, 0.5724154114723206, 1.2371693849563599, 0.376313716173172, 1.692547082901001, -0.6348530054092407], [-1.9457374811172485, 1.5111656188964844, 2.797407388687134, -2.207029342651367, -0.632897675037384, -2.345768690109253, -2.1784539222717285, -0.9672306776046753, 1.289264440536499, -2.461782932281494, -2.451354503631592, -1.2775317430496216, -0.34591513872146606, -3.626446008682251, -0.312163770198822, 0.5724154114723206, 2.994323968887329, 0.9469609260559082, 1.9476667642593384, 0.1285364329814911, 1.0875115394592285], [-2.0402867794036865, 1.914246678352356, 1.8469953536987305, -1.888830542564392, -1.6982134580612183, -1.486889123916626, -2.0463953018188477, 1.7464499473571777, 2.707625389099121, -2.1434309482574463, -0.2528392970561981, -3.0526585578918457, 2.657728672027588, -0.9833499193191528, -1.7260453701019287, 1.2371693849563599, 0.9469609260559082, 2.141937494277954, 0.9264461994171143, 2.902061700820923, -1.1069101095199585], [-2.371765613555908, 0.7923394441604614, 2.186028003692627, -1.481825590133667, -1.645940899848938, -2.0243704319000244, -1.5604406595230103, -0.23072567582130432, 2.868798017501831, -2.27249813079834, -1.7615809440612793, -1.0310231447219849, 0.01950867474079132, -3.0466034412384033, -0.4093749523162842, 0.376313716173172, 1.9476667642593384, 0.9264461994171143, 1.9880577325820923, 1.2297722101211548, 0.6503850817680359], [-3.0655441284179688, 2.587935209274292, 2.9901957511901855, -1.1137057542800903, -3.285860538482666, -1.3754043579101562, -1.7335392236709595, 2.585620880126953, 4.202097415924072, -2.615675687789917, 0.4257974326610565, -2.502366304397583, 4.074852466583252, -0.16696976125240326, -2.555145025253296, 1.692547082901001, 0.1285364329814911, 2.902061700820923, 1.2297722101211548, 5.523958206176758, -1.9422941207885742], [0.18965460360050201, -0.5677905082702637, 0.5359604954719543, 0.30674806237220764, 0.682522714138031, -0.3223637044429779, 0.37372779846191406, -2.0677807331085205, -1.0807490348815918, 0.06595732271671295, -1.3782802820205688, 1.957916498184204, -2.3644402027130127, -1.5627691745758057, 1.1717040538787842, -0.6348530054092407, 1.0875115394592285, -1.1069101095199585, 0.6503850817680359, -1.9422941207885742, 1.6046772003173828]], "type": "heatmap"}], "layout": {"template": {"data": {"histogram2dcontour": [{"type": "histogram2dcontour", "colorbar": {"outlinewidth": 0, "ticks": ""}, "colorscale": [[0.0, "#0d0887"], [0.1111111111111111, "#46039f"], [0.2222222222222222, "#7201a8"], [0.3333333333333333, "#9c179e"], [0.4444444444444444, "#bd3786"], [0.5555555555555556, "#d8576b"], [0.6666666666666666, "#ed7953"], [0.7777777777777778, "#fb9f3a"], [0.8888888888888888, "#fdca26"], [1.0, "#f0f921"]]}], "choropleth": [{"type": "choropleth", "colorbar": {"outlinewidth": 0, "ticks": ""}}], "histogram2d": [{"type": "histogram2d", "colorbar": {"outlinewidth": 0, "ticks": ""}, "colorscale": [[0.0, "#0d0887"], [0.1111111111111111, "#46039f"], [0.2222222222222222, "#7201a8"], [0.3333333333333333, "#9c179e"], [0.4444444444444444, "#bd3786"], [0.5555555555555556, "#d8576b"], [0.6666666666666666, "#ed7953"], [0.7777777777777778, "#fb9f3a"], [0.8888888888888888, "#fdca26"], [1.0, "#f0f921"]]}], "heatmap": [{"type": "heatmap", "colorbar": {"outlinewidth": 0, "ticks": ""}, "colorscale": [[0.0, "#0d0887"], [0.1111111111111111, "#46039f"], [0.2222222222222222, "#7201a8"], [0.3333333333333333, "#9c179e"], [0.4444444444444444, "#bd3786"], [0.5555555555555556, "#d8576b"], [0.6666666666666666, "#ed7953"], [0.7777777777777778, "#fb9f3a"], [0.8888888888888888, "#fdca26"], [1.0, "#f0f921"]]}], "heatmapgl": [{"type": "heatmapgl", "colorbar": {"outlinewidth": 0, "ticks": ""}, "colorscale": [[0.0, "#0d0887"], [0.1111111111111111, "#46039f"], [0.2222222222222222, "#7201a8"], [0.3333333333333333, "#9c179e"], [0.4444444444444444, "#bd3786"], [0.5555555555555556, "#d8576b"], [0.6666666666666666, "#ed7953"], [0.7777777777777778, "#fb9f3a"], [0.8888888888888888, "#fdca26"], [1.0, "#f0f921"]]}], "contourcarpet": [{"type": "contourcarpet", "colorbar": {"outlinewidth": 0, "ticks": ""}}], "contour": [{"type": "contour", "colorbar": {"outlinewidth": 0, "ticks": ""}, "colorscale": [[0.0, "#0d0887"], [0.1111111111111111, "#46039f"], [0.2222222222222222, "#7201a8"], [0.3333333333333333, "#9c179e"], [0.4444444444444444, "#bd3786"], [0.5555555555555556, "#d8576b"], [0.6666666666666666, "#ed7953"], [0.7777777777777778, "#fb9f3a"], [0.8888888888888888, "#fdca26"], [1.0, "#f0f921"]]}], "surface": [{"type": "surface", "colorbar": {"outlinewidth": 0, "ticks": ""}, "colorscale": [[0.0, "#0d0887"], [0.1111111111111111, "#46039f"], [0.2222222222222222, "#7201a8"], [0.3333333333333333, "#9c179e"], [0.4444444444444444, "#bd3786"], [0.5555555555555556, "#d8576b"], [0.6666666666666666, "#ed7953"], [0.7777777777777778, "#fb9f3a"], [0.8888888888888888, "#fdca26"], [1.0, "#f0f921"]]}], "mesh3d": [{"type": "mesh3d", "colorbar": {"outlinewidth": 0, "ticks": ""}}], "scatter": [{"fillpattern": {"fillmode": "overlay", "size": 10, "solidity": 0.2}, "type": "scatter"}], "parcoords": [{"type": "parcoords", "line": {"colorbar": {"outlinewidth": 0, "ticks": ""}}}], "scatterpolargl": [{"type": "scatterpolargl", "marker": {"colorbar": {"outlinewidth": 0, "ticks": ""}}}], "bar": [{"error_x": {"color": "#2a3f5f"}, "error_y": {"color": "#2a3f5f"}, "marker": {"line": {"color": "#E5ECF6", "width": 0.5}, "pattern": {"fillmode": "overlay", "size": 10, "solidity": 0.2}}, "type": "bar"}], "scattergeo": [{"type": "scattergeo", "marker": {"colorbar": {"outlinewidth": 0, "ticks": ""}}}], "scatterpolar": [{"type": "scatterpolar", "marker": {"colorbar": {"outlinewidth": 0, "ticks": ""}}}], "histogram": [{"marker": {"pattern": {"fillmode": "overlay", "size": 10, "solidity": 0.2}}, "type": "histogram"}], "scattergl": [{"type": "scattergl", "marker": {"colorbar": {"outlinewidth": 0, "ticks": ""}}}], "scatter3d": [{"type": "scatter3d", "line": {"colorbar": {"outlinewidth": 0, "ticks": ""}}, "marker": {"colorbar": {"outlinewidth": 0, "ticks": ""}}}], "scattermapbox": [{"type": "scattermapbox", "marker": {"colorbar": {"outlinewidth": 0, "ticks": ""}}}], "scatterternary": [{"type": "scatterternary", "marker": {"colorbar": {"outlinewidth": 0, "ticks": ""}}}], "scattercarpet": [{"type": "scattercarpet", "marker": {"colorbar": {"outlinewidth": 0, "ticks": ""}}}], "carpet": [{"aaxis": {"endlinecolor": "#2a3f5f", "gridcolor": "white", "linecolor": "white", "minorgridcolor": "white", "startlinecolor": "#2a3f5f"}, "baxis": {"endlinecolor": "#2a3f5f", "gridcolor": "white", "linecolor": "white", "minorgridcolor": "white", "startlinecolor": "#2a3f5f"}, "type": "carpet"}], "table": [{"cells": {"fill": {"color": "#EBF0F8"}, "line": {"color": "white"}}, "header": {"fill": {"color": "#C8D4E3"}, "line": {"color": "white"}}, "type": "table"}], "barpolar": [{"marker": {"line": {"color": "#E5ECF6", "width": 0.5}, "pattern": {"fillmode": "overlay", "size": 10, "solidity": 0.2}}, "type": "barpolar"}], "pie": [{"automargin": true, "type": "pie"}]}, "layout": {"autotypenumbers": "strict", "colorway": ["#636efa", "#EF553B", "#00cc96", "#ab63fa", "#FFA15A", "#19d3f3", "#FF6692", "#B6E880", "#FF97FF", "#FECB52"], "font": {"color": "#2a3f5f"}, "hovermode": "closest", "hoverlabel": {"align": "left"}, "paper_bgcolor": "white", "plot_bgcolor": "#E5ECF6", "polar": {"bgcolor": "#E5ECF6", "angularaxis": {"gridcolor": "white", "linecolor": "white", "ticks": ""}, "radialaxis": {"gridcolor": "white", "linecolor": "white", "ticks": ""}}, "ternary": {"bgcolor": "#E5ECF6", "aaxis": {"gridcolor": "white", "linecolor": "white", "ticks": ""}, "baxis": {"gridcolor": "white", "linecolor": "white", "ticks": ""}, "caxis": {"gridcolor": "white", "linecolor": "white", "ticks": ""}}, "coloraxis": {"colorbar": {"outlinewidth": 0, "ticks": ""}}, "colorscale": {"sequential": [[0.0, "#0d0887"], [0.1111111111111111, "#46039f"], [0.2222222222222222, "#7201a8"], [0.3333333333333333, "#9c179e"], [0.4444444444444444, "#bd3786"], [0.5555555555555556, "#d8576b"], [0.6666666666666666, "#ed7953"], [0.7777777777777778, "#fb9f3a"], [0.8888888888888888, "#fdca26"], [1.0, "#f0f921"]], "sequentialminus": [[0.0, "#0d0887"], [0.1111111111111111, "#46039f"], [0.2222222222222222, "#7201a8"], [0.3333333333333333, "#9c179e"], [0.4444444444444444, "#bd3786"], [0.5555555555555556, "#d8576b"], [0.6666666666666666, "#ed7953"], [0.7777777777777778, "#fb9f3a"], [0.8888888888888888, "#fdca26"], [1.0, "#f0f921"]], "diverging": [[0, "#8e0152"], [0.1, "#c51b7d"], [0.2, "#de77ae"], [0.3, "#f1b6da"], [0.4, "#fde0ef"], [0.5, "#f7f7f7"], [0.6, "#e6f5d0"], [0.7, "#b8e186"], [0.8, "#7fbc41"], [0.9, "#4d9221"], [1, "#276419"]]}, "xaxis": {"gridcolor": "white", "linecolor": "white", "ticks": "", "title": {"standoff": 15}, "zerolinecolor": "white", "automargin": true, "zerolinewidth": 2}, "yaxis": {"gridcolor": "white", "linecolor": "white", "ticks": "", "title": {"standoff": 15}, "zerolinecolor": "white", "automargin": true, "zerolinewidth": 2}, "scene": {"xaxis": {"backgroundcolor": "#E5ECF6", "gridcolor": "white", "linecolor": "white", "showbackground": true, "ticks": "", "zerolinecolor": "white", "gridwidth": 2}, "yaxis": {"backgroundcolor": "#E5ECF6", "gridcolor": "white", "linecolor": "white", "showbackground": true, "ticks": "", "zerolinecolor": "white", "gridwidth": 2}, "zaxis": {"backgroundcolor": "#E5ECF6", "gridcolor": "white", "linecolor": "white", "showbackground": true, "ticks": "", "zerolinecolor": "white", "gridwidth": 2}}, "shapedefaults": {"line": {"color": "#2a3f5f"}}, "annotationdefaults": {"arrowcolor": "#2a3f5f", "arrowhead": 0, "arrowwidth": 1}, "geo": {"bgcolor": "white", "landcolor": "#E5ECF6", "subunitcolor": "white", "showland": true, "showlakes": true, "lakecolor": "white"}, "title": {"x": 0.05}, "mapbox": {"style": "light"}}}}}