{"data": [{"z": [[3.12369966506958, -1.1957097053527832, -2.4593050479888916, 2.3358876705169678, 2.8535804748535156, 2.593031644821167, 2.206782579421997, -1.2383869886398315, -4.563401222229004, 2.931898355484009, 1.712362289428711, 2.6047422885894775, -1.352604627609253, 3.147430181503296, 1.4620208740234375, -0.9910224080085754, -2.006829261779785, -1.9801912307739258, -2.3982067108154297, -2.8623509407043457, 0.12402237951755524], [-1.1957097053527832, 3.159364700317383, 3.7847185134887695, -1.0537664890289307, -0.9033793210983276, -1.070456624031067, -1.430367350578308, 0.330254465341568, -0.28252264857292175, -1.707911491394043, -0.7323073148727417, -0.5014171600341797, 2.141144275665283, -0.35648998618125916, -1.7402722835540771, 1.680867314338684, 1.5230445861816406, 2.0085175037384033, 0.8830273747444153, 2.68316912651062, -0.6439201831817627], [-2.4593050479888916, 3.7847185134887695, 6.217773914337158, -1.0361119508743286, -1.8133351802825928, -2.1352033615112305, -1.6601366996765137, -1.188781976699829, 0.27544113993644714, -2.8710429668426514, -2.349536418914795, 1.186740517616272, 1.1938689947128296, -2.313340425491333, -1.617180347442627, 1.7382248640060425, 2.9683337211608887, 2.065244197845459, 2.3274006843566895, 3.1416003704071045, 0.45471134781837463], [2.3358876705169678, -1.0537664890289307, -1.0361119508743286, 3.7888495922088623, 1.5862492322921753, 2.744882583618164, 3.156803607940674, -1.8536087274551392, -3.6768431663513184, 2.760284185409546, 1.7193127870559692, 5.021568775177002, -1.4405972957611084, 3.2929139137268066, 1.494397759437561, -1.08917236328125, -2.374864339828491, -2.022820234298706, -1.7684986591339111, -1.3157505989074707, 0.30636295676231384], [2.8535804748535156, -0.9033793210983276, -1.8133351802825928, 1.5862492322921753, 3.053398609161377, 1.9173552989959717, 1.5808498859405518, -1.825005054473877, -4.802704811096191, 2.3770956993103027, 0.7736403942108154, 2.328641891479492, -1.8786934614181519, 1.9595173597335815, 1.533105492591858, -0.9105406403541565, -0.9728260636329651, -1.9465091228485107, -1.9226951599121094, -3.472460985183716, 0.675487756729126], [2.593031644821167, -1.070456624031067, -2.1352033615112305, 2.744882583618164, 1.9173552989959717, 2.659104824066162, 2.4335250854492188, -0.6447118520736694, -3.4041130542755127, 2.7570013999938965, 2.1339378356933594, 2.7815182209014893, -0.6221154928207397, 3.552144765853882, 1.0828644037246704, -0.832190990447998, -2.487884283065796, -1.5841892957687378, -2.203122138977051, -1.4760421514511108, -0.33280929923057556], [2.206782579421997, -1.430367350578308, -1.6601366996765137, 3.156803607940674, 1.5808498859405518, 2.4335250854492188, 2.7520334720611572, -1.503553032875061, -3.0507619380950928, 2.5866847038269043, 1.553844690322876, 3.9656450748443604, -1.5324304103851318, 2.769965410232544, 1.5216341018676758, -1.1753954887390137, -2.193521499633789, -2.002293109893799, -1.67550528049469, -1.6870765686035156, 0.3334908187389374], [-1.2383869886398315, 0.330254465341568, -1.188781976699829, -1.8536087274551392, -1.825005054473877, -0.6447118520736694, -1.503553032875061, 3.898444890975952, 3.9870173931121826, -0.9952905178070068, 1.2645105123519897, -4.827635288238525, 3.297180652618408, 0.5287525057792664, -1.8417271375656128, 0.9837943315505981, -0.7404856085777283, 2.0459487438201904, 0.059843093156814575, 2.9438562393188477, -2.1760878562927246], [-4.563401222229004, -0.28252264857292175, 0.27544113993644714, -3.6768431663513184, -4.802704811096191, -3.4041130542755127, -3.0507619380950928, 3.9870173931121826, 9.470539093017578, -3.700906753540039, -1.1619523763656616, -6.255925178527832, 2.5372540950775146, -3.970271348953247, -2.0591793060302734, 0.8627251982688904, 1.3242039680480957, 2.7509653568267822, 2.962942361831665, 4.292566299438477, -1.0908877849578857], [2.931898355484009, -1.707911491394043, -2.8710429668426514, 2.760284185409546, 2.3770956993103027, 2.7570013999938965, 2.5866847038269043, -0.9952905178070068, -3.700906753540039, 3.067704677581787, 2.012661933898926, 2.8507790565490723, -1.3627305030822754, 3.322439432144165, 1.5644607543945312, -1.2146588563919067, -2.506136655807495, -2.109625816345215, -2.3507490158081055, -2.4921212196350098, 0.02568911388516426], [1.712362289428711, -0.7323073148727417, -2.349536418914795, 1.7193127870559692, 0.7736403942108154, 2.1339378356933594, 1.553844690322876, 1.2645105123519897, -1.1619523763656616, 2.012661933898926, 2.575192451477051, 0.39082157611846924, 1.082350254058838, 3.5536375045776367, 0.061042170971632004, -0.2524990141391754, -2.6520369052886963, -0.41989806294441223, -1.944555640220642, 0.251261442899704, -1.3732527494430542], [2.6047422885894775, -0.5014171600341797, 1.186740517616272, 5.021568775177002, 2.328641891479492, 2.7815182209014893, 3.9656450748443604, -4.827635288238525, -6.255925178527832, 2.8507790565490723, 0.39082157611846924, 8.843856811523438, -3.4617598056793213, 2.495856523513794, 2.4322845935821533, -1.4234577417373657, -1.321382761001587, -3.012726068496704, -1.2760720252990723, -2.519028425216675, 1.9027788639068604], [-1.352604627609253, 2.141144275665283, 1.1938689947128296, -1.4405972957611084, -1.8786934614181519, -0.6221154928207397, -1.5324304103851318, 3.297180652618408, 2.5372540950775146, -1.3627305030822754, 1.082350254058838, -3.4617598056793213, 4.060242176055908, 1.0511107444763184, -2.460618495941162, 1.7413655519485474, -0.2454940229654312, 2.694533586502075, 0.21311333775520325, 4.144812107086182, -2.32558536529541], [3.147430181503296, -0.35648998618125916, -2.313340425491333, 3.2929139137268066, 1.9595173597335815, 3.552144765853882, 2.769965410232544, 0.5287525057792664, -3.970271348953247, 3.322439432144165, 3.5536375045776367, 2.495856523513794, 1.0511107444763184, 5.666196823120117, 0.3644048571586609, -0.3112770915031433, -3.6293907165527344, -0.977554976940155, -3.0930967330932617, -0.16156509518623352, -1.5683584213256836], [1.4620208740234375, -1.7402722835540771, -1.617180347442627, 1.494397759437561, 1.533105492591858, 1.0828644037246704, 1.5216341018676758, -1.8417271375656128, -2.0591793060302734, 1.5644607543945312, 0.061042170971632004, 2.4322845935821533, -2.460618495941162, 0.3644048571586609, 1.7171951532363892, -1.2881942987442017, -0.6627980470657349, -1.9886808395385742, -0.7550506591796875, -2.7984986305236816, 1.1677789688110352], [-0.9910224080085754, 1.680867314338684, 1.7382248640060425, -1.08917236328125, -0.9105406403541565, -0.832190990447998, -1.1753954887390137, 0.9837943315505981, 0.8627251982688904, -1.2146588563919067, -0.2524990141391754, -1.4234577417373657, 1.7413655519485474, -0.3112770915031433, -1.2881942987442017, 1.074109673500061, 0.7724141478538513, 1.4936076402664185, 0.5818824768066406, 1.968018651008606, -0.7248885035514832], [-2.006829261779785, 1.5230445861816406, 2.9683337211608887, -2.374864339828491, -0.9728260636329651, -2.487884283065796, -2.193521499633789, -0.7404856085777283, 1.3242039680480957, -2.506136655807495, -2.6520369052886963, -1.321382761001587, -0.2454940229654312, -3.6293907165527344, -0.6627980470657349, 0.7724141478538513, 3.0266761779785156, 1.1093231439590454, 2.07975435256958, 0.442272424697876, 0.9943943619728088], [-1.9801912307739258, 2.0085175037384033, 2.065244197845459, -2.022820234298706, -1.9465091228485107, -1.5841892957687378, -2.002293109893799, 2.0459487438201904, 2.7509653568267822, -2.109625816345215, -0.41989806294441223, -3.012726068496704, 2.694533586502075, -0.977554976940155, -1.9886808395385742, 1.4936076402664185, 1.1093231439590454, 2.3583710193634033, 1.1684101819992065, 3.205369710922241, -1.1734814643859863], [-2.3982067108154297, 0.8830273747444153, 2.3274006843566895, -1.7684986591339111, -1.9226951599121094, -2.203122138977051, -1.67550528049469, 0.059843093156814575, 2.962942361831665, -2.3507490158081055, -1.944555640220642, -1.2760720252990723, 0.21311333775520325, -3.0930967330932617, -0.7550506591796875, 0.5818824768066406, 2.07975435256958, 1.1684101819992065, 2.1041245460510254, 1.4988659620285034, 0.5316183567047119], [-2.8623509407043457, 2.68316912651062, 3.1416003704071045, -1.3157505989074707, -3.472460985183716, -1.4760421514511108, -1.6870765686035156, 2.9438562393188477, 4.292566299438477, -2.4921212196350098, 0.251261442899704, -2.519028425216675, 4.144812107086182, -0.16156509518623352, -2.7984986305236816, 1.968018651008606, 0.442272424697876, 3.205369710922241, 1.4988659620285034, 5.778316497802734, -2.003817319869995], [0.12402237951755524, -0.6439201831817627, 0.45471134781837463, 0.30636295676231384, 0.675487756729126, -0.33280929923057556, 0.3334908187389374, -2.1760878562927246, -1.0908877849578857, 0.02568911388516426, -1.3732527494430542, 1.9027788639068604, -2.32558536529541, -1.5683584213256836, 1.1677789688110352, -0.7248885035514832, 0.9943943619728088, -1.1734814643859863, 0.5316183567047119, -2.003817319869995, 1.6046772003173828]], "type": "heatmap"}], "layout": {"template": {"data": {"histogram2dcontour": [{"type": "histogram2dcontour", "colorbar": {"outlinewidth": 0, "ticks": ""}, "colorscale": [[0.0, "#0d0887"], [0.1111111111111111, "#46039f"], [0.2222222222222222, "#7201a8"], [0.3333333333333333, "#9c179e"], [0.4444444444444444, "#bd3786"], [0.5555555555555556, "#d8576b"], [0.6666666666666666, "#ed7953"], [0.7777777777777778, "#fb9f3a"], [0.8888888888888888, "#fdca26"], [1.0, "#f0f921"]]}], "choropleth": [{"type": "choropleth", "colorbar": {"outlinewidth": 0, "ticks": ""}}], "histogram2d": [{"type": "histogram2d", "colorbar": {"outlinewidth": 0, "ticks": ""}, "colorscale": [[0.0, "#0d0887"], [0.1111111111111111, "#46039f"], [0.2222222222222222, "#7201a8"], [0.3333333333333333, "#9c179e"], [0.4444444444444444, "#bd3786"], [0.5555555555555556, "#d8576b"], [0.6666666666666666, "#ed7953"], [0.7777777777777778, "#fb9f3a"], [0.8888888888888888, "#fdca26"], [1.0, "#f0f921"]]}], "heatmap": [{"type": "heatmap", "colorbar": {"outlinewidth": 0, "ticks": ""}, "colorscale": [[0.0, "#0d0887"], [0.1111111111111111, "#46039f"], [0.2222222222222222, "#7201a8"], [0.3333333333333333, "#9c179e"], [0.4444444444444444, "#bd3786"], [0.5555555555555556, "#d8576b"], [0.6666666666666666, "#ed7953"], [0.7777777777777778, "#fb9f3a"], [0.8888888888888888, "#fdca26"], [1.0, "#f0f921"]]}], "heatmapgl": [{"type": "heatmapgl", "colorbar": {"outlinewidth": 0, "ticks": ""}, "colorscale": [[0.0, "#0d0887"], [0.1111111111111111, "#46039f"], [0.2222222222222222, "#7201a8"], [0.3333333333333333, "#9c179e"], [0.4444444444444444, "#bd3786"], [0.5555555555555556, "#d8576b"], [0.6666666666666666, "#ed7953"], [0.7777777777777778, "#fb9f3a"], [0.8888888888888888, "#fdca26"], [1.0, "#f0f921"]]}], "contourcarpet": [{"type": "contourcarpet", "colorbar": {"outlinewidth": 0, "ticks": ""}}], "contour": [{"type": "contour", "colorbar": {"outlinewidth": 0, "ticks": ""}, "colorscale": [[0.0, "#0d0887"], [0.1111111111111111, "#46039f"], [0.2222222222222222, "#7201a8"], [0.3333333333333333, "#9c179e"], [0.4444444444444444, "#bd3786"], [0.5555555555555556, "#d8576b"], [0.6666666666666666, "#ed7953"], [0.7777777777777778, "#fb9f3a"], [0.8888888888888888, "#fdca26"], [1.0, "#f0f921"]]}], "surface": [{"type": "surface", "colorbar": {"outlinewidth": 0, "ticks": ""}, "colorscale": [[0.0, "#0d0887"], [0.1111111111111111, "#46039f"], [0.2222222222222222, "#7201a8"], [0.3333333333333333, "#9c179e"], [0.4444444444444444, "#bd3786"], [0.5555555555555556, "#d8576b"], [0.6666666666666666, "#ed7953"], [0.7777777777777778, "#fb9f3a"], [0.8888888888888888, "#fdca26"], [1.0, "#f0f921"]]}], "mesh3d": [{"type": "mesh3d", "colorbar": {"outlinewidth": 0, "ticks": ""}}], "scatter": [{"fillpattern": {"fillmode": "overlay", "size": 10, "solidity": 0.2}, "type": "scatter"}], "parcoords": [{"type": "parcoords", "line": {"colorbar": {"outlinewidth": 0, "ticks": ""}}}], "scatterpolargl": [{"type": "scatterpolargl", "marker": {"colorbar": {"outlinewidth": 0, "ticks": ""}}}], "bar": [{"error_x": {"color": "#2a3f5f"}, "error_y": {"color": "#2a3f5f"}, "marker": {"line": {"color": "#E5ECF6", "width": 0.5}, "pattern": {"fillmode": "overlay", "size": 10, "solidity": 0.2}}, "type": "bar"}], "scattergeo": [{"type": "scattergeo", "marker": {"colorbar": {"outlinewidth": 0, "ticks": ""}}}], "scatterpolar": [{"type": "scatterpolar", "marker": {"colorbar": {"outlinewidth": 0, "ticks": ""}}}], "histogram": [{"marker": {"pattern": {"fillmode": "overlay", "size": 10, "solidity": 0.2}}, "type": "histogram"}], "scattergl": [{"type": "scattergl", "marker": {"colorbar": {"outlinewidth": 0, "ticks": ""}}}], "scatter3d": [{"type": "scatter3d", "line": {"colorbar": {"outlinewidth": 0, "ticks": ""}}, "marker": {"colorbar": {"outlinewidth": 0, "ticks": ""}}}], "scattermapbox": [{"type": "scattermapbox", "marker": {"colorbar": {"outlinewidth": 0, "ticks": ""}}}], "scatterternary": [{"type": "scatterternary", "marker": {"colorbar": {"outlinewidth": 0, "ticks": ""}}}], "scattercarpet": [{"type": "scattercarpet", "marker": {"colorbar": {"outlinewidth": 0, "ticks": ""}}}], "carpet": [{"aaxis": {"endlinecolor": "#2a3f5f", "gridcolor": "white", "linecolor": "white", "minorgridcolor": "white", "startlinecolor": "#2a3f5f"}, "baxis": {"endlinecolor": "#2a3f5f", "gridcolor": "white", "linecolor": "white", "minorgridcolor": "white", "startlinecolor": "#2a3f5f"}, "type": "carpet"}], "table": [{"cells": {"fill": {"color": "#EBF0F8"}, "line": {"color": "white"}}, "header": {"fill": {"color": "#C8D4E3"}, "line": {"color": "white"}}, "type": "table"}], "barpolar": [{"marker": {"line": {"color": "#E5ECF6", "width": 0.5}, "pattern": {"fillmode": "overlay", "size": 10, "solidity": 0.2}}, "type": "barpolar"}], "pie": [{"automargin": true, "type": "pie"}]}, "layout": {"autotypenumbers": "strict", "colorway": ["#636efa", "#EF553B", "#00cc96", "#ab63fa", "#FFA15A", "#19d3f3", "#FF6692", "#B6E880", "#FF97FF", "#FECB52"], "font": {"color": "#2a3f5f"}, "hovermode": "closest", "hoverlabel": {"align": "left"}, "paper_bgcolor": "white", "plot_bgcolor": "#E5ECF6", "polar": {"bgcolor": "#E5ECF6", "angularaxis": {"gridcolor": "white", "linecolor": "white", "ticks": ""}, "radialaxis": {"gridcolor": "white", "linecolor": "white", "ticks": ""}}, "ternary": {"bgcolor": "#E5ECF6", "aaxis": {"gridcolor": "white", "linecolor": "white", "ticks": ""}, "baxis": {"gridcolor": "white", "linecolor": "white", "ticks": ""}, "caxis": {"gridcolor": "white", "linecolor": "white", "ticks": ""}}, "coloraxis": {"colorbar": {"outlinewidth": 0, "ticks": ""}}, "colorscale": {"sequential": [[0.0, "#0d0887"], [0.1111111111111111, "#46039f"], [0.2222222222222222, "#7201a8"], [0.3333333333333333, "#9c179e"], [0.4444444444444444, "#bd3786"], [0.5555555555555556, "#d8576b"], [0.6666666666666666, "#ed7953"], [0.7777777777777778, "#fb9f3a"], [0.8888888888888888, "#fdca26"], [1.0, "#f0f921"]], "sequentialminus": [[0.0, "#0d0887"], [0.1111111111111111, "#46039f"], [0.2222222222222222, "#7201a8"], [0.3333333333333333, "#9c179e"], [0.4444444444444444, "#bd3786"], [0.5555555555555556, "#d8576b"], [0.6666666666666666, "#ed7953"], [0.7777777777777778, "#fb9f3a"], [0.8888888888888888, "#fdca26"], [1.0, "#f0f921"]], "diverging": [[0, "#8e0152"], [0.1, "#c51b7d"], [0.2, "#de77ae"], [0.3, "#f1b6da"], [0.4, "#fde0ef"], [0.5, "#f7f7f7"], [0.6, "#e6f5d0"], [0.7, "#b8e186"], [0.8, "#7fbc41"], [0.9, "#4d9221"], [1, "#276419"]]}, "xaxis": {"gridcolor": "white", "linecolor": "white", "ticks": "", "title": {"standoff": 15}, "zerolinecolor": "white", "automargin": true, "zerolinewidth": 2}, "yaxis": {"gridcolor": "white", "linecolor": "white", "ticks": "", "title": {"standoff": 15}, "zerolinecolor": "white", "automargin": true, "zerolinewidth": 2}, "scene": {"xaxis": {"backgroundcolor": "#E5ECF6", "gridcolor": "white", "linecolor": "white", "showbackground": true, "ticks": "", "zerolinecolor": "white", "gridwidth": 2}, "yaxis": {"backgroundcolor": "#E5ECF6", "gridcolor": "white", "linecolor": "white", "showbackground": true, "ticks": "", "zerolinecolor": "white", "gridwidth": 2}, "zaxis": {"backgroundcolor": "#E5ECF6", "gridcolor": "white", "linecolor": "white", "showbackground": true, "ticks": "", "zerolinecolor": "white", "gridwidth": 2}}, "shapedefaults": {"line": {"color": "#2a3f5f"}}, "annotationdefaults": {"arrowcolor": "#2a3f5f", "arrowhead": 0, "arrowwidth": 1}, "geo": {"bgcolor": "white", "landcolor": "#E5ECF6", "subunitcolor": "white", "showland": true, "showlakes": true, "lakecolor": "white"}, "title": {"x": 0.05}, "mapbox": {"style": "light"}}}}}