{"data": [{"z": [[4.356960296630859, -1.62000572681427, -2.8766400814056396, 1.7413241863250732, 2.4660706520080566, 2.2856216430664062, 2.931783676147461, -0.5167750716209412, -5.633423328399658, 3.525263786315918, 0.7857702374458313, 3.2352700233459473, -1.8804442882537842, 3.2246036529541016, 0.8274689316749573, -0.45694229006767273, -1.550416350364685, -1.9337080717086792, -2.081824541091919, -3.371962785720825, 0.31300365924835205], [-1.62000572681427, 3.4927337169647217, 4.26474666595459, -0.3521866798400879, -0.2467471957206726, -0.6997840404510498, -1.6073639392852783, -0.8395633697509766, -1.1951568126678467, -1.8982882499694824, -0.468658983707428, 0.12840242683887482, 1.650857925415039, -0.4178347885608673, -1.0805835723876953, 1.126754641532898, 1.1874747276306152, 1.3985679149627686, 0.43367063999176025, 2.0907790660858154, -0.34639498591423035], [-2.8766400814056396, 4.26474666595459, 6.818185806274414, 0.14745724201202393, -0.7901475429534912, -1.386247158050537, -1.6889270544052124, -2.4205284118652344, -1.0365581512451172, -2.88964581489563, -1.7546594142913818, 2.1520023345947266, 0.3159971535205841, -2.129068374633789, -0.5841286778450012, 1.198165774345398, 2.293045997619629, 1.126438856124878, 1.8438069820404053, 2.4069483280181885, 0.8019185066223145], [1.7413241863250732, -0.3521866798400879, 0.14745724201202393, 2.456059694290161, 0.31499114632606506, 1.5430172681808472, 2.566220760345459, -0.9609672427177429, -3.5687813758850098, 1.813036561012268, 0.3489510118961334, 4.40834903717041, -1.5546987056732178, 2.2002320289611816, 0.2809828221797943, -0.06835397332906723, -1.644705057144165, -1.474062204360962, -0.7435577511787415, -0.5654253363609314, 0.32610419392585754], [2.4660706520080566, -0.2467471957206726, -0.7901475429534912, 0.31499114632606506, 2.1781492233276367, 0.830377459526062, 0.9250344634056091, -1.018568515777588, -3.8778574466705322, 1.555586814880371, -0.2695087790489197, 1.5627880096435547, -1.35403573513031, 0.8423212766647339, 0.7630882859230042, -0.14749813079833984, 0.4607377052307129, -0.8928185105323792, -0.8379265666007996, -2.702444076538086, 0.7190015912055969], [2.2856216430664062, -0.6997840404510498, -1.386247158050537, 1.5430172681808472, 0.830377459526062, 1.6033841371536255, 2.022045850753784, 0.02365007996559143, -3.212575674057007, 2.0632989406585693, 0.9146863222122192, 2.2971508502960205, -0.5788580179214478, 2.639880418777466, 0.0359143428504467, -0.10564722865819931, -1.7221333980560303, -1.0367791652679443, -1.4234917163848877, -0.9552501440048218, -0.2914518415927887], [2.931783676147461, -1.6073639392852783, -1.6889270544052124, 2.566220760345459, 0.9250344634056091, 2.022045850753784, 3.276292324066162, -0.7156697511672974, -4.0272216796875, 2.8642728328704834, 0.5964686870574951, 4.440049648284912, -2.2001426219940186, 2.7157108783721924, 0.7256689071655273, -0.46619144082069397, -2.05326771736145, -2.071125030517578, -1.2309125661849976, -1.844517469406128, 0.4482637047767639], [-0.5167750716209412, -0.8395633697509766, -2.4205284118652344, -0.9609672427177429, -1.018568515777588, 0.02365007996559143, -0.7156697511672974, 2.549396514892578, 3.059471368789673, -0.12417245656251907, 1.5477936267852783, -3.6851181983947754, 2.418853998184204, 1.0123071670532227, -1.0276763439178467, -0.038979049772024155, -1.423686146736145, 0.9760721921920776, -0.8367716073989868, 1.534847617149353, -1.7362217903137207], [-5.633423328399658, -1.1951568126678467, -1.0365581512451172, -3.5687813758850098, -3.8778574466705322, -3.212575674057007, -4.0272216796875, 3.059471368789673, 11.968818664550781, -4.035717964172363, -0.122220478951931, -8.161199569702148, 2.8531668186187744, -4.631783962249756, -0.7471520304679871, -0.3924589455127716, 1.1128164529800415, 2.4806268215179443, 2.484926462173462, 3.7788755893707275, -1.037989854812622], [3.525263786315918, -1.8982882499694824, -2.88964581489563, 1.813036561012268, 1.555586814880371, 2.0632989406585693, 2.8642728328704834, -0.12417245656251907, -4.035717964172363, 3.1318552494049072, 0.905878484249115, 2.9111526012420654, -1.6538689136505127, 2.9468331336975098, 0.6699889898300171, -0.5247290730476379, -1.9179306030273438, -1.8130677938461304, -1.741757869720459, -2.4780938625335693, 0.12656868994235992], [0.7857702374458313, -0.468658983707428, -1.7546594142913818, 0.3489510118961334, -0.2695087790489197, 0.9146863222122192, 0.5964686870574951, 1.5477936267852783, -0.122220478951931, 0.905878484249115, 1.5148142576217651, -0.8614982962608337, 1.4467378854751587, 2.250223159790039, -0.8198519945144653, 0.07645365595817566, -1.880902886390686, 0.18242476880550385, -1.3378446102142334, 0.8055692911148071, -1.3677456378936768], [3.2352700233459473, 0.12840242683887482, 2.1520023345947266, 4.40834903717041, 1.5627880096435547, 2.2971508502960205, 4.440049648284912, -3.6851181983947754, -8.161199569702148, 2.9111526012420654, -0.8614982962608337, 9.702069282531738, -4.509614944458008, 2.378636121749878, 1.396316647529602, -0.10189761221408844, -1.1060792207717896, -3.087568521499634, -0.4351644515991211, -2.4617786407470703, 2.0582082271575928], [-1.8804442882537842, 1.650857925415039, 0.3159971535205841, -1.5546987056732178, -1.35403573513031, -0.5788580179214478, -2.2001426219940186, 2.418853998184204, 2.8531668186187744, -1.6538689136505127, 1.4467378854751587, -4.509614944458008, 4.167680263519287, 0.7583346366882324, -2.025869369506836, 0.8018333315849304, -0.6690372824668884, 2.2795097827911377, -0.6351796388626099, 3.3536930084228516, -2.315297842025757], [3.2246036529541016, -0.4178347885608673, -2.129068374633789, 2.2002320289611816, 0.8423212766647339, 2.639880418777466, 2.7157108783721924, 1.0123071670532227, -4.631783962249756, 2.9468331336975098, 2.250223159790039, 2.378636121749878, 0.7583346366882324, 5.098746299743652, -0.8464399576187134, 0.1977451890707016, -3.407320499420166, -0.8770362138748169, -2.7999680042266846, -0.14065445959568024, -1.5183852910995483], [0.8274689316749573, -1.0805835723876953, -0.5841286778450012, 0.2809828221797943, 0.7630882859230042, 0.0359143428504467, 0.7256689071655273, -1.0276763439178467, -0.7471520304679871, 0.6699889898300171, -0.8198519945144653, 1.396316647529602, -2.025869369506836, -0.8464399576187134, 1.124704122543335, -0.5044282674789429, 0.6680391430854797, -1.0077075958251953, 0.4355073869228363, -1.9315097332000732, 1.2050175666809082], [-0.45694229006767273, 1.126754641532898, 1.198165774345398, -0.06835397332906723, -0.14749813079833984, -0.10564722865819931, -0.46619144082069397, -0.038979049772024155, -0.3924589455127716, -0.5247290730476379, 0.07645365595817566, -0.10189761221408844, 0.8018333315849304, 0.1977451890707016, -0.5044282674789429, 0.39938220381736755, 0.11061834543943405, 0.5154052972793579, -0.05041377618908882, 0.8673580288887024, -0.33706027269363403], [-1.550416350364685, 1.1874747276306152, 2.293045997619629, -1.644705057144165, 0.4607377052307129, -1.7221333980560303, -2.05326771736145, -1.423686146736145, 1.1128164529800415, -1.9179306030273438, -1.880902886390686, -1.1060792207717896, -0.6690372824668884, -3.407320499420166, 0.6680391430854797, 0.11061834543943405, 3.086416006088257, 0.6454715132713318, 1.7016321420669556, -0.6849552392959595, 1.324520468711853], [-1.9337080717086792, 1.3985679149627686, 1.126438856124878, -1.474062204360962, -0.8928185105323792, -1.0367791652679443, -2.071125030517578, 0.9760721921920776, 2.4806268215179443, -1.8130677938461304, 0.18242476880550385, -3.087568521499634, 2.2795097827911377, -0.8770362138748169, -1.0077075958251953, 0.5154052972793579, 0.6454715132713318, 1.6225714683532715, 0.356551855802536, 2.0154871940612793, -0.926238477230072], [-2.081824541091919, 0.43367063999176025, 1.8438069820404053, -0.7435577511787415, -0.8379265666007996, -1.4234917163848877, -1.2309125661849976, -0.8367716073989868, 2.484926462173462, -1.741757869720459, -1.3378446102142334, -0.4351644515991211, -0.6351796388626099, -2.7999680042266846, 0.4355073869228363, -0.05041377618908882, 1.7016321420669556, 0.356551855802536, 1.7594506740570068, 0.5152493119239807, 0.9416934847831726], [-3.371962785720825, 2.0907790660858154, 2.4069483280181885, -0.5654253363609314, -2.702444076538086, -0.9552501440048218, -1.844517469406128, 1.534847617149353, 3.7788755893707275, -2.4780938625335693, 0.8055692911148071, -2.4617786407470703, 3.3536930084228516, -0.14065445959568024, -1.9315097332000732, 0.8673580288887024, -0.6849552392959595, 2.0154871940612793, 0.5152493119239807, 4.663941383361816, -1.7514605522155762], [0.31300365924835205, -0.34639498591423035, 0.8019185066223145, 0.32610419392585754, 0.7190015912055969, -0.2914518415927887, 0.4482637047767639, -1.7362217903137207, -1.037989854812622, 0.12656868994235992, -1.3677456378936768, 2.0582082271575928, -2.315297842025757, -1.5183852910995483, 1.2050175666809082, -0.33706027269363403, 1.324520468711853, -0.926238477230072, 0.9416934847831726, -1.7514605522155762, 1.6046772003173828]], "type": "heatmap"}], "layout": {"template": {"data": {"histogram2dcontour": [{"type": "histogram2dcontour", "colorbar": {"outlinewidth": 0, "ticks": ""}, "colorscale": [[0.0, "#0d0887"], [0.1111111111111111, "#46039f"], [0.2222222222222222, "#7201a8"], [0.3333333333333333, "#9c179e"], [0.4444444444444444, "#bd3786"], [0.5555555555555556, "#d8576b"], [0.6666666666666666, "#ed7953"], [0.7777777777777778, "#fb9f3a"], [0.8888888888888888, "#fdca26"], [1.0, "#f0f921"]]}], "choropleth": [{"type": "choropleth", "colorbar": {"outlinewidth": 0, "ticks": ""}}], "histogram2d": [{"type": "histogram2d", "colorbar": {"outlinewidth": 0, "ticks": ""}, "colorscale": [[0.0, "#0d0887"], [0.1111111111111111, "#46039f"], [0.2222222222222222, "#7201a8"], [0.3333333333333333, "#9c179e"], [0.4444444444444444, "#bd3786"], [0.5555555555555556, "#d8576b"], [0.6666666666666666, "#ed7953"], [0.7777777777777778, "#fb9f3a"], [0.8888888888888888, "#fdca26"], [1.0, "#f0f921"]]}], "heatmap": [{"type": "heatmap", "colorbar": {"outlinewidth": 0, "ticks": ""}, "colorscale": [[0.0, "#0d0887"], [0.1111111111111111, "#46039f"], [0.2222222222222222, "#7201a8"], [0.3333333333333333, "#9c179e"], [0.4444444444444444, "#bd3786"], [0.5555555555555556, "#d8576b"], [0.6666666666666666, "#ed7953"], [0.7777777777777778, "#fb9f3a"], [0.8888888888888888, "#fdca26"], [1.0, "#f0f921"]]}], "heatmapgl": [{"type": "heatmapgl", "colorbar": {"outlinewidth": 0, "ticks": ""}, "colorscale": [[0.0, "#0d0887"], [0.1111111111111111, "#46039f"], [0.2222222222222222, "#7201a8"], [0.3333333333333333, "#9c179e"], [0.4444444444444444, "#bd3786"], [0.5555555555555556, "#d8576b"], [0.6666666666666666, "#ed7953"], [0.7777777777777778, "#fb9f3a"], [0.8888888888888888, "#fdca26"], [1.0, "#f0f921"]]}], "contourcarpet": [{"type": "contourcarpet", "colorbar": {"outlinewidth": 0, "ticks": ""}}], "contour": [{"type": "contour", "colorbar": {"outlinewidth": 0, "ticks": ""}, "colorscale": [[0.0, "#0d0887"], [0.1111111111111111, "#46039f"], [0.2222222222222222, "#7201a8"], [0.3333333333333333, "#9c179e"], [0.4444444444444444, "#bd3786"], [0.5555555555555556, "#d8576b"], [0.6666666666666666, "#ed7953"], [0.7777777777777778, "#fb9f3a"], [0.8888888888888888, "#fdca26"], [1.0, "#f0f921"]]}], "surface": [{"type": "surface", "colorbar": {"outlinewidth": 0, "ticks": ""}, "colorscale": [[0.0, "#0d0887"], [0.1111111111111111, "#46039f"], [0.2222222222222222, "#7201a8"], [0.3333333333333333, "#9c179e"], [0.4444444444444444, "#bd3786"], [0.5555555555555556, "#d8576b"], [0.6666666666666666, "#ed7953"], [0.7777777777777778, "#fb9f3a"], [0.8888888888888888, "#fdca26"], [1.0, "#f0f921"]]}], "mesh3d": [{"type": "mesh3d", "colorbar": {"outlinewidth": 0, "ticks": ""}}], "scatter": [{"fillpattern": {"fillmode": "overlay", "size": 10, "solidity": 0.2}, "type": "scatter"}], "parcoords": [{"type": "parcoords", "line": {"colorbar": {"outlinewidth": 0, "ticks": ""}}}], "scatterpolargl": [{"type": "scatterpolargl", "marker": {"colorbar": {"outlinewidth": 0, "ticks": ""}}}], "bar": [{"error_x": {"color": "#2a3f5f"}, "error_y": {"color": "#2a3f5f"}, "marker": {"line": {"color": "#E5ECF6", "width": 0.5}, "pattern": {"fillmode": "overlay", "size": 10, "solidity": 0.2}}, "type": "bar"}], "scattergeo": [{"type": "scattergeo", "marker": {"colorbar": {"outlinewidth": 0, "ticks": ""}}}], "scatterpolar": [{"type": "scatterpolar", "marker": {"colorbar": {"outlinewidth": 0, "ticks": ""}}}], "histogram": [{"marker": {"pattern": {"fillmode": "overlay", "size": 10, "solidity": 0.2}}, "type": "histogram"}], "scattergl": [{"type": "scattergl", "marker": {"colorbar": {"outlinewidth": 0, "ticks": ""}}}], "scatter3d": [{"type": "scatter3d", "line": {"colorbar": {"outlinewidth": 0, "ticks": ""}}, "marker": {"colorbar": {"outlinewidth": 0, "ticks": ""}}}], "scattermapbox": [{"type": "scattermapbox", "marker": {"colorbar": {"outlinewidth": 0, "ticks": ""}}}], "scatterternary": [{"type": "scatterternary", "marker": {"colorbar": {"outlinewidth": 0, "ticks": ""}}}], "scattercarpet": [{"type": "scattercarpet", "marker": {"colorbar": {"outlinewidth": 0, "ticks": ""}}}], "carpet": [{"aaxis": {"endlinecolor": "#2a3f5f", "gridcolor": "white", "linecolor": "white", "minorgridcolor": "white", "startlinecolor": "#2a3f5f"}, "baxis": {"endlinecolor": "#2a3f5f", "gridcolor": "white", "linecolor": "white", "minorgridcolor": "white", "startlinecolor": "#2a3f5f"}, "type": "carpet"}], "table": [{"cells": {"fill": {"color": "#EBF0F8"}, "line": {"color": "white"}}, "header": {"fill": {"color": "#C8D4E3"}, "line": {"color": "white"}}, "type": "table"}], "barpolar": [{"marker": {"line": {"color": "#E5ECF6", "width": 0.5}, "pattern": {"fillmode": "overlay", "size": 10, "solidity": 0.2}}, "type": "barpolar"}], "pie": [{"automargin": true, "type": "pie"}]}, "layout": {"autotypenumbers": "strict", "colorway": ["#636efa", "#EF553B", "#00cc96", "#ab63fa", "#FFA15A", "#19d3f3", "#FF6692", "#B6E880", "#FF97FF", "#FECB52"], "font": {"color": "#2a3f5f"}, "hovermode": "closest", "hoverlabel": {"align": "left"}, "paper_bgcolor": "white", "plot_bgcolor": "#E5ECF6", "polar": {"bgcolor": "#E5ECF6", "angularaxis": {"gridcolor": "white", "linecolor": "white", "ticks": ""}, "radialaxis": {"gridcolor": "white", "linecolor": "white", "ticks": ""}}, "ternary": {"bgcolor": "#E5ECF6", "aaxis": {"gridcolor": "white", "linecolor": "white", "ticks": ""}, "baxis": {"gridcolor": "white", "linecolor": "white", "ticks": ""}, "caxis": {"gridcolor": "white", "linecolor": "white", "ticks": ""}}, "coloraxis": {"colorbar": {"outlinewidth": 0, "ticks": ""}}, "colorscale": {"sequential": [[0.0, "#0d0887"], [0.1111111111111111, "#46039f"], [0.2222222222222222, "#7201a8"], [0.3333333333333333, "#9c179e"], [0.4444444444444444, "#bd3786"], [0.5555555555555556, "#d8576b"], [0.6666666666666666, "#ed7953"], [0.7777777777777778, "#fb9f3a"], [0.8888888888888888, "#fdca26"], [1.0, "#f0f921"]], "sequentialminus": [[0.0, "#0d0887"], [0.1111111111111111, "#46039f"], [0.2222222222222222, "#7201a8"], [0.3333333333333333, "#9c179e"], [0.4444444444444444, "#bd3786"], [0.5555555555555556, "#d8576b"], [0.6666666666666666, "#ed7953"], [0.7777777777777778, "#fb9f3a"], [0.8888888888888888, "#fdca26"], [1.0, "#f0f921"]], "diverging": [[0, "#8e0152"], [0.1, "#c51b7d"], [0.2, "#de77ae"], [0.3, "#f1b6da"], [0.4, "#fde0ef"], [0.5, "#f7f7f7"], [0.6, "#e6f5d0"], [0.7, "#b8e186"], [0.8, "#7fbc41"], [0.9, "#4d9221"], [1, "#276419"]]}, "xaxis": {"gridcolor": "white", "linecolor": "white", "ticks": "", "title": {"standoff": 15}, "zerolinecolor": "white", "automargin": true, "zerolinewidth": 2}, "yaxis": {"gridcolor": "white", "linecolor": "white", "ticks": "", "title": {"standoff": 15}, "zerolinecolor": "white", "automargin": true, "zerolinewidth": 2}, "scene": {"xaxis": {"backgroundcolor": "#E5ECF6", "gridcolor": "white", "linecolor": "white", "showbackground": true, "ticks": "", "zerolinecolor": "white", "gridwidth": 2}, "yaxis": {"backgroundcolor": "#E5ECF6", "gridcolor": "white", "linecolor": "white", "showbackground": true, "ticks": "", "zerolinecolor": "white", "gridwidth": 2}, "zaxis": {"backgroundcolor": "#E5ECF6", "gridcolor": "white", "linecolor": "white", "showbackground": true, "ticks": "", "zerolinecolor": "white", "gridwidth": 2}}, "shapedefaults": {"line": {"color": "#2a3f5f"}}, "annotationdefaults": {"arrowcolor": "#2a3f5f", "arrowhead": 0, "arrowwidth": 1}, "geo": {"bgcolor": "white", "landcolor": "#E5ECF6", "subunitcolor": "white", "showland": true, "showlakes": true, "lakecolor": "white"}, "title": {"x": 0.05}, "mapbox": {"style": "light"}}}}}