{"data": [{"z": [[4.053203582763672, -1.574934482574463, -2.7485790252685547, 2.1734585762023926, 2.775806188583374, 2.6063437461853027, 2.80798077583313, -0.9524451494216919, -5.488852500915527, 3.5910346508026123, 1.2335782051086426, 3.231712818145752, -1.9092459678649902, 3.4068446159362793, 1.1730022430419922, -0.7861580848693848, -1.8394441604614258, -2.0871331691741943, -2.315401554107666, -3.3195254802703857, 0.2623322308063507], [-1.574934482574463, 3.5876624584198, 4.28859281539917, -0.7486859560012817, -0.5681310296058655, -0.9890459179878235, -1.670285940170288, -0.4075644612312317, -0.6891030073165894, -2.122652530670166, -0.6370767951011658, -0.22876057028770447, 2.0199637413024902, -0.5662200450897217, -1.3985660076141357, 1.3960692882537842, 1.4233832359313965, 1.7345292568206787, 0.654692530632019, 2.425004482269287, -0.46626222133636475], [-2.7485790252685547, 4.28859281539917, 6.74592924118042, -0.33549097180366516, -1.2090407609939575, -1.7475186586380005, -1.7002092599868774, -1.9763338565826416, -0.47254741191864014, -3.144890069961548, -1.9861469268798828, 1.8128688335418701, 0.8252236843109131, -2.280606508255005, -1.011948585510254, 1.418665885925293, 2.581972122192383, 1.540076494216919, 2.029866933822632, 2.7558043003082275, 0.6591759324073792], [2.1734585762023926, -0.7486859560012817, -0.33549097180366516, 3.103909969329834, 0.8410174250602722, 2.148770332336426, 3.010176420211792, -1.2537355422973633, -3.7926952838897705, 2.4192540645599365, 0.9104504585266113, 4.904244899749756, -1.6303011178970337, 2.8261003494262695, 0.7432674765586853, -0.49253255128860474, -1.9897328615188599, -1.7285336256027222, -1.1494113206863403, -0.8849391937255859, 0.3102954924106598], [2.775806188583374, -0.5681310296058655, -1.2090407609939575, 0.8410174250602722, 2.4847240447998047, 1.3020099401474, 1.310524821281433, -1.3274128437042236, -4.397581577301025, 2.0448977947235107, 0.10168731957674026, 1.9984335899353027, -1.7160770893096924, 1.3888098001480103, 1.0018908977508545, -0.4492393732070923, -0.15636564791202545, -1.3524945974349976, -1.2832471132278442, -3.040468692779541, 0.6949806809425354], [2.6063437461853027, -0.9890459179878235, -1.7475186586380005, 2.148770332336426, 1.3020099401474, 2.1634514331817627, 2.383585214614868, -0.2230629324913025, -3.49139404296875, 2.5998575687408447, 1.4283533096313477, 2.7167253494262695, -0.7417267560958862, 3.207510232925415, 0.45228028297424316, -0.42310330271720886, -2.113690137863159, -1.3252873420715332, -1.77599036693573, -1.2219122648239136, -0.3112810552120209], [2.80798077583313, -1.670285940170288, -1.7002092599868774, 3.010176420211792, 1.310524821281433, 2.383585214614868, 3.2570483684539795, -1.10092031955719, -3.864678382873535, 3.0323727130889893, 1.063351035118103, 4.532588005065918, -2.1107521057128906, 2.9541845321655273, 1.124228596687317, -0.845084547996521, -2.1979496479034424, -2.139115810394287, -1.4644402265548706, -1.8682159185409546, 0.4176551401615143], [-0.9524451494216919, -0.4075644612312317, -1.9763338565826416, -1.2537355422973633, -1.3274128437042236, -0.2230629324913025, -1.10092031955719, 3.0068137645721436, 3.526127815246582, -0.516004204750061, 1.5034199953079224, -4.204675197601318, 2.850168466567993, 0.8119297623634338, -1.2862906455993652, 0.33341455459594727, -1.2211276292800903, 1.369232177734375, -0.5410473346710205, 2.1239914894104004, -1.912680983543396], [-5.488852500915527, -0.6891030073165894, -0.47254741191864014, -3.7926952838897705, -4.397581577301025, -3.49139404296875, -3.864678382873535, 3.526127815246582, 11.047026634216309, -4.202473163604736, -0.6488269567489624, -7.63943338394165, 2.940488815307617, -4.570907115936279, -1.38442063331604, 0.27949953079223633, 1.2481549978256226, 2.6657931804656982, 2.7433979511260986, 4.113361835479736, -1.0696754455566406], [3.5910346508026123, -2.122652530670166, -3.144890069961548, 2.4192540645599365, 2.0448977947235107, 2.5998575687408447, 3.0323727130889893, -0.516004204750061, -4.202473163604736, 3.544417142868042, 1.4623790979385376, 3.1638870239257812, -1.8214755058288574, 3.403104782104492, 1.13688063621521, -0.9352397322654724, -2.340456247329712, -2.1198110580444336, -2.1231956481933594, -2.709993362426758, 0.10223444551229477], [1.2335782051086426, -0.6370767951011658, -1.9861469268798828, 0.9104504585266113, 0.10168731957674026, 1.4283533096313477, 1.063351035118103, 1.5034199953079224, -0.6488269567489624, 1.4623790979385376, 1.8906548023223877, -0.26523709297180176, 1.2575832605361938, 2.858182668685913, -0.5344305634498596, 0.0037004267796874046, -2.2076470851898193, -0.06331309676170349, -1.566055417060852, 0.6057532429695129, -1.3766117095947266], [3.231712818145752, -0.22876057028770447, 1.8128688335418701, 4.904244899749756, 1.9984335899353027, 2.7167253494262695, 4.532588005065918, -4.204675197601318, -7.63943338394165, 3.1638870239257812, -0.26523709297180176, 9.770917892456055, -4.3022966384887695, 2.668797254562378, 1.891359806060791, -0.7655434012413025, -1.2775400876998901, -3.1499547958374023, -0.8009288311004639, -2.5672528743743896, 2.0122175216674805], [-1.9092459678649902, 2.0199637413024902, 0.8252236843109131, -1.6303011178970337, -1.7160770893096924, -0.7417267560958862, -2.1107521057128906, 2.850168466567993, 2.940488815307617, -1.8214755058288574, 1.2575832605361938, -4.3022966384887695, 4.356436252593994, 0.7371954917907715, -2.303835391998291, 1.2995692491531372, -0.47993457317352295, 2.546142816543579, -0.24749451875686646, 3.8769772052764893, -2.3674001693725586], [3.4068446159362793, -0.5662200450897217, -2.280606508255005, 2.8261003494262695, 1.3888098001480103, 3.207510232925415, 2.9541845321655273, 0.8119297623634338, -4.570907115936279, 3.403104782104492, 2.858182668685913, 2.668797254562378, 0.7371954917907715, 5.586859226226807, -0.31108006834983826, -0.06634508818387985, -3.6185126304626465, -1.011988639831543, -3.002230167388916, -0.2293163388967514, -1.545082449913025], [1.1730022430419922, -1.3985660076141357, -1.011948585510254, 0.7432674765586853, 1.0018908977508545, 0.45228028297424316, 1.124228596687317, -1.2862906455993652, -1.38442063331604, 1.13688063621521, -0.5344305634498596, 1.891359806060791, -2.303835391998291, -0.31108006834983826, 1.2749336957931519, -0.7860910892486572, 0.12818129360675812, -1.4037190675735474, -0.006535369902849197, -2.275221824645996, 1.1822837591171265], [-0.7861580848693848, 1.3960692882537842, 1.418665885925293, -0.49253255128860474, -0.4492393732070923, -0.42310330271720886, -0.845084547996521, 0.33341455459594727, 0.27949953079223633, -0.9352397322654724, 0.0037004267796874046, -0.7655434012413025, 1.2995692491531372, -0.06634508818387985, -0.7860910892486572, 0.6252176761627197, 0.3576078414916992, 0.9288521409034729, 0.16427001357078552, 1.346754789352417, -0.5146251916885376], [-1.8394441604614258, 1.4233832359313965, 2.581972122192383, -1.9897328615188599, -0.15636564791202545, -2.113690137863159, -2.1979496479034424, -1.2211276292800903, 1.2481549978256226, -2.340456247329712, -2.2076470851898193, -1.2775400876998901, -0.47993457317352295, -3.6185126304626465, 0.12818129360675812, 0.3576078414916992, 3.0252506732940674, 0.8002714514732361, 1.828104019165039, -0.244097501039505, 1.1996681690216064], [-2.0871331691741943, 1.7345292568206787, 1.540076494216919, -1.7285336256027222, -1.3524945974349976, -1.3252873420715332, -2.139115810394287, 1.369232177734375, 2.6657931804656982, -2.1198110580444336, -0.06331309676170349, -3.1499547958374023, 2.546142816543579, -1.011988639831543, -1.4037190675735474, 0.9288521409034729, 0.8002714514732361, 1.9094775915145874, 0.6587257981300354, 2.5259382724761963, -1.0252618789672852], [-2.315401554107666, 0.654692530632019, 2.029866933822632, -1.1494113206863403, -1.2832471132278442, -1.77599036693573, -1.4644402265548706, -0.5410473346710205, 2.7433979511260986, -2.1231956481933594, -1.566055417060852, -0.8009288311004639, -0.24749451875686646, -3.002230167388916, -0.006535369902849197, 0.16427001357078552, 1.828104019165039, 0.6587257981300354, 1.8825621604919434, 0.9055123925209045, 0.7927087545394897], [-3.3195254802703857, 2.425004482269287, 2.7558043003082275, -0.8849391937255859, -3.040468692779541, -1.2219122648239136, -1.8682159185409546, 2.1239914894104004, 4.113361835479736, -2.709993362426758, 0.6057532429695129, -2.5672528743743896, 3.8769772052764893, -0.2293163388967514, -2.275221824645996, 1.346754789352417, -0.244097501039505, 2.5259382724761963, 0.9055123925209045, 5.19156551361084, -1.8645520210266113], [0.2623322308063507, -0.46626222133636475, 0.6591759324073792, 0.3102954924106598, 0.6949806809425354, -0.3112810552120209, 0.4176551401615143, -1.912680983543396, -1.0696754455566406, 0.10223444551229477, -1.3766117095947266, 2.0122175216674805, -2.3674001693725586, -1.545082449913025, 1.1822837591171265, -0.5146251916885376, 1.1996681690216064, -1.0252618789672852, 0.7927087545394897, -1.8645520210266113, 1.6046772003173828]], "type": "heatmap"}], "layout": {"template": {"data": {"histogram2dcontour": [{"type": "histogram2dcontour", "colorbar": {"outlinewidth": 0, "ticks": ""}, "colorscale": [[0.0, "#0d0887"], [0.1111111111111111, "#46039f"], [0.2222222222222222, "#7201a8"], [0.3333333333333333, "#9c179e"], [0.4444444444444444, "#bd3786"], [0.5555555555555556, "#d8576b"], [0.6666666666666666, "#ed7953"], [0.7777777777777778, "#fb9f3a"], [0.8888888888888888, "#fdca26"], [1.0, "#f0f921"]]}], "choropleth": [{"type": "choropleth", "colorbar": {"outlinewidth": 0, "ticks": ""}}], "histogram2d": [{"type": "histogram2d", "colorbar": {"outlinewidth": 0, "ticks": ""}, "colorscale": [[0.0, "#0d0887"], [0.1111111111111111, "#46039f"], [0.2222222222222222, "#7201a8"], [0.3333333333333333, "#9c179e"], [0.4444444444444444, "#bd3786"], [0.5555555555555556, "#d8576b"], [0.6666666666666666, "#ed7953"], [0.7777777777777778, "#fb9f3a"], [0.8888888888888888, "#fdca26"], [1.0, "#f0f921"]]}], "heatmap": [{"type": "heatmap", "colorbar": {"outlinewidth": 0, "ticks": ""}, "colorscale": [[0.0, "#0d0887"], [0.1111111111111111, "#46039f"], [0.2222222222222222, "#7201a8"], [0.3333333333333333, "#9c179e"], [0.4444444444444444, "#bd3786"], [0.5555555555555556, "#d8576b"], [0.6666666666666666, "#ed7953"], [0.7777777777777778, "#fb9f3a"], [0.8888888888888888, "#fdca26"], [1.0, "#f0f921"]]}], "heatmapgl": [{"type": "heatmapgl", "colorbar": {"outlinewidth": 0, "ticks": ""}, "colorscale": [[0.0, "#0d0887"], [0.1111111111111111, "#46039f"], [0.2222222222222222, "#7201a8"], [0.3333333333333333, "#9c179e"], [0.4444444444444444, "#bd3786"], [0.5555555555555556, "#d8576b"], [0.6666666666666666, "#ed7953"], [0.7777777777777778, "#fb9f3a"], [0.8888888888888888, "#fdca26"], [1.0, "#f0f921"]]}], "contourcarpet": [{"type": "contourcarpet", "colorbar": {"outlinewidth": 0, "ticks": ""}}], "contour": [{"type": "contour", "colorbar": {"outlinewidth": 0, "ticks": ""}, "colorscale": [[0.0, "#0d0887"], [0.1111111111111111, "#46039f"], [0.2222222222222222, "#7201a8"], [0.3333333333333333, "#9c179e"], [0.4444444444444444, "#bd3786"], [0.5555555555555556, "#d8576b"], [0.6666666666666666, "#ed7953"], [0.7777777777777778, "#fb9f3a"], [0.8888888888888888, "#fdca26"], [1.0, "#f0f921"]]}], "surface": [{"type": "surface", "colorbar": {"outlinewidth": 0, "ticks": ""}, "colorscale": [[0.0, "#0d0887"], [0.1111111111111111, "#46039f"], [0.2222222222222222, "#7201a8"], [0.3333333333333333, "#9c179e"], [0.4444444444444444, "#bd3786"], [0.5555555555555556, "#d8576b"], [0.6666666666666666, "#ed7953"], [0.7777777777777778, "#fb9f3a"], [0.8888888888888888, "#fdca26"], [1.0, "#f0f921"]]}], "mesh3d": [{"type": "mesh3d", "colorbar": {"outlinewidth": 0, "ticks": ""}}], "scatter": [{"fillpattern": {"fillmode": "overlay", "size": 10, "solidity": 0.2}, "type": "scatter"}], "parcoords": [{"type": "parcoords", "line": {"colorbar": {"outlinewidth": 0, "ticks": ""}}}], "scatterpolargl": [{"type": "scatterpolargl", "marker": {"colorbar": {"outlinewidth": 0, "ticks": ""}}}], "bar": [{"error_x": {"color": "#2a3f5f"}, "error_y": {"color": "#2a3f5f"}, "marker": {"line": {"color": "#E5ECF6", "width": 0.5}, "pattern": {"fillmode": "overlay", "size": 10, "solidity": 0.2}}, "type": "bar"}], "scattergeo": [{"type": "scattergeo", "marker": {"colorbar": {"outlinewidth": 0, "ticks": ""}}}], "scatterpolar": [{"type": "scatterpolar", "marker": {"colorbar": {"outlinewidth": 0, "ticks": ""}}}], "histogram": [{"marker": {"pattern": {"fillmode": "overlay", "size": 10, "solidity": 0.2}}, "type": "histogram"}], "scattergl": [{"type": "scattergl", "marker": {"colorbar": {"outlinewidth": 0, "ticks": ""}}}], "scatter3d": [{"type": "scatter3d", "line": {"colorbar": {"outlinewidth": 0, "ticks": ""}}, "marker": {"colorbar": {"outlinewidth": 0, "ticks": ""}}}], "scattermapbox": [{"type": "scattermapbox", "marker": {"colorbar": {"outlinewidth": 0, "ticks": ""}}}], "scatterternary": [{"type": "scatterternary", "marker": {"colorbar": {"outlinewidth": 0, "ticks": ""}}}], "scattercarpet": [{"type": "scattercarpet", "marker": {"colorbar": {"outlinewidth": 0, "ticks": ""}}}], "carpet": [{"aaxis": {"endlinecolor": "#2a3f5f", "gridcolor": "white", "linecolor": "white", "minorgridcolor": "white", "startlinecolor": "#2a3f5f"}, "baxis": {"endlinecolor": "#2a3f5f", "gridcolor": "white", "linecolor": "white", "minorgridcolor": "white", "startlinecolor": "#2a3f5f"}, "type": "carpet"}], "table": [{"cells": {"fill": {"color": "#EBF0F8"}, "line": {"color": "white"}}, "header": {"fill": {"color": "#C8D4E3"}, "line": {"color": "white"}}, "type": "table"}], "barpolar": [{"marker": {"line": {"color": "#E5ECF6", "width": 0.5}, "pattern": {"fillmode": "overlay", "size": 10, "solidity": 0.2}}, "type": "barpolar"}], "pie": [{"automargin": true, "type": "pie"}]}, "layout": {"autotypenumbers": "strict", "colorway": ["#636efa", "#EF553B", "#00cc96", "#ab63fa", "#FFA15A", "#19d3f3", "#FF6692", "#B6E880", "#FF97FF", "#FECB52"], "font": {"color": "#2a3f5f"}, "hovermode": "closest", "hoverlabel": {"align": "left"}, "paper_bgcolor": "white", "plot_bgcolor": "#E5ECF6", "polar": {"bgcolor": "#E5ECF6", "angularaxis": {"gridcolor": "white", "linecolor": "white", "ticks": ""}, "radialaxis": {"gridcolor": "white", "linecolor": "white", "ticks": ""}}, "ternary": {"bgcolor": "#E5ECF6", "aaxis": {"gridcolor": "white", "linecolor": "white", "ticks": ""}, "baxis": {"gridcolor": "white", "linecolor": "white", "ticks": ""}, "caxis": {"gridcolor": "white", "linecolor": "white", "ticks": ""}}, "coloraxis": {"colorbar": {"outlinewidth": 0, "ticks": ""}}, "colorscale": {"sequential": [[0.0, "#0d0887"], [0.1111111111111111, "#46039f"], [0.2222222222222222, "#7201a8"], [0.3333333333333333, "#9c179e"], [0.4444444444444444, "#bd3786"], [0.5555555555555556, "#d8576b"], [0.6666666666666666, "#ed7953"], [0.7777777777777778, "#fb9f3a"], [0.8888888888888888, "#fdca26"], [1.0, "#f0f921"]], "sequentialminus": [[0.0, "#0d0887"], [0.1111111111111111, "#46039f"], [0.2222222222222222, "#7201a8"], [0.3333333333333333, "#9c179e"], [0.4444444444444444, "#bd3786"], [0.5555555555555556, "#d8576b"], [0.6666666666666666, "#ed7953"], [0.7777777777777778, "#fb9f3a"], [0.8888888888888888, "#fdca26"], [1.0, "#f0f921"]], "diverging": [[0, "#8e0152"], [0.1, "#c51b7d"], [0.2, "#de77ae"], [0.3, "#f1b6da"], [0.4, "#fde0ef"], [0.5, "#f7f7f7"], [0.6, "#e6f5d0"], [0.7, "#b8e186"], [0.8, "#7fbc41"], [0.9, "#4d9221"], [1, "#276419"]]}, "xaxis": {"gridcolor": "white", "linecolor": "white", "ticks": "", "title": {"standoff": 15}, "zerolinecolor": "white", "automargin": true, "zerolinewidth": 2}, "yaxis": {"gridcolor": "white", "linecolor": "white", "ticks": "", "title": {"standoff": 15}, "zerolinecolor": "white", "automargin": true, "zerolinewidth": 2}, "scene": {"xaxis": {"backgroundcolor": "#E5ECF6", "gridcolor": "white", "linecolor": "white", "showbackground": true, "ticks": "", "zerolinecolor": "white", "gridwidth": 2}, "yaxis": {"backgroundcolor": "#E5ECF6", "gridcolor": "white", "linecolor": "white", "showbackground": true, "ticks": "", "zerolinecolor": "white", "gridwidth": 2}, "zaxis": {"backgroundcolor": "#E5ECF6", "gridcolor": "white", "linecolor": "white", "showbackground": true, "ticks": "", "zerolinecolor": "white", "gridwidth": 2}}, "shapedefaults": {"line": {"color": "#2a3f5f"}}, "annotationdefaults": {"arrowcolor": "#2a3f5f", "arrowhead": 0, "arrowwidth": 1}, "geo": {"bgcolor": "white", "landcolor": "#E5ECF6", "subunitcolor": "white", "showland": true, "showlakes": true, "lakecolor": "white"}, "title": {"x": 0.05}, "mapbox": {"style": "light"}}}}}