{"data": [{"z": [[15.264385223388672, -1.2273943424224854, 6.5994391441345215, 4.687600612640381, -2.4990124702453613, -2.0647127628326416, 4.672647476196289, 0.7959451079368591, -3.0203168392181396, -5.05911111831665, -2.0270304679870605, 1.3068020343780518, 4.730337142944336, 5.1526689529418945, 3.536808729171753, -4.728414535522461, -4.714829444885254, 7.757739067077637, -1.0106061697006226, -2.1351330280303955, -4.836154460906982], [-1.2273943424224854, 21.085834503173828, 5.390628814697266, -6.939044952392578, 5.906558513641357, -6.0437331199646, 1.1461886167526245, -3.434523582458496, -2.1544301509857178, 2.8010666370391846, 7.599854946136475, 7.262664794921875, -5.8426289558410645, -8.01845932006836, 6.941431522369385, 8.812886238098145, -2.4737038612365723, -1.8714207410812378, -9.38240909576416, 0.5006923675537109, 0.15377837419509888], [6.5994391441345215, 5.390628814697266, 24.772130966186523, 8.492340087890625, 5.474134922027588, 2.105587959289551, 2.722522020339966, -3.592787027359009, 4.043184280395508, -0.22499872744083405, -0.20129333436489105, -4.031623840332031, 3.0986478328704834, 5.413484573364258, -2.7365989685058594, 3.9602177143096924, -1.5322091579437256, 2.8180301189422607, -7.9654927253723145, -0.6993862390518188, -5.533881187438965], [4.687600612640381, -6.939044952392578, 8.492340087890625, 21.62111473083496, -9.118208885192871, -1.3105851411819458, -2.708094835281372, 4.925596237182617, -0.5440230369567871, 1.333852767944336, -5.673197269439697, -1.4443122148513794, 0.8004535436630249, 10.021217346191406, -0.6633318662643433, -5.864659786224365, 0.4282650947570801, 9.546653747558594, -0.0231630802154541, 3.9979279041290283, -4.547921657562256], [-2.4990124702453613, 5.906558513641357, 5.474134922027588, -9.118208885192871, 16.36294937133789, -0.7495672106742859, 2.289032220840454, -0.8198534846305847, 4.147315502166748, -1.351601481437683, 10.408995628356934, -6.810177803039551, 3.5563278198242188, -2.9317526817321777, -2.7395901679992676, 5.08010721206665, 0.8684574365615845, -8.408841133117676, -5.718695163726807, -6.166489601135254, -2.2460787296295166], [-2.0647127628326416, -6.0437331199646, 2.105587959289551, -1.3105851411819458, -0.7495672106742859, 21.040250778198242, 4.799628257751465, 3.089421510696411, -1.0645829439163208, -2.6469473838806152, -4.653134346008301, -2.995239496231079, 3.4651076793670654, 7.816811561584473, -3.6343202590942383, 0.28506988286972046, 1.1691834926605225, -3.3904223442077637, -0.07878398895263672, 2.3591229915618896, 0.21045124530792236], [4.672647476196289, 1.1461886167526245, 2.722522020339966, -2.708094835281372, 2.289032220840454, 4.799628257751465, 9.720081329345703, 0.634971022605896, -0.002752722939476371, -2.1204893589019775, -1.8955512046813965, -3.364969491958618, 8.238186836242676, 3.5832386016845703, 1.0634900331497192, -3.596989154815674, -0.8596731424331665, 0.10643696784973145, -0.1491428017616272, -4.26978063583374, -0.8635156154632568], [0.7959451079368591, -3.434523582458496, -3.592787027359009, 4.925596237182617, -0.8198534846305847, 3.089421510696411, 0.634971022605896, 10.87001895904541, -2.698798656463623, -1.9131962060928345, -2.4258668422698975, -1.1428110599517822, 3.4086554050445557, 7.0902934074401855, 3.5323171615600586, -0.38851675391197205, -0.3596518039703369, -3.114992141723633, -2.057685613632202, 4.014601707458496, -5.351927757263184], [-3.0203168392181396, -2.1544301509857178, 4.043184280395508, -0.5440230369567871, 4.147315502166748, -1.0645829439163208, -0.002752722939476371, -2.698798656463623, 15.07744312286377, -0.900091290473938, 3.270934820175171, -4.34784460067749, -0.4742087125778198, 3.515265464782715, 1.26754891872406, 6.066364765167236, 0.0008287429809570312, 2.05657958984375, 2.3746118545532227, -3.22096848487854, 3.825598955154419], [-5.05911111831665, 2.8010666370391846, -0.22499872744083405, 1.333852767944336, -1.351601481437683, -2.6469473838806152, -2.1204893589019775, -1.9131962060928345, -0.900091290473938, 12.657323837280273, 1.2511837482452393, -2.0382378101348877, -1.3952678442001343, -2.685614585876465, -3.9528472423553467, 5.493896484375, 2.621046781539917, -2.5019266605377197, -5.25369930267334, 2.0237467288970947, 3.3067259788513184], [-2.0270304679870605, 7.599854946136475, -0.20129333436489105, -5.673197269439697, 10.408995628356934, -4.653134346008301, -1.8955512046813965, -2.4258668422698975, 3.270934820175171, 1.2511837482452393, 24.46841049194336, -1.1778548955917358, -2.8371856212615967, -3.3941853046417236, -2.7925615310668945, 4.759171485900879, 0.6940751075744629, -4.042190074920654, -6.802703380584717, -8.491268157958984, -1.0878949165344238], [1.3068020343780518, 7.262664794921875, -4.031623840332031, -1.4443122148513794, -6.810177803039551, -2.995239496231079, -3.364969491958618, -1.1428110599517822, -4.34784460067749, -2.0382378101348877, -1.1778548955917358, 14.829318046569824, -4.629607677459717, -3.5637850761413574, 5.345848560333252, 2.883969306945801, -2.600419759750366, 1.6173644065856934, 0.13446658849716187, 4.837546348571777, -1.2046217918395996], [4.730337142944336, -5.8426289558410645, 3.0986478328704834, 0.8004535436630249, 3.5563278198242188, 3.4651076793670654, 8.238186836242676, 3.4086554050445557, -0.4742087125778198, -1.3952678442001343, -2.8371856212615967, -4.629607677459717, 19.113332748413086, 8.50412368774414, -6.33629035949707, -3.246917963027954, 1.9782918691635132, -6.821805477142334, -0.8451449871063232, -6.2868123054504395, -7.378592491149902], [5.1526689529418945, -8.01845932006836, 5.413484573364258, 10.021217346191406, -2.9317526817321777, 7.816811561584473, 3.5832386016845703, 7.0902934074401855, 3.515265464782715, -2.685614585876465, -3.3941853046417236, -3.5637850761413574, 8.50412368774414, 17.293838500976562, 2.2392187118530273, 2.7793431282043457, 1.2627815008163452, 4.228930950164795, -2.7555017471313477, 0.5992313027381897, -5.230374336242676], [3.536808729171753, 6.941431522369385, -2.7365989685058594, -0.6633318662643433, -2.7395901679992676, -3.6343202590942383, 1.0634900331497192, 3.5323171615600586, 1.26754891872406, -3.9528472423553467, -2.7925615310668945, 5.345848560333252, -6.33629035949707, 2.2392187118530273, 16.41722297668457, 6.751417636871338, -2.376547336578369, 9.087848663330078, -1.241236925125122, 5.219261169433594, -0.673931360244751], [-4.728414535522461, 8.812886238098145, 3.9602177143096924, -5.864659786224365, 5.08010721206665, 0.28506988286972046, -3.596989154815674, -0.38851675391197205, 6.066364765167236, 5.493896484375, 4.759171485900879, 2.883969306945801, -3.246917963027954, 2.7793431282043457, 6.751417636871338, 24.58759307861328, 1.8842558860778809, -3.459287643432617, -10.557697296142578, 5.2599873542785645, -4.010900497436523], [-4.714829444885254, -2.473703384399414, -1.532209038734436, 0.42826512455940247, 0.868457555770874, 1.1691838502883911, -0.8596730828285217, -0.35965168476104736, 0.0008285517105832696, 2.621047019958496, 0.694075345993042, -2.600419759750366, 1.9782918691635132, 1.2627813816070557, -2.376547336578369, 1.8842564821243286, 7.531489372253418, 0.17181110382080078, -1.8060381412506104, 1.5273815393447876, 1.2293570041656494], [7.757739067077637, -1.8714208602905273, 2.81803035736084, 9.54665470123291, -8.408841133117676, -3.390422821044922, 0.10643716156482697, -3.114992380142212, 2.05657958984375, -2.5019266605377197, -4.042191028594971, 1.617364525794983, -6.821805000305176, 4.228930473327637, 9.087849617004395, -3.459287166595459, 0.17181110382080078, 21.50968360900879, 3.2775449752807617, 1.598275065422058, 4.8328857421875], [-1.0106061697006226, -9.382408142089844, -7.965492248535156, -0.023163165897130966, -5.718694686889648, -0.07878395169973373, -0.14914248883724213, -2.057685613632202, 2.3746113777160645, -5.253698348999023, -6.802703380584717, 0.13446691632270813, -0.8451448082923889, -2.7555015087127686, -1.2412371635437012, -10.557698249816895, -1.8060381412506104, 3.2775449752807617, 13.794309616088867, -2.2722268104553223, 2.7644190788269043], [-2.1351325511932373, 0.5006924271583557, -0.699386715888977, 3.9979279041290283, -6.166489124298096, 2.3591225147247314, -4.269781112670898, 4.014601230621338, -3.220968723297119, 2.0237467288970947, -8.491268157958984, 4.837545871734619, -6.2868123054504395, 0.5992313623428345, 5.219261169433594, 5.259987831115723, 1.5273815393447876, 1.598275065422058, -2.2722268104553223, 12.737524032592773, -1.4542970657348633], [-4.836154937744141, 0.15377825498580933, -5.533882141113281, -4.547921657562256, -2.2460789680480957, 0.21045124530792236, -0.8635153770446777, -5.351927757263184, 3.8255982398986816, 3.3067262172698975, -1.0878949165344238, -1.2046219110488892, -7.378592491149902, -5.230373859405518, -0.673931360244751, -4.010900497436523, 1.2293568849563599, 4.8328857421875, 2.7644190788269043, -1.4542971849441528, 19.515316009521484]], "type": "heatmap"}], "layout": {"template": {"data": {"histogram2dcontour": [{"type": "histogram2dcontour", "colorbar": {"outlinewidth": 0, "ticks": ""}, "colorscale": [[0.0, "#0d0887"], [0.1111111111111111, "#46039f"], [0.2222222222222222, "#7201a8"], [0.3333333333333333, "#9c179e"], [0.4444444444444444, "#bd3786"], [0.5555555555555556, "#d8576b"], [0.6666666666666666, "#ed7953"], [0.7777777777777778, "#fb9f3a"], [0.8888888888888888, "#fdca26"], [1.0, "#f0f921"]]}], "choropleth": [{"type": "choropleth", "colorbar": {"outlinewidth": 0, "ticks": ""}}], "histogram2d": [{"type": "histogram2d", "colorbar": {"outlinewidth": 0, "ticks": ""}, "colorscale": [[0.0, "#0d0887"], [0.1111111111111111, "#46039f"], [0.2222222222222222, "#7201a8"], [0.3333333333333333, "#9c179e"], [0.4444444444444444, "#bd3786"], [0.5555555555555556, "#d8576b"], [0.6666666666666666, "#ed7953"], [0.7777777777777778, "#fb9f3a"], [0.8888888888888888, "#fdca26"], [1.0, "#f0f921"]]}], "heatmap": [{"type": "heatmap", "colorbar": {"outlinewidth": 0, "ticks": ""}, "colorscale": [[0.0, "#0d0887"], [0.1111111111111111, "#46039f"], [0.2222222222222222, "#7201a8"], [0.3333333333333333, "#9c179e"], [0.4444444444444444, "#bd3786"], [0.5555555555555556, "#d8576b"], [0.6666666666666666, "#ed7953"], [0.7777777777777778, "#fb9f3a"], [0.8888888888888888, "#fdca26"], [1.0, "#f0f921"]]}], "heatmapgl": [{"type": "heatmapgl", "colorbar": {"outlinewidth": 0, "ticks": ""}, "colorscale": [[0.0, "#0d0887"], [0.1111111111111111, "#46039f"], [0.2222222222222222, "#7201a8"], [0.3333333333333333, "#9c179e"], [0.4444444444444444, "#bd3786"], [0.5555555555555556, "#d8576b"], [0.6666666666666666, "#ed7953"], [0.7777777777777778, "#fb9f3a"], [0.8888888888888888, "#fdca26"], [1.0, "#f0f921"]]}], "contourcarpet": [{"type": "contourcarpet", "colorbar": {"outlinewidth": 0, "ticks": ""}}], "contour": [{"type": "contour", "colorbar": {"outlinewidth": 0, "ticks": ""}, "colorscale": [[0.0, "#0d0887"], [0.1111111111111111, "#46039f"], [0.2222222222222222, "#7201a8"], [0.3333333333333333, "#9c179e"], [0.4444444444444444, "#bd3786"], [0.5555555555555556, "#d8576b"], [0.6666666666666666, "#ed7953"], [0.7777777777777778, "#fb9f3a"], [0.8888888888888888, "#fdca26"], [1.0, "#f0f921"]]}], "surface": [{"type": "surface", "colorbar": {"outlinewidth": 0, "ticks": ""}, "colorscale": [[0.0, "#0d0887"], [0.1111111111111111, "#46039f"], [0.2222222222222222, "#7201a8"], [0.3333333333333333, "#9c179e"], [0.4444444444444444, "#bd3786"], [0.5555555555555556, "#d8576b"], [0.6666666666666666, "#ed7953"], [0.7777777777777778, "#fb9f3a"], [0.8888888888888888, "#fdca26"], [1.0, "#f0f921"]]}], "mesh3d": [{"type": "mesh3d", "colorbar": {"outlinewidth": 0, "ticks": ""}}], "scatter": [{"fillpattern": {"fillmode": "overlay", "size": 10, "solidity": 0.2}, "type": "scatter"}], "parcoords": [{"type": "parcoords", "line": {"colorbar": {"outlinewidth": 0, "ticks": ""}}}], "scatterpolargl": [{"type": "scatterpolargl", "marker": {"colorbar": {"outlinewidth": 0, "ticks": ""}}}], "bar": [{"error_x": {"color": "#2a3f5f"}, "error_y": {"color": "#2a3f5f"}, "marker": {"line": {"color": "#E5ECF6", "width": 0.5}, "pattern": {"fillmode": "overlay", "size": 10, "solidity": 0.2}}, "type": "bar"}], "scattergeo": [{"type": "scattergeo", "marker": {"colorbar": {"outlinewidth": 0, "ticks": ""}}}], "scatterpolar": [{"type": "scatterpolar", "marker": {"colorbar": {"outlinewidth": 0, "ticks": ""}}}], "histogram": [{"marker": {"pattern": {"fillmode": "overlay", "size": 10, "solidity": 0.2}}, "type": "histogram"}], "scattergl": [{"type": "scattergl", "marker": {"colorbar": {"outlinewidth": 0, "ticks": ""}}}], "scatter3d": [{"type": "scatter3d", "line": {"colorbar": {"outlinewidth": 0, "ticks": ""}}, "marker": {"colorbar": {"outlinewidth": 0, "ticks": ""}}}], "scattermapbox": [{"type": "scattermapbox", "marker": {"colorbar": {"outlinewidth": 0, "ticks": ""}}}], "scatterternary": [{"type": "scatterternary", "marker": {"colorbar": {"outlinewidth": 0, "ticks": ""}}}], "scattercarpet": [{"type": "scattercarpet", "marker": {"colorbar": {"outlinewidth": 0, "ticks": ""}}}], "carpet": [{"aaxis": {"endlinecolor": "#2a3f5f", "gridcolor": "white", "linecolor": "white", "minorgridcolor": "white", "startlinecolor": "#2a3f5f"}, "baxis": {"endlinecolor": "#2a3f5f", "gridcolor": "white", "linecolor": "white", "minorgridcolor": "white", "startlinecolor": "#2a3f5f"}, "type": "carpet"}], "table": [{"cells": {"fill": {"color": "#EBF0F8"}, "line": {"color": "white"}}, "header": {"fill": {"color": "#C8D4E3"}, "line": {"color": "white"}}, "type": "table"}], "barpolar": [{"marker": {"line": {"color": "#E5ECF6", "width": 0.5}, "pattern": {"fillmode": "overlay", "size": 10, "solidity": 0.2}}, "type": "barpolar"}], "pie": [{"automargin": true, "type": "pie"}]}, "layout": {"autotypenumbers": "strict", "colorway": ["#636efa", "#EF553B", "#00cc96", "#ab63fa", "#FFA15A", "#19d3f3", "#FF6692", "#B6E880", "#FF97FF", "#FECB52"], "font": {"color": "#2a3f5f"}, "hovermode": "closest", "hoverlabel": {"align": "left"}, "paper_bgcolor": "white", "plot_bgcolor": "#E5ECF6", "polar": {"bgcolor": "#E5ECF6", "angularaxis": {"gridcolor": "white", "linecolor": "white", "ticks": ""}, "radialaxis": {"gridcolor": "white", "linecolor": "white", "ticks": ""}}, "ternary": {"bgcolor": "#E5ECF6", "aaxis": {"gridcolor": "white", "linecolor": "white", "ticks": ""}, "baxis": {"gridcolor": "white", "linecolor": "white", "ticks": ""}, "caxis": {"gridcolor": "white", "linecolor": "white", "ticks": ""}}, "coloraxis": {"colorbar": {"outlinewidth": 0, "ticks": ""}}, "colorscale": {"sequential": [[0.0, "#0d0887"], [0.1111111111111111, "#46039f"], [0.2222222222222222, "#7201a8"], [0.3333333333333333, "#9c179e"], [0.4444444444444444, "#bd3786"], [0.5555555555555556, "#d8576b"], [0.6666666666666666, "#ed7953"], [0.7777777777777778, "#fb9f3a"], [0.8888888888888888, "#fdca26"], [1.0, "#f0f921"]], "sequentialminus": [[0.0, "#0d0887"], [0.1111111111111111, "#46039f"], [0.2222222222222222, "#7201a8"], [0.3333333333333333, "#9c179e"], [0.4444444444444444, "#bd3786"], [0.5555555555555556, "#d8576b"], [0.6666666666666666, "#ed7953"], [0.7777777777777778, "#fb9f3a"], [0.8888888888888888, "#fdca26"], [1.0, "#f0f921"]], "diverging": [[0, "#8e0152"], [0.1, "#c51b7d"], [0.2, "#de77ae"], [0.3, "#f1b6da"], [0.4, "#fde0ef"], [0.5, "#f7f7f7"], [0.6, "#e6f5d0"], [0.7, "#b8e186"], [0.8, "#7fbc41"], [0.9, "#4d9221"], [1, "#276419"]]}, "xaxis": {"gridcolor": "white", "linecolor": "white", "ticks": "", "title": {"standoff": 15}, "zerolinecolor": "white", "automargin": true, "zerolinewidth": 2}, "yaxis": {"gridcolor": "white", "linecolor": "white", "ticks": "", "title": {"standoff": 15}, "zerolinecolor": "white", "automargin": true, "zerolinewidth": 2}, "scene": {"xaxis": {"backgroundcolor": "#E5ECF6", "gridcolor": "white", "linecolor": "white", "showbackground": true, "ticks": "", "zerolinecolor": "white", "gridwidth": 2}, "yaxis": {"backgroundcolor": "#E5ECF6", "gridcolor": "white", "linecolor": "white", "showbackground": true, "ticks": "", "zerolinecolor": "white", "gridwidth": 2}, "zaxis": {"backgroundcolor": "#E5ECF6", "gridcolor": "white", "linecolor": "white", "showbackground": true, "ticks": "", "zerolinecolor": "white", "gridwidth": 2}}, "shapedefaults": {"line": {"color": "#2a3f5f"}}, "annotationdefaults": {"arrowcolor": "#2a3f5f", "arrowhead": 0, "arrowwidth": 1}, "geo": {"bgcolor": "white", "landcolor": "#E5ECF6", "subunitcolor": "white", "showland": true, "showlakes": true, "lakecolor": "white"}, "title": {"x": 0.05}, "mapbox": {"style": "light"}}}}}