{"data": [{"z": [[24.496286392211914, 0.552565336227417, 0.8400994539260864, 0.023178784176707268, 2.1819722652435303, 0.20589768886566162, -1.6907448768615723, 3.7653896808624268, -1.07034170627594, -2.619049072265625, 0.8795363306999207, 3.0456831455230713, 1.0516564846038818, 0.7637343406677246, 4.2288994789123535, 0.6415651440620422, 4.398604393005371, -6.468630790710449, -0.9962003231048584, 4.730220317840576, -5.557864665985107], [0.552565336227417, 17.215103149414062, -3.0084900856018066, 0.6593495011329651, -4.976175785064697, -4.566662311553955, 1.148762583732605, -2.0365960597991943, 1.360818862915039, -3.386765241622925, 0.87713223695755, 4.540955543518066, 1.0093865394592285, -0.9464617371559143, -1.3917498588562012, 1.3147759437561035, 0.8837964534759521, 2.526817560195923, -0.7977374196052551, -3.6012749671936035, 2.49078369140625], [0.8400994539260864, -3.0084900856018066, 22.59783363342285, 2.1114296913146973, 1.836388349533081, -1.3725712299346924, 5.895744323730469, -7.82080602645874, 0.8654096722602844, 5.925025939941406, 0.89479660987854, -9.718599319458008, 0.46698063611984253, 1.8111164569854736, 0.1674274504184723, 2.0596048831939697, 4.140085220336914, 4.706303119659424, 3.7994823455810547, -1.6520483493804932, -7.678992748260498], [0.023178784176707268, 0.6593495011329651, 2.1114296913146973, 17.113452911376953, -1.4796756505966187, 0.15906885266304016, 3.941113233566284, -2.4238698482513428, -4.4818196296691895, 2.2853314876556396, -4.665505409240723, 0.2876531779766083, 0.4966050386428833, -3.2297909259796143, 6.79215145111084, 3.3349432945251465, -0.8416016101837158, 0.8549471497535706, 0.5434406995773315, -0.6378870010375977, 6.370866298675537], [2.1819722652435303, -4.976175785064697, 1.836388349533081, -1.4796756505966187, 22.965368270874023, 2.134756088256836, 3.0970849990844727, 1.3816235065460205, 2.6457679271698, -0.2774425148963928, -0.6399239897727966, -3.736941337585449, -3.014127492904663, 3.856036901473999, 8.556241989135742, 0.6860844492912292, -2.1083431243896484, 1.5295789241790771, 1.0045651197433472, 3.8097801208496094, -1.516028642654419], [0.20589768886566162, -4.566662311553955, -1.3725712299346924, 0.15906885266304016, 2.134756088256836, 26.50433349609375, 5.608020782470703, -1.506368637084961, 3.8879127502441406, 3.7931830883026123, -2.613887310028076, -7.487276077270508, -3.98635196685791, 2.172619342803955, 6.092920780181885, -2.8881280422210693, -3.1763195991516113, -2.9280216693878174, 1.7183294296264648, -2.112529754638672, -1.9457223415374756], [-1.6907448768615723, 1.148762583732605, 5.895744323730469, 3.941113233566284, 3.0970849990844727, 5.608020782470703, 15.703871726989746, -3.656080484390259, 4.442218780517578, -1.2784684896469116, -4.147218227386475, -4.957840442657471, -2.614935874938965, 0.6774612665176392, 3.684168815612793, -2.366833448410034, 1.7212269306182861, 4.147294044494629, 0.23983800411224365, 0.5297960638999939, -1.9530773162841797], [3.7653896808624268, -2.0365960597991943, -7.82080602645874, -2.4238698482513428, 1.3816235065460205, -1.506368637084961, -3.656080484390259, 23.599708557128906, 4.3144025802612305, -4.1044745445251465, 1.8460557460784912, 4.527581214904785, 1.7673975229263306, -7.206693649291992, 1.4213171005249023, -3.655517816543579, 3.5593976974487305, -0.634380578994751, -4.388279914855957, 6.264688968658447, -1.5073001384735107], [-1.07034170627594, 1.360818862915039, 0.8654096722602844, -4.4818196296691895, 2.6457679271698, 3.8879127502441406, 4.442218780517578, 4.3144025802612305, 15.075769424438477, 0.9507995843887329, -0.6990630030632019, -5.657637596130371, -3.9472568035125732, 2.2971689701080322, -2.818054437637329, -4.315836429595947, 2.61509370803833, -0.9014330506324768, -1.0747243165969849, 1.6997907161712646, 0.12885697185993195], [-2.619049072265625, -3.386765241622925, 5.925025939941406, 2.2853314876556396, -0.2774425148963928, 3.7931830883026123, -1.2784684896469116, -4.1044745445251465, 0.9507995843887329, 19.107894897460938, -3.2838926315307617, -4.441354751586914, 2.5138566493988037, 2.6097867488861084, 4.079668998718262, 1.694046139717102, 1.2748281955718994, -5.454716682434082, 0.9526712894439697, -2.036019802093506, 6.5731353759765625], [0.8795363306999207, 0.87713223695755, 0.89479660987854, -4.665505409240723, -0.6399239897727966, -2.613887310028076, -4.147218227386475, 1.8460557460784912, -0.6990630030632019, -3.2838926315307617, 22.503623962402344, -4.024539470672607, 2.8477542400360107, -1.7282276153564453, -4.52280330657959, -1.123593807220459, 1.3869421482086182, -2.5556998252868652, -0.723839282989502, 2.7569944858551025, -2.804957389831543], [3.0456831455230713, 4.540955543518066, -9.718599319458008, 0.2876531779766083, -3.736941337585449, -7.487276077270508, -4.957840442657471, 4.527581214904785, -5.657637596130371, -4.441354751586914, -4.024539470672607, 28.557998657226562, -1.5218929052352905, 3.199962615966797, 5.883763790130615, 4.178909778594971, -3.935053825378418, -1.8517026901245117, 5.277599334716797, 0.845139741897583, 1.4296813011169434], [1.0516564846038818, 1.0093865394592285, 0.46698063611984253, 0.4966050386428833, -3.014127492904663, -3.98635196685791, -2.614935874938965, 1.7673975229263306, -3.9472568035125732, 2.5138566493988037, 2.8477542400360107, -1.5218929052352905, 15.917638778686523, -5.520498752593994, -2.2059926986694336, 3.9120676517486572, 3.130146026611328, 6.269842147827148, 6.748251914978027, 1.4291129112243652, 0.6774071455001831], [0.7637343406677246, -0.9464617371559143, 1.8111164569854736, -3.2297909259796143, 3.856036901473999, 2.172619342803955, 0.6774612665176392, -7.206693649291992, 2.2971689701080322, 2.6097867488861084, -1.7282276153564453, 3.199962615966797, -5.520498752593994, 17.050636291503906, -0.034471798688173294, 0.4058484137058258, -4.656651496887207, 0.0981823205947876, 0.5139870643615723, -3.7171924114227295, 0.23333489894866943], [4.2288994789123535, -1.3917498588562012, 0.1674274504184723, 6.79215145111084, 8.556241989135742, 6.092920780181885, 3.684168815612793, 1.4213171005249023, -2.818054437637329, 4.079668998718262, -4.52280330657959, 5.883763790130615, -2.2059926986694336, -0.034471798688173294, 24.680986404418945, 3.8579373359680176, -2.7909226417541504, -10.870582580566406, 3.216355562210083, 3.790573835372925, -6.1847686767578125], [0.6415651440620422, 1.3147759437561035, 2.0596048831939697, 3.3349432945251465, 0.6860844492912292, -2.8881280422210693, -2.366833448410034, -3.655517816543579, -4.315836429595947, 1.694046139717102, -1.123593807220459, 4.178909778594971, 3.9120676517486572, 0.4058484137058258, 3.8579373359680176, 16.68497657775879, -1.533009648323059, -6.904977321624756, 5.543489456176758, -3.9380459785461426, -5.865111827850342], [4.398603439331055, 0.8837969899177551, 4.140085220336914, -0.8416011333465576, -2.1083433628082275, -3.1763193607330322, 1.7212268114089966, 3.5593976974487305, 2.615093231201172, 1.2748281955718994, 1.3869421482086182, -3.935054063796997, 3.13014554977417, -4.656652450561523, -2.7909224033355713, -1.5330092906951904, 19.721973419189453, 2.7244350910186768, -2.021496295928955, -0.5102112293243408, -3.135995864868164], [-6.468631267547607, 2.5268173217773438, 4.706303119659424, 0.8549466729164124, 1.5295791625976562, -2.928020715713501, 4.147293567657471, -0.6343806385993958, -0.9014328122138977, -5.454716682434082, -2.555699586868286, -1.851702332496643, 6.269842147827148, 0.0981822982430458, -10.870580673217773, -6.904977321624756, 2.7244350910186768, 33.29304122924805, 3.4607162475585938, -3.7164721488952637, 0.6517007946968079], [-0.996200680732727, -0.7977377772331238, 3.79948353767395, 0.543440580368042, 1.0045644044876099, 1.7183284759521484, 0.2398383915424347, -4.388278961181641, -1.074723720550537, 0.9526709914207458, -0.7238388657569885, 5.277599334716797, 6.748250961303711, 0.5139867663383484, 3.216355800628662, 5.543489933013916, -2.021496295928955, 3.4607162475585938, 25.29935073852539, -0.9461942911148071, -1.6024832725524902], [4.73021936416626, -3.6012752056121826, -1.6520490646362305, -0.6378870606422424, 3.8097805976867676, -2.112530469894409, 0.5297964215278625, 6.264688014984131, 1.6997904777526855, -2.0360195636749268, 2.7569947242736816, 0.8451399803161621, 1.4291129112243652, -3.7171924114227295, 3.7905735969543457, -3.938046455383301, -0.5102112293243408, -3.7164721488952637, -0.9461942911148071, 19.333972930908203, -1.7077267169952393], [-5.557864189147949, 2.490784168243408, -7.67899227142334, 6.370866775512695, -1.516028642654419, -1.9457221031188965, -1.9530771970748901, -1.507300615310669, 0.12885743379592896, 6.5731353759765625, -2.804957151412964, 1.429681420326233, 0.6774072647094727, 0.23333454132080078, -6.184767723083496, -5.8651123046875, -3.135995864868164, 0.6517012119293213, -1.6024832725524902, -1.7077264785766602, 26.11185073852539]], "type": "heatmap"}], "layout": {"template": {"data": {"histogram2dcontour": [{"type": "histogram2dcontour", "colorbar": {"outlinewidth": 0, "ticks": ""}, "colorscale": [[0.0, "#0d0887"], [0.1111111111111111, "#46039f"], [0.2222222222222222, "#7201a8"], [0.3333333333333333, "#9c179e"], [0.4444444444444444, "#bd3786"], [0.5555555555555556, "#d8576b"], [0.6666666666666666, "#ed7953"], [0.7777777777777778, "#fb9f3a"], [0.8888888888888888, "#fdca26"], [1.0, "#f0f921"]]}], "choropleth": [{"type": "choropleth", "colorbar": {"outlinewidth": 0, "ticks": ""}}], "histogram2d": [{"type": "histogram2d", "colorbar": {"outlinewidth": 0, "ticks": ""}, "colorscale": [[0.0, "#0d0887"], [0.1111111111111111, "#46039f"], [0.2222222222222222, "#7201a8"], [0.3333333333333333, "#9c179e"], [0.4444444444444444, "#bd3786"], [0.5555555555555556, "#d8576b"], [0.6666666666666666, "#ed7953"], [0.7777777777777778, "#fb9f3a"], [0.8888888888888888, "#fdca26"], [1.0, "#f0f921"]]}], "heatmap": [{"type": "heatmap", "colorbar": {"outlinewidth": 0, "ticks": ""}, "colorscale": [[0.0, "#0d0887"], [0.1111111111111111, "#46039f"], [0.2222222222222222, "#7201a8"], [0.3333333333333333, "#9c179e"], [0.4444444444444444, "#bd3786"], [0.5555555555555556, "#d8576b"], [0.6666666666666666, "#ed7953"], [0.7777777777777778, "#fb9f3a"], [0.8888888888888888, "#fdca26"], [1.0, "#f0f921"]]}], "heatmapgl": [{"type": "heatmapgl", "colorbar": {"outlinewidth": 0, "ticks": ""}, "colorscale": [[0.0, "#0d0887"], [0.1111111111111111, "#46039f"], [0.2222222222222222, "#7201a8"], [0.3333333333333333, "#9c179e"], [0.4444444444444444, "#bd3786"], [0.5555555555555556, "#d8576b"], [0.6666666666666666, "#ed7953"], [0.7777777777777778, "#fb9f3a"], [0.8888888888888888, "#fdca26"], [1.0, "#f0f921"]]}], "contourcarpet": [{"type": "contourcarpet", "colorbar": {"outlinewidth": 0, "ticks": ""}}], "contour": [{"type": "contour", "colorbar": {"outlinewidth": 0, "ticks": ""}, "colorscale": [[0.0, "#0d0887"], [0.1111111111111111, "#46039f"], [0.2222222222222222, "#7201a8"], [0.3333333333333333, "#9c179e"], [0.4444444444444444, "#bd3786"], [0.5555555555555556, "#d8576b"], [0.6666666666666666, "#ed7953"], [0.7777777777777778, "#fb9f3a"], [0.8888888888888888, "#fdca26"], [1.0, "#f0f921"]]}], "surface": [{"type": "surface", "colorbar": {"outlinewidth": 0, "ticks": ""}, "colorscale": [[0.0, "#0d0887"], [0.1111111111111111, "#46039f"], [0.2222222222222222, "#7201a8"], [0.3333333333333333, "#9c179e"], [0.4444444444444444, "#bd3786"], [0.5555555555555556, "#d8576b"], [0.6666666666666666, "#ed7953"], [0.7777777777777778, "#fb9f3a"], [0.8888888888888888, "#fdca26"], [1.0, "#f0f921"]]}], "mesh3d": [{"type": "mesh3d", "colorbar": {"outlinewidth": 0, "ticks": ""}}], "scatter": [{"fillpattern": {"fillmode": "overlay", "size": 10, "solidity": 0.2}, "type": "scatter"}], "parcoords": [{"type": "parcoords", "line": {"colorbar": {"outlinewidth": 0, "ticks": ""}}}], "scatterpolargl": [{"type": "scatterpolargl", "marker": {"colorbar": {"outlinewidth": 0, "ticks": ""}}}], "bar": [{"error_x": {"color": "#2a3f5f"}, "error_y": {"color": "#2a3f5f"}, "marker": {"line": {"color": "#E5ECF6", "width": 0.5}, "pattern": {"fillmode": "overlay", "size": 10, "solidity": 0.2}}, "type": "bar"}], "scattergeo": [{"type": "scattergeo", "marker": {"colorbar": {"outlinewidth": 0, "ticks": ""}}}], "scatterpolar": [{"type": "scatterpolar", "marker": {"colorbar": {"outlinewidth": 0, "ticks": ""}}}], "histogram": [{"marker": {"pattern": {"fillmode": "overlay", "size": 10, "solidity": 0.2}}, "type": "histogram"}], "scattergl": [{"type": "scattergl", "marker": {"colorbar": {"outlinewidth": 0, "ticks": ""}}}], "scatter3d": [{"type": "scatter3d", "line": {"colorbar": {"outlinewidth": 0, "ticks": ""}}, "marker": {"colorbar": {"outlinewidth": 0, "ticks": ""}}}], "scattermapbox": [{"type": "scattermapbox", "marker": {"colorbar": {"outlinewidth": 0, "ticks": ""}}}], "scatterternary": [{"type": "scatterternary", "marker": {"colorbar": {"outlinewidth": 0, "ticks": ""}}}], "scattercarpet": [{"type": "scattercarpet", "marker": {"colorbar": {"outlinewidth": 0, "ticks": ""}}}], "carpet": [{"aaxis": {"endlinecolor": "#2a3f5f", "gridcolor": "white", "linecolor": "white", "minorgridcolor": "white", "startlinecolor": "#2a3f5f"}, "baxis": {"endlinecolor": "#2a3f5f", "gridcolor": "white", "linecolor": "white", "minorgridcolor": "white", "startlinecolor": "#2a3f5f"}, "type": "carpet"}], "table": [{"cells": {"fill": {"color": "#EBF0F8"}, "line": {"color": "white"}}, "header": {"fill": {"color": "#C8D4E3"}, "line": {"color": "white"}}, "type": "table"}], "barpolar": [{"marker": {"line": {"color": "#E5ECF6", "width": 0.5}, "pattern": {"fillmode": "overlay", "size": 10, "solidity": 0.2}}, "type": "barpolar"}], "pie": [{"automargin": true, "type": "pie"}]}, "layout": {"autotypenumbers": "strict", "colorway": ["#636efa", "#EF553B", "#00cc96", "#ab63fa", "#FFA15A", "#19d3f3", "#FF6692", "#B6E880", "#FF97FF", "#FECB52"], "font": {"color": "#2a3f5f"}, "hovermode": "closest", "hoverlabel": {"align": "left"}, "paper_bgcolor": "white", "plot_bgcolor": "#E5ECF6", "polar": {"bgcolor": "#E5ECF6", "angularaxis": {"gridcolor": "white", "linecolor": "white", "ticks": ""}, "radialaxis": {"gridcolor": "white", "linecolor": "white", "ticks": ""}}, "ternary": {"bgcolor": "#E5ECF6", "aaxis": {"gridcolor": "white", "linecolor": "white", "ticks": ""}, "baxis": {"gridcolor": "white", "linecolor": "white", "ticks": ""}, "caxis": {"gridcolor": "white", "linecolor": "white", "ticks": ""}}, "coloraxis": {"colorbar": {"outlinewidth": 0, "ticks": ""}}, "colorscale": {"sequential": [[0.0, "#0d0887"], [0.1111111111111111, "#46039f"], [0.2222222222222222, "#7201a8"], [0.3333333333333333, "#9c179e"], [0.4444444444444444, "#bd3786"], [0.5555555555555556, "#d8576b"], [0.6666666666666666, "#ed7953"], [0.7777777777777778, "#fb9f3a"], [0.8888888888888888, "#fdca26"], [1.0, "#f0f921"]], "sequentialminus": [[0.0, "#0d0887"], [0.1111111111111111, "#46039f"], [0.2222222222222222, "#7201a8"], [0.3333333333333333, "#9c179e"], [0.4444444444444444, "#bd3786"], [0.5555555555555556, "#d8576b"], [0.6666666666666666, "#ed7953"], [0.7777777777777778, "#fb9f3a"], [0.8888888888888888, "#fdca26"], [1.0, "#f0f921"]], "diverging": [[0, "#8e0152"], [0.1, "#c51b7d"], [0.2, "#de77ae"], [0.3, "#f1b6da"], [0.4, "#fde0ef"], [0.5, "#f7f7f7"], [0.6, "#e6f5d0"], [0.7, "#b8e186"], [0.8, "#7fbc41"], [0.9, "#4d9221"], [1, "#276419"]]}, "xaxis": {"gridcolor": "white", "linecolor": "white", "ticks": "", "title": {"standoff": 15}, "zerolinecolor": "white", "automargin": true, "zerolinewidth": 2}, "yaxis": {"gridcolor": "white", "linecolor": "white", "ticks": "", "title": {"standoff": 15}, "zerolinecolor": "white", "automargin": true, "zerolinewidth": 2}, "scene": {"xaxis": {"backgroundcolor": "#E5ECF6", "gridcolor": "white", "linecolor": "white", "showbackground": true, "ticks": "", "zerolinecolor": "white", "gridwidth": 2}, "yaxis": {"backgroundcolor": "#E5ECF6", "gridcolor": "white", "linecolor": "white", "showbackground": true, "ticks": "", "zerolinecolor": "white", "gridwidth": 2}, "zaxis": {"backgroundcolor": "#E5ECF6", "gridcolor": "white", "linecolor": "white", "showbackground": true, "ticks": "", "zerolinecolor": "white", "gridwidth": 2}}, "shapedefaults": {"line": {"color": "#2a3f5f"}}, "annotationdefaults": {"arrowcolor": "#2a3f5f", "arrowhead": 0, "arrowwidth": 1}, "geo": {"bgcolor": "white", "landcolor": "#E5ECF6", "subunitcolor": "white", "showland": true, "showlakes": true, "lakecolor": "white"}, "title": {"x": 0.05}, "mapbox": {"style": "light"}}}}}