{"data": [{"z": [[24.5529842376709, 0.5474914312362671, 0.8311769962310791, 0.007207153365015984, 2.1813879013061523, 0.187974214553833, -1.6953563690185547, 3.7612340450286865, -1.0933762788772583, -2.6322073936462402, 0.8720464110374451, 3.0388896465301514, 1.0368894338607788, 0.7482447028160095, 4.224004745483398, 0.6235139966011047, 4.416362762451172, -6.498224258422852, -1.010558843612671, 4.7251176834106445, -5.5601091384887695], [0.5474914312362671, 17.28821563720703, -3.0300521850585938, 0.6607597470283508, -4.9937424659729, -4.594091415405273, 1.138176679611206, -2.0374693870544434, 1.360385537147522, -3.4064407348632812, 0.8797178268432617, 4.547599792480469, 1.0134249925613403, -0.9524120688438416, -1.409531593322754, 1.3154276609420776, 0.8892543315887451, 2.558164596557617, -0.8208397626876831, -3.612819194793701, 2.4924869537353516], [0.8311769962310791, -3.0300521850585938, 22.690492630004883, 2.1062774658203125, 1.825565218925476, -1.3869129419326782, 5.900230407714844, -7.853261947631836, 0.8624882102012634, 5.9551682472229, 0.8923056125640869, -9.744925498962402, 0.4521208107471466, 1.8300867080688477, 0.14935901761054993, 2.0756537914276123, 4.12406587600708, 4.708349227905273, 3.7982540130615234, -1.6604113578796387, -7.693634033203125], [0.007207153365015984, 0.6607597470283508, 2.1062774658203125, 17.183353424072266, -1.498260736465454, 0.13324931263923645, 3.9348714351654053, -2.4198484420776367, -4.499401092529297, 2.286409616470337, -4.662705898284912, 0.3064117729663849, 0.5003644227981567, -3.236281156539917, 6.785834312438965, 3.3531792163848877, -0.8430915474891663, 0.85820472240448, 0.5181387662887573, -0.635353684425354, 6.389034748077393], [2.1813879013061523, -4.9937424659729, 1.825565218925476, -1.498260736465454, 22.997146606445312, 2.1284306049346924, 3.103403091430664, 1.370605230331421, 2.635774612426758, -0.2890445590019226, -0.6453213691711426, -3.749659538269043, -3.020470142364502, 3.8475985527038574, 8.561736106872559, 0.6773055195808411, -2.1151442527770996, 1.5217981338500977, 1.006301999092102, 3.8115320205688477, -1.5134321451187134], [0.187974214553833, -4.594091415405273, -1.3869129419326782, 0.13324931263923645, 2.1284306049346924, 26.544775009155273, 5.599453926086426, -1.5189008712768555, 3.8898274898529053, 3.8043222427368164, -2.621086835861206, -7.508835315704346, -3.991481304168701, 2.1804420948028564, 6.083068370819092, -2.8887810707092285, -3.1977274417877197, -2.9473719596862793, 1.7180817127227783, -2.1236155033111572, -1.9483004808425903], [-1.6953563690185547, 1.138176679611206, 5.900230407714844, 3.9348714351654053, 3.103403091430664, 5.599453926086426, 15.730125427246094, -3.6624081134796143, 4.439408302307129, -1.2937709093093872, -4.166080951690674, -4.972781658172607, -2.6256916522979736, 0.6653416752815247, 3.6796650886535645, -2.3863980770111084, 1.7217319011688232, 4.155442237854004, 0.23701339960098267, 0.5319320559501648, -1.9503896236419678], [3.7612340450286865, -2.0374693870544434, -7.853261947631836, -2.4198484420776367, 1.370605230331421, -1.5189008712768555, -3.6624081134796143, 23.674577713012695, 4.328676223754883, -4.1297173500061035, 1.8512394428253174, 4.5348896980285645, 1.7660788297653198, -7.240531921386719, 1.4146403074264526, -3.666102170944214, 3.5764012336730957, -0.634512186050415, -4.426394939422607, 6.279181003570557, -1.5168108940124512], [-1.0933762788772583, 1.360385537147522, 0.8624882102012634, -4.499401092529297, 2.635774612426758, 3.8898274898529053, 4.439408302307129, 4.328676223754883, 15.121349334716797, 0.9443804621696472, -0.7019847631454468, -5.681357383728027, -3.9569754600524902, 2.3096165657043457, -2.852684259414673, -4.323398590087891, 2.622718572616577, -0.8918892741203308, -1.108214020729065, 1.6953914165496826, 0.13101711869239807], [-2.6322073936462402, -3.4064407348632812, 5.9551682472229, 2.286409616470337, -0.2890445590019226, 3.8043222427368164, -1.2937709093093872, -4.1297173500061035, 0.9443804621696472, 19.154842376708984, -3.296739101409912, -4.449421405792236, 2.511056900024414, 2.6238248348236084, 4.082911968231201, 1.6990430355072021, 1.262251377105713, -5.484303951263428, 0.9566470384597778, -2.0453968048095703, 6.5798468589782715], [0.8720464110374451, 0.8797178268432617, 0.8923056125640869, -4.662705898284912, -0.6453213691711426, -2.621086835861206, -4.166080951690674, 1.8512394428253174, -0.7019847631454468, -3.296739101409912, 22.569416046142578, -4.019692420959473, 2.8680813312530518, -1.7321761846542358, -4.535969257354736, -1.1166075468063354, 1.3758978843688965, -2.5674800872802734, -0.7297828197479248, 2.7588143348693848, -2.7959272861480713], [3.0388896465301514, 4.547599792480469, -9.744925498962402, 0.3064117729663849, -3.749659538269043, -7.508835315704346, -4.972781658172607, 4.5348896980285645, -5.681357383728027, -4.449421405792236, -4.019692420959473, 28.614990234375, -1.5251811742782593, 3.2094650268554688, 5.891547679901123, 4.1906023025512695, -3.9370248317718506, -1.867362141609192, 5.277008056640625, 0.8507139682769775, 1.4341180324554443], [1.0368894338607788, 1.0134249925613403, 0.4521208107471466, 0.5003644227981567, -3.020470142364502, -3.991481304168701, -2.6256916522979736, 1.7660788297653198, -3.9569754600524902, 2.511056900024414, 2.8680813312530518, -1.5251811742782593, 15.965497016906738, -5.525449752807617, -2.227311611175537, 3.9284937381744385, 3.125798225402832, 6.291211128234863, 6.755289554595947, 1.426964521408081, 0.6843003034591675], [0.7482447028160095, -0.9524120688438416, 1.8300867080688477, -3.236281156539917, 3.8475985527038574, 2.1804420948028564, 0.6653416752815247, -7.240531921386719, 2.3096165657043457, 2.6238248348236084, -1.7321761846542358, 3.2094650268554688, -5.525449752807617, 17.138216018676758, -0.06420589238405228, 0.4191252291202545, -4.674051761627197, 0.10772848129272461, 0.503321647644043, -3.732091188430786, 0.23574107885360718], [4.224004745483398, -1.409531593322754, 0.14935901761054993, 6.785834312438965, 8.561736106872559, 6.083068370819092, 3.6796650886535645, 1.4146403074264526, -2.852684259414673, 4.082911968231201, -4.535969257354736, 5.891547679901123, -2.227311611175537, -0.06420589238405228, 24.70540428161621, 3.848619222640991, -2.7980620861053467, -10.915000915527344, 3.2217659950256348, 3.7898998260498047, -6.182781219482422], [0.6235139966011047, 1.3154276609420776, 2.0756537914276123, 3.3531792163848877, 0.6773055195808411, -2.8887810707092285, -2.3863980770111084, -3.666102170944214, -4.323398590087891, 1.6990430355072021, -1.1166075468063354, 4.1906023025512695, 3.9284937381744385, 0.4191252291202545, 3.848619222640991, 16.732770919799805, -1.5409793853759766, -6.9243059158325195, 5.543321132659912, -3.9418985843658447, -5.8657121658325195], [4.416362762451172, 0.8892548084259033, 4.124065399169922, -0.8430915474891663, -2.115144729614258, -3.1977272033691406, 1.7217317819595337, 3.5764012336730957, 2.622718334197998, 1.2622517347335815, 1.3758991956710815, -3.937025547027588, 3.125797986984253, -4.674051284790039, -2.798063039779663, -1.5409793853759766, 19.765947341918945, 2.727553606033325, -2.0443549156188965, -0.5003460645675659, -3.1385490894317627], [-6.498224258422852, 2.5581648349761963, 4.708349227905273, 0.8582048416137695, 1.521798849105835, -2.9473719596862793, 4.155441761016846, -0.6345119476318359, -0.8918893933296204, -5.484304428100586, -2.5674803256988525, -1.8673617839813232, 6.291210651397705, 0.1077280193567276, -10.914999961853027, -6.9243059158325195, 2.727553606033325, 33.381675720214844, 3.4389610290527344, -3.730684518814087, 0.6529795527458191], [-1.010558843612671, -0.8208399415016174, 3.798253297805786, 0.5181389451026917, 1.0063027143478394, 1.718080997467041, 0.23701366782188416, -4.426395416259766, -1.1082137823104858, 0.9566469788551331, -0.7297827005386353, 5.277008056640625, 6.755288600921631, 0.5033214092254639, 3.2217659950256348, 5.54332160949707, -2.0443549156188965, 3.4389610290527344, 25.344270706176758, -0.956602156162262, -1.5958905220031738], [4.725118160247803, -3.6128196716308594, -1.6604112386703491, -0.6353535652160645, 3.8115317821502686, -2.1236166954040527, 0.53193199634552, 6.27918004989624, 1.695391058921814, -2.0453968048095703, 2.7588143348693848, 0.850714385509491, 1.4269644021987915, -3.732091188430786, 3.789900064468384, -3.9418983459472656, -0.5003460645675659, -3.730684518814087, -0.956602156162262, 19.36018180847168, -1.7082949876785278], [-5.560108661651611, 2.4924867153167725, -7.693634510040283, 6.389035224914551, -1.513432264328003, -1.9483003616333008, -1.9503893852233887, -1.5168108940124512, 0.13101685047149658, 6.579846382141113, -2.7959272861480713, 1.4341180324554443, 0.6843007802963257, 0.23574113845825195, -6.182781219482422, -5.865712642669678, -3.1385498046875, 0.6529791355133057, -1.5958901643753052, -1.7082948684692383, 26.11185073852539]], "type": "heatmap"}], "layout": {"template": {"data": {"histogram2dcontour": [{"type": "histogram2dcontour", "colorbar": {"outlinewidth": 0, "ticks": ""}, "colorscale": [[0.0, "#0d0887"], [0.1111111111111111, "#46039f"], [0.2222222222222222, "#7201a8"], [0.3333333333333333, "#9c179e"], [0.4444444444444444, "#bd3786"], [0.5555555555555556, "#d8576b"], [0.6666666666666666, "#ed7953"], [0.7777777777777778, "#fb9f3a"], [0.8888888888888888, "#fdca26"], [1.0, "#f0f921"]]}], "choropleth": [{"type": "choropleth", "colorbar": {"outlinewidth": 0, "ticks": ""}}], "histogram2d": [{"type": "histogram2d", "colorbar": {"outlinewidth": 0, "ticks": ""}, "colorscale": [[0.0, "#0d0887"], [0.1111111111111111, "#46039f"], [0.2222222222222222, "#7201a8"], [0.3333333333333333, "#9c179e"], [0.4444444444444444, "#bd3786"], [0.5555555555555556, "#d8576b"], [0.6666666666666666, "#ed7953"], [0.7777777777777778, "#fb9f3a"], [0.8888888888888888, "#fdca26"], [1.0, "#f0f921"]]}], "heatmap": [{"type": "heatmap", "colorbar": {"outlinewidth": 0, "ticks": ""}, "colorscale": [[0.0, "#0d0887"], [0.1111111111111111, "#46039f"], [0.2222222222222222, "#7201a8"], [0.3333333333333333, "#9c179e"], [0.4444444444444444, "#bd3786"], [0.5555555555555556, "#d8576b"], [0.6666666666666666, "#ed7953"], [0.7777777777777778, "#fb9f3a"], [0.8888888888888888, "#fdca26"], [1.0, "#f0f921"]]}], "heatmapgl": [{"type": "heatmapgl", "colorbar": {"outlinewidth": 0, "ticks": ""}, "colorscale": [[0.0, "#0d0887"], [0.1111111111111111, "#46039f"], [0.2222222222222222, "#7201a8"], [0.3333333333333333, "#9c179e"], [0.4444444444444444, "#bd3786"], [0.5555555555555556, "#d8576b"], [0.6666666666666666, "#ed7953"], [0.7777777777777778, "#fb9f3a"], [0.8888888888888888, "#fdca26"], [1.0, "#f0f921"]]}], "contourcarpet": [{"type": "contourcarpet", "colorbar": {"outlinewidth": 0, "ticks": ""}}], "contour": [{"type": "contour", "colorbar": {"outlinewidth": 0, "ticks": ""}, "colorscale": [[0.0, "#0d0887"], [0.1111111111111111, "#46039f"], [0.2222222222222222, "#7201a8"], [0.3333333333333333, "#9c179e"], [0.4444444444444444, "#bd3786"], [0.5555555555555556, "#d8576b"], [0.6666666666666666, "#ed7953"], [0.7777777777777778, "#fb9f3a"], [0.8888888888888888, "#fdca26"], [1.0, "#f0f921"]]}], "surface": [{"type": "surface", "colorbar": {"outlinewidth": 0, "ticks": ""}, "colorscale": [[0.0, "#0d0887"], [0.1111111111111111, "#46039f"], [0.2222222222222222, "#7201a8"], [0.3333333333333333, "#9c179e"], [0.4444444444444444, "#bd3786"], [0.5555555555555556, "#d8576b"], [0.6666666666666666, "#ed7953"], [0.7777777777777778, "#fb9f3a"], [0.8888888888888888, "#fdca26"], [1.0, "#f0f921"]]}], "mesh3d": [{"type": "mesh3d", "colorbar": {"outlinewidth": 0, "ticks": ""}}], "scatter": [{"fillpattern": {"fillmode": "overlay", "size": 10, "solidity": 0.2}, "type": "scatter"}], "parcoords": [{"type": "parcoords", "line": {"colorbar": {"outlinewidth": 0, "ticks": ""}}}], "scatterpolargl": [{"type": "scatterpolargl", "marker": {"colorbar": {"outlinewidth": 0, "ticks": ""}}}], "bar": [{"error_x": {"color": "#2a3f5f"}, "error_y": {"color": "#2a3f5f"}, "marker": {"line": {"color": "#E5ECF6", "width": 0.5}, "pattern": {"fillmode": "overlay", "size": 10, "solidity": 0.2}}, "type": "bar"}], "scattergeo": [{"type": "scattergeo", "marker": {"colorbar": {"outlinewidth": 0, "ticks": ""}}}], "scatterpolar": [{"type": "scatterpolar", "marker": {"colorbar": {"outlinewidth": 0, "ticks": ""}}}], "histogram": [{"marker": {"pattern": {"fillmode": "overlay", "size": 10, "solidity": 0.2}}, "type": "histogram"}], "scattergl": [{"type": "scattergl", "marker": {"colorbar": {"outlinewidth": 0, "ticks": ""}}}], "scatter3d": [{"type": "scatter3d", "line": {"colorbar": {"outlinewidth": 0, "ticks": ""}}, "marker": {"colorbar": {"outlinewidth": 0, "ticks": ""}}}], "scattermapbox": [{"type": "scattermapbox", "marker": {"colorbar": {"outlinewidth": 0, "ticks": ""}}}], "scatterternary": [{"type": "scatterternary", "marker": {"colorbar": {"outlinewidth": 0, "ticks": ""}}}], "scattercarpet": [{"type": "scattercarpet", "marker": {"colorbar": {"outlinewidth": 0, "ticks": ""}}}], "carpet": [{"aaxis": {"endlinecolor": "#2a3f5f", "gridcolor": "white", "linecolor": "white", "minorgridcolor": "white", "startlinecolor": "#2a3f5f"}, "baxis": {"endlinecolor": "#2a3f5f", "gridcolor": "white", "linecolor": "white", "minorgridcolor": "white", "startlinecolor": "#2a3f5f"}, "type": "carpet"}], "table": [{"cells": {"fill": {"color": "#EBF0F8"}, "line": {"color": "white"}}, "header": {"fill": {"color": "#C8D4E3"}, "line": {"color": "white"}}, "type": "table"}], "barpolar": [{"marker": {"line": {"color": "#E5ECF6", "width": 0.5}, "pattern": {"fillmode": "overlay", "size": 10, "solidity": 0.2}}, "type": "barpolar"}], "pie": [{"automargin": true, "type": "pie"}]}, "layout": {"autotypenumbers": "strict", "colorway": ["#636efa", "#EF553B", "#00cc96", "#ab63fa", "#FFA15A", "#19d3f3", "#FF6692", "#B6E880", "#FF97FF", "#FECB52"], "font": {"color": "#2a3f5f"}, "hovermode": "closest", "hoverlabel": {"align": "left"}, "paper_bgcolor": "white", "plot_bgcolor": "#E5ECF6", "polar": {"bgcolor": "#E5ECF6", "angularaxis": {"gridcolor": "white", "linecolor": "white", "ticks": ""}, "radialaxis": {"gridcolor": "white", "linecolor": "white", "ticks": ""}}, "ternary": {"bgcolor": "#E5ECF6", "aaxis": {"gridcolor": "white", "linecolor": "white", "ticks": ""}, "baxis": {"gridcolor": "white", "linecolor": "white", "ticks": ""}, "caxis": {"gridcolor": "white", "linecolor": "white", "ticks": ""}}, "coloraxis": {"colorbar": {"outlinewidth": 0, "ticks": ""}}, "colorscale": {"sequential": [[0.0, "#0d0887"], [0.1111111111111111, "#46039f"], [0.2222222222222222, "#7201a8"], [0.3333333333333333, "#9c179e"], [0.4444444444444444, "#bd3786"], [0.5555555555555556, "#d8576b"], [0.6666666666666666, "#ed7953"], [0.7777777777777778, "#fb9f3a"], [0.8888888888888888, "#fdca26"], [1.0, "#f0f921"]], "sequentialminus": [[0.0, "#0d0887"], [0.1111111111111111, "#46039f"], [0.2222222222222222, "#7201a8"], [0.3333333333333333, "#9c179e"], [0.4444444444444444, "#bd3786"], [0.5555555555555556, "#d8576b"], [0.6666666666666666, "#ed7953"], [0.7777777777777778, "#fb9f3a"], [0.8888888888888888, "#fdca26"], [1.0, "#f0f921"]], "diverging": [[0, "#8e0152"], [0.1, "#c51b7d"], [0.2, "#de77ae"], [0.3, "#f1b6da"], [0.4, "#fde0ef"], [0.5, "#f7f7f7"], [0.6, "#e6f5d0"], [0.7, "#b8e186"], [0.8, "#7fbc41"], [0.9, "#4d9221"], [1, "#276419"]]}, "xaxis": {"gridcolor": "white", "linecolor": "white", "ticks": "", "title": {"standoff": 15}, "zerolinecolor": "white", "automargin": true, "zerolinewidth": 2}, "yaxis": {"gridcolor": "white", "linecolor": "white", "ticks": "", "title": {"standoff": 15}, "zerolinecolor": "white", "automargin": true, "zerolinewidth": 2}, "scene": {"xaxis": {"backgroundcolor": "#E5ECF6", "gridcolor": "white", "linecolor": "white", "showbackground": true, "ticks": "", "zerolinecolor": "white", "gridwidth": 2}, "yaxis": {"backgroundcolor": "#E5ECF6", "gridcolor": "white", "linecolor": "white", "showbackground": true, "ticks": "", "zerolinecolor": "white", "gridwidth": 2}, "zaxis": {"backgroundcolor": "#E5ECF6", "gridcolor": "white", "linecolor": "white", "showbackground": true, "ticks": "", "zerolinecolor": "white", "gridwidth": 2}}, "shapedefaults": {"line": {"color": "#2a3f5f"}}, "annotationdefaults": {"arrowcolor": "#2a3f5f", "arrowhead": 0, "arrowwidth": 1}, "geo": {"bgcolor": "white", "landcolor": "#E5ECF6", "subunitcolor": "white", "showland": true, "showlakes": true, "lakecolor": "white"}, "title": {"x": 0.05}, "mapbox": {"style": "light"}}}}}