{"data": [{"z": [[24.468278884887695, 0.5543426275253296, 0.8424932956695557, 0.03057990036904812, 2.1818575859069824, 0.21283932030200958, -1.6886885166168213, 3.7690231800079346, -1.0595972537994385, -2.6115012168884277, 0.8844068646430969, 3.048394203186035, 1.0582343339920044, 0.7685083150863647, 4.231271266937256, 0.6490277051925659, 4.391546726226807, -6.453394889831543, -0.9891320466995239, 4.731947422027588, -5.555448532104492], [0.5543426275253296, 17.183544158935547, -2.9979705810546875, 0.6605581045150757, -4.967965126037598, -4.553459167480469, 1.1535181999206543, -2.0360772609710693, 1.3616470098495483, -3.3765101432800293, 0.8767867684364319, 4.539248466491699, 1.007381558418274, -0.9432690143585205, -1.3825706243515015, 1.3161262273788452, 0.8820152282714844, 2.515573501586914, -0.7863337397575378, -3.595270872116089, 2.4885575771331787], [0.8424932956695557, -2.9979705810546875, 22.553892135620117, 2.112745761871338, 1.8423365354537964, -1.3673112392425537, 5.895758628845215, -7.806039333343506, 0.8665742874145508, 5.91263484954834, 0.8962258696556091, -9.708232879638672, 0.474500447511673, 1.8007208108901978, 0.17486971616744995, 2.0549397468566895, 4.147250652313232, 4.708827972412109, 3.8016481399536133, -1.647641658782959, -7.673366069793701], [0.03057990036904812, 0.6605581045150757, 2.112745761871338, 17.08353614807129, -1.470283031463623, 0.1740439236164093, 3.944520950317383, -2.4241881370544434, -4.4721198081970215, 2.2874739170074463, -4.664773941040039, 0.28177887201309204, 0.4976184070110321, -3.2259373664855957, 6.796132564544678, 3.3279244899749756, -0.8392316102981567, 0.8581083416938782, 0.5582228899002075, -0.6376633644104004, 6.362455368041992], [2.1818575859069824, -4.967965126037598, 1.8423365354537964, -1.470283031463623, 22.950313568115234, 2.138521194458008, 3.0946414470672607, 1.387430191040039, 2.649064779281616, -0.27071887254714966, -0.6378133296966553, -3.7319107055664062, -3.011026382446289, 3.8601291179656982, 8.553925514221191, 0.6915891766548157, -2.105656623840332, 1.5365140438079834, 1.0044037103652954, 3.808929443359375, -1.5177289247512817], [0.21283932030200958, -4.553459167480469, -1.3673112392425537, 0.1740439236164093, 2.138521194458008, 26.48523712158203, 5.610487937927246, -1.4996459484100342, 3.884381055831909, 3.7915260791778564, -2.6109166145324707, -7.477596282958984, -3.9851179122924805, 2.1692826747894287, 6.0981340408325195, -2.886521100997925, -3.164841651916504, -2.9166676998138428, 1.7195303440093994, -2.1071205139160156, -1.9443217515945435], [-1.6886885166168213, 1.1535181999206543, 5.895758628845215, 3.944520950317383, 3.0946414470672607, 5.610487937927246, 15.692057609558105, -3.6530628204345703, 4.443217754364014, -1.2712173461914062, -4.138738632202148, -4.950946807861328, -2.611009359359741, 0.6833789944648743, 3.6865904331207275, -2.3579750061035156, 1.7203023433685303, 4.143674850463867, 0.241319477558136, 0.5287488698959351, -1.953444004058838], [3.7690231800079346, -2.0360772609710693, -7.806039333343506, -2.4241881370544434, 1.387430191040039, -1.4996459484100342, -3.6530628204345703, 23.566980361938477, 4.309174537658691, -4.089604377746582, 1.8459316492080688, 4.5252766609191895, 1.7685283422470093, -7.191069602966309, 1.4259734153747559, -3.6481003761291504, 3.5522654056549072, -0.6297173500061035, -4.370335578918457, 6.259992599487305, -1.5045397281646729], [-1.0595972537994385, 1.3616470098495483, 0.8665742874145508, -4.4721198081970215, 2.649064779281616, 3.884381055831909, 4.443217754364014, 4.309174537658691, 15.052263259887695, 0.9550370573997498, -0.6978864073753357, -5.6458611488342285, -3.9416821002960205, 2.29099178314209, -2.8029580116271973, -4.312272071838379, 2.6131322383880615, -0.9026039242744446, -1.0596983432769775, 1.7022684812545776, 0.12889188528060913], [-2.6115012168884277, -3.3765101432800293, 5.91263484954834, 2.2874739170074463, -0.27071887254714966, 3.7915260791778564, -1.2712173461914062, -4.089604377746582, 0.9550370573997498, 19.087650299072266, -3.278691053390503, -4.43729829788208, 2.516655445098877, 2.6062562465667725, 4.0808186531066895, 1.69218111038208, 1.2816827297210693, -5.437891960144043, 0.9510562419891357, -2.031536817550659, 6.566634178161621], [0.8844068646430969, 0.8767867684364319, 0.8962258696556091, -4.664773941040039, -0.6378133296966553, -2.6109166145324707, -4.138738632202148, 1.8459316492080688, -0.6978864073753357, -3.278691053390503, 22.4739933013916, -4.0264506340026855, 2.8398022651672363, -1.7275547981262207, -4.517496585845947, -1.1278913021087646, 1.3935391902923584, -2.5461585521698, -0.7199838161468506, 2.7557215690612793, -2.808330535888672], [3.048394203186035, 4.539248466491699, -9.708232879638672, 0.28177887201309204, -3.7319107055664062, -7.477596282958984, -4.950946807861328, 4.5252766609191895, -5.6458611488342285, -4.43729829788208, -4.0264506340026855, 28.533544540405273, -1.5207310914993286, 3.195671319961548, 5.879673957824707, 4.173970699310303, -3.9343838691711426, -1.8425939083099365, 5.278867721557617, 0.8427524566650391, 1.4277263879776], [1.0582343339920044, 1.007381558418274, 0.474500447511673, 0.4976184070110321, -3.011026382446289, -3.9851179122924805, -2.611009359359741, 1.7685283422470093, -3.9416821002960205, 2.516655445098877, 2.8398022651672363, -1.5207310914993286, 15.896424293518066, -5.518580436706543, -2.197697162628174, 3.9068100452423096, 3.1336965560913086, 6.263593673706055, 6.746526718139648, 1.4301667213439941, 0.6745517253875732], [0.7685083150863647, -0.9432690143585205, 1.8007208108901978, -3.2259373664855957, 3.8601291179656982, 2.1692826747894287, 0.6833789944648743, -7.191069602966309, 2.29099178314209, 2.6062562465667725, -1.7275547981262207, 3.195671319961548, -5.518580436706543, 17.009719848632812, -0.0205957293510437, 0.4008983075618744, -4.648693084716797, 0.0951458215713501, 0.520484447479248, -3.710256338119507, 0.23148541152477264], [4.231271266937256, -1.3825706243515015, 0.17486971616744995, 6.796132564544678, 8.553925514221191, 6.0981340408325195, 3.6865904331207275, 1.4259734153747559, -2.8029580116271973, 4.0808186531066895, -4.517496585845947, 5.879673957824707, -2.197697162628174, -0.0205957293510437, 24.66861343383789, 3.862741470336914, -2.787109375, -10.847223281860352, 3.2139554023742676, 3.7907233238220215, -6.18537712097168], [0.6490277051925659, 1.3161262273788452, 2.0549397468566895, 3.3279244899749756, 0.6915891766548157, -2.886521100997925, -2.3579750061035156, -3.6481003761291504, -4.312272071838379, 1.69218111038208, -1.1278913021087646, 4.173970699310303, 3.9068100452423096, 0.4008983075618744, 3.862741470336914, 16.663856506347656, -1.5280077457427979, -6.890990734100342, 5.545415878295898, -3.9356179237365723, -5.866606712341309], [4.391546726226807, 0.8820157647132874, 4.147251605987549, -0.8392318487167358, -2.105656862258911, -3.164841651916504, 1.7203025817871094, 3.5522656440734863, 2.6131324768066406, 1.2816828489303589, 1.3935388326644897, -3.9343841075897217, 3.1336967945098877, -4.648693084716797, -2.787109375, -1.5280076265335083, 19.702621459960938, 2.7258150577545166, -2.010924816131592, -0.514538049697876, -3.135066270828247], [-6.453394889831543, 2.515573024749756, 4.708827972412109, 0.8581080436706543, 1.5365138053894043, -2.9166676998138428, 4.143673419952393, -0.6297177672386169, -0.9026040434837341, -5.437891006469727, -2.5461585521698, -1.8425945043563843, 6.263593673706055, 0.09514643996953964, -10.847222328186035, -6.890990734100342, 2.7258150577545166, 33.2567138671875, 3.472005844116211, -3.7080366611480713, 0.6479661464691162], [-0.9891323447227478, -0.7863340377807617, 3.801647424697876, 0.5582229495048523, 1.0044033527374268, 1.7195305824279785, 0.24131906032562256, -4.370335102081299, -1.0596979856491089, 0.9510561227798462, -0.7199833393096924, 5.278867244720459, 6.746526718139648, 0.5204839706420898, 3.2139546871185303, 5.54541540145874, -2.010924816131592, 3.472005844116211, 25.27918815612793, -0.9414997100830078, -1.6059176921844482], [4.731947422027588, -3.5952706336975098, -1.6476410627365112, -0.6376632452011108, 3.808929204940796, -2.107121467590332, 0.5287486910820007, 6.259992599487305, 1.7022686004638672, -2.03153657913208, 2.7557215690612793, 0.8427526354789734, 1.4301668405532837, -3.7102560997009277, 3.790724039077759, -3.935617685317993, -0.514538049697876, -3.7080366611480713, -0.9414997100830078, 19.321380615234375, -1.708165168762207], [-5.555448055267334, 2.4885573387145996, -7.673366069793701, 6.362455368041992, -1.5177290439605713, -1.9443219900131226, -1.953444242477417, -1.504539966583252, 0.12889224290847778, 6.566633701324463, -2.8083314895629883, 1.4277262687683105, 0.6745517253875732, 0.23148584365844727, -6.18537712097168, -5.866607189178467, -3.1350667476654053, 0.6479659080505371, -1.6059174537658691, -1.708165168762207, 26.11185073852539]], "type": "heatmap"}], "layout": {"template": {"data": {"histogram2dcontour": [{"type": "histogram2dcontour", "colorbar": {"outlinewidth": 0, "ticks": ""}, "colorscale": [[0.0, "#0d0887"], [0.1111111111111111, "#46039f"], [0.2222222222222222, "#7201a8"], [0.3333333333333333, "#9c179e"], [0.4444444444444444, "#bd3786"], [0.5555555555555556, "#d8576b"], [0.6666666666666666, "#ed7953"], [0.7777777777777778, "#fb9f3a"], [0.8888888888888888, "#fdca26"], [1.0, "#f0f921"]]}], "choropleth": [{"type": "choropleth", "colorbar": {"outlinewidth": 0, "ticks": ""}}], "histogram2d": [{"type": "histogram2d", "colorbar": {"outlinewidth": 0, "ticks": ""}, "colorscale": [[0.0, "#0d0887"], [0.1111111111111111, "#46039f"], [0.2222222222222222, "#7201a8"], [0.3333333333333333, "#9c179e"], [0.4444444444444444, "#bd3786"], [0.5555555555555556, "#d8576b"], [0.6666666666666666, "#ed7953"], [0.7777777777777778, "#fb9f3a"], [0.8888888888888888, "#fdca26"], [1.0, "#f0f921"]]}], "heatmap": [{"type": "heatmap", "colorbar": {"outlinewidth": 0, "ticks": ""}, "colorscale": [[0.0, "#0d0887"], [0.1111111111111111, "#46039f"], [0.2222222222222222, "#7201a8"], [0.3333333333333333, "#9c179e"], [0.4444444444444444, "#bd3786"], [0.5555555555555556, "#d8576b"], [0.6666666666666666, "#ed7953"], [0.7777777777777778, "#fb9f3a"], [0.8888888888888888, "#fdca26"], [1.0, "#f0f921"]]}], "heatmapgl": [{"type": "heatmapgl", "colorbar": {"outlinewidth": 0, "ticks": ""}, "colorscale": [[0.0, "#0d0887"], [0.1111111111111111, "#46039f"], [0.2222222222222222, "#7201a8"], [0.3333333333333333, "#9c179e"], [0.4444444444444444, "#bd3786"], [0.5555555555555556, "#d8576b"], [0.6666666666666666, "#ed7953"], [0.7777777777777778, "#fb9f3a"], [0.8888888888888888, "#fdca26"], [1.0, "#f0f921"]]}], "contourcarpet": [{"type": "contourcarpet", "colorbar": {"outlinewidth": 0, "ticks": ""}}], "contour": [{"type": "contour", "colorbar": {"outlinewidth": 0, "ticks": ""}, "colorscale": [[0.0, "#0d0887"], [0.1111111111111111, "#46039f"], [0.2222222222222222, "#7201a8"], [0.3333333333333333, "#9c179e"], [0.4444444444444444, "#bd3786"], [0.5555555555555556, "#d8576b"], [0.6666666666666666, "#ed7953"], [0.7777777777777778, "#fb9f3a"], [0.8888888888888888, "#fdca26"], [1.0, "#f0f921"]]}], "surface": [{"type": "surface", "colorbar": {"outlinewidth": 0, "ticks": ""}, "colorscale": [[0.0, "#0d0887"], [0.1111111111111111, "#46039f"], [0.2222222222222222, "#7201a8"], [0.3333333333333333, "#9c179e"], [0.4444444444444444, "#bd3786"], [0.5555555555555556, "#d8576b"], [0.6666666666666666, "#ed7953"], [0.7777777777777778, "#fb9f3a"], [0.8888888888888888, "#fdca26"], [1.0, "#f0f921"]]}], "mesh3d": [{"type": "mesh3d", "colorbar": {"outlinewidth": 0, "ticks": ""}}], "scatter": [{"fillpattern": {"fillmode": "overlay", "size": 10, "solidity": 0.2}, "type": "scatter"}], "parcoords": [{"type": "parcoords", "line": {"colorbar": {"outlinewidth": 0, "ticks": ""}}}], "scatterpolargl": [{"type": "scatterpolargl", "marker": {"colorbar": {"outlinewidth": 0, "ticks": ""}}}], "bar": [{"error_x": {"color": "#2a3f5f"}, "error_y": {"color": "#2a3f5f"}, "marker": {"line": {"color": "#E5ECF6", "width": 0.5}, "pattern": {"fillmode": "overlay", "size": 10, "solidity": 0.2}}, "type": "bar"}], "scattergeo": [{"type": "scattergeo", "marker": {"colorbar": {"outlinewidth": 0, "ticks": ""}}}], "scatterpolar": [{"type": "scatterpolar", "marker": {"colorbar": {"outlinewidth": 0, "ticks": ""}}}], "histogram": [{"marker": {"pattern": {"fillmode": "overlay", "size": 10, "solidity": 0.2}}, "type": "histogram"}], "scattergl": [{"type": "scattergl", "marker": {"colorbar": {"outlinewidth": 0, "ticks": ""}}}], "scatter3d": [{"type": "scatter3d", "line": {"colorbar": {"outlinewidth": 0, "ticks": ""}}, "marker": {"colorbar": {"outlinewidth": 0, "ticks": ""}}}], "scattermapbox": [{"type": "scattermapbox", "marker": {"colorbar": {"outlinewidth": 0, "ticks": ""}}}], "scatterternary": [{"type": "scatterternary", "marker": {"colorbar": {"outlinewidth": 0, "ticks": ""}}}], "scattercarpet": [{"type": "scattercarpet", "marker": {"colorbar": {"outlinewidth": 0, "ticks": ""}}}], "carpet": [{"aaxis": {"endlinecolor": "#2a3f5f", "gridcolor": "white", "linecolor": "white", "minorgridcolor": "white", "startlinecolor": "#2a3f5f"}, "baxis": {"endlinecolor": "#2a3f5f", "gridcolor": "white", "linecolor": "white", "minorgridcolor": "white", "startlinecolor": "#2a3f5f"}, "type": "carpet"}], "table": [{"cells": {"fill": {"color": "#EBF0F8"}, "line": {"color": "white"}}, "header": {"fill": {"color": "#C8D4E3"}, "line": {"color": "white"}}, "type": "table"}], "barpolar": [{"marker": {"line": {"color": "#E5ECF6", "width": 0.5}, "pattern": {"fillmode": "overlay", "size": 10, "solidity": 0.2}}, "type": "barpolar"}], "pie": [{"automargin": true, "type": "pie"}]}, "layout": {"autotypenumbers": "strict", "colorway": ["#636efa", "#EF553B", "#00cc96", "#ab63fa", "#FFA15A", "#19d3f3", "#FF6692", "#B6E880", "#FF97FF", "#FECB52"], "font": {"color": "#2a3f5f"}, "hovermode": "closest", "hoverlabel": {"align": "left"}, "paper_bgcolor": "white", "plot_bgcolor": "#E5ECF6", "polar": {"bgcolor": "#E5ECF6", "angularaxis": {"gridcolor": "white", "linecolor": "white", "ticks": ""}, "radialaxis": {"gridcolor": "white", "linecolor": "white", "ticks": ""}}, "ternary": {"bgcolor": "#E5ECF6", "aaxis": {"gridcolor": "white", "linecolor": "white", "ticks": ""}, "baxis": {"gridcolor": "white", "linecolor": "white", "ticks": ""}, "caxis": {"gridcolor": "white", "linecolor": "white", "ticks": ""}}, "coloraxis": {"colorbar": {"outlinewidth": 0, "ticks": ""}}, "colorscale": {"sequential": [[0.0, "#0d0887"], [0.1111111111111111, "#46039f"], [0.2222222222222222, "#7201a8"], [0.3333333333333333, "#9c179e"], [0.4444444444444444, "#bd3786"], [0.5555555555555556, "#d8576b"], [0.6666666666666666, "#ed7953"], [0.7777777777777778, "#fb9f3a"], [0.8888888888888888, "#fdca26"], [1.0, "#f0f921"]], "sequentialminus": [[0.0, "#0d0887"], [0.1111111111111111, "#46039f"], [0.2222222222222222, "#7201a8"], [0.3333333333333333, "#9c179e"], [0.4444444444444444, "#bd3786"], [0.5555555555555556, "#d8576b"], [0.6666666666666666, "#ed7953"], [0.7777777777777778, "#fb9f3a"], [0.8888888888888888, "#fdca26"], [1.0, "#f0f921"]], "diverging": [[0, "#8e0152"], [0.1, "#c51b7d"], [0.2, "#de77ae"], [0.3, "#f1b6da"], [0.4, "#fde0ef"], [0.5, "#f7f7f7"], [0.6, "#e6f5d0"], [0.7, "#b8e186"], [0.8, "#7fbc41"], [0.9, "#4d9221"], [1, "#276419"]]}, "xaxis": {"gridcolor": "white", "linecolor": "white", "ticks": "", "title": {"standoff": 15}, "zerolinecolor": "white", "automargin": true, "zerolinewidth": 2}, "yaxis": {"gridcolor": "white", "linecolor": "white", "ticks": "", "title": {"standoff": 15}, "zerolinecolor": "white", "automargin": true, "zerolinewidth": 2}, "scene": {"xaxis": {"backgroundcolor": "#E5ECF6", "gridcolor": "white", "linecolor": "white", "showbackground": true, "ticks": "", "zerolinecolor": "white", "gridwidth": 2}, "yaxis": {"backgroundcolor": "#E5ECF6", "gridcolor": "white", "linecolor": "white", "showbackground": true, "ticks": "", "zerolinecolor": "white", "gridwidth": 2}, "zaxis": {"backgroundcolor": "#E5ECF6", "gridcolor": "white", "linecolor": "white", "showbackground": true, "ticks": "", "zerolinecolor": "white", "gridwidth": 2}}, "shapedefaults": {"line": {"color": "#2a3f5f"}}, "annotationdefaults": {"arrowcolor": "#2a3f5f", "arrowhead": 0, "arrowwidth": 1}, "geo": {"bgcolor": "white", "landcolor": "#E5ECF6", "subunitcolor": "white", "showland": true, "showlakes": true, "lakecolor": "white"}, "title": {"x": 0.05}, "mapbox": {"style": "light"}}}}}