{"data": [{"z": [[24.821531295776367, 0.5219497084617615, 0.8500198125839233, -0.007250366732478142, 2.191068649291992, 0.15128406882286072, -1.707726240158081, 3.764249801635742, -1.128232717514038, -2.6622087955474854, 0.8737956881523132, 3.021812677383423, 0.984213650226593, 0.7226173877716064, 4.229855060577393, 0.5904272198677063, 4.477246284484863, -6.625396728515625, -1.055088758468628, 4.734165191650391, -5.5784478187561035], [0.5219497084617615, 17.52841567993164, -3.127211093902588, 0.6646410822868347, -5.081202507019043, -4.711231231689453, 1.1087448596954346, -2.060232400894165, 1.330054521560669, -3.505035638809204, 0.8813065886497498, 4.585238933563232, 1.038724660873413, -1.009623408317566, -1.48458993434906, 1.2856940031051636, 0.8978462219238281, 2.646653413772583, -0.8817104697227478, -3.663027048110962, 2.520132541656494], [0.8500198125839233, -3.127211093902588, 23.07425308227539, 2.1135387420654297, 1.7950021028518677, -1.3990167379379272, 5.957708835601807, -8.000263214111328, 0.869591236114502, 6.092127799987793, 0.8577073812484741, -9.897848129272461, 0.4015708565711975, 1.8743717670440674, 0.11791131645441055, 2.1388893127441406, 4.059776782989502, 4.703248500823975, 3.8327794075012207, -1.7078514099121094, -7.767884731292725], [-0.007250366732478142, 0.6646410822868347, 2.1135387420654297, 17.422630310058594, -1.5583997964859009, 0.04571811109781265, 3.955721616744995, -2.428018569946289, -4.577131748199463, 2.2812304496765137, -4.693549156188965, 0.33315005898475647, 0.5009235739707947, -3.2895426750183105, 6.7967143058776855, 3.382899761199951, -0.8698665499687195, 0.8654093742370605, 0.4597972631454468, -0.6274762153625488, 6.43226957321167], [2.191068649291992, -5.081202507019043, 1.7950021028518677, -1.5583997964859009, 23.145639419555664, 2.1147141456604004, 3.141928195953369, 1.3301054239273071, 2.6042699813842773, -0.33707574009895325, -0.6430128216743469, -3.7960026264190674, -3.0534298419952393, 3.8306615352630615, 8.607696533203125, 0.6355196237564087, -2.142530918121338, 1.4931031465530396, 1.0336406230926514, 3.843369483947754, -1.511309027671814], [0.15128406882286072, -4.711231231689453, -1.3990167379379272, 0.04571811109781265, 2.1147141456604004, 26.714038848876953, 5.597986698150635, -1.6079438924789429, 3.9025332927703857, 3.864760398864746, -2.6689372062683105, -7.607057094573975, -4.0390424728393555, 2.2467875480651855, 6.06955099105835, -2.8945469856262207, -3.3097317218780518, -3.0154387950897217, 1.7456765174865723, -2.1984453201293945, -1.9606562852859497], [-1.707726240158081, 1.1087448596954346, 5.957708835601807, 3.955721616744995, 3.141928195953369, 5.597986698150635, 15.834160804748535, -3.6862831115722656, 4.454934597015381, -1.3271938562393188, -4.231781005859375, -5.018577575683594, -2.6561813354492188, 0.6510763764381409, 3.6897318363189697, -2.461402177810669, 1.7207856178283691, 4.19690465927124, 0.2391645312309265, 0.5567357540130615, -1.9493224620819092], [3.764249801635742, -2.060232400894165, -8.000263214111328, -2.428018569946289, 1.3301054239273071, -1.6079438924789429, -3.6862831115722656, 23.935361862182617, 4.381160259246826, -4.251443862915039, 1.87254798412323, 4.570260524749756, 1.752270221710205, -7.404007434844971, 1.3981844186782837, -3.7609951496124268, 3.6510672569274902, -0.6843091249465942, -4.568126678466797, 6.333885669708252, -1.5352978706359863], [-1.128232717514038, 1.330054521560669, 0.869591236114502, -4.577131748199463, 2.6042699813842773, 3.9025332927703857, 4.454934597015381, 4.381160259246826, 15.294706344604492, 0.927958071231842, -0.7392781972885132, -5.785128116607666, -4.014972686767578, 2.34898042678833, -2.9286282062530518, -4.382114410400391, 2.6495776176452637, -0.9095290899276733, -1.2127751111984253, 1.6688178777694702, 0.11053711175918579], [-2.6622087955474854, -3.505035638809204, 6.092127799987793, 2.2812304496765137, -0.33707574009895325, 3.864760398864746, -1.3271938562393188, -4.251443862915039, 0.927958071231842, 19.366313934326172, -3.3929929733276367, -4.4996018409729, 2.4577889442443848, 2.669585704803467, 4.129106521606445, 1.7135725021362305, 1.2151750326156616, -5.626489639282227, 0.9823170900344849, -2.121194362640381, 6.605207443237305], [0.8737956881523132, 0.8813065886497498, 0.8577073812484741, -4.693549156188965, -0.6430128216743469, -2.6689372062683105, -4.231781005859375, 1.87254798412323, -0.7392781972885132, -3.3929929733276367, 22.858234405517578, -4.022216320037842, 2.9527392387390137, -1.7866348028182983, -4.592322826385498, -1.1129590272903442, 1.320258617401123, -2.6158299446105957, -0.7206869125366211, 2.767279624938965, -2.757460117340088], [3.021812677383423, 4.585238933563232, -9.897848129272461, 0.33315005898475647, -3.7960026264190674, -7.607057094573975, -5.018577575683594, 4.570260524749756, -5.785128116607666, -4.4996018409729, -4.022216320037842, 28.830944061279297, -1.5306832790374756, 3.208212375640869, 5.943818092346191, 4.214321613311768, -3.9530208110809326, -1.9372156858444214, 5.31087589263916, 0.8745522499084473, 1.4414935111999512], [0.984213650226593, 1.038724660873413, 0.4015708565711975, 0.5009235739707947, -3.0534298419952393, -4.0390424728393555, -2.6561813354492188, 1.752270221710205, -4.014972686767578, 2.4577889442443848, 2.9527392387390137, -1.5306832790374756, 16.187644958496094, -5.582888126373291, -2.3214569091796875, 3.9724440574645996, 3.103700876235962, 6.391718864440918, 6.843346118927002, 1.3960421085357666, 0.6963685154914856], [0.7226173877716064, -1.009623408317566, 1.8743717670440674, -3.2895426750183105, 3.8306615352630615, 2.2467875480651855, 0.6510763764381409, -7.404007434844971, 2.34898042678833, 2.669585704803467, -1.7866348028182983, 3.208212375640869, -5.582888126373291, 17.410348892211914, -0.13074161112308502, 0.42476940155029297, -4.785933494567871, 0.10695672035217285, 0.5117073059082031, -3.8086280822753906, 0.2494107186794281], [4.229855060577393, -1.48458993434906, 0.11791131645441055, 6.7967143058776855, 8.607696533203125, 6.06955099105835, 3.6897318363189697, 1.3981844186782837, -2.9286282062530518, 4.129106521606445, -4.592322826385498, 5.943818092346191, -2.3214569091796875, -0.13074161112308502, 24.844919204711914, 3.8350348472595215, -2.818124771118164, -11.099319458007812, 3.2439472675323486, 3.8051342964172363, -6.18312406539917], [0.5904272198677063, 1.2856940031051636, 2.1388893127441406, 3.382899761199951, 0.6355196237564087, -2.8945469856262207, -2.461402177810669, -3.7609951496124268, -4.382114410400391, 1.7135725021362305, -1.1129590272903442, 4.214321613311768, 3.9724440574645996, 0.42476940155029297, 3.8350348472595215, 16.868680953979492, -1.5849225521087646, -7.06890869140625, 5.5744757652282715, -4.0101637840271, -5.861910820007324], [4.477245807647705, 0.8978458046913147, 4.059776306152344, -0.8698663115501404, -2.142530918121338, -3.30973219871521, 1.720785140991211, 3.6510679721832275, 2.6495778560638428, 1.2151751518249512, 1.320258617401123, -3.9530200958251953, 3.10370135307312, -4.785933017730713, -2.818124294281006, -1.5849227905273438, 19.951610565185547, 2.67866587638855, -2.130030870437622, -0.47595077753067017, -3.1513712406158447], [-6.625397205352783, 2.646653175354004, 4.703248977661133, 0.8654096722602844, 1.493102788925171, -3.0154383182525635, 4.196904182434082, -0.6843093037605286, -0.9095293879508972, -5.626489162445068, -2.6158289909362793, -1.9372166395187378, 6.391718864440918, 0.10695652663707733, -11.099320411682129, -7.068908214569092, 2.67866587638855, 33.737060546875, 3.418099880218506, -3.789381980895996, 0.6975935101509094], [-1.0550891160964966, -0.881710410118103, 3.8327796459198, 0.4597969055175781, 1.033640742301941, 1.7456766366958618, 0.23916476964950562, -4.568127155303955, -1.212774395942688, 0.9823170304298401, -0.7206875681877136, 5.31087589263916, 6.84334659576416, 0.5117073655128479, 3.243947744369507, 5.57447624206543, -2.130030870437622, 3.418099880218506, 25.545337677001953, -0.9822998046875, -1.568866491317749], [4.734165668487549, -3.663026809692383, -1.7078516483306885, -0.6274758577346802, 3.843369483947754, -2.1984446048736572, 0.5567355751991272, 6.33388614654541, 1.6688182353973389, -2.12119460105896, 2.767279863357544, 0.8745527267456055, 1.3960418701171875, -3.8086278438568115, 3.8051342964172363, -4.010163307189941, -0.47595077753067017, -3.789381980895996, -0.9822998046875, 19.473222732543945, -1.6974170207977295], [-5.578447341918945, 2.520132541656494, -7.767885208129883, 6.43226957321167, -1.5113086700439453, -1.9606565237045288, -1.9493223428726196, -1.5352975130081177, 0.11053717136383057, 6.605207443237305, -2.757460832595825, 1.4414931535720825, 0.6963682174682617, 0.24941086769104004, -6.183123588562012, -5.861910343170166, -3.1513710021972656, 0.6975939273834229, -1.568866491317749, -1.6974172592163086, 26.11185073852539]], "type": "heatmap"}], "layout": {"template": {"data": {"histogram2dcontour": [{"type": "histogram2dcontour", "colorbar": {"outlinewidth": 0, "ticks": ""}, "colorscale": [[0.0, "#0d0887"], [0.1111111111111111, "#46039f"], [0.2222222222222222, "#7201a8"], [0.3333333333333333, "#9c179e"], [0.4444444444444444, "#bd3786"], [0.5555555555555556, "#d8576b"], [0.6666666666666666, "#ed7953"], [0.7777777777777778, "#fb9f3a"], [0.8888888888888888, "#fdca26"], [1.0, "#f0f921"]]}], "choropleth": [{"type": "choropleth", "colorbar": {"outlinewidth": 0, "ticks": ""}}], "histogram2d": [{"type": "histogram2d", "colorbar": {"outlinewidth": 0, "ticks": ""}, "colorscale": [[0.0, "#0d0887"], [0.1111111111111111, "#46039f"], [0.2222222222222222, "#7201a8"], [0.3333333333333333, "#9c179e"], [0.4444444444444444, "#bd3786"], [0.5555555555555556, "#d8576b"], [0.6666666666666666, "#ed7953"], [0.7777777777777778, "#fb9f3a"], [0.8888888888888888, "#fdca26"], [1.0, "#f0f921"]]}], "heatmap": [{"type": "heatmap", "colorbar": {"outlinewidth": 0, "ticks": ""}, "colorscale": [[0.0, "#0d0887"], [0.1111111111111111, "#46039f"], [0.2222222222222222, "#7201a8"], [0.3333333333333333, "#9c179e"], [0.4444444444444444, "#bd3786"], [0.5555555555555556, "#d8576b"], [0.6666666666666666, "#ed7953"], [0.7777777777777778, "#fb9f3a"], [0.8888888888888888, "#fdca26"], [1.0, "#f0f921"]]}], "heatmapgl": [{"type": "heatmapgl", "colorbar": {"outlinewidth": 0, "ticks": ""}, "colorscale": [[0.0, "#0d0887"], [0.1111111111111111, "#46039f"], [0.2222222222222222, "#7201a8"], [0.3333333333333333, "#9c179e"], [0.4444444444444444, "#bd3786"], [0.5555555555555556, "#d8576b"], [0.6666666666666666, "#ed7953"], [0.7777777777777778, "#fb9f3a"], [0.8888888888888888, "#fdca26"], [1.0, "#f0f921"]]}], "contourcarpet": [{"type": "contourcarpet", "colorbar": {"outlinewidth": 0, "ticks": ""}}], "contour": [{"type": "contour", "colorbar": {"outlinewidth": 0, "ticks": ""}, "colorscale": [[0.0, "#0d0887"], [0.1111111111111111, "#46039f"], [0.2222222222222222, "#7201a8"], [0.3333333333333333, "#9c179e"], [0.4444444444444444, "#bd3786"], [0.5555555555555556, "#d8576b"], [0.6666666666666666, "#ed7953"], [0.7777777777777778, "#fb9f3a"], [0.8888888888888888, "#fdca26"], [1.0, "#f0f921"]]}], "surface": [{"type": "surface", "colorbar": {"outlinewidth": 0, "ticks": ""}, "colorscale": [[0.0, "#0d0887"], [0.1111111111111111, "#46039f"], [0.2222222222222222, "#7201a8"], [0.3333333333333333, "#9c179e"], [0.4444444444444444, "#bd3786"], [0.5555555555555556, "#d8576b"], [0.6666666666666666, "#ed7953"], [0.7777777777777778, "#fb9f3a"], [0.8888888888888888, "#fdca26"], [1.0, "#f0f921"]]}], "mesh3d": [{"type": "mesh3d", "colorbar": {"outlinewidth": 0, "ticks": ""}}], "scatter": [{"fillpattern": {"fillmode": "overlay", "size": 10, "solidity": 0.2}, "type": "scatter"}], "parcoords": [{"type": "parcoords", "line": {"colorbar": {"outlinewidth": 0, "ticks": ""}}}], "scatterpolargl": [{"type": "scatterpolargl", "marker": {"colorbar": {"outlinewidth": 0, "ticks": ""}}}], "bar": [{"error_x": {"color": "#2a3f5f"}, "error_y": {"color": "#2a3f5f"}, "marker": {"line": {"color": "#E5ECF6", "width": 0.5}, "pattern": {"fillmode": "overlay", "size": 10, "solidity": 0.2}}, "type": "bar"}], "scattergeo": [{"type": "scattergeo", "marker": {"colorbar": {"outlinewidth": 0, "ticks": ""}}}], "scatterpolar": [{"type": "scatterpolar", "marker": {"colorbar": {"outlinewidth": 0, "ticks": ""}}}], "histogram": [{"marker": {"pattern": {"fillmode": "overlay", "size": 10, "solidity": 0.2}}, "type": "histogram"}], "scattergl": [{"type": "scattergl", "marker": {"colorbar": {"outlinewidth": 0, "ticks": ""}}}], "scatter3d": [{"type": "scatter3d", "line": {"colorbar": {"outlinewidth": 0, "ticks": ""}}, "marker": {"colorbar": {"outlinewidth": 0, "ticks": ""}}}], "scattermapbox": [{"type": "scattermapbox", "marker": {"colorbar": {"outlinewidth": 0, "ticks": ""}}}], "scatterternary": [{"type": "scatterternary", "marker": {"colorbar": {"outlinewidth": 0, "ticks": ""}}}], "scattercarpet": [{"type": "scattercarpet", "marker": {"colorbar": {"outlinewidth": 0, "ticks": ""}}}], "carpet": [{"aaxis": {"endlinecolor": "#2a3f5f", "gridcolor": "white", "linecolor": "white", "minorgridcolor": "white", "startlinecolor": "#2a3f5f"}, "baxis": {"endlinecolor": "#2a3f5f", "gridcolor": "white", "linecolor": "white", "minorgridcolor": "white", "startlinecolor": "#2a3f5f"}, "type": "carpet"}], "table": [{"cells": {"fill": {"color": "#EBF0F8"}, "line": {"color": "white"}}, "header": {"fill": {"color": "#C8D4E3"}, "line": {"color": "white"}}, "type": "table"}], "barpolar": [{"marker": {"line": {"color": "#E5ECF6", "width": 0.5}, "pattern": {"fillmode": "overlay", "size": 10, "solidity": 0.2}}, "type": "barpolar"}], "pie": [{"automargin": true, "type": "pie"}]}, "layout": {"autotypenumbers": "strict", "colorway": ["#636efa", "#EF553B", "#00cc96", "#ab63fa", "#FFA15A", "#19d3f3", "#FF6692", "#B6E880", "#FF97FF", "#FECB52"], "font": {"color": "#2a3f5f"}, "hovermode": "closest", "hoverlabel": {"align": "left"}, "paper_bgcolor": "white", "plot_bgcolor": "#E5ECF6", "polar": {"bgcolor": "#E5ECF6", "angularaxis": {"gridcolor": "white", "linecolor": "white", "ticks": ""}, "radialaxis": {"gridcolor": "white", "linecolor": "white", "ticks": ""}}, "ternary": {"bgcolor": "#E5ECF6", "aaxis": {"gridcolor": "white", "linecolor": "white", "ticks": ""}, "baxis": {"gridcolor": "white", "linecolor": "white", "ticks": ""}, "caxis": {"gridcolor": "white", "linecolor": "white", "ticks": ""}}, "coloraxis": {"colorbar": {"outlinewidth": 0, "ticks": ""}}, "colorscale": {"sequential": [[0.0, "#0d0887"], [0.1111111111111111, "#46039f"], [0.2222222222222222, "#7201a8"], [0.3333333333333333, "#9c179e"], [0.4444444444444444, "#bd3786"], [0.5555555555555556, "#d8576b"], [0.6666666666666666, "#ed7953"], [0.7777777777777778, "#fb9f3a"], [0.8888888888888888, "#fdca26"], [1.0, "#f0f921"]], "sequentialminus": [[0.0, "#0d0887"], [0.1111111111111111, "#46039f"], [0.2222222222222222, "#7201a8"], [0.3333333333333333, "#9c179e"], [0.4444444444444444, "#bd3786"], [0.5555555555555556, "#d8576b"], [0.6666666666666666, "#ed7953"], [0.7777777777777778, "#fb9f3a"], [0.8888888888888888, "#fdca26"], [1.0, "#f0f921"]], "diverging": [[0, "#8e0152"], [0.1, "#c51b7d"], [0.2, "#de77ae"], [0.3, "#f1b6da"], [0.4, "#fde0ef"], [0.5, "#f7f7f7"], [0.6, "#e6f5d0"], [0.7, "#b8e186"], [0.8, "#7fbc41"], [0.9, "#4d9221"], [1, "#276419"]]}, "xaxis": {"gridcolor": "white", "linecolor": "white", "ticks": "", "title": {"standoff": 15}, "zerolinecolor": "white", "automargin": true, "zerolinewidth": 2}, "yaxis": {"gridcolor": "white", "linecolor": "white", "ticks": "", "title": {"standoff": 15}, "zerolinecolor": "white", "automargin": true, "zerolinewidth": 2}, "scene": {"xaxis": {"backgroundcolor": "#E5ECF6", "gridcolor": "white", "linecolor": "white", "showbackground": true, "ticks": "", "zerolinecolor": "white", "gridwidth": 2}, "yaxis": {"backgroundcolor": "#E5ECF6", "gridcolor": "white", "linecolor": "white", "showbackground": true, "ticks": "", "zerolinecolor": "white", "gridwidth": 2}, "zaxis": {"backgroundcolor": "#E5ECF6", "gridcolor": "white", "linecolor": "white", "showbackground": true, "ticks": "", "zerolinecolor": "white", "gridwidth": 2}}, "shapedefaults": {"line": {"color": "#2a3f5f"}}, "annotationdefaults": {"arrowcolor": "#2a3f5f", "arrowhead": 0, "arrowwidth": 1}, "geo": {"bgcolor": "white", "landcolor": "#E5ECF6", "subunitcolor": "white", "showland": true, "showlakes": true, "lakecolor": "white"}, "title": {"x": 0.05}, "mapbox": {"style": "light"}}}}}