{"data": [{"z": [[24.44602394104004, 0.5590116381645203, 0.8487247228622437, 0.03967396169900894, 2.183974027633667, 0.22202298045158386, -1.687079668045044, 3.772460699081421, -1.0476263761520386, -2.6021389961242676, 0.8895378112792969, 3.0522584915161133, 1.0649882555007935, 0.7760344743728638, 4.23459529876709, 0.6578413844108582, 4.38643217086792, -6.4404449462890625, -0.9828639030456543, 4.7347517013549805, -5.554589748382568], [0.5590116381645203, 17.1596736907959, -2.9861223697662354, 0.6656135320663452, -4.957557678222656, -4.536886692047119, 1.1587413549423218, -2.031748056411743, 1.3665761947631836, -3.3632969856262207, 0.8797844648361206, 4.539035320281982, 1.0091791152954102, -0.936328649520874, -1.3723489046096802, 1.3233166933059692, 0.8831169605255127, 2.5091118812561035, -0.7762534022331238, -3.5878658294677734, 2.4826807975769043], [0.8487247228622437, -2.9861223697662354, 22.523405075073242, 2.1152656078338623, 1.8487052917480469, -1.3612669706344604, 5.897897720336914, -7.792050361633301, 0.8709709048271179, 5.906147480010986, 0.8984644412994385, -9.701231002807617, 0.48243749141693115, 1.7950092554092407, 0.18282251060009003, 2.0550732612609863, 4.153751850128174, 4.710663318634033, 3.8050308227539062, -1.642073631286621, -7.671600341796875], [0.03967396169900894, 0.6656135320663452, 2.1152656078338623, 17.060009002685547, -1.4607033729553223, 0.1883082240819931, 3.9502365589141846, -2.4196109771728516, -4.459986209869385, 2.291682243347168, -4.662315368652344, 0.27770933508872986, 0.4993314743041992, -3.2201287746429443, 6.800629615783691, 3.327206611633301, -0.8362851142883301, 0.8626970052719116, 0.572094202041626, -0.6372467279434204, 6.351154327392578], [2.183974027633667, -4.957557678222656, 1.8487052917480469, -1.4607033729553223, 22.9390811920166, 2.141771078109741, 3.0922701358795166, 1.3933734893798828, 2.654043436050415, -0.26406562328338623, -0.6346612572669983, -3.727618455886841, -3.0090856552124023, 3.8664190769195557, 8.552217483520508, 0.6997166275978088, -2.1027324199676514, 1.5435781478881836, 1.00431489944458, 3.8083600997924805, -1.5195987224578857], [0.22202298045158386, -4.536886692047119, -1.3612669706344604, 0.1883082240819931, 2.141771078109741, 26.470184326171875, 5.615367889404297, -1.4923187494277954, 3.886892557144165, 3.7926864624023438, -2.6070706844329834, -7.469027519226074, -3.982752799987793, 2.1704349517822266, 6.102088928222656, -2.8812551498413086, -3.1547536849975586, -2.9063305854797363, 1.7210218906402588, -2.1000778675079346, -1.9440948963165283], [-1.687079668045044, 1.1587413549423218, 5.897897720336914, 3.9502365589141846, 3.0922701358795166, 5.615367889404297, 15.680448532104492, -3.6495723724365234, 4.445699691772461, -1.2626123428344727, -4.13146448135376, -4.944607734680176, -2.605154275894165, 0.689940333366394, 3.6893162727355957, -2.3477742671966553, 1.7208099365234375, 4.141507148742676, 0.24332928657531738, 0.5279039740562439, -1.9544637203216553], [3.772460699081421, -2.031748056411743, -7.792050361633301, -2.4196109771728516, 1.3933734893798828, -1.4923187494277954, -3.6495723724365234, 23.542909622192383, 4.308359622955322, -4.075701713562012, 1.8470888137817383, 4.523927688598633, 1.7711327075958252, -7.1744561195373535, 1.4287909269332886, -3.6378204822540283, 3.5489425659179688, -0.6258535385131836, -4.355541229248047, 6.259235858917236, -1.5034289360046387], [-1.0476263761520386, 1.3665761947631836, 0.8709709048271179, -4.459986209869385, 2.654043436050415, 3.886892557144165, 4.445699691772461, 4.308359622955322, 15.036157608032227, 0.9615053534507751, -0.6939675211906433, -5.635645389556885, -3.9348936080932617, 2.2903270721435547, -2.7899327278137207, -4.304704189300537, 2.6143174171447754, -0.9006460905075073, -1.045335292816162, 1.706587791442871, 0.12795808911323547], [-2.6021389961242676, -3.3632969856262207, 5.906147480010986, 2.291682243347168, -0.26406562328338623, 3.7926864624023438, -1.2626123428344727, -4.075701713562012, 0.9615053534507751, 19.071855545043945, -3.2738592624664307, -4.432509422302246, 2.519730806350708, 2.6064651012420654, 4.083477973937988, 1.6938766241073608, 1.2885632514953613, -5.420513153076172, 0.9508657455444336, -2.025698661804199, 6.56011438369751], [0.8895378112792969, 0.8797844648361206, 0.8984644412994385, -4.662315368652344, -0.6346612572669983, -2.6070706844329834, -4.13146448135376, 1.8470888137817383, -0.6939675211906433, -3.2738592624664307, 22.451831817626953, -4.026261329650879, 2.8339695930480957, -1.725728154182434, -4.512966156005859, -1.128647804260254, 1.3987665176391602, -2.5368895530700684, -0.7155239582061768, 2.756495952606201, -2.8114466667175293], [3.0522584915161133, 4.539035320281982, -9.701231002807617, 0.27770933508872986, -3.727618455886841, -7.469027519226074, -4.944607734680176, 4.523927688598633, -5.635645389556885, -4.432509422302246, -4.026261329650879, 28.51494789123535, -1.519893765449524, 3.1944477558135986, 5.877901077270508, 4.172544956207275, -3.9349770545959473, -1.8354294300079346, 5.280889987945557, 0.8417026996612549, 1.4257742166519165], [1.0649882555007935, 1.0091791152954102, 0.48243749141693115, 0.4993314743041992, -3.0090856552124023, -3.982752799987793, -2.605154275894165, 1.7711327075958252, -3.9348936080932617, 2.519730806350708, 2.8339695930480957, -1.519893765449524, 15.879229545593262, -5.5134124755859375, -2.1914360523223877, 3.90449857711792, 3.13628888130188, 6.260038375854492, 6.746152877807617, 1.433722972869873, 0.6704157590866089], [0.7760344743728638, -0.936328649520874, 1.7950092554092407, -3.2201287746429443, 3.8664190769195557, 2.1704349517822266, 0.689940333366394, -7.1744561195373535, 2.2903270721435547, 2.6064651012420654, -1.725728154182434, 3.1944477558135986, -5.5134124755859375, 16.978376388549805, -0.0072730528190732, 0.4029008150100708, -4.639747619628906, 0.09497082233428955, 0.5299382209777832, -3.7029948234558105, 0.22821976244449615], [4.23459529876709, -1.3723489046096802, 0.18282251060009003, 6.800629615783691, 8.552217483520508, 6.102088928222656, 3.6893162727355957, 1.4287909269332886, -2.7899327278137207, 4.083477973937988, -4.512966156005859, 5.877901077270508, -2.1914360523223877, -0.0072730528190732, 24.657886505126953, 3.8682374954223633, -2.784268617630005, -10.829278945922852, 3.211965799331665, 3.790769577026367, -6.184900760650635], [0.6578413844108582, 1.3233166933059692, 2.0550732612609863, 3.327206611633301, 0.6997166275978088, -2.8812551498413086, -2.3477742671966553, -3.6378204822540283, -4.304704189300537, 1.6938766241073608, -1.128647804260254, 4.172544956207275, 3.90449857711792, 0.4029008150100708, 3.8682374954223633, 16.651180267333984, -1.5215513706207275, -6.874993324279785, 5.549437522888184, -3.9299471378326416, -5.868424415588379], [4.386431694030762, 0.8831164240837097, 4.153751850128174, -0.8362851142883301, -2.1027326583862305, -3.154752492904663, 1.7208101749420166, 3.548942804336548, 2.6143171787261963, 1.2885631322860718, 1.3987666368484497, -3.9349770545959473, 3.136289119720459, -4.639747619628906, -2.784268617630005, -1.5215513706207275, 19.688865661621094, 2.7277865409851074, -2.0027151107788086, -0.5161519050598145, -3.135740041732788], [-6.4404449462890625, 2.5091121196746826, 4.710663318634033, 0.8626968264579773, 1.5435786247253418, -2.9063310623168945, 4.141506671905518, -0.6258531808853149, -0.9006458520889282, -5.4205121994018555, -2.5368902683258057, -1.8354294300079346, 6.260038375854492, 0.09497072547674179, -10.829278945922852, -6.874992370605469, 2.7277865409851074, 33.22767639160156, 3.482219696044922, -3.6976797580718994, 0.6459439992904663], [-0.9828637838363647, -0.7762532234191895, 3.8050312995910645, 0.5720940232276917, 1.0043156147003174, 1.7210215330123901, 0.24332933127880096, -4.355540752410889, -1.0453354120254517, 0.9508662223815918, -0.7155238389968872, 5.280890941619873, 6.746153354644775, 0.5299384593963623, 3.211965560913086, 5.549437999725342, -2.0027151107788086, 3.482219696044922, 25.262882232666016, -0.9372059106826782, -1.6090097427368164], [4.7347517013549805, -3.5878658294677734, -1.6420745849609375, -0.6372467279434204, 3.8083605766296387, -2.1000776290893555, 0.5279039144515991, 6.2592363357543945, 1.706587791442871, -2.0256989002227783, 2.7564961910247803, 0.8417021632194519, 1.433722972869873, -3.7029950618743896, 3.790769577026367, -3.9299476146698, -0.5161519050598145, -3.6976797580718994, -0.9372059106826782, 19.311626434326172, -1.7095056772232056], [-5.55458927154541, 2.4826807975769043, -7.671600818634033, 6.351153373718262, -1.519599199295044, -1.9440948963165283, -1.9544637203216553, -1.5034284591674805, 0.12795811891555786, 6.56011438369751, -2.8114469051361084, 1.425774097442627, 0.6704157590866089, 0.22821950912475586, -6.184900283813477, -5.868423938751221, -3.135740041732788, 0.6459436416625977, -1.6090099811553955, -1.7095057964324951, 26.11185073852539]], "type": "heatmap"}], "layout": {"template": {"data": {"histogram2dcontour": [{"type": "histogram2dcontour", "colorbar": {"outlinewidth": 0, "ticks": ""}, "colorscale": [[0.0, "#0d0887"], [0.1111111111111111, "#46039f"], [0.2222222222222222, "#7201a8"], [0.3333333333333333, "#9c179e"], [0.4444444444444444, "#bd3786"], [0.5555555555555556, "#d8576b"], [0.6666666666666666, "#ed7953"], [0.7777777777777778, "#fb9f3a"], [0.8888888888888888, "#fdca26"], [1.0, "#f0f921"]]}], "choropleth": [{"type": "choropleth", "colorbar": {"outlinewidth": 0, "ticks": ""}}], "histogram2d": [{"type": "histogram2d", "colorbar": {"outlinewidth": 0, "ticks": ""}, "colorscale": [[0.0, "#0d0887"], [0.1111111111111111, "#46039f"], [0.2222222222222222, "#7201a8"], [0.3333333333333333, "#9c179e"], [0.4444444444444444, "#bd3786"], [0.5555555555555556, "#d8576b"], [0.6666666666666666, "#ed7953"], [0.7777777777777778, "#fb9f3a"], [0.8888888888888888, "#fdca26"], [1.0, "#f0f921"]]}], "heatmap": [{"type": "heatmap", "colorbar": {"outlinewidth": 0, "ticks": ""}, "colorscale": [[0.0, "#0d0887"], [0.1111111111111111, "#46039f"], [0.2222222222222222, "#7201a8"], [0.3333333333333333, "#9c179e"], [0.4444444444444444, "#bd3786"], [0.5555555555555556, "#d8576b"], [0.6666666666666666, "#ed7953"], [0.7777777777777778, "#fb9f3a"], [0.8888888888888888, "#fdca26"], [1.0, "#f0f921"]]}], "heatmapgl": [{"type": "heatmapgl", "colorbar": {"outlinewidth": 0, "ticks": ""}, "colorscale": [[0.0, "#0d0887"], [0.1111111111111111, "#46039f"], [0.2222222222222222, "#7201a8"], [0.3333333333333333, "#9c179e"], [0.4444444444444444, "#bd3786"], [0.5555555555555556, "#d8576b"], [0.6666666666666666, "#ed7953"], [0.7777777777777778, "#fb9f3a"], [0.8888888888888888, "#fdca26"], [1.0, "#f0f921"]]}], "contourcarpet": [{"type": "contourcarpet", "colorbar": {"outlinewidth": 0, "ticks": ""}}], "contour": [{"type": "contour", "colorbar": {"outlinewidth": 0, "ticks": ""}, "colorscale": [[0.0, "#0d0887"], [0.1111111111111111, "#46039f"], [0.2222222222222222, "#7201a8"], [0.3333333333333333, "#9c179e"], [0.4444444444444444, "#bd3786"], [0.5555555555555556, "#d8576b"], [0.6666666666666666, "#ed7953"], [0.7777777777777778, "#fb9f3a"], [0.8888888888888888, "#fdca26"], [1.0, "#f0f921"]]}], "surface": [{"type": "surface", "colorbar": {"outlinewidth": 0, "ticks": ""}, "colorscale": [[0.0, "#0d0887"], [0.1111111111111111, "#46039f"], [0.2222222222222222, "#7201a8"], [0.3333333333333333, "#9c179e"], [0.4444444444444444, "#bd3786"], [0.5555555555555556, "#d8576b"], [0.6666666666666666, "#ed7953"], [0.7777777777777778, "#fb9f3a"], [0.8888888888888888, "#fdca26"], [1.0, "#f0f921"]]}], "mesh3d": [{"type": "mesh3d", "colorbar": {"outlinewidth": 0, "ticks": ""}}], "scatter": [{"fillpattern": {"fillmode": "overlay", "size": 10, "solidity": 0.2}, "type": "scatter"}], "parcoords": [{"type": "parcoords", "line": {"colorbar": {"outlinewidth": 0, "ticks": ""}}}], "scatterpolargl": [{"type": "scatterpolargl", "marker": {"colorbar": {"outlinewidth": 0, "ticks": ""}}}], "bar": [{"error_x": {"color": "#2a3f5f"}, "error_y": {"color": "#2a3f5f"}, "marker": {"line": {"color": "#E5ECF6", "width": 0.5}, "pattern": {"fillmode": "overlay", "size": 10, "solidity": 0.2}}, "type": "bar"}], "scattergeo": [{"type": "scattergeo", "marker": {"colorbar": {"outlinewidth": 0, "ticks": ""}}}], "scatterpolar": [{"type": "scatterpolar", "marker": {"colorbar": {"outlinewidth": 0, "ticks": ""}}}], "histogram": [{"marker": {"pattern": {"fillmode": "overlay", "size": 10, "solidity": 0.2}}, "type": "histogram"}], "scattergl": [{"type": "scattergl", "marker": {"colorbar": {"outlinewidth": 0, "ticks": ""}}}], "scatter3d": [{"type": "scatter3d", "line": {"colorbar": {"outlinewidth": 0, "ticks": ""}}, "marker": {"colorbar": {"outlinewidth": 0, "ticks": ""}}}], "scattermapbox": [{"type": "scattermapbox", "marker": {"colorbar": {"outlinewidth": 0, "ticks": ""}}}], "scatterternary": [{"type": "scatterternary", "marker": {"colorbar": {"outlinewidth": 0, "ticks": ""}}}], "scattercarpet": [{"type": "scattercarpet", "marker": {"colorbar": {"outlinewidth": 0, "ticks": ""}}}], "carpet": [{"aaxis": {"endlinecolor": "#2a3f5f", "gridcolor": "white", "linecolor": "white", "minorgridcolor": "white", "startlinecolor": "#2a3f5f"}, "baxis": {"endlinecolor": "#2a3f5f", "gridcolor": "white", "linecolor": "white", "minorgridcolor": "white", "startlinecolor": "#2a3f5f"}, "type": "carpet"}], "table": [{"cells": {"fill": {"color": "#EBF0F8"}, "line": {"color": "white"}}, "header": {"fill": {"color": "#C8D4E3"}, "line": {"color": "white"}}, "type": "table"}], "barpolar": [{"marker": {"line": {"color": "#E5ECF6", "width": 0.5}, "pattern": {"fillmode": "overlay", "size": 10, "solidity": 0.2}}, "type": "barpolar"}], "pie": [{"automargin": true, "type": "pie"}]}, "layout": {"autotypenumbers": "strict", "colorway": ["#636efa", "#EF553B", "#00cc96", "#ab63fa", "#FFA15A", "#19d3f3", "#FF6692", "#B6E880", "#FF97FF", "#FECB52"], "font": {"color": "#2a3f5f"}, "hovermode": "closest", "hoverlabel": {"align": "left"}, "paper_bgcolor": "white", "plot_bgcolor": "#E5ECF6", "polar": {"bgcolor": "#E5ECF6", "angularaxis": {"gridcolor": "white", "linecolor": "white", "ticks": ""}, "radialaxis": {"gridcolor": "white", "linecolor": "white", "ticks": ""}}, "ternary": {"bgcolor": "#E5ECF6", "aaxis": {"gridcolor": "white", "linecolor": "white", "ticks": ""}, "baxis": {"gridcolor": "white", "linecolor": "white", "ticks": ""}, "caxis": {"gridcolor": "white", "linecolor": "white", "ticks": ""}}, "coloraxis": {"colorbar": {"outlinewidth": 0, "ticks": ""}}, "colorscale": {"sequential": [[0.0, "#0d0887"], [0.1111111111111111, "#46039f"], [0.2222222222222222, "#7201a8"], [0.3333333333333333, "#9c179e"], [0.4444444444444444, "#bd3786"], [0.5555555555555556, "#d8576b"], [0.6666666666666666, "#ed7953"], [0.7777777777777778, "#fb9f3a"], [0.8888888888888888, "#fdca26"], [1.0, "#f0f921"]], "sequentialminus": [[0.0, "#0d0887"], [0.1111111111111111, "#46039f"], [0.2222222222222222, "#7201a8"], [0.3333333333333333, "#9c179e"], [0.4444444444444444, "#bd3786"], [0.5555555555555556, "#d8576b"], [0.6666666666666666, "#ed7953"], [0.7777777777777778, "#fb9f3a"], [0.8888888888888888, "#fdca26"], [1.0, "#f0f921"]], "diverging": [[0, "#8e0152"], [0.1, "#c51b7d"], [0.2, "#de77ae"], [0.3, "#f1b6da"], [0.4, "#fde0ef"], [0.5, "#f7f7f7"], [0.6, "#e6f5d0"], [0.7, "#b8e186"], [0.8, "#7fbc41"], [0.9, "#4d9221"], [1, "#276419"]]}, "xaxis": {"gridcolor": "white", "linecolor": "white", "ticks": "", "title": {"standoff": 15}, "zerolinecolor": "white", "automargin": true, "zerolinewidth": 2}, "yaxis": {"gridcolor": "white", "linecolor": "white", "ticks": "", "title": {"standoff": 15}, "zerolinecolor": "white", "automargin": true, "zerolinewidth": 2}, "scene": {"xaxis": {"backgroundcolor": "#E5ECF6", "gridcolor": "white", "linecolor": "white", "showbackground": true, "ticks": "", "zerolinecolor": "white", "gridwidth": 2}, "yaxis": {"backgroundcolor": "#E5ECF6", "gridcolor": "white", "linecolor": "white", "showbackground": true, "ticks": "", "zerolinecolor": "white", "gridwidth": 2}, "zaxis": {"backgroundcolor": "#E5ECF6", "gridcolor": "white", "linecolor": "white", "showbackground": true, "ticks": "", "zerolinecolor": "white", "gridwidth": 2}}, "shapedefaults": {"line": {"color": "#2a3f5f"}}, "annotationdefaults": {"arrowcolor": "#2a3f5f", "arrowhead": 0, "arrowwidth": 1}, "geo": {"bgcolor": "white", "landcolor": "#E5ECF6", "subunitcolor": "white", "showland": true, "showlakes": true, "lakecolor": "white"}, "title": {"x": 0.05}, "mapbox": {"style": "light"}}}}}