{"data": [{"z": [[25.23986053466797, 0.6425002217292786, 0.9448007345199585, 0.08557426184415817, 2.3322231769561768, 0.30189675092697144, -1.6903663873672485, 3.9297592639923096, -1.0498847961425781, -2.589431047439575, 0.990510880947113, 3.1056668758392334, 1.0693494081497192, 0.7198571562767029, 4.382235527038574, 0.6797046065330505, 4.695797443389893, -6.659598350524902, -1.0421500205993652, 4.911667823791504, -5.703918933868408], [0.6425002217292786, 17.874998092651367, -3.302814483642578, 0.7726618051528931, -5.043797016143799, -4.775918006896973, 1.1712697744369507, -1.905824065208435, 1.324527621269226, -3.608870267868042, 0.917191207408905, 4.758203983306885, 1.128686785697937, -1.0992523431777954, -1.3692429065704346, 1.3440672159194946, 1.1314167976379395, 2.8613333702087402, -0.9189091920852661, -3.5830166339874268, 2.38369083404541], [0.9448007345199585, -3.302814483642578, 23.557126998901367, 2.0952272415161133, 1.9850146770477295, -1.0826529264450073, 6.010611534118652, -8.273151397705078, 0.9164105653762817, 6.394720554351807, 0.9052541255950928, -10.101491928100586, 0.44357821345329285, 2.048546552658081, 0.25689658522605896, 2.3178443908691406, 3.8371095657348633, 4.631744384765625, 4.138009071350098, -1.7189643383026123, -7.842627048492432], [0.08557426184415817, 0.7726618051528931, 2.0952272415161133, 17.78182601928711, -1.3027143478393555, 0.12476253509521484, 4.062701225280762, -2.208513021469116, -4.638944625854492, 2.3298983573913574, -4.643965721130371, 0.5255434513092041, 0.5989442467689514, -3.4168694019317627, 7.1366987228393555, 3.5150411128997803, -0.7328181266784668, 0.9043151140213013, 0.5712007284164429, -0.36843371391296387, 6.380954265594482], [2.3322231769561768, -5.043797016143799, 1.9850146770477295, -1.3027143478393555, 23.754701614379883, 2.3120412826538086, 3.3869528770446777, 1.44019615650177, 2.7228879928588867, -0.24175558984279633, -0.2994218170642853, -3.6506118774414062, -2.8611319065093994, 4.020883083343506, 8.997821807861328, 0.8347566723823547, -2.064558982849121, 1.6083247661590576, 1.2745192050933838, 4.110982894897461, -1.5404483079910278], [0.30189675092697144, -4.775918006896973, -1.0826529264450073, 0.12476253509521484, 2.3120412826538086, 27.171762466430664, 5.741175651550293, -1.7370402812957764, 3.9983556270599365, 4.106154441833496, -2.526669502258301, -7.603202819824219, -3.8847756385803223, 2.676095724105835, 6.248719215393066, -2.630767583847046, -3.455808162689209, -3.0081849098205566, 2.060173988342285, -2.1793336868286133, -2.0289101600646973], [-1.6903663873672485, 1.1712697744369507, 6.010611534118652, 4.062701225280762, 3.3869528770446777, 5.741175651550293, 16.022146224975586, -3.5545654296875, 4.57765531539917, -1.238303780555725, -4.158730506896973, -4.957485675811768, -2.638697624206543, 0.7020810842514038, 3.9596123695373535, -2.4525504112243652, 1.8278512954711914, 4.34228515625, 0.33117616176605225, 0.7377421259880066, -2.0106937885284424], [3.9297592639923096, -1.905824065208435, -8.273151397705078, -2.208513021469116, 1.44019615650177, -1.7370402812957764, -3.5545654296875, 24.53961944580078, 4.546877384185791, -4.399102210998535, 1.9199167490005493, 4.845664978027344, 1.7256633043289185, -7.711649417877197, 1.6667534112930298, -3.799449920654297, 4.041078567504883, -0.6930124759674072, -4.7054901123046875, 6.661827564239502, -1.6591237783432007], [-1.0498847961425781, 1.324527621269226, 0.9164105653762817, -4.638944625854492, 2.7228879928588867, 3.9983556270599365, 4.57765531539917, 4.546877384185791, 15.609935760498047, 0.9535620212554932, -0.6797182559967041, -5.822386264801025, -4.077378273010254, 2.451813220977783, -2.804064989089966, -4.367433547973633, 2.813070297241211, -0.9325482845306396, -1.2989518642425537, 1.815735101699829, -0.032605282962322235], [-2.589431047439575, -3.608870267868042, 6.394720554351807, 2.3298983573913574, -0.24175558984279633, 4.106154441833496, -1.238303780555725, -4.399102210998535, 0.9535620212554932, 19.69257164001465, -3.343900442123413, -4.487734794616699, 2.5340030193328857, 2.9034979343414307, 4.323424339294434, 1.9051467180252075, 1.1692476272583008, -5.743462562561035, 1.2006757259368896, -2.114105224609375, 6.5357985496521], [0.990510880947113, 0.917191207408905, 0.9052541255950928, -4.643965721130371, -0.2994218170642853, -2.526669502258301, -4.158730506896973, 1.9199167490005493, -0.6797182559967041, -3.343900442123413, 23.382402420043945, -3.8659274578094482, 3.2005536556243896, -1.7073887586593628, -4.398343086242676, -0.9079294204711914, 1.373753547668457, -2.6079444885253906, -0.5345382690429688, 3.006800889968872, -2.8104772567749023], [3.1056668758392334, 4.758203983306885, -10.101491928100586, 0.5255434513092041, -3.6506118774414062, -7.603202819824219, -4.957485675811768, 4.845664978027344, -5.822386264801025, -4.487734794616699, -3.8659274578094482, 29.292455673217773, -1.434288740158081, 3.226033926010132, 6.244491100311279, 4.413761615753174, -3.785414218902588, -1.991448163986206, 5.4715752601623535, 1.0904537439346313, 1.362563967704773], [1.0693494081497192, 1.128686785697937, 0.44357821345329285, 0.5989442467689514, -2.8611319065093994, -3.8847756385803223, -2.638697624206543, 1.7256633043289185, -4.077378273010254, 2.5340030193328857, 3.2005536556243896, -1.434288740158081, 16.562911987304688, -5.506228923797607, -2.2340455055236816, 4.158129692077637, 3.1323366165161133, 6.574278831481934, 7.153094291687012, 1.48280668258667, 0.6930088996887207], [0.7198571562767029, -1.0992523431777954, 2.048546552658081, -3.4168694019317627, 4.020883083343506, 2.676095724105835, 0.7020810842514038, -7.711649417877197, 2.451813220977783, 2.9034979343414307, -1.7073887586593628, 3.226033926010132, -5.506228923797607, 17.971593856811523, -0.050854526460170746, 0.6095678210258484, -5.116384506225586, 0.12676799297332764, 0.8019881248474121, -3.8599281311035156, 0.24294857680797577], [4.382235527038574, -1.3692429065704346, 0.25689658522605896, 7.1366987228393555, 8.997821807861328, 6.248719215393066, 3.9596123695373535, 1.6667534112930298, -2.804064989089966, 4.323424339294434, -4.398343086242676, 6.244491100311279, -2.2340455055236816, -0.050854526460170746, 25.306194305419922, 4.031859874725342, -2.623861074447632, -11.146308898925781, 3.389838457107544, 4.112424850463867, -6.264581203460693], [0.6797046065330505, 1.3440672159194946, 2.3178443908691406, 3.5150411128997803, 0.8347566723823547, -2.630767583847046, -2.4525504112243652, -3.799449920654297, -4.367433547973633, 1.9051467180252075, -0.9079294204711914, 4.413761615753174, 4.158129692077637, 0.6095678210258484, 4.031859874725342, 17.29938316345215, -1.5756056308746338, -7.255677223205566, 5.88557243347168, -3.9256341457366943, -5.946165561676025], [4.695796966552734, 1.1314173936843872, 3.8371100425720215, -0.7328184843063354, -2.0645594596862793, -3.455808639526367, 1.8278511762619019, 4.041078567504883, 2.813070058822632, 1.1692472696304321, 1.3737540245056152, -3.7854135036468506, 3.1323366165161133, -5.116384506225586, -2.6238605976104736, -1.575606107711792, 20.53359603881836, 2.652953624725342, -2.1965746879577637, -0.21543055772781372, -3.2330915927886963], [-6.659597873687744, 2.861332893371582, 4.631744384765625, 0.9043155312538147, 1.6083239316940308, -3.0081839561462402, 4.342284202575684, -0.6930125951766968, -0.9325482845306396, -5.743461608886719, -2.6079442501068115, -1.9914478063583374, 6.574279308319092, 0.1267676204442978, -11.146307945251465, -7.255676746368408, 2.652953624725342, 34.49346160888672, 3.4799699783325195, -3.7902839183807373, 0.7141302824020386], [-1.0421500205993652, -0.9189092516899109, 4.1380085945129395, 0.5712010264396667, 1.2745188474655151, 2.0601742267608643, 0.33117610216140747, -4.705491065979004, -1.298951268196106, 1.2006760835647583, -0.5345380306243896, 5.471574783325195, 7.15309476852417, 0.801988422870636, 3.389838218688965, 5.885573387145996, -2.1965746879577637, 3.4799699783325195, 25.99728012084961, -0.9043684005737305, -1.5910838842391968], [4.9116692543029785, -3.5830161571502686, -1.7189642190933228, -0.36843380331993103, 4.110982894897461, -2.1793346405029297, 0.7377421855926514, 6.661827564239502, 1.8157353401184082, -2.114105224609375, 3.006800889968872, 1.0904537439346313, 1.48280668258667, -3.8599281311035156, 4.112424373626709, -3.9256341457366943, -0.21543055772781372, -3.7902839183807373, -0.9043684005737305, 19.880584716796875, -1.7656059265136719], [-5.70391845703125, 2.38369083404541, -7.842626571655273, 6.380955696105957, -1.5404481887817383, -2.0289101600646973, -2.0106935501098633, -1.6591243743896484, -0.03260529041290283, 6.535799503326416, -2.810476779937744, 1.362564206123352, 0.6930094957351685, 0.2429487705230713, -6.264580726623535, -5.946166038513184, -3.2330920696258545, 0.714130163192749, -1.5910835266113281, -1.765606164932251, 26.11185073852539]], "type": "heatmap"}], "layout": {"template": {"data": {"histogram2dcontour": [{"type": "histogram2dcontour", "colorbar": {"outlinewidth": 0, "ticks": ""}, "colorscale": [[0.0, "#0d0887"], [0.1111111111111111, "#46039f"], [0.2222222222222222, "#7201a8"], [0.3333333333333333, "#9c179e"], [0.4444444444444444, "#bd3786"], [0.5555555555555556, "#d8576b"], [0.6666666666666666, "#ed7953"], [0.7777777777777778, "#fb9f3a"], [0.8888888888888888, "#fdca26"], [1.0, "#f0f921"]]}], "choropleth": [{"type": "choropleth", "colorbar": {"outlinewidth": 0, "ticks": ""}}], "histogram2d": [{"type": "histogram2d", "colorbar": {"outlinewidth": 0, "ticks": ""}, "colorscale": [[0.0, "#0d0887"], [0.1111111111111111, "#46039f"], [0.2222222222222222, "#7201a8"], [0.3333333333333333, "#9c179e"], [0.4444444444444444, "#bd3786"], [0.5555555555555556, "#d8576b"], [0.6666666666666666, "#ed7953"], [0.7777777777777778, "#fb9f3a"], [0.8888888888888888, "#fdca26"], [1.0, "#f0f921"]]}], "heatmap": [{"type": "heatmap", "colorbar": {"outlinewidth": 0, "ticks": ""}, "colorscale": [[0.0, "#0d0887"], [0.1111111111111111, "#46039f"], [0.2222222222222222, "#7201a8"], [0.3333333333333333, "#9c179e"], [0.4444444444444444, "#bd3786"], [0.5555555555555556, "#d8576b"], [0.6666666666666666, "#ed7953"], [0.7777777777777778, "#fb9f3a"], [0.8888888888888888, "#fdca26"], [1.0, "#f0f921"]]}], "heatmapgl": [{"type": "heatmapgl", "colorbar": {"outlinewidth": 0, "ticks": ""}, "colorscale": [[0.0, "#0d0887"], [0.1111111111111111, "#46039f"], [0.2222222222222222, "#7201a8"], [0.3333333333333333, "#9c179e"], [0.4444444444444444, "#bd3786"], [0.5555555555555556, "#d8576b"], [0.6666666666666666, "#ed7953"], [0.7777777777777778, "#fb9f3a"], [0.8888888888888888, "#fdca26"], [1.0, "#f0f921"]]}], "contourcarpet": [{"type": "contourcarpet", "colorbar": {"outlinewidth": 0, "ticks": ""}}], "contour": [{"type": "contour", "colorbar": {"outlinewidth": 0, "ticks": ""}, "colorscale": [[0.0, "#0d0887"], [0.1111111111111111, "#46039f"], [0.2222222222222222, "#7201a8"], [0.3333333333333333, "#9c179e"], [0.4444444444444444, "#bd3786"], [0.5555555555555556, "#d8576b"], [0.6666666666666666, "#ed7953"], [0.7777777777777778, "#fb9f3a"], [0.8888888888888888, "#fdca26"], [1.0, "#f0f921"]]}], "surface": [{"type": "surface", "colorbar": {"outlinewidth": 0, "ticks": ""}, "colorscale": [[0.0, "#0d0887"], [0.1111111111111111, "#46039f"], [0.2222222222222222, "#7201a8"], [0.3333333333333333, "#9c179e"], [0.4444444444444444, "#bd3786"], [0.5555555555555556, "#d8576b"], [0.6666666666666666, "#ed7953"], [0.7777777777777778, "#fb9f3a"], [0.8888888888888888, "#fdca26"], [1.0, "#f0f921"]]}], "mesh3d": [{"type": "mesh3d", "colorbar": {"outlinewidth": 0, "ticks": ""}}], "scatter": [{"fillpattern": {"fillmode": "overlay", "size": 10, "solidity": 0.2}, "type": "scatter"}], "parcoords": [{"type": "parcoords", "line": {"colorbar": {"outlinewidth": 0, "ticks": ""}}}], "scatterpolargl": [{"type": "scatterpolargl", "marker": {"colorbar": {"outlinewidth": 0, "ticks": ""}}}], "bar": [{"error_x": {"color": "#2a3f5f"}, "error_y": {"color": "#2a3f5f"}, "marker": {"line": {"color": "#E5ECF6", "width": 0.5}, "pattern": {"fillmode": "overlay", "size": 10, "solidity": 0.2}}, "type": "bar"}], "scattergeo": [{"type": "scattergeo", "marker": {"colorbar": {"outlinewidth": 0, "ticks": ""}}}], "scatterpolar": [{"type": "scatterpolar", "marker": {"colorbar": {"outlinewidth": 0, "ticks": ""}}}], "histogram": [{"marker": {"pattern": {"fillmode": "overlay", "size": 10, "solidity": 0.2}}, "type": "histogram"}], "scattergl": [{"type": "scattergl", "marker": {"colorbar": {"outlinewidth": 0, "ticks": ""}}}], "scatter3d": [{"type": "scatter3d", "line": {"colorbar": {"outlinewidth": 0, "ticks": ""}}, "marker": {"colorbar": {"outlinewidth": 0, "ticks": ""}}}], "scattermapbox": [{"type": "scattermapbox", "marker": {"colorbar": {"outlinewidth": 0, "ticks": ""}}}], "scatterternary": [{"type": "scatterternary", "marker": {"colorbar": {"outlinewidth": 0, "ticks": ""}}}], "scattercarpet": [{"type": "scattercarpet", "marker": {"colorbar": {"outlinewidth": 0, "ticks": ""}}}], "carpet": [{"aaxis": {"endlinecolor": "#2a3f5f", "gridcolor": "white", "linecolor": "white", "minorgridcolor": "white", "startlinecolor": "#2a3f5f"}, "baxis": {"endlinecolor": "#2a3f5f", "gridcolor": "white", "linecolor": "white", "minorgridcolor": "white", "startlinecolor": "#2a3f5f"}, "type": "carpet"}], "table": [{"cells": {"fill": {"color": "#EBF0F8"}, "line": {"color": "white"}}, "header": {"fill": {"color": "#C8D4E3"}, "line": {"color": "white"}}, "type": "table"}], "barpolar": [{"marker": {"line": {"color": "#E5ECF6", "width": 0.5}, "pattern": {"fillmode": "overlay", "size": 10, "solidity": 0.2}}, "type": "barpolar"}], "pie": [{"automargin": true, "type": "pie"}]}, "layout": {"autotypenumbers": "strict", "colorway": ["#636efa", "#EF553B", "#00cc96", "#ab63fa", "#FFA15A", "#19d3f3", "#FF6692", "#B6E880", "#FF97FF", "#FECB52"], "font": {"color": "#2a3f5f"}, "hovermode": "closest", "hoverlabel": {"align": "left"}, "paper_bgcolor": "white", "plot_bgcolor": "#E5ECF6", "polar": {"bgcolor": "#E5ECF6", "angularaxis": {"gridcolor": "white", "linecolor": "white", "ticks": ""}, "radialaxis": {"gridcolor": "white", "linecolor": "white", "ticks": ""}}, "ternary": {"bgcolor": "#E5ECF6", "aaxis": {"gridcolor": "white", "linecolor": "white", "ticks": ""}, "baxis": {"gridcolor": "white", "linecolor": "white", "ticks": ""}, "caxis": {"gridcolor": "white", "linecolor": "white", "ticks": ""}}, "coloraxis": {"colorbar": {"outlinewidth": 0, "ticks": ""}}, "colorscale": {"sequential": [[0.0, "#0d0887"], [0.1111111111111111, "#46039f"], [0.2222222222222222, "#7201a8"], [0.3333333333333333, "#9c179e"], [0.4444444444444444, "#bd3786"], [0.5555555555555556, "#d8576b"], [0.6666666666666666, "#ed7953"], [0.7777777777777778, "#fb9f3a"], [0.8888888888888888, "#fdca26"], [1.0, "#f0f921"]], "sequentialminus": [[0.0, "#0d0887"], [0.1111111111111111, "#46039f"], [0.2222222222222222, "#7201a8"], [0.3333333333333333, "#9c179e"], [0.4444444444444444, "#bd3786"], [0.5555555555555556, "#d8576b"], [0.6666666666666666, "#ed7953"], [0.7777777777777778, "#fb9f3a"], [0.8888888888888888, "#fdca26"], [1.0, "#f0f921"]], "diverging": [[0, "#8e0152"], [0.1, "#c51b7d"], [0.2, "#de77ae"], [0.3, "#f1b6da"], [0.4, "#fde0ef"], [0.5, "#f7f7f7"], [0.6, "#e6f5d0"], [0.7, "#b8e186"], [0.8, "#7fbc41"], [0.9, "#4d9221"], [1, "#276419"]]}, "xaxis": {"gridcolor": "white", "linecolor": "white", "ticks": "", "title": {"standoff": 15}, "zerolinecolor": "white", "automargin": true, "zerolinewidth": 2}, "yaxis": {"gridcolor": "white", "linecolor": "white", "ticks": "", "title": {"standoff": 15}, "zerolinecolor": "white", "automargin": true, "zerolinewidth": 2}, "scene": {"xaxis": {"backgroundcolor": "#E5ECF6", "gridcolor": "white", "linecolor": "white", "showbackground": true, "ticks": "", "zerolinecolor": "white", "gridwidth": 2}, "yaxis": {"backgroundcolor": "#E5ECF6", "gridcolor": "white", "linecolor": "white", "showbackground": true, "ticks": "", "zerolinecolor": "white", "gridwidth": 2}, "zaxis": {"backgroundcolor": "#E5ECF6", "gridcolor": "white", "linecolor": "white", "showbackground": true, "ticks": "", "zerolinecolor": "white", "gridwidth": 2}}, "shapedefaults": {"line": {"color": "#2a3f5f"}}, "annotationdefaults": {"arrowcolor": "#2a3f5f", "arrowhead": 0, "arrowwidth": 1}, "geo": {"bgcolor": "white", "landcolor": "#E5ECF6", "subunitcolor": "white", "showland": true, "showlakes": true, "lakecolor": "white"}, "title": {"x": 0.05}, "mapbox": {"style": "light"}}}}}