{"data": [{"z": [[24.679019927978516, 0.544295072555542, 0.8361004590988159, -0.005984976422041655, 2.1867082118988037, 0.16941238939762115, -1.7053768634796143, 3.759906053543091, -1.1129145622253418, -2.6427745819091797, 0.864318311214447, 3.0300493240356445, 1.0112894773483276, 0.7362273335456848, 4.2226080894470215, 0.6042637228965759, 4.4508843421936035, -6.554131031036377, -1.034637451171875, 4.721129417419434, -5.5680251121521], [0.544295072555542, 17.417158126831055, -3.065812349319458, 0.6770590543746948, -5.022048473358154, -4.6350555419921875, 1.1227953433990479, -2.0356898307800293, 1.3595107793807983, -3.4446675777435303, 0.8899927139282227, 4.567856311798096, 1.031323790550232, -0.9637421369552612, -1.440097689628601, 1.3252075910568237, 0.8995351791381836, 2.616377830505371, -0.8518210053443909, -3.6335806846618652, 2.4918575286865234], [0.8361004590988159, -3.065812349319458, 22.89882469177246, 2.110199213027954, 1.806087613105774, -1.402931571006775, 5.928425312042236, -7.918517589569092, 0.871910572052002, 6.027673721313477, 0.8811337351799011, -9.807058334350586, 0.43343332409858704, 1.8617361783981323, 0.13113994896411896, 2.1207523345947266, 4.1013383865356445, 4.717373847961426, 3.8137521743774414, -1.674851894378662, -7.742798805236816], [-0.005984976422041655, 0.6770590543746948, 2.110199213027954, 17.326276779174805, -1.526347279548645, 0.08916767686605453, 3.941551923751831, -2.403846025466919, -4.524158477783203, 2.294482469558716, -4.658351421356201, 0.33800292015075684, 0.517376720905304, -3.2433478832244873, 6.786671161651611, 3.399259090423584, -0.8462157249450684, 0.8790594935417175, 0.4846407175064087, -0.6279402375221252, 6.4051127433776855], [2.1867082118988037, -5.022048473358154, 1.806087613105774, -1.526347279548645, 23.05961799621582, 2.1226022243499756, 3.1160573959350586, 1.3519768714904785, 2.6279799938201904, -0.3078761398792267, -0.6493985056877136, -3.7718241214752197, -3.0348961353302, 3.840024709701538, 8.579534530639648, 0.6650868058204651, -2.122955322265625, 1.5106818675994873, 1.0139060020446777, 3.8185276985168457, -1.5128308534622192], [0.16941238939762115, -4.6350555419921875, -1.402931571006775, 0.08916767686605453, 2.1226022243499756, 26.624847412109375, 5.596182346343994, -1.5431562662124634, 3.903707265853882, 3.8385260105133057, -2.635596513748169, -7.539087772369385, -4.00441312789917, 2.2152984142303467, 6.080100059509277, -2.880350351333618, -3.228930711746216, -2.974269390106201, 1.724989652633667, -2.1436526775360107, -1.9614368677139282], [-1.7053768634796143, 1.1227953433990479, 5.928425312042236, 3.941551923751831, 3.1160573959350586, 5.596182346343994, 15.775535583496094, -3.6737091541290283, 4.448249816894531, -1.3087886571884155, -4.199802398681641, -4.997775077819824, -2.6365127563476562, 0.6539442539215088, 3.678415536880493, -2.417228937149048, 1.7254812717437744, 4.174278736114502, 0.23757022619247437, 0.5371505618095398, -1.9459295272827148], [3.759906053543091, -2.0356898307800293, -7.918517589569092, -2.403846025466919, 1.3519768714904785, -1.5431562662124634, -3.6737091541290283, 23.820371627807617, 4.3733601570129395, -4.178422451019287, 1.8715468645095825, 4.555386543273926, 1.774384617805481, -7.3024420738220215, 1.4053007364273071, -3.688622236251831, 3.615753650665283, -0.6416091918945312, -4.497493743896484, 6.308811664581299, -1.533132553100586], [-1.1129145622253418, 1.3595107793807983, 0.871910572052002, -4.524158477783203, 2.6279799938201904, 3.903707265853882, 4.448249816894531, 4.3733601570129395, 15.223487854003906, 0.9412882924079895, -0.7030592560768127, -5.726881980895996, -3.967088460922241, 2.3457071781158447, -2.898655414581299, -4.339566707611084, 2.6506948471069336, -0.8721708655357361, -1.161582350730896, 1.6895418167114258, 0.12083174288272858], [-2.6427745819091797, -3.4446675777435303, 6.027673721313477, 2.294482469558716, -0.3078761398792267, 3.8385260105133057, -1.3087886571884155, -4.178422451019287, 0.9412882924079895, 19.255647659301758, -3.3321096897125244, -4.463271617889404, 2.499037027359009, 2.657348871231079, 4.106012344360352, 1.7083622217178345, 1.2445049285888672, -5.539006233215332, 0.9694951772689819, -2.06695556640625, 6.592515468597412], [0.864318311214447, 0.8899927139282227, 0.8811337351799011, -4.658351421356201, -0.6493985056877136, -2.635596513748169, -4.199802398681641, 1.8715468645095825, -0.7030592560768127, -3.3321096897125244, 22.707307815551758, -4.004008769989014, 2.9179916381835938, -1.7436097860336304, -4.561786651611328, -1.106285810470581, 1.3551888465881348, -2.575234889984131, -0.7329449653625488, 2.7648425102233887, -2.7789785861968994], [3.0300493240356445, 4.567856311798096, -9.807058334350586, 0.33800292015075684, -3.7718241214752197, -7.539087772369385, -4.997775077819824, 4.555386543273926, -5.726881980895996, -4.463271617889404, -4.004008769989014, 28.731800079345703, -1.5208426713943481, 3.2317490577697754, 5.9183454513549805, 4.225950241088867, -3.9432716369628906, -1.8921486139297485, 5.291619777679443, 0.8632106781005859, 1.4304289817810059], [1.0112894773483276, 1.031323790550232, 0.43343332409858704, 0.517376720905304, -3.0348961353302, -4.00441312789917, -2.6365127563476562, 1.774384617805481, -3.967088460922241, 2.499037027359009, 2.9179916381835938, -1.5208426713943481, 16.07652473449707, -5.52902364730835, -2.2682788372039795, 3.964287042617798, 3.120490789413452, 6.348158359527588, 6.785748481750488, 1.422424077987671, 0.6867585182189941], [0.7362273335456848, -0.9637421369552612, 1.8617361783981323, -3.2433478832244873, 3.840024709701538, 2.2152984142303467, 0.6539442539215088, -7.3024420738220215, 2.3457071781158447, 2.657348871231079, -1.7436097860336304, 3.2317490577697754, -5.52902364730835, 17.292404174804688, -0.09850695729255676, 0.4493555724620819, -4.702630996704102, 0.12341296672821045, 0.5074715614318848, -3.7596700191497803, 0.23597633838653564], [4.2226080894470215, -1.440097689628601, 0.13113994896411896, 6.786671161651611, 8.579534530639648, 6.080100059509277, 3.678415536880493, 1.4053007364273071, -2.898655414581299, 4.106012344360352, -4.561786651611328, 5.9183454513549805, -2.2682788372039795, -0.09850695729255676, 24.76416015625, 3.842033863067627, -2.808007001876831, -10.996206283569336, 3.232372522354126, 3.7931137084960938, -6.181736469268799], [0.6042637228965759, 1.3252075910568237, 2.1207523345947266, 3.399259090423584, 0.6650868058204651, -2.880350351333618, -2.417228937149048, -3.688622236251831, -4.339566707611084, 1.7083622217178345, -1.106285810470581, 4.225950241088867, 3.964287042617798, 0.4493555724620819, 3.842033863067627, 16.81589698791504, -1.551665186882019, -6.961555480957031, 5.5571184158325195, -3.9549524784088135, -5.8665008544921875], [4.450884819030762, 0.8995355367660522, 4.101338863372803, -0.846216082572937, -2.122955560684204, -3.228930711746216, 1.7254809141159058, 3.615753412246704, 2.6506943702697754, 1.2445048093795776, 1.3551886081695557, -3.9432711601257324, 3.120490312576294, -4.70263147354126, -2.808007001876831, -1.5516648292541504, 19.853652954101562, 2.724172592163086, -2.083564043045044, -0.48219358921051025, -3.1481552124023438], [-6.554130554199219, 2.616377592086792, 4.717373847961426, 0.8790595531463623, 1.5106815099716187, -2.974268674850464, 4.17427921295166, -0.6416087746620178, -0.8721705675125122, -5.539005756378174, -2.57523512840271, -1.8921489715576172, 6.3481574058532715, 0.12341248989105225, -10.996207237243652, -6.9615559577941895, 2.724172592163086, 33.55025100708008, 3.4167933464050293, -3.7538607120513916, 0.6681469678878784], [-1.034637451171875, -0.8518211841583252, 3.813753843307495, 0.48464059829711914, 1.013905644416809, 1.7249895334243774, 0.23757021129131317, -4.497495174407959, -1.1615818738937378, 0.9694949984550476, -0.7329443097114563, 5.291619777679443, 6.7857489585876465, 0.507472038269043, 3.232372760772705, 5.5571184158325195, -2.083564043045044, 3.4167933464050293, 25.439983367919922, -0.972335696220398, -1.582668662071228], [4.72113037109375, -3.633580446243286, -1.6748515367507935, -0.62794029712677, 3.8185276985168457, -2.14365291595459, 0.5371507406234741, 6.308811664581299, 1.6895419359207153, -2.066955804824829, 2.7648425102233887, 0.8632102608680725, 1.4224241971969604, -3.7596704959869385, 3.7931137084960938, -3.9549527168273926, -0.48219358921051025, -3.7538607120513916, -0.972335696220398, 19.408681869506836, -1.7071330547332764], [-5.5680251121521, 2.4918575286865234, -7.742799282073975, 6.405113220214844, -1.512831211090088, -1.9614371061325073, -1.9459294080734253, -1.533132791519165, 0.12083196640014648, 6.592514991760254, -2.7789788246154785, 1.430428385734558, 0.6867583990097046, 0.2359762191772461, -6.181736946105957, -5.8665008544921875, -3.148155689239502, 0.6681468486785889, -1.582668662071228, -1.7071332931518555, 26.11185073852539]], "type": "heatmap"}], "layout": {"template": {"data": {"histogram2dcontour": [{"type": "histogram2dcontour", "colorbar": {"outlinewidth": 0, "ticks": ""}, "colorscale": [[0.0, "#0d0887"], [0.1111111111111111, "#46039f"], [0.2222222222222222, "#7201a8"], [0.3333333333333333, "#9c179e"], [0.4444444444444444, "#bd3786"], [0.5555555555555556, "#d8576b"], [0.6666666666666666, "#ed7953"], [0.7777777777777778, "#fb9f3a"], [0.8888888888888888, "#fdca26"], [1.0, "#f0f921"]]}], "choropleth": [{"type": "choropleth", "colorbar": {"outlinewidth": 0, "ticks": ""}}], "histogram2d": [{"type": "histogram2d", "colorbar": {"outlinewidth": 0, "ticks": ""}, "colorscale": [[0.0, "#0d0887"], [0.1111111111111111, "#46039f"], [0.2222222222222222, "#7201a8"], [0.3333333333333333, "#9c179e"], [0.4444444444444444, "#bd3786"], [0.5555555555555556, "#d8576b"], [0.6666666666666666, "#ed7953"], [0.7777777777777778, "#fb9f3a"], [0.8888888888888888, "#fdca26"], [1.0, "#f0f921"]]}], "heatmap": [{"type": "heatmap", "colorbar": {"outlinewidth": 0, "ticks": ""}, "colorscale": [[0.0, "#0d0887"], [0.1111111111111111, "#46039f"], [0.2222222222222222, "#7201a8"], [0.3333333333333333, "#9c179e"], [0.4444444444444444, "#bd3786"], [0.5555555555555556, "#d8576b"], [0.6666666666666666, "#ed7953"], [0.7777777777777778, "#fb9f3a"], [0.8888888888888888, "#fdca26"], [1.0, "#f0f921"]]}], "heatmapgl": [{"type": "heatmapgl", "colorbar": {"outlinewidth": 0, "ticks": ""}, "colorscale": [[0.0, "#0d0887"], [0.1111111111111111, "#46039f"], [0.2222222222222222, "#7201a8"], [0.3333333333333333, "#9c179e"], [0.4444444444444444, "#bd3786"], [0.5555555555555556, "#d8576b"], [0.6666666666666666, "#ed7953"], [0.7777777777777778, "#fb9f3a"], [0.8888888888888888, "#fdca26"], [1.0, "#f0f921"]]}], "contourcarpet": [{"type": "contourcarpet", "colorbar": {"outlinewidth": 0, "ticks": ""}}], "contour": [{"type": "contour", "colorbar": {"outlinewidth": 0, "ticks": ""}, "colorscale": [[0.0, "#0d0887"], [0.1111111111111111, "#46039f"], [0.2222222222222222, "#7201a8"], [0.3333333333333333, "#9c179e"], [0.4444444444444444, "#bd3786"], [0.5555555555555556, "#d8576b"], [0.6666666666666666, "#ed7953"], [0.7777777777777778, "#fb9f3a"], [0.8888888888888888, "#fdca26"], [1.0, "#f0f921"]]}], "surface": [{"type": "surface", "colorbar": {"outlinewidth": 0, "ticks": ""}, "colorscale": [[0.0, "#0d0887"], [0.1111111111111111, "#46039f"], [0.2222222222222222, "#7201a8"], [0.3333333333333333, "#9c179e"], [0.4444444444444444, "#bd3786"], [0.5555555555555556, "#d8576b"], [0.6666666666666666, "#ed7953"], [0.7777777777777778, "#fb9f3a"], [0.8888888888888888, "#fdca26"], [1.0, "#f0f921"]]}], "mesh3d": [{"type": "mesh3d", "colorbar": {"outlinewidth": 0, "ticks": ""}}], "scatter": [{"fillpattern": {"fillmode": "overlay", "size": 10, "solidity": 0.2}, "type": "scatter"}], "parcoords": [{"type": "parcoords", "line": {"colorbar": {"outlinewidth": 0, "ticks": ""}}}], "scatterpolargl": [{"type": "scatterpolargl", "marker": {"colorbar": {"outlinewidth": 0, "ticks": ""}}}], "bar": [{"error_x": {"color": "#2a3f5f"}, "error_y": {"color": "#2a3f5f"}, "marker": {"line": {"color": "#E5ECF6", "width": 0.5}, "pattern": {"fillmode": "overlay", "size": 10, "solidity": 0.2}}, "type": "bar"}], "scattergeo": [{"type": "scattergeo", "marker": {"colorbar": {"outlinewidth": 0, "ticks": ""}}}], "scatterpolar": [{"type": "scatterpolar", "marker": {"colorbar": {"outlinewidth": 0, "ticks": ""}}}], "histogram": [{"marker": {"pattern": {"fillmode": "overlay", "size": 10, "solidity": 0.2}}, "type": "histogram"}], "scattergl": [{"type": "scattergl", "marker": {"colorbar": {"outlinewidth": 0, "ticks": ""}}}], "scatter3d": [{"type": "scatter3d", "line": {"colorbar": {"outlinewidth": 0, "ticks": ""}}, "marker": {"colorbar": {"outlinewidth": 0, "ticks": ""}}}], "scattermapbox": [{"type": "scattermapbox", "marker": {"colorbar": {"outlinewidth": 0, "ticks": ""}}}], "scatterternary": [{"type": "scatterternary", "marker": {"colorbar": {"outlinewidth": 0, "ticks": ""}}}], "scattercarpet": [{"type": "scattercarpet", "marker": {"colorbar": {"outlinewidth": 0, "ticks": ""}}}], "carpet": [{"aaxis": {"endlinecolor": "#2a3f5f", "gridcolor": "white", "linecolor": "white", "minorgridcolor": "white", "startlinecolor": "#2a3f5f"}, "baxis": {"endlinecolor": "#2a3f5f", "gridcolor": "white", "linecolor": "white", "minorgridcolor": "white", "startlinecolor": "#2a3f5f"}, "type": "carpet"}], "table": [{"cells": {"fill": {"color": "#EBF0F8"}, "line": {"color": "white"}}, "header": {"fill": {"color": "#C8D4E3"}, "line": {"color": "white"}}, "type": "table"}], "barpolar": [{"marker": {"line": {"color": "#E5ECF6", "width": 0.5}, "pattern": {"fillmode": "overlay", "size": 10, "solidity": 0.2}}, "type": "barpolar"}], "pie": [{"automargin": true, "type": "pie"}]}, "layout": {"autotypenumbers": "strict", "colorway": ["#636efa", "#EF553B", "#00cc96", "#ab63fa", "#FFA15A", "#19d3f3", "#FF6692", "#B6E880", "#FF97FF", "#FECB52"], "font": {"color": "#2a3f5f"}, "hovermode": "closest", "hoverlabel": {"align": "left"}, "paper_bgcolor": "white", "plot_bgcolor": "#E5ECF6", "polar": {"bgcolor": "#E5ECF6", "angularaxis": {"gridcolor": "white", "linecolor": "white", "ticks": ""}, "radialaxis": {"gridcolor": "white", "linecolor": "white", "ticks": ""}}, "ternary": {"bgcolor": "#E5ECF6", "aaxis": {"gridcolor": "white", "linecolor": "white", "ticks": ""}, "baxis": {"gridcolor": "white", "linecolor": "white", "ticks": ""}, "caxis": {"gridcolor": "white", "linecolor": "white", "ticks": ""}}, "coloraxis": {"colorbar": {"outlinewidth": 0, "ticks": ""}}, "colorscale": {"sequential": [[0.0, "#0d0887"], [0.1111111111111111, "#46039f"], [0.2222222222222222, "#7201a8"], [0.3333333333333333, "#9c179e"], [0.4444444444444444, "#bd3786"], [0.5555555555555556, "#d8576b"], [0.6666666666666666, "#ed7953"], [0.7777777777777778, "#fb9f3a"], [0.8888888888888888, "#fdca26"], [1.0, "#f0f921"]], "sequentialminus": [[0.0, "#0d0887"], [0.1111111111111111, "#46039f"], [0.2222222222222222, "#7201a8"], [0.3333333333333333, "#9c179e"], [0.4444444444444444, "#bd3786"], [0.5555555555555556, "#d8576b"], [0.6666666666666666, "#ed7953"], [0.7777777777777778, "#fb9f3a"], [0.8888888888888888, "#fdca26"], [1.0, "#f0f921"]], "diverging": [[0, "#8e0152"], [0.1, "#c51b7d"], [0.2, "#de77ae"], [0.3, "#f1b6da"], [0.4, "#fde0ef"], [0.5, "#f7f7f7"], [0.6, "#e6f5d0"], [0.7, "#b8e186"], [0.8, "#7fbc41"], [0.9, "#4d9221"], [1, "#276419"]]}, "xaxis": {"gridcolor": "white", "linecolor": "white", "ticks": "", "title": {"standoff": 15}, "zerolinecolor": "white", "automargin": true, "zerolinewidth": 2}, "yaxis": {"gridcolor": "white", "linecolor": "white", "ticks": "", "title": {"standoff": 15}, "zerolinecolor": "white", "automargin": true, "zerolinewidth": 2}, "scene": {"xaxis": {"backgroundcolor": "#E5ECF6", "gridcolor": "white", "linecolor": "white", "showbackground": true, "ticks": "", "zerolinecolor": "white", "gridwidth": 2}, "yaxis": {"backgroundcolor": "#E5ECF6", "gridcolor": "white", "linecolor": "white", "showbackground": true, "ticks": "", "zerolinecolor": "white", "gridwidth": 2}, "zaxis": {"backgroundcolor": "#E5ECF6", "gridcolor": "white", "linecolor": "white", "showbackground": true, "ticks": "", "zerolinecolor": "white", "gridwidth": 2}}, "shapedefaults": {"line": {"color": "#2a3f5f"}}, "annotationdefaults": {"arrowcolor": "#2a3f5f", "arrowhead": 0, "arrowwidth": 1}, "geo": {"bgcolor": "white", "landcolor": "#E5ECF6", "subunitcolor": "white", "showland": true, "showlakes": true, "lakecolor": "white"}, "title": {"x": 0.05}, "mapbox": {"style": "light"}}}}}