{"data": [{"z": [[24.619400024414062, 0.5420586466789246, 0.8305567502975464, -0.0030120916198939085, 2.183440685272217, 0.1729375272989273, -1.7005540132522583, 3.7607884407043457, -1.1077426671981812, -2.641127347946167, 0.8652223944664001, 3.0334324836730957, 1.0210036039352417, 0.73802250623703, 4.220829010009766, 0.609407365322113, 4.437102794647217, -6.529104232788086, -1.0249578952789307, 4.721573829650879, -5.562991619110107], [0.5420586466789246, 17.361085891723633, -3.0502235889434814, 0.6686512231826782, -5.012028217315674, -4.6215643882751465, 1.127909541130066, -2.038174867630005, 1.3592503070831299, -3.429396867752075, 0.8852117657661438, 4.555947780609131, 1.0210033655166626, -0.9607529640197754, -1.4290820360183716, 1.3177369832992554, 0.8932449817657471, 2.5899853706359863, -0.8421066403388977, -3.6254923343658447, 2.495140552520752], [0.8305567502975464, -3.0502235889434814, 22.80729866027832, 2.1044628620147705, 1.8171356916427612, -1.3943792581558228, 5.9133524894714355, -7.886476516723633, 0.8695096373558044, 5.996236324310303, 0.8894736170768738, -9.774178504943848, 0.44544681906700134, 1.8523198366165161, 0.14177808165550232, 2.10442852973938, 4.113985061645508, 4.716193675994873, 3.8082354068756104, -1.6649960279464722, -7.725314140319824], [-0.0030120916198939085, 0.6686512231826782, 2.1044628620147705, 17.265649795532227, -1.5146522521972656, 0.10703901946544647, 3.935009479522705, -2.4096744060516357, -4.512333393096924, 2.291018009185791, -4.656935214996338, 0.3270595967769623, 0.5092437267303467, -3.236037015914917, 6.785496234893799, 3.3788864612579346, -0.8442572951316833, 0.8702008724212646, 0.49604129791259766, -0.6314812302589417, 6.400877475738525], [2.183440685272217, -5.012028217315674, 1.8171356916427612, -1.5146522521972656, 23.03055191040039, 2.1233654022216797, 3.1099002361297607, 1.3604514598846436, 2.6320157051086426, -0.30101627111434937, -0.6497953534126282, -3.7612645626068115, -3.0307507514953613, 3.843310832977295, 8.571273803710938, 0.6692615151405334, -2.11914324760437, 1.5149481296539307, 1.00941801071167, 3.814929485321045, -1.5123544931411743], [0.1729375272989273, -4.6215643882751465, -1.3943792581558228, 0.10703901946544647, 2.1233654022216797, 26.58835220336914, 5.593389511108398, -1.5295541286468506, 3.8973000049591064, 3.820894718170166, -2.627232313156128, -7.527393341064453, -4.001383304595947, 2.1991612911224365, 6.081355571746826, -2.8861677646636963, -3.2146921157836914, -2.9618287086486816, 1.7207224369049072, -2.134721279144287, -1.9544522762298584], [-1.7005540132522583, 1.127909541130066, 5.9133524894714355, 3.935009479522705, 3.1099002361297607, 5.593389511108398, 15.756248474121094, -3.667694568634033, 4.442051410675049, -1.306269645690918, -4.186351776123047, -4.987441062927246, -2.6338555812835693, 0.6569574475288391, 3.6767690181732178, -2.404891014099121, 1.724377155303955, 4.1661376953125, 0.23650825023651123, 0.534834623336792, -1.94679594039917], [3.7607884407043457, -2.038174867630005, -7.886476516723633, -2.4096744060516357, 1.3604514598846436, -1.5295541286468506, -3.667694568634033, 23.75786018371582, 4.355485439300537, -4.156769752502441, 1.8627941608428955, 4.5449323654174805, 1.7703555822372437, -7.26820707321167, 1.4111820459365845, -3.6761813163757324, 3.5980162620544434, -0.6350847482681274, -4.465719699859619, 6.296952724456787, -1.5276782512664795], [-1.1077426671981812, 1.3592503070831299, 0.8695096373558044, -4.512333393096924, 2.6320157051086426, 3.8973000049591064, 4.442051410675049, 4.355485439300537, 15.178579330444336, 0.9404041767120361, -0.6984173655509949, -5.704928874969482, -3.9620702266693115, 2.3336336612701416, -2.880147695541382, -4.330051422119141, 2.637216806411743, -0.8770900368690491, -1.1398019790649414, 1.6932835578918457, 0.12483136355876923], [-2.641127347946167, -3.429396867752075, 5.996236324310303, 2.291018009185791, -0.30101627111434937, 3.820894718170166, -1.306269645690918, -4.156769752502441, 0.9404041767120361, 19.207197189331055, -3.3130321502685547, -4.456958770751953, 2.50557279586792, 2.6447222232818604, 4.093352317810059, 1.70194411277771, 1.2512516975402832, -5.514098167419434, 0.9626158475875854, -2.0576181411743164, 6.588687896728516], [0.8652223944664001, 0.8852117657661438, 0.8894736170768738, -4.656935214996338, -0.6497953534126282, -2.627232313156128, -4.186351776123047, 1.8627941608428955, -0.6984173655509949, -3.3130321502685547, 22.645132064819336, -4.00943660736084, 2.895246982574463, -1.734290599822998, -4.548591136932373, -1.1065248250961304, 1.3648669719696045, -2.572783946990967, -0.7320263385772705, 2.7617685794830322, -2.7879533767700195], [3.0334324836730957, 4.555947780609131, -9.774178504943848, 0.3270595967769623, -3.7612645626068115, -7.527393341064453, -4.987441062927246, 4.5449323654174805, -5.704928874969482, -4.456958770751953, -4.00943660736084, 28.678321838378906, -1.5243659019470215, 3.2231550216674805, 5.905406475067139, 4.209135055541992, -3.9391837120056152, -1.8812384605407715, 5.2825212478637695, 0.8581831455230713, 1.4335811138153076], [1.0210036039352417, 1.0210033655166626, 0.44544681906700134, 0.5092437267303467, -3.0307507514953613, -4.001383304595947, -2.6338555812835693, 1.7703555822372437, -3.9620702266693115, 2.50557279586792, 2.895246982574463, -1.5243659019470215, 16.02243995666504, -5.524503231048584, -2.2484312057495117, 3.948462963104248, 3.1227285861968994, 6.320096492767334, 6.768353462219238, 1.4252147674560547, 0.6862608790397644], [0.73802250623703, -0.9607529640197754, 1.8523198366165161, -3.236037015914917, 3.843310832977295, 2.1991612911224365, 0.6569574475288391, -7.26820707321167, 2.3336336612701416, 2.6447222232818604, -1.734290599822998, 3.2231550216674805, -5.524503231048584, 17.22985076904297, -0.08306941390037537, 0.4410898983478546, -4.685881614685059, 0.11968445777893066, 0.5047540664672852, -3.7460479736328125, 0.23353557288646698], [4.220829010009766, -1.4290820360183716, 0.14177808165550232, 6.785496234893799, 8.571273803710938, 6.081355571746826, 3.6767690181732178, 1.4111820459365845, -2.880147695541382, 4.093352317810059, -4.548591136932373, 5.905406475067139, -2.2484312057495117, -0.08306941390037537, 24.73704719543457, 3.843513250350952, -2.802656888961792, -10.956993103027344, 3.227353572845459, 3.7910070419311523, -6.183162689208984], [0.609407365322113, 1.3177369832992554, 2.10442852973938, 3.3788864612579346, 0.6692615151405334, -2.8861677646636963, -2.404891014099121, -3.6761813163757324, -4.330051422119141, 1.70194411277771, -1.1065248250961304, 4.209135055541992, 3.948462963104248, 0.4410898983478546, 3.843513250350952, 16.77883529663086, -1.547664999961853, -6.942056179046631, 5.54934024810791, -3.947819471359253, -5.865889072418213], [4.437102317810059, 0.8932443261146545, 4.11398458480835, -0.8442569971084595, -2.11914324760437, -3.2146918773651123, 1.7243770360946655, 3.5980167388916016, 2.6372170448303223, 1.2512513399124146, 1.3648667335510254, -3.939182996749878, 3.122727870941162, -4.685880661010742, -2.80265736579895, -1.547664999961853, 19.81249237060547, 2.7293050289154053, -2.0663108825683594, -0.48854899406433105, -3.143216371536255], [-6.529104709625244, 2.5899860858917236, 4.716194152832031, 0.8702004551887512, 1.5149482488632202, -2.9618279933929443, 4.166138172149658, -0.6350849270820618, -0.8770895004272461, -5.514098167419434, -2.572784185409546, -1.881238341331482, 6.320096015930176, 0.11968409270048141, -10.956993103027344, -6.942056655883789, 2.7293050289154053, 33.47486114501953, 3.424563407897949, -3.742928981781006, 0.6584967374801636], [-1.0249583721160889, -0.842106282711029, 3.8082356452941895, 0.49604088068008423, 1.00941801071167, 1.7207226753234863, 0.23650796711444855, -4.465719223022461, -1.1398015022277832, 0.9626156687736511, -0.7320259809494019, 5.282522678375244, 6.7683539390563965, 0.5047538876533508, 3.227353572845459, 5.549339771270752, -2.0663108825683594, 3.424563407897949, 25.39672088623047, -0.966078519821167, -1.588257908821106], [4.721573829650879, -3.6254920959472656, -1.6649965047836304, -0.6314810514450073, 3.814929485321045, -2.134721517562866, 0.534834623336792, 6.296950817108154, 1.6932835578918457, -2.0576179027557373, 2.7617688179016113, 0.8581827878952026, 1.4252146482467651, -3.7460479736328125, 3.791006565093994, -3.947819709777832, -0.48854899406433105, -3.742928981781006, -0.966078519821167, 19.38766098022461, -1.708321213722229], [-5.562991619110107, 2.4951398372650146, -7.725315093994141, 6.400877952575684, -1.512355089187622, -1.9544520378112793, -1.9467960596084595, -1.5276782512664795, 0.12483173608779907, 6.588687896728516, -2.7879531383514404, 1.4335815906524658, 0.6862603425979614, 0.2335352897644043, -6.183162689208984, -5.865889549255371, -3.143216133117676, 0.6584973335266113, -1.5882577896118164, -1.7083213329315186, 26.11185073852539]], "type": "heatmap"}], "layout": {"template": {"data": {"histogram2dcontour": [{"type": "histogram2dcontour", "colorbar": {"outlinewidth": 0, "ticks": ""}, "colorscale": [[0.0, "#0d0887"], [0.1111111111111111, "#46039f"], [0.2222222222222222, "#7201a8"], [0.3333333333333333, "#9c179e"], [0.4444444444444444, "#bd3786"], [0.5555555555555556, "#d8576b"], [0.6666666666666666, "#ed7953"], [0.7777777777777778, "#fb9f3a"], [0.8888888888888888, "#fdca26"], [1.0, "#f0f921"]]}], "choropleth": [{"type": "choropleth", "colorbar": {"outlinewidth": 0, "ticks": ""}}], "histogram2d": [{"type": "histogram2d", "colorbar": {"outlinewidth": 0, "ticks": ""}, "colorscale": [[0.0, "#0d0887"], [0.1111111111111111, "#46039f"], [0.2222222222222222, "#7201a8"], [0.3333333333333333, "#9c179e"], [0.4444444444444444, "#bd3786"], [0.5555555555555556, "#d8576b"], [0.6666666666666666, "#ed7953"], [0.7777777777777778, "#fb9f3a"], [0.8888888888888888, "#fdca26"], [1.0, "#f0f921"]]}], "heatmap": [{"type": "heatmap", "colorbar": {"outlinewidth": 0, "ticks": ""}, "colorscale": [[0.0, "#0d0887"], [0.1111111111111111, "#46039f"], [0.2222222222222222, "#7201a8"], [0.3333333333333333, "#9c179e"], [0.4444444444444444, "#bd3786"], [0.5555555555555556, "#d8576b"], [0.6666666666666666, "#ed7953"], [0.7777777777777778, "#fb9f3a"], [0.8888888888888888, "#fdca26"], [1.0, "#f0f921"]]}], "heatmapgl": [{"type": "heatmapgl", "colorbar": {"outlinewidth": 0, "ticks": ""}, "colorscale": [[0.0, "#0d0887"], [0.1111111111111111, "#46039f"], [0.2222222222222222, "#7201a8"], [0.3333333333333333, "#9c179e"], [0.4444444444444444, "#bd3786"], [0.5555555555555556, "#d8576b"], [0.6666666666666666, "#ed7953"], [0.7777777777777778, "#fb9f3a"], [0.8888888888888888, "#fdca26"], [1.0, "#f0f921"]]}], "contourcarpet": [{"type": "contourcarpet", "colorbar": {"outlinewidth": 0, "ticks": ""}}], "contour": [{"type": "contour", "colorbar": {"outlinewidth": 0, "ticks": ""}, "colorscale": [[0.0, "#0d0887"], [0.1111111111111111, "#46039f"], [0.2222222222222222, "#7201a8"], [0.3333333333333333, "#9c179e"], [0.4444444444444444, "#bd3786"], [0.5555555555555556, "#d8576b"], [0.6666666666666666, "#ed7953"], [0.7777777777777778, "#fb9f3a"], [0.8888888888888888, "#fdca26"], [1.0, "#f0f921"]]}], "surface": [{"type": "surface", "colorbar": {"outlinewidth": 0, "ticks": ""}, "colorscale": [[0.0, "#0d0887"], [0.1111111111111111, "#46039f"], [0.2222222222222222, "#7201a8"], [0.3333333333333333, "#9c179e"], [0.4444444444444444, "#bd3786"], [0.5555555555555556, "#d8576b"], [0.6666666666666666, "#ed7953"], [0.7777777777777778, "#fb9f3a"], [0.8888888888888888, "#fdca26"], [1.0, "#f0f921"]]}], "mesh3d": [{"type": "mesh3d", "colorbar": {"outlinewidth": 0, "ticks": ""}}], "scatter": [{"fillpattern": {"fillmode": "overlay", "size": 10, "solidity": 0.2}, "type": "scatter"}], "parcoords": [{"type": "parcoords", "line": {"colorbar": {"outlinewidth": 0, "ticks": ""}}}], "scatterpolargl": [{"type": "scatterpolargl", "marker": {"colorbar": {"outlinewidth": 0, "ticks": ""}}}], "bar": [{"error_x": {"color": "#2a3f5f"}, "error_y": {"color": "#2a3f5f"}, "marker": {"line": {"color": "#E5ECF6", "width": 0.5}, "pattern": {"fillmode": "overlay", "size": 10, "solidity": 0.2}}, "type": "bar"}], "scattergeo": [{"type": "scattergeo", "marker": {"colorbar": {"outlinewidth": 0, "ticks": ""}}}], "scatterpolar": [{"type": "scatterpolar", "marker": {"colorbar": {"outlinewidth": 0, "ticks": ""}}}], "histogram": [{"marker": {"pattern": {"fillmode": "overlay", "size": 10, "solidity": 0.2}}, "type": "histogram"}], "scattergl": [{"type": "scattergl", "marker": {"colorbar": {"outlinewidth": 0, "ticks": ""}}}], "scatter3d": [{"type": "scatter3d", "line": {"colorbar": {"outlinewidth": 0, "ticks": ""}}, "marker": {"colorbar": {"outlinewidth": 0, "ticks": ""}}}], "scattermapbox": [{"type": "scattermapbox", "marker": {"colorbar": {"outlinewidth": 0, "ticks": ""}}}], "scatterternary": [{"type": "scatterternary", "marker": {"colorbar": {"outlinewidth": 0, "ticks": ""}}}], "scattercarpet": [{"type": "scattercarpet", "marker": {"colorbar": {"outlinewidth": 0, "ticks": ""}}}], "carpet": [{"aaxis": {"endlinecolor": "#2a3f5f", "gridcolor": "white", "linecolor": "white", "minorgridcolor": "white", "startlinecolor": "#2a3f5f"}, "baxis": {"endlinecolor": "#2a3f5f", "gridcolor": "white", "linecolor": "white", "minorgridcolor": "white", "startlinecolor": "#2a3f5f"}, "type": "carpet"}], "table": [{"cells": {"fill": {"color": "#EBF0F8"}, "line": {"color": "white"}}, "header": {"fill": {"color": "#C8D4E3"}, "line": {"color": "white"}}, "type": "table"}], "barpolar": [{"marker": {"line": {"color": "#E5ECF6", "width": 0.5}, "pattern": {"fillmode": "overlay", "size": 10, "solidity": 0.2}}, "type": "barpolar"}], "pie": [{"automargin": true, "type": "pie"}]}, "layout": {"autotypenumbers": "strict", "colorway": ["#636efa", "#EF553B", "#00cc96", "#ab63fa", "#FFA15A", "#19d3f3", "#FF6692", "#B6E880", "#FF97FF", "#FECB52"], "font": {"color": "#2a3f5f"}, "hovermode": "closest", "hoverlabel": {"align": "left"}, "paper_bgcolor": "white", "plot_bgcolor": "#E5ECF6", "polar": {"bgcolor": "#E5ECF6", "angularaxis": {"gridcolor": "white", "linecolor": "white", "ticks": ""}, "radialaxis": {"gridcolor": "white", "linecolor": "white", "ticks": ""}}, "ternary": {"bgcolor": "#E5ECF6", "aaxis": {"gridcolor": "white", "linecolor": "white", "ticks": ""}, "baxis": {"gridcolor": "white", "linecolor": "white", "ticks": ""}, "caxis": {"gridcolor": "white", "linecolor": "white", "ticks": ""}}, "coloraxis": {"colorbar": {"outlinewidth": 0, "ticks": ""}}, "colorscale": {"sequential": [[0.0, "#0d0887"], [0.1111111111111111, "#46039f"], [0.2222222222222222, "#7201a8"], [0.3333333333333333, "#9c179e"], [0.4444444444444444, "#bd3786"], [0.5555555555555556, "#d8576b"], [0.6666666666666666, "#ed7953"], [0.7777777777777778, "#fb9f3a"], [0.8888888888888888, "#fdca26"], [1.0, "#f0f921"]], "sequentialminus": [[0.0, "#0d0887"], [0.1111111111111111, "#46039f"], [0.2222222222222222, "#7201a8"], [0.3333333333333333, "#9c179e"], [0.4444444444444444, "#bd3786"], [0.5555555555555556, "#d8576b"], [0.6666666666666666, "#ed7953"], [0.7777777777777778, "#fb9f3a"], [0.8888888888888888, "#fdca26"], [1.0, "#f0f921"]], "diverging": [[0, "#8e0152"], [0.1, "#c51b7d"], [0.2, "#de77ae"], [0.3, "#f1b6da"], [0.4, "#fde0ef"], [0.5, "#f7f7f7"], [0.6, "#e6f5d0"], [0.7, "#b8e186"], [0.8, "#7fbc41"], [0.9, "#4d9221"], [1, "#276419"]]}, "xaxis": {"gridcolor": "white", "linecolor": "white", "ticks": "", "title": {"standoff": 15}, "zerolinecolor": "white", "automargin": true, "zerolinewidth": 2}, "yaxis": {"gridcolor": "white", "linecolor": "white", "ticks": "", "title": {"standoff": 15}, "zerolinecolor": "white", "automargin": true, "zerolinewidth": 2}, "scene": {"xaxis": {"backgroundcolor": "#E5ECF6", "gridcolor": "white", "linecolor": "white", "showbackground": true, "ticks": "", "zerolinecolor": "white", "gridwidth": 2}, "yaxis": {"backgroundcolor": "#E5ECF6", "gridcolor": "white", "linecolor": "white", "showbackground": true, "ticks": "", "zerolinecolor": "white", "gridwidth": 2}, "zaxis": {"backgroundcolor": "#E5ECF6", "gridcolor": "white", "linecolor": "white", "showbackground": true, "ticks": "", "zerolinecolor": "white", "gridwidth": 2}}, "shapedefaults": {"line": {"color": "#2a3f5f"}}, "annotationdefaults": {"arrowcolor": "#2a3f5f", "arrowhead": 0, "arrowwidth": 1}, "geo": {"bgcolor": "white", "landcolor": "#E5ECF6", "subunitcolor": "white", "showland": true, "showlakes": true, "lakecolor": "white"}, "title": {"x": 0.05}, "mapbox": {"style": "light"}}}}}