{"data": [{"z": [[24.512815475463867, 0.5510606169700623, 0.8360399603843689, 0.01835702359676361, 2.1819052696228027, 0.20175069570541382, -1.691725254058838, 3.765249490737915, -1.0772079229354858, -2.6226744651794434, 0.877295196056366, 3.0435235500335693, 1.0473397970199585, 0.7598658204078674, 4.227787017822266, 0.6364809274673462, 4.404277801513672, -6.473459243774414, -1.0007423162460327, 4.729098320007324, -5.559084892272949], [0.5510606169700623, 17.23555564880371, -3.015429973602295, 0.6588501930236816, -4.982241630554199, -4.575460433959961, 1.1456143856048584, -2.0379748344421387, 1.3597990274429321, -3.392526626586914, 0.8767191767692566, 4.542597770690918, 1.0098521709442139, -0.9488325119018555, -1.3970695734024048, 1.314314365386963, 0.8847346305847168, 2.5364699363708496, -0.8044273853302002, -3.6051266193389893, 2.4919517040252686], [0.8360399603843689, -3.015429973602295, 22.6207218170166, 2.1081292629241943, 1.831555962562561, -1.3786137104034424, 5.896271228790283, -7.831001281738281, 0.8642541170120239, 5.931475639343262, 0.8942462205886841, -9.727527618408203, 0.46023714542388916, 1.8145017623901367, 0.15942949056625366, 2.062135696411133, 4.133422374725342, 4.707741737365723, 3.797628164291382, -1.655880331993103, -7.6809234619140625], [0.01835702359676361, 0.6588501930236816, 2.1081292629241943, 17.13256072998047, -1.4859206676483154, 0.15136413276195526, 3.9387853145599365, -2.4244441986083984, -4.487815856933594, 2.285332441329956, -4.666042804718018, 0.2921867072582245, 0.49569058418273926, -3.2322371006011963, 6.790410041809082, 3.339808464050293, -0.8420965671539307, 0.8559207916259766, 0.5357373356819153, -0.6367706060409546, 6.376323223114014], [2.1819052696228027, -4.982241630554199, 1.831555962562561, -1.4859206676483154, 22.973207473754883, 2.131755828857422, 3.098391532897949, 1.3776576519012451, 2.641604423522949, -0.2807721197605133, -0.6414220929145813, -3.741122245788574, -3.0183491706848145, 3.852245807647705, 8.557095527648926, 0.6833989024162292, -2.11106014251709, 1.5290170907974243, 1.0045552253723145, 3.809990644454956, -1.5145370960235596], [0.20175069570541382, -4.575460433959961, -1.3786137104034424, 0.15136413276195526, 2.131755828857422, 26.51453399658203, 5.60399866104126, -1.5119714736938477, 3.887411117553711, 3.7959933280944824, -2.6153719425201416, -7.494888782501221, -3.9923222064971924, 2.172558307647705, 6.088989734649658, -2.8896381855010986, -3.184708595275879, -2.9320623874664307, 1.7174485921859741, -2.117239475250244, -1.944590449333191], [-1.691725254058838, 1.1456143856048584, 5.896271228790283, 3.9387853145599365, 3.098391532897949, 5.60399866104126, 15.71228313446045, -3.65840482711792, 4.44066047668457, -1.283516526222229, -4.153018474578857, -4.96225118637085, -2.6191928386688232, 0.6728024482727051, 3.6825497150421143, -2.3726658821105957, 1.7211148738861084, 4.149023056030273, 0.23890382051467896, 0.5302558541297913, -1.9523823261260986], [3.765249490737915, -2.0379748344421387, -7.831001281738281, -2.4244441986083984, 1.3776576519012451, -1.5119714736938477, -3.65840482711792, 23.620899200439453, 4.317521572113037, -4.111124515533447, 1.847556233406067, 4.529337406158447, 1.7654584646224976, -7.21748685836792, 1.4191466569900513, -3.6582601070404053, 3.5631237030029297, -0.6322609186172485, -4.399824142456055, 6.268226623535156, -1.509523630142212], [-1.0772079229354858, 1.3597990274429321, 0.8642541170120239, -4.487815856933594, 2.641604423522949, 3.887411117553711, 4.44066047668457, 4.317521572113037, 15.088434219360352, 0.9491679668426514, -0.7004826664924622, -5.664981365203857, -3.95170259475708, 2.2996883392333984, -2.827622175216675, -4.317014217376709, 2.616718292236328, -0.8969467878341675, -1.0839415788650513, 1.698183536529541, 0.12865765392780304], [-2.6226744651794434, -3.392526626586914, 5.931475639343262, 2.285332441329956, -0.2807721197605133, 3.7959933280944824, -1.283516526222229, -4.111124515533447, 0.9491679668426514, 19.121152877807617, -3.2870845794677734, -4.44333028793335, 2.511263132095337, 2.6135833263397217, 4.080468654632568, 1.6965380907058716, 1.2708208560943604, -5.459805965423584, 0.9541279077529907, -2.03851318359375, 6.575079917907715], [0.877295196056366, 0.8767191767692566, 0.8942462205886841, -4.666042804718018, -0.6414220929145813, -2.6153719425201416, -4.153018474578857, 1.847556233406067, -0.7004826664924622, -3.2870845794677734, 22.52264976501465, -4.023728847503662, 2.8517050743103027, -1.7293438911437988, -4.526318073272705, -1.121758222579956, 1.3841979503631592, -2.556370735168457, -0.726280689239502, 2.7572569847106934, -2.8024497032165527], [3.0435235500335693, 4.542597770690918, -9.727527618408203, 0.2921867072582245, -3.741122245788574, -7.494888782501221, -4.96225118637085, 4.529337406158447, -5.664981365203857, -4.44333028793335, -4.023728847503662, 28.572128295898438, -1.5241342782974243, 3.201364040374756, 5.884992599487305, 4.1819987297058105, -3.935194969177246, -1.8552887439727783, 5.276849746704102, 0.8463901281356812, 1.431725025177002], [1.0473397970199585, 1.0098521709442139, 0.46023714542388916, 0.49569058418273926, -3.0183491706848145, -3.9923222064971924, -2.6191928386688232, 1.7654584646224976, -3.95170259475708, 2.511263132095337, 2.8517050743103027, -1.5241342782974243, 15.928539276123047, -5.526739120483398, -2.213139295578003, 3.9146649837493896, 3.128345489501953, 6.275965690612793, 6.748818874359131, 1.426084280014038, 0.6806290149688721], [0.7598658204078674, -0.9488325119018555, 1.8145017623901367, -3.2322371006011963, 3.852245807647705, 2.172558307647705, 0.6728024482727051, -7.21748685836792, 2.2996883392333984, 2.6135833263397217, -1.7293438911437988, 3.201364040374756, -5.526739120483398, 17.076520919799805, -0.043812233954668045, 0.4096735119819641, -4.662898540496826, 0.10139071941375732, 0.5095071792602539, -3.7219173908233643, 0.2345643788576126], [4.227787017822266, -1.3970695734024048, 0.15942949056625366, 6.790410041809082, 8.557095527648926, 6.088989734649658, 3.6825497150421143, 1.4191466569900513, -2.827622175216675, 4.080468654632568, -4.526318073272705, 5.884992599487305, -2.213139295578003, -0.043812233954668045, 24.6879940032959, 3.855973243713379, -2.792999744415283, -10.88138198852539, 3.2180659770965576, 3.790102481842041, -6.184445858001709], [0.6364809274673462, 1.314314365386963, 2.062135696411133, 3.339808464050293, 0.6833989024162292, -2.8896381855010986, -2.3726658821105957, -3.6582601070404053, -4.317014217376709, 1.6965380907058716, -1.121758222579956, 4.1819987297058105, 3.9146649837493896, 0.4096735119819641, 3.855973243713379, 16.699995040893555, -1.5353842973709106, -6.907135009765625, 5.543407440185547, -3.937896966934204, -5.865950107574463], [4.404278755187988, 0.8847341537475586, 4.133422374725342, -0.8420966267585754, -2.1110599040985107, -3.184708833694458, 1.7211153507232666, 3.5631232261657715, 2.61671781539917, 1.2708208560943604, 1.3841991424560547, -3.935194253921509, 3.1283457279205322, -4.662898540496826, -2.792999505996704, -1.5353840589523315, 19.733339309692383, 2.7262988090515137, -2.028132200241089, -0.5079562664031982, -3.1357953548431396], [-6.4734601974487305, 2.5364696979522705, 4.707741737365723, 0.8559207916259766, 1.529017448425293, -2.9320623874664307, 4.149022102355957, -0.6322607398033142, -0.8969468474388123, -5.459805488586426, -2.5563714504241943, -1.8552883863449097, 6.275966167449951, 0.10139048844575882, -10.88138198852539, -6.907135009765625, 2.7262988090515137, 33.32077407836914, 3.4540677070617676, -3.719949245452881, 0.6508349180221558], [-1.0007421970367432, -0.8044271469116211, 3.79762864112854, 0.5357370376586914, 1.004555344581604, 1.7174487113952637, 0.23890401422977448, -4.399825572967529, -1.0839420557022095, 0.9541281461715698, -0.7262814044952393, 5.276849746704102, 6.748818397521973, 0.5095073580741882, 3.2180659770965576, 5.5434088706970215, -2.028132200241089, 3.4540677070617676, 25.31161880493164, -0.9492975473403931, -1.6009297370910645], [4.729098320007324, -3.605125904083252, -1.6558799743652344, -0.6367706656455994, 3.809990406036377, -2.1172401905059814, 0.5302557945251465, 6.268227577209473, 1.6981836557388306, -2.038512706756592, 2.7572572231292725, 0.8463898301124573, 1.4260843992233276, -3.7219176292419434, 3.79010272026062, -3.937897205352783, -0.5079562664031982, -3.719949245452881, -0.9492975473403931, 19.341106414794922, -1.7076807022094727], [-5.559084415435791, 2.491950750350952, -7.6809234619140625, 6.3763227462768555, -1.5145373344421387, -1.94459068775177, -1.9523826837539673, -1.509523630142212, 0.12865769863128662, 6.575080871582031, -2.8024492263793945, 1.4317247867584229, 0.6806290149688721, 0.23456478118896484, -6.184445381164551, -5.865950584411621, -3.1357955932617188, 0.6508347988128662, -1.6009299755096436, -1.7076809406280518, 26.11185073852539]], "type": "heatmap"}], "layout": {"template": {"data": {"histogram2dcontour": [{"type": "histogram2dcontour", "colorbar": {"outlinewidth": 0, "ticks": ""}, "colorscale": [[0.0, "#0d0887"], [0.1111111111111111, "#46039f"], [0.2222222222222222, "#7201a8"], [0.3333333333333333, "#9c179e"], [0.4444444444444444, "#bd3786"], [0.5555555555555556, "#d8576b"], [0.6666666666666666, "#ed7953"], [0.7777777777777778, "#fb9f3a"], [0.8888888888888888, "#fdca26"], [1.0, "#f0f921"]]}], "choropleth": [{"type": "choropleth", "colorbar": {"outlinewidth": 0, "ticks": ""}}], "histogram2d": [{"type": "histogram2d", "colorbar": {"outlinewidth": 0, "ticks": ""}, "colorscale": [[0.0, "#0d0887"], [0.1111111111111111, "#46039f"], [0.2222222222222222, "#7201a8"], [0.3333333333333333, "#9c179e"], [0.4444444444444444, "#bd3786"], [0.5555555555555556, "#d8576b"], [0.6666666666666666, "#ed7953"], [0.7777777777777778, "#fb9f3a"], [0.8888888888888888, "#fdca26"], [1.0, "#f0f921"]]}], "heatmap": [{"type": "heatmap", "colorbar": {"outlinewidth": 0, "ticks": ""}, "colorscale": [[0.0, "#0d0887"], [0.1111111111111111, "#46039f"], [0.2222222222222222, "#7201a8"], [0.3333333333333333, "#9c179e"], [0.4444444444444444, "#bd3786"], [0.5555555555555556, "#d8576b"], [0.6666666666666666, "#ed7953"], [0.7777777777777778, "#fb9f3a"], [0.8888888888888888, "#fdca26"], [1.0, "#f0f921"]]}], "heatmapgl": [{"type": "heatmapgl", "colorbar": {"outlinewidth": 0, "ticks": ""}, "colorscale": [[0.0, "#0d0887"], [0.1111111111111111, "#46039f"], [0.2222222222222222, "#7201a8"], [0.3333333333333333, "#9c179e"], [0.4444444444444444, "#bd3786"], [0.5555555555555556, "#d8576b"], [0.6666666666666666, "#ed7953"], [0.7777777777777778, "#fb9f3a"], [0.8888888888888888, "#fdca26"], [1.0, "#f0f921"]]}], "contourcarpet": [{"type": "contourcarpet", "colorbar": {"outlinewidth": 0, "ticks": ""}}], "contour": [{"type": "contour", "colorbar": {"outlinewidth": 0, "ticks": ""}, "colorscale": [[0.0, "#0d0887"], [0.1111111111111111, "#46039f"], [0.2222222222222222, "#7201a8"], [0.3333333333333333, "#9c179e"], [0.4444444444444444, "#bd3786"], [0.5555555555555556, "#d8576b"], [0.6666666666666666, "#ed7953"], [0.7777777777777778, "#fb9f3a"], [0.8888888888888888, "#fdca26"], [1.0, "#f0f921"]]}], "surface": [{"type": "surface", "colorbar": {"outlinewidth": 0, "ticks": ""}, "colorscale": [[0.0, "#0d0887"], [0.1111111111111111, "#46039f"], [0.2222222222222222, "#7201a8"], [0.3333333333333333, "#9c179e"], [0.4444444444444444, "#bd3786"], [0.5555555555555556, "#d8576b"], [0.6666666666666666, "#ed7953"], [0.7777777777777778, "#fb9f3a"], [0.8888888888888888, "#fdca26"], [1.0, "#f0f921"]]}], "mesh3d": [{"type": "mesh3d", "colorbar": {"outlinewidth": 0, "ticks": ""}}], "scatter": [{"fillpattern": {"fillmode": "overlay", "size": 10, "solidity": 0.2}, "type": "scatter"}], "parcoords": [{"type": "parcoords", "line": {"colorbar": {"outlinewidth": 0, "ticks": ""}}}], "scatterpolargl": [{"type": "scatterpolargl", "marker": {"colorbar": {"outlinewidth": 0, "ticks": ""}}}], "bar": [{"error_x": {"color": "#2a3f5f"}, "error_y": {"color": "#2a3f5f"}, "marker": {"line": {"color": "#E5ECF6", "width": 0.5}, "pattern": {"fillmode": "overlay", "size": 10, "solidity": 0.2}}, "type": "bar"}], "scattergeo": [{"type": "scattergeo", "marker": {"colorbar": {"outlinewidth": 0, "ticks": ""}}}], "scatterpolar": [{"type": "scatterpolar", "marker": {"colorbar": {"outlinewidth": 0, "ticks": ""}}}], "histogram": [{"marker": {"pattern": {"fillmode": "overlay", "size": 10, "solidity": 0.2}}, "type": "histogram"}], "scattergl": [{"type": "scattergl", "marker": {"colorbar": {"outlinewidth": 0, "ticks": ""}}}], "scatter3d": [{"type": "scatter3d", "line": {"colorbar": {"outlinewidth": 0, "ticks": ""}}, "marker": {"colorbar": {"outlinewidth": 0, "ticks": ""}}}], "scattermapbox": [{"type": "scattermapbox", "marker": {"colorbar": {"outlinewidth": 0, "ticks": ""}}}], "scatterternary": [{"type": "scatterternary", "marker": {"colorbar": {"outlinewidth": 0, "ticks": ""}}}], "scattercarpet": [{"type": "scattercarpet", "marker": {"colorbar": {"outlinewidth": 0, "ticks": ""}}}], "carpet": [{"aaxis": {"endlinecolor": "#2a3f5f", "gridcolor": "white", "linecolor": "white", "minorgridcolor": "white", "startlinecolor": "#2a3f5f"}, "baxis": {"endlinecolor": "#2a3f5f", "gridcolor": "white", "linecolor": "white", "minorgridcolor": "white", "startlinecolor": "#2a3f5f"}, "type": "carpet"}], "table": [{"cells": {"fill": {"color": "#EBF0F8"}, "line": {"color": "white"}}, "header": {"fill": {"color": "#C8D4E3"}, "line": {"color": "white"}}, "type": "table"}], "barpolar": [{"marker": {"line": {"color": "#E5ECF6", "width": 0.5}, "pattern": {"fillmode": "overlay", "size": 10, "solidity": 0.2}}, "type": "barpolar"}], "pie": [{"automargin": true, "type": "pie"}]}, "layout": {"autotypenumbers": "strict", "colorway": ["#636efa", "#EF553B", "#00cc96", "#ab63fa", "#FFA15A", "#19d3f3", "#FF6692", "#B6E880", "#FF97FF", "#FECB52"], "font": {"color": "#2a3f5f"}, "hovermode": "closest", "hoverlabel": {"align": "left"}, "paper_bgcolor": "white", "plot_bgcolor": "#E5ECF6", "polar": {"bgcolor": "#E5ECF6", "angularaxis": {"gridcolor": "white", "linecolor": "white", "ticks": ""}, "radialaxis": {"gridcolor": "white", "linecolor": "white", "ticks": ""}}, "ternary": {"bgcolor": "#E5ECF6", "aaxis": {"gridcolor": "white", "linecolor": "white", "ticks": ""}, "baxis": {"gridcolor": "white", "linecolor": "white", "ticks": ""}, "caxis": {"gridcolor": "white", "linecolor": "white", "ticks": ""}}, "coloraxis": {"colorbar": {"outlinewidth": 0, "ticks": ""}}, "colorscale": {"sequential": [[0.0, "#0d0887"], [0.1111111111111111, "#46039f"], [0.2222222222222222, "#7201a8"], [0.3333333333333333, "#9c179e"], [0.4444444444444444, "#bd3786"], [0.5555555555555556, "#d8576b"], [0.6666666666666666, "#ed7953"], [0.7777777777777778, "#fb9f3a"], [0.8888888888888888, "#fdca26"], [1.0, "#f0f921"]], "sequentialminus": [[0.0, "#0d0887"], [0.1111111111111111, "#46039f"], [0.2222222222222222, "#7201a8"], [0.3333333333333333, "#9c179e"], [0.4444444444444444, "#bd3786"], [0.5555555555555556, "#d8576b"], [0.6666666666666666, "#ed7953"], [0.7777777777777778, "#fb9f3a"], [0.8888888888888888, "#fdca26"], [1.0, "#f0f921"]], "diverging": [[0, "#8e0152"], [0.1, "#c51b7d"], [0.2, "#de77ae"], [0.3, "#f1b6da"], [0.4, "#fde0ef"], [0.5, "#f7f7f7"], [0.6, "#e6f5d0"], [0.7, "#b8e186"], [0.8, "#7fbc41"], [0.9, "#4d9221"], [1, "#276419"]]}, "xaxis": {"gridcolor": "white", "linecolor": "white", "ticks": "", "title": {"standoff": 15}, "zerolinecolor": "white", "automargin": true, "zerolinewidth": 2}, "yaxis": {"gridcolor": "white", "linecolor": "white", "ticks": "", "title": {"standoff": 15}, "zerolinecolor": "white", "automargin": true, "zerolinewidth": 2}, "scene": {"xaxis": {"backgroundcolor": "#E5ECF6", "gridcolor": "white", "linecolor": "white", "showbackground": true, "ticks": "", "zerolinecolor": "white", "gridwidth": 2}, "yaxis": {"backgroundcolor": "#E5ECF6", "gridcolor": "white", "linecolor": "white", "showbackground": true, "ticks": "", "zerolinecolor": "white", "gridwidth": 2}, "zaxis": {"backgroundcolor": "#E5ECF6", "gridcolor": "white", "linecolor": "white", "showbackground": true, "ticks": "", "zerolinecolor": "white", "gridwidth": 2}}, "shapedefaults": {"line": {"color": "#2a3f5f"}}, "annotationdefaults": {"arrowcolor": "#2a3f5f", "arrowhead": 0, "arrowwidth": 1}, "geo": {"bgcolor": "white", "landcolor": "#E5ECF6", "subunitcolor": "white", "showland": true, "showlakes": true, "lakecolor": "white"}, "title": {"x": 0.05}, "mapbox": {"style": "light"}}}}}