{"data": [{"z": [[24.53167724609375, 0.5496245622634888, 0.8336083889007568, 0.013182414695620537, 2.1818954944610596, 0.19510605931282043, -1.693237543106079, 3.7626988887786865, -1.0839323997497559, -2.6282172203063965, 0.8744456171989441, 3.0411300659179688, 1.0420916080474854, 0.754328191280365, 4.2253947257995605, 0.6300333738327026, 4.409584045410156, -6.486291885375977, -1.0057177543640137, 4.7268877029418945, -5.559406280517578], [0.5496245622634888, 17.25941276550293, -3.02132511138916, 0.6595332622528076, -4.987054824829102, -4.583032608032227, 1.1424190998077393, -2.0375125408172607, 1.3605999946594238, -3.3989388942718506, 0.8780163526535034, 4.544804096221924, 1.0114363431930542, -0.9498603343963623, -1.4024028778076172, 1.3151533603668213, 0.8862433433532715, 2.544689416885376, -0.8121376037597656, -3.6084837913513184, 2.4909729957580566], [0.8336083889007568, -3.02132511138916, 22.65365219116211, 2.1081972122192383, 1.8298224210739136, -1.3821239471435547, 5.89762544631958, -7.841707229614258, 0.8648928999900818, 5.942604064941406, 0.892711877822876, -9.73353385925293, 0.4561100900173187, 1.8223134279251099, 0.15512022376060486, 2.068354368209839, 4.130082130432129, 4.70656681060791, 3.7973318099975586, -1.6571540832519531, -7.686397552490234], [0.013182414695620537, 0.6595332622528076, 2.1081972122192383, 17.156028747558594, -1.4899351596832275, 0.14557553827762604, 3.937448501586914, -2.4218711853027344, -4.491336345672607, 2.286872148513794, -4.662964344024658, 0.3000265955924988, 0.49864625930786133, -3.23246169090271, 6.788511753082275, 3.346724510192871, -0.8424578905105591, 0.8569679260253906, 0.5288227796554565, -0.6360001564025879, 6.382258415222168], [2.1818954944610596, -4.987054824829102, 1.8298224210739136, -1.4899351596832275, 22.984149932861328, 2.131502151489258, 3.1012120246887207, 1.374424934387207, 2.6405694484710693, -0.2841649353504181, -0.6431708931922913, -3.744332790374756, -3.0197103023529053, 3.8501641750335693, 8.559054374694824, 0.6805623769760132, -2.1125473976135254, 1.5236289501190186, 1.0054337978363037, 3.810457706451416, -1.5143389701843262], [0.19510605931282043, -4.583032608032227, -1.3821239471435547, 0.14557553827762604, 2.131502151489258, 26.52898406982422, 5.603823184967041, -1.515109658241272, 3.8896892070770264, 3.7995824813842773, -2.6179325580596924, -7.498003005981445, -3.992229700088501, 2.1767401695251465, 6.085569381713867, -2.8885695934295654, -3.1891837120056152, -2.9402589797973633, 1.7180795669555664, -2.1197197437286377, -1.9471735954284668], [-1.693237543106079, 1.1424190998077393, 5.89762544631958, 3.937448501586914, 3.1012120246887207, 5.603823184967041, 15.720118522644043, -3.660008668899536, 4.441005229949951, -1.2866065502166748, -4.157535552978516, -4.967313289642334, -2.6213619709014893, 0.6702393889427185, 3.6815741062164307, -2.3780765533447266, 1.7210216522216797, 4.152261734008789, 0.23837321996688843, 0.5313846468925476, -1.9514201879501343], [3.7626988887786865, -2.0375125408172607, -7.841707229614258, -2.4218711853027344, 1.374424934387207, -1.515109658241272, -3.660008668899536, 23.644208908081055, 4.323671817779541, -4.120348930358887, 1.8490875959396362, 4.532370567321777, 1.7651023864746094, -7.22840690612793, 1.4157955646514893, -3.6629445552825928, 3.5690670013427734, -0.635964035987854, -4.411774158477783, 6.272688388824463, -1.512253761291504], [-1.0839323997497559, 1.3605999946594238, 0.8648928999900818, -4.491336345672607, 2.6405694484710693, 3.8896892070770264, 4.441005229949951, 4.323671817779541, 15.106982231140137, 0.9479670524597168, -0.7001024484634399, -5.671001434326172, -3.952937602996826, 2.3050737380981445, -2.838270425796509, -4.317927837371826, 2.6220664978027344, -0.8953561186790466, -1.0947535037994385, 1.6981844902038574, 0.12694330513477325], [-2.6282172203063965, -3.3989388942718506, 5.942604064941406, 2.286872148513794, -0.2841649353504181, 3.7995824813842773, -1.2866065502166748, -4.120348930358887, 0.9479670524597168, 19.136220932006836, -3.2913711071014404, -4.444645404815674, 2.5107920169830322, 2.6183793544769287, 4.080530643463135, 1.696956753730774, 1.267042875289917, -5.47255802154541, 0.9551150798797607, -2.04182505607605, 6.57754373550415], [0.8744456171989441, 0.8780163526535034, 0.892711877822876, -4.662964344024658, -0.6431708931922913, -2.6179325580596924, -4.157535552978516, 1.8490875959396362, -0.7001024484634399, -3.2913711071014404, 22.54300308227539, -4.020951271057129, 2.8587541580200195, -1.7296174764633179, -4.531530857086182, -1.119348168373108, 1.3807573318481445, -2.5630805492401123, -0.7277936935424805, 2.7582502365112305, -2.7997183799743652], [3.0411300659179688, 4.544804096221924, -9.73353385925293, 0.3000265955924988, -3.744332790374756, -7.498003005981445, -4.967313289642334, 4.532370567321777, -5.671001434326172, -4.444645404815674, -4.020951271057129, 28.593765258789062, -1.5239416360855103, 3.2060465812683105, 5.888423919677734, 4.187880039215088, -3.935244083404541, -1.8615264892578125, 5.277120590209961, 0.8482258319854736, 1.431837797164917], [1.0420916080474854, 1.0114363431930542, 0.4561100900173187, 0.49864625930786133, -3.0197103023529053, -3.992229700088501, -2.6213619709014893, 1.7651023864746094, -3.952937602996826, 2.5107920169830322, 2.8587541580200195, -1.5239416360855103, 15.944005012512207, -5.5268096923828125, -2.220189094543457, 3.9204375743865967, 3.12675404548645, 6.278770446777344, 6.751430511474609, 1.4262332916259766, 0.6829385161399841], [0.754328191280365, -0.9498603343963623, 1.8223134279251099, -3.23246169090271, 3.8501641750335693, 2.1767401695251465, 0.6702393889427185, -7.22840690612793, 2.3050737380981445, 2.6183793544769287, -1.7296174764633179, 3.2060465812683105, -5.5268096923828125, 17.104822158813477, -0.05424540117383003, 0.4131782650947571, -4.668184757232666, 0.102783203125, 0.5062136650085449, -3.726901054382324, 0.23555001616477966], [4.2253947257995605, -1.4024028778076172, 0.15512022376060486, 6.788511753082275, 8.559054374694824, 6.085569381713867, 3.6815741062164307, 1.4157955646514893, -2.838270425796509, 4.080530643463135, -4.531530857086182, 5.888423919677734, -2.220189094543457, -0.05424540117383003, 24.695398330688477, 3.8516411781311035, -2.7950854301452637, -10.899500846862793, 3.2195489406585693, 3.7895514965057373, -6.182974338531494], [0.6300333738327026, 1.3151533603668213, 2.068354368209839, 3.346724510192871, 0.6805623769760132, -2.8885695934295654, -2.3780765533447266, -3.6629445552825928, -4.317927837371826, 1.696956753730774, -1.119348168373108, 4.187880039215088, 3.9204375743865967, 0.4131782650947571, 3.8516411781311035, 16.7142391204834, -1.5380504131317139, -6.917393684387207, 5.542821407318115, -3.940279006958008, -5.865732192993164], [4.409583568572998, 0.886243462562561, 4.130081653594971, -0.8424575924873352, -2.1125473976135254, -3.1891837120056152, 1.7210216522216797, 3.569066286087036, 2.6220667362213135, 1.267042875289917, 1.3807569742202759, -3.9352431297302246, 3.12675404548645, -4.66818380355835, -2.7950849533081055, -1.5380501747131348, 19.74848175048828, 2.725123405456543, -2.0349464416503906, -0.5047299861907959, -3.1371614933013916], [-6.486292839050293, 2.544689416885376, 4.70656681060791, 0.8569681644439697, 1.523628830909729, -2.940258741378784, 4.152262210845947, -0.6359641551971436, -0.8953559398651123, -5.472557544708252, -2.5630812644958496, -1.8615264892578125, 6.278769493103027, 0.10278280824422836, -10.89950180053711, -6.917394638061523, 2.725123405456543, 33.344818115234375, 3.4469051361083984, -3.726161479949951, 0.6533545851707458], [-1.0057176351547241, -0.8121375441551208, 3.7973313331604004, 0.528822660446167, 1.0054337978363037, 1.718079686164856, 0.2383730411529541, -4.411774635314941, -1.0947527885437012, 0.9551152586936951, -0.7277932167053223, 5.277120590209961, 6.751430988311768, 0.5062134265899658, 3.2195489406585693, 5.542822360992432, -2.0349464416503906, 3.4469051361083984, 25.325572967529297, -0.952491283416748, -1.5985678434371948], [4.7268877029418945, -3.6084835529327393, -1.6571543216705322, -0.6360001564025879, 3.810458183288574, -2.1197195053100586, 0.5313844680786133, 6.272688865661621, 1.698184847831726, -2.04182505607605, 2.7582502365112305, 0.8482252955436707, 1.4262330532073975, -3.7269012928009033, 3.789551258087158, -3.940279245376587, -0.5047299861907959, -3.726161479949951, -0.952491283416748, 19.349592208862305, -1.7078734636306763], [-5.559406280517578, 2.4909732341766357, -7.686397552490234, 6.38225793838501, -1.5143389701843262, -1.9471732378005981, -1.9514200687408447, -1.5122538805007935, 0.1269431710243225, 6.57754373550415, -2.799717903137207, 1.431837558746338, 0.6829383373260498, 0.2355504035949707, -6.182974815368652, -5.865731239318848, -3.1371610164642334, 0.6533546447753906, -1.5985679626464844, -1.7078735828399658, 26.11185073852539]], "type": "heatmap"}], "layout": {"template": {"data": {"histogram2dcontour": [{"type": "histogram2dcontour", "colorbar": {"outlinewidth": 0, "ticks": ""}, "colorscale": [[0.0, "#0d0887"], [0.1111111111111111, "#46039f"], [0.2222222222222222, "#7201a8"], [0.3333333333333333, "#9c179e"], [0.4444444444444444, "#bd3786"], [0.5555555555555556, "#d8576b"], [0.6666666666666666, "#ed7953"], [0.7777777777777778, "#fb9f3a"], [0.8888888888888888, "#fdca26"], [1.0, "#f0f921"]]}], "choropleth": [{"type": "choropleth", "colorbar": {"outlinewidth": 0, "ticks": ""}}], "histogram2d": [{"type": "histogram2d", "colorbar": {"outlinewidth": 0, "ticks": ""}, "colorscale": [[0.0, "#0d0887"], [0.1111111111111111, "#46039f"], [0.2222222222222222, "#7201a8"], [0.3333333333333333, "#9c179e"], [0.4444444444444444, "#bd3786"], [0.5555555555555556, "#d8576b"], [0.6666666666666666, "#ed7953"], [0.7777777777777778, "#fb9f3a"], [0.8888888888888888, "#fdca26"], [1.0, "#f0f921"]]}], "heatmap": [{"type": "heatmap", "colorbar": {"outlinewidth": 0, "ticks": ""}, "colorscale": [[0.0, "#0d0887"], [0.1111111111111111, "#46039f"], [0.2222222222222222, "#7201a8"], [0.3333333333333333, "#9c179e"], [0.4444444444444444, "#bd3786"], [0.5555555555555556, "#d8576b"], [0.6666666666666666, "#ed7953"], [0.7777777777777778, "#fb9f3a"], [0.8888888888888888, "#fdca26"], [1.0, "#f0f921"]]}], "heatmapgl": [{"type": "heatmapgl", "colorbar": {"outlinewidth": 0, "ticks": ""}, "colorscale": [[0.0, "#0d0887"], [0.1111111111111111, "#46039f"], [0.2222222222222222, "#7201a8"], [0.3333333333333333, "#9c179e"], [0.4444444444444444, "#bd3786"], [0.5555555555555556, "#d8576b"], [0.6666666666666666, "#ed7953"], [0.7777777777777778, "#fb9f3a"], [0.8888888888888888, "#fdca26"], [1.0, "#f0f921"]]}], "contourcarpet": [{"type": "contourcarpet", "colorbar": {"outlinewidth": 0, "ticks": ""}}], "contour": [{"type": "contour", "colorbar": {"outlinewidth": 0, "ticks": ""}, "colorscale": [[0.0, "#0d0887"], [0.1111111111111111, "#46039f"], [0.2222222222222222, "#7201a8"], [0.3333333333333333, "#9c179e"], [0.4444444444444444, "#bd3786"], [0.5555555555555556, "#d8576b"], [0.6666666666666666, "#ed7953"], [0.7777777777777778, "#fb9f3a"], [0.8888888888888888, "#fdca26"], [1.0, "#f0f921"]]}], "surface": [{"type": "surface", "colorbar": {"outlinewidth": 0, "ticks": ""}, "colorscale": [[0.0, "#0d0887"], [0.1111111111111111, "#46039f"], [0.2222222222222222, "#7201a8"], [0.3333333333333333, "#9c179e"], [0.4444444444444444, "#bd3786"], [0.5555555555555556, "#d8576b"], [0.6666666666666666, "#ed7953"], [0.7777777777777778, "#fb9f3a"], [0.8888888888888888, "#fdca26"], [1.0, "#f0f921"]]}], "mesh3d": [{"type": "mesh3d", "colorbar": {"outlinewidth": 0, "ticks": ""}}], "scatter": [{"fillpattern": {"fillmode": "overlay", "size": 10, "solidity": 0.2}, "type": "scatter"}], "parcoords": [{"type": "parcoords", "line": {"colorbar": {"outlinewidth": 0, "ticks": ""}}}], "scatterpolargl": [{"type": "scatterpolargl", "marker": {"colorbar": {"outlinewidth": 0, "ticks": ""}}}], "bar": [{"error_x": {"color": "#2a3f5f"}, "error_y": {"color": "#2a3f5f"}, "marker": {"line": {"color": "#E5ECF6", "width": 0.5}, "pattern": {"fillmode": "overlay", "size": 10, "solidity": 0.2}}, "type": "bar"}], "scattergeo": [{"type": "scattergeo", "marker": {"colorbar": {"outlinewidth": 0, "ticks": ""}}}], "scatterpolar": [{"type": "scatterpolar", "marker": {"colorbar": {"outlinewidth": 0, "ticks": ""}}}], "histogram": [{"marker": {"pattern": {"fillmode": "overlay", "size": 10, "solidity": 0.2}}, "type": "histogram"}], "scattergl": [{"type": "scattergl", "marker": {"colorbar": {"outlinewidth": 0, "ticks": ""}}}], "scatter3d": [{"type": "scatter3d", "line": {"colorbar": {"outlinewidth": 0, "ticks": ""}}, "marker": {"colorbar": {"outlinewidth": 0, "ticks": ""}}}], "scattermapbox": [{"type": "scattermapbox", "marker": {"colorbar": {"outlinewidth": 0, "ticks": ""}}}], "scatterternary": [{"type": "scatterternary", "marker": {"colorbar": {"outlinewidth": 0, "ticks": ""}}}], "scattercarpet": [{"type": "scattercarpet", "marker": {"colorbar": {"outlinewidth": 0, "ticks": ""}}}], "carpet": [{"aaxis": {"endlinecolor": "#2a3f5f", "gridcolor": "white", "linecolor": "white", "minorgridcolor": "white", "startlinecolor": "#2a3f5f"}, "baxis": {"endlinecolor": "#2a3f5f", "gridcolor": "white", "linecolor": "white", "minorgridcolor": "white", "startlinecolor": "#2a3f5f"}, "type": "carpet"}], "table": [{"cells": {"fill": {"color": "#EBF0F8"}, "line": {"color": "white"}}, "header": {"fill": {"color": "#C8D4E3"}, "line": {"color": "white"}}, "type": "table"}], "barpolar": [{"marker": {"line": {"color": "#E5ECF6", "width": 0.5}, "pattern": {"fillmode": "overlay", "size": 10, "solidity": 0.2}}, "type": "barpolar"}], "pie": [{"automargin": true, "type": "pie"}]}, "layout": {"autotypenumbers": "strict", "colorway": ["#636efa", "#EF553B", "#00cc96", "#ab63fa", "#FFA15A", "#19d3f3", "#FF6692", "#B6E880", "#FF97FF", "#FECB52"], "font": {"color": "#2a3f5f"}, "hovermode": "closest", "hoverlabel": {"align": "left"}, "paper_bgcolor": "white", "plot_bgcolor": "#E5ECF6", "polar": {"bgcolor": "#E5ECF6", "angularaxis": {"gridcolor": "white", "linecolor": "white", "ticks": ""}, "radialaxis": {"gridcolor": "white", "linecolor": "white", "ticks": ""}}, "ternary": {"bgcolor": "#E5ECF6", "aaxis": {"gridcolor": "white", "linecolor": "white", "ticks": ""}, "baxis": {"gridcolor": "white", "linecolor": "white", "ticks": ""}, "caxis": {"gridcolor": "white", "linecolor": "white", "ticks": ""}}, "coloraxis": {"colorbar": {"outlinewidth": 0, "ticks": ""}}, "colorscale": {"sequential": [[0.0, "#0d0887"], [0.1111111111111111, "#46039f"], [0.2222222222222222, "#7201a8"], [0.3333333333333333, "#9c179e"], [0.4444444444444444, "#bd3786"], [0.5555555555555556, "#d8576b"], [0.6666666666666666, "#ed7953"], [0.7777777777777778, "#fb9f3a"], [0.8888888888888888, "#fdca26"], [1.0, "#f0f921"]], "sequentialminus": [[0.0, "#0d0887"], [0.1111111111111111, "#46039f"], [0.2222222222222222, "#7201a8"], [0.3333333333333333, "#9c179e"], [0.4444444444444444, "#bd3786"], [0.5555555555555556, "#d8576b"], [0.6666666666666666, "#ed7953"], [0.7777777777777778, "#fb9f3a"], [0.8888888888888888, "#fdca26"], [1.0, "#f0f921"]], "diverging": [[0, "#8e0152"], [0.1, "#c51b7d"], [0.2, "#de77ae"], [0.3, "#f1b6da"], [0.4, "#fde0ef"], [0.5, "#f7f7f7"], [0.6, "#e6f5d0"], [0.7, "#b8e186"], [0.8, "#7fbc41"], [0.9, "#4d9221"], [1, "#276419"]]}, "xaxis": {"gridcolor": "white", "linecolor": "white", "ticks": "", "title": {"standoff": 15}, "zerolinecolor": "white", "automargin": true, "zerolinewidth": 2}, "yaxis": {"gridcolor": "white", "linecolor": "white", "ticks": "", "title": {"standoff": 15}, "zerolinecolor": "white", "automargin": true, "zerolinewidth": 2}, "scene": {"xaxis": {"backgroundcolor": "#E5ECF6", "gridcolor": "white", "linecolor": "white", "showbackground": true, "ticks": "", "zerolinecolor": "white", "gridwidth": 2}, "yaxis": {"backgroundcolor": "#E5ECF6", "gridcolor": "white", "linecolor": "white", "showbackground": true, "ticks": "", "zerolinecolor": "white", "gridwidth": 2}, "zaxis": {"backgroundcolor": "#E5ECF6", "gridcolor": "white", "linecolor": "white", "showbackground": true, "ticks": "", "zerolinecolor": "white", "gridwidth": 2}}, "shapedefaults": {"line": {"color": "#2a3f5f"}}, "annotationdefaults": {"arrowcolor": "#2a3f5f", "arrowhead": 0, "arrowwidth": 1}, "geo": {"bgcolor": "white", "landcolor": "#E5ECF6", "subunitcolor": "white", "showland": true, "showlakes": true, "lakecolor": "white"}, "title": {"x": 0.05}, "mapbox": {"style": "light"}}}}}