{"data": [{"z": [[24.424449920654297, 0.5632723569869995, 0.8551051020622253, 0.048176903277635574, 2.1840853691101074, 0.22930046916007996, -1.6862133741378784, 3.775118827819824, -1.0367408990859985, -2.5950279235839844, 0.8948604464530945, 3.0554986000061035, 1.0723170042037964, 0.7819379568099976, 4.236866474151611, 0.6650150418281555, 4.380953311920166, -6.429248332977295, -0.9776153564453125, 4.737196922302246, -5.552403926849365], [0.5632723569869995, 17.135107040405273, -2.9751980304718018, 0.6692789196968079, -4.948783874511719, -4.522386074066162, 1.1638965606689453, -2.027570962905884, 1.370066523551941, -3.3530044555664062, 0.8815236687660217, 4.538788795471191, 1.0099412202835083, -0.9293619394302368, -1.36235511302948, 1.3272895812988281, 0.8825883865356445, 2.5017809867858887, -0.7665021419525146, -3.581268787384033, 2.4765725135803223], [0.8551051020622253, -2.9751980304718018, 22.498119354248047, 2.1217122077941895, 1.8575605154037476, -1.3517777919769287, 5.900123119354248, -7.775449752807617, 0.8773186802864075, 5.901813983917236, 0.9029732346534729, -9.690217971801758, 0.4959429204463959, 1.792905569076538, 0.19495134055614471, 2.057950496673584, 4.162910461425781, 4.715824604034424, 3.8127827644348145, -1.6351728439331055, -7.672537326812744], [0.048176903277635574, 0.6692789196968079, 2.1217122077941895, 17.038692474365234, -1.4506653547286987, 0.20240232348442078, 3.955780029296875, -2.415210485458374, -4.447601318359375, 2.2959611415863037, -4.6588263511657715, 0.27408915758132935, 0.5024791955947876, -3.2129805088043213, 6.805657386779785, 3.3255889415740967, -0.8335610628128052, 0.8679099678993225, 0.5867162346839905, -0.6352859735488892, 6.340672969818115], [2.1840853691101074, -4.948783874511719, 1.8575605154037476, -1.4506653547286987, 22.927867889404297, 2.1455624103546143, 3.0894339084625244, 1.39990234375, 2.659275531768799, -0.25860464572906494, -0.6310736536979675, -3.7227895259857178, -3.004596710205078, 3.8744187355041504, 8.550664901733398, 0.7047902941703796, -2.0995755195617676, 1.5490748882293701, 1.0037025213241577, 3.807870626449585, -1.521677851676941], [0.22930046916007996, -4.522386074066162, -1.3517777919769287, 0.20240232348442078, 2.1455624103546143, 26.45606231689453, 5.620969772338867, -1.482875943183899, 3.88887882232666, 3.7933695316314697, -2.60209059715271, -7.457794666290283, -3.9761099815368652, 2.1751372814178467, 6.107820510864258, -2.8773066997528076, -3.142583131790161, -2.897324323654175, 1.7222799062728882, -2.0925650596618652, -1.9445921182632446], [-1.6862133741378784, 1.1638965606689453, 5.900123119354248, 3.955780029296875, 3.0894339084625244, 5.620969772338867, 15.66898250579834, -3.6459267139434814, 4.448413372039795, -1.2552082538604736, -4.123225688934326, -4.938625812530518, -2.5972306728363037, 0.6966100931167603, 3.6905441284179688, -2.3389503955841064, 1.7216262817382812, 4.141107559204102, 0.2453758716583252, 0.527010977268219, -1.9547220468521118], [3.775118827819824, -2.027570962905884, -7.775449752807617, -2.415210485458374, 1.39990234375, -1.482875943183899, -3.6459267139434814, 23.521610260009766, 4.308163642883301, -4.062496185302734, 1.8503592014312744, 4.526986598968506, 1.7768921852111816, -7.156254768371582, 1.4338845014572144, -3.6299655437469482, 3.546121120452881, -0.622328519821167, -4.34149169921875, 6.259644508361816, -1.5025784969329834], [-1.0367408990859985, 1.370066523551941, 0.8773186802864075, -4.447601318359375, 2.659275531768799, 3.88887882232666, 4.448413372039795, 4.308163642883301, 15.021541595458984, 0.966602087020874, -0.6894242763519287, -5.624739646911621, -3.925980567932129, 2.290231704711914, -2.7774674892425537, -4.3002610206604, 2.61641263961792, -0.8994275331497192, -1.0331248044967651, 1.7119054794311523, 0.12735344469547272], [-2.5950279235839844, -3.3530044555664062, 5.901813983917236, 2.2959611415863037, -0.25860464572906494, 3.7933695316314697, -1.2552082538604736, -4.062496185302734, 0.966602087020874, 19.056652069091797, -3.2689716815948486, -4.427682876586914, 2.5253148078918457, 2.6087698936462402, 4.085573196411133, 1.6924794912338257, 1.295285940170288, -5.406093120574951, 0.9501172304153442, -2.0201807022094727, 6.554581642150879], [0.8948604464530945, 0.8815236687660217, 0.9029732346534729, -4.6588263511657715, -0.6310736536979675, -2.60209059715271, -4.123225688934326, 1.8503592014312744, -0.6894242763519287, -3.2689716815948486, 22.430606842041016, -4.024519920349121, 2.8319003582000732, -1.7225306034088135, -4.508327960968018, -1.1296073198318481, 1.4054768085479736, -2.525960922241211, -0.7107415199279785, 2.757906913757324, -2.815093994140625], [3.0554986000061035, 4.538788795471191, -9.690217971801758, 0.27408915758132935, -3.7227895259857178, -7.457794666290283, -4.938625812530518, 4.526986598968506, -5.624739646911621, -4.427682876586914, -4.024519920349121, 28.498952865600586, -1.5148512125015259, 3.194673538208008, 5.876748085021973, 4.171729564666748, -3.933166742324829, -1.8264764547348022, 5.2837934494018555, 0.8408932685852051, 1.421707034111023], [1.0723170042037964, 1.0099412202835083, 0.4959429204463959, 0.5024791955947876, -3.004596710205078, -3.9761099815368652, -2.5972306728363037, 1.7768921852111816, -3.925980567932129, 2.5253148078918457, 2.8319003582000732, -1.5148512125015259, 15.866623878479004, -5.502402305603027, -2.183398962020874, 3.9044296741485596, 3.140514373779297, 6.2594075202941895, 6.746981620788574, 1.438535451889038, 0.6653331518173218], [0.7819379568099976, -0.9293619394302368, 1.792905569076538, -3.2129805088043213, 3.8744187355041504, 2.1751372814178467, 0.6966100931167603, -7.156254768371582, 2.290231704711914, 2.6087698936462402, -1.7225306034088135, 3.194673538208008, -5.502402305603027, 16.950075149536133, 0.008742152713239193, 0.40561234951019287, -4.629429340362549, 0.09484744071960449, 0.5411410331726074, -3.693203926086426, 0.22355583310127258], [4.236866474151611, -1.36235511302948, 0.19495134055614471, 6.805657386779785, 8.550664901733398, 6.107820510864258, 3.6905441284179688, 1.4338845014572144, -2.7774674892425537, 4.085573196411133, -4.508327960968018, 5.876748085021973, -2.183398962020874, 0.008742152713239193, 24.64767837524414, 3.8722288608551025, -2.7808003425598145, -10.811352729797363, 3.2096707820892334, 3.791668653488159, -6.1851582527160645], [0.6650150418281555, 1.3272895812988281, 2.057950496673584, 3.3255889415740967, 0.7047902941703796, -2.8773066997528076, -2.3389503955841064, -3.6299655437469482, -4.3002610206604, 1.6924794912338257, -1.1296073198318481, 4.171729564666748, 3.9044296741485596, 0.40561234951019287, 3.8722288608551025, 16.636362075805664, -1.5148788690567017, -6.863317489624023, 5.5523295402526855, -3.926318883895874, -5.86965799331665], [4.380952835083008, 0.8825885057449341, 4.162911891937256, -0.8335610628128052, -2.099575996398926, -3.1425836086273193, 1.7216265201568604, 3.546121120452881, 2.61641263961792, 1.295285940170288, 1.405476450920105, -3.933166742324829, 3.140514612197876, -4.629430294036865, -2.7808010578155518, -1.5148793458938599, 19.675371170043945, 2.729918956756592, -1.9945487976074219, -0.5175987482070923, -3.136763095855713], [-6.429248809814453, 2.501781463623047, 4.715824604034424, 0.8679097890853882, 1.549074649810791, -2.897324562072754, 4.141107082366943, -0.622328519821167, -0.8994277715682983, -5.406092643737793, -2.5259602069854736, -1.826475977897644, 6.259407043457031, 0.09484715759754181, -10.81135368347168, -6.863316059112549, 2.729918956756592, 33.199256896972656, 3.491962432861328, -3.6881790161132812, 0.6446273922920227], [-0.9776155352592468, -0.7665026187896729, 3.8127822875976562, 0.5867162942886353, 1.0037027597427368, 1.7222797870635986, 0.24537579715251923, -4.341491222381592, -1.0331249237060547, 0.9501171708106995, -0.7107418179512024, 5.283793926239014, 6.746982574462891, 0.541140615940094, 3.2096712589263916, 5.552328586578369, -1.9945487976074219, 3.491962432861328, 25.247356414794922, -0.9328180551528931, -1.6113425493240356], [4.737196922302246, -3.5812668800354004, -1.6351728439331055, -0.6352860927581787, 3.807870388031006, -2.0925652980804443, 0.5270106792449951, 6.259644985198975, 1.7119051218032837, -2.0201804637908936, 2.7579071521759033, 0.8408933281898499, 1.438536524772644, -3.693203926086426, 3.791668653488159, -3.926319122314453, -0.5175987482070923, -3.6881790161132812, -0.9328180551528931, 19.30251693725586, -1.711450457572937], [-5.552404403686523, 2.4765727519989014, -7.6725382804870605, 6.340672492980957, -1.5216776132583618, -1.9445922374725342, -1.9547224044799805, -1.502578616142273, 0.12735331058502197, 6.554581165313721, -2.815093994140625, 1.4217069149017334, 0.6653335094451904, 0.2235558032989502, -6.185157775878906, -5.86965799331665, -3.1367626190185547, 0.6446273326873779, -1.6113426685333252, -1.7114505767822266, 26.11185073852539]], "type": "heatmap"}], "layout": {"template": {"data": {"histogram2dcontour": [{"type": "histogram2dcontour", "colorbar": {"outlinewidth": 0, "ticks": ""}, "colorscale": [[0.0, "#0d0887"], [0.1111111111111111, "#46039f"], [0.2222222222222222, "#7201a8"], [0.3333333333333333, "#9c179e"], [0.4444444444444444, "#bd3786"], [0.5555555555555556, "#d8576b"], [0.6666666666666666, "#ed7953"], [0.7777777777777778, "#fb9f3a"], [0.8888888888888888, "#fdca26"], [1.0, "#f0f921"]]}], "choropleth": [{"type": "choropleth", "colorbar": {"outlinewidth": 0, "ticks": ""}}], "histogram2d": [{"type": "histogram2d", "colorbar": {"outlinewidth": 0, "ticks": ""}, "colorscale": [[0.0, "#0d0887"], [0.1111111111111111, "#46039f"], [0.2222222222222222, "#7201a8"], [0.3333333333333333, "#9c179e"], [0.4444444444444444, "#bd3786"], [0.5555555555555556, "#d8576b"], [0.6666666666666666, "#ed7953"], [0.7777777777777778, "#fb9f3a"], [0.8888888888888888, "#fdca26"], [1.0, "#f0f921"]]}], "heatmap": [{"type": "heatmap", "colorbar": {"outlinewidth": 0, "ticks": ""}, "colorscale": [[0.0, "#0d0887"], [0.1111111111111111, "#46039f"], [0.2222222222222222, "#7201a8"], [0.3333333333333333, "#9c179e"], [0.4444444444444444, "#bd3786"], [0.5555555555555556, "#d8576b"], [0.6666666666666666, "#ed7953"], [0.7777777777777778, "#fb9f3a"], [0.8888888888888888, "#fdca26"], [1.0, "#f0f921"]]}], "heatmapgl": [{"type": "heatmapgl", "colorbar": {"outlinewidth": 0, "ticks": ""}, "colorscale": [[0.0, "#0d0887"], [0.1111111111111111, "#46039f"], [0.2222222222222222, "#7201a8"], [0.3333333333333333, "#9c179e"], [0.4444444444444444, "#bd3786"], [0.5555555555555556, "#d8576b"], [0.6666666666666666, "#ed7953"], [0.7777777777777778, "#fb9f3a"], [0.8888888888888888, "#fdca26"], [1.0, "#f0f921"]]}], "contourcarpet": [{"type": "contourcarpet", "colorbar": {"outlinewidth": 0, "ticks": ""}}], "contour": [{"type": "contour", "colorbar": {"outlinewidth": 0, "ticks": ""}, "colorscale": [[0.0, "#0d0887"], [0.1111111111111111, "#46039f"], [0.2222222222222222, "#7201a8"], [0.3333333333333333, "#9c179e"], [0.4444444444444444, "#bd3786"], [0.5555555555555556, "#d8576b"], [0.6666666666666666, "#ed7953"], [0.7777777777777778, "#fb9f3a"], [0.8888888888888888, "#fdca26"], [1.0, "#f0f921"]]}], "surface": [{"type": "surface", "colorbar": {"outlinewidth": 0, "ticks": ""}, "colorscale": [[0.0, "#0d0887"], [0.1111111111111111, "#46039f"], [0.2222222222222222, "#7201a8"], [0.3333333333333333, "#9c179e"], [0.4444444444444444, "#bd3786"], [0.5555555555555556, "#d8576b"], [0.6666666666666666, "#ed7953"], [0.7777777777777778, "#fb9f3a"], [0.8888888888888888, "#fdca26"], [1.0, "#f0f921"]]}], "mesh3d": [{"type": "mesh3d", "colorbar": {"outlinewidth": 0, "ticks": ""}}], "scatter": [{"fillpattern": {"fillmode": "overlay", "size": 10, "solidity": 0.2}, "type": "scatter"}], "parcoords": [{"type": "parcoords", "line": {"colorbar": {"outlinewidth": 0, "ticks": ""}}}], "scatterpolargl": [{"type": "scatterpolargl", "marker": {"colorbar": {"outlinewidth": 0, "ticks": ""}}}], "bar": [{"error_x": {"color": "#2a3f5f"}, "error_y": {"color": "#2a3f5f"}, "marker": {"line": {"color": "#E5ECF6", "width": 0.5}, "pattern": {"fillmode": "overlay", "size": 10, "solidity": 0.2}}, "type": "bar"}], "scattergeo": [{"type": "scattergeo", "marker": {"colorbar": {"outlinewidth": 0, "ticks": ""}}}], "scatterpolar": [{"type": "scatterpolar", "marker": {"colorbar": {"outlinewidth": 0, "ticks": ""}}}], "histogram": [{"marker": {"pattern": {"fillmode": "overlay", "size": 10, "solidity": 0.2}}, "type": "histogram"}], "scattergl": [{"type": "scattergl", "marker": {"colorbar": {"outlinewidth": 0, "ticks": ""}}}], "scatter3d": [{"type": "scatter3d", "line": {"colorbar": {"outlinewidth": 0, "ticks": ""}}, "marker": {"colorbar": {"outlinewidth": 0, "ticks": ""}}}], "scattermapbox": [{"type": "scattermapbox", "marker": {"colorbar": {"outlinewidth": 0, "ticks": ""}}}], "scatterternary": [{"type": "scatterternary", "marker": {"colorbar": {"outlinewidth": 0, "ticks": ""}}}], "scattercarpet": [{"type": "scattercarpet", "marker": {"colorbar": {"outlinewidth": 0, "ticks": ""}}}], "carpet": [{"aaxis": {"endlinecolor": "#2a3f5f", "gridcolor": "white", "linecolor": "white", "minorgridcolor": "white", "startlinecolor": "#2a3f5f"}, "baxis": {"endlinecolor": "#2a3f5f", "gridcolor": "white", "linecolor": "white", "minorgridcolor": "white", "startlinecolor": "#2a3f5f"}, "type": "carpet"}], "table": [{"cells": {"fill": {"color": "#EBF0F8"}, "line": {"color": "white"}}, "header": {"fill": {"color": "#C8D4E3"}, "line": {"color": "white"}}, "type": "table"}], "barpolar": [{"marker": {"line": {"color": "#E5ECF6", "width": 0.5}, "pattern": {"fillmode": "overlay", "size": 10, "solidity": 0.2}}, "type": "barpolar"}], "pie": [{"automargin": true, "type": "pie"}]}, "layout": {"autotypenumbers": "strict", "colorway": ["#636efa", "#EF553B", "#00cc96", "#ab63fa", "#FFA15A", "#19d3f3", "#FF6692", "#B6E880", "#FF97FF", "#FECB52"], "font": {"color": "#2a3f5f"}, "hovermode": "closest", "hoverlabel": {"align": "left"}, "paper_bgcolor": "white", "plot_bgcolor": "#E5ECF6", "polar": {"bgcolor": "#E5ECF6", "angularaxis": {"gridcolor": "white", "linecolor": "white", "ticks": ""}, "radialaxis": {"gridcolor": "white", "linecolor": "white", "ticks": ""}}, "ternary": {"bgcolor": "#E5ECF6", "aaxis": {"gridcolor": "white", "linecolor": "white", "ticks": ""}, "baxis": {"gridcolor": "white", "linecolor": "white", "ticks": ""}, "caxis": {"gridcolor": "white", "linecolor": "white", "ticks": ""}}, "coloraxis": {"colorbar": {"outlinewidth": 0, "ticks": ""}}, "colorscale": {"sequential": [[0.0, "#0d0887"], [0.1111111111111111, "#46039f"], [0.2222222222222222, "#7201a8"], [0.3333333333333333, "#9c179e"], [0.4444444444444444, "#bd3786"], [0.5555555555555556, "#d8576b"], [0.6666666666666666, "#ed7953"], [0.7777777777777778, "#fb9f3a"], [0.8888888888888888, "#fdca26"], [1.0, "#f0f921"]], "sequentialminus": [[0.0, "#0d0887"], [0.1111111111111111, "#46039f"], [0.2222222222222222, "#7201a8"], [0.3333333333333333, "#9c179e"], [0.4444444444444444, "#bd3786"], [0.5555555555555556, "#d8576b"], [0.6666666666666666, "#ed7953"], [0.7777777777777778, "#fb9f3a"], [0.8888888888888888, "#fdca26"], [1.0, "#f0f921"]], "diverging": [[0, "#8e0152"], [0.1, "#c51b7d"], [0.2, "#de77ae"], [0.3, "#f1b6da"], [0.4, "#fde0ef"], [0.5, "#f7f7f7"], [0.6, "#e6f5d0"], [0.7, "#b8e186"], [0.8, "#7fbc41"], [0.9, "#4d9221"], [1, "#276419"]]}, "xaxis": {"gridcolor": "white", "linecolor": "white", "ticks": "", "title": {"standoff": 15}, "zerolinecolor": "white", "automargin": true, "zerolinewidth": 2}, "yaxis": {"gridcolor": "white", "linecolor": "white", "ticks": "", "title": {"standoff": 15}, "zerolinecolor": "white", "automargin": true, "zerolinewidth": 2}, "scene": {"xaxis": {"backgroundcolor": "#E5ECF6", "gridcolor": "white", "linecolor": "white", "showbackground": true, "ticks": "", "zerolinecolor": "white", "gridwidth": 2}, "yaxis": {"backgroundcolor": "#E5ECF6", "gridcolor": "white", "linecolor": "white", "showbackground": true, "ticks": "", "zerolinecolor": "white", "gridwidth": 2}, "zaxis": {"backgroundcolor": "#E5ECF6", "gridcolor": "white", "linecolor": "white", "showbackground": true, "ticks": "", "zerolinecolor": "white", "gridwidth": 2}}, "shapedefaults": {"line": {"color": "#2a3f5f"}}, "annotationdefaults": {"arrowcolor": "#2a3f5f", "arrowhead": 0, "arrowwidth": 1}, "geo": {"bgcolor": "white", "landcolor": "#E5ECF6", "subunitcolor": "white", "showland": true, "showlakes": true, "lakecolor": "white"}, "title": {"x": 0.05}, "mapbox": {"style": "light"}}}}}