{"data": [{"z": [[24.48125457763672, 0.5550154447555542, 0.8416861295700073, 0.02799723483622074, 2.1822941303253174, 0.21107268333435059, -1.6893168687820435, 3.7680985927581787, -1.064690113067627, -2.613377332687378, 0.8828118443489075, 3.047884225845337, 1.0553287267684937, 0.7678396105766296, 4.230923652648926, 0.6465663909912109, 4.394286155700684, -6.459273815155029, -0.9914453029632568, 4.731634140014648, -5.557286739349365], [0.5550154447555542, 17.1986141204834, -3.002387523651123, 0.6602262854576111, -4.970864295959473, -4.558044910430908, 1.1513450145721436, -2.0351431369781494, 1.3617160320281982, -3.3806893825531006, 0.8770959377288818, 4.540277481079102, 1.009193778038025, -0.9442042708396912, -1.3856793642044067, 1.3163350820541382, 0.8829824924468994, 2.522207736968994, -0.7913497686386108, -3.597811222076416, 2.4879279136657715], [0.8416861295700073, -3.002387523651123, 22.571626663208008, 2.111220598220825, 1.8376274108886719, -1.3710367679595947, 5.895737648010254, -7.813867568969727, 0.8650071620941162, 5.916767597198486, 0.8942326307296753, -9.714518547058105, 0.468728631734848, 1.8038933277130127, 0.16918973624706268, 2.0554287433624268, 4.143000602722168, 4.707205772399902, 3.7987587451934814, -1.6503663063049316, -7.6750807762146], [0.02799723483622074, 0.6602262854576111, 2.111220598220825, 17.095888137817383, -1.4765390157699585, 0.1633746474981308, 3.9427411556243896, -2.4251651763916016, -4.477940559387207, 2.284820795059204, -4.666337966918945, 0.28299853205680847, 0.49561139941215515, -3.229623556137085, 6.7921881675720215, 3.3295936584472656, -0.8410332798957825, 0.8555306196212769, 0.5499138832092285, -0.6395392417907715, 6.367445945739746], [2.1822941303253174, -4.970864295959473, 1.8376274108886719, -1.4765390157699585, 22.957218170166016, 2.136528968811035, 3.0961031913757324, 1.3852503299713135, 2.647155284881592, -0.2730599641799927, -0.6386157274246216, -3.734553098678589, -3.0139620304107666, 3.8581647872924805, 8.554475784301758, 0.6896105408668518, -2.106933116912842, 1.5348057746887207, 1.0046173334121704, 3.8094496726989746, -1.5168378353118896], [0.21107268333435059, -4.558044910430908, -1.3710367679595947, 0.1633746474981308, 2.136528968811035, 26.493928909301758, 5.608107089996338, -1.5032132863998413, 3.885704755783081, 3.7928638458251953, -2.6126725673675537, -7.4834303855896, -3.98850154876709, 2.1702468395233154, 6.09454345703125, -2.887255907058716, -3.1713736057281494, -2.9210658073425293, 1.719045877456665, -2.1104331016540527, -1.9446988105773926], [-1.6893168687820435, 1.1513450145721436, 5.895737648010254, 3.9427411556243896, 3.0961031913757324, 5.608107089996338, 15.69797134399414, -3.654860496520996, 4.442093372344971, -1.2745193243026733, -4.142892837524414, -4.9542999267578125, -2.614098310470581, 0.6804133057594299, 3.6850099563598633, -2.3624958992004395, 1.7205140590667725, 4.1449737548828125, 0.2402106523513794, 0.5294106006622314, -1.9528577327728271], [3.7680985927581787, -2.0351431369781494, -7.813867568969727, -2.4251651763916016, 1.3852503299713135, -1.5032132863998413, -3.654860496520996, 23.58146095275879, 4.3126301765441895, -4.095762729644775, 1.845717430114746, 4.526493549346924, 1.7669267654418945, -7.198965549468994, 1.4236692190170288, -3.6518003940582275, 3.5551400184631348, -0.6303627490997314, -4.378041744232178, 6.2625322341918945, -1.5061665773391724], [-1.064690113067627, 1.3617160320281982, 0.8650071620941162, -4.477940559387207, 2.647155284881592, 3.885704755783081, 4.442093372344971, 4.3126301765441895, 15.063307762145996, 0.9541627764701843, -0.6984265446662903, -5.650838851928711, -3.944577693939209, 2.2941079139709473, -2.8102452754974365, -4.312871932983398, 2.61417555809021, -0.9009195566177368, -1.0659440755844116, 1.701108455657959, 0.12861065566539764], [-2.613377332687378, -3.3806893825531006, 5.916767597198486, 2.284820795059204, -0.2730599641799927, 3.7928638458251953, -1.2745193243026733, -4.095762729644775, 0.9541627764701843, 19.09752082824707, -3.280878782272339, -4.439411163330078, 2.514860153198242, 2.608043670654297, 4.080074310302734, 1.6940579414367676, 1.2783558368682861, -5.443720817565918, 0.9520469903945923, -2.0334882736206055, 6.5694732666015625], [0.8828118443489075, 0.8770959377288818, 0.8942326307296753, -4.666337966918945, -0.6386157274246216, -2.6126725673675537, -4.142892837524414, 1.845717430114746, -0.6984265446662903, -3.280878782272339, 22.48752212524414, -4.026580333709717, 2.842188596725464, -1.728658676147461, -4.520059585571289, -1.1268556118011475, 1.390315055847168, -2.5498929023742676, -0.7218852043151855, 2.7561445236206055, -2.8059163093566895], [3.047884225845337, 4.540277481079102, -9.714518547058105, 0.28299853205680847, -3.734553098678589, -7.4834303855896, -4.9542999267578125, 4.526493549346924, -5.650838851928711, -4.439411163330078, -4.026580333709717, 28.54396629333496, -1.5215282440185547, 3.1966211795806885, 5.880148410797119, 4.175541400909424, -3.9338841438293457, -1.8457248210906982, 5.278293609619141, 0.8435858488082886, 1.4292752742767334], [1.0553287267684937, 1.009193778038025, 0.468728631734848, 0.49561139941215515, -3.0139620304107666, -3.98850154876709, -2.614098310470581, 1.7669267654418945, -3.944577693939209, 2.514860153198242, 2.842188596725464, -1.5215282440185547, 15.904790878295898, -5.521958827972412, -2.202558755874634, 3.908496141433716, 3.131704330444336, 6.266536235809326, 6.747406005859375, 1.429089069366455, 0.6762011051177979], [0.7678396105766296, -0.9442042708396912, 1.8038933277130127, -3.229623556137085, 3.8581647872924805, 2.1702468395233154, 0.6804133057594299, -7.198965549468994, 2.2941079139709473, 2.608043670654297, -1.728658676147461, 3.1966211795806885, -5.521958827972412, 17.02928352355957, -0.02783539704978466, 0.4032137393951416, -4.653046607971191, 0.09660029411315918, 0.5173830986022949, -3.713670492172241, 0.23281589150428772], [4.230923652648926, -1.3856793642044067, 0.16918973624706268, 6.7921881675720215, 8.554475784301758, 6.09454345703125, 3.6850099563598633, 1.4236692190170288, -2.8102452754974365, 4.080074310302734, -4.520059585571289, 5.880148410797119, -2.202558755874634, -0.02783539704978466, 24.674028396606445, 3.8602354526519775, -2.7890889644622803, -10.857702255249023, 3.2154135704040527, 3.7903971672058105, -6.184579372406006], [0.6465663909912109, 1.3163350820541382, 2.0554287433624268, 3.3295936584472656, 0.6896105408668518, -2.887255907058716, -2.3624958992004395, -3.6518003940582275, -4.312871932983398, 1.6940579414367676, -1.1268556118011475, 4.175541400909424, 3.908496141433716, 0.4032137393951416, 3.8602354526519775, 16.673540115356445, -1.5309879779815674, -6.896359443664551, 5.544839859008789, -3.936553716659546, -5.8656134605407715], [4.394286632537842, 0.8829819560050964, 4.143001556396484, -0.841033399105072, -2.1069328784942627, -3.171373128890991, 1.7205146551132202, 3.5551397800445557, 2.61417555809021, 1.2783559560775757, 1.3903149366378784, -3.9338836669921875, 3.131704330444336, -4.653046607971191, -2.7890892028808594, -1.5309879779815674, 19.710983276367188, 2.7253332138061523, -2.0159244537353516, -0.5128319263458252, -3.1352689266204834], [-6.459273338317871, 2.522207498550415, 4.707205772399902, 0.8555307984352112, 1.5348055362701416, -2.9210658073425293, 4.144972324371338, -0.6303624510765076, -0.9009195566177368, -5.443721294403076, -2.549894094467163, -1.8457250595092773, 6.266536235809326, 0.09659994393587112, -10.857702255249023, -6.896358966827393, 2.7253332138061523, 33.274757385253906, 3.4674549102783203, -3.7112603187561035, 0.6491391658782959], [-0.9914457201957703, -0.7913496494293213, 3.7987592220306396, 0.5499140024185181, 1.004617691040039, 1.7190465927124023, 0.24021081626415253, -4.378039836883545, -1.0659449100494385, 0.9520468711853027, -0.7218853235244751, 5.278293609619141, 6.747406005859375, 0.5173835754394531, 3.2154135704040527, 5.544839859008789, -2.0159244537353516, 3.4674549102783203, 25.288558959960938, -0.9435255527496338, -1.604957103729248], [4.731634140014648, -3.597811460494995, -1.6503665447235107, -0.6395395398139954, 3.8094494342803955, -2.1104331016540527, 0.5294107794761658, 6.262531757354736, 1.7011083364486694, -2.0334882736206055, 2.7561447620391846, 0.8435859084129333, 1.4290891885757446, -3.713670253753662, 3.7903966903686523, -3.9365522861480713, -0.5128319263458252, -3.7112603187561035, -0.9435255527496338, 19.32691192626953, -1.7080836296081543], [-5.557286739349365, 2.4879283905029297, -7.675080299377441, 6.367445945739746, -1.5168370008468628, -1.9446991682052612, -1.9528576135635376, -1.506166696548462, 0.1286105513572693, 6.5694732666015625, -2.8059158325195312, 1.4292752742767334, 0.6762011051177979, 0.23281598091125488, -6.184578895568848, -5.865612506866455, -3.1352686882019043, 0.6491389274597168, -1.6049575805664062, -1.7080833911895752, 26.11185073852539]], "type": "heatmap"}], "layout": {"template": {"data": {"histogram2dcontour": [{"type": "histogram2dcontour", "colorbar": {"outlinewidth": 0, "ticks": ""}, "colorscale": [[0.0, "#0d0887"], [0.1111111111111111, "#46039f"], [0.2222222222222222, "#7201a8"], [0.3333333333333333, "#9c179e"], [0.4444444444444444, "#bd3786"], [0.5555555555555556, "#d8576b"], [0.6666666666666666, "#ed7953"], [0.7777777777777778, "#fb9f3a"], [0.8888888888888888, "#fdca26"], [1.0, "#f0f921"]]}], "choropleth": [{"type": "choropleth", "colorbar": {"outlinewidth": 0, "ticks": ""}}], "histogram2d": [{"type": "histogram2d", "colorbar": {"outlinewidth": 0, "ticks": ""}, "colorscale": [[0.0, "#0d0887"], [0.1111111111111111, "#46039f"], [0.2222222222222222, "#7201a8"], [0.3333333333333333, "#9c179e"], [0.4444444444444444, "#bd3786"], [0.5555555555555556, "#d8576b"], [0.6666666666666666, "#ed7953"], [0.7777777777777778, "#fb9f3a"], [0.8888888888888888, "#fdca26"], [1.0, "#f0f921"]]}], "heatmap": [{"type": "heatmap", "colorbar": {"outlinewidth": 0, "ticks": ""}, "colorscale": [[0.0, "#0d0887"], [0.1111111111111111, "#46039f"], [0.2222222222222222, "#7201a8"], [0.3333333333333333, "#9c179e"], [0.4444444444444444, "#bd3786"], [0.5555555555555556, "#d8576b"], [0.6666666666666666, "#ed7953"], [0.7777777777777778, "#fb9f3a"], [0.8888888888888888, "#fdca26"], [1.0, "#f0f921"]]}], "heatmapgl": [{"type": "heatmapgl", "colorbar": {"outlinewidth": 0, "ticks": ""}, "colorscale": [[0.0, "#0d0887"], [0.1111111111111111, "#46039f"], [0.2222222222222222, "#7201a8"], [0.3333333333333333, "#9c179e"], [0.4444444444444444, "#bd3786"], [0.5555555555555556, "#d8576b"], [0.6666666666666666, "#ed7953"], [0.7777777777777778, "#fb9f3a"], [0.8888888888888888, "#fdca26"], [1.0, "#f0f921"]]}], "contourcarpet": [{"type": "contourcarpet", "colorbar": {"outlinewidth": 0, "ticks": ""}}], "contour": [{"type": "contour", "colorbar": {"outlinewidth": 0, "ticks": ""}, "colorscale": [[0.0, "#0d0887"], [0.1111111111111111, "#46039f"], [0.2222222222222222, "#7201a8"], [0.3333333333333333, "#9c179e"], [0.4444444444444444, "#bd3786"], [0.5555555555555556, "#d8576b"], [0.6666666666666666, "#ed7953"], [0.7777777777777778, "#fb9f3a"], [0.8888888888888888, "#fdca26"], [1.0, "#f0f921"]]}], "surface": [{"type": "surface", "colorbar": {"outlinewidth": 0, "ticks": ""}, "colorscale": [[0.0, "#0d0887"], [0.1111111111111111, "#46039f"], [0.2222222222222222, "#7201a8"], [0.3333333333333333, "#9c179e"], [0.4444444444444444, "#bd3786"], [0.5555555555555556, "#d8576b"], [0.6666666666666666, "#ed7953"], [0.7777777777777778, "#fb9f3a"], [0.8888888888888888, "#fdca26"], [1.0, "#f0f921"]]}], "mesh3d": [{"type": "mesh3d", "colorbar": {"outlinewidth": 0, "ticks": ""}}], "scatter": [{"fillpattern": {"fillmode": "overlay", "size": 10, "solidity": 0.2}, "type": "scatter"}], "parcoords": [{"type": "parcoords", "line": {"colorbar": {"outlinewidth": 0, "ticks": ""}}}], "scatterpolargl": [{"type": "scatterpolargl", "marker": {"colorbar": {"outlinewidth": 0, "ticks": ""}}}], "bar": [{"error_x": {"color": "#2a3f5f"}, "error_y": {"color": "#2a3f5f"}, "marker": {"line": {"color": "#E5ECF6", "width": 0.5}, "pattern": {"fillmode": "overlay", "size": 10, "solidity": 0.2}}, "type": "bar"}], "scattergeo": [{"type": "scattergeo", "marker": {"colorbar": {"outlinewidth": 0, "ticks": ""}}}], "scatterpolar": [{"type": "scatterpolar", "marker": {"colorbar": {"outlinewidth": 0, "ticks": ""}}}], "histogram": [{"marker": {"pattern": {"fillmode": "overlay", "size": 10, "solidity": 0.2}}, "type": "histogram"}], "scattergl": [{"type": "scattergl", "marker": {"colorbar": {"outlinewidth": 0, "ticks": ""}}}], "scatter3d": [{"type": "scatter3d", "line": {"colorbar": {"outlinewidth": 0, "ticks": ""}}, "marker": {"colorbar": {"outlinewidth": 0, "ticks": ""}}}], "scattermapbox": [{"type": "scattermapbox", "marker": {"colorbar": {"outlinewidth": 0, "ticks": ""}}}], "scatterternary": [{"type": "scatterternary", "marker": {"colorbar": {"outlinewidth": 0, "ticks": ""}}}], "scattercarpet": [{"type": "scattercarpet", "marker": {"colorbar": {"outlinewidth": 0, "ticks": ""}}}], "carpet": [{"aaxis": {"endlinecolor": "#2a3f5f", "gridcolor": "white", "linecolor": "white", "minorgridcolor": "white", "startlinecolor": "#2a3f5f"}, "baxis": {"endlinecolor": "#2a3f5f", "gridcolor": "white", "linecolor": "white", "minorgridcolor": "white", "startlinecolor": "#2a3f5f"}, "type": "carpet"}], "table": [{"cells": {"fill": {"color": "#EBF0F8"}, "line": {"color": "white"}}, "header": {"fill": {"color": "#C8D4E3"}, "line": {"color": "white"}}, "type": "table"}], "barpolar": [{"marker": {"line": {"color": "#E5ECF6", "width": 0.5}, "pattern": {"fillmode": "overlay", "size": 10, "solidity": 0.2}}, "type": "barpolar"}], "pie": [{"automargin": true, "type": "pie"}]}, "layout": {"autotypenumbers": "strict", "colorway": ["#636efa", "#EF553B", "#00cc96", "#ab63fa", "#FFA15A", "#19d3f3", "#FF6692", "#B6E880", "#FF97FF", "#FECB52"], "font": {"color": "#2a3f5f"}, "hovermode": "closest", "hoverlabel": {"align": "left"}, "paper_bgcolor": "white", "plot_bgcolor": "#E5ECF6", "polar": {"bgcolor": "#E5ECF6", "angularaxis": {"gridcolor": "white", "linecolor": "white", "ticks": ""}, "radialaxis": {"gridcolor": "white", "linecolor": "white", "ticks": ""}}, "ternary": {"bgcolor": "#E5ECF6", "aaxis": {"gridcolor": "white", "linecolor": "white", "ticks": ""}, "baxis": {"gridcolor": "white", "linecolor": "white", "ticks": ""}, "caxis": {"gridcolor": "white", "linecolor": "white", "ticks": ""}}, "coloraxis": {"colorbar": {"outlinewidth": 0, "ticks": ""}}, "colorscale": {"sequential": [[0.0, "#0d0887"], [0.1111111111111111, "#46039f"], [0.2222222222222222, "#7201a8"], [0.3333333333333333, "#9c179e"], [0.4444444444444444, "#bd3786"], [0.5555555555555556, "#d8576b"], [0.6666666666666666, "#ed7953"], [0.7777777777777778, "#fb9f3a"], [0.8888888888888888, "#fdca26"], [1.0, "#f0f921"]], "sequentialminus": [[0.0, "#0d0887"], [0.1111111111111111, "#46039f"], [0.2222222222222222, "#7201a8"], [0.3333333333333333, "#9c179e"], [0.4444444444444444, "#bd3786"], [0.5555555555555556, "#d8576b"], [0.6666666666666666, "#ed7953"], [0.7777777777777778, "#fb9f3a"], [0.8888888888888888, "#fdca26"], [1.0, "#f0f921"]], "diverging": [[0, "#8e0152"], [0.1, "#c51b7d"], [0.2, "#de77ae"], [0.3, "#f1b6da"], [0.4, "#fde0ef"], [0.5, "#f7f7f7"], [0.6, "#e6f5d0"], [0.7, "#b8e186"], [0.8, "#7fbc41"], [0.9, "#4d9221"], [1, "#276419"]]}, "xaxis": {"gridcolor": "white", "linecolor": "white", "ticks": "", "title": {"standoff": 15}, "zerolinecolor": "white", "automargin": true, "zerolinewidth": 2}, "yaxis": {"gridcolor": "white", "linecolor": "white", "ticks": "", "title": {"standoff": 15}, "zerolinecolor": "white", "automargin": true, "zerolinewidth": 2}, "scene": {"xaxis": {"backgroundcolor": "#E5ECF6", "gridcolor": "white", "linecolor": "white", "showbackground": true, "ticks": "", "zerolinecolor": "white", "gridwidth": 2}, "yaxis": {"backgroundcolor": "#E5ECF6", "gridcolor": "white", "linecolor": "white", "showbackground": true, "ticks": "", "zerolinecolor": "white", "gridwidth": 2}, "zaxis": {"backgroundcolor": "#E5ECF6", "gridcolor": "white", "linecolor": "white", "showbackground": true, "ticks": "", "zerolinecolor": "white", "gridwidth": 2}}, "shapedefaults": {"line": {"color": "#2a3f5f"}}, "annotationdefaults": {"arrowcolor": "#2a3f5f", "arrowhead": 0, "arrowwidth": 1}, "geo": {"bgcolor": "white", "landcolor": "#E5ECF6", "subunitcolor": "white", "showland": true, "showlakes": true, "lakecolor": "white"}, "title": {"x": 0.05}, "mapbox": {"style": "light"}}}}}