{"data": [{"z": [[24.456388473510742, 0.5562649965286255, 0.8455449342727661, 0.0354088731110096, 2.1825060844421387, 0.2170124500989914, -1.6880602836608887, 3.770585775375366, -1.053174614906311, -2.6067566871643066, 0.8876183032989502, 3.050525188446045, 1.0616220235824585, 0.7726545929908752, 4.232894420623779, 0.6538073420524597, 4.3884782791137695, -6.448240280151367, -0.9859308004379272, 4.733416557312012, -5.555092811584473], [0.5562649965286255, 17.170549392700195, -2.992116689682007, 0.6622072458267212, -4.962616443634033, -4.545622825622559, 1.1558828353881836, -2.034865617752075, 1.364133358001709, -3.369725465774536, 0.8780550360679626, 4.538712024688721, 1.0074340105056763, -0.9402851462364197, -1.377535104751587, 1.3184207677841187, 0.8819994926452637, 2.510403633117676, -0.7815032005310059, -3.5915892124176025, 2.486117124557495], [0.8455449342727661, -2.992116689682007, 22.538484573364258, 2.1141951084136963, 1.8458417654037476, -1.3641512393951416, 5.896665573120117, -7.798472881317139, 0.8701443076133728, 5.9098219871521, 0.8980104327201843, -9.704167366027832, 0.4793670177459717, 1.7982226610183716, 0.17926369607448578, 2.054180383682251, 4.150991916656494, 4.709541320800781, 3.8040339946746826, -1.644829273223877, -7.672077655792236], [0.0354088731110096, 0.6622072458267212, 2.1141951084136963, 17.071718215942383, -1.4647523164749146, 0.1816815882921219, 3.9473090171813965, -2.4216716289520264, -4.46478796005249, 2.290083169937134, -4.663852691650391, 0.2799891233444214, 0.4989010691642761, -3.222914218902588, 6.798836708068848, 3.327705144882202, -0.8376121520996094, 0.8602938652038574, 0.565599799156189, -0.6374595761299133, 6.356217861175537], [2.1825060844421387, -4.962616443634033, 1.8458417654037476, -1.4647523164749146, 22.944236755371094, 2.1397557258605957, 3.0931649208068848, 1.3902398347854614, 2.6525394916534424, -0.26745766401290894, -0.6357071399688721, -3.729795455932617, -3.010213851928711, 3.86379337310791, 8.55285930633545, 0.6946275234222412, -2.104616165161133, 1.5392721891403198, 1.0040464401245117, 3.808458089828491, -1.5184853076934814], [0.2170124500989914, -4.545622825622559, -1.3641512393951416, 0.1816815882921219, 2.1397557258605957, 26.47687339782715, 5.612792491912842, -1.4963622093200684, 3.8865294456481934, 3.7919063568115234, -2.608370304107666, -7.473796367645264, -3.9844021797180176, 2.1700572967529297, 6.099069595336914, -2.885326623916626, -3.161144733428955, -2.9125466346740723, 1.7195558547973633, -2.104320526123047, -1.9434884786605835], [-1.6880602836608887, 1.1558828353881836, 5.896665573120117, 3.9473090171813965, 3.0931649208068848, 5.612792491912842, 15.686103820800781, -3.6517040729522705, 4.444416046142578, -1.2667479515075684, -4.134333610534668, -4.947580814361572, -2.607985258102417, 0.6865785121917725, 3.687883138656616, -2.353332281112671, 1.7206616401672363, 4.142277717590332, 0.24244165420532227, 0.5283582806587219, -1.9539084434509277], [3.770585775375366, -2.034865617752075, -7.798472881317139, -2.4216716289520264, 1.3902398347854614, -1.4963622093200684, -3.6517040729522705, 23.55316925048828, 4.30997896194458, -4.082500457763672, 1.8471107482910156, 4.524960517883301, 1.77033269405365, -7.182501316070557, 1.4270765781402588, -3.644047498703003, 3.550462484359741, -0.6288166046142578, -4.363182067871094, 6.259350776672363, -1.5039849281311035], [-1.053174614906311, 1.364133358001709, 0.8701443076133728, -4.46478796005249, 2.6525394916534424, 3.8865294456481934, 4.444416046142578, 4.30997896194458, 15.046445846557617, 0.9599000811576843, -0.6944282650947571, -5.639263153076172, -3.93648362159729, 2.291872501373291, -2.795907974243164, -4.307413578033447, 2.6150126457214355, -0.9007127285003662, -1.0517092943191528, 1.7057247161865234, 0.1276187300682068], [-2.6067566871643066, -3.369725465774536, 5.9098219871521, 2.290083169937134, -0.26745766401290894, 3.7919063568115234, -1.2667479515075684, -4.082500457763672, 0.9599000811576843, 19.078861236572266, -3.2760426998138428, -4.434656620025635, 2.518810510635376, 2.6068315505981445, 4.081991195678711, 1.692537546157837, 1.2845594882965088, -5.428644180297852, 0.9509968757629395, -2.0286436080932617, 6.562938690185547], [0.8876183032989502, 0.8780550360679626, 0.8980104327201843, -4.663852691650391, -0.6357071399688721, -2.608370304107666, -4.134333610534668, 1.8471107482910156, -0.6944282650947571, -3.2760426998138428, 22.462162017822266, -4.026454925537109, 2.837009906768799, -1.7258061170578003, -4.514930248260498, -1.1283196210861206, 1.3966219425201416, -2.54068660736084, -0.7180895805358887, 2.7560272216796875, -2.8111352920532227], [3.050525188446045, 4.538712024688721, -9.704167366027832, 0.2799891233444214, -3.729795455932617, -7.473796367645264, -4.947580814361572, 4.524960517883301, -5.639263153076172, -4.434656620025635, -4.026454925537109, 28.523839950561523, -1.5198527574539185, 3.1944453716278076, 5.878376483917236, 4.17263126373291, -3.9344537258148193, -1.839086651802063, 5.2797417640686035, 0.8420941829681396, 1.4268840551376343], [1.0616220235824585, 1.0074340105056763, 0.4793670177459717, 0.4989010691642761, -3.010213851928711, -3.9844021797180176, -2.607985258102417, 1.77033269405365, -3.93648362159729, 2.518810510635376, 2.837009906768799, -1.5198527574539185, 15.888197898864746, -5.515820026397705, -2.1948723793029785, 3.905405282974243, 3.1358957290649414, 6.26146125793457, 6.746039390563965, 1.4323725700378418, 0.672348141670227], [0.7726545929908752, -0.9402851462364197, 1.7982226610183716, -3.222914218902588, 3.86379337310791, 2.1700572967529297, 0.6865785121917725, -7.182501316070557, 2.291872501373291, 2.6068315505981445, -1.7258061170578003, 3.1944453716278076, -5.515820026397705, 16.994144439697266, -0.013901534490287304, 0.40072178840637207, -4.644718647003174, 0.09446859359741211, 0.5252575874328613, -3.706481456756592, 0.22987812757492065], [4.232894420623779, -1.377535104751587, 0.17926369607448578, 6.798836708068848, 8.55285930633545, 6.099069595336914, 3.687883138656616, 1.4270765781402588, -2.795907974243164, 4.081991195678711, -4.514930248260498, 5.878376483917236, -2.1948723793029785, -0.013901534490287304, 24.66286849975586, 3.8648762702941895, -2.786036729812622, -10.83932113647461, 3.2129578590393066, 3.7905025482177734, -6.184784889221191], [0.6538073420524597, 1.3184207677841187, 2.054180383682251, 3.327705144882202, 0.6946275234222412, -2.885326623916626, -2.353332281112671, -3.644047498703003, -4.307413578033447, 1.692537546157837, -1.1283196210861206, 4.17263126373291, 3.905405282974243, 0.40072178840637207, 3.8648762702941895, 16.65610694885254, -1.5255855321884155, -6.885128974914551, 5.546756744384766, -3.9339911937713623, -5.866759777069092], [4.388477802276611, 0.8820000886917114, 4.150991439819336, -0.8376123309135437, -2.1046159267425537, -3.1611452102661133, 1.7206610441207886, 3.5504627227783203, 2.6150131225585938, 1.2845596075057983, 1.3966212272644043, -3.9344539642333984, 3.135895013809204, -4.644718647003174, -2.7860372066497803, -1.5255848169326782, 19.695146560668945, 2.7256972789764404, -2.0072269439697266, -0.5158336162567139, -3.1353602409362793], [-6.448239803314209, 2.510403871536255, 4.709540843963623, 0.8602942824363708, 1.5392714738845825, -2.9125468730926514, 4.142276763916016, -0.628817081451416, -0.9007124304771423, -5.428645133972168, -2.540686845779419, -1.8390872478485107, 6.26146125793457, 0.09446936100721359, -10.839320182800293, -6.885129451751709, 2.7256972789764404, 33.24053955078125, 3.4766955375671387, -3.7034175395965576, 0.6479561924934387], [-0.9859307408332825, -0.7815033793449402, 3.8040332794189453, 0.5656000971794128, 1.0040464401245117, 1.7195556163787842, 0.24244184792041779, -4.36318302154541, -1.051708698272705, 0.9509971737861633, -0.7180895209312439, 5.27974271774292, 6.746039390563965, 0.5252569913864136, 3.2129580974578857, 5.546756744384766, -2.0072269439697266, 3.4766955375671387, 25.270782470703125, -0.9395293593406677, -1.6072474718093872], [4.73341703414917, -3.5915896892547607, -1.644827961921692, -0.6374595165252686, 3.808457612991333, -2.104321241378784, 0.5283581614494324, 6.259350776672363, 1.705724835395813, -2.0286433696746826, 2.7560272216796875, 0.8420944213867188, 1.4323720932006836, -3.706481695175171, 3.7905027866363525, -3.9339911937713623, -0.5158336162567139, -3.7034175395965576, -0.9395293593406677, 19.316255569458008, -1.7086737155914307], [-5.5550923347473145, 2.486117124557495, -7.672077178955078, 6.356217384338379, -1.5184845924377441, -1.9434884786605835, -1.9539083242416382, -1.5039849281311035, 0.1276189684867859, 6.562938690185547, -2.8111350536346436, 1.4268842935562134, 0.6723483800888062, 0.22987818717956543, -6.184784889221191, -5.866759300231934, -3.135359764099121, 0.647956132888794, -1.607247233390808, -1.7086737155914307, 26.11185073852539]], "type": "heatmap"}], "layout": {"template": {"data": {"histogram2dcontour": [{"type": "histogram2dcontour", "colorbar": {"outlinewidth": 0, "ticks": ""}, "colorscale": [[0.0, "#0d0887"], [0.1111111111111111, "#46039f"], [0.2222222222222222, "#7201a8"], [0.3333333333333333, "#9c179e"], [0.4444444444444444, "#bd3786"], [0.5555555555555556, "#d8576b"], [0.6666666666666666, "#ed7953"], [0.7777777777777778, "#fb9f3a"], [0.8888888888888888, "#fdca26"], [1.0, "#f0f921"]]}], "choropleth": [{"type": "choropleth", "colorbar": {"outlinewidth": 0, "ticks": ""}}], "histogram2d": [{"type": "histogram2d", "colorbar": {"outlinewidth": 0, "ticks": ""}, "colorscale": [[0.0, "#0d0887"], [0.1111111111111111, "#46039f"], [0.2222222222222222, "#7201a8"], [0.3333333333333333, "#9c179e"], [0.4444444444444444, "#bd3786"], [0.5555555555555556, "#d8576b"], [0.6666666666666666, "#ed7953"], [0.7777777777777778, "#fb9f3a"], [0.8888888888888888, "#fdca26"], [1.0, "#f0f921"]]}], "heatmap": [{"type": "heatmap", "colorbar": {"outlinewidth": 0, "ticks": ""}, "colorscale": [[0.0, "#0d0887"], [0.1111111111111111, "#46039f"], [0.2222222222222222, "#7201a8"], [0.3333333333333333, "#9c179e"], [0.4444444444444444, "#bd3786"], [0.5555555555555556, "#d8576b"], [0.6666666666666666, "#ed7953"], [0.7777777777777778, "#fb9f3a"], [0.8888888888888888, "#fdca26"], [1.0, "#f0f921"]]}], "heatmapgl": [{"type": "heatmapgl", "colorbar": {"outlinewidth": 0, "ticks": ""}, "colorscale": [[0.0, "#0d0887"], [0.1111111111111111, "#46039f"], [0.2222222222222222, "#7201a8"], [0.3333333333333333, "#9c179e"], [0.4444444444444444, "#bd3786"], [0.5555555555555556, "#d8576b"], [0.6666666666666666, "#ed7953"], [0.7777777777777778, "#fb9f3a"], [0.8888888888888888, "#fdca26"], [1.0, "#f0f921"]]}], "contourcarpet": [{"type": "contourcarpet", "colorbar": {"outlinewidth": 0, "ticks": ""}}], "contour": [{"type": "contour", "colorbar": {"outlinewidth": 0, "ticks": ""}, "colorscale": [[0.0, "#0d0887"], [0.1111111111111111, "#46039f"], [0.2222222222222222, "#7201a8"], [0.3333333333333333, "#9c179e"], [0.4444444444444444, "#bd3786"], [0.5555555555555556, "#d8576b"], [0.6666666666666666, "#ed7953"], [0.7777777777777778, "#fb9f3a"], [0.8888888888888888, "#fdca26"], [1.0, "#f0f921"]]}], "surface": [{"type": "surface", "colorbar": {"outlinewidth": 0, "ticks": ""}, "colorscale": [[0.0, "#0d0887"], [0.1111111111111111, "#46039f"], [0.2222222222222222, "#7201a8"], [0.3333333333333333, "#9c179e"], [0.4444444444444444, "#bd3786"], [0.5555555555555556, "#d8576b"], [0.6666666666666666, "#ed7953"], [0.7777777777777778, "#fb9f3a"], [0.8888888888888888, "#fdca26"], [1.0, "#f0f921"]]}], "mesh3d": [{"type": "mesh3d", "colorbar": {"outlinewidth": 0, "ticks": ""}}], "scatter": [{"fillpattern": {"fillmode": "overlay", "size": 10, "solidity": 0.2}, "type": "scatter"}], "parcoords": [{"type": "parcoords", "line": {"colorbar": {"outlinewidth": 0, "ticks": ""}}}], "scatterpolargl": [{"type": "scatterpolargl", "marker": {"colorbar": {"outlinewidth": 0, "ticks": ""}}}], "bar": [{"error_x": {"color": "#2a3f5f"}, "error_y": {"color": "#2a3f5f"}, "marker": {"line": {"color": "#E5ECF6", "width": 0.5}, "pattern": {"fillmode": "overlay", "size": 10, "solidity": 0.2}}, "type": "bar"}], "scattergeo": [{"type": "scattergeo", "marker": {"colorbar": {"outlinewidth": 0, "ticks": ""}}}], "scatterpolar": [{"type": "scatterpolar", "marker": {"colorbar": {"outlinewidth": 0, "ticks": ""}}}], "histogram": [{"marker": {"pattern": {"fillmode": "overlay", "size": 10, "solidity": 0.2}}, "type": "histogram"}], "scattergl": [{"type": "scattergl", "marker": {"colorbar": {"outlinewidth": 0, "ticks": ""}}}], "scatter3d": [{"type": "scatter3d", "line": {"colorbar": {"outlinewidth": 0, "ticks": ""}}, "marker": {"colorbar": {"outlinewidth": 0, "ticks": ""}}}], "scattermapbox": [{"type": "scattermapbox", "marker": {"colorbar": {"outlinewidth": 0, "ticks": ""}}}], "scatterternary": [{"type": "scatterternary", "marker": {"colorbar": {"outlinewidth": 0, "ticks": ""}}}], "scattercarpet": [{"type": "scattercarpet", "marker": {"colorbar": {"outlinewidth": 0, "ticks": ""}}}], "carpet": [{"aaxis": {"endlinecolor": "#2a3f5f", "gridcolor": "white", "linecolor": "white", "minorgridcolor": "white", "startlinecolor": "#2a3f5f"}, "baxis": {"endlinecolor": "#2a3f5f", "gridcolor": "white", "linecolor": "white", "minorgridcolor": "white", "startlinecolor": "#2a3f5f"}, "type": "carpet"}], "table": [{"cells": {"fill": {"color": "#EBF0F8"}, "line": {"color": "white"}}, "header": {"fill": {"color": "#C8D4E3"}, "line": {"color": "white"}}, "type": "table"}], "barpolar": [{"marker": {"line": {"color": "#E5ECF6", "width": 0.5}, "pattern": {"fillmode": "overlay", "size": 10, "solidity": 0.2}}, "type": "barpolar"}], "pie": [{"automargin": true, "type": "pie"}]}, "layout": {"autotypenumbers": "strict", "colorway": ["#636efa", "#EF553B", "#00cc96", "#ab63fa", "#FFA15A", "#19d3f3", "#FF6692", "#B6E880", "#FF97FF", "#FECB52"], "font": {"color": "#2a3f5f"}, "hovermode": "closest", "hoverlabel": {"align": "left"}, "paper_bgcolor": "white", "plot_bgcolor": "#E5ECF6", "polar": {"bgcolor": "#E5ECF6", "angularaxis": {"gridcolor": "white", "linecolor": "white", "ticks": ""}, "radialaxis": {"gridcolor": "white", "linecolor": "white", "ticks": ""}}, "ternary": {"bgcolor": "#E5ECF6", "aaxis": {"gridcolor": "white", "linecolor": "white", "ticks": ""}, "baxis": {"gridcolor": "white", "linecolor": "white", "ticks": ""}, "caxis": {"gridcolor": "white", "linecolor": "white", "ticks": ""}}, "coloraxis": {"colorbar": {"outlinewidth": 0, "ticks": ""}}, "colorscale": {"sequential": [[0.0, "#0d0887"], [0.1111111111111111, "#46039f"], [0.2222222222222222, "#7201a8"], [0.3333333333333333, "#9c179e"], [0.4444444444444444, "#bd3786"], [0.5555555555555556, "#d8576b"], [0.6666666666666666, "#ed7953"], [0.7777777777777778, "#fb9f3a"], [0.8888888888888888, "#fdca26"], [1.0, "#f0f921"]], "sequentialminus": [[0.0, "#0d0887"], [0.1111111111111111, "#46039f"], [0.2222222222222222, "#7201a8"], [0.3333333333333333, "#9c179e"], [0.4444444444444444, "#bd3786"], [0.5555555555555556, "#d8576b"], [0.6666666666666666, "#ed7953"], [0.7777777777777778, "#fb9f3a"], [0.8888888888888888, "#fdca26"], [1.0, "#f0f921"]], "diverging": [[0, "#8e0152"], [0.1, "#c51b7d"], [0.2, "#de77ae"], [0.3, "#f1b6da"], [0.4, "#fde0ef"], [0.5, "#f7f7f7"], [0.6, "#e6f5d0"], [0.7, "#b8e186"], [0.8, "#7fbc41"], [0.9, "#4d9221"], [1, "#276419"]]}, "xaxis": {"gridcolor": "white", "linecolor": "white", "ticks": "", "title": {"standoff": 15}, "zerolinecolor": "white", "automargin": true, "zerolinewidth": 2}, "yaxis": {"gridcolor": "white", "linecolor": "white", "ticks": "", "title": {"standoff": 15}, "zerolinecolor": "white", "automargin": true, "zerolinewidth": 2}, "scene": {"xaxis": {"backgroundcolor": "#E5ECF6", "gridcolor": "white", "linecolor": "white", "showbackground": true, "ticks": "", "zerolinecolor": "white", "gridwidth": 2}, "yaxis": {"backgroundcolor": "#E5ECF6", "gridcolor": "white", "linecolor": "white", "showbackground": true, "ticks": "", "zerolinecolor": "white", "gridwidth": 2}, "zaxis": {"backgroundcolor": "#E5ECF6", "gridcolor": "white", "linecolor": "white", "showbackground": true, "ticks": "", "zerolinecolor": "white", "gridwidth": 2}}, "shapedefaults": {"line": {"color": "#2a3f5f"}}, "annotationdefaults": {"arrowcolor": "#2a3f5f", "arrowhead": 0, "arrowwidth": 1}, "geo": {"bgcolor": "white", "landcolor": "#E5ECF6", "subunitcolor": "white", "showland": true, "showlakes": true, "lakecolor": "white"}, "title": {"x": 0.05}, "mapbox": {"style": "light"}}}}}