{"data": [{"z": [[26.42123031616211, 0.7842912077903748, 0.7523627877235413, 0.1095087006688118, 2.3726468086242676, -0.07089250534772873, -1.7804416418075562, 4.239430904388428, -1.1589356660842896, -2.7303521633148193, 0.9772984385490417, 3.3771920204162598, 0.8739176988601685, 0.42009297013282776, 4.5427069664001465, 0.8088660836219788, 5.442681789398193, -7.251889228820801, -1.3561861515045166, 5.0880656242370605, -5.903882026672363], [0.7842912077903748, 18.901796340942383, -3.704512357711792, 0.7807027697563171, -5.32084846496582, -5.579416751861572, 1.2609519958496094, -1.7560592889785767, 1.35135817527771, -4.219986915588379, 0.7805068492889404, 5.0251994132995605, 1.1213234663009644, -1.4377988576889038, -1.528170108795166, 0.9938333630561829, 1.6025893688201904, 3.3947086334228516, -1.2872074842453003, -3.611515998840332, 2.34800124168396], [0.7523627877235413, -3.704512357711792, 24.743755340576172, 1.9001232385635376, 1.725778579711914, -0.7376742362976074, 6.129072666168213, -9.55897331237793, 0.7981961965560913, 7.003746032714844, 0.5941439867019653, -11.113271713256836, 0.035696715116500854, 2.522468328475952, -0.07339534908533096, 2.2583978176116943, 3.1035656929016113, 4.422480583190918, 4.325806617736816, -2.38942551612854, -7.6873369216918945], [0.1095087006688118, 0.7807027697563171, 1.9001232385635376, 18.253753662109375, -1.1498782634735107, -0.2233732044696808, 4.306430816650391, -2.1161115169525146, -5.13175106048584, 2.0513391494750977, -5.026185989379883, 0.5231435894966125, 0.4530181288719177, -4.173943519592285, 7.508556842803955, 3.2478389739990234, -0.6411075592041016, 0.8933275938034058, 0.5828060507774353, -0.21536612510681152, 6.470642566680908], [2.3726468086242676, -5.32084846496582, 1.725778579711914, -1.1498782634735107, 24.84303855895996, 2.5271992683410645, 3.8772547245025635, 1.5605071783065796, 2.6095054149627686, -0.38530439138412476, -0.0005240877508185804, -3.465838670730591, -2.5928635597229004, 3.7887916564941406, 9.611205101013184, 0.7161247730255127, -1.9603041410446167, 1.7365942001342773, 1.7816624641418457, 4.65240478515625, -1.4913328886032104], [-0.07089250534772873, -5.579416751861572, -0.7376742362976074, -0.2233732044696808, 2.5271992683410645, 28.05588150024414, 5.740241050720215, -2.60699462890625, 3.638795852661133, 4.496057033538818, -2.6456520557403564, -8.310385704040527, -3.9748523235321045, 3.1807713508605957, 6.366062164306641, -2.531463861465454, -4.3935546875, -3.3287875652313232, 2.631908893585205, -2.6364264488220215, -1.9589195251464844], [-1.7804416418075562, 1.2609519958496094, 6.129072666168213, 4.306430816650391, 3.8772547245025635, 5.740241050720215, 16.77154541015625, -3.3712897300720215, 4.797516345977783, -1.4811986684799194, -4.471473693847656, -5.158876419067383, -2.7547760009765625, 0.4794827699661255, 4.154212951660156, -3.040036916732788, 2.092430591583252, 5.089774131774902, 0.4494863748550415, 1.0341049432754517, -2.033783435821533], [4.239430904388428, -1.7560592889785767, -9.55897331237793, -2.1161115169525146, 1.5605071783065796, -2.60699462890625, -3.3712897300720215, 26.136919021606445, 4.78986120223999, -5.273202896118164, 1.9692270755767822, 5.345500946044922, 1.3440895080566406, -9.081879615783691, 2.020956516265869, -4.432526588439941, 4.913424968719482, -0.7895770072937012, -5.365394592285156, 7.354938507080078, -1.7991480827331543], [-1.1589356660842896, 1.35135817527771, 0.7981961965560913, -5.13175106048584, 2.6095054149627686, 3.638795852661133, 4.797516345977783, 4.78986120223999, 16.208459854125977, 0.5928406119346619, -0.94573575258255, -6.310696601867676, -4.68281888961792, 2.338829517364502, -3.0643937587738037, -5.15409517288208, 3.0531349182128906, -0.7197593450546265, -1.996964693069458, 1.7256637811660767, -0.06761842966079712], [-2.7303521633148193, -4.219986915588379, 7.003746032714844, 2.0513391494750977, -0.38530439138412476, 4.496057033538818, -1.4811986684799194, -5.273202896118164, 0.5928406119346619, 20.64383888244629, -3.3910131454467773, -4.723522186279297, 2.4928998947143555, 3.2987964153289795, 4.6492486000061035, 2.4656929969787598, 0.7160851955413818, -6.79049015045166, 1.7877839803695679, -2.4962801933288574, 6.545047283172607], [0.9772984385490417, 0.7805068492889404, 0.5941439867019653, -5.026185989379883, -0.0005240877508185804, -2.6456520557403564, -4.471473693847656, 1.9692270755767822, -0.94573575258255, -3.3910131454467773, 24.215866088867188, -3.802915573120117, 3.3270299434661865, -1.966529369354248, -4.10029411315918, -0.6161129474639893, 1.3698153495788574, -3.315256118774414, -0.31125545501708984, 3.206974506378174, -2.849799394607544], [3.3771920204162598, 5.0251994132995605, -11.113271713256836, 0.5231435894966125, -3.465838670730591, -8.310385704040527, -5.158876419067383, 5.345500946044922, -6.310696601867676, -4.723522186279297, -3.802915573120117, 30.253332138061523, -1.4231036901474, 2.6370601654052734, 6.781172752380371, 4.6809611320495605, -3.3054232597351074, -2.6660099029541016, 5.681725025177002, 1.5254839658737183, 1.3746850490570068], [0.8739176988601685, 1.1213234663009644, 0.035696715116500854, 0.4530181288719177, -2.5928635597229004, -3.9748523235321045, -2.7547760009765625, 1.3440895080566406, -4.68281888961792, 2.4928998947143555, 3.3270299434661865, -1.4231036901474, 16.967985153198242, -5.89418888092041, -2.0442299842834473, 4.359681606292725, 2.9111666679382324, 6.4484405517578125, 7.782175064086914, 1.4026687145233154, 0.8171373605728149], [0.42009297013282776, -1.4377988576889038, 2.522468328475952, -4.173943519592285, 3.7887916564941406, 3.1807713508605957, 0.4794827699661255, -9.081879615783691, 2.338829517364502, 3.2987964153289795, -1.966529369354248, 2.6370601654052734, -5.89418888092041, 19.261085510253906, -0.5261317491531372, 0.6218929290771484, -6.165778160095215, -0.08824849128723145, 1.0033926963806152, -4.622067928314209, 0.416395902633667], [4.5427069664001465, -1.528170108795166, -0.07339534908533096, 7.508556842803955, 9.611205101013184, 6.366062164306641, 4.154212951660156, 2.020956516265869, -3.0643937587738037, 4.6492486000061035, -4.10029411315918, 6.781172752380371, -2.0442299842834473, -0.5261317491531372, 26.29071617126465, 4.394999980926514, -2.3268275260925293, -11.815169334411621, 3.8901658058166504, 4.580648899078369, -6.332172870635986], [0.8088660836219788, 0.9938333630561829, 2.2583978176116943, 3.2478389739990234, 0.7161247730255127, -2.531463861465454, -3.040036916732788, -4.432526588439941, -5.15409517288208, 2.4656929969787598, -0.6161129474639893, 4.6809611320495605, 4.359681606292725, 0.6218929290771484, 4.394999980926514, 18.40303611755371, -1.8974817991256714, -8.579851150512695, 6.581076622009277, -4.217090606689453, -6.017810344696045], [5.442681789398193, 1.6025893688201904, 3.103565216064453, -0.641107439994812, -1.960304617881775, -4.393553733825684, 2.09243106842041, 4.913425445556641, 3.0531346797943115, 0.7160855531692505, 1.3698146343231201, -3.3054237365722656, 2.9111671447753906, -6.165777683258057, -2.326827049255371, -1.897481918334961, 21.680742263793945, 2.5972886085510254, -2.530594825744629, 0.27301573753356934, -3.2989914417266846], [-7.251888275146484, 3.3947088718414307, 4.422479629516602, 0.8933275938034058, 1.736594796180725, -3.328787326812744, 5.089773178100586, -0.7895769476890564, -0.7197596430778503, -6.790489673614502, -3.315256357192993, -2.6660103797912598, 6.448441028594971, -0.08824873715639114, -11.815169334411621, -8.579851150512695, 2.5972886085510254, 36.660911560058594, 3.2707056999206543, -3.962724447250366, 0.7893958687782288], [-1.3561854362487793, -1.2872071266174316, 4.325807094573975, 0.5828058123588562, 1.7816625833511353, 2.631909132003784, 0.4494864344596863, -5.3653950691223145, -1.996964931488037, 1.7877837419509888, -0.31125524640083313, 5.681725025177002, 7.782175064086914, 1.0033926963806152, 3.8901658058166504, 6.5810770988464355, -2.530594825744629, 3.2707056999206543, 27.097843170166016, -0.8332729935646057, -1.5607824325561523], [5.088064193725586, -3.611515998840332, -2.389425277709961, -0.21536599099636078, 4.652403831481934, -2.6364262104034424, 1.0341054201126099, 7.354938507080078, 1.725663661956787, -2.4962806701660156, 3.206974506378174, 1.5254836082458496, 1.4026687145233154, -4.622067928314209, 4.580648422241211, -4.217090129852295, 0.27301573753356934, -3.962724447250366, -0.8332729935646057, 20.605899810791016, -1.7523126602172852], [-5.903882026672363, 2.34800124168396, -7.687337875366211, 6.470643043518066, -1.491333246231079, -1.9589194059371948, -2.033783435821533, -1.7991479635238647, -0.067618727684021, 6.545046329498291, -2.849799394607544, 1.3746848106384277, 0.8171373605728149, 0.416395902633667, -6.3321733474731445, -6.017810344696045, -3.2989916801452637, 0.789395809173584, -1.5607832670211792, -1.752312183380127, 26.11185073852539]], "type": "heatmap"}], "layout": {"template": {"data": {"histogram2dcontour": [{"type": "histogram2dcontour", "colorbar": {"outlinewidth": 0, "ticks": ""}, "colorscale": [[0.0, "#0d0887"], [0.1111111111111111, "#46039f"], [0.2222222222222222, "#7201a8"], [0.3333333333333333, "#9c179e"], [0.4444444444444444, "#bd3786"], [0.5555555555555556, "#d8576b"], [0.6666666666666666, "#ed7953"], [0.7777777777777778, "#fb9f3a"], [0.8888888888888888, "#fdca26"], [1.0, "#f0f921"]]}], "choropleth": [{"type": "choropleth", "colorbar": {"outlinewidth": 0, "ticks": ""}}], "histogram2d": [{"type": "histogram2d", "colorbar": {"outlinewidth": 0, "ticks": ""}, "colorscale": [[0.0, "#0d0887"], [0.1111111111111111, "#46039f"], [0.2222222222222222, "#7201a8"], [0.3333333333333333, "#9c179e"], [0.4444444444444444, "#bd3786"], [0.5555555555555556, "#d8576b"], [0.6666666666666666, "#ed7953"], [0.7777777777777778, "#fb9f3a"], [0.8888888888888888, "#fdca26"], [1.0, "#f0f921"]]}], "heatmap": [{"type": "heatmap", "colorbar": {"outlinewidth": 0, "ticks": ""}, "colorscale": [[0.0, "#0d0887"], [0.1111111111111111, "#46039f"], [0.2222222222222222, "#7201a8"], [0.3333333333333333, "#9c179e"], [0.4444444444444444, "#bd3786"], [0.5555555555555556, "#d8576b"], [0.6666666666666666, "#ed7953"], [0.7777777777777778, "#fb9f3a"], [0.8888888888888888, "#fdca26"], [1.0, "#f0f921"]]}], "heatmapgl": [{"type": "heatmapgl", "colorbar": {"outlinewidth": 0, "ticks": ""}, "colorscale": [[0.0, "#0d0887"], [0.1111111111111111, "#46039f"], [0.2222222222222222, "#7201a8"], [0.3333333333333333, "#9c179e"], [0.4444444444444444, "#bd3786"], [0.5555555555555556, "#d8576b"], [0.6666666666666666, "#ed7953"], [0.7777777777777778, "#fb9f3a"], [0.8888888888888888, "#fdca26"], [1.0, "#f0f921"]]}], "contourcarpet": [{"type": "contourcarpet", "colorbar": {"outlinewidth": 0, "ticks": ""}}], "contour": [{"type": "contour", "colorbar": {"outlinewidth": 0, "ticks": ""}, "colorscale": [[0.0, "#0d0887"], [0.1111111111111111, "#46039f"], [0.2222222222222222, "#7201a8"], [0.3333333333333333, "#9c179e"], [0.4444444444444444, "#bd3786"], [0.5555555555555556, "#d8576b"], [0.6666666666666666, "#ed7953"], [0.7777777777777778, "#fb9f3a"], [0.8888888888888888, "#fdca26"], [1.0, "#f0f921"]]}], "surface": [{"type": "surface", "colorbar": {"outlinewidth": 0, "ticks": ""}, "colorscale": [[0.0, "#0d0887"], [0.1111111111111111, "#46039f"], [0.2222222222222222, "#7201a8"], [0.3333333333333333, "#9c179e"], [0.4444444444444444, "#bd3786"], [0.5555555555555556, "#d8576b"], [0.6666666666666666, "#ed7953"], [0.7777777777777778, "#fb9f3a"], [0.8888888888888888, "#fdca26"], [1.0, "#f0f921"]]}], "mesh3d": [{"type": "mesh3d", "colorbar": {"outlinewidth": 0, "ticks": ""}}], "scatter": [{"fillpattern": {"fillmode": "overlay", "size": 10, "solidity": 0.2}, "type": "scatter"}], "parcoords": [{"type": "parcoords", "line": {"colorbar": {"outlinewidth": 0, "ticks": ""}}}], "scatterpolargl": [{"type": "scatterpolargl", "marker": {"colorbar": {"outlinewidth": 0, "ticks": ""}}}], "bar": [{"error_x": {"color": "#2a3f5f"}, "error_y": {"color": "#2a3f5f"}, "marker": {"line": {"color": "#E5ECF6", "width": 0.5}, "pattern": {"fillmode": "overlay", "size": 10, "solidity": 0.2}}, "type": "bar"}], "scattergeo": [{"type": "scattergeo", "marker": {"colorbar": {"outlinewidth": 0, "ticks": ""}}}], "scatterpolar": [{"type": "scatterpolar", "marker": {"colorbar": {"outlinewidth": 0, "ticks": ""}}}], "histogram": [{"marker": {"pattern": {"fillmode": "overlay", "size": 10, "solidity": 0.2}}, "type": "histogram"}], "scattergl": [{"type": "scattergl", "marker": {"colorbar": {"outlinewidth": 0, "ticks": ""}}}], "scatter3d": [{"type": "scatter3d", "line": {"colorbar": {"outlinewidth": 0, "ticks": ""}}, "marker": {"colorbar": {"outlinewidth": 0, "ticks": ""}}}], "scattermapbox": [{"type": "scattermapbox", "marker": {"colorbar": {"outlinewidth": 0, "ticks": ""}}}], "scatterternary": [{"type": "scatterternary", "marker": {"colorbar": {"outlinewidth": 0, "ticks": ""}}}], "scattercarpet": [{"type": "scattercarpet", "marker": {"colorbar": {"outlinewidth": 0, "ticks": ""}}}], "carpet": [{"aaxis": {"endlinecolor": "#2a3f5f", "gridcolor": "white", "linecolor": "white", "minorgridcolor": "white", "startlinecolor": "#2a3f5f"}, "baxis": {"endlinecolor": "#2a3f5f", "gridcolor": "white", "linecolor": "white", "minorgridcolor": "white", "startlinecolor": "#2a3f5f"}, "type": "carpet"}], "table": [{"cells": {"fill": {"color": "#EBF0F8"}, "line": {"color": "white"}}, "header": {"fill": {"color": "#C8D4E3"}, "line": {"color": "white"}}, "type": "table"}], "barpolar": [{"marker": {"line": {"color": "#E5ECF6", "width": 0.5}, "pattern": {"fillmode": "overlay", "size": 10, "solidity": 0.2}}, "type": "barpolar"}], "pie": [{"automargin": true, "type": "pie"}]}, "layout": {"autotypenumbers": "strict", "colorway": ["#636efa", "#EF553B", "#00cc96", "#ab63fa", "#FFA15A", "#19d3f3", "#FF6692", "#B6E880", "#FF97FF", "#FECB52"], "font": {"color": "#2a3f5f"}, "hovermode": "closest", "hoverlabel": {"align": "left"}, "paper_bgcolor": "white", "plot_bgcolor": "#E5ECF6", "polar": {"bgcolor": "#E5ECF6", "angularaxis": {"gridcolor": "white", "linecolor": "white", "ticks": ""}, "radialaxis": {"gridcolor": "white", "linecolor": "white", "ticks": ""}}, "ternary": {"bgcolor": "#E5ECF6", "aaxis": {"gridcolor": "white", "linecolor": "white", "ticks": ""}, "baxis": {"gridcolor": "white", "linecolor": "white", "ticks": ""}, "caxis": {"gridcolor": "white", "linecolor": "white", "ticks": ""}}, "coloraxis": {"colorbar": {"outlinewidth": 0, "ticks": ""}}, "colorscale": {"sequential": [[0.0, "#0d0887"], [0.1111111111111111, "#46039f"], [0.2222222222222222, "#7201a8"], [0.3333333333333333, "#9c179e"], [0.4444444444444444, "#bd3786"], [0.5555555555555556, "#d8576b"], [0.6666666666666666, "#ed7953"], [0.7777777777777778, "#fb9f3a"], [0.8888888888888888, "#fdca26"], [1.0, "#f0f921"]], "sequentialminus": [[0.0, "#0d0887"], [0.1111111111111111, "#46039f"], [0.2222222222222222, "#7201a8"], [0.3333333333333333, "#9c179e"], [0.4444444444444444, "#bd3786"], [0.5555555555555556, "#d8576b"], [0.6666666666666666, "#ed7953"], [0.7777777777777778, "#fb9f3a"], [0.8888888888888888, "#fdca26"], [1.0, "#f0f921"]], "diverging": [[0, "#8e0152"], [0.1, "#c51b7d"], [0.2, "#de77ae"], [0.3, "#f1b6da"], [0.4, "#fde0ef"], [0.5, "#f7f7f7"], [0.6, "#e6f5d0"], [0.7, "#b8e186"], [0.8, "#7fbc41"], [0.9, "#4d9221"], [1, "#276419"]]}, "xaxis": {"gridcolor": "white", "linecolor": "white", "ticks": "", "title": {"standoff": 15}, "zerolinecolor": "white", "automargin": true, "zerolinewidth": 2}, "yaxis": {"gridcolor": "white", "linecolor": "white", "ticks": "", "title": {"standoff": 15}, "zerolinecolor": "white", "automargin": true, "zerolinewidth": 2}, "scene": {"xaxis": {"backgroundcolor": "#E5ECF6", "gridcolor": "white", "linecolor": "white", "showbackground": true, "ticks": "", "zerolinecolor": "white", "gridwidth": 2}, "yaxis": {"backgroundcolor": "#E5ECF6", "gridcolor": "white", "linecolor": "white", "showbackground": true, "ticks": "", "zerolinecolor": "white", "gridwidth": 2}, "zaxis": {"backgroundcolor": "#E5ECF6", "gridcolor": "white", "linecolor": "white", "showbackground": true, "ticks": "", "zerolinecolor": "white", "gridwidth": 2}}, "shapedefaults": {"line": {"color": "#2a3f5f"}}, "annotationdefaults": {"arrowcolor": "#2a3f5f", "arrowhead": 0, "arrowwidth": 1}, "geo": {"bgcolor": "white", "landcolor": "#E5ECF6", "subunitcolor": "white", "showland": true, "showlakes": true, "lakecolor": "white"}, "title": {"x": 0.05}, "mapbox": {"style": "light"}}}}}