{"data": [{"z": [[24.437313079833984, 0.5592715740203857, 0.8513577580451965, 0.04294760525226593, 2.1839518547058105, 0.22577057778835297, -1.686923623085022, 3.773827314376831, -1.0424282550811768, -2.598782539367676, 0.8920485377311707, 3.0540261268615723, 1.0681196451187134, 0.779102087020874, 4.236161231994629, 0.6613876223564148, 4.384047508239746, -6.4348554611206055, -0.9806698560714722, 4.736029148101807, -5.554401874542236], [0.5592715740203857, 17.149080276489258, -2.9839158058166504, 0.6648485660552979, -4.955568790435791, -4.5343523025512695, 1.160383701324463, -2.031536102294922, 1.3669192790985107, -3.360849142074585, 0.879458487033844, 4.537270545959473, 1.0077052116394043, -0.934852659702301, -1.3703725337982178, 1.3227559328079224, 0.8808927536010742, 2.503988742828369, -0.7734850645065308, -3.5868606567382812, 2.482466697692871], [0.8513577580451965, -2.9839158058166504, 22.51185417175293, 2.1170527935028076, 1.8515875339508057, -1.3577817678451538, 5.898413181304932, -7.786556720733643, 0.8735297322273254, 5.90359354019165, 0.9001986384391785, -9.697234153747559, 0.48704713582992554, 1.7934601306915283, 0.18663953244686127, 2.055532455444336, 4.157036781311035, 4.7124924659729, 3.8068978786468506, -1.640188217163086, -7.67063570022583], [0.04294760525226593, 0.6648485660552979, 2.1170527935028076, 17.051828384399414, -1.456994652748108, 0.19366636872291565, 3.9522738456726074, -2.4188730716705322, -4.4547200202941895, 2.2932257652282715, -4.660991668701172, 0.27630171179771423, 0.5003909468650818, -3.218035936355591, 6.802582740783691, 3.3268604278564453, -0.8353208899497986, 0.8644477725028992, 0.5774005055427551, -0.6362940073013306, 6.347505569458008], [2.1839518547058105, -4.955568790435791, 1.8515875339508057, -1.456994652748108, 22.93451690673828, 2.1431381702423096, 3.0912952423095703, 1.3953917026519775, 2.6562838554382324, -0.26213711500167847, -0.6327589750289917, -3.726038694381714, -3.0074026584625244, 3.869229793548584, 8.551528930664062, 0.7018691897392273, -2.101562261581421, 1.5461944341659546, 1.0040704011917114, 3.8082714080810547, -1.520214319229126], [0.22577057778835297, -4.5343523025512695, -1.3577817678451538, 0.19366636872291565, 2.1431381702423096, 26.464414596557617, 5.6179327964782715, -1.4897074699401855, 3.888462781906128, 3.7927446365356445, -2.6047070026397705, -7.464919567108154, -3.9799587726593018, 2.17205810546875, 6.104934215545654, -2.8791818618774414, -3.149871349334717, -2.9025814533233643, 1.7209113836288452, -2.096766471862793, -1.9441425800323486], [-1.686923623085022, 1.160383701324463, 5.898413181304932, 3.9522738456726074, 3.0912952423095703, 5.6179327964782715, 15.675972938537598, -3.6482601165771484, 4.447144985198975, -1.2593964338302612, -4.127624034881592, -4.94224214553833, -2.6014437675476074, 0.6925557255744934, 3.6900079250335693, -2.34394907951355, 1.7209439277648926, 4.141471862792969, 0.2442539930343628, 0.5275906324386597, -1.954479455947876], [3.773827314376831, -2.031536102294922, -7.786556720733643, -2.4188730716705322, 1.3953917026519775, -1.4897074699401855, -3.6482601165771484, 23.532413482666016, 4.3094258308410645, -4.07094669342041, 1.8489469289779663, 4.525299072265625, 1.7729614973068237, -7.168271541595459, 1.4306731224060059, -3.6354362964630127, 3.5471978187561035, -0.6243891716003418, -4.351113796234131, 6.259248733520508, -1.502328634262085], [-1.0424282550811768, 1.3669192790985107, 0.8735297322273254, -4.4547200202941895, 2.6562838554382324, 3.888462781906128, 4.447144985198975, 4.3094258308410645, 15.03164291381836, 0.9642553925514221, -0.6915125846862793, -5.630432605743408, -3.930903434753418, 2.290485143661499, -2.783979654312134, -4.301374435424805, 2.6167333126068115, -0.8985424041748047, -1.0406360626220703, 1.7092347145080566, 0.12604999542236328], [-2.598782539367676, -3.360849142074585, 5.90359354019165, 2.2932257652282715, -0.26213711500167847, 3.7927446365356445, -1.2593964338302612, -4.07094669342041, 0.9642553925514221, 19.065996170043945, -3.2718582153320312, -4.430994987487793, 2.521745204925537, 2.6073925495147705, 4.084621906280518, 1.6938631534576416, 1.2911477088928223, -5.4144134521484375, 0.9499657154083252, -2.023416757583618, 6.557877063751221], [0.8920485377311707, 0.879458487033844, 0.9001986384391785, -4.660991668701172, -0.6327589750289917, -2.6047070026397705, -4.127624034881592, 1.8489469289779663, -0.6915125846862793, -3.2718582153320312, 22.443632125854492, -4.025790691375732, 2.8336727619171143, -1.724063515663147, -4.5111236572265625, -1.1289796829223633, 1.4021587371826172, -2.5313544273376465, -0.7143726348876953, 2.757331371307373, -2.81325101852417], [3.0540261268615723, 4.537270545959473, -9.697234153747559, 0.27630171179771423, -3.726038694381714, -7.464919567108154, -4.94224214553833, 4.525299072265625, -5.630432605743408, -4.430994987487793, -4.025790691375732, 28.508291244506836, -1.5173803567886353, 3.193784475326538, 5.876737594604492, 4.17221736907959, -3.933352470397949, -1.8312069177627563, 5.28153133392334, 0.8411657810211182, 1.4247747659683228], [1.0681196451187134, 1.0077052116394043, 0.48704713582992554, 0.5003909468650818, -3.0074026584625244, -3.9799587726593018, -2.6014437675476074, 1.7729614973068237, -3.930903434753418, 2.521745204925537, 2.8336727619171143, -1.5173803567886353, 15.874615669250488, -5.508894443511963, -2.188119888305664, 3.904557704925537, 3.138004779815674, 6.260737895965576, 6.745997428894043, 1.435650110244751, 0.6682559251785278], [0.779102087020874, -0.934852659702301, 1.7934601306915283, -3.218035936355591, 3.869229793548584, 2.17205810546875, 0.6925557255744934, -7.168271541595459, 2.290485143661499, 2.6073925495147705, -1.724063515663147, 3.193784475326538, -5.508894443511963, 16.96596908569336, -0.0009201745851896703, 0.4039236009120941, -4.635955333709717, 0.09521770477294922, 0.5336809158325195, -3.698754072189331, 0.22704866528511047], [4.236161231994629, -1.3703725337982178, 0.18663953244686127, 6.802582740783691, 8.551528930664062, 6.104934215545654, 3.6900079250335693, 1.4306731224060059, -2.783979654312134, 4.084621906280518, -4.5111236572265625, 5.876737594604492, -2.188119888305664, -0.0009201745851896703, 24.6541748046875, 3.870431423187256, -2.7827422618865967, -10.821090698242188, 3.2110540866851807, 3.791257858276367, -6.185387134552002], [0.6613876223564148, 1.3227559328079224, 2.055532455444336, 3.3268604278564453, 0.7018691897392273, -2.8791818618774414, -2.34394907951355, -3.6354362964630127, -4.301374435424805, 1.6938631534576416, -1.1289796829223633, 4.17221736907959, 3.904557704925537, 0.4039236009120941, 3.870431423187256, 16.645977020263672, -1.5186271667480469, -6.869651794433594, 5.550260543823242, -3.927926540374756, -5.86912202835083], [4.3840484619140625, 0.880892813205719, 4.157037258148193, -0.835320770740509, -2.101562261581421, -3.1498708724975586, 1.7209434509277344, 3.5471978187561035, 2.6167333126068115, 1.2911479473114014, 1.4021583795547485, -3.9333527088165283, 3.138004779815674, -4.635956287384033, -2.7827422618865967, -1.5186270475387573, 19.68373680114746, 2.728898048400879, -2.0002150535583496, -0.5165599584579468, -3.1361923217773438], [-6.434854984283447, 2.503988742828369, 4.7124924659729, 0.864447832107544, 1.5461945533752441, -2.9025819301605225, 4.141470909118652, -0.6243895292282104, -0.8985426425933838, -5.4144134521484375, -2.5313544273376465, -1.8312077522277832, 6.260738372802734, 0.09521797299385071, -10.821093559265137, -6.869652271270752, 2.728898048400879, 33.21647644042969, 3.4855775833129883, -3.693674087524414, 0.6450934410095215], [-0.9806699156761169, -0.7734845876693726, 3.8068974018096924, 0.5774005651473999, 1.0040702819824219, 1.7209115028381348, 0.24425381422042847, -4.351114749908447, -1.0406368970870972, 0.9499660730361938, -0.7143718004226685, 5.28153133392334, 6.745996952056885, 0.5336815714836121, 3.2110536098480225, 5.550260066986084, -2.0002150535583496, 3.4855775833129883, 25.256732940673828, -0.935812771320343, -1.6095811128616333], [4.736029624938965, -3.586860418319702, -1.6401875019073486, -0.6362946629524231, 3.8082714080810547, -2.0967659950256348, 0.5275903940200806, 6.259250164031982, 1.7092348337173462, -2.0234169960021973, 2.757331371307373, 0.8411658406257629, 1.4356502294540405, -3.698753833770752, 3.791257858276367, -3.927926540374756, -0.5165599584579468, -3.693674087524414, -0.935812771320343, 19.30794906616211, -1.7103525400161743], [-5.5544023513793945, 2.482466697692871, -7.670634746551514, 6.347506046295166, -1.520214557647705, -1.9441425800323486, -1.954479694366455, -1.5023285150527954, 0.12604981660842896, 6.5578765869140625, -2.81325101852417, 1.4247748851776123, 0.6682560443878174, 0.22704863548278809, -6.185386657714844, -5.869121551513672, -3.136192560195923, 0.6450936794281006, -1.6095809936523438, -1.7103519439697266, 26.11185073852539]], "type": "heatmap"}], "layout": {"template": {"data": {"histogram2dcontour": [{"type": "histogram2dcontour", "colorbar": {"outlinewidth": 0, "ticks": ""}, "colorscale": [[0.0, "#0d0887"], [0.1111111111111111, "#46039f"], [0.2222222222222222, "#7201a8"], [0.3333333333333333, "#9c179e"], [0.4444444444444444, "#bd3786"], [0.5555555555555556, "#d8576b"], [0.6666666666666666, "#ed7953"], [0.7777777777777778, "#fb9f3a"], [0.8888888888888888, "#fdca26"], [1.0, "#f0f921"]]}], "choropleth": [{"type": "choropleth", "colorbar": {"outlinewidth": 0, "ticks": ""}}], "histogram2d": [{"type": "histogram2d", "colorbar": {"outlinewidth": 0, "ticks": ""}, "colorscale": [[0.0, "#0d0887"], [0.1111111111111111, "#46039f"], [0.2222222222222222, "#7201a8"], [0.3333333333333333, "#9c179e"], [0.4444444444444444, "#bd3786"], [0.5555555555555556, "#d8576b"], [0.6666666666666666, "#ed7953"], [0.7777777777777778, "#fb9f3a"], [0.8888888888888888, "#fdca26"], [1.0, "#f0f921"]]}], "heatmap": [{"type": "heatmap", "colorbar": {"outlinewidth": 0, "ticks": ""}, "colorscale": [[0.0, "#0d0887"], [0.1111111111111111, "#46039f"], [0.2222222222222222, "#7201a8"], [0.3333333333333333, "#9c179e"], [0.4444444444444444, "#bd3786"], [0.5555555555555556, "#d8576b"], [0.6666666666666666, "#ed7953"], [0.7777777777777778, "#fb9f3a"], [0.8888888888888888, "#fdca26"], [1.0, "#f0f921"]]}], "heatmapgl": [{"type": "heatmapgl", "colorbar": {"outlinewidth": 0, "ticks": ""}, "colorscale": [[0.0, "#0d0887"], [0.1111111111111111, "#46039f"], [0.2222222222222222, "#7201a8"], [0.3333333333333333, "#9c179e"], [0.4444444444444444, "#bd3786"], [0.5555555555555556, "#d8576b"], [0.6666666666666666, "#ed7953"], [0.7777777777777778, "#fb9f3a"], [0.8888888888888888, "#fdca26"], [1.0, "#f0f921"]]}], "contourcarpet": [{"type": "contourcarpet", "colorbar": {"outlinewidth": 0, "ticks": ""}}], "contour": [{"type": "contour", "colorbar": {"outlinewidth": 0, "ticks": ""}, "colorscale": [[0.0, "#0d0887"], [0.1111111111111111, "#46039f"], [0.2222222222222222, "#7201a8"], [0.3333333333333333, "#9c179e"], [0.4444444444444444, "#bd3786"], [0.5555555555555556, "#d8576b"], [0.6666666666666666, "#ed7953"], [0.7777777777777778, "#fb9f3a"], [0.8888888888888888, "#fdca26"], [1.0, "#f0f921"]]}], "surface": [{"type": "surface", "colorbar": {"outlinewidth": 0, "ticks": ""}, "colorscale": [[0.0, "#0d0887"], [0.1111111111111111, "#46039f"], [0.2222222222222222, "#7201a8"], [0.3333333333333333, "#9c179e"], [0.4444444444444444, "#bd3786"], [0.5555555555555556, "#d8576b"], [0.6666666666666666, "#ed7953"], [0.7777777777777778, "#fb9f3a"], [0.8888888888888888, "#fdca26"], [1.0, "#f0f921"]]}], "mesh3d": [{"type": "mesh3d", "colorbar": {"outlinewidth": 0, "ticks": ""}}], "scatter": [{"fillpattern": {"fillmode": "overlay", "size": 10, "solidity": 0.2}, "type": "scatter"}], "parcoords": [{"type": "parcoords", "line": {"colorbar": {"outlinewidth": 0, "ticks": ""}}}], "scatterpolargl": [{"type": "scatterpolargl", "marker": {"colorbar": {"outlinewidth": 0, "ticks": ""}}}], "bar": [{"error_x": {"color": "#2a3f5f"}, "error_y": {"color": "#2a3f5f"}, "marker": {"line": {"color": "#E5ECF6", "width": 0.5}, "pattern": {"fillmode": "overlay", "size": 10, "solidity": 0.2}}, "type": "bar"}], "scattergeo": [{"type": "scattergeo", "marker": {"colorbar": {"outlinewidth": 0, "ticks": ""}}}], "scatterpolar": [{"type": "scatterpolar", "marker": {"colorbar": {"outlinewidth": 0, "ticks": ""}}}], "histogram": [{"marker": {"pattern": {"fillmode": "overlay", "size": 10, "solidity": 0.2}}, "type": "histogram"}], "scattergl": [{"type": "scattergl", "marker": {"colorbar": {"outlinewidth": 0, "ticks": ""}}}], "scatter3d": [{"type": "scatter3d", "line": {"colorbar": {"outlinewidth": 0, "ticks": ""}}, "marker": {"colorbar": {"outlinewidth": 0, "ticks": ""}}}], "scattermapbox": [{"type": "scattermapbox", "marker": {"colorbar": {"outlinewidth": 0, "ticks": ""}}}], "scatterternary": [{"type": "scatterternary", "marker": {"colorbar": {"outlinewidth": 0, "ticks": ""}}}], "scattercarpet": [{"type": "scattercarpet", "marker": {"colorbar": {"outlinewidth": 0, "ticks": ""}}}], "carpet": [{"aaxis": {"endlinecolor": "#2a3f5f", "gridcolor": "white", "linecolor": "white", "minorgridcolor": "white", "startlinecolor": "#2a3f5f"}, "baxis": {"endlinecolor": "#2a3f5f", "gridcolor": "white", "linecolor": "white", "minorgridcolor": "white", "startlinecolor": "#2a3f5f"}, "type": "carpet"}], "table": [{"cells": {"fill": {"color": "#EBF0F8"}, "line": {"color": "white"}}, "header": {"fill": {"color": "#C8D4E3"}, "line": {"color": "white"}}, "type": "table"}], "barpolar": [{"marker": {"line": {"color": "#E5ECF6", "width": 0.5}, "pattern": {"fillmode": "overlay", "size": 10, "solidity": 0.2}}, "type": "barpolar"}], "pie": [{"automargin": true, "type": "pie"}]}, "layout": {"autotypenumbers": "strict", "colorway": ["#636efa", "#EF553B", "#00cc96", "#ab63fa", "#FFA15A", "#19d3f3", "#FF6692", "#B6E880", "#FF97FF", "#FECB52"], "font": {"color": "#2a3f5f"}, "hovermode": "closest", "hoverlabel": {"align": "left"}, "paper_bgcolor": "white", "plot_bgcolor": "#E5ECF6", "polar": {"bgcolor": "#E5ECF6", "angularaxis": {"gridcolor": "white", "linecolor": "white", "ticks": ""}, "radialaxis": {"gridcolor": "white", "linecolor": "white", "ticks": ""}}, "ternary": {"bgcolor": "#E5ECF6", "aaxis": {"gridcolor": "white", "linecolor": "white", "ticks": ""}, "baxis": {"gridcolor": "white", "linecolor": "white", "ticks": ""}, "caxis": {"gridcolor": "white", "linecolor": "white", "ticks": ""}}, "coloraxis": {"colorbar": {"outlinewidth": 0, "ticks": ""}}, "colorscale": {"sequential": [[0.0, "#0d0887"], [0.1111111111111111, "#46039f"], [0.2222222222222222, "#7201a8"], [0.3333333333333333, "#9c179e"], [0.4444444444444444, "#bd3786"], [0.5555555555555556, "#d8576b"], [0.6666666666666666, "#ed7953"], [0.7777777777777778, "#fb9f3a"], [0.8888888888888888, "#fdca26"], [1.0, "#f0f921"]], "sequentialminus": [[0.0, "#0d0887"], [0.1111111111111111, "#46039f"], [0.2222222222222222, "#7201a8"], [0.3333333333333333, "#9c179e"], [0.4444444444444444, "#bd3786"], [0.5555555555555556, "#d8576b"], [0.6666666666666666, "#ed7953"], [0.7777777777777778, "#fb9f3a"], [0.8888888888888888, "#fdca26"], [1.0, "#f0f921"]], "diverging": [[0, "#8e0152"], [0.1, "#c51b7d"], [0.2, "#de77ae"], [0.3, "#f1b6da"], [0.4, "#fde0ef"], [0.5, "#f7f7f7"], [0.6, "#e6f5d0"], [0.7, "#b8e186"], [0.8, "#7fbc41"], [0.9, "#4d9221"], [1, "#276419"]]}, "xaxis": {"gridcolor": "white", "linecolor": "white", "ticks": "", "title": {"standoff": 15}, "zerolinecolor": "white", "automargin": true, "zerolinewidth": 2}, "yaxis": {"gridcolor": "white", "linecolor": "white", "ticks": "", "title": {"standoff": 15}, "zerolinecolor": "white", "automargin": true, "zerolinewidth": 2}, "scene": {"xaxis": {"backgroundcolor": "#E5ECF6", "gridcolor": "white", "linecolor": "white", "showbackground": true, "ticks": "", "zerolinecolor": "white", "gridwidth": 2}, "yaxis": {"backgroundcolor": "#E5ECF6", "gridcolor": "white", "linecolor": "white", "showbackground": true, "ticks": "", "zerolinecolor": "white", "gridwidth": 2}, "zaxis": {"backgroundcolor": "#E5ECF6", "gridcolor": "white", "linecolor": "white", "showbackground": true, "ticks": "", "zerolinecolor": "white", "gridwidth": 2}}, "shapedefaults": {"line": {"color": "#2a3f5f"}}, "annotationdefaults": {"arrowcolor": "#2a3f5f", "arrowhead": 0, "arrowwidth": 1}, "geo": {"bgcolor": "white", "landcolor": "#E5ECF6", "subunitcolor": "white", "showland": true, "showlakes": true, "lakecolor": "white"}, "title": {"x": 0.05}, "mapbox": {"style": "light"}}}}}