{"data": [{"z": [[28.52704620361328, 7.606379508972168, -1.3063697814941406, -2.7098851203918457, -10.274476051330566, 5.889070987701416, 7.48978328704834, 1.2659804821014404, 2.5862479209899902, -2.2508416175842285, 0.7459362149238586, -0.7733240127563477, -4.99848747253418, 0.9198446869850159, 7.050564289093018, 2.6740150451660156, -4.944585800170898, 6.269017696380615, 0.5751657485961914, -0.742429256439209, 4.448060989379883], [7.606379508972168, 21.490352630615234, -6.266205310821533, 0.9004499912261963, -3.187424898147583, 3.2661750316619873, -3.6968913078308105, -1.7591789960861206, -0.27079349756240845, -0.787533700466156, -0.14883039891719818, -3.047337770462036, -9.76148509979248, 2.7136051654815674, 4.517089366912842, -1.7974276542663574, 5.922913551330566, -1.6007853746414185, -3.1526803970336914, -2.313981533050537, 3.3657724857330322], [-1.3063697814941406, -6.266205310821533, 20.697731018066406, 0.09080906212329865, -3.1163299083709717, -7.106358528137207, -2.0398247241973877, 0.6199925541877747, -3.5142340660095215, 5.712270259857178, -2.073794364929199, 0.834074854850769, 0.613959550857544, -4.506142616271973, 6.06134557723999, 1.7733997106552124, -2.7042746543884277, -1.2419517040252686, -0.011826276779174805, -1.112389087677002, -0.9851596355438232], [-2.7098851203918457, 0.9004499912261963, 0.09080906212329865, 37.61042022705078, -8.994048118591309, 5.654811859130859, -4.776143550872803, 0.28358352184295654, 5.064033031463623, 0.7206591963768005, 10.8405179977417, 2.7444589138031006, -5.5196356773376465, -2.3875997066497803, -6.435928821563721, -3.5871360301971436, 2.208577871322632, 3.965780735015869, 3.4961347579956055, -3.9411306381225586, -0.46332240104675293], [-10.274476051330566, -3.187424898147583, -3.1163299083709717, -8.994048118591309, 20.11119270324707, 4.1587653160095215, -3.98587965965271, 9.122076034545898, -8.311765670776367, -1.9509819746017456, -0.7442314028739929, 2.4929416179656982, 1.7501940727233887, -3.949566125869751, -2.905233383178711, -1.473020315170288, 1.7570677995681763, -4.904818534851074, -4.763195991516113, 4.23459529876709, -0.6588659286499023], [5.889070987701416, 3.2661750316619873, -7.106358528137207, 5.654811859130859, 4.1587653160095215, 30.805517196655273, -2.7951507568359375, 15.39215087890625, 3.597571611404419, -7.410594463348389, -2.822418212890625, -3.546375274658203, -1.7635828256607056, -5.748651504516602, -0.08831076323986053, 0.7753661274909973, 2.878622531890869, -4.741212368011475, -3.2863035202026367, 1.9714974164962769, -4.482743740081787], [7.48978328704834, -3.6968913078308105, -2.0398247241973877, -4.776143550872803, -3.98587965965271, -2.7951507568359375, 26.205997467041016, -8.20949649810791, 5.2455220222473145, 7.680807113647461, -5.596498489379883, -6.444119453430176, 1.0386980772018433, 0.17902541160583496, 6.049407005310059, -1.6875247955322266, 0.8411697745323181, -1.2870917320251465, -2.25171160697937, -1.769041895866394, -2.8748068809509277], [1.2659804821014404, -1.7591789960861206, 0.6199925541877747, 0.28358352184295654, 9.122076034545898, 15.39215087890625, -8.20949649810791, 45.87626647949219, -0.1665482223033905, -7.197630882263184, 3.0518100261688232, 3.9857892990112305, 3.447829008102417, -12.832915306091309, 3.736330270767212, 9.235358238220215, 6.943553447723389, -5.206352233886719, -8.443985939025879, -0.16013717651367188, 2.2675182819366455], [2.5862479209899902, -0.27079349756240845, -3.5142340660095215, 5.064033031463623, -8.311765670776367, 3.597571611404419, 5.2455220222473145, -0.1665482223033905, 29.37324333190918, 5.617074012756348, -11.151500701904297, -7.528332710266113, 7.365452766418457, -6.418029308319092, -5.876388072967529, -6.716714382171631, 0.6351280212402344, 3.8284010887145996, -6.208687782287598, -0.6918362379074097, 14.398245811462402], [-2.2508416175842285, -0.787533700466156, 5.712270259857178, 0.7206591963768005, -1.9509819746017456, -7.410594463348389, 7.680807113647461, -7.197630882263184, 5.617074012756348, 22.03293228149414, -1.6442302465438843, -0.08171630650758743, -3.913536787033081, 4.19103479385376, 1.0767089128494263, -4.084201812744141, -1.1888480186462402, 2.976839065551758, 4.4633684158325195, 0.5555201768875122, 11.2744779586792], [0.7459362149238586, -0.14883039891719818, -2.073794364929199, 10.8405179977417, -0.7442314028739929, -2.822418212890625, -5.596498489379883, 3.0518100261688232, -11.151500701904297, -1.6442302465438843, 27.614221572875977, 7.109725475311279, -1.5139226913452148, 7.688060760498047, -4.0650153160095215, 8.093303680419922, -2.8312129974365234, 5.631586074829102, 13.594968795776367, 2.794563055038452, 0.6273082494735718], [-0.7733240127563477, -3.047337770462036, 0.834074854850769, 2.7444589138031006, 2.4929416179656982, -3.546375274658203, -6.444119453430176, 3.9857892990112305, -7.528332710266113, -0.08171630650758743, 7.109725475311279, 20.584217071533203, 4.084517478942871, -1.431684136390686, 0.8644763827323914, -0.5082760453224182, -2.3799638748168945, 3.889559507369995, 4.510947227478027, 3.3828516006469727, 2.792423725128174], [-4.99848747253418, -9.76148509979248, 0.613959550857544, -5.5196356773376465, 1.7501940727233887, -1.7635828256607056, 1.0386980772018433, 3.447829008102417, 7.365452766418457, -3.913536787033081, -1.5139226913452148, 4.084517478942871, 27.33005142211914, -1.6469347476959229, -1.2211765050888062, 2.1375255584716797, -2.5037682056427, -3.6733250617980957, -1.8551380634307861, 2.2583980560302734, 5.293250560760498], [0.9198446869850159, 2.7136051654815674, -4.506142616271973, -2.3875997066497803, -3.949566125869751, -5.748651504516602, 0.17902541160583496, -12.832915306091309, -6.418029308319092, 4.19103479385376, 7.688060760498047, -1.431684136390686, -1.6469347476959229, 33.489078521728516, -6.448917865753174, 4.418255805969238, -0.1869734525680542, -6.199092864990234, 12.237566947937012, 3.3140029907226562, 0.9227060079574585], [7.050564289093018, 4.517089366912842, 6.06134557723999, -6.435928821563721, -2.905233383178711, -0.08831076323986053, 6.049407005310059, 3.736330270767212, -5.876388072967529, 1.0767089128494263, -4.0650153160095215, 0.8644763827323914, -1.2211765050888062, -6.448917865753174, 20.373973846435547, -0.8477731943130493, -2.3408825397491455, -0.8501354455947876, -1.8472821712493896, -3.126232385635376, -4.431454658508301], [2.6740150451660156, -1.7974276542663574, 1.7733997106552124, -3.5871360301971436, -1.473020315170288, 0.7753661274909973, -1.6875247955322266, 9.235358238220215, -6.716714382171631, -4.084201812744141, 8.093303680419922, -0.5082760453224182, 2.1375255584716797, 4.418255805969238, -0.8477731943130493, 19.98781967163086, 3.818305015563965, -1.1657369136810303, 4.135736465454102, 2.771402597427368, -2.517880439758301], [-4.944585800170898, 5.922914028167725, -2.7042739391326904, 2.2085776329040527, 1.7570682764053345, 2.878621816635132, 0.841169536113739, 6.9435529708862305, 0.6351280212402344, -1.1888483762741089, -2.8312132358551025, -2.379964590072632, -2.503767967224121, -0.18697316944599152, -2.3408827781677246, 3.818305730819702, 25.460773468017578, -4.792158126831055, -4.26979923248291, -0.772193431854248, -0.8721213936805725], [6.269017696380615, -1.6007853746414185, -1.2419513463974, 3.9657814502716064, -4.904818534851074, -4.741212368011475, -1.287091851234436, -5.206352233886719, 3.8284013271331787, 2.9768388271331787, 5.63158655166626, 3.8895599842071533, -3.6733248233795166, -6.199093818664551, -0.8501351475715637, -1.1657371520996094, -4.792158126831055, 23.948026657104492, 5.338728427886963, 0.923377513885498, 5.718212604522705], [0.5751658082008362, -3.152679920196533, -0.011826270259916782, 3.496134042739868, -4.763195514678955, -3.2863035202026367, -2.251711368560791, -8.443985939025879, -6.208687782287598, 4.463367462158203, 13.594969749450684, 4.5109477043151855, -1.8551379442214966, 12.237565994262695, -1.8472819328308105, 4.135735988616943, -4.26979923248291, 5.338728427886963, 20.769332885742188, -1.6125540733337402, -1.158298134803772], [-0.7424290180206299, -2.3139820098876953, -1.1123888492584229, -3.9411303997039795, 4.23459529876709, 1.971497654914856, -1.769041895866394, -0.16013780236244202, -0.6918370127677917, 0.5555200576782227, 2.794562816619873, 3.3828516006469727, 2.2583982944488525, 3.3140029907226562, -3.1262319087982178, 2.771402359008789, -0.772193431854248, 0.923377513885498, -1.6125540733337402, 13.1983003616333, 7.204754829406738], [4.448061466217041, 3.3657727241516113, -0.9851592779159546, -0.4633225202560425, -0.6588654518127441, -4.482743740081787, -2.8748066425323486, 2.2675180435180664, 14.398246765136719, 11.274477005004883, 0.6273078918457031, 2.7924232482910156, 5.29325008392334, 0.922706127166748, -4.431454181671143, -2.517880439758301, -0.8721219301223755, 5.718213081359863, -1.1582978963851929, 7.20475435256958, 40.20008850097656]], "type": "heatmap"}], "layout": {"template": {"data": {"histogram2dcontour": [{"type": "histogram2dcontour", "colorbar": {"outlinewidth": 0, "ticks": ""}, "colorscale": [[0.0, "#0d0887"], [0.1111111111111111, "#46039f"], [0.2222222222222222, "#7201a8"], [0.3333333333333333, "#9c179e"], [0.4444444444444444, "#bd3786"], [0.5555555555555556, "#d8576b"], [0.6666666666666666, "#ed7953"], [0.7777777777777778, "#fb9f3a"], [0.8888888888888888, "#fdca26"], [1.0, "#f0f921"]]}], "choropleth": [{"type": "choropleth", "colorbar": {"outlinewidth": 0, "ticks": ""}}], "histogram2d": [{"type": "histogram2d", "colorbar": {"outlinewidth": 0, "ticks": ""}, "colorscale": [[0.0, "#0d0887"], [0.1111111111111111, "#46039f"], [0.2222222222222222, "#7201a8"], [0.3333333333333333, "#9c179e"], [0.4444444444444444, "#bd3786"], [0.5555555555555556, "#d8576b"], [0.6666666666666666, "#ed7953"], [0.7777777777777778, "#fb9f3a"], [0.8888888888888888, "#fdca26"], [1.0, "#f0f921"]]}], "heatmap": [{"type": "heatmap", "colorbar": {"outlinewidth": 0, "ticks": ""}, "colorscale": [[0.0, "#0d0887"], [0.1111111111111111, "#46039f"], [0.2222222222222222, "#7201a8"], [0.3333333333333333, "#9c179e"], [0.4444444444444444, "#bd3786"], [0.5555555555555556, "#d8576b"], [0.6666666666666666, "#ed7953"], [0.7777777777777778, "#fb9f3a"], [0.8888888888888888, "#fdca26"], [1.0, "#f0f921"]]}], "heatmapgl": [{"type": "heatmapgl", "colorbar": {"outlinewidth": 0, "ticks": ""}, "colorscale": [[0.0, "#0d0887"], [0.1111111111111111, "#46039f"], [0.2222222222222222, "#7201a8"], [0.3333333333333333, "#9c179e"], [0.4444444444444444, "#bd3786"], [0.5555555555555556, "#d8576b"], [0.6666666666666666, "#ed7953"], [0.7777777777777778, "#fb9f3a"], [0.8888888888888888, "#fdca26"], [1.0, "#f0f921"]]}], "contourcarpet": [{"type": "contourcarpet", "colorbar": {"outlinewidth": 0, "ticks": ""}}], "contour": [{"type": "contour", "colorbar": {"outlinewidth": 0, "ticks": ""}, "colorscale": [[0.0, "#0d0887"], [0.1111111111111111, "#46039f"], [0.2222222222222222, "#7201a8"], [0.3333333333333333, "#9c179e"], [0.4444444444444444, "#bd3786"], [0.5555555555555556, "#d8576b"], [0.6666666666666666, "#ed7953"], [0.7777777777777778, "#fb9f3a"], [0.8888888888888888, "#fdca26"], [1.0, "#f0f921"]]}], "surface": [{"type": "surface", "colorbar": {"outlinewidth": 0, "ticks": ""}, "colorscale": [[0.0, "#0d0887"], [0.1111111111111111, "#46039f"], [0.2222222222222222, "#7201a8"], [0.3333333333333333, "#9c179e"], [0.4444444444444444, "#bd3786"], [0.5555555555555556, "#d8576b"], [0.6666666666666666, "#ed7953"], [0.7777777777777778, "#fb9f3a"], [0.8888888888888888, "#fdca26"], [1.0, "#f0f921"]]}], "mesh3d": [{"type": "mesh3d", "colorbar": {"outlinewidth": 0, "ticks": ""}}], "scatter": [{"fillpattern": {"fillmode": "overlay", "size": 10, "solidity": 0.2}, "type": "scatter"}], "parcoords": [{"type": "parcoords", "line": {"colorbar": {"outlinewidth": 0, "ticks": ""}}}], "scatterpolargl": [{"type": "scatterpolargl", "marker": {"colorbar": {"outlinewidth": 0, "ticks": ""}}}], "bar": [{"error_x": {"color": "#2a3f5f"}, "error_y": {"color": "#2a3f5f"}, "marker": {"line": {"color": "#E5ECF6", "width": 0.5}, "pattern": {"fillmode": "overlay", "size": 10, "solidity": 0.2}}, "type": "bar"}], "scattergeo": [{"type": "scattergeo", "marker": {"colorbar": {"outlinewidth": 0, "ticks": ""}}}], "scatterpolar": [{"type": "scatterpolar", "marker": {"colorbar": {"outlinewidth": 0, "ticks": ""}}}], "histogram": [{"marker": {"pattern": {"fillmode": "overlay", "size": 10, "solidity": 0.2}}, "type": "histogram"}], "scattergl": [{"type": "scattergl", "marker": {"colorbar": {"outlinewidth": 0, "ticks": ""}}}], "scatter3d": [{"type": "scatter3d", "line": {"colorbar": {"outlinewidth": 0, "ticks": ""}}, "marker": {"colorbar": {"outlinewidth": 0, "ticks": ""}}}], "scattermapbox": [{"type": "scattermapbox", "marker": {"colorbar": {"outlinewidth": 0, "ticks": ""}}}], "scatterternary": [{"type": "scatterternary", "marker": {"colorbar": {"outlinewidth": 0, "ticks": ""}}}], "scattercarpet": [{"type": "scattercarpet", "marker": {"colorbar": {"outlinewidth": 0, "ticks": ""}}}], "carpet": [{"aaxis": {"endlinecolor": "#2a3f5f", "gridcolor": "white", "linecolor": "white", "minorgridcolor": "white", "startlinecolor": "#2a3f5f"}, "baxis": {"endlinecolor": "#2a3f5f", "gridcolor": "white", "linecolor": "white", "minorgridcolor": "white", "startlinecolor": "#2a3f5f"}, "type": "carpet"}], "table": [{"cells": {"fill": {"color": "#EBF0F8"}, "line": {"color": "white"}}, "header": {"fill": {"color": "#C8D4E3"}, "line": {"color": "white"}}, "type": "table"}], "barpolar": [{"marker": {"line": {"color": "#E5ECF6", "width": 0.5}, "pattern": {"fillmode": "overlay", "size": 10, "solidity": 0.2}}, "type": "barpolar"}], "pie": [{"automargin": true, "type": "pie"}]}, "layout": {"autotypenumbers": "strict", "colorway": ["#636efa", "#EF553B", "#00cc96", "#ab63fa", "#FFA15A", "#19d3f3", "#FF6692", "#B6E880", "#FF97FF", "#FECB52"], "font": {"color": "#2a3f5f"}, "hovermode": "closest", "hoverlabel": {"align": "left"}, "paper_bgcolor": "white", "plot_bgcolor": "#E5ECF6", "polar": {"bgcolor": "#E5ECF6", "angularaxis": {"gridcolor": "white", "linecolor": "white", "ticks": ""}, "radialaxis": {"gridcolor": "white", "linecolor": "white", "ticks": ""}}, "ternary": {"bgcolor": "#E5ECF6", "aaxis": {"gridcolor": "white", "linecolor": "white", "ticks": ""}, "baxis": {"gridcolor": "white", "linecolor": "white", "ticks": ""}, "caxis": {"gridcolor": "white", "linecolor": "white", "ticks": ""}}, "coloraxis": {"colorbar": {"outlinewidth": 0, "ticks": ""}}, "colorscale": {"sequential": [[0.0, "#0d0887"], [0.1111111111111111, "#46039f"], [0.2222222222222222, "#7201a8"], [0.3333333333333333, "#9c179e"], [0.4444444444444444, "#bd3786"], [0.5555555555555556, "#d8576b"], [0.6666666666666666, "#ed7953"], [0.7777777777777778, "#fb9f3a"], [0.8888888888888888, "#fdca26"], [1.0, "#f0f921"]], "sequentialminus": [[0.0, "#0d0887"], [0.1111111111111111, "#46039f"], [0.2222222222222222, "#7201a8"], [0.3333333333333333, "#9c179e"], [0.4444444444444444, "#bd3786"], [0.5555555555555556, "#d8576b"], [0.6666666666666666, "#ed7953"], [0.7777777777777778, "#fb9f3a"], [0.8888888888888888, "#fdca26"], [1.0, "#f0f921"]], "diverging": [[0, "#8e0152"], [0.1, "#c51b7d"], [0.2, "#de77ae"], [0.3, "#f1b6da"], [0.4, "#fde0ef"], [0.5, "#f7f7f7"], [0.6, "#e6f5d0"], [0.7, "#b8e186"], [0.8, "#7fbc41"], [0.9, "#4d9221"], [1, "#276419"]]}, "xaxis": {"gridcolor": "white", "linecolor": "white", "ticks": "", "title": {"standoff": 15}, "zerolinecolor": "white", "automargin": true, "zerolinewidth": 2}, "yaxis": {"gridcolor": "white", "linecolor": "white", "ticks": "", "title": {"standoff": 15}, "zerolinecolor": "white", "automargin": true, "zerolinewidth": 2}, "scene": {"xaxis": {"backgroundcolor": "#E5ECF6", "gridcolor": "white", "linecolor": "white", "showbackground": true, "ticks": "", "zerolinecolor": "white", "gridwidth": 2}, "yaxis": {"backgroundcolor": "#E5ECF6", "gridcolor": "white", "linecolor": "white", "showbackground": true, "ticks": "", "zerolinecolor": "white", "gridwidth": 2}, "zaxis": {"backgroundcolor": "#E5ECF6", "gridcolor": "white", "linecolor": "white", "showbackground": true, "ticks": "", "zerolinecolor": "white", "gridwidth": 2}}, "shapedefaults": {"line": {"color": "#2a3f5f"}}, "annotationdefaults": {"arrowcolor": "#2a3f5f", "arrowhead": 0, "arrowwidth": 1}, "geo": {"bgcolor": "white", "landcolor": "#E5ECF6", "subunitcolor": "white", "showland": true, "showlakes": true, "lakecolor": "white"}, "title": {"x": 0.05}, "mapbox": {"style": "light"}}}}}