{"data": [{"z": [[2.582127809524536, -0.2954539358615875, -0.8847217559814453, 0.2258685976266861, 0.27557340264320374, 3.1175003051757812, -0.9548949599266052, -0.5903191566467285, -1.2846064567565918, 1.2234270572662354, 1.124139428138733, 2.7824900150299072, 2.1879794597625732, -1.953063726425171, 3.0569307804107666, -1.8570908308029175, -1.7606476545333862, -2.2871429920196533, 1.9478965997695923, 1.1349424123764038, 1.198093295097351], [-0.2954539358615875, 1.6782691478729248, -0.3539310097694397, -1.0981451272964478, 0.42177945375442505, 1.2715437412261963, -2.7549490928649902, -0.40122607350349426, 1.3987188339233398, -1.5333783626556396, -0.03253099322319031, -0.08938691020011902, 0.013424466364085674, 0.40551888942718506, 1.371137022972107, 1.364872932434082, -1.3647193908691406, 0.45171403884887695, -0.5718791484832764, -1.054336428642273, -0.3959810137748718], [-0.8847217559814453, -0.3539310097694397, 0.7829992175102234, 1.6831679344177246, 0.7775827646255493, -0.48201262950897217, 2.1661081314086914, 0.17579087615013123, 0.8432402610778809, 1.1436904668807983, -0.21628636121749878, -0.6509746313095093, -0.5229995250701904, 1.2263374328613281, -2.1336545944213867, -0.022119145840406418, 1.0734885931015015, 1.0388941764831543, -0.33387643098831177, 0.7396743893623352, -0.17979536950588226], [0.2258685976266861, -1.0981451272964478, 1.6831679344177246, 7.031923770904541, 4.224798679351807, 3.7867071628570557, 5.949991703033447, -0.640923261642456, 2.330261707305908, 6.003603458404541, 0.3622246980667114, 0.8171525001525879, 0.8913227319717407, 2.576390027999878, -3.9534521102905273, -2.888118028640747, 0.9780400991439819, 1.2248674631118774, 0.5849592089653015, 3.992400884628296, 0.5408121943473816], [0.27557340264320374, 0.42177945375442505, 0.7775827646255493, 4.224798679351807, 3.496950626373291, 4.115626811981201, 1.8259928226470947, -0.9891959428787231, 2.547865867614746, 3.2348122596740723, 0.006469623185694218, 0.258729487657547, 0.6238840818405151, 2.060194969177246, -1.7440773248672485, -1.6546798944473267, -0.575088620185852, 1.070961594581604, -0.35734978318214417, 1.8683102130889893, -0.05526842921972275], [3.1175003051757812, 1.2715437412261963, -0.48201262950897217, 3.7867071628570557, 4.115626811981201, 8.732881546020508, -1.1030702590942383, -1.9110097885131836, 2.0606114864349365, 3.6784000396728516, 1.4894980192184448, 3.780109405517578, 3.3723182678222656, -0.0055416603572666645, 2.967825412750244, -2.7292041778564453, -3.614539384841919, -1.3651349544525146, 1.819191813468933, 2.6568877696990967, 1.2220340967178345], [-0.9548949599266052, -2.7549490928649902, 2.1661081314086914, 5.949991703033447, 1.8259928226470947, -1.1030702590942383, 8.535258293151855, 0.728302001953125, 0.4117797911167145, 5.380438327789307, 0.2957735061645508, 0.14673902094364166, -0.15305468440055847, 1.980815052986145, -5.5713419914245605, -1.9678599834442139, 3.513270854949951, 1.2528408765792847, 1.083170771598816, 3.9696402549743652, 0.7220190763473511], [-0.5903191566467285, -0.40122607350349426, 0.17579087615013123, -0.640923261642456, -0.9891959428787231, -1.9110097885131836, 0.728302001953125, 0.5770628452301025, -0.5465946197509766, -0.5164756178855896, 0.09336625039577484, -0.10240088403224945, -0.3537430465221405, -0.21340882778167725, -0.3657633662223816, 0.7948261499404907, 0.8723804354667664, 0.06755392253398895, 0.31307902932167053, -0.07377945631742477, 0.10582462698221207], [-1.2846064567565918, 1.3987188339233398, 0.8432402610778809, 2.330261707305908, 2.547865867614746, 2.0606114864349365, 0.4117797911167145, -0.5465946197509766, 3.2766854763031006, 0.8969623446464539, -0.36766892671585083, -0.9196462035179138, -0.478444904088974, 2.6135036945343018, -1.8559274673461914, 0.7324169278144836, -0.26364973187446594, 2.1034839153289795, -1.2192192077636719, 0.3842442035675049, -0.6958260536193848], [1.2234270572662354, -1.5333783626556396, 1.1436904668807983, 6.003603458404541, 3.2348122596740723, 3.6784000396728516, 5.380438327789307, -0.5164756178855896, 0.8969623446464539, 5.730905532836914, 0.8800109624862671, 1.9781932830810547, 1.6411689519882202, 1.1035652160644531, -2.3033127784729004, -3.2475154399871826, 0.5961514115333557, -0.09403624385595322, 1.6424589157104492, 4.077329158782959, 1.136621117591858], [1.124139428138733, -0.03253099322319031, -0.21628636121749878, 0.3622246980667114, 0.006469623185694218, 1.4894980192184448, 0.2957735061645508, 0.09336625039577484, -0.36766892671585083, 0.8800109624862671, 1.502081036567688, 2.900200843811035, 1.8192805051803589, -1.1624342203140259, 2.168672561645508, 0.13483375310897827, -0.7609546780586243, -1.328516960144043, 2.4378015995025635, 1.5176905393600464, 1.323093295097351], [2.7824900150299072, -0.08938691020011902, -0.6509746313095093, 0.8171525001525879, 0.258729487657547, 3.780109405517578, 0.14673902094364166, -0.10240088403224945, -0.9196462035179138, 1.9781932830810547, 2.900200843811035, 5.822933197021484, 3.8280866146087646, -2.53025484085083, 4.663672924041748, -0.44876500964164734, -1.9515628814697266, -2.9622135162353516, 4.7195725440979, 2.972275733947754, 2.613696813583374], [2.1879794597625732, 0.013424466364085674, -0.5229995250701904, 0.8913227319717407, 0.6238840818405151, 3.3723182678222656, -0.15305468440055847, -0.3537430465221405, -0.478444904088974, 1.6411689519882202, 1.8192805051803589, 3.8280866146087646, 2.673173427581787, -1.6134339570999146, 3.169163465499878, -0.8650553226470947, -1.6534415483474731, -2.0388667583465576, 2.9235615730285645, 2.0066916942596436, 1.6642463207244873], [-1.953063726425171, 0.40551888942718506, 1.2263374328613281, 2.576390027999878, 2.060194969177246, -0.0055416603572666645, 1.980815052986145, -0.21340882778167725, 2.6135036945343018, 1.1035652160644531, -1.1624342203140259, -2.53025484085083, -1.6134339570999146, 3.022562265396118, -3.955406427383423, 0.17066612839698792, 1.1651837825775146, 2.6558289527893066, -2.188474178314209, 0.10126347094774246, -1.1954807043075562], [3.0569307804107666, 1.371137022972107, -2.1336545944213867, -3.9534521102905273, -1.7440773248672485, 2.967825412750244, -5.5713419914245605, -0.3657633662223816, -1.8559274673461914, -2.3033127784729004, 2.168672561645508, 4.663672924041748, 3.169163465499878, -3.955406427383423, 7.754548072814941, 0.8630467653274536, -3.694979190826416, -3.653454303741455, 3.299846649169922, -0.41632768511772156, 1.7440263032913208], [-1.8570908308029175, 1.364872932434082, -0.022119145840406418, -2.888118028640747, -1.6546798944473267, -2.7292041778564453, -1.9678599834442139, 0.7948261499404907, 0.7324169278144836, -3.2475154399871826, 0.13483375310897827, -0.44876500964164734, -0.8650553226470947, 0.17066612839698792, 0.8630467653274536, 3.726771116256714, 0.22433167695999146, 0.874871015548706, -0.12299782037734985, -1.5967178344726562, -0.3336402475833893], [-1.7606476545333862, -1.3647193908691406, 1.0734885931015015, 0.9780400991439819, -0.575088620185852, -3.614539384841919, 3.513270854949951, 0.8723804354667664, -0.26364973187446594, 0.5961514115333557, -0.7609546780586243, -1.9515628814697266, -1.6534415483474731, 1.1651837825775146, -3.694979190826416, 0.22433167695999146, 2.702502965927124, 1.3666108846664429, -0.8448871374130249, 0.2480456829071045, -0.4916180372238159], [-2.2871429920196533, 0.45171403884887695, 1.0388941764831543, 1.2248674631118774, 1.070961594581604, -1.3651349544525146, 1.2528408765792847, 0.06755392253398895, 2.1034839153289795, -0.09403624385595322, -1.328516960144043, -2.9622135162353516, -2.0388667583465576, 2.6558289527893066, -3.653454303741455, 0.874871015548706, 1.3666108846664429, 2.6093852519989014, -2.4051921367645264, -0.6934351325035095, -1.3693662881851196], [1.9478965997695923, -0.5718791484832764, -0.33387643098831177, 0.5849592089653015, -0.35734978318214417, 1.819191813468933, 1.083170771598816, 0.31307902932167053, -1.2192192077636719, 1.6424589157104492, 2.4378015995025635, 4.7195725440979, 2.9235615730285645, -2.188474178314209, 3.299846649169922, -0.12299782037734985, -0.8448871374130249, -2.4051921367645264, 4.136063098907471, 2.6165566444396973, 2.264309883117676], [1.1349424123764038, -1.054336428642273, 0.7396743893623352, 3.992400884628296, 1.8683102130889893, 2.6568877696990967, 3.9696402549743652, -0.07377945631742477, 0.3842442035675049, 4.077329158782959, 1.5176905393600464, 2.972275733947754, 2.0066916942596436, 0.10126347094774246, -0.41632768511772156, -1.5967178344726562, 0.2480456829071045, -0.6934351325035095, 2.6165566444396973, 3.5650341510772705, 1.5471155643463135], [1.198093295097351, -0.3959810137748718, -0.17979536950588226, 0.5408121943473816, -0.05526842921972275, 1.2220340967178345, 0.7220190763473511, 0.10582462698221207, -0.6958260536193848, 1.136621117591858, 1.323093295097351, 2.613696813583374, 1.6642463207244873, -1.1954807043075562, 1.7440263032913208, -0.3336402475833893, -0.4916180372238159, -1.3693662881851196, 2.264309883117676, 1.5471155643463135, 1.2588680982589722]], "type": "heatmap"}], "layout": {"template": {"data": {"histogram2dcontour": [{"type": "histogram2dcontour", "colorbar": {"outlinewidth": 0, "ticks": ""}, "colorscale": [[0.0, "#0d0887"], [0.1111111111111111, "#46039f"], [0.2222222222222222, "#7201a8"], [0.3333333333333333, "#9c179e"], [0.4444444444444444, "#bd3786"], [0.5555555555555556, "#d8576b"], [0.6666666666666666, "#ed7953"], [0.7777777777777778, "#fb9f3a"], [0.8888888888888888, "#fdca26"], [1.0, "#f0f921"]]}], "choropleth": [{"type": "choropleth", "colorbar": {"outlinewidth": 0, "ticks": ""}}], "histogram2d": [{"type": "histogram2d", "colorbar": {"outlinewidth": 0, "ticks": ""}, "colorscale": [[0.0, "#0d0887"], [0.1111111111111111, "#46039f"], [0.2222222222222222, "#7201a8"], [0.3333333333333333, "#9c179e"], [0.4444444444444444, "#bd3786"], [0.5555555555555556, "#d8576b"], [0.6666666666666666, "#ed7953"], [0.7777777777777778, "#fb9f3a"], [0.8888888888888888, "#fdca26"], [1.0, "#f0f921"]]}], "heatmap": [{"type": "heatmap", "colorbar": {"outlinewidth": 0, "ticks": ""}, "colorscale": [[0.0, "#0d0887"], [0.1111111111111111, "#46039f"], [0.2222222222222222, "#7201a8"], [0.3333333333333333, "#9c179e"], [0.4444444444444444, "#bd3786"], [0.5555555555555556, "#d8576b"], [0.6666666666666666, "#ed7953"], [0.7777777777777778, "#fb9f3a"], [0.8888888888888888, "#fdca26"], [1.0, "#f0f921"]]}], "heatmapgl": [{"type": "heatmapgl", "colorbar": {"outlinewidth": 0, "ticks": ""}, "colorscale": [[0.0, "#0d0887"], [0.1111111111111111, "#46039f"], [0.2222222222222222, "#7201a8"], [0.3333333333333333, "#9c179e"], [0.4444444444444444, "#bd3786"], [0.5555555555555556, "#d8576b"], [0.6666666666666666, "#ed7953"], [0.7777777777777778, "#fb9f3a"], [0.8888888888888888, "#fdca26"], [1.0, "#f0f921"]]}], "contourcarpet": [{"type": "contourcarpet", "colorbar": {"outlinewidth": 0, "ticks": ""}}], "contour": [{"type": "contour", "colorbar": {"outlinewidth": 0, "ticks": ""}, "colorscale": [[0.0, "#0d0887"], [0.1111111111111111, "#46039f"], [0.2222222222222222, "#7201a8"], [0.3333333333333333, "#9c179e"], [0.4444444444444444, "#bd3786"], [0.5555555555555556, "#d8576b"], [0.6666666666666666, "#ed7953"], [0.7777777777777778, "#fb9f3a"], [0.8888888888888888, "#fdca26"], [1.0, "#f0f921"]]}], "surface": [{"type": "surface", "colorbar": {"outlinewidth": 0, "ticks": ""}, "colorscale": [[0.0, "#0d0887"], [0.1111111111111111, "#46039f"], [0.2222222222222222, "#7201a8"], [0.3333333333333333, "#9c179e"], [0.4444444444444444, "#bd3786"], [0.5555555555555556, "#d8576b"], [0.6666666666666666, "#ed7953"], [0.7777777777777778, "#fb9f3a"], [0.8888888888888888, "#fdca26"], [1.0, "#f0f921"]]}], "mesh3d": [{"type": "mesh3d", "colorbar": {"outlinewidth": 0, "ticks": ""}}], "scatter": [{"fillpattern": {"fillmode": "overlay", "size": 10, "solidity": 0.2}, "type": "scatter"}], "parcoords": [{"type": "parcoords", "line": {"colorbar": {"outlinewidth": 0, "ticks": ""}}}], "scatterpolargl": [{"type": "scatterpolargl", "marker": {"colorbar": {"outlinewidth": 0, "ticks": ""}}}], "bar": [{"error_x": {"color": "#2a3f5f"}, "error_y": {"color": "#2a3f5f"}, "marker": {"line": {"color": "#E5ECF6", "width": 0.5}, "pattern": {"fillmode": "overlay", "size": 10, "solidity": 0.2}}, "type": "bar"}], "scattergeo": [{"type": "scattergeo", "marker": {"colorbar": {"outlinewidth": 0, "ticks": ""}}}], "scatterpolar": [{"type": "scatterpolar", "marker": {"colorbar": {"outlinewidth": 0, "ticks": ""}}}], "histogram": [{"marker": {"pattern": {"fillmode": "overlay", "size": 10, "solidity": 0.2}}, "type": "histogram"}], "scattergl": [{"type": "scattergl", "marker": {"colorbar": {"outlinewidth": 0, "ticks": ""}}}], "scatter3d": [{"type": "scatter3d", "line": {"colorbar": {"outlinewidth": 0, "ticks": ""}}, "marker": {"colorbar": {"outlinewidth": 0, "ticks": ""}}}], "scattermapbox": [{"type": "scattermapbox", "marker": {"colorbar": {"outlinewidth": 0, "ticks": ""}}}], "scatterternary": [{"type": "scatterternary", "marker": {"colorbar": {"outlinewidth": 0, "ticks": ""}}}], "scattercarpet": [{"type": "scattercarpet", "marker": {"colorbar": {"outlinewidth": 0, "ticks": ""}}}], "carpet": [{"aaxis": {"endlinecolor": "#2a3f5f", "gridcolor": "white", "linecolor": "white", "minorgridcolor": "white", "startlinecolor": "#2a3f5f"}, "baxis": {"endlinecolor": "#2a3f5f", "gridcolor": "white", "linecolor": "white", "minorgridcolor": "white", "startlinecolor": "#2a3f5f"}, "type": "carpet"}], "table": [{"cells": {"fill": {"color": "#EBF0F8"}, "line": {"color": "white"}}, "header": {"fill": {"color": "#C8D4E3"}, "line": {"color": "white"}}, "type": "table"}], "barpolar": [{"marker": {"line": {"color": "#E5ECF6", "width": 0.5}, "pattern": {"fillmode": "overlay", "size": 10, "solidity": 0.2}}, "type": "barpolar"}], "pie": [{"automargin": true, "type": "pie"}]}, "layout": {"autotypenumbers": "strict", "colorway": ["#636efa", "#EF553B", "#00cc96", "#ab63fa", "#FFA15A", "#19d3f3", "#FF6692", "#B6E880", "#FF97FF", "#FECB52"], "font": {"color": "#2a3f5f"}, "hovermode": "closest", "hoverlabel": {"align": "left"}, "paper_bgcolor": "white", "plot_bgcolor": "#E5ECF6", "polar": {"bgcolor": "#E5ECF6", "angularaxis": {"gridcolor": "white", "linecolor": "white", "ticks": ""}, "radialaxis": {"gridcolor": "white", "linecolor": "white", "ticks": ""}}, "ternary": {"bgcolor": "#E5ECF6", "aaxis": {"gridcolor": "white", "linecolor": "white", "ticks": ""}, "baxis": {"gridcolor": "white", "linecolor": "white", "ticks": ""}, "caxis": {"gridcolor": "white", "linecolor": "white", "ticks": ""}}, "coloraxis": {"colorbar": {"outlinewidth": 0, "ticks": ""}}, "colorscale": {"sequential": [[0.0, "#0d0887"], [0.1111111111111111, "#46039f"], [0.2222222222222222, "#7201a8"], [0.3333333333333333, "#9c179e"], [0.4444444444444444, "#bd3786"], [0.5555555555555556, "#d8576b"], [0.6666666666666666, "#ed7953"], [0.7777777777777778, "#fb9f3a"], [0.8888888888888888, "#fdca26"], [1.0, "#f0f921"]], "sequentialminus": [[0.0, "#0d0887"], [0.1111111111111111, "#46039f"], [0.2222222222222222, "#7201a8"], [0.3333333333333333, "#9c179e"], [0.4444444444444444, "#bd3786"], [0.5555555555555556, "#d8576b"], [0.6666666666666666, "#ed7953"], [0.7777777777777778, "#fb9f3a"], [0.8888888888888888, "#fdca26"], [1.0, "#f0f921"]], "diverging": [[0, "#8e0152"], [0.1, "#c51b7d"], [0.2, "#de77ae"], [0.3, "#f1b6da"], [0.4, "#fde0ef"], [0.5, "#f7f7f7"], [0.6, "#e6f5d0"], [0.7, "#b8e186"], [0.8, "#7fbc41"], [0.9, "#4d9221"], [1, "#276419"]]}, "xaxis": {"gridcolor": "white", "linecolor": "white", "ticks": "", "title": {"standoff": 15}, "zerolinecolor": "white", "automargin": true, "zerolinewidth": 2}, "yaxis": {"gridcolor": "white", "linecolor": "white", "ticks": "", "title": {"standoff": 15}, "zerolinecolor": "white", "automargin": true, "zerolinewidth": 2}, "scene": {"xaxis": {"backgroundcolor": "#E5ECF6", "gridcolor": "white", "linecolor": "white", "showbackground": true, "ticks": "", "zerolinecolor": "white", "gridwidth": 2}, "yaxis": {"backgroundcolor": "#E5ECF6", "gridcolor": "white", "linecolor": "white", "showbackground": true, "ticks": "", "zerolinecolor": "white", "gridwidth": 2}, "zaxis": {"backgroundcolor": "#E5ECF6", "gridcolor": "white", "linecolor": "white", "showbackground": true, "ticks": "", "zerolinecolor": "white", "gridwidth": 2}}, "shapedefaults": {"line": {"color": "#2a3f5f"}}, "annotationdefaults": {"arrowcolor": "#2a3f5f", "arrowhead": 0, "arrowwidth": 1}, "geo": {"bgcolor": "white", "landcolor": "#E5ECF6", "subunitcolor": "white", "showland": true, "showlakes": true, "lakecolor": "white"}, "title": {"x": 0.05}, "mapbox": {"style": "light"}}}}}