{"data": [{"z": [[2.6624701023101807, -0.3655240535736084, -0.8926558494567871, 0.1563197523355484, 0.18136484920978546, 3.060481071472168, -1.1459815502166748, -0.5328606367111206, -1.493973970413208, 1.152907133102417, 0.9604849815368652, 2.6635217666625977, 2.1843836307525635, -2.0103015899658203, 3.0874598026275635, -1.912888526916504, -1.679166555404663, -2.2838127613067627, 1.6742733716964722, 1.0159403085708618, 1.1551724672317505], [-0.3655240535736084, 1.6856762170791626, -0.4128075838088989, -1.236629843711853, 0.37104976177215576, 1.1409708261489868, -2.7326035499572754, -0.46257874369621277, 1.4468103647232056, -1.6215651035308838, 0.006375481374561787, -0.16738377511501312, -0.10806012898683548, 0.383707731962204, 1.3143864870071411, 1.3319283723831177, -1.420736312866211, 0.4161796271800995, -0.49866554141044617, -1.1295819282531738, -0.4439162611961365], [-0.8926558494567871, -0.4128075838088989, 0.7258856296539307, 1.5840414762496948, 0.710859477519989, -0.5745997428894043, 2.1126997470855713, 0.14796368777751923, 0.7885368466377258, 1.082073450088501, -0.2537304759025574, -0.7111467123031616, -0.5952445268630981, 1.166227102279663, -2.1719300746917725, -0.09898204356431961, 1.0607973337173462, 0.9888137578964233, -0.36331674456596375, 0.6794472336769104, -0.21710476279258728], [0.1563197523355484, -1.236629843711853, 1.5840414762496948, 7.034216403961182, 4.213223457336426, 3.782921075820923, 5.867613315582275, -0.6962525844573975, 2.4078593254089355, 6.02004861831665, 0.3659614324569702, 0.9823698401451111, 0.860527515411377, 2.4816997051239014, -4.0450615882873535, -2.9603095054626465, 0.9263990521430969, 1.129435658454895, 0.6116544008255005, 4.100114345550537, 0.5471853613853455], [0.18136484920978546, 0.37104976177215576, 0.710859477519989, 4.213223457336426, 3.509695529937744, 4.098819732666016, 1.817991018295288, -1.0508993864059448, 2.6804521083831787, 3.236872673034668, 0.05399094894528389, 0.3691464960575104, 0.5733023881912231, 2.027120351791382, -1.8245779275894165, -1.6703579425811768, -0.6410559415817261, 1.0191444158554077, -0.2581935226917267, 1.941705584526062, -0.05599476769566536], [3.060481071472168, 1.1409708261489868, -0.5745997428894043, 3.782921075820923, 4.098819732666016, 8.715909004211426, -1.1551073789596558, -1.9655499458312988, 2.123255968093872, 3.7051186561584473, 1.507983684539795, 3.927494525909424, 3.3375303745269775, -0.09928460419178009, 2.882782220840454, -2.8165931701660156, -3.660454273223877, -1.4616026878356934, 1.8365478515625, 2.749694585800171, 1.226754903793335], [-1.1459815502166748, -2.7326035499572754, 2.1126997470855713, 5.867613315582275, 1.817991018295288, -1.1551073789596558, 8.295486450195312, 0.7151439785957336, 0.6186020374298096, 5.214461326599121, 0.25473636388778687, 0.19273263216018677, -0.2379494458436966, 2.012089490890503, -5.648849964141846, -1.7872035503387451, 3.4751980304718018, 1.317126989364624, 0.9645367860794067, 3.952746868133545, 0.6676473021507263], [-0.5328606367111206, -0.46257874369621277, 0.14796368777751923, -0.6962525844573975, -1.0508993864059448, -1.9655499458312988, 0.7151439785957336, 0.5766536593437195, -0.6705737113952637, -0.5318847894668579, 0.058108922094106674, -0.1595999151468277, -0.372606486082077, -0.2774341404438019, -0.3608313202857971, 0.6960335373878479, 0.8894320726394653, 0.015747325494885445, 0.2661537230014801, -0.11996809393167496, 0.09251292049884796], [-1.493973970413208, 1.4468103647232056, 0.7885368466377258, 2.4078593254089355, 2.6804521083831787, 2.123255968093872, 0.6186020374298096, -0.6705737113952637, 3.6980390548706055, 0.9763810038566589, -0.10135408490896225, -0.6311154961585999, -0.51371169090271, 2.655991315841675, -1.9628783464431763, 0.824324905872345, -0.43048882484436035, 2.0586137771606445, -0.8100705742835999, 0.616256833076477, -0.6383481025695801], [1.152907133102417, -1.6215651035308838, 1.082073450088501, 6.02004861831665, 3.236872673034668, 3.7051186561584473, 5.214461326599121, -0.5318847894668579, 0.9763810038566589, 5.712240219116211, 0.8345650434494019, 2.1045889854431152, 1.6327526569366455, 1.05789053440094, -2.3652219772338867, -3.237460136413574, 0.5766271948814392, -0.11844619363546371, 1.5466394424438477, 4.146664142608643, 1.1297353506088257], [0.9604849815368652, 0.006375481374561787, -0.2537304759025574, 0.3659614324569702, 0.05399094894528389, 1.507983684539795, 0.25473636388778687, 0.058108922094106674, -0.10135408490896225, 0.8345650434494019, 1.6123912334442139, 3.0719282627105713, 1.7959994077682495, -1.134129524230957, 2.1215102672576904, 0.28707194328308105, -0.8343719840049744, -1.3097288608551025, 2.498288869857788, 1.6171088218688965, 1.3346692323684692], [2.6635217666625977, -0.16738377511501312, -0.7111467123031616, 0.9823698401451111, 0.3691464960575104, 3.927494525909424, 0.19273263216018677, -0.1595999151468277, -0.6311154961585999, 2.1045889854431152, 3.0719282627105713, 6.199272632598877, 3.8906917572021484, -2.5619921684265137, 4.5836567878723145, -0.4148598611354828, -2.0369253158569336, -3.0265369415283203, 4.828347682952881, 3.2607240676879883, 2.692087173461914], [2.1843836307525635, -0.10806012898683548, -0.5952445268630981, 0.860527515411377, 0.5733023881912231, 3.3375303745269775, -0.2379494458436966, -0.372606486082077, -0.51371169090271, 1.6327526569366455, 1.7959994077682495, 3.8906917572021484, 2.649195671081543, -1.7089866399765015, 3.1226377487182617, -0.957736074924469, -1.6575604677200317, -2.115003824234009, 2.8289706707000732, 2.035224199295044, 1.655333399772644], [-2.0103015899658203, 0.383707731962204, 1.166227102279663, 2.4816997051239014, 2.027120351791382, -0.09928460419178009, 2.012089490890503, -0.2774341404438019, 2.655991315841675, 1.05789053440094, -1.134129524230957, -2.5619921684265137, -1.7089866399765015, 2.989992380142212, -4.017801284790039, 0.1157069206237793, 1.1075413227081299, 2.6029417514801025, -2.069741725921631, 0.07176372408866882, -1.2248942852020264], [3.0874598026275635, 1.3143864870071411, -2.1719300746917725, -4.0450615882873535, -1.8245779275894165, 2.882782220840454, -5.648849964141846, -0.3608313202857971, -1.9628783464431763, -2.3652219772338867, 2.1215102672576904, 4.5836567878723145, 3.1226377487182617, -4.017801284790039, 7.748054027557373, 0.7872851490974426, -3.6705408096313477, -3.686162233352661, 3.141634702682495, -0.4990238845348358, 1.7055983543395996], [-1.912888526916504, 1.3319283723831177, -0.09898204356431961, -2.9603095054626465, -1.6703579425811768, -2.8165931701660156, -1.7872035503387451, 0.6960335373878479, 0.824324905872345, -3.237460136413574, 0.28707194328308105, -0.4148598611354828, -0.957736074924469, 0.1157069206237793, 0.7872851490974426, 3.6189866065979004, 0.1314612627029419, 0.7698315382003784, 0.10071229934692383, -1.5565876960754395, -0.33386802673339844], [-1.679166555404663, -1.420736312866211, 1.0607973337173462, 0.9263990521430969, -0.6410559415817261, -3.660454273223877, 3.4751980304718018, 0.8894320726394653, -0.43048882484436035, 0.5766271948814392, -0.8343719840049744, -2.0369253158569336, -1.6575604677200317, 1.1075413227081299, -3.6705408096313477, 0.1314612627029419, 2.737504005432129, 1.328511357307434, -0.9115002155303955, 0.18154266476631165, -0.5061284899711609], [-2.2838127613067627, 0.4161796271800995, 0.9888137578964233, 1.129435658454895, 1.0191444158554077, -1.4616026878356934, 1.317126989364624, 0.015747325494885445, 2.0586137771606445, -0.11844619363546371, -1.3097288608551025, -3.0265369415283203, -2.115003824234009, 2.6029417514801025, -3.686162233352661, 0.7698315382003784, 1.328511357307434, 2.5374433994293213, -2.288313865661621, -0.7404127717018127, -1.3908473253250122], [1.6742733716964722, -0.49866554141044617, -0.36331674456596375, 0.6116544008255005, -0.2581935226917267, 1.8365478515625, 0.9645367860794067, 0.2661537230014801, -0.8100705742835999, 1.5466394424438477, 2.498288869857788, 4.828347682952881, 2.8289706707000732, -2.069741725921631, 3.141634702682495, 0.10071229934692383, -0.9115002155303955, -2.288313865661621, 4.043857097625732, 2.689478874206543, 2.215453863143921], [1.0159403085708618, -1.1295819282531738, 0.6794472336769104, 4.100114345550537, 1.941705584526062, 2.749694585800171, 3.952746868133545, -0.11996809393167496, 0.616256833076477, 4.146664142608643, 1.6171088218688965, 3.2607240676879883, 2.035224199295044, 0.07176372408866882, -0.4990238845348358, -1.5565876960754395, 0.18154266476631165, -0.7404127717018127, 2.689478874206543, 3.7788026332855225, 1.5954772233963013], [1.1551724672317505, -0.4439162611961365, -0.21710476279258728, 0.5471853613853455, -0.05599476769566536, 1.226754903793335, 0.6676473021507263, 0.09251292049884796, -0.6383481025695801, 1.1297353506088257, 1.3346692323684692, 2.692087173461914, 1.655333399772644, -1.2248942852020264, 1.7055983543395996, -0.33386802673339844, -0.5061284899711609, -1.3908473253250122, 2.215453863143921, 1.5954772233963013, 1.2588680982589722]], "type": "heatmap"}], "layout": {"template": {"data": {"histogram2dcontour": [{"type": "histogram2dcontour", "colorbar": {"outlinewidth": 0, "ticks": ""}, "colorscale": [[0.0, "#0d0887"], [0.1111111111111111, "#46039f"], [0.2222222222222222, "#7201a8"], [0.3333333333333333, "#9c179e"], [0.4444444444444444, "#bd3786"], [0.5555555555555556, "#d8576b"], [0.6666666666666666, "#ed7953"], [0.7777777777777778, "#fb9f3a"], [0.8888888888888888, "#fdca26"], [1.0, "#f0f921"]]}], "choropleth": [{"type": "choropleth", "colorbar": {"outlinewidth": 0, "ticks": ""}}], "histogram2d": [{"type": "histogram2d", "colorbar": {"outlinewidth": 0, "ticks": ""}, "colorscale": [[0.0, "#0d0887"], [0.1111111111111111, "#46039f"], [0.2222222222222222, "#7201a8"], [0.3333333333333333, "#9c179e"], [0.4444444444444444, "#bd3786"], [0.5555555555555556, "#d8576b"], [0.6666666666666666, "#ed7953"], [0.7777777777777778, "#fb9f3a"], [0.8888888888888888, "#fdca26"], [1.0, "#f0f921"]]}], "heatmap": [{"type": "heatmap", "colorbar": {"outlinewidth": 0, "ticks": ""}, "colorscale": [[0.0, "#0d0887"], [0.1111111111111111, "#46039f"], [0.2222222222222222, "#7201a8"], [0.3333333333333333, "#9c179e"], [0.4444444444444444, "#bd3786"], [0.5555555555555556, "#d8576b"], [0.6666666666666666, "#ed7953"], [0.7777777777777778, "#fb9f3a"], [0.8888888888888888, "#fdca26"], [1.0, "#f0f921"]]}], "heatmapgl": [{"type": "heatmapgl", "colorbar": {"outlinewidth": 0, "ticks": ""}, "colorscale": [[0.0, "#0d0887"], [0.1111111111111111, "#46039f"], [0.2222222222222222, "#7201a8"], [0.3333333333333333, "#9c179e"], [0.4444444444444444, "#bd3786"], [0.5555555555555556, "#d8576b"], [0.6666666666666666, "#ed7953"], [0.7777777777777778, "#fb9f3a"], [0.8888888888888888, "#fdca26"], [1.0, "#f0f921"]]}], "contourcarpet": [{"type": "contourcarpet", "colorbar": {"outlinewidth": 0, "ticks": ""}}], "contour": [{"type": "contour", "colorbar": {"outlinewidth": 0, "ticks": ""}, "colorscale": [[0.0, "#0d0887"], [0.1111111111111111, "#46039f"], [0.2222222222222222, "#7201a8"], [0.3333333333333333, "#9c179e"], [0.4444444444444444, "#bd3786"], [0.5555555555555556, "#d8576b"], [0.6666666666666666, "#ed7953"], [0.7777777777777778, "#fb9f3a"], [0.8888888888888888, "#fdca26"], [1.0, "#f0f921"]]}], "surface": [{"type": "surface", "colorbar": {"outlinewidth": 0, "ticks": ""}, "colorscale": [[0.0, "#0d0887"], [0.1111111111111111, "#46039f"], [0.2222222222222222, "#7201a8"], [0.3333333333333333, "#9c179e"], [0.4444444444444444, "#bd3786"], [0.5555555555555556, "#d8576b"], [0.6666666666666666, "#ed7953"], [0.7777777777777778, "#fb9f3a"], [0.8888888888888888, "#fdca26"], [1.0, "#f0f921"]]}], "mesh3d": [{"type": "mesh3d", "colorbar": {"outlinewidth": 0, "ticks": ""}}], "scatter": [{"fillpattern": {"fillmode": "overlay", "size": 10, "solidity": 0.2}, "type": "scatter"}], "parcoords": [{"type": "parcoords", "line": {"colorbar": {"outlinewidth": 0, "ticks": ""}}}], "scatterpolargl": [{"type": "scatterpolargl", "marker": {"colorbar": {"outlinewidth": 0, "ticks": ""}}}], "bar": [{"error_x": {"color": "#2a3f5f"}, "error_y": {"color": "#2a3f5f"}, "marker": {"line": {"color": "#E5ECF6", "width": 0.5}, "pattern": {"fillmode": "overlay", "size": 10, "solidity": 0.2}}, "type": "bar"}], "scattergeo": [{"type": "scattergeo", "marker": {"colorbar": {"outlinewidth": 0, "ticks": ""}}}], "scatterpolar": [{"type": "scatterpolar", "marker": {"colorbar": {"outlinewidth": 0, "ticks": ""}}}], "histogram": [{"marker": {"pattern": {"fillmode": "overlay", "size": 10, "solidity": 0.2}}, "type": "histogram"}], "scattergl": [{"type": "scattergl", "marker": {"colorbar": {"outlinewidth": 0, "ticks": ""}}}], "scatter3d": [{"type": "scatter3d", "line": {"colorbar": {"outlinewidth": 0, "ticks": ""}}, "marker": {"colorbar": {"outlinewidth": 0, "ticks": ""}}}], "scattermapbox": [{"type": "scattermapbox", "marker": {"colorbar": {"outlinewidth": 0, "ticks": ""}}}], "scatterternary": [{"type": "scatterternary", "marker": {"colorbar": {"outlinewidth": 0, "ticks": ""}}}], "scattercarpet": [{"type": "scattercarpet", "marker": {"colorbar": {"outlinewidth": 0, "ticks": ""}}}], "carpet": [{"aaxis": {"endlinecolor": "#2a3f5f", "gridcolor": "white", "linecolor": "white", "minorgridcolor": "white", "startlinecolor": "#2a3f5f"}, "baxis": {"endlinecolor": "#2a3f5f", "gridcolor": "white", "linecolor": "white", "minorgridcolor": "white", "startlinecolor": "#2a3f5f"}, "type": "carpet"}], "table": [{"cells": {"fill": {"color": "#EBF0F8"}, "line": {"color": "white"}}, "header": {"fill": {"color": "#C8D4E3"}, "line": {"color": "white"}}, "type": "table"}], "barpolar": [{"marker": {"line": {"color": "#E5ECF6", "width": 0.5}, "pattern": {"fillmode": "overlay", "size": 10, "solidity": 0.2}}, "type": "barpolar"}], "pie": [{"automargin": true, "type": "pie"}]}, "layout": {"autotypenumbers": "strict", "colorway": ["#636efa", "#EF553B", "#00cc96", "#ab63fa", "#FFA15A", "#19d3f3", "#FF6692", "#B6E880", "#FF97FF", "#FECB52"], "font": {"color": "#2a3f5f"}, "hovermode": "closest", "hoverlabel": {"align": "left"}, "paper_bgcolor": "white", "plot_bgcolor": "#E5ECF6", "polar": {"bgcolor": "#E5ECF6", "angularaxis": {"gridcolor": "white", "linecolor": "white", "ticks": ""}, "radialaxis": {"gridcolor": "white", "linecolor": "white", "ticks": ""}}, "ternary": {"bgcolor": "#E5ECF6", "aaxis": {"gridcolor": "white", "linecolor": "white", "ticks": ""}, "baxis": {"gridcolor": "white", "linecolor": "white", "ticks": ""}, "caxis": {"gridcolor": "white", "linecolor": "white", "ticks": ""}}, "coloraxis": {"colorbar": {"outlinewidth": 0, "ticks": ""}}, "colorscale": {"sequential": [[0.0, "#0d0887"], [0.1111111111111111, "#46039f"], [0.2222222222222222, "#7201a8"], [0.3333333333333333, "#9c179e"], [0.4444444444444444, "#bd3786"], [0.5555555555555556, "#d8576b"], [0.6666666666666666, "#ed7953"], [0.7777777777777778, "#fb9f3a"], [0.8888888888888888, "#fdca26"], [1.0, "#f0f921"]], "sequentialminus": [[0.0, "#0d0887"], [0.1111111111111111, "#46039f"], [0.2222222222222222, "#7201a8"], [0.3333333333333333, "#9c179e"], [0.4444444444444444, "#bd3786"], [0.5555555555555556, "#d8576b"], [0.6666666666666666, "#ed7953"], [0.7777777777777778, "#fb9f3a"], [0.8888888888888888, "#fdca26"], [1.0, "#f0f921"]], "diverging": [[0, "#8e0152"], [0.1, "#c51b7d"], [0.2, "#de77ae"], [0.3, "#f1b6da"], [0.4, "#fde0ef"], [0.5, "#f7f7f7"], [0.6, "#e6f5d0"], [0.7, "#b8e186"], [0.8, "#7fbc41"], [0.9, "#4d9221"], [1, "#276419"]]}, "xaxis": {"gridcolor": "white", "linecolor": "white", "ticks": "", "title": {"standoff": 15}, "zerolinecolor": "white", "automargin": true, "zerolinewidth": 2}, "yaxis": {"gridcolor": "white", "linecolor": "white", "ticks": "", "title": {"standoff": 15}, "zerolinecolor": "white", "automargin": true, "zerolinewidth": 2}, "scene": {"xaxis": {"backgroundcolor": "#E5ECF6", "gridcolor": "white", "linecolor": "white", "showbackground": true, "ticks": "", "zerolinecolor": "white", "gridwidth": 2}, "yaxis": {"backgroundcolor": "#E5ECF6", "gridcolor": "white", "linecolor": "white", "showbackground": true, "ticks": "", "zerolinecolor": "white", "gridwidth": 2}, "zaxis": {"backgroundcolor": "#E5ECF6", "gridcolor": "white", "linecolor": "white", "showbackground": true, "ticks": "", "zerolinecolor": "white", "gridwidth": 2}}, "shapedefaults": {"line": {"color": "#2a3f5f"}}, "annotationdefaults": {"arrowcolor": "#2a3f5f", "arrowhead": 0, "arrowwidth": 1}, "geo": {"bgcolor": "white", "landcolor": "#E5ECF6", "subunitcolor": "white", "showland": true, "showlakes": true, "lakecolor": "white"}, "title": {"x": 0.05}, "mapbox": {"style": "light"}}}}}