{"data": [{"z": [[2.605097532272339, -0.3216656446456909, -0.8885630369186401, 0.21242663264274597, 0.2499186098575592, 3.1067347526550293, -1.0138905048370361, -0.5727813243865967, -1.3436967134475708, 1.2064930200576782, 1.0743519067764282, 2.7561163902282715, 2.1902480125427246, -1.9724408388137817, 3.0642998218536377, -1.8742542266845703, -1.7366238832473755, -2.2873106002807617, 1.8629709482192993, 1.107200264930725, 1.1872223615646362], [-0.3216656446456909, 1.6895451545715332, -0.37024834752082825, -1.1442843675613403, 0.40885239839553833, 1.2300909757614136, -2.7462854385375977, -0.4211307764053345, 1.4225316047668457, -1.5636910200119019, -0.014850971288979053, -0.1140323281288147, -0.025632472708821297, 0.4047636091709137, 1.354662299156189, 1.36334228515625, -1.3842649459838867, 0.44459450244903564, -0.5434337854385376, -1.0798338651657104, -0.4114798307418823], [-0.8885630369186401, -0.37024834752082825, 0.7663160562515259, 1.657017469406128, 0.7607039213180542, -0.505652904510498, 2.1496012210845947, 0.1670082062482834, 0.8328394293785095, 1.1268001794815063, -0.22470836341381073, -0.6623070240020752, -0.5424588322639465, 1.2099725008010864, -2.145505666732788, -0.04225650802254677, 1.0685054063796997, 1.0246175527572632, -0.3396743834018707, 0.7261824011802673, -0.1897641122341156], [0.21242663264274597, -1.1442843675613403, 1.657017469406128, 7.044887065887451, 4.223771095275879, 3.797297477722168, 5.911923408508301, -0.6505641341209412, 2.3483991622924805, 6.013007164001465, 0.35594263672828674, 0.8798229694366455, 0.8942108154296875, 2.54757022857666, -3.9772987365722656, -2.9066600799560547, 0.9696449041366577, 1.1989006996154785, 0.5808756947517395, 4.032729148864746, 0.545642614364624], [0.2499186098575592, 0.40885239839553833, 0.7607039213180542, 4.223771095275879, 3.5016160011291504, 4.114555358886719, 1.8123949766159058, -1.0033111572265625, 2.586249351501465, 3.2335124015808105, 0.01609654724597931, 0.2944173812866211, 0.6136752367019653, 2.0530331134796143, -1.7647451162338257, -1.6528258323669434, -0.5908783674240112, 1.0598933696746826, -0.3357452154159546, 1.8895947933197021, -0.05566611886024475], [3.1067347526550293, 1.2300909757614136, -0.505652904510498, 3.797297477722168, 4.114555358886719, 8.738703727722168, -1.1256558895111084, -1.9212653636932373, 2.0764362812042236, 3.6927547454833984, 1.4909790754318237, 3.8358592987060547, 3.373109817504883, -0.03241870924830437, 2.9459078311920166, -2.7516889572143555, -3.6221609115600586, -1.3911851644515991, 1.815840721130371, 2.692178249359131, 1.2265913486480713], [-1.0138905048370361, -2.7462854385375977, 2.1496012210845947, 5.911923408508301, 1.8123949766159058, -1.1256558895111084, 8.423683166503906, 0.7337676882743835, 0.4653843343257904, 5.306640625, 0.2645564675331116, 0.15461550652980804, -0.1791616529226303, 1.9890695810317993, -5.588141441345215, -1.8966110944747925, 3.5090830326080322, 1.280956506729126, 1.0156744718551636, 3.949812412261963, 0.6989794373512268], [-0.5727813243865967, -0.4211307764053345, 0.1670082062482834, -0.6505641341209412, -1.0033111572265625, -1.9212653636932373, 0.7337676882743835, 0.5746952891349792, -0.5785869359970093, -0.513376772403717, 0.08984123170375824, -0.10916217416524887, -0.3558542728424072, -0.23343388736248016, -0.3650808036327362, 0.7623935341835022, 0.8746828436851501, 0.048677265644073486, 0.3093469738960266, -0.07814818620681763, 0.10562581568956375], [-1.3436967134475708, 1.4225316047668457, 0.8328394293785095, 2.3483991622924805, 2.586249351501465, 2.0764362812042236, 0.4653843343257904, -0.5785869359970093, 3.397278070449829, 0.914061963558197, -0.2926364839076996, -0.842411458492279, -0.4875467121601105, 2.6332154273986816, -1.8826614618301392, 0.768820583820343, -0.30782240629196167, 2.097897529602051, -1.1044065952301025, 0.4432426989078522, -0.6814807653427124], [1.2064930200576782, -1.5636910200119019, 1.1268001794815063, 6.013007164001465, 3.2335124015808105, 3.6927547454833984, 5.306640625, -0.513376772403717, 0.914061963558197, 5.720190525054932, 0.8525635004043579, 2.0211944580078125, 1.6458170413970947, 1.0888396501541138, -2.3183960914611816, -3.238020896911621, 0.5975360870361328, -0.09623917192220688, 1.5906003713607788, 4.097880840301514, 1.133357286453247], [1.0743519067764282, -0.014850971288979053, -0.22470836341381073, 0.35594263672828674, 0.01609654724597931, 1.4909790754318237, 0.2645564675331116, 0.08984123170375824, -0.2926364839076996, 0.8525635004043579, 1.5245710611343384, 2.9448158740997314, 1.8124080896377563, -1.150094985961914, 2.1590030193328857, 0.19410482048988342, -0.7767660021781921, -1.3137612342834473, 2.435650587081909, 1.5363366603851318, 1.3219561576843262], [2.7561163902282715, -0.1140323281288147, -0.6623070240020752, 0.8798229694366455, 0.2944173812866211, 3.8358592987060547, 0.15461550652980804, -0.10916217416524887, -0.842411458492279, 2.0211944580078125, 2.9448158740997314, 5.947912216186523, 3.8616702556610107, -2.538048505783081, 4.64627742767334, -0.43153536319732666, -1.9667048454284668, -2.9759681224823, 4.737548828125, 3.065657377243042, 2.641028881072998], [2.1902480125427246, -0.025632472708821297, -0.5424588322639465, 0.8942108154296875, 0.6136752367019653, 3.373109817504883, -0.1791616529226303, -0.3558542728424072, -0.4875467121601105, 1.6458170413970947, 1.8124080896377563, 3.8616702556610107, 2.675654411315918, -1.641830563545227, 3.1568541526794434, -0.8901913166046143, -1.6517702341079712, -2.060703992843628, 2.891939640045166, 2.0260016918182373, 1.6655277013778687], [-1.9724408388137817, 0.4047636091709137, 1.2099725008010864, 2.54757022857666, 2.0530331134796143, -0.03241870924830437, 1.9890695810317993, -0.23343388736248016, 2.6332154273986816, 1.0888396501541138, -1.150094985961914, -2.538048505783081, -1.641830563545227, 3.0170881748199463, -3.973320960998535, 0.15961627662181854, 1.1462582349777222, 2.6423850059509277, -2.1472697257995605, 0.09255285561084747, -1.2042452096939087], [3.0642998218536377, 1.354662299156189, -2.145505666732788, -3.9772987365722656, -1.7647451162338257, 2.9459078311920166, -5.588141441345215, -0.3650808036327362, -1.8826614618301392, -2.3183960914611816, 2.1590030193328857, 4.64627742767334, 3.1568541526794434, -3.973320960998535, 7.7516045570373535, 0.8416603207588196, -3.689150810241699, -3.663536310195923, 3.254960775375366, -0.4360979497432709, 1.7339680194854736], [-1.8742542266845703, 1.36334228515625, -0.04225650802254677, -2.9066600799560547, -1.6528258323669434, -2.7516889572143555, -1.8966110944747925, 0.7623935341835022, 0.768820583820343, -3.238020896911621, 0.19410482048988342, -0.43153536319732666, -0.8901913166046143, 0.15961627662181854, 0.8416603207588196, 3.6970374584198, 0.19297043979167938, 0.8432232737541199, -0.03734028339385986, -1.5790472030639648, -0.33032870292663574], [-1.7366238832473755, -1.3842649459838867, 1.0685054063796997, 0.9696449041366577, -0.5908783674240112, -3.6221609115600586, 3.5090830326080322, 0.8746828436851501, -0.30782240629196167, 0.5975360870361328, -0.7767660021781921, -1.9667048454284668, -1.6517702341079712, 1.1462582349777222, -3.689150810241699, 0.19297043979167938, 2.7095184326171875, 1.351314663887024, -0.8544114232063293, 0.23805908858776093, -0.49226441979408264], [-2.2873106002807617, 0.44459450244903564, 1.0246175527572632, 1.1989006996154785, 1.0598933696746826, -1.3911851644515991, 1.280956506729126, 0.048677265644073486, 2.097897529602051, -0.09623917192220688, -1.3137612342834473, -2.9759681224823, -2.060703992843628, 2.6423850059509277, -3.663536310195923, 0.8432232737541199, 1.351314663887024, 2.586113929748535, -2.355330467224121, -0.702332079410553, -1.373307228088379], [1.8629709482192993, -0.5434337854385376, -0.3396743834018707, 0.5808756947517395, -0.3357452154159546, 1.815840721130371, 1.0156744718551636, 0.3093469738960266, -1.1044065952301025, 1.5906003713607788, 2.435650587081909, 4.737548828125, 2.891939640045166, -2.1472697257995605, 3.254960775375366, -0.03734028339385986, -0.8544114232063293, -2.355330467224121, 4.070376873016357, 2.619260787963867, 2.2401206493377686], [1.107200264930725, -1.0798338651657104, 0.7261824011802673, 4.032729148864746, 1.8895947933197021, 2.692178249359131, 3.949812412261963, -0.07814818620681763, 0.4432426989078522, 4.097880840301514, 1.5363366603851318, 3.065657377243042, 2.0260016918182373, 0.09255285561084747, -0.4360979497432709, -1.5790472030639648, 0.23805908858776093, -0.702332079410553, 2.619260787963867, 3.6312828063964844, 1.562673568725586], [1.1872223615646362, -0.4114798307418823, -0.1897641122341156, 0.545642614364624, -0.05566611886024475, 1.2265913486480713, 0.6989794373512268, 0.10562581568956375, -0.6814807653427124, 1.133357286453247, 1.3219561576843262, 2.641028881072998, 1.6655277013778687, -1.2042452096939087, 1.7339680194854736, -0.33032870292663574, -0.49226441979408264, -1.373307228088379, 2.2401206493377686, 1.562673568725586, 1.2588680982589722]], "type": "heatmap"}], "layout": {"template": {"data": {"histogram2dcontour": [{"type": "histogram2dcontour", "colorbar": {"outlinewidth": 0, "ticks": ""}, "colorscale": [[0.0, "#0d0887"], [0.1111111111111111, "#46039f"], [0.2222222222222222, "#7201a8"], [0.3333333333333333, "#9c179e"], [0.4444444444444444, "#bd3786"], [0.5555555555555556, "#d8576b"], [0.6666666666666666, "#ed7953"], [0.7777777777777778, "#fb9f3a"], [0.8888888888888888, "#fdca26"], [1.0, "#f0f921"]]}], "choropleth": [{"type": "choropleth", "colorbar": {"outlinewidth": 0, "ticks": ""}}], "histogram2d": [{"type": "histogram2d", "colorbar": {"outlinewidth": 0, "ticks": ""}, "colorscale": [[0.0, "#0d0887"], [0.1111111111111111, "#46039f"], [0.2222222222222222, "#7201a8"], [0.3333333333333333, "#9c179e"], [0.4444444444444444, "#bd3786"], [0.5555555555555556, "#d8576b"], [0.6666666666666666, "#ed7953"], [0.7777777777777778, "#fb9f3a"], [0.8888888888888888, "#fdca26"], [1.0, "#f0f921"]]}], "heatmap": [{"type": "heatmap", "colorbar": {"outlinewidth": 0, "ticks": ""}, "colorscale": [[0.0, "#0d0887"], [0.1111111111111111, "#46039f"], [0.2222222222222222, "#7201a8"], [0.3333333333333333, "#9c179e"], [0.4444444444444444, "#bd3786"], [0.5555555555555556, "#d8576b"], [0.6666666666666666, "#ed7953"], [0.7777777777777778, "#fb9f3a"], [0.8888888888888888, "#fdca26"], [1.0, "#f0f921"]]}], "heatmapgl": [{"type": "heatmapgl", "colorbar": {"outlinewidth": 0, "ticks": ""}, "colorscale": [[0.0, "#0d0887"], [0.1111111111111111, "#46039f"], [0.2222222222222222, "#7201a8"], [0.3333333333333333, "#9c179e"], [0.4444444444444444, "#bd3786"], [0.5555555555555556, "#d8576b"], [0.6666666666666666, "#ed7953"], [0.7777777777777778, "#fb9f3a"], [0.8888888888888888, "#fdca26"], [1.0, "#f0f921"]]}], "contourcarpet": [{"type": "contourcarpet", "colorbar": {"outlinewidth": 0, "ticks": ""}}], "contour": [{"type": "contour", "colorbar": {"outlinewidth": 0, "ticks": ""}, "colorscale": [[0.0, "#0d0887"], [0.1111111111111111, "#46039f"], [0.2222222222222222, "#7201a8"], [0.3333333333333333, "#9c179e"], [0.4444444444444444, "#bd3786"], [0.5555555555555556, "#d8576b"], [0.6666666666666666, "#ed7953"], [0.7777777777777778, "#fb9f3a"], [0.8888888888888888, "#fdca26"], [1.0, "#f0f921"]]}], "surface": [{"type": "surface", "colorbar": {"outlinewidth": 0, "ticks": ""}, "colorscale": [[0.0, "#0d0887"], [0.1111111111111111, "#46039f"], [0.2222222222222222, "#7201a8"], [0.3333333333333333, "#9c179e"], [0.4444444444444444, "#bd3786"], [0.5555555555555556, "#d8576b"], [0.6666666666666666, "#ed7953"], [0.7777777777777778, "#fb9f3a"], [0.8888888888888888, "#fdca26"], [1.0, "#f0f921"]]}], "mesh3d": [{"type": "mesh3d", "colorbar": {"outlinewidth": 0, "ticks": ""}}], "scatter": [{"fillpattern": {"fillmode": "overlay", "size": 10, "solidity": 0.2}, "type": "scatter"}], "parcoords": [{"type": "parcoords", "line": {"colorbar": {"outlinewidth": 0, "ticks": ""}}}], "scatterpolargl": [{"type": "scatterpolargl", "marker": {"colorbar": {"outlinewidth": 0, "ticks": ""}}}], "bar": [{"error_x": {"color": "#2a3f5f"}, "error_y": {"color": "#2a3f5f"}, "marker": {"line": {"color": "#E5ECF6", "width": 0.5}, "pattern": {"fillmode": "overlay", "size": 10, "solidity": 0.2}}, "type": "bar"}], "scattergeo": [{"type": "scattergeo", "marker": {"colorbar": {"outlinewidth": 0, "ticks": ""}}}], "scatterpolar": [{"type": "scatterpolar", "marker": {"colorbar": {"outlinewidth": 0, "ticks": ""}}}], "histogram": [{"marker": {"pattern": {"fillmode": "overlay", "size": 10, "solidity": 0.2}}, "type": "histogram"}], "scattergl": [{"type": "scattergl", "marker": {"colorbar": {"outlinewidth": 0, "ticks": ""}}}], "scatter3d": [{"type": "scatter3d", "line": {"colorbar": {"outlinewidth": 0, "ticks": ""}}, "marker": {"colorbar": {"outlinewidth": 0, "ticks": ""}}}], "scattermapbox": [{"type": "scattermapbox", "marker": {"colorbar": {"outlinewidth": 0, "ticks": ""}}}], "scatterternary": [{"type": "scatterternary", "marker": {"colorbar": {"outlinewidth": 0, "ticks": ""}}}], "scattercarpet": [{"type": "scattercarpet", "marker": {"colorbar": {"outlinewidth": 0, "ticks": ""}}}], "carpet": [{"aaxis": {"endlinecolor": "#2a3f5f", "gridcolor": "white", "linecolor": "white", "minorgridcolor": "white", "startlinecolor": "#2a3f5f"}, "baxis": {"endlinecolor": "#2a3f5f", "gridcolor": "white", "linecolor": "white", "minorgridcolor": "white", "startlinecolor": "#2a3f5f"}, "type": "carpet"}], "table": [{"cells": {"fill": {"color": "#EBF0F8"}, "line": {"color": "white"}}, "header": {"fill": {"color": "#C8D4E3"}, "line": {"color": "white"}}, "type": "table"}], "barpolar": [{"marker": {"line": {"color": "#E5ECF6", "width": 0.5}, "pattern": {"fillmode": "overlay", "size": 10, "solidity": 0.2}}, "type": "barpolar"}], "pie": [{"automargin": true, "type": "pie"}]}, "layout": {"autotypenumbers": "strict", "colorway": ["#636efa", "#EF553B", "#00cc96", "#ab63fa", "#FFA15A", "#19d3f3", "#FF6692", "#B6E880", "#FF97FF", "#FECB52"], "font": {"color": "#2a3f5f"}, "hovermode": "closest", "hoverlabel": {"align": "left"}, "paper_bgcolor": "white", "plot_bgcolor": "#E5ECF6", "polar": {"bgcolor": "#E5ECF6", "angularaxis": {"gridcolor": "white", "linecolor": "white", "ticks": ""}, "radialaxis": {"gridcolor": "white", "linecolor": "white", "ticks": ""}}, "ternary": {"bgcolor": "#E5ECF6", "aaxis": {"gridcolor": "white", "linecolor": "white", "ticks": ""}, "baxis": {"gridcolor": "white", "linecolor": "white", "ticks": ""}, "caxis": {"gridcolor": "white", "linecolor": "white", "ticks": ""}}, "coloraxis": {"colorbar": {"outlinewidth": 0, "ticks": ""}}, "colorscale": {"sequential": [[0.0, "#0d0887"], [0.1111111111111111, "#46039f"], [0.2222222222222222, "#7201a8"], [0.3333333333333333, "#9c179e"], [0.4444444444444444, "#bd3786"], [0.5555555555555556, "#d8576b"], [0.6666666666666666, "#ed7953"], [0.7777777777777778, "#fb9f3a"], [0.8888888888888888, "#fdca26"], [1.0, "#f0f921"]], "sequentialminus": [[0.0, "#0d0887"], [0.1111111111111111, "#46039f"], [0.2222222222222222, "#7201a8"], [0.3333333333333333, "#9c179e"], [0.4444444444444444, "#bd3786"], [0.5555555555555556, "#d8576b"], [0.6666666666666666, "#ed7953"], [0.7777777777777778, "#fb9f3a"], [0.8888888888888888, "#fdca26"], [1.0, "#f0f921"]], "diverging": [[0, "#8e0152"], [0.1, "#c51b7d"], [0.2, "#de77ae"], [0.3, "#f1b6da"], [0.4, "#fde0ef"], [0.5, "#f7f7f7"], [0.6, "#e6f5d0"], [0.7, "#b8e186"], [0.8, "#7fbc41"], [0.9, "#4d9221"], [1, "#276419"]]}, "xaxis": {"gridcolor": "white", "linecolor": "white", "ticks": "", "title": {"standoff": 15}, "zerolinecolor": "white", "automargin": true, "zerolinewidth": 2}, "yaxis": {"gridcolor": "white", "linecolor": "white", "ticks": "", "title": {"standoff": 15}, "zerolinecolor": "white", "automargin": true, "zerolinewidth": 2}, "scene": {"xaxis": {"backgroundcolor": "#E5ECF6", "gridcolor": "white", "linecolor": "white", "showbackground": true, "ticks": "", "zerolinecolor": "white", "gridwidth": 2}, "yaxis": {"backgroundcolor": "#E5ECF6", "gridcolor": "white", "linecolor": "white", "showbackground": true, "ticks": "", "zerolinecolor": "white", "gridwidth": 2}, "zaxis": {"backgroundcolor": "#E5ECF6", "gridcolor": "white", "linecolor": "white", "showbackground": true, "ticks": "", "zerolinecolor": "white", "gridwidth": 2}}, "shapedefaults": {"line": {"color": "#2a3f5f"}}, "annotationdefaults": {"arrowcolor": "#2a3f5f", "arrowhead": 0, "arrowwidth": 1}, "geo": {"bgcolor": "white", "landcolor": "#E5ECF6", "subunitcolor": "white", "showland": true, "showlakes": true, "lakecolor": "white"}, "title": {"x": 0.05}, "mapbox": {"style": "light"}}}}}