{"data": [{"z": [[2.7135820388793945, -0.37733641266822815, -0.904563307762146, -0.08425536751747131, 0.011444048956036568, 2.840566635131836, -1.5100576877593994, -0.4659326374530792, -1.747375726699829, 0.910076379776001, 0.7260408401489258, 2.336416244506836, 2.064056158065796, -2.03737735748291, 3.095879077911377, -1.9385474920272827, -1.5713657140731812, -2.2299914360046387, 1.2897796630859375, 0.7092068195343018, 1.0237576961517334], [-0.37733641266822815, 1.665859341621399, -0.4659107029438019, -1.4979044198989868, 0.2092861384153366, 0.8905419707298279, -2.856191873550415, -0.4655710756778717, 1.2942012548446655, -1.8356022834777832, -0.12988825142383575, -0.46597111225128174, -0.2835988998413086, 0.34063777327537537, 1.2737648487091064, 1.2747490406036377, -1.386863350868225, 0.42305150628089905, -0.6940978765487671, -1.3890736103057861, -0.5661792755126953], [-0.904563307762146, -0.4659107029438019, 0.6579251289367676, 1.3227509260177612, 0.5353684425354004, -0.8234003186225891, 1.9518064260482788, 0.1426028311252594, 0.5922043323516846, 0.8730583786964417, -0.42866724729537964, -1.0071308612823486, -0.7683138251304626, 1.0986782312393188, -2.220593214035034, -0.17972713708877563, 1.09462571144104, 0.9762186408042908, -0.5701992511749268, 0.41741833090782166, -0.3367171883583069], [-0.08425536751747131, -1.4979044198989868, 1.3227509260177612, 6.810539245605469, 4.019988536834717, 3.5470333099365234, 5.96002721786499, -0.9145687222480774, 2.311202049255371, 5.953363418579102, 0.23859664797782898, 0.914506196975708, 0.5926439166069031, 2.2418372631073, -4.290783882141113, -3.2120096683502197, 0.7305899858474731, 0.8935377597808838, 0.8344783186912537, 4.0246686935424805, 0.49578046798706055], [0.011444048956036568, 0.2092861384153366, 0.5353684425354004, 4.019988536834717, 3.361499071121216, 3.8931541442871094, 1.879311203956604, -1.1968035697937012, 2.613882303237915, 3.1545650959014893, -0.044896941632032394, 0.26623591780662537, 0.35703784227371216, 1.876516342163086, -2.0011067390441895, -1.8352000713348389, -0.7639086246490479, 0.8774698972702026, -0.13396073877811432, 1.8464579582214355, -0.11589091271162033], [2.840566635131836, 0.8905419707298279, -0.8234003186225891, 3.5470333099365234, 3.8931541442871094, 8.46466064453125, -1.1200635433197021, -2.167196273803711, 2.006377696990967, 3.617302179336548, 1.3708769083023071, 3.8347291946411133, 3.0687096118927, -0.3330127000808716, 2.648892402648926, -3.065835952758789, -3.834721088409424, -1.6812992095947266, 2.0002033710479736, 2.647143840789795, 1.1635856628417969], [-1.5100576877593994, -2.856191873550415, 1.9518064260482788, 5.96002721786499, 1.879311203956604, -1.1200635433197021, 8.620675086975098, 0.4917336404323578, 0.9276667237281799, 5.345006465911865, 0.35718441009521484, 0.4452004134654999, -0.3581404685974121, 1.9489569664001465, -5.911855220794678, -1.8040803670883179, 3.2254350185394287, 1.1841742992401123, 1.440782904624939, 4.1837992668151855, 0.7323443293571472], [-0.4659326374530792, -0.4655710756778717, 0.1426028311252594, -0.9145687222480774, -1.1968035697937012, -2.167196273803711, 0.4917336404323578, 0.6343525648117065, -0.8863946795463562, -0.7362388372421265, -0.10707715153694153, -0.45953816175460815, -0.47815951704978943, -0.29952704906463623, -0.34204667806625366, 0.6601434946060181, 0.9853661060333252, 0.05542799085378647, -0.03931741788983345, -0.38378962874412537, -0.019604289904236794], [-1.747375726699829, 1.2942012548446655, 0.5922043323516846, 2.311202049255371, 2.613882303237915, 2.006377696990967, 0.9276667237281799, -0.8863946795463562, 3.822449207305908, 1.00182044506073, -0.041952431201934814, -0.5564419627189636, -0.7058336734771729, 2.512566328048706, -2.171257495880127, 0.6843289136886597, -0.6522935032844543, 1.8740330934524536, -0.4226912558078766, 0.6851126551628113, -0.6330262422561646], [0.910076379776001, -1.8356022834777832, 0.8730583786964417, 5.953363418579102, 3.1545650959014893, 3.617302179336548, 5.345006465911865, -0.7362388372421265, 1.00182044506073, 5.74794340133667, 0.7829477787017822, 2.1797029972076416, 1.4603313207626343, 0.8830277919769287, -2.5920891761779785, -3.4184727668762207, 0.3756466209888458, -0.3157406747341156, 1.8290027379989624, 4.201900005340576, 1.1333049535751343], [0.7260408401489258, -0.12988825142383575, -0.42866724729537964, 0.23859664797782898, -0.044896941632032394, 1.3708769083023071, 0.35718441009521484, -0.10707715153694153, -0.041952431201934814, 0.7829477787017822, 1.6038564443588257, 3.088580369949341, 1.6153850555419922, -1.2662614583969116, 1.944088339805603, 0.19791480898857117, -1.0049035549163818, -1.452055811882019, 2.706923007965088, 1.6129206418991089, 1.3170281648635864], [2.336416244506836, -0.46597111225128174, -1.0071308612823486, 0.914506196975708, 0.26623591780662537, 3.8347291946411133, 0.4452004134654999, -0.45953816175460815, -0.5564419627189636, 2.1797029972076416, 3.088580369949341, 6.359130382537842, 3.6739728450775146, -2.8209497928619385, 4.286101818084717, -0.6784335970878601, -2.3434696197509766, -3.3310368061065674, 5.264459133148193, 3.3857483863830566, 2.7236084938049316], [2.064056158065796, -0.2835988998413086, -0.7683138251304626, 0.5926439166069031, 0.35703784227371216, 3.0687096118927, -0.3581404685974121, -0.47815951704978943, -0.7058336734771729, 1.4603313207626343, 1.6153850555419922, 3.6739728450775146, 2.4158267974853516, -1.8807297945022583, 2.9716076850891113, -1.1395150423049927, -1.726187825202942, -2.243173837661743, 2.7552602291107178, 1.828276515007019, 1.5554372072219849], [-2.03737735748291, 0.34063777327537537, 1.0986782312393188, 2.2418372631073, 1.876516342163086, -0.3330127000808716, 1.9489569664001465, -0.29952704906463623, 2.512566328048706, 0.8830277919769287, -1.2662614583969116, -2.8209497928619385, -1.8807297945022583, 2.932340621948242, -4.074855327606201, 0.03844042867422104, 1.1207126379013062, 2.5849974155426025, -2.188063383102417, -0.14933519065380096, -1.3309155702590942], [3.095879077911377, 1.2737648487091064, -2.220593214035034, -4.290783882141113, -2.0011067390441895, 2.648892402648926, -5.911855220794678, -0.34204667806625366, -2.171257495880127, -2.5920891761779785, 1.944088339805603, 4.286101818084717, 2.9716076850891113, -4.074855327606201, 7.718498229980469, 0.7260038256645203, -3.6131649017333984, -3.6774001121520996, 2.8405609130859375, -0.7729822993278503, 1.5840743780136108], [-1.9385474920272827, 1.2747490406036377, -0.17972713708877563, -3.2120096683502197, -1.8352000713348389, -3.065835952758789, -1.8040803670883179, 0.6601434946060181, 0.6843289136886597, -3.4184727668762207, 0.19791480898857117, -0.6784335970878601, -1.1395150423049927, 0.03844042867422104, 0.7260038256645203, 3.5180976390838623, 0.13176126778125763, 0.727606475353241, -0.016545288264751434, -1.774796962738037, -0.4367680549621582], [-1.5713657140731812, -1.386863350868225, 1.09462571144104, 0.7305899858474731, -0.7639086246490479, -3.834721088409424, 3.2254350185394287, 0.9853661060333252, -0.6522935032844543, 0.3756466209888458, -1.0049035549163818, -2.3434696197509766, -1.726187825202942, 1.1207126379013062, -3.6131649017333984, 0.13176126778125763, 2.870589256286621, 1.406588077545166, -1.258862853050232, -0.08558037877082825, -0.6162915825843811], [-2.2299914360046387, 0.42305150628089905, 0.9762186408042908, 0.8935377597808838, 0.8774698972702026, -1.6812992095947266, 1.1841742992401123, 0.05542799085378647, 1.8740330934524536, -0.3157406747341156, -1.452055811882019, -3.3310368061065674, -2.243173837661743, 2.5849974155426025, -3.6774001121520996, 0.727606475353241, 1.406588077545166, 2.5717613697052, -2.520352363586426, -0.9995130300521851, -1.5063282251358032], [1.2897796630859375, -0.6940978765487671, -0.5701992511749268, 0.8344783186912537, -0.13396073877811432, 2.0002033710479736, 1.440782904624939, -0.03931741788983345, -0.4226912558078766, 1.8290027379989624, 2.706923007965088, 5.264459133148193, 2.7552602291107178, -2.188063383102417, 2.8405609130859375, -0.016545288264751434, -1.258862853050232, -2.520352363586426, 4.705178260803223, 3.0873074531555176, 2.3506970405578613], [0.7092068195343018, -1.3890736103057861, 0.41741833090782166, 4.0246686935424805, 1.8464579582214355, 2.647143840789795, 4.1837992668151855, -0.38378962874412537, 0.6851126551628113, 4.201900005340576, 1.6129206418991089, 3.3857483863830566, 1.828276515007019, -0.14933519065380096, -0.7729822993278503, -1.774796962738037, -0.08558037877082825, -0.9995130300521851, 3.0873074531555176, 3.8770415782928467, 1.6154584884643555], [1.0237576961517334, -0.5661792755126953, -0.3367171883583069, 0.49578046798706055, -0.11589091271162033, 1.1635856628417969, 0.7323443293571472, -0.019604289904236794, -0.6330262422561646, 1.1333049535751343, 1.3170281648635864, 2.7236084938049316, 1.5554372072219849, -1.3309155702590942, 1.5840743780136108, -0.4367680549621582, -0.6162915825843811, -1.5063282251358032, 2.3506970405578613, 1.6154584884643555, 1.2588680982589722]], "type": "heatmap"}], "layout": {"template": {"data": {"histogram2dcontour": [{"type": "histogram2dcontour", "colorbar": {"outlinewidth": 0, "ticks": ""}, "colorscale": [[0.0, "#0d0887"], [0.1111111111111111, "#46039f"], [0.2222222222222222, "#7201a8"], [0.3333333333333333, "#9c179e"], [0.4444444444444444, "#bd3786"], [0.5555555555555556, "#d8576b"], [0.6666666666666666, "#ed7953"], [0.7777777777777778, "#fb9f3a"], [0.8888888888888888, "#fdca26"], [1.0, "#f0f921"]]}], "choropleth": [{"type": "choropleth", "colorbar": {"outlinewidth": 0, "ticks": ""}}], "histogram2d": [{"type": "histogram2d", "colorbar": {"outlinewidth": 0, "ticks": ""}, "colorscale": [[0.0, "#0d0887"], [0.1111111111111111, "#46039f"], [0.2222222222222222, "#7201a8"], [0.3333333333333333, "#9c179e"], [0.4444444444444444, "#bd3786"], [0.5555555555555556, "#d8576b"], [0.6666666666666666, "#ed7953"], [0.7777777777777778, "#fb9f3a"], [0.8888888888888888, "#fdca26"], [1.0, "#f0f921"]]}], "heatmap": [{"type": "heatmap", "colorbar": {"outlinewidth": 0, "ticks": ""}, "colorscale": [[0.0, "#0d0887"], [0.1111111111111111, "#46039f"], [0.2222222222222222, "#7201a8"], [0.3333333333333333, "#9c179e"], [0.4444444444444444, "#bd3786"], [0.5555555555555556, "#d8576b"], [0.6666666666666666, "#ed7953"], [0.7777777777777778, "#fb9f3a"], [0.8888888888888888, "#fdca26"], [1.0, "#f0f921"]]}], "heatmapgl": [{"type": "heatmapgl", "colorbar": {"outlinewidth": 0, "ticks": ""}, "colorscale": [[0.0, "#0d0887"], [0.1111111111111111, "#46039f"], [0.2222222222222222, "#7201a8"], [0.3333333333333333, "#9c179e"], [0.4444444444444444, "#bd3786"], [0.5555555555555556, "#d8576b"], [0.6666666666666666, "#ed7953"], [0.7777777777777778, "#fb9f3a"], [0.8888888888888888, "#fdca26"], [1.0, "#f0f921"]]}], "contourcarpet": [{"type": "contourcarpet", "colorbar": {"outlinewidth": 0, "ticks": ""}}], "contour": [{"type": "contour", "colorbar": {"outlinewidth": 0, "ticks": ""}, "colorscale": [[0.0, "#0d0887"], [0.1111111111111111, "#46039f"], [0.2222222222222222, "#7201a8"], [0.3333333333333333, "#9c179e"], [0.4444444444444444, "#bd3786"], [0.5555555555555556, "#d8576b"], [0.6666666666666666, "#ed7953"], [0.7777777777777778, "#fb9f3a"], [0.8888888888888888, "#fdca26"], [1.0, "#f0f921"]]}], "surface": [{"type": "surface", "colorbar": {"outlinewidth": 0, "ticks": ""}, "colorscale": [[0.0, "#0d0887"], [0.1111111111111111, "#46039f"], [0.2222222222222222, "#7201a8"], [0.3333333333333333, "#9c179e"], [0.4444444444444444, "#bd3786"], [0.5555555555555556, "#d8576b"], [0.6666666666666666, "#ed7953"], [0.7777777777777778, "#fb9f3a"], [0.8888888888888888, "#fdca26"], [1.0, "#f0f921"]]}], "mesh3d": [{"type": "mesh3d", "colorbar": {"outlinewidth": 0, "ticks": ""}}], "scatter": [{"fillpattern": {"fillmode": "overlay", "size": 10, "solidity": 0.2}, "type": "scatter"}], "parcoords": [{"type": "parcoords", "line": {"colorbar": {"outlinewidth": 0, "ticks": ""}}}], "scatterpolargl": [{"type": "scatterpolargl", "marker": {"colorbar": {"outlinewidth": 0, "ticks": ""}}}], "bar": [{"error_x": {"color": "#2a3f5f"}, "error_y": {"color": "#2a3f5f"}, "marker": {"line": {"color": "#E5ECF6", "width": 0.5}, "pattern": {"fillmode": "overlay", "size": 10, "solidity": 0.2}}, "type": "bar"}], "scattergeo": [{"type": "scattergeo", "marker": {"colorbar": {"outlinewidth": 0, "ticks": ""}}}], "scatterpolar": [{"type": "scatterpolar", "marker": {"colorbar": {"outlinewidth": 0, "ticks": ""}}}], "histogram": [{"marker": {"pattern": {"fillmode": "overlay", "size": 10, "solidity": 0.2}}, "type": "histogram"}], "scattergl": [{"type": "scattergl", "marker": {"colorbar": {"outlinewidth": 0, "ticks": ""}}}], "scatter3d": [{"type": "scatter3d", "line": {"colorbar": {"outlinewidth": 0, "ticks": ""}}, "marker": {"colorbar": {"outlinewidth": 0, "ticks": ""}}}], "scattermapbox": [{"type": "scattermapbox", "marker": {"colorbar": {"outlinewidth": 0, "ticks": ""}}}], "scatterternary": [{"type": "scatterternary", "marker": {"colorbar": {"outlinewidth": 0, "ticks": ""}}}], "scattercarpet": [{"type": "scattercarpet", "marker": {"colorbar": {"outlinewidth": 0, "ticks": ""}}}], "carpet": [{"aaxis": {"endlinecolor": "#2a3f5f", "gridcolor": "white", "linecolor": "white", "minorgridcolor": "white", "startlinecolor": "#2a3f5f"}, "baxis": {"endlinecolor": "#2a3f5f", "gridcolor": "white", "linecolor": "white", "minorgridcolor": "white", "startlinecolor": "#2a3f5f"}, "type": "carpet"}], "table": [{"cells": {"fill": {"color": "#EBF0F8"}, "line": {"color": "white"}}, "header": {"fill": {"color": "#C8D4E3"}, "line": {"color": "white"}}, "type": "table"}], "barpolar": [{"marker": {"line": {"color": "#E5ECF6", "width": 0.5}, "pattern": {"fillmode": "overlay", "size": 10, "solidity": 0.2}}, "type": "barpolar"}], "pie": [{"automargin": true, "type": "pie"}]}, "layout": {"autotypenumbers": "strict", "colorway": ["#636efa", "#EF553B", "#00cc96", "#ab63fa", "#FFA15A", "#19d3f3", "#FF6692", "#B6E880", "#FF97FF", "#FECB52"], "font": {"color": "#2a3f5f"}, "hovermode": "closest", "hoverlabel": {"align": "left"}, "paper_bgcolor": "white", "plot_bgcolor": "#E5ECF6", "polar": {"bgcolor": "#E5ECF6", "angularaxis": {"gridcolor": "white", "linecolor": "white", "ticks": ""}, "radialaxis": {"gridcolor": "white", "linecolor": "white", "ticks": ""}}, "ternary": {"bgcolor": "#E5ECF6", "aaxis": {"gridcolor": "white", "linecolor": "white", "ticks": ""}, "baxis": {"gridcolor": "white", "linecolor": "white", "ticks": ""}, "caxis": {"gridcolor": "white", "linecolor": "white", "ticks": ""}}, "coloraxis": {"colorbar": {"outlinewidth": 0, "ticks": ""}}, "colorscale": {"sequential": [[0.0, "#0d0887"], [0.1111111111111111, "#46039f"], [0.2222222222222222, "#7201a8"], [0.3333333333333333, "#9c179e"], [0.4444444444444444, "#bd3786"], [0.5555555555555556, "#d8576b"], [0.6666666666666666, "#ed7953"], [0.7777777777777778, "#fb9f3a"], [0.8888888888888888, "#fdca26"], [1.0, "#f0f921"]], "sequentialminus": [[0.0, "#0d0887"], [0.1111111111111111, "#46039f"], [0.2222222222222222, "#7201a8"], [0.3333333333333333, "#9c179e"], [0.4444444444444444, "#bd3786"], [0.5555555555555556, "#d8576b"], [0.6666666666666666, "#ed7953"], [0.7777777777777778, "#fb9f3a"], [0.8888888888888888, "#fdca26"], [1.0, "#f0f921"]], "diverging": [[0, "#8e0152"], [0.1, "#c51b7d"], [0.2, "#de77ae"], [0.3, "#f1b6da"], [0.4, "#fde0ef"], [0.5, "#f7f7f7"], [0.6, "#e6f5d0"], [0.7, "#b8e186"], [0.8, "#7fbc41"], [0.9, "#4d9221"], [1, "#276419"]]}, "xaxis": {"gridcolor": "white", "linecolor": "white", "ticks": "", "title": {"standoff": 15}, "zerolinecolor": "white", "automargin": true, "zerolinewidth": 2}, "yaxis": {"gridcolor": "white", "linecolor": "white", "ticks": "", "title": {"standoff": 15}, "zerolinecolor": "white", "automargin": true, "zerolinewidth": 2}, "scene": {"xaxis": {"backgroundcolor": "#E5ECF6", "gridcolor": "white", "linecolor": "white", "showbackground": true, "ticks": "", "zerolinecolor": "white", "gridwidth": 2}, "yaxis": {"backgroundcolor": "#E5ECF6", "gridcolor": "white", "linecolor": "white", "showbackground": true, "ticks": "", "zerolinecolor": "white", "gridwidth": 2}, "zaxis": {"backgroundcolor": "#E5ECF6", "gridcolor": "white", "linecolor": "white", "showbackground": true, "ticks": "", "zerolinecolor": "white", "gridwidth": 2}}, "shapedefaults": {"line": {"color": "#2a3f5f"}}, "annotationdefaults": {"arrowcolor": "#2a3f5f", "arrowhead": 0, "arrowwidth": 1}, "geo": {"bgcolor": "white", "landcolor": "#E5ECF6", "subunitcolor": "white", "showland": true, "showlakes": true, "lakecolor": "white"}, "title": {"x": 0.05}, "mapbox": {"style": "light"}}}}}