{"data": [{"z": [[2.5766761302948, -0.2884473502635956, -0.8835633993148804, 0.22838328778743744, 0.28146544098854065, 3.119216203689575, -0.9415152668952942, -0.5945634841918945, -1.271202564239502, 1.2269279956817627, 1.1357824802398682, 2.7877297401428223, 2.186952829360962, -1.9480786323547363, 3.0554091930389404, -1.852889060974121, -1.7663440704345703, -2.286860227584839, 1.9676368236541748, 1.1408628225326538, 1.2004525661468506], [-0.2884473502635956, 1.6742490530014038, -0.35019388794898987, -1.0860236883163452, 0.42480263113975525, 1.282305359840393, -2.7556803226470947, -0.3963567018508911, 1.3925831317901611, -1.524988055229187, -0.036990776658058167, -0.0826897919178009, 0.02330208010971546, 0.40495043992996216, 1.3748607635498047, 1.3640536069869995, -1.3598058223724365, 0.4527667462825775, -0.5782708525657654, -1.0473549365997314, -0.39192289113998413], [-0.8835633993148804, -0.35019388794898987, 0.7868821620941162, 1.6890621185302734, 0.7812169194221497, -0.4766574501991272, 2.1707606315612793, 0.17782261967658997, 0.8453356027603149, 1.147800087928772, -0.21423470973968506, -0.6488043665885925, -0.5186395049095154, 1.2299872636795044, -2.130810499191284, -0.0178422499448061, 1.074726939201355, 1.042044997215271, -0.33233752846717834, 0.742404580116272, -0.17749804258346558], [0.22838328778743744, -1.0860236883163452, 1.6890621185302734, 7.027590751647949, 4.224629878997803, 3.78334903717041, 5.961230754852295, -0.6395954489707947, 2.3272604942321777, 6.0011515617370605, 0.3652011752128601, 0.8014942407608032, 0.889107882976532, 2.5834407806396484, -3.9479310512542725, -2.8840017318725586, 0.9790675044059753, 1.2306519746780396, 0.5876774191856384, 3.98190975189209, 0.539398193359375], [0.28146544098854065, 0.42480263113975525, 0.7812169194221497, 4.224629878997803, 3.495419502258301, 4.11545991897583, 1.8311736583709717, -0.9863840937614441, 2.539280891418457, 3.2352981567382812, 0.0049123321659862995, 0.2501935362815857, 0.62546706199646, 2.0615828037261963, -1.7395477294921875, -1.65586519241333, -0.5717705488204956, 1.073015809059143, -0.3612467050552368, 1.8631457090377808, -0.05524018406867981], [3.119216203689575, 1.282305359840393, -0.4766574501991272, 3.78334903717041, 4.11545991897583, 8.73083782196045, -1.0964598655700684, -1.9092665910720825, 2.058237075805664, 3.6744563579559326, 1.4898414611816406, 3.7665114402770996, 3.3707540035247803, 0.0010716348187997937, 2.9727883338928223, -2.7236549854278564, -3.613511562347412, -1.3590543270111084, 1.8209739923477173, 2.648071527481079, 1.220664620399475], [-0.9415152668952942, -2.7556803226470947, 2.1707606315612793, 5.961230754852295, 1.8311736583709717, -1.0964598655700684, 8.567428588867188, 0.7258046269416809, 0.40206006169319153, 5.401155948638916, 0.30661240220069885, 0.1461356282234192, -0.1469535231590271, 1.9802767038345337, -5.568273544311523, -1.9853849411010742, 3.5133605003356934, 1.2460087537765503, 1.1035666465759277, 3.976288080215454, 0.7283865213394165], [-0.5945634841918945, -0.3963567018508911, 0.17782261967658997, -0.6395954489707947, -0.9863840937614441, -1.9092665910720825, 0.7258046269416809, 0.5777946710586548, -0.539506196975708, -0.5181493759155273, 0.09342321008443832, -0.10212404280900955, -0.3537405729293823, -0.20862480998039246, -0.36585330963134766, 0.8027552366256714, 0.8720506429672241, 0.07235917448997498, 0.3126625418663025, -0.07401576638221741, 0.10536754131317139], [-1.271202564239502, 1.3925831317901611, 0.8453356027603149, 2.3272604942321777, 2.539280891418457, 2.058237075805664, 0.40206006169319153, -0.539506196975708, 3.2506144046783447, 0.8942340612411499, -0.38395828008651733, -0.9357373714447021, -0.47613975405693054, 2.6085662841796875, -1.8501677513122559, 0.7236921191215515, -0.2538866698741913, 2.1042208671569824, -1.2439872026443481, 0.371929407119751, -0.6986626386642456], [1.2269279956817627, -1.524988055229187, 1.147800087928772, 6.0011515617370605, 3.2352981567382812, 3.6744563579559326, 5.401155948638916, -0.5181493759155273, 0.8942340612411499, 5.734360694885254, 0.8887698650360107, 1.968179702758789, 1.6391706466674805, 1.1074998378753662, -2.2998740673065186, -3.2501208782196045, 0.5949779748916626, -0.09402024000883102, 1.6576284170150757, 4.072746276855469, 1.137724757194519], [1.1357824802398682, -0.036990776658058167, -0.21423470973968506, 0.3652011752128601, 0.0049123321659862995, 1.4898414611816406, 0.30661240220069885, 0.09342321008443832, -0.38395828008651733, 0.8887698650360107, 1.4985778331756592, 2.891052722930908, 1.8208715915679932, -1.1653188467025757, 2.170222282409668, 0.11966400593519211, -0.7577522397041321, -1.3328300714492798, 2.4409990310668945, 1.5150071382522583, 1.324062705039978], [2.7877297401428223, -0.0826897919178009, -0.6488043665885925, 0.8014942407608032, 0.2501935362815857, 3.7665114402770996, 0.1461356282234192, -0.10212404280900955, -0.9357373714447021, 1.968179702758789, 2.891052722930908, 5.793126583099365, 3.8185276985168457, -2.5282437801361084, 4.667316913604736, -0.4532986879348755, -1.9493721723556519, -2.959552764892578, 4.7168169021606445, 2.9498634338378906, 2.6069812774658203], [2.186952829360962, 0.02330208010971546, -0.5186395049095154, 0.889107882976532, 0.62546706199646, 3.3707540035247803, -0.1469535231590271, -0.3537405729293823, -0.47613975405693054, 1.6391706466674805, 1.8208715915679932, 3.8185276985168457, 2.6710774898529053, -1.6066489219665527, 3.171905279159546, -0.8592870235443115, -1.6542168855667114, -2.0337796211242676, 2.9307668209075928, 2.0006940364837646, 1.6633447408676147], [-1.9480786323547363, 0.40495043992996216, 1.2299872636795044, 2.5834407806396484, 2.0615828037261963, 0.0010716348187997937, 1.9802767038345337, -0.20862480998039246, 2.6085662841796875, 1.1074998378753662, -1.1653188467025757, -2.5282437801361084, -1.6066489219665527, 3.023308277130127, -3.9513235092163086, 0.17250673472881317, 1.169813632965088, 2.658578395843506, -2.1977760791778564, 0.10340145975351334, -1.1933178901672363], [3.0554091930389404, 1.3748607635498047, -2.130810499191284, -3.9479310512542725, -1.7395477294921875, 2.9727883338928223, -5.568273544311523, -0.36585330963134766, -1.8501677513122559, -2.2998740673065186, 2.170222282409668, 4.667316913604736, 3.171905279159546, -3.9513235092163086, 7.755387306213379, 0.8679077625274658, -3.6962525844573975, -3.6511287689208984, 3.3096368312835693, -0.4118800163269043, 1.746297836303711], [-1.852889060974121, 1.3640536069869995, -0.0178422499448061, -2.8840017318725586, -1.65586519241333, -2.7236549854278564, -1.9853849411010742, 0.8027552366256714, 0.7236921191215515, -3.2501208782196045, 0.11966400593519211, -0.4532986879348755, -0.8592870235443115, 0.17250673472881317, 0.8679077625274658, 3.7334370613098145, 0.2319909632205963, 0.8821678757667542, -0.14458252489566803, -1.6016160249710083, -0.33479008078575134], [-1.7663440704345703, -1.3598058223724365, 1.074726939201355, 0.9790675044059753, -0.5717705488204956, -3.613511562347412, 3.5133605003356934, 0.8720506429672241, -0.2538866698741913, 0.5949779748916626, -0.7577522397041321, -1.9493721723556519, -1.6542168855667114, 1.169813632965088, -3.6962525844573975, 0.2319909632205963, 2.7011606693267822, 1.3706190586090088, -0.8437151312828064, 0.2491026073694229, -0.4919126331806183], [-2.286860227584839, 0.4527667462825775, 1.042044997215271, 1.2306519746780396, 1.073015809059143, -1.3590543270111084, 1.2460087537765503, 0.07235917448997498, 2.1042208671569824, -0.09402024000883102, -1.3328300714492798, -2.959552764892578, -2.0337796211242676, 2.658578395843506, -3.6511287689208984, 0.8821678757667542, 1.3706190586090088, 2.6149344444274902, -2.4179043769836426, -0.6920557022094727, -1.368736743927002], [1.9676368236541748, -0.5782708525657654, -0.33233752846717834, 0.5876774191856384, -0.3612467050552368, 1.8209739923477173, 1.1035666465759277, 0.3126625418663025, -1.2439872026443481, 1.6576284170150757, 2.4409990310668945, 4.7168169021606445, 2.9307668209075928, -2.1977760791778564, 3.3096368312835693, -0.14458252489566803, -0.8437151312828064, -2.4179043769836426, 4.155406475067139, 2.6179039478302, 2.2708585262298584], [1.1408628225326538, -1.0473549365997314, 0.742404580116272, 3.98190975189209, 1.8631457090377808, 2.648071527481079, 3.976288080215454, -0.07401576638221741, 0.371929407119751, 4.072746276855469, 1.5150071382522583, 2.9498634338378906, 2.0006940364837646, 0.10340145975351334, -0.4118800163269043, -1.6016160249710083, 0.2491026073694229, -0.6920557022094727, 2.6179039478302, 3.5489139556884766, 1.5432970523834229], [1.2004525661468506, -0.39192289113998413, -0.17749804258346558, 0.539398193359375, -0.05524018406867981, 1.220664620399475, 0.7283865213394165, 0.10536754131317139, -0.6986626386642456, 1.137724757194519, 1.324062705039978, 2.6069812774658203, 1.6633447408676147, -1.1933178901672363, 1.746297836303711, -0.33479008078575134, -0.4919126331806183, -1.368736743927002, 2.2708585262298584, 1.5432970523834229, 1.2588680982589722]], "type": "heatmap"}], "layout": {"template": {"data": {"histogram2dcontour": [{"type": "histogram2dcontour", "colorbar": {"outlinewidth": 0, "ticks": ""}, "colorscale": [[0.0, "#0d0887"], [0.1111111111111111, "#46039f"], [0.2222222222222222, "#7201a8"], [0.3333333333333333, "#9c179e"], [0.4444444444444444, "#bd3786"], [0.5555555555555556, "#d8576b"], [0.6666666666666666, "#ed7953"], [0.7777777777777778, "#fb9f3a"], [0.8888888888888888, "#fdca26"], [1.0, "#f0f921"]]}], "choropleth": [{"type": "choropleth", "colorbar": {"outlinewidth": 0, "ticks": ""}}], "histogram2d": [{"type": "histogram2d", "colorbar": {"outlinewidth": 0, "ticks": ""}, "colorscale": [[0.0, "#0d0887"], [0.1111111111111111, "#46039f"], [0.2222222222222222, "#7201a8"], [0.3333333333333333, "#9c179e"], [0.4444444444444444, "#bd3786"], [0.5555555555555556, "#d8576b"], [0.6666666666666666, "#ed7953"], [0.7777777777777778, "#fb9f3a"], [0.8888888888888888, "#fdca26"], [1.0, "#f0f921"]]}], "heatmap": [{"type": "heatmap", "colorbar": {"outlinewidth": 0, "ticks": ""}, "colorscale": [[0.0, "#0d0887"], [0.1111111111111111, "#46039f"], [0.2222222222222222, "#7201a8"], [0.3333333333333333, "#9c179e"], [0.4444444444444444, "#bd3786"], [0.5555555555555556, "#d8576b"], [0.6666666666666666, "#ed7953"], [0.7777777777777778, "#fb9f3a"], [0.8888888888888888, "#fdca26"], [1.0, "#f0f921"]]}], "heatmapgl": [{"type": "heatmapgl", "colorbar": {"outlinewidth": 0, "ticks": ""}, "colorscale": [[0.0, "#0d0887"], [0.1111111111111111, "#46039f"], [0.2222222222222222, "#7201a8"], [0.3333333333333333, "#9c179e"], [0.4444444444444444, "#bd3786"], [0.5555555555555556, "#d8576b"], [0.6666666666666666, "#ed7953"], [0.7777777777777778, "#fb9f3a"], [0.8888888888888888, "#fdca26"], [1.0, "#f0f921"]]}], "contourcarpet": [{"type": "contourcarpet", "colorbar": {"outlinewidth": 0, "ticks": ""}}], "contour": [{"type": "contour", "colorbar": {"outlinewidth": 0, "ticks": ""}, "colorscale": [[0.0, "#0d0887"], [0.1111111111111111, "#46039f"], [0.2222222222222222, "#7201a8"], [0.3333333333333333, "#9c179e"], [0.4444444444444444, "#bd3786"], [0.5555555555555556, "#d8576b"], [0.6666666666666666, "#ed7953"], [0.7777777777777778, "#fb9f3a"], [0.8888888888888888, "#fdca26"], [1.0, "#f0f921"]]}], "surface": [{"type": "surface", "colorbar": {"outlinewidth": 0, "ticks": ""}, "colorscale": [[0.0, "#0d0887"], [0.1111111111111111, "#46039f"], [0.2222222222222222, "#7201a8"], [0.3333333333333333, "#9c179e"], [0.4444444444444444, "#bd3786"], [0.5555555555555556, "#d8576b"], [0.6666666666666666, "#ed7953"], [0.7777777777777778, "#fb9f3a"], [0.8888888888888888, "#fdca26"], [1.0, "#f0f921"]]}], "mesh3d": [{"type": "mesh3d", "colorbar": {"outlinewidth": 0, "ticks": ""}}], "scatter": [{"fillpattern": {"fillmode": "overlay", "size": 10, "solidity": 0.2}, "type": "scatter"}], "parcoords": [{"type": "parcoords", "line": {"colorbar": {"outlinewidth": 0, "ticks": ""}}}], "scatterpolargl": [{"type": "scatterpolargl", "marker": {"colorbar": {"outlinewidth": 0, "ticks": ""}}}], "bar": [{"error_x": {"color": "#2a3f5f"}, "error_y": {"color": "#2a3f5f"}, "marker": {"line": {"color": "#E5ECF6", "width": 0.5}, "pattern": {"fillmode": "overlay", "size": 10, "solidity": 0.2}}, "type": "bar"}], "scattergeo": [{"type": "scattergeo", "marker": {"colorbar": {"outlinewidth": 0, "ticks": ""}}}], "scatterpolar": [{"type": "scatterpolar", "marker": {"colorbar": {"outlinewidth": 0, "ticks": ""}}}], "histogram": [{"marker": {"pattern": {"fillmode": "overlay", "size": 10, "solidity": 0.2}}, "type": "histogram"}], "scattergl": [{"type": "scattergl", "marker": {"colorbar": {"outlinewidth": 0, "ticks": ""}}}], "scatter3d": [{"type": "scatter3d", "line": {"colorbar": {"outlinewidth": 0, "ticks": ""}}, "marker": {"colorbar": {"outlinewidth": 0, "ticks": ""}}}], "scattermapbox": [{"type": "scattermapbox", "marker": {"colorbar": {"outlinewidth": 0, "ticks": ""}}}], "scatterternary": [{"type": "scatterternary", "marker": {"colorbar": {"outlinewidth": 0, "ticks": ""}}}], "scattercarpet": [{"type": "scattercarpet", "marker": {"colorbar": {"outlinewidth": 0, "ticks": ""}}}], "carpet": [{"aaxis": {"endlinecolor": "#2a3f5f", "gridcolor": "white", "linecolor": "white", "minorgridcolor": "white", "startlinecolor": "#2a3f5f"}, "baxis": {"endlinecolor": "#2a3f5f", "gridcolor": "white", "linecolor": "white", "minorgridcolor": "white", "startlinecolor": "#2a3f5f"}, "type": "carpet"}], "table": [{"cells": {"fill": {"color": "#EBF0F8"}, "line": {"color": "white"}}, "header": {"fill": {"color": "#C8D4E3"}, "line": {"color": "white"}}, "type": "table"}], "barpolar": [{"marker": {"line": {"color": "#E5ECF6", "width": 0.5}, "pattern": {"fillmode": "overlay", "size": 10, "solidity": 0.2}}, "type": "barpolar"}], "pie": [{"automargin": true, "type": "pie"}]}, "layout": {"autotypenumbers": "strict", "colorway": ["#636efa", "#EF553B", "#00cc96", "#ab63fa", "#FFA15A", "#19d3f3", "#FF6692", "#B6E880", "#FF97FF", "#FECB52"], "font": {"color": "#2a3f5f"}, "hovermode": "closest", "hoverlabel": {"align": "left"}, "paper_bgcolor": "white", "plot_bgcolor": "#E5ECF6", "polar": {"bgcolor": "#E5ECF6", "angularaxis": {"gridcolor": "white", "linecolor": "white", "ticks": ""}, "radialaxis": {"gridcolor": "white", "linecolor": "white", "ticks": ""}}, "ternary": {"bgcolor": "#E5ECF6", "aaxis": {"gridcolor": "white", "linecolor": "white", "ticks": ""}, "baxis": {"gridcolor": "white", "linecolor": "white", "ticks": ""}, "caxis": {"gridcolor": "white", "linecolor": "white", "ticks": ""}}, "coloraxis": {"colorbar": {"outlinewidth": 0, "ticks": ""}}, "colorscale": {"sequential": [[0.0, "#0d0887"], [0.1111111111111111, "#46039f"], [0.2222222222222222, "#7201a8"], [0.3333333333333333, "#9c179e"], [0.4444444444444444, "#bd3786"], [0.5555555555555556, "#d8576b"], [0.6666666666666666, "#ed7953"], [0.7777777777777778, "#fb9f3a"], [0.8888888888888888, "#fdca26"], [1.0, "#f0f921"]], "sequentialminus": [[0.0, "#0d0887"], [0.1111111111111111, "#46039f"], [0.2222222222222222, "#7201a8"], [0.3333333333333333, "#9c179e"], [0.4444444444444444, "#bd3786"], [0.5555555555555556, "#d8576b"], [0.6666666666666666, "#ed7953"], [0.7777777777777778, "#fb9f3a"], [0.8888888888888888, "#fdca26"], [1.0, "#f0f921"]], "diverging": [[0, "#8e0152"], [0.1, "#c51b7d"], [0.2, "#de77ae"], [0.3, "#f1b6da"], [0.4, "#fde0ef"], [0.5, "#f7f7f7"], [0.6, "#e6f5d0"], [0.7, "#b8e186"], [0.8, "#7fbc41"], [0.9, "#4d9221"], [1, "#276419"]]}, "xaxis": {"gridcolor": "white", "linecolor": "white", "ticks": "", "title": {"standoff": 15}, "zerolinecolor": "white", "automargin": true, "zerolinewidth": 2}, "yaxis": {"gridcolor": "white", "linecolor": "white", "ticks": "", "title": {"standoff": 15}, "zerolinecolor": "white", "automargin": true, "zerolinewidth": 2}, "scene": {"xaxis": {"backgroundcolor": "#E5ECF6", "gridcolor": "white", "linecolor": "white", "showbackground": true, "ticks": "", "zerolinecolor": "white", "gridwidth": 2}, "yaxis": {"backgroundcolor": "#E5ECF6", "gridcolor": "white", "linecolor": "white", "showbackground": true, "ticks": "", "zerolinecolor": "white", "gridwidth": 2}, "zaxis": {"backgroundcolor": "#E5ECF6", "gridcolor": "white", "linecolor": "white", "showbackground": true, "ticks": "", "zerolinecolor": "white", "gridwidth": 2}}, "shapedefaults": {"line": {"color": "#2a3f5f"}}, "annotationdefaults": {"arrowcolor": "#2a3f5f", "arrowhead": 0, "arrowwidth": 1}, "geo": {"bgcolor": "white", "landcolor": "#E5ECF6", "subunitcolor": "white", "showland": true, "showlakes": true, "lakecolor": "white"}, "title": {"x": 0.05}, "mapbox": {"style": "light"}}}}}