{"data": [{"z": [[2.5668017864227295, -0.27432122826576233, -0.8811559677124023, 0.23234811425209045, 0.29284602403640747, 3.121718645095825, -0.9148316383361816, -0.6027462482452393, -1.2457183599472046, 1.2344475984573364, 1.1590670347213745, 2.7967374324798584, 2.184568166732788, -1.9382344484329224, 3.0529117584228516, -1.8454638719558716, -1.7774388790130615, -2.2864181995391846, 2.006096839904785, 1.1508936882019043, 1.204953670501709], [-0.27432122826576233, 1.665887475013733, -0.3430282473564148, -1.0619797706604004, 0.4308101534843445, 1.3041571378707886, -2.756927728652954, -0.387238085269928, 1.3800712823867798, -1.5086352825164795, -0.04561442881822586, -0.06922364979982376, 0.04333508759737015, 0.40327444672584534, 1.382209062576294, 1.361617088317871, -1.3505148887634277, 0.4540342092514038, -0.5901218056678772, -1.0327438116073608, -0.38368669152259827], [-0.8811559677124023, -0.3430282473564148, 0.794528603553772, 1.7002167701721191, 0.7882950305938721, -0.4662471115589142, 2.180227279663086, 0.18169304728507996, 0.8490760326385498, 1.1554832458496094, -0.21019317209720612, -0.6448392271995544, -0.5099639296531677, 1.2369349002838135, -2.1252543926239014, -0.009711074642837048, 1.0770412683486938, 1.0479265451431274, -0.32913684844970703, 0.7478270530700684, -0.17294909060001373], [0.23234811425209045, -1.0619797706604004, 1.7002167701721191, 7.014489650726318, 4.223324775695801, 3.7729122638702393, 5.983822822570801, -0.6376982927322388, 2.3210206031799316, 5.9935808181762695, 0.3716367483139038, 0.7670896649360657, 0.8826203942298889, 2.597102165222168, -3.9383113384246826, -2.876555919647217, 0.9805250763893127, 1.2414475679397583, 0.5925490260124207, 3.9584054946899414, 0.5354745388031006], [0.29284602403640747, 0.4308101534843445, 0.7882950305938721, 4.223324775695801, 3.4929518699645996, 4.114645957946777, 1.8433476686477661, -0.9816442728042603, 2.5229763984680176, 3.2362921237945557, 0.0035265758633613586, 0.2332063764333725, 0.6286073327064514, 2.0641725063323975, -1.7311307191848755, -1.6590404510498047, -0.5660815834999084, 1.0761058330535889, -0.3670911490917206, 1.853274941444397, -0.05496302247047424], [3.121718645095825, 1.3041571378707886, -0.4662471115589142, 3.7729122638702393, 4.114645957946777, 8.72350788116455, -1.0823087692260742, -1.9065266847610474, 2.0538125038146973, 3.6649675369262695, 1.4922081232070923, 3.7368993759155273, 3.3662519454956055, 0.014172215946018696, 2.9816832542419434, -2.713164806365967, -3.6121115684509277, -1.3477370738983154, 1.8250571489334106, 2.6284399032592773, 1.2173501253128052], [-0.9148316383361816, -2.756927728652954, 2.180227279663086, 5.983822822570801, 1.8433476686477661, -1.0823087692260742, 8.63435173034668, 0.7198333740234375, 0.38444799184799194, 5.443703651428223, 0.33015769720077515, 0.1455138921737671, -0.1346084028482437, 1.979695439338684, -5.562961101531982, -2.021437406539917, 3.512270212173462, 1.2317819595336914, 1.1462448835372925, 3.990633726119995, 0.7414883375167847], [-0.6027462482452393, -0.387238085269928, 0.18169304728507996, -0.6376982927322388, -0.9816442728042603, -1.9065266847610474, 0.7198333740234375, 0.5794914364814758, -0.5266743302345276, -0.5223935842514038, 0.09243272989988327, -0.1024872288107872, -0.35408416390419006, -0.199588343501091, -0.3660878837108612, 0.8182197213172913, 0.871826708316803, 0.0818527489900589, 0.3105291724205017, -0.07515965402126312, 0.10411334782838821], [-1.2457183599472046, 1.3800712823867798, 0.8490760326385498, 2.3210206031799316, 2.5229763984680176, 2.0538125038146973, 0.38444799184799194, -0.5266743302345276, 3.2006139755249023, 0.888227641582489, -0.414386510848999, -0.9661682844161987, -0.47115135192871094, 2.5983407497406006, -1.8397186994552612, 0.7061460614204407, -0.23581606149673462, 2.1043941974639893, -1.2902355194091797, 0.3496699333190918, -0.7037774920463562], [1.2344475984573364, -1.5086352825164795, 1.1554832458496094, 5.9935808181762695, 3.2362921237945557, 3.6649675369262695, 5.443703651428223, -0.5223935842514038, 0.888227641582489, 5.741074562072754, 0.9074370861053467, 1.9464401006698608, 1.6342488527297974, 1.1147202253341675, -2.2935943603515625, -3.2576613426208496, 0.591684877872467, -0.09535783529281616, 1.688233494758606, 4.062053680419922, 1.139553189277649], [1.1590670347213745, -0.04561442881822586, -0.21019317209720612, 0.3716367483139038, 0.0035265758633613586, 1.4922081232070923, 0.33015769720077515, 0.09243272989988327, -0.414386510848999, 0.9074370861053467, 1.4941598176956177, 2.8747289180755615, 1.825003743171692, -1.171026587486267, 2.1731889247894287, 0.08861952275037766, -0.7529693245887756, -1.3425383567810059, 2.4500956535339355, 1.5116667747497559, 1.326880693435669], [2.7967374324798584, -0.06922364979982376, -0.6448392271995544, 0.7670896649360657, 0.2332063764333725, 3.7368993759155273, 0.1455138921737671, -0.1024872288107872, -0.9661682844161987, 1.9464401006698608, 2.8747289180755615, 5.732559680938721, 3.7982068061828613, -2.5242202281951904, 4.672996997833252, -0.46245601773262024, -1.945987343788147, -2.9549810886383057, 4.711801052093506, 2.9045283794403076, 2.593228340148926], [2.184568166732788, 0.04333508759737015, -0.5099639296531677, 0.8826203942298889, 0.6286073327064514, 3.3662519454956055, -0.1346084028482437, -0.35408416390419006, -0.47115135192871094, 1.6342488527297974, 1.825003743171692, 3.7982068061828613, 2.666334390640259, -1.5930460691452026, 3.1769580841064453, -0.8479673862457275, -1.6562387943267822, -2.023974895477295, 2.945019006729126, 1.9877204895019531, 1.6613129377365112], [-1.9382344484329224, 0.40327444672584534, 1.2369349002838135, 2.597102165222168, 2.0641725063323975, 0.014172215946018696, 1.979695439338684, -0.199588343501091, 2.5983407497406006, 1.1147202253341675, -1.171026587486267, -2.5242202281951904, -1.5930460691452026, 3.024190902709961, -3.9434821605682373, 0.17553068697452545, 1.178663730621338, 2.663283348083496, -2.215435743331909, 0.10819806158542633, -1.1889816522598267], [3.0529117584228516, 1.382209062576294, -2.1252543926239014, -3.9383113384246826, -1.7311307191848755, 2.9816832542419434, -5.562961101531982, -0.3660878837108612, -1.8397186994552612, -2.2935943603515625, 2.1731889247894287, 4.672996997833252, 3.1769580841064453, -3.9434821605682373, 7.757101535797119, 0.8767092227935791, -3.698709726333618, -3.646824598312378, 3.328032970428467, -0.404295414686203, 1.7504984140396118], [-1.8454638719558716, 1.361617088317871, -0.009711074642837048, -2.876555919647217, -1.6590404510498047, -2.713164806365967, -2.021437406539917, 0.8182197213172913, 0.7061460614204407, -3.2576613426208496, 0.08861952275037766, -0.46245601773262024, -0.8479673862457275, 0.17553068697452545, 0.8767092227935791, 3.7471306324005127, 0.24721890687942505, 0.8963164687156677, -0.18788295984268188, -1.61044180393219, -0.3373020887374878], [-1.7774388790130615, -1.3505148887634277, 1.0770412683486938, 0.9805250763893127, -0.5660815834999084, -3.6121115684509277, 3.512270212173462, 0.871826708316803, -0.23581606149673462, 0.591684877872467, -0.7529693245887756, -1.945987343788147, -1.6562387943267822, 1.178663730621338, -3.698709726333618, 0.24721890687942505, 2.6990745067596436, 1.3788628578186035, -0.8430653214454651, 0.25027281045913696, -0.49298444390296936], [-2.2864181995391846, 0.4540342092514038, 1.0479265451431274, 1.2414475679397583, 1.0761058330535889, -1.3477370738983154, 1.2317819595336914, 0.0818527489900589, 2.1043941974639893, -0.09535783529281616, -1.3425383567810059, -2.9549810886383057, -2.023974895477295, 2.663283348083496, -3.646824598312378, 0.8963164687156677, 1.3788628578186035, 2.6255667209625244, -2.44368839263916, -0.6894758343696594, -1.3678340911865234], [2.006096839904785, -0.5901218056678772, -0.32913684844970703, 0.5925490260124207, -0.3670911490917206, 1.8250571489334106, 1.1462448835372925, 0.3105291724205017, -1.2902355194091797, 1.688233494758606, 2.4500956535339355, 4.711801052093506, 2.945019006729126, -2.215435743331909, 3.328032970428467, -0.18788295984268188, -0.8430653214454651, -2.44368839263916, 4.196117877960205, 2.621652364730835, 2.2842178344726562], [1.1508936882019043, -1.0327438116073608, 0.7478270530700684, 3.9584054946899414, 1.853274941444397, 2.6284399032592773, 3.990633726119995, -0.07515965402126312, 0.3496699333190918, 4.062053680419922, 1.5116667747497559, 2.9045283794403076, 1.9877204895019531, 0.10819806158542633, -0.404295414686203, -1.61044180393219, 0.25027281045913696, -0.6894758343696594, 2.621652364730835, 3.516364097595215, 1.5354745388031006], [1.204953670501709, -0.38368669152259827, -0.17294909060001373, 0.5354745388031006, -0.05496302247047424, 1.2173501253128052, 0.7414883375167847, 0.10411334782838821, -0.7037774920463562, 1.139553189277649, 1.326880693435669, 2.593228340148926, 1.6613129377365112, -1.1889816522598267, 1.7504984140396118, -0.3373020887374878, -0.49298444390296936, -1.3678340911865234, 2.2842178344726562, 1.5354745388031006, 1.2588680982589722]], "type": "heatmap"}], "layout": {"template": {"data": {"histogram2dcontour": [{"type": "histogram2dcontour", "colorbar": {"outlinewidth": 0, "ticks": ""}, "colorscale": [[0.0, "#0d0887"], [0.1111111111111111, "#46039f"], [0.2222222222222222, "#7201a8"], [0.3333333333333333, "#9c179e"], [0.4444444444444444, "#bd3786"], [0.5555555555555556, "#d8576b"], [0.6666666666666666, "#ed7953"], [0.7777777777777778, "#fb9f3a"], [0.8888888888888888, "#fdca26"], [1.0, "#f0f921"]]}], "choropleth": [{"type": "choropleth", "colorbar": {"outlinewidth": 0, "ticks": ""}}], "histogram2d": [{"type": "histogram2d", "colorbar": {"outlinewidth": 0, "ticks": ""}, "colorscale": [[0.0, "#0d0887"], [0.1111111111111111, "#46039f"], [0.2222222222222222, "#7201a8"], [0.3333333333333333, "#9c179e"], [0.4444444444444444, "#bd3786"], [0.5555555555555556, "#d8576b"], [0.6666666666666666, "#ed7953"], [0.7777777777777778, "#fb9f3a"], [0.8888888888888888, "#fdca26"], [1.0, "#f0f921"]]}], "heatmap": [{"type": "heatmap", "colorbar": {"outlinewidth": 0, "ticks": ""}, "colorscale": [[0.0, "#0d0887"], [0.1111111111111111, "#46039f"], [0.2222222222222222, "#7201a8"], [0.3333333333333333, "#9c179e"], [0.4444444444444444, "#bd3786"], [0.5555555555555556, "#d8576b"], [0.6666666666666666, "#ed7953"], [0.7777777777777778, "#fb9f3a"], [0.8888888888888888, "#fdca26"], [1.0, "#f0f921"]]}], "heatmapgl": [{"type": "heatmapgl", "colorbar": {"outlinewidth": 0, "ticks": ""}, "colorscale": [[0.0, "#0d0887"], [0.1111111111111111, "#46039f"], [0.2222222222222222, "#7201a8"], [0.3333333333333333, "#9c179e"], [0.4444444444444444, "#bd3786"], [0.5555555555555556, "#d8576b"], [0.6666666666666666, "#ed7953"], [0.7777777777777778, "#fb9f3a"], [0.8888888888888888, "#fdca26"], [1.0, "#f0f921"]]}], "contourcarpet": [{"type": "contourcarpet", "colorbar": {"outlinewidth": 0, "ticks": ""}}], "contour": [{"type": "contour", "colorbar": {"outlinewidth": 0, "ticks": ""}, "colorscale": [[0.0, "#0d0887"], [0.1111111111111111, "#46039f"], [0.2222222222222222, "#7201a8"], [0.3333333333333333, "#9c179e"], [0.4444444444444444, "#bd3786"], [0.5555555555555556, "#d8576b"], [0.6666666666666666, "#ed7953"], [0.7777777777777778, "#fb9f3a"], [0.8888888888888888, "#fdca26"], [1.0, "#f0f921"]]}], "surface": [{"type": "surface", "colorbar": {"outlinewidth": 0, "ticks": ""}, "colorscale": [[0.0, "#0d0887"], [0.1111111111111111, "#46039f"], [0.2222222222222222, "#7201a8"], [0.3333333333333333, "#9c179e"], [0.4444444444444444, "#bd3786"], [0.5555555555555556, "#d8576b"], [0.6666666666666666, "#ed7953"], [0.7777777777777778, "#fb9f3a"], [0.8888888888888888, "#fdca26"], [1.0, "#f0f921"]]}], "mesh3d": [{"type": "mesh3d", "colorbar": {"outlinewidth": 0, "ticks": ""}}], "scatter": [{"fillpattern": {"fillmode": "overlay", "size": 10, "solidity": 0.2}, "type": "scatter"}], "parcoords": [{"type": "parcoords", "line": {"colorbar": {"outlinewidth": 0, "ticks": ""}}}], "scatterpolargl": [{"type": "scatterpolargl", "marker": {"colorbar": {"outlinewidth": 0, "ticks": ""}}}], "bar": [{"error_x": {"color": "#2a3f5f"}, "error_y": {"color": "#2a3f5f"}, "marker": {"line": {"color": "#E5ECF6", "width": 0.5}, "pattern": {"fillmode": "overlay", "size": 10, "solidity": 0.2}}, "type": "bar"}], "scattergeo": [{"type": "scattergeo", "marker": {"colorbar": {"outlinewidth": 0, "ticks": ""}}}], "scatterpolar": [{"type": "scatterpolar", "marker": {"colorbar": {"outlinewidth": 0, "ticks": ""}}}], "histogram": [{"marker": {"pattern": {"fillmode": "overlay", "size": 10, "solidity": 0.2}}, "type": "histogram"}], "scattergl": [{"type": "scattergl", "marker": {"colorbar": {"outlinewidth": 0, "ticks": ""}}}], "scatter3d": [{"type": "scatter3d", "line": {"colorbar": {"outlinewidth": 0, "ticks": ""}}, "marker": {"colorbar": {"outlinewidth": 0, "ticks": ""}}}], "scattermapbox": [{"type": "scattermapbox", "marker": {"colorbar": {"outlinewidth": 0, "ticks": ""}}}], "scatterternary": [{"type": "scatterternary", "marker": {"colorbar": {"outlinewidth": 0, "ticks": ""}}}], "scattercarpet": [{"type": "scattercarpet", "marker": {"colorbar": {"outlinewidth": 0, "ticks": ""}}}], "carpet": [{"aaxis": {"endlinecolor": "#2a3f5f", "gridcolor": "white", "linecolor": "white", "minorgridcolor": "white", "startlinecolor": "#2a3f5f"}, "baxis": {"endlinecolor": "#2a3f5f", "gridcolor": "white", "linecolor": "white", "minorgridcolor": "white", "startlinecolor": "#2a3f5f"}, "type": "carpet"}], "table": [{"cells": {"fill": {"color": "#EBF0F8"}, "line": {"color": "white"}}, "header": {"fill": {"color": "#C8D4E3"}, "line": {"color": "white"}}, "type": "table"}], "barpolar": [{"marker": {"line": {"color": "#E5ECF6", "width": 0.5}, "pattern": {"fillmode": "overlay", "size": 10, "solidity": 0.2}}, "type": "barpolar"}], "pie": [{"automargin": true, "type": "pie"}]}, "layout": {"autotypenumbers": "strict", "colorway": ["#636efa", "#EF553B", "#00cc96", "#ab63fa", "#FFA15A", "#19d3f3", "#FF6692", "#B6E880", "#FF97FF", "#FECB52"], "font": {"color": "#2a3f5f"}, "hovermode": "closest", "hoverlabel": {"align": "left"}, "paper_bgcolor": "white", "plot_bgcolor": "#E5ECF6", "polar": {"bgcolor": "#E5ECF6", "angularaxis": {"gridcolor": "white", "linecolor": "white", "ticks": ""}, "radialaxis": {"gridcolor": "white", "linecolor": "white", "ticks": ""}}, "ternary": {"bgcolor": "#E5ECF6", "aaxis": {"gridcolor": "white", "linecolor": "white", "ticks": ""}, "baxis": {"gridcolor": "white", "linecolor": "white", "ticks": ""}, "caxis": {"gridcolor": "white", "linecolor": "white", "ticks": ""}}, "coloraxis": {"colorbar": {"outlinewidth": 0, "ticks": ""}}, "colorscale": {"sequential": [[0.0, "#0d0887"], [0.1111111111111111, "#46039f"], [0.2222222222222222, "#7201a8"], [0.3333333333333333, "#9c179e"], [0.4444444444444444, "#bd3786"], [0.5555555555555556, "#d8576b"], [0.6666666666666666, "#ed7953"], [0.7777777777777778, "#fb9f3a"], [0.8888888888888888, "#fdca26"], [1.0, "#f0f921"]], "sequentialminus": [[0.0, "#0d0887"], [0.1111111111111111, "#46039f"], [0.2222222222222222, "#7201a8"], [0.3333333333333333, "#9c179e"], [0.4444444444444444, "#bd3786"], [0.5555555555555556, "#d8576b"], [0.6666666666666666, "#ed7953"], [0.7777777777777778, "#fb9f3a"], [0.8888888888888888, "#fdca26"], [1.0, "#f0f921"]], "diverging": [[0, "#8e0152"], [0.1, "#c51b7d"], [0.2, "#de77ae"], [0.3, "#f1b6da"], [0.4, "#fde0ef"], [0.5, "#f7f7f7"], [0.6, "#e6f5d0"], [0.7, "#b8e186"], [0.8, "#7fbc41"], [0.9, "#4d9221"], [1, "#276419"]]}, "xaxis": {"gridcolor": "white", "linecolor": "white", "ticks": "", "title": {"standoff": 15}, "zerolinecolor": "white", "automargin": true, "zerolinewidth": 2}, "yaxis": {"gridcolor": "white", "linecolor": "white", "ticks": "", "title": {"standoff": 15}, "zerolinecolor": "white", "automargin": true, "zerolinewidth": 2}, "scene": {"xaxis": {"backgroundcolor": "#E5ECF6", "gridcolor": "white", "linecolor": "white", "showbackground": true, "ticks": "", "zerolinecolor": "white", "gridwidth": 2}, "yaxis": {"backgroundcolor": "#E5ECF6", "gridcolor": "white", "linecolor": "white", "showbackground": true, "ticks": "", "zerolinecolor": "white", "gridwidth": 2}, "zaxis": {"backgroundcolor": "#E5ECF6", "gridcolor": "white", "linecolor": "white", "showbackground": true, "ticks": "", "zerolinecolor": "white", "gridwidth": 2}}, "shapedefaults": {"line": {"color": "#2a3f5f"}}, "annotationdefaults": {"arrowcolor": "#2a3f5f", "arrowhead": 0, "arrowwidth": 1}, "geo": {"bgcolor": "white", "landcolor": "#E5ECF6", "subunitcolor": "white", "showland": true, "showlakes": true, "lakecolor": "white"}, "title": {"x": 0.05}, "mapbox": {"style": "light"}}}}}