{"data": [{"z": [[2.7119557857513428, -0.3748328685760498, -0.9064443111419678, -0.11377230286598206, -0.005668005906045437, 2.812966823577881, -1.551863431930542, -0.4610290229320526, -1.7650740146636963, 0.8805314898490906, 0.7017945051193237, 2.2963762283325195, 2.0447967052459717, -2.0363245010375977, 3.092296600341797, -1.9369195699691772, -1.5618653297424316, -2.220860481262207, 1.2402656078338623, 0.6734898686408997, 1.0064290761947632], [-0.3748328685760498, 1.675095796585083, -0.46288514137268066, -1.5259416103363037, 0.19548314809799194, 0.8648757934570312, -2.883305788040161, -0.45654118061065674, 1.2813355922698975, -1.8661816120147705, -0.147370383143425, -0.5052105188369751, -0.2992914319038391, 0.34716954827308655, 1.275199055671692, 1.2829031944274902, -1.3738534450531006, 0.4377066195011139, -0.727483332157135, -1.4232687950134277, -0.5832645893096924], [-0.9064443111419678, -0.46288514137268066, 0.6555813550949097, 1.2919938564300537, 0.5176541209220886, -0.8521560430526733, 1.9249441623687744, 0.1465594619512558, 0.5740729570388794, 0.8424468040466309, -0.4509280323982239, -1.0479919910430908, -0.7880972623825073, 1.0994699001312256, -2.2239255905151367, -0.1782364547252655, 1.102881669998169, 0.984571099281311, -0.6049208045005798, 0.381378710269928, -0.35350456833839417], [-0.11377230286598206, -1.5259416103363037, 1.2919938564300537, 6.764750003814697, 3.980654239654541, 3.500141143798828, 5.944542407989502, -0.9400131702423096, 2.269620418548584, 5.918895721435547, 0.19944992661476135, 0.8674601912498474, 0.5506442189216614, 2.212406873703003, -4.320964813232422, -3.242750644683838, 0.7097639441490173, 0.8690565824508667, 0.834110677242279, 3.9806978702545166, 0.48288485407829285], [-0.005668005906045437, 0.19548314809799194, 0.5176541209220886, 3.980654239654541, 3.3316893577575684, 3.853921890258789, 1.858805537223816, -1.2088699340820312, 2.582782030105591, 3.1214001178741455, -0.0762157142162323, 0.22143086791038513, 0.3248320519924164, 1.8609509468078613, -2.019331932067871, -1.851157307624817, -0.7713844180107117, 0.8683419227600098, -0.14624689519405365, 1.8057643175125122, -0.13069836795330048], [2.812966823577881, 0.8648757934570312, -0.8521560430526733, 3.500141143798828, 3.853921890258789, 8.417309761047363, -1.1464333534240723, -2.190178632736206, 1.9652537107467651, 3.5803823471069336, 1.3312758207321167, 3.7852747440338135, 3.0269978046417236, -0.36035874485969543, 2.620302677154541, -3.0942800045013428, -3.8528623580932617, -1.7024075984954834, 1.9937422275543213, 2.6008620262145996, 1.1490228176116943], [-1.551863431930542, -2.883305788040161, 1.9249441623687744, 5.944542407989502, 1.858805537223816, -1.1464333534240723, 8.644336700439453, 0.46145927906036377, 0.9165294170379639, 5.336195945739746, 0.3411868214607239, 0.4347630739212036, -0.38780954480171204, 1.9261565208435059, -5.94878625869751, -1.8251737356185913, 3.196925401687622, 1.158088207244873, 1.477791428565979, 4.174878120422363, 0.7340529561042786], [-0.4610290229320526, -0.45654118061065674, 0.1465594619512558, -0.9400131702423096, -1.2088699340820312, -2.190178632736206, 0.46145927906036377, 0.6445840001106262, -0.8991778492927551, -0.7640307545661926, -0.12499377131462097, -0.49705711007118225, -0.49187639355659485, -0.29250669479370117, -0.3394758105278015, 0.6675264239311218, 0.999800443649292, 0.07012736797332764, -0.08357806503772736, -0.4162800908088684, -0.03642592579126358], [-1.7650740146636963, 1.2813355922698975, 0.5740729570388794, 2.269620418548584, 2.582782030105591, 1.9652537107467651, 0.9165294170379639, -0.8991778492927551, 3.7911908626556396, 0.965772271156311, -0.07103312015533447, -0.6024655103683472, -0.7388167977333069, 2.4966492652893066, -2.1889870166778564, 0.6690385937690735, -0.6610362529754639, 1.8644325733184814, -0.4223990738391876, 0.6430855393409729, -0.647571325302124], [0.8805314898490906, -1.8661816120147705, 0.8424468040466309, 5.918895721435547, 3.1214001178741455, 3.5803823471069336, 5.336195945739746, -0.7640307545661926, 0.965772271156311, 5.72477912902832, 0.749677836894989, 2.145602226257324, 1.42414391040802, 0.8529152870178223, -2.6231987476348877, -3.4519577026367188, 0.3515894412994385, -0.34375402331352234, 1.8356431722640991, 4.1699676513671875, 1.1257606744766235], [0.7017945051193237, -0.147370383143425, -0.4509280323982239, 0.19944992661476135, -0.0762157142162323, 1.3312758207321167, 0.3411868214607239, -0.12499377131462097, -0.07103312015533447, 0.749677836894989, 1.5746909379959106, 3.0483644008636475, 1.5812119245529175, -1.2861489057540894, 1.9216705560684204, 0.17973047494888306, -1.0197029113769531, -1.4672906398773193, 2.703425884246826, 1.574748158454895, 1.3050742149353027], [2.2963762283325195, -0.5052105188369751, -1.0479919910430908, 0.8674601912498474, 0.22143086791038513, 3.7852747440338135, 0.4347630739212036, -0.49705711007118225, -0.6024655103683472, 2.145602226257324, 3.0483644008636475, 6.31514835357666, 3.6263468265533447, -2.861443042755127, 4.246029853820801, -0.7212124466896057, -2.377350091934204, -3.3690218925476074, 5.280441761016846, 3.3430633544921875, 2.7145743370056152], [2.0447967052459717, -0.2992914319038391, -0.7880972623825073, 0.5506442189216614, 0.3248320519924164, 3.0269978046417236, -0.38780954480171204, -0.49187639355659485, -0.7388167977333069, 1.42414391040802, 1.5812119245529175, 3.6263468265533447, 2.380959987640381, -1.8982816934585571, 2.9512436389923096, -1.1574971675872803, -1.7352159023284912, -2.254101514816284, 2.732830762863159, 1.7842915058135986, 1.5395665168762207], [-2.0363245010375977, 0.34716954827308655, 1.0994699001312256, 2.212406873703003, 1.8609509468078613, -0.36035874485969543, 1.9261565208435059, -0.29250669479370117, 2.4966492652893066, 0.8529152870178223, -1.2861489057540894, -2.861443042755127, -1.8982816934585571, 2.9364969730377197, -4.075332164764404, 0.04351518675684929, 1.132090449333191, 2.5970842838287354, -2.2189245223999023, -0.18437989056110382, -1.3479708433151245], [3.092296600341797, 1.275199055671692, -2.2239255905151367, -4.320964813232422, -2.019331932067871, 2.620302677154541, -5.94878625869751, -0.3394758105278015, -2.1889870166778564, -2.6231987476348877, 1.9216705560684204, 4.246029853820801, 2.9512436389923096, -4.075332164764404, 7.713264465332031, 0.7260335683822632, -3.606419801712036, -3.6703484058380127, 2.8009393215179443, -0.8089208006858826, 1.567590594291687], [-1.9369195699691772, 1.2829031944274902, -0.1782364547252655, -3.242750644683838, -1.851157307624817, -3.0942800045013428, -1.8251737356185913, 0.6675264239311218, 0.6690385937690735, -3.4519577026367188, 0.17973047494888306, -0.7212124466896057, -1.1574971675872803, 0.04351518675684929, 0.7260335683822632, 3.523942232131958, 0.14329279959201813, 0.7405432462692261, -0.045966971665620804, -1.8119529485702515, -0.45443183183670044], [-1.5618653297424316, -1.3738534450531006, 1.102881669998169, 0.7097639441490173, -0.7713844180107117, -3.8528623580932617, 3.196925401687622, 0.999800443649292, -0.6610362529754639, 0.3515894412994385, -1.0197029113769531, -2.377350091934204, -1.7352159023284912, 1.132090449333191, -3.606419801712036, 0.14329279959201813, 2.889143943786621, 1.425438642501831, -1.3072434663772583, -0.11417832225561142, -0.6326172351837158], [-2.220860481262207, 0.4377066195011139, 0.984571099281311, 0.8690565824508667, 0.8683419227600098, -1.7024075984954834, 1.158088207244873, 0.07012736797332764, 1.8644325733184814, -0.34375402331352234, -1.4672906398773193, -3.3690218925476074, -2.254101514816284, 2.5970842838287354, -3.6703484058380127, 0.7405432462692261, 1.425438642501831, 2.5922365188598633, -2.5610275268554688, -1.0316866636276245, -1.524124026298523], [1.2402656078338623, -0.727483332157135, -0.6049208045005798, 0.834110677242279, -0.14624689519405365, 1.9937422275543213, 1.477791428565979, -0.08357806503772736, -0.4223990738391876, 1.8356431722640991, 2.703425884246826, 5.280441761016846, 2.732830762863159, -2.2189245223999023, 2.8009393215179443, -0.045966971665620804, -1.3072434663772583, -2.5610275268554688, 4.7784223556518555, 3.0984346866607666, 2.3643012046813965], [0.6734898686408997, -1.4232687950134277, 0.381378710269928, 3.9806978702545166, 1.8057643175125122, 2.6008620262145996, 4.174878120422363, -0.4162800908088684, 0.6430855393409729, 4.1699676513671875, 1.574748158454895, 3.3430633544921875, 1.7842915058135986, -0.18437989056110382, -0.8089208006858826, -1.8119529485702515, -0.11417832225561142, -1.0316866636276245, 3.0984346866607666, 3.8364624977111816, 1.6057686805725098], [1.0064290761947632, -0.5832645893096924, -0.35350456833839417, 0.48288485407829285, -0.13069836795330048, 1.1490228176116943, 0.7340529561042786, -0.03642592579126358, -0.647571325302124, 1.1257606744766235, 1.3050742149353027, 2.7145743370056152, 1.5395665168762207, -1.3479708433151245, 1.567590594291687, -0.45443183183670044, -0.6326172351837158, -1.524124026298523, 2.3643012046813965, 1.6057686805725098, 1.2588680982589722]], "type": "heatmap"}], "layout": {"template": {"data": {"histogram2dcontour": [{"type": "histogram2dcontour", "colorbar": {"outlinewidth": 0, "ticks": ""}, "colorscale": [[0.0, "#0d0887"], [0.1111111111111111, "#46039f"], [0.2222222222222222, "#7201a8"], [0.3333333333333333, "#9c179e"], [0.4444444444444444, "#bd3786"], [0.5555555555555556, "#d8576b"], [0.6666666666666666, "#ed7953"], [0.7777777777777778, "#fb9f3a"], [0.8888888888888888, "#fdca26"], [1.0, "#f0f921"]]}], "choropleth": [{"type": "choropleth", "colorbar": {"outlinewidth": 0, "ticks": ""}}], "histogram2d": [{"type": "histogram2d", "colorbar": {"outlinewidth": 0, "ticks": ""}, "colorscale": [[0.0, "#0d0887"], [0.1111111111111111, "#46039f"], [0.2222222222222222, "#7201a8"], [0.3333333333333333, "#9c179e"], [0.4444444444444444, "#bd3786"], [0.5555555555555556, "#d8576b"], [0.6666666666666666, "#ed7953"], [0.7777777777777778, "#fb9f3a"], [0.8888888888888888, "#fdca26"], [1.0, "#f0f921"]]}], "heatmap": [{"type": "heatmap", "colorbar": {"outlinewidth": 0, "ticks": ""}, "colorscale": [[0.0, "#0d0887"], [0.1111111111111111, "#46039f"], [0.2222222222222222, "#7201a8"], [0.3333333333333333, "#9c179e"], [0.4444444444444444, "#bd3786"], [0.5555555555555556, "#d8576b"], [0.6666666666666666, "#ed7953"], [0.7777777777777778, "#fb9f3a"], [0.8888888888888888, "#fdca26"], [1.0, "#f0f921"]]}], "heatmapgl": [{"type": "heatmapgl", "colorbar": {"outlinewidth": 0, "ticks": ""}, "colorscale": [[0.0, "#0d0887"], [0.1111111111111111, "#46039f"], [0.2222222222222222, "#7201a8"], [0.3333333333333333, "#9c179e"], [0.4444444444444444, "#bd3786"], [0.5555555555555556, "#d8576b"], [0.6666666666666666, "#ed7953"], [0.7777777777777778, "#fb9f3a"], [0.8888888888888888, "#fdca26"], [1.0, "#f0f921"]]}], "contourcarpet": [{"type": "contourcarpet", "colorbar": {"outlinewidth": 0, "ticks": ""}}], "contour": [{"type": "contour", "colorbar": {"outlinewidth": 0, "ticks": ""}, "colorscale": [[0.0, "#0d0887"], [0.1111111111111111, "#46039f"], [0.2222222222222222, "#7201a8"], [0.3333333333333333, "#9c179e"], [0.4444444444444444, "#bd3786"], [0.5555555555555556, "#d8576b"], [0.6666666666666666, "#ed7953"], [0.7777777777777778, "#fb9f3a"], [0.8888888888888888, "#fdca26"], [1.0, "#f0f921"]]}], "surface": [{"type": "surface", "colorbar": {"outlinewidth": 0, "ticks": ""}, "colorscale": [[0.0, "#0d0887"], [0.1111111111111111, "#46039f"], [0.2222222222222222, "#7201a8"], [0.3333333333333333, "#9c179e"], [0.4444444444444444, "#bd3786"], [0.5555555555555556, "#d8576b"], [0.6666666666666666, "#ed7953"], [0.7777777777777778, "#fb9f3a"], [0.8888888888888888, "#fdca26"], [1.0, "#f0f921"]]}], "mesh3d": [{"type": "mesh3d", "colorbar": {"outlinewidth": 0, "ticks": ""}}], "scatter": [{"fillpattern": {"fillmode": "overlay", "size": 10, "solidity": 0.2}, "type": "scatter"}], "parcoords": [{"type": "parcoords", "line": {"colorbar": {"outlinewidth": 0, "ticks": ""}}}], "scatterpolargl": [{"type": "scatterpolargl", "marker": {"colorbar": {"outlinewidth": 0, "ticks": ""}}}], "bar": [{"error_x": {"color": "#2a3f5f"}, "error_y": {"color": "#2a3f5f"}, "marker": {"line": {"color": "#E5ECF6", "width": 0.5}, "pattern": {"fillmode": "overlay", "size": 10, "solidity": 0.2}}, "type": "bar"}], "scattergeo": [{"type": "scattergeo", "marker": {"colorbar": {"outlinewidth": 0, "ticks": ""}}}], "scatterpolar": [{"type": "scatterpolar", "marker": {"colorbar": {"outlinewidth": 0, "ticks": ""}}}], "histogram": [{"marker": {"pattern": {"fillmode": "overlay", "size": 10, "solidity": 0.2}}, "type": "histogram"}], "scattergl": [{"type": "scattergl", "marker": {"colorbar": {"outlinewidth": 0, "ticks": ""}}}], "scatter3d": [{"type": "scatter3d", "line": {"colorbar": {"outlinewidth": 0, "ticks": ""}}, "marker": {"colorbar": {"outlinewidth": 0, "ticks": ""}}}], "scattermapbox": [{"type": "scattermapbox", "marker": {"colorbar": {"outlinewidth": 0, "ticks": ""}}}], "scatterternary": [{"type": "scatterternary", "marker": {"colorbar": {"outlinewidth": 0, "ticks": ""}}}], "scattercarpet": [{"type": "scattercarpet", "marker": {"colorbar": {"outlinewidth": 0, "ticks": ""}}}], "carpet": [{"aaxis": {"endlinecolor": "#2a3f5f", "gridcolor": "white", "linecolor": "white", "minorgridcolor": "white", "startlinecolor": "#2a3f5f"}, "baxis": {"endlinecolor": "#2a3f5f", "gridcolor": "white", "linecolor": "white", "minorgridcolor": "white", "startlinecolor": "#2a3f5f"}, "type": "carpet"}], "table": [{"cells": {"fill": {"color": "#EBF0F8"}, "line": {"color": "white"}}, "header": {"fill": {"color": "#C8D4E3"}, "line": {"color": "white"}}, "type": "table"}], "barpolar": [{"marker": {"line": {"color": "#E5ECF6", "width": 0.5}, "pattern": {"fillmode": "overlay", "size": 10, "solidity": 0.2}}, "type": "barpolar"}], "pie": [{"automargin": true, "type": "pie"}]}, "layout": {"autotypenumbers": "strict", "colorway": ["#636efa", "#EF553B", "#00cc96", "#ab63fa", "#FFA15A", "#19d3f3", "#FF6692", "#B6E880", "#FF97FF", "#FECB52"], "font": {"color": "#2a3f5f"}, "hovermode": "closest", "hoverlabel": {"align": "left"}, "paper_bgcolor": "white", "plot_bgcolor": "#E5ECF6", "polar": {"bgcolor": "#E5ECF6", "angularaxis": {"gridcolor": "white", "linecolor": "white", "ticks": ""}, "radialaxis": {"gridcolor": "white", "linecolor": "white", "ticks": ""}}, "ternary": {"bgcolor": "#E5ECF6", "aaxis": {"gridcolor": "white", "linecolor": "white", "ticks": ""}, "baxis": {"gridcolor": "white", "linecolor": "white", "ticks": ""}, "caxis": {"gridcolor": "white", "linecolor": "white", "ticks": ""}}, "coloraxis": {"colorbar": {"outlinewidth": 0, "ticks": ""}}, "colorscale": {"sequential": [[0.0, "#0d0887"], [0.1111111111111111, "#46039f"], [0.2222222222222222, "#7201a8"], [0.3333333333333333, "#9c179e"], [0.4444444444444444, "#bd3786"], [0.5555555555555556, "#d8576b"], [0.6666666666666666, "#ed7953"], [0.7777777777777778, "#fb9f3a"], [0.8888888888888888, "#fdca26"], [1.0, "#f0f921"]], "sequentialminus": [[0.0, "#0d0887"], [0.1111111111111111, "#46039f"], [0.2222222222222222, "#7201a8"], [0.3333333333333333, "#9c179e"], [0.4444444444444444, "#bd3786"], [0.5555555555555556, "#d8576b"], [0.6666666666666666, "#ed7953"], [0.7777777777777778, "#fb9f3a"], [0.8888888888888888, "#fdca26"], [1.0, "#f0f921"]], "diverging": [[0, "#8e0152"], [0.1, "#c51b7d"], [0.2, "#de77ae"], [0.3, "#f1b6da"], [0.4, "#fde0ef"], [0.5, "#f7f7f7"], [0.6, "#e6f5d0"], [0.7, "#b8e186"], [0.8, "#7fbc41"], [0.9, "#4d9221"], [1, "#276419"]]}, "xaxis": {"gridcolor": "white", "linecolor": "white", "ticks": "", "title": {"standoff": 15}, "zerolinecolor": "white", "automargin": true, "zerolinewidth": 2}, "yaxis": {"gridcolor": "white", "linecolor": "white", "ticks": "", "title": {"standoff": 15}, "zerolinecolor": "white", "automargin": true, "zerolinewidth": 2}, "scene": {"xaxis": {"backgroundcolor": "#E5ECF6", "gridcolor": "white", "linecolor": "white", "showbackground": true, "ticks": "", "zerolinecolor": "white", "gridwidth": 2}, "yaxis": {"backgroundcolor": "#E5ECF6", "gridcolor": "white", "linecolor": "white", "showbackground": true, "ticks": "", "zerolinecolor": "white", "gridwidth": 2}, "zaxis": {"backgroundcolor": "#E5ECF6", "gridcolor": "white", "linecolor": "white", "showbackground": true, "ticks": "", "zerolinecolor": "white", "gridwidth": 2}}, "shapedefaults": {"line": {"color": "#2a3f5f"}}, "annotationdefaults": {"arrowcolor": "#2a3f5f", "arrowhead": 0, "arrowwidth": 1}, "geo": {"bgcolor": "white", "landcolor": "#E5ECF6", "subunitcolor": "white", "showland": true, "showlakes": true, "lakecolor": "white"}, "title": {"x": 0.05}, "mapbox": {"style": "light"}}}}}