{"data": [{"z": [[2.625138282775879, -0.3399943709373474, -0.89072185754776, 0.1965067833662033, 0.2269565910100937, 3.0939459800720215, -1.06020188331604, -0.5586826205253601, -1.3950645923614502, 1.1904046535491943, 1.0339854955673218, 2.7282068729400635, 2.189898729324341, -1.9870105981826782, 3.071789503097534, -1.8885701894760132, -1.716453194618225, -2.2871205806732178, 1.7957631349563599, 1.0789448022842407, 1.1771830320358276], [-0.3399943709373474, 1.692699909210205, -0.384653776884079, -1.1779484748840332, 0.39760035276412964, 1.1983121633529663, -2.7402396202087402, -0.4367808699607849, 1.4371013641357422, -1.5853382349014282, -0.002824300667271018, -0.1316821426153183, -0.055395130068063736, 0.4001743793487549, 1.3404560089111328, 1.3562843799591064, -1.3992105722427368, 0.4362053871154785, -0.5233371257781982, -1.0969326496124268, -0.422972708940506], [-0.89072185754776, -0.384653776884079, 0.752382218837738, 1.633793830871582, 0.7453466653823853, -0.5274686813354492, 2.1367015838623047, 0.1599166989326477, 0.8209978342056274, 1.1124765872955322, -0.2324223667383194, -0.6752995252609253, -0.5595737099647522, 1.1954394578933716, -2.1550962924957275, -0.06112104654312134, 1.0648441314697266, 1.0122005939483643, -0.34566256403923035, 0.7130794525146484, -0.1984177678823471], [0.1965067833662033, -1.1779484748840332, 1.633793830871582, 7.046586990356445, 4.221920490264893, 3.7975142002105713, 5.887543678283691, -0.6629059314727783, 2.3679423332214355, 6.016636371612549, 0.3577459454536438, 0.9218024015426636, 0.8884580135345459, 2.5251333713531494, -3.998774528503418, -2.923556327819824, 0.9577018618583679, 1.17658269405365, 0.5851244926452637, 4.060196399688721, 0.5475346446037292], [0.2269565910100937, 0.39760035276412964, 0.7453466653823853, 4.221920490264893, 3.506039619445801, 4.111387252807617, 1.8081001043319702, -1.0177563428878784, 2.6204161643981934, 3.2337076663970947, 0.029193075373768806, 0.3227706551551819, 0.6024908423423767, 2.0461959838867188, -1.7839114665985107, -1.6551756858825684, -0.6069619655609131, 1.0484697818756104, -0.3120768964290619, 1.9086027145385742, -0.05557140335440636], [3.0939459800720215, 1.1983121633529663, -0.5274686813354492, 3.7975142002105713, 4.111387252807617, 8.735611915588379, -1.1415863037109375, -1.9336601495742798, 2.092139720916748, 3.6992411613464355, 1.496768832206726, 3.8733632564544678, 3.3661465644836426, -0.05479441583156586, 2.92584228515625, -2.772850513458252, -3.632831573486328, -1.4140068292617798, 1.8180413246154785, 2.7159934043884277, 1.2280702590942383], [-1.06020188331604, -2.7402396202087402, 2.1367015838623047, 5.887543678283691, 1.8081001043319702, -1.1415863037109375, 8.356578826904297, 0.732114315032959, 0.5134943723678589, 5.260677337646484, 0.251537948846817, 0.16147294640541077, -0.2012619823217392, 1.9969103336334229, -5.6061296463012695, -1.8510280847549438, 3.501270294189453, 1.2984230518341064, 0.9795734286308289, 3.9410219192504883, 0.6835994720458984], [-0.5586826205253601, -0.4367808699607849, 0.1599166989326477, -0.6629059314727783, -1.0177563428878784, -1.9336601495742798, 0.732114315032959, 0.5740899443626404, -0.6081395149230957, -0.5156900882720947, 0.08236906677484512, -0.12132509052753448, -0.3599528968334198, -0.24955691397190094, -0.3641553223133087, 0.7373444437980652, 0.8783033490180969, 0.03513485938310623, 0.29963675141334534, -0.08765003085136414, 0.10303670912981033], [-1.3950645923614502, 1.4371013641357422, 0.8209978342056274, 2.3679423332214355, 2.6204161643981934, 2.092139720916748, 0.5134943723678589, -0.6081395149230957, 3.5025744438171387, 0.9324105381965637, -0.2251405268907547, -0.7711790800094604, -0.4950091540813446, 2.6458089351654053, -1.908089280128479, 0.7938070297241211, -0.34874340891838074, 2.0891242027282715, -1.0045982599258423, 0.5007296204566956, -0.6673773527145386], [1.1904046535491943, -1.5853382349014282, 1.1124765872955322, 6.016636371612549, 3.2337076663970947, 3.6992411613464355, 5.260677337646484, -0.5156900882720947, 0.9324105381965637, 5.7139058113098145, 0.840363085269928, 2.0514252185821533, 1.6445419788360596, 1.0780723094940186, -2.332584857940674, -3.234884023666382, 0.5940878391265869, -0.10101538896560669, 1.5626705884933472, 4.113807201385498, 1.1311979293823242], [1.0339854955673218, -0.002824300667271018, -0.2324223667383194, 0.3577459454536438, 0.029193075373768806, 1.496768832206726, 0.251537948846817, 0.08236906677484512, -0.2251405268907547, 0.840363085269928, 1.5530847311019897, 2.9881556034088135, 1.808213233947754, -1.141196370124817, 2.1487905979156494, 0.23477698862552643, -0.7944479584693909, -1.3069339990615845, 2.448997735977173, 1.5614339113235474, 1.3250503540039062], [2.7282068729400635, -0.1316821426153183, -0.6752995252609253, 0.9218024015426636, 0.3227706551551819, 3.8733632564544678, 0.16147294640541077, -0.12132509052753448, -0.7711790800094604, 2.0514252185821533, 2.9881556034088135, 6.041436195373535, 3.8792665004730225, -2.544313907623291, 4.6281962394714355, -0.4212425947189331, -1.9863144159317017, -2.989631175994873, 4.760526180267334, 3.1373870372772217, 2.660555601119995], [2.189898729324341, -0.055395130068063736, -0.5595737099647522, 0.8884580135345459, 0.6024908423423767, 3.3661465644836426, -0.2012619823217392, -0.3599528968334198, -0.4950091540813446, 1.6445419788360596, 1.808213233947754, 3.8792665004730225, 2.671250104904175, -1.664831280708313, 3.145836591720581, -0.9126042127609253, -1.6525431871414185, -2.0789759159088135, 2.8680226802825928, 2.034982204437256, 1.664001703262329], [-1.9870105981826782, 0.4001743793487549, 1.1954394578933716, 2.5251333713531494, 2.0461959838867188, -0.05479441583156586, 1.9969103336334229, -0.24955691397190094, 2.6458089351654053, 1.0780723094940186, -1.141196370124817, -2.544313907623291, -1.664831280708313, 3.0097641944885254, -3.9888927936553955, 0.14655904471874237, 1.1312096118927002, 2.6296191215515137, -2.1162595748901367, 0.08681841194629669, -1.2110942602157593], [3.071789503097534, 1.3404560089111328, -2.1550962924957275, -3.998774528503418, -1.7839114665985107, 2.92584228515625, -5.6061296463012695, -0.3641553223133087, -1.908089280128479, -2.332584857940674, 2.1487905979156494, 4.6281962394714355, 3.145836591720581, -3.9888927936553955, 7.749835968017578, 0.8225461840629578, -3.683467388153076, -3.6720292568206787, 3.2167365550994873, -0.45490023493766785, 1.7250211238861084], [-1.8885701894760132, 1.3562843799591064, -0.06112104654312134, -2.923556327819824, -1.6551756858825684, -2.772850513458252, -1.8510280847549438, 0.7373444437980652, 0.7938070297241211, -3.234884023666382, 0.23477698862552643, -0.4212425947189331, -0.9126042127609253, 0.14655904471874237, 0.8225461840629578, 3.6704413890838623, 0.16885536909103394, 0.8173067569732666, 0.020243026316165924, -1.5668962001800537, -0.3298976719379425], [-1.716453194618225, -1.3992105722427368, 1.0648441314697266, 0.9577018618583679, -0.6069619655609131, -3.632831573486328, 3.501270294189453, 0.8783033490180969, -0.34874340891838074, 0.5940878391265869, -0.7944479584693909, -1.9863144159317017, -1.6525431871414185, 1.1312096118927002, -3.683467388153076, 0.16885536909103394, 2.7176427841186523, 1.3407093286514282, -0.8690276741981506, 0.22299987077713013, -0.4952797293663025], [-2.2871205806732178, 0.4362053871154785, 1.0122005939483643, 1.17658269405365, 1.0484697818756104, -1.4140068292617798, 1.2984230518341064, 0.03513485938310623, 2.0891242027282715, -0.10101538896560669, -1.3069339990615845, -2.989631175994873, -2.0789759159088135, 2.6296191215515137, -3.6720292568206787, 0.8173067569732666, 1.3407093286514282, 2.567991018295288, -2.3234639167785645, -0.7117686867713928, -1.3779176473617554], [1.7957631349563599, -0.5233371257781982, -0.34566256403923035, 0.5851244926452637, -0.3120768964290619, 1.8180413246154785, 0.9795734286308289, 0.29963675141334534, -1.0045982599258423, 1.5626705884933472, 2.448997735977173, 4.760526180267334, 2.8680226802825928, -2.1162595748901367, 3.2167365550994873, 0.020243026316165924, -0.8690276741981506, -2.3234639167785645, 4.040742874145508, 2.633803367614746, 2.226327657699585], [1.0789448022842407, -1.0969326496124268, 0.7130794525146484, 4.060196399688721, 1.9086027145385742, 2.7159934043884277, 3.9410219192504883, -0.08765003085136414, 0.5007296204566956, 4.113807201385498, 1.5614339113235474, 3.1373870372772217, 2.034982204437256, 0.08681841194629669, -0.45490023493766785, -1.5668962001800537, 0.22299987077713013, -0.7117686867713928, 2.633803367614746, 3.684295892715454, 1.5747469663619995], [1.1771830320358276, -0.422972708940506, -0.1984177678823471, 0.5475346446037292, -0.05557140335440636, 1.2280702590942383, 0.6835994720458984, 0.10303670912981033, -0.6673773527145386, 1.1311979293823242, 1.3250503540039062, 2.660555601119995, 1.664001703262329, -1.2110942602157593, 1.7250211238861084, -0.3298976719379425, -0.4952797293663025, -1.3779176473617554, 2.226327657699585, 1.5747469663619995, 1.2588680982589722]], "type": "heatmap"}], "layout": {"template": {"data": {"histogram2dcontour": [{"type": "histogram2dcontour", "colorbar": {"outlinewidth": 0, "ticks": ""}, "colorscale": [[0.0, "#0d0887"], [0.1111111111111111, "#46039f"], [0.2222222222222222, "#7201a8"], [0.3333333333333333, "#9c179e"], [0.4444444444444444, "#bd3786"], [0.5555555555555556, "#d8576b"], [0.6666666666666666, "#ed7953"], [0.7777777777777778, "#fb9f3a"], [0.8888888888888888, "#fdca26"], [1.0, "#f0f921"]]}], "choropleth": [{"type": "choropleth", "colorbar": {"outlinewidth": 0, "ticks": ""}}], "histogram2d": [{"type": "histogram2d", "colorbar": {"outlinewidth": 0, "ticks": ""}, "colorscale": [[0.0, "#0d0887"], [0.1111111111111111, "#46039f"], [0.2222222222222222, "#7201a8"], [0.3333333333333333, "#9c179e"], [0.4444444444444444, "#bd3786"], [0.5555555555555556, "#d8576b"], [0.6666666666666666, "#ed7953"], [0.7777777777777778, "#fb9f3a"], [0.8888888888888888, "#fdca26"], [1.0, "#f0f921"]]}], "heatmap": [{"type": "heatmap", "colorbar": {"outlinewidth": 0, "ticks": ""}, "colorscale": [[0.0, "#0d0887"], [0.1111111111111111, "#46039f"], [0.2222222222222222, "#7201a8"], [0.3333333333333333, "#9c179e"], [0.4444444444444444, "#bd3786"], [0.5555555555555556, "#d8576b"], [0.6666666666666666, "#ed7953"], [0.7777777777777778, "#fb9f3a"], [0.8888888888888888, "#fdca26"], [1.0, "#f0f921"]]}], "heatmapgl": [{"type": "heatmapgl", "colorbar": {"outlinewidth": 0, "ticks": ""}, "colorscale": [[0.0, "#0d0887"], [0.1111111111111111, "#46039f"], [0.2222222222222222, "#7201a8"], [0.3333333333333333, "#9c179e"], [0.4444444444444444, "#bd3786"], [0.5555555555555556, "#d8576b"], [0.6666666666666666, "#ed7953"], [0.7777777777777778, "#fb9f3a"], [0.8888888888888888, "#fdca26"], [1.0, "#f0f921"]]}], "contourcarpet": [{"type": "contourcarpet", "colorbar": {"outlinewidth": 0, "ticks": ""}}], "contour": [{"type": "contour", "colorbar": {"outlinewidth": 0, "ticks": ""}, "colorscale": [[0.0, "#0d0887"], [0.1111111111111111, "#46039f"], [0.2222222222222222, "#7201a8"], [0.3333333333333333, "#9c179e"], [0.4444444444444444, "#bd3786"], [0.5555555555555556, "#d8576b"], [0.6666666666666666, "#ed7953"], [0.7777777777777778, "#fb9f3a"], [0.8888888888888888, "#fdca26"], [1.0, "#f0f921"]]}], "surface": [{"type": "surface", "colorbar": {"outlinewidth": 0, "ticks": ""}, "colorscale": [[0.0, "#0d0887"], [0.1111111111111111, "#46039f"], [0.2222222222222222, "#7201a8"], [0.3333333333333333, "#9c179e"], [0.4444444444444444, "#bd3786"], [0.5555555555555556, "#d8576b"], [0.6666666666666666, "#ed7953"], [0.7777777777777778, "#fb9f3a"], [0.8888888888888888, "#fdca26"], [1.0, "#f0f921"]]}], "mesh3d": [{"type": "mesh3d", "colorbar": {"outlinewidth": 0, "ticks": ""}}], "scatter": [{"fillpattern": {"fillmode": "overlay", "size": 10, "solidity": 0.2}, "type": "scatter"}], "parcoords": [{"type": "parcoords", "line": {"colorbar": {"outlinewidth": 0, "ticks": ""}}}], "scatterpolargl": [{"type": "scatterpolargl", "marker": {"colorbar": {"outlinewidth": 0, "ticks": ""}}}], "bar": [{"error_x": {"color": "#2a3f5f"}, "error_y": {"color": "#2a3f5f"}, "marker": {"line": {"color": "#E5ECF6", "width": 0.5}, "pattern": {"fillmode": "overlay", "size": 10, "solidity": 0.2}}, "type": "bar"}], "scattergeo": [{"type": "scattergeo", "marker": {"colorbar": {"outlinewidth": 0, "ticks": ""}}}], "scatterpolar": [{"type": "scatterpolar", "marker": {"colorbar": {"outlinewidth": 0, "ticks": ""}}}], "histogram": [{"marker": {"pattern": {"fillmode": "overlay", "size": 10, "solidity": 0.2}}, "type": "histogram"}], "scattergl": [{"type": "scattergl", "marker": {"colorbar": {"outlinewidth": 0, "ticks": ""}}}], "scatter3d": [{"type": "scatter3d", "line": {"colorbar": {"outlinewidth": 0, "ticks": ""}}, "marker": {"colorbar": {"outlinewidth": 0, "ticks": ""}}}], "scattermapbox": [{"type": "scattermapbox", "marker": {"colorbar": {"outlinewidth": 0, "ticks": ""}}}], "scatterternary": [{"type": "scatterternary", "marker": {"colorbar": {"outlinewidth": 0, "ticks": ""}}}], "scattercarpet": [{"type": "scattercarpet", "marker": {"colorbar": {"outlinewidth": 0, "ticks": ""}}}], "carpet": [{"aaxis": {"endlinecolor": "#2a3f5f", "gridcolor": "white", "linecolor": "white", "minorgridcolor": "white", "startlinecolor": "#2a3f5f"}, "baxis": {"endlinecolor": "#2a3f5f", "gridcolor": "white", "linecolor": "white", "minorgridcolor": "white", "startlinecolor": "#2a3f5f"}, "type": "carpet"}], "table": [{"cells": {"fill": {"color": "#EBF0F8"}, "line": {"color": "white"}}, "header": {"fill": {"color": "#C8D4E3"}, "line": {"color": "white"}}, "type": "table"}], "barpolar": [{"marker": {"line": {"color": "#E5ECF6", "width": 0.5}, "pattern": {"fillmode": "overlay", "size": 10, "solidity": 0.2}}, "type": "barpolar"}], "pie": [{"automargin": true, "type": "pie"}]}, "layout": {"autotypenumbers": "strict", "colorway": ["#636efa", "#EF553B", "#00cc96", "#ab63fa", "#FFA15A", "#19d3f3", "#FF6692", "#B6E880", "#FF97FF", "#FECB52"], "font": {"color": "#2a3f5f"}, "hovermode": "closest", "hoverlabel": {"align": "left"}, "paper_bgcolor": "white", "plot_bgcolor": "#E5ECF6", "polar": {"bgcolor": "#E5ECF6", "angularaxis": {"gridcolor": "white", "linecolor": "white", "ticks": ""}, "radialaxis": {"gridcolor": "white", "linecolor": "white", "ticks": ""}}, "ternary": {"bgcolor": "#E5ECF6", "aaxis": {"gridcolor": "white", "linecolor": "white", "ticks": ""}, "baxis": {"gridcolor": "white", "linecolor": "white", "ticks": ""}, "caxis": {"gridcolor": "white", "linecolor": "white", "ticks": ""}}, "coloraxis": {"colorbar": {"outlinewidth": 0, "ticks": ""}}, "colorscale": {"sequential": [[0.0, "#0d0887"], [0.1111111111111111, "#46039f"], [0.2222222222222222, "#7201a8"], [0.3333333333333333, "#9c179e"], [0.4444444444444444, "#bd3786"], [0.5555555555555556, "#d8576b"], [0.6666666666666666, "#ed7953"], [0.7777777777777778, "#fb9f3a"], [0.8888888888888888, "#fdca26"], [1.0, "#f0f921"]], "sequentialminus": [[0.0, "#0d0887"], [0.1111111111111111, "#46039f"], [0.2222222222222222, "#7201a8"], [0.3333333333333333, "#9c179e"], [0.4444444444444444, "#bd3786"], [0.5555555555555556, "#d8576b"], [0.6666666666666666, "#ed7953"], [0.7777777777777778, "#fb9f3a"], [0.8888888888888888, "#fdca26"], [1.0, "#f0f921"]], "diverging": [[0, "#8e0152"], [0.1, "#c51b7d"], [0.2, "#de77ae"], [0.3, "#f1b6da"], [0.4, "#fde0ef"], [0.5, "#f7f7f7"], [0.6, "#e6f5d0"], [0.7, "#b8e186"], [0.8, "#7fbc41"], [0.9, "#4d9221"], [1, "#276419"]]}, "xaxis": {"gridcolor": "white", "linecolor": "white", "ticks": "", "title": {"standoff": 15}, "zerolinecolor": "white", "automargin": true, "zerolinewidth": 2}, "yaxis": {"gridcolor": "white", "linecolor": "white", "ticks": "", "title": {"standoff": 15}, "zerolinecolor": "white", "automargin": true, "zerolinewidth": 2}, "scene": {"xaxis": {"backgroundcolor": "#E5ECF6", "gridcolor": "white", "linecolor": "white", "showbackground": true, "ticks": "", "zerolinecolor": "white", "gridwidth": 2}, "yaxis": {"backgroundcolor": "#E5ECF6", "gridcolor": "white", "linecolor": "white", "showbackground": true, "ticks": "", "zerolinecolor": "white", "gridwidth": 2}, "zaxis": {"backgroundcolor": "#E5ECF6", "gridcolor": "white", "linecolor": "white", "showbackground": true, "ticks": "", "zerolinecolor": "white", "gridwidth": 2}}, "shapedefaults": {"line": {"color": "#2a3f5f"}}, "annotationdefaults": {"arrowcolor": "#2a3f5f", "arrowhead": 0, "arrowwidth": 1}, "geo": {"bgcolor": "white", "landcolor": "#E5ECF6", "subunitcolor": "white", "showland": true, "showlakes": true, "lakecolor": "white"}, "title": {"x": 0.05}, "mapbox": {"style": "light"}}}}}