{"data": [{"z": [[2.7128989696502686, -0.3831663727760315, -0.8972328305244446, 0.01798258163034916, 0.07382181286811829, 2.935849905014038, -1.3633626699447632, -0.48426705598831177, -1.6789723634719849, 1.0129740238189697, 0.8080000281333923, 2.4699795246124268, 2.1262576580047607, -2.0358479022979736, 3.1040754318237305, -1.939360499382019, -1.6045944690704346, -2.2562878131866455, 1.436347484588623, 0.8310639262199402, 1.0808533430099487], [-0.3831663727760315, 1.6536766290664673, -0.4626399576663971, -1.3917193412780762, 0.2715264558792114, 0.9895167350769043, -2.772984504699707, -0.4852887988090515, 1.3637783527374268, -1.730934500694275, -0.0590793676674366, -0.3251522481441498, -0.22150807082653046, 0.33798184990882874, 1.2761212587356567, 1.2700870037078857, -1.4220789670944214, 0.3924946188926697, -0.5749751329421997, -1.2654237747192383, -0.5095208287239075], [-0.8972328305244446, -0.4626399576663971, 0.6744908690452576, 1.4318060874938965, 0.6037622094154358, -0.7204041481018066, 2.032252311706543, 0.1355556845664978, 0.6674262881278992, 0.9729188680648804, -0.35022270679473877, -0.870262086391449, -0.6977989673614502, 1.1092830896377563, -2.2054362297058105, -0.169638991355896, 1.0723953247070312, 0.9610435366630554, -0.4650108218193054, 0.5388494729995728, -0.28218337893486023], [0.01798258163034916, -1.3917193412780762, 1.4318060874938965, 6.93791389465332, 4.132258415222168, 3.678194046020508, 5.935610294342041, -0.8231117725372314, 2.419872283935547, 6.020228385925293, 0.3397693336009979, 1.0162984132766724, 0.7219022512435913, 2.345146417617798, -4.1876540184021, -3.101426362991333, 0.8106486201286316, 0.9850162863731384, 0.7639877200126648, 4.119735240936279, 0.5283849835395813], [0.07382181286811829, 0.2715264558792114, 0.6037622094154358, 4.132258415222168, 3.4506494998931885, 4.006838321685791, 1.886702537536621, -1.1460267305374146, 2.703029155731201, 3.228093147277832, 0.0409705825150013, 0.375013530254364, 0.45800459384918213, 1.9389307498931885, -1.9345735311508179, -1.7675954103469849, -0.7258937954902649, 0.9233940839767456, -0.14387771487236023, 1.9443354606628418, -0.07725204527378082], [2.935849905014038, 0.9895167350769043, -0.7204041481018066, 3.678194046020508, 4.006838321685791, 8.59873104095459, -1.109354853630066, -2.0834808349609375, 2.1171042919158936, 3.694204807281494, 1.4756801128387451, 3.945556879043579, 3.197227716445923, -0.23554004728794098, 2.7470180988311768, -2.961618423461914, -3.7636098861694336, -1.5994625091552734, 1.954688549041748, 2.7511942386627197, 1.2014738321304321], [-1.3633626699447632, -2.772984504699707, 2.032252311706543, 5.935610294342041, 1.886702537536621, -1.109354853630066, 8.444456100463867, 0.598487913608551, 0.8781011700630188, 5.289536952972412, 0.3448724150657654, 0.37225478887557983, -0.29918602108955383, 2.0064897537231445, -5.792884349822998, -1.7512141466140747, 3.3381617069244385, 1.2685800790786743, 1.2148033380508423, 4.113053798675537, 0.6986703276634216], [-0.48426705598831177, -0.4852887988090515, 0.1355556845664978, -0.8231117725372314, -1.1460267305374146, -2.0834808349609375, 0.598487913608551, 0.6042972803115845, -0.8245981335639954, -0.6397058963775635, -0.0413176491856575, -0.3294025957584381, -0.4304760992527008, -0.3107128143310547, -0.3496454656124115, 0.6481853127479553, 0.9405718445777893, 0.01811917871236801, 0.10446223616600037, -0.26912590861320496, 0.03412390500307083], [-1.6789723634719849, 1.3637783527374268, 0.6674262881278992, 2.419872283935547, 2.703029155731201, 2.1171042919158936, 0.8781011700630188, -0.8245981335639954, 3.91119647026062, 1.0668617486953735, 0.032120686024427414, -0.4570401608943939, -0.6042147278785706, 2.5826494693756104, -2.1005899906158447, 0.7604805827140808, -0.6017012596130371, 1.9314988851547241, -0.473893404006958, 0.7726833820343018, -0.6014873385429382], [1.0129740238189697, -1.730934500694275, 0.9729188680648804, 6.020228385925293, 3.228093147277832, 3.694204807281494, 5.289536952972412, -0.6397058963775635, 1.0668617486953735, 5.762604236602783, 0.8479317426681519, 2.2151284217834473, 1.5566354990005493, 0.9766775965690613, -2.489006519317627, -3.3121285438537598, 0.4667016863822937, -0.2197120040655136, 1.715753436088562, 4.235239505767822, 1.1404879093170166], [0.8080000281333923, -0.0590793676674366, -0.35022270679473877, 0.3397693336009979, 0.0409705825150013, 1.4756801128387451, 0.3448724150657654, -0.0413176491856575, 0.032120686024427414, 0.8479317426681519, 1.6742866039276123, 3.1716113090515137, 1.715416669845581, -1.1950407028198242, 2.020298480987549, 0.2665136158466339, -0.9468234777450562, -1.390764832496643, 2.6667916774749756, 1.6913024187088013, 1.3444157838821411], [2.4699795246124268, -0.3251522481441498, -0.870262086391449, 1.0162984132766724, 0.375013530254364, 3.945556879043579, 0.37225478887557983, -0.3294025957584381, -0.4570401608943939, 2.2151284217834473, 3.1716113090515137, 6.415303707122803, 3.805075168609619, -2.6885581016540527, 4.41779899597168, -0.53406822681427, -2.2193403244018555, -3.1972765922546387, 5.120967864990234, 3.441516160964966, 2.7344889640808105], [2.1262576580047607, -0.22150807082653046, -0.6977989673614502, 0.7219022512435913, 0.45800459384918213, 3.197227716445923, -0.29918602108955383, -0.4304760992527008, -0.6042147278785706, 1.5566354990005493, 1.715416669845581, 3.805075168609619, 2.5264835357666016, -1.8162981271743774, 3.039214849472046, -1.0718731880187988, -1.6929938793182373, -2.1995999813079834, 2.7903847694396973, 1.9490242004394531, 1.6040631532669067], [-2.0358479022979736, 0.33798184990882874, 1.1092830896377563, 2.345146417617798, 1.9389307498931885, -0.23554004728794098, 2.0064897537231445, -0.3107128143310547, 2.5826494693756104, 0.9766775965690613, -1.1950407028198242, -2.6885581016540527, -1.8162981271743774, 2.937098264694214, -4.0653886795043945, 0.04332679510116577, 1.0944905281066895, 2.564462661743164, -2.0954599380493164, -0.034006353467702866, -1.2786242961883545], [3.1040754318237305, 1.2761212587356567, -2.2054362297058105, -4.1876540184021, -1.9345735311508179, 2.7470180988311768, -5.792884349822998, -0.3496454656124115, -2.1005899906158447, -2.489006519317627, 2.020298480987549, 4.41779899597168, 3.039214849472046, -4.0653886795043945, 7.7347235679626465, 0.7336222529411316, -3.635270357131958, -3.693627119064331, 2.9656293392181396, -0.6538069248199463, 1.6380891799926758], [-1.939360499382019, 1.2700870037078857, -0.169638991355896, -3.101426362991333, -1.7675954103469849, -2.961618423461914, -1.7512141466140747, 0.6481853127479553, 0.7604805827140808, -3.3121285438537598, 0.2665136158466339, -0.53406822681427, -1.0718731880187988, 0.04332679510116577, 0.7336222529411316, 3.5221378803253174, 0.10406474769115448, 0.7063221335411072, 0.08876928687095642, -1.6493867635726929, -0.3814554214477539], [-1.6045944690704346, -1.4220789670944214, 1.0723953247070312, 0.8106486201286316, -0.7258937954902649, -3.7636098861694336, 3.3381617069244385, 0.9405718445777893, -0.6017012596130371, 0.4667016863822937, -0.9468234777450562, -2.2193403244018555, -1.6929938793182373, 1.0944905281066895, -3.635270357131958, 0.10406474769115448, 2.8116095066070557, 1.3543528318405151, -1.0991822481155396, 0.022787079215049744, -0.563589870929718], [-2.2562878131866455, 0.3924946188926697, 0.9610435366630554, 0.9850162863731384, 0.9233940839767456, -1.5994625091552734, 1.2685800790786743, 0.01811917871236801, 1.9314988851547241, -0.2197120040655136, -1.390764832496643, -3.1972765922546387, -2.1995999813079834, 2.564462661743164, -3.693627119064331, 0.7063221335411072, 1.3543528318405151, 2.5238447189331055, -2.384119749069214, -0.8839769959449768, -1.451215147972107], [1.436347484588623, -0.5749751329421997, -0.4650108218193054, 0.7639877200126648, -0.14387771487236023, 1.954688549041748, 1.2148033380508423, 0.10446223616600037, -0.473893404006958, 1.715753436088562, 2.6667916774749756, 5.120967864990234, 2.7903847694396973, -2.0954599380493164, 2.9656293392181396, 0.08876928687095642, -1.0991822481155396, -2.384119749069214, 4.393726825714111, 2.957848072052002, 2.2847042083740234], [0.8310639262199402, -1.2654237747192383, 0.5388494729995728, 4.119735240936279, 1.9443354606628418, 2.7511942386627197, 4.113053798675537, -0.26912590861320496, 0.7726833820343018, 4.235239505767822, 1.6913024187088013, 3.441516160964966, 1.9490242004394531, -0.034006353467702866, -0.6538069248199463, -1.6493867635726929, 0.022787079215049744, -0.8839769959449768, 2.957848072052002, 3.9306843280792236, 1.6278715133666992], [1.0808533430099487, -0.5095208287239075, -0.28218337893486023, 0.5283849835395813, -0.07725204527378082, 1.2014738321304321, 0.6986703276634216, 0.03412390500307083, -0.6014873385429382, 1.1404879093170166, 1.3444157838821411, 2.7344889640808105, 1.6040631532669067, -1.2786242961883545, 1.6380891799926758, -0.3814554214477539, -0.563589870929718, -1.451215147972107, 2.2847042083740234, 1.6278715133666992, 1.2588680982589722]], "type": "heatmap"}], "layout": {"template": {"data": {"histogram2dcontour": [{"type": "histogram2dcontour", "colorbar": {"outlinewidth": 0, "ticks": ""}, "colorscale": [[0.0, "#0d0887"], [0.1111111111111111, "#46039f"], [0.2222222222222222, "#7201a8"], [0.3333333333333333, "#9c179e"], [0.4444444444444444, "#bd3786"], [0.5555555555555556, "#d8576b"], [0.6666666666666666, "#ed7953"], [0.7777777777777778, "#fb9f3a"], [0.8888888888888888, "#fdca26"], [1.0, "#f0f921"]]}], "choropleth": [{"type": "choropleth", "colorbar": {"outlinewidth": 0, "ticks": ""}}], "histogram2d": [{"type": "histogram2d", "colorbar": {"outlinewidth": 0, "ticks": ""}, "colorscale": [[0.0, "#0d0887"], [0.1111111111111111, "#46039f"], [0.2222222222222222, "#7201a8"], [0.3333333333333333, "#9c179e"], [0.4444444444444444, "#bd3786"], [0.5555555555555556, "#d8576b"], [0.6666666666666666, "#ed7953"], [0.7777777777777778, "#fb9f3a"], [0.8888888888888888, "#fdca26"], [1.0, "#f0f921"]]}], "heatmap": [{"type": "heatmap", "colorbar": {"outlinewidth": 0, "ticks": ""}, "colorscale": [[0.0, "#0d0887"], [0.1111111111111111, "#46039f"], [0.2222222222222222, "#7201a8"], [0.3333333333333333, "#9c179e"], [0.4444444444444444, "#bd3786"], [0.5555555555555556, "#d8576b"], [0.6666666666666666, "#ed7953"], [0.7777777777777778, "#fb9f3a"], [0.8888888888888888, "#fdca26"], [1.0, "#f0f921"]]}], "heatmapgl": [{"type": "heatmapgl", "colorbar": {"outlinewidth": 0, "ticks": ""}, "colorscale": [[0.0, "#0d0887"], [0.1111111111111111, "#46039f"], [0.2222222222222222, "#7201a8"], [0.3333333333333333, "#9c179e"], [0.4444444444444444, "#bd3786"], [0.5555555555555556, "#d8576b"], [0.6666666666666666, "#ed7953"], [0.7777777777777778, "#fb9f3a"], [0.8888888888888888, "#fdca26"], [1.0, "#f0f921"]]}], "contourcarpet": [{"type": "contourcarpet", "colorbar": {"outlinewidth": 0, "ticks": ""}}], "contour": [{"type": "contour", "colorbar": {"outlinewidth": 0, "ticks": ""}, "colorscale": [[0.0, "#0d0887"], [0.1111111111111111, "#46039f"], [0.2222222222222222, "#7201a8"], [0.3333333333333333, "#9c179e"], [0.4444444444444444, "#bd3786"], [0.5555555555555556, "#d8576b"], [0.6666666666666666, "#ed7953"], [0.7777777777777778, "#fb9f3a"], [0.8888888888888888, "#fdca26"], [1.0, "#f0f921"]]}], "surface": [{"type": "surface", "colorbar": {"outlinewidth": 0, "ticks": ""}, "colorscale": [[0.0, "#0d0887"], [0.1111111111111111, "#46039f"], [0.2222222222222222, "#7201a8"], [0.3333333333333333, "#9c179e"], [0.4444444444444444, "#bd3786"], [0.5555555555555556, "#d8576b"], [0.6666666666666666, "#ed7953"], [0.7777777777777778, "#fb9f3a"], [0.8888888888888888, "#fdca26"], [1.0, "#f0f921"]]}], "mesh3d": [{"type": "mesh3d", "colorbar": {"outlinewidth": 0, "ticks": ""}}], "scatter": [{"fillpattern": {"fillmode": "overlay", "size": 10, "solidity": 0.2}, "type": "scatter"}], "parcoords": [{"type": "parcoords", "line": {"colorbar": {"outlinewidth": 0, "ticks": ""}}}], "scatterpolargl": [{"type": "scatterpolargl", "marker": {"colorbar": {"outlinewidth": 0, "ticks": ""}}}], "bar": [{"error_x": {"color": "#2a3f5f"}, "error_y": {"color": "#2a3f5f"}, "marker": {"line": {"color": "#E5ECF6", "width": 0.5}, "pattern": {"fillmode": "overlay", "size": 10, "solidity": 0.2}}, "type": "bar"}], "scattergeo": [{"type": "scattergeo", "marker": {"colorbar": {"outlinewidth": 0, "ticks": ""}}}], "scatterpolar": [{"type": "scatterpolar", "marker": {"colorbar": {"outlinewidth": 0, "ticks": ""}}}], "histogram": [{"marker": {"pattern": {"fillmode": "overlay", "size": 10, "solidity": 0.2}}, "type": "histogram"}], "scattergl": [{"type": "scattergl", "marker": {"colorbar": {"outlinewidth": 0, "ticks": ""}}}], "scatter3d": [{"type": "scatter3d", "line": {"colorbar": {"outlinewidth": 0, "ticks": ""}}, "marker": {"colorbar": {"outlinewidth": 0, "ticks": ""}}}], "scattermapbox": [{"type": "scattermapbox", "marker": {"colorbar": {"outlinewidth": 0, "ticks": ""}}}], "scatterternary": [{"type": "scatterternary", "marker": {"colorbar": {"outlinewidth": 0, "ticks": ""}}}], "scattercarpet": [{"type": "scattercarpet", "marker": {"colorbar": {"outlinewidth": 0, "ticks": ""}}}], "carpet": [{"aaxis": {"endlinecolor": "#2a3f5f", "gridcolor": "white", "linecolor": "white", "minorgridcolor": "white", "startlinecolor": "#2a3f5f"}, "baxis": {"endlinecolor": "#2a3f5f", "gridcolor": "white", "linecolor": "white", "minorgridcolor": "white", "startlinecolor": "#2a3f5f"}, "type": "carpet"}], "table": [{"cells": {"fill": {"color": "#EBF0F8"}, "line": {"color": "white"}}, "header": {"fill": {"color": "#C8D4E3"}, "line": {"color": "white"}}, "type": "table"}], "barpolar": [{"marker": {"line": {"color": "#E5ECF6", "width": 0.5}, "pattern": {"fillmode": "overlay", "size": 10, "solidity": 0.2}}, "type": "barpolar"}], "pie": [{"automargin": true, "type": "pie"}]}, "layout": {"autotypenumbers": "strict", "colorway": ["#636efa", "#EF553B", "#00cc96", "#ab63fa", "#FFA15A", "#19d3f3", "#FF6692", "#B6E880", "#FF97FF", "#FECB52"], "font": {"color": "#2a3f5f"}, "hovermode": "closest", "hoverlabel": {"align": "left"}, "paper_bgcolor": "white", "plot_bgcolor": "#E5ECF6", "polar": {"bgcolor": "#E5ECF6", "angularaxis": {"gridcolor": "white", "linecolor": "white", "ticks": ""}, "radialaxis": {"gridcolor": "white", "linecolor": "white", "ticks": ""}}, "ternary": {"bgcolor": "#E5ECF6", "aaxis": {"gridcolor": "white", "linecolor": "white", "ticks": ""}, "baxis": {"gridcolor": "white", "linecolor": "white", "ticks": ""}, "caxis": {"gridcolor": "white", "linecolor": "white", "ticks": ""}}, "coloraxis": {"colorbar": {"outlinewidth": 0, "ticks": ""}}, "colorscale": {"sequential": [[0.0, "#0d0887"], [0.1111111111111111, "#46039f"], [0.2222222222222222, "#7201a8"], [0.3333333333333333, "#9c179e"], [0.4444444444444444, "#bd3786"], [0.5555555555555556, "#d8576b"], [0.6666666666666666, "#ed7953"], [0.7777777777777778, "#fb9f3a"], [0.8888888888888888, "#fdca26"], [1.0, "#f0f921"]], "sequentialminus": [[0.0, "#0d0887"], [0.1111111111111111, "#46039f"], [0.2222222222222222, "#7201a8"], [0.3333333333333333, "#9c179e"], [0.4444444444444444, "#bd3786"], [0.5555555555555556, "#d8576b"], [0.6666666666666666, "#ed7953"], [0.7777777777777778, "#fb9f3a"], [0.8888888888888888, "#fdca26"], [1.0, "#f0f921"]], "diverging": [[0, "#8e0152"], [0.1, "#c51b7d"], [0.2, "#de77ae"], [0.3, "#f1b6da"], [0.4, "#fde0ef"], [0.5, "#f7f7f7"], [0.6, "#e6f5d0"], [0.7, "#b8e186"], [0.8, "#7fbc41"], [0.9, "#4d9221"], [1, "#276419"]]}, "xaxis": {"gridcolor": "white", "linecolor": "white", "ticks": "", "title": {"standoff": 15}, "zerolinecolor": "white", "automargin": true, "zerolinewidth": 2}, "yaxis": {"gridcolor": "white", "linecolor": "white", "ticks": "", "title": {"standoff": 15}, "zerolinecolor": "white", "automargin": true, "zerolinewidth": 2}, "scene": {"xaxis": {"backgroundcolor": "#E5ECF6", "gridcolor": "white", "linecolor": "white", "showbackground": true, "ticks": "", "zerolinecolor": "white", "gridwidth": 2}, "yaxis": {"backgroundcolor": "#E5ECF6", "gridcolor": "white", "linecolor": "white", "showbackground": true, "ticks": "", "zerolinecolor": "white", "gridwidth": 2}, "zaxis": {"backgroundcolor": "#E5ECF6", "gridcolor": "white", "linecolor": "white", "showbackground": true, "ticks": "", "zerolinecolor": "white", "gridwidth": 2}}, "shapedefaults": {"line": {"color": "#2a3f5f"}}, "annotationdefaults": {"arrowcolor": "#2a3f5f", "arrowhead": 0, "arrowwidth": 1}, "geo": {"bgcolor": "white", "landcolor": "#E5ECF6", "subunitcolor": "white", "showland": true, "showlakes": true, "lakecolor": "white"}, "title": {"x": 0.05}, "mapbox": {"style": "light"}}}}}