{"data": [{"z": [[2.7149972915649414, -0.3795468211174011, -0.9024282693862915, -0.055639687925577164, 0.02822955884039402, 2.8672397136688232, -1.4693348407745361, -0.47049155831336975, -1.7303576469421387, 0.9387392997741699, 0.7486492395401001, 2.3741843700408936, 2.082251787185669, -2.037776231765747, 3.0990705490112305, -1.9397889375686646, -1.5800106525421143, -2.2379205226898193, 1.3334989547729492, 0.7431222796440125, 1.039973258972168], [-0.3795468211174011, 1.6593577861785889, -0.4672507047653198, -1.4697297811508179, 0.22455444931983948, 0.9166804552078247, -2.8306479454040527, -0.473125159740448, 1.3101118803024292, -1.8059645891189575, -0.11152250319719315, -0.4274783730506897, -0.26764214038848877, 0.33680635690689087, 1.2730928659439087, 1.2695410251617432, -1.398557186126709, 0.411265105009079, -0.660900890827179, -1.3552166223526, -0.550053060054779], [-0.9024282693862915, -0.4672507047653198, 0.6610779166221619, 1.3523004055023193, 0.5530864596366882, -0.7955688834190369, 1.9757428169250488, 0.13962200284004211, 0.6108502745628357, 0.9015992879867554, -0.40732529759407043, -0.9688358902931213, -0.7492610812187195, 1.0994200706481934, -2.2169578075408936, -0.17965732514858246, 1.0875732898712158, 0.9698079228401184, -0.5391544103622437, 0.45136821269989014, -0.321239709854126], [-0.055639687925577164, -1.4697297811508179, 1.3523004055023193, 6.85050106048584, 4.054688453674316, 3.5877327919006348, 5.9645867347717285, -0.8895999789237976, 2.347804546356201, 5.98011589050293, 0.2726222276687622, 0.9526453018188477, 0.6305235624313354, 2.270157814025879, -4.262092113494873, -3.182466983795166, 0.7522097826004028, 0.9177094101905823, 0.825039803981781, 4.0606279373168945, 0.5065961480140686], [0.02822955884039402, 0.22455444931983948, 0.5530864596366882, 4.054688453674316, 3.388432264328003, 3.927767276763916, 1.8911782503128052, -1.1841198205947876, 2.642531394958496, 3.181447744369507, -0.016991592943668365, 0.3038809299468994, 0.3862621486186981, 1.8925803899765015, -1.9833754301071167, -1.818529725074768, -0.7549635171890259, 0.8879688382148743, -0.12902337312698364, 1.8808300495147705, -0.1033322736620903], [2.8672397136688232, 0.9166804552078247, -0.7955688834190369, 3.5877327919006348, 3.927767276763916, 8.50566291809082, -1.1047966480255127, -2.1444311141967773, 2.0428707599639893, 3.646355628967285, 1.4054582118988037, 3.8749611377716064, 3.1061503887176514, -0.3064597249031067, 2.6761598587036133, -3.0381665229797363, -3.8155624866485596, -1.6599549055099487, 1.996941089630127, 2.68512225151062, 1.175784707069397], [-1.4693348407745361, -2.8306479454040527, 1.9757428169250488, 5.9645867347717285, 1.8911782503128052, -1.1047966480255127, 8.583268165588379, 0.5211785435676575, 0.9287531971931458, 5.342022895812988, 0.36440515518188477, 0.44140198826789856, -0.3355940878391266, 1.968487024307251, -5.8771891593933105, -1.786336064338684, 3.2549309730529785, 1.20878005027771, 1.3912111520767212, 4.179633140563965, 0.7268251776695251], [-0.47049155831336975, -0.473125159740448, 0.13962200284004211, -0.8895999789237976, -1.1841198205947876, -2.1444311141967773, 0.5211785435676575, 0.6252338290214539, -0.8725500106811523, -0.7092604041099548, -0.08962299674749374, -0.42352965474128723, -0.4647654592990875, -0.30481648445129395, -0.34425559639930725, 0.6543979048728943, 0.9721750617027283, 0.04286467656493187, 0.0020769445691257715, -0.352364718914032, -0.003982354421168566], [-1.7303576469421387, 1.3101118803024292, 0.6108502745628357, 2.347804546356201, 2.642531394958496, 2.0428707599639893, 0.9287531971931458, -0.8725500106811523, 3.8534464836120605, 1.0304040908813477, -0.015095912851393223, -0.517297625541687, -0.6756168603897095, 2.5299878120422363, -2.1534905433654785, 0.7021389007568359, -0.6421433687210083, 1.8858360052108765, -0.42699378728866577, 0.7208660244941711, -0.620734691619873], [0.9387392997741699, -1.8059645891189575, 0.9015992879867554, 5.98011589050293, 3.181447744369507, 3.646355628967285, 5.342022895812988, -0.7092604041099548, 1.0304040908813477, 5.762226104736328, 0.8094580769538879, 2.2030279636383057, 1.491286277770996, 0.9108015298843384, -2.5627238750457764, -3.387505531311035, 0.4003998637199402, -0.28882983326911926, 1.8105119466781616, 4.223931312561035, 1.1382167339324951], [0.7486492395401001, -0.11152250319719315, -0.40732529759407043, 0.2726222276687622, -0.016991592943668365, 1.4054582118988037, 0.36440515518188477, -0.08962299674749374, -0.015095912851393223, 0.8094580769538879, 1.6293364763259888, 3.121666431427002, 1.6458758115768433, -1.2465916872024536, 1.965164303779602, 0.21616867184638977, -0.9899402260780334, -1.4364361763000488, 2.704596757888794, 1.644534945487976, 1.3270944356918335], [2.3741843700408936, -0.4274783730506897, -0.9688358902931213, 0.9526453018188477, 0.3038809299468994, 3.8749611377716064, 0.44140198826789856, -0.42352965474128723, -0.517297625541687, 2.2030279636383057, 3.121666431427002, 6.390997409820557, 3.715228319168091, -2.7829387187957764, 4.323451042175293, -0.6382427215576172, -2.309662342071533, -3.2945032119750977, 5.2382707595825195, 3.4172472953796387, 2.7300376892089844], [2.082251787185669, -0.26764214038848877, -0.7492610812187195, 0.6305235624313354, 0.3862621486186981, 3.1061503887176514, -0.3355940878391266, -0.4647654592990875, -0.6756168603897095, 1.491286277770996, 1.6458758115768433, 3.715228319168091, 2.4475269317626953, -1.863524317741394, 2.9906840324401855, -1.1220448017120361, -1.7166328430175781, -2.2319328784942627, 2.7704648971557617, 1.8665850162506104, 1.5696055889129639], [-2.037776231765747, 0.33680635690689087, 1.0994200706481934, 2.270157814025879, 1.8925803899765015, -0.3064597249031067, 1.968487024307251, -0.30481648445129395, 2.5299878120422363, 0.9108015298843384, -1.2465916872024536, -2.7829387187957764, -1.863524317741394, 2.930612087249756, -4.073511600494385, 0.036137036979198456, 1.111194133758545, 2.575812816619873, -2.1599066257476807, -0.11621272563934326, -1.3154017925262451], [3.0990705490112305, 1.2730928659439087, -2.2169578075408936, -4.262092113494873, -1.9833754301071167, 2.6761598587036133, -5.8771891593933105, -0.34425559639930725, -2.1534905433654785, -2.5627238750457764, 1.965164303779602, 4.323451042175293, 2.9906840324401855, -4.073511600494385, 7.723327159881592, 0.726550281047821, -3.619244337081909, -3.683126211166382, 2.876786231994629, -0.7392864227294922, 1.5993834733963013], [-1.9397889375686646, 1.2695410251617432, -0.17965732514858246, -3.182466983795166, -1.818529725074768, -3.0381665229797363, -1.786336064338684, 0.6543979048728943, 0.7021389007568359, -3.387505531311035, 0.21616867184638977, -0.6382427215576172, -1.1220448017120361, 0.036137036979198456, 0.726550281047821, 3.5149855613708496, 0.12180118262767792, 0.7177407145500183, 0.012674999423325062, -1.7395501136779785, -0.42068469524383545], [-1.5800106525421143, -1.398557186126709, 1.0875732898712158, 0.7522097826004028, -0.7549635171890259, -3.8155624866485596, 3.2549309730529785, 0.9721750617027283, -0.6421433687210083, 0.4003998637199402, -0.9899402260780334, -2.309662342071533, -1.7166328430175781, 1.111194133758545, -3.619244337081909, 0.12180118262767792, 2.8533427715301514, 1.3898487091064453, -1.2129379510879517, -0.05666431039571762, -0.6008148193359375], [-2.2379205226898193, 0.411265105009079, 0.9698079228401184, 0.9177094101905823, 0.8879688382148743, -1.6599549055099487, 1.20878005027771, 0.04286467656493187, 1.8858360052108765, -0.28882983326911926, -1.4364361763000488, -3.2945032119750977, -2.2319328784942627, 2.575812816619873, -3.683126211166382, 0.7177407145500183, 1.3898487091064453, 2.5546886920928955, -2.4816224575042725, -0.9682477712631226, -1.4901010990142822], [1.3334989547729492, -0.660900890827179, -0.5391544103622437, 0.825039803981781, -0.12902337312698364, 1.996941089630127, 1.3912111520767212, 0.0020769445691257715, -0.42699378728866577, 1.8105119466781616, 2.704596757888794, 5.2382707595825195, 2.7704648971557617, -2.1599066257476807, 2.876786231994629, 0.012674999423325062, -1.2129379510879517, -2.4816224575042725, 4.62691068649292, 3.0657241344451904, 2.335040807723999], [0.7431222796440125, -1.3552166223526, 0.45136821269989014, 4.0606279373168945, 1.8808300495147705, 2.68512225151062, 4.179633140563965, -0.352364718914032, 0.7208660244941711, 4.223931312561035, 1.644534945487976, 3.4172472953796387, 1.8665850162506104, -0.11621272563934326, -0.7392864227294922, -1.7395501136779785, -0.05666431039571762, -0.9682477712631226, 3.0657241344451904, 3.9073545932769775, 1.6225665807724], [1.039973258972168, -0.550053060054779, -0.321239709854126, 0.5065961480140686, -0.1033322736620903, 1.175784707069397, 0.7268251776695251, -0.003982354421168566, -0.620734691619873, 1.1382167339324951, 1.3270944356918335, 2.7300376892089844, 1.5696055889129639, -1.3154017925262451, 1.5993834733963013, -0.42068469524383545, -0.6008148193359375, -1.4901010990142822, 2.335040807723999, 1.6225665807724, 1.2588680982589722]], "type": "heatmap"}], "layout": {"template": {"data": {"histogram2dcontour": [{"type": "histogram2dcontour", "colorbar": {"outlinewidth": 0, "ticks": ""}, "colorscale": [[0.0, "#0d0887"], [0.1111111111111111, "#46039f"], [0.2222222222222222, "#7201a8"], [0.3333333333333333, "#9c179e"], [0.4444444444444444, "#bd3786"], [0.5555555555555556, "#d8576b"], [0.6666666666666666, "#ed7953"], [0.7777777777777778, "#fb9f3a"], [0.8888888888888888, "#fdca26"], [1.0, "#f0f921"]]}], "choropleth": [{"type": "choropleth", "colorbar": {"outlinewidth": 0, "ticks": ""}}], "histogram2d": [{"type": "histogram2d", "colorbar": {"outlinewidth": 0, "ticks": ""}, "colorscale": [[0.0, "#0d0887"], [0.1111111111111111, "#46039f"], [0.2222222222222222, "#7201a8"], [0.3333333333333333, "#9c179e"], [0.4444444444444444, "#bd3786"], [0.5555555555555556, "#d8576b"], [0.6666666666666666, "#ed7953"], [0.7777777777777778, "#fb9f3a"], [0.8888888888888888, "#fdca26"], [1.0, "#f0f921"]]}], "heatmap": [{"type": "heatmap", "colorbar": {"outlinewidth": 0, "ticks": ""}, "colorscale": [[0.0, "#0d0887"], [0.1111111111111111, "#46039f"], [0.2222222222222222, "#7201a8"], [0.3333333333333333, "#9c179e"], [0.4444444444444444, "#bd3786"], [0.5555555555555556, "#d8576b"], [0.6666666666666666, "#ed7953"], [0.7777777777777778, "#fb9f3a"], [0.8888888888888888, "#fdca26"], [1.0, "#f0f921"]]}], "heatmapgl": [{"type": "heatmapgl", "colorbar": {"outlinewidth": 0, "ticks": ""}, "colorscale": [[0.0, "#0d0887"], [0.1111111111111111, "#46039f"], [0.2222222222222222, "#7201a8"], [0.3333333333333333, "#9c179e"], [0.4444444444444444, "#bd3786"], [0.5555555555555556, "#d8576b"], [0.6666666666666666, "#ed7953"], [0.7777777777777778, "#fb9f3a"], [0.8888888888888888, "#fdca26"], [1.0, "#f0f921"]]}], "contourcarpet": [{"type": "contourcarpet", "colorbar": {"outlinewidth": 0, "ticks": ""}}], "contour": [{"type": "contour", "colorbar": {"outlinewidth": 0, "ticks": ""}, "colorscale": [[0.0, "#0d0887"], [0.1111111111111111, "#46039f"], [0.2222222222222222, "#7201a8"], [0.3333333333333333, "#9c179e"], [0.4444444444444444, "#bd3786"], [0.5555555555555556, "#d8576b"], [0.6666666666666666, "#ed7953"], [0.7777777777777778, "#fb9f3a"], [0.8888888888888888, "#fdca26"], [1.0, "#f0f921"]]}], "surface": [{"type": "surface", "colorbar": {"outlinewidth": 0, "ticks": ""}, "colorscale": [[0.0, "#0d0887"], [0.1111111111111111, "#46039f"], [0.2222222222222222, "#7201a8"], [0.3333333333333333, "#9c179e"], [0.4444444444444444, "#bd3786"], [0.5555555555555556, "#d8576b"], [0.6666666666666666, "#ed7953"], [0.7777777777777778, "#fb9f3a"], [0.8888888888888888, "#fdca26"], [1.0, "#f0f921"]]}], "mesh3d": [{"type": "mesh3d", "colorbar": {"outlinewidth": 0, "ticks": ""}}], "scatter": [{"fillpattern": {"fillmode": "overlay", "size": 10, "solidity": 0.2}, "type": "scatter"}], "parcoords": [{"type": "parcoords", "line": {"colorbar": {"outlinewidth": 0, "ticks": ""}}}], "scatterpolargl": [{"type": "scatterpolargl", "marker": {"colorbar": {"outlinewidth": 0, "ticks": ""}}}], "bar": [{"error_x": {"color": "#2a3f5f"}, "error_y": {"color": "#2a3f5f"}, "marker": {"line": {"color": "#E5ECF6", "width": 0.5}, "pattern": {"fillmode": "overlay", "size": 10, "solidity": 0.2}}, "type": "bar"}], "scattergeo": [{"type": "scattergeo", "marker": {"colorbar": {"outlinewidth": 0, "ticks": ""}}}], "scatterpolar": [{"type": "scatterpolar", "marker": {"colorbar": {"outlinewidth": 0, "ticks": ""}}}], "histogram": [{"marker": {"pattern": {"fillmode": "overlay", "size": 10, "solidity": 0.2}}, "type": "histogram"}], "scattergl": [{"type": "scattergl", "marker": {"colorbar": {"outlinewidth": 0, "ticks": ""}}}], "scatter3d": [{"type": "scatter3d", "line": {"colorbar": {"outlinewidth": 0, "ticks": ""}}, "marker": {"colorbar": {"outlinewidth": 0, "ticks": ""}}}], "scattermapbox": [{"type": "scattermapbox", "marker": {"colorbar": {"outlinewidth": 0, "ticks": ""}}}], "scatterternary": [{"type": "scatterternary", "marker": {"colorbar": {"outlinewidth": 0, "ticks": ""}}}], "scattercarpet": [{"type": "scattercarpet", "marker": {"colorbar": {"outlinewidth": 0, "ticks": ""}}}], "carpet": [{"aaxis": {"endlinecolor": "#2a3f5f", "gridcolor": "white", "linecolor": "white", "minorgridcolor": "white", "startlinecolor": "#2a3f5f"}, "baxis": {"endlinecolor": "#2a3f5f", "gridcolor": "white", "linecolor": "white", "minorgridcolor": "white", "startlinecolor": "#2a3f5f"}, "type": "carpet"}], "table": [{"cells": {"fill": {"color": "#EBF0F8"}, "line": {"color": "white"}}, "header": {"fill": {"color": "#C8D4E3"}, "line": {"color": "white"}}, "type": "table"}], "barpolar": [{"marker": {"line": {"color": "#E5ECF6", "width": 0.5}, "pattern": {"fillmode": "overlay", "size": 10, "solidity": 0.2}}, "type": "barpolar"}], "pie": [{"automargin": true, "type": "pie"}]}, "layout": {"autotypenumbers": "strict", "colorway": ["#636efa", "#EF553B", "#00cc96", "#ab63fa", "#FFA15A", "#19d3f3", "#FF6692", "#B6E880", "#FF97FF", "#FECB52"], "font": {"color": "#2a3f5f"}, "hovermode": "closest", "hoverlabel": {"align": "left"}, "paper_bgcolor": "white", "plot_bgcolor": "#E5ECF6", "polar": {"bgcolor": "#E5ECF6", "angularaxis": {"gridcolor": "white", "linecolor": "white", "ticks": ""}, "radialaxis": {"gridcolor": "white", "linecolor": "white", "ticks": ""}}, "ternary": {"bgcolor": "#E5ECF6", "aaxis": {"gridcolor": "white", "linecolor": "white", "ticks": ""}, "baxis": {"gridcolor": "white", "linecolor": "white", "ticks": ""}, "caxis": {"gridcolor": "white", "linecolor": "white", "ticks": ""}}, "coloraxis": {"colorbar": {"outlinewidth": 0, "ticks": ""}}, "colorscale": {"sequential": [[0.0, "#0d0887"], [0.1111111111111111, "#46039f"], [0.2222222222222222, "#7201a8"], [0.3333333333333333, "#9c179e"], [0.4444444444444444, "#bd3786"], [0.5555555555555556, "#d8576b"], [0.6666666666666666, "#ed7953"], [0.7777777777777778, "#fb9f3a"], [0.8888888888888888, "#fdca26"], [1.0, "#f0f921"]], "sequentialminus": [[0.0, "#0d0887"], [0.1111111111111111, "#46039f"], [0.2222222222222222, "#7201a8"], [0.3333333333333333, "#9c179e"], [0.4444444444444444, "#bd3786"], [0.5555555555555556, "#d8576b"], [0.6666666666666666, "#ed7953"], [0.7777777777777778, "#fb9f3a"], [0.8888888888888888, "#fdca26"], [1.0, "#f0f921"]], "diverging": [[0, "#8e0152"], [0.1, "#c51b7d"], [0.2, "#de77ae"], [0.3, "#f1b6da"], [0.4, "#fde0ef"], [0.5, "#f7f7f7"], [0.6, "#e6f5d0"], [0.7, "#b8e186"], [0.8, "#7fbc41"], [0.9, "#4d9221"], [1, "#276419"]]}, "xaxis": {"gridcolor": "white", "linecolor": "white", "ticks": "", "title": {"standoff": 15}, "zerolinecolor": "white", "automargin": true, "zerolinewidth": 2}, "yaxis": {"gridcolor": "white", "linecolor": "white", "ticks": "", "title": {"standoff": 15}, "zerolinecolor": "white", "automargin": true, "zerolinewidth": 2}, "scene": {"xaxis": {"backgroundcolor": "#E5ECF6", "gridcolor": "white", "linecolor": "white", "showbackground": true, "ticks": "", "zerolinecolor": "white", "gridwidth": 2}, "yaxis": {"backgroundcolor": "#E5ECF6", "gridcolor": "white", "linecolor": "white", "showbackground": true, "ticks": "", "zerolinecolor": "white", "gridwidth": 2}, "zaxis": {"backgroundcolor": "#E5ECF6", "gridcolor": "white", "linecolor": "white", "showbackground": true, "ticks": "", "zerolinecolor": "white", "gridwidth": 2}}, "shapedefaults": {"line": {"color": "#2a3f5f"}}, "annotationdefaults": {"arrowcolor": "#2a3f5f", "arrowhead": 0, "arrowwidth": 1}, "geo": {"bgcolor": "white", "landcolor": "#E5ECF6", "subunitcolor": "white", "showland": true, "showlakes": true, "lakecolor": "white"}, "title": {"x": 0.05}, "mapbox": {"style": "light"}}}}}