{"data": [{"z": [[2.6115851402282715, -0.3280857801437378, -0.8894031047821045, 0.20762848854064941, 0.2424686998128891, 3.1028459072113037, -1.0290950536727905, -0.5681512355804443, -1.3603219985961914, 1.2011828422546387, 1.0611717700958252, 2.7473974227905273, 2.1901724338531494, -1.9774079322814941, 3.066601276397705, -1.879007339477539, -1.7300218343734741, -2.287327289581299, 1.8405953645706177, 1.0983690023422241, 1.1839971542358398], [-0.3280857801437378, 1.691357970237732, -0.37481915950775146, -1.1554566621780396, 0.4054238498210907, 1.2196974754333496, -2.744374990463257, -0.42635029554367065, 1.4280186891555786, -1.5707311630249023, -0.010610969737172127, -0.11975613981485367, -0.03538423031568527, 0.40378686785697937, 1.3500334024429321, 1.3617202043533325, -1.3893712759017944, 0.44217750430107117, -0.5363260507583618, -1.085608959197998, -0.41528773307800293], [-0.8894031047821045, -0.37481915950775146, 0.7617747187614441, 1.6496320962905884, 0.755839467048645, -0.5125236511230469, 2.1451449394226074, 0.16465027630329132, 0.8292975425720215, 1.122323989868164, -0.22712045907974243, -0.6662306189537048, -0.5479122400283813, 1.205367088317871, -2.148710012435913, -0.04823967069387436, 1.0672258138656616, 1.0206292867660522, -0.34142303466796875, 0.7220385074615479, -0.1925583928823471], [0.20762848854064941, -1.1554566621780396, 1.6496320962905884, 7.0465593338012695, 4.223268032073975, 3.7984778881073, 5.902850151062012, -0.6541785597801208, 2.354410171508789, 6.015036582946777, 0.3563283383846283, 0.8946053981781006, 0.8933789730072021, 2.5402495861053467, -3.9840383529663086, -2.911875009536743, 0.9660882949829102, 1.1916985511779785, 0.5820484757423401, 4.0421366691589355, 0.5465732216835022], [0.2424686998128891, 0.4054238498210907, 0.755839467048645, 4.223268032073975, 3.5029430389404297, 4.113700866699219, 1.8098788261413574, -1.0077725648880005, 2.597123861312866, 3.2336418628692627, 0.01997074857354164, 0.3035576045513153, 0.6102916598320007, 2.0510447025299072, -1.7709076404571533, -1.6531617641448975, -0.5958806276321411, 1.056484580039978, -0.32851484417915344, 1.8953430652618408, -0.05575750768184662], [3.1028459072113037, 1.2196974754333496, -0.5125236511230469, 3.7984778881073, 4.113700866699219, 8.738668441772461, -1.1315133571624756, -1.9249361753463745, 2.081331253051758, 3.695747137069702, 1.4928337335586548, 3.849061965942383, 3.3717734813690186, -0.03958356752991676, 2.939563751220703, -2.7582123279571533, -3.6253182888031006, -1.3984811305999756, 1.8164225816726685, 2.700357437133789, 1.2273720502853394], [-1.0290950536727905, -2.744374990463257, 2.1451449394226074, 5.902850151062012, 1.8098788261413574, -1.1315133571624756, 8.398604393005371, 0.7337384223937988, 0.4800182282924652, 5.290092468261719, 0.2587839961051941, 0.15578876435756683, -0.1866990327835083, 1.991411566734314, -5.5938334465026855, -1.8810670375823975, 3.5070266723632812, 1.2871088981628418, 1.0015535354614258, 3.94530987739563, 0.693264365196228], [-0.5681512355804443, -0.42635029554367065, 0.16465027630329132, -0.6541785597801208, -1.0077725648880005, -1.9249361753463745, 0.7337384223937988, 0.5743558406829834, -0.5879262685775757, -0.5136517882347107, 0.08779604732990265, -0.11247982084751129, -0.35696786642074585, -0.23877128958702087, -0.36483022570610046, 0.7540113925933838, 0.8756924867630005, 0.044036369770765305, 0.3068041503429413, -0.08065922558307648, 0.10501180589199066], [-1.3603219985961914, 1.4280186891555786, 0.8292975425720215, 2.354410171508789, 2.597123861312866, 2.081331253051758, 0.4800182282924652, -0.5879262685775757, 3.43099308013916, 0.9201212525367737, -0.27115398645401, -0.8198538422584534, -0.48977047204971313, 2.637805938720703, -1.890711784362793, 0.7775192856788635, -0.32082289457321167, 2.095505475997925, -1.0721129179000854, 0.4609624147415161, -0.677108645439148], [1.2011828422546387, -1.5707311630249023, 1.122323989868164, 6.015036582946777, 3.2336418628692627, 3.695747137069702, 5.290092468261719, -0.5136517882347107, 0.9201212525367737, 5.718226432800293, 0.8481276631355286, 2.0317203998565674, 1.6460628509521484, 1.0855605602264404, -2.322895050048828, -3.236114740371704, 0.5967756509780884, -0.09729578346014023, 1.5805391073226929, 4.103205680847168, 1.1327059268951416], [1.0611717700958252, -0.010610969737172127, -0.22712045907974243, 0.3563283383846283, 0.01997074857354164, 1.4928337335586548, 0.2587839961051941, 0.08779604732990265, -0.27115398645401, 0.8481276631355286, 1.5330690145492554, 2.958523750305176, 1.8111599683761597, -1.146988868713379, 2.1558315753936768, 0.20801085233688354, -0.7821418046951294, -1.3110387325286865, 2.438791513442993, 1.5436912775039673, 1.3226693868637085], [2.7473974227905273, -0.11975613981485367, -0.6662306189537048, 0.8946053981781006, 0.3035576045513153, 3.849061965942383, 0.15578876435756683, -0.11247982084751129, -0.8198538422584534, 2.0317203998565674, 2.958523750305176, 5.979389190673828, 3.8685271739959717, -2.540004014968872, 4.64076566696167, -0.4275299608707428, -1.9724910259246826, -2.9801082611083984, 4.744393825531006, 3.089272975921631, 2.647679328918457], [2.1901724338531494, -0.03538423031568527, -0.5479122400283813, 0.8933789730072021, 0.6102916598320007, 3.3717734813690186, -0.1866990327835083, -0.35696786642074585, -0.48977047204971313, 1.6460628509521484, 1.8111599683761597, 3.8685271739959717, 2.674950122833252, -1.6492351293563843, 3.1533191204071045, -0.8971158862113953, -1.6518765687942505, -2.0665462017059326, 2.884124755859375, 2.029582977294922, 1.6653250455856323], [-1.9774079322814941, 0.40378686785697937, 1.205367088317871, 2.5402495861053467, 2.0510447025299072, -0.03958356752991676, 1.991411566734314, -0.23877128958702087, 2.637805938720703, 1.0855605602264404, -1.146988868713379, -2.540004014968872, -1.6492351293563843, 3.0151004791259766, -3.9783976078033447, 0.1557593196630478, 1.1411972045898438, 2.638427972793579, -2.1366171836853027, 0.0905897319316864, -1.2064851522445679], [3.066601276397705, 1.3500334024429321, -2.148710012435913, -3.9840383529663086, -1.7709076404571533, 2.939563751220703, -5.5938334465026855, -0.36483022570610046, -1.890711784362793, -2.322895050048828, 2.1558315753936768, 4.64076566696167, 3.1533191204071045, -3.9783976078033447, 7.7509050369262695, 0.8354814052581787, -3.6873586177825928, -3.6663167476654053, 3.2424516677856445, -0.4419967830181122, 1.7310911417007446], [-1.879007339477539, 1.3617202043533325, -0.04823967069387436, -2.911875009536743, -1.6531617641448975, -2.7582123279571533, -1.8810670375823975, 0.7540113925933838, 0.7775192856788635, -3.236114740371704, 0.20801085233688354, -0.4275299608707428, -0.8971158862113953, 0.1557593196630478, 0.8354814052581787, 3.688532590866089, 0.18482650816440582, 0.8347585201263428, -0.017161766067147255, -1.5747427940368652, -0.32993853092193604], [-1.7300218343734741, -1.3893712759017944, 1.0672258138656616, 0.9660882949829102, -0.5958806276321411, -3.6253182888031006, 3.5070266723632812, 0.8756924867630005, -0.32082289457321167, 0.5967756509780884, -0.7821418046951294, -1.9724910259246826, -1.6518765687942505, 1.1411972045898438, -3.6873586177825928, 0.18482650816440582, 2.71195650100708, 1.347578763961792, -0.8585408329963684, 0.23378399014472961, -0.49302050471305847], [-2.287327289581299, 0.44217750430107117, 1.0206292867660522, 1.1916985511779785, 1.056484580039978, -1.3984811305999756, 1.2871088981628418, 0.044036369770765305, 2.095505475997925, -0.09729578346014023, -1.3110387325286865, -2.9801082611083984, -2.0665462017059326, 2.638427972793579, -3.6663167476654053, 0.8347585201263428, 1.347578763961792, 2.580105781555176, -2.3438920974731445, -0.7051612138748169, -1.3746638298034668], [1.8405953645706177, -0.5363260507583618, -0.34142303466796875, 0.5820484757423401, -0.32851484417915344, 1.8164225816726685, 1.0015535354614258, 0.3068041503429413, -1.0721129179000854, 1.5805391073226929, 2.438791513442993, 4.744393825531006, 2.884124755859375, -2.1366171836853027, 3.2424516677856445, -0.017161766067147255, -0.8585408329963684, -2.3438920974731445, 4.058616638183594, 2.6228389739990234, 2.2350857257843018], [1.0983690023422241, -1.085608959197998, 0.7220385074615479, 4.0421366691589355, 1.8953430652618408, 2.700357437133789, 3.94530987739563, -0.08065922558307648, 0.4609624147415161, 4.103205680847168, 1.5436912775039673, 3.089272975921631, 2.029582977294922, 0.0905897319316864, -0.4419967830181122, -1.5747427940368652, 0.23378399014472961, -0.7051612138748169, 2.6228389739990234, 3.6482155323028564, 1.566584587097168], [1.1839971542358398, -0.41528773307800293, -0.1925583928823471, 0.5465732216835022, -0.05575750768184662, 1.2273720502853394, 0.693264365196228, 0.10501180589199066, -0.677108645439148, 1.1327059268951416, 1.3226693868637085, 2.647679328918457, 1.6653250455856323, -1.2064851522445679, 1.7310911417007446, -0.32993853092193604, -0.49302050471305847, -1.3746638298034668, 2.2350857257843018, 1.566584587097168, 1.2588680982589722]], "type": "heatmap"}], "layout": {"template": {"data": {"histogram2dcontour": [{"type": "histogram2dcontour", "colorbar": {"outlinewidth": 0, "ticks": ""}, "colorscale": [[0.0, "#0d0887"], [0.1111111111111111, "#46039f"], [0.2222222222222222, "#7201a8"], [0.3333333333333333, "#9c179e"], [0.4444444444444444, "#bd3786"], [0.5555555555555556, "#d8576b"], [0.6666666666666666, "#ed7953"], [0.7777777777777778, "#fb9f3a"], [0.8888888888888888, "#fdca26"], [1.0, "#f0f921"]]}], "choropleth": [{"type": "choropleth", "colorbar": {"outlinewidth": 0, "ticks": ""}}], "histogram2d": [{"type": "histogram2d", "colorbar": {"outlinewidth": 0, "ticks": ""}, "colorscale": [[0.0, "#0d0887"], [0.1111111111111111, "#46039f"], [0.2222222222222222, "#7201a8"], [0.3333333333333333, "#9c179e"], [0.4444444444444444, "#bd3786"], [0.5555555555555556, "#d8576b"], [0.6666666666666666, "#ed7953"], [0.7777777777777778, "#fb9f3a"], [0.8888888888888888, "#fdca26"], [1.0, "#f0f921"]]}], "heatmap": [{"type": "heatmap", "colorbar": {"outlinewidth": 0, "ticks": ""}, "colorscale": [[0.0, "#0d0887"], [0.1111111111111111, "#46039f"], [0.2222222222222222, "#7201a8"], [0.3333333333333333, "#9c179e"], [0.4444444444444444, "#bd3786"], [0.5555555555555556, "#d8576b"], [0.6666666666666666, "#ed7953"], [0.7777777777777778, "#fb9f3a"], [0.8888888888888888, "#fdca26"], [1.0, "#f0f921"]]}], "heatmapgl": [{"type": "heatmapgl", "colorbar": {"outlinewidth": 0, "ticks": ""}, "colorscale": [[0.0, "#0d0887"], [0.1111111111111111, "#46039f"], [0.2222222222222222, "#7201a8"], [0.3333333333333333, "#9c179e"], [0.4444444444444444, "#bd3786"], [0.5555555555555556, "#d8576b"], [0.6666666666666666, "#ed7953"], [0.7777777777777778, "#fb9f3a"], [0.8888888888888888, "#fdca26"], [1.0, "#f0f921"]]}], "contourcarpet": [{"type": "contourcarpet", "colorbar": {"outlinewidth": 0, "ticks": ""}}], "contour": [{"type": "contour", "colorbar": {"outlinewidth": 0, "ticks": ""}, "colorscale": [[0.0, "#0d0887"], [0.1111111111111111, "#46039f"], [0.2222222222222222, "#7201a8"], [0.3333333333333333, "#9c179e"], [0.4444444444444444, "#bd3786"], [0.5555555555555556, "#d8576b"], [0.6666666666666666, "#ed7953"], [0.7777777777777778, "#fb9f3a"], [0.8888888888888888, "#fdca26"], [1.0, "#f0f921"]]}], "surface": [{"type": "surface", "colorbar": {"outlinewidth": 0, "ticks": ""}, "colorscale": [[0.0, "#0d0887"], [0.1111111111111111, "#46039f"], [0.2222222222222222, "#7201a8"], [0.3333333333333333, "#9c179e"], [0.4444444444444444, "#bd3786"], [0.5555555555555556, "#d8576b"], [0.6666666666666666, "#ed7953"], [0.7777777777777778, "#fb9f3a"], [0.8888888888888888, "#fdca26"], [1.0, "#f0f921"]]}], "mesh3d": [{"type": "mesh3d", "colorbar": {"outlinewidth": 0, "ticks": ""}}], "scatter": [{"fillpattern": {"fillmode": "overlay", "size": 10, "solidity": 0.2}, "type": "scatter"}], "parcoords": [{"type": "parcoords", "line": {"colorbar": {"outlinewidth": 0, "ticks": ""}}}], "scatterpolargl": [{"type": "scatterpolargl", "marker": {"colorbar": {"outlinewidth": 0, "ticks": ""}}}], "bar": [{"error_x": {"color": "#2a3f5f"}, "error_y": {"color": "#2a3f5f"}, "marker": {"line": {"color": "#E5ECF6", "width": 0.5}, "pattern": {"fillmode": "overlay", "size": 10, "solidity": 0.2}}, "type": "bar"}], "scattergeo": [{"type": "scattergeo", "marker": {"colorbar": {"outlinewidth": 0, "ticks": ""}}}], "scatterpolar": [{"type": "scatterpolar", "marker": {"colorbar": {"outlinewidth": 0, "ticks": ""}}}], "histogram": [{"marker": {"pattern": {"fillmode": "overlay", "size": 10, "solidity": 0.2}}, "type": "histogram"}], "scattergl": [{"type": "scattergl", "marker": {"colorbar": {"outlinewidth": 0, "ticks": ""}}}], "scatter3d": [{"type": "scatter3d", "line": {"colorbar": {"outlinewidth": 0, "ticks": ""}}, "marker": {"colorbar": {"outlinewidth": 0, "ticks": ""}}}], "scattermapbox": [{"type": "scattermapbox", "marker": {"colorbar": {"outlinewidth": 0, "ticks": ""}}}], "scatterternary": [{"type": "scatterternary", "marker": {"colorbar": {"outlinewidth": 0, "ticks": ""}}}], "scattercarpet": [{"type": "scattercarpet", "marker": {"colorbar": {"outlinewidth": 0, "ticks": ""}}}], "carpet": [{"aaxis": {"endlinecolor": "#2a3f5f", "gridcolor": "white", "linecolor": "white", "minorgridcolor": "white", "startlinecolor": "#2a3f5f"}, "baxis": {"endlinecolor": "#2a3f5f", "gridcolor": "white", "linecolor": "white", "minorgridcolor": "white", "startlinecolor": "#2a3f5f"}, "type": "carpet"}], "table": [{"cells": {"fill": {"color": "#EBF0F8"}, "line": {"color": "white"}}, "header": {"fill": {"color": "#C8D4E3"}, "line": {"color": "white"}}, "type": "table"}], "barpolar": [{"marker": {"line": {"color": "#E5ECF6", "width": 0.5}, "pattern": {"fillmode": "overlay", "size": 10, "solidity": 0.2}}, "type": "barpolar"}], "pie": [{"automargin": true, "type": "pie"}]}, "layout": {"autotypenumbers": "strict", "colorway": ["#636efa", "#EF553B", "#00cc96", "#ab63fa", "#FFA15A", "#19d3f3", "#FF6692", "#B6E880", "#FF97FF", "#FECB52"], "font": {"color": "#2a3f5f"}, "hovermode": "closest", "hoverlabel": {"align": "left"}, "paper_bgcolor": "white", "plot_bgcolor": "#E5ECF6", "polar": {"bgcolor": "#E5ECF6", "angularaxis": {"gridcolor": "white", "linecolor": "white", "ticks": ""}, "radialaxis": {"gridcolor": "white", "linecolor": "white", "ticks": ""}}, "ternary": {"bgcolor": "#E5ECF6", "aaxis": {"gridcolor": "white", "linecolor": "white", "ticks": ""}, "baxis": {"gridcolor": "white", "linecolor": "white", "ticks": ""}, "caxis": {"gridcolor": "white", "linecolor": "white", "ticks": ""}}, "coloraxis": {"colorbar": {"outlinewidth": 0, "ticks": ""}}, "colorscale": {"sequential": [[0.0, "#0d0887"], [0.1111111111111111, "#46039f"], [0.2222222222222222, "#7201a8"], [0.3333333333333333, "#9c179e"], [0.4444444444444444, "#bd3786"], [0.5555555555555556, "#d8576b"], [0.6666666666666666, "#ed7953"], [0.7777777777777778, "#fb9f3a"], [0.8888888888888888, "#fdca26"], [1.0, "#f0f921"]], "sequentialminus": [[0.0, "#0d0887"], [0.1111111111111111, "#46039f"], [0.2222222222222222, "#7201a8"], [0.3333333333333333, "#9c179e"], [0.4444444444444444, "#bd3786"], [0.5555555555555556, "#d8576b"], [0.6666666666666666, "#ed7953"], [0.7777777777777778, "#fb9f3a"], [0.8888888888888888, "#fdca26"], [1.0, "#f0f921"]], "diverging": [[0, "#8e0152"], [0.1, "#c51b7d"], [0.2, "#de77ae"], [0.3, "#f1b6da"], [0.4, "#fde0ef"], [0.5, "#f7f7f7"], [0.6, "#e6f5d0"], [0.7, "#b8e186"], [0.8, "#7fbc41"], [0.9, "#4d9221"], [1, "#276419"]]}, "xaxis": {"gridcolor": "white", "linecolor": "white", "ticks": "", "title": {"standoff": 15}, "zerolinecolor": "white", "automargin": true, "zerolinewidth": 2}, "yaxis": {"gridcolor": "white", "linecolor": "white", "ticks": "", "title": {"standoff": 15}, "zerolinecolor": "white", "automargin": true, "zerolinewidth": 2}, "scene": {"xaxis": {"backgroundcolor": "#E5ECF6", "gridcolor": "white", "linecolor": "white", "showbackground": true, "ticks": "", "zerolinecolor": "white", "gridwidth": 2}, "yaxis": {"backgroundcolor": "#E5ECF6", "gridcolor": "white", "linecolor": "white", "showbackground": true, "ticks": "", "zerolinecolor": "white", "gridwidth": 2}, "zaxis": {"backgroundcolor": "#E5ECF6", "gridcolor": "white", "linecolor": "white", "showbackground": true, "ticks": "", "zerolinecolor": "white", "gridwidth": 2}}, "shapedefaults": {"line": {"color": "#2a3f5f"}}, "annotationdefaults": {"arrowcolor": "#2a3f5f", "arrowhead": 0, "arrowwidth": 1}, "geo": {"bgcolor": "white", "landcolor": "#E5ECF6", "subunitcolor": "white", "showland": true, "showlakes": true, "lakecolor": "white"}, "title": {"x": 0.05}, "mapbox": {"style": "light"}}}}}