{"data": [{"z": [[2.654766321182251, -0.3609806001186371, -0.8923319578170776, 0.1657215803861618, 0.1911919116973877, 3.068415880203247, -1.1274969577789307, -0.5382518768310547, -1.4728577136993408, 1.1618962287902832, 0.9759530425071716, 2.6782562732696533, 2.186068058013916, -2.0059452056884766, 3.0841116905212402, -1.9082828760147095, -1.6870639324188232, -2.284942626953125, 1.6990551948547363, 1.030233383178711, 1.160201072692871], [-0.3609806001186371, 1.6880680322647095, -0.40701666474342346, -1.2243242263793945, 0.37725064158439636, 1.1531178951263428, -2.733994483947754, -0.4576607346534729, 1.4463727474212646, -1.61434805393219, 0.005755242891609669, -0.15910837054252625, -0.09717191010713577, 0.38781070709228516, 1.3196653127670288, 1.3378850221633911, -1.4168658256530762, 0.4205673933029175, -0.5017810463905334, -1.1222635507583618, -0.43944671750068665], [-0.8923319578170776, -0.40701666474342346, 0.731329619884491, 1.595182180404663, 0.7186082005500793, -0.5640735626220703, 2.117734670639038, 0.15025486052036285, 0.7961091995239258, 1.0887880325317383, -0.2485838383436203, -0.7023541927337646, -0.5873490571975708, 1.1724326610565186, -2.168553352355957, -0.09102039784193039, 1.061405062675476, 0.9935520887374878, -0.35881128907203674, 0.6874719858169556, -0.2129000872373581], [0.1657215803861618, -1.2243242263793945, 1.595182180404663, 7.03892707824707, 4.2159857749938965, 3.787883996963501, 5.869072437286377, -0.6883413791656494, 2.3995208740234375, 6.019284248352051, 0.3641360402107239, 0.9718776941299438, 0.8685105443000793, 2.491541862487793, -4.034729957580566, -2.9514784812927246, 0.9339938163757324, 1.1402150392532349, 0.6042352914810181, 4.093101978302002, 0.5477426648139954], [0.1911919116973877, 0.37725064158439636, 0.7186082005500793, 4.2159857749938965, 3.5095794200897217, 4.102375030517578, 1.8138054609298706, -1.0434311628341675, 2.668262481689453, 3.2355902194976807, 0.04887646436691284, 0.36040636897087097, 0.5805044174194336, 2.032017946243286, -1.8156414031982422, -1.665856122970581, -0.6333520412445068, 1.0262200832366943, -0.2702062726020813, 1.9351903200149536, -0.05578933656215668], [3.068415880203247, 1.1531178951263428, -0.5640735626220703, 3.787883996963501, 4.102375030517578, 8.721761703491211, -1.1544034481048584, -1.9581321477890015, 2.1167330741882324, 3.7039647102355957, 1.5057629346847534, 3.9179537296295166, 3.3453707695007324, -0.0892786830663681, 2.892361879348755, -2.806628465652466, -3.6537880897521973, -1.450873851776123, 1.831140398979187, 2.743788719177246, 1.2274595499038696], [-1.1274969577789307, -2.733994483947754, 2.117734670639038, 5.869072437286377, 1.8138054609298706, -1.1544034481048584, 8.301966667175293, 0.7201828360557556, 0.5939375758171082, 5.219827175140381, 0.25121697783470154, 0.18383467197418213, -0.23058445751667023, 2.0088675022125244, -5.638902187347412, -1.798796534538269, 3.482307195663452, 1.3145551681518555, 0.9617111682891846, 3.94700288772583, 0.6696382164955139], [-0.5382518768310547, -0.4576607346534729, 0.15025486052036285, -0.6883413791656494, -1.0434311628341675, -1.9581321477890015, 0.7201828360557556, 0.5757128596305847, -0.6568275094032288, -0.5272970199584961, 0.06417805701494217, -0.15007580816745758, -0.36957329511642456, -0.2719162106513977, -0.3617619276046753, 0.7040141820907593, 0.8866422176361084, 0.01912202313542366, 0.27465757727622986, -0.11178769916296005, 0.09525881707668304], [-1.4728577136993408, 1.4463727474212646, 0.7961091995239258, 2.3995208740234375, 2.668262481689453, 2.1167330741882324, 0.5939375758171082, -0.6568275094032288, 3.6566972732543945, 0.9653288125991821, -0.12735621631145477, -0.6609077453613281, -0.5091245770454407, 2.6554338932037354, -1.9508092403411865, 0.8197435736656189, -0.4124739468097687, 2.0665597915649414, -0.8512943983078003, 0.5912060141563416, -0.6447728276252747], [1.1618962287902832, -1.61434805393219, 1.0887880325317383, 6.019284248352051, 3.2355902194976807, 3.7039647102355957, 5.219827175140381, -0.5272970199584961, 0.9653288125991821, 5.7108964920043945, 0.8338480591773987, 2.0929722785949707, 1.6361054182052612, 1.062210202217102, -2.357739210128784, -3.2363064289093018, 0.5817679762840271, -0.11385367810726166, 1.5452715158462524, 4.138735771179199, 1.1295385360717773], [0.9759530425071716, 0.005755242891609669, -0.2485838383436203, 0.3641360402107239, 0.04887646436691284, 1.5057629346847534, 0.25121697783470154, 0.06417805701494217, -0.12735621631145477, 0.8338480591773987, 1.5995274782180786, 3.0543763637542725, 1.7993011474609375, -1.134474754333496, 2.1280810832977295, 0.278435081243515, -0.8251169919967651, -1.307578682899475, 2.4855127334594727, 1.6047072410583496, 1.3323689699172974], [2.6782562732696533, -0.15910837054252625, -0.7023541927337646, 0.9718776941299438, 0.36040636897087097, 3.9179537296295166, 0.18383467197418213, -0.15007580816745758, -0.6609077453613281, 2.0929722785949707, 3.0543763637542725, 6.168107986450195, 3.8907487392425537, -2.5569822788238525, 4.594095230102539, -0.41422775387763977, -2.0246999263763428, -3.0171825885772705, 4.811159133911133, 3.235915422439575, 2.685967206954956], [2.186068058013916, -0.09717191010713577, -0.5873490571975708, 0.8685105443000793, 0.5805044174194336, 3.3453707695007324, -0.23058445751667023, -0.36957329511642456, -0.5091245770454407, 1.6361054182052612, 1.7993011474609375, 3.8907487392425537, 2.655452013015747, -1.6993660926818848, 3.1277551651000977, -0.9478664398193359, -1.656131386756897, -2.107196569442749, 2.836503028869629, 2.037062168121338, 1.6578474044799805], [-2.0059452056884766, 0.38781070709228516, 1.1724326610565186, 2.491541862487793, 2.032017946243286, -0.0892786830663681, 2.0088675022125244, -0.2719162106513977, 2.6554338932037354, 1.062210202217102, -1.134474754333496, -2.5569822788238525, -1.6993660926818848, 2.994866132736206, -4.011919021606445, 0.12301356345415115, 1.1120823621749878, 2.6087913513183594, -2.077446937561035, 0.07590045034885406, -1.2217172384262085], [3.0841116905212402, 1.3196653127670288, -2.168553352355957, -4.034729957580566, -1.8156414031982422, 2.892361879348755, -5.638902187347412, -0.3617619276046753, -1.9508092403411865, -2.357739210128784, 2.1280810832977295, 4.594095230102539, 3.1277551651000977, -4.011919021606445, 7.748291969299316, 0.7943142652511597, -3.6735336780548096, -3.683562994003296, 3.1576483249664307, -0.4888274371623993, 1.7099896669387817], [-1.9082828760147095, 1.3378850221633911, -0.09102039784193039, -2.9514784812927246, -1.665856122970581, -2.806628465652466, -1.798796534538269, 0.7040141820907593, 0.8197435736656189, -3.2363064289093018, 0.278435081243515, -0.41422775387763977, -0.9478664398193359, 0.12301356345415115, 0.7943142652511597, 3.6301469802856445, 0.1385955959558487, 0.7797169089317322, 0.08739285916090012, -1.5570530891418457, -0.3324730098247528], [-1.6870639324188232, -1.4168658256530762, 1.061405062675476, 0.9339938163757324, -0.6333520412445068, -3.6537880897521973, 3.482307195663452, 0.8866422176361084, -0.4124739468097687, 0.5817679762840271, -0.8251169919967651, -2.0246999263763428, -1.656131386756897, 1.1120823621749878, -3.6735336780548096, 0.1385955959558487, 2.732757329940796, 1.3302838802337646, -0.900887131690979, 0.19180095195770264, -0.5032423138618469], [-2.284942626953125, 0.4205673933029175, 0.9935520887374878, 1.1402150392532349, 1.0262200832366943, -1.450873851776123, 1.3145551681518555, 0.01912202313542366, 2.0665597915649414, -0.11385367810726166, -1.307578682899475, -3.0171825885772705, -2.107196569442749, 2.6087913513183594, -3.683562994003296, 0.7797169089317322, 1.3302838802337646, 2.54341721534729, -2.2924909591674805, -0.7329310774803162, -1.3876099586486816], [1.6990551948547363, -0.5017810463905334, -0.35881128907203674, 0.6042352914810181, -0.2702062726020813, 1.831140398979187, 0.9617111682891846, 0.27465757727622986, -0.8512943983078003, 1.5452715158462524, 2.4855127334594727, 4.811159133911133, 2.836503028869629, -2.077446937561035, 3.1576483249664307, 0.08739285916090012, -0.900887131690979, -2.2924909591674805, 4.036507606506348, 2.6743857860565186, 2.215940475463867], [1.030233383178711, -1.1222635507583618, 0.6874719858169556, 4.093101978302002, 1.9351903200149536, 2.743788719177246, 3.94700288772583, -0.11178769916296005, 0.5912060141563416, 4.138735771179199, 1.6047072410583496, 3.235915422439575, 2.037062168121338, 0.07590045034885406, -0.4888274371623993, -1.5570530891418457, 0.19180095195770264, -0.7329310774803162, 2.6743857860565186, 3.7592380046844482, 1.5912425518035889], [1.160201072692871, -0.43944671750068665, -0.2129000872373581, 0.5477426648139954, -0.05578933656215668, 1.2274595499038696, 0.6696382164955139, 0.09525881707668304, -0.6447728276252747, 1.1295385360717773, 1.3323689699172974, 2.685967206954956, 1.6578474044799805, -1.2217172384262085, 1.7099896669387817, -0.3324730098247528, -0.5032423138618469, -1.3876099586486816, 2.215940475463867, 1.5912425518035889, 1.2588680982589722]], "type": "heatmap"}], "layout": {"template": {"data": {"histogram2dcontour": [{"type": "histogram2dcontour", "colorbar": {"outlinewidth": 0, "ticks": ""}, "colorscale": [[0.0, "#0d0887"], [0.1111111111111111, "#46039f"], [0.2222222222222222, "#7201a8"], [0.3333333333333333, "#9c179e"], [0.4444444444444444, "#bd3786"], [0.5555555555555556, "#d8576b"], [0.6666666666666666, "#ed7953"], [0.7777777777777778, "#fb9f3a"], [0.8888888888888888, "#fdca26"], [1.0, "#f0f921"]]}], "choropleth": [{"type": "choropleth", "colorbar": {"outlinewidth": 0, "ticks": ""}}], "histogram2d": [{"type": "histogram2d", "colorbar": {"outlinewidth": 0, "ticks": ""}, "colorscale": [[0.0, "#0d0887"], [0.1111111111111111, "#46039f"], [0.2222222222222222, "#7201a8"], [0.3333333333333333, "#9c179e"], [0.4444444444444444, "#bd3786"], [0.5555555555555556, "#d8576b"], [0.6666666666666666, "#ed7953"], [0.7777777777777778, "#fb9f3a"], [0.8888888888888888, "#fdca26"], [1.0, "#f0f921"]]}], "heatmap": [{"type": "heatmap", "colorbar": {"outlinewidth": 0, "ticks": ""}, "colorscale": [[0.0, "#0d0887"], [0.1111111111111111, "#46039f"], [0.2222222222222222, "#7201a8"], [0.3333333333333333, "#9c179e"], [0.4444444444444444, "#bd3786"], [0.5555555555555556, "#d8576b"], [0.6666666666666666, "#ed7953"], [0.7777777777777778, "#fb9f3a"], [0.8888888888888888, "#fdca26"], [1.0, "#f0f921"]]}], "heatmapgl": [{"type": "heatmapgl", "colorbar": {"outlinewidth": 0, "ticks": ""}, "colorscale": [[0.0, "#0d0887"], [0.1111111111111111, "#46039f"], [0.2222222222222222, "#7201a8"], [0.3333333333333333, "#9c179e"], [0.4444444444444444, "#bd3786"], [0.5555555555555556, "#d8576b"], [0.6666666666666666, "#ed7953"], [0.7777777777777778, "#fb9f3a"], [0.8888888888888888, "#fdca26"], [1.0, "#f0f921"]]}], "contourcarpet": [{"type": "contourcarpet", "colorbar": {"outlinewidth": 0, "ticks": ""}}], "contour": [{"type": "contour", "colorbar": {"outlinewidth": 0, "ticks": ""}, "colorscale": [[0.0, "#0d0887"], [0.1111111111111111, "#46039f"], [0.2222222222222222, "#7201a8"], [0.3333333333333333, "#9c179e"], [0.4444444444444444, "#bd3786"], [0.5555555555555556, "#d8576b"], [0.6666666666666666, "#ed7953"], [0.7777777777777778, "#fb9f3a"], [0.8888888888888888, "#fdca26"], [1.0, "#f0f921"]]}], "surface": [{"type": "surface", "colorbar": {"outlinewidth": 0, "ticks": ""}, "colorscale": [[0.0, "#0d0887"], [0.1111111111111111, "#46039f"], [0.2222222222222222, "#7201a8"], [0.3333333333333333, "#9c179e"], [0.4444444444444444, "#bd3786"], [0.5555555555555556, "#d8576b"], [0.6666666666666666, "#ed7953"], [0.7777777777777778, "#fb9f3a"], [0.8888888888888888, "#fdca26"], [1.0, "#f0f921"]]}], "mesh3d": [{"type": "mesh3d", "colorbar": {"outlinewidth": 0, "ticks": ""}}], "scatter": [{"fillpattern": {"fillmode": "overlay", "size": 10, "solidity": 0.2}, "type": "scatter"}], "parcoords": [{"type": "parcoords", "line": {"colorbar": {"outlinewidth": 0, "ticks": ""}}}], "scatterpolargl": [{"type": "scatterpolargl", "marker": {"colorbar": {"outlinewidth": 0, "ticks": ""}}}], "bar": [{"error_x": {"color": "#2a3f5f"}, "error_y": {"color": "#2a3f5f"}, "marker": {"line": {"color": "#E5ECF6", "width": 0.5}, "pattern": {"fillmode": "overlay", "size": 10, "solidity": 0.2}}, "type": "bar"}], "scattergeo": [{"type": "scattergeo", "marker": {"colorbar": {"outlinewidth": 0, "ticks": ""}}}], "scatterpolar": [{"type": "scatterpolar", "marker": {"colorbar": {"outlinewidth": 0, "ticks": ""}}}], "histogram": [{"marker": {"pattern": {"fillmode": "overlay", "size": 10, "solidity": 0.2}}, "type": "histogram"}], "scattergl": [{"type": "scattergl", "marker": {"colorbar": {"outlinewidth": 0, "ticks": ""}}}], "scatter3d": [{"type": "scatter3d", "line": {"colorbar": {"outlinewidth": 0, "ticks": ""}}, "marker": {"colorbar": {"outlinewidth": 0, "ticks": ""}}}], "scattermapbox": [{"type": "scattermapbox", "marker": {"colorbar": {"outlinewidth": 0, "ticks": ""}}}], "scatterternary": [{"type": "scatterternary", "marker": {"colorbar": {"outlinewidth": 0, "ticks": ""}}}], "scattercarpet": [{"type": "scattercarpet", "marker": {"colorbar": {"outlinewidth": 0, "ticks": ""}}}], "carpet": [{"aaxis": {"endlinecolor": "#2a3f5f", "gridcolor": "white", "linecolor": "white", "minorgridcolor": "white", "startlinecolor": "#2a3f5f"}, "baxis": {"endlinecolor": "#2a3f5f", "gridcolor": "white", "linecolor": "white", "minorgridcolor": "white", "startlinecolor": "#2a3f5f"}, "type": "carpet"}], "table": [{"cells": {"fill": {"color": "#EBF0F8"}, "line": {"color": "white"}}, "header": {"fill": {"color": "#C8D4E3"}, "line": {"color": "white"}}, "type": "table"}], "barpolar": [{"marker": {"line": {"color": "#E5ECF6", "width": 0.5}, "pattern": {"fillmode": "overlay", "size": 10, "solidity": 0.2}}, "type": "barpolar"}], "pie": [{"automargin": true, "type": "pie"}]}, "layout": {"autotypenumbers": "strict", "colorway": ["#636efa", "#EF553B", "#00cc96", "#ab63fa", "#FFA15A", "#19d3f3", "#FF6692", "#B6E880", "#FF97FF", "#FECB52"], "font": {"color": "#2a3f5f"}, "hovermode": "closest", "hoverlabel": {"align": "left"}, "paper_bgcolor": "white", "plot_bgcolor": "#E5ECF6", "polar": {"bgcolor": "#E5ECF6", "angularaxis": {"gridcolor": "white", "linecolor": "white", "ticks": ""}, "radialaxis": {"gridcolor": "white", "linecolor": "white", "ticks": ""}}, "ternary": {"bgcolor": "#E5ECF6", "aaxis": {"gridcolor": "white", "linecolor": "white", "ticks": ""}, "baxis": {"gridcolor": "white", "linecolor": "white", "ticks": ""}, "caxis": {"gridcolor": "white", "linecolor": "white", "ticks": ""}}, "coloraxis": {"colorbar": {"outlinewidth": 0, "ticks": ""}}, "colorscale": {"sequential": [[0.0, "#0d0887"], [0.1111111111111111, "#46039f"], [0.2222222222222222, "#7201a8"], [0.3333333333333333, "#9c179e"], [0.4444444444444444, "#bd3786"], [0.5555555555555556, "#d8576b"], [0.6666666666666666, "#ed7953"], [0.7777777777777778, "#fb9f3a"], [0.8888888888888888, "#fdca26"], [1.0, "#f0f921"]], "sequentialminus": [[0.0, "#0d0887"], [0.1111111111111111, "#46039f"], [0.2222222222222222, "#7201a8"], [0.3333333333333333, "#9c179e"], [0.4444444444444444, "#bd3786"], [0.5555555555555556, "#d8576b"], [0.6666666666666666, "#ed7953"], [0.7777777777777778, "#fb9f3a"], [0.8888888888888888, "#fdca26"], [1.0, "#f0f921"]], "diverging": [[0, "#8e0152"], [0.1, "#c51b7d"], [0.2, "#de77ae"], [0.3, "#f1b6da"], [0.4, "#fde0ef"], [0.5, "#f7f7f7"], [0.6, "#e6f5d0"], [0.7, "#b8e186"], [0.8, "#7fbc41"], [0.9, "#4d9221"], [1, "#276419"]]}, "xaxis": {"gridcolor": "white", "linecolor": "white", "ticks": "", "title": {"standoff": 15}, "zerolinecolor": "white", "automargin": true, "zerolinewidth": 2}, "yaxis": {"gridcolor": "white", "linecolor": "white", "ticks": "", "title": {"standoff": 15}, "zerolinecolor": "white", "automargin": true, "zerolinewidth": 2}, "scene": {"xaxis": {"backgroundcolor": "#E5ECF6", "gridcolor": "white", "linecolor": "white", "showbackground": true, "ticks": "", "zerolinecolor": "white", "gridwidth": 2}, "yaxis": {"backgroundcolor": "#E5ECF6", "gridcolor": "white", "linecolor": "white", "showbackground": true, "ticks": "", "zerolinecolor": "white", "gridwidth": 2}, "zaxis": {"backgroundcolor": "#E5ECF6", "gridcolor": "white", "linecolor": "white", "showbackground": true, "ticks": "", "zerolinecolor": "white", "gridwidth": 2}}, "shapedefaults": {"line": {"color": "#2a3f5f"}}, "annotationdefaults": {"arrowcolor": "#2a3f5f", "arrowhead": 0, "arrowwidth": 1}, "geo": {"bgcolor": "white", "landcolor": "#E5ECF6", "subunitcolor": "white", "showland": true, "showlakes": true, "lakecolor": "white"}, "title": {"x": 0.05}, "mapbox": {"style": "light"}}}}}