{"data": [{"z": [[2.7025723457336426, -0.38217177987098694, -0.894153892993927, 0.07681293040513992, 0.11421132832765579, 2.9901082515716553, -1.277674674987793, -0.4991002082824707, -1.6214011907577515, 1.0736854076385498, 0.8620131611824036, 2.5486271381378174, 2.1569888591766357, -2.030473232269287, 3.10335373878479, -1.9344725608825684, -1.6295263767242432, -2.269624948501587, 1.5206407308578491, 0.9053129553794861, 1.1129740476608276], [-0.38217177987098694, 1.6619220972061157, -0.44931158423423767, -1.3280665874481201, 0.313581258058548, 1.0507196187973022, -2.7431790828704834, -0.48523396253585815, 1.4097259044647217, -1.6802282333374023, -0.020855342969298363, -0.2504763901233673, -0.17994636297225952, 0.3511963486671448, 1.2854026556015015, 1.287168264389038, -1.4311360120773315, 0.3923654854297638, -0.5218517780303955, -1.2007039785385132, -0.48039722442626953], [-0.894153892993927, -0.44931158423423767, 0.6908955574035645, 1.4949493408203125, 0.6469808220863342, -0.6600174307823181, 2.069437026977539, 0.13673152029514313, 0.7172872424125671, 1.022533655166626, -0.30660280585289, -0.7978606224060059, -0.6561217308044434, 1.1260961294174194, -2.1937153339385986, -0.1497185230255127, 1.0642350912094116, 0.9643241167068481, -0.4153282940387726, 0.6025387644767761, -0.2535114288330078], [0.07681293040513992, -1.3280665874481201, 1.4949493408203125, 6.987031936645508, 4.176522731781006, 3.7311270236968994, 5.89701509475708, -0.7694377303123474, 2.4399189949035645, 6.024761199951172, 0.3650217652320862, 1.0252435207366943, 0.7850283980369568, 2.403808832168579, -4.127854824066162, -3.038187265396118, 0.8595708608627319, 1.0443413257598877, 0.6970785856246948, 4.128744125366211, 0.5391054153442383], [0.11421132832765579, 0.313581258058548, 0.6469808220863342, 4.176522731781006, 3.486941337585449, 4.054868698120117, 1.8610855340957642, -1.1102298498153687, 2.7218801975250244, 3.23997163772583, 0.06382113695144653, 0.39615434408187866, 0.5091748237609863, 1.9780386686325073, -1.8915972709655762, -1.7234452962875366, -0.6955196261405945, 0.9606954455375671, -0.17891590297222137, 1.9623281955718994, -0.06404095888137817], [2.9901082515716553, 1.0507196187973022, -0.6600174307823181, 3.7311270236968994, 4.054868698120117, 8.655991554260254, -1.133607029914856, -2.033687114715576, 2.1431543827056885, 3.705425500869751, 1.504390001296997, 3.9608683586120605, 3.2610726356506348, -0.178075909614563, 2.8041958808898926, -2.89931321144104, -3.7198362350463867, -1.5441707372665405, 1.9027588367462158, 2.767825126647949, 1.215361475944519], [-1.277674674987793, -2.7431790828704834, 2.069437026977539, 5.89701509475708, 1.8610855340957642, -1.133607029914856, 8.344531059265137, 0.6542196869850159, 0.791171669960022, 5.236274242401123, 0.3059072196483612, 0.2906292974948883, -0.2790796756744385, 2.0209038257598877, -5.731025695800781, -1.7440730333328247, 3.4021780490875244, 1.304655909538269, 1.0772972106933594, 4.035916328430176, 0.6763795614242554], [-0.4991002082824707, -0.48523396253585815, 0.13673152029514313, -0.7694377303123474, -1.1102298498153687, -2.033687114715576, 0.6542196869850159, 0.5904543995857239, -0.7716436386108398, -0.5880206227302551, 0.00022239908867049962, -0.2547827661037445, -0.40426528453826904, -0.30603641271591187, -0.35374611616134644, 0.6553385853767395, 0.917563796043396, 0.007615657057613134, 0.17826539278030396, -0.20322374999523163, 0.061490025371313095], [-1.6214011907577515, 1.4097259044647217, 0.7172872424125671, 2.4399189949035645, 2.7218801975250244, 2.1431543827056885, 0.791171669960022, -0.7716436386108398, 3.8929460048675537, 1.0481383800506592, 0.021623557433485985, -0.47741279006004333, -0.5595799684524536, 2.624265670776367, -2.049241065979004, 0.8060052394866943, -0.5478824973106384, 1.9826699495315552, -0.5658435821533203, 0.7507514357566833, -0.6044310927391052], [1.0736854076385498, -1.6802282333374023, 1.022533655166626, 6.024761199951172, 3.23997163772583, 3.705425500869751, 5.236274242401123, -0.5880206227302551, 1.0481383800506592, 5.737459659576416, 0.8479777574539185, 2.180724859237671, 1.5938177108764648, 1.0174845457077026, -2.433168411254883, -3.267853021621704, 0.5189183950424194, -0.1695663183927536, 1.6243879795074463, 4.204801082611084, 1.135176658630371], [0.8620131611824036, -0.020855342969298363, -0.30660280585289, 0.3650217652320862, 0.06382113695144653, 1.504390001296997, 0.3059072196483612, 0.00022239908867049962, 0.021623557433485985, 0.8479777574539185, 1.6741247177124023, 3.161181688308716, 1.7567449808120728, -1.1591321229934692, 2.064033031463623, 0.2965223789215088, -0.9043331742286682, -1.3509207963943481, 2.6055431365966797, 1.683903455734253, 1.3464277982711792], [2.5486271381378174, -0.2504763901233673, -0.7978606224060059, 1.0252435207366943, 0.39615434408187866, 3.9608683586120605, 0.2906292974948883, -0.2547827661037445, -0.47741279006004333, 2.180724859237671, 3.161181688308716, 6.3658294677734375, 3.8549351692199707, -2.6238746643066406, 4.490436553955078, -0.46464642882347107, -2.1424853801727295, -3.1190526485443115, 4.9958696365356445, 3.3983891010284424, 2.7245235443115234], [2.1569888591766357, -0.17994636297225952, -0.6561217308044434, 0.7850283980369568, 0.5091748237609863, 3.2610726356506348, -0.2790796756744385, -0.40426528453826904, -0.5595799684524536, 1.5938177108764648, 1.7567449808120728, 3.8549351692199707, 2.5832653045654297, -1.7753634452819824, 3.0765812397003174, -1.0280407667160034, -1.6754882335662842, -2.1683521270751953, 2.798032283782959, 1.9955075979232788, 1.6281481981277466], [-2.030473232269287, 0.3511963486671448, 1.1260961294174194, 2.403808832168579, 1.9780386686325073, -0.178075909614563, 2.0209038257598877, -0.30603641271591187, 2.624265670776367, 1.0174845457077026, -1.1591321229934692, -2.6238746643066406, -1.7753634452819824, 2.9534878730773926, -4.052076816558838, 0.06461124122142792, 1.0906529426574707, 2.5701396465301514, -2.0612456798553467, 0.02080300822854042, -1.2533999681472778], [3.10335373878479, 1.2854026556015015, -2.1937153339385986, -4.127854824066162, -1.8915972709655762, 2.8041958808898926, -5.731025695800781, -0.35374611616134644, -2.049241065979004, -2.433168411254883, 2.064033031463623, 4.490436553955078, 3.0765812397003174, -4.052076816558838, 7.742641925811768, 0.747505784034729, -3.6488397121429443, -3.6962006092071533, 3.03377366065979, -0.5867679119110107, 1.667845606803894], [-1.9344725608825684, 1.287168264389038, -0.1497185230255127, -3.038187265396118, -1.7234452962875366, -2.89931321144104, -1.7440730333328247, 0.6553385853767395, 0.8060052394866943, -3.267853021621704, 0.2965223789215088, -0.46464642882347107, -1.0280407667160034, 0.06461124122142792, 0.747505784034729, 3.5484910011291504, 0.10248144716024399, 0.7169877886772156, 0.12716102600097656, -1.591996431350708, -0.3559955954551697], [-1.6295263767242432, -1.4311360120773315, 1.0642350912094116, 0.8595708608627319, -0.6955196261405945, -3.7198362350463867, 3.4021780490875244, 0.917563796043396, -0.5478824973106384, 0.5189183950424194, -0.9043331742286682, -2.1424853801727295, -1.6754882335662842, 1.0906529426574707, -3.6488397121429443, 0.10248144716024399, 2.7796497344970703, 1.3346067667007446, -1.0143502950668335, 0.09034403413534164, -0.5366412997245789], [-2.269624948501587, 0.3923654854297638, 0.9643241167068481, 1.0443413257598877, 0.9606954455375671, -1.5441707372665405, 1.304655909538269, 0.007615657057613134, 1.9826699495315552, -0.1695663183927536, -1.3509207963943481, -3.1190526485443115, -2.1683521270751953, 2.5701396465301514, -3.6962006092071533, 0.7169877886772156, 1.3346067667007446, 2.515331983566284, -2.319124937057495, -0.8169932961463928, -1.422934651374817], [1.5206407308578491, -0.5218517780303955, -0.4153282940387726, 0.6970785856246948, -0.17891590297222137, 1.9027588367462158, 1.0772972106933594, 0.17826539278030396, -0.5658435821533203, 1.6243879795074463, 2.6055431365966797, 4.9958696365356445, 2.798032283782959, -2.0612456798553467, 3.03377366065979, 0.12716102600097656, -1.0143502950668335, -2.319124937057495, 4.212161540985107, 2.8417649269104004, 2.2449636459350586], [0.9053129553794861, -1.2007039785385132, 0.6025387644767761, 4.128744125366211, 1.9623281955718994, 2.767825126647949, 4.035916328430176, -0.20322374999523163, 0.7507514357566833, 4.204801082611084, 1.683903455734253, 3.3983891010284424, 1.9955075979232788, 0.02080300822854042, -0.5867679119110107, -1.591996431350708, 0.09034403413534164, -0.8169932961463928, 2.8417649269104004, 3.892198085784912, 1.6196073293685913], [1.1129740476608276, -0.48039722442626953, -0.2535114288330078, 0.5391054153442383, -0.06404095888137817, 1.215361475944519, 0.6763795614242554, 0.061490025371313095, -0.6044310927391052, 1.135176658630371, 1.3464277982711792, 2.7245235443115234, 1.6281481981277466, -1.2533999681472778, 1.667845606803894, -0.3559955954551697, -0.5366412997245789, -1.422934651374817, 2.2449636459350586, 1.6196073293685913, 1.2588680982589722]], "type": "heatmap"}], "layout": {"template": {"data": {"histogram2dcontour": [{"type": "histogram2dcontour", "colorbar": {"outlinewidth": 0, "ticks": ""}, "colorscale": [[0.0, "#0d0887"], [0.1111111111111111, "#46039f"], [0.2222222222222222, "#7201a8"], [0.3333333333333333, "#9c179e"], [0.4444444444444444, "#bd3786"], [0.5555555555555556, "#d8576b"], [0.6666666666666666, "#ed7953"], [0.7777777777777778, "#fb9f3a"], [0.8888888888888888, "#fdca26"], [1.0, "#f0f921"]]}], "choropleth": [{"type": "choropleth", "colorbar": {"outlinewidth": 0, "ticks": ""}}], "histogram2d": [{"type": "histogram2d", "colorbar": {"outlinewidth": 0, "ticks": ""}, "colorscale": [[0.0, "#0d0887"], [0.1111111111111111, "#46039f"], [0.2222222222222222, "#7201a8"], [0.3333333333333333, "#9c179e"], [0.4444444444444444, "#bd3786"], [0.5555555555555556, "#d8576b"], [0.6666666666666666, "#ed7953"], [0.7777777777777778, "#fb9f3a"], [0.8888888888888888, "#fdca26"], [1.0, "#f0f921"]]}], "heatmap": [{"type": "heatmap", "colorbar": {"outlinewidth": 0, "ticks": ""}, "colorscale": [[0.0, "#0d0887"], [0.1111111111111111, "#46039f"], [0.2222222222222222, "#7201a8"], [0.3333333333333333, "#9c179e"], [0.4444444444444444, "#bd3786"], [0.5555555555555556, "#d8576b"], [0.6666666666666666, "#ed7953"], [0.7777777777777778, "#fb9f3a"], [0.8888888888888888, "#fdca26"], [1.0, "#f0f921"]]}], "heatmapgl": [{"type": "heatmapgl", "colorbar": {"outlinewidth": 0, "ticks": ""}, "colorscale": [[0.0, "#0d0887"], [0.1111111111111111, "#46039f"], [0.2222222222222222, "#7201a8"], [0.3333333333333333, "#9c179e"], [0.4444444444444444, "#bd3786"], [0.5555555555555556, "#d8576b"], [0.6666666666666666, "#ed7953"], [0.7777777777777778, "#fb9f3a"], [0.8888888888888888, "#fdca26"], [1.0, "#f0f921"]]}], "contourcarpet": [{"type": "contourcarpet", "colorbar": {"outlinewidth": 0, "ticks": ""}}], "contour": [{"type": "contour", "colorbar": {"outlinewidth": 0, "ticks": ""}, "colorscale": [[0.0, "#0d0887"], [0.1111111111111111, "#46039f"], [0.2222222222222222, "#7201a8"], [0.3333333333333333, "#9c179e"], [0.4444444444444444, "#bd3786"], [0.5555555555555556, "#d8576b"], [0.6666666666666666, "#ed7953"], [0.7777777777777778, "#fb9f3a"], [0.8888888888888888, "#fdca26"], [1.0, "#f0f921"]]}], "surface": [{"type": "surface", "colorbar": {"outlinewidth": 0, "ticks": ""}, "colorscale": [[0.0, "#0d0887"], [0.1111111111111111, "#46039f"], [0.2222222222222222, "#7201a8"], [0.3333333333333333, "#9c179e"], [0.4444444444444444, "#bd3786"], [0.5555555555555556, "#d8576b"], [0.6666666666666666, "#ed7953"], [0.7777777777777778, "#fb9f3a"], [0.8888888888888888, "#fdca26"], [1.0, "#f0f921"]]}], "mesh3d": [{"type": "mesh3d", "colorbar": {"outlinewidth": 0, "ticks": ""}}], "scatter": [{"fillpattern": {"fillmode": "overlay", "size": 10, "solidity": 0.2}, "type": "scatter"}], "parcoords": [{"type": "parcoords", "line": {"colorbar": {"outlinewidth": 0, "ticks": ""}}}], "scatterpolargl": [{"type": "scatterpolargl", "marker": {"colorbar": {"outlinewidth": 0, "ticks": ""}}}], "bar": [{"error_x": {"color": "#2a3f5f"}, "error_y": {"color": "#2a3f5f"}, "marker": {"line": {"color": "#E5ECF6", "width": 0.5}, "pattern": {"fillmode": "overlay", "size": 10, "solidity": 0.2}}, "type": "bar"}], "scattergeo": [{"type": "scattergeo", "marker": {"colorbar": {"outlinewidth": 0, "ticks": ""}}}], "scatterpolar": [{"type": "scatterpolar", "marker": {"colorbar": {"outlinewidth": 0, "ticks": ""}}}], "histogram": [{"marker": {"pattern": {"fillmode": "overlay", "size": 10, "solidity": 0.2}}, "type": "histogram"}], "scattergl": [{"type": "scattergl", "marker": {"colorbar": {"outlinewidth": 0, "ticks": ""}}}], "scatter3d": [{"type": "scatter3d", "line": {"colorbar": {"outlinewidth": 0, "ticks": ""}}, "marker": {"colorbar": {"outlinewidth": 0, "ticks": ""}}}], "scattermapbox": [{"type": "scattermapbox", "marker": {"colorbar": {"outlinewidth": 0, "ticks": ""}}}], "scatterternary": [{"type": "scatterternary", "marker": {"colorbar": {"outlinewidth": 0, "ticks": ""}}}], "scattercarpet": [{"type": "scattercarpet", "marker": {"colorbar": {"outlinewidth": 0, "ticks": ""}}}], "carpet": [{"aaxis": {"endlinecolor": "#2a3f5f", "gridcolor": "white", "linecolor": "white", "minorgridcolor": "white", "startlinecolor": "#2a3f5f"}, "baxis": {"endlinecolor": "#2a3f5f", "gridcolor": "white", "linecolor": "white", "minorgridcolor": "white", "startlinecolor": "#2a3f5f"}, "type": "carpet"}], "table": [{"cells": {"fill": {"color": "#EBF0F8"}, "line": {"color": "white"}}, "header": {"fill": {"color": "#C8D4E3"}, "line": {"color": "white"}}, "type": "table"}], "barpolar": [{"marker": {"line": {"color": "#E5ECF6", "width": 0.5}, "pattern": {"fillmode": "overlay", "size": 10, "solidity": 0.2}}, "type": "barpolar"}], "pie": [{"automargin": true, "type": "pie"}]}, "layout": {"autotypenumbers": "strict", "colorway": ["#636efa", "#EF553B", "#00cc96", "#ab63fa", "#FFA15A", "#19d3f3", "#FF6692", "#B6E880", "#FF97FF", "#FECB52"], "font": {"color": "#2a3f5f"}, "hovermode": "closest", "hoverlabel": {"align": "left"}, "paper_bgcolor": "white", "plot_bgcolor": "#E5ECF6", "polar": {"bgcolor": "#E5ECF6", "angularaxis": {"gridcolor": "white", "linecolor": "white", "ticks": ""}, "radialaxis": {"gridcolor": "white", "linecolor": "white", "ticks": ""}}, "ternary": {"bgcolor": "#E5ECF6", "aaxis": {"gridcolor": "white", "linecolor": "white", "ticks": ""}, "baxis": {"gridcolor": "white", "linecolor": "white", "ticks": ""}, "caxis": {"gridcolor": "white", "linecolor": "white", "ticks": ""}}, "coloraxis": {"colorbar": {"outlinewidth": 0, "ticks": ""}}, "colorscale": {"sequential": [[0.0, "#0d0887"], [0.1111111111111111, "#46039f"], [0.2222222222222222, "#7201a8"], [0.3333333333333333, "#9c179e"], [0.4444444444444444, "#bd3786"], [0.5555555555555556, "#d8576b"], [0.6666666666666666, "#ed7953"], [0.7777777777777778, "#fb9f3a"], [0.8888888888888888, "#fdca26"], [1.0, "#f0f921"]], "sequentialminus": [[0.0, "#0d0887"], [0.1111111111111111, "#46039f"], [0.2222222222222222, "#7201a8"], [0.3333333333333333, "#9c179e"], [0.4444444444444444, "#bd3786"], [0.5555555555555556, "#d8576b"], [0.6666666666666666, "#ed7953"], [0.7777777777777778, "#fb9f3a"], [0.8888888888888888, "#fdca26"], [1.0, "#f0f921"]], "diverging": [[0, "#8e0152"], [0.1, "#c51b7d"], [0.2, "#de77ae"], [0.3, "#f1b6da"], [0.4, "#fde0ef"], [0.5, "#f7f7f7"], [0.6, "#e6f5d0"], [0.7, "#b8e186"], [0.8, "#7fbc41"], [0.9, "#4d9221"], [1, "#276419"]]}, "xaxis": {"gridcolor": "white", "linecolor": "white", "ticks": "", "title": {"standoff": 15}, "zerolinecolor": "white", "automargin": true, "zerolinewidth": 2}, "yaxis": {"gridcolor": "white", "linecolor": "white", "ticks": "", "title": {"standoff": 15}, "zerolinecolor": "white", "automargin": true, "zerolinewidth": 2}, "scene": {"xaxis": {"backgroundcolor": "#E5ECF6", "gridcolor": "white", "linecolor": "white", "showbackground": true, "ticks": "", "zerolinecolor": "white", "gridwidth": 2}, "yaxis": {"backgroundcolor": "#E5ECF6", "gridcolor": "white", "linecolor": "white", "showbackground": true, "ticks": "", "zerolinecolor": "white", "gridwidth": 2}, "zaxis": {"backgroundcolor": "#E5ECF6", "gridcolor": "white", "linecolor": "white", "showbackground": true, "ticks": "", "zerolinecolor": "white", "gridwidth": 2}}, "shapedefaults": {"line": {"color": "#2a3f5f"}}, "annotationdefaults": {"arrowcolor": "#2a3f5f", "arrowhead": 0, "arrowwidth": 1}, "geo": {"bgcolor": "white", "landcolor": "#E5ECF6", "subunitcolor": "white", "showland": true, "showlakes": true, "lakecolor": "white"}, "title": {"x": 0.05}, "mapbox": {"style": "light"}}}}}