{"data": [{"z": [[2.7127201557159424, -0.3677835762500763, -0.9078853130340576, -0.1753237247467041, -0.04045652598142624, 2.756150722503662, -1.6351494789123535, -0.44814634323120117, -1.8047970533370972, 0.81856369972229, 0.6495634317398071, 2.207772970199585, 2.0056190490722656, -2.0310518741607666, 3.086466073989868, -1.9322357177734375, -1.5388939380645752, -2.197833776473999, 1.1226073503494263, 0.5965309739112854, 0.9684397578239441], [-0.3677835762500763, 1.7010135650634766, -0.4526054561138153, -1.5824016332626343, 0.17112566530704498, 0.8139621615409851, -2.9422459602355957, -0.43382251262664795, 1.2624211311340332, -1.9289920330047607, -0.18157784640789032, -0.5863478183746338, -0.3309452533721924, 0.36669641733169556, 1.2810324430465698, 1.3051869869232178, -1.3424618244171143, 0.4742390811443329, -0.7957788705825806, -1.493994116783142, -0.6212584376335144], [-0.9078853130340576, -0.4526054561138153, 0.653967559337616, 1.228186011314392, 0.4827975630760193, -0.9115015864372253, 1.8634790182113647, 0.15801337361335754, 0.538593053817749, 0.7772389054298401, -0.4979015290737152, -1.1366047859191895, -0.8289895057678223, 1.1056104898452759, -2.229301929473877, -0.17190760374069214, 1.1239813566207886, 1.0071711540222168, -0.6868544220924377, 0.30410319566726685, -0.39090707898139954], [-0.1753237247467041, -1.5824016332626343, 1.228186011314392, 6.655327320098877, 3.892940044403076, 3.392285108566284, 5.877956390380859, -0.9925498962402344, 2.1736927032470703, 5.823896884918213, 0.10529835522174835, 0.7447614073753357, 0.456513375043869, 2.1539928913116455, -4.386661052703857, -3.302556276321411, 0.6670335531234741, 0.8238124847412109, 0.7833061218261719, 3.8697352409362793, 0.45031848549842834], [-0.04045652598142624, 0.17112566530704498, 0.4827975630760193, 3.892940044403076, 3.269481658935547, 3.7694156169891357, 1.796016812324524, -1.2324327230453491, 2.517434597015381, 3.0402865409851074, -0.14635726809501648, 0.1159852147102356, 0.2555656135082245, 1.8330233097076416, -2.057260751724243, -1.8791584968566895, -0.7856597304344177, 0.8549251556396484, -0.20120276510715485, 1.711746096611023, -0.1649160087108612], [2.756150722503662, 0.8139621615409851, -0.9115015864372253, 3.392285108566284, 3.7694156169891357, 8.312849044799805, -1.2265939712524414, -2.237847328186035, 1.8733742237091064, 3.484835147857666, 1.239636778831482, 3.6632070541381836, 2.93632435798645, -0.41419997811317444, 2.559117078781128, -3.148897647857666, -3.891063928604126, -1.7416348457336426, 1.9380707740783691, 2.4902236461639404, 1.1150649785995483], [-1.6351494789123535, -2.9422459602355957, 1.8634790182113647, 5.877956390380859, 1.796016812324524, -1.2265939712524414, 8.636039733886719, 0.39824968576431274, 0.8631826639175415, 5.277597427368164, 0.2791357934474945, 0.36542344093322754, -0.46657299995422363, 1.873872995376587, -6.0279107093811035, -1.874823808670044, 3.1394386291503906, 1.1064865589141846, 1.491065502166748, 4.114365100860596, 0.7235763669013977], [-0.44814634323120117, -0.43382251262664795, 0.15801337361335754, -0.9925498962402344, -1.2324327230453491, -2.237847328186035, 0.39824968576431274, 0.6697837114334106, -0.9234736561775208, -0.8211317658424377, -0.1622605174779892, -0.5769286155700684, -0.5201078653335571, -0.2738332152366638, -0.331809401512146, 0.6858386993408203, 1.034704566001892, 0.10581976175308228, -0.1773691475391388, -0.48517924547195435, -0.07412199676036835], [-1.8047970533370972, 1.2624211311340332, 0.538593053817749, 2.1736927032470703, 2.517434597015381, 1.8733742237091064, 0.8631826639175415, -0.9234736561775208, 3.7309789657592773, 0.8734883069992065, -0.13714313507080078, -0.7120489478111267, -0.8126952052116394, 2.469911813735962, -2.226444959640503, 0.6468343138694763, -0.677119791507721, 1.8524826765060425, -0.44438859820365906, 0.543316662311554, -0.6833114624023438], [0.81856369972229, -1.9289920330047607, 0.7772389054298401, 5.823896884918213, 3.0402865409851074, 3.484835147857666, 5.277597427368164, -0.8211317658424377, 0.8734883069992065, 5.64479398727417, 0.6607974767684937, 2.0383548736572266, 1.336698293685913, 0.7915501594543457, -2.6920440196990967, -3.5186169147491455, 0.30348068475723267, -0.3956145942211151, 1.7899847030639648, 4.07390832901001, 1.1003248691558838], [0.6495634317398071, -0.18157784640789032, -0.4979015290737152, 0.10529835522174835, -0.14635726809501648, 1.239636778831482, 0.2791357934474945, -0.1622605174779892, -0.13714313507080078, 0.6607974767684937, 1.502556562423706, 2.9445934295654297, 1.5030375719070435, -1.3252655267715454, 1.8719087839126587, 0.14528325200080872, -1.050105333328247, -1.4941551685333252, 2.6687045097351074, 1.4787653684616089, 1.274576187133789], [2.207772970199585, -0.5863478183746338, -1.1366047859191895, 0.7447614073753357, 0.1159852147102356, 3.6632070541381836, 0.36542344093322754, -0.5769286155700684, -0.7120489478111267, 2.0383548736572266, 2.9445934295654297, 6.189286231994629, 3.5144004821777344, -2.9455597400665283, 4.156427383422852, -0.8047763109207153, -2.4498279094696045, -3.443308115005493, 5.265620708465576, 3.2252209186553955, 2.6879353523254395], [2.0056190490722656, -0.3309452533721924, -0.8289895057678223, 0.456513375043869, 0.2555656135082245, 2.93632435798645, -0.46657299995422363, -0.5201078653335571, -0.8126952052116394, 1.336698293685913, 1.5030375719070435, 3.5144004821777344, 2.30601167678833, -1.933030605316162, 2.9077022075653076, -1.1925455331802368, -1.7539142370224, -2.2735867500305176, 2.6612491607666016, 1.6831446886062622, 1.5040698051452637], [-2.0310518741607666, 0.36669641733169556, 1.1056104898452759, 2.1539928913116455, 1.8330233097076416, -0.41419997811317444, 1.873872995376587, -0.2738332152366638, 2.469911813735962, 0.7915501594543457, -1.3252655267715454, -2.9455597400665283, -1.933030605316162, 2.951005697250366, -4.073357582092285, 0.05843900889158249, 1.1603931188583374, 2.628124475479126, -2.2895736694335938, -0.25672447681427, -1.385537028312683], [3.086466073989868, 1.2810324430465698, -2.229301929473877, -4.386661052703857, -2.057260751724243, 2.559117078781128, -6.0279107093811035, -0.331809401512146, -2.226444959640503, -2.6920440196990967, 1.8719087839126587, 4.156427383422852, 2.9077022075653076, -4.073357582092285, 7.703068256378174, 0.7287666201591492, -3.5895838737487793, -3.6515159606933594, 2.7134299278259277, -0.8882224559783936, 1.5305143594741821], [-1.9322357177734375, 1.3051869869232178, -0.17190760374069214, -3.302556276321411, -1.8791584968566895, -3.148897647857666, -1.874823808670044, 0.6858386993408203, 0.6468343138694763, -3.5186169147491455, 0.14528325200080872, -0.8047763109207153, -1.1925455331802368, 0.05843900889158249, 0.7287666201591492, 3.539806842803955, 0.17036379873752594, 0.7713247537612915, -0.09400816261768341, -1.8854893445968628, -0.49176451563835144], [-1.5388939380645752, -1.3424618244171143, 1.1239813566207886, 0.6670335531234741, -0.7856597304344177, -3.891063928604126, 3.1394386291503906, 1.034704566001892, -0.677119791507721, 0.30348068475723267, -1.050105333328247, -2.4498279094696045, -1.7539142370224, 1.1603931188583374, -3.5895838737487793, 0.17036379873752594, 2.9340577125549316, 1.4706774950027466, -1.4110418558120728, -0.1751447468996048, -0.670037031173706], [-2.197833776473999, 0.4742390811443329, 1.0071711540222168, 0.8238124847412109, 0.8549251556396484, -1.7416348457336426, 1.1064865589141846, 0.10581976175308228, 1.8524826765060425, -0.3956145942211151, -1.4941551685333252, -3.443308115005493, -2.2735867500305176, 2.628124475479126, -3.6515159606933594, 0.7713247537612915, 1.4706774950027466, 2.64052152633667, -2.6426010131835938, -1.0943840742111206, -1.5626325607299805], [1.1226073503494263, -0.7957788705825806, -0.6868544220924377, 0.7833061218261719, -0.20120276510715485, 1.9380707740783691, 1.491065502166748, -0.1773691475391388, -0.44438859820365906, 1.7899847030639648, 2.6687045097351074, 5.265620708465576, 2.6612491607666016, -2.2895736694335938, 2.7134299278259277, -0.09400816261768341, -1.4110418558120728, -2.6426010131835938, 4.881995677947998, 3.0737218856811523, 2.3793907165527344], [0.5965309739112854, -1.493994116783142, 0.30410319566726685, 3.8697352409362793, 1.711746096611023, 2.4902236461639404, 4.114365100860596, -0.48517924547195435, 0.543316662311554, 4.07390832901001, 1.4787653684616089, 3.2252209186553955, 1.6831446886062622, -0.25672447681427, -0.8882224559783936, -1.8854893445968628, -0.1751447468996048, -1.0943840742111206, 3.0737218856811523, 3.7279622554779053, 1.5792192220687866], [0.9684397578239441, -0.6212584376335144, -0.39090707898139954, 0.45031848549842834, -0.1649160087108612, 1.1150649785995483, 0.7235763669013977, -0.07412199676036835, -0.6833114624023438, 1.1003248691558838, 1.274576187133789, 2.6879353523254395, 1.5040698051452637, -1.385537028312683, 1.5305143594741821, -0.49176451563835144, -0.670037031173706, -1.5626325607299805, 2.3793907165527344, 1.5792192220687866, 1.2588680982589722]], "type": "heatmap"}], "layout": {"template": {"data": {"histogram2dcontour": [{"type": "histogram2dcontour", "colorbar": {"outlinewidth": 0, "ticks": ""}, "colorscale": [[0.0, "#0d0887"], [0.1111111111111111, "#46039f"], [0.2222222222222222, "#7201a8"], [0.3333333333333333, "#9c179e"], [0.4444444444444444, "#bd3786"], [0.5555555555555556, "#d8576b"], [0.6666666666666666, "#ed7953"], [0.7777777777777778, "#fb9f3a"], [0.8888888888888888, "#fdca26"], [1.0, "#f0f921"]]}], "choropleth": [{"type": "choropleth", "colorbar": {"outlinewidth": 0, "ticks": ""}}], "histogram2d": [{"type": "histogram2d", "colorbar": {"outlinewidth": 0, "ticks": ""}, "colorscale": [[0.0, "#0d0887"], [0.1111111111111111, "#46039f"], [0.2222222222222222, "#7201a8"], [0.3333333333333333, "#9c179e"], [0.4444444444444444, "#bd3786"], [0.5555555555555556, "#d8576b"], [0.6666666666666666, "#ed7953"], [0.7777777777777778, "#fb9f3a"], [0.8888888888888888, "#fdca26"], [1.0, "#f0f921"]]}], "heatmap": [{"type": "heatmap", "colorbar": {"outlinewidth": 0, "ticks": ""}, "colorscale": [[0.0, "#0d0887"], [0.1111111111111111, "#46039f"], [0.2222222222222222, "#7201a8"], [0.3333333333333333, "#9c179e"], [0.4444444444444444, "#bd3786"], [0.5555555555555556, "#d8576b"], [0.6666666666666666, "#ed7953"], [0.7777777777777778, "#fb9f3a"], [0.8888888888888888, "#fdca26"], [1.0, "#f0f921"]]}], "heatmapgl": [{"type": "heatmapgl", "colorbar": {"outlinewidth": 0, "ticks": ""}, "colorscale": [[0.0, "#0d0887"], [0.1111111111111111, "#46039f"], [0.2222222222222222, "#7201a8"], [0.3333333333333333, "#9c179e"], [0.4444444444444444, "#bd3786"], [0.5555555555555556, "#d8576b"], [0.6666666666666666, "#ed7953"], [0.7777777777777778, "#fb9f3a"], [0.8888888888888888, "#fdca26"], [1.0, "#f0f921"]]}], "contourcarpet": [{"type": "contourcarpet", "colorbar": {"outlinewidth": 0, "ticks": ""}}], "contour": [{"type": "contour", "colorbar": {"outlinewidth": 0, "ticks": ""}, "colorscale": [[0.0, "#0d0887"], [0.1111111111111111, "#46039f"], [0.2222222222222222, "#7201a8"], [0.3333333333333333, "#9c179e"], [0.4444444444444444, "#bd3786"], [0.5555555555555556, "#d8576b"], [0.6666666666666666, "#ed7953"], [0.7777777777777778, "#fb9f3a"], [0.8888888888888888, "#fdca26"], [1.0, "#f0f921"]]}], "surface": [{"type": "surface", "colorbar": {"outlinewidth": 0, "ticks": ""}, "colorscale": [[0.0, "#0d0887"], [0.1111111111111111, "#46039f"], [0.2222222222222222, "#7201a8"], [0.3333333333333333, "#9c179e"], [0.4444444444444444, "#bd3786"], [0.5555555555555556, "#d8576b"], [0.6666666666666666, "#ed7953"], [0.7777777777777778, "#fb9f3a"], [0.8888888888888888, "#fdca26"], [1.0, "#f0f921"]]}], "mesh3d": [{"type": "mesh3d", "colorbar": {"outlinewidth": 0, "ticks": ""}}], "scatter": [{"fillpattern": {"fillmode": "overlay", "size": 10, "solidity": 0.2}, "type": "scatter"}], "parcoords": [{"type": "parcoords", "line": {"colorbar": {"outlinewidth": 0, "ticks": ""}}}], "scatterpolargl": [{"type": "scatterpolargl", "marker": {"colorbar": {"outlinewidth": 0, "ticks": ""}}}], "bar": [{"error_x": {"color": "#2a3f5f"}, "error_y": {"color": "#2a3f5f"}, "marker": {"line": {"color": "#E5ECF6", "width": 0.5}, "pattern": {"fillmode": "overlay", "size": 10, "solidity": 0.2}}, "type": "bar"}], "scattergeo": [{"type": "scattergeo", "marker": {"colorbar": {"outlinewidth": 0, "ticks": ""}}}], "scatterpolar": [{"type": "scatterpolar", "marker": {"colorbar": {"outlinewidth": 0, "ticks": ""}}}], "histogram": [{"marker": {"pattern": {"fillmode": "overlay", "size": 10, "solidity": 0.2}}, "type": "histogram"}], "scattergl": [{"type": "scattergl", "marker": {"colorbar": {"outlinewidth": 0, "ticks": ""}}}], "scatter3d": [{"type": "scatter3d", "line": {"colorbar": {"outlinewidth": 0, "ticks": ""}}, "marker": {"colorbar": {"outlinewidth": 0, "ticks": ""}}}], "scattermapbox": [{"type": "scattermapbox", "marker": {"colorbar": {"outlinewidth": 0, "ticks": ""}}}], "scatterternary": [{"type": "scatterternary", "marker": {"colorbar": {"outlinewidth": 0, "ticks": ""}}}], "scattercarpet": [{"type": "scattercarpet", "marker": {"colorbar": {"outlinewidth": 0, "ticks": ""}}}], "carpet": [{"aaxis": {"endlinecolor": "#2a3f5f", "gridcolor": "white", "linecolor": "white", "minorgridcolor": "white", "startlinecolor": "#2a3f5f"}, "baxis": {"endlinecolor": "#2a3f5f", "gridcolor": "white", "linecolor": "white", "minorgridcolor": "white", "startlinecolor": "#2a3f5f"}, "type": "carpet"}], "table": [{"cells": {"fill": {"color": "#EBF0F8"}, "line": {"color": "white"}}, "header": {"fill": {"color": "#C8D4E3"}, "line": {"color": "white"}}, "type": "table"}], "barpolar": [{"marker": {"line": {"color": "#E5ECF6", "width": 0.5}, "pattern": {"fillmode": "overlay", "size": 10, "solidity": 0.2}}, "type": "barpolar"}], "pie": [{"automargin": true, "type": "pie"}]}, "layout": {"autotypenumbers": "strict", "colorway": ["#636efa", "#EF553B", "#00cc96", "#ab63fa", "#FFA15A", "#19d3f3", "#FF6692", "#B6E880", "#FF97FF", "#FECB52"], "font": {"color": "#2a3f5f"}, "hovermode": "closest", "hoverlabel": {"align": "left"}, "paper_bgcolor": "white", "plot_bgcolor": "#E5ECF6", "polar": {"bgcolor": "#E5ECF6", "angularaxis": {"gridcolor": "white", "linecolor": "white", "ticks": ""}, "radialaxis": {"gridcolor": "white", "linecolor": "white", "ticks": ""}}, "ternary": {"bgcolor": "#E5ECF6", "aaxis": {"gridcolor": "white", "linecolor": "white", "ticks": ""}, "baxis": {"gridcolor": "white", "linecolor": "white", "ticks": ""}, "caxis": {"gridcolor": "white", "linecolor": "white", "ticks": ""}}, "coloraxis": {"colorbar": {"outlinewidth": 0, "ticks": ""}}, "colorscale": {"sequential": [[0.0, "#0d0887"], [0.1111111111111111, "#46039f"], [0.2222222222222222, "#7201a8"], [0.3333333333333333, "#9c179e"], [0.4444444444444444, "#bd3786"], [0.5555555555555556, "#d8576b"], [0.6666666666666666, "#ed7953"], [0.7777777777777778, "#fb9f3a"], [0.8888888888888888, "#fdca26"], [1.0, "#f0f921"]], "sequentialminus": [[0.0, "#0d0887"], [0.1111111111111111, "#46039f"], [0.2222222222222222, "#7201a8"], [0.3333333333333333, "#9c179e"], [0.4444444444444444, "#bd3786"], [0.5555555555555556, "#d8576b"], [0.6666666666666666, "#ed7953"], [0.7777777777777778, "#fb9f3a"], [0.8888888888888888, "#fdca26"], [1.0, "#f0f921"]], "diverging": [[0, "#8e0152"], [0.1, "#c51b7d"], [0.2, "#de77ae"], [0.3, "#f1b6da"], [0.4, "#fde0ef"], [0.5, "#f7f7f7"], [0.6, "#e6f5d0"], [0.7, "#b8e186"], [0.8, "#7fbc41"], [0.9, "#4d9221"], [1, "#276419"]]}, "xaxis": {"gridcolor": "white", "linecolor": "white", "ticks": "", "title": {"standoff": 15}, "zerolinecolor": "white", "automargin": true, "zerolinewidth": 2}, "yaxis": {"gridcolor": "white", "linecolor": "white", "ticks": "", "title": {"standoff": 15}, "zerolinecolor": "white", "automargin": true, "zerolinewidth": 2}, "scene": {"xaxis": {"backgroundcolor": "#E5ECF6", "gridcolor": "white", "linecolor": "white", "showbackground": true, "ticks": "", "zerolinecolor": "white", "gridwidth": 2}, "yaxis": {"backgroundcolor": "#E5ECF6", "gridcolor": "white", "linecolor": "white", "showbackground": true, "ticks": "", "zerolinecolor": "white", "gridwidth": 2}, "zaxis": {"backgroundcolor": "#E5ECF6", "gridcolor": "white", "linecolor": "white", "showbackground": true, "ticks": "", "zerolinecolor": "white", "gridwidth": 2}}, "shapedefaults": {"line": {"color": "#2a3f5f"}}, "annotationdefaults": {"arrowcolor": "#2a3f5f", "arrowhead": 0, "arrowwidth": 1}, "geo": {"bgcolor": "white", "landcolor": "#E5ECF6", "subunitcolor": "white", "showland": true, "showlakes": true, "lakecolor": "white"}, "title": {"x": 0.05}, "mapbox": {"style": "light"}}}}}