{"data": [{"z": [[2.6912460327148438, -0.37878015637397766, -0.8932424187660217, 0.10819220542907715, 0.13819731771945953, 3.0183351039886475, -1.2291665077209473, -0.5101619958877563, -1.5799909830093384, 1.1058646440505981, 0.8957027792930603, 2.59220290184021, 2.170175313949585, -2.025099515914917, 3.0995006561279297, -1.9288787841796875, -1.6462199687957764, -2.2759904861450195, 1.5729001760482788, 0.9470502734184265, 1.1297298669815063], [-0.37878015637397766, 1.6704341173171997, -0.43778446316719055, -1.2931913137435913, 0.3368409276008606, 1.0849456787109375, -2.7345101833343506, -0.4799751937389374, 1.4303672313690186, -1.6565577983856201, -0.004857973661273718, -0.21452316641807556, -0.15452353656291962, 0.3626047372817993, 1.2940219640731812, 1.3025593757629395, -1.4309972524642944, 0.3984973430633545, -0.5039559602737427, -1.16997492313385, -0.46577078104019165], [-0.8932424187660217, -0.43778446316719055, 0.7024795413017273, 1.529072642326355, 0.6712846159934998, -0.6272569894790649, 2.0870361328125, 0.13961587846279144, 0.7452145218849182, 1.0465368032455444, -0.28453531861305237, -0.7619991302490234, -0.633159339427948, 1.1392018795013428, -2.186292886734009, -0.13347192108631134, 1.0616148710250854, 0.9707765579223633, -0.3927578926086426, 0.6341743469238281, -0.23900315165519714], [0.10819220542907715, -1.2931913137435913, 1.529072642326355, 7.007901668548584, 4.194082736968994, 3.7542495727539062, 5.879631996154785, -0.7402286529541016, 2.435467481613159, 6.022802829742432, 0.3700263202190399, 1.0167685747146606, 0.8163838386535645, 2.4344491958618164, -4.095886707305908, -3.0061821937561035, 0.8858701586723328, 1.0769150257110596, 0.6602157354354858, 4.123358726501465, 0.5430751442909241], [0.13819731771945953, 0.3368409276008606, 0.6712846159934998, 4.194082736968994, 3.50018048286438, 4.075249671936035, 1.8437728881835938, -1.0881984233856201, 2.716521978378296, 3.2400169372558594, 0.06652283668518066, 0.3941284716129303, 0.5351191759109497, 1.9985803365707397, -1.8668391704559326, -1.7003285884857178, -0.676235020160675, 0.9829636216163635, -0.20610831677913666, 1.960846185684204, -0.059598106890916824], [3.0183351039886475, 1.0849456787109375, -0.6272569894790649, 3.7542495727539062, 4.075249671936035, 8.68228816986084, -1.1458580493927002, -2.006589889526367, 2.1430106163024902, 3.7063729763031006, 1.5110527276992798, 3.956308364868164, 3.293008804321289, -0.14730031788349152, 2.834681510925293, -2.8662757873535156, -3.6964738368988037, -1.5129814147949219, 1.8739129304885864, 2.7667763233184814, 1.220906376838684], [-1.2291665077209473, -2.7345101833343506, 2.0870361328125, 5.879631996154785, 1.8437728881835938, -1.1458580493927002, 8.309239387512207, 0.6810389161109924, 0.7302425503730774, 5.216736793518066, 0.28399989008903503, 0.2485351860523224, -0.26597145199775696, 2.0214760303497314, -5.698917388916016, -1.7518281936645508, 3.4333078861236572, 1.3154703378677368, 1.0182969570159912, 3.9979898929595947, 0.6688652634620667], [-0.5101619958877563, -0.4799751937389374, 0.13961587846279144, -0.7402286529541016, -1.0881984233856201, -2.006589889526367, 0.6810389161109924, 0.5840608477592468, -0.7356682419776917, -0.5631603002548218, 0.02338271588087082, -0.21569833159446716, -0.3910709023475647, -0.2982933819293976, -0.35638222098350525, 0.6662150621414185, 0.9058929681777954, 0.007127702236175537, 0.2151525616645813, -0.16880634427070618, 0.0748206079006195], [-1.5799909830093384, 1.4303672313690186, 0.7452145218849182, 2.435467481613159, 2.716521978378296, 2.1430106163024902, 0.7302425503730774, -0.7356682419776917, 3.8442342281341553, 1.0239026546478271, -0.00864438433200121, -0.5187170505523682, -0.5397148132324219, 2.642348051071167, -2.0181374549865723, 0.8226590156555176, -0.5085242390632629, 2.012967586517334, -0.6434494256973267, 0.7132788896560669, -0.6136396527290344], [1.1058646440505981, -1.6565577983856201, 1.0465368032455444, 6.022802829742432, 3.2400169372558594, 3.7063729763031006, 5.216736793518066, -0.5631603002548218, 1.0239026546478271, 5.723931789398193, 0.8426511287689209, 2.1535801887512207, 1.6105737686157227, 1.0346976518630981, -2.405388832092285, -3.251957654953003, 0.5441766381263733, -0.1472187489271164, 1.5823698043823242, 4.182661533355713, 1.1321114301681519], [0.8957027792930603, -0.004857973661273718, -0.28453531861305237, 0.3700263202190399, 0.06652283668518066, 1.5110527276992798, 0.28399989008903503, 0.02338271588087082, -0.00864438433200121, 0.8426511287689209, 1.660069227218628, 3.13820481300354, 1.774939775466919, -1.1445369720458984, 2.086965560913086, 0.3032173812389374, -0.8787804841995239, -1.3316099643707275, 2.565648078918457, 1.6662287712097168, 1.3439432382583618], [2.59220290184021, -0.21452316641807556, -0.7619991302490234, 1.0167685747146606, 0.3941284716129303, 3.956308364868164, 0.2485351860523224, -0.21569833159446716, -0.5187170505523682, 2.1535801887512207, 3.13820481300354, 6.316806793212891, 3.874729633331299, -2.595245838165283, 4.5278754234313965, -0.4368012547492981, -2.101180076599121, -3.0802648067474365, 4.926969528198242, 3.356797218322754, 2.7149181365966797], [2.170175313949585, -0.15452353656291962, -0.633159339427948, 0.8163838386535645, 0.5351191759109497, 3.293008804321289, -0.26597145199775696, -0.3910709023475647, -0.5397148132324219, 1.6105737686157227, 1.774939775466919, 3.874729633331299, 2.611370086669922, -1.751320719718933, 3.095290184020996, -1.002293348312378, -1.667612075805664, -2.1494569778442383, 2.8052916526794434, 2.0151736736297607, 1.639854907989502], [-2.025099515914917, 0.3626047372817993, 1.1392018795013428, 2.4344491958618164, 1.9985803365707397, -0.14730031788349152, 2.0214760303497314, -0.2982933819293976, 2.642348051071167, 1.0346976518630981, -1.1445369720458984, -2.595245838165283, -1.751320719718933, 2.966362953186035, -4.041360378265381, 0.08214244246482849, 1.0935224294662476, 2.579505205154419, -2.0549380779266357, 0.04458989202976227, -1.2414875030517578], [3.0995006561279297, 1.2940219640731812, -2.186292886734009, -4.095886707305908, -1.8668391704559326, 2.834681510925293, -5.698917388916016, -0.35638222098350525, -2.0181374549865723, -2.405388832092285, 2.086965560913086, 4.5278754234313965, 3.095290184020996, -4.041360378265381, 7.745514392852783, 0.759576141834259, -3.656836986541748, -3.694490671157837, 3.0724294185638428, -0.5519450902938843, 1.6829417943954468], [-1.9288787841796875, 1.3025593757629395, -0.13347192108631134, -3.0061821937561035, -1.7003285884857178, -2.8662757873535156, -1.7518281936645508, 0.6662150621414185, 0.8226590156555176, -3.251957654953003, 0.3032173812389374, -0.4368012547492981, -1.002293348312378, 0.08214244246482849, 0.759576141834259, 3.571547269821167, 0.10835040360689163, 0.7319689393043518, 0.13116469979286194, -1.5704680681228638, -0.34527388215065], [-1.6462199687957764, -1.4309972524642944, 1.0616148710250854, 0.8858701586723328, -0.676235020160675, -3.6964738368988037, 3.4333078861236572, 0.9058929681777954, -0.5085242390632629, 0.5441766381263733, -0.8787804841995239, -2.101180076599121, -1.667612075805664, 1.0935224294662476, -3.656836986541748, 0.10835040360689163, 2.7629809379577637, 1.3286900520324707, -0.9719075560569763, 0.12645739316940308, -0.5237013697624207], [-2.2759904861450195, 0.3984973430633545, 0.9707765579223633, 1.0769150257110596, 0.9829636216163635, -1.5129814147949219, 1.3154703378677368, 0.007127702236175537, 2.012967586517334, -0.1472187489271164, -1.3316099643707275, -3.0802648067474365, -2.1494569778442383, 2.579505205154419, -3.694490671157837, 0.7319689393043518, 1.3286900520324707, 2.5187933444976807, -2.2964670658111572, -0.7844133377075195, -1.4094421863555908], [1.5729001760482788, -0.5039559602737427, -0.3927578926086426, 0.6602157354354858, -0.20610831677913666, 1.8739129304885864, 1.0182969570159912, 0.2151525616645813, -0.6434494256973267, 1.5823698043823242, 2.565648078918457, 4.926969528198242, 2.8052916526794434, -2.0549380779266357, 3.0724294185638428, 0.13116469979286194, -0.9719075560569763, -2.2964670658111572, 4.129110813140869, 2.7783615589141846, 2.2280704975128174], [0.9470502734184265, -1.16997492313385, 0.6341743469238281, 4.123358726501465, 1.960846185684204, 2.7667763233184814, 3.9979898929595947, -0.16880634427070618, 0.7132788896560669, 4.182661533355713, 1.6662287712097168, 3.356797218322754, 2.0151736736297607, 0.04458989202976227, -0.5519450902938843, -1.5704680681228638, 0.12645739316940308, -0.7844133377075195, 2.7783615589141846, 3.8568615913391113, 1.6121015548706055], [1.1297298669815063, -0.46577078104019165, -0.23900315165519714, 0.5430751442909241, -0.059598106890916824, 1.220906376838684, 0.6688652634620667, 0.0748206079006195, -0.6136396527290344, 1.1321114301681519, 1.3439432382583618, 2.7149181365966797, 1.639854907989502, -1.2414875030517578, 1.6829417943954468, -0.34527388215065, -0.5237013697624207, -1.4094421863555908, 2.2280704975128174, 1.6121015548706055, 1.2588680982589722]], "type": "heatmap"}], "layout": {"template": {"data": {"histogram2dcontour": [{"type": "histogram2dcontour", "colorbar": {"outlinewidth": 0, "ticks": ""}, "colorscale": [[0.0, "#0d0887"], [0.1111111111111111, "#46039f"], [0.2222222222222222, "#7201a8"], [0.3333333333333333, "#9c179e"], [0.4444444444444444, "#bd3786"], [0.5555555555555556, "#d8576b"], [0.6666666666666666, "#ed7953"], [0.7777777777777778, "#fb9f3a"], [0.8888888888888888, "#fdca26"], [1.0, "#f0f921"]]}], "choropleth": [{"type": "choropleth", "colorbar": {"outlinewidth": 0, "ticks": ""}}], "histogram2d": [{"type": "histogram2d", "colorbar": {"outlinewidth": 0, "ticks": ""}, "colorscale": [[0.0, "#0d0887"], [0.1111111111111111, "#46039f"], [0.2222222222222222, "#7201a8"], [0.3333333333333333, "#9c179e"], [0.4444444444444444, "#bd3786"], [0.5555555555555556, "#d8576b"], [0.6666666666666666, "#ed7953"], [0.7777777777777778, "#fb9f3a"], [0.8888888888888888, "#fdca26"], [1.0, "#f0f921"]]}], "heatmap": [{"type": "heatmap", "colorbar": {"outlinewidth": 0, "ticks": ""}, "colorscale": [[0.0, "#0d0887"], [0.1111111111111111, "#46039f"], [0.2222222222222222, "#7201a8"], [0.3333333333333333, "#9c179e"], [0.4444444444444444, "#bd3786"], [0.5555555555555556, "#d8576b"], [0.6666666666666666, "#ed7953"], [0.7777777777777778, "#fb9f3a"], [0.8888888888888888, "#fdca26"], [1.0, "#f0f921"]]}], "heatmapgl": [{"type": "heatmapgl", "colorbar": {"outlinewidth": 0, "ticks": ""}, "colorscale": [[0.0, "#0d0887"], [0.1111111111111111, "#46039f"], [0.2222222222222222, "#7201a8"], [0.3333333333333333, "#9c179e"], [0.4444444444444444, "#bd3786"], [0.5555555555555556, "#d8576b"], [0.6666666666666666, "#ed7953"], [0.7777777777777778, "#fb9f3a"], [0.8888888888888888, "#fdca26"], [1.0, "#f0f921"]]}], "contourcarpet": [{"type": "contourcarpet", "colorbar": {"outlinewidth": 0, "ticks": ""}}], "contour": [{"type": "contour", "colorbar": {"outlinewidth": 0, "ticks": ""}, "colorscale": [[0.0, "#0d0887"], [0.1111111111111111, "#46039f"], [0.2222222222222222, "#7201a8"], [0.3333333333333333, "#9c179e"], [0.4444444444444444, "#bd3786"], [0.5555555555555556, "#d8576b"], [0.6666666666666666, "#ed7953"], [0.7777777777777778, "#fb9f3a"], [0.8888888888888888, "#fdca26"], [1.0, "#f0f921"]]}], "surface": [{"type": "surface", "colorbar": {"outlinewidth": 0, "ticks": ""}, "colorscale": [[0.0, "#0d0887"], [0.1111111111111111, "#46039f"], [0.2222222222222222, "#7201a8"], [0.3333333333333333, "#9c179e"], [0.4444444444444444, "#bd3786"], [0.5555555555555556, "#d8576b"], [0.6666666666666666, "#ed7953"], [0.7777777777777778, "#fb9f3a"], [0.8888888888888888, "#fdca26"], [1.0, "#f0f921"]]}], "mesh3d": [{"type": "mesh3d", "colorbar": {"outlinewidth": 0, "ticks": ""}}], "scatter": [{"fillpattern": {"fillmode": "overlay", "size": 10, "solidity": 0.2}, "type": "scatter"}], "parcoords": [{"type": "parcoords", "line": {"colorbar": {"outlinewidth": 0, "ticks": ""}}}], "scatterpolargl": [{"type": "scatterpolargl", "marker": {"colorbar": {"outlinewidth": 0, "ticks": ""}}}], "bar": [{"error_x": {"color": "#2a3f5f"}, "error_y": {"color": "#2a3f5f"}, "marker": {"line": {"color": "#E5ECF6", "width": 0.5}, "pattern": {"fillmode": "overlay", "size": 10, "solidity": 0.2}}, "type": "bar"}], "scattergeo": [{"type": "scattergeo", "marker": {"colorbar": {"outlinewidth": 0, "ticks": ""}}}], "scatterpolar": [{"type": "scatterpolar", "marker": {"colorbar": {"outlinewidth": 0, "ticks": ""}}}], "histogram": [{"marker": {"pattern": {"fillmode": "overlay", "size": 10, "solidity": 0.2}}, "type": "histogram"}], "scattergl": [{"type": "scattergl", "marker": {"colorbar": {"outlinewidth": 0, "ticks": ""}}}], "scatter3d": [{"type": "scatter3d", "line": {"colorbar": {"outlinewidth": 0, "ticks": ""}}, "marker": {"colorbar": {"outlinewidth": 0, "ticks": ""}}}], "scattermapbox": [{"type": "scattermapbox", "marker": {"colorbar": {"outlinewidth": 0, "ticks": ""}}}], "scatterternary": [{"type": "scatterternary", "marker": {"colorbar": {"outlinewidth": 0, "ticks": ""}}}], "scattercarpet": [{"type": "scattercarpet", "marker": {"colorbar": {"outlinewidth": 0, "ticks": ""}}}], "carpet": [{"aaxis": {"endlinecolor": "#2a3f5f", "gridcolor": "white", "linecolor": "white", "minorgridcolor": "white", "startlinecolor": "#2a3f5f"}, "baxis": {"endlinecolor": "#2a3f5f", "gridcolor": "white", "linecolor": "white", "minorgridcolor": "white", "startlinecolor": "#2a3f5f"}, "type": "carpet"}], "table": [{"cells": {"fill": {"color": "#EBF0F8"}, "line": {"color": "white"}}, "header": {"fill": {"color": "#C8D4E3"}, "line": {"color": "white"}}, "type": "table"}], "barpolar": [{"marker": {"line": {"color": "#E5ECF6", "width": 0.5}, "pattern": {"fillmode": "overlay", "size": 10, "solidity": 0.2}}, "type": "barpolar"}], "pie": [{"automargin": true, "type": "pie"}]}, "layout": {"autotypenumbers": "strict", "colorway": ["#636efa", "#EF553B", "#00cc96", "#ab63fa", "#FFA15A", "#19d3f3", "#FF6692", "#B6E880", "#FF97FF", "#FECB52"], "font": {"color": "#2a3f5f"}, "hovermode": "closest", "hoverlabel": {"align": "left"}, "paper_bgcolor": "white", "plot_bgcolor": "#E5ECF6", "polar": {"bgcolor": "#E5ECF6", "angularaxis": {"gridcolor": "white", "linecolor": "white", "ticks": ""}, "radialaxis": {"gridcolor": "white", "linecolor": "white", "ticks": ""}}, "ternary": {"bgcolor": "#E5ECF6", "aaxis": {"gridcolor": "white", "linecolor": "white", "ticks": ""}, "baxis": {"gridcolor": "white", "linecolor": "white", "ticks": ""}, "caxis": {"gridcolor": "white", "linecolor": "white", "ticks": ""}}, "coloraxis": {"colorbar": {"outlinewidth": 0, "ticks": ""}}, "colorscale": {"sequential": [[0.0, "#0d0887"], [0.1111111111111111, "#46039f"], [0.2222222222222222, "#7201a8"], [0.3333333333333333, "#9c179e"], [0.4444444444444444, "#bd3786"], [0.5555555555555556, "#d8576b"], [0.6666666666666666, "#ed7953"], [0.7777777777777778, "#fb9f3a"], [0.8888888888888888, "#fdca26"], [1.0, "#f0f921"]], "sequentialminus": [[0.0, "#0d0887"], [0.1111111111111111, "#46039f"], [0.2222222222222222, "#7201a8"], [0.3333333333333333, "#9c179e"], [0.4444444444444444, "#bd3786"], [0.5555555555555556, "#d8576b"], [0.6666666666666666, "#ed7953"], [0.7777777777777778, "#fb9f3a"], [0.8888888888888888, "#fdca26"], [1.0, "#f0f921"]], "diverging": [[0, "#8e0152"], [0.1, "#c51b7d"], [0.2, "#de77ae"], [0.3, "#f1b6da"], [0.4, "#fde0ef"], [0.5, "#f7f7f7"], [0.6, "#e6f5d0"], [0.7, "#b8e186"], [0.8, "#7fbc41"], [0.9, "#4d9221"], [1, "#276419"]]}, "xaxis": {"gridcolor": "white", "linecolor": "white", "ticks": "", "title": {"standoff": 15}, "zerolinecolor": "white", "automargin": true, "zerolinewidth": 2}, "yaxis": {"gridcolor": "white", "linecolor": "white", "ticks": "", "title": {"standoff": 15}, "zerolinecolor": "white", "automargin": true, "zerolinewidth": 2}, "scene": {"xaxis": {"backgroundcolor": "#E5ECF6", "gridcolor": "white", "linecolor": "white", "showbackground": true, "ticks": "", "zerolinecolor": "white", "gridwidth": 2}, "yaxis": {"backgroundcolor": "#E5ECF6", "gridcolor": "white", "linecolor": "white", "showbackground": true, "ticks": "", "zerolinecolor": "white", "gridwidth": 2}, "zaxis": {"backgroundcolor": "#E5ECF6", "gridcolor": "white", "linecolor": "white", "showbackground": true, "ticks": "", "zerolinecolor": "white", "gridwidth": 2}}, "shapedefaults": {"line": {"color": "#2a3f5f"}}, "annotationdefaults": {"arrowcolor": "#2a3f5f", "arrowhead": 0, "arrowwidth": 1}, "geo": {"bgcolor": "white", "landcolor": "#E5ECF6", "subunitcolor": "white", "showland": true, "showlakes": true, "lakecolor": "white"}, "title": {"x": 0.05}, "mapbox": {"style": "light"}}}}}