{"data": [{"z": [[2.6845717430114746, -0.37614500522613525, -0.8928441405296326, 0.1221005991101265, 0.1497964709997177, 3.0306968688964844, -1.2063852548599243, -0.5159286260604858, -1.5583553314208984, 1.1197220087051392, 0.9126423001289368, 2.6122937202453613, 2.1751222610473633, -2.0217747688293457, 3.0968353748321533, -1.9252986907958984, -1.6547476053237915, -2.278517484664917, 1.5986876487731934, 0.9662541747093201, 1.1371248960494995], [-0.37614500522613525, 1.6746234893798828, -0.4317473769187927, -1.2777444124221802, 0.3467070460319519, 1.100179672241211, -2.7326900959014893, -0.4761704206466675, 1.437184453010559, -1.646647334098816, -2.584320100140758e-05, -0.20031622052192688, -0.1424170881509781, 0.36824721097946167, 1.298925518989563, 1.3102656602859497, -1.4293391704559326, 0.4025239944458008, -0.49945974349975586, -1.1577800512313843, -0.45960533618927], [-0.8928441405296326, -0.4317473769187927, 0.7082162499427795, 1.5441222190856934, 0.6820656657218933, -0.6127805113792419, 2.094120740890503, 0.14152850210666656, 0.7572827339172363, 1.056641936302185, -0.27561262249946594, -0.7472212314605713, -0.6228183507919312, 1.145851492881775, -2.1825125217437744, -0.12511788308620453, 1.0610382556915283, 0.9747549891471863, -0.383911669254303, 0.6473297476768494, -0.2328362613916397], [0.1221005991101265, -1.2777444124221802, 1.5441222190856934, 7.016409397125244, 4.20059871673584, 3.763368844985962, 5.87390661239624, -0.7272045016288757, 2.430323839187622, 6.022247314453125, 0.3697442412376404, 1.0099148750305176, 0.8297502398490906, 2.4478814601898193, -4.081318378448486, -2.992830753326416, 0.8977020382881165, 1.0915651321411133, 0.6449148058891296, 4.119210720062256, 0.5445601940155029], [0.1497964709997177, 0.3467070460319519, 0.6820656657218933, 4.20059871673584, 3.504312753677368, 4.082929611206055, 1.8359256982803345, -1.0777415037155151, 2.7098960876464844, 3.239614725112915, 0.06461552530527115, 0.3897882103919983, 0.5463381409645081, 2.007174253463745, -1.855087161064148, -1.691115379333496, -0.6667265295982361, 0.9930764436721802, -0.21984320878982544, 1.9577720165252686, -0.058187756687402725], [3.0306968688964844, 1.100179672241211, -0.6127805113792419, 3.763368844985962, 4.082929611206055, 8.6925630569458, -1.1499435901641846, -1.9944231510162354, 2.139756679534912, 3.7065176963806152, 1.5111998319625854, 3.9508743286132812, 3.3064217567443848, -0.13369786739349365, 2.8484814167022705, -2.8521721363067627, -3.685920476913452, -1.4987696409225464, 1.8616790771484375, 2.7641842365264893, 1.222895622253418], [-1.2063852548599243, -2.7326900959014893, 2.094120740890503, 5.87390661239624, 1.8359256982803345, -1.1499435901641846, 8.299081802368164, 0.691997230052948, 0.7003329992294312, 5.212128162384033, 0.27429622411727905, 0.23130421340465546, -0.2589219808578491, 2.0198400020599365, -5.684208393096924, -1.7589138746261597, 3.446199417114258, 1.3177984952926636, 0.9975106716156006, 3.983347177505493, 0.6670995950698853], [-0.5159286260604858, -0.4761704206466675, 0.14152850210666656, -0.7272045016288757, -1.0777415037155151, -1.9944231510162354, 0.691997230052948, 0.5815433859825134, -0.7179709672927856, -0.5530554056167603, 0.03381446376442909, -0.1986543983221054, -0.3853664696216583, -0.29347068071365356, -0.3576003313064575, 0.6730799674987793, 0.9008649587631226, 0.008305946364998817, 0.23087267577648163, -0.1539086550474167, 0.08041365444660187], [-1.5583553314208984, 1.437184453010559, 0.7572827339172363, 2.430323839187622, 2.7098960876464844, 2.139756679534912, 0.7003329992294312, -0.7179709672927856, 3.8119916915893555, 1.011688232421875, -0.029756205156445503, -0.5447694063186646, -0.5316304564476013, 2.648385763168335, -2.0030620098114014, 0.8263856172561646, -0.4881983995437622, 2.02636981010437, -0.6847584843635559, 0.6908352971076965, -0.6194332838058472], [1.1197220087051392, -1.646647334098816, 1.056641936302185, 6.022247314453125, 3.239614725112915, 3.7065176963806152, 5.212128162384033, -0.5530554056167603, 1.011688232421875, 5.719621181488037, 0.8396962285041809, 2.140692710876465, 1.617578148841858, 1.0417416095733643, -2.393378257751465, -3.246650218963623, 0.5544548034667969, -0.13823768496513367, 1.5677627325057983, 4.173075199127197, 1.1311601400375366], [0.9126423001289368, -2.584320100140758e-05, -0.27561262249946594, 0.3697442412376404, 0.06461552530527115, 1.5111998319625854, 0.27429622411727905, 0.03381446376442909, -0.029756205156445503, 0.8396962285041809, 1.6488196849822998, 3.122391939163208, 1.7815927267074585, -1.1400530338287354, 2.0971572399139404, 0.3019546866416931, -0.866366446018219, -1.3241840600967407, 2.546015501022339, 1.6544690132141113, 1.341657280921936], [2.6122937202453613, -0.20031622052192688, -0.7472212314605713, 1.0099148750305176, 0.3897882103919983, 3.9508743286132812, 0.23130421340465546, -0.1986543983221054, -0.5447694063186646, 2.140692710876465, 3.122391939163208, 6.288677215576172, 3.8814401626586914, -2.5843636989593506, 4.544424057006836, -0.42808014154434204, -2.0825514793395996, -3.06410813331604, 4.896910190582275, 3.333932399749756, 2.7094569206237793], [2.1751222610473633, -0.1424170881509781, -0.6228183507919312, 0.8297502398490906, 0.5463381409645081, 3.3064217567443848, -0.2589219808578491, -0.3853664696216583, -0.5316304564476013, 1.617578148841858, 1.7815927267074585, 3.8814401626586914, 2.6230571269989014, -1.7399470806121826, 3.103428602218628, -0.9903463125228882, -1.6643753051757812, -2.1403567790985107, 2.809997081756592, 2.022646903991699, 1.6446831226348877], [-2.0217747688293457, 0.36824721097946167, 1.145851492881775, 2.4478814601898193, 2.007174253463745, -0.13369786739349365, 2.0198400020599365, -0.29347068071365356, 2.648385763168335, 1.0417416095733643, -1.1400530338287354, -2.5843636989593506, -1.7399470806121826, 2.9726810455322266, -4.035470485687256, 0.09090591222047806, 1.0962854623794556, 2.5850255489349365, -2.0555837154388428, 0.05366089940071106, -1.2365667819976807], [3.0968353748321533, 1.298925518989563, -2.1825125217437744, -4.081318378448486, -1.855087161064148, 2.8484814167022705, -5.684208393096924, -0.3576003313064575, -2.0030620098114014, -2.393378257751465, 2.0971572399139404, 4.544424057006836, 3.103428602218628, -4.035470485687256, 7.746477127075195, 0.766326904296875, -3.6606717109680176, -3.692861557006836, 3.0908126831054688, -0.5364280939102173, 1.6896095275878906], [-1.9252986907958984, 1.3102656602859497, -0.12511788308620453, -2.992830753326416, -1.691115379333496, -2.8521721363067627, -1.7589138746261597, 0.6730799674987793, 0.8263856172561646, -3.246650218963623, 0.3019546866416931, -0.42808014154434204, -0.9903463125228882, 0.09090591222047806, 0.766326904296875, 3.58341121673584, 0.11318428814411163, 0.7408202290534973, 0.12759296596050262, -1.5640537738800049, -0.34146931767463684], [-1.6547476053237915, -1.4293391704559326, 1.0610382556915283, 0.8977020382881165, -0.6667265295982361, -3.685920476913452, 3.446199417114258, 0.9008649587631226, -0.4881983995437622, 0.5544548034667969, -0.866366446018219, -2.0825514793395996, -1.6643753051757812, 1.0962854623794556, -3.6606717109680176, 0.11318428814411163, 2.755580186843872, 1.3274383544921875, -0.9536316990852356, 0.14253689348697662, -0.5182557106018066], [-2.278517484664917, 0.4025239944458008, 0.9747549891471863, 1.0915651321411133, 0.9930764436721802, -1.4987696409225464, 1.3177984952926636, 0.008305946364998817, 2.02636981010437, -0.13823768496513367, -1.3241840600967407, -3.06410813331604, -2.1403567790985107, 2.5850255489349365, -3.692861557006836, 0.7408202290534973, 1.3274383544921875, 2.5223076343536377, -2.290086507797241, -0.7709822654724121, -1.4038567543029785], [1.5986876487731934, -0.49945974349975586, -0.383911669254303, 0.6449148058891296, -0.21984320878982544, 1.8616790771484375, 0.9975106716156006, 0.23087267577648163, -0.6847584843635559, 1.5677627325057983, 2.546015501022339, 4.896910190582275, 2.809997081756592, -2.0555837154388428, 3.0908126831054688, 0.12759296596050262, -0.9536316990852356, -2.290086507797241, 4.097817897796631, 2.751476287841797, 2.2222838401794434], [0.9662541747093201, -1.1577800512313843, 0.6473297476768494, 4.119210720062256, 1.9577720165252686, 2.7641842365264893, 3.983347177505493, -0.1539086550474167, 0.6908352971076965, 4.173075199127197, 1.6544690132141113, 3.333932399749756, 2.022646903991699, 0.05366089940071106, -0.5364280939102173, -1.5640537738800049, 0.14253689348697662, -0.7709822654724121, 2.751476287841797, 3.8384299278259277, 1.6081807613372803], [1.1371248960494995, -0.45960533618927, -0.2328362613916397, 0.5445601940155029, -0.058187756687402725, 1.222895622253418, 0.6670995950698853, 0.08041365444660187, -0.6194332838058472, 1.1311601400375366, 1.341657280921936, 2.7094569206237793, 1.6446831226348877, -1.2365667819976807, 1.6896095275878906, -0.34146931767463684, -0.5182557106018066, -1.4038567543029785, 2.2222838401794434, 1.6081807613372803, 1.2588680982589722]], "type": "heatmap"}], "layout": {"template": {"data": {"histogram2dcontour": [{"type": "histogram2dcontour", "colorbar": {"outlinewidth": 0, "ticks": ""}, "colorscale": [[0.0, "#0d0887"], [0.1111111111111111, "#46039f"], [0.2222222222222222, "#7201a8"], [0.3333333333333333, "#9c179e"], [0.4444444444444444, "#bd3786"], [0.5555555555555556, "#d8576b"], [0.6666666666666666, "#ed7953"], [0.7777777777777778, "#fb9f3a"], [0.8888888888888888, "#fdca26"], [1.0, "#f0f921"]]}], "choropleth": [{"type": "choropleth", "colorbar": {"outlinewidth": 0, "ticks": ""}}], "histogram2d": [{"type": "histogram2d", "colorbar": {"outlinewidth": 0, "ticks": ""}, "colorscale": [[0.0, "#0d0887"], [0.1111111111111111, "#46039f"], [0.2222222222222222, "#7201a8"], [0.3333333333333333, "#9c179e"], [0.4444444444444444, "#bd3786"], [0.5555555555555556, "#d8576b"], [0.6666666666666666, "#ed7953"], [0.7777777777777778, "#fb9f3a"], [0.8888888888888888, "#fdca26"], [1.0, "#f0f921"]]}], "heatmap": [{"type": "heatmap", "colorbar": {"outlinewidth": 0, "ticks": ""}, "colorscale": [[0.0, "#0d0887"], [0.1111111111111111, "#46039f"], [0.2222222222222222, "#7201a8"], [0.3333333333333333, "#9c179e"], [0.4444444444444444, "#bd3786"], [0.5555555555555556, "#d8576b"], [0.6666666666666666, "#ed7953"], [0.7777777777777778, "#fb9f3a"], [0.8888888888888888, "#fdca26"], [1.0, "#f0f921"]]}], "heatmapgl": [{"type": "heatmapgl", "colorbar": {"outlinewidth": 0, "ticks": ""}, "colorscale": [[0.0, "#0d0887"], [0.1111111111111111, "#46039f"], [0.2222222222222222, "#7201a8"], [0.3333333333333333, "#9c179e"], [0.4444444444444444, "#bd3786"], [0.5555555555555556, "#d8576b"], [0.6666666666666666, "#ed7953"], [0.7777777777777778, "#fb9f3a"], [0.8888888888888888, "#fdca26"], [1.0, "#f0f921"]]}], "contourcarpet": [{"type": "contourcarpet", "colorbar": {"outlinewidth": 0, "ticks": ""}}], "contour": [{"type": "contour", "colorbar": {"outlinewidth": 0, "ticks": ""}, "colorscale": [[0.0, "#0d0887"], [0.1111111111111111, "#46039f"], [0.2222222222222222, "#7201a8"], [0.3333333333333333, "#9c179e"], [0.4444444444444444, "#bd3786"], [0.5555555555555556, "#d8576b"], [0.6666666666666666, "#ed7953"], [0.7777777777777778, "#fb9f3a"], [0.8888888888888888, "#fdca26"], [1.0, "#f0f921"]]}], "surface": [{"type": "surface", "colorbar": {"outlinewidth": 0, "ticks": ""}, "colorscale": [[0.0, "#0d0887"], [0.1111111111111111, "#46039f"], [0.2222222222222222, "#7201a8"], [0.3333333333333333, "#9c179e"], [0.4444444444444444, "#bd3786"], [0.5555555555555556, "#d8576b"], [0.6666666666666666, "#ed7953"], [0.7777777777777778, "#fb9f3a"], [0.8888888888888888, "#fdca26"], [1.0, "#f0f921"]]}], "mesh3d": [{"type": "mesh3d", "colorbar": {"outlinewidth": 0, "ticks": ""}}], "scatter": [{"fillpattern": {"fillmode": "overlay", "size": 10, "solidity": 0.2}, "type": "scatter"}], "parcoords": [{"type": "parcoords", "line": {"colorbar": {"outlinewidth": 0, "ticks": ""}}}], "scatterpolargl": [{"type": "scatterpolargl", "marker": {"colorbar": {"outlinewidth": 0, "ticks": ""}}}], "bar": [{"error_x": {"color": "#2a3f5f"}, "error_y": {"color": "#2a3f5f"}, "marker": {"line": {"color": "#E5ECF6", "width": 0.5}, "pattern": {"fillmode": "overlay", "size": 10, "solidity": 0.2}}, "type": "bar"}], "scattergeo": [{"type": "scattergeo", "marker": {"colorbar": {"outlinewidth": 0, "ticks": ""}}}], "scatterpolar": [{"type": "scatterpolar", "marker": {"colorbar": {"outlinewidth": 0, "ticks": ""}}}], "histogram": [{"marker": {"pattern": {"fillmode": "overlay", "size": 10, "solidity": 0.2}}, "type": "histogram"}], "scattergl": [{"type": "scattergl", "marker": {"colorbar": {"outlinewidth": 0, "ticks": ""}}}], "scatter3d": [{"type": "scatter3d", "line": {"colorbar": {"outlinewidth": 0, "ticks": ""}}, "marker": {"colorbar": {"outlinewidth": 0, "ticks": ""}}}], "scattermapbox": [{"type": "scattermapbox", "marker": {"colorbar": {"outlinewidth": 0, "ticks": ""}}}], "scatterternary": [{"type": "scatterternary", "marker": {"colorbar": {"outlinewidth": 0, "ticks": ""}}}], "scattercarpet": [{"type": "scattercarpet", "marker": {"colorbar": {"outlinewidth": 0, "ticks": ""}}}], "carpet": [{"aaxis": {"endlinecolor": "#2a3f5f", "gridcolor": "white", "linecolor": "white", "minorgridcolor": "white", "startlinecolor": "#2a3f5f"}, "baxis": {"endlinecolor": "#2a3f5f", "gridcolor": "white", "linecolor": "white", "minorgridcolor": "white", "startlinecolor": "#2a3f5f"}, "type": "carpet"}], "table": [{"cells": {"fill": {"color": "#EBF0F8"}, "line": {"color": "white"}}, "header": {"fill": {"color": "#C8D4E3"}, "line": {"color": "white"}}, "type": "table"}], "barpolar": [{"marker": {"line": {"color": "#E5ECF6", "width": 0.5}, "pattern": {"fillmode": "overlay", "size": 10, "solidity": 0.2}}, "type": "barpolar"}], "pie": [{"automargin": true, "type": "pie"}]}, "layout": {"autotypenumbers": "strict", "colorway": ["#636efa", "#EF553B", "#00cc96", "#ab63fa", "#FFA15A", "#19d3f3", "#FF6692", "#B6E880", "#FF97FF", "#FECB52"], "font": {"color": "#2a3f5f"}, "hovermode": "closest", "hoverlabel": {"align": "left"}, "paper_bgcolor": "white", "plot_bgcolor": "#E5ECF6", "polar": {"bgcolor": "#E5ECF6", "angularaxis": {"gridcolor": "white", "linecolor": "white", "ticks": ""}, "radialaxis": {"gridcolor": "white", "linecolor": "white", "ticks": ""}}, "ternary": {"bgcolor": "#E5ECF6", "aaxis": {"gridcolor": "white", "linecolor": "white", "ticks": ""}, "baxis": {"gridcolor": "white", "linecolor": "white", "ticks": ""}, "caxis": {"gridcolor": "white", "linecolor": "white", "ticks": ""}}, "coloraxis": {"colorbar": {"outlinewidth": 0, "ticks": ""}}, "colorscale": {"sequential": [[0.0, "#0d0887"], [0.1111111111111111, "#46039f"], [0.2222222222222222, "#7201a8"], [0.3333333333333333, "#9c179e"], [0.4444444444444444, "#bd3786"], [0.5555555555555556, "#d8576b"], [0.6666666666666666, "#ed7953"], [0.7777777777777778, "#fb9f3a"], [0.8888888888888888, "#fdca26"], [1.0, "#f0f921"]], "sequentialminus": [[0.0, "#0d0887"], [0.1111111111111111, "#46039f"], [0.2222222222222222, "#7201a8"], [0.3333333333333333, "#9c179e"], [0.4444444444444444, "#bd3786"], [0.5555555555555556, "#d8576b"], [0.6666666666666666, "#ed7953"], [0.7777777777777778, "#fb9f3a"], [0.8888888888888888, "#fdca26"], [1.0, "#f0f921"]], "diverging": [[0, "#8e0152"], [0.1, "#c51b7d"], [0.2, "#de77ae"], [0.3, "#f1b6da"], [0.4, "#fde0ef"], [0.5, "#f7f7f7"], [0.6, "#e6f5d0"], [0.7, "#b8e186"], [0.8, "#7fbc41"], [0.9, "#4d9221"], [1, "#276419"]]}, "xaxis": {"gridcolor": "white", "linecolor": "white", "ticks": "", "title": {"standoff": 15}, "zerolinecolor": "white", "automargin": true, "zerolinewidth": 2}, "yaxis": {"gridcolor": "white", "linecolor": "white", "ticks": "", "title": {"standoff": 15}, "zerolinecolor": "white", "automargin": true, "zerolinewidth": 2}, "scene": {"xaxis": {"backgroundcolor": "#E5ECF6", "gridcolor": "white", "linecolor": "white", "showbackground": true, "ticks": "", "zerolinecolor": "white", "gridwidth": 2}, "yaxis": {"backgroundcolor": "#E5ECF6", "gridcolor": "white", "linecolor": "white", "showbackground": true, "ticks": "", "zerolinecolor": "white", "gridwidth": 2}, "zaxis": {"backgroundcolor": "#E5ECF6", "gridcolor": "white", "linecolor": "white", "showbackground": true, "ticks": "", "zerolinecolor": "white", "gridwidth": 2}}, "shapedefaults": {"line": {"color": "#2a3f5f"}}, "annotationdefaults": {"arrowcolor": "#2a3f5f", "arrowhead": 0, "arrowwidth": 1}, "geo": {"bgcolor": "white", "landcolor": "#E5ECF6", "subunitcolor": "white", "showland": true, "showlakes": true, "lakecolor": "white"}, "title": {"x": 0.05}, "mapbox": {"style": "light"}}}}}