{"data": [{"z": [[2.736949920654297, -0.31844842433929443, -0.890136182308197, -0.34398752450942993, -0.12384887784719467, 2.603968858718872, -1.832613229751587, -0.3887063264846802, -1.8973655700683594, 0.6457821130752563, 0.5256498456001282, 1.9647526741027832, 1.910067081451416, -1.9931749105453491, 3.0965235233306885, -1.892370343208313, -1.4510341882705688, -2.1089956760406494, 0.8477960228919983, 0.3853355348110199, 0.8579210638999939], [-0.31844842433929443, 1.7903879880905151, -0.39924946427345276, -1.712727665901184, 0.1263844221830368, 0.6966997385025024, -3.0857932567596436, -0.3430207669734955, 1.2231168746948242, -2.070655345916748, -0.262315571308136, -0.7904754877090454, -0.39448851346969604, 0.4441642165184021, 1.319169044494629, 1.3852479457855225, -1.2240307331085205, 0.6007046699523926, -0.9941827654838562, -1.6657787561416626, -0.7297470569610596], [-0.890136182308197, -0.39924946427345276, 0.6733769774436951, 1.0648866891860962, 0.4035922884941101, -1.0634032487869263, 1.6926380395889282, 0.21597014367580414, 0.45930948853492737, 0.6065082550048828, -0.6135138869285583, -1.3740226030349731, -0.9255672693252563, 1.1475930213928223, -2.2234086990356445, -0.12822647392749786, 1.210153579711914, 1.0980838537216187, -0.9232112169265747, 0.09985388815402985, -0.4998365044593811], [-0.34398752450942993, -1.712727665901184, 1.0648866891860962, 6.334991931915283, 3.6471312046051025, 3.0787885189056396, 5.577773571014404, -1.1235389709472656, 1.928244709968567, 5.504912376403809, -0.16931818425655365, 0.35858750343322754, 0.1887214183807373, 2.013050079345703, -4.5617995262146, -3.442394971847534, 0.5617161989212036, 0.7242977023124695, 0.44339612126350403, 3.5157876014709473, 0.3478473722934723], [-0.12384887784719467, 0.1263844221830368, 0.4035922884941101, 3.6471312046051025, 3.1027393341064453, 3.5336263179779053, 1.555838942527771, -1.2776554822921753, 2.3526861667633057, 2.790973424911499, -0.3455544710159302, -0.1996621936559677, 0.06741021573543549, 1.7770909070968628, -2.149353265762329, -1.9341018199920654, -0.8045286536216736, 0.8431536555290222, -0.4875621199607849, 1.4286552667617798, -0.2699398696422577], [2.603968858718872, 0.6966997385025024, -1.0634032487869263, 3.0787885189056396, 3.5336263179779053, 8.012859344482422, -1.5362544059753418, -2.355839967727661, 1.6369893550872803, 3.1724581718444824, 0.97443687915802, 3.285709857940674, 2.681514024734497, -0.544390082359314, 2.4004290103912354, -3.276318311691284, -3.9842827320098877, -1.8287516832351685, 1.5978448390960693, 2.142519950866699, 1.0110186338424683], [-1.832613229751587, -3.0857932567596436, 1.6926380395889282, 5.577773571014404, 1.555838942527771, -1.5362544059753418, 8.374027252197266, 0.2502324879169464, 0.6369209885597229, 4.973982810974121, 0.016383418813347816, 0.00524166552349925, -0.7363325953483582, 1.7281297445297241, -6.227310657501221, -2.0174527168273926, 3.0160417556762695, 0.9939787983894348, 1.1970224380493164, 3.7865946292877197, 0.6362449526786804], [-0.3887063264846802, -0.3430207669734955, 0.21597014367580414, -1.1235389709472656, -1.2776554822921753, -2.355839967727661, 0.2502324879169464, 0.7683559060096741, -0.9715141654014587, -0.9607552289962769, -0.24614757299423218, -0.7839912176132202, -0.5800210237503052, -0.19422321021556854, -0.28685224056243896, 0.7663592100143433, 1.1624207496643066, 0.23644611239433289, -0.3969291150569916, -0.6590415835380554, -0.1846173107624054], [-1.8973655700683594, 1.2231168746948242, 0.45930948853492737, 1.928244709968567, 2.3526861667633057, 1.6369893550872803, 0.6369209885597229, -0.9715141654014587, 3.581254243850708, 0.6198676228523254, -0.3287510275840759, -1.0229357481002808, -1.0033382177352905, 2.417398452758789, -2.32193660736084, 0.5990035533905029, -0.7005059123039246, 1.8428939580917358, -0.6915631294250488, 0.2634761929512024, -0.7874312400817871], [0.6457821130752563, -2.070655345916748, 0.6065082550048828, 5.504912376403809, 2.790973424911499, 3.1724581718444824, 4.973982810974121, -0.9607552289962769, 0.6198676228523254, 5.32884407043457, 0.3822082579135895, 1.6550068855285645, 1.067530870437622, 0.641056478023529, -2.873656749725342, -3.670619249343872, 0.18913142383098602, -0.5066034197807312, 1.4458833932876587, 3.7219319343566895, 1.0023658275604248], [0.5256498456001282, -0.262315571308136, -0.6135138869285583, -0.16931818425655365, -0.3455544710159302, 0.97443687915802, 0.016383418813347816, -0.24614757299423218, -0.3287510275840759, 0.3822082579135895, 1.277490496635437, 2.6095383167266846, 1.2834848165512085, -1.417725682258606, 1.7438498735427856, 0.0572252981364727, -1.1098825931549072, -1.5448225736618042, 2.3859620094299316, 1.1722320318222046, 1.1748138666152954], [1.9647526741027832, -0.7904754877090454, -1.3740226030349731, 0.35858750343322754, -0.1996621936559677, 3.285709857940674, 0.00524166552349925, -0.7839912176132202, -1.0229357481002808, 1.6550068855285645, 2.6095383167266846, 5.749407768249512, 3.180015802383423, -3.16217041015625, 3.9109325408935547, -1.0172240734100342, -2.6337103843688965, -3.6208174228668213, 4.910089492797852, 2.8121700286865234, 2.5902609825134277], [1.910067081451416, -0.39448851346969604, -0.9255672693252563, 0.1887214183807373, 0.06741021573543549, 2.681514024734497, -0.7363325953483582, -0.5800210237503052, -1.0033382177352905, 1.067530870437622, 1.2834848165512085, 3.180015802383423, 2.1018574237823486, -2.0087027549743652, 2.8026933670043945, -1.26614511013031, -1.7873494625091553, -2.3032724857330322, 2.3520615100860596, 1.3791229724884033, 1.397904634475708], [-1.9931749105453491, 0.4441642165184021, 1.1475930213928223, 2.013050079345703, 1.7770909070968628, -0.544390082359314, 1.7281297445297241, -0.19422321021556854, 2.417398452758789, 0.641056478023529, -1.417725682258606, -3.16217041015625, -2.0087027549743652, 3.0168685913085938, -4.046906471252441, 0.12595556676387787, 1.2681384086608887, 2.7426414489746094, -2.5015056133270264, -0.43934303522109985, -1.4945310354232788], [3.0965235233306885, 1.319169044494629, -2.2234086990356445, -4.5617995262146, -2.149353265762329, 2.4004290103912354, -6.227310657501221, -0.28685224056243896, -2.32193660736084, -2.873656749725342, 1.7438498735427856, 3.9109325408935547, 2.8026933670043945, -4.046906471252441, 7.699642181396484, 0.7566945552825928, -3.517118453979492, -3.5758543014526367, 2.4652655124664307, -1.1036350727081299, 1.4229508638381958], [-1.892370343208313, 1.3852479457855225, -0.12822647392749786, -3.442394971847534, -1.9341018199920654, -3.276318311691284, -2.0174527168273926, 0.7663592100143433, 0.5990035533905029, -3.670619249343872, 0.0572252981364727, -1.0172240734100342, -1.26614511013031, 0.12595556676387787, 0.7566945552825928, 3.607832670211792, 0.27864906191825867, 0.887478232383728, -0.2760225534439087, -2.0657732486724854, -0.6000717878341675], [-1.4510341882705688, -1.2240307331085205, 1.210153579711914, 0.5617161989212036, -0.8045286536216736, -3.9842827320098877, 3.0160417556762695, 1.1624207496643066, -0.7005059123039246, 0.18913142383098602, -1.1098825931549072, -2.6337103843688965, -1.7873494625091553, 1.2681384086608887, -3.517118453979492, 0.27864906191825867, 3.0914859771728516, 1.6301714181900024, -1.6210132837295532, -0.32474079728126526, -0.781092643737793], [-2.1089956760406494, 0.6007046699523926, 1.0980838537216187, 0.7242977023124695, 0.8431536555290222, -1.8287516832351685, 0.9939787983894348, 0.23644611239433289, 1.8428939580917358, -0.5066034197807312, -1.5448225736618042, -3.6208174228668213, -2.3032724857330322, 2.7426414489746094, -3.5758543014526367, 0.887478232383728, 1.6301714181900024, 2.805939197540283, -2.829880714416504, -1.2376916408538818, -1.6736172437667847], [0.8477960228919983, -0.9941827654838562, -0.9232112169265747, 0.44339612126350403, -0.4875621199607849, 1.5978448390960693, 1.1970224380493164, -0.3969291150569916, -0.6915631294250488, 1.4458833932876587, 2.3859620094299316, 4.910089492797852, 2.3520615100860596, -2.5015056133270264, 2.4652655124664307, -0.2760225534439087, -1.6210132837295532, -2.829880714416504, 4.628215789794922, 2.7292020320892334, 2.31492280960083], [0.3853355348110199, -1.6657787561416626, 0.09985388815402985, 3.5157876014709473, 1.4286552667617798, 2.142519950866699, 3.7865946292877197, -0.6590415835380554, 0.2634761929512024, 3.7219319343566895, 1.1722320318222046, 2.8121700286865234, 1.3791229724884033, -0.43934303522109985, -1.1036350727081299, -2.0657732486724854, -0.32474079728126526, -1.2376916408538818, 2.7292020320892334, 3.344446897506714, 1.4807782173156738], [0.8579210638999939, -0.7297470569610596, -0.4998365044593811, 0.3478473722934723, -0.2699398696422577, 1.0110186338424683, 0.6362449526786804, -0.1846173107624054, -0.7874312400817871, 1.0023658275604248, 1.1748138666152954, 2.5902609825134277, 1.397904634475708, -1.4945310354232788, 1.4229508638381958, -0.6000717878341675, -0.781092643737793, -1.6736172437667847, 2.31492280960083, 1.4807782173156738, 1.2588680982589722]], "type": "heatmap"}], "layout": {"template": {"data": {"histogram2dcontour": [{"type": "histogram2dcontour", "colorbar": {"outlinewidth": 0, "ticks": ""}, "colorscale": [[0.0, "#0d0887"], [0.1111111111111111, "#46039f"], [0.2222222222222222, "#7201a8"], [0.3333333333333333, "#9c179e"], [0.4444444444444444, "#bd3786"], [0.5555555555555556, "#d8576b"], [0.6666666666666666, "#ed7953"], [0.7777777777777778, "#fb9f3a"], [0.8888888888888888, "#fdca26"], [1.0, "#f0f921"]]}], "choropleth": [{"type": "choropleth", "colorbar": {"outlinewidth": 0, "ticks": ""}}], "histogram2d": [{"type": "histogram2d", "colorbar": {"outlinewidth": 0, "ticks": ""}, "colorscale": [[0.0, "#0d0887"], [0.1111111111111111, "#46039f"], [0.2222222222222222, "#7201a8"], [0.3333333333333333, "#9c179e"], [0.4444444444444444, "#bd3786"], [0.5555555555555556, "#d8576b"], [0.6666666666666666, "#ed7953"], [0.7777777777777778, "#fb9f3a"], [0.8888888888888888, "#fdca26"], [1.0, "#f0f921"]]}], "heatmap": [{"type": "heatmap", "colorbar": {"outlinewidth": 0, "ticks": ""}, "colorscale": [[0.0, "#0d0887"], [0.1111111111111111, "#46039f"], [0.2222222222222222, "#7201a8"], [0.3333333333333333, "#9c179e"], [0.4444444444444444, "#bd3786"], [0.5555555555555556, "#d8576b"], [0.6666666666666666, "#ed7953"], [0.7777777777777778, "#fb9f3a"], [0.8888888888888888, "#fdca26"], [1.0, "#f0f921"]]}], "heatmapgl": [{"type": "heatmapgl", "colorbar": {"outlinewidth": 0, "ticks": ""}, "colorscale": [[0.0, "#0d0887"], [0.1111111111111111, "#46039f"], [0.2222222222222222, "#7201a8"], [0.3333333333333333, "#9c179e"], [0.4444444444444444, "#bd3786"], [0.5555555555555556, "#d8576b"], [0.6666666666666666, "#ed7953"], [0.7777777777777778, "#fb9f3a"], [0.8888888888888888, "#fdca26"], [1.0, "#f0f921"]]}], "contourcarpet": [{"type": "contourcarpet", "colorbar": {"outlinewidth": 0, "ticks": ""}}], "contour": [{"type": "contour", "colorbar": {"outlinewidth": 0, "ticks": ""}, "colorscale": [[0.0, "#0d0887"], [0.1111111111111111, "#46039f"], [0.2222222222222222, "#7201a8"], [0.3333333333333333, "#9c179e"], [0.4444444444444444, "#bd3786"], [0.5555555555555556, "#d8576b"], [0.6666666666666666, "#ed7953"], [0.7777777777777778, "#fb9f3a"], [0.8888888888888888, "#fdca26"], [1.0, "#f0f921"]]}], "surface": [{"type": "surface", "colorbar": {"outlinewidth": 0, "ticks": ""}, "colorscale": [[0.0, "#0d0887"], [0.1111111111111111, "#46039f"], [0.2222222222222222, "#7201a8"], [0.3333333333333333, "#9c179e"], [0.4444444444444444, "#bd3786"], [0.5555555555555556, "#d8576b"], [0.6666666666666666, "#ed7953"], [0.7777777777777778, "#fb9f3a"], [0.8888888888888888, "#fdca26"], [1.0, "#f0f921"]]}], "mesh3d": [{"type": "mesh3d", "colorbar": {"outlinewidth": 0, "ticks": ""}}], "scatter": [{"fillpattern": {"fillmode": "overlay", "size": 10, "solidity": 0.2}, "type": "scatter"}], "parcoords": [{"type": "parcoords", "line": {"colorbar": {"outlinewidth": 0, "ticks": ""}}}], "scatterpolargl": [{"type": "scatterpolargl", "marker": {"colorbar": {"outlinewidth": 0, "ticks": ""}}}], "bar": [{"error_x": {"color": "#2a3f5f"}, "error_y": {"color": "#2a3f5f"}, "marker": {"line": {"color": "#E5ECF6", "width": 0.5}, "pattern": {"fillmode": "overlay", "size": 10, "solidity": 0.2}}, "type": "bar"}], "scattergeo": [{"type": "scattergeo", "marker": {"colorbar": {"outlinewidth": 0, "ticks": ""}}}], "scatterpolar": [{"type": "scatterpolar", "marker": {"colorbar": {"outlinewidth": 0, "ticks": ""}}}], "histogram": [{"marker": {"pattern": {"fillmode": "overlay", "size": 10, "solidity": 0.2}}, "type": "histogram"}], "scattergl": [{"type": "scattergl", "marker": {"colorbar": {"outlinewidth": 0, "ticks": ""}}}], "scatter3d": [{"type": "scatter3d", "line": {"colorbar": {"outlinewidth": 0, "ticks": ""}}, "marker": {"colorbar": {"outlinewidth": 0, "ticks": ""}}}], "scattermapbox": [{"type": "scattermapbox", "marker": {"colorbar": {"outlinewidth": 0, "ticks": ""}}}], "scatterternary": [{"type": "scatterternary", "marker": {"colorbar": {"outlinewidth": 0, "ticks": ""}}}], "scattercarpet": [{"type": "scattercarpet", "marker": {"colorbar": {"outlinewidth": 0, "ticks": ""}}}], "carpet": [{"aaxis": {"endlinecolor": "#2a3f5f", "gridcolor": "white", "linecolor": "white", "minorgridcolor": "white", "startlinecolor": "#2a3f5f"}, "baxis": {"endlinecolor": "#2a3f5f", "gridcolor": "white", "linecolor": "white", "minorgridcolor": "white", "startlinecolor": "#2a3f5f"}, "type": "carpet"}], "table": [{"cells": {"fill": {"color": "#EBF0F8"}, "line": {"color": "white"}}, "header": {"fill": {"color": "#C8D4E3"}, "line": {"color": "white"}}, "type": "table"}], "barpolar": [{"marker": {"line": {"color": "#E5ECF6", "width": 0.5}, "pattern": {"fillmode": "overlay", "size": 10, "solidity": 0.2}}, "type": "barpolar"}], "pie": [{"automargin": true, "type": "pie"}]}, "layout": {"autotypenumbers": "strict", "colorway": ["#636efa", "#EF553B", "#00cc96", "#ab63fa", "#FFA15A", "#19d3f3", "#FF6692", "#B6E880", "#FF97FF", "#FECB52"], "font": {"color": "#2a3f5f"}, "hovermode": "closest", "hoverlabel": {"align": "left"}, "paper_bgcolor": "white", "plot_bgcolor": "#E5ECF6", "polar": {"bgcolor": "#E5ECF6", "angularaxis": {"gridcolor": "white", "linecolor": "white", "ticks": ""}, "radialaxis": {"gridcolor": "white", "linecolor": "white", "ticks": ""}}, "ternary": {"bgcolor": "#E5ECF6", "aaxis": {"gridcolor": "white", "linecolor": "white", "ticks": ""}, "baxis": {"gridcolor": "white", "linecolor": "white", "ticks": ""}, "caxis": {"gridcolor": "white", "linecolor": "white", "ticks": ""}}, "coloraxis": {"colorbar": {"outlinewidth": 0, "ticks": ""}}, "colorscale": {"sequential": [[0.0, "#0d0887"], [0.1111111111111111, "#46039f"], [0.2222222222222222, "#7201a8"], [0.3333333333333333, "#9c179e"], [0.4444444444444444, "#bd3786"], [0.5555555555555556, "#d8576b"], [0.6666666666666666, "#ed7953"], [0.7777777777777778, "#fb9f3a"], [0.8888888888888888, "#fdca26"], [1.0, "#f0f921"]], "sequentialminus": [[0.0, "#0d0887"], [0.1111111111111111, "#46039f"], [0.2222222222222222, "#7201a8"], [0.3333333333333333, "#9c179e"], [0.4444444444444444, "#bd3786"], [0.5555555555555556, "#d8576b"], [0.6666666666666666, "#ed7953"], [0.7777777777777778, "#fb9f3a"], [0.8888888888888888, "#fdca26"], [1.0, "#f0f921"]], "diverging": [[0, "#8e0152"], [0.1, "#c51b7d"], [0.2, "#de77ae"], [0.3, "#f1b6da"], [0.4, "#fde0ef"], [0.5, "#f7f7f7"], [0.6, "#e6f5d0"], [0.7, "#b8e186"], [0.8, "#7fbc41"], [0.9, "#4d9221"], [1, "#276419"]]}, "xaxis": {"gridcolor": "white", "linecolor": "white", "ticks": "", "title": {"standoff": 15}, "zerolinecolor": "white", "automargin": true, "zerolinewidth": 2}, "yaxis": {"gridcolor": "white", "linecolor": "white", "ticks": "", "title": {"standoff": 15}, "zerolinecolor": "white", "automargin": true, "zerolinewidth": 2}, "scene": {"xaxis": {"backgroundcolor": "#E5ECF6", "gridcolor": "white", "linecolor": "white", "showbackground": true, "ticks": "", "zerolinecolor": "white", "gridwidth": 2}, "yaxis": {"backgroundcolor": "#E5ECF6", "gridcolor": "white", "linecolor": "white", "showbackground": true, "ticks": "", "zerolinecolor": "white", "gridwidth": 2}, "zaxis": {"backgroundcolor": "#E5ECF6", "gridcolor": "white", "linecolor": "white", "showbackground": true, "ticks": "", "zerolinecolor": "white", "gridwidth": 2}}, "shapedefaults": {"line": {"color": "#2a3f5f"}}, "annotationdefaults": {"arrowcolor": "#2a3f5f", "arrowhead": 0, "arrowwidth": 1}, "geo": {"bgcolor": "white", "landcolor": "#E5ECF6", "subunitcolor": "white", "showland": true, "showlakes": true, "lakecolor": "white"}, "title": {"x": 0.05}, "mapbox": {"style": "light"}}}}}