{"data": [{"z": [[2.706996202468872, -0.38295990228652954, -0.8949815630912781, 0.058725710958242416, 0.10127874463796616, 2.9736745357513428, -1.3045704364776611, -0.49396976828575134, -1.6414406299591064, 1.0549927949905396, 0.8444870710372925, 2.5241341590881348, 2.1482155323028564, -2.0327091217041016, 3.104336738586426, -1.9365968704223633, -1.621215581893921, -2.265711784362793, 1.4937856197357178, 0.8819682598114014, 1.1032077074050903], [-0.38295990228652954, 1.6581575870513916, -0.4544062614440918, -1.3477205038070679, 0.300408273935318, 1.0316343307495117, -2.7504756450653076, -0.4863818883895874, 1.396124005317688, -1.694723129272461, -0.03177928179502487, -0.2723442018032074, -0.1933237910270691, 0.3460094928741455, 1.281792402267456, 1.2802045345306396, -1.4294729232788086, 0.39082828164100647, -0.5359897017478943, -1.219598650932312, -0.48903876543045044], [-0.8949815630912781, -0.4544062614440918, 0.6853141784667969, 1.47591233253479, 0.6337084770202637, -0.6782839894294739, 2.0590550899505615, 0.13584613800048828, 0.7019908428192139, 1.008294701576233, -0.3194272518157959, -0.8188926577568054, -0.6688234210014343, 1.1200904846191406, -2.1975185871124268, -0.15706486999988556, 1.066233515739441, 0.962202250957489, -0.4292867183685303, 0.5840576887130737, -0.26190701127052307], [0.058725710958242416, -1.3477205038070679, 1.47591233253479, 6.973532199859619, 4.1646809577941895, 3.7162227630615234, 5.909126281738281, -0.7858608365058899, 2.4378364086151123, 6.024842739105225, 0.3596838712692261, 1.0261547565460205, 0.7661122679710388, 2.386479139328003, -4.1460490226745605, -3.05729603767395, 0.8445864319801331, 1.0260993242263794, 0.7181271314620972, 4.128907203674316, 0.536295473575592], [0.10127874463796616, 0.300408273935318, 0.6337084770202637, 4.1646809577941895, 3.477447032928467, 4.041553974151611, 1.870603084564209, -1.1217622756958008, 2.7199716567993164, 3.2383005619049072, 0.05931238457560539, 0.3934180736541748, 0.4938535988330841, 1.9663670063018799, -1.905042052268982, -1.73704195022583, -0.705542266368866, 0.9487069249153137, -0.16601811349391937, 1.9599237442016602, -0.06733521819114685], [2.9736745357513428, 1.0316343307495117, -0.6782839894294739, 3.7162227630615234, 4.041553974151611, 8.639510154724121, -1.1255296468734741, -2.0489370822906494, 2.1387434005737305, 3.70353627204895, 1.497887134552002, 3.959685802459717, 3.241814136505127, -0.19531109929084778, 2.786900758743286, -2.918562412261963, -3.7332355976104736, -1.5613991022109985, 1.9192825555801392, 2.765345573425293, 1.211563229560852], [-1.3045704364776611, -2.7504756450653076, 2.0590550899505615, 5.909126281738281, 1.870603084564209, -1.1255296468734741, 8.37237548828125, 0.637919008731842, 0.8223453164100647, 5.251544952392578, 0.319137841463089, 0.3166459798812866, -0.2853863835334778, 2.0186996459960938, -5.749533653259277, -1.7435399293899536, 3.3831984996795654, 1.2956310510635376, 1.117071270942688, 4.060152530670166, 0.6826126575469971], [-0.49396976828575134, -0.4863818883895874, 0.13584613800048828, -0.7858608365058899, -1.1217622756958008, -2.0489370822906494, 0.637919008731842, 0.5944145321846008, -0.7895045280456543, -0.6031790971755981, -0.01268171239644289, -0.2774205803871155, -0.4120369851589203, -0.3086268901824951, -0.35246360301971436, 0.6516832709312439, 0.9244019389152527, 0.009696576744318008, 0.15645278990268707, -0.2231328785419464, 0.0534590482711792], [-1.6414406299591064, 1.396124005317688, 0.7019908428192139, 2.4378364086151123, 2.7199716567993164, 2.1387434005737305, 0.8223453164100647, -0.7895045280456543, 3.907827854156494, 1.0581200122833252, 0.03076482191681862, -0.4631902873516083, -0.5721970796585083, 2.612684965133667, -2.0657050609588623, 0.7933778166770935, -0.5668500661849976, 1.966159701347351, -0.5311558842658997, 0.7642900347709656, -0.6015191078186035], [1.0549927949905396, -1.694723129272461, 1.008294701576233, 6.024842739105225, 3.2383005619049072, 3.70353627204895, 5.251544952392578, -0.6031790971755981, 1.0581200122833252, 5.7456793785095215, 0.8499367237091064, 2.1941471099853516, 1.5831235647201538, 1.0065799951553345, -2.4496264457702637, -3.279559850692749, 0.503424882888794, -0.18374893069267273, 1.6516139507293701, 4.216228485107422, 1.1370105743408203], [0.8444870710372925, -0.03177928179502487, -0.3194272518157959, 0.3596838712692261, 0.05931238457560539, 1.497887134552002, 0.319137841463089, -0.01268171239644289, 0.03076482191681862, 0.8499367237091064, 1.6777877807617188, 3.169140338897705, 1.7450495958328247, -1.1688854694366455, 2.0508856773376465, 0.2890652120113373, -0.9180446863174438, -1.362816333770752, 2.6265816688537598, 1.6900068521499634, 1.346840262413025], [2.5241341590881348, -0.2723442018032074, -0.8188926577568054, 1.0261547565460205, 0.3934180736541748, 3.959685802459717, 0.3166459798812866, -0.2774205803871155, -0.4631902873516083, 2.1941471099853516, 3.169140338897705, 6.387332916259766, 3.841207265853882, -2.641671657562256, 4.468802452087402, -0.4839661419391632, -2.1662683486938477, -3.142230749130249, 5.03573751449585, 3.4167895317077637, 2.728769302368164], [2.1482155323028564, -0.1933237910270691, -0.6688234210014343, 0.7661122679710388, 0.4938535988330841, 3.241814136505127, -0.2853863835334778, -0.4120369851589203, -0.5721970796585083, 1.5831235647201538, 1.7450495958328247, 3.841207265853882, 2.566063165664673, -1.7880812883377075, 3.065452814102173, -1.042042851448059, -1.6804487705230713, -2.178257703781128, 2.795220375061035, 1.982386827468872, 1.6209217309951782], [-2.0327091217041016, 0.3460094928741455, 1.1200904846191406, 2.386479139328003, 1.9663670063018799, -0.19531109929084778, 2.0186996459960938, -0.3086268901824951, 2.612684965133667, 1.0065799951553345, -1.1688854694366455, -2.641671657562256, -1.7880812883377075, 2.947557210922241, -4.056910037994385, 0.05664760246872902, 1.0906144380569458, 2.5668485164642334, -2.0689213275909424, 0.005889862310141325, -1.2605079412460327], [3.104336738586426, 1.281792402267456, -2.1975185871124268, -4.1460490226745605, -1.905042052268982, 2.786900758743286, -5.749533653259277, -0.35246360301971436, -2.0657050609588623, -2.4496264457702637, 2.0508856773376465, 4.468802452087402, 3.065452814102173, -4.056910037994385, 7.740601062774658, 0.7422398328781128, -3.6446449756622314, -3.696132183074951, 3.0131046772003174, -0.6069684028625488, 1.6590107679367065], [-1.9365968704223633, 1.2802045345306396, -0.15706486999988556, -3.05729603767395, -1.73704195022583, -2.918562412261963, -1.7435399293899536, 0.6516832709312439, 0.7933778166770935, -3.279559850692749, 0.2890652120113373, -0.4839661419391632, -1.042042851448059, 0.05664760246872902, 0.7422398328781128, 3.538198471069336, 0.10152488946914673, 0.7115562558174133, 0.11855804175138474, -1.6076104640960693, -0.36317577958106995], [-1.621215581893921, -1.4294729232788086, 1.066233515739441, 0.8445864319801331, -0.705542266368866, -3.7332355976104736, 3.3831984996795654, 0.9244019389152527, -0.5668500661849976, 0.503424882888794, -0.9180446863174438, -2.1662683486938477, -1.6804487705230713, 1.0906144380569458, -3.6446449756622314, 0.10152488946914673, 2.7893173694610596, 1.3395799398422241, -1.0396474599838257, 0.06962265819311142, -0.5445469617843628], [-2.265711784362793, 0.39082828164100647, 0.962202250957489, 1.0260993242263794, 0.9487069249153137, -1.5613991022109985, 1.2956310510635376, 0.009696576744318008, 1.966159701347351, -0.18374893069267273, -1.362816333770752, -3.142230749130249, -2.178257703781128, 2.5668485164642334, -3.696132183074951, 0.7115562558174133, 1.3395799398422241, 2.516026258468628, -2.3366096019744873, -0.8366364240646362, -1.431138277053833], [1.4937856197357178, -0.5359897017478943, -0.4292867183685303, 0.7181271314620972, -0.16601811349391937, 1.9192825555801392, 1.117071270942688, 0.15645278990268707, -0.5311558842658997, 1.6516139507293701, 2.6265816688537598, 5.03573751449585, 2.795220375061035, -2.0689213275909424, 3.0131046772003174, 0.11855804175138474, -1.0396474599838257, -2.3366096019744873, 4.26534366607666, 2.8783984184265137, 2.256456136703491], [0.8819682598114014, -1.219598650932312, 0.5840576887130737, 4.128907203674316, 1.9599237442016602, 2.765345573425293, 4.060152530670166, -0.2231328785419464, 0.7642900347709656, 4.216228485107422, 1.6900068521499634, 3.4167895317077637, 1.982386827468872, 0.005889862310141325, -0.6069684028625488, -1.6076104640960693, 0.06962265819311142, -0.8366364240646362, 2.8783984184265137, 3.908263683319092, 1.6230162382125854], [1.1032077074050903, -0.48903876543045044, -0.26190701127052307, 0.536295473575592, -0.06733521819114685, 1.211563229560852, 0.6826126575469971, 0.0534590482711792, -0.6015191078186035, 1.1370105743408203, 1.346840262413025, 2.728769302368164, 1.6209217309951782, -1.2605079412460327, 1.6590107679367065, -0.36317577958106995, -0.5445469617843628, -1.431138277053833, 2.256456136703491, 1.6230162382125854, 1.2588680982589722]], "type": "heatmap"}], "layout": {"template": {"data": {"histogram2dcontour": [{"type": "histogram2dcontour", "colorbar": {"outlinewidth": 0, "ticks": ""}, "colorscale": [[0.0, "#0d0887"], [0.1111111111111111, "#46039f"], [0.2222222222222222, "#7201a8"], [0.3333333333333333, "#9c179e"], [0.4444444444444444, "#bd3786"], [0.5555555555555556, "#d8576b"], [0.6666666666666666, "#ed7953"], [0.7777777777777778, "#fb9f3a"], [0.8888888888888888, "#fdca26"], [1.0, "#f0f921"]]}], "choropleth": [{"type": "choropleth", "colorbar": {"outlinewidth": 0, "ticks": ""}}], "histogram2d": [{"type": "histogram2d", "colorbar": {"outlinewidth": 0, "ticks": ""}, "colorscale": [[0.0, "#0d0887"], [0.1111111111111111, "#46039f"], [0.2222222222222222, "#7201a8"], [0.3333333333333333, "#9c179e"], [0.4444444444444444, "#bd3786"], [0.5555555555555556, "#d8576b"], [0.6666666666666666, "#ed7953"], [0.7777777777777778, "#fb9f3a"], [0.8888888888888888, "#fdca26"], [1.0, "#f0f921"]]}], "heatmap": [{"type": "heatmap", "colorbar": {"outlinewidth": 0, "ticks": ""}, "colorscale": [[0.0, "#0d0887"], [0.1111111111111111, "#46039f"], [0.2222222222222222, "#7201a8"], [0.3333333333333333, "#9c179e"], [0.4444444444444444, "#bd3786"], [0.5555555555555556, "#d8576b"], [0.6666666666666666, "#ed7953"], [0.7777777777777778, "#fb9f3a"], [0.8888888888888888, "#fdca26"], [1.0, "#f0f921"]]}], "heatmapgl": [{"type": "heatmapgl", "colorbar": {"outlinewidth": 0, "ticks": ""}, "colorscale": [[0.0, "#0d0887"], [0.1111111111111111, "#46039f"], [0.2222222222222222, "#7201a8"], [0.3333333333333333, "#9c179e"], [0.4444444444444444, "#bd3786"], [0.5555555555555556, "#d8576b"], [0.6666666666666666, "#ed7953"], [0.7777777777777778, "#fb9f3a"], [0.8888888888888888, "#fdca26"], [1.0, "#f0f921"]]}], "contourcarpet": [{"type": "contourcarpet", "colorbar": {"outlinewidth": 0, "ticks": ""}}], "contour": [{"type": "contour", "colorbar": {"outlinewidth": 0, "ticks": ""}, "colorscale": [[0.0, "#0d0887"], [0.1111111111111111, "#46039f"], [0.2222222222222222, "#7201a8"], [0.3333333333333333, "#9c179e"], [0.4444444444444444, "#bd3786"], [0.5555555555555556, "#d8576b"], [0.6666666666666666, "#ed7953"], [0.7777777777777778, "#fb9f3a"], [0.8888888888888888, "#fdca26"], [1.0, "#f0f921"]]}], "surface": [{"type": "surface", "colorbar": {"outlinewidth": 0, "ticks": ""}, "colorscale": [[0.0, "#0d0887"], [0.1111111111111111, "#46039f"], [0.2222222222222222, "#7201a8"], [0.3333333333333333, "#9c179e"], [0.4444444444444444, "#bd3786"], [0.5555555555555556, "#d8576b"], [0.6666666666666666, "#ed7953"], [0.7777777777777778, "#fb9f3a"], [0.8888888888888888, "#fdca26"], [1.0, "#f0f921"]]}], "mesh3d": [{"type": "mesh3d", "colorbar": {"outlinewidth": 0, "ticks": ""}}], "scatter": [{"fillpattern": {"fillmode": "overlay", "size": 10, "solidity": 0.2}, "type": "scatter"}], "parcoords": [{"type": "parcoords", "line": {"colorbar": {"outlinewidth": 0, "ticks": ""}}}], "scatterpolargl": [{"type": "scatterpolargl", "marker": {"colorbar": {"outlinewidth": 0, "ticks": ""}}}], "bar": [{"error_x": {"color": "#2a3f5f"}, "error_y": {"color": "#2a3f5f"}, "marker": {"line": {"color": "#E5ECF6", "width": 0.5}, "pattern": {"fillmode": "overlay", "size": 10, "solidity": 0.2}}, "type": "bar"}], "scattergeo": [{"type": "scattergeo", "marker": {"colorbar": {"outlinewidth": 0, "ticks": ""}}}], "scatterpolar": [{"type": "scatterpolar", "marker": {"colorbar": {"outlinewidth": 0, "ticks": ""}}}], "histogram": [{"marker": {"pattern": {"fillmode": "overlay", "size": 10, "solidity": 0.2}}, "type": "histogram"}], "scattergl": [{"type": "scattergl", "marker": {"colorbar": {"outlinewidth": 0, "ticks": ""}}}], "scatter3d": [{"type": "scatter3d", "line": {"colorbar": {"outlinewidth": 0, "ticks": ""}}, "marker": {"colorbar": {"outlinewidth": 0, "ticks": ""}}}], "scattermapbox": [{"type": "scattermapbox", "marker": {"colorbar": {"outlinewidth": 0, "ticks": ""}}}], "scatterternary": [{"type": "scatterternary", "marker": {"colorbar": {"outlinewidth": 0, "ticks": ""}}}], "scattercarpet": [{"type": "scattercarpet", "marker": {"colorbar": {"outlinewidth": 0, "ticks": ""}}}], "carpet": [{"aaxis": {"endlinecolor": "#2a3f5f", "gridcolor": "white", "linecolor": "white", "minorgridcolor": "white", "startlinecolor": "#2a3f5f"}, "baxis": {"endlinecolor": "#2a3f5f", "gridcolor": "white", "linecolor": "white", "minorgridcolor": "white", "startlinecolor": "#2a3f5f"}, "type": "carpet"}], "table": [{"cells": {"fill": {"color": "#EBF0F8"}, "line": {"color": "white"}}, "header": {"fill": {"color": "#C8D4E3"}, "line": {"color": "white"}}, "type": "table"}], "barpolar": [{"marker": {"line": {"color": "#E5ECF6", "width": 0.5}, "pattern": {"fillmode": "overlay", "size": 10, "solidity": 0.2}}, "type": "barpolar"}], "pie": [{"automargin": true, "type": "pie"}]}, "layout": {"autotypenumbers": "strict", "colorway": ["#636efa", "#EF553B", "#00cc96", "#ab63fa", "#FFA15A", "#19d3f3", "#FF6692", "#B6E880", "#FF97FF", "#FECB52"], "font": {"color": "#2a3f5f"}, "hovermode": "closest", "hoverlabel": {"align": "left"}, "paper_bgcolor": "white", "plot_bgcolor": "#E5ECF6", "polar": {"bgcolor": "#E5ECF6", "angularaxis": {"gridcolor": "white", "linecolor": "white", "ticks": ""}, "radialaxis": {"gridcolor": "white", "linecolor": "white", "ticks": ""}}, "ternary": {"bgcolor": "#E5ECF6", "aaxis": {"gridcolor": "white", "linecolor": "white", "ticks": ""}, "baxis": {"gridcolor": "white", "linecolor": "white", "ticks": ""}, "caxis": {"gridcolor": "white", "linecolor": "white", "ticks": ""}}, "coloraxis": {"colorbar": {"outlinewidth": 0, "ticks": ""}}, "colorscale": {"sequential": [[0.0, "#0d0887"], [0.1111111111111111, "#46039f"], [0.2222222222222222, "#7201a8"], [0.3333333333333333, "#9c179e"], [0.4444444444444444, "#bd3786"], [0.5555555555555556, "#d8576b"], [0.6666666666666666, "#ed7953"], [0.7777777777777778, "#fb9f3a"], [0.8888888888888888, "#fdca26"], [1.0, "#f0f921"]], "sequentialminus": [[0.0, "#0d0887"], [0.1111111111111111, "#46039f"], [0.2222222222222222, "#7201a8"], [0.3333333333333333, "#9c179e"], [0.4444444444444444, "#bd3786"], [0.5555555555555556, "#d8576b"], [0.6666666666666666, "#ed7953"], [0.7777777777777778, "#fb9f3a"], [0.8888888888888888, "#fdca26"], [1.0, "#f0f921"]], "diverging": [[0, "#8e0152"], [0.1, "#c51b7d"], [0.2, "#de77ae"], [0.3, "#f1b6da"], [0.4, "#fde0ef"], [0.5, "#f7f7f7"], [0.6, "#e6f5d0"], [0.7, "#b8e186"], [0.8, "#7fbc41"], [0.9, "#4d9221"], [1, "#276419"]]}, "xaxis": {"gridcolor": "white", "linecolor": "white", "ticks": "", "title": {"standoff": 15}, "zerolinecolor": "white", "automargin": true, "zerolinewidth": 2}, "yaxis": {"gridcolor": "white", "linecolor": "white", "ticks": "", "title": {"standoff": 15}, "zerolinecolor": "white", "automargin": true, "zerolinewidth": 2}, "scene": {"xaxis": {"backgroundcolor": "#E5ECF6", "gridcolor": "white", "linecolor": "white", "showbackground": true, "ticks": "", "zerolinecolor": "white", "gridwidth": 2}, "yaxis": {"backgroundcolor": "#E5ECF6", "gridcolor": "white", "linecolor": "white", "showbackground": true, "ticks": "", "zerolinecolor": "white", "gridwidth": 2}, "zaxis": {"backgroundcolor": "#E5ECF6", "gridcolor": "white", "linecolor": "white", "showbackground": true, "ticks": "", "zerolinecolor": "white", "gridwidth": 2}}, "shapedefaults": {"line": {"color": "#2a3f5f"}}, "annotationdefaults": {"arrowcolor": "#2a3f5f", "arrowhead": 0, "arrowwidth": 1}, "geo": {"bgcolor": "white", "landcolor": "#E5ECF6", "subunitcolor": "white", "showland": true, "showlakes": true, "lakecolor": "white"}, "title": {"x": 0.05}, "mapbox": {"style": "light"}}}}}