{"data": [{"z": [[2.731282949447632, -0.33143091201782227, -0.8958129286766052, -0.31327417492866516, -0.11028764396905899, 2.6313414573669434, -1.7990684509277344, -0.40224742889404297, -1.8841785192489624, 0.6778523325920105, 0.5460553169250488, 2.0086967945098877, 1.9265339374542236, -2.00331974029541, 3.092250347137451, -1.9037225246429443, -1.4696115255355835, -2.128675699234009, 0.8919597864151001, 0.4234764873981476, 0.879173219203949], [-0.33143091201782227, 1.7697827816009521, -0.41265901923179626, -1.6898211240768433, 0.13250744342803955, 0.7165175080299377, -3.0603082180023193, -0.36403214931488037, 1.228477954864502, -2.0460829734802246, -0.2497025728225708, -0.7541760802268982, -0.38532721996307373, 0.42633259296417236, 1.307661771774292, 1.3661233186721802, -1.2502602338790894, 0.5732272863388062, -0.9575796127319336, -1.6351697444915771, -0.7085398435592651], [-0.8958129286766052, -0.41265901923179626, 0.667152464389801, 1.0949010848999023, 0.4167787730693817, -1.0361579656600952, 1.724640965461731, 0.20207151770591736, 0.4718611538410187, 0.6381288766860962, -0.5936787724494934, -1.3304319381713867, -0.9092493057250977, 1.1368597745895386, -2.2275755405426025, -0.1402781754732132, 1.1910150051116943, 1.0775989294052124, -0.879583477973938, 0.13745160400867462, -0.47856831550598145], [-0.31327417492866516, -1.6898211240768433, 1.0949010848999023, 6.400074481964111, 3.6956136226654053, 3.141467571258545, 5.643859386444092, -1.1010246276855469, 1.9761675596237183, 5.571207523345947, -0.11414852738380432, 0.4370172917842865, 0.24064750969409943, 2.0386250019073486, -4.529530048370361, -3.418030023574829, 0.5795351266860962, 0.7405951023101807, 0.5205128192901611, 3.5882229804992676, 0.3687896728515625], [-0.11028764396905899, 0.13250744342803955, 0.4167787730693817, 3.6956136226654053, 3.1346805095672607, 3.5792970657348633, 1.6060733795166016, -1.2719753980636597, 2.384096384048462, 2.8407793045043945, -0.30708247423171997, -0.13799072802066803, 0.1025119423866272, 1.7859697341918945, -2.1342220306396484, -1.9264111518859863, -0.8036578297615051, 0.8427407741546631, -0.426511287689209, 1.4845818281173706, -0.24906636774539948], [2.6313414573669434, 0.7165175080299377, -1.0361579656600952, 3.141467571258545, 3.5792970657348633, 8.072154998779297, -1.4712860584259033, -2.336158514022827, 1.6821212768554688, 3.236237049102783, 1.0268913507461548, 3.361356019973755, 2.7304959297180176, -0.5215464234352112, 2.429187059402466, -3.2545642852783203, -3.969026803970337, -1.8149399757385254, 1.6724687814712524, 2.2126622200012207, 1.0320724248886108], [-1.7990684509277344, -3.0603082180023193, 1.724640965461731, 5.643859386444092, 1.6060733795166016, -1.4712860584259033, 8.440104484558105, 0.27503255009651184, 0.6864997148513794, 5.041409969329834, 0.07327724248170853, 0.08516889065504074, -0.6823246479034424, 1.7556267976760864, -6.191899299621582, -1.990957260131836, 3.0358054637908936, 1.0121917724609375, 1.2752652168273926, 3.8600308895111084, 0.6568001508712769], [-0.40224742889404297, -0.36403214931488037, 0.20207151770591736, -1.1010246276855469, -1.2719753980636597, -2.336158514022827, 0.27503255009651184, 0.7467067241668701, -0.9663085341453552, -0.9366409182548523, -0.23379428684711456, -0.7478652000427246, -0.5713744759559631, -0.21259036660194397, -0.2988229990005493, 0.7467568516731262, 1.1353929042816162, 0.20823520421981812, -0.3604373335838318, -0.6289239525794983, -0.16333872079849243], [-1.8841785192489624, 1.228477954864502, 0.4718611538410187, 1.9761675596237183, 2.384096384048462, 1.6821212768554688, 0.6864997148513794, -0.9663085341453552, 3.6118674278259277, 0.6692894101142883, -0.2908916771411896, -0.9616613984107971, -0.9685530066490173, 2.4255616664886475, -2.3072032928466797, 0.6059627532958984, -0.7001599073410034, 1.841653823852539, -0.6309967637062073, 0.3190840184688568, -0.7664414644241333], [0.6778523325920105, -2.0460829734802246, 0.6381288766860962, 5.571207523345947, 2.8407793045043945, 3.236237049102783, 5.041409969329834, -0.9366409182548523, 0.6692894101142883, 5.39619779586792, 0.43864908814430237, 1.7343380451202393, 1.120597004890442, 0.6683397889137268, -2.840085744857788, -3.64451003074646, 0.20867376029491425, -0.48846831917762756, 1.5239229202270508, 3.795395612716675, 1.0230281352996826], [0.5460553169250488, -0.2497025728225708, -0.5936787724494934, -0.11414852738380432, -0.30708247423171997, 1.0268913507461548, 0.07327724248170853, -0.23379428684711456, -0.2908916771411896, 0.43864908814430237, 1.3226276636123657, 2.677988290786743, 1.3253194093704224, -1.4023600816726685, 1.7657132148742676, 0.07147502154111862, -1.10232675075531, -1.538824439048767, 2.4534740447998047, 1.2349134683609009, 1.1957937479019165], [2.0086967945098877, -0.7541760802268982, -1.3304319381713867, 0.4370172917842865, -0.13799072802066803, 3.361356019973755, 0.08516889065504074, -0.7478652000427246, -0.9616613984107971, 1.7343380451202393, 2.677988290786743, 5.840914726257324, 3.245147943496704, -3.12298846244812, 3.9563450813293457, -0.9789754748344421, -2.6019978523254395, -3.5907399654388428, 4.999863147735596, 2.898023843765259, 2.6111481189727783], [1.9265339374542236, -0.38532721996307373, -0.9092493057250977, 0.24064750969409943, 0.1025119423866272, 2.7304959297180176, -0.6823246479034424, -0.5713744759559631, -0.9685530066490173, 1.120597004890442, 1.3253194093704224, 3.245147943496704, 2.1400551795959473, -1.996741533279419, 2.820702075958252, -1.255232810974121, -1.7835149765014648, -2.300665855407715, 2.4165258407592773, 1.438490390777588, 1.4189400672912598], [-2.00331974029541, 0.42633259296417236, 1.1368597745895386, 2.0386250019073486, 1.7859697341918945, -0.5215464234352112, 1.7556267976760864, -0.21259036660194397, 2.4255616664886475, 0.6683397889137268, -1.4023600816726685, -3.12298846244812, -1.996741533279419, 3.0017073154449463, -4.05546760559082, 0.10941240936517715, 1.244462013244629, 2.717700958251953, -2.46215558052063, -0.40611469745635986, -1.473264455795288], [3.092250347137451, 1.307661771774292, -2.2275755405426025, -4.529530048370361, -2.1342220306396484, 2.429187059402466, -6.191899299621582, -0.2988229990005493, -2.3072032928466797, -2.840085744857788, 1.7657132148742676, 3.9563450813293457, 2.820702075958252, -4.05546760559082, 7.696771621704102, 0.7470372915267944, -3.5340867042541504, -3.593928575515747, 2.5108253955841064, -1.063775897026062, 1.4442131519317627], [-1.9037225246429443, 1.3661233186721802, -0.1402781754732132, -3.418030023574829, -1.9264111518859863, -3.2545642852783203, -1.990957260131836, 0.7467568516731262, 0.6059627532958984, -3.64451003074646, 0.07147502154111862, -0.9789754748344421, -1.255232810974121, 0.10941240936517715, 0.7470372915267944, 3.5901522636413574, 0.25357261300086975, 0.8610426783561707, -0.2376391589641571, -2.033482789993286, -0.5786842107772827], [-1.4696115255355835, -1.2502602338790894, 1.1910150051116943, 0.5795351266860962, -0.8036578297615051, -3.969026803970337, 3.0358054637908936, 1.1353929042816162, -0.7001599073410034, 0.20867376029491425, -1.10232675075531, -2.6019978523254395, -1.7835149765014648, 1.244462013244629, -3.5340867042541504, 0.25357261300086975, 3.058847665786743, 1.5963846445083618, -1.5888067483901978, -0.29930371046066284, -0.7595490217208862], [-2.128675699234009, 0.5732272863388062, 1.0775989294052124, 0.7405951023101807, 0.8427407741546631, -1.8149399757385254, 1.0121917724609375, 0.20823520421981812, 1.841653823852539, -0.48846831917762756, -1.538824439048767, -3.5907399654388428, -2.300665855407715, 2.717700958251953, -3.593928575515747, 0.8610426783561707, 1.5963846445083618, 2.771031379699707, -2.799375057220459, -1.213704228401184, -1.6522043943405151], [0.8919597864151001, -0.9575796127319336, -0.879583477973938, 0.5205128192901611, -0.426511287689209, 1.6724687814712524, 1.2752652168273926, -0.3604373335838318, -0.6309967637062073, 1.5239229202270508, 2.4534740447998047, 4.999863147735596, 2.4165258407592773, -2.46215558052063, 2.5108253955841064, -0.2376391589641571, -1.5888067483901978, -2.799375057220459, 4.7161865234375, 2.813483953475952, 2.3350353240966797], [0.4234764873981476, -1.6351697444915771, 0.13745160400867462, 3.5882229804992676, 1.4845818281173706, 2.2126622200012207, 3.8600308895111084, -0.6289239525794983, 0.3190840184688568, 3.795395612716675, 1.2349134683609009, 2.898023843765259, 1.438490390777588, -0.40611469745635986, -1.063775897026062, -2.033482789993286, -0.29930371046066284, -1.213704228401184, 2.813483953475952, 3.4243085384368896, 1.5016720294952393], [0.879173219203949, -0.7085398435592651, -0.47856831550598145, 0.3687896728515625, -0.24906636774539948, 1.0320724248886108, 0.6568001508712769, -0.16333872079849243, -0.7664414644241333, 1.0230281352996826, 1.1957937479019165, 2.6111481189727783, 1.4189400672912598, -1.473264455795288, 1.4442131519317627, -0.5786842107772827, -0.7595490217208862, -1.6522043943405151, 2.3350353240966797, 1.5016720294952393, 1.2588680982589722]], "type": "heatmap"}], "layout": {"template": {"data": {"histogram2dcontour": [{"type": "histogram2dcontour", "colorbar": {"outlinewidth": 0, "ticks": ""}, "colorscale": [[0.0, "#0d0887"], [0.1111111111111111, "#46039f"], [0.2222222222222222, "#7201a8"], [0.3333333333333333, "#9c179e"], [0.4444444444444444, "#bd3786"], [0.5555555555555556, "#d8576b"], [0.6666666666666666, "#ed7953"], [0.7777777777777778, "#fb9f3a"], [0.8888888888888888, "#fdca26"], [1.0, "#f0f921"]]}], "choropleth": [{"type": "choropleth", "colorbar": {"outlinewidth": 0, "ticks": ""}}], "histogram2d": [{"type": "histogram2d", "colorbar": {"outlinewidth": 0, "ticks": ""}, "colorscale": [[0.0, "#0d0887"], [0.1111111111111111, "#46039f"], [0.2222222222222222, "#7201a8"], [0.3333333333333333, "#9c179e"], [0.4444444444444444, "#bd3786"], [0.5555555555555556, "#d8576b"], [0.6666666666666666, "#ed7953"], [0.7777777777777778, "#fb9f3a"], [0.8888888888888888, "#fdca26"], [1.0, "#f0f921"]]}], "heatmap": [{"type": "heatmap", "colorbar": {"outlinewidth": 0, "ticks": ""}, "colorscale": [[0.0, "#0d0887"], [0.1111111111111111, "#46039f"], [0.2222222222222222, "#7201a8"], [0.3333333333333333, "#9c179e"], [0.4444444444444444, "#bd3786"], [0.5555555555555556, "#d8576b"], [0.6666666666666666, "#ed7953"], [0.7777777777777778, "#fb9f3a"], [0.8888888888888888, "#fdca26"], [1.0, "#f0f921"]]}], "heatmapgl": [{"type": "heatmapgl", "colorbar": {"outlinewidth": 0, "ticks": ""}, "colorscale": [[0.0, "#0d0887"], [0.1111111111111111, "#46039f"], [0.2222222222222222, "#7201a8"], [0.3333333333333333, "#9c179e"], [0.4444444444444444, "#bd3786"], [0.5555555555555556, "#d8576b"], [0.6666666666666666, "#ed7953"], [0.7777777777777778, "#fb9f3a"], [0.8888888888888888, "#fdca26"], [1.0, "#f0f921"]]}], "contourcarpet": [{"type": "contourcarpet", "colorbar": {"outlinewidth": 0, "ticks": ""}}], "contour": [{"type": "contour", "colorbar": {"outlinewidth": 0, "ticks": ""}, "colorscale": [[0.0, "#0d0887"], [0.1111111111111111, "#46039f"], [0.2222222222222222, "#7201a8"], [0.3333333333333333, "#9c179e"], [0.4444444444444444, "#bd3786"], [0.5555555555555556, "#d8576b"], [0.6666666666666666, "#ed7953"], [0.7777777777777778, "#fb9f3a"], [0.8888888888888888, "#fdca26"], [1.0, "#f0f921"]]}], "surface": [{"type": "surface", "colorbar": {"outlinewidth": 0, "ticks": ""}, "colorscale": [[0.0, "#0d0887"], [0.1111111111111111, "#46039f"], [0.2222222222222222, "#7201a8"], [0.3333333333333333, "#9c179e"], [0.4444444444444444, "#bd3786"], [0.5555555555555556, "#d8576b"], [0.6666666666666666, "#ed7953"], [0.7777777777777778, "#fb9f3a"], [0.8888888888888888, "#fdca26"], [1.0, "#f0f921"]]}], "mesh3d": [{"type": "mesh3d", "colorbar": {"outlinewidth": 0, "ticks": ""}}], "scatter": [{"fillpattern": {"fillmode": "overlay", "size": 10, "solidity": 0.2}, "type": "scatter"}], "parcoords": [{"type": "parcoords", "line": {"colorbar": {"outlinewidth": 0, "ticks": ""}}}], "scatterpolargl": [{"type": "scatterpolargl", "marker": {"colorbar": {"outlinewidth": 0, "ticks": ""}}}], "bar": [{"error_x": {"color": "#2a3f5f"}, "error_y": {"color": "#2a3f5f"}, "marker": {"line": {"color": "#E5ECF6", "width": 0.5}, "pattern": {"fillmode": "overlay", "size": 10, "solidity": 0.2}}, "type": "bar"}], "scattergeo": [{"type": "scattergeo", "marker": {"colorbar": {"outlinewidth": 0, "ticks": ""}}}], "scatterpolar": [{"type": "scatterpolar", "marker": {"colorbar": {"outlinewidth": 0, "ticks": ""}}}], "histogram": [{"marker": {"pattern": {"fillmode": "overlay", "size": 10, "solidity": 0.2}}, "type": "histogram"}], "scattergl": [{"type": "scattergl", "marker": {"colorbar": {"outlinewidth": 0, "ticks": ""}}}], "scatter3d": [{"type": "scatter3d", "line": {"colorbar": {"outlinewidth": 0, "ticks": ""}}, "marker": {"colorbar": {"outlinewidth": 0, "ticks": ""}}}], "scattermapbox": [{"type": "scattermapbox", "marker": {"colorbar": {"outlinewidth": 0, "ticks": ""}}}], "scatterternary": [{"type": "scatterternary", "marker": {"colorbar": {"outlinewidth": 0, "ticks": ""}}}], "scattercarpet": [{"type": "scattercarpet", "marker": {"colorbar": {"outlinewidth": 0, "ticks": ""}}}], "carpet": [{"aaxis": {"endlinecolor": "#2a3f5f", "gridcolor": "white", "linecolor": "white", "minorgridcolor": "white", "startlinecolor": "#2a3f5f"}, "baxis": {"endlinecolor": "#2a3f5f", "gridcolor": "white", "linecolor": "white", "minorgridcolor": "white", "startlinecolor": "#2a3f5f"}, "type": "carpet"}], "table": [{"cells": {"fill": {"color": "#EBF0F8"}, "line": {"color": "white"}}, "header": {"fill": {"color": "#C8D4E3"}, "line": {"color": "white"}}, "type": "table"}], "barpolar": [{"marker": {"line": {"color": "#E5ECF6", "width": 0.5}, "pattern": {"fillmode": "overlay", "size": 10, "solidity": 0.2}}, "type": "barpolar"}], "pie": [{"automargin": true, "type": "pie"}]}, "layout": {"autotypenumbers": "strict", "colorway": ["#636efa", "#EF553B", "#00cc96", "#ab63fa", "#FFA15A", "#19d3f3", "#FF6692", "#B6E880", "#FF97FF", "#FECB52"], "font": {"color": "#2a3f5f"}, "hovermode": "closest", "hoverlabel": {"align": "left"}, "paper_bgcolor": "white", "plot_bgcolor": "#E5ECF6", "polar": {"bgcolor": "#E5ECF6", "angularaxis": {"gridcolor": "white", "linecolor": "white", "ticks": ""}, "radialaxis": {"gridcolor": "white", "linecolor": "white", "ticks": ""}}, "ternary": {"bgcolor": "#E5ECF6", "aaxis": {"gridcolor": "white", "linecolor": "white", "ticks": ""}, "baxis": {"gridcolor": "white", "linecolor": "white", "ticks": ""}, "caxis": {"gridcolor": "white", "linecolor": "white", "ticks": ""}}, "coloraxis": {"colorbar": {"outlinewidth": 0, "ticks": ""}}, "colorscale": {"sequential": [[0.0, "#0d0887"], [0.1111111111111111, "#46039f"], [0.2222222222222222, "#7201a8"], [0.3333333333333333, "#9c179e"], [0.4444444444444444, "#bd3786"], [0.5555555555555556, "#d8576b"], [0.6666666666666666, "#ed7953"], [0.7777777777777778, "#fb9f3a"], [0.8888888888888888, "#fdca26"], [1.0, "#f0f921"]], "sequentialminus": [[0.0, "#0d0887"], [0.1111111111111111, "#46039f"], [0.2222222222222222, "#7201a8"], [0.3333333333333333, "#9c179e"], [0.4444444444444444, "#bd3786"], [0.5555555555555556, "#d8576b"], [0.6666666666666666, "#ed7953"], [0.7777777777777778, "#fb9f3a"], [0.8888888888888888, "#fdca26"], [1.0, "#f0f921"]], "diverging": [[0, "#8e0152"], [0.1, "#c51b7d"], [0.2, "#de77ae"], [0.3, "#f1b6da"], [0.4, "#fde0ef"], [0.5, "#f7f7f7"], [0.6, "#e6f5d0"], [0.7, "#b8e186"], [0.8, "#7fbc41"], [0.9, "#4d9221"], [1, "#276419"]]}, "xaxis": {"gridcolor": "white", "linecolor": "white", "ticks": "", "title": {"standoff": 15}, "zerolinecolor": "white", "automargin": true, "zerolinewidth": 2}, "yaxis": {"gridcolor": "white", "linecolor": "white", "ticks": "", "title": {"standoff": 15}, "zerolinecolor": "white", "automargin": true, "zerolinewidth": 2}, "scene": {"xaxis": {"backgroundcolor": "#E5ECF6", "gridcolor": "white", "linecolor": "white", "showbackground": true, "ticks": "", "zerolinecolor": "white", "gridwidth": 2}, "yaxis": {"backgroundcolor": "#E5ECF6", "gridcolor": "white", "linecolor": "white", "showbackground": true, "ticks": "", "zerolinecolor": "white", "gridwidth": 2}, "zaxis": {"backgroundcolor": "#E5ECF6", "gridcolor": "white", "linecolor": "white", "showbackground": true, "ticks": "", "zerolinecolor": "white", "gridwidth": 2}}, "shapedefaults": {"line": {"color": "#2a3f5f"}}, "annotationdefaults": {"arrowcolor": "#2a3f5f", "arrowhead": 0, "arrowwidth": 1}, "geo": {"bgcolor": "white", "landcolor": "#E5ECF6", "subunitcolor": "white", "showland": true, "showlakes": true, "lakecolor": "white"}, "title": {"x": 0.05}, "mapbox": {"style": "light"}}}}}