{"data": [{"z": [[2.7255358695983887, -0.3439503014087677, -0.9006296396255493, -0.27879348397254944, -0.09373842924833298, 2.661782741546631, -1.7601099014282227, -0.4154430627822876, -1.8675673007965088, 0.7136386632919312, 0.569534182548523, 2.0572733879089355, 1.9454036951065063, -2.0123658180236816, 3.088672399520874, -1.9143154621124268, -1.488364338874817, -2.1482367515563965, 0.9418687224388123, 0.46624329686164856, 0.9019796848297119], [-0.3439503014087677, 1.7491763830184937, -0.4252488911151886, -1.6630065441131592, 0.1406993567943573, 0.7400796413421631, -3.030377149581909, -0.38505640625953674, 1.2363988161087036, -2.017435073852539, -0.23360849916934967, -0.7121152281761169, -0.3734344244003296, 0.4087282717227936, 1.2972736358642578, 1.3476027250289917, -1.2769807577133179, 0.5451024770736694, -0.9151214957237244, -1.5997772216796875, -0.6853878498077393], [-0.9006296396255493, -0.4252488911151886, 0.6617844104766846, 1.127860188484192, 0.43203678727149963, -1.0056744813919067, 1.7592871189117432, 0.18850520253181458, 0.4868592619895935, 0.672675609588623, -0.5710546374320984, -1.2825473546981812, -0.8905479311943054, 1.1267799139022827, -2.230428695678711, -0.15116560459136963, 1.171760082244873, 1.0572341680526733, -0.8316736817359924, 0.1786830872297287, -0.4559893310070038], [-0.27879348397254944, -1.6630065441131592, 1.127860188484192, 6.467090606689453, 3.746715784072876, 3.2066268920898438, 5.710433483123779, -1.074968934059143, 2.026381254196167, 5.639127254486084, -0.05669719725847244, 0.5182020664215088, 0.2959420084953308, 2.0668489933013916, -4.493588924407959, -3.3900511264801025, 0.600081741809845, 0.7597439885139465, 0.598686933517456, 3.6628830432891846, 0.39029061794281006], [-0.09373842924833298, 0.1406993567943573, 0.43203678727149963, 3.746715784072876, 3.16874098777771, 3.627988576889038, 1.6583627462387085, -1.264039397239685, 2.417189121246338, 2.893280029296875, -0.26587340235710144, -0.07213333994150162, 0.14102229475975037, 1.7961208820343018, -2.1160333156585693, -1.9167535305023193, -0.8013017177581787, 0.843376100063324, -0.3624287545681, 1.5437973737716675, -0.22691500186920166], [2.661782741546631, 0.7400796413421631, -1.0056744813919067, 3.2066268920898438, 3.627988576889038, 8.133790016174316, -1.4036442041397095, -2.312735080718994, 1.7302337884902954, 3.30216908454895, 1.0818861722946167, 3.440110445022583, 2.7828075885772705, -0.4956069588661194, 2.4614107608795166, -3.2293450832366943, -3.9509549140930176, -1.7981756925582886, 1.7490497827529907, 2.2855377197265625, 1.0537848472595215], [-1.7601099014282227, -3.030377149581909, 1.7592871189117432, 5.710433483123779, 1.6583627462387085, -1.4036442041397095, 8.5035982131958, 0.30360323190689087, 0.7369478940963745, 5.109461784362793, 0.13179458677768707, 0.1667109578847885, -0.6248419284820557, 1.7852416038513184, -6.15129280090332, -1.961113691329956, 3.0584301948547363, 1.0332471132278442, 1.3525444269180298, 3.934103012084961, 0.6773646473884583], [-0.4154430627822876, -0.38505640625953674, 0.18850520253181458, -1.074968934059143, -1.264039397239685, -2.312735080718994, 0.30360323190689087, 0.7246658205986023, -0.9585248827934265, -0.9087759256362915, -0.21825158596038818, -0.7066009044647217, -0.5602455139160156, -0.23085446655750275, -0.3098096549510956, 0.7275071144104004, 1.1075429916381836, 0.17932218313217163, -0.31835442781448364, -0.5943603515625, -0.1403379589319229], [-1.8675673007965088, 1.2363988161087036, 0.4868592619895935, 2.026381254196167, 2.417189121246338, 1.7302337884902954, 0.7369478940963745, -0.9585248827934265, 3.643955945968628, 0.7210784554481506, -0.2503388226032257, -0.8964480757713318, -0.930450975894928, 2.435176372528076, -2.2890045642852783, 0.6155313849449158, -0.6978782415390015, 1.8419257402420044, -0.5684340596199036, 0.37734562158584595, -0.7444394826889038], [0.7136386632919312, -2.017435073852539, 0.672675609588623, 5.639127254486084, 2.893280029296875, 3.30216908454895, 5.109461784362793, -0.9087759256362915, 0.7210784554481506, 5.46494722366333, 0.49731773138046265, 1.8161433935165405, 1.1769713163375854, 0.698386549949646, -2.802626371383667, -3.614651679992676, 0.2310890555381775, -0.46732282638549805, 1.6029654741287231, 3.8708858489990234, 1.0441375970840454], [0.569534182548523, -0.23360849916934967, -0.5710546374320984, -0.05669719725847244, -0.26587340235710144, 1.0818861722946167, 0.13179458677768707, -0.21825158596038818, -0.2503388226032257, 0.49731773138046265, 1.3703033924102783, 2.7493467330932617, 1.370200753211975, -1.384336233139038, 1.7909893989562988, 0.08900187909603119, -1.0921754837036133, -1.530086874961853, 2.522517442703247, 1.2999831438064575, 1.2172844409942627], [2.0572733879089355, -0.7121152281761169, -1.2825473546981812, 0.5182020664215088, -0.07213333994150162, 3.440110445022583, 0.1667109578847885, -0.7066009044647217, -0.8964480757713318, 1.8161433935165405, 2.7493467330932617, 5.9353251457214355, 3.314371347427368, -3.079345226287842, 4.006733417510986, -0.9357530474662781, -2.5661301612854004, -3.555971384048462, 5.090188980102539, 2.9863808155059814, 2.63236665725708], [1.9454036951065063, -0.3734344244003296, -0.8905479311943054, 0.2959420084953308, 0.14102229475975037, 2.7828075885772705, -0.6248419284820557, -0.5602455139160156, -0.930450975894928, 1.1769713163375854, 1.370200753211975, 3.314371347427368, 2.1816184520721436, -1.9824082851409912, 2.8415515422821045, -1.2418780326843262, -1.7779487371444702, -2.296107053756714, 2.484391450881958, 1.5016024112701416, 1.4410921335220337], [-2.0123658180236816, 0.4087282717227936, 1.1267799139022827, 2.0668489933013916, 1.7961208820343018, -0.4956069588661194, 1.7852416038513184, -0.23085446655750275, 2.435176372528076, 0.698386549949646, -1.384336233139038, -3.079345226287842, -1.9824082851409912, 2.9864842891693115, -4.062690734863281, 0.09357203543186188, 1.220488429069519, 2.6922342777252197, -2.418593645095825, -0.36942216753959656, -1.4505565166473389], [3.088672399520874, 1.2972736358642578, -2.230428695678711, -4.493588924407959, -2.1160333156585693, 2.4614107608795166, -6.15129280090332, -0.3098096549510956, -2.2890045642852783, -2.802626371383667, 1.7909893989562988, 4.006733417510986, 2.8415515422821045, -4.062690734863281, 7.695824146270752, 0.738582193851471, -3.5507864952087402, -3.6115243434906006, 2.5617897510528564, -1.0194936990737915, 1.4669885635375977], [-1.9143154621124268, 1.3476027250289917, -0.15116560459136963, -3.3900511264801025, -1.9167535305023193, -3.2293450832366943, -1.961113691329956, 0.7275071144104004, 0.6155313849449158, -3.614651679992676, 0.08900187909603119, -0.9357530474662781, -1.2418780326843262, 0.09357203543186188, 0.738582193851471, 3.5737781524658203, 0.22869163751602173, 0.8347793221473694, -0.1947026252746582, -1.9971245527267456, -0.5558121800422668], [-1.488364338874817, -1.2769807577133179, 1.171760082244873, 0.600081741809845, -0.8013017177581787, -3.9509549140930176, 3.0584301948547363, 1.1075429916381836, -0.6978782415390015, 0.2310890555381775, -1.0921754837036133, -2.5661301612854004, -1.7779487371444702, 1.220488429069519, -3.5507864952087402, 0.22869163751602173, 3.0252439975738525, 1.5616923570632935, -1.5516277551651, -0.27019453048706055, -0.7366188168525696], [-2.1482367515563965, 0.5451024770736694, 1.0572341680526733, 0.7597439885139465, 0.843376100063324, -1.7981756925582886, 1.0332471132278442, 0.17932218313217163, 1.8419257402420044, -0.46732282638549805, -1.530086874961853, -3.555971384048462, -2.296107053756714, 2.6922342777252197, -3.6115243434906006, 0.8347793221473694, 1.5616923570632935, 2.734971761703491, -2.7638323307037354, -1.1859241724014282, -1.6292017698287964], [0.9418687224388123, -0.9151214957237244, -0.8316736817359924, 0.598686933517456, -0.3624287545681, 1.7490497827529907, 1.3525444269180298, -0.31835442781448364, -0.5684340596199036, 1.6029654741287231, 2.522517442703247, 5.090188980102539, 2.484391450881958, -2.418593645095825, 2.5617897510528564, -0.1947026252746582, -1.5516277551651, -2.7638323307037354, 4.801787376403809, 2.8980610370635986, 2.354499578475952], [0.46624329686164856, -1.5997772216796875, 0.1786830872297287, 3.6628830432891846, 1.5437973737716675, 2.2855377197265625, 3.934103012084961, -0.5943603515625, 0.37734562158584595, 3.8708858489990234, 1.2999831438064575, 2.9863808155059814, 1.5016024112701416, -0.36942216753959656, -1.0194936990737915, -1.9971245527267456, -0.27019453048706055, -1.1859241724014282, 2.8980610370635986, 3.506296157836914, 1.5229012966156006], [0.9019796848297119, -0.6853878498077393, -0.4559893310070038, 0.39029061794281006, -0.22691500186920166, 1.0537848472595215, 0.6773646473884583, -0.1403379589319229, -0.7444394826889038, 1.0441375970840454, 1.2172844409942627, 2.63236665725708, 1.4410921335220337, -1.4505565166473389, 1.4669885635375977, -0.5558121800422668, -0.7366188168525696, -1.6292017698287964, 2.354499578475952, 1.5229012966156006, 1.2588680982589722]], "type": "heatmap"}], "layout": {"template": {"data": {"histogram2dcontour": [{"type": "histogram2dcontour", "colorbar": {"outlinewidth": 0, "ticks": ""}, "colorscale": [[0.0, "#0d0887"], [0.1111111111111111, "#46039f"], [0.2222222222222222, "#7201a8"], [0.3333333333333333, "#9c179e"], [0.4444444444444444, "#bd3786"], [0.5555555555555556, "#d8576b"], [0.6666666666666666, "#ed7953"], [0.7777777777777778, "#fb9f3a"], [0.8888888888888888, "#fdca26"], [1.0, "#f0f921"]]}], "choropleth": [{"type": "choropleth", "colorbar": {"outlinewidth": 0, "ticks": ""}}], "histogram2d": [{"type": "histogram2d", "colorbar": {"outlinewidth": 0, "ticks": ""}, "colorscale": [[0.0, "#0d0887"], [0.1111111111111111, "#46039f"], [0.2222222222222222, "#7201a8"], [0.3333333333333333, "#9c179e"], [0.4444444444444444, "#bd3786"], [0.5555555555555556, "#d8576b"], [0.6666666666666666, "#ed7953"], [0.7777777777777778, "#fb9f3a"], [0.8888888888888888, "#fdca26"], [1.0, "#f0f921"]]}], "heatmap": [{"type": "heatmap", "colorbar": {"outlinewidth": 0, "ticks": ""}, "colorscale": [[0.0, "#0d0887"], [0.1111111111111111, "#46039f"], [0.2222222222222222, "#7201a8"], [0.3333333333333333, "#9c179e"], [0.4444444444444444, "#bd3786"], [0.5555555555555556, "#d8576b"], [0.6666666666666666, "#ed7953"], [0.7777777777777778, "#fb9f3a"], [0.8888888888888888, "#fdca26"], [1.0, "#f0f921"]]}], "heatmapgl": [{"type": "heatmapgl", "colorbar": {"outlinewidth": 0, "ticks": ""}, "colorscale": [[0.0, "#0d0887"], [0.1111111111111111, "#46039f"], [0.2222222222222222, "#7201a8"], [0.3333333333333333, "#9c179e"], [0.4444444444444444, "#bd3786"], [0.5555555555555556, "#d8576b"], [0.6666666666666666, "#ed7953"], [0.7777777777777778, "#fb9f3a"], [0.8888888888888888, "#fdca26"], [1.0, "#f0f921"]]}], "contourcarpet": [{"type": "contourcarpet", "colorbar": {"outlinewidth": 0, "ticks": ""}}], "contour": [{"type": "contour", "colorbar": {"outlinewidth": 0, "ticks": ""}, "colorscale": [[0.0, "#0d0887"], [0.1111111111111111, "#46039f"], [0.2222222222222222, "#7201a8"], [0.3333333333333333, "#9c179e"], [0.4444444444444444, "#bd3786"], [0.5555555555555556, "#d8576b"], [0.6666666666666666, "#ed7953"], [0.7777777777777778, "#fb9f3a"], [0.8888888888888888, "#fdca26"], [1.0, "#f0f921"]]}], "surface": [{"type": "surface", "colorbar": {"outlinewidth": 0, "ticks": ""}, "colorscale": [[0.0, "#0d0887"], [0.1111111111111111, "#46039f"], [0.2222222222222222, "#7201a8"], [0.3333333333333333, "#9c179e"], [0.4444444444444444, "#bd3786"], [0.5555555555555556, "#d8576b"], [0.6666666666666666, "#ed7953"], [0.7777777777777778, "#fb9f3a"], [0.8888888888888888, "#fdca26"], [1.0, "#f0f921"]]}], "mesh3d": [{"type": "mesh3d", "colorbar": {"outlinewidth": 0, "ticks": ""}}], "scatter": [{"fillpattern": {"fillmode": "overlay", "size": 10, "solidity": 0.2}, "type": "scatter"}], "parcoords": [{"type": "parcoords", "line": {"colorbar": {"outlinewidth": 0, "ticks": ""}}}], "scatterpolargl": [{"type": "scatterpolargl", "marker": {"colorbar": {"outlinewidth": 0, "ticks": ""}}}], "bar": [{"error_x": {"color": "#2a3f5f"}, "error_y": {"color": "#2a3f5f"}, "marker": {"line": {"color": "#E5ECF6", "width": 0.5}, "pattern": {"fillmode": "overlay", "size": 10, "solidity": 0.2}}, "type": "bar"}], "scattergeo": [{"type": "scattergeo", "marker": {"colorbar": {"outlinewidth": 0, "ticks": ""}}}], "scatterpolar": [{"type": "scatterpolar", "marker": {"colorbar": {"outlinewidth": 0, "ticks": ""}}}], "histogram": [{"marker": {"pattern": {"fillmode": "overlay", "size": 10, "solidity": 0.2}}, "type": "histogram"}], "scattergl": [{"type": "scattergl", "marker": {"colorbar": {"outlinewidth": 0, "ticks": ""}}}], "scatter3d": [{"type": "scatter3d", "line": {"colorbar": {"outlinewidth": 0, "ticks": ""}}, "marker": {"colorbar": {"outlinewidth": 0, "ticks": ""}}}], "scattermapbox": [{"type": "scattermapbox", "marker": {"colorbar": {"outlinewidth": 0, "ticks": ""}}}], "scatterternary": [{"type": "scatterternary", "marker": {"colorbar": {"outlinewidth": 0, "ticks": ""}}}], "scattercarpet": [{"type": "scattercarpet", "marker": {"colorbar": {"outlinewidth": 0, "ticks": ""}}}], "carpet": [{"aaxis": {"endlinecolor": "#2a3f5f", "gridcolor": "white", "linecolor": "white", "minorgridcolor": "white", "startlinecolor": "#2a3f5f"}, "baxis": {"endlinecolor": "#2a3f5f", "gridcolor": "white", "linecolor": "white", "minorgridcolor": "white", "startlinecolor": "#2a3f5f"}, "type": "carpet"}], "table": [{"cells": {"fill": {"color": "#EBF0F8"}, "line": {"color": "white"}}, "header": {"fill": {"color": "#C8D4E3"}, "line": {"color": "white"}}, "type": "table"}], "barpolar": [{"marker": {"line": {"color": "#E5ECF6", "width": 0.5}, "pattern": {"fillmode": "overlay", "size": 10, "solidity": 0.2}}, "type": "barpolar"}], "pie": [{"automargin": true, "type": "pie"}]}, "layout": {"autotypenumbers": "strict", "colorway": ["#636efa", "#EF553B", "#00cc96", "#ab63fa", "#FFA15A", "#19d3f3", "#FF6692", "#B6E880", "#FF97FF", "#FECB52"], "font": {"color": "#2a3f5f"}, "hovermode": "closest", "hoverlabel": {"align": "left"}, "paper_bgcolor": "white", "plot_bgcolor": "#E5ECF6", "polar": {"bgcolor": "#E5ECF6", "angularaxis": {"gridcolor": "white", "linecolor": "white", "ticks": ""}, "radialaxis": {"gridcolor": "white", "linecolor": "white", "ticks": ""}}, "ternary": {"bgcolor": "#E5ECF6", "aaxis": {"gridcolor": "white", "linecolor": "white", "ticks": ""}, "baxis": {"gridcolor": "white", "linecolor": "white", "ticks": ""}, "caxis": {"gridcolor": "white", "linecolor": "white", "ticks": ""}}, "coloraxis": {"colorbar": {"outlinewidth": 0, "ticks": ""}}, "colorscale": {"sequential": [[0.0, "#0d0887"], [0.1111111111111111, "#46039f"], [0.2222222222222222, "#7201a8"], [0.3333333333333333, "#9c179e"], [0.4444444444444444, "#bd3786"], [0.5555555555555556, "#d8576b"], [0.6666666666666666, "#ed7953"], [0.7777777777777778, "#fb9f3a"], [0.8888888888888888, "#fdca26"], [1.0, "#f0f921"]], "sequentialminus": [[0.0, "#0d0887"], [0.1111111111111111, "#46039f"], [0.2222222222222222, "#7201a8"], [0.3333333333333333, "#9c179e"], [0.4444444444444444, "#bd3786"], [0.5555555555555556, "#d8576b"], [0.6666666666666666, "#ed7953"], [0.7777777777777778, "#fb9f3a"], [0.8888888888888888, "#fdca26"], [1.0, "#f0f921"]], "diverging": [[0, "#8e0152"], [0.1, "#c51b7d"], [0.2, "#de77ae"], [0.3, "#f1b6da"], [0.4, "#fde0ef"], [0.5, "#f7f7f7"], [0.6, "#e6f5d0"], [0.7, "#b8e186"], [0.8, "#7fbc41"], [0.9, "#4d9221"], [1, "#276419"]]}, "xaxis": {"gridcolor": "white", "linecolor": "white", "ticks": "", "title": {"standoff": 15}, "zerolinecolor": "white", "automargin": true, "zerolinewidth": 2}, "yaxis": {"gridcolor": "white", "linecolor": "white", "ticks": "", "title": {"standoff": 15}, "zerolinecolor": "white", "automargin": true, "zerolinewidth": 2}, "scene": {"xaxis": {"backgroundcolor": "#E5ECF6", "gridcolor": "white", "linecolor": "white", "showbackground": true, "ticks": "", "zerolinecolor": "white", "gridwidth": 2}, "yaxis": {"backgroundcolor": "#E5ECF6", "gridcolor": "white", "linecolor": "white", "showbackground": true, "ticks": "", "zerolinecolor": "white", "gridwidth": 2}, "zaxis": {"backgroundcolor": "#E5ECF6", "gridcolor": "white", "linecolor": "white", "showbackground": true, "ticks": "", "zerolinecolor": "white", "gridwidth": 2}}, "shapedefaults": {"line": {"color": "#2a3f5f"}}, "annotationdefaults": {"arrowcolor": "#2a3f5f", "arrowhead": 0, "arrowwidth": 1}, "geo": {"bgcolor": "white", "landcolor": "#E5ECF6", "subunitcolor": "white", "showland": true, "showlakes": true, "lakecolor": "white"}, "title": {"x": 0.05}, "mapbox": {"style": "light"}}}}}