{"data": [{"z": [[2.6776392459869385, -0.3730805814266205, -0.8926414251327515, 0.13478945195674896, 0.16085213422775269, 3.041966199874878, -1.1849111318588257, -0.5215688943862915, -1.5368307828903198, 1.1322723627090454, 0.9292000532150269, 2.6308703422546387, 2.179220676422119, -2.0182173252105713, 3.0940606594085693, -1.9215013980865479, -1.6631441116333008, -2.2806105613708496, 1.623968243598938, 0.9841942191123962, 1.1438192129135132], [-0.3730805814266205, 1.6787300109863281, -0.4255009889602661, -1.2631826400756836, 0.3557610511779785, 1.1145864725112915, -2.73213791847229, -0.47200560569763184, 1.4423496723175049, -1.637730598449707, 0.0032955931965261698, -0.18779169023036957, -0.13066256046295166, 0.3737526535987854, 1.3039089441299438, 1.3179306983947754, -1.4269593954086304, 0.4068869948387146, -0.497004896402359, -1.1471023559570312, -0.4539226293563843], [-0.8926414251327515, -0.4255009889602661, 0.7140343189239502, 1.5582046508789062, 0.6922289133071899, -0.5992549657821655, 2.1005568504333496, 0.14352884888648987, 0.768557608127594, 1.0657389163970947, -0.2676186263561249, -0.7339364886283875, -0.6131349205970764, 1.1526107788085938, -2.178922653198242, -0.11650118976831436, 1.0607744455337524, 0.9791103601455688, -0.37605908513069153, 0.6591026186943054, -0.22717705368995667], [0.13478945195674896, -1.2631826400756836, 1.5582046508789062, 7.023306369781494, 4.205685138702393, 3.770925998687744, 5.869314193725586, -0.7157065868377686, 2.4238548278808594, 6.020993709564209, 0.36853715777397156, 1.001518964767456, 0.8413020372390747, 2.460089921951294, -4.068291664123535, -2.980701208114624, 0.9086574912071228, 1.1050591468811035, 0.6319499015808105, 4.113429069519043, 0.5456649661064148], [0.16085213422775269, 0.3557610511779785, 0.6922289133071899, 4.205685138702393, 3.507071018218994, 4.0891571044921875, 1.8283658027648926, -1.068129301071167, 2.7015957832336426, 3.2384049892425537, 0.061519064009189606, 0.38381943106651306, 0.5562258958816528, 2.014742374420166, -1.8443427085876465, -1.6829220056533813, -0.6574451327323914, 1.0024374723434448, -0.2329503446817398, 1.9531121253967285, -0.05719433352351189], [3.041966199874878, 1.1145864725112915, -0.5992549657821655, 3.770925998687744, 4.0891571044921875, 8.701408386230469, -1.1537023782730103, -1.983634114265442, 2.135235071182251, 3.705772638320923, 1.5102951526641846, 3.9439010620117188, 3.3181450366973877, -0.12132620066404343, 2.860872507095337, -2.839153528213501, -3.6761012077331543, -1.4855867624282837, 1.8515719175338745, 2.7600080966949463, 1.2244887351989746], [-1.1849111318588257, -2.73213791847229, 2.1005568504333496, 5.869314193725586, 1.8283658027648926, -1.1537023782730103, 8.293009757995605, 0.7012075781822205, 0.6710116267204285, 5.209555149078369, 0.26550763845443726, 0.21545839309692383, -0.25245946645736694, 2.0173869132995605, -5.671446323394775, -1.7675058841705322, 3.4578442573547363, 1.3186054229736328, 0.9813893437385559, 3.97011399269104, 0.6660603284835815], [-0.5215688943862915, -0.47200560569763184, 0.14352884888648987, -0.7157065868377686, -1.068129301071167, -1.983634114265442, 0.7012075781822205, 0.5795053243637085, -0.7013909816741943, -0.5445858240127563, 0.04297382012009621, -0.1837819218635559, -0.3804405927658081, -0.2884170711040497, -0.35867658257484436, 0.6802839636802673, 0.8964533805847168, 0.01013751421123743, 0.2443624585866928, -0.1409759670495987, 0.08514870703220367], [-1.5368307828903198, 1.4423496723175049, 0.768557608127594, 2.4238548278808594, 2.7015957832336426, 2.135235071182251, 0.6710116267204285, -0.7013909816741943, 3.776942491531372, 0.999135434627533, -0.05270843952894211, -0.5723360180854797, -0.5247499346733093, 2.6526498794555664, -1.9890915155410767, 0.8281580209732056, -0.4681294560432434, 2.0383338928222656, -0.7257843017578125, 0.6668005585670471, -0.6254590749740601], [1.1322723627090454, -1.637730598449707, 1.0657389163970947, 6.020993709564209, 3.2384049892425537, 3.705772638320923, 5.209555149078369, -0.5445858240127563, 0.999135434627533, 5.71554708480835, 0.836803674697876, 2.1275482177734375, 1.6232014894485474, 1.047643780708313, -2.3829779624938965, -3.2426671981811523, 0.5635766983032227, -0.13064426183700562, 1.5567888021469116, 4.1631388664245605, 1.1302516460418701], [0.9292000532150269, 0.0032955931965261698, -0.2676186263561249, 0.36853715777397156, 0.061519064009189606, 1.5102951526641846, 0.26550763845443726, 0.04297382012009621, -0.05270843952894211, 0.836803674697876, 1.636430025100708, 3.10545015335083, 1.786972999572754, -1.1370244026184082, 2.105973243713379, 0.2986453175544739, -0.8545154929161072, -1.3181992769241333, 2.528020143508911, 1.6416856050491333, 1.3391618728637695], [2.6308703422546387, -0.18779169023036957, -0.7339364886283875, 1.001518964767456, 0.38381943106651306, 3.9439010620117188, 0.21545839309692383, -0.1837819218635559, -0.5723360180854797, 2.1275482177734375, 3.10545015335083, 6.259404182434082, 3.8860645294189453, -2.5754101276397705, 4.558840751647949, -0.42137259244918823, -2.0652873516082764, -3.0499489307403564, 4.870700359344482, 3.3097243309020996, 2.703787088394165], [2.179220676422119, -0.13066256046295166, -0.6131349205970764, 0.8413020372390747, 0.5562258958816528, 3.3181450366973877, -0.25245946645736694, -0.3804405927658081, -0.5247499346733093, 1.6232014894485474, 1.786972999572754, 3.8860645294189453, 2.6331160068511963, -1.7292238473892212, 3.1105666160583496, -0.9789226651191711, -1.6614490747451782, -2.1316511631011963, 2.815455675125122, 2.02810001373291, 1.6487998962402344], [-2.0182173252105713, 0.3737526535987854, 1.1526107788085938, 2.460089921951294, 2.014742374420166, -0.12132620066404343, 2.0173869132995605, -0.2884170711040497, 2.6526498794555664, 1.047643780708313, -1.1370244026184082, -2.5754101276397705, -1.7292238473892212, 2.9787745475769043, -4.029667854309082, 0.0995296761393547, 1.0996907949447632, 2.5907914638519287, -2.058201789855957, 0.06096364185214043, -1.232219934463501], [3.0940606594085693, 1.3039089441299438, -2.178922653198242, -4.068291664123535, -1.8443427085876465, 2.860872507095337, -5.671446323394775, -0.35867658257484436, -1.9890915155410767, -2.3829779624938965, 2.105973243713379, 4.558840751647949, 3.1105666160583496, -4.029667854309082, 7.747215270996094, 0.7731200456619263, -3.6641061305999756, -3.6908957958221436, 3.1080076694488525, -0.5228074789047241, 1.6954548358917236], [-1.9215013980865479, 1.3179306983947754, -0.11650118976831436, -2.980701208114624, -1.6829220056533813, -2.839153528213501, -1.7675058841705322, 0.6802839636802673, 0.8281580209732056, -3.2426671981811523, 0.2986453175544739, -0.42137259244918823, -0.9789226651191711, 0.0995296761393547, 0.7731200456619263, 3.5955684185028076, 0.1187620684504509, 0.7500813007354736, 0.12161613255739212, -1.5596630573272705, -0.3382430076599121], [-1.6631441116333008, -1.4269593954086304, 1.0607744455337524, 0.9086574912071228, -0.6574451327323914, -3.6761012077331543, 3.4578442573547363, 0.8964533805847168, -0.4681294560432434, 0.5635766983032227, -0.8545154929161072, -2.0652873516082764, -1.6614490747451782, 1.0996907949447632, -3.6641061305999756, 0.1187620684504509, 2.748697280883789, 1.327062964439392, -0.9373575448989868, 0.1573953479528427, -0.5134210586547852], [-2.2806105613708496, 0.4068869948387146, 0.9791103601455688, 1.1050591468811035, 1.0024374723434448, -1.4855867624282837, 1.3186054229736328, 0.01013751421123743, 2.0383338928222656, -0.13064426183700562, -1.3181992769241333, -3.0499489307403564, -2.1316511631011963, 2.5907914638519287, -3.6908957958221436, 0.7500813007354736, 1.327062964439392, 2.5265862941741943, -2.2866592407226562, -0.7593658566474915, -1.39895761013031], [1.623968243598938, -0.497004896402359, -0.37605908513069153, 0.6319499015808105, -0.2329503446817398, 1.8515719175338745, 0.9813893437385559, 0.2443624585866928, -0.7257843017578125, 1.5567888021469116, 2.528020143508911, 4.870700359344482, 2.815455675125122, -2.058201789855957, 3.1080076694488525, 0.12161613255739212, -0.9373575448989868, -2.2866592407226562, 4.073789119720459, 2.7277207374572754, 2.2183680534362793], [0.9841942191123962, -1.1471023559570312, 0.6591026186943054, 4.113429069519043, 1.9531121253967285, 2.7600080966949463, 3.97011399269104, -0.1409759670495987, 0.6668005585670471, 4.1631388664245605, 1.6416856050491333, 3.3097243309020996, 2.02810001373291, 0.06096364185214043, -0.5228074789047241, -1.5596630573272705, 0.1573953479528427, -0.7593658566474915, 2.7277207374572754, 3.8185291290283203, 1.6039503812789917], [1.1438192129135132, -0.4539226293563843, -0.22717705368995667, 0.5456649661064148, -0.05719433352351189, 1.2244887351989746, 0.6660603284835815, 0.08514870703220367, -0.6254590749740601, 1.1302516460418701, 1.3391618728637695, 2.703787088394165, 1.6487998962402344, -1.232219934463501, 1.6954548358917236, -0.3382430076599121, -0.5134210586547852, -1.39895761013031, 2.2183680534362793, 1.6039503812789917, 1.2588680982589722]], "type": "heatmap"}], "layout": {"template": {"data": {"histogram2dcontour": [{"type": "histogram2dcontour", "colorbar": {"outlinewidth": 0, "ticks": ""}, "colorscale": [[0.0, "#0d0887"], [0.1111111111111111, "#46039f"], [0.2222222222222222, "#7201a8"], [0.3333333333333333, "#9c179e"], [0.4444444444444444, "#bd3786"], [0.5555555555555556, "#d8576b"], [0.6666666666666666, "#ed7953"], [0.7777777777777778, "#fb9f3a"], [0.8888888888888888, "#fdca26"], [1.0, "#f0f921"]]}], "choropleth": [{"type": "choropleth", "colorbar": {"outlinewidth": 0, "ticks": ""}}], "histogram2d": [{"type": "histogram2d", "colorbar": {"outlinewidth": 0, "ticks": ""}, "colorscale": [[0.0, "#0d0887"], [0.1111111111111111, "#46039f"], [0.2222222222222222, "#7201a8"], [0.3333333333333333, "#9c179e"], [0.4444444444444444, "#bd3786"], [0.5555555555555556, "#d8576b"], [0.6666666666666666, "#ed7953"], [0.7777777777777778, "#fb9f3a"], [0.8888888888888888, "#fdca26"], [1.0, "#f0f921"]]}], "heatmap": [{"type": "heatmap", "colorbar": {"outlinewidth": 0, "ticks": ""}, "colorscale": [[0.0, "#0d0887"], [0.1111111111111111, "#46039f"], [0.2222222222222222, "#7201a8"], [0.3333333333333333, "#9c179e"], [0.4444444444444444, "#bd3786"], [0.5555555555555556, "#d8576b"], [0.6666666666666666, "#ed7953"], [0.7777777777777778, "#fb9f3a"], [0.8888888888888888, "#fdca26"], [1.0, "#f0f921"]]}], "heatmapgl": [{"type": "heatmapgl", "colorbar": {"outlinewidth": 0, "ticks": ""}, "colorscale": [[0.0, "#0d0887"], [0.1111111111111111, "#46039f"], [0.2222222222222222, "#7201a8"], [0.3333333333333333, "#9c179e"], [0.4444444444444444, "#bd3786"], [0.5555555555555556, "#d8576b"], [0.6666666666666666, "#ed7953"], [0.7777777777777778, "#fb9f3a"], [0.8888888888888888, "#fdca26"], [1.0, "#f0f921"]]}], "contourcarpet": [{"type": "contourcarpet", "colorbar": {"outlinewidth": 0, "ticks": ""}}], "contour": [{"type": "contour", "colorbar": {"outlinewidth": 0, "ticks": ""}, "colorscale": [[0.0, "#0d0887"], [0.1111111111111111, "#46039f"], [0.2222222222222222, "#7201a8"], [0.3333333333333333, "#9c179e"], [0.4444444444444444, "#bd3786"], [0.5555555555555556, "#d8576b"], [0.6666666666666666, "#ed7953"], [0.7777777777777778, "#fb9f3a"], [0.8888888888888888, "#fdca26"], [1.0, "#f0f921"]]}], "surface": [{"type": "surface", "colorbar": {"outlinewidth": 0, "ticks": ""}, "colorscale": [[0.0, "#0d0887"], [0.1111111111111111, "#46039f"], [0.2222222222222222, "#7201a8"], [0.3333333333333333, "#9c179e"], [0.4444444444444444, "#bd3786"], [0.5555555555555556, "#d8576b"], [0.6666666666666666, "#ed7953"], [0.7777777777777778, "#fb9f3a"], [0.8888888888888888, "#fdca26"], [1.0, "#f0f921"]]}], "mesh3d": [{"type": "mesh3d", "colorbar": {"outlinewidth": 0, "ticks": ""}}], "scatter": [{"fillpattern": {"fillmode": "overlay", "size": 10, "solidity": 0.2}, "type": "scatter"}], "parcoords": [{"type": "parcoords", "line": {"colorbar": {"outlinewidth": 0, "ticks": ""}}}], "scatterpolargl": [{"type": "scatterpolargl", "marker": {"colorbar": {"outlinewidth": 0, "ticks": ""}}}], "bar": [{"error_x": {"color": "#2a3f5f"}, "error_y": {"color": "#2a3f5f"}, "marker": {"line": {"color": "#E5ECF6", "width": 0.5}, "pattern": {"fillmode": "overlay", "size": 10, "solidity": 0.2}}, "type": "bar"}], "scattergeo": [{"type": "scattergeo", "marker": {"colorbar": {"outlinewidth": 0, "ticks": ""}}}], "scatterpolar": [{"type": "scatterpolar", "marker": {"colorbar": {"outlinewidth": 0, "ticks": ""}}}], "histogram": [{"marker": {"pattern": {"fillmode": "overlay", "size": 10, "solidity": 0.2}}, "type": "histogram"}], "scattergl": [{"type": "scattergl", "marker": {"colorbar": {"outlinewidth": 0, "ticks": ""}}}], "scatter3d": [{"type": "scatter3d", "line": {"colorbar": {"outlinewidth": 0, "ticks": ""}}, "marker": {"colorbar": {"outlinewidth": 0, "ticks": ""}}}], "scattermapbox": [{"type": "scattermapbox", "marker": {"colorbar": {"outlinewidth": 0, "ticks": ""}}}], "scatterternary": [{"type": "scatterternary", "marker": {"colorbar": {"outlinewidth": 0, "ticks": ""}}}], "scattercarpet": [{"type": "scattercarpet", "marker": {"colorbar": {"outlinewidth": 0, "ticks": ""}}}], "carpet": [{"aaxis": {"endlinecolor": "#2a3f5f", "gridcolor": "white", "linecolor": "white", "minorgridcolor": "white", "startlinecolor": "#2a3f5f"}, "baxis": {"endlinecolor": "#2a3f5f", "gridcolor": "white", "linecolor": "white", "minorgridcolor": "white", "startlinecolor": "#2a3f5f"}, "type": "carpet"}], "table": [{"cells": {"fill": {"color": "#EBF0F8"}, "line": {"color": "white"}}, "header": {"fill": {"color": "#C8D4E3"}, "line": {"color": "white"}}, "type": "table"}], "barpolar": [{"marker": {"line": {"color": "#E5ECF6", "width": 0.5}, "pattern": {"fillmode": "overlay", "size": 10, "solidity": 0.2}}, "type": "barpolar"}], "pie": [{"automargin": true, "type": "pie"}]}, "layout": {"autotypenumbers": "strict", "colorway": ["#636efa", "#EF553B", "#00cc96", "#ab63fa", "#FFA15A", "#19d3f3", "#FF6692", "#B6E880", "#FF97FF", "#FECB52"], "font": {"color": "#2a3f5f"}, "hovermode": "closest", "hoverlabel": {"align": "left"}, "paper_bgcolor": "white", "plot_bgcolor": "#E5ECF6", "polar": {"bgcolor": "#E5ECF6", "angularaxis": {"gridcolor": "white", "linecolor": "white", "ticks": ""}, "radialaxis": {"gridcolor": "white", "linecolor": "white", "ticks": ""}}, "ternary": {"bgcolor": "#E5ECF6", "aaxis": {"gridcolor": "white", "linecolor": "white", "ticks": ""}, "baxis": {"gridcolor": "white", "linecolor": "white", "ticks": ""}, "caxis": {"gridcolor": "white", "linecolor": "white", "ticks": ""}}, "coloraxis": {"colorbar": {"outlinewidth": 0, "ticks": ""}}, "colorscale": {"sequential": [[0.0, "#0d0887"], [0.1111111111111111, "#46039f"], [0.2222222222222222, "#7201a8"], [0.3333333333333333, "#9c179e"], [0.4444444444444444, "#bd3786"], [0.5555555555555556, "#d8576b"], [0.6666666666666666, "#ed7953"], [0.7777777777777778, "#fb9f3a"], [0.8888888888888888, "#fdca26"], [1.0, "#f0f921"]], "sequentialminus": [[0.0, "#0d0887"], [0.1111111111111111, "#46039f"], [0.2222222222222222, "#7201a8"], [0.3333333333333333, "#9c179e"], [0.4444444444444444, "#bd3786"], [0.5555555555555556, "#d8576b"], [0.6666666666666666, "#ed7953"], [0.7777777777777778, "#fb9f3a"], [0.8888888888888888, "#fdca26"], [1.0, "#f0f921"]], "diverging": [[0, "#8e0152"], [0.1, "#c51b7d"], [0.2, "#de77ae"], [0.3, "#f1b6da"], [0.4, "#fde0ef"], [0.5, "#f7f7f7"], [0.6, "#e6f5d0"], [0.7, "#b8e186"], [0.8, "#7fbc41"], [0.9, "#4d9221"], [1, "#276419"]]}, "xaxis": {"gridcolor": "white", "linecolor": "white", "ticks": "", "title": {"standoff": 15}, "zerolinecolor": "white", "automargin": true, "zerolinewidth": 2}, "yaxis": {"gridcolor": "white", "linecolor": "white", "ticks": "", "title": {"standoff": 15}, "zerolinecolor": "white", "automargin": true, "zerolinewidth": 2}, "scene": {"xaxis": {"backgroundcolor": "#E5ECF6", "gridcolor": "white", "linecolor": "white", "showbackground": true, "ticks": "", "zerolinecolor": "white", "gridwidth": 2}, "yaxis": {"backgroundcolor": "#E5ECF6", "gridcolor": "white", "linecolor": "white", "showbackground": true, "ticks": "", "zerolinecolor": "white", "gridwidth": 2}, "zaxis": {"backgroundcolor": "#E5ECF6", "gridcolor": "white", "linecolor": "white", "showbackground": true, "ticks": "", "zerolinecolor": "white", "gridwidth": 2}}, "shapedefaults": {"line": {"color": "#2a3f5f"}}, "annotationdefaults": {"arrowcolor": "#2a3f5f", "arrowhead": 0, "arrowwidth": 1}, "geo": {"bgcolor": "white", "landcolor": "#E5ECF6", "subunitcolor": "white", "showland": true, "showlakes": true, "lakecolor": "white"}, "title": {"x": 0.05}, "mapbox": {"style": "light"}}}}}