{"data": [{"z": [[2.714676856994629, -0.38247156143188477, -0.8987588882446289, -0.004633995704352856, 0.059375740587711334, 2.9148240089416504, -1.3959612846374512, -0.4796542823314667, -1.696536898612976, 0.989966630935669, 0.7891377210617065, 2.44034481048584, 2.1132519245147705, -2.0369231700897217, 3.1031501293182373, -1.940129280090332, -1.5965241193771362, -2.2508983612060547, 1.4053705930709839, 0.8036209940910339, 1.068374752998352], [-0.38247156143188477, 1.6536335945129395, -0.4654136002063751, -1.4165472984313965, 0.255916565656662, 0.9662144780158997, -2.7890079021453857, -0.4827498495578766, 1.3457043170928955, -1.7535274028778076, -0.07559061795473099, -0.3567062020301819, -0.23659275472164154, 0.33583083748817444, 1.2743362188339233, 1.267568588256836, -1.4159914255142212, 0.39635738730430603, -0.6005147695541382, -1.2930595874786377, -0.5218105912208557], [-0.8987588882446289, -0.4654136002063751, 0.6695118546485901, 1.406976342201233, 0.5874913930892944, -0.743959903717041, 2.0158510208129883, 0.13619400560855865, 0.6489354968070984, 0.9516491889953613, -0.36788713932037354, -0.9002057313919067, -0.7139282822608948, 1.1049457788467407, -2.2093801498413086, -0.17431333661079407, 1.0766032934188843, 0.9624051451683044, -0.4868393838405609, 0.5122594833374023, -0.2940097153186798], [-0.004633995704352856, -1.4165472984313965, 1.406976342201233, 6.913694381713867, 4.1104416847229, 3.6525421142578125, 5.949893474578857, -0.8441980481147766, 2.4023585319519043, 6.012745380401611, 0.3231317102909088, 1.0029504299163818, 0.6949234008789062, 2.321708917617798, -4.21114444732666, -3.126471996307373, 0.7924605011940002, 0.9632628560066223, 0.7868174314498901, 4.106996536254883, 0.5226330161094666], [0.059375740587711334, 0.255916565656662, 0.5874913930892944, 4.1104416847229, 3.4328227043151855, 3.984020233154297, 1.8931419849395752, -1.1587698459625244, 2.6875150203704834, 3.217625379562378, 0.02599046751856804, 0.35780465602874756, 0.43650898337364197, 1.9239341020584106, -1.9505046606063843, -1.7841250896453857, -0.7356348633766174, 0.9110772013664246, -0.13577577471733093, 1.9289923906326294, -0.0843304693698883], [2.9148240089416504, 0.9662144780158997, -0.743959903717041, 3.6525421142578125, 3.984020233154297, 8.571623802185059, -1.1019635200500488, -2.1028637886047363, 2.098165273666382, 3.6837258338928223, 1.457628846168518, 3.9293277263641357, 3.1699466705322266, -0.2578479051589966, 2.724536418914795, -2.985523223876953, -3.7797305583953857, -1.6191149950027466, 1.9713518619537354, 2.735609531402588, 1.194299578666687], [-1.3959612846374512, -2.7890079021453857, 2.0158510208129883, 5.949893474578857, 1.8931419849395752, -1.1019635200500488, 8.490838050842285, 0.5744300484657288, 0.9023790955543518, 5.3115620613098145, 0.35669592022895813, 0.4019247591495514, -0.30736812949180603, 1.996793508529663, -5.818241119384766, -1.7595090866088867, 3.311885356903076, 1.2509100437164307, 1.2734869718551636, 4.14084529876709, 0.7088893055915833], [-0.4796542823314667, -0.4827498495578766, 0.13619400560855865, -0.8441980481147766, -1.1587698459625244, -2.1028637886047363, 0.5744300484657288, 0.6104241609573364, -0.8416845798492432, -0.661340594291687, -0.05710548907518387, -0.3591797351837158, -0.44124874472618103, -0.3100891709327698, -0.3480704128742218, 0.6485121250152588, 0.9500640034675598, 0.02466883882880211, 0.07333027571439743, -0.29544344544410706, 0.022507863119244576], [-1.696536898612976, 1.3457043170928955, 0.6489354968070984, 2.4023585319519043, 2.6875150203704834, 2.098165273666382, 0.9023790955543518, -0.8416845798492432, 3.8998799324035645, 1.0627586841583252, 0.023185083642601967, -0.46674007177352905, -0.6247263550758362, 2.5655980110168457, -2.118532657623291, 0.7415490746498108, -0.6167383790016174, 1.9149373769760132, -0.4524024724960327, 0.7648401856422424, -0.605002224445343], [0.989966630935669, -1.7535274028778076, 0.9516491889953613, 6.012745380401611, 3.217625379562378, 3.6837258338928223, 5.3115620613098145, -0.661340594291687, 1.0627586841583252, 5.768312931060791, 0.8414141535758972, 2.2194602489471436, 1.5389583110809326, 0.957560122013092, -2.511902332305908, -3.333621025085449, 0.4461827874183655, -0.24087446928024292, 1.7502304315567017, 4.2388834953308105, 1.1413649320602417], [0.7891377210617065, -0.07559061795473099, -0.36788713932037354, 0.3231317102909088, 0.02599046751856804, 1.457628846168518, 0.35669592022895813, -0.05710548907518387, 0.023185083642601967, 0.8414141535758972, 1.6653211116790771, 3.1636033058166504, 1.6958935260772705, -1.210810899734497, 2.002899169921875, 0.25159770250320435, -0.9611250162124634, -1.4057843685150146, 2.6840357780456543, 1.683406114578247, 1.3408454656600952], [2.44034481048584, -0.3567062020301819, -0.9002057313919067, 1.0029504299163818, 0.35780465602874756, 3.9293277263641357, 0.4019247591495514, -0.3591797351837158, -0.46674007177352905, 2.2194602489471436, 3.1636033058166504, 6.418618202209473, 3.7803714275360107, -2.716796875, 4.388301849365234, -0.5648874044418335, -2.247769355773926, -3.2278289794921875, 5.164379596710205, 3.4436936378479004, 2.7352917194366455], [2.1132519245147705, -0.23659275472164154, -0.7139282822608948, 0.6949234008789062, 0.43650898337364197, 3.1699466705322266, -0.30736812949180603, -0.44124874472618103, -0.6247263550758362, 1.5389583110809326, 1.6958935260772705, 3.7803714275360107, 2.502678394317627, -1.8313980102539062, 3.024003505706787, -1.087917447090149, -1.700011134147644, -2.2102832794189453, 2.786479949951172, 1.9262217283248901, 1.5937939882278442], [-2.0369231700897217, 0.33583083748817444, 1.1049457788467407, 2.321708917617798, 1.9239341020584106, -0.2578479051589966, 1.996793508529663, -0.3100891709327698, 2.5655980110168457, 0.957560122013092, -1.210810899734497, -2.716796875, -1.8313980102539062, 2.9333677291870117, -4.0687384605407715, 0.03895077481865883, 1.0984702110290527, 2.5659701824188232, -2.1139023303985596, -0.05854706093668938, -1.2895207405090332], [3.1031501293182373, 1.2743362188339233, -2.2093801498413086, -4.21114444732666, -1.9505046606063843, 2.724536418914795, -5.818241119384766, -0.3480704128742218, -2.118532657623291, -2.511902332305908, 2.002899169921875, 4.388301849365234, 3.024003505706787, -4.0687384605407715, 7.731219291687012, 0.7303428649902344, -3.6301498413085938, -3.691011667251587, 2.9386308193206787, -0.6806055307388306, 1.6260141134262085], [-1.940129280090332, 1.267568588256836, -0.17431333661079407, -3.126471996307373, -1.7841250896453857, -2.985523223876953, -1.7595090866088867, 0.6485121250152588, 0.7415490746498108, -3.333621025085449, 0.25159770250320435, -0.5648874044418335, -1.087917447090149, 0.03895077481865883, 0.7303428649902344, 3.5171778202056885, 0.10796336829662323, 0.7072986960411072, 0.06735990196466446, -1.6758103370666504, -0.3928440809249878], [-1.5965241193771362, -1.4159914255142212, 1.0766032934188843, 0.7924605011940002, -0.7356348633766174, -3.7797305583953857, 3.311885356903076, 0.9500640034675598, -0.6167383790016174, 0.4461827874183655, -0.9611250162124634, -2.247769355773926, -1.700011134147644, 1.0984702110290527, -3.6301498413085938, 0.10796336829662323, 2.8241219520568848, 1.364152431488037, -1.1334657669067383, -0.002231133170425892, -0.5746037364006042], [-2.2508983612060547, 0.39635738730430603, 0.9624051451683044, 0.9632628560066223, 0.9110772013664246, -1.6191149950027466, 1.2509100437164307, 0.02466883882880211, 1.9149373769760132, -0.24087446928024292, -1.4057843685150146, -3.2278289794921875, -2.2102832794189453, 2.5659701824188232, -3.691011667251587, 0.7072986960411072, 1.364152431488037, 2.5312788486480713, -2.413483142852783, -0.9104390740394592, -1.4628746509552002], [1.4053705930709839, -0.6005147695541382, -0.4868393838405609, 0.7868174314498901, -0.13577577471733093, 1.9713518619537354, 1.2734869718551636, 0.07333027571439743, -0.4524024724960327, 1.7502304315567017, 2.6840357780456543, 5.164379596710205, 2.786479949951172, -2.1139023303985596, 2.9386308193206787, 0.06735990196466446, -1.1334657669067383, -2.413483142852783, 4.468480587005615, 2.9975619316101074, 2.3011584281921387], [0.8036209940910339, -1.2930595874786377, 0.5122594833374023, 4.106996536254883, 1.9289923906326294, 2.735609531402588, 4.14084529876709, -0.29544344544410706, 0.7648401856422424, 4.2388834953308105, 1.683406114578247, 3.4436936378479004, 1.9262217283248901, -0.05854706093668938, -0.6806055307388306, -1.6758103370666504, -0.002231133170425892, -0.9104390740394592, 2.9975619316101074, 3.9320919513702393, 1.628179669380188], [1.068374752998352, -0.5218105912208557, -0.2940097153186798, 0.5226330161094666, -0.0843304693698883, 1.194299578666687, 0.7088893055915833, 0.022507863119244576, -0.605002224445343, 1.1413649320602417, 1.3408454656600952, 2.7352917194366455, 1.5937939882278442, -1.2895207405090332, 1.6260141134262085, -0.3928440809249878, -0.5746037364006042, -1.4628746509552002, 2.3011584281921387, 1.628179669380188, 1.2588680982589722]], "type": "heatmap"}], "layout": {"template": {"data": {"histogram2dcontour": [{"type": "histogram2dcontour", "colorbar": {"outlinewidth": 0, "ticks": ""}, "colorscale": [[0.0, "#0d0887"], [0.1111111111111111, "#46039f"], [0.2222222222222222, "#7201a8"], [0.3333333333333333, "#9c179e"], [0.4444444444444444, "#bd3786"], [0.5555555555555556, "#d8576b"], [0.6666666666666666, "#ed7953"], [0.7777777777777778, "#fb9f3a"], [0.8888888888888888, "#fdca26"], [1.0, "#f0f921"]]}], "choropleth": [{"type": "choropleth", "colorbar": {"outlinewidth": 0, "ticks": ""}}], "histogram2d": [{"type": "histogram2d", "colorbar": {"outlinewidth": 0, "ticks": ""}, "colorscale": [[0.0, "#0d0887"], [0.1111111111111111, "#46039f"], [0.2222222222222222, "#7201a8"], [0.3333333333333333, "#9c179e"], [0.4444444444444444, "#bd3786"], [0.5555555555555556, "#d8576b"], [0.6666666666666666, "#ed7953"], [0.7777777777777778, "#fb9f3a"], [0.8888888888888888, "#fdca26"], [1.0, "#f0f921"]]}], "heatmap": [{"type": "heatmap", "colorbar": {"outlinewidth": 0, "ticks": ""}, "colorscale": [[0.0, "#0d0887"], [0.1111111111111111, "#46039f"], [0.2222222222222222, "#7201a8"], [0.3333333333333333, "#9c179e"], [0.4444444444444444, "#bd3786"], [0.5555555555555556, "#d8576b"], [0.6666666666666666, "#ed7953"], [0.7777777777777778, "#fb9f3a"], [0.8888888888888888, "#fdca26"], [1.0, "#f0f921"]]}], "heatmapgl": [{"type": "heatmapgl", "colorbar": {"outlinewidth": 0, "ticks": ""}, "colorscale": [[0.0, "#0d0887"], [0.1111111111111111, "#46039f"], [0.2222222222222222, "#7201a8"], [0.3333333333333333, "#9c179e"], [0.4444444444444444, "#bd3786"], [0.5555555555555556, "#d8576b"], [0.6666666666666666, "#ed7953"], [0.7777777777777778, "#fb9f3a"], [0.8888888888888888, "#fdca26"], [1.0, "#f0f921"]]}], "contourcarpet": [{"type": "contourcarpet", "colorbar": {"outlinewidth": 0, "ticks": ""}}], "contour": [{"type": "contour", "colorbar": {"outlinewidth": 0, "ticks": ""}, "colorscale": [[0.0, "#0d0887"], [0.1111111111111111, "#46039f"], [0.2222222222222222, "#7201a8"], [0.3333333333333333, "#9c179e"], [0.4444444444444444, "#bd3786"], [0.5555555555555556, "#d8576b"], [0.6666666666666666, "#ed7953"], [0.7777777777777778, "#fb9f3a"], [0.8888888888888888, "#fdca26"], [1.0, "#f0f921"]]}], "surface": [{"type": "surface", "colorbar": {"outlinewidth": 0, "ticks": ""}, "colorscale": [[0.0, "#0d0887"], [0.1111111111111111, "#46039f"], [0.2222222222222222, "#7201a8"], [0.3333333333333333, "#9c179e"], [0.4444444444444444, "#bd3786"], [0.5555555555555556, "#d8576b"], [0.6666666666666666, "#ed7953"], [0.7777777777777778, "#fb9f3a"], [0.8888888888888888, "#fdca26"], [1.0, "#f0f921"]]}], "mesh3d": [{"type": "mesh3d", "colorbar": {"outlinewidth": 0, "ticks": ""}}], "scatter": [{"fillpattern": {"fillmode": "overlay", "size": 10, "solidity": 0.2}, "type": "scatter"}], "parcoords": [{"type": "parcoords", "line": {"colorbar": {"outlinewidth": 0, "ticks": ""}}}], "scatterpolargl": [{"type": "scatterpolargl", "marker": {"colorbar": {"outlinewidth": 0, "ticks": ""}}}], "bar": [{"error_x": {"color": "#2a3f5f"}, "error_y": {"color": "#2a3f5f"}, "marker": {"line": {"color": "#E5ECF6", "width": 0.5}, "pattern": {"fillmode": "overlay", "size": 10, "solidity": 0.2}}, "type": "bar"}], "scattergeo": [{"type": "scattergeo", "marker": {"colorbar": {"outlinewidth": 0, "ticks": ""}}}], "scatterpolar": [{"type": "scatterpolar", "marker": {"colorbar": {"outlinewidth": 0, "ticks": ""}}}], "histogram": [{"marker": {"pattern": {"fillmode": "overlay", "size": 10, "solidity": 0.2}}, "type": "histogram"}], "scattergl": [{"type": "scattergl", "marker": {"colorbar": {"outlinewidth": 0, "ticks": ""}}}], "scatter3d": [{"type": "scatter3d", "line": {"colorbar": {"outlinewidth": 0, "ticks": ""}}, "marker": {"colorbar": {"outlinewidth": 0, "ticks": ""}}}], "scattermapbox": [{"type": "scattermapbox", "marker": {"colorbar": {"outlinewidth": 0, "ticks": ""}}}], "scatterternary": [{"type": "scatterternary", "marker": {"colorbar": {"outlinewidth": 0, "ticks": ""}}}], "scattercarpet": [{"type": "scattercarpet", "marker": {"colorbar": {"outlinewidth": 0, "ticks": ""}}}], "carpet": [{"aaxis": {"endlinecolor": "#2a3f5f", "gridcolor": "white", "linecolor": "white", "minorgridcolor": "white", "startlinecolor": "#2a3f5f"}, "baxis": {"endlinecolor": "#2a3f5f", "gridcolor": "white", "linecolor": "white", "minorgridcolor": "white", "startlinecolor": "#2a3f5f"}, "type": "carpet"}], "table": [{"cells": {"fill": {"color": "#EBF0F8"}, "line": {"color": "white"}}, "header": {"fill": {"color": "#C8D4E3"}, "line": {"color": "white"}}, "type": "table"}], "barpolar": [{"marker": {"line": {"color": "#E5ECF6", "width": 0.5}, "pattern": {"fillmode": "overlay", "size": 10, "solidity": 0.2}}, "type": "barpolar"}], "pie": [{"automargin": true, "type": "pie"}]}, "layout": {"autotypenumbers": "strict", "colorway": ["#636efa", "#EF553B", "#00cc96", "#ab63fa", "#FFA15A", "#19d3f3", "#FF6692", "#B6E880", "#FF97FF", "#FECB52"], "font": {"color": "#2a3f5f"}, "hovermode": "closest", "hoverlabel": {"align": "left"}, "paper_bgcolor": "white", "plot_bgcolor": "#E5ECF6", "polar": {"bgcolor": "#E5ECF6", "angularaxis": {"gridcolor": "white", "linecolor": "white", "ticks": ""}, "radialaxis": {"gridcolor": "white", "linecolor": "white", "ticks": ""}}, "ternary": {"bgcolor": "#E5ECF6", "aaxis": {"gridcolor": "white", "linecolor": "white", "ticks": ""}, "baxis": {"gridcolor": "white", "linecolor": "white", "ticks": ""}, "caxis": {"gridcolor": "white", "linecolor": "white", "ticks": ""}}, "coloraxis": {"colorbar": {"outlinewidth": 0, "ticks": ""}}, "colorscale": {"sequential": [[0.0, "#0d0887"], [0.1111111111111111, "#46039f"], [0.2222222222222222, "#7201a8"], [0.3333333333333333, "#9c179e"], [0.4444444444444444, "#bd3786"], [0.5555555555555556, "#d8576b"], [0.6666666666666666, "#ed7953"], [0.7777777777777778, "#fb9f3a"], [0.8888888888888888, "#fdca26"], [1.0, "#f0f921"]], "sequentialminus": [[0.0, "#0d0887"], [0.1111111111111111, "#46039f"], [0.2222222222222222, "#7201a8"], [0.3333333333333333, "#9c179e"], [0.4444444444444444, "#bd3786"], [0.5555555555555556, "#d8576b"], [0.6666666666666666, "#ed7953"], [0.7777777777777778, "#fb9f3a"], [0.8888888888888888, "#fdca26"], [1.0, "#f0f921"]], "diverging": [[0, "#8e0152"], [0.1, "#c51b7d"], [0.2, "#de77ae"], [0.3, "#f1b6da"], [0.4, "#fde0ef"], [0.5, "#f7f7f7"], [0.6, "#e6f5d0"], [0.7, "#b8e186"], [0.8, "#7fbc41"], [0.9, "#4d9221"], [1, "#276419"]]}, "xaxis": {"gridcolor": "white", "linecolor": "white", "ticks": "", "title": {"standoff": 15}, "zerolinecolor": "white", "automargin": true, "zerolinewidth": 2}, "yaxis": {"gridcolor": "white", "linecolor": "white", "ticks": "", "title": {"standoff": 15}, "zerolinecolor": "white", "automargin": true, "zerolinewidth": 2}, "scene": {"xaxis": {"backgroundcolor": "#E5ECF6", "gridcolor": "white", "linecolor": "white", "showbackground": true, "ticks": "", "zerolinecolor": "white", "gridwidth": 2}, "yaxis": {"backgroundcolor": "#E5ECF6", "gridcolor": "white", "linecolor": "white", "showbackground": true, "ticks": "", "zerolinecolor": "white", "gridwidth": 2}, "zaxis": {"backgroundcolor": "#E5ECF6", "gridcolor": "white", "linecolor": "white", "showbackground": true, "ticks": "", "zerolinecolor": "white", "gridwidth": 2}}, "shapedefaults": {"line": {"color": "#2a3f5f"}}, "annotationdefaults": {"arrowcolor": "#2a3f5f", "arrowhead": 0, "arrowwidth": 1}, "geo": {"bgcolor": "white", "landcolor": "#E5ECF6", "subunitcolor": "white", "showland": true, "showlakes": true, "lakecolor": "white"}, "title": {"x": 0.05}, "mapbox": {"style": "light"}}}}}