{"data": [{"z": [[2.5929055213928223, -0.3086039423942566, -0.886737585067749, 0.22028954327106476, 0.2634738087654114, 3.1131677627563477, -0.9836117029190063, -0.5818015336990356, -1.3126126527786255, 1.215938687324524, 1.099722146987915, 2.771075487136841, 2.1894943714141846, -1.9626007080078125, 3.0602970123291016, -1.865027666091919, -1.7491284608840942, -2.287342071533203, 1.9067085981369019, 1.1226637363433838, 1.1930819749832153], [-0.3086039423942566, 1.6847736835479736, -0.3616679608821869, -1.1215500831604004, 0.4155981242656708, 1.2507926225662231, -2.7509684562683105, -0.41086721420288086, 1.4111231565475464, -1.5491564273834229, -0.02322029136121273, -0.10218745470046997, -0.0058899312280118465, 0.4058031439781189, 1.3632370233535767, 1.3649845123291016, -1.3742945194244385, 0.448895126581192, -0.5578829050064087, -1.0676575899124146, -0.40378451347351074], [-0.886737585067749, -0.3616679608821869, 0.7750325798988342, 1.670715570449829, 0.7697350978851318, -0.493130624294281, 2.157851219177246, 0.17163658142089844, 0.8388437628746033, 1.1354265213012695, -0.2200326919555664, -0.6559939384460449, -0.5321280360221863, 1.2186330556869507, -2.13946533203125, -0.03142433986067772, 1.0710729360580444, 1.0322868824005127, -0.3365122675895691, 0.7334138751029968, -0.18454158306121826], [0.22028954327106476, -1.1215500831604004, 1.670715570449829, 7.038930416107178, 4.224369525909424, 3.7928154468536377, 5.929684638977051, -0.6446532011032104, 2.3381123542785645, 6.008378505706787, 0.35816648602485657, 0.8481892943382263, 0.8940987586975098, 2.5620076656341553, -3.964996099472046, -2.8971259593963623, 0.9749277830123901, 1.2127151489257812, 0.58156418800354, 4.012416362762451, 0.543312668800354], [0.2634738087654114, 0.4155981242656708, 0.7697350978851318, 4.224369525909424, 3.499406099319458, 4.115611553192139, 1.8180084228515625, -0.9954046010971069, 2.566457986831665, 3.2338457107543945, 0.01083350833505392, 0.27605631947517395, 0.6197197437286377, 2.056932210922241, -1.7538459300994873, -1.6530890464782715, -0.5822392702102661, 1.0662858486175537, -0.34761595726013184, 1.8784985542297363, -0.055443279445171356], [3.1131677627563477, 1.2507926225662231, -0.493130624294281, 3.7928154468536377, 4.115611553192139, 8.7369966506958, -1.1147812604904175, -1.9151885509490967, 2.067924737930298, 3.6861393451690674, 1.4899026155471802, 3.8080215454101562, 3.374222755432129, -0.018689587712287903, 2.9573299884796143, -2.7400338649749756, -3.6174874305725098, -1.3773876428604126, 1.8170166015625, 2.6747994422912598, 1.2246228456497192], [-0.9836117029190063, -2.7509684562683105, 2.157851219177246, 5.929684638977051, 1.8180084228515625, -1.1147812604904175, 8.476251602172852, 0.7321370244026184, 0.4365822970867157, 5.341854095458984, 0.27838394045829773, 0.14983367919921875, -0.1655576527118683, 1.9842597246170044, -5.578824043273926, -1.9314842224121094, 3.5120246410369873, 1.267451524734497, 1.0469621419906616, 3.9582834243774414, 0.7100964188575745], [-0.5818015336990356, -0.41086721420288086, 0.17163658142089844, -0.6446532011032104, -0.9954046010971069, -1.9151885509490967, 0.7321370244026184, 0.5757454633712769, -0.5613685846328735, -0.5140724778175354, 0.09259306639432907, -0.10439925640821457, -0.35423505306243896, -0.22303134202957153, -0.3654473125934601, 0.7790362238883972, 0.873233437538147, 0.05819912254810333, 0.3125257194042206, -0.07478267699480057, 0.10621669143438339], [-1.3126126527786255, 1.4111231565475464, 0.8388437628746033, 2.3381123542785645, 2.566457986831665, 2.067924737930298, 0.4365822970867157, -0.5613685846328735, 3.334646463394165, 0.9040559530258179, -0.33126869797706604, -0.8838018178939819, -0.482453316450119, 2.6237006187438965, -1.8683582544326782, 0.7507207989692688, -0.2843489944934845, 2.1018967628479004, -1.1644457578659058, 0.41131511330604553, -0.6891732811927795], [1.215938687324524, -1.5491564273834229, 1.1354265213012695, 6.008378505706787, 3.2338457107543945, 3.6861393451690674, 5.341854095458984, -0.5140724778175354, 0.9040559530258179, 5.725372314453125, 0.8649416565895081, 1.9994009733200073, 1.6444305181503296, 1.0957903861999512, -2.3104794025421143, -3.242734909057617, 0.5976295471191406, -0.09472811222076416, 1.6150009632110596, 4.087294578552246, 1.134907603263855], [1.099722146987915, -0.02322029136121273, -0.2200326919555664, 0.35816648602485657, 0.01083350833505392, 1.4899026155471802, 0.27838394045829773, 0.09259306639432907, -0.33126869797706604, 0.8649416565895081, 1.512170433998108, 2.921060562133789, 1.8162176609039307, -1.155949592590332, 2.164437770843506, 0.16552966833114624, -0.7679789066314697, -1.3200067281723022, 2.4348526000976562, 1.5254570245742798, 1.322090983390808], [2.771075487136841, -0.10218745470046997, -0.6559939384460449, 0.8481892943382263, 0.27605631947517395, 3.8080215454101562, 0.14983367919921875, -0.10439925640821457, -0.8838018178939819, 1.9994009733200073, 2.921060562133789, 5.883986949920654, 3.846078395843506, -2.5343823432922363, 4.655636310577393, -0.4403650164604187, -1.957602858543396, -2.968325614929199, 4.726872444152832, 3.0177574157714844, 2.6272411346435547], [2.1894943714141846, -0.0058899312280118465, -0.5321280360221863, 0.8940987586975098, 0.6197197437286377, 3.374222755432129, -0.1655576527118683, -0.35423505306243896, -0.482453316450119, 1.6444305181503296, 1.8162176609039307, 3.846078395843506, 2.675826072692871, -1.627167820930481, 3.1632931232452393, -0.876820981502533, -1.6522780656814575, -2.049165964126587, 2.9084181785583496, 2.01741886138916, 1.665439248085022], [-1.9626007080078125, 0.4058031439781189, 1.2186330556869507, 2.5620076656341553, 2.056932210922241, -0.018689587712287903, 1.9842597246170044, -0.22303134202957153, 2.6237006187438965, 1.0957903861999512, -1.155949592590332, -2.5343823432922363, -1.627167820930481, 3.0203702449798584, -3.9639809131622314, 0.16589367389678955, 1.1559923887252808, 2.64982533454895, -2.1682958602905273, 0.09660597145557404, -1.1998238563537598], [3.0602970123291016, 1.3632370233535767, -2.13946533203125, -3.964996099472046, -1.7538459300994873, 2.9573299884796143, -5.578824043273926, -0.3654473125934601, -1.8683582544326782, -2.3104794025421143, 2.164437770843506, 4.655636310577393, 3.1632931232452393, -3.9639809131622314, 7.75297212600708, 0.8529045581817627, -3.6922245025634766, -3.658285617828369, 3.278350830078125, -0.42567917704582214, 1.7392021417617798], [-1.865027666091919, 1.3649845123291016, -0.03142433986067772, -2.8971259593963623, -1.6530890464782715, -2.7400338649749756, -1.9314842224121094, 0.7790362238883972, 0.7507207989692688, -3.242734909057617, 0.16552966833114624, -0.4403650164604187, -0.876820981502533, 0.16589367389678955, 0.8529045581817627, 3.712251901626587, 0.20904485881328583, 0.8597654700279236, -0.07975208014249802, -1.588183045387268, -0.3317064046859741], [-1.7491284608840942, -1.3742945194244385, 1.0710729360580444, 0.9749277830123901, -0.5822392702102661, -3.6174874305725098, 3.5120246410369873, 0.873233437538147, -0.2843489944934845, 0.5976295471191406, -0.7679789066314697, -1.957602858543396, -1.6522780656814575, 1.1559923887252808, -3.6922245025634766, 0.20904485881328583, 2.705542802810669, 1.3589036464691162, -0.8484161496162415, 0.24434366822242737, -0.4915057420730591], [-2.287342071533203, 0.448895126581192, 1.0322868824005127, 1.2127151489257812, 1.0662858486175537, -1.3773876428604126, 1.267451524734497, 0.05819912254810333, 2.1018967628479004, -0.09472811222076416, -1.3200067281723022, -2.968325614929199, -2.049165964126587, 2.64982533454895, -3.658285617828369, 0.8597654700279236, 1.3589036464691162, 2.598238229751587, -2.379469394683838, -0.6972123980522156, -1.3709237575531006], [1.9067085981369019, -0.5578829050064087, -0.3365122675895691, 0.58156418800354, -0.34761595726013184, 1.8170166015625, 1.0469621419906616, 0.3125257194042206, -1.1644457578659058, 1.6150009632110596, 2.4348526000976562, 4.726872444152832, 2.9084181785583496, -2.1682958602905273, 3.278350830078125, -0.07975208014249802, -0.8484161496162415, -2.379469394683838, 4.1005964279174805, 2.6159422397613525, 2.2517309188842773], [1.1226637363433838, -1.0676575899124146, 0.7334138751029968, 4.012416362762451, 1.8784985542297363, 2.6747994422912598, 3.9582834243774414, -0.07478267699480057, 0.41131511330604553, 4.087294578552246, 1.5254570245742798, 3.0177574157714844, 2.01741886138916, 0.09660597145557404, -0.42567917704582214, -1.588183045387268, 0.24434366822242737, -0.6972123980522156, 2.6159422397613525, 3.59714674949646, 1.5547103881835938], [1.1930819749832153, -0.40378451347351074, -0.18454158306121826, 0.543312668800354, -0.055443279445171356, 1.2246228456497192, 0.7100964188575745, 0.10621669143438339, -0.6891732811927795, 1.134907603263855, 1.322090983390808, 2.6272411346435547, 1.665439248085022, -1.1998238563537598, 1.7392021417617798, -0.3317064046859741, -0.4915057420730591, -1.3709237575531006, 2.2517309188842773, 1.5547103881835938, 1.2588680982589722]], "type": "heatmap"}], "layout": {"template": {"data": {"histogram2dcontour": [{"type": "histogram2dcontour", "colorbar": {"outlinewidth": 0, "ticks": ""}, "colorscale": [[0.0, "#0d0887"], [0.1111111111111111, "#46039f"], [0.2222222222222222, "#7201a8"], [0.3333333333333333, "#9c179e"], [0.4444444444444444, "#bd3786"], [0.5555555555555556, "#d8576b"], [0.6666666666666666, "#ed7953"], [0.7777777777777778, "#fb9f3a"], [0.8888888888888888, "#fdca26"], [1.0, "#f0f921"]]}], "choropleth": [{"type": "choropleth", "colorbar": {"outlinewidth": 0, "ticks": ""}}], "histogram2d": [{"type": "histogram2d", "colorbar": {"outlinewidth": 0, "ticks": ""}, "colorscale": [[0.0, "#0d0887"], [0.1111111111111111, "#46039f"], [0.2222222222222222, "#7201a8"], [0.3333333333333333, "#9c179e"], [0.4444444444444444, "#bd3786"], [0.5555555555555556, "#d8576b"], [0.6666666666666666, "#ed7953"], [0.7777777777777778, "#fb9f3a"], [0.8888888888888888, "#fdca26"], [1.0, "#f0f921"]]}], "heatmap": [{"type": "heatmap", "colorbar": {"outlinewidth": 0, "ticks": ""}, "colorscale": [[0.0, "#0d0887"], [0.1111111111111111, "#46039f"], [0.2222222222222222, "#7201a8"], [0.3333333333333333, "#9c179e"], [0.4444444444444444, "#bd3786"], [0.5555555555555556, "#d8576b"], [0.6666666666666666, "#ed7953"], [0.7777777777777778, "#fb9f3a"], [0.8888888888888888, "#fdca26"], [1.0, "#f0f921"]]}], "heatmapgl": [{"type": "heatmapgl", "colorbar": {"outlinewidth": 0, "ticks": ""}, "colorscale": [[0.0, "#0d0887"], [0.1111111111111111, "#46039f"], [0.2222222222222222, "#7201a8"], [0.3333333333333333, "#9c179e"], [0.4444444444444444, "#bd3786"], [0.5555555555555556, "#d8576b"], [0.6666666666666666, "#ed7953"], [0.7777777777777778, "#fb9f3a"], [0.8888888888888888, "#fdca26"], [1.0, "#f0f921"]]}], "contourcarpet": [{"type": "contourcarpet", "colorbar": {"outlinewidth": 0, "ticks": ""}}], "contour": [{"type": "contour", "colorbar": {"outlinewidth": 0, "ticks": ""}, "colorscale": [[0.0, "#0d0887"], [0.1111111111111111, "#46039f"], [0.2222222222222222, "#7201a8"], [0.3333333333333333, "#9c179e"], [0.4444444444444444, "#bd3786"], [0.5555555555555556, "#d8576b"], [0.6666666666666666, "#ed7953"], [0.7777777777777778, "#fb9f3a"], [0.8888888888888888, "#fdca26"], [1.0, "#f0f921"]]}], "surface": [{"type": "surface", "colorbar": {"outlinewidth": 0, "ticks": ""}, "colorscale": [[0.0, "#0d0887"], [0.1111111111111111, "#46039f"], [0.2222222222222222, "#7201a8"], [0.3333333333333333, "#9c179e"], [0.4444444444444444, "#bd3786"], [0.5555555555555556, "#d8576b"], [0.6666666666666666, "#ed7953"], [0.7777777777777778, "#fb9f3a"], [0.8888888888888888, "#fdca26"], [1.0, "#f0f921"]]}], "mesh3d": [{"type": "mesh3d", "colorbar": {"outlinewidth": 0, "ticks": ""}}], "scatter": [{"fillpattern": {"fillmode": "overlay", "size": 10, "solidity": 0.2}, "type": "scatter"}], "parcoords": [{"type": "parcoords", "line": {"colorbar": {"outlinewidth": 0, "ticks": ""}}}], "scatterpolargl": [{"type": "scatterpolargl", "marker": {"colorbar": {"outlinewidth": 0, "ticks": ""}}}], "bar": [{"error_x": {"color": "#2a3f5f"}, "error_y": {"color": "#2a3f5f"}, "marker": {"line": {"color": "#E5ECF6", "width": 0.5}, "pattern": {"fillmode": "overlay", "size": 10, "solidity": 0.2}}, "type": "bar"}], "scattergeo": [{"type": "scattergeo", "marker": {"colorbar": {"outlinewidth": 0, "ticks": ""}}}], "scatterpolar": [{"type": "scatterpolar", "marker": {"colorbar": {"outlinewidth": 0, "ticks": ""}}}], "histogram": [{"marker": {"pattern": {"fillmode": "overlay", "size": 10, "solidity": 0.2}}, "type": "histogram"}], "scattergl": [{"type": "scattergl", "marker": {"colorbar": {"outlinewidth": 0, "ticks": ""}}}], "scatter3d": [{"type": "scatter3d", "line": {"colorbar": {"outlinewidth": 0, "ticks": ""}}, "marker": {"colorbar": {"outlinewidth": 0, "ticks": ""}}}], "scattermapbox": [{"type": "scattermapbox", "marker": {"colorbar": {"outlinewidth": 0, "ticks": ""}}}], "scatterternary": [{"type": "scatterternary", "marker": {"colorbar": {"outlinewidth": 0, "ticks": ""}}}], "scattercarpet": [{"type": "scattercarpet", "marker": {"colorbar": {"outlinewidth": 0, "ticks": ""}}}], "carpet": [{"aaxis": {"endlinecolor": "#2a3f5f", "gridcolor": "white", "linecolor": "white", "minorgridcolor": "white", "startlinecolor": "#2a3f5f"}, "baxis": {"endlinecolor": "#2a3f5f", "gridcolor": "white", "linecolor": "white", "minorgridcolor": "white", "startlinecolor": "#2a3f5f"}, "type": "carpet"}], "table": [{"cells": {"fill": {"color": "#EBF0F8"}, "line": {"color": "white"}}, "header": {"fill": {"color": "#C8D4E3"}, "line": {"color": "white"}}, "type": "table"}], "barpolar": [{"marker": {"line": {"color": "#E5ECF6", "width": 0.5}, "pattern": {"fillmode": "overlay", "size": 10, "solidity": 0.2}}, "type": "barpolar"}], "pie": [{"automargin": true, "type": "pie"}]}, "layout": {"autotypenumbers": "strict", "colorway": ["#636efa", "#EF553B", "#00cc96", "#ab63fa", "#FFA15A", "#19d3f3", "#FF6692", "#B6E880", "#FF97FF", "#FECB52"], "font": {"color": "#2a3f5f"}, "hovermode": "closest", "hoverlabel": {"align": "left"}, "paper_bgcolor": "white", "plot_bgcolor": "#E5ECF6", "polar": {"bgcolor": "#E5ECF6", "angularaxis": {"gridcolor": "white", "linecolor": "white", "ticks": ""}, "radialaxis": {"gridcolor": "white", "linecolor": "white", "ticks": ""}}, "ternary": {"bgcolor": "#E5ECF6", "aaxis": {"gridcolor": "white", "linecolor": "white", "ticks": ""}, "baxis": {"gridcolor": "white", "linecolor": "white", "ticks": ""}, "caxis": {"gridcolor": "white", "linecolor": "white", "ticks": ""}}, "coloraxis": {"colorbar": {"outlinewidth": 0, "ticks": ""}}, "colorscale": {"sequential": [[0.0, "#0d0887"], [0.1111111111111111, "#46039f"], [0.2222222222222222, "#7201a8"], [0.3333333333333333, "#9c179e"], [0.4444444444444444, "#bd3786"], [0.5555555555555556, "#d8576b"], [0.6666666666666666, "#ed7953"], [0.7777777777777778, "#fb9f3a"], [0.8888888888888888, "#fdca26"], [1.0, "#f0f921"]], "sequentialminus": [[0.0, "#0d0887"], [0.1111111111111111, "#46039f"], [0.2222222222222222, "#7201a8"], [0.3333333333333333, "#9c179e"], [0.4444444444444444, "#bd3786"], [0.5555555555555556, "#d8576b"], [0.6666666666666666, "#ed7953"], [0.7777777777777778, "#fb9f3a"], [0.8888888888888888, "#fdca26"], [1.0, "#f0f921"]], "diverging": [[0, "#8e0152"], [0.1, "#c51b7d"], [0.2, "#de77ae"], [0.3, "#f1b6da"], [0.4, "#fde0ef"], [0.5, "#f7f7f7"], [0.6, "#e6f5d0"], [0.7, "#b8e186"], [0.8, "#7fbc41"], [0.9, "#4d9221"], [1, "#276419"]]}, "xaxis": {"gridcolor": "white", "linecolor": "white", "ticks": "", "title": {"standoff": 15}, "zerolinecolor": "white", "automargin": true, "zerolinewidth": 2}, "yaxis": {"gridcolor": "white", "linecolor": "white", "ticks": "", "title": {"standoff": 15}, "zerolinecolor": "white", "automargin": true, "zerolinewidth": 2}, "scene": {"xaxis": {"backgroundcolor": "#E5ECF6", "gridcolor": "white", "linecolor": "white", "showbackground": true, "ticks": "", "zerolinecolor": "white", "gridwidth": 2}, "yaxis": {"backgroundcolor": "#E5ECF6", "gridcolor": "white", "linecolor": "white", "showbackground": true, "ticks": "", "zerolinecolor": "white", "gridwidth": 2}, "zaxis": {"backgroundcolor": "#E5ECF6", "gridcolor": "white", "linecolor": "white", "showbackground": true, "ticks": "", "zerolinecolor": "white", "gridwidth": 2}}, "shapedefaults": {"line": {"color": "#2a3f5f"}}, "annotationdefaults": {"arrowcolor": "#2a3f5f", "arrowhead": 0, "arrowwidth": 1}, "geo": {"bgcolor": "white", "landcolor": "#E5ECF6", "subunitcolor": "white", "showland": true, "showlakes": true, "lakecolor": "white"}, "title": {"x": 0.05}, "mapbox": {"style": "light"}}}}}