{"data": [{"z": [[2.5625686645507812, -0.26716893911361694, -0.8799288272857666, 0.23359189927577972, 0.29818686842918396, 3.122426986694336, -0.9014800190925598, -0.6066696643829346, -1.2338749170303345, 1.2380589246749878, 1.1705132722854614, 2.800122022628784, 2.183232069015503, -1.9334087371826172, 3.0520215034484863, -1.84231436252594, -1.7827240228652954, -2.2864811420440674, 2.0251903533935547, 1.1550921201705933, 1.2070845365524292], [-0.26716893911361694, 1.6605513095855713, -0.33974140882492065, -1.049576759338379, 0.43356847763061523, 1.315019130706787, -2.757204055786133, -0.38291677832603455, 1.3729665279388428, -1.4999059438705444, -0.05013848468661308, -0.06187256798148155, 0.05335085093975067, 0.4017019271850586, 1.3854808807373047, 1.3595304489135742, -1.3459091186523438, 0.45413142442703247, -0.5960792303085327, -1.0247986316680908, -0.3794153928756714], [-0.8799288272857666, -0.33974140882492065, 0.7982257604598999, 1.7055119276046753, 0.7916354537010193, -0.46143558621406555, 2.1853108406066895, 0.1834309995174408, 0.8505138754844666, 1.1594183444976807, -0.20811927318572998, -0.6429934501647949, -0.5058779716491699, 1.2401748895645142, -2.122610330581665, -0.006019404623657465, 1.0780636072158813, 1.0506221055984497, -0.3275533616542816, 0.750452995300293, -0.17069682478904724], [0.23359189927577972, -1.049576759338379, 1.7055119276046753, 7.0066351890563965, 4.2227349281311035, 3.7666144371032715, 5.995636463165283, -0.637506365776062, 2.318372964859009, 5.989452838897705, 0.3753472864627838, 0.7489432692527771, 0.8781519532203674, 2.6042749881744385, -3.933995485305786, -2.872718334197998, 0.9804340600967407, 1.2467948198318481, 0.5950009226799011, 3.9459192752838135, 0.5331224799156189], [0.29818686842918396, 0.43356847763061523, 0.7916354537010193, 4.2227349281311035, 3.492032766342163, 4.114242076873779, 1.8503299951553345, -0.9798150062561035, 2.5151236057281494, 3.237370252609253, 0.0034294049255549908, 0.2252630740404129, 0.6299375295639038, 2.06538724899292, -1.7272396087646484, -1.6607983112335205, -0.5638307929039001, 1.077316164970398, -0.36931025981903076, 1.8489102125167847, -0.054646484553813934], [3.122426986694336, 1.315019130706787, -0.46143558621406555, 3.7666144371032715, 4.114242076873779, 8.719039916992188, -1.0753453969955444, -1.9058191776275635, 2.051645040512085, 3.6599273681640625, 1.493353247642517, 3.7212252616882324, 3.3629372119903564, 0.020797474309802055, 2.98565673828125, -2.7080414295196533, -3.6120803356170654, -1.3422420024871826, 1.8267086744308472, 2.618021249771118, 1.215298056602478], [-0.9014800190925598, -2.757204055786133, 2.1853108406066895, 5.995636463165283, 1.8503299951553345, -1.0753453969955444, 8.671219825744629, 0.716248095035553, 0.3764651417732239, 5.466752052307129, 0.34393230080604553, 0.1458093374967575, -0.12847298383712769, 1.9799507856369019, -5.560632228851318, -2.0399270057678223, 3.511159896850586, 1.2242010831832886, 1.1699388027191162, 3.9988319873809814, 0.7486688494682312], [-0.6066696643829346, -0.38291677832603455, 0.1834309995174408, -0.637506365776062, -0.9798150062561035, -1.9058191776275635, 0.716248095035553, 0.5803197622299194, -0.521025538444519, -0.5250644683837891, 0.0914151668548584, -0.10350599139928818, -0.3546917736530304, -0.19535386562347412, -0.3662447929382324, 0.8255198001861572, 0.8717979788780212, 0.08648800104856491, 0.30860573053359985, -0.07651839405298233, 0.10314669460058212], [-1.2338749170303345, 1.3729665279388428, 0.8505138754844666, 2.318372964859009, 2.5151236057281494, 2.051645040512085, 0.3764651417732239, -0.521025538444519, 3.1761879920959473, 0.8859154582023621, -0.42901331186294556, -0.9799362421035767, -0.4689915180206299, 2.5928561687469482, -1.8353322744369507, 0.6972119808197021, -0.22754976153373718, 2.1040873527526855, -1.3127250671386719, 0.33977949619293213, -0.7061164379119873], [1.2380589246749878, -1.4999059438705444, 1.1594183444976807, 5.989452838897705, 3.237370252609253, 3.6599273681640625, 5.466752052307129, -0.5250644683837891, 0.8859154582023621, 5.7451887130737305, 0.9180713891983032, 1.9355149269104004, 1.631434679031372, 1.118812084197998, -2.2905073165893555, -3.2614505290985107, 0.5893620848655701, -0.09631959348917007, 1.7049052715301514, 4.056896686553955, 1.14070725440979], [1.1705132722854614, -0.05013848468661308, -0.20811927318572998, 0.3753472864627838, 0.0034294049255549908, 1.493353247642517, 0.34393230080604553, 0.0914151668548584, -0.42901331186294556, 0.9180713891983032, 1.4932360649108887, 2.867521286010742, 1.8270318508148193, -1.1737560033798218, 2.1742937564849854, 0.07277078181505203, -0.7510903477668762, -1.3478782176971436, 2.456146240234375, 1.5110992193222046, 1.3287856578826904], [2.800122022628784, -0.06187256798148155, -0.6429934501647949, 0.7489432692527771, 0.2252630740404129, 3.7212252616882324, 0.1458093374967575, -0.10350599139928818, -0.9799362421035767, 1.9355149269104004, 2.867521286010742, 5.701930522918701, 3.786881446838379, -2.5214428901672363, 4.675235748291016, -0.46637675166130066, -1.9453136920928955, -2.9525742530822754, 4.709583282470703, 2.8816497325897217, 2.58611798286438], [2.183232069015503, 0.05335085093975067, -0.5058779716491699, 0.8781519532203674, 0.6299375295639038, 3.3629372119903564, -0.12847298383712769, -0.3546917736530304, -0.4689915180206299, 1.631434679031372, 1.8270318508148193, 3.786881446838379, 2.6630053520202637, -1.5862042903900146, 3.1792283058166504, -0.8426622748374939, -1.6576356887817383, -2.019284963607788, 2.9516372680664062, 1.980342149734497, 1.659909725189209], [-1.9334087371826172, 0.4017019271850586, 1.2401748895645142, 2.6042749881744385, 2.06538724899292, 0.020797474309802055, 1.9799507856369019, -0.19535386562347412, 2.5928561687469482, 1.118812084197998, -1.1737560033798218, -2.5214428901672363, -1.5862042903900146, 3.02411150932312, -3.9398417472839355, 0.17657098174095154, 1.1828680038452148, 2.665243148803711, -2.223961353302002, 0.11125200241804123, -1.1866148710250854], [3.0520215034484863, 1.3854808807373047, -2.122610330581665, -3.933995485305786, -1.7272396087646484, 2.98565673828125, -5.560632228851318, -0.3662447929382324, -1.8353322744369507, -2.2905073165893555, 2.1742937564849854, 4.675235748291016, 3.1792283058166504, -3.9398417472839355, 7.758005142211914, 0.8805498480796814, -3.699880838394165, -3.6449830532073975, 3.336697578430176, -0.40091875195503235, 1.7524735927581787], [-1.84231436252594, 1.3595304489135742, -0.006019404623657465, -2.872718334197998, -1.6607983112335205, -2.7080414295196533, -2.0399270057678223, 0.8255198001861572, 0.6972119808197021, -3.2614505290985107, 0.07277078181505203, -0.46637675166130066, -0.8426622748374939, 0.17657098174095154, 0.8805498480796814, 3.7537753582000732, 0.2544316053390503, 0.9032669067382812, -0.21028614044189453, -1.6144397258758545, -0.33866795897483826], [-1.7827240228652954, -1.3459091186523438, 1.0780636072158813, 0.9804340600967407, -0.5638307929039001, -3.6120803356170654, 3.511159896850586, 0.8717979788780212, -0.22754976153373718, 0.5893620848655701, -0.7510903477668762, -1.9453136920928955, -1.6576356887817383, 1.1828680038452148, -3.699880838394165, 0.2544316053390503, 2.698220729827881, 1.3829506635665894, -0.843551754951477, 0.24988709390163422, -0.49389371275901794], [-2.2864811420440674, 0.45413142442703247, 1.0506221055984497, 1.2467948198318481, 1.077316164970398, -1.3422420024871826, 1.2242010831832886, 0.08648800104856491, 2.1040873527526855, -0.09631959348917007, -1.3478782176971436, -2.9525742530822754, -2.019284963607788, 2.665243148803711, -3.6449830532073975, 0.9032669067382812, 1.3829506635665894, 2.6308820247650146, -2.4572064876556396, -0.6881922483444214, -1.3675481081008911], [2.0251903533935547, -0.5960792303085327, -0.3275533616542816, 0.5950009226799011, -0.36931025981903076, 1.8267086744308472, 1.1699388027191162, 0.30860573053359985, -1.3127250671386719, 1.7049052715301514, 2.456146240234375, 4.709583282470703, 2.9516372680664062, -2.223961353302002, 3.336697578430176, -0.21028614044189453, -0.843551754951477, -2.4572064876556396, 4.218044757843018, 2.624210834503174, 2.291215181350708], [1.1550921201705933, -1.0247986316680908, 0.750452995300293, 3.9459192752838135, 1.8489102125167847, 2.618021249771118, 3.9988319873809814, -0.07651839405298233, 0.33977949619293213, 4.056896686553955, 1.5110992193222046, 2.8816497325897217, 1.980342149734497, 0.11125200241804123, -0.40091875195503235, -1.6144397258758545, 0.24988709390163422, -0.6881922483444214, 2.624210834503174, 3.5000033378601074, 1.5314732789993286], [1.2070845365524292, -0.3794153928756714, -0.17069682478904724, 0.5331224799156189, -0.054646484553813934, 1.215298056602478, 0.7486688494682312, 0.10314669460058212, -0.7061164379119873, 1.14070725440979, 1.3287856578826904, 2.58611798286438, 1.659909725189209, -1.1866148710250854, 1.7524735927581787, -0.33866795897483826, -0.49389371275901794, -1.3675481081008911, 2.291215181350708, 1.5314732789993286, 1.2588680982589722]], "type": "heatmap"}], "layout": {"template": {"data": {"histogram2dcontour": [{"type": "histogram2dcontour", "colorbar": {"outlinewidth": 0, "ticks": ""}, "colorscale": [[0.0, "#0d0887"], [0.1111111111111111, "#46039f"], [0.2222222222222222, "#7201a8"], [0.3333333333333333, "#9c179e"], [0.4444444444444444, "#bd3786"], [0.5555555555555556, "#d8576b"], [0.6666666666666666, "#ed7953"], [0.7777777777777778, "#fb9f3a"], [0.8888888888888888, "#fdca26"], [1.0, "#f0f921"]]}], "choropleth": [{"type": "choropleth", "colorbar": {"outlinewidth": 0, "ticks": ""}}], "histogram2d": [{"type": "histogram2d", "colorbar": {"outlinewidth": 0, "ticks": ""}, "colorscale": [[0.0, "#0d0887"], [0.1111111111111111, "#46039f"], [0.2222222222222222, "#7201a8"], [0.3333333333333333, "#9c179e"], [0.4444444444444444, "#bd3786"], [0.5555555555555556, "#d8576b"], [0.6666666666666666, "#ed7953"], [0.7777777777777778, "#fb9f3a"], [0.8888888888888888, "#fdca26"], [1.0, "#f0f921"]]}], "heatmap": [{"type": "heatmap", "colorbar": {"outlinewidth": 0, "ticks": ""}, "colorscale": [[0.0, "#0d0887"], [0.1111111111111111, "#46039f"], [0.2222222222222222, "#7201a8"], [0.3333333333333333, "#9c179e"], [0.4444444444444444, "#bd3786"], [0.5555555555555556, "#d8576b"], [0.6666666666666666, "#ed7953"], [0.7777777777777778, "#fb9f3a"], [0.8888888888888888, "#fdca26"], [1.0, "#f0f921"]]}], "heatmapgl": [{"type": "heatmapgl", "colorbar": {"outlinewidth": 0, "ticks": ""}, "colorscale": [[0.0, "#0d0887"], [0.1111111111111111, "#46039f"], [0.2222222222222222, "#7201a8"], [0.3333333333333333, "#9c179e"], [0.4444444444444444, "#bd3786"], [0.5555555555555556, "#d8576b"], [0.6666666666666666, "#ed7953"], [0.7777777777777778, "#fb9f3a"], [0.8888888888888888, "#fdca26"], [1.0, "#f0f921"]]}], "contourcarpet": [{"type": "contourcarpet", "colorbar": {"outlinewidth": 0, "ticks": ""}}], "contour": [{"type": "contour", "colorbar": {"outlinewidth": 0, "ticks": ""}, "colorscale": [[0.0, "#0d0887"], [0.1111111111111111, "#46039f"], [0.2222222222222222, "#7201a8"], [0.3333333333333333, "#9c179e"], [0.4444444444444444, "#bd3786"], [0.5555555555555556, "#d8576b"], [0.6666666666666666, "#ed7953"], [0.7777777777777778, "#fb9f3a"], [0.8888888888888888, "#fdca26"], [1.0, "#f0f921"]]}], "surface": [{"type": "surface", "colorbar": {"outlinewidth": 0, "ticks": ""}, "colorscale": [[0.0, "#0d0887"], [0.1111111111111111, "#46039f"], [0.2222222222222222, "#7201a8"], [0.3333333333333333, "#9c179e"], [0.4444444444444444, "#bd3786"], [0.5555555555555556, "#d8576b"], [0.6666666666666666, "#ed7953"], [0.7777777777777778, "#fb9f3a"], [0.8888888888888888, "#fdca26"], [1.0, "#f0f921"]]}], "mesh3d": [{"type": "mesh3d", "colorbar": {"outlinewidth": 0, "ticks": ""}}], "scatter": [{"fillpattern": {"fillmode": "overlay", "size": 10, "solidity": 0.2}, "type": "scatter"}], "parcoords": [{"type": "parcoords", "line": {"colorbar": {"outlinewidth": 0, "ticks": ""}}}], "scatterpolargl": [{"type": "scatterpolargl", "marker": {"colorbar": {"outlinewidth": 0, "ticks": ""}}}], "bar": [{"error_x": {"color": "#2a3f5f"}, "error_y": {"color": "#2a3f5f"}, "marker": {"line": {"color": "#E5ECF6", "width": 0.5}, "pattern": {"fillmode": "overlay", "size": 10, "solidity": 0.2}}, "type": "bar"}], "scattergeo": [{"type": "scattergeo", "marker": {"colorbar": {"outlinewidth": 0, "ticks": ""}}}], "scatterpolar": [{"type": "scatterpolar", "marker": {"colorbar": {"outlinewidth": 0, "ticks": ""}}}], "histogram": [{"marker": {"pattern": {"fillmode": "overlay", "size": 10, "solidity": 0.2}}, "type": "histogram"}], "scattergl": [{"type": "scattergl", "marker": {"colorbar": {"outlinewidth": 0, "ticks": ""}}}], "scatter3d": [{"type": "scatter3d", "line": {"colorbar": {"outlinewidth": 0, "ticks": ""}}, "marker": {"colorbar": {"outlinewidth": 0, "ticks": ""}}}], "scattermapbox": [{"type": "scattermapbox", "marker": {"colorbar": {"outlinewidth": 0, "ticks": ""}}}], "scatterternary": [{"type": "scatterternary", "marker": {"colorbar": {"outlinewidth": 0, "ticks": ""}}}], "scattercarpet": [{"type": "scattercarpet", "marker": {"colorbar": {"outlinewidth": 0, "ticks": ""}}}], "carpet": [{"aaxis": {"endlinecolor": "#2a3f5f", "gridcolor": "white", "linecolor": "white", "minorgridcolor": "white", "startlinecolor": "#2a3f5f"}, "baxis": {"endlinecolor": "#2a3f5f", "gridcolor": "white", "linecolor": "white", "minorgridcolor": "white", "startlinecolor": "#2a3f5f"}, "type": "carpet"}], "table": [{"cells": {"fill": {"color": "#EBF0F8"}, "line": {"color": "white"}}, "header": {"fill": {"color": "#C8D4E3"}, "line": {"color": "white"}}, "type": "table"}], "barpolar": [{"marker": {"line": {"color": "#E5ECF6", "width": 0.5}, "pattern": {"fillmode": "overlay", "size": 10, "solidity": 0.2}}, "type": "barpolar"}], "pie": [{"automargin": true, "type": "pie"}]}, "layout": {"autotypenumbers": "strict", "colorway": ["#636efa", "#EF553B", "#00cc96", "#ab63fa", "#FFA15A", "#19d3f3", "#FF6692", "#B6E880", "#FF97FF", "#FECB52"], "font": {"color": "#2a3f5f"}, "hovermode": "closest", "hoverlabel": {"align": "left"}, "paper_bgcolor": "white", "plot_bgcolor": "#E5ECF6", "polar": {"bgcolor": "#E5ECF6", "angularaxis": {"gridcolor": "white", "linecolor": "white", "ticks": ""}, "radialaxis": {"gridcolor": "white", "linecolor": "white", "ticks": ""}}, "ternary": {"bgcolor": "#E5ECF6", "aaxis": {"gridcolor": "white", "linecolor": "white", "ticks": ""}, "baxis": {"gridcolor": "white", "linecolor": "white", "ticks": ""}, "caxis": {"gridcolor": "white", "linecolor": "white", "ticks": ""}}, "coloraxis": {"colorbar": {"outlinewidth": 0, "ticks": ""}}, "colorscale": {"sequential": [[0.0, "#0d0887"], [0.1111111111111111, "#46039f"], [0.2222222222222222, "#7201a8"], [0.3333333333333333, "#9c179e"], [0.4444444444444444, "#bd3786"], [0.5555555555555556, "#d8576b"], [0.6666666666666666, "#ed7953"], [0.7777777777777778, "#fb9f3a"], [0.8888888888888888, "#fdca26"], [1.0, "#f0f921"]], "sequentialminus": [[0.0, "#0d0887"], [0.1111111111111111, "#46039f"], [0.2222222222222222, "#7201a8"], [0.3333333333333333, "#9c179e"], [0.4444444444444444, "#bd3786"], [0.5555555555555556, "#d8576b"], [0.6666666666666666, "#ed7953"], [0.7777777777777778, "#fb9f3a"], [0.8888888888888888, "#fdca26"], [1.0, "#f0f921"]], "diverging": [[0, "#8e0152"], [0.1, "#c51b7d"], [0.2, "#de77ae"], [0.3, "#f1b6da"], [0.4, "#fde0ef"], [0.5, "#f7f7f7"], [0.6, "#e6f5d0"], [0.7, "#b8e186"], [0.8, "#7fbc41"], [0.9, "#4d9221"], [1, "#276419"]]}, "xaxis": {"gridcolor": "white", "linecolor": "white", "ticks": "", "title": {"standoff": 15}, "zerolinecolor": "white", "automargin": true, "zerolinewidth": 2}, "yaxis": {"gridcolor": "white", "linecolor": "white", "ticks": "", "title": {"standoff": 15}, "zerolinecolor": "white", "automargin": true, "zerolinewidth": 2}, "scene": {"xaxis": {"backgroundcolor": "#E5ECF6", "gridcolor": "white", "linecolor": "white", "showbackground": true, "ticks": "", "zerolinecolor": "white", "gridwidth": 2}, "yaxis": {"backgroundcolor": "#E5ECF6", "gridcolor": "white", "linecolor": "white", "showbackground": true, "ticks": "", "zerolinecolor": "white", "gridwidth": 2}, "zaxis": {"backgroundcolor": "#E5ECF6", "gridcolor": "white", "linecolor": "white", "showbackground": true, "ticks": "", "zerolinecolor": "white", "gridwidth": 2}}, "shapedefaults": {"line": {"color": "#2a3f5f"}}, "annotationdefaults": {"arrowcolor": "#2a3f5f", "arrowhead": 0, "arrowwidth": 1}, "geo": {"bgcolor": "white", "landcolor": "#E5ECF6", "subunitcolor": "white", "showland": true, "showlakes": true, "lakecolor": "white"}, "title": {"x": 0.05}, "mapbox": {"style": "light"}}}}}