{"data": [{"z": [[2.7421741485595703, -0.30697572231292725, -0.8845665454864502, -0.36758875846862793, -0.13387221097946167, 2.582775831222534, -1.857988953590393, -0.3768848180770874, -1.9068740606307983, 0.6209491491317749, 0.5104266405105591, 1.9304640293121338, 1.8975930213928223, -1.9839800596237183, 3.10068416595459, -1.8820916414260864, -1.4351108074188232, -2.092085123062134, 0.8134971857070923, 0.35571998357772827, 0.8408498167991638], [-0.30697572231292725, 1.8079665899276733, -0.38753268122673035, -1.7302236557006836, 0.12254200130701065, 0.6817237138748169, -3.105067253112793, -0.32507017254829407, 1.2197121381759644, -2.089298725128174, -0.27143430709838867, -0.8185964226722717, -0.40074622631073, 0.4594436287879944, 1.3295670747756958, 1.401605486869812, -1.2020310163497925, 0.6237364411354065, -1.0223206281661987, -1.6892492771148682, -0.7467907667160034], [-0.8845665454864502, -0.38753268122673035, 0.679242730140686, 1.0415852069854736, 0.3939136862754822, -1.0843206644058228, 1.6675876379013062, 0.22803649306297302, 0.4501345455646515, 0.5819955468177795, -0.6285310387611389, -1.4080206155776978, -0.9376762509346008, 1.1570230722427368, -2.21895694732666, -0.11765563488006592, 1.22630774974823, 1.1153274774551392, -0.9572051167488098, 0.07050521671772003, -0.5169046521186829], [-0.36758875846862793, -1.7302236557006836, 1.0415852069854736, 6.282731056213379, 3.6082911491394043, 3.028923988342285, 5.5236968994140625, -1.1407160758972168, 1.8900071382522583, 5.451385498046875, -0.2133045196533203, 0.2955601215362549, 0.14754562079906464, 1.9932914972305298, -4.586583614349365, -3.4610466957092285, 0.5486317276954651, 0.7123559713363647, 0.38051271438598633, 3.457426071166992, 0.3308424949645996], [-0.13387221097946167, 0.12254200130701065, 0.3939136862754822, 3.6082911491394043, 3.0774264335632324, 3.4972116947174072, 1.5152331590652466, -1.2811412811279297, 2.327960729598999, 2.7509045600891113, -0.37600433826446533, -0.24921730160713196, 0.03973204642534256, 1.770973563194275, -2.160482883453369, -1.939090371131897, -0.8039382100105286, 0.8448405265808105, -0.537002682685852, 1.3837846517562866, -0.286992609500885], [2.582775831222534, 0.6817237138748169, -1.0843206644058228, 3.028923988342285, 3.4972116947174072, 7.965682506561279, -1.5880604982376099, -2.3705968856811523, 1.6011857986450195, 3.1213622093200684, 0.9330559968948364, 3.2252414226531982, 2.6427550315856934, -0.5616953372955322, 2.378220558166504, -3.2925825119018555, -3.9950454235076904, -1.8383907079696655, 1.5374994277954102, 2.086674451828003, 0.9940714240074158], [-1.857988953590393, -3.105067253112793, 1.6675876379013062, 5.5236968994140625, 1.5152331590652466, -1.5880604982376099, 8.318236351013184, 0.23130251467227936, 0.5969464182853699, 4.918637275695801, -0.02945787087082863, -0.05961532145738602, -0.7792672514915466, 1.7066032886505127, -6.253908157348633, -2.03776216506958, 3.001270294189453, 0.9803581237792969, 1.1323214769363403, 3.726378917694092, 0.6191951036453247], [-0.3768848180770874, -0.32507017254829407, 0.22803649306297302, -1.1407160758972168, -1.2811412811279297, -2.3705968856811523, 0.23130251467227936, 0.7866631150245667, -0.9745499491691589, -0.9791184663772583, -0.25501129031181335, -0.8118319511413574, -0.5859406590461731, -0.17858579754829407, -0.2761327922344208, 0.783141553401947, 1.184824824333191, 0.2598923444747925, -0.42482253909111023, -0.682255744934082, -0.20171663165092468], [-1.9068740606307983, 1.2197121381759644, 0.4501345455646515, 1.8900071382522583, 2.327960729598999, 1.6011857986450195, 0.5969464182853699, -0.9745499491691589, 3.5570895671844482, 0.5804452300071716, -0.3586619794368744, -1.0718683004379272, -1.0304362773895264, 2.4117581844329834, -2.3325860500335693, 0.5944655537605286, -0.6994703412055969, 1.8450510501861572, -0.7403597235679626, 0.2192239761352539, -0.804419994354248], [0.6209491491317749, -2.089298725128174, 0.5819955468177795, 5.451385498046875, 2.7509045600891113, 3.1213622093200684, 4.918637275695801, -0.9791184663772583, 0.5804452300071716, 5.274038791656494, 0.3370356261730194, 1.590760588645935, 1.0251264572143555, 0.6201167106628418, -2.8996126651763916, -3.690401077270508, 0.1748606413602829, -0.5197336673736572, 1.3817782402038574, 3.662320852279663, 0.9853387475013733], [0.5104266405105591, -0.27143430709838867, -0.6285310387611389, -0.2133045196533203, -0.37600433826446533, 0.9330559968948364, -0.02945787087082863, -0.25501129031181335, -0.3586619794368744, 0.3370356261730194, 1.2418886423110962, 2.554971218109131, 1.2506910562515259, -1.4291698932647705, 1.727547526359558, 0.04689321294426918, -1.1146903038024902, -1.548529028892517, 2.3314626216888428, 1.1222336292266846, 1.1578491926193237], [1.9304640293121338, -0.8185964226722717, -1.4080206155776978, 0.2955601215362549, -0.24921730160713196, 3.2252414226531982, -0.05961532145738602, -0.8118319511413574, -1.0718683004379272, 1.590760588645935, 2.554971218109131, 5.675683975219727, 3.1281380653381348, -3.1925604343414307, 3.875516414642334, -1.0465210676193237, -2.6574108600616455, -3.643453359603882, 4.836546897888184, 2.7430806159973145, 2.573232412338257], [1.8975930213928223, -0.40074622631073, -0.9376762509346008, 0.14754562079906464, 0.03973204642534256, 2.6427550315856934, -0.7792672514915466, -0.5859406590461731, -1.0304362773895264, 1.0251264572143555, 1.2506910562515259, 3.1281380653381348, 2.0717766284942627, -2.017202615737915, 2.7891128063201904, -1.273553729057312, -1.7891427278518677, -2.304039716720581, 2.300281524658203, 1.3319162130355835, 1.380877137184143], [-1.9839800596237183, 0.4594436287879944, 1.1570230722427368, 1.9932914972305298, 1.770973563194275, -0.5616953372955322, 1.7066032886505127, -0.17858579754829407, 2.4117581844329834, 0.6201167106628418, -1.4291698932647705, -3.1925604343414307, -2.017202615737915, 3.029820203781128, -4.0388031005859375, 0.14006635546684265, 1.287806510925293, 2.7634201049804688, -2.531902551651001, -0.4651085138320923, -1.5115721225738525], [3.10068416595459, 1.3295670747756958, -2.21895694732666, -4.586583614349365, -2.160482883453369, 2.378220558166504, -6.253908157348633, -0.2761327922344208, -2.3325860500335693, -2.8996126651763916, 1.727547526359558, 3.875516414642334, 2.7891128063201904, -4.0388031005859375, 7.702773571014404, 0.7658432722091675, -3.5023012161254883, -3.5600712299346924, 2.4298391342163086, -1.1343988180160522, 1.4058674573898315], [-1.8820916414260864, 1.401605486869812, -0.11765563488006592, -3.4610466957092285, -1.939090371131897, -3.2925825119018555, -2.03776216506958, 0.783141553401947, 0.5944655537605286, -3.690401077270508, 0.04689321294426918, -1.0465210676193237, -1.273553729057312, 0.14006635546684265, 0.7658432722091675, 3.6230814456939697, 0.2995482087135315, 0.909395694732666, -0.3053055703639984, -2.0904178619384766, -0.6171208024024963], [-1.4351108074188232, -1.2020310163497925, 1.22630774974823, 0.5486317276954651, -0.8039382100105286, -3.9950454235076904, 3.001270294189453, 1.184824824333191, -0.6994703412055969, 0.1748606413602829, -1.1146903038024902, -2.6574108600616455, -1.7891427278518677, 1.287806510925293, -3.5023012161254883, 0.2995482087135315, 3.1179800033569336, 1.6576954126358032, -1.6447856426239014, -0.34384647011756897, -0.7981666326522827], [-2.092085123062134, 0.6237364411354065, 1.1153274774551392, 0.7123559713363647, 0.8448405265808105, -1.8383907079696655, 0.9803581237792969, 0.2598923444747925, 1.8450510501861572, -0.5197336673736572, -1.548529028892517, -3.643453359603882, -2.304039716720581, 2.7634201049804688, -3.5600712299346924, 0.909395694732666, 1.6576954126358032, 2.834535837173462, -2.852530002593994, -1.2556489706039429, -1.6906640529632568], [0.8134971857070923, -1.0223206281661987, -0.9572051167488098, 0.38051271438598633, -0.537002682685852, 1.5374994277954102, 1.1323214769363403, -0.42482253909111023, -0.7403597235679626, 1.3817782402038574, 2.3314626216888428, 4.836546897888184, 2.300281524658203, -2.531902551651001, 2.4298391342163086, -0.3053055703639984, -1.6447856426239014, -2.852530002593994, 4.554860591888428, 2.660261869430542, 2.2979629039764404], [0.35571998357772827, -1.6892492771148682, 0.07050521671772003, 3.457426071166992, 1.3837846517562866, 2.086674451828003, 3.726378917694092, -0.682255744934082, 0.2192239761352539, 3.662320852279663, 1.1222336292266846, 2.7430806159973145, 1.3319162130355835, -0.4651085138320923, -1.1343988180160522, -2.0904178619384766, -0.34384647011756897, -1.2556489706039429, 2.660261869430542, 3.279982566833496, 1.4637389183044434], [0.8408498167991638, -0.7467907667160034, -0.5169046521186829, 0.3308424949645996, -0.286992609500885, 0.9940714240074158, 0.6191951036453247, -0.20171663165092468, -0.804419994354248, 0.9853387475013733, 1.1578491926193237, 2.573232412338257, 1.380877137184143, -1.5115721225738525, 1.4058674573898315, -0.6171208024024963, -0.7981666326522827, -1.6906640529632568, 2.2979629039764404, 1.4637389183044434, 1.2588680982589722]], "type": "heatmap"}], "layout": {"template": {"data": {"histogram2dcontour": [{"type": "histogram2dcontour", "colorbar": {"outlinewidth": 0, "ticks": ""}, "colorscale": [[0.0, "#0d0887"], [0.1111111111111111, "#46039f"], [0.2222222222222222, "#7201a8"], [0.3333333333333333, "#9c179e"], [0.4444444444444444, "#bd3786"], [0.5555555555555556, "#d8576b"], [0.6666666666666666, "#ed7953"], [0.7777777777777778, "#fb9f3a"], [0.8888888888888888, "#fdca26"], [1.0, "#f0f921"]]}], "choropleth": [{"type": "choropleth", "colorbar": {"outlinewidth": 0, "ticks": ""}}], "histogram2d": [{"type": "histogram2d", "colorbar": {"outlinewidth": 0, "ticks": ""}, "colorscale": [[0.0, "#0d0887"], [0.1111111111111111, "#46039f"], [0.2222222222222222, "#7201a8"], [0.3333333333333333, "#9c179e"], [0.4444444444444444, "#bd3786"], [0.5555555555555556, "#d8576b"], [0.6666666666666666, "#ed7953"], [0.7777777777777778, "#fb9f3a"], [0.8888888888888888, "#fdca26"], [1.0, "#f0f921"]]}], "heatmap": [{"type": "heatmap", "colorbar": {"outlinewidth": 0, "ticks": ""}, "colorscale": [[0.0, "#0d0887"], [0.1111111111111111, "#46039f"], [0.2222222222222222, "#7201a8"], [0.3333333333333333, "#9c179e"], [0.4444444444444444, "#bd3786"], [0.5555555555555556, "#d8576b"], [0.6666666666666666, "#ed7953"], [0.7777777777777778, "#fb9f3a"], [0.8888888888888888, "#fdca26"], [1.0, "#f0f921"]]}], "heatmapgl": [{"type": "heatmapgl", "colorbar": {"outlinewidth": 0, "ticks": ""}, "colorscale": [[0.0, "#0d0887"], [0.1111111111111111, "#46039f"], [0.2222222222222222, "#7201a8"], [0.3333333333333333, "#9c179e"], [0.4444444444444444, "#bd3786"], [0.5555555555555556, "#d8576b"], [0.6666666666666666, "#ed7953"], [0.7777777777777778, "#fb9f3a"], [0.8888888888888888, "#fdca26"], [1.0, "#f0f921"]]}], "contourcarpet": [{"type": "contourcarpet", "colorbar": {"outlinewidth": 0, "ticks": ""}}], "contour": [{"type": "contour", "colorbar": {"outlinewidth": 0, "ticks": ""}, "colorscale": [[0.0, "#0d0887"], [0.1111111111111111, "#46039f"], [0.2222222222222222, "#7201a8"], [0.3333333333333333, "#9c179e"], [0.4444444444444444, "#bd3786"], [0.5555555555555556, "#d8576b"], [0.6666666666666666, "#ed7953"], [0.7777777777777778, "#fb9f3a"], [0.8888888888888888, "#fdca26"], [1.0, "#f0f921"]]}], "surface": [{"type": "surface", "colorbar": {"outlinewidth": 0, "ticks": ""}, "colorscale": [[0.0, "#0d0887"], [0.1111111111111111, "#46039f"], [0.2222222222222222, "#7201a8"], [0.3333333333333333, "#9c179e"], [0.4444444444444444, "#bd3786"], [0.5555555555555556, "#d8576b"], [0.6666666666666666, "#ed7953"], [0.7777777777777778, "#fb9f3a"], [0.8888888888888888, "#fdca26"], [1.0, "#f0f921"]]}], "mesh3d": [{"type": "mesh3d", "colorbar": {"outlinewidth": 0, "ticks": ""}}], "scatter": [{"fillpattern": {"fillmode": "overlay", "size": 10, "solidity": 0.2}, "type": "scatter"}], "parcoords": [{"type": "parcoords", "line": {"colorbar": {"outlinewidth": 0, "ticks": ""}}}], "scatterpolargl": [{"type": "scatterpolargl", "marker": {"colorbar": {"outlinewidth": 0, "ticks": ""}}}], "bar": [{"error_x": {"color": "#2a3f5f"}, "error_y": {"color": "#2a3f5f"}, "marker": {"line": {"color": "#E5ECF6", "width": 0.5}, "pattern": {"fillmode": "overlay", "size": 10, "solidity": 0.2}}, "type": "bar"}], "scattergeo": [{"type": "scattergeo", "marker": {"colorbar": {"outlinewidth": 0, "ticks": ""}}}], "scatterpolar": [{"type": "scatterpolar", "marker": {"colorbar": {"outlinewidth": 0, "ticks": ""}}}], "histogram": [{"marker": {"pattern": {"fillmode": "overlay", "size": 10, "solidity": 0.2}}, "type": "histogram"}], "scattergl": [{"type": "scattergl", "marker": {"colorbar": {"outlinewidth": 0, "ticks": ""}}}], "scatter3d": [{"type": "scatter3d", "line": {"colorbar": {"outlinewidth": 0, "ticks": ""}}, "marker": {"colorbar": {"outlinewidth": 0, "ticks": ""}}}], "scattermapbox": [{"type": "scattermapbox", "marker": {"colorbar": {"outlinewidth": 0, "ticks": ""}}}], "scatterternary": [{"type": "scatterternary", "marker": {"colorbar": {"outlinewidth": 0, "ticks": ""}}}], "scattercarpet": [{"type": "scattercarpet", "marker": {"colorbar": {"outlinewidth": 0, "ticks": ""}}}], "carpet": [{"aaxis": {"endlinecolor": "#2a3f5f", "gridcolor": "white", "linecolor": "white", "minorgridcolor": "white", "startlinecolor": "#2a3f5f"}, "baxis": {"endlinecolor": "#2a3f5f", "gridcolor": "white", "linecolor": "white", "minorgridcolor": "white", "startlinecolor": "#2a3f5f"}, "type": "carpet"}], "table": [{"cells": {"fill": {"color": "#EBF0F8"}, "line": {"color": "white"}}, "header": {"fill": {"color": "#C8D4E3"}, "line": {"color": "white"}}, "type": "table"}], "barpolar": [{"marker": {"line": {"color": "#E5ECF6", "width": 0.5}, "pattern": {"fillmode": "overlay", "size": 10, "solidity": 0.2}}, "type": "barpolar"}], "pie": [{"automargin": true, "type": "pie"}]}, "layout": {"autotypenumbers": "strict", "colorway": ["#636efa", "#EF553B", "#00cc96", "#ab63fa", "#FFA15A", "#19d3f3", "#FF6692", "#B6E880", "#FF97FF", "#FECB52"], "font": {"color": "#2a3f5f"}, "hovermode": "closest", "hoverlabel": {"align": "left"}, "paper_bgcolor": "white", "plot_bgcolor": "#E5ECF6", "polar": {"bgcolor": "#E5ECF6", "angularaxis": {"gridcolor": "white", "linecolor": "white", "ticks": ""}, "radialaxis": {"gridcolor": "white", "linecolor": "white", "ticks": ""}}, "ternary": {"bgcolor": "#E5ECF6", "aaxis": {"gridcolor": "white", "linecolor": "white", "ticks": ""}, "baxis": {"gridcolor": "white", "linecolor": "white", "ticks": ""}, "caxis": {"gridcolor": "white", "linecolor": "white", "ticks": ""}}, "coloraxis": {"colorbar": {"outlinewidth": 0, "ticks": ""}}, "colorscale": {"sequential": [[0.0, "#0d0887"], [0.1111111111111111, "#46039f"], [0.2222222222222222, "#7201a8"], [0.3333333333333333, "#9c179e"], [0.4444444444444444, "#bd3786"], [0.5555555555555556, "#d8576b"], [0.6666666666666666, "#ed7953"], [0.7777777777777778, "#fb9f3a"], [0.8888888888888888, "#fdca26"], [1.0, "#f0f921"]], "sequentialminus": [[0.0, "#0d0887"], [0.1111111111111111, "#46039f"], [0.2222222222222222, "#7201a8"], [0.3333333333333333, "#9c179e"], [0.4444444444444444, "#bd3786"], [0.5555555555555556, "#d8576b"], [0.6666666666666666, "#ed7953"], [0.7777777777777778, "#fb9f3a"], [0.8888888888888888, "#fdca26"], [1.0, "#f0f921"]], "diverging": [[0, "#8e0152"], [0.1, "#c51b7d"], [0.2, "#de77ae"], [0.3, "#f1b6da"], [0.4, "#fde0ef"], [0.5, "#f7f7f7"], [0.6, "#e6f5d0"], [0.7, "#b8e186"], [0.8, "#7fbc41"], [0.9, "#4d9221"], [1, "#276419"]]}, "xaxis": {"gridcolor": "white", "linecolor": "white", "ticks": "", "title": {"standoff": 15}, "zerolinecolor": "white", "automargin": true, "zerolinewidth": 2}, "yaxis": {"gridcolor": "white", "linecolor": "white", "ticks": "", "title": {"standoff": 15}, "zerolinecolor": "white", "automargin": true, "zerolinewidth": 2}, "scene": {"xaxis": {"backgroundcolor": "#E5ECF6", "gridcolor": "white", "linecolor": "white", "showbackground": true, "ticks": "", "zerolinecolor": "white", "gridwidth": 2}, "yaxis": {"backgroundcolor": "#E5ECF6", "gridcolor": "white", "linecolor": "white", "showbackground": true, "ticks": "", "zerolinecolor": "white", "gridwidth": 2}, "zaxis": {"backgroundcolor": "#E5ECF6", "gridcolor": "white", "linecolor": "white", "showbackground": true, "ticks": "", "zerolinecolor": "white", "gridwidth": 2}}, "shapedefaults": {"line": {"color": "#2a3f5f"}}, "annotationdefaults": {"arrowcolor": "#2a3f5f", "arrowhead": 0, "arrowwidth": 1}, "geo": {"bgcolor": "white", "landcolor": "#E5ECF6", "subunitcolor": "white", "showland": true, "showlakes": true, "lakecolor": "white"}, "title": {"x": 0.05}, "mapbox": {"style": "light"}}}}}