{"data": [{"z": [[2.6972460746765137, -0.3808043599128723, -0.8936182260513306, 0.09327448159456253, 0.12645801901817322, 3.0048956871032715, -1.252839207649231, -0.5045108795166016, -1.6008445024490356, 1.090649962425232, 0.8789713978767395, 2.5712289810180664, 2.164238691329956, -2.027949333190918, 3.1016688346862793, -1.9318320751190186, -1.6379154920578003, -2.272984027862549, 1.546917200088501, 0.9268583655357361, 1.1217682361602783], [-0.3808043599128723, 1.6661992073059082, -0.44366130232810974, -1.3098890781402588, 0.32582587003707886, 1.0685696601867676, -2.7377147674560547, -0.48310768604278564, 1.4212888479232788, -1.6675865650177002, -0.011784479953348637, -0.23116017878055573, -0.16698318719863892, 0.35686445236206055, 1.289544701576233, 1.2947503328323364, -1.4316126108169556, 0.39502793550491333, -0.5111531019210815, -1.1840789318084717, -0.4726438522338867], [-0.8936182260513306, -0.44366130232810974, 0.6966755390167236, 1.5127336978912354, 0.659601628780365, -0.6428718566894531, 2.0789434909820557, 0.13796187937259674, 0.7318452000617981, 1.0352435111999512, -0.29483696818351746, -0.7787675261497498, -0.6441880464553833, 1.1325451135635376, -2.189936399459839, -0.14175888895988464, 1.0627034902572632, 0.9672223925590515, -0.40313053131103516, 0.6193895936012268, -0.24584613740444183], [0.09327448159456253, -1.3098890781402588, 1.5127336978912354, 6.998103141784668, 4.186021327972412, 3.7436580657958984, 5.8878607749938965, -0.7544488906860352, 2.4386496543884277, 6.023591041564941, 0.3684171438217163, 1.0219241380691528, 0.8015782237052917, 2.419661521911621, -4.111100196838379, -3.0214052200317383, 0.8735146522521973, 1.0612207651138306, 0.6773141622543335, 4.126898288726807, 0.5412613749504089], [0.12645801901817322, 0.32582587003707886, 0.659601628780365, 4.186021327972412, 3.4943385124206543, 4.06596565246582, 1.8525936603546143, -1.099176287651062, 2.7204816341400146, 3.2401323318481445, 0.06619078665971756, 0.3962039351463318, 0.5227625370025635, 1.9887651205062866, -1.8788334131240845, -1.7112818956375122, -0.6856046915054321, 0.9721592664718628, -0.19261224567890167, 1.9626009464263916, -0.06156226247549057], [3.0048956871032715, 1.0685696601867676, -0.6428718566894531, 3.7436580657958984, 4.06596565246582, 8.670283317565918, -1.1395936012268066, -2.019845724105835, 2.1444077491760254, 3.706153154373169, 1.508864402770996, 3.9598610401153564, 3.2780661582946777, -0.16212891042232513, 2.8201684951782227, -2.8820033073425293, -3.7075157165527344, -1.5280243158340454, 1.8875306844711304, 2.768545150756836, 1.2184867858886719], [-1.252839207649231, -2.7377147674560547, 2.0789434909820557, 5.8878607749938965, 1.8525936603546143, -1.1395936012268066, 8.324934959411621, 0.6682983040809631, 0.7610956430435181, 5.22507905960083, 0.2949161231517792, 0.2690202593803406, -0.27226853370666504, 2.021970748901367, -5.714158058166504, -1.7466737031936646, 3.418745994567871, 1.311195969581604, 1.045088291168213, 4.0163254737854, 0.6721766591072083], [-0.5045108795166016, -0.48310768604278564, 0.13796187937259674, -0.7544488906860352, -1.099176287651062, -2.019845724105835, 0.6682983040809631, 0.5870738625526428, -0.7538306713104248, -0.5748998522758484, 0.012047863565385342, -0.23458078503608704, -0.39745086431503296, -0.3025677800178528, -0.35513508319854736, 0.660194993019104, 0.9114970564842224, 0.006838693283498287, 0.1975112110376358, -0.18542806804180145, 0.06846027076244354], [-1.6008445024490356, 1.4212888479232788, 0.7318452000617981, 2.4386496543884277, 2.7204816341400146, 2.1444077491760254, 0.7610956430435181, -0.7538306713104248, 3.8712215423583984, 1.0361456871032715, 0.008414901793003082, -0.4962471127510071, -0.5489334464073181, 2.6341309547424316, -2.0332400798797607, 0.8155657649040222, -0.5281891226768494, 1.9982868432998657, -0.6037377119064331, 0.7336671948432922, -0.6086166501045227], [1.090649962425232, -1.6675865650177002, 1.0352435111999512, 6.023591041564941, 3.2401323318481445, 3.706153154373169, 5.22507905960083, -0.5748998522758484, 1.0361456871032715, 5.729720592498779, 0.8454117774963379, 2.166982889175415, 1.602748990058899, 1.0265952348709106, -2.418337106704712, -3.258945941925049, 0.5326010584831238, -0.15752916038036346, 1.6008654832839966, 4.193482875823975, 1.1334348917007446], [0.8789713978767395, -0.011784479953348637, -0.29483696818351746, 0.3684171438217163, 0.06619078665971756, 1.508864402770996, 0.2949161231517792, 0.012047863565385342, 0.008414901793003082, 0.8454117774963379, 1.6683329343795776, 3.151010751724243, 1.7666770219802856, -1.1509801149368286, 2.076070785522461, 0.3012075126171112, -0.8911675214767456, -1.3404854536056519, 2.5851962566375732, 1.6762526035308838, 1.345483422279358], [2.5712289810180664, -0.23116017878055573, -0.7787675261497498, 1.0219241380691528, 0.3962039351463318, 3.9598610401153564, 0.2690202593803406, -0.23458078503608704, -0.4962471127510071, 2.166982889175415, 3.151010751724243, 6.342579364776611, 3.8660712242126465, -2.608529806137085, 4.510234832763672, -0.4491426944732666, -2.1207308769226074, -3.0984907150268555, 4.959572792053223, 3.3787920475006104, 2.719961643218994], [2.164238691329956, -0.16698318719863892, -0.6441880464553833, 0.8015782237052917, 0.5227625370025635, 3.2780661582946777, -0.27226853370666504, -0.39745086431503296, -0.5489334464073181, 1.602748990058899, 1.7666770219802856, 3.8660712242126465, 2.5982584953308105, -1.7631725072860718, 3.086545944213867, -1.0148680210113525, -1.671162724494934, -2.1587424278259277, 2.8012027740478516, 2.00646710395813, 1.6344116926193237], [-2.027949333190918, 0.35686445236206055, 1.1325451135635376, 2.419661521911621, 1.9887651205062866, -0.16212891042232513, 2.021970748901367, -0.3025677800178528, 2.6341309547424316, 1.0265952348709106, -1.1509801149368286, -2.608529806137085, -1.7631725072860718, 2.9598422050476074, -4.0468525886535645, 0.07317782938480377, 1.091740608215332, 2.5744309425354004, -2.0567679405212402, 0.03366158902645111, -1.247122883796692], [3.1016688346862793, 1.289544701576233, -2.189936399459839, -4.111100196838379, -1.8788334131240845, 2.8201684951782227, -5.714158058166504, -0.35513508319854736, -2.0332400798797607, -2.418337106704712, 2.076070785522461, 4.510234832763672, 3.086545944213867, -4.0468525886535645, 7.744284629821777, 0.7533718943595886, -3.652980089187622, -3.6955788135528564, 3.0536539554595947, -0.5683599710464478, 1.6758406162261963], [-1.9318320751190186, 1.2947503328323364, -0.14175888895988464, -3.0214052200317383, -1.7112818956375122, -2.8820033073425293, -1.7466737031936646, 0.660194993019104, 0.8155657649040222, -3.258945941925049, 0.3012075126171112, -0.4491426944732666, -1.0148680210113525, 0.07317782938480377, 0.7533718943595886, 3.5595884323120117, 0.10491903871297836, 0.7238491177558899, 0.13114409148693085, -1.5797022581100464, -0.3501250445842743], [-1.6379154920578003, -1.4316126108169556, 1.0627034902572632, 0.8735146522521973, -0.6856046915054321, -3.7075157165527344, 3.418745994567871, 0.9114970564842224, -0.5281891226768494, 0.5326010584831238, -0.8911675214767456, -2.1207308769226074, -1.671162724494934, 1.091740608215332, -3.652980089187622, 0.10491903871297836, 2.7708845138549805, 1.331046223640442, -0.9917292594909668, 0.10933451354503632, -0.5296699404716492], [-2.272984027862549, 0.39502793550491333, 0.9672223925590515, 1.0612207651138306, 0.9721592664718628, -1.5280243158340454, 1.311195969581604, 0.006838693283498287, 1.9982868432998657, -0.15752916038036346, -1.3404854536056519, -3.0984907150268555, -2.1587424278259277, 2.5744309425354004, -3.6955788135528564, 0.7238491177558899, 1.331046223640442, 2.5162947177886963, -2.3058528900146484, -0.7996487617492676, -1.4157390594482422], [1.546917200088501, -0.5111531019210815, -0.40313053131103516, 0.6773141622543335, -0.19261224567890167, 1.8875306844711304, 1.045088291168213, 0.1975112110376358, -0.6037377119064331, 1.6008654832839966, 2.5851962566375732, 4.959572792053223, 2.8012027740478516, -2.0567679405212402, 3.0536539554595947, 0.13114409148693085, -0.9917292594909668, -2.3058528900146484, 4.166530609130859, 2.8084895610809326, 2.2354366779327393], [0.9268583655357361, -1.1840789318084717, 0.6193895936012268, 4.126898288726807, 1.9626009464263916, 2.768545150756836, 4.0163254737854, -0.18542806804180145, 0.7336671948432922, 4.193482875823975, 1.6762526035308838, 3.3787920475006104, 2.00646710395813, 0.03366158902645111, -0.5683599710464478, -1.5797022581100464, 0.10933451354503632, -0.7996487617492676, 2.8084895610809326, 3.8755903244018555, 1.6160815954208374], [1.1217682361602783, -0.4726438522338867, -0.24584613740444183, 0.5412613749504089, -0.06156226247549057, 1.2184867858886719, 0.6721766591072083, 0.06846027076244354, -0.6086166501045227, 1.1334348917007446, 1.345483422279358, 2.719961643218994, 1.6344116926193237, -1.247122883796692, 1.6758406162261963, -0.3501250445842743, -0.5296699404716492, -1.4157390594482422, 2.2354366779327393, 1.6160815954208374, 1.2588680982589722]], "type": "heatmap"}], "layout": {"template": {"data": {"histogram2dcontour": [{"type": "histogram2dcontour", "colorbar": {"outlinewidth": 0, "ticks": ""}, "colorscale": [[0.0, "#0d0887"], [0.1111111111111111, "#46039f"], [0.2222222222222222, "#7201a8"], [0.3333333333333333, "#9c179e"], [0.4444444444444444, "#bd3786"], [0.5555555555555556, "#d8576b"], [0.6666666666666666, "#ed7953"], [0.7777777777777778, "#fb9f3a"], [0.8888888888888888, "#fdca26"], [1.0, "#f0f921"]]}], "choropleth": [{"type": "choropleth", "colorbar": {"outlinewidth": 0, "ticks": ""}}], "histogram2d": [{"type": "histogram2d", "colorbar": {"outlinewidth": 0, "ticks": ""}, "colorscale": [[0.0, "#0d0887"], [0.1111111111111111, "#46039f"], [0.2222222222222222, "#7201a8"], [0.3333333333333333, "#9c179e"], [0.4444444444444444, "#bd3786"], [0.5555555555555556, "#d8576b"], [0.6666666666666666, "#ed7953"], [0.7777777777777778, "#fb9f3a"], [0.8888888888888888, "#fdca26"], [1.0, "#f0f921"]]}], "heatmap": [{"type": "heatmap", "colorbar": {"outlinewidth": 0, "ticks": ""}, "colorscale": [[0.0, "#0d0887"], [0.1111111111111111, "#46039f"], [0.2222222222222222, "#7201a8"], [0.3333333333333333, "#9c179e"], [0.4444444444444444, "#bd3786"], [0.5555555555555556, "#d8576b"], [0.6666666666666666, "#ed7953"], [0.7777777777777778, "#fb9f3a"], [0.8888888888888888, "#fdca26"], [1.0, "#f0f921"]]}], "heatmapgl": [{"type": "heatmapgl", "colorbar": {"outlinewidth": 0, "ticks": ""}, "colorscale": [[0.0, "#0d0887"], [0.1111111111111111, "#46039f"], [0.2222222222222222, "#7201a8"], [0.3333333333333333, "#9c179e"], [0.4444444444444444, "#bd3786"], [0.5555555555555556, "#d8576b"], [0.6666666666666666, "#ed7953"], [0.7777777777777778, "#fb9f3a"], [0.8888888888888888, "#fdca26"], [1.0, "#f0f921"]]}], "contourcarpet": [{"type": "contourcarpet", "colorbar": {"outlinewidth": 0, "ticks": ""}}], "contour": [{"type": "contour", "colorbar": {"outlinewidth": 0, "ticks": ""}, "colorscale": [[0.0, "#0d0887"], [0.1111111111111111, "#46039f"], [0.2222222222222222, "#7201a8"], [0.3333333333333333, "#9c179e"], [0.4444444444444444, "#bd3786"], [0.5555555555555556, "#d8576b"], [0.6666666666666666, "#ed7953"], [0.7777777777777778, "#fb9f3a"], [0.8888888888888888, "#fdca26"], [1.0, "#f0f921"]]}], "surface": [{"type": "surface", "colorbar": {"outlinewidth": 0, "ticks": ""}, "colorscale": [[0.0, "#0d0887"], [0.1111111111111111, "#46039f"], [0.2222222222222222, "#7201a8"], [0.3333333333333333, "#9c179e"], [0.4444444444444444, "#bd3786"], [0.5555555555555556, "#d8576b"], [0.6666666666666666, "#ed7953"], [0.7777777777777778, "#fb9f3a"], [0.8888888888888888, "#fdca26"], [1.0, "#f0f921"]]}], "mesh3d": [{"type": "mesh3d", "colorbar": {"outlinewidth": 0, "ticks": ""}}], "scatter": [{"fillpattern": {"fillmode": "overlay", "size": 10, "solidity": 0.2}, "type": "scatter"}], "parcoords": [{"type": "parcoords", "line": {"colorbar": {"outlinewidth": 0, "ticks": ""}}}], "scatterpolargl": [{"type": "scatterpolargl", "marker": {"colorbar": {"outlinewidth": 0, "ticks": ""}}}], "bar": [{"error_x": {"color": "#2a3f5f"}, "error_y": {"color": "#2a3f5f"}, "marker": {"line": {"color": "#E5ECF6", "width": 0.5}, "pattern": {"fillmode": "overlay", "size": 10, "solidity": 0.2}}, "type": "bar"}], "scattergeo": [{"type": "scattergeo", "marker": {"colorbar": {"outlinewidth": 0, "ticks": ""}}}], "scatterpolar": [{"type": "scatterpolar", "marker": {"colorbar": {"outlinewidth": 0, "ticks": ""}}}], "histogram": [{"marker": {"pattern": {"fillmode": "overlay", "size": 10, "solidity": 0.2}}, "type": "histogram"}], "scattergl": [{"type": "scattergl", "marker": {"colorbar": {"outlinewidth": 0, "ticks": ""}}}], "scatter3d": [{"type": "scatter3d", "line": {"colorbar": {"outlinewidth": 0, "ticks": ""}}, "marker": {"colorbar": {"outlinewidth": 0, "ticks": ""}}}], "scattermapbox": [{"type": "scattermapbox", "marker": {"colorbar": {"outlinewidth": 0, "ticks": ""}}}], "scatterternary": [{"type": "scatterternary", "marker": {"colorbar": {"outlinewidth": 0, "ticks": ""}}}], "scattercarpet": [{"type": "scattercarpet", "marker": {"colorbar": {"outlinewidth": 0, "ticks": ""}}}], "carpet": [{"aaxis": {"endlinecolor": "#2a3f5f", "gridcolor": "white", "linecolor": "white", "minorgridcolor": "white", "startlinecolor": "#2a3f5f"}, "baxis": {"endlinecolor": "#2a3f5f", "gridcolor": "white", "linecolor": "white", "minorgridcolor": "white", "startlinecolor": "#2a3f5f"}, "type": "carpet"}], "table": [{"cells": {"fill": {"color": "#EBF0F8"}, "line": {"color": "white"}}, "header": {"fill": {"color": "#C8D4E3"}, "line": {"color": "white"}}, "type": "table"}], "barpolar": [{"marker": {"line": {"color": "#E5ECF6", "width": 0.5}, "pattern": {"fillmode": "overlay", "size": 10, "solidity": 0.2}}, "type": "barpolar"}], "pie": [{"automargin": true, "type": "pie"}]}, "layout": {"autotypenumbers": "strict", "colorway": ["#636efa", "#EF553B", "#00cc96", "#ab63fa", "#FFA15A", "#19d3f3", "#FF6692", "#B6E880", "#FF97FF", "#FECB52"], "font": {"color": "#2a3f5f"}, "hovermode": "closest", "hoverlabel": {"align": "left"}, "paper_bgcolor": "white", "plot_bgcolor": "#E5ECF6", "polar": {"bgcolor": "#E5ECF6", "angularaxis": {"gridcolor": "white", "linecolor": "white", "ticks": ""}, "radialaxis": {"gridcolor": "white", "linecolor": "white", "ticks": ""}}, "ternary": {"bgcolor": "#E5ECF6", "aaxis": {"gridcolor": "white", "linecolor": "white", "ticks": ""}, "baxis": {"gridcolor": "white", "linecolor": "white", "ticks": ""}, "caxis": {"gridcolor": "white", "linecolor": "white", "ticks": ""}}, "coloraxis": {"colorbar": {"outlinewidth": 0, "ticks": ""}}, "colorscale": {"sequential": [[0.0, "#0d0887"], [0.1111111111111111, "#46039f"], [0.2222222222222222, "#7201a8"], [0.3333333333333333, "#9c179e"], [0.4444444444444444, "#bd3786"], [0.5555555555555556, "#d8576b"], [0.6666666666666666, "#ed7953"], [0.7777777777777778, "#fb9f3a"], [0.8888888888888888, "#fdca26"], [1.0, "#f0f921"]], "sequentialminus": [[0.0, "#0d0887"], [0.1111111111111111, "#46039f"], [0.2222222222222222, "#7201a8"], [0.3333333333333333, "#9c179e"], [0.4444444444444444, "#bd3786"], [0.5555555555555556, "#d8576b"], [0.6666666666666666, "#ed7953"], [0.7777777777777778, "#fb9f3a"], [0.8888888888888888, "#fdca26"], [1.0, "#f0f921"]], "diverging": [[0, "#8e0152"], [0.1, "#c51b7d"], [0.2, "#de77ae"], [0.3, "#f1b6da"], [0.4, "#fde0ef"], [0.5, "#f7f7f7"], [0.6, "#e6f5d0"], [0.7, "#b8e186"], [0.8, "#7fbc41"], [0.9, "#4d9221"], [1, "#276419"]]}, "xaxis": {"gridcolor": "white", "linecolor": "white", "ticks": "", "title": {"standoff": 15}, "zerolinecolor": "white", "automargin": true, "zerolinewidth": 2}, "yaxis": {"gridcolor": "white", "linecolor": "white", "ticks": "", "title": {"standoff": 15}, "zerolinecolor": "white", "automargin": true, "zerolinewidth": 2}, "scene": {"xaxis": {"backgroundcolor": "#E5ECF6", "gridcolor": "white", "linecolor": "white", "showbackground": true, "ticks": "", "zerolinecolor": "white", "gridwidth": 2}, "yaxis": {"backgroundcolor": "#E5ECF6", "gridcolor": "white", "linecolor": "white", "showbackground": true, "ticks": "", "zerolinecolor": "white", "gridwidth": 2}, "zaxis": {"backgroundcolor": "#E5ECF6", "gridcolor": "white", "linecolor": "white", "showbackground": true, "ticks": "", "zerolinecolor": "white", "gridwidth": 2}}, "shapedefaults": {"line": {"color": "#2a3f5f"}}, "annotationdefaults": {"arrowcolor": "#2a3f5f", "arrowhead": 0, "arrowwidth": 1}, "geo": {"bgcolor": "white", "landcolor": "#E5ECF6", "subunitcolor": "white", "showland": true, "showlakes": true, "lakecolor": "white"}, "title": {"x": 0.05}, "mapbox": {"style": "light"}}}}}