{"data": [{"z": [[2.571606397628784, -0.28148379921913147, -0.8823911547660828, 0.2304420918226242, 0.28718698024749756, 3.120567560195923, -0.9281646013259888, -0.5986785292625427, -1.2583059072494507, 1.230609655380249, 1.147342324256897, 2.792465925216675, 2.185746908187866, -1.9431267976760864, 3.054022789001465, -1.849050760269165, -1.771996021270752, -2.286658763885498, 1.986953616142273, 1.1461488008499146, 1.2027157545089722], [-0.28148379921913147, 1.6704033613204956, -0.3465207815170288, -1.0740050077438354, 0.42789649963378906, 1.29325532913208, -2.7565054893493652, -0.39170968532562256, 1.38655424118042, -1.5167932510375977, -0.04116979241371155, -0.07591040432453156, 0.03347739577293396, 0.4042457938194275, 1.3786571025848389, 1.3630777597427368, -1.3550746440887451, 0.45358872413635254, -0.5842515230178833, -1.0401660203933716, -0.38779565691947937], [-0.8823911547660828, -0.3465207815170288, 0.7907292246818542, 1.694724440574646, 0.7848215699195862, -0.4713141918182373, 2.1752524375915527, 0.1798214614391327, 0.8472864627838135, 1.1516920328140259, -0.2122148871421814, -0.646762490272522, -0.5141276717185974, 1.2335107326507568, -2.128028392791748, -0.013699443079531193, 1.0759385824203491, 1.0450738668441772, -0.3308075964450836, 0.7451954483985901, -0.17520880699157715], [0.2304420918226242, -1.0740050077438354, 1.694724440574646, 7.021377086639404, 4.224050998687744, 3.77860426902771, 5.971709728240967, -0.638363778591156, 2.3239858150482178, 5.997527122497559, 0.36806023120880127, 0.784447193145752, 0.8864943385124207, 2.590317487716675, -3.943188190460205, -2.8802406787872314, 0.9800510406494141, 1.2362174987792969, 0.589725136756897, 3.9705727100372314, 0.5374898314476013], [0.28718698024749756, 0.42789649963378906, 0.7848215699195862, 4.224050998687744, 3.494158983230591, 4.11520528793335, 1.8365740776062012, -0.9837965965270996, 2.5309977531433105, 3.2357919216156006, 0.003951749298721552, 0.24167267978191376, 0.627398669719696, 2.062910318374634, -1.735323190689087, -1.6573772430419922, -0.5687035322189331, 1.0747169256210327, -0.3645685017108917, 1.8582794666290283, -0.0551169216632843], [3.120567560195923, 1.29325532913208, -0.4713141918182373, 3.77860426902771, 4.11520528793335, 8.727678298950195, -1.0898363590240479, -1.9076292514801025, 2.055954694747925, 3.670072078704834, 1.490828275680542, 3.752148151397705, 3.369213104248047, 0.007667312398552895, 2.977196216583252, -2.7184154987335205, -3.6125731468200684, -1.3533014059066772, 1.8228909969329834, 2.638821601867676, 1.2191623449325562], [-0.9281646013259888, -2.7565054893493652, 2.1752524375915527, 5.971709728240967, 1.8365740776062012, -1.0898363590240479, 8.599308967590332, 0.7231139540672302, 0.39244934916496277, 5.421558856964111, 0.3175611197948456, 0.14517930150032043, -0.14077885448932648, 1.9796571731567383, -5.565594673156738, -2.003340721130371, 3.5130696296691895, 1.2389345169067383, 1.1238794326782227, 3.982950448989868, 0.7346289157867432], [-0.5986785292625427, -0.39170968532562256, 0.1798214614391327, -0.638363778591156, -0.9837965965270996, -1.9076292514801025, 0.7231139540672302, 0.5786217451095581, -0.5328362584114075, -0.5200044512748718, 0.09318774938583374, -0.10199341922998428, -0.3537350296974182, -0.20401903986930847, -0.36594828963279724, 0.810565173625946, 0.8718826174736023, 0.07712498307228088, 0.3119364380836487, -0.0743068978190422, 0.10487425327301025], [-1.2583059072494507, 1.38655424118042, 0.8472864627838135, 2.3239858150482178, 2.5309977531433105, 2.055954694747925, 0.39244934916496277, -0.5328362584114075, 3.2252302169799805, 0.891185998916626, -0.39948052167892456, -0.9514046311378479, -0.4733463227748871, 2.6034584045410156, -1.8448288440704346, 0.7148207426071167, -0.2444847971200943, 2.1045236587524414, -1.267778992652893, 0.3604000508785248, -0.7013423442840576], [1.230609655380249, -1.5167932510375977, 1.1516920328140259, 5.997527122497559, 3.2357919216156006, 3.670072078704834, 5.421558856964111, -0.5200044512748718, 0.891185998916626, 5.737593173980713, 0.8976891040802002, 1.9574576616287231, 1.6371713876724243, 1.1111867427825928, -2.2968013286590576, -3.253593683242798, 0.5934898853302002, -0.09448309242725372, 1.672533392906189, 4.067749500274658, 1.138641595840454], [1.147342324256897, -0.04116979241371155, -0.2122148871421814, 0.36806023120880127, 0.003951749298721552, 1.490828275680542, 0.3175611197948456, 0.09318774938583374, -0.39948052167892456, 0.8976891040802002, 1.495930790901184, 2.8825371265411377, 1.8230727910995483, -1.1681733131408691, 2.171694755554199, 0.10435131192207336, -0.7551077008247375, -1.337458610534668, 2.4449408054351807, 1.5130202770233154, 1.3252966403961182], [2.792465925216675, -0.07591040432453156, -0.646762490272522, 0.784447193145752, 0.24167267978191376, 3.752148151397705, 0.14517930150032043, -0.10199341922998428, -0.9514046311378479, 1.9574576616287231, 2.8825371265411377, 5.762983798980713, 3.809081792831421, -2.5263071060180664, 4.670229434967041, -0.45799288153648376, -1.9474291801452637, -2.9571924209594727, 4.7140212059021, 2.927443027496338, 2.600163698196411], [2.185746908187866, 0.03347739577293396, -0.5141276717185974, 0.8864943385124207, 0.627398669719696, 3.369213104248047, -0.14077885448932648, -0.3537350296974182, -0.4733463227748871, 1.6371713876724243, 1.8230727910995483, 3.809081792831421, 2.6694090366363525, -1.5996792316436768, 3.1744513511657715, -0.8533932566642761, -1.6551713943481445, -2.02874755859375, 2.9382145404815674, 1.9949452877044678, 1.6625884771347046], [-1.9431267976760864, 0.4042457938194275, 1.2335107326507568, 2.590317487716675, 2.062910318374634, 0.007667312398552895, 1.9796571731567383, -0.20401903986930847, 2.6034584045410156, 1.1111867427825928, -1.1681733131408691, -2.5263071060180664, -1.5996792316436768, 3.023787021636963, -3.9473350048065186, 0.17403525114059448, 1.1743749380111694, 2.661036252975464, -2.206799030303955, 0.10572931170463562, -1.1911516189575195], [3.054022789001465, 1.3786571025848389, -2.128028392791748, -3.943188190460205, -1.735323190689087, 2.977196216583252, -5.565594673156738, -0.36594828963279724, -1.8448288440704346, -2.2968013286590576, 2.171694755554199, 4.670229434967041, 3.1744513511657715, -3.9473350048065186, 7.756145477294922, 0.8723985552787781, -3.6974778175354004, -3.6489007472991943, 3.318854570388794, -0.40810152888298035, 1.7483538389205933], [-1.849050760269165, 1.3630777597427368, -0.013699443079531193, -2.8802406787872314, -1.6573772430419922, -2.7184154987335205, -2.003340721130371, 0.810565173625946, 0.7148207426071167, -3.253593683242798, 0.10435131192207336, -0.45799288153648376, -0.8533932566642761, 0.17403525114059448, 0.8723985552787781, 3.7400829792022705, 0.23980866372585297, 0.8893241882324219, -0.16622723639011383, -1.6062371730804443, -0.3360233008861542], [-1.771996021270752, -1.3550746440887451, 1.0759385824203491, 0.9800510406494141, -0.5687035322189331, -3.6125731468200684, 3.5130696296691895, 0.8718826174736023, -0.2444847971200943, 0.5934898853302002, -0.7551077008247375, -1.9474291801452637, -1.6551713943481445, 1.1743749380111694, -3.6974778175354004, 0.23980866372585297, 2.7000062465667725, 1.3747992515563965, -0.8430708050727844, 0.24994905292987823, -0.4923422336578369], [-2.286658763885498, 0.45358872413635254, 1.0450738668441772, 1.2362174987792969, 1.0747169256210327, -1.3533014059066772, 1.2389345169067383, 0.07712498307228088, 2.1045236587524414, -0.09448309242725372, -1.337458610534668, -2.9571924209594727, -2.02874755859375, 2.661036252975464, -3.6489007472991943, 0.8893241882324219, 1.3747992515563965, 2.6203489303588867, -2.4307003021240234, -0.6907356977462769, -1.3682165145874023], [1.986953616142273, -0.5842515230178833, -0.3308075964450836, 0.589725136756897, -0.3645685017108917, 1.8228909969329834, 1.1238794326782227, 0.3119364380836487, -1.267778992652893, 1.672533392906189, 2.4449408054351807, 4.7140212059021, 2.9382145404815674, -2.206799030303955, 3.318854570388794, -0.16622723639011383, -0.8430708050727844, -2.4307003021240234, 4.175044536590576, 2.6195499897003174, 2.277388334274292], [1.1461488008499146, -1.0401660203933716, 0.7451954483985901, 3.9705727100372314, 1.8582794666290283, 2.638821601867676, 3.982950448989868, -0.0743068978190422, 0.3604000508785248, 4.067749500274658, 1.5130202770233154, 2.927443027496338, 1.9949452877044678, 0.10572931170463562, -0.40810152888298035, -1.6062371730804443, 0.24994905292987823, -0.6907356977462769, 2.6195499897003174, 3.5331227779388428, 1.5395129919052124], [1.2027157545089722, -0.38779565691947937, -0.17520880699157715, 0.5374898314476013, -0.0551169216632843, 1.2191623449325562, 0.7346289157867432, 0.10487425327301025, -0.7013423442840576, 1.138641595840454, 1.3252966403961182, 2.600163698196411, 1.6625884771347046, -1.1911516189575195, 1.7483538389205933, -0.3360233008861542, -0.4923422336578369, -1.3682165145874023, 2.277388334274292, 1.5395129919052124, 1.2588680982589722]], "type": "heatmap"}], "layout": {"template": {"data": {"histogram2dcontour": [{"type": "histogram2dcontour", "colorbar": {"outlinewidth": 0, "ticks": ""}, "colorscale": [[0.0, "#0d0887"], [0.1111111111111111, "#46039f"], [0.2222222222222222, "#7201a8"], [0.3333333333333333, "#9c179e"], [0.4444444444444444, "#bd3786"], [0.5555555555555556, "#d8576b"], [0.6666666666666666, "#ed7953"], [0.7777777777777778, "#fb9f3a"], [0.8888888888888888, "#fdca26"], [1.0, "#f0f921"]]}], "choropleth": [{"type": "choropleth", "colorbar": {"outlinewidth": 0, "ticks": ""}}], "histogram2d": [{"type": "histogram2d", "colorbar": {"outlinewidth": 0, "ticks": ""}, "colorscale": [[0.0, "#0d0887"], [0.1111111111111111, "#46039f"], [0.2222222222222222, "#7201a8"], [0.3333333333333333, "#9c179e"], [0.4444444444444444, "#bd3786"], [0.5555555555555556, "#d8576b"], [0.6666666666666666, "#ed7953"], [0.7777777777777778, "#fb9f3a"], [0.8888888888888888, "#fdca26"], [1.0, "#f0f921"]]}], "heatmap": [{"type": "heatmap", "colorbar": {"outlinewidth": 0, "ticks": ""}, "colorscale": [[0.0, "#0d0887"], [0.1111111111111111, "#46039f"], [0.2222222222222222, "#7201a8"], [0.3333333333333333, "#9c179e"], [0.4444444444444444, "#bd3786"], [0.5555555555555556, "#d8576b"], [0.6666666666666666, "#ed7953"], [0.7777777777777778, "#fb9f3a"], [0.8888888888888888, "#fdca26"], [1.0, "#f0f921"]]}], "heatmapgl": [{"type": "heatmapgl", "colorbar": {"outlinewidth": 0, "ticks": ""}, "colorscale": [[0.0, "#0d0887"], [0.1111111111111111, "#46039f"], [0.2222222222222222, "#7201a8"], [0.3333333333333333, "#9c179e"], [0.4444444444444444, "#bd3786"], [0.5555555555555556, "#d8576b"], [0.6666666666666666, "#ed7953"], [0.7777777777777778, "#fb9f3a"], [0.8888888888888888, "#fdca26"], [1.0, "#f0f921"]]}], "contourcarpet": [{"type": "contourcarpet", "colorbar": {"outlinewidth": 0, "ticks": ""}}], "contour": [{"type": "contour", "colorbar": {"outlinewidth": 0, "ticks": ""}, "colorscale": [[0.0, "#0d0887"], [0.1111111111111111, "#46039f"], [0.2222222222222222, "#7201a8"], [0.3333333333333333, "#9c179e"], [0.4444444444444444, "#bd3786"], [0.5555555555555556, "#d8576b"], [0.6666666666666666, "#ed7953"], [0.7777777777777778, "#fb9f3a"], [0.8888888888888888, "#fdca26"], [1.0, "#f0f921"]]}], "surface": [{"type": "surface", "colorbar": {"outlinewidth": 0, "ticks": ""}, "colorscale": [[0.0, "#0d0887"], [0.1111111111111111, "#46039f"], [0.2222222222222222, "#7201a8"], [0.3333333333333333, "#9c179e"], [0.4444444444444444, "#bd3786"], [0.5555555555555556, "#d8576b"], [0.6666666666666666, "#ed7953"], [0.7777777777777778, "#fb9f3a"], [0.8888888888888888, "#fdca26"], [1.0, "#f0f921"]]}], "mesh3d": [{"type": "mesh3d", "colorbar": {"outlinewidth": 0, "ticks": ""}}], "scatter": [{"fillpattern": {"fillmode": "overlay", "size": 10, "solidity": 0.2}, "type": "scatter"}], "parcoords": [{"type": "parcoords", "line": {"colorbar": {"outlinewidth": 0, "ticks": ""}}}], "scatterpolargl": [{"type": "scatterpolargl", "marker": {"colorbar": {"outlinewidth": 0, "ticks": ""}}}], "bar": [{"error_x": {"color": "#2a3f5f"}, "error_y": {"color": "#2a3f5f"}, "marker": {"line": {"color": "#E5ECF6", "width": 0.5}, "pattern": {"fillmode": "overlay", "size": 10, "solidity": 0.2}}, "type": "bar"}], "scattergeo": [{"type": "scattergeo", "marker": {"colorbar": {"outlinewidth": 0, "ticks": ""}}}], "scatterpolar": [{"type": "scatterpolar", "marker": {"colorbar": {"outlinewidth": 0, "ticks": ""}}}], "histogram": [{"marker": {"pattern": {"fillmode": "overlay", "size": 10, "solidity": 0.2}}, "type": "histogram"}], "scattergl": [{"type": "scattergl", "marker": {"colorbar": {"outlinewidth": 0, "ticks": ""}}}], "scatter3d": [{"type": "scatter3d", "line": {"colorbar": {"outlinewidth": 0, "ticks": ""}}, "marker": {"colorbar": {"outlinewidth": 0, "ticks": ""}}}], "scattermapbox": [{"type": "scattermapbox", "marker": {"colorbar": {"outlinewidth": 0, "ticks": ""}}}], "scatterternary": [{"type": "scatterternary", "marker": {"colorbar": {"outlinewidth": 0, "ticks": ""}}}], "scattercarpet": [{"type": "scattercarpet", "marker": {"colorbar": {"outlinewidth": 0, "ticks": ""}}}], "carpet": [{"aaxis": {"endlinecolor": "#2a3f5f", "gridcolor": "white", "linecolor": "white", "minorgridcolor": "white", "startlinecolor": "#2a3f5f"}, "baxis": {"endlinecolor": "#2a3f5f", "gridcolor": "white", "linecolor": "white", "minorgridcolor": "white", "startlinecolor": "#2a3f5f"}, "type": "carpet"}], "table": [{"cells": {"fill": {"color": "#EBF0F8"}, "line": {"color": "white"}}, "header": {"fill": {"color": "#C8D4E3"}, "line": {"color": "white"}}, "type": "table"}], "barpolar": [{"marker": {"line": {"color": "#E5ECF6", "width": 0.5}, "pattern": {"fillmode": "overlay", "size": 10, "solidity": 0.2}}, "type": "barpolar"}], "pie": [{"automargin": true, "type": "pie"}]}, "layout": {"autotypenumbers": "strict", "colorway": ["#636efa", "#EF553B", "#00cc96", "#ab63fa", "#FFA15A", "#19d3f3", "#FF6692", "#B6E880", "#FF97FF", "#FECB52"], "font": {"color": "#2a3f5f"}, "hovermode": "closest", "hoverlabel": {"align": "left"}, "paper_bgcolor": "white", "plot_bgcolor": "#E5ECF6", "polar": {"bgcolor": "#E5ECF6", "angularaxis": {"gridcolor": "white", "linecolor": "white", "ticks": ""}, "radialaxis": {"gridcolor": "white", "linecolor": "white", "ticks": ""}}, "ternary": {"bgcolor": "#E5ECF6", "aaxis": {"gridcolor": "white", "linecolor": "white", "ticks": ""}, "baxis": {"gridcolor": "white", "linecolor": "white", "ticks": ""}, "caxis": {"gridcolor": "white", "linecolor": "white", "ticks": ""}}, "coloraxis": {"colorbar": {"outlinewidth": 0, "ticks": ""}}, "colorscale": {"sequential": [[0.0, "#0d0887"], [0.1111111111111111, "#46039f"], [0.2222222222222222, "#7201a8"], [0.3333333333333333, "#9c179e"], [0.4444444444444444, "#bd3786"], [0.5555555555555556, "#d8576b"], [0.6666666666666666, "#ed7953"], [0.7777777777777778, "#fb9f3a"], [0.8888888888888888, "#fdca26"], [1.0, "#f0f921"]], "sequentialminus": [[0.0, "#0d0887"], [0.1111111111111111, "#46039f"], [0.2222222222222222, "#7201a8"], [0.3333333333333333, "#9c179e"], [0.4444444444444444, "#bd3786"], [0.5555555555555556, "#d8576b"], [0.6666666666666666, "#ed7953"], [0.7777777777777778, "#fb9f3a"], [0.8888888888888888, "#fdca26"], [1.0, "#f0f921"]], "diverging": [[0, "#8e0152"], [0.1, "#c51b7d"], [0.2, "#de77ae"], [0.3, "#f1b6da"], [0.4, "#fde0ef"], [0.5, "#f7f7f7"], [0.6, "#e6f5d0"], [0.7, "#b8e186"], [0.8, "#7fbc41"], [0.9, "#4d9221"], [1, "#276419"]]}, "xaxis": {"gridcolor": "white", "linecolor": "white", "ticks": "", "title": {"standoff": 15}, "zerolinecolor": "white", "automargin": true, "zerolinewidth": 2}, "yaxis": {"gridcolor": "white", "linecolor": "white", "ticks": "", "title": {"standoff": 15}, "zerolinecolor": "white", "automargin": true, "zerolinewidth": 2}, "scene": {"xaxis": {"backgroundcolor": "#E5ECF6", "gridcolor": "white", "linecolor": "white", "showbackground": true, "ticks": "", "zerolinecolor": "white", "gridwidth": 2}, "yaxis": {"backgroundcolor": "#E5ECF6", "gridcolor": "white", "linecolor": "white", "showbackground": true, "ticks": "", "zerolinecolor": "white", "gridwidth": 2}, "zaxis": {"backgroundcolor": "#E5ECF6", "gridcolor": "white", "linecolor": "white", "showbackground": true, "ticks": "", "zerolinecolor": "white", "gridwidth": 2}}, "shapedefaults": {"line": {"color": "#2a3f5f"}}, "annotationdefaults": {"arrowcolor": "#2a3f5f", "arrowhead": 0, "arrowwidth": 1}, "geo": {"bgcolor": "white", "landcolor": "#E5ECF6", "subunitcolor": "white", "showland": true, "showlakes": true, "lakecolor": "white"}, "title": {"x": 0.05}, "mapbox": {"style": "light"}}}}}