{"data": [{"z": [[2.710406541824341, -0.383268266916275, -0.8959643244743347, 0.03921247273683548, 0.087860606610775, 2.955625295639038, -1.3329148292541504, -0.48902860283851624, -1.6605461835861206, 1.0347394943237305, 0.8265411257743835, 2.4980430603027344, 2.1379973888397217, -2.0344595909118652, 3.1045854091644287, -1.93816077709198, -1.612869143486023, -2.2612385749816895, 1.4657560586929321, 0.857281506061554, 1.092517375946045], [-0.383268266916275, 1.6553057432174683, -0.45892471075057983, -1.3688328266143799, 0.28638553619384766, 1.011344075202942, -2.760286331176758, -0.48645904660224915, 1.3807069063186646, -1.7114044427871704, -0.04448585584759712, -0.2971188724040985, -0.20708349347114563, 0.3414821922779083, 1.2786797285079956, 1.2743866443634033, -1.4265623092651367, 0.39075779914855957, -0.5535435080528259, -1.2410075664520264, -0.49864575266838074], [-0.8959643244743347, -0.45892471075057983, 0.6797494292259216, 1.454651117324829, 0.6191194653511047, -0.6985602974891663, 2.046454906463623, 0.13547566533088684, 0.6851046681404114, 0.9916673898696899, -0.33411797881126404, -0.8432813882827759, -0.6827806830406189, 1.1143766641616821, -2.2014458179473877, -0.16382530331611633, 1.0689681768417358, 0.9610623717308044, -0.44590169191360474, 0.562642514705658, -0.2715301513671875], [0.03921247273683548, -1.3688328266143799, 1.454651117324829, 6.95720100402832, 4.149846076965332, 3.69899845123291, 5.921531677246094, -0.8035728931427002, 2.4311914443969727, 6.023708343505859, 0.3513649106025696, 1.023061752319336, 0.745454728603363, 2.366912841796875, -4.1659650802612305, -3.0783324241638184, 0.8282139897346497, 1.0064849853515625, 0.7409173250198364, 4.126122951507568, 0.5327727794647217], [0.087860606610775, 0.28638553619384766, 0.6191194653511047, 4.149846076965332, 3.4651873111724854, 4.025651931762695, 1.878798246383667, -1.1335866451263428, 2.7135531902313232, 3.234539270401001, 0.05163836106657982, 0.3860887587070465, 0.4769429862499237, 1.9532735347747803, -1.9194470643997192, -1.7518142461776733, -0.7156870365142822, 0.9363744854927063, -0.15419012308120728, 1.95395028591156, -0.07176274806261063], [2.955625295639038, 1.011344075202942, -0.6985602974891663, 3.69899845123291, 4.025651931762695, 8.621075630187988, -1.1174453496932983, -2.065401554107666, 2.130326747894287, 3.700460433959961, 1.48861825466156, 3.9548490047454834, 3.2210769653320312, -0.21442477405071259, 2.7678229808807373, -2.9392056465148926, -3.747938632965088, -1.5796456336975098, 1.9372384548187256, 2.760392665863037, 1.2071356773376465], [-1.3329148292541504, -2.760286331176758, 2.046454906463623, 5.921531677246094, 1.878798246383667, -1.1174453496932983, 8.404736518859863, 0.6196034550666809, 0.8510100841522217, 5.269160270690918, 0.3319351375102997, 0.3432827889919281, -0.29195237159729004, 2.013827323913574, -5.770010948181152, -1.7459125518798828, 3.361950397491455, 1.2837780714035034, 1.1628624200820923, 4.085529327392578, 0.6898775100708008], [-0.48902860283851624, -0.48645904660224915, 0.13547566533088684, -0.8035728931427002, -1.1335866451263428, -2.065401554107666, 0.6196034550666809, 0.5989624857902527, -0.8071003556251526, -0.6202590465545654, -0.02642946131527424, -0.30202972888946533, -0.4207034111022949, -0.31021735072135925, -0.3510914444923401, 0.6492408514022827, 0.9320120215415955, 0.013088884763419628, 0.1320858895778656, -0.24491575360298157, 0.044438306242227554], [-1.6605461835861206, 1.3807069063186646, 0.6851046681404114, 2.4311914443969727, 2.7135531902313232, 2.130326747894287, 0.8510100841522217, -0.8071003556251526, 3.913717269897461, 1.0648324489593506, 0.034225426614284515, -0.4566168785095215, -0.5868365168571472, 2.5986640453338623, -2.082960844039917, 0.7779791951179504, -0.5849167704582214, 1.949119210243225, -0.5002201795578003, 0.7717922329902649, -0.6004854440689087], [1.0347394943237305, -1.7114044427871704, 0.9916673898696899, 6.023708343505859, 3.234539270401001, 3.700460433959961, 5.269160270690918, -0.6202590465545654, 1.0648324489593506, 5.7546000480651855, 0.8502410650253296, 2.205860137939453, 1.571211814880371, 0.9931522011756897, -2.468254327774048, -3.2940897941589355, 0.4859307110309601, -0.2002124786376953, 1.6827595233917236, 4.226886749267578, 1.1389214992523193], [0.8265411257743835, -0.04448585584759712, -0.33411797881126404, 0.3513649106025696, 0.05163836106657982, 1.48861825466156, 0.3319351375102997, -0.02642946131527424, 0.034225426614284515, 0.8502410650253296, 1.677838683128357, 3.1725013256073, 1.7315257787704468, -1.180871605873108, 2.0362353324890137, 0.2790282666683197, -0.9322375655174255, -1.3759573698043823, 2.6472318172454834, 1.6926360130310059, 1.3461906909942627], [2.4980430603027344, -0.2971188724040985, -0.8432813882827759, 1.023061752319336, 0.3860887587070465, 3.9548490047454834, 0.3432827889919281, -0.30202972888946533, -0.4566168785095215, 2.205860137939453, 3.1725013256073, 6.403395175933838, 3.8249289989471436, -2.663273572921753, 4.444555282592773, -0.5070543885231018, -2.1918258666992188, -3.1679956912994385, 5.077589988708496, 3.43117356300354, 2.7320241928100586], [2.1379973888397217, -0.20708349347114563, -0.6827806830406189, 0.745454728603363, 0.4769429862499237, 3.2210769653320312, -0.29195237159729004, -0.4207034111022949, -0.5868365168571472, 1.571211814880371, 1.7315257787704468, 3.8249289989471436, 2.5475590229034424, -1.801683783531189, 3.0530202388763428, -1.056545615196228, -1.6863713264465332, -2.188567638397217, 2.7932238578796387, 1.9673690795898438, 1.6130715608596802], [-2.0344595909118652, 0.3414821922779083, 1.1143766641616821, 2.366912841796875, 1.9532735347747803, -0.21442477405071259, 2.013827323913574, -0.31021735072135925, 2.5986640453338623, 0.9931522011756897, -1.180871605873108, -2.663273572921753, -1.801683783531189, 2.9419689178466797, -4.061394691467285, 0.049371957778930664, 1.0918067693710327, 2.5648350715637207, -2.080158233642578, -0.012315381318330765, -1.268868088722229], [3.1045854091644287, 1.2786797285079956, -2.2014458179473877, -4.1659650802612305, -1.9194470643997192, 2.7678229808807373, -5.770010948181152, -0.3510914444923401, -2.082960844039917, -2.468254327774048, 2.0362353324890137, 4.444555282592773, 3.0530202388763428, -4.061394691467285, 7.737950325012207, 0.7376073598861694, -3.6400868892669678, -3.6952357292175293, 2.990285634994507, -0.62933748960495, 1.6490817070007324], [-1.93816077709198, 1.2743866443634033, -0.16382530331611633, -3.0783324241638184, -1.7518142461776733, -2.9392056465148926, -1.7459125518798828, 0.6492408514022827, 0.7779791951179504, -3.2940897941589355, 0.2790282666683197, -0.5070543885231018, -1.056545615196228, 0.049371957778930664, 0.7376073598861694, 3.5292248725891113, 0.1019202172756195, 0.7078568935394287, 0.10591686517000198, -1.626628041267395, -0.3715692460536957], [-1.612869143486023, -1.4265623092651367, 1.0689681768417358, 0.8282139897346497, -0.7156870365142822, -3.747938632965088, 3.361950397491455, 0.9320120215415955, -0.5849167704582214, 0.4859307110309601, -0.9322375655174255, -2.1918258666992188, -1.6863713264465332, 1.0918067693710327, -3.6400868892669678, 0.1019202172756195, 2.7999684810638428, 1.345990777015686, -1.0678714513778687, 0.04703335091471672, -0.5535197854042053], [-2.2612385749816895, 0.39075779914855957, 0.9610623717308044, 1.0064849853515625, 0.9363744854927063, -1.5796456336975098, 1.2837780714035034, 0.013088884763419628, 1.949119210243225, -0.2002124786376953, -1.3759573698043823, -3.1679956912994385, -2.188567638397217, 2.5648350715637207, -3.6952357292175293, 0.7078568935394287, 1.345990777015686, 2.5186431407928467, -2.3579390048980713, -0.8587154746055603, -1.4404064416885376], [1.4657560586929321, -0.5535435080528259, -0.44590169191360474, 0.7409173250198364, -0.15419012308120728, 1.9372384548187256, 1.1628624200820923, 0.1320858895778656, -0.5002201795578003, 1.6827595233917236, 2.6472318172454834, 5.077589988708496, 2.7932238578796387, -2.080158233642578, 2.990285634994507, 0.10591686517000198, -1.0678714513778687, -2.3579390048980713, 4.326389312744141, 2.917654514312744, 2.269848585128784], [0.857281506061554, -1.2410075664520264, 0.562642514705658, 4.126122951507568, 1.95395028591156, 2.760392665863037, 4.085529327392578, -0.24491575360298157, 0.7717922329902649, 4.226886749267578, 1.6926360130310059, 3.43117356300354, 1.9673690795898438, -0.012315381318330765, -0.62933748960495, -1.626628041267395, 0.04703335091471672, -0.8587154746055603, 2.917654514312744, 3.921461343765259, 1.6258560419082642], [1.092517375946045, -0.49864575266838074, -0.2715301513671875, 0.5327727794647217, -0.07176274806261063, 1.2071356773376465, 0.6898775100708008, 0.044438306242227554, -0.6004854440689087, 1.1389214992523193, 1.3461906909942627, 2.7320241928100586, 1.6130715608596802, -1.268868088722229, 1.6490817070007324, -0.3715692460536957, -0.5535197854042053, -1.4404064416885376, 2.269848585128784, 1.6258560419082642, 1.2588680982589722]], "type": "heatmap"}], "layout": {"template": {"data": {"histogram2dcontour": [{"type": "histogram2dcontour", "colorbar": {"outlinewidth": 0, "ticks": ""}, "colorscale": [[0.0, "#0d0887"], [0.1111111111111111, "#46039f"], [0.2222222222222222, "#7201a8"], [0.3333333333333333, "#9c179e"], [0.4444444444444444, "#bd3786"], [0.5555555555555556, "#d8576b"], [0.6666666666666666, "#ed7953"], [0.7777777777777778, "#fb9f3a"], [0.8888888888888888, "#fdca26"], [1.0, "#f0f921"]]}], "choropleth": [{"type": "choropleth", "colorbar": {"outlinewidth": 0, "ticks": ""}}], "histogram2d": [{"type": "histogram2d", "colorbar": {"outlinewidth": 0, "ticks": ""}, "colorscale": [[0.0, "#0d0887"], [0.1111111111111111, "#46039f"], [0.2222222222222222, "#7201a8"], [0.3333333333333333, "#9c179e"], [0.4444444444444444, "#bd3786"], [0.5555555555555556, "#d8576b"], [0.6666666666666666, "#ed7953"], [0.7777777777777778, "#fb9f3a"], [0.8888888888888888, "#fdca26"], [1.0, "#f0f921"]]}], "heatmap": [{"type": "heatmap", "colorbar": {"outlinewidth": 0, "ticks": ""}, "colorscale": [[0.0, "#0d0887"], [0.1111111111111111, "#46039f"], [0.2222222222222222, "#7201a8"], [0.3333333333333333, "#9c179e"], [0.4444444444444444, "#bd3786"], [0.5555555555555556, "#d8576b"], [0.6666666666666666, "#ed7953"], [0.7777777777777778, "#fb9f3a"], [0.8888888888888888, "#fdca26"], [1.0, "#f0f921"]]}], "heatmapgl": [{"type": "heatmapgl", "colorbar": {"outlinewidth": 0, "ticks": ""}, "colorscale": [[0.0, "#0d0887"], [0.1111111111111111, "#46039f"], [0.2222222222222222, "#7201a8"], [0.3333333333333333, "#9c179e"], [0.4444444444444444, "#bd3786"], [0.5555555555555556, "#d8576b"], [0.6666666666666666, "#ed7953"], [0.7777777777777778, "#fb9f3a"], [0.8888888888888888, "#fdca26"], [1.0, "#f0f921"]]}], "contourcarpet": [{"type": "contourcarpet", "colorbar": {"outlinewidth": 0, "ticks": ""}}], "contour": [{"type": "contour", "colorbar": {"outlinewidth": 0, "ticks": ""}, "colorscale": [[0.0, "#0d0887"], [0.1111111111111111, "#46039f"], [0.2222222222222222, "#7201a8"], [0.3333333333333333, "#9c179e"], [0.4444444444444444, "#bd3786"], [0.5555555555555556, "#d8576b"], [0.6666666666666666, "#ed7953"], [0.7777777777777778, "#fb9f3a"], [0.8888888888888888, "#fdca26"], [1.0, "#f0f921"]]}], "surface": [{"type": "surface", "colorbar": {"outlinewidth": 0, "ticks": ""}, "colorscale": [[0.0, "#0d0887"], [0.1111111111111111, "#46039f"], [0.2222222222222222, "#7201a8"], [0.3333333333333333, "#9c179e"], [0.4444444444444444, "#bd3786"], [0.5555555555555556, "#d8576b"], [0.6666666666666666, "#ed7953"], [0.7777777777777778, "#fb9f3a"], [0.8888888888888888, "#fdca26"], [1.0, "#f0f921"]]}], "mesh3d": [{"type": "mesh3d", "colorbar": {"outlinewidth": 0, "ticks": ""}}], "scatter": [{"fillpattern": {"fillmode": "overlay", "size": 10, "solidity": 0.2}, "type": "scatter"}], "parcoords": [{"type": "parcoords", "line": {"colorbar": {"outlinewidth": 0, "ticks": ""}}}], "scatterpolargl": [{"type": "scatterpolargl", "marker": {"colorbar": {"outlinewidth": 0, "ticks": ""}}}], "bar": [{"error_x": {"color": "#2a3f5f"}, "error_y": {"color": "#2a3f5f"}, "marker": {"line": {"color": "#E5ECF6", "width": 0.5}, "pattern": {"fillmode": "overlay", "size": 10, "solidity": 0.2}}, "type": "bar"}], "scattergeo": [{"type": "scattergeo", "marker": {"colorbar": {"outlinewidth": 0, "ticks": ""}}}], "scatterpolar": [{"type": "scatterpolar", "marker": {"colorbar": {"outlinewidth": 0, "ticks": ""}}}], "histogram": [{"marker": {"pattern": {"fillmode": "overlay", "size": 10, "solidity": 0.2}}, "type": "histogram"}], "scattergl": [{"type": "scattergl", "marker": {"colorbar": {"outlinewidth": 0, "ticks": ""}}}], "scatter3d": [{"type": "scatter3d", "line": {"colorbar": {"outlinewidth": 0, "ticks": ""}}, "marker": {"colorbar": {"outlinewidth": 0, "ticks": ""}}}], "scattermapbox": [{"type": "scattermapbox", "marker": {"colorbar": {"outlinewidth": 0, "ticks": ""}}}], "scatterternary": [{"type": "scatterternary", "marker": {"colorbar": {"outlinewidth": 0, "ticks": ""}}}], "scattercarpet": [{"type": "scattercarpet", "marker": {"colorbar": {"outlinewidth": 0, "ticks": ""}}}], "carpet": [{"aaxis": {"endlinecolor": "#2a3f5f", "gridcolor": "white", "linecolor": "white", "minorgridcolor": "white", "startlinecolor": "#2a3f5f"}, "baxis": {"endlinecolor": "#2a3f5f", "gridcolor": "white", "linecolor": "white", "minorgridcolor": "white", "startlinecolor": "#2a3f5f"}, "type": "carpet"}], "table": [{"cells": {"fill": {"color": "#EBF0F8"}, "line": {"color": "white"}}, "header": {"fill": {"color": "#C8D4E3"}, "line": {"color": "white"}}, "type": "table"}], "barpolar": [{"marker": {"line": {"color": "#E5ECF6", "width": 0.5}, "pattern": {"fillmode": "overlay", "size": 10, "solidity": 0.2}}, "type": "barpolar"}], "pie": [{"automargin": true, "type": "pie"}]}, "layout": {"autotypenumbers": "strict", "colorway": ["#636efa", "#EF553B", "#00cc96", "#ab63fa", "#FFA15A", "#19d3f3", "#FF6692", "#B6E880", "#FF97FF", "#FECB52"], "font": {"color": "#2a3f5f"}, "hovermode": "closest", "hoverlabel": {"align": "left"}, "paper_bgcolor": "white", "plot_bgcolor": "#E5ECF6", "polar": {"bgcolor": "#E5ECF6", "angularaxis": {"gridcolor": "white", "linecolor": "white", "ticks": ""}, "radialaxis": {"gridcolor": "white", "linecolor": "white", "ticks": ""}}, "ternary": {"bgcolor": "#E5ECF6", "aaxis": {"gridcolor": "white", "linecolor": "white", "ticks": ""}, "baxis": {"gridcolor": "white", "linecolor": "white", "ticks": ""}, "caxis": {"gridcolor": "white", "linecolor": "white", "ticks": ""}}, "coloraxis": {"colorbar": {"outlinewidth": 0, "ticks": ""}}, "colorscale": {"sequential": [[0.0, "#0d0887"], [0.1111111111111111, "#46039f"], [0.2222222222222222, "#7201a8"], [0.3333333333333333, "#9c179e"], [0.4444444444444444, "#bd3786"], [0.5555555555555556, "#d8576b"], [0.6666666666666666, "#ed7953"], [0.7777777777777778, "#fb9f3a"], [0.8888888888888888, "#fdca26"], [1.0, "#f0f921"]], "sequentialminus": [[0.0, "#0d0887"], [0.1111111111111111, "#46039f"], [0.2222222222222222, "#7201a8"], [0.3333333333333333, "#9c179e"], [0.4444444444444444, "#bd3786"], [0.5555555555555556, "#d8576b"], [0.6666666666666666, "#ed7953"], [0.7777777777777778, "#fb9f3a"], [0.8888888888888888, "#fdca26"], [1.0, "#f0f921"]], "diverging": [[0, "#8e0152"], [0.1, "#c51b7d"], [0.2, "#de77ae"], [0.3, "#f1b6da"], [0.4, "#fde0ef"], [0.5, "#f7f7f7"], [0.6, "#e6f5d0"], [0.7, "#b8e186"], [0.8, "#7fbc41"], [0.9, "#4d9221"], [1, "#276419"]]}, "xaxis": {"gridcolor": "white", "linecolor": "white", "ticks": "", "title": {"standoff": 15}, "zerolinecolor": "white", "automargin": true, "zerolinewidth": 2}, "yaxis": {"gridcolor": "white", "linecolor": "white", "ticks": "", "title": {"standoff": 15}, "zerolinecolor": "white", "automargin": true, "zerolinewidth": 2}, "scene": {"xaxis": {"backgroundcolor": "#E5ECF6", "gridcolor": "white", "linecolor": "white", "showbackground": true, "ticks": "", "zerolinecolor": "white", "gridwidth": 2}, "yaxis": {"backgroundcolor": "#E5ECF6", "gridcolor": "white", "linecolor": "white", "showbackground": true, "ticks": "", "zerolinecolor": "white", "gridwidth": 2}, "zaxis": {"backgroundcolor": "#E5ECF6", "gridcolor": "white", "linecolor": "white", "showbackground": true, "ticks": "", "zerolinecolor": "white", "gridwidth": 2}}, "shapedefaults": {"line": {"color": "#2a3f5f"}}, "annotationdefaults": {"arrowcolor": "#2a3f5f", "arrowhead": 0, "arrowwidth": 1}, "geo": {"bgcolor": "white", "landcolor": "#E5ECF6", "subunitcolor": "white", "showland": true, "showlakes": true, "lakecolor": "white"}, "title": {"x": 0.05}, "mapbox": {"style": "light"}}}}}