{"data": [{"z": [[2.6182701587677, -0.334040105342865, -0.8900378346443176, 0.20248451828956604, 0.2349763661623001, 3.098820209503174, -1.0442392826080322, -0.5633887052536011, -1.377294659614563, 1.1960256099700928, 1.0479124784469604, 2.7383482456207275, 2.1901729106903076, -1.9821879863739014, 3.069291353225708, -1.88369619846344, -1.7234930992126465, -2.287339448928833, 1.8186063766479492, 1.0890960693359375, 1.1807641983032227], [-0.334040105342865, 1.6921926736831665, -0.37967202067375183, -1.1666007041931152, 0.40164613723754883, 1.2090542316436768, -2.7425146102905273, -0.43164247274398804, 1.432790994644165, -1.5779013633728027, -0.006679251324385405, -0.1255546361207962, -0.04526049271225929, 0.4021535813808441, 1.3451781272888184, 1.3592015504837036, -1.3941744565963745, 0.43938395380973816, -0.5297736525535583, -1.0910887718200684, -0.41907793283462524], [-0.8900378346443176, -0.37967202067375183, 0.7571215033531189, 1.6419098377227783, 0.7507469058036804, -0.519847571849823, 2.1408650875091553, 0.1622428297996521, 0.8253714442253113, 1.11757230758667, -0.22968915104866028, -0.67050701379776, -0.5536038279533386, 1.2004910707473755, -2.151947498321533, -0.054588258266448975, 1.0660631656646729, 1.0165027379989624, -0.34348243474960327, 0.7178255319595337, -0.19541144371032715], [0.20248451828956604, -1.1666007041931152, 1.6419098377227783, 7.0469231605529785, 4.222712516784668, 3.798151969909668, 5.894595146179199, -0.6583793759346008, 2.3610925674438477, 6.016051769256592, 0.356762170791626, 0.9084300994873047, 0.8912420868873596, 2.5328452587127686, -3.9913201332092285, -2.9175281524658203, 0.9622241854667664, 1.1844573020935059, 0.5830720067024231, 4.051506519317627, 0.5471433401107788], [0.2349763661623001, 0.40164613723754883, 0.7507469058036804, 4.222712516784668, 3.504516363143921, 4.112514972686768, 1.8083993196487427, -1.0126579999923706, 2.6086678504943848, 3.2337377071380615, 0.02430018223822117, 0.31314003467559814, 0.6065607070922852, 2.048788070678711, -1.7773833274841309, -1.6539639234542847, -0.6011012196540833, 1.0527923107147217, -0.32077670097351074, 1.9020568132400513, -0.05566061660647392], [3.098820209503174, 1.2090542316436768, -0.519847571849823, 3.798151969909668, 4.112514972686768, 8.73705768585205, -1.1372599601745605, -1.9291353225708008, 2.086458444595337, 3.6975595951080322, 1.494386076927185, 3.8611772060394287, 3.3691039085388184, -0.04706748202443123, 2.9327452182769775, -2.7654318809509277, -3.628697633743286, -1.4059442281723022, 1.8166086673736572, 2.708296298980713, 1.227712631225586], [-1.0442392826080322, -2.7425146102905273, 2.1408650875091553, 5.894595146179199, 1.8083993196487427, -1.1372599601745605, 8.376544952392578, 0.7331671714782715, 0.4958173334598541, 5.274815082550049, 0.25433218479156494, 0.1578962355852127, -0.1942039281129837, 1.9939266443252563, -5.599954605102539, -1.8662160634994507, 3.5045852661132812, 1.2928948402404785, 0.989315390586853, 3.942568063735962, 0.6881386041641235], [-0.5633887052536011, -0.43164247274398804, 0.1622428297996521, -0.6583793759346008, -1.0126579999923706, -1.9291353225708008, 0.7331671714782715, 0.5741406083106995, -0.597919762134552, -0.5144623517990112, 0.08526504784822464, -0.11661429703235626, -0.35836145281791687, -0.24422766268253326, -0.3645178973674774, 0.7455403208732605, 0.8769055008888245, 0.03945845738053322, 0.3035135269165039, -0.0838940367102623, 0.1041242778301239], [-1.377294659614563, 1.432790994644165, 0.8253714442253113, 2.3610925674438477, 2.6086678504943848, 2.086458444595337, 0.4958173334598541, -0.597919762134552, 3.4663915634155273, 0.9262417554855347, -0.24871845543384552, -0.7959000468254089, -0.49220940470695496, 2.6420676708221436, -1.8994172811508179, 0.7859112620353699, -0.3341728448867798, 2.092841386795044, -1.0391508340835571, 0.4806777238845825, -0.6723288893699646], [1.1960256099700928, -1.5779013633728027, 1.11757230758667, 6.016051769256592, 3.2337377071380615, 3.6975595951080322, 5.274815082550049, -0.5144623517990112, 0.9262417554855347, 5.716036796569824, 0.8439224362373352, 2.041609287261963, 1.6454371213912964, 1.0819951295852661, -2.327672004699707, -3.2352185249328613, 0.5956652760505676, -0.09882105886936188, 1.5709964036941528, 4.108639717102051, 1.1319371461868286], [1.0479124784469604, -0.006679251324385405, -0.22968915104866028, 0.356762170791626, 0.02430018223822117, 1.494386076927185, 0.25433218479156494, 0.08526504784822464, -0.24871845543384552, 0.8439224362373352, 1.5424041748046875, 2.972813129425049, 1.809607744216919, -1.144034504890442, 2.1523144245147705, 0.22145256400108337, -0.7878709435462952, -1.3086638450622559, 2.4429948329925537, 1.552207589149475, 1.3236602544784546], [2.7383482456207275, -0.1255546361207962, -0.67050701379776, 0.9084300994873047, 0.31314003467559814, 3.8611772060394287, 0.1578962355852127, -0.11661429703235626, -0.7959000468254089, 2.041609287261963, 2.972813129425049, 6.010471820831299, 3.8742029666900635, -2.541970729827881, 4.634657859802246, -0.42409512400627136, -1.9789153337478638, -2.984428882598877, 4.7518086433410645, 3.113534688949585, 2.6541616916656494], [2.1901729106903076, -0.04526049271225929, -0.5536038279533386, 0.8912420868873596, 0.6065607070922852, 3.3691039085388184, -0.1942039281129837, -0.35836145281791687, -0.49220940470695496, 1.6454371213912964, 1.809607744216919, 3.8742029666900635, 2.673274278640747, -1.6568472385406494, 3.1495859622955322, -0.904604971408844, -1.6520730257034302, -2.072514533996582, 2.875948190689087, 2.0326454639434814, 1.6647443771362305], [-1.9821879863739014, 0.4021535813808441, 1.2004910707473755, 2.5328452587127686, 2.048788070678711, -0.04706748202443123, 1.9939266443252563, -0.24422766268253326, 2.6420676708221436, 1.0819951295852661, -1.144034504890442, -2.541970729827881, -1.6568472385406494, 3.012608289718628, -3.9836905002593994, 0.15137016773223877, 1.1363215446472168, 2.634226083755493, -2.12644624710083, 0.08891129493713379, -1.2087197303771973], [3.069291353225708, 1.3451781272888184, -2.151947498321533, -3.9913201332092285, -1.7773833274841309, 2.9327452182769775, -5.599954605102539, -0.3645178973674774, -1.8994172811508179, -2.327672004699707, 2.1523144245147705, 4.634657859802246, 3.1495859622955322, -3.9836905002593994, 7.750369071960449, 0.828905463218689, -3.6854515075683594, -3.6692380905151367, 3.229717969894409, -0.44827526807785034, 1.7280924320220947], [-1.88369619846344, 1.3592015504837036, -0.054588258266448975, -2.9175281524658203, -1.6539639234542847, -2.7654318809509277, -1.8662160634994507, 0.7455403208732605, 0.7859112620353699, -3.2352185249328613, 0.22145256400108337, -0.42409512400627136, -0.904604971408844, 0.15137016773223877, 0.828905463218689, 3.679656982421875, 0.1770298033952713, 0.8262752890586853, 0.0017176135443150997, -1.5704752206802368, -0.3298097550868988], [-1.7234930992126465, -1.3941744565963745, 1.0660631656646729, 0.9622241854667664, -0.6011012196540833, -3.628697633743286, 3.5045852661132812, 0.8769055008888245, -0.3341728448867798, 0.5956652760505676, -0.7878709435462952, -1.9789153337478638, -1.6520730257034302, 1.1363215446472168, -3.6854515075683594, 0.1770298033952713, 2.7145628929138184, 1.344124436378479, -0.8632724285125732, 0.22878816723823547, -0.4940008819103241], [-2.287339448928833, 0.43938395380973816, 1.0165027379989624, 1.1844573020935059, 1.0527923107147217, -1.4059442281723022, 1.2928948402404785, 0.03945845738053322, 2.092841386795044, -0.09882105886936188, -1.3086638450622559, -2.984428882598877, -2.072514533996582, 2.634226083755493, -3.6692380905151367, 0.8262752890586853, 1.344124436378479, 2.57417631149292, -2.3332931995391846, -0.7080571055412292, -1.3761261701583862], [1.8186063766479492, -0.5297736525535583, -0.34348243474960327, 0.5830720067024231, -0.32077670097351074, 1.8166086673736572, 0.989315390586853, 0.3035135269165039, -1.0391508340835571, 1.5709964036941528, 2.4429948329925537, 4.7518086433410645, 2.875948190689087, -2.12644624710083, 3.229717969894409, 0.0017176135443150997, -0.8632724285125732, -2.3332931995391846, 4.0484418869018555, 2.627794027328491, 2.230435848236084], [1.0890960693359375, -1.0910887718200684, 0.7178255319595337, 4.051506519317627, 1.9020568132400513, 2.708296298980713, 3.942568063735962, -0.0838940367102623, 0.4806777238845825, 4.108639717102051, 1.552207589149475, 3.113534688949585, 2.0326454639434814, 0.08891129493713379, -0.44827526807785034, -1.5704752206802368, 0.22878816723823547, -0.7080571055412292, 2.627794027328491, 3.666562795639038, 1.5707635879516602], [1.1807641983032227, -0.41907793283462524, -0.19541144371032715, 0.5471433401107788, -0.05566061660647392, 1.227712631225586, 0.6881386041641235, 0.1041242778301239, -0.6723288893699646, 1.1319371461868286, 1.3236602544784546, 2.6541616916656494, 1.6647443771362305, -1.2087197303771973, 1.7280924320220947, -0.3298097550868988, -0.4940008819103241, -1.3761261701583862, 2.230435848236084, 1.5707635879516602, 1.2588680982589722]], "type": "heatmap"}], "layout": {"template": {"data": {"histogram2dcontour": [{"type": "histogram2dcontour", "colorbar": {"outlinewidth": 0, "ticks": ""}, "colorscale": [[0.0, "#0d0887"], [0.1111111111111111, "#46039f"], [0.2222222222222222, "#7201a8"], [0.3333333333333333, "#9c179e"], [0.4444444444444444, "#bd3786"], [0.5555555555555556, "#d8576b"], [0.6666666666666666, "#ed7953"], [0.7777777777777778, "#fb9f3a"], [0.8888888888888888, "#fdca26"], [1.0, "#f0f921"]]}], "choropleth": [{"type": "choropleth", "colorbar": {"outlinewidth": 0, "ticks": ""}}], "histogram2d": [{"type": "histogram2d", "colorbar": {"outlinewidth": 0, "ticks": ""}, "colorscale": [[0.0, "#0d0887"], [0.1111111111111111, "#46039f"], [0.2222222222222222, "#7201a8"], [0.3333333333333333, "#9c179e"], [0.4444444444444444, "#bd3786"], [0.5555555555555556, "#d8576b"], [0.6666666666666666, "#ed7953"], [0.7777777777777778, "#fb9f3a"], [0.8888888888888888, "#fdca26"], [1.0, "#f0f921"]]}], "heatmap": [{"type": "heatmap", "colorbar": {"outlinewidth": 0, "ticks": ""}, "colorscale": [[0.0, "#0d0887"], [0.1111111111111111, "#46039f"], [0.2222222222222222, "#7201a8"], [0.3333333333333333, "#9c179e"], [0.4444444444444444, "#bd3786"], [0.5555555555555556, "#d8576b"], [0.6666666666666666, "#ed7953"], [0.7777777777777778, "#fb9f3a"], [0.8888888888888888, "#fdca26"], [1.0, "#f0f921"]]}], "heatmapgl": [{"type": "heatmapgl", "colorbar": {"outlinewidth": 0, "ticks": ""}, "colorscale": [[0.0, "#0d0887"], [0.1111111111111111, "#46039f"], [0.2222222222222222, "#7201a8"], [0.3333333333333333, "#9c179e"], [0.4444444444444444, "#bd3786"], [0.5555555555555556, "#d8576b"], [0.6666666666666666, "#ed7953"], [0.7777777777777778, "#fb9f3a"], [0.8888888888888888, "#fdca26"], [1.0, "#f0f921"]]}], "contourcarpet": [{"type": "contourcarpet", "colorbar": {"outlinewidth": 0, "ticks": ""}}], "contour": [{"type": "contour", "colorbar": {"outlinewidth": 0, "ticks": ""}, "colorscale": [[0.0, "#0d0887"], [0.1111111111111111, "#46039f"], [0.2222222222222222, "#7201a8"], [0.3333333333333333, "#9c179e"], [0.4444444444444444, "#bd3786"], [0.5555555555555556, "#d8576b"], [0.6666666666666666, "#ed7953"], [0.7777777777777778, "#fb9f3a"], [0.8888888888888888, "#fdca26"], [1.0, "#f0f921"]]}], "surface": [{"type": "surface", "colorbar": {"outlinewidth": 0, "ticks": ""}, "colorscale": [[0.0, "#0d0887"], [0.1111111111111111, "#46039f"], [0.2222222222222222, "#7201a8"], [0.3333333333333333, "#9c179e"], [0.4444444444444444, "#bd3786"], [0.5555555555555556, "#d8576b"], [0.6666666666666666, "#ed7953"], [0.7777777777777778, "#fb9f3a"], [0.8888888888888888, "#fdca26"], [1.0, "#f0f921"]]}], "mesh3d": [{"type": "mesh3d", "colorbar": {"outlinewidth": 0, "ticks": ""}}], "scatter": [{"fillpattern": {"fillmode": "overlay", "size": 10, "solidity": 0.2}, "type": "scatter"}], "parcoords": [{"type": "parcoords", "line": {"colorbar": {"outlinewidth": 0, "ticks": ""}}}], "scatterpolargl": [{"type": "scatterpolargl", "marker": {"colorbar": {"outlinewidth": 0, "ticks": ""}}}], "bar": [{"error_x": {"color": "#2a3f5f"}, "error_y": {"color": "#2a3f5f"}, "marker": {"line": {"color": "#E5ECF6", "width": 0.5}, "pattern": {"fillmode": "overlay", "size": 10, "solidity": 0.2}}, "type": "bar"}], "scattergeo": [{"type": "scattergeo", "marker": {"colorbar": {"outlinewidth": 0, "ticks": ""}}}], "scatterpolar": [{"type": "scatterpolar", "marker": {"colorbar": {"outlinewidth": 0, "ticks": ""}}}], "histogram": [{"marker": {"pattern": {"fillmode": "overlay", "size": 10, "solidity": 0.2}}, "type": "histogram"}], "scattergl": [{"type": "scattergl", "marker": {"colorbar": {"outlinewidth": 0, "ticks": ""}}}], "scatter3d": [{"type": "scatter3d", "line": {"colorbar": {"outlinewidth": 0, "ticks": ""}}, "marker": {"colorbar": {"outlinewidth": 0, "ticks": ""}}}], "scattermapbox": [{"type": "scattermapbox", "marker": {"colorbar": {"outlinewidth": 0, "ticks": ""}}}], "scatterternary": [{"type": "scatterternary", "marker": {"colorbar": {"outlinewidth": 0, "ticks": ""}}}], "scattercarpet": [{"type": "scattercarpet", "marker": {"colorbar": {"outlinewidth": 0, "ticks": ""}}}], "carpet": [{"aaxis": {"endlinecolor": "#2a3f5f", "gridcolor": "white", "linecolor": "white", "minorgridcolor": "white", "startlinecolor": "#2a3f5f"}, "baxis": {"endlinecolor": "#2a3f5f", "gridcolor": "white", "linecolor": "white", "minorgridcolor": "white", "startlinecolor": "#2a3f5f"}, "type": "carpet"}], "table": [{"cells": {"fill": {"color": "#EBF0F8"}, "line": {"color": "white"}}, "header": {"fill": {"color": "#C8D4E3"}, "line": {"color": "white"}}, "type": "table"}], "barpolar": [{"marker": {"line": {"color": "#E5ECF6", "width": 0.5}, "pattern": {"fillmode": "overlay", "size": 10, "solidity": 0.2}}, "type": "barpolar"}], "pie": [{"automargin": true, "type": "pie"}]}, "layout": {"autotypenumbers": "strict", "colorway": ["#636efa", "#EF553B", "#00cc96", "#ab63fa", "#FFA15A", "#19d3f3", "#FF6692", "#B6E880", "#FF97FF", "#FECB52"], "font": {"color": "#2a3f5f"}, "hovermode": "closest", "hoverlabel": {"align": "left"}, "paper_bgcolor": "white", "plot_bgcolor": "#E5ECF6", "polar": {"bgcolor": "#E5ECF6", "angularaxis": {"gridcolor": "white", "linecolor": "white", "ticks": ""}, "radialaxis": {"gridcolor": "white", "linecolor": "white", "ticks": ""}}, "ternary": {"bgcolor": "#E5ECF6", "aaxis": {"gridcolor": "white", "linecolor": "white", "ticks": ""}, "baxis": {"gridcolor": "white", "linecolor": "white", "ticks": ""}, "caxis": {"gridcolor": "white", "linecolor": "white", "ticks": ""}}, "coloraxis": {"colorbar": {"outlinewidth": 0, "ticks": ""}}, "colorscale": {"sequential": [[0.0, "#0d0887"], [0.1111111111111111, "#46039f"], [0.2222222222222222, "#7201a8"], [0.3333333333333333, "#9c179e"], [0.4444444444444444, "#bd3786"], [0.5555555555555556, "#d8576b"], [0.6666666666666666, "#ed7953"], [0.7777777777777778, "#fb9f3a"], [0.8888888888888888, "#fdca26"], [1.0, "#f0f921"]], "sequentialminus": [[0.0, "#0d0887"], [0.1111111111111111, "#46039f"], [0.2222222222222222, "#7201a8"], [0.3333333333333333, "#9c179e"], [0.4444444444444444, "#bd3786"], [0.5555555555555556, "#d8576b"], [0.6666666666666666, "#ed7953"], [0.7777777777777778, "#fb9f3a"], [0.8888888888888888, "#fdca26"], [1.0, "#f0f921"]], "diverging": [[0, "#8e0152"], [0.1, "#c51b7d"], [0.2, "#de77ae"], [0.3, "#f1b6da"], [0.4, "#fde0ef"], [0.5, "#f7f7f7"], [0.6, "#e6f5d0"], [0.7, "#b8e186"], [0.8, "#7fbc41"], [0.9, "#4d9221"], [1, "#276419"]]}, "xaxis": {"gridcolor": "white", "linecolor": "white", "ticks": "", "title": {"standoff": 15}, "zerolinecolor": "white", "automargin": true, "zerolinewidth": 2}, "yaxis": {"gridcolor": "white", "linecolor": "white", "ticks": "", "title": {"standoff": 15}, "zerolinecolor": "white", "automargin": true, "zerolinewidth": 2}, "scene": {"xaxis": {"backgroundcolor": "#E5ECF6", "gridcolor": "white", "linecolor": "white", "showbackground": true, "ticks": "", "zerolinecolor": "white", "gridwidth": 2}, "yaxis": {"backgroundcolor": "#E5ECF6", "gridcolor": "white", "linecolor": "white", "showbackground": true, "ticks": "", "zerolinecolor": "white", "gridwidth": 2}, "zaxis": {"backgroundcolor": "#E5ECF6", "gridcolor": "white", "linecolor": "white", "showbackground": true, "ticks": "", "zerolinecolor": "white", "gridwidth": 2}}, "shapedefaults": {"line": {"color": "#2a3f5f"}}, "annotationdefaults": {"arrowcolor": "#2a3f5f", "arrowhead": 0, "arrowwidth": 1}, "geo": {"bgcolor": "white", "landcolor": "#E5ECF6", "subunitcolor": "white", "showland": true, "showlakes": true, "lakecolor": "white"}, "title": {"x": 0.05}, "mapbox": {"style": "light"}}}}}