{"data": [{"z": [[2.670238733291626, -0.36960986256599426, -0.8926745057106018, 0.1458706557750702, 0.17109818756580353, 3.051508665084839, -1.1650630235671997, -0.5272086262702942, -1.515642523765564, 1.1430116891860962, 0.9448584318161011, 2.6474740505218506, 2.1819729804992676, -2.014432430267334, 3.090824604034424, -1.9174668788909912, -1.6710935831069946, -2.282412528991699, 1.6486636400222778, 1.0003458261489868, 1.149637222290039], [-0.36960986256599426, 1.6824756860733032, -0.4191601574420929, -1.2496923208236694, 0.36381644010543823, 1.128038763999939, -2.7322351932525635, -0.4674724340438843, 1.4454489946365356, -1.6295114755630493, 0.005463767796754837, -0.17695388197898865, -0.11919771134853363, 0.3788537085056305, 1.309108018875122, 1.325210690498352, -1.4241814613342285, 0.41152241826057434, -0.4967176914215088, -1.1378884315490723, -0.4487413167953491], [-0.8926745057106018, -0.4191601574420929, 0.7199572920799255, 1.5715055465698242, 0.7018618583679199, -0.5865249633789062, 2.106708288192749, 0.14567910134792328, 0.7790276408195496, 1.0742130279541016, -0.26031774282455444, -0.7219080328941345, -0.6038915514945984, 1.15940260887146, -2.175405502319336, -0.10771056264638901, 1.0606223344802856, 0.9838701486587524, -0.3690885007381439, 0.6697999238967896, -0.221933051943779], [0.1458706557750702, -1.2496923208236694, 1.5715055465698242, 7.0291266441345215, 4.209836006164551, 3.777334690093994, 5.867099761962891, -0.7055076360702515, 2.4160525798797607, 6.020383834838867, 0.3671846091747284, 0.9921591281890869, 0.8516620993614197, 2.471052408218384, -4.05633020401001, -2.9700727462768555, 0.9179191589355469, 1.1176906824111938, 0.6211826801300049, 4.106856346130371, 0.5464962124824524], [0.17109818756580353, 0.36381644010543823, 0.7018618583679199, 4.209836006164551, 3.5088937282562256, 4.094438076019287, 1.8223141431808472, -1.059266448020935, 2.691683530807495, 3.2375874519348145, 0.05803145468235016, 0.37691307067871094, 0.565345287322998, 2.021221876144409, -1.8342161178588867, -1.6760287284851074, -0.6491581797599792, 1.011186122894287, -0.24540618062019348, 1.9476572275161743, -0.05646264925599098], [3.051508665084839, 1.128038763999939, -0.5865249633789062, 3.777334690093994, 4.094438076019287, 8.709104537963867, -1.1554676294326782, -1.9741932153701782, 2.129469633102417, 3.705451488494873, 1.5093040466308594, 3.9359819889068604, 3.3286006450653076, -0.11014258861541748, 2.872190237045288, -2.8274900913238525, -3.6679420471191406, -1.4732081890106201, 1.8435364961624146, 2.7549703121185303, 1.225745677947998], [-1.1650630235671997, -2.7322351932525635, 2.106708288192749, 5.867099761962891, 1.8223141431808472, -1.1554676294326782, 8.291759490966797, 0.7088562846183777, 0.6436527371406555, 5.210386753082275, 0.25901293754577637, 0.20270968973636627, -0.24531473219394684, 2.014516830444336, -5.6596198081970215, -1.776917576789856, 3.4672062397003174, 1.3183329105377197, 0.9708664417266846, 3.959897041320801, 0.6663012504577637], [-0.5272086262702942, -0.4674724340438843, 0.14567910134792328, -0.7055076360702515, -1.059266448020935, -1.9741932153701782, 0.7088562846183777, 0.5779202580451965, -0.6856669783592224, -0.5376813411712646, 0.05092991888523102, -0.17100176215171814, -0.37631744146347046, -0.2830226421356201, -0.3598310947418213, 0.6879411339759827, 0.8927527070045471, 0.012687482871115208, 0.2559008300304413, -0.12981417775154114, 0.08908957242965698], [-1.515642523765564, 1.4454489946365356, 0.7790276408195496, 2.4160525798797607, 2.691683530807495, 2.129469633102417, 0.6436527371406555, -0.6856669783592224, 3.7385542392730713, 0.9873299598693848, -0.07662065327167511, -0.6014689207077026, -0.5186947584152222, 2.6549203395843506, -1.9757815599441528, 0.8273258209228516, -0.44920822978019714, 2.0492188930511475, -0.7673144936561584, 0.6415852904319763, -0.6318625211715698], [1.1430116891860962, -1.6295114755630493, 1.0742130279541016, 6.020383834838867, 3.2375874519348145, 3.705451488494873, 5.210386753082275, -0.5376813411712646, 0.9873299598693848, 5.713363170623779, 0.8351677656173706, 2.115643262863159, 1.6284334659576416, 1.0528103113174438, -2.3736753463745117, -3.2397263050079346, 0.5706485509872437, -0.12408661097288132, 1.550208568572998, 4.154394626617432, 1.1298375129699707], [0.9448584318161011, 0.005463767796754837, -0.26031774282455444, 0.3671846091747284, 0.05803145468235016, 1.5093040466308594, 0.25901293754577637, 0.05092991888523102, -0.07662065327167511, 0.8351677656173706, 1.6245007514953613, 3.088740587234497, 1.7919598817825317, -1.1352521181106567, 2.1141772270202637, 0.29371559619903564, -0.8442302346229553, -1.3133713006973267, 2.5125656127929688, 1.6291967630386353, 1.336890459060669], [2.6474740505218506, -0.17695388197898865, -0.7219080328941345, 0.9921591281890869, 0.37691307067871094, 3.9359819889068604, 0.20270968973636627, -0.17100176215171814, -0.6014689207077026, 2.115643262863159, 3.088740587234497, 6.2294020652771, 3.8892414569854736, -2.56830096244812, 4.571784973144531, -0.41720062494277954, -2.050513982772827, -3.0374107360839844, 4.8482794761657715, 3.2850797176361084, 2.697960138320923], [2.1819729804992676, -0.11919771134853363, -0.6038915514945984, 0.8516620993614197, 0.565345287322998, 3.3286006450653076, -0.24531473219394684, -0.37631744146347046, -0.5186947584152222, 1.6284334659576416, 1.7919598817825317, 3.8892414569854736, 2.641937494277954, -1.7189693450927734, 3.1168787479400635, -0.9680256247520447, -1.6594065427780151, -2.1231446266174316, 2.822131633758545, 2.032341957092285, 1.6523934602737427], [-2.014432430267334, 0.3788537085056305, 1.15940260887146, 2.471052408218384, 2.021221876144409, -0.11014258861541748, 2.014516830444336, -0.2830226421356201, 2.6549203395843506, 1.0528103113174438, -1.1352521181106567, -2.56830096244812, -1.7189693450927734, 2.984443426132202, -4.023804664611816, 0.1077638566493988, 1.10341215133667, 2.5968565940856934, -2.0630478858947754, 0.06667052954435349, -1.2284573316574097], [3.090824604034424, 1.309108018875122, -2.175405502319336, -4.05633020401001, -1.8342161178588867, 2.872190237045288, -5.6596198081970215, -0.3598310947418213, -1.9757815599441528, -2.3736753463745117, 2.1141772270202637, 4.571784973144531, 3.1168787479400635, -4.023804664611816, 7.747707843780518, 0.7800739407539368, -3.667417049407959, -3.6886661052703857, 3.1248791217803955, -0.5104818344116211, 1.7007362842559814], [-1.9174668788909912, 1.325210690498352, -0.10771056264638901, -2.9700727462768555, -1.6760287284851074, -2.8274900913238525, -1.776917576789856, 0.6879411339759827, 0.8273258209228516, -3.2397263050079346, 0.29371559619903564, -0.41720062494277954, -0.9680256247520447, 0.1077638566493988, 0.7800739407539368, 3.6074600219726562, 0.12474022060632706, 0.7599272727966309, 0.11272134631872177, -1.5573632717132568, -0.3357754051685333], [-1.6710935831069946, -1.4241814613342285, 1.0606223344802856, 0.9179191589355469, -0.6491581797599792, -3.6679420471191406, 3.4672062397003174, 0.8927527070045471, -0.44920822978019714, 0.5706485509872437, -0.8442302346229553, -2.050513982772827, -1.6594065427780151, 1.10341215133667, -3.667417049407959, 0.12474022060632706, 2.742894172668457, 1.32741117477417, -0.9238032102584839, 0.17006801068782806, -0.5095452070236206], [-2.282412528991699, 0.41152241826057434, 0.9838701486587524, 1.1176906824111938, 1.011186122894287, -1.4732081890106201, 1.3183329105377197, 0.012687482871115208, 2.0492188930511475, -0.12408661097288132, -1.3133713006973267, -3.0374107360839844, -2.1231446266174316, 2.5968565940856934, -3.6886661052703857, 0.7599272727966309, 1.32741117477417, 2.5317749977111816, -2.2860047817230225, -0.7491548657417297, -1.3946216106414795], [1.6486636400222778, -0.4967176914215088, -0.3690885007381439, 0.6211826801300049, -0.24540618062019348, 1.8435364961624146, 0.9708664417266846, 0.2559008300304413, -0.7673144936561584, 1.550208568572998, 2.5125656127929688, 4.8482794761657715, 2.822131633758545, -2.0630478858947754, 3.1248791217803955, 0.11272134631872177, -0.9238032102584839, -2.2860047817230225, 4.0566606521606445, 2.7073850631713867, 2.2162842750549316], [1.0003458261489868, -1.1378884315490723, 0.6697999238967896, 4.106856346130371, 1.9476572275161743, 2.7549703121185303, 3.959897041320801, -0.12981417775154114, 0.6415852904319763, 4.154394626617432, 1.6291967630386353, 3.2850797176361084, 2.032341957092285, 0.06667052954435349, -0.5104818344116211, -1.5573632717132568, 0.17006801068782806, -0.7491548657417297, 2.7073850631713867, 3.7983899116516113, 1.5996559858322144], [1.149637222290039, -0.4487413167953491, -0.221933051943779, 0.5464962124824524, -0.05646264925599098, 1.225745677947998, 0.6663012504577637, 0.08908957242965698, -0.6318625211715698, 1.1298375129699707, 1.336890459060669, 2.697960138320923, 1.6523934602737427, -1.2284573316574097, 1.7007362842559814, -0.3357754051685333, -0.5095452070236206, -1.3946216106414795, 2.2162842750549316, 1.5996559858322144, 1.2588680982589722]], "type": "heatmap"}], "layout": {"template": {"data": {"histogram2dcontour": [{"type": "histogram2dcontour", "colorbar": {"outlinewidth": 0, "ticks": ""}, "colorscale": [[0.0, "#0d0887"], [0.1111111111111111, "#46039f"], [0.2222222222222222, "#7201a8"], [0.3333333333333333, "#9c179e"], [0.4444444444444444, "#bd3786"], [0.5555555555555556, "#d8576b"], [0.6666666666666666, "#ed7953"], [0.7777777777777778, "#fb9f3a"], [0.8888888888888888, "#fdca26"], [1.0, "#f0f921"]]}], "choropleth": [{"type": "choropleth", "colorbar": {"outlinewidth": 0, "ticks": ""}}], "histogram2d": [{"type": "histogram2d", "colorbar": {"outlinewidth": 0, "ticks": ""}, "colorscale": [[0.0, "#0d0887"], [0.1111111111111111, "#46039f"], [0.2222222222222222, "#7201a8"], [0.3333333333333333, "#9c179e"], [0.4444444444444444, "#bd3786"], [0.5555555555555556, "#d8576b"], [0.6666666666666666, "#ed7953"], [0.7777777777777778, "#fb9f3a"], [0.8888888888888888, "#fdca26"], [1.0, "#f0f921"]]}], "heatmap": [{"type": "heatmap", "colorbar": {"outlinewidth": 0, "ticks": ""}, "colorscale": [[0.0, "#0d0887"], [0.1111111111111111, "#46039f"], [0.2222222222222222, "#7201a8"], [0.3333333333333333, "#9c179e"], [0.4444444444444444, "#bd3786"], [0.5555555555555556, "#d8576b"], [0.6666666666666666, "#ed7953"], [0.7777777777777778, "#fb9f3a"], [0.8888888888888888, "#fdca26"], [1.0, "#f0f921"]]}], "heatmapgl": [{"type": "heatmapgl", "colorbar": {"outlinewidth": 0, "ticks": ""}, "colorscale": [[0.0, "#0d0887"], [0.1111111111111111, "#46039f"], [0.2222222222222222, "#7201a8"], [0.3333333333333333, "#9c179e"], [0.4444444444444444, "#bd3786"], [0.5555555555555556, "#d8576b"], [0.6666666666666666, "#ed7953"], [0.7777777777777778, "#fb9f3a"], [0.8888888888888888, "#fdca26"], [1.0, "#f0f921"]]}], "contourcarpet": [{"type": "contourcarpet", "colorbar": {"outlinewidth": 0, "ticks": ""}}], "contour": [{"type": "contour", "colorbar": {"outlinewidth": 0, "ticks": ""}, "colorscale": [[0.0, "#0d0887"], [0.1111111111111111, "#46039f"], [0.2222222222222222, "#7201a8"], [0.3333333333333333, "#9c179e"], [0.4444444444444444, "#bd3786"], [0.5555555555555556, "#d8576b"], [0.6666666666666666, "#ed7953"], [0.7777777777777778, "#fb9f3a"], [0.8888888888888888, "#fdca26"], [1.0, "#f0f921"]]}], "surface": [{"type": "surface", "colorbar": {"outlinewidth": 0, "ticks": ""}, "colorscale": [[0.0, "#0d0887"], [0.1111111111111111, "#46039f"], [0.2222222222222222, "#7201a8"], [0.3333333333333333, "#9c179e"], [0.4444444444444444, "#bd3786"], [0.5555555555555556, "#d8576b"], [0.6666666666666666, "#ed7953"], [0.7777777777777778, "#fb9f3a"], [0.8888888888888888, "#fdca26"], [1.0, "#f0f921"]]}], "mesh3d": [{"type": "mesh3d", "colorbar": {"outlinewidth": 0, "ticks": ""}}], "scatter": [{"fillpattern": {"fillmode": "overlay", "size": 10, "solidity": 0.2}, "type": "scatter"}], "parcoords": [{"type": "parcoords", "line": {"colorbar": {"outlinewidth": 0, "ticks": ""}}}], "scatterpolargl": [{"type": "scatterpolargl", "marker": {"colorbar": {"outlinewidth": 0, "ticks": ""}}}], "bar": [{"error_x": {"color": "#2a3f5f"}, "error_y": {"color": "#2a3f5f"}, "marker": {"line": {"color": "#E5ECF6", "width": 0.5}, "pattern": {"fillmode": "overlay", "size": 10, "solidity": 0.2}}, "type": "bar"}], "scattergeo": [{"type": "scattergeo", "marker": {"colorbar": {"outlinewidth": 0, "ticks": ""}}}], "scatterpolar": [{"type": "scatterpolar", "marker": {"colorbar": {"outlinewidth": 0, "ticks": ""}}}], "histogram": [{"marker": {"pattern": {"fillmode": "overlay", "size": 10, "solidity": 0.2}}, "type": "histogram"}], "scattergl": [{"type": "scattergl", "marker": {"colorbar": {"outlinewidth": 0, "ticks": ""}}}], "scatter3d": [{"type": "scatter3d", "line": {"colorbar": {"outlinewidth": 0, "ticks": ""}}, "marker": {"colorbar": {"outlinewidth": 0, "ticks": ""}}}], "scattermapbox": [{"type": "scattermapbox", "marker": {"colorbar": {"outlinewidth": 0, "ticks": ""}}}], "scatterternary": [{"type": "scatterternary", "marker": {"colorbar": {"outlinewidth": 0, "ticks": ""}}}], "scattercarpet": [{"type": "scattercarpet", "marker": {"colorbar": {"outlinewidth": 0, "ticks": ""}}}], "carpet": [{"aaxis": {"endlinecolor": "#2a3f5f", "gridcolor": "white", "linecolor": "white", "minorgridcolor": "white", "startlinecolor": "#2a3f5f"}, "baxis": {"endlinecolor": "#2a3f5f", "gridcolor": "white", "linecolor": "white", "minorgridcolor": "white", "startlinecolor": "#2a3f5f"}, "type": "carpet"}], "table": [{"cells": {"fill": {"color": "#EBF0F8"}, "line": {"color": "white"}}, "header": {"fill": {"color": "#C8D4E3"}, "line": {"color": "white"}}, "type": "table"}], "barpolar": [{"marker": {"line": {"color": "#E5ECF6", "width": 0.5}, "pattern": {"fillmode": "overlay", "size": 10, "solidity": 0.2}}, "type": "barpolar"}], "pie": [{"automargin": true, "type": "pie"}]}, "layout": {"autotypenumbers": "strict", "colorway": ["#636efa", "#EF553B", "#00cc96", "#ab63fa", "#FFA15A", "#19d3f3", "#FF6692", "#B6E880", "#FF97FF", "#FECB52"], "font": {"color": "#2a3f5f"}, "hovermode": "closest", "hoverlabel": {"align": "left"}, "paper_bgcolor": "white", "plot_bgcolor": "#E5ECF6", "polar": {"bgcolor": "#E5ECF6", "angularaxis": {"gridcolor": "white", "linecolor": "white", "ticks": ""}, "radialaxis": {"gridcolor": "white", "linecolor": "white", "ticks": ""}}, "ternary": {"bgcolor": "#E5ECF6", "aaxis": {"gridcolor": "white", "linecolor": "white", "ticks": ""}, "baxis": {"gridcolor": "white", "linecolor": "white", "ticks": ""}, "caxis": {"gridcolor": "white", "linecolor": "white", "ticks": ""}}, "coloraxis": {"colorbar": {"outlinewidth": 0, "ticks": ""}}, "colorscale": {"sequential": [[0.0, "#0d0887"], [0.1111111111111111, "#46039f"], [0.2222222222222222, "#7201a8"], [0.3333333333333333, "#9c179e"], [0.4444444444444444, "#bd3786"], [0.5555555555555556, "#d8576b"], [0.6666666666666666, "#ed7953"], [0.7777777777777778, "#fb9f3a"], [0.8888888888888888, "#fdca26"], [1.0, "#f0f921"]], "sequentialminus": [[0.0, "#0d0887"], [0.1111111111111111, "#46039f"], [0.2222222222222222, "#7201a8"], [0.3333333333333333, "#9c179e"], [0.4444444444444444, "#bd3786"], [0.5555555555555556, "#d8576b"], [0.6666666666666666, "#ed7953"], [0.7777777777777778, "#fb9f3a"], [0.8888888888888888, "#fdca26"], [1.0, "#f0f921"]], "diverging": [[0, "#8e0152"], [0.1, "#c51b7d"], [0.2, "#de77ae"], [0.3, "#f1b6da"], [0.4, "#fde0ef"], [0.5, "#f7f7f7"], [0.6, "#e6f5d0"], [0.7, "#b8e186"], [0.8, "#7fbc41"], [0.9, "#4d9221"], [1, "#276419"]]}, "xaxis": {"gridcolor": "white", "linecolor": "white", "ticks": "", "title": {"standoff": 15}, "zerolinecolor": "white", "automargin": true, "zerolinewidth": 2}, "yaxis": {"gridcolor": "white", "linecolor": "white", "ticks": "", "title": {"standoff": 15}, "zerolinecolor": "white", "automargin": true, "zerolinewidth": 2}, "scene": {"xaxis": {"backgroundcolor": "#E5ECF6", "gridcolor": "white", "linecolor": "white", "showbackground": true, "ticks": "", "zerolinecolor": "white", "gridwidth": 2}, "yaxis": {"backgroundcolor": "#E5ECF6", "gridcolor": "white", "linecolor": "white", "showbackground": true, "ticks": "", "zerolinecolor": "white", "gridwidth": 2}, "zaxis": {"backgroundcolor": "#E5ECF6", "gridcolor": "white", "linecolor": "white", "showbackground": true, "ticks": "", "zerolinecolor": "white", "gridwidth": 2}}, "shapedefaults": {"line": {"color": "#2a3f5f"}}, "annotationdefaults": {"arrowcolor": "#2a3f5f", "arrowhead": 0, "arrowwidth": 1}, "geo": {"bgcolor": "white", "landcolor": "#E5ECF6", "subunitcolor": "white", "showland": true, "showlakes": true, "lakecolor": "white"}, "title": {"x": 0.05}, "mapbox": {"style": "light"}}}}}