{"data": [{"z": [[2.715224504470825, -0.3812529742717743, -0.9005225300788879, -0.029633358120918274, 0.043868955224752426, 2.8915319442749023, -1.4318046569824219, -0.4749537408351898, -1.7138615846633911, 0.9647149443626404, 0.7691254019737244, 2.407926559448242, 2.098294973373413, -2.0375514030456543, 3.101337194442749, -1.9402252435684204, -1.5881530046463013, -2.244589328765869, 1.3708555698394775, 0.7738425731658936, 1.0544785261154175], [-0.3812529742717743, 1.6554036140441895, -0.46695905923843384, -1.4426347017288208, 0.24015456438064575, 0.941741406917572, -2.808095932006836, -0.4787483513355255, 1.3275136947631836, -1.7785813808441162, -0.09338955581188202, -0.39116087555885315, -0.2521035373210907, 0.3353782892227173, 1.2732270956039429, 1.267261028289795, -1.4081529378890991, 0.4025953710079193, -0.6296033263206482, -1.3232016563415527, -0.5353797078132629], [-0.9005225300788879, -0.46695905923843384, 0.6649530529975891, 1.3802076578140259, 0.570436418056488, -0.7692322731018066, 1.9967834949493408, 0.13753245770931244, 0.6298255324363708, 0.9276052117347717, -0.38714972138404846, -0.9334096908569336, -0.7312507629394531, 1.1016227006912231, -2.2132275104522705, -0.17773094773292542, 1.0816725492477417, 0.9653112292289734, -0.5116927623748779, 0.4827722907066345, -0.3071368932723999], [-0.029633358120918274, -1.4426347017288208, 1.3802076578140259, 6.884983062744141, 4.084884166717529, 3.623030424118042, 5.960150718688965, -0.8663905262947083, 2.3783891201019287, 5.999686241149902, 0.30076947808265686, 0.9825088381767273, 0.6646944880485535, 2.2969014644622803, -4.235812664031982, -3.153520345687866, 0.7729830741882324, 0.9406962394714355, 0.8083845973014832, 4.087817668914795, 0.5155604481697083], [0.043868955224752426, 0.24015456438064575, 0.570436418056488, 4.084884166717529, 3.412271499633789, 3.9580447673797607, 1.8951754570007324, -1.1715291738510132, 2.667315721511841, 3.2023208141326904, 0.006599879823625088, 0.3345400393009186, 0.41272249817848206, 1.9085824489593506, -1.9667259454727173, -1.8011597394943237, -0.7453545928001404, 0.8991776704788208, -0.13015511631965637, 1.9081532955169678, -0.09289009869098663], [2.8915319442749023, 0.941741406917572, -0.7692322731018066, 3.623030424118042, 3.9580447673797607, 8.541489601135254, -1.0995535850524902, -2.1232120990753174, 2.073479175567627, 3.6683499813079834, 1.4342695474624634, 3.906870126724243, 3.1399948596954346, -0.28136375546455383, 2.701104164123535, -3.011087656021118, -3.7970893383026123, -1.6394304037094116, 1.9865915775299072, 2.7143726348876953, 1.1860172748565674], [-1.4318046569824219, -2.808095932006836, 1.9967834949493408, 5.960150718688965, 1.8951754570007324, -1.0995535850524902, 8.537681579589844, 0.5485848188400269, 0.919860303401947, 5.329489707946777, 0.3635213375091553, 0.42602813243865967, -0.3191950023174286, 1.9844573736190796, -5.846149921417236, -1.7710049152374268, 3.2840046882629395, 1.2308871746063232, 1.3336677551269531, 4.163782119750977, 0.7185264229774475], [-0.4749537408351898, -0.4787483513355255, 0.13753245770931244, -0.8663905262947083, -1.1715291738510132, -2.1232120990753174, 0.5485848188400269, 0.61736661195755, -0.857757031917572, -0.684518575668335, -0.07316622138023376, -0.39056921005249023, -0.4526546597480774, -0.3082500994205475, -0.34625276923179626, 0.650481104850769, 0.9605230093002319, 0.032801561057567596, 0.039246123284101486, -0.3232077956199646, 0.009854162111878395], [-1.7138615846633911, 1.3275136947631836, 0.6298255324363708, 2.3783891201019287, 2.667315721511841, 2.073479175567627, 0.919860303401947, -0.857757031917572, 3.88002610206604, 1.0507303476333618, 0.006877359468489885, -0.4869171679019928, -0.6486068964004517, 2.5480101108551025, -2.1361401081085205, 0.7218002676963806, -0.6301816701889038, 1.8995141983032227, -0.43679800629615784, 0.7475081086158752, -0.611406683921814], [0.9647149443626404, -1.7785813808441162, 0.9276052117347717, 5.999686241149902, 3.2023208141326904, 3.6683499813079834, 5.329489707946777, -0.684518575668335, 1.0507303476333618, 5.768380165100098, 0.828629732131958, 2.2161593437194824, 1.517348289489746, 0.9358046650886536, -2.536345958709717, -3.358700752258301, 0.4241139590740204, -0.2639859616756439, 1.78298819065094, 4.235567569732666, 1.1407277584075928], [0.7691254019737244, -0.09338955581188202, -0.38714972138404846, 0.30076947808265686, 0.006599879823625088, 1.4342695474624634, 0.3635213375091553, -0.07316622138023376, 0.006877359468489885, 0.828629732131958, 1.6497443914413452, 3.1467761993408203, 1.67257559299469, -1.2279448509216309, 1.9844428300857544, 0.2345028668642044, -0.9752716422080994, -1.421083688735962, 2.696531295776367, 1.6676989793777466, 1.3349405527114868], [2.407926559448242, -0.39116087555885315, -0.9334096908569336, 0.9825088381767273, 0.3345400393009186, 3.906870126724243, 0.42602813243865967, -0.39056921005249023, -0.4869171679019928, 2.2161593437194824, 3.1467761993408203, 6.4116315841674805, 3.7508249282836914, -2.748098373413086, 4.357051849365234, -0.5998005867004395, -2.277846336364746, -3.260499954223633, 5.204553127288818, 3.4364545345306396, 2.7340617179870605], [2.098294973373413, -0.2521035373210907, -0.7312507629394531, 0.6646944880485535, 0.41272249817848206, 3.1399948596954346, -0.3191950023174286, -0.4526546597480774, -0.6486068964004517, 1.517348289489746, 1.67257559299469, 3.7508249282836914, 2.476480007171631, -1.8470523357391357, 3.007896661758423, -1.1046875715255737, -1.7078449726104736, -2.2211179733276367, 2.780320405960083, 1.8990062475204468, 1.58235764503479], [-2.0375514030456543, 0.3353782892227173, 1.1016227006912231, 2.2969014644622803, 1.9085824489593506, -0.28136375546455383, 1.9844573736190796, -0.3082500994205475, 2.5480101108551025, 0.9358046650886536, -1.2279448509216309, -2.748098373413086, -1.8470523357391357, 2.9311492443084717, -4.07144021987915, 0.03642762452363968, 1.103893518447876, 2.5696041584014893, -2.13509202003479, -0.08578213304281235, -1.3016217947006226], [3.101337194442749, 1.2732270956039429, -2.2132275104522705, -4.235812664031982, -1.9667259454727173, 2.701104164123535, -5.846149921417236, -0.34625276923179626, -2.1361401081085205, -2.536345958709717, 1.9844428300857544, 4.357051849365234, 3.007896661758423, -4.07144021987915, 7.727396488189697, 0.7280514240264893, -3.6248159408569336, -3.6874916553497314, 2.908973217010498, -0.7089322209358215, 1.613131046295166], [-1.9402252435684204, 1.267261028289795, -0.17773094773292542, -3.153520345687866, -1.8011597394943237, -3.011087656021118, -1.7710049152374268, 0.650481104850769, 0.7218002676963806, -3.358700752258301, 0.2345028668642044, -0.5998005867004395, -1.1046875715255737, 0.03642762452363968, 0.7280514240264893, 3.5146987438201904, 0.11374274641275406, 0.7109319567680359, 0.041563089936971664, -1.7059937715530396, -0.4058836102485657], [-1.5881530046463013, -1.4081529378890991, 1.0816725492477417, 0.7729830741882324, -0.7453545928001404, -3.7970893383026123, 3.2840046882629395, 0.9605230093002319, -0.6301816701889038, 0.4241139590740204, -0.9752716422080994, -2.277846336364746, -1.7078449726104736, 1.103893518447876, -3.6248159408569336, 0.11374274641275406, 2.8379011154174805, 1.3758392333984375, -1.1711262464523315, -0.02868296578526497, -0.5869147181510925], [-2.244589328765869, 0.4025953710079193, 0.9653112292289734, 0.9406962394714355, 0.8991776704788208, -1.6394304037094116, 1.2308871746063232, 0.032801561057567596, 1.8995141983032227, -0.2639859616756439, -1.421083688735962, -3.260499954223633, -2.2211179733276367, 2.5696041584014893, -3.6874916553497314, 0.7109319567680359, 1.3758392333984375, 2.5414373874664307, -2.446162223815918, -0.9387300610542297, -1.4758148193359375], [1.3708555698394775, -0.6296033263206482, -0.5116927623748779, 0.8083845973014832, -0.13015511631965637, 1.9865915775299072, 1.3336677551269531, 0.039246123284101486, -0.43679800629615784, 1.78298819065094, 2.696531295776367, 5.204553127288818, 2.780320405960083, -2.13509202003479, 2.908973217010498, 0.041563089936971664, -1.1711262464523315, -2.446162223815918, 4.547033786773682, 3.034608840942383, 2.3182144165039062], [0.7738425731658936, -1.3232016563415527, 0.4827722907066345, 4.087817668914795, 1.9081532955169678, 2.7143726348876953, 4.163782119750977, -0.3232077956199646, 0.7475081086158752, 4.235567569732666, 1.6676989793777466, 3.4364545345306396, 1.8990062475204468, -0.08578213304281235, -0.7089322209358215, -1.7059937715530396, -0.02868296578526497, -0.9387300610542297, 3.034608840942383, 3.9249167442321777, 1.6265954971313477], [1.0544785261154175, -0.5353797078132629, -0.3071368932723999, 0.5155604481697083, -0.09289009869098663, 1.1860172748565674, 0.7185264229774475, 0.009854162111878395, -0.611406683921814, 1.1407277584075928, 1.3349405527114868, 2.7340617179870605, 1.58235764503479, -1.3016217947006226, 1.613131046295166, -0.4058836102485657, -0.5869147181510925, -1.4758148193359375, 2.3182144165039062, 1.6265954971313477, 1.2588680982589722]], "type": "heatmap"}], "layout": {"template": {"data": {"histogram2dcontour": [{"type": "histogram2dcontour", "colorbar": {"outlinewidth": 0, "ticks": ""}, "colorscale": [[0.0, "#0d0887"], [0.1111111111111111, "#46039f"], [0.2222222222222222, "#7201a8"], [0.3333333333333333, "#9c179e"], [0.4444444444444444, "#bd3786"], [0.5555555555555556, "#d8576b"], [0.6666666666666666, "#ed7953"], [0.7777777777777778, "#fb9f3a"], [0.8888888888888888, "#fdca26"], [1.0, "#f0f921"]]}], "choropleth": [{"type": "choropleth", "colorbar": {"outlinewidth": 0, "ticks": ""}}], "histogram2d": [{"type": "histogram2d", "colorbar": {"outlinewidth": 0, "ticks": ""}, "colorscale": [[0.0, "#0d0887"], [0.1111111111111111, "#46039f"], [0.2222222222222222, "#7201a8"], [0.3333333333333333, "#9c179e"], [0.4444444444444444, "#bd3786"], [0.5555555555555556, "#d8576b"], [0.6666666666666666, "#ed7953"], [0.7777777777777778, "#fb9f3a"], [0.8888888888888888, "#fdca26"], [1.0, "#f0f921"]]}], "heatmap": [{"type": "heatmap", "colorbar": {"outlinewidth": 0, "ticks": ""}, "colorscale": [[0.0, "#0d0887"], [0.1111111111111111, "#46039f"], [0.2222222222222222, "#7201a8"], [0.3333333333333333, "#9c179e"], [0.4444444444444444, "#bd3786"], [0.5555555555555556, "#d8576b"], [0.6666666666666666, "#ed7953"], [0.7777777777777778, "#fb9f3a"], [0.8888888888888888, "#fdca26"], [1.0, "#f0f921"]]}], "heatmapgl": [{"type": "heatmapgl", "colorbar": {"outlinewidth": 0, "ticks": ""}, "colorscale": [[0.0, "#0d0887"], [0.1111111111111111, "#46039f"], [0.2222222222222222, "#7201a8"], [0.3333333333333333, "#9c179e"], [0.4444444444444444, "#bd3786"], [0.5555555555555556, "#d8576b"], [0.6666666666666666, "#ed7953"], [0.7777777777777778, "#fb9f3a"], [0.8888888888888888, "#fdca26"], [1.0, "#f0f921"]]}], "contourcarpet": [{"type": "contourcarpet", "colorbar": {"outlinewidth": 0, "ticks": ""}}], "contour": [{"type": "contour", "colorbar": {"outlinewidth": 0, "ticks": ""}, "colorscale": [[0.0, "#0d0887"], [0.1111111111111111, "#46039f"], [0.2222222222222222, "#7201a8"], [0.3333333333333333, "#9c179e"], [0.4444444444444444, "#bd3786"], [0.5555555555555556, "#d8576b"], [0.6666666666666666, "#ed7953"], [0.7777777777777778, "#fb9f3a"], [0.8888888888888888, "#fdca26"], [1.0, "#f0f921"]]}], "surface": [{"type": "surface", "colorbar": {"outlinewidth": 0, "ticks": ""}, "colorscale": [[0.0, "#0d0887"], [0.1111111111111111, "#46039f"], [0.2222222222222222, "#7201a8"], [0.3333333333333333, "#9c179e"], [0.4444444444444444, "#bd3786"], [0.5555555555555556, "#d8576b"], [0.6666666666666666, "#ed7953"], [0.7777777777777778, "#fb9f3a"], [0.8888888888888888, "#fdca26"], [1.0, "#f0f921"]]}], "mesh3d": [{"type": "mesh3d", "colorbar": {"outlinewidth": 0, "ticks": ""}}], "scatter": [{"fillpattern": {"fillmode": "overlay", "size": 10, "solidity": 0.2}, "type": "scatter"}], "parcoords": [{"type": "parcoords", "line": {"colorbar": {"outlinewidth": 0, "ticks": ""}}}], "scatterpolargl": [{"type": "scatterpolargl", "marker": {"colorbar": {"outlinewidth": 0, "ticks": ""}}}], "bar": [{"error_x": {"color": "#2a3f5f"}, "error_y": {"color": "#2a3f5f"}, "marker": {"line": {"color": "#E5ECF6", "width": 0.5}, "pattern": {"fillmode": "overlay", "size": 10, "solidity": 0.2}}, "type": "bar"}], "scattergeo": [{"type": "scattergeo", "marker": {"colorbar": {"outlinewidth": 0, "ticks": ""}}}], "scatterpolar": [{"type": "scatterpolar", "marker": {"colorbar": {"outlinewidth": 0, "ticks": ""}}}], "histogram": [{"marker": {"pattern": {"fillmode": "overlay", "size": 10, "solidity": 0.2}}, "type": "histogram"}], "scattergl": [{"type": "scattergl", "marker": {"colorbar": {"outlinewidth": 0, "ticks": ""}}}], "scatter3d": [{"type": "scatter3d", "line": {"colorbar": {"outlinewidth": 0, "ticks": ""}}, "marker": {"colorbar": {"outlinewidth": 0, "ticks": ""}}}], "scattermapbox": [{"type": "scattermapbox", "marker": {"colorbar": {"outlinewidth": 0, "ticks": ""}}}], "scatterternary": [{"type": "scatterternary", "marker": {"colorbar": {"outlinewidth": 0, "ticks": ""}}}], "scattercarpet": [{"type": "scattercarpet", "marker": {"colorbar": {"outlinewidth": 0, "ticks": ""}}}], "carpet": [{"aaxis": {"endlinecolor": "#2a3f5f", "gridcolor": "white", "linecolor": "white", "minorgridcolor": "white", "startlinecolor": "#2a3f5f"}, "baxis": {"endlinecolor": "#2a3f5f", "gridcolor": "white", "linecolor": "white", "minorgridcolor": "white", "startlinecolor": "#2a3f5f"}, "type": "carpet"}], "table": [{"cells": {"fill": {"color": "#EBF0F8"}, "line": {"color": "white"}}, "header": {"fill": {"color": "#C8D4E3"}, "line": {"color": "white"}}, "type": "table"}], "barpolar": [{"marker": {"line": {"color": "#E5ECF6", "width": 0.5}, "pattern": {"fillmode": "overlay", "size": 10, "solidity": 0.2}}, "type": "barpolar"}], "pie": [{"automargin": true, "type": "pie"}]}, "layout": {"autotypenumbers": "strict", "colorway": ["#636efa", "#EF553B", "#00cc96", "#ab63fa", "#FFA15A", "#19d3f3", "#FF6692", "#B6E880", "#FF97FF", "#FECB52"], "font": {"color": "#2a3f5f"}, "hovermode": "closest", "hoverlabel": {"align": "left"}, "paper_bgcolor": "white", "plot_bgcolor": "#E5ECF6", "polar": {"bgcolor": "#E5ECF6", "angularaxis": {"gridcolor": "white", "linecolor": "white", "ticks": ""}, "radialaxis": {"gridcolor": "white", "linecolor": "white", "ticks": ""}}, "ternary": {"bgcolor": "#E5ECF6", "aaxis": {"gridcolor": "white", "linecolor": "white", "ticks": ""}, "baxis": {"gridcolor": "white", "linecolor": "white", "ticks": ""}, "caxis": {"gridcolor": "white", "linecolor": "white", "ticks": ""}}, "coloraxis": {"colorbar": {"outlinewidth": 0, "ticks": ""}}, "colorscale": {"sequential": [[0.0, "#0d0887"], [0.1111111111111111, "#46039f"], [0.2222222222222222, "#7201a8"], [0.3333333333333333, "#9c179e"], [0.4444444444444444, "#bd3786"], [0.5555555555555556, "#d8576b"], [0.6666666666666666, "#ed7953"], [0.7777777777777778, "#fb9f3a"], [0.8888888888888888, "#fdca26"], [1.0, "#f0f921"]], "sequentialminus": [[0.0, "#0d0887"], [0.1111111111111111, "#46039f"], [0.2222222222222222, "#7201a8"], [0.3333333333333333, "#9c179e"], [0.4444444444444444, "#bd3786"], [0.5555555555555556, "#d8576b"], [0.6666666666666666, "#ed7953"], [0.7777777777777778, "#fb9f3a"], [0.8888888888888888, "#fdca26"], [1.0, "#f0f921"]], "diverging": [[0, "#8e0152"], [0.1, "#c51b7d"], [0.2, "#de77ae"], [0.3, "#f1b6da"], [0.4, "#fde0ef"], [0.5, "#f7f7f7"], [0.6, "#e6f5d0"], [0.7, "#b8e186"], [0.8, "#7fbc41"], [0.9, "#4d9221"], [1, "#276419"]]}, "xaxis": {"gridcolor": "white", "linecolor": "white", "ticks": "", "title": {"standoff": 15}, "zerolinecolor": "white", "automargin": true, "zerolinewidth": 2}, "yaxis": {"gridcolor": "white", "linecolor": "white", "ticks": "", "title": {"standoff": 15}, "zerolinecolor": "white", "automargin": true, "zerolinewidth": 2}, "scene": {"xaxis": {"backgroundcolor": "#E5ECF6", "gridcolor": "white", "linecolor": "white", "showbackground": true, "ticks": "", "zerolinecolor": "white", "gridwidth": 2}, "yaxis": {"backgroundcolor": "#E5ECF6", "gridcolor": "white", "linecolor": "white", "showbackground": true, "ticks": "", "zerolinecolor": "white", "gridwidth": 2}, "zaxis": {"backgroundcolor": "#E5ECF6", "gridcolor": "white", "linecolor": "white", "showbackground": true, "ticks": "", "zerolinecolor": "white", "gridwidth": 2}}, "shapedefaults": {"line": {"color": "#2a3f5f"}}, "annotationdefaults": {"arrowcolor": "#2a3f5f", "arrowhead": 0, "arrowwidth": 1}, "geo": {"bgcolor": "white", "landcolor": "#E5ECF6", "subunitcolor": "white", "showland": true, "showlakes": true, "lakecolor": "white"}, "title": {"x": 0.05}, "mapbox": {"style": "light"}}}}}