{"data": [{"z": [[2.55851674079895, -0.26001623272895813, -0.8787001967430115, 0.23449650406837463, 0.30325525999069214, 3.123106002807617, -0.8886552453041077, -0.6106657385826111, -1.222285509109497, 1.2415505647659302, 1.181791067123413, 2.802887201309204, 2.181810140609741, -1.9286495447158813, 3.0511488914489746, -1.8393467664718628, -1.787887454032898, -2.2865676879882812, 2.0436418056488037, 1.1589441299438477, 1.209107518196106], [-0.26001623272895813, 1.655158281326294, -0.3364731967449188, -1.0366624593734741, 0.43648749589920044, 1.3258811235427856, -2.7568671703338623, -0.37857526540756226, 1.3659623861312866, -1.4909312725067139, -0.05445875599980354, -0.053876448422670364, 0.06353176385164261, 0.40006646513938904, 1.3887310028076172, 1.3572397232055664, -1.3413827419281006, 0.4541686177253723, -0.6013506054878235, -1.0164214372634888, -0.3750021755695343], [-0.8787001967430115, -0.3364731967449188, 0.8018491864204407, 1.7107127904891968, 0.7948458194732666, -0.45707324147224426, 2.190614938735962, 0.18510887026786804, 0.8517987132072449, 1.1633009910583496, -0.20613214373588562, -0.6412726044654846, -0.5019364953041077, 1.2433066368103027, -2.120020866394043, -0.002547571202740073, 1.0791045427322388, 1.0532339811325073, -0.3259298801422119, 0.7529501914978027, -0.16852803528308868], [0.23449650406837463, -1.0366624593734741, 1.7107127904891968, 6.998751163482666, 4.222054481506348, 3.7596123218536377, 6.00797700881958, -0.6376146078109741, 2.3164618015289307, 5.985294818878174, 0.37952014803886414, 0.7311809062957764, 0.8736419081687927, 2.611405372619629, -3.9296162128448486, -2.8687071800231934, 0.9801672697067261, 1.2520527839660645, 0.5980587601661682, 3.933655023574829, 0.5308148860931396], [0.30325525999069214, 0.43648749589920044, 0.7948458194732666, 4.222054481506348, 3.490924596786499, 4.113064765930176, 1.8578370809555054, -0.9781578779220581, 2.507575511932373, 3.2382826805114746, 0.0035091207828372717, 0.21741439402103424, 0.6310307383537292, 2.066521644592285, -1.7235528230667114, -1.6626821756362915, -0.561616063117981, 1.0784739255905151, -0.3711101710796356, 1.844584584236145, -0.054415859282016754], [3.123106002807617, 1.3258811235427856, -0.45707324147224426, 3.7596123218536377, 4.113064765930176, 8.71340560913086, -1.0687555074691772, -1.9054266214370728, 2.0492682456970215, 3.654254674911499, 1.494385838508606, 3.7052104473114014, 3.3591878414154053, 0.026872823014855385, 2.9895598888397217, -2.7035796642303467, -3.612117290496826, -1.337078332901001, 1.8281447887420654, 2.6071436405181885, 1.2129507064819336], [-0.8886552453041077, -2.7568671703338623, 2.190614938735962, 6.00797700881958, 1.8578370809555054, -1.0687555074691772, 8.709209442138672, 0.712224543094635, 0.3696858286857605, 5.490392208099365, 0.35815635323524475, 0.14594486355781555, -0.1225859671831131, 1.9808000326156616, -5.55887508392334, -2.0582985877990723, 3.5099966526031494, 1.216890811920166, 1.1940054893493652, 4.007338047027588, 0.7557857632637024], [-0.6106657385826111, -0.37857526540756226, 0.18510887026786804, -0.6376146078109741, -0.9781578779220581, -1.9054266214370728, 0.712224543094635, 0.5811826586723328, -0.5155515074729919, -0.5280663371086121, 0.09009642153978348, -0.10487724840641022, -0.35550564527511597, -0.19114407896995544, -0.36640217900276184, 0.8328906893730164, 0.8718127012252808, 0.09120247513055801, 0.30622464418411255, -0.07826264202594757, 0.10199600458145142], [-1.222285509109497, 1.3659623861312866, 0.8517987132072449, 2.3164618015289307, 2.507575511932373, 2.0492682456970215, 0.3696858286857605, -0.5155515074729919, 3.152475357055664, 0.8840092420578003, -0.4429675340652466, -0.9923045635223389, -0.46660327911376953, 2.587235689163208, -1.8309872150421143, 0.6881213784217834, -0.2196052223443985, 2.103551149368286, -1.3337054252624512, 0.3308005928993225, -0.7081779837608337], [1.2415505647659302, -1.4909312725067139, 1.1633009910583496, 5.985294818878174, 3.2382826805114746, 3.654254674911499, 5.490392208099365, -0.5280663371086121, 0.8840092420578003, 5.749547004699707, 0.9291292428970337, 1.9246519804000854, 1.6285579204559326, 1.1227918863296509, -2.2875120639801025, -3.2654330730438232, 0.5870254039764404, -0.09750282764434814, 1.7219569683074951, 4.051941871643066, 1.1419246196746826], [1.181791067123413, -0.05445875599980354, -0.20613214373588562, 0.37952014803886414, 0.0035091207828372717, 1.494385838508606, 0.35815635323524475, 0.09009642153978348, -0.4429675340652466, 0.9291292428970337, 1.4928607940673828, 2.861013412475586, 1.8291828632354736, -1.1765433549880981, 2.1753430366516113, 0.05675356835126877, -0.7494320273399353, -1.3533966541290283, 2.4628593921661377, 1.5110831260681152, 1.3308545351028442], [2.802887201309204, -0.053876448422670364, -0.6412726044654846, 0.7311809062957764, 0.21741439402103424, 3.7052104473114014, 0.14594486355781555, -0.10487724840641022, -0.9923045635223389, 1.9246519804000854, 2.861013412475586, 5.672325611114502, 3.7756869792938232, -2.518629789352417, 4.6775360107421875, -0.4698030650615692, -1.9449520111083984, -2.95013427734375, 4.70788049697876, 2.859372138977051, 2.5791475772857666], [2.181810140609741, 0.06353176385164261, -0.5019364953041077, 0.8736419081687927, 0.6310307383537292, 3.3591878414154053, -0.1225859671831131, -0.35550564527511597, -0.46660327911376953, 1.6285579204559326, 1.8291828632354736, 3.7756869792938232, 2.6596431732177734, -1.5795598030090332, 3.18154239654541, -0.837506890296936, -1.659090280532837, -2.0147175788879395, 2.958177328109741, 1.9729909896850586, 1.658477544784546], [-1.9286495447158813, 0.40006646513938904, 1.2433066368103027, 2.611405372619629, 2.066521644592285, 0.026872823014855385, 1.9808000326156616, -0.19114407896995544, 2.587235689163208, 1.1227918863296509, -1.1765433549880981, -2.518629789352417, -1.5795598030090332, 3.0239288806915283, -3.936336040496826, 0.17735396325588226, 1.1870481967926025, 2.6671245098114014, -2.23209547996521, 0.11425098776817322, -1.184338927268982], [3.0511488914489746, 1.3887310028076172, -2.120020866394043, -3.9296162128448486, -1.7235528230667114, 2.9895598888397217, -5.55887508392334, -0.36640217900276184, -1.8309872150421143, -2.2875120639801025, 2.1753430366516113, 4.6775360107421875, 3.18154239654541, -3.936336040496826, 7.758946418762207, 0.88429194688797, -3.7009949684143066, -3.643131732940674, 3.3450300693511963, -0.3975575864315033, 1.7544323205947876], [-1.8393467664718628, 1.3572397232055664, -0.002547571202740073, -2.8687071800231934, -1.6626821756362915, -2.7035796642303467, -2.0582985877990723, 0.8328906893730164, 0.6881213784217834, -3.2654330730438232, 0.05675356835126877, -0.4698030650615692, -0.837506890296936, 0.17735396325588226, 0.88429194688797, 3.7602083683013916, 0.2616036832332611, 0.9101388454437256, -0.2324211746454239, -1.6183828115463257, -0.3401202857494354], [-1.787887454032898, -1.3413827419281006, 1.0791045427322388, 0.9801672697067261, -0.561616063117981, -3.612117290496826, 3.5099966526031494, 0.8718127012252808, -0.2196052223443985, 0.5870254039764404, -0.7494320273399353, -1.9449520111083984, -1.659090280532837, 1.1870481967926025, -3.7009949684143066, 0.2616036832332611, 2.697430372238159, 1.387004017829895, -0.8443052768707275, 0.24926798045635223, -0.49486368894577026], [-2.2865676879882812, 0.4541686177253723, 1.0532339811325073, 1.2520527839660645, 1.0784739255905151, -1.337078332901001, 1.216890811920166, 0.09120247513055801, 2.103551149368286, -0.09750282764434814, -1.3533966541290283, -2.95013427734375, -2.0147175788879395, 2.6671245098114014, -3.643131732940674, 0.9101388454437256, 1.387004017829895, 2.636188268661499, -2.470517635345459, -0.6870483756065369, -1.3673516511917114], [2.0436418056488037, -0.6013506054878235, -0.3259298801422119, 0.5980587601661682, -0.3711101710796356, 1.8281447887420654, 1.1940054893493652, 0.30622464418411255, -1.3337054252624512, 1.7219569683074951, 2.4628593921661377, 4.70788049697876, 2.958177328109741, -2.23209547996521, 3.3450300693511963, -0.2324211746454239, -0.8443052768707275, -2.470517635345459, 4.240478038787842, 2.627293109893799, 2.2982406616210938], [1.1589441299438477, -1.0164214372634888, 0.7529501914978027, 3.933655023574829, 1.844584584236145, 2.6071436405181885, 4.007338047027588, -0.07826264202594757, 0.3308005928993225, 4.051941871643066, 1.5110831260681152, 2.859372138977051, 1.9729909896850586, 0.11425098776817322, -0.3975575864315033, -1.6183828115463257, 0.24926798045635223, -0.6870483756065369, 2.627293109893799, 3.4840660095214844, 1.5275623798370361], [1.209107518196106, -0.3750021755695343, -0.16852803528308868, 0.5308148860931396, -0.054415859282016754, 1.2129507064819336, 0.7557857632637024, 0.10199600458145142, -0.7081779837608337, 1.1419246196746826, 1.3308545351028442, 2.5791475772857666, 1.658477544784546, -1.184338927268982, 1.7544323205947876, -0.3401202857494354, -0.49486368894577026, -1.3673516511917114, 2.2982406616210938, 1.5275623798370361, 1.2588680982589722]], "type": "heatmap"}], "layout": {"template": {"data": {"histogram2dcontour": [{"type": "histogram2dcontour", "colorbar": {"outlinewidth": 0, "ticks": ""}, "colorscale": [[0.0, "#0d0887"], [0.1111111111111111, "#46039f"], [0.2222222222222222, "#7201a8"], [0.3333333333333333, "#9c179e"], [0.4444444444444444, "#bd3786"], [0.5555555555555556, "#d8576b"], [0.6666666666666666, "#ed7953"], [0.7777777777777778, "#fb9f3a"], [0.8888888888888888, "#fdca26"], [1.0, "#f0f921"]]}], "choropleth": [{"type": "choropleth", "colorbar": {"outlinewidth": 0, "ticks": ""}}], "histogram2d": [{"type": "histogram2d", "colorbar": {"outlinewidth": 0, "ticks": ""}, "colorscale": [[0.0, "#0d0887"], [0.1111111111111111, "#46039f"], [0.2222222222222222, "#7201a8"], [0.3333333333333333, "#9c179e"], [0.4444444444444444, "#bd3786"], [0.5555555555555556, "#d8576b"], [0.6666666666666666, "#ed7953"], [0.7777777777777778, "#fb9f3a"], [0.8888888888888888, "#fdca26"], [1.0, "#f0f921"]]}], "heatmap": [{"type": "heatmap", "colorbar": {"outlinewidth": 0, "ticks": ""}, "colorscale": [[0.0, "#0d0887"], [0.1111111111111111, "#46039f"], [0.2222222222222222, "#7201a8"], [0.3333333333333333, "#9c179e"], [0.4444444444444444, "#bd3786"], [0.5555555555555556, "#d8576b"], [0.6666666666666666, "#ed7953"], [0.7777777777777778, "#fb9f3a"], [0.8888888888888888, "#fdca26"], [1.0, "#f0f921"]]}], "heatmapgl": [{"type": "heatmapgl", "colorbar": {"outlinewidth": 0, "ticks": ""}, "colorscale": [[0.0, "#0d0887"], [0.1111111111111111, "#46039f"], [0.2222222222222222, "#7201a8"], [0.3333333333333333, "#9c179e"], [0.4444444444444444, "#bd3786"], [0.5555555555555556, "#d8576b"], [0.6666666666666666, "#ed7953"], [0.7777777777777778, "#fb9f3a"], [0.8888888888888888, "#fdca26"], [1.0, "#f0f921"]]}], "contourcarpet": [{"type": "contourcarpet", "colorbar": {"outlinewidth": 0, "ticks": ""}}], "contour": [{"type": "contour", "colorbar": {"outlinewidth": 0, "ticks": ""}, "colorscale": [[0.0, "#0d0887"], [0.1111111111111111, "#46039f"], [0.2222222222222222, "#7201a8"], [0.3333333333333333, "#9c179e"], [0.4444444444444444, "#bd3786"], [0.5555555555555556, "#d8576b"], [0.6666666666666666, "#ed7953"], [0.7777777777777778, "#fb9f3a"], [0.8888888888888888, "#fdca26"], [1.0, "#f0f921"]]}], "surface": [{"type": "surface", "colorbar": {"outlinewidth": 0, "ticks": ""}, "colorscale": [[0.0, "#0d0887"], [0.1111111111111111, "#46039f"], [0.2222222222222222, "#7201a8"], [0.3333333333333333, "#9c179e"], [0.4444444444444444, "#bd3786"], [0.5555555555555556, "#d8576b"], [0.6666666666666666, "#ed7953"], [0.7777777777777778, "#fb9f3a"], [0.8888888888888888, "#fdca26"], [1.0, "#f0f921"]]}], "mesh3d": [{"type": "mesh3d", "colorbar": {"outlinewidth": 0, "ticks": ""}}], "scatter": [{"fillpattern": {"fillmode": "overlay", "size": 10, "solidity": 0.2}, "type": "scatter"}], "parcoords": [{"type": "parcoords", "line": {"colorbar": {"outlinewidth": 0, "ticks": ""}}}], "scatterpolargl": [{"type": "scatterpolargl", "marker": {"colorbar": {"outlinewidth": 0, "ticks": ""}}}], "bar": [{"error_x": {"color": "#2a3f5f"}, "error_y": {"color": "#2a3f5f"}, "marker": {"line": {"color": "#E5ECF6", "width": 0.5}, "pattern": {"fillmode": "overlay", "size": 10, "solidity": 0.2}}, "type": "bar"}], "scattergeo": [{"type": "scattergeo", "marker": {"colorbar": {"outlinewidth": 0, "ticks": ""}}}], "scatterpolar": [{"type": "scatterpolar", "marker": {"colorbar": {"outlinewidth": 0, "ticks": ""}}}], "histogram": [{"marker": {"pattern": {"fillmode": "overlay", "size": 10, "solidity": 0.2}}, "type": "histogram"}], "scattergl": [{"type": "scattergl", "marker": {"colorbar": {"outlinewidth": 0, "ticks": ""}}}], "scatter3d": [{"type": "scatter3d", "line": {"colorbar": {"outlinewidth": 0, "ticks": ""}}, "marker": {"colorbar": {"outlinewidth": 0, "ticks": ""}}}], "scattermapbox": [{"type": "scattermapbox", "marker": {"colorbar": {"outlinewidth": 0, "ticks": ""}}}], "scatterternary": [{"type": "scatterternary", "marker": {"colorbar": {"outlinewidth": 0, "ticks": ""}}}], "scattercarpet": [{"type": "scattercarpet", "marker": {"colorbar": {"outlinewidth": 0, "ticks": ""}}}], "carpet": [{"aaxis": {"endlinecolor": "#2a3f5f", "gridcolor": "white", "linecolor": "white", "minorgridcolor": "white", "startlinecolor": "#2a3f5f"}, "baxis": {"endlinecolor": "#2a3f5f", "gridcolor": "white", "linecolor": "white", "minorgridcolor": "white", "startlinecolor": "#2a3f5f"}, "type": "carpet"}], "table": [{"cells": {"fill": {"color": "#EBF0F8"}, "line": {"color": "white"}}, "header": {"fill": {"color": "#C8D4E3"}, "line": {"color": "white"}}, "type": "table"}], "barpolar": [{"marker": {"line": {"color": "#E5ECF6", "width": 0.5}, "pattern": {"fillmode": "overlay", "size": 10, "solidity": 0.2}}, "type": "barpolar"}], "pie": [{"automargin": true, "type": "pie"}]}, "layout": {"autotypenumbers": "strict", "colorway": ["#636efa", "#EF553B", "#00cc96", "#ab63fa", "#FFA15A", "#19d3f3", "#FF6692", "#B6E880", "#FF97FF", "#FECB52"], "font": {"color": "#2a3f5f"}, "hovermode": "closest", "hoverlabel": {"align": "left"}, "paper_bgcolor": "white", "plot_bgcolor": "#E5ECF6", "polar": {"bgcolor": "#E5ECF6", "angularaxis": {"gridcolor": "white", "linecolor": "white", "ticks": ""}, "radialaxis": {"gridcolor": "white", "linecolor": "white", "ticks": ""}}, "ternary": {"bgcolor": "#E5ECF6", "aaxis": {"gridcolor": "white", "linecolor": "white", "ticks": ""}, "baxis": {"gridcolor": "white", "linecolor": "white", "ticks": ""}, "caxis": {"gridcolor": "white", "linecolor": "white", "ticks": ""}}, "coloraxis": {"colorbar": {"outlinewidth": 0, "ticks": ""}}, "colorscale": {"sequential": [[0.0, "#0d0887"], [0.1111111111111111, "#46039f"], [0.2222222222222222, "#7201a8"], [0.3333333333333333, "#9c179e"], [0.4444444444444444, "#bd3786"], [0.5555555555555556, "#d8576b"], [0.6666666666666666, "#ed7953"], [0.7777777777777778, "#fb9f3a"], [0.8888888888888888, "#fdca26"], [1.0, "#f0f921"]], "sequentialminus": [[0.0, "#0d0887"], [0.1111111111111111, "#46039f"], [0.2222222222222222, "#7201a8"], [0.3333333333333333, "#9c179e"], [0.4444444444444444, "#bd3786"], [0.5555555555555556, "#d8576b"], [0.6666666666666666, "#ed7953"], [0.7777777777777778, "#fb9f3a"], [0.8888888888888888, "#fdca26"], [1.0, "#f0f921"]], "diverging": [[0, "#8e0152"], [0.1, "#c51b7d"], [0.2, "#de77ae"], [0.3, "#f1b6da"], [0.4, "#fde0ef"], [0.5, "#f7f7f7"], [0.6, "#e6f5d0"], [0.7, "#b8e186"], [0.8, "#7fbc41"], [0.9, "#4d9221"], [1, "#276419"]]}, "xaxis": {"gridcolor": "white", "linecolor": "white", "ticks": "", "title": {"standoff": 15}, "zerolinecolor": "white", "automargin": true, "zerolinewidth": 2}, "yaxis": {"gridcolor": "white", "linecolor": "white", "ticks": "", "title": {"standoff": 15}, "zerolinecolor": "white", "automargin": true, "zerolinewidth": 2}, "scene": {"xaxis": {"backgroundcolor": "#E5ECF6", "gridcolor": "white", "linecolor": "white", "showbackground": true, "ticks": "", "zerolinecolor": "white", "gridwidth": 2}, "yaxis": {"backgroundcolor": "#E5ECF6", "gridcolor": "white", "linecolor": "white", "showbackground": true, "ticks": "", "zerolinecolor": "white", "gridwidth": 2}, "zaxis": {"backgroundcolor": "#E5ECF6", "gridcolor": "white", "linecolor": "white", "showbackground": true, "ticks": "", "zerolinecolor": "white", "gridwidth": 2}}, "shapedefaults": {"line": {"color": "#2a3f5f"}}, "annotationdefaults": {"arrowcolor": "#2a3f5f", "arrowhead": 0, "arrowwidth": 1}, "geo": {"bgcolor": "white", "landcolor": "#E5ECF6", "subunitcolor": "white", "showland": true, "showlakes": true, "lakecolor": "white"}, "title": {"x": 0.05}, "mapbox": {"style": "light"}}}}}