{"data": [{"z": [[2.5985851287841797, -0.3150547742843628, -0.8876782059669495, 0.2168515920639038, 0.25704169273376465, 3.1104469299316406, -0.9986646771430969, -0.5773516297340393, -1.3274226188659668, 1.2113268375396729, 1.0873606204986572, 2.764099597930908, 2.190066337585449, -1.9673616886138916, 3.0621862411499023, -1.869239330291748, -1.7431361675262451, -2.287217855453491, 1.885340929031372, 1.115524411201477, 1.1903014183044434], [-0.3150547742843628, 1.6874535083770752, -0.36574894189834595, -1.1330422163009644, 0.4122786223888397, 1.2403055429458618, -2.748676300048828, -0.41592922806739807, 1.416900873184204, -1.5564438104629517, -0.01910197176039219, -0.10825617611408234, -0.015817463397979736, 0.40549102425575256, 1.3590446710586548, 1.3644001483917236, -1.3791157007217407, 0.446979284286499, -0.5508725047111511, -1.0740910768508911, -0.4077034890651703], [-0.8876782059669495, -0.36574894189834595, 0.7708776593208313, 1.6641924381256104, 0.7655175924301147, -0.49912330508232117, 2.153871536254883, 0.16938957571983337, 0.8362371325492859, 1.1313320398330688, -0.22216498851776123, -0.6587628722190857, -0.5370487570762634, 1.2145349979400635, -2.1424121856689453, -0.03650953993201256, 1.0698384046554565, 1.0286493301391602, -0.3379426896572113, 0.7300534248352051, -0.18703460693359375], [0.2168515920639038, -1.1330422163009644, 1.6641924381256104, 7.0423197746276855, 4.224220275878906, 3.7952704429626465, 5.920629978179932, -0.6472841501235962, 2.342902421951294, 6.010975360870361, 0.35695821046829224, 0.8642024397850037, 0.8947262167930603, 2.554786443710327, -3.970872402191162, -2.901860237121582, 0.9727062582969666, 1.2060035467147827, 0.5809255838394165, 4.022685527801514, 0.5445957779884338], [0.25704169273376465, 0.4122786223888397, 0.7655175924301147, 4.224220275878906, 3.5005714893341064, 4.115090847015381, 1.8150449991226196, -0.9991124272346497, 2.5761075019836426, 3.233799695968628, 0.013348395004868507, 0.2851841449737549, 0.6169924736022949, 2.0550661087036133, -1.7590795755386353, -1.652828574180603, -0.5862030386924744, 1.0633221864700317, -0.3420087695121765, 1.8838999271392822, -0.055529575794935226], [3.1104469299316406, 1.2403055429458618, -0.49912330508232117, 3.7952704429626465, 4.115090847015381, 8.737896919250488, -1.120475172996521, -1.9179428815841675, 2.0716776847839355, 3.689615249633789, 1.4902278184890747, 3.8218331336975098, 3.374054193496704, -0.02563592977821827, 2.9518744945526123, -2.7459142208099365, -3.619422197341919, -1.3841253519058228, 1.8161078691482544, 2.6833152770996094, 1.225640058517456], [-0.9986646771430969, -2.748676300048828, 2.153871536254883, 5.920629978179932, 1.8150449991226196, -1.120475172996521, 8.449185371398926, 0.7332928776741028, 0.4506431519985199, 5.323803424835205, 0.2710292339324951, 0.1519462913274765, -0.17221108078956604, 1.986697793006897, -5.5833635330200195, -1.913724660873413, 3.510939598083496, 1.2745474576950073, 1.030491590499878, 3.9537155628204346, 0.7043688297271729], [-0.5773516297340393, -0.41592922806739807, 0.16938957571983337, -0.6472841501235962, -0.9991124272346497, -1.9179428815841675, 0.7332928776741028, 0.5751932263374329, -0.5696387887001038, -0.5134320855140686, 0.0914926752448082, -0.10629520565271378, -0.3548542857170105, -0.2281385213136673, -0.36525335907936096, 0.7708382606506348, 0.873883068561554, 0.05343165248632431, 0.3113405704498291, -0.07607365399599075, 0.10608792304992676], [-1.3274226188659668, 1.416900873184204, 0.8362371325492859, 2.342902421951294, 2.5761075019836426, 2.0716776847839355, 0.4506431519985199, -0.5696387887001038, 3.3650026321411133, 0.9090070128440857, -0.31253406405448914, -0.8638535737991333, -0.484960675239563, 2.6284961700439453, -1.875212550163269, 0.7595943808555603, -0.2954120635986328, 2.1001760959625244, -1.1354175806045532, 0.42635872960090637, -0.6855299472808838], [1.2113268375396729, -1.5564438104629517, 1.1313320398330688, 6.010975360870361, 3.233799695968628, 3.689615249633789, 5.323803424835205, -0.5134320855140686, 0.9090070128440857, 5.722718715667725, 0.8586120009422302, 2.0103821754455566, 1.6455252170562744, 1.0924016237258911, -2.3142762184143066, -3.2400310039520264, 0.5978553295135498, -0.09516684710979462, 1.602464199066162, 4.0926618576049805, 1.134154200553894], [1.0873606204986572, -0.01910197176039219, -0.22216498851776123, 0.35695821046829224, 0.013348395004868507, 1.4902278184890747, 0.2710292339324951, 0.0914926752448082, -0.31253406405448914, 0.8586120009422302, 1.517845630645752, 2.932483434677124, 1.8143924474716187, -1.1530085802078247, 2.1618192195892334, 0.17979778349399567, -0.771943986415863, -1.3166183233261108, 2.4345362186431885, 1.5303936004638672, 1.3218578100204468], [2.764099597930908, -0.10825617611408234, -0.6587628722190857, 0.8642024397850037, 0.2851841449737549, 3.8218331336975098, 0.1519462913274765, -0.10629520565271378, -0.8638535737991333, 2.0103821754455566, 2.932483434677124, 5.915797710418701, 3.8543195724487305, -2.536245584487915, 4.651235580444336, -0.4358319044113159, -1.9615156650543213, -2.9718265533447266, 4.731723308563232, 3.0414133071899414, 2.6341440677642822], [2.190066337585449, -0.015817463397979736, -0.5370487570762634, 0.8947262167930603, 0.6169924736022949, 3.374054193496704, -0.17221108078956604, -0.3548542857170105, -0.484960675239563, 1.6455252170562744, 1.8143924474716187, 3.8543195724487305, 2.6762208938598633, -1.6344348192214966, 3.1602001190185547, -0.883366048336029, -1.6518274545669556, -2.0547850131988525, 2.900367498397827, 2.0220608711242676, 1.6656733751296997], [-1.9673616886138916, 0.40549102425575256, 1.2145349979400635, 2.554786443710327, 2.0550661087036133, -0.02563592977821827, 1.986697793006897, -0.2281385213136673, 2.6284961700439453, 1.0924016237258911, -1.1530085802078247, -2.536245584487915, -1.6344348192214966, 3.018916130065918, -3.9685535430908203, 0.1629127711057663, 1.151332974433899, 2.6462979316711426, -2.1579973697662354, 0.09441719204187393, -1.2020454406738281], [3.0621862411499023, 1.3590446710586548, -2.1424121856689453, -3.970872402191162, -1.7590795755386353, 2.9518744945526123, -5.5833635330200195, -0.36525335907936096, -1.875212550163269, -2.3142762184143066, 2.1618192195892334, 4.651235580444336, 3.1602001190185547, -3.9685535430908203, 7.752293586730957, 0.8475046157836914, -3.6907389163970947, -3.6608073711395264, 3.266967535018921, -0.43072018027305603, 1.7366693019866943], [-1.869239330291748, 1.3644001483917236, -0.03650953993201256, -2.901860237121582, -1.652828574180603, -2.7459142208099365, -1.913724660873413, 0.7708382606506348, 0.7595943808555603, -3.2400310039520264, 0.17979778349399567, -0.4358319044113159, -0.883366048336029, 0.1629127711057663, 0.8475046157836914, 3.704662561416626, 0.20130908489227295, 0.8516271710395813, -0.05860067531466484, -1.5838623046875, -0.3309599459171295], [-1.7431361675262451, -1.3791157007217407, 1.0698384046554565, 0.9727062582969666, -0.5862030386924744, -3.619422197341919, 3.510939598083496, 0.873883068561554, -0.2954120635986328, 0.5978553295135498, -0.771943986415863, -1.9615156650543213, -1.6518274545669556, 1.151332974433899, -3.6907389163970947, 0.20130908489227295, 2.7073402404785156, 1.3551502227783203, -0.850894033908844, 0.24180004000663757, -0.49168604612350464], [-2.287217855453491, 0.446979284286499, 1.0286493301391602, 1.2060035467147827, 1.0633221864700317, -1.3841253519058228, 1.2745474576950073, 0.05343165248632431, 2.1001760959625244, -0.09516684710979462, -1.3166183233261108, -2.9718265533447266, -2.0547850131988525, 2.6462979316711426, -3.6608073711395264, 0.8516271710395813, 1.3551502227783203, 2.5922486782073975, -2.367206335067749, -0.6996178030967712, -1.3719896078109741], [1.885340929031372, -0.5508725047111511, -0.3379426896572113, 0.5809255838394165, -0.3420087695121765, 1.8161078691482544, 1.030491590499878, 0.3113405704498291, -1.1354175806045532, 1.602464199066162, 2.4345362186431885, 4.731723308563232, 2.900367498397827, -2.1579973697662354, 3.266967535018921, -0.05860067531466484, -0.850894033908844, -2.367206335067749, 4.084558486938477, 2.6169309616088867, 2.2457435131073], [1.115524411201477, -1.0740910768508911, 0.7300534248352051, 4.022685527801514, 1.8838999271392822, 2.6833152770996094, 3.9537155628204346, -0.07607365399599075, 0.42635872960090637, 4.0926618576049805, 1.5303936004638672, 3.0414133071899414, 2.0220608711242676, 0.09441719204187393, -0.43072018027305603, -1.5838623046875, 0.24180004000663757, -0.6996178030967712, 2.6169309616088867, 3.6139235496520996, 1.558640718460083], [1.1903014183044434, -0.4077034890651703, -0.18703460693359375, 0.5445957779884338, -0.055529575794935226, 1.225640058517456, 0.7043688297271729, 0.10608792304992676, -0.6855299472808838, 1.134154200553894, 1.3218578100204468, 2.6341440677642822, 1.6656733751296997, -1.2020454406738281, 1.7366693019866943, -0.3309599459171295, -0.49168604612350464, -1.3719896078109741, 2.2457435131073, 1.558640718460083, 1.2588680982589722]], "type": "heatmap"}], "layout": {"template": {"data": {"histogram2dcontour": [{"type": "histogram2dcontour", "colorbar": {"outlinewidth": 0, "ticks": ""}, "colorscale": [[0.0, "#0d0887"], [0.1111111111111111, "#46039f"], [0.2222222222222222, "#7201a8"], [0.3333333333333333, "#9c179e"], [0.4444444444444444, "#bd3786"], [0.5555555555555556, "#d8576b"], [0.6666666666666666, "#ed7953"], [0.7777777777777778, "#fb9f3a"], [0.8888888888888888, "#fdca26"], [1.0, "#f0f921"]]}], "choropleth": [{"type": "choropleth", "colorbar": {"outlinewidth": 0, "ticks": ""}}], "histogram2d": [{"type": "histogram2d", "colorbar": {"outlinewidth": 0, "ticks": ""}, "colorscale": [[0.0, "#0d0887"], [0.1111111111111111, "#46039f"], [0.2222222222222222, "#7201a8"], [0.3333333333333333, "#9c179e"], [0.4444444444444444, "#bd3786"], [0.5555555555555556, "#d8576b"], [0.6666666666666666, "#ed7953"], [0.7777777777777778, "#fb9f3a"], [0.8888888888888888, "#fdca26"], [1.0, "#f0f921"]]}], "heatmap": [{"type": "heatmap", "colorbar": {"outlinewidth": 0, "ticks": ""}, "colorscale": [[0.0, "#0d0887"], [0.1111111111111111, "#46039f"], [0.2222222222222222, "#7201a8"], [0.3333333333333333, "#9c179e"], [0.4444444444444444, "#bd3786"], [0.5555555555555556, "#d8576b"], [0.6666666666666666, "#ed7953"], [0.7777777777777778, "#fb9f3a"], [0.8888888888888888, "#fdca26"], [1.0, "#f0f921"]]}], "heatmapgl": [{"type": "heatmapgl", "colorbar": {"outlinewidth": 0, "ticks": ""}, "colorscale": [[0.0, "#0d0887"], [0.1111111111111111, "#46039f"], [0.2222222222222222, "#7201a8"], [0.3333333333333333, "#9c179e"], [0.4444444444444444, "#bd3786"], [0.5555555555555556, "#d8576b"], [0.6666666666666666, "#ed7953"], [0.7777777777777778, "#fb9f3a"], [0.8888888888888888, "#fdca26"], [1.0, "#f0f921"]]}], "contourcarpet": [{"type": "contourcarpet", "colorbar": {"outlinewidth": 0, "ticks": ""}}], "contour": [{"type": "contour", "colorbar": {"outlinewidth": 0, "ticks": ""}, "colorscale": [[0.0, "#0d0887"], [0.1111111111111111, "#46039f"], [0.2222222222222222, "#7201a8"], [0.3333333333333333, "#9c179e"], [0.4444444444444444, "#bd3786"], [0.5555555555555556, "#d8576b"], [0.6666666666666666, "#ed7953"], [0.7777777777777778, "#fb9f3a"], [0.8888888888888888, "#fdca26"], [1.0, "#f0f921"]]}], "surface": [{"type": "surface", "colorbar": {"outlinewidth": 0, "ticks": ""}, "colorscale": [[0.0, "#0d0887"], [0.1111111111111111, "#46039f"], [0.2222222222222222, "#7201a8"], [0.3333333333333333, "#9c179e"], [0.4444444444444444, "#bd3786"], [0.5555555555555556, "#d8576b"], [0.6666666666666666, "#ed7953"], [0.7777777777777778, "#fb9f3a"], [0.8888888888888888, "#fdca26"], [1.0, "#f0f921"]]}], "mesh3d": [{"type": "mesh3d", "colorbar": {"outlinewidth": 0, "ticks": ""}}], "scatter": [{"fillpattern": {"fillmode": "overlay", "size": 10, "solidity": 0.2}, "type": "scatter"}], "parcoords": [{"type": "parcoords", "line": {"colorbar": {"outlinewidth": 0, "ticks": ""}}}], "scatterpolargl": [{"type": "scatterpolargl", "marker": {"colorbar": {"outlinewidth": 0, "ticks": ""}}}], "bar": [{"error_x": {"color": "#2a3f5f"}, "error_y": {"color": "#2a3f5f"}, "marker": {"line": {"color": "#E5ECF6", "width": 0.5}, "pattern": {"fillmode": "overlay", "size": 10, "solidity": 0.2}}, "type": "bar"}], "scattergeo": [{"type": "scattergeo", "marker": {"colorbar": {"outlinewidth": 0, "ticks": ""}}}], "scatterpolar": [{"type": "scatterpolar", "marker": {"colorbar": {"outlinewidth": 0, "ticks": ""}}}], "histogram": [{"marker": {"pattern": {"fillmode": "overlay", "size": 10, "solidity": 0.2}}, "type": "histogram"}], "scattergl": [{"type": "scattergl", "marker": {"colorbar": {"outlinewidth": 0, "ticks": ""}}}], "scatter3d": [{"type": "scatter3d", "line": {"colorbar": {"outlinewidth": 0, "ticks": ""}}, "marker": {"colorbar": {"outlinewidth": 0, "ticks": ""}}}], "scattermapbox": [{"type": "scattermapbox", "marker": {"colorbar": {"outlinewidth": 0, "ticks": ""}}}], "scatterternary": [{"type": "scatterternary", "marker": {"colorbar": {"outlinewidth": 0, "ticks": ""}}}], "scattercarpet": [{"type": "scattercarpet", "marker": {"colorbar": {"outlinewidth": 0, "ticks": ""}}}], "carpet": [{"aaxis": {"endlinecolor": "#2a3f5f", "gridcolor": "white", "linecolor": "white", "minorgridcolor": "white", "startlinecolor": "#2a3f5f"}, "baxis": {"endlinecolor": "#2a3f5f", "gridcolor": "white", "linecolor": "white", "minorgridcolor": "white", "startlinecolor": "#2a3f5f"}, "type": "carpet"}], "table": [{"cells": {"fill": {"color": "#EBF0F8"}, "line": {"color": "white"}}, "header": {"fill": {"color": "#C8D4E3"}, "line": {"color": "white"}}, "type": "table"}], "barpolar": [{"marker": {"line": {"color": "#E5ECF6", "width": 0.5}, "pattern": {"fillmode": "overlay", "size": 10, "solidity": 0.2}}, "type": "barpolar"}], "pie": [{"automargin": true, "type": "pie"}]}, "layout": {"autotypenumbers": "strict", "colorway": ["#636efa", "#EF553B", "#00cc96", "#ab63fa", "#FFA15A", "#19d3f3", "#FF6692", "#B6E880", "#FF97FF", "#FECB52"], "font": {"color": "#2a3f5f"}, "hovermode": "closest", "hoverlabel": {"align": "left"}, "paper_bgcolor": "white", "plot_bgcolor": "#E5ECF6", "polar": {"bgcolor": "#E5ECF6", "angularaxis": {"gridcolor": "white", "linecolor": "white", "ticks": ""}, "radialaxis": {"gridcolor": "white", "linecolor": "white", "ticks": ""}}, "ternary": {"bgcolor": "#E5ECF6", "aaxis": {"gridcolor": "white", "linecolor": "white", "ticks": ""}, "baxis": {"gridcolor": "white", "linecolor": "white", "ticks": ""}, "caxis": {"gridcolor": "white", "linecolor": "white", "ticks": ""}}, "coloraxis": {"colorbar": {"outlinewidth": 0, "ticks": ""}}, "colorscale": {"sequential": [[0.0, "#0d0887"], [0.1111111111111111, "#46039f"], [0.2222222222222222, "#7201a8"], [0.3333333333333333, "#9c179e"], [0.4444444444444444, "#bd3786"], [0.5555555555555556, "#d8576b"], [0.6666666666666666, "#ed7953"], [0.7777777777777778, "#fb9f3a"], [0.8888888888888888, "#fdca26"], [1.0, "#f0f921"]], "sequentialminus": [[0.0, "#0d0887"], [0.1111111111111111, "#46039f"], [0.2222222222222222, "#7201a8"], [0.3333333333333333, "#9c179e"], [0.4444444444444444, "#bd3786"], [0.5555555555555556, "#d8576b"], [0.6666666666666666, "#ed7953"], [0.7777777777777778, "#fb9f3a"], [0.8888888888888888, "#fdca26"], [1.0, "#f0f921"]], "diverging": [[0, "#8e0152"], [0.1, "#c51b7d"], [0.2, "#de77ae"], [0.3, "#f1b6da"], [0.4, "#fde0ef"], [0.5, "#f7f7f7"], [0.6, "#e6f5d0"], [0.7, "#b8e186"], [0.8, "#7fbc41"], [0.9, "#4d9221"], [1, "#276419"]]}, "xaxis": {"gridcolor": "white", "linecolor": "white", "ticks": "", "title": {"standoff": 15}, "zerolinecolor": "white", "automargin": true, "zerolinewidth": 2}, "yaxis": {"gridcolor": "white", "linecolor": "white", "ticks": "", "title": {"standoff": 15}, "zerolinecolor": "white", "automargin": true, "zerolinewidth": 2}, "scene": {"xaxis": {"backgroundcolor": "#E5ECF6", "gridcolor": "white", "linecolor": "white", "showbackground": true, "ticks": "", "zerolinecolor": "white", "gridwidth": 2}, "yaxis": {"backgroundcolor": "#E5ECF6", "gridcolor": "white", "linecolor": "white", "showbackground": true, "ticks": "", "zerolinecolor": "white", "gridwidth": 2}, "zaxis": {"backgroundcolor": "#E5ECF6", "gridcolor": "white", "linecolor": "white", "showbackground": true, "ticks": "", "zerolinecolor": "white", "gridwidth": 2}}, "shapedefaults": {"line": {"color": "#2a3f5f"}}, "annotationdefaults": {"arrowcolor": "#2a3f5f", "arrowhead": 0, "arrowwidth": 1}, "geo": {"bgcolor": "white", "landcolor": "#E5ECF6", "subunitcolor": "white", "showland": true, "showlakes": true, "lakecolor": "white"}, "title": {"x": 0.05}, "mapbox": {"style": "light"}}}}}