{"data": [{"z": [[2.711599826812744, -0.37164366245269775, -0.9077760577201843, -0.14394639432430267, -0.022911636158823967, 2.7852416038513184, -1.5941267013549805, -0.45528748631477356, -1.7840384244918823, 0.8501984477043152, 0.6762754321098328, 2.2537670135498047, 2.0251801013946533, -2.034331798553467, 3.0889782905578613, -1.9348865747451782, -1.5513721704483032, -2.210162401199341, 1.1844333410263062, 0.6361306309700012, 0.9881043434143066], [-0.37164366245269775, 1.686550259590149, -0.4583912789821625, -1.5532485246658325, 0.18327708542346954, 0.8401946425437927, -2.91137957572937, -0.446225106716156, 1.271191120147705, -1.8964992761611938, -0.16405029594898224, -0.5443047285079956, -0.3144000172615051, 0.3560003340244293, 1.2776638269424438, 1.2927849292755127, -1.3593087196350098, 0.45442914962768555, -0.7603344917297363, -1.4573640823364258, -0.6011963486671448], [-0.9077760577201843, -0.4583912789821625, 0.6542719602584839, 1.2601473331451416, 0.4999670088291168, -0.8819929361343384, 1.8953171968460083, 0.15170592069625854, 0.5561631917953491, 0.8100420236587524, -0.4742531478404999, -1.0917214155197144, -0.8086408972740173, 1.1018562316894531, -2.2270307540893555, -0.17547976970672607, 1.112722635269165, 0.9950564503669739, -0.6441572308540344, 0.3431687653064728, -0.3717651069164276], [-0.14394639432430267, -1.5532485246658325, 1.2601473331451416, 6.711638450622559, 3.93798828125, 3.4476327896118164, 5.916183948516846, -0.9656785726547241, 2.2224748134613037, 5.8742523193359375, 0.15401893854141235, 0.8094289898872375, 0.5041241645812988, 2.182497978210449, -4.352847099304199, -3.2726354598999023, 0.6886184215545654, 0.846342146396637, 0.8164308071136475, 3.9283413887023926, 0.4673178791999817], [-0.022911636158823967, 0.18327708542346954, 0.4999670088291168, 3.93798828125, 3.3011863231658936, 3.8126680850982666, 1.8307163715362549, -1.2206751108169556, 2.550243854522705, 3.082843780517578, -0.1102268174290657, 0.17122027277946472, 0.2907015383243561, 1.846199631690979, -2.0379295349121094, -1.8655873537063599, -0.7788023948669434, 0.8610439896583557, -0.16821709275245667, 1.7610583305358887, -0.14699749648571014], [2.7852416038513184, 0.8401946425437927, -0.8819929361343384, 3.4476327896118164, 3.8126680850982666, 8.366759300231934, -1.1833627223968506, -2.213559865951538, 1.9197778701782227, 3.5353212356567383, 1.286939263343811, 3.7277536392211914, 2.9822728633880615, -0.38808125257492065, 2.590813398361206, -3.1218063831329346, -3.871901035308838, -1.7222617864608765, 1.9730896949768066, 2.548609495162964, 1.1328171491622925], [-1.5941267013549805, -2.91137957572937, 1.8953171968460083, 5.916183948516846, 1.8307163715362549, -1.1833627223968506, 8.650246620178223, 0.43062853813171387, 0.8942826390266418, 5.312633991241455, 0.3146599531173706, 0.4072730541229248, -0.4250973165035248, 1.9004724025726318, -5.987887382507324, -1.8480110168457031, 3.1683928966522217, 1.1325805187225342, 1.4948439598083496, 4.151626110076904, 0.7310003042221069], [-0.45528748631477356, -0.446225106716156, 0.15170592069625854, -0.9656785726547241, -1.2206751108169556, -2.213559865951538, 0.43062853813171387, 0.6561977863311768, -0.9111912250518799, -0.7920325994491577, -0.14321783185005188, -0.5359503030776978, -0.5057041645050049, -0.28388848900794983, -0.3362516760826111, 0.6759659647941589, 1.0160844326019287, 0.08672727644443512, -0.12950433790683746, -0.4499513506889343, -0.05448613688349724], [-1.7840384244918823, 1.271191120147705, 0.5561631917953491, 2.2224748134613037, 2.550243854522705, 1.9197778701782227, 0.8942826390266418, -0.9111912250518799, 3.7593917846679688, 0.9216017723083496, -0.10364914685487747, -0.6558688879013062, -0.7751060128211975, 2.482262372970581, -2.2072391510009766, 0.656652569770813, -0.6688632369041443, 1.8576269149780273, -0.4303073585033417, 0.5948858261108398, -0.6648408770561218], [0.8501984477043152, -1.8964992761611938, 0.8100420236587524, 5.8742523193359375, 3.082843780517578, 3.5353212356567383, 5.312633991241455, -0.7920325994491577, 0.9216017723083496, 5.68892240524292, 0.7080119848251343, 2.0972530841827393, 1.3817788362503052, 0.8215602040290833, -2.6563520431518555, -3.4850285053253174, 0.327445387840271, -0.37001970410346985, 1.8220837116241455, 4.126659393310547, 1.1144495010375977], [0.6762754321098328, -0.16405029594898224, -0.4742531478404999, 0.15401893854141235, -0.1102268174290657, 1.286939263343811, 0.3146599531173706, -0.14321783185005188, -0.10364914685487747, 0.7080119848251343, 1.5402660369873047, 2.999509811401367, 1.543066382408142, -1.3062469959259033, 1.8976484537124634, 0.16241563856601715, -1.0347330570220947, -1.4811005592346191, 2.6901743412017822, 1.5296655893325806, 1.2906684875488281], [2.2537670135498047, -0.5443047285079956, -1.0917214155197144, 0.8094289898872375, 0.17122027277946472, 3.7277536392211914, 0.4072730541229248, -0.5359503030776978, -0.6558688879013062, 2.0972530841827393, 2.999509811401367, 6.257784843444824, 3.5722455978393555, -2.904021978378296, 4.203235626220703, -0.7630599141120911, -2.4130420684814453, -3.4062907695770264, 5.280484199523926, 3.2894670963287354, 2.7025365829467773], [2.0251801013946533, -0.3144000172615051, -0.8086408972740173, 0.5041241645812988, 0.2907015383243561, 2.9822728633880615, -0.4250973165035248, -0.5057041645050049, -0.7751060128211975, 1.3817788362503052, 1.543066382408142, 3.5722455978393555, 2.343500852584839, -1.9160631895065308, 2.929965019226074, -1.174721360206604, -1.7445179224014282, -2.2638657093048096, 2.700726270675659, 1.735346794128418, 1.5221197605133057], [-2.034331798553467, 0.3560003340244293, 1.1018562316894531, 2.182497978210449, 1.846199631690979, -0.38808125257492065, 1.9004724025726318, -0.28388848900794983, 2.482262372970581, 0.8215602040290833, -1.3062469959259033, -2.904021978378296, -1.9160631895065308, 2.9429872035980225, -4.074880123138428, 0.050326939672231674, 1.1454777717590332, 2.611764669418335, -2.2533748149871826, -0.22110281884670258, -1.3665986061096191], [3.0889782905578613, 1.2776638269424438, -2.2270307540893555, -4.352847099304199, -2.0379295349121094, 2.590813398361206, -5.987887382507324, -0.3362516760826111, -2.2072391510009766, -2.6563520431518555, 1.8976484537124634, 4.203235626220703, 2.929965019226074, -4.074880123138428, 7.708040237426758, 0.7269803285598755, -3.5988147258758545, -3.6618332862854004, 2.7585597038269043, -0.8469844460487366, 1.5498794317245483], [-1.9348865747451782, 1.2927849292755127, -0.17547976970672607, -3.2726354598999023, -1.8655873537063599, -3.1218063831329346, -1.8480110168457031, 0.6759659647941589, 0.656652569770813, -3.4850285053253174, 0.16241563856601715, -0.7630599141120911, -1.174721360206604, 0.050326939672231674, 0.7269803285598755, 3.5309789180755615, 0.15620014071464539, 0.7548210620880127, -0.07143507152795792, -1.8485883474349976, -0.4726371467113495], [-1.5513721704483032, -1.3593087196350098, 1.112722635269165, 0.6886184215545654, -0.7788023948669434, -3.871901035308838, 3.1683928966522217, 1.0160844326019287, -0.6688632369041443, 0.327445387840271, -1.0347330570220947, -2.4130420684814453, -1.7445179224014282, 1.1454777717590332, -3.5988147258758545, 0.15620014071464539, 2.9101951122283936, 1.4467417001724243, -1.3582520484924316, -0.14444443583488464, -0.650626540184021], [-2.210162401199341, 0.45442914962768555, 0.9950564503669739, 0.846342146396637, 0.8610439896583557, -1.7222617864608765, 1.1325805187225342, 0.08672727644443512, 1.8576269149780273, -0.37001970410346985, -1.4811005592346191, -3.4062907695770264, -2.2638657093048096, 2.611764669418335, -3.6618332862854004, 0.7548210620880127, 1.4467417001724243, 2.6150119304656982, -2.6014647483825684, -1.063246488571167, -1.5428181886672974], [1.1844333410263062, -0.7603344917297363, -0.6441572308540344, 0.8164308071136475, -0.16821709275245667, 1.9730896949768066, 1.4948439598083496, -0.12950433790683746, -0.4303073585033417, 1.8220837116241455, 2.6901743412017822, 5.280484199523926, 2.700726270675659, -2.2533748149871826, 2.7585597038269043, -0.07143507152795792, -1.3582520484924316, -2.6014647483825684, 4.837615966796875, 3.094404458999634, 2.373819589614868], [0.6361306309700012, -1.4573640823364258, 0.3431687653064728, 3.9283413887023926, 1.7610583305358887, 2.548609495162964, 4.151626110076904, -0.4499513506889343, 0.5948858261108398, 4.126659393310547, 1.5296655893325806, 3.2894670963287354, 1.735346794128418, -0.22110281884670258, -0.8469844460487366, -1.8485883474349976, -0.14444443583488464, -1.063246488571167, 3.094404458999634, 3.7872302532196045, 1.5938321352005005], [0.9881043434143066, -0.6011963486671448, -0.3717651069164276, 0.4673178791999817, -0.14699749648571014, 1.1328171491622925, 0.7310003042221069, -0.05448613688349724, -0.6648408770561218, 1.1144495010375977, 1.2906684875488281, 2.7025365829467773, 1.5221197605133057, -1.3665986061096191, 1.5498794317245483, -0.4726371467113495, -0.650626540184021, -1.5428181886672974, 2.373819589614868, 1.5938321352005005, 1.2588680982589722]], "type": "heatmap"}], "layout": {"template": {"data": {"histogram2dcontour": [{"type": "histogram2dcontour", "colorbar": {"outlinewidth": 0, "ticks": ""}, "colorscale": [[0.0, "#0d0887"], [0.1111111111111111, "#46039f"], [0.2222222222222222, "#7201a8"], [0.3333333333333333, "#9c179e"], [0.4444444444444444, "#bd3786"], [0.5555555555555556, "#d8576b"], [0.6666666666666666, "#ed7953"], [0.7777777777777778, "#fb9f3a"], [0.8888888888888888, "#fdca26"], [1.0, "#f0f921"]]}], "choropleth": [{"type": "choropleth", "colorbar": {"outlinewidth": 0, "ticks": ""}}], "histogram2d": [{"type": "histogram2d", "colorbar": {"outlinewidth": 0, "ticks": ""}, "colorscale": [[0.0, "#0d0887"], [0.1111111111111111, "#46039f"], [0.2222222222222222, "#7201a8"], [0.3333333333333333, "#9c179e"], [0.4444444444444444, "#bd3786"], [0.5555555555555556, "#d8576b"], [0.6666666666666666, "#ed7953"], [0.7777777777777778, "#fb9f3a"], [0.8888888888888888, "#fdca26"], [1.0, "#f0f921"]]}], "heatmap": [{"type": "heatmap", "colorbar": {"outlinewidth": 0, "ticks": ""}, "colorscale": [[0.0, "#0d0887"], [0.1111111111111111, "#46039f"], [0.2222222222222222, "#7201a8"], [0.3333333333333333, "#9c179e"], [0.4444444444444444, "#bd3786"], [0.5555555555555556, "#d8576b"], [0.6666666666666666, "#ed7953"], [0.7777777777777778, "#fb9f3a"], [0.8888888888888888, "#fdca26"], [1.0, "#f0f921"]]}], "heatmapgl": [{"type": "heatmapgl", "colorbar": {"outlinewidth": 0, "ticks": ""}, "colorscale": [[0.0, "#0d0887"], [0.1111111111111111, "#46039f"], [0.2222222222222222, "#7201a8"], [0.3333333333333333, "#9c179e"], [0.4444444444444444, "#bd3786"], [0.5555555555555556, "#d8576b"], [0.6666666666666666, "#ed7953"], [0.7777777777777778, "#fb9f3a"], [0.8888888888888888, "#fdca26"], [1.0, "#f0f921"]]}], "contourcarpet": [{"type": "contourcarpet", "colorbar": {"outlinewidth": 0, "ticks": ""}}], "contour": [{"type": "contour", "colorbar": {"outlinewidth": 0, "ticks": ""}, "colorscale": [[0.0, "#0d0887"], [0.1111111111111111, "#46039f"], [0.2222222222222222, "#7201a8"], [0.3333333333333333, "#9c179e"], [0.4444444444444444, "#bd3786"], [0.5555555555555556, "#d8576b"], [0.6666666666666666, "#ed7953"], [0.7777777777777778, "#fb9f3a"], [0.8888888888888888, "#fdca26"], [1.0, "#f0f921"]]}], "surface": [{"type": "surface", "colorbar": {"outlinewidth": 0, "ticks": ""}, "colorscale": [[0.0, "#0d0887"], [0.1111111111111111, "#46039f"], [0.2222222222222222, "#7201a8"], [0.3333333333333333, "#9c179e"], [0.4444444444444444, "#bd3786"], [0.5555555555555556, "#d8576b"], [0.6666666666666666, "#ed7953"], [0.7777777777777778, "#fb9f3a"], [0.8888888888888888, "#fdca26"], [1.0, "#f0f921"]]}], "mesh3d": [{"type": "mesh3d", "colorbar": {"outlinewidth": 0, "ticks": ""}}], "scatter": [{"fillpattern": {"fillmode": "overlay", "size": 10, "solidity": 0.2}, "type": "scatter"}], "parcoords": [{"type": "parcoords", "line": {"colorbar": {"outlinewidth": 0, "ticks": ""}}}], "scatterpolargl": [{"type": "scatterpolargl", "marker": {"colorbar": {"outlinewidth": 0, "ticks": ""}}}], "bar": [{"error_x": {"color": "#2a3f5f"}, "error_y": {"color": "#2a3f5f"}, "marker": {"line": {"color": "#E5ECF6", "width": 0.5}, "pattern": {"fillmode": "overlay", "size": 10, "solidity": 0.2}}, "type": "bar"}], "scattergeo": [{"type": "scattergeo", "marker": {"colorbar": {"outlinewidth": 0, "ticks": ""}}}], "scatterpolar": [{"type": "scatterpolar", "marker": {"colorbar": {"outlinewidth": 0, "ticks": ""}}}], "histogram": [{"marker": {"pattern": {"fillmode": "overlay", "size": 10, "solidity": 0.2}}, "type": "histogram"}], "scattergl": [{"type": "scattergl", "marker": {"colorbar": {"outlinewidth": 0, "ticks": ""}}}], "scatter3d": [{"type": "scatter3d", "line": {"colorbar": {"outlinewidth": 0, "ticks": ""}}, "marker": {"colorbar": {"outlinewidth": 0, "ticks": ""}}}], "scattermapbox": [{"type": "scattermapbox", "marker": {"colorbar": {"outlinewidth": 0, "ticks": ""}}}], "scatterternary": [{"type": "scatterternary", "marker": {"colorbar": {"outlinewidth": 0, "ticks": ""}}}], "scattercarpet": [{"type": "scattercarpet", "marker": {"colorbar": {"outlinewidth": 0, "ticks": ""}}}], "carpet": [{"aaxis": {"endlinecolor": "#2a3f5f", "gridcolor": "white", "linecolor": "white", "minorgridcolor": "white", "startlinecolor": "#2a3f5f"}, "baxis": {"endlinecolor": "#2a3f5f", "gridcolor": "white", "linecolor": "white", "minorgridcolor": "white", "startlinecolor": "#2a3f5f"}, "type": "carpet"}], "table": [{"cells": {"fill": {"color": "#EBF0F8"}, "line": {"color": "white"}}, "header": {"fill": {"color": "#C8D4E3"}, "line": {"color": "white"}}, "type": "table"}], "barpolar": [{"marker": {"line": {"color": "#E5ECF6", "width": 0.5}, "pattern": {"fillmode": "overlay", "size": 10, "solidity": 0.2}}, "type": "barpolar"}], "pie": [{"automargin": true, "type": "pie"}]}, "layout": {"autotypenumbers": "strict", "colorway": ["#636efa", "#EF553B", "#00cc96", "#ab63fa", "#FFA15A", "#19d3f3", "#FF6692", "#B6E880", "#FF97FF", "#FECB52"], "font": {"color": "#2a3f5f"}, "hovermode": "closest", "hoverlabel": {"align": "left"}, "paper_bgcolor": "white", "plot_bgcolor": "#E5ECF6", "polar": {"bgcolor": "#E5ECF6", "angularaxis": {"gridcolor": "white", "linecolor": "white", "ticks": ""}, "radialaxis": {"gridcolor": "white", "linecolor": "white", "ticks": ""}}, "ternary": {"bgcolor": "#E5ECF6", "aaxis": {"gridcolor": "white", "linecolor": "white", "ticks": ""}, "baxis": {"gridcolor": "white", "linecolor": "white", "ticks": ""}, "caxis": {"gridcolor": "white", "linecolor": "white", "ticks": ""}}, "coloraxis": {"colorbar": {"outlinewidth": 0, "ticks": ""}}, "colorscale": {"sequential": [[0.0, "#0d0887"], [0.1111111111111111, "#46039f"], [0.2222222222222222, "#7201a8"], [0.3333333333333333, "#9c179e"], [0.4444444444444444, "#bd3786"], [0.5555555555555556, "#d8576b"], [0.6666666666666666, "#ed7953"], [0.7777777777777778, "#fb9f3a"], [0.8888888888888888, "#fdca26"], [1.0, "#f0f921"]], "sequentialminus": [[0.0, "#0d0887"], [0.1111111111111111, "#46039f"], [0.2222222222222222, "#7201a8"], [0.3333333333333333, "#9c179e"], [0.4444444444444444, "#bd3786"], [0.5555555555555556, "#d8576b"], [0.6666666666666666, "#ed7953"], [0.7777777777777778, "#fb9f3a"], [0.8888888888888888, "#fdca26"], [1.0, "#f0f921"]], "diverging": [[0, "#8e0152"], [0.1, "#c51b7d"], [0.2, "#de77ae"], [0.3, "#f1b6da"], [0.4, "#fde0ef"], [0.5, "#f7f7f7"], [0.6, "#e6f5d0"], [0.7, "#b8e186"], [0.8, "#7fbc41"], [0.9, "#4d9221"], [1, "#276419"]]}, "xaxis": {"gridcolor": "white", "linecolor": "white", "ticks": "", "title": {"standoff": 15}, "zerolinecolor": "white", "automargin": true, "zerolinewidth": 2}, "yaxis": {"gridcolor": "white", "linecolor": "white", "ticks": "", "title": {"standoff": 15}, "zerolinecolor": "white", "automargin": true, "zerolinewidth": 2}, "scene": {"xaxis": {"backgroundcolor": "#E5ECF6", "gridcolor": "white", "linecolor": "white", "showbackground": true, "ticks": "", "zerolinecolor": "white", "gridwidth": 2}, "yaxis": {"backgroundcolor": "#E5ECF6", "gridcolor": "white", "linecolor": "white", "showbackground": true, "ticks": "", "zerolinecolor": "white", "gridwidth": 2}, "zaxis": {"backgroundcolor": "#E5ECF6", "gridcolor": "white", "linecolor": "white", "showbackground": true, "ticks": "", "zerolinecolor": "white", "gridwidth": 2}}, "shapedefaults": {"line": {"color": "#2a3f5f"}}, "annotationdefaults": {"arrowcolor": "#2a3f5f", "arrowhead": 0, "arrowwidth": 1}, "geo": {"bgcolor": "white", "landcolor": "#E5ECF6", "subunitcolor": "white", "showland": true, "showlakes": true, "lakecolor": "white"}, "title": {"x": 0.05}, "mapbox": {"style": "light"}}}}}