{"data": [{"z": [[2.5876801013946533, -0.3023049831390381, -0.8858802914619446, 0.2229744791984558, 0.2694304287433624, 3.115220546722412, -0.969208300113678, -0.5859543681144714, -1.2988361120224, 1.2197206020355225, 1.111982822418213, 2.7767982482910156, 2.1886088848114014, -1.9580392837524414, 3.0585343837738037, -1.8612924814224243, -1.754839539527893, -2.2874093055725098, 1.9274673461914062, 1.1289472579956055, 1.1955817937850952], [-0.3023049831390381, 1.6818140745162964, -0.3576892912387848, -1.1098955869674683, 0.41873130202293396, 1.2611907720565796, -2.7531239986419678, -0.4061864912509918, 1.4052584171295166, -1.5413464307785034, -0.027811380103230476, -0.09572646021842957, 0.003950316924601793, 0.4058268368244171, 1.367311716079712, 1.365224003791809, -1.3695908784866333, 0.4504278004169464, -0.5649658441543579, -1.0611567497253418, -0.39987045526504517], [-0.8858802914619446, -0.3576892912387848, 0.7791039347648621, 1.6770999431610107, 0.7737583518028259, -0.48740801215171814, 2.161959648132324, 0.17365556955337524, 0.8413432240486145, 1.1396349668502808, -0.21810881793498993, -0.6532758474349976, -0.527371883392334, 1.222594141960144, -2.1365442276000977, -0.02659599296748638, 1.0722246170043945, 1.0356769561767578, -0.3351735472679138, 0.7366346716880798, -0.18211257457733154], [0.2229744791984558, -1.1098955869674683, 1.6770999431610107, 7.035604953765869, 4.224566459655762, 3.789950132369995, 5.93947696685791, -0.6427956819534302, 2.3343350887298584, 6.0061421394348145, 0.3599588871002197, 0.8327268362045288, 0.8931243419647217, 2.5692641735076904, -3.959223747253418, -2.8925817012786865, 0.9765474200248718, 1.2189327478408813, 0.5829140543937683, 4.002394676208496, 0.5420693755149841], [0.2694304287433624, 0.41873130202293396, 0.7737583518028259, 4.224566459655762, 3.498106002807617, 4.1157097816467285, 1.821542739868164, -0.9923579692840576, 2.557215929031372, 3.2343368530273438, 0.008454235270619392, 0.26734524965286255, 0.6221139430999756, 2.05859112739563, -1.7488399744033813, -1.6538347005844116, -0.5786539316177368, 1.0687065124511719, -0.3528408706188202, 1.8732343912124634, -0.05537441000342369], [3.115220546722412, 1.2611907720565796, -0.48740801215171814, 3.789950132369995, 4.1157097816467285, 8.7351713180542, -1.1091735363006592, -1.9131486415863037, 2.064493179321289, 3.6825497150421143, 1.4896527528762817, 3.794140100479126, 3.373717784881592, -0.01200513169169426, 2.9626200199127197, -2.734612464904785, -3.615975856781006, -1.3711490631103516, 1.817944049835205, 2.6658875942230225, 1.2233691215515137], [-0.969208300113678, -2.7531239986419678, 2.161959648132324, 5.93947696685791, 1.821542739868164, -1.1091735363006592, 8.505097389221191, 0.7303994297981262, 0.42382320761680603, 5.360785007476807, 0.2866783142089844, 0.14822782576084137, -0.1591159701347351, 1.9822825193405151, -5.574876308441162, -1.9495311975479126, 3.512770652770996, 1.2601369619369507, 1.0645928382873535, 3.9636616706848145, 0.7160080671310425], [-0.5859543681144714, -0.4061864912509918, 0.17365556955337524, -0.6427956819534302, -0.9923579692840576, -1.9131486415863037, 0.7303994297981262, 0.5763411521911621, -0.5541396737098694, -0.5151945948600769, 0.09298694133758545, -0.10338344424962997, -0.354004442691803, -0.21834571659564972, -0.3656543493270874, 0.7866615056991577, 0.8727922439575195, 0.06272523105144501, 0.3128705620765686, -0.07427576184272766, 0.10603247582912445], [-1.2988361120224, 1.4052584171295166, 0.8413432240486145, 2.3343350887298584, 2.557215929031372, 2.064493179321289, 0.42382320761680603, -0.5541396737098694, 3.305922746658325, 0.9005870819091797, -0.349661260843277, -0.90175861120224, -0.47992125153541565, 2.6188576221466064, -1.8619108200073242, 0.7418266534805298, -0.27400368452072144, 2.102933406829834, -1.1922794580459595, 0.39749303460121155, -0.6924697160720825], [1.2197206020355225, -1.5413464307785034, 1.1396349668502808, 6.0061421394348145, 3.2343368530273438, 3.6825497150421143, 5.360785007476807, -0.5151945948600769, 0.9005870819091797, 5.728271007537842, 0.8723228573799133, 1.988961935043335, 1.6431658267974854, 1.099660038948059, -2.306804895401001, -3.2450811862945557, 0.5969105362892151, -0.094309963285923, 1.6285474300384521, 4.082415580749512, 1.1358044147491455], [1.111982822418213, -0.027811380103230476, -0.21810881793498993, 0.3599588871002197, 0.008454235270619392, 1.4896527528762817, 0.2866783142089844, 0.09298694133758545, -0.349661260843277, 0.8723228573799133, 1.5068905353546143, 2.9104650020599365, 1.817988395690918, -1.1592590808868408, 2.1667873859405518, 0.15018978714942932, -0.76444411277771, -1.32423996925354, 2.435973644256592, 1.5212141275405884, 1.3225399255752563], [2.7767982482910156, -0.09572646021842957, -0.6532758474349976, 0.8327268362045288, 0.26734524965286255, 3.794140100479126, 0.14822782576084137, -0.10338344424962997, -0.90175861120224, 1.988961935043335, 2.9104650020599365, 5.853365421295166, 3.8375253677368164, -2.532242774963379, 4.659759998321533, -0.4445972442626953, -1.954473853111267, -2.9651541709899902, 4.723000526428223, 2.9948220252990723, 2.620478391647339], [2.1886088848114014, 0.003950316924601793, -0.527371883392334, 0.8931243419647217, 0.6221139430999756, 3.373717784881592, -0.1591159701347351, -0.354004442691803, -0.47992125153541565, 1.6431658267974854, 1.817988395690918, 3.8375253677368164, 2.6749494075775146, -1.6200822591781616, 3.166290283203125, -0.8706977367401123, -1.6529268026351929, -2.043872594833374, 2.9162814617156982, 2.012394666671753, 1.665006160736084], [-1.9580392837524414, 0.4058268368244171, 1.222594141960144, 2.5692641735076904, 2.05859112739563, -0.01200513169169426, 1.9822825193405151, -0.21834571659564972, 2.6188576221466064, 1.099660038948059, -1.1592590808868408, -2.532242774963379, -1.6200822591781616, 3.02158522605896, -3.9596142768859863, 0.16847048699855804, 1.160526990890503, 2.652937173843384, -2.1785953044891357, 0.09883933514356613, -1.197637915611267], [3.0585343837738037, 1.367311716079712, -2.1365442276000977, -3.959223747253418, -1.7488399744033813, 2.9626200199127197, -5.574876308441162, -0.3656543493270874, -1.8619108200073242, -2.306804895401001, 2.1667873859405518, 4.659759998321533, 3.166290283203125, -3.9596142768859863, 7.7537665367126465, 0.858026921749115, -3.6936655044555664, -3.655864953994751, 3.2893588542938232, -0.42094627022743225, 1.7416446208953857], [-1.8612924814224243, 1.365224003791809, -0.02659599296748638, -2.8925817012786865, -1.6538347005844116, -2.734612464904785, -1.9495311975479126, 0.7866615056991577, 0.7418266534805298, -3.2450811862945557, 0.15018978714942932, -0.4445972442626953, -0.8706977367401123, 0.16847048699855804, 0.858026921749115, 3.719568967819214, 0.21660739183425903, 0.8674028515815735, -0.10150746256113052, -1.592734456062317, -0.3326679468154907], [-1.754839539527893, -1.3695908784866333, 1.0722246170043945, 0.9765474200248718, -0.5786539316177368, -3.615975856781006, 3.512770652770996, 0.8727922439575195, -0.27400368452072144, 0.5969105362892151, -0.76444411277771, -1.954473853111267, -1.6529268026351929, 1.160526990890503, -3.6936655044555664, 0.21660739183425903, 2.7039778232574463, 1.3626869916915894, -0.846551239490509, 0.2463037520647049, -0.4915420114994049], [-2.2874093055725098, 0.4504278004169464, 1.0356769561767578, 1.2189327478408813, 1.0687065124511719, -1.3711490631103516, 1.2601369619369507, 0.06272523105144501, 2.102933406829834, -0.094309963285923, -1.32423996925354, -2.9651541709899902, -2.043872594833374, 2.652937173843384, -3.655864953994751, 0.8674028515815735, 1.3626869916915894, 2.6038641929626465, -2.3923861980438232, -0.6953231692314148, -1.3701063394546509], [1.9274673461914062, -0.5649658441543579, -0.3351735472679138, 0.5829140543937683, -0.3528408706188202, 1.817944049835205, 1.0645928382873535, 0.3128705620765686, -1.1922794580459595, 1.6285474300384521, 2.435973644256592, 4.723000526428223, 2.9162814617156982, -2.1785953044891357, 3.2893588542938232, -0.10150746256113052, -0.846551239490509, -2.3923861980438232, 4.1178483963012695, 2.61580228805542, 2.257952928543091], [1.1289472579956055, -1.0611567497253418, 0.7366346716880798, 4.002394676208496, 1.8732343912124634, 2.6658875942230225, 3.9636616706848145, -0.07427576184272766, 0.39749303460121155, 4.082415580749512, 1.5212141275405884, 2.9948220252990723, 2.012394666671753, 0.09883933514356613, -0.42094627022743225, -1.592734456062317, 0.2463037520647049, -0.6953231692314148, 2.61580228805542, 3.5808498859405518, 1.5508618354797363], [1.1955817937850952, -0.39987045526504517, -0.18211257457733154, 0.5420693755149841, -0.05537441000342369, 1.2233691215515137, 0.7160080671310425, 0.10603247582912445, -0.6924697160720825, 1.1358044147491455, 1.3225399255752563, 2.620478391647339, 1.665006160736084, -1.197637915611267, 1.7416446208953857, -0.3326679468154907, -0.4915420114994049, -1.3701063394546509, 2.257952928543091, 1.5508618354797363, 1.2588680982589722]], "type": "heatmap"}], "layout": {"template": {"data": {"histogram2dcontour": [{"type": "histogram2dcontour", "colorbar": {"outlinewidth": 0, "ticks": ""}, "colorscale": [[0.0, "#0d0887"], [0.1111111111111111, "#46039f"], [0.2222222222222222, "#7201a8"], [0.3333333333333333, "#9c179e"], [0.4444444444444444, "#bd3786"], [0.5555555555555556, "#d8576b"], [0.6666666666666666, "#ed7953"], [0.7777777777777778, "#fb9f3a"], [0.8888888888888888, "#fdca26"], [1.0, "#f0f921"]]}], "choropleth": [{"type": "choropleth", "colorbar": {"outlinewidth": 0, "ticks": ""}}], "histogram2d": [{"type": "histogram2d", "colorbar": {"outlinewidth": 0, "ticks": ""}, "colorscale": [[0.0, "#0d0887"], [0.1111111111111111, "#46039f"], [0.2222222222222222, "#7201a8"], [0.3333333333333333, "#9c179e"], [0.4444444444444444, "#bd3786"], [0.5555555555555556, "#d8576b"], [0.6666666666666666, "#ed7953"], [0.7777777777777778, "#fb9f3a"], [0.8888888888888888, "#fdca26"], [1.0, "#f0f921"]]}], "heatmap": [{"type": "heatmap", "colorbar": {"outlinewidth": 0, "ticks": ""}, "colorscale": [[0.0, "#0d0887"], [0.1111111111111111, "#46039f"], [0.2222222222222222, "#7201a8"], [0.3333333333333333, "#9c179e"], [0.4444444444444444, "#bd3786"], [0.5555555555555556, "#d8576b"], [0.6666666666666666, "#ed7953"], [0.7777777777777778, "#fb9f3a"], [0.8888888888888888, "#fdca26"], [1.0, "#f0f921"]]}], "heatmapgl": [{"type": "heatmapgl", "colorbar": {"outlinewidth": 0, "ticks": ""}, "colorscale": [[0.0, "#0d0887"], [0.1111111111111111, "#46039f"], [0.2222222222222222, "#7201a8"], [0.3333333333333333, "#9c179e"], [0.4444444444444444, "#bd3786"], [0.5555555555555556, "#d8576b"], [0.6666666666666666, "#ed7953"], [0.7777777777777778, "#fb9f3a"], [0.8888888888888888, "#fdca26"], [1.0, "#f0f921"]]}], "contourcarpet": [{"type": "contourcarpet", "colorbar": {"outlinewidth": 0, "ticks": ""}}], "contour": [{"type": "contour", "colorbar": {"outlinewidth": 0, "ticks": ""}, "colorscale": [[0.0, "#0d0887"], [0.1111111111111111, "#46039f"], [0.2222222222222222, "#7201a8"], [0.3333333333333333, "#9c179e"], [0.4444444444444444, "#bd3786"], [0.5555555555555556, "#d8576b"], [0.6666666666666666, "#ed7953"], [0.7777777777777778, "#fb9f3a"], [0.8888888888888888, "#fdca26"], [1.0, "#f0f921"]]}], "surface": [{"type": "surface", "colorbar": {"outlinewidth": 0, "ticks": ""}, "colorscale": [[0.0, "#0d0887"], [0.1111111111111111, "#46039f"], [0.2222222222222222, "#7201a8"], [0.3333333333333333, "#9c179e"], [0.4444444444444444, "#bd3786"], [0.5555555555555556, "#d8576b"], [0.6666666666666666, "#ed7953"], [0.7777777777777778, "#fb9f3a"], [0.8888888888888888, "#fdca26"], [1.0, "#f0f921"]]}], "mesh3d": [{"type": "mesh3d", "colorbar": {"outlinewidth": 0, "ticks": ""}}], "scatter": [{"fillpattern": {"fillmode": "overlay", "size": 10, "solidity": 0.2}, "type": "scatter"}], "parcoords": [{"type": "parcoords", "line": {"colorbar": {"outlinewidth": 0, "ticks": ""}}}], "scatterpolargl": [{"type": "scatterpolargl", "marker": {"colorbar": {"outlinewidth": 0, "ticks": ""}}}], "bar": [{"error_x": {"color": "#2a3f5f"}, "error_y": {"color": "#2a3f5f"}, "marker": {"line": {"color": "#E5ECF6", "width": 0.5}, "pattern": {"fillmode": "overlay", "size": 10, "solidity": 0.2}}, "type": "bar"}], "scattergeo": [{"type": "scattergeo", "marker": {"colorbar": {"outlinewidth": 0, "ticks": ""}}}], "scatterpolar": [{"type": "scatterpolar", "marker": {"colorbar": {"outlinewidth": 0, "ticks": ""}}}], "histogram": [{"marker": {"pattern": {"fillmode": "overlay", "size": 10, "solidity": 0.2}}, "type": "histogram"}], "scattergl": [{"type": "scattergl", "marker": {"colorbar": {"outlinewidth": 0, "ticks": ""}}}], "scatter3d": [{"type": "scatter3d", "line": {"colorbar": {"outlinewidth": 0, "ticks": ""}}, "marker": {"colorbar": {"outlinewidth": 0, "ticks": ""}}}], "scattermapbox": [{"type": "scattermapbox", "marker": {"colorbar": {"outlinewidth": 0, "ticks": ""}}}], "scatterternary": [{"type": "scatterternary", "marker": {"colorbar": {"outlinewidth": 0, "ticks": ""}}}], "scattercarpet": [{"type": "scattercarpet", "marker": {"colorbar": {"outlinewidth": 0, "ticks": ""}}}], "carpet": [{"aaxis": {"endlinecolor": "#2a3f5f", "gridcolor": "white", "linecolor": "white", "minorgridcolor": "white", "startlinecolor": "#2a3f5f"}, "baxis": {"endlinecolor": "#2a3f5f", "gridcolor": "white", "linecolor": "white", "minorgridcolor": "white", "startlinecolor": "#2a3f5f"}, "type": "carpet"}], "table": [{"cells": {"fill": {"color": "#EBF0F8"}, "line": {"color": "white"}}, "header": {"fill": {"color": "#C8D4E3"}, "line": {"color": "white"}}, "type": "table"}], "barpolar": [{"marker": {"line": {"color": "#E5ECF6", "width": 0.5}, "pattern": {"fillmode": "overlay", "size": 10, "solidity": 0.2}}, "type": "barpolar"}], "pie": [{"automargin": true, "type": "pie"}]}, "layout": {"autotypenumbers": "strict", "colorway": ["#636efa", "#EF553B", "#00cc96", "#ab63fa", "#FFA15A", "#19d3f3", "#FF6692", "#B6E880", "#FF97FF", "#FECB52"], "font": {"color": "#2a3f5f"}, "hovermode": "closest", "hoverlabel": {"align": "left"}, "paper_bgcolor": "white", "plot_bgcolor": "#E5ECF6", "polar": {"bgcolor": "#E5ECF6", "angularaxis": {"gridcolor": "white", "linecolor": "white", "ticks": ""}, "radialaxis": {"gridcolor": "white", "linecolor": "white", "ticks": ""}}, "ternary": {"bgcolor": "#E5ECF6", "aaxis": {"gridcolor": "white", "linecolor": "white", "ticks": ""}, "baxis": {"gridcolor": "white", "linecolor": "white", "ticks": ""}, "caxis": {"gridcolor": "white", "linecolor": "white", "ticks": ""}}, "coloraxis": {"colorbar": {"outlinewidth": 0, "ticks": ""}}, "colorscale": {"sequential": [[0.0, "#0d0887"], [0.1111111111111111, "#46039f"], [0.2222222222222222, "#7201a8"], [0.3333333333333333, "#9c179e"], [0.4444444444444444, "#bd3786"], [0.5555555555555556, "#d8576b"], [0.6666666666666666, "#ed7953"], [0.7777777777777778, "#fb9f3a"], [0.8888888888888888, "#fdca26"], [1.0, "#f0f921"]], "sequentialminus": [[0.0, "#0d0887"], [0.1111111111111111, "#46039f"], [0.2222222222222222, "#7201a8"], [0.3333333333333333, "#9c179e"], [0.4444444444444444, "#bd3786"], [0.5555555555555556, "#d8576b"], [0.6666666666666666, "#ed7953"], [0.7777777777777778, "#fb9f3a"], [0.8888888888888888, "#fdca26"], [1.0, "#f0f921"]], "diverging": [[0, "#8e0152"], [0.1, "#c51b7d"], [0.2, "#de77ae"], [0.3, "#f1b6da"], [0.4, "#fde0ef"], [0.5, "#f7f7f7"], [0.6, "#e6f5d0"], [0.7, "#b8e186"], [0.8, "#7fbc41"], [0.9, "#4d9221"], [1, "#276419"]]}, "xaxis": {"gridcolor": "white", "linecolor": "white", "ticks": "", "title": {"standoff": 15}, "zerolinecolor": "white", "automargin": true, "zerolinewidth": 2}, "yaxis": {"gridcolor": "white", "linecolor": "white", "ticks": "", "title": {"standoff": 15}, "zerolinecolor": "white", "automargin": true, "zerolinewidth": 2}, "scene": {"xaxis": {"backgroundcolor": "#E5ECF6", "gridcolor": "white", "linecolor": "white", "showbackground": true, "ticks": "", "zerolinecolor": "white", "gridwidth": 2}, "yaxis": {"backgroundcolor": "#E5ECF6", "gridcolor": "white", "linecolor": "white", "showbackground": true, "ticks": "", "zerolinecolor": "white", "gridwidth": 2}, "zaxis": {"backgroundcolor": "#E5ECF6", "gridcolor": "white", "linecolor": "white", "showbackground": true, "ticks": "", "zerolinecolor": "white", "gridwidth": 2}}, "shapedefaults": {"line": {"color": "#2a3f5f"}}, "annotationdefaults": {"arrowcolor": "#2a3f5f", "arrowhead": 0, "arrowwidth": 1}, "geo": {"bgcolor": "white", "landcolor": "#E5ECF6", "subunitcolor": "white", "showland": true, "showlakes": true, "lakecolor": "white"}, "title": {"x": 0.05}, "mapbox": {"style": "light"}}}}}