{"data": [{"z": [[2.427781105041504, 2.014693260192871, 1.7397687435150146, 0.9810627102851868, 0.9844967126846313, 1.4923129081726074, 0.9455678462982178, 2.407445192337036, 2.2636585235595703, 3.0068657398223877, 2.1014301776885986, 0.27932894229888916, 1.14751136302948, 1.5627191066741943, 0.719806432723999, 0.044793691486120224, 1.4182063341140747, 0.3736233711242676, 1.211519479751587, 2.8685712814331055, -0.028489165008068085], [2.014693260192871, 2.69488263130188, 0.3252135217189789, 0.49813199043273926, 1.5164498090744019, 3.8192992210388184, -1.4099231958389282, 2.0844621658325195, 1.9456846714019775, 1.2506953477859497, 1.410988688468933, 0.307108074426651, 0.0449858121573925, 1.4602259397506714, -0.7189658284187317, -1.5630520582199097, 0.399593710899353, 1.1202685832977295, 0.2011236548423767, 1.5150030851364136, -0.7722790241241455], [1.7397687435150146, 0.3252135217189789, 3.136467695236206, 0.48205041885375977, 0.19367673993110657, -2.377715587615967, 3.6814863681793213, 1.0908221006393433, 1.623367190361023, 2.9650776386260986, 3.6155247688293457, 0.6036848425865173, 1.7052924633026123, 1.3567830324172974, 3.641791820526123, 2.576317548751831, 2.8330092430114746, 0.5601148009300232, 2.7136037349700928, 2.544743776321411, 1.7232162952423096], [0.9810627102851868, 0.49813199043273926, 0.48205041885375977, 3.333692789077759, 0.19634252786636353, 1.793658971786499, -0.33329468965530396, 0.2773595154285431, 1.2625136375427246, 2.522725820541382, -1.2130168676376343, 0.18893380463123322, 3.440244436264038, -1.6399489641189575, -1.7287883758544922, -0.31587156653404236, 1.3274959325790405, 0.3992416262626648, 2.1703708171844482, 3.515867233276367, -0.2490321397781372], [0.9844967126846313, 1.5164498090744019, 0.19367673993110657, 0.19634252786636353, 0.9958017468452454, 2.2744030952453613, -0.9734526872634888, 0.7210404276847839, 1.0342559814453125, 0.20384491980075836, 1.2205238342285156, 0.3989468514919281, 0.057006675750017166, 0.7213273048400879, -0.06479588896036148, -0.7894298434257507, 0.5404456257820129, 1.2984967231750488, 0.5272017121315002, 0.5635325312614441, -0.14156760275363922], [1.4923129081726074, 3.8192992210388184, -2.377715587615967, 1.793658971786499, 2.2744030952453613, 8.914624214172363, -6.065650463104248, 1.508132815361023, 1.7577439546585083, -0.4941176772117615, -1.6060820817947388, 0.22246085107326508, 0.12684035301208496, -0.17059260606765747, -5.073441028594971, -4.849304676055908, -1.1707816123962402, 2.0952701568603516, -0.7984335422515869, 1.0590325593948364, -2.577706813812256], [0.9455678462982178, -1.4099231958389282, 3.6814863681793213, -0.33329468965530396, -0.9734526872634888, -6.065650463104248, 5.9523162841796875, 0.6832085251808167, 0.6440268158912659, 3.1721577644348145, 3.3691816329956055, 0.19653700292110443, 1.32308828830719, 1.3316487073898315, 5.003514289855957, 4.227685928344727, 2.597842216491699, -1.0841795206069946, 2.2321927547454834, 1.924973487854004, 2.3150570392608643], [2.407445192337036, 2.0844621658325195, 1.0908221006393433, 0.2773595154285431, 0.7210404276847839, 1.508132815361023, 0.6832085251808167, 3.370187520980835, 1.983471393585205, 3.10406494140625, 0.9686486124992371, -0.35466456413269043, -0.09519623965024948, 2.119910717010498, -0.28822121024131775, -0.6609723567962646, -0.0804915577173233, -1.2313565015792847, -0.7256320118904114, 2.328306198120117, -0.9920206665992737], [2.2636585235595703, 1.9456846714019775, 1.623367190361023, 1.2625136375427246, 1.0342559814453125, 1.7577439546585083, 0.6440268158912659, 1.983471393585205, 2.202533006668091, 2.743642568588257, 2.0081281661987305, 0.41361621022224426, 1.4750516414642334, 1.1722147464752197, 0.5916978120803833, -0.002407233463600278, 1.6242362260818481, 0.8082411885261536, 1.5977137088775635, 2.878150701522827, 0.08598276972770691], [3.0068657398223877, 1.2506953477859497, 2.9650776386260986, 2.522725820541382, 0.20384491980075836, -0.4941176772117615, 3.1721577644348145, 3.10406494140625, 2.743642568588257, 5.780612468719482, 1.4347540140151978, -0.04786314815282822, 3.117913246154785, 1.0327818393707275, 0.9084938764572144, 1.3167232275009155, 2.161945343017578, -1.2060613632202148, 2.116576671600342, 5.311718940734863, 0.17302796244621277], [2.1014301776885986, 1.410988688468933, 3.6155247688293457, -1.2130168676376343, 1.2205238342285156, -1.6060820817947388, 3.3691816329956055, 0.9686486124992371, 2.0081281661987305, 1.4347540140151978, 6.694854736328125, 1.3412814140319824, 0.25027143955230713, 2.9275972843170166, 5.754715919494629, 2.6840436458587646, 3.6256251335144043, 2.711113452911377, 3.1882643699645996, 1.0757887363433838, 2.549268960952759], [0.27932894229888916, 0.307108074426651, 0.6036848425865173, 0.18893380463123322, 0.3989468514919281, 0.22246085107326508, 0.19653700292110443, -0.35466456413269043, 0.41361621022224426, -0.04786314815282822, 1.3412814140319824, 0.5029464960098267, 0.5511977076530457, 0.08904246985912323, 0.999394953250885, 0.43307459354400635, 1.1005514860153198, 1.2869139909744263, 1.2734646797180176, 0.3025228977203369, 0.6846128106117249], [1.14751136302948, 0.0449858121573925, 1.7052924633026123, 3.440244436264038, 0.057006675750017166, 0.12684035301208496, 1.32308828830719, -0.09519623965024948, 1.4750516414642334, 3.117913246154785, 0.25027143955230713, 0.5511977076530457, 4.239361763000488, -1.5364234447479248, 0.13537046313285828, 1.1413273811340332, 2.6763193607330322, 0.9210195541381836, 3.6155223846435547, 4.076010704040527, 0.8494411706924438], [1.5627191066741943, 1.4602259397506714, 1.3567830324172974, -1.6399489641189575, 0.7213273048400879, -0.17059260606765747, 1.3316487073898315, 2.119910717010498, 1.1722147464752197, 1.0327818393707275, 2.9275972843170166, 0.08904246985912323, -1.5364234447479248, 2.77044677734375, 2.09102201461792, 0.38981086015701294, 0.33337923884391785, -0.08344341814517975, -0.5310738682746887, 0.0760750025510788, 0.18744100630283356], [0.719806432723999, -0.7189658284187317, 3.641791820526123, -1.7287883758544922, -0.06479588896036148, -5.073441028594971, 5.003514289855957, -0.28822121024131775, 0.5916978120803833, 0.9084938764572144, 5.754715919494629, 0.999394953250885, 0.13537046313285828, 2.09102201461792, 6.5925092697143555, 4.146887302398682, 3.3040308952331543, 1.4175537824630737, 2.889169931411743, 0.09120094776153564, 3.161546468734741], [0.044793691486120224, -1.5630520582199097, 2.576317548751831, -0.31587156653404236, -0.7894298434257507, -4.849304676055908, 4.227685928344727, -0.6609723567962646, -0.002407233463600278, 1.3167232275009155, 2.6840436458587646, 0.43307459354400635, 1.1413273811340332, 0.38981086015701294, 4.146887302398682, 3.460789203643799, 2.3074405193328857, 0.046205196529626846, 2.2852861881256104, 0.7514281272888184, 2.2523322105407715], [1.4182063341140747, 0.399593710899353, 2.8330092430114746, 1.3274959325790405, 0.5404456257820129, -1.1707816123962402, 2.597842216491699, -0.0804915577173233, 1.6242362260818481, 2.161945343017578, 3.6256251335144043, 1.1005514860153198, 2.6763193607330322, 0.33337923884391785, 3.3040308952331543, 2.3074405193328857, 3.5776000022888184, 2.1606035232543945, 3.9958763122558594, 2.633713960647583, 2.073300838470459], [0.3736233711242676, 1.1202685832977295, 0.5601148009300232, 0.3992416262626648, 1.2984967231750488, 2.0952701568603516, -1.0841795206069946, -1.2313565015792847, 0.8082411885261536, -1.2060613632202148, 2.711113452911377, 1.2869139909744263, 0.9210195541381836, -0.08344341814517975, 1.4175537824630737, 0.046205196529626846, 2.1606035232543945, 3.735092878341675, 2.689509391784668, 0.02959887869656086, 1.2392220497131348], [1.211519479751587, 0.2011236548423767, 2.7136037349700928, 2.1703708171844482, 0.5272017121315002, -0.7984335422515869, 2.2321927547454834, -0.7256320118904114, 1.5977137088775635, 2.116576671600342, 3.1882643699645996, 1.2734646797180176, 3.6155223846435547, -0.5310738682746887, 2.889169931411743, 2.2852861881256104, 3.9958763122558594, 2.689509391784668, 4.789357662200928, 3.0744924545288086, 2.2178046703338623], [2.8685712814331055, 1.5150030851364136, 2.544743776321411, 3.515867233276367, 0.5635325312614441, 1.0590325593948364, 1.924973487854004, 2.328306198120117, 2.878150701522827, 5.311718940734863, 1.0757887363433838, 0.3025228977203369, 4.076010704040527, 0.0760750025510788, 0.09120094776153564, 0.7514281272888184, 2.633713960647583, 0.02959887869656086, 3.0744924545288086, 5.6618428230285645, 0.19413639605045319], [-0.028489165008068085, -0.7722790241241455, 1.7232162952423096, -0.2490321397781372, -0.14156760275363922, -2.577706813812256, 2.3150570392608643, -0.9920206665992737, 0.08598276972770691, 0.17302796244621277, 2.549268960952759, 0.6846128106117249, 0.8494411706924438, 0.18744100630283356, 3.161546468734741, 2.2523322105407715, 2.073300838470459, 1.2392220497131348, 2.2178046703338623, 0.19413639605045319, 1.8743836879730225]], "type": "heatmap"}], "layout": {"template": {"data": {"histogram2dcontour": [{"type": "histogram2dcontour", "colorbar": {"outlinewidth": 0, "ticks": ""}, "colorscale": [[0.0, "#0d0887"], [0.1111111111111111, "#46039f"], [0.2222222222222222, "#7201a8"], [0.3333333333333333, "#9c179e"], [0.4444444444444444, "#bd3786"], [0.5555555555555556, "#d8576b"], [0.6666666666666666, "#ed7953"], [0.7777777777777778, "#fb9f3a"], [0.8888888888888888, "#fdca26"], [1.0, "#f0f921"]]}], "choropleth": [{"type": "choropleth", "colorbar": {"outlinewidth": 0, "ticks": ""}}], "histogram2d": [{"type": "histogram2d", "colorbar": {"outlinewidth": 0, "ticks": ""}, "colorscale": [[0.0, "#0d0887"], [0.1111111111111111, "#46039f"], [0.2222222222222222, "#7201a8"], [0.3333333333333333, "#9c179e"], [0.4444444444444444, "#bd3786"], [0.5555555555555556, "#d8576b"], [0.6666666666666666, "#ed7953"], [0.7777777777777778, "#fb9f3a"], [0.8888888888888888, "#fdca26"], [1.0, "#f0f921"]]}], "heatmap": [{"type": "heatmap", "colorbar": {"outlinewidth": 0, "ticks": ""}, "colorscale": [[0.0, "#0d0887"], [0.1111111111111111, "#46039f"], [0.2222222222222222, "#7201a8"], [0.3333333333333333, "#9c179e"], [0.4444444444444444, "#bd3786"], [0.5555555555555556, "#d8576b"], [0.6666666666666666, "#ed7953"], [0.7777777777777778, "#fb9f3a"], [0.8888888888888888, "#fdca26"], [1.0, "#f0f921"]]}], "heatmapgl": [{"type": "heatmapgl", "colorbar": {"outlinewidth": 0, "ticks": ""}, "colorscale": [[0.0, "#0d0887"], [0.1111111111111111, "#46039f"], [0.2222222222222222, "#7201a8"], [0.3333333333333333, "#9c179e"], [0.4444444444444444, "#bd3786"], [0.5555555555555556, "#d8576b"], [0.6666666666666666, "#ed7953"], [0.7777777777777778, "#fb9f3a"], [0.8888888888888888, "#fdca26"], [1.0, "#f0f921"]]}], "contourcarpet": [{"type": "contourcarpet", "colorbar": {"outlinewidth": 0, "ticks": ""}}], "contour": [{"type": "contour", "colorbar": {"outlinewidth": 0, "ticks": ""}, "colorscale": [[0.0, "#0d0887"], [0.1111111111111111, "#46039f"], [0.2222222222222222, "#7201a8"], [0.3333333333333333, "#9c179e"], [0.4444444444444444, "#bd3786"], [0.5555555555555556, "#d8576b"], [0.6666666666666666, "#ed7953"], [0.7777777777777778, "#fb9f3a"], [0.8888888888888888, "#fdca26"], [1.0, "#f0f921"]]}], "surface": [{"type": "surface", "colorbar": {"outlinewidth": 0, "ticks": ""}, "colorscale": [[0.0, "#0d0887"], [0.1111111111111111, "#46039f"], [0.2222222222222222, "#7201a8"], [0.3333333333333333, "#9c179e"], [0.4444444444444444, "#bd3786"], [0.5555555555555556, "#d8576b"], [0.6666666666666666, "#ed7953"], [0.7777777777777778, "#fb9f3a"], [0.8888888888888888, "#fdca26"], [1.0, "#f0f921"]]}], "mesh3d": [{"type": "mesh3d", "colorbar": {"outlinewidth": 0, "ticks": ""}}], "scatter": [{"fillpattern": {"fillmode": "overlay", "size": 10, "solidity": 0.2}, "type": "scatter"}], "parcoords": [{"type": "parcoords", "line": {"colorbar": {"outlinewidth": 0, "ticks": ""}}}], "scatterpolargl": [{"type": "scatterpolargl", "marker": {"colorbar": {"outlinewidth": 0, "ticks": ""}}}], "bar": [{"error_x": {"color": "#2a3f5f"}, "error_y": {"color": "#2a3f5f"}, "marker": {"line": {"color": "#E5ECF6", "width": 0.5}, "pattern": {"fillmode": "overlay", "size": 10, "solidity": 0.2}}, "type": "bar"}], "scattergeo": [{"type": "scattergeo", "marker": {"colorbar": {"outlinewidth": 0, "ticks": ""}}}], "scatterpolar": [{"type": "scatterpolar", "marker": {"colorbar": {"outlinewidth": 0, "ticks": ""}}}], "histogram": [{"marker": {"pattern": {"fillmode": "overlay", "size": 10, "solidity": 0.2}}, "type": "histogram"}], "scattergl": [{"type": "scattergl", "marker": {"colorbar": {"outlinewidth": 0, "ticks": ""}}}], "scatter3d": [{"type": "scatter3d", "line": {"colorbar": {"outlinewidth": 0, "ticks": ""}}, "marker": {"colorbar": {"outlinewidth": 0, "ticks": ""}}}], "scattermapbox": [{"type": "scattermapbox", "marker": {"colorbar": {"outlinewidth": 0, "ticks": ""}}}], "scatterternary": [{"type": "scatterternary", "marker": {"colorbar": {"outlinewidth": 0, "ticks": ""}}}], "scattercarpet": [{"type": "scattercarpet", "marker": {"colorbar": {"outlinewidth": 0, "ticks": ""}}}], "carpet": [{"aaxis": {"endlinecolor": "#2a3f5f", "gridcolor": "white", "linecolor": "white", "minorgridcolor": "white", "startlinecolor": "#2a3f5f"}, "baxis": {"endlinecolor": "#2a3f5f", "gridcolor": "white", "linecolor": "white", "minorgridcolor": "white", "startlinecolor": "#2a3f5f"}, "type": "carpet"}], "table": [{"cells": {"fill": {"color": "#EBF0F8"}, "line": {"color": "white"}}, "header": {"fill": {"color": "#C8D4E3"}, "line": {"color": "white"}}, "type": "table"}], "barpolar": [{"marker": {"line": {"color": "#E5ECF6", "width": 0.5}, "pattern": {"fillmode": "overlay", "size": 10, "solidity": 0.2}}, "type": "barpolar"}], "pie": [{"automargin": true, "type": "pie"}]}, "layout": {"autotypenumbers": "strict", "colorway": ["#636efa", "#EF553B", "#00cc96", "#ab63fa", "#FFA15A", "#19d3f3", "#FF6692", "#B6E880", "#FF97FF", "#FECB52"], "font": {"color": "#2a3f5f"}, "hovermode": "closest", "hoverlabel": {"align": "left"}, "paper_bgcolor": "white", "plot_bgcolor": "#E5ECF6", "polar": {"bgcolor": "#E5ECF6", "angularaxis": {"gridcolor": "white", "linecolor": "white", "ticks": ""}, "radialaxis": {"gridcolor": "white", "linecolor": "white", "ticks": ""}}, "ternary": {"bgcolor": "#E5ECF6", "aaxis": {"gridcolor": "white", "linecolor": "white", "ticks": ""}, "baxis": {"gridcolor": "white", "linecolor": "white", "ticks": ""}, "caxis": {"gridcolor": "white", "linecolor": "white", "ticks": ""}}, "coloraxis": {"colorbar": {"outlinewidth": 0, "ticks": ""}}, "colorscale": {"sequential": [[0.0, "#0d0887"], [0.1111111111111111, "#46039f"], [0.2222222222222222, "#7201a8"], [0.3333333333333333, "#9c179e"], [0.4444444444444444, "#bd3786"], [0.5555555555555556, "#d8576b"], [0.6666666666666666, "#ed7953"], [0.7777777777777778, "#fb9f3a"], [0.8888888888888888, "#fdca26"], [1.0, "#f0f921"]], "sequentialminus": [[0.0, "#0d0887"], [0.1111111111111111, "#46039f"], [0.2222222222222222, "#7201a8"], [0.3333333333333333, "#9c179e"], [0.4444444444444444, "#bd3786"], [0.5555555555555556, "#d8576b"], [0.6666666666666666, "#ed7953"], [0.7777777777777778, "#fb9f3a"], [0.8888888888888888, "#fdca26"], [1.0, "#f0f921"]], "diverging": [[0, "#8e0152"], [0.1, "#c51b7d"], [0.2, "#de77ae"], [0.3, "#f1b6da"], [0.4, "#fde0ef"], [0.5, "#f7f7f7"], [0.6, "#e6f5d0"], [0.7, "#b8e186"], [0.8, "#7fbc41"], [0.9, "#4d9221"], [1, "#276419"]]}, "xaxis": {"gridcolor": "white", "linecolor": "white", "ticks": "", "title": {"standoff": 15}, "zerolinecolor": "white", "automargin": true, "zerolinewidth": 2}, "yaxis": {"gridcolor": "white", "linecolor": "white", "ticks": "", "title": {"standoff": 15}, "zerolinecolor": "white", "automargin": true, "zerolinewidth": 2}, "scene": {"xaxis": {"backgroundcolor": "#E5ECF6", "gridcolor": "white", "linecolor": "white", "showbackground": true, "ticks": "", "zerolinecolor": "white", "gridwidth": 2}, "yaxis": {"backgroundcolor": "#E5ECF6", "gridcolor": "white", "linecolor": "white", "showbackground": true, "ticks": "", "zerolinecolor": "white", "gridwidth": 2}, "zaxis": {"backgroundcolor": "#E5ECF6", "gridcolor": "white", "linecolor": "white", "showbackground": true, "ticks": "", "zerolinecolor": "white", "gridwidth": 2}}, "shapedefaults": {"line": {"color": "#2a3f5f"}}, "annotationdefaults": {"arrowcolor": "#2a3f5f", "arrowhead": 0, "arrowwidth": 1}, "geo": {"bgcolor": "white", "landcolor": "#E5ECF6", "subunitcolor": "white", "showland": true, "showlakes": true, "lakecolor": "white"}, "title": {"x": 0.05}, "mapbox": {"style": "light"}}}}}