{"data": [{"z": [[2.392716407775879, 2.070671796798706, 1.726515293121338, 0.8907753825187683, 0.9198041558265686, 1.4446624517440796, 0.8828322887420654, 2.370396852493286, 2.314364433288574, 2.959545135498047, 2.21372652053833, 0.20821267366409302, 1.1803556680679321, 1.5048316717147827, 0.6658400297164917, -0.03391838073730469, 1.399050235748291, 0.32890596985816956, 1.2394429445266724, 2.876880168914795, -0.032784976065158844], [2.070671796798706, 2.7775495052337646, 0.40401455760002136, 0.4971330463886261, 1.4877502918243408, 3.8020238876342773, -1.40494704246521, 2.0956597328186035, 2.0675156116485596, 1.3300549983978271, 1.593651294708252, 0.2688019871711731, 0.17714367806911469, 1.4303061962127686, -0.7115718722343445, -1.590914249420166, 0.491516649723053, 1.1279222965240479, 0.3446957767009735, 1.6575393676757812, -0.742721438407898], [1.726515293121338, 0.40401455760002136, 3.146756172180176, 0.41222983598709106, 0.13608413934707642, -2.423147201538086, 3.6421756744384766, 1.068920373916626, 1.700104832649231, 2.9534664154052734, 3.7519330978393555, 0.5400109887123108, 1.761289119720459, 1.3034040927886963, 3.6023595333099365, 2.509589433670044, 2.8344852924346924, 0.5252618193626404, 2.7663753032684326, 2.591620445251465, 1.7264323234558105], [0.8907753825187683, 0.4971330463886261, 0.41222983598709106, 3.2746188640594482, 0.1316331923007965, 1.7351007461547852, -0.38896894454956055, 0.21687990427017212, 1.2447514533996582, 2.4361202716827393, -1.2604740858078003, 0.13899725675582886, 3.4470326900482178, -1.7166486978530884, -1.8138347864151, -0.3649637997150421, 1.238722801208496, 0.3278742730617523, 2.115652561187744, 3.4473559856414795, -0.2759965658187866], [0.9198041558265686, 1.4877502918243408, 0.13608413934707642, 0.1316331923007965, 0.9311255812644958, 2.220684289932251, -1.0327695608139038, 0.6661934852600098, 1.0016579627990723, 0.12608276307582855, 1.1863998174667358, 0.3395073711872101, 0.036093294620513916, 0.6602354049682617, -0.14230549335479736, -0.844515860080719, 0.47173237800598145, 1.226899266242981, 0.481117308139801, 0.5057168006896973, -0.16777776181697845], [1.4446624517440796, 3.8020238876342773, -2.423147201538086, 1.7351007461547852, 2.220684289932251, 8.886126518249512, -6.134891033172607, 1.4572274684906006, 1.7460875511169434, -0.5670912265777588, -1.6176037788391113, 0.16849415004253387, 0.13222837448120117, -0.22210343182086945, -5.14467191696167, -4.90601110458374, -1.218045949935913, 2.04374623298645, -0.8182456493377686, 1.0113931894302368, -2.5997397899627686], [0.8828322887420654, -1.40494704246521, 3.6421756744384766, -0.38896894454956055, -1.0327695608139038, -6.134891033172607, 5.924898624420166, 0.6459380388259888, 0.6335886120796204, 3.127131462097168, 3.3699774742126465, 0.14695723354816437, 1.314166784286499, 1.2705577611923218, 4.948397636413574, 4.1856160163879395, 2.541550874710083, -1.148939847946167, 2.1995272636413574, 1.9016059637069702, 2.3015294075012207], [2.370396852493286, 2.0956597328186035, 1.068920373916626, 0.21687990427017212, 0.6661934852600098, 1.4572274684906006, 0.6459380388259888, 3.354546308517456, 1.9931343793869019, 3.080810785293579, 1.0041112899780273, -0.4129328429698944, -0.08935931324958801, 2.0764877796173096, -0.34144455194473267, -0.7161400318145752, -0.11316608637571335, -1.2968209981918335, -0.7374778389930725, 2.3305296897888184, -1.006332278251648], [2.314364433288574, 2.0675156116485596, 1.700104832649231, 1.2447514533996582, 1.0016579627990723, 1.7460875511169434, 0.6335886120796204, 1.9931343793869019, 2.35105562210083, 2.814484119415283, 2.2281363010406494, 0.3682379722595215, 1.619641661643982, 1.1332932710647583, 0.5899749398231506, -0.04984969645738602, 1.7114776372909546, 0.8201286196708679, 1.7496371269226074, 3.0265581607818604, 0.11522343009710312], [2.959545135498047, 1.3300549983978271, 2.9534664154052734, 2.4361202716827393, 0.12608276307582855, -0.5670912265777588, 3.127131462097168, 3.080810785293579, 2.814484119415283, 5.758565902709961, 1.5479191541671753, -0.12699829041957855, 3.1783316135406494, 0.9604279398918152, 0.8429563045501709, 1.2384464740753174, 2.129715919494629, -1.279402256011963, 2.1391549110412598, 5.343790531158447, 0.16504885256290436], [2.21372652053833, 1.593651294708252, 3.7519330978393555, -1.2604740858078003, 1.1863998174667358, -1.6176037788391113, 3.3699774742126465, 1.0041112899780273, 2.2281363010406494, 1.5479191541671753, 7.061927318572998, 1.2766411304473877, 0.4146673381328583, 2.91494083404541, 5.789079666137695, 2.620136022567749, 3.7695820331573486, 2.741384744644165, 3.410407066345215, 1.293785572052002, 2.5976643562316895], [0.20821267366409302, 0.2688019871711731, 0.5400109887123108, 0.13899725675582886, 0.3395073711872101, 0.16849415004253387, 0.14695723354816437, -0.4129328429698944, 0.3682379722595215, -0.12699829041957855, 1.2766411304473877, 0.4545433521270752, 0.5255695581436157, 0.02631118707358837, 0.9239940643310547, 0.39148980379104614, 1.0243213176727295, 1.2186360359191895, 1.2162050008773804, 0.23521466553211212, 0.6578370928764343], [1.1803556680679321, 0.17714367806911469, 1.761289119720459, 3.4470326900482178, 0.036093294620513916, 0.13222837448120117, 1.314166784286499, -0.08935931324958801, 1.619641661643982, 3.1783316135406494, 0.4146673381328583, 0.5255695581436157, 4.393279552459717, -1.5828977823257446, 0.12033212184906006, 1.1055668592453003, 2.735966682434082, 0.9392324686050415, 3.7421908378601074, 4.202426910400391, 0.869533360004425], [1.5048316717147827, 1.4303061962127686, 1.3034040927886963, -1.7166486978530884, 0.6602354049682617, -0.22210343182086945, 1.2705577611923218, 2.0764877796173096, 1.1332932710647583, 0.9604279398918152, 2.91494083404541, 0.02631118707358837, -1.5828977823257446, 2.720860004425049, 2.021993637084961, 0.3263230323791504, 0.27228790521621704, -0.15358825027942657, -0.5798212289810181, 0.024722952395677567, 0.16320763528347015], [0.6658400297164917, -0.7115718722343445, 3.6023595333099365, -1.8138347864151, -0.14230549335479736, -5.14467191696167, 4.948397636413574, -0.34144455194473267, 0.5899749398231506, 0.8429563045501709, 5.789079666137695, 0.9239940643310547, 0.12033212184906006, 2.021993637084961, 6.520711421966553, 4.0770792961120605, 3.2483222484588623, 1.3447823524475098, 2.869128465652466, 0.0658227726817131, 3.1436493396759033], [-0.03391838073730469, -1.590914249420166, 2.509589433670044, -0.3649637997150421, -0.844515860080719, -4.90601110458374, 4.1856160163879395, -0.7161400318145752, -0.04984969645738602, 1.2384464740753174, 2.620136022567749, 0.39148980379104614, 1.1055668592453003, 0.3263230323791504, 4.0770792961120605, 3.4224581718444824, 2.225616931915283, -0.01758510246872902, 2.2196671962738037, 0.6832740306854248, 2.227804660797119], [1.399050235748291, 0.491516649723053, 2.8344852924346924, 1.238722801208496, 0.47173237800598145, -1.218045949935913, 2.541550874710083, -0.11316608637571335, 1.7114776372909546, 2.129715919494629, 3.7695820331573486, 1.0243213176727295, 2.735966682434082, 0.27228790521621704, 3.2483222484588623, 2.225616931915283, 3.5632357597351074, 2.1167314052581787, 4.043941020965576, 2.6664936542510986, 2.0695722103118896], [0.32890596985816956, 1.1279222965240479, 0.5252618193626404, 0.3278742730617523, 1.226899266242981, 2.04374623298645, -1.148939847946167, -1.2968209981918335, 0.8201286196708679, -1.279402256011963, 2.741384744644165, 1.2186360359191895, 0.9392324686050415, -0.15358825027942657, 1.3447823524475098, -0.01758510246872902, 2.1167314052581787, 3.680525302886963, 2.6920626163482666, 0.00020119998953305185, 1.2233842611312866], [1.2394429445266724, 0.3446957767009735, 2.7663753032684326, 2.115652561187744, 0.481117308139801, -0.8182456493377686, 2.1995272636413574, -0.7374778389930725, 1.7496371269226074, 2.1391549110412598, 3.410407066345215, 1.2162050008773804, 3.7421908378601074, -0.5798212289810181, 2.869128465652466, 2.2196671962738037, 4.043941020965576, 2.6920626163482666, 4.914428234100342, 3.1787638664245605, 2.237168073654175], [2.876880168914795, 1.6575393676757812, 2.591620445251465, 3.4473559856414795, 0.5057168006896973, 1.0113931894302368, 1.9016059637069702, 2.3305296897888184, 3.0265581607818604, 5.343790531158447, 1.293785572052002, 0.23521466553211212, 4.202426910400391, 0.024722952395677567, 0.0658227726817131, 0.6832740306854248, 2.6664936542510986, 0.00020119998953305185, 3.1787638664245605, 5.766791343688965, 0.20965486764907837], [-0.032784976065158844, -0.742721438407898, 1.7264323234558105, -0.2759965658187866, -0.16777776181697845, -2.5997397899627686, 2.3015294075012207, -1.006332278251648, 0.11522343009710312, 0.16504885256290436, 2.5976643562316895, 0.6578370928764343, 0.869533360004425, 0.16320763528347015, 3.1436493396759033, 2.227804660797119, 2.0695722103118896, 1.2233842611312866, 2.237168073654175, 0.20965486764907837, 1.8743836879730225]], "type": "heatmap"}], "layout": {"template": {"data": {"histogram2dcontour": [{"type": "histogram2dcontour", "colorbar": {"outlinewidth": 0, "ticks": ""}, "colorscale": [[0.0, "#0d0887"], [0.1111111111111111, "#46039f"], [0.2222222222222222, "#7201a8"], [0.3333333333333333, "#9c179e"], [0.4444444444444444, "#bd3786"], [0.5555555555555556, "#d8576b"], [0.6666666666666666, "#ed7953"], [0.7777777777777778, "#fb9f3a"], [0.8888888888888888, "#fdca26"], [1.0, "#f0f921"]]}], "choropleth": [{"type": "choropleth", "colorbar": {"outlinewidth": 0, "ticks": ""}}], "histogram2d": [{"type": "histogram2d", "colorbar": {"outlinewidth": 0, "ticks": ""}, "colorscale": [[0.0, "#0d0887"], [0.1111111111111111, "#46039f"], [0.2222222222222222, "#7201a8"], [0.3333333333333333, "#9c179e"], [0.4444444444444444, "#bd3786"], [0.5555555555555556, "#d8576b"], [0.6666666666666666, "#ed7953"], [0.7777777777777778, "#fb9f3a"], [0.8888888888888888, "#fdca26"], [1.0, "#f0f921"]]}], "heatmap": [{"type": "heatmap", "colorbar": {"outlinewidth": 0, "ticks": ""}, "colorscale": [[0.0, "#0d0887"], [0.1111111111111111, "#46039f"], [0.2222222222222222, "#7201a8"], [0.3333333333333333, "#9c179e"], [0.4444444444444444, "#bd3786"], [0.5555555555555556, "#d8576b"], [0.6666666666666666, "#ed7953"], [0.7777777777777778, "#fb9f3a"], [0.8888888888888888, "#fdca26"], [1.0, "#f0f921"]]}], "heatmapgl": [{"type": "heatmapgl", "colorbar": {"outlinewidth": 0, "ticks": ""}, "colorscale": [[0.0, "#0d0887"], [0.1111111111111111, "#46039f"], [0.2222222222222222, "#7201a8"], [0.3333333333333333, "#9c179e"], [0.4444444444444444, "#bd3786"], [0.5555555555555556, "#d8576b"], [0.6666666666666666, "#ed7953"], [0.7777777777777778, "#fb9f3a"], [0.8888888888888888, "#fdca26"], [1.0, "#f0f921"]]}], "contourcarpet": [{"type": "contourcarpet", "colorbar": {"outlinewidth": 0, "ticks": ""}}], "contour": [{"type": "contour", "colorbar": {"outlinewidth": 0, "ticks": ""}, "colorscale": [[0.0, "#0d0887"], [0.1111111111111111, "#46039f"], [0.2222222222222222, "#7201a8"], [0.3333333333333333, "#9c179e"], [0.4444444444444444, "#bd3786"], [0.5555555555555556, "#d8576b"], [0.6666666666666666, "#ed7953"], [0.7777777777777778, "#fb9f3a"], [0.8888888888888888, "#fdca26"], [1.0, "#f0f921"]]}], "surface": [{"type": "surface", "colorbar": {"outlinewidth": 0, "ticks": ""}, "colorscale": [[0.0, "#0d0887"], [0.1111111111111111, "#46039f"], [0.2222222222222222, "#7201a8"], [0.3333333333333333, "#9c179e"], [0.4444444444444444, "#bd3786"], [0.5555555555555556, "#d8576b"], [0.6666666666666666, "#ed7953"], [0.7777777777777778, "#fb9f3a"], [0.8888888888888888, "#fdca26"], [1.0, "#f0f921"]]}], "mesh3d": [{"type": "mesh3d", "colorbar": {"outlinewidth": 0, "ticks": ""}}], "scatter": [{"fillpattern": {"fillmode": "overlay", "size": 10, "solidity": 0.2}, "type": "scatter"}], "parcoords": [{"type": "parcoords", "line": {"colorbar": {"outlinewidth": 0, "ticks": ""}}}], "scatterpolargl": [{"type": "scatterpolargl", "marker": {"colorbar": {"outlinewidth": 0, "ticks": ""}}}], "bar": [{"error_x": {"color": "#2a3f5f"}, "error_y": {"color": "#2a3f5f"}, "marker": {"line": {"color": "#E5ECF6", "width": 0.5}, "pattern": {"fillmode": "overlay", "size": 10, "solidity": 0.2}}, "type": "bar"}], "scattergeo": [{"type": "scattergeo", "marker": {"colorbar": {"outlinewidth": 0, "ticks": ""}}}], "scatterpolar": [{"type": "scatterpolar", "marker": {"colorbar": {"outlinewidth": 0, "ticks": ""}}}], "histogram": [{"marker": {"pattern": {"fillmode": "overlay", "size": 10, "solidity": 0.2}}, "type": "histogram"}], "scattergl": [{"type": "scattergl", "marker": {"colorbar": {"outlinewidth": 0, "ticks": ""}}}], "scatter3d": [{"type": "scatter3d", "line": {"colorbar": {"outlinewidth": 0, "ticks": ""}}, "marker": {"colorbar": {"outlinewidth": 0, "ticks": ""}}}], "scattermapbox": [{"type": "scattermapbox", "marker": {"colorbar": {"outlinewidth": 0, "ticks": ""}}}], "scatterternary": [{"type": "scatterternary", "marker": {"colorbar": {"outlinewidth": 0, "ticks": ""}}}], "scattercarpet": [{"type": "scattercarpet", "marker": {"colorbar": {"outlinewidth": 0, "ticks": ""}}}], "carpet": [{"aaxis": {"endlinecolor": "#2a3f5f", "gridcolor": "white", "linecolor": "white", "minorgridcolor": "white", "startlinecolor": "#2a3f5f"}, "baxis": {"endlinecolor": "#2a3f5f", "gridcolor": "white", "linecolor": "white", "minorgridcolor": "white", "startlinecolor": "#2a3f5f"}, "type": "carpet"}], "table": [{"cells": {"fill": {"color": "#EBF0F8"}, "line": {"color": "white"}}, "header": {"fill": {"color": "#C8D4E3"}, "line": {"color": "white"}}, "type": "table"}], "barpolar": [{"marker": {"line": {"color": "#E5ECF6", "width": 0.5}, "pattern": {"fillmode": "overlay", "size": 10, "solidity": 0.2}}, "type": "barpolar"}], "pie": [{"automargin": true, "type": "pie"}]}, "layout": {"autotypenumbers": "strict", "colorway": ["#636efa", "#EF553B", "#00cc96", "#ab63fa", "#FFA15A", "#19d3f3", "#FF6692", "#B6E880", "#FF97FF", "#FECB52"], "font": {"color": "#2a3f5f"}, "hovermode": "closest", "hoverlabel": {"align": "left"}, "paper_bgcolor": "white", "plot_bgcolor": "#E5ECF6", "polar": {"bgcolor": "#E5ECF6", "angularaxis": {"gridcolor": "white", "linecolor": "white", "ticks": ""}, "radialaxis": {"gridcolor": "white", "linecolor": "white", "ticks": ""}}, "ternary": {"bgcolor": "#E5ECF6", "aaxis": {"gridcolor": "white", "linecolor": "white", "ticks": ""}, "baxis": {"gridcolor": "white", "linecolor": "white", "ticks": ""}, "caxis": {"gridcolor": "white", "linecolor": "white", "ticks": ""}}, "coloraxis": {"colorbar": {"outlinewidth": 0, "ticks": ""}}, "colorscale": {"sequential": [[0.0, "#0d0887"], [0.1111111111111111, "#46039f"], [0.2222222222222222, "#7201a8"], [0.3333333333333333, "#9c179e"], [0.4444444444444444, "#bd3786"], [0.5555555555555556, "#d8576b"], [0.6666666666666666, "#ed7953"], [0.7777777777777778, "#fb9f3a"], [0.8888888888888888, "#fdca26"], [1.0, "#f0f921"]], "sequentialminus": [[0.0, "#0d0887"], [0.1111111111111111, "#46039f"], [0.2222222222222222, "#7201a8"], [0.3333333333333333, "#9c179e"], [0.4444444444444444, "#bd3786"], [0.5555555555555556, "#d8576b"], [0.6666666666666666, "#ed7953"], [0.7777777777777778, "#fb9f3a"], [0.8888888888888888, "#fdca26"], [1.0, "#f0f921"]], "diverging": [[0, "#8e0152"], [0.1, "#c51b7d"], [0.2, "#de77ae"], [0.3, "#f1b6da"], [0.4, "#fde0ef"], [0.5, "#f7f7f7"], [0.6, "#e6f5d0"], [0.7, "#b8e186"], [0.8, "#7fbc41"], [0.9, "#4d9221"], [1, "#276419"]]}, "xaxis": {"gridcolor": "white", "linecolor": "white", "ticks": "", "title": {"standoff": 15}, "zerolinecolor": "white", "automargin": true, "zerolinewidth": 2}, "yaxis": {"gridcolor": "white", "linecolor": "white", "ticks": "", "title": {"standoff": 15}, "zerolinecolor": "white", "automargin": true, "zerolinewidth": 2}, "scene": {"xaxis": {"backgroundcolor": "#E5ECF6", "gridcolor": "white", "linecolor": "white", "showbackground": true, "ticks": "", "zerolinecolor": "white", "gridwidth": 2}, "yaxis": {"backgroundcolor": "#E5ECF6", "gridcolor": "white", "linecolor": "white", "showbackground": true, "ticks": "", "zerolinecolor": "white", "gridwidth": 2}, "zaxis": {"backgroundcolor": "#E5ECF6", "gridcolor": "white", "linecolor": "white", "showbackground": true, "ticks": "", "zerolinecolor": "white", "gridwidth": 2}}, "shapedefaults": {"line": {"color": "#2a3f5f"}}, "annotationdefaults": {"arrowcolor": "#2a3f5f", "arrowhead": 0, "arrowwidth": 1}, "geo": {"bgcolor": "white", "landcolor": "#E5ECF6", "subunitcolor": "white", "showland": true, "showlakes": true, "lakecolor": "white"}, "title": {"x": 0.05}, "mapbox": {"style": "light"}}}}}