{"data": [{"z": [[2.2053444385528564, 2.257176160812378, 1.6119279861450195, 0.5789377093315125, 0.6678925156593323, 1.2333518266677856, 0.6351479887962341, 2.1844282150268555, 2.4643843173980713, 2.739675521850586, 2.4997482299804688, -0.049893006682395935, 1.1771525144577026, 1.2612169981002808, 0.4380916953086853, -0.31580105423927307, 1.257758617401123, 0.11703623086214066, 1.2723259925842285, 2.850755453109741, -0.06076965481042862], [2.257176160812378, 3.236720323562622, 0.6539561748504639, 0.413499653339386, 1.3642374277114868, 3.745481014251709, -1.4616806507110596, 2.144183397293091, 2.609748601913452, 1.5820832252502441, 2.341081380844116, 0.08706489205360413, 0.5175724625587463, 1.3248580694198608, -0.7257804274559021, -1.7794976234436035, 0.756933867931366, 1.103310227394104, 0.8264917731285095, 2.166924476623535, -0.658800482749939], [1.6119279861450195, 0.6539561748504639, 3.1053688526153564, 0.14224916696548462, -0.0938577651977539, -2.6214137077331543, 3.4493818283081055, 0.9226508140563965, 1.9389311075210571, 2.829983711242676, 4.157534599304199, 0.2944876253604889, 1.8582888841629028, 1.076254963874817, 3.414332389831543, 2.246843099594116, 2.7565057277679443, 0.34815385937690735, 2.8870692253112793, 2.6796510219573975, 1.7229994535446167], [0.5789377093315125, 0.413499653339386, 0.14224916696548462, 3.1034860610961914, -0.05707798898220062, 1.555949330329895, -0.5726255774497986, 0.000297199614578858, 1.09075927734375, 2.1245546340942383, -1.5465712547302246, 0.0013715786626562476, 3.3842720985412598, -1.9464914798736572, -2.084446907043457, -0.5025665760040283, 0.9086058735847473, 0.09183535724878311, 1.8480091094970703, 3.1587517261505127, -0.37433916330337524], [0.6678925156593323, 1.3642374277114868, -0.0938577651977539, -0.05707798898220062, 0.7285463213920593, 2.0401785373687744, -1.2290043830871582, 0.46641573309898376, 0.8469823002815247, -0.15903662145137787, 0.9708290100097656, 0.16796210408210754, -0.12432724237442017, 0.45514848828315735, -0.40037810802459717, -1.004859447479248, 0.20439521968364716, 0.9816557765007019, 0.27296680212020874, 0.26015400886535645, -0.2611179053783417], [1.2333518266677856, 3.745481014251709, -2.6214137077331543, 1.555949330329895, 2.0401785373687744, 8.775219917297363, -6.368837356567383, 1.2706782817840576, 1.6566951274871826, -0.8378962874412537, -1.7817374467849731, 0.007462064269930124, -0.0006323211709968746, -0.4053214490413666, -5.3882927894592285, -5.080929279327393, -1.4315917491912842, 1.8440754413604736, -0.9669915437698364, 0.7959261536598206, -2.6859169006347656], [0.6351479887962341, -1.4616806507110596, 3.4493818283081055, -0.5726255774497986, -1.2290043830871582, -6.368837356567383, 5.8065338134765625, 0.4812883734703064, 0.5370625257492065, 2.9134154319763184, 3.273754358291626, -0.01565525121986866, 1.2476893663406372, 1.0586508512496948, 4.732601165771484, 4.0458502769470215, 2.2958409786224365, -1.383940577507019, 2.028625011444092, 1.747469425201416, 2.240443468093872], [2.1844282150268555, 2.144183397293091, 0.9226508140563965, 0.000297199614578858, 0.46641573309898376, 1.2706782817840576, 0.4812883734703064, 3.2591354846954346, 1.9979066848754883, 2.927440643310547, 1.0235300064086914, -0.6125922203063965, -0.1822478473186493, 1.9036188125610352, -0.5597591996192932, -0.9159094095230103, -0.29477429389953613, -1.5468409061431885, -0.8472287058830261, 2.2647993564605713, -1.0734270811080933], [2.4643843173980713, 2.609748601913452, 1.9389311075210571, 1.09075927734375, 0.8469823002815247, 1.6566951274871826, 0.5370625257492065, 1.9979066848754883, 2.95525860786438, 3.014437675476074, 3.098914861679077, 0.15476377308368683, 2.0047340393066406, 0.9840981960296631, 0.56056147813797, -0.2873291075229645, 1.958757996559143, 0.7977976202964783, 2.260145425796509, 3.5340402126312256, 0.2132018655538559], [2.739675521850586, 1.5820832252502441, 2.829983711242676, 2.1245546340942383, -0.15903662145137787, -0.8378962874412537, 2.9134154319763184, 2.927440643310547, 3.014437675476074, 5.596343994140625, 1.8343883752822876, -0.41229090094566345, 3.2684340476989746, 0.6791012287139893, 0.5740463137626648, 0.9440818428993225, 1.9422342777252197, -1.5678566694259644, 2.141331672668457, 5.380308151245117, 0.12299897521734238], [2.4997482299804688, 2.341081380844116, 4.157534599304199, -1.5465712547302246, 0.9708290100097656, -1.7817374467849731, 3.273754358291626, 1.0235300064086914, 3.098914861679077, 1.8343883752822876, 8.460161209106445, 0.9591006636619568, 0.8674508333206177, 2.7748823165893555, 5.834175109863281, 2.297179698944092, 4.169895172119141, 2.7305760383605957, 4.183324337005615, 2.0119073390960693, 2.766333818435669], [-0.049893006682395935, 0.08706489205360413, 0.2944876253604889, 0.0013715786626562476, 0.16796210408210754, 0.007462064269930124, -0.01565525121986866, -0.6125922203063965, 0.15476377308368683, -0.41229090094566345, 0.9591006636619568, 0.3252714276313782, 0.3715739846229553, -0.16619537770748138, 0.6772163510322571, 0.27786293625831604, 0.7370419502258301, 0.9954828023910522, 0.9652537703514099, -0.04689955338835716, 0.5597108602523804], [1.1771525144577026, 0.5175724625587463, 1.8582888841629028, 3.3842720985412598, -0.12432724237442017, -0.0006323211709968746, 1.2476893663406372, -0.1822478473186493, 2.0047340393066406, 3.2684340476989746, 0.8674508333206177, 0.3715739846229553, 4.802136421203613, -1.8106454610824585, 0.015722116455435753, 0.9587289690971375, 2.814634323120117, 0.8713578581809998, 4.050065040588379, 4.511580944061279, 0.9233577847480774], [1.2612169981002808, 1.3248580694198608, 1.076254963874817, -1.9464914798736572, 0.45514848828315735, -0.4053214490413666, 1.0586508512496948, 1.9036188125610352, 0.9840981960296631, 0.6791012287139893, 2.7748823165893555, -0.16619537770748138, -1.8106454610824585, 2.5310988426208496, 1.7690521478652954, 0.12996791303157806, 0.023203540593385696, -0.4023160934448242, -0.77873295545578, -0.19655506312847137, 0.07323234528303146], [0.4380916953086853, -0.7257804274559021, 3.414332389831543, -2.084446907043457, -0.40037810802459717, -5.3882927894592285, 4.732601165771484, -0.5597591996192932, 0.56056147813797, 0.5740463137626648, 5.834175109863281, 0.6772163510322571, 0.015722116455435753, 1.7690521478652954, 6.24574089050293, 3.838703155517578, 3.0051910877227783, 1.076801061630249, 2.7644011974334717, -0.07778787612915039, 3.073002338409424], [-0.31580105423927307, -1.7794976234436035, 2.246843099594116, -0.5025665760040283, -1.004859447479248, -5.080929279327393, 4.0458502769470215, -0.9159094095230103, -0.2873291075229645, 0.9440818428993225, 2.297179698944092, 0.27786293625831604, 0.9587289690971375, 0.12996791303157806, 3.838703155517578, 3.320406436920166, 1.9156287908554077, -0.2299949824810028, 1.9403746128082275, 0.38776424527168274, 2.1346628665924072], [1.257758617401123, 0.756933867931366, 2.7565057277679443, 0.9086058735847473, 0.20439521968364716, -1.4315917491912842, 2.2958409786224365, -0.29477429389953613, 1.958757996559143, 1.9422342777252197, 4.169895172119141, 0.7370419502258301, 2.814634323120117, 0.023203540593385696, 3.0051910877227783, 1.9156287908554077, 3.415694236755371, 1.8897062540054321, 4.119665145874023, 2.695110559463501, 2.038133144378662], [0.11703623086214066, 1.103310227394104, 0.34815385937690735, 0.09183535724878311, 0.9816557765007019, 1.8440754413604736, -1.383940577507019, -1.5468409061431885, 0.7977976202964783, -1.5678566694259644, 2.7305760383605957, 0.9954828023910522, 0.8713578581809998, -0.4023160934448242, 1.076801061630249, -0.2299949824810028, 1.8897062540054321, 3.445171594619751, 2.609437942504883, -0.17761752009391785, 1.1529988050460815], [1.2723259925842285, 0.8264917731285095, 2.8870692253112793, 1.8480091094970703, 0.27296680212020874, -0.9669915437698364, 2.028625011444092, -0.8472287058830261, 2.260145425796509, 2.141331672668457, 4.183324337005615, 0.9652537703514099, 4.050065040588379, -0.77873295545578, 2.7644011974334717, 1.9403746128082275, 4.119665145874023, 2.609437942504883, 5.275338649749756, 3.4711079597473145, 2.2958052158355713], [2.850755453109741, 2.166924476623535, 2.6796510219573975, 3.1587517261505127, 0.26015400886535645, 0.7959261536598206, 1.747469425201416, 2.2647993564605713, 3.5340402126312256, 5.380308151245117, 2.0119073390960693, -0.04689955338835716, 4.511580944061279, -0.19655506312847137, -0.07778787612915039, 0.38776424527168274, 2.695110559463501, -0.17761752009391785, 3.4711079597473145, 6.084181308746338, 0.24767684936523438], [-0.06076965481042862, -0.658800482749939, 1.7229994535446167, -0.37433916330337524, -0.2611179053783417, -2.6859169006347656, 2.240443468093872, -1.0734270811080933, 0.2132018655538559, 0.12299897521734238, 2.766333818435669, 0.5597108602523804, 0.9233577847480774, 0.07323234528303146, 3.073002338409424, 2.1346628665924072, 2.038133144378662, 1.1529988050460815, 2.2958052158355713, 0.24767684936523438, 1.8743836879730225]], "type": "heatmap"}], "layout": {"template": {"data": {"histogram2dcontour": [{"type": "histogram2dcontour", "colorbar": {"outlinewidth": 0, "ticks": ""}, "colorscale": [[0.0, "#0d0887"], [0.1111111111111111, "#46039f"], [0.2222222222222222, "#7201a8"], [0.3333333333333333, "#9c179e"], [0.4444444444444444, "#bd3786"], [0.5555555555555556, "#d8576b"], [0.6666666666666666, "#ed7953"], [0.7777777777777778, "#fb9f3a"], [0.8888888888888888, "#fdca26"], [1.0, "#f0f921"]]}], "choropleth": [{"type": "choropleth", "colorbar": {"outlinewidth": 0, "ticks": ""}}], "histogram2d": [{"type": "histogram2d", "colorbar": {"outlinewidth": 0, "ticks": ""}, "colorscale": [[0.0, "#0d0887"], [0.1111111111111111, "#46039f"], [0.2222222222222222, "#7201a8"], [0.3333333333333333, "#9c179e"], [0.4444444444444444, "#bd3786"], [0.5555555555555556, "#d8576b"], [0.6666666666666666, "#ed7953"], [0.7777777777777778, "#fb9f3a"], [0.8888888888888888, "#fdca26"], [1.0, "#f0f921"]]}], "heatmap": [{"type": "heatmap", "colorbar": {"outlinewidth": 0, "ticks": ""}, "colorscale": [[0.0, "#0d0887"], [0.1111111111111111, "#46039f"], [0.2222222222222222, "#7201a8"], [0.3333333333333333, "#9c179e"], [0.4444444444444444, "#bd3786"], [0.5555555555555556, "#d8576b"], [0.6666666666666666, "#ed7953"], [0.7777777777777778, "#fb9f3a"], [0.8888888888888888, "#fdca26"], [1.0, "#f0f921"]]}], "heatmapgl": [{"type": "heatmapgl", "colorbar": {"outlinewidth": 0, "ticks": ""}, "colorscale": [[0.0, "#0d0887"], [0.1111111111111111, "#46039f"], [0.2222222222222222, "#7201a8"], [0.3333333333333333, "#9c179e"], [0.4444444444444444, "#bd3786"], [0.5555555555555556, "#d8576b"], [0.6666666666666666, "#ed7953"], [0.7777777777777778, "#fb9f3a"], [0.8888888888888888, "#fdca26"], [1.0, "#f0f921"]]}], "contourcarpet": [{"type": "contourcarpet", "colorbar": {"outlinewidth": 0, "ticks": ""}}], "contour": [{"type": "contour", "colorbar": {"outlinewidth": 0, "ticks": ""}, "colorscale": [[0.0, "#0d0887"], [0.1111111111111111, "#46039f"], [0.2222222222222222, "#7201a8"], [0.3333333333333333, "#9c179e"], [0.4444444444444444, "#bd3786"], [0.5555555555555556, "#d8576b"], [0.6666666666666666, "#ed7953"], [0.7777777777777778, "#fb9f3a"], [0.8888888888888888, "#fdca26"], [1.0, "#f0f921"]]}], "surface": [{"type": "surface", "colorbar": {"outlinewidth": 0, "ticks": ""}, "colorscale": [[0.0, "#0d0887"], [0.1111111111111111, "#46039f"], [0.2222222222222222, "#7201a8"], [0.3333333333333333, "#9c179e"], [0.4444444444444444, "#bd3786"], [0.5555555555555556, "#d8576b"], [0.6666666666666666, "#ed7953"], [0.7777777777777778, "#fb9f3a"], [0.8888888888888888, "#fdca26"], [1.0, "#f0f921"]]}], "mesh3d": [{"type": "mesh3d", "colorbar": {"outlinewidth": 0, "ticks": ""}}], "scatter": [{"fillpattern": {"fillmode": "overlay", "size": 10, "solidity": 0.2}, "type": "scatter"}], "parcoords": [{"type": "parcoords", "line": {"colorbar": {"outlinewidth": 0, "ticks": ""}}}], "scatterpolargl": [{"type": "scatterpolargl", "marker": {"colorbar": {"outlinewidth": 0, "ticks": ""}}}], "bar": [{"error_x": {"color": "#2a3f5f"}, "error_y": {"color": "#2a3f5f"}, "marker": {"line": {"color": "#E5ECF6", "width": 0.5}, "pattern": {"fillmode": "overlay", "size": 10, "solidity": 0.2}}, "type": "bar"}], "scattergeo": [{"type": "scattergeo", "marker": {"colorbar": {"outlinewidth": 0, "ticks": ""}}}], "scatterpolar": [{"type": "scatterpolar", "marker": {"colorbar": {"outlinewidth": 0, "ticks": ""}}}], "histogram": [{"marker": {"pattern": {"fillmode": "overlay", "size": 10, "solidity": 0.2}}, "type": "histogram"}], "scattergl": [{"type": "scattergl", "marker": {"colorbar": {"outlinewidth": 0, "ticks": ""}}}], "scatter3d": [{"type": "scatter3d", "line": {"colorbar": {"outlinewidth": 0, "ticks": ""}}, "marker": {"colorbar": {"outlinewidth": 0, "ticks": ""}}}], "scattermapbox": [{"type": "scattermapbox", "marker": {"colorbar": {"outlinewidth": 0, "ticks": ""}}}], "scatterternary": [{"type": "scatterternary", "marker": {"colorbar": {"outlinewidth": 0, "ticks": ""}}}], "scattercarpet": [{"type": "scattercarpet", "marker": {"colorbar": {"outlinewidth": 0, "ticks": ""}}}], "carpet": [{"aaxis": {"endlinecolor": "#2a3f5f", "gridcolor": "white", "linecolor": "white", "minorgridcolor": "white", "startlinecolor": "#2a3f5f"}, "baxis": {"endlinecolor": "#2a3f5f", "gridcolor": "white", "linecolor": "white", "minorgridcolor": "white", "startlinecolor": "#2a3f5f"}, "type": "carpet"}], "table": [{"cells": {"fill": {"color": "#EBF0F8"}, "line": {"color": "white"}}, "header": {"fill": {"color": "#C8D4E3"}, "line": {"color": "white"}}, "type": "table"}], "barpolar": [{"marker": {"line": {"color": "#E5ECF6", "width": 0.5}, "pattern": {"fillmode": "overlay", "size": 10, "solidity": 0.2}}, "type": "barpolar"}], "pie": [{"automargin": true, "type": "pie"}]}, "layout": {"autotypenumbers": "strict", "colorway": ["#636efa", "#EF553B", "#00cc96", "#ab63fa", "#FFA15A", "#19d3f3", "#FF6692", "#B6E880", "#FF97FF", "#FECB52"], "font": {"color": "#2a3f5f"}, "hovermode": "closest", "hoverlabel": {"align": "left"}, "paper_bgcolor": "white", "plot_bgcolor": "#E5ECF6", "polar": {"bgcolor": "#E5ECF6", "angularaxis": {"gridcolor": "white", "linecolor": "white", "ticks": ""}, "radialaxis": {"gridcolor": "white", "linecolor": "white", "ticks": ""}}, "ternary": {"bgcolor": "#E5ECF6", "aaxis": {"gridcolor": "white", "linecolor": "white", "ticks": ""}, "baxis": {"gridcolor": "white", "linecolor": "white", "ticks": ""}, "caxis": {"gridcolor": "white", "linecolor": "white", "ticks": ""}}, "coloraxis": {"colorbar": {"outlinewidth": 0, "ticks": ""}}, "colorscale": {"sequential": [[0.0, "#0d0887"], [0.1111111111111111, "#46039f"], [0.2222222222222222, "#7201a8"], [0.3333333333333333, "#9c179e"], [0.4444444444444444, "#bd3786"], [0.5555555555555556, "#d8576b"], [0.6666666666666666, "#ed7953"], [0.7777777777777778, "#fb9f3a"], [0.8888888888888888, "#fdca26"], [1.0, "#f0f921"]], "sequentialminus": [[0.0, "#0d0887"], [0.1111111111111111, "#46039f"], [0.2222222222222222, "#7201a8"], [0.3333333333333333, "#9c179e"], [0.4444444444444444, "#bd3786"], [0.5555555555555556, "#d8576b"], [0.6666666666666666, "#ed7953"], [0.7777777777777778, "#fb9f3a"], [0.8888888888888888, "#fdca26"], [1.0, "#f0f921"]], "diverging": [[0, "#8e0152"], [0.1, "#c51b7d"], [0.2, "#de77ae"], [0.3, "#f1b6da"], [0.4, "#fde0ef"], [0.5, "#f7f7f7"], [0.6, "#e6f5d0"], [0.7, "#b8e186"], [0.8, "#7fbc41"], [0.9, "#4d9221"], [1, "#276419"]]}, "xaxis": {"gridcolor": "white", "linecolor": "white", "ticks": "", "title": {"standoff": 15}, "zerolinecolor": "white", "automargin": true, "zerolinewidth": 2}, "yaxis": {"gridcolor": "white", "linecolor": "white", "ticks": "", "title": {"standoff": 15}, "zerolinecolor": "white", "automargin": true, "zerolinewidth": 2}, "scene": {"xaxis": {"backgroundcolor": "#E5ECF6", "gridcolor": "white", "linecolor": "white", "showbackground": true, "ticks": "", "zerolinecolor": "white", "gridwidth": 2}, "yaxis": {"backgroundcolor": "#E5ECF6", "gridcolor": "white", "linecolor": "white", "showbackground": true, "ticks": "", "zerolinecolor": "white", "gridwidth": 2}, "zaxis": {"backgroundcolor": "#E5ECF6", "gridcolor": "white", "linecolor": "white", "showbackground": true, "ticks": "", "zerolinecolor": "white", "gridwidth": 2}}, "shapedefaults": {"line": {"color": "#2a3f5f"}}, "annotationdefaults": {"arrowcolor": "#2a3f5f", "arrowhead": 0, "arrowwidth": 1}, "geo": {"bgcolor": "white", "landcolor": "#E5ECF6", "subunitcolor": "white", "showland": true, "showlakes": true, "lakecolor": "white"}, "title": {"x": 0.05}, "mapbox": {"style": "light"}}}}}