{"data": [{"z": [[1.8896907567977905, 2.309601068496704, 1.3353898525238037, 0.28286242485046387, 0.39237433671951294, 0.98152095079422, 0.3570418953895569, 1.9299687147140503, 2.390327215194702, 2.379317045211792, 2.487065076828003, -0.3050762116909027, 0.9950323104858398, 0.9782151579856873, 0.1440269649028778, -0.5849229693412781, 0.9444597959518433, -0.1594228595495224, 1.0468671321868896, 2.555567979812622, -0.1225348711013794], [2.309601068496704, 3.816006660461426, 0.7294172048568726, 0.1857513040304184, 1.1772732734680176, 3.671253204345703, -1.6875133514404297, 2.108680009841919, 3.088822364807129, 1.6139092445373535, 3.0795228481292725, -0.17475257813930511, 0.6308022737503052, 1.1566847562789917, -0.8492475748062134, -2.113804340362549, 0.8281159400939941, 1.0151057243347168, 1.0881730318069458, 2.404865026473999, -0.6048582792282104], [1.3353898525238037, 0.7294172048568726, 2.8665101528167725, -0.15950869023799896, -0.3704646825790405, -2.876088857650757, 3.1842563152313232, 0.6788816452026367, 1.9210649728775024, 2.506009101867676, 4.279221057891846, 0.026040038093924522, 1.7546310424804688, 0.7946825623512268, 3.135817527770996, 1.9644883871078491, 2.4751768112182617, 0.08576500415802002, 2.7234601974487305, 2.4408488273620605, 1.6779959201812744], [0.28286242485046387, 0.1857513040304184, -0.15950869023799896, 3.0005502700805664, -0.18302537500858307, 1.4417383670806885, -0.7252591252326965, -0.17864634096622467, 0.7965435981750488, 1.8146566152572632, -2.0214321613311768, -0.07790199667215347, 3.260660171508789, -2.102769613265991, -2.3248021602630615, -0.5835743546485901, 0.5661963224411011, -0.10817420482635498, 1.4772107601165771, 2.7941718101501465, -0.4849775433540344], [0.39237433671951294, 1.1772732734680176, -0.3704646825790405, -0.18302537500858307, 0.5785850882530212, 1.9018598794937134, -1.3969990015029907, 0.2827262878417969, 0.5769394636154175, -0.46540823578834534, 0.5738769173622131, 0.06095109134912491, -0.3744153082370758, 0.28661200404167175, -0.6385161876678467, -1.107042670249939, -0.10512301325798035, 0.7654832005500793, -0.04569603130221367, -0.088775135576725, -0.3657553195953369], [0.98152095079422, 3.671253204345703, -2.876088857650757, 1.4417383670806885, 1.9018598794937134, 8.686409950256348, -6.568689346313477, 1.102608323097229, 1.4552114009857178, -1.1243934631347656, -2.1688268184661865, -0.09405321627855301, -0.25347059965133667, -0.5654322504997253, -5.623298645019531, -5.199548244476318, -1.7070462703704834, 1.6536921262741089, -1.2523330450057983, 0.4814940392971039, -2.786160469055176], [0.3570418953895569, -1.6875133514404297, 3.1842563152313232, -0.7252591252326965, -1.3969990015029907, -6.568689346313477, 5.681575298309326, 0.2975887954235077, 0.2853947877883911, 2.6305654048919678, 3.0067849159240723, -0.1454312801361084, 1.1137038469314575, 0.8750774264335632, 4.509300231933594, 3.9387989044189453, 1.9881857633590698, -1.610960602760315, 1.731894850730896, 1.442214012145996, 2.1581528186798096], [1.9299687147140503, 2.108680009841919, 0.6788816452026367, -0.17864634096622467, 0.2827262878417969, 1.102608323097229, 0.2975887954235077, 3.10634183883667, 1.8615120649337769, 2.6738102436065674, 0.8297656178474426, -0.7765394449234009, -0.3816928267478943, 1.7147095203399658, -0.8037431836128235, -1.0871433019638062, -0.5686972141265869, -1.7835333347320557, -1.1063406467437744, 2.0222585201263428, -1.155570387840271], [2.390327215194702, 3.088822364807129, 1.9210649728775024, 0.7965435981750488, 0.5769394636154175, 1.4552114009857178, 0.2853947877883911, 1.8615120649337769, 3.337902545928955, 2.9277913570404053, 3.7548677921295166, -0.15984757244586945, 2.1140735149383545, 0.7262735366821289, 0.37384626269340515, -0.6411890983581543, 1.9188991785049438, 0.6218273639678955, 2.425490617752075, 3.648473024368286, 0.2575937807559967], [2.379317045211792, 1.6139092445373535, 2.506009101867676, 1.8146566152572632, -0.46540823578834534, -1.1243934631347656, 2.6305654048919678, 2.6738102436065674, 2.9277913570404053, 5.23325777053833, 1.7734895944595337, -0.699052631855011, 3.1622676849365234, 0.3639044165611267, 0.2223154753446579, 0.6468356251716614, 1.561279058456421, -1.907126784324646, 1.8442133665084839, 5.082095623016357, 0.0395209826529026], [2.487065076828003, 3.0795228481292725, 4.279221057891846, -2.0214321613311768, 0.5738769173622131, -2.1688268184661865, 3.0067849159240723, 0.8297656178474426, 3.7548677921295166, 1.7734895944595337, 9.757451057434082, 0.4981335997581482, 1.0260634422302246, 2.4450690746307373, 5.723479747772217, 1.8379325866699219, 4.2575201988220215, 2.533505916595459, 4.615872383117676, 2.2626214027404785, 2.919769048690796], [-0.3050762116909027, -0.17475257813930511, 0.026040038093924522, -0.07790199667215347, 0.06095109134912491, -0.09405321627855301, -0.1454312801361084, -0.7765394449234009, -0.15984757244586945, -0.699052631855011, 0.4981335997581482, 0.26384538412094116, 0.15362977981567383, -0.29839110374450684, 0.4658607244491577, 0.22329603135585785, 0.4365291893482208, 0.8140067458152771, 0.6363276839256287, -0.3996310830116272, 0.45141491293907166], [0.9950323104858398, 0.6308022737503052, 1.7546310424804688, 3.260660171508789, -0.3744153082370758, -0.25347059965133667, 1.1137038469314575, -0.3816928267478943, 2.1140735149383545, 3.1622676849365234, 1.0260634422302246, 0.15362977981567383, 5.036655426025391, -2.11041522026062, -0.19585490226745605, 0.779066264629364, 2.6843225955963135, 0.6643134951591492, 4.0697221755981445, 4.517294406890869, 0.9351298809051514], [0.9782151579856873, 1.1566847562789917, 0.7946825623512268, -2.102769613265991, 0.28661200404167175, -0.5654322504997253, 0.8750774264335632, 1.7147095203399658, 0.7262735366821289, 0.3639044165611267, 2.4450690746307373, -0.29839110374450684, -2.11041522026062, 2.343644142150879, 1.5198544263839722, -0.0029132384806871414, -0.28141117095947266, -0.6303157210350037, -1.0832334756851196, -0.5336928963661194, -0.027012594044208527], [0.1440269649028778, -0.8492475748062134, 3.135817527770996, -2.3248021602630615, -0.6385161876678467, -5.623298645019531, 4.509300231933594, -0.8037431836128235, 0.37384626269340515, 0.2223154753446579, 5.723479747772217, 0.4658607244491577, -0.19585490226745605, 1.5198544263839722, 5.966242790222168, 3.632445812225342, 2.6804091930389404, 0.8101040124893188, 2.5138256549835205, -0.40980374813079834, 2.991567611694336], [-0.5849229693412781, -2.113804340362549, 1.9644883871078491, -0.5835743546485901, -1.107042670249939, -5.199548244476318, 3.9387989044189453, -1.0871433019638062, -0.6411890983581543, 0.6468356251716614, 1.8379325866699219, 0.22329603135585785, 0.779066264629364, -0.0029132384806871414, 3.632445812225342, 3.278874635696411, 1.5992997884750366, -0.40802669525146484, 1.593429446220398, 0.020986251533031464, 2.0285468101501465], [0.9444597959518433, 0.8281159400939941, 2.4751768112182617, 0.5661963224411011, -0.10512301325798035, -1.7070462703704834, 1.9881857633590698, -0.5686972141265869, 1.9188991785049438, 1.561279058456421, 4.2575201988220215, 0.4365291893482208, 2.6843225955963135, -0.28141117095947266, 2.6804091930389404, 1.5992997884750366, 3.0703775882720947, 1.5803911685943604, 3.901834487915039, 2.3896188735961914, 1.9713146686553955], [-0.1594228595495224, 1.0151057243347168, 0.08576500415802002, -0.10817420482635498, 0.7654832005500793, 1.6536921262741089, -1.610960602760315, -1.7835333347320557, 0.6218273639678955, -1.907126784324646, 2.533505916595459, 0.8140067458152771, 0.6643134951591492, -0.6303157210350037, 0.8101040124893188, -0.40802669525146484, 1.5803911685943604, 3.2002341747283936, 2.362751007080078, -0.5154178142547607, 1.067369818687439], [1.0468671321868896, 1.0881730318069458, 2.7234601974487305, 1.4772107601165771, -0.04569603130221367, -1.2523330450057983, 1.731894850730896, -1.1063406467437744, 2.425490617752075, 1.8442133665084839, 4.615872383117676, 0.6363276839256287, 4.0697221755981445, -1.0832334756851196, 2.5138256549835205, 1.593429446220398, 3.901834487915039, 2.362751007080078, 5.2493438720703125, 3.3182458877563477, 2.299415349960327], [2.555567979812622, 2.404865026473999, 2.4408488273620605, 2.7941718101501465, -0.088775135576725, 0.4814940392971039, 1.442214012145996, 2.0222585201263428, 3.648473024368286, 5.082095623016357, 2.2626214027404785, -0.3996310830116272, 4.517294406890869, -0.5336928963661194, -0.40980374813079834, 0.020986251533031464, 2.3896188735961914, -0.5154178142547607, 3.3182458877563477, 5.913475513458252, 0.20787253975868225], [-0.1225348711013794, -0.6048582792282104, 1.6779959201812744, -0.4849775433540344, -0.3657553195953369, -2.786160469055176, 2.1581528186798096, -1.155570387840271, 0.2575937807559967, 0.0395209826529026, 2.919769048690796, 0.45141491293907166, 0.9351298809051514, -0.027012594044208527, 2.991567611694336, 2.0285468101501465, 1.9713146686553955, 1.067369818687439, 2.299415349960327, 0.20787253975868225, 1.8743836879730225]], "type": "heatmap"}], "layout": {"template": {"data": {"histogram2dcontour": [{"type": "histogram2dcontour", "colorbar": {"outlinewidth": 0, "ticks": ""}, "colorscale": [[0.0, "#0d0887"], [0.1111111111111111, "#46039f"], [0.2222222222222222, "#7201a8"], [0.3333333333333333, "#9c179e"], [0.4444444444444444, "#bd3786"], [0.5555555555555556, "#d8576b"], [0.6666666666666666, "#ed7953"], [0.7777777777777778, "#fb9f3a"], [0.8888888888888888, "#fdca26"], [1.0, "#f0f921"]]}], "choropleth": [{"type": "choropleth", "colorbar": {"outlinewidth": 0, "ticks": ""}}], "histogram2d": [{"type": "histogram2d", "colorbar": {"outlinewidth": 0, "ticks": ""}, "colorscale": [[0.0, "#0d0887"], [0.1111111111111111, "#46039f"], [0.2222222222222222, "#7201a8"], [0.3333333333333333, "#9c179e"], [0.4444444444444444, "#bd3786"], [0.5555555555555556, "#d8576b"], [0.6666666666666666, "#ed7953"], [0.7777777777777778, "#fb9f3a"], [0.8888888888888888, "#fdca26"], [1.0, "#f0f921"]]}], "heatmap": [{"type": "heatmap", "colorbar": {"outlinewidth": 0, "ticks": ""}, "colorscale": [[0.0, "#0d0887"], [0.1111111111111111, "#46039f"], [0.2222222222222222, "#7201a8"], [0.3333333333333333, "#9c179e"], [0.4444444444444444, "#bd3786"], [0.5555555555555556, "#d8576b"], [0.6666666666666666, "#ed7953"], [0.7777777777777778, "#fb9f3a"], [0.8888888888888888, "#fdca26"], [1.0, "#f0f921"]]}], "heatmapgl": [{"type": "heatmapgl", "colorbar": {"outlinewidth": 0, "ticks": ""}, "colorscale": [[0.0, "#0d0887"], [0.1111111111111111, "#46039f"], [0.2222222222222222, "#7201a8"], [0.3333333333333333, "#9c179e"], [0.4444444444444444, "#bd3786"], [0.5555555555555556, "#d8576b"], [0.6666666666666666, "#ed7953"], [0.7777777777777778, "#fb9f3a"], [0.8888888888888888, "#fdca26"], [1.0, "#f0f921"]]}], "contourcarpet": [{"type": "contourcarpet", "colorbar": {"outlinewidth": 0, "ticks": ""}}], "contour": [{"type": "contour", "colorbar": {"outlinewidth": 0, "ticks": ""}, "colorscale": [[0.0, "#0d0887"], [0.1111111111111111, "#46039f"], [0.2222222222222222, "#7201a8"], [0.3333333333333333, "#9c179e"], [0.4444444444444444, "#bd3786"], [0.5555555555555556, "#d8576b"], [0.6666666666666666, "#ed7953"], [0.7777777777777778, "#fb9f3a"], [0.8888888888888888, "#fdca26"], [1.0, "#f0f921"]]}], "surface": [{"type": "surface", "colorbar": {"outlinewidth": 0, "ticks": ""}, "colorscale": [[0.0, "#0d0887"], [0.1111111111111111, "#46039f"], [0.2222222222222222, "#7201a8"], [0.3333333333333333, "#9c179e"], [0.4444444444444444, "#bd3786"], [0.5555555555555556, "#d8576b"], [0.6666666666666666, "#ed7953"], [0.7777777777777778, "#fb9f3a"], [0.8888888888888888, "#fdca26"], [1.0, "#f0f921"]]}], "mesh3d": [{"type": "mesh3d", "colorbar": {"outlinewidth": 0, "ticks": ""}}], "scatter": [{"fillpattern": {"fillmode": "overlay", "size": 10, "solidity": 0.2}, "type": "scatter"}], "parcoords": [{"type": "parcoords", "line": {"colorbar": {"outlinewidth": 0, "ticks": ""}}}], "scatterpolargl": [{"type": "scatterpolargl", "marker": {"colorbar": {"outlinewidth": 0, "ticks": ""}}}], "bar": [{"error_x": {"color": "#2a3f5f"}, "error_y": {"color": "#2a3f5f"}, "marker": {"line": {"color": "#E5ECF6", "width": 0.5}, "pattern": {"fillmode": "overlay", "size": 10, "solidity": 0.2}}, "type": "bar"}], "scattergeo": [{"type": "scattergeo", "marker": {"colorbar": {"outlinewidth": 0, "ticks": ""}}}], "scatterpolar": [{"type": "scatterpolar", "marker": {"colorbar": {"outlinewidth": 0, "ticks": ""}}}], "histogram": [{"marker": {"pattern": {"fillmode": "overlay", "size": 10, "solidity": 0.2}}, "type": "histogram"}], "scattergl": [{"type": "scattergl", "marker": {"colorbar": {"outlinewidth": 0, "ticks": ""}}}], "scatter3d": [{"type": "scatter3d", "line": {"colorbar": {"outlinewidth": 0, "ticks": ""}}, "marker": {"colorbar": {"outlinewidth": 0, "ticks": ""}}}], "scattermapbox": [{"type": "scattermapbox", "marker": {"colorbar": {"outlinewidth": 0, "ticks": ""}}}], "scatterternary": [{"type": "scatterternary", "marker": {"colorbar": {"outlinewidth": 0, "ticks": ""}}}], "scattercarpet": [{"type": "scattercarpet", "marker": {"colorbar": {"outlinewidth": 0, "ticks": ""}}}], "carpet": [{"aaxis": {"endlinecolor": "#2a3f5f", "gridcolor": "white", "linecolor": "white", "minorgridcolor": "white", "startlinecolor": "#2a3f5f"}, "baxis": {"endlinecolor": "#2a3f5f", "gridcolor": "white", "linecolor": "white", "minorgridcolor": "white", "startlinecolor": "#2a3f5f"}, "type": "carpet"}], "table": [{"cells": {"fill": {"color": "#EBF0F8"}, "line": {"color": "white"}}, "header": {"fill": {"color": "#C8D4E3"}, "line": {"color": "white"}}, "type": "table"}], "barpolar": [{"marker": {"line": {"color": "#E5ECF6", "width": 0.5}, "pattern": {"fillmode": "overlay", "size": 10, "solidity": 0.2}}, "type": "barpolar"}], "pie": [{"automargin": true, "type": "pie"}]}, "layout": {"autotypenumbers": "strict", "colorway": ["#636efa", "#EF553B", "#00cc96", "#ab63fa", "#FFA15A", "#19d3f3", "#FF6692", "#B6E880", "#FF97FF", "#FECB52"], "font": {"color": "#2a3f5f"}, "hovermode": "closest", "hoverlabel": {"align": "left"}, "paper_bgcolor": "white", "plot_bgcolor": "#E5ECF6", "polar": {"bgcolor": "#E5ECF6", "angularaxis": {"gridcolor": "white", "linecolor": "white", "ticks": ""}, "radialaxis": {"gridcolor": "white", "linecolor": "white", "ticks": ""}}, "ternary": {"bgcolor": "#E5ECF6", "aaxis": {"gridcolor": "white", "linecolor": "white", "ticks": ""}, "baxis": {"gridcolor": "white", "linecolor": "white", "ticks": ""}, "caxis": {"gridcolor": "white", "linecolor": "white", "ticks": ""}}, "coloraxis": {"colorbar": {"outlinewidth": 0, "ticks": ""}}, "colorscale": {"sequential": [[0.0, "#0d0887"], [0.1111111111111111, "#46039f"], [0.2222222222222222, "#7201a8"], [0.3333333333333333, "#9c179e"], [0.4444444444444444, "#bd3786"], [0.5555555555555556, "#d8576b"], [0.6666666666666666, "#ed7953"], [0.7777777777777778, "#fb9f3a"], [0.8888888888888888, "#fdca26"], [1.0, "#f0f921"]], "sequentialminus": [[0.0, "#0d0887"], [0.1111111111111111, "#46039f"], [0.2222222222222222, "#7201a8"], [0.3333333333333333, "#9c179e"], [0.4444444444444444, "#bd3786"], [0.5555555555555556, "#d8576b"], [0.6666666666666666, "#ed7953"], [0.7777777777777778, "#fb9f3a"], [0.8888888888888888, "#fdca26"], [1.0, "#f0f921"]], "diverging": [[0, "#8e0152"], [0.1, "#c51b7d"], [0.2, "#de77ae"], [0.3, "#f1b6da"], [0.4, "#fde0ef"], [0.5, "#f7f7f7"], [0.6, "#e6f5d0"], [0.7, "#b8e186"], [0.8, "#7fbc41"], [0.9, "#4d9221"], [1, "#276419"]]}, "xaxis": {"gridcolor": "white", "linecolor": "white", "ticks": "", "title": {"standoff": 15}, "zerolinecolor": "white", "automargin": true, "zerolinewidth": 2}, "yaxis": {"gridcolor": "white", "linecolor": "white", "ticks": "", "title": {"standoff": 15}, "zerolinecolor": "white", "automargin": true, "zerolinewidth": 2}, "scene": {"xaxis": {"backgroundcolor": "#E5ECF6", "gridcolor": "white", "linecolor": "white", "showbackground": true, "ticks": "", "zerolinecolor": "white", "gridwidth": 2}, "yaxis": {"backgroundcolor": "#E5ECF6", "gridcolor": "white", "linecolor": "white", "showbackground": true, "ticks": "", "zerolinecolor": "white", "gridwidth": 2}, "zaxis": {"backgroundcolor": "#E5ECF6", "gridcolor": "white", "linecolor": "white", "showbackground": true, "ticks": "", "zerolinecolor": "white", "gridwidth": 2}}, "shapedefaults": {"line": {"color": "#2a3f5f"}}, "annotationdefaults": {"arrowcolor": "#2a3f5f", "arrowhead": 0, "arrowwidth": 1}, "geo": {"bgcolor": "white", "landcolor": "#E5ECF6", "subunitcolor": "white", "showland": true, "showlakes": true, "lakecolor": "white"}, "title": {"x": 0.05}, "mapbox": {"style": "light"}}}}}