{"data": [{"z": [[2.348809242248535, 2.1309666633605957, 1.705297827720642, 0.7948532700538635, 0.847500205039978, 1.3871235847473145, 0.8127280473709106, 2.323201894760132, 2.368147373199463, 2.9049999713897705, 2.3231308460235596, 0.1307922601699829, 1.1972942352294922, 1.4379652738571167, 0.6042322516441345, -0.11860676109790802, 1.3724740743637085, 0.27297425270080566, 1.2668442726135254, 2.8859100341796875, -0.03868529200553894], [2.1309666633605957, 2.890333890914917, 0.4852498173713684, 0.48455455899238586, 1.4547423124313354, 3.7854654788970947, -1.4098281860351562, 2.1108925342559814, 2.2145259380340576, 1.4139693975448608, 1.804505705833435, 0.2211918979883194, 0.2970631718635559, 1.3999199867248535, -0.7096173763275146, -1.6338728666305542, 0.583237886428833, 1.1275250911712646, 0.4974181056022644, 1.8162099123001099, -0.7152264714241028], [1.705297827720642, 0.4852498173713684, 3.1486923694610596, 0.3342624008655548, 0.07118521630764008, -2.476391553878784, 3.5923564434051514, 1.035529613494873, 1.7812610864639282, 2.932457208633423, 3.8904197216033936, 0.4687017500400543, 1.8080859184265137, 1.2410203218460083, 3.5536997318267822, 2.434030771255493, 2.8284075260162354, 0.48042264580726624, 2.8210723400115967, 2.6384763717651367, 1.7280288934707642], [0.7948532700538635, 0.48455455899238586, 0.3342624008655548, 3.2161688804626465, 0.06789178401231766, 1.6758400201797485, -0.44733282923698425, 0.1507318764925003, 1.2129249572753906, 2.3431758880615234, -1.3271689414978027, 0.09086088091135025, 3.440361499786377, -1.7933192253112793, -1.9005460739135742, -0.41279906034469604, 1.1413366794586182, 0.2527768611907959, 2.047672748565674, 3.3695170879364014, -0.3053760826587677], [0.847500205039978, 1.4547423124313354, 0.07118521630764008, 0.06789178401231766, 0.8655039072036743, 2.164025068283081, -1.0945782661437988, 0.6060024499893188, 0.9623970985412598, 0.0424012765288353, 1.1384814977645874, 0.2811753451824188, -0.0010022330097854137, 0.5959870219230652, -0.22274808585643768, -0.8988898396492004, 0.3960220217704773, 1.1509959697723389, 0.428404301404953, 0.4410363733768463, -0.19568464159965515], [1.3871235847473145, 3.7854654788970947, -2.476391553878784, 1.6758400201797485, 2.164025068283081, 8.852875709533691, -6.207529067993164, 1.4012647867202759, 1.7269068956375122, -0.645755410194397, -1.64384925365448, 0.11460159718990326, 0.1111481636762619, -0.278105229139328, -5.219263076782227, -4.963511943817139, -1.274308443069458, 1.985120177268982, -0.8485676050186157, 0.9569101333618164, -2.624321460723877], [0.8127280473709106, -1.4098281860351562, 3.5923564434051514, -0.44733282923698425, -1.0945782661437988, -6.207529067993164, 5.891551494598389, 0.6001485586166382, 0.6163453459739685, 3.0711135864257812, 3.356858968734741, 0.09510020911693573, 1.3011994361877441, 1.2053611278533936, 4.885889053344727, 4.141301155090332, 2.475968360900879, -1.2195754051208496, 2.160032033920288, 1.8691470623016357, 2.2851884365081787], [2.323201894760132, 2.1108925342559814, 1.035529613494873, 0.1507318764925003, 0.6060024499893188, 1.4012647867202759, 0.6001485586166382, 3.331242322921753, 2.0010986328125, 3.045705556869507, 1.028433918952942, -0.4753255844116211, -0.10212396085262299, 2.026660919189453, -0.4035184383392334, -0.7769230008125305, -0.15627767145633698, -1.370849847793579, -0.757739245891571, 2.325789451599121, -1.0243792533874512], [2.368147373199463, 2.2145259380340576, 1.7812610864639282, 1.2129249572753906, 0.9623970985412598, 1.7269068956375122, 0.6163453459739685, 2.0010986328125, 2.5240633487701416, 2.888184070587158, 2.48142671585083, 0.312701940536499, 1.7559925317764282, 1.0922050476074219, 0.5875338315963745, -0.10913792997598648, 1.8013458251953125, 0.8239150047302246, 1.9155700206756592, 3.19152569770813, 0.14623773097991943], [2.9049999713897705, 1.4139693975448608, 2.932457208633423, 2.3431758880615234, 0.0424012765288353, -0.645755410194397, 3.0711135864257812, 3.045705556869507, 2.888184070587158, 5.726863861083984, 1.6585924625396729, -0.21227775514125824, 3.226722478866577, 0.8798434138298035, 0.7690938711166382, 1.1520780324935913, 2.0905892848968506, -1.3609880208969116, 2.160736083984375, 5.376914978027344, 0.1553773134946823], [2.3231308460235596, 1.804505705833435, 3.8904197216033936, -1.3271689414978027, 1.1384814977645874, -1.64384925365448, 3.356858968734741, 1.028433918952942, 2.48142671585083, 1.6585924625396729, 7.474093914031982, 1.195335865020752, 0.5737365484237671, 2.8893814086914062, 5.815792560577393, 2.537557601928711, 3.915527820587158, 2.758903980255127, 3.6588032245635986, 1.5316966772079468, 2.64909029006958], [0.1307922601699829, 0.2211918979883194, 0.4687017500400543, 0.09086088091135025, 0.2811753451824188, 0.11460159718990326, 0.09510020911693573, -0.4753255844116211, 0.312701940536499, -0.21227775514125824, 1.195335865020752, 0.408445805311203, 0.4877394735813141, -0.0373062826693058, 0.8457808494567871, 0.351270854473114, 0.940334677696228, 1.1476271152496338, 1.1498668193817139, 0.15832211077213287, 0.6287089586257935], [1.1972942352294922, 0.2970631718635559, 1.8080859184265137, 3.440361499786377, -0.0010022330097854137, 0.1111481636762619, 1.3011994361877441, -0.10212396085262299, 1.7559925317764282, 3.226722478866577, 0.5737365484237671, 0.4877394735813141, 4.54036808013916, -1.6439567804336548, 0.09756474196910858, 1.0655465126037598, 2.782519817352295, 0.9370339512825012, 3.8627431392669678, 4.322533130645752, 0.8892927765846252], [1.4379652738571167, 1.3999199867248535, 1.2410203218460083, -1.7933192253112793, 0.5959870219230652, -0.278105229139328, 1.2053611278533936, 2.026660919189453, 1.0922050476074219, 0.8798434138298035, 2.8893814086914062, -0.0373062826693058, -1.6439567804336548, 2.665414333343506, 1.9466322660446167, 0.26189228892326355, 0.20392382144927979, -0.2295381873846054, -0.6326188445091248, -0.03264690935611725, 0.13673950731754303], [0.6042322516441345, -0.7096173763275146, 3.5536997318267822, -1.9005460739135742, -0.22274808585643768, -5.219263076782227, 4.885889053344727, -0.4035184383392334, 0.5875338315963745, 0.7690938711166382, 5.815792560577393, 0.8457808494567871, 0.09756474196910858, 1.9466322660446167, 6.440448760986328, 4.0030999183654785, 3.1846344470977783, 1.2652190923690796, 2.8490967750549316, 0.035972025245428085, 3.1234898567199707], [-0.11860676109790802, -1.6338728666305542, 2.434030771255493, -0.41279906034469604, -0.8988898396492004, -4.963511943817139, 4.141301155090332, -0.7769230008125305, -0.10913792997598648, 1.1520780324935913, 2.537557601928711, 0.351270854473114, 1.0655465126037598, 0.26189228892326355, 4.0030999183654785, 3.385840892791748, 2.13529372215271, -0.08460980653762817, 2.1447720527648926, 0.6037998795509338, 2.200702667236328], [1.3724740743637085, 0.583237886428833, 2.8284075260162354, 1.1413366794586182, 0.3960220217704773, -1.274308443069458, 2.475968360900879, -0.15627767145633698, 1.8013458251953125, 2.0905892848968506, 3.915527820587158, 0.940334677696228, 2.782519817352295, 0.20392382144927979, 3.1846344470977783, 2.13529372215271, 3.539992094039917, 2.0603525638580322, 4.0921711921691895, 2.699589967727661, 2.063931941986084], [0.27297425270080566, 1.1275250911712646, 0.48042264580726624, 0.2527768611907959, 1.1509959697723389, 1.985120177268982, -1.2195754051208496, -1.370849847793579, 0.8239150047302246, -1.3609880208969116, 2.758903980255127, 1.1476271152496338, 0.9370339512825012, -0.2295381873846054, 1.2652190923690796, -0.08460980653762817, 2.0603525638580322, 3.6150388717651367, 2.6862826347351074, -0.03836787864565849, 1.2043594121932983], [1.2668442726135254, 0.4974181056022644, 2.8210723400115967, 2.047672748565674, 0.428404301404953, -0.8485676050186157, 2.160032033920288, -0.757739245891571, 1.9155700206756592, 2.160736083984375, 3.6588032245635986, 1.1498668193817139, 3.8627431392669678, -0.6326188445091248, 2.8490967750549316, 2.1447720527648926, 4.0921711921691895, 2.6862826347351074, 5.051809310913086, 3.293217182159424, 2.2593865394592285], [2.8859100341796875, 1.8162099123001099, 2.6384763717651367, 3.3695170879364014, 0.4410363733768463, 0.9569101333618164, 1.8691470623016357, 2.325789451599121, 3.19152569770813, 5.376914978027344, 1.5316966772079468, 0.15832211077213287, 4.322533130645752, -0.03264690935611725, 0.035972025245428085, 0.6037998795509338, 2.699589967727661, -0.03836787864565849, 3.293217182159424, 5.887481689453125, 0.2258749008178711], [-0.03868529200553894, -0.7152264714241028, 1.7280288934707642, -0.3053760826587677, -0.19568464159965515, -2.624321460723877, 2.2851884365081787, -1.0243792533874512, 0.14623773097991943, 0.1553773134946823, 2.64909029006958, 0.6287089586257935, 0.8892927765846252, 0.13673950731754303, 3.1234898567199707, 2.200702667236328, 2.063931941986084, 1.2043594121932983, 2.2593865394592285, 0.2258749008178711, 1.8743836879730225]], "type": "heatmap"}], "layout": {"template": {"data": {"histogram2dcontour": [{"type": "histogram2dcontour", "colorbar": {"outlinewidth": 0, "ticks": ""}, "colorscale": [[0.0, "#0d0887"], [0.1111111111111111, "#46039f"], [0.2222222222222222, "#7201a8"], [0.3333333333333333, "#9c179e"], [0.4444444444444444, "#bd3786"], [0.5555555555555556, "#d8576b"], [0.6666666666666666, "#ed7953"], [0.7777777777777778, "#fb9f3a"], [0.8888888888888888, "#fdca26"], [1.0, "#f0f921"]]}], "choropleth": [{"type": "choropleth", "colorbar": {"outlinewidth": 0, "ticks": ""}}], "histogram2d": [{"type": "histogram2d", "colorbar": {"outlinewidth": 0, "ticks": ""}, "colorscale": [[0.0, "#0d0887"], [0.1111111111111111, "#46039f"], [0.2222222222222222, "#7201a8"], [0.3333333333333333, "#9c179e"], [0.4444444444444444, "#bd3786"], [0.5555555555555556, "#d8576b"], [0.6666666666666666, "#ed7953"], [0.7777777777777778, "#fb9f3a"], [0.8888888888888888, "#fdca26"], [1.0, "#f0f921"]]}], "heatmap": [{"type": "heatmap", "colorbar": {"outlinewidth": 0, "ticks": ""}, "colorscale": [[0.0, "#0d0887"], [0.1111111111111111, "#46039f"], [0.2222222222222222, "#7201a8"], [0.3333333333333333, "#9c179e"], [0.4444444444444444, "#bd3786"], [0.5555555555555556, "#d8576b"], [0.6666666666666666, "#ed7953"], [0.7777777777777778, "#fb9f3a"], [0.8888888888888888, "#fdca26"], [1.0, "#f0f921"]]}], "heatmapgl": [{"type": "heatmapgl", "colorbar": {"outlinewidth": 0, "ticks": ""}, "colorscale": [[0.0, "#0d0887"], [0.1111111111111111, "#46039f"], [0.2222222222222222, "#7201a8"], [0.3333333333333333, "#9c179e"], [0.4444444444444444, "#bd3786"], [0.5555555555555556, "#d8576b"], [0.6666666666666666, "#ed7953"], [0.7777777777777778, "#fb9f3a"], [0.8888888888888888, "#fdca26"], [1.0, "#f0f921"]]}], "contourcarpet": [{"type": "contourcarpet", "colorbar": {"outlinewidth": 0, "ticks": ""}}], "contour": [{"type": "contour", "colorbar": {"outlinewidth": 0, "ticks": ""}, "colorscale": [[0.0, "#0d0887"], [0.1111111111111111, "#46039f"], [0.2222222222222222, "#7201a8"], [0.3333333333333333, "#9c179e"], [0.4444444444444444, "#bd3786"], [0.5555555555555556, "#d8576b"], [0.6666666666666666, "#ed7953"], [0.7777777777777778, "#fb9f3a"], [0.8888888888888888, "#fdca26"], [1.0, "#f0f921"]]}], "surface": [{"type": "surface", "colorbar": {"outlinewidth": 0, "ticks": ""}, "colorscale": [[0.0, "#0d0887"], [0.1111111111111111, "#46039f"], [0.2222222222222222, "#7201a8"], [0.3333333333333333, "#9c179e"], [0.4444444444444444, "#bd3786"], [0.5555555555555556, "#d8576b"], [0.6666666666666666, "#ed7953"], [0.7777777777777778, "#fb9f3a"], [0.8888888888888888, "#fdca26"], [1.0, "#f0f921"]]}], "mesh3d": [{"type": "mesh3d", "colorbar": {"outlinewidth": 0, "ticks": ""}}], "scatter": [{"fillpattern": {"fillmode": "overlay", "size": 10, "solidity": 0.2}, "type": "scatter"}], "parcoords": [{"type": "parcoords", "line": {"colorbar": {"outlinewidth": 0, "ticks": ""}}}], "scatterpolargl": [{"type": "scatterpolargl", "marker": {"colorbar": {"outlinewidth": 0, "ticks": ""}}}], "bar": [{"error_x": {"color": "#2a3f5f"}, "error_y": {"color": "#2a3f5f"}, "marker": {"line": {"color": "#E5ECF6", "width": 0.5}, "pattern": {"fillmode": "overlay", "size": 10, "solidity": 0.2}}, "type": "bar"}], "scattergeo": [{"type": "scattergeo", "marker": {"colorbar": {"outlinewidth": 0, "ticks": ""}}}], "scatterpolar": [{"type": "scatterpolar", "marker": {"colorbar": {"outlinewidth": 0, "ticks": ""}}}], "histogram": [{"marker": {"pattern": {"fillmode": "overlay", "size": 10, "solidity": 0.2}}, "type": "histogram"}], "scattergl": [{"type": "scattergl", "marker": {"colorbar": {"outlinewidth": 0, "ticks": ""}}}], "scatter3d": [{"type": "scatter3d", "line": {"colorbar": {"outlinewidth": 0, "ticks": ""}}, "marker": {"colorbar": {"outlinewidth": 0, "ticks": ""}}}], "scattermapbox": [{"type": "scattermapbox", "marker": {"colorbar": {"outlinewidth": 0, "ticks": ""}}}], "scatterternary": [{"type": "scatterternary", "marker": {"colorbar": {"outlinewidth": 0, "ticks": ""}}}], "scattercarpet": [{"type": "scattercarpet", "marker": {"colorbar": {"outlinewidth": 0, "ticks": ""}}}], "carpet": [{"aaxis": {"endlinecolor": "#2a3f5f", "gridcolor": "white", "linecolor": "white", "minorgridcolor": "white", "startlinecolor": "#2a3f5f"}, "baxis": {"endlinecolor": "#2a3f5f", "gridcolor": "white", "linecolor": "white", "minorgridcolor": "white", "startlinecolor": "#2a3f5f"}, "type": "carpet"}], "table": [{"cells": {"fill": {"color": "#EBF0F8"}, "line": {"color": "white"}}, "header": {"fill": {"color": "#C8D4E3"}, "line": {"color": "white"}}, "type": "table"}], "barpolar": [{"marker": {"line": {"color": "#E5ECF6", "width": 0.5}, "pattern": {"fillmode": "overlay", "size": 10, "solidity": 0.2}}, "type": "barpolar"}], "pie": [{"automargin": true, "type": "pie"}]}, "layout": {"autotypenumbers": "strict", "colorway": ["#636efa", "#EF553B", "#00cc96", "#ab63fa", "#FFA15A", "#19d3f3", "#FF6692", "#B6E880", "#FF97FF", "#FECB52"], "font": {"color": "#2a3f5f"}, "hovermode": "closest", "hoverlabel": {"align": "left"}, "paper_bgcolor": "white", "plot_bgcolor": "#E5ECF6", "polar": {"bgcolor": "#E5ECF6", "angularaxis": {"gridcolor": "white", "linecolor": "white", "ticks": ""}, "radialaxis": {"gridcolor": "white", "linecolor": "white", "ticks": ""}}, "ternary": {"bgcolor": "#E5ECF6", "aaxis": {"gridcolor": "white", "linecolor": "white", "ticks": ""}, "baxis": {"gridcolor": "white", "linecolor": "white", "ticks": ""}, "caxis": {"gridcolor": "white", "linecolor": "white", "ticks": ""}}, "coloraxis": {"colorbar": {"outlinewidth": 0, "ticks": ""}}, "colorscale": {"sequential": [[0.0, "#0d0887"], [0.1111111111111111, "#46039f"], [0.2222222222222222, "#7201a8"], [0.3333333333333333, "#9c179e"], [0.4444444444444444, "#bd3786"], [0.5555555555555556, "#d8576b"], [0.6666666666666666, "#ed7953"], [0.7777777777777778, "#fb9f3a"], [0.8888888888888888, "#fdca26"], [1.0, "#f0f921"]], "sequentialminus": [[0.0, "#0d0887"], [0.1111111111111111, "#46039f"], [0.2222222222222222, "#7201a8"], [0.3333333333333333, "#9c179e"], [0.4444444444444444, "#bd3786"], [0.5555555555555556, "#d8576b"], [0.6666666666666666, "#ed7953"], [0.7777777777777778, "#fb9f3a"], [0.8888888888888888, "#fdca26"], [1.0, "#f0f921"]], "diverging": [[0, "#8e0152"], [0.1, "#c51b7d"], [0.2, "#de77ae"], [0.3, "#f1b6da"], [0.4, "#fde0ef"], [0.5, "#f7f7f7"], [0.6, "#e6f5d0"], [0.7, "#b8e186"], [0.8, "#7fbc41"], [0.9, "#4d9221"], [1, "#276419"]]}, "xaxis": {"gridcolor": "white", "linecolor": "white", "ticks": "", "title": {"standoff": 15}, "zerolinecolor": "white", "automargin": true, "zerolinewidth": 2}, "yaxis": {"gridcolor": "white", "linecolor": "white", "ticks": "", "title": {"standoff": 15}, "zerolinecolor": "white", "automargin": true, "zerolinewidth": 2}, "scene": {"xaxis": {"backgroundcolor": "#E5ECF6", "gridcolor": "white", "linecolor": "white", "showbackground": true, "ticks": "", "zerolinecolor": "white", "gridwidth": 2}, "yaxis": {"backgroundcolor": "#E5ECF6", "gridcolor": "white", "linecolor": "white", "showbackground": true, "ticks": "", "zerolinecolor": "white", "gridwidth": 2}, "zaxis": {"backgroundcolor": "#E5ECF6", "gridcolor": "white", "linecolor": "white", "showbackground": true, "ticks": "", "zerolinecolor": "white", "gridwidth": 2}}, "shapedefaults": {"line": {"color": "#2a3f5f"}}, "annotationdefaults": {"arrowcolor": "#2a3f5f", "arrowhead": 0, "arrowwidth": 1}, "geo": {"bgcolor": "white", "landcolor": "#E5ECF6", "subunitcolor": "white", "showland": true, "showlakes": true, "lakecolor": "white"}, "title": {"x": 0.05}, "mapbox": {"style": "light"}}}}}