{"data": [{"z": [[2.289059638977051, 2.193798780441284, 1.6698005199432373, 0.6922871470451355, 0.7649519443511963, 1.317793369293213, 0.7309566140174866, 2.2625508308410645, 2.424058437347412, 2.8354382514953613, 2.4212646484375, 0.046041447669267654, 1.2002071142196655, 1.3578287363052368, 0.529819905757904, -0.2115672379732132, 1.3289694786071777, 0.2045411616563797, 1.2829054594039917, 2.8840136528015137, -0.047267936170101166], [2.193798780441284, 3.038965940475464, 0.5689771771430969, 0.45731472969055176, 1.4148428440093994, 3.766364812850952, -1.426893949508667, 2.128469705581665, 2.395829200744629, 1.4993360042572021, 2.049933910369873, 0.16231554746627808, 0.4109448492527008, 1.3668341636657715, -0.7132485508918762, -1.6942429542541504, 0.672236979007721, 1.1195300817489624, 0.658001184463501, 1.9876900911331177, -0.6877603530883789], [1.6698005199432373, 0.5689771771430969, 3.1376378536224365, 0.24569359421730042, -0.0037387665361166, -2.5412659645080566, 3.5290427207946777, 0.9879620671272278, 1.8661696910858154, 2.8949527740478516, 4.027268886566162, 0.38838091492652893, 1.8441455364227295, 1.1667308807373047, 3.492765426635742, 2.3477487564086914, 2.805704116821289, 0.4236004650592804, 2.8659298419952393, 2.674247980117798, 1.7275848388671875], [0.6922871470451355, 0.45731472969055176, 0.24569359421730042, 3.1589131355285645, 0.005281987600028515, 1.6158589124679565, -0.5083354711532593, 0.07862410694360733, 1.1649267673492432, 2.2410149574279785, -1.4195109605789185, 0.04505493864417076, 3.420772075653076, -1.8699098825454712, -1.989949107170105, -0.45870721340179443, 1.032780647277832, 0.1746814101934433, 1.9608961343765259, 3.276921510696411, -0.33760055899620056], [0.7649519443511963, 1.4148428440093994, -0.0037387665361166, 0.005281987600028515, 0.7981626987457275, 2.1037211418151855, -1.159568190574646, 0.5399119853973389, 0.9147264957427979, -0.050773922353982925, 1.0698764324188232, 0.2240833044052124, -0.052382875233888626, 0.5278183817863464, -0.30799150466918945, -0.9521679282188416, 0.3089134097099304, 1.0698834657669067, 0.3621843755245209, 0.36268797516822815, -0.22613269090652466], [1.317793369293213, 3.766364812850952, -2.5412659645080566, 1.6158589124679565, 2.1037211418151855, 8.815317153930664, -6.285129070281982, 1.3395341634750366, 1.7005908489227295, -0.7348531484603882, -1.6950697898864746, 0.06083231419324875, 0.06842563301324844, -0.33920714259147644, -5.300032615661621, -5.021694183349609, -1.3437100648880005, 1.9187980890274048, -0.8953797221183777, 0.8879525661468506, -2.6526122093200684], [0.7309566140174866, -1.426893949508667, 3.5290427207946777, -0.5083354711532593, -1.159568190574646, -6.285129070281982, 5.851718425750732, 0.5453580021858215, 0.5872009992599487, 3.0013699531555176, 3.3255879878997803, 0.04111265391111374, 1.280502438545227, 1.134934902191162, 4.814291477203369, 4.0945024490356445, 2.3948681354522705, -1.2972465753555298, 2.1049177646636963, 1.8209425210952759, 2.2650980949401855], [2.2625508308410645, 2.128469705581665, 0.9879620671272278, 0.07862410694360733, 0.5399119853973389, 1.3395341634750366, 0.5453580021858215, 3.3008015155792236, 2.0066983699798584, 2.99672532081604, 1.0370937585830688, -0.5415407419204712, -0.13137543201446533, 1.969874382019043, -0.4757138788700104, -0.8435311317443848, -0.2153041511774063, -1.4534246921539307, -0.791992723941803, 2.3078556060791016, -1.0465888977050781], [2.424058437347412, 2.395829200744629, 1.8661696910858154, 1.1649267673492432, 0.9147264957427979, 1.7005908489227295, 0.5872009992599487, 2.0066983699798584, 2.732769727706909, 2.961977005004883, 2.775618553161621, 0.24481475353240967, 1.8902215957641602, 1.0463463068008423, 0.5817951560020447, -0.1853487640619278, 1.8903213739395142, 0.821100652217865, 2.0929906368255615, 3.3705761432647705, 0.18014176189899445], [2.8354382514953613, 1.4993360042572021, 2.8949527740478516, 2.2410149574279785, -0.050773922353982925, -0.7348531484603882, 3.0013699531555176, 2.99672532081604, 2.961977005004883, 5.67832612991333, 1.7577217817306519, -0.305816113948822, 3.2614874839782715, 0.7876870632171631, 0.6817495822906494, 1.0552750825881958, 2.032426595687866, -1.454614520072937, 2.1673178672790527, 5.398192405700684, 0.14230677485466003], [2.4212646484375, 2.049933910369873, 4.027268886566162, -1.4195109605789185, 1.0698764324188232, -1.6950697898864746, 3.3255879878997803, 1.0370937585830688, 2.775618553161621, 1.7577217817306519, 7.9351301193237305, 1.0925530195236206, 0.7284480333328247, 2.8454864025115967, 5.831353664398193, 2.4323205947875977, 4.051496505737305, 2.757695436477661, 3.9195802211761475, 1.777143955230713, 2.7044830322265625], [0.046041447669267654, 0.16231554746627808, 0.38838091492652893, 0.04505493864417076, 0.2240833044052124, 0.06083231419324875, 0.04111265391111374, -0.5415407419204712, 0.24481475353240967, -0.305816113948822, 1.0925530195236206, 0.36519181728363037, 0.4379303753376007, -0.10134707391262054, 0.7641014456748962, 0.313231885433197, 0.84602290391922, 1.0735481977462769, 1.0686705112457275, 0.06707526743412018, 0.5965590476989746], [1.2002071142196655, 0.4109448492527008, 1.8441455364227295, 3.420772075653076, -0.052382875233888626, 0.06842563301324844, 1.280502438545227, -0.13137543201446533, 1.8902215957641602, 3.2614874839782715, 0.7284480333328247, 0.4379303753376007, 4.680749893188477, -1.7181485891342163, 0.06503503024578094, 1.0178699493408203, 2.812992572784424, 0.9169864058494568, 3.9708662033081055, 4.433351993560791, 0.9081370234489441], [1.3578287363052368, 1.3668341636657715, 1.1667308807373047, -1.8699098825454712, 0.5278183817863464, -0.33920714259147644, 1.134934902191162, 1.969874382019043, 1.0463463068008423, 0.7876870632171631, 2.8454864025115967, -0.10134707391262054, -1.7181485891342163, 2.6027936935424805, 1.8631638288497925, 0.1965160369873047, 0.12253902852535248, -0.31174981594085693, -0.6962485909461975, -0.10334298014640808, 0.10730592906475067], [0.529819905757904, -0.7132485508918762, 3.492765426635742, -1.989949107170105, -0.30799150466918945, -5.300032615661621, 4.814291477203369, -0.4757138788700104, 0.5817951560020447, 0.6817495822906494, 5.831353664398193, 0.7641014456748962, 0.06503503024578094, 1.8631638288497925, 6.349451065063477, 3.924185276031494, 3.105144739151001, 1.1765141487121582, 2.8170151710510254, -0.007864618673920631, 3.100254535675049], [-0.2115672379732132, -1.6942429542541504, 2.3477487564086914, -0.45870721340179443, -0.9521679282188416, -5.021694183349609, 4.0945024490356445, -0.8435311317443848, -0.1853487640619278, 1.0552750825881958, 2.4323205947875977, 0.313231885433197, 1.0178699493408203, 0.1965160369873047, 3.924185276031494, 3.3513987064361572, 2.032968044281006, -0.15493686497211456, 2.0537195205688477, 0.5078712105751038, 2.1702120304107666], [1.3289694786071777, 0.672236979007721, 2.805704116821289, 1.032780647277832, 0.3089134097099304, -1.3437100648880005, 2.3948681354522705, -0.2153041511774063, 1.8903213739395142, 2.032426595687866, 4.051496505737305, 0.84602290391922, 2.812992572784424, 0.12253902852535248, 3.105144739151001, 2.032968044281006, 3.4945452213287354, 1.9868654012680054, 4.122802257537842, 2.7167468070983887, 2.054032802581787], [0.2045411616563797, 1.1195300817489624, 0.4236004650592804, 0.1746814101934433, 1.0698834657669067, 1.9187980890274048, -1.2972465753555298, -1.4534246921539307, 0.821100652217865, -1.454614520072937, 2.757695436477661, 1.0735481977462769, 0.9169864058494568, -0.31174981594085693, 1.1765141487121582, -0.15493686497211456, 1.9868654012680054, 3.536928176879883, 2.6622908115386963, -0.09319593757390976, 1.1812613010406494], [1.2829054594039917, 0.658001184463501, 2.8659298419952393, 1.9608961343765259, 0.3621843755245209, -0.8953797221183777, 2.1049177646636963, -0.791992723941803, 2.0929906368255615, 2.1673178672790527, 3.9195802211761475, 1.0686705112457275, 3.9708662033081055, -0.6962485909461975, 2.8170151710510254, 2.0537195205688477, 4.122802257537842, 2.6622908115386963, 5.178979873657227, 3.4000136852264404, 2.2798893451690674], [2.8840136528015137, 1.9876900911331177, 2.674247980117798, 3.276921510696411, 0.36268797516822815, 0.8879525661468506, 1.8209425210952759, 2.3078556060791016, 3.3705761432647705, 5.398192405700684, 1.777143955230713, 0.06707526743412018, 4.433351993560791, -0.10334298014640808, -0.007864618673920631, 0.5078712105751038, 2.7167468070983887, -0.09319593757390976, 3.4000136852264404, 6.006743431091309, 0.24015413224697113], [-0.047267936170101166, -0.6877603530883789, 1.7275848388671875, -0.33760055899620056, -0.22613269090652466, -2.6526122093200684, 2.2650980949401855, -1.0465888977050781, 0.18014176189899445, 0.14230677485466003, 2.7044830322265625, 0.5965590476989746, 0.9081370234489441, 0.10730592906475067, 3.100254535675049, 2.1702120304107666, 2.054032802581787, 1.1812613010406494, 2.2798893451690674, 0.24015413224697113, 1.8743836879730225]], "type": "heatmap"}], "layout": {"template": {"data": {"histogram2dcontour": [{"type": "histogram2dcontour", "colorbar": {"outlinewidth": 0, "ticks": ""}, "colorscale": [[0.0, "#0d0887"], [0.1111111111111111, "#46039f"], [0.2222222222222222, "#7201a8"], [0.3333333333333333, "#9c179e"], [0.4444444444444444, "#bd3786"], [0.5555555555555556, "#d8576b"], [0.6666666666666666, "#ed7953"], [0.7777777777777778, "#fb9f3a"], [0.8888888888888888, "#fdca26"], [1.0, "#f0f921"]]}], "choropleth": [{"type": "choropleth", "colorbar": {"outlinewidth": 0, "ticks": ""}}], "histogram2d": [{"type": "histogram2d", "colorbar": {"outlinewidth": 0, "ticks": ""}, "colorscale": [[0.0, "#0d0887"], [0.1111111111111111, "#46039f"], [0.2222222222222222, "#7201a8"], [0.3333333333333333, "#9c179e"], [0.4444444444444444, "#bd3786"], [0.5555555555555556, "#d8576b"], [0.6666666666666666, "#ed7953"], [0.7777777777777778, "#fb9f3a"], [0.8888888888888888, "#fdca26"], [1.0, "#f0f921"]]}], "heatmap": [{"type": "heatmap", "colorbar": {"outlinewidth": 0, "ticks": ""}, "colorscale": [[0.0, "#0d0887"], [0.1111111111111111, "#46039f"], [0.2222222222222222, "#7201a8"], [0.3333333333333333, "#9c179e"], [0.4444444444444444, "#bd3786"], [0.5555555555555556, "#d8576b"], [0.6666666666666666, "#ed7953"], [0.7777777777777778, "#fb9f3a"], [0.8888888888888888, "#fdca26"], [1.0, "#f0f921"]]}], "heatmapgl": [{"type": "heatmapgl", "colorbar": {"outlinewidth": 0, "ticks": ""}, "colorscale": [[0.0, "#0d0887"], [0.1111111111111111, "#46039f"], [0.2222222222222222, "#7201a8"], [0.3333333333333333, "#9c179e"], [0.4444444444444444, "#bd3786"], [0.5555555555555556, "#d8576b"], [0.6666666666666666, "#ed7953"], [0.7777777777777778, "#fb9f3a"], [0.8888888888888888, "#fdca26"], [1.0, "#f0f921"]]}], "contourcarpet": [{"type": "contourcarpet", "colorbar": {"outlinewidth": 0, "ticks": ""}}], "contour": [{"type": "contour", "colorbar": {"outlinewidth": 0, "ticks": ""}, "colorscale": [[0.0, "#0d0887"], [0.1111111111111111, "#46039f"], [0.2222222222222222, "#7201a8"], [0.3333333333333333, "#9c179e"], [0.4444444444444444, "#bd3786"], [0.5555555555555556, "#d8576b"], [0.6666666666666666, "#ed7953"], [0.7777777777777778, "#fb9f3a"], [0.8888888888888888, "#fdca26"], [1.0, "#f0f921"]]}], "surface": [{"type": "surface", "colorbar": {"outlinewidth": 0, "ticks": ""}, "colorscale": [[0.0, "#0d0887"], [0.1111111111111111, "#46039f"], [0.2222222222222222, "#7201a8"], [0.3333333333333333, "#9c179e"], [0.4444444444444444, "#bd3786"], [0.5555555555555556, "#d8576b"], [0.6666666666666666, "#ed7953"], [0.7777777777777778, "#fb9f3a"], [0.8888888888888888, "#fdca26"], [1.0, "#f0f921"]]}], "mesh3d": [{"type": "mesh3d", "colorbar": {"outlinewidth": 0, "ticks": ""}}], "scatter": [{"fillpattern": {"fillmode": "overlay", "size": 10, "solidity": 0.2}, "type": "scatter"}], "parcoords": [{"type": "parcoords", "line": {"colorbar": {"outlinewidth": 0, "ticks": ""}}}], "scatterpolargl": [{"type": "scatterpolargl", "marker": {"colorbar": {"outlinewidth": 0, "ticks": ""}}}], "bar": [{"error_x": {"color": "#2a3f5f"}, "error_y": {"color": "#2a3f5f"}, "marker": {"line": {"color": "#E5ECF6", "width": 0.5}, "pattern": {"fillmode": "overlay", "size": 10, "solidity": 0.2}}, "type": "bar"}], "scattergeo": [{"type": "scattergeo", "marker": {"colorbar": {"outlinewidth": 0, "ticks": ""}}}], "scatterpolar": [{"type": "scatterpolar", "marker": {"colorbar": {"outlinewidth": 0, "ticks": ""}}}], "histogram": [{"marker": {"pattern": {"fillmode": "overlay", "size": 10, "solidity": 0.2}}, "type": "histogram"}], "scattergl": [{"type": "scattergl", "marker": {"colorbar": {"outlinewidth": 0, "ticks": ""}}}], "scatter3d": [{"type": "scatter3d", "line": {"colorbar": {"outlinewidth": 0, "ticks": ""}}, "marker": {"colorbar": {"outlinewidth": 0, "ticks": ""}}}], "scattermapbox": [{"type": "scattermapbox", "marker": {"colorbar": {"outlinewidth": 0, "ticks": ""}}}], "scatterternary": [{"type": "scatterternary", "marker": {"colorbar": {"outlinewidth": 0, "ticks": ""}}}], "scattercarpet": [{"type": "scattercarpet", "marker": {"colorbar": {"outlinewidth": 0, "ticks": ""}}}], "carpet": [{"aaxis": {"endlinecolor": "#2a3f5f", "gridcolor": "white", "linecolor": "white", "minorgridcolor": "white", "startlinecolor": "#2a3f5f"}, "baxis": {"endlinecolor": "#2a3f5f", "gridcolor": "white", "linecolor": "white", "minorgridcolor": "white", "startlinecolor": "#2a3f5f"}, "type": "carpet"}], "table": [{"cells": {"fill": {"color": "#EBF0F8"}, "line": {"color": "white"}}, "header": {"fill": {"color": "#C8D4E3"}, "line": {"color": "white"}}, "type": "table"}], "barpolar": [{"marker": {"line": {"color": "#E5ECF6", "width": 0.5}, "pattern": {"fillmode": "overlay", "size": 10, "solidity": 0.2}}, "type": "barpolar"}], "pie": [{"automargin": true, "type": "pie"}]}, "layout": {"autotypenumbers": "strict", "colorway": ["#636efa", "#EF553B", "#00cc96", "#ab63fa", "#FFA15A", "#19d3f3", "#FF6692", "#B6E880", "#FF97FF", "#FECB52"], "font": {"color": "#2a3f5f"}, "hovermode": "closest", "hoverlabel": {"align": "left"}, "paper_bgcolor": "white", "plot_bgcolor": "#E5ECF6", "polar": {"bgcolor": "#E5ECF6", "angularaxis": {"gridcolor": "white", "linecolor": "white", "ticks": ""}, "radialaxis": {"gridcolor": "white", "linecolor": "white", "ticks": ""}}, "ternary": {"bgcolor": "#E5ECF6", "aaxis": {"gridcolor": "white", "linecolor": "white", "ticks": ""}, "baxis": {"gridcolor": "white", "linecolor": "white", "ticks": ""}, "caxis": {"gridcolor": "white", "linecolor": "white", "ticks": ""}}, "coloraxis": {"colorbar": {"outlinewidth": 0, "ticks": ""}}, "colorscale": {"sequential": [[0.0, "#0d0887"], [0.1111111111111111, "#46039f"], [0.2222222222222222, "#7201a8"], [0.3333333333333333, "#9c179e"], [0.4444444444444444, "#bd3786"], [0.5555555555555556, "#d8576b"], [0.6666666666666666, "#ed7953"], [0.7777777777777778, "#fb9f3a"], [0.8888888888888888, "#fdca26"], [1.0, "#f0f921"]], "sequentialminus": [[0.0, "#0d0887"], [0.1111111111111111, "#46039f"], [0.2222222222222222, "#7201a8"], [0.3333333333333333, "#9c179e"], [0.4444444444444444, "#bd3786"], [0.5555555555555556, "#d8576b"], [0.6666666666666666, "#ed7953"], [0.7777777777777778, "#fb9f3a"], [0.8888888888888888, "#fdca26"], [1.0, "#f0f921"]], "diverging": [[0, "#8e0152"], [0.1, "#c51b7d"], [0.2, "#de77ae"], [0.3, "#f1b6da"], [0.4, "#fde0ef"], [0.5, "#f7f7f7"], [0.6, "#e6f5d0"], [0.7, "#b8e186"], [0.8, "#7fbc41"], [0.9, "#4d9221"], [1, "#276419"]]}, "xaxis": {"gridcolor": "white", "linecolor": "white", "ticks": "", "title": {"standoff": 15}, "zerolinecolor": "white", "automargin": true, "zerolinewidth": 2}, "yaxis": {"gridcolor": "white", "linecolor": "white", "ticks": "", "title": {"standoff": 15}, "zerolinecolor": "white", "automargin": true, "zerolinewidth": 2}, "scene": {"xaxis": {"backgroundcolor": "#E5ECF6", "gridcolor": "white", "linecolor": "white", "showbackground": true, "ticks": "", "zerolinecolor": "white", "gridwidth": 2}, "yaxis": {"backgroundcolor": "#E5ECF6", "gridcolor": "white", "linecolor": "white", "showbackground": true, "ticks": "", "zerolinecolor": "white", "gridwidth": 2}, "zaxis": {"backgroundcolor": "#E5ECF6", "gridcolor": "white", "linecolor": "white", "showbackground": true, "ticks": "", "zerolinecolor": "white", "gridwidth": 2}}, "shapedefaults": {"line": {"color": "#2a3f5f"}}, "annotationdefaults": {"arrowcolor": "#2a3f5f", "arrowhead": 0, "arrowwidth": 1}, "geo": {"bgcolor": "white", "landcolor": "#E5ECF6", "subunitcolor": "white", "showland": true, "showlakes": true, "lakecolor": "white"}, "title": {"x": 0.05}, "mapbox": {"style": "light"}}}}}