{"data": [{"z": [[3.274989366531372, 2.6107263565063477, 0.026812953874468803, -0.3836296498775482, -4.65999174118042, -2.9644320011138916, 2.2772412300109863, -0.9690455794334412, -0.20982661843299866, 2.478700876235962, 0.6520769596099854, 0.9079189896583557, 0.7983464598655701, -1.3473446369171143, 1.1737544536590576, 2.6251466274261475, -0.004159025847911835, -2.815399408340454, -2.477484703063965, 1.072607398033142, -4.0272626876831055], [2.6107263565063477, 6.6480255126953125, -1.2030696868896484, -2.390505313873291, -7.116727828979492, -4.12467098236084, 1.731358289718628, -1.9800796508789062, 0.6946302056312561, 3.51444411277771, -0.09144196659326553, -0.32109495997428894, -0.7001855373382568, -0.5179770588874817, 0.21327121555805206, 1.7774332761764526, 2.673111915588379, -2.311260223388672, 3.9812941551208496, 0.500961422920227, -0.8134786486625671], [0.026812953874468803, -1.2030696868896484, 1.2529882192611694, 0.30501261353492737, 0.6451466679573059, 0.7851863503456116, 0.6447270512580872, 0.21528185904026031, 1.486906886100769, -0.09441981464624405, 0.3792743384838104, -0.7983160614967346, -0.43781158328056335, -0.359716534614563, 0.6766864061355591, 1.558405876159668, 0.4264914095401764, 1.3095927238464355, -2.330298662185669, 0.9005709290504456, -1.4405258893966675], [-0.3836296498775482, -2.390505313873291, 0.30501261353492737, 1.5731329917907715, 0.7345303893089294, 0.787871241569519, 0.39467212557792664, 1.2666853666305542, -0.13558833301067352, -0.5339025855064392, 0.7243490815162659, 1.397218108177185, 0.6845036745071411, 1.4717074632644653, 1.3421365022659302, -0.8586261868476868, -1.5240488052368164, 0.09534645080566406, -2.925212860107422, -0.006261039990931749, 0.5799059867858887], [-4.65999174118042, -7.116727828979492, 0.6451466679573059, 0.7345303893089294, 13.222041130065918, 6.209782600402832, -5.533956050872803, 0.6915339231491089, -2.731875419616699, -6.259971618652344, -2.147569179534912, -2.2979679107666016, 0.19825144112110138, -2.6929609775543213, -4.83444881439209, -3.015630006790161, -2.2922446727752686, 3.473404884338379, 1.1997965574264526, -1.947458267211914, 1.3439342975616455], [-2.9644320011138916, -4.12467098236084, 0.7851863503456116, 0.787871241569519, 6.209782600402832, 3.6312434673309326, -2.2296457290649414, 0.998884379863739, 0.11035604029893875, -3.0170724391937256, -0.5874024629592896, -1.2064059972763062, -0.47316914796829224, 0.1226722002029419, -1.2949105501174927, -1.5638859272003174, -0.6153662204742432, 3.0046887397766113, 0.054087940603494644, -0.636722207069397, 1.9097239971160889], [2.2772412300109863, 1.731358289718628, 0.6447270512580872, 0.39467212557792664, -5.533956050872803, -2.2296457290649414, 3.19643497467041, 0.17184777557849884, 2.043727159500122, 2.724437952041626, 1.4971420764923096, 1.0741971731185913, -0.021526645869016647, 1.264441967010498, 3.1162822246551514, 2.313633918762207, 0.7065784335136414, -0.9562916159629822, -3.3652071952819824, 1.5416646003723145, -1.8045804500579834], [-0.9690455794334412, -1.9800796508789062, 0.21528185904026031, 1.2666853666305542, 0.6915339231491089, 0.998884379863739, 0.17184777557849884, 1.2663459777832031, 0.4378879964351654, -0.5629634857177734, 0.5997563004493713, 0.9529601335525513, 0.14816346764564514, 1.9836958646774292, 1.2366896867752075, -1.1915507316589355, -0.8223662376403809, 0.811316192150116, -1.5439590215682983, -0.11390042304992676, 1.7651865482330322], [-0.20982661843299866, 0.6946302056312561, 1.486906886100769, -0.13558833301067352, -2.731875419616699, 0.11035604029893875, 2.043727159500122, 0.4378879964351654, 4.338106155395508, 1.4279311895370483, 1.0299080610275269, -1.2680140733718872, -1.8652509450912476, 1.9028173685073853, 2.4280738830566406, 2.0598034858703613, 2.6441235542297363, 2.739504098892212, -0.9929118156433105, 1.5860791206359863, 0.6565015912055969], [2.478700876235962, 3.51444411277771, -0.09441981464624405, -0.5339025855064392, -6.259971618652344, -3.0170724391937256, 2.724437952041626, -0.5629634857177734, 1.4279311895370483, 3.0626533031463623, 0.9692171216011047, 0.7620384693145752, -0.15752264857292175, 0.709132194519043, 2.1536643505096436, 2.0291059017181396, 1.27507746219635, -1.6326723098754883, -0.8301585912704468, 1.1337101459503174, -1.4314961433410645], [0.6520769596099854, -0.09144196659326553, 0.3792743384838104, 0.7243490815162659, -2.147569179534912, -0.5874024629592896, 1.4971420764923096, 0.5997563004493713, 1.0299080610275269, 0.9692171216011047, 0.9178794622421265, 0.9069123864173889, 0.0987236350774765, 1.3343181610107422, 1.892554759979248, 0.5523191094398499, -0.09048153460025787, -0.14860393106937408, -2.237598180770874, 0.6399105191230774, -0.1644245684146881], [0.9079189896583557, -0.32109495997428894, -0.7983160614967346, 1.397218108177185, -2.2979679107666016, -1.2064059972763062, 1.0741971731185913, 0.9529601335525513, -1.2680140733718872, 0.7620384693145752, 0.9069123864173889, 2.820011615753174, 1.39821195602417, 1.9124749898910522, 1.7747055292129517, -1.339426040649414, -1.9464808702468872, -2.1775219440460205, -2.20516037940979, -0.30727243423461914, 0.6656160950660706], [0.7983464598655701, -0.7001855373382568, -0.43781158328056335, 0.6845036745071411, 0.19825144112110138, -0.47316914796829224, -0.021526645869016647, 0.14816346764564514, -1.8652509450912476, -0.15752264857292175, 0.0987236350774765, 1.39821195602417, 1.2876874208450317, -0.4663352072238922, -0.038840796798467636, -0.4993712604045868, -1.7785159349441528, -1.8172664642333984, -1.6604138612747192, -0.3438519835472107, -1.1166690587997437], [-1.3473446369171143, -0.5179770588874817, -0.359716534614563, 1.4717074632644653, -2.6929609775543213, 0.1226722002029419, 1.264441967010498, 1.9836958646774292, 1.9028173685073853, 0.709132194519043, 1.3343181610107422, 1.9124749898910522, -0.4663352072238922, 5.170058727264404, 3.13154673576355, -2.327928066253662, 0.1031665951013565, 1.1390860080718994, -0.15494152903556824, -0.13880376517772675, 5.0747833251953125], [1.1737544536590576, 0.21327121555805206, 0.6766864061355591, 1.3421365022659302, -4.83444881439209, -1.2949105501174927, 3.1162822246551514, 1.2366896867752075, 2.4280738830566406, 2.1536643505096436, 1.892554759979248, 1.7747055292129517, -0.038840796798467636, 3.13154673576355, 3.9904792308807373, 0.9777399301528931, 0.18005003035068512, -0.09485457092523575, -3.9294278621673584, 1.285622477531433, 0.28642699122428894], [2.6251466274261475, 1.7774332761764526, 1.558405876159668, -0.8586261868476868, -3.015630006790161, -1.5638859272003174, 2.313633918762207, -1.1915507316589355, 2.0598034858703613, 2.0291059017181396, 0.5523191094398499, -1.339426040649414, -0.4993712604045868, -2.327928066253662, 0.9777399301528931, 4.585972309112549, 1.6048797369003296, -0.24093544483184814, -3.1088755130767822, 2.0331554412841797, -5.184192180633545], [-0.004159025847911835, 2.673111915588379, 0.4264914095401764, -1.5240488052368164, -2.2922446727752686, -0.6153662204742432, 0.7065784335136414, -0.8223662376403809, 2.6441235542297363, 1.27507746219635, -0.09048153460025787, -1.9464808702468872, -1.7785159349441528, 0.1031665951013565, 0.18005003035068512, 1.6048797369003296, 2.9846127033233643, 1.592796802520752, 2.60113263130188, 0.7798895835876465, 0.4780651330947876], [-2.815399408340454, -2.311260223388672, 1.3095927238464355, 0.09534645080566406, 3.473404884338379, 3.0046887397766113, -0.9562916159629822, 0.811316192150116, 2.739504098892212, -1.6326723098754883, -0.14860393106937408, -2.1775219440460205, -1.8172664642333984, 1.1390860080718994, -0.09485457092523575, -0.24093544483184814, 1.592796802520752, 4.307459354400635, 0.9041848182678223, 0.2476588487625122, 2.5185282230377197], [-2.477484703063965, 3.9812941551208496, -2.330298662185669, -2.925212860107422, 1.1997965574264526, 0.054087940603494644, -3.3652071952819824, -1.5439590215682983, -0.9929118156433105, -0.8301585912704468, -2.237598180770874, -2.20516037940979, -1.6604138612747192, -0.15494152903556824, -3.9294278621673584, -3.1088755130767822, 2.60113263130188, 0.9041848182678223, 11.128554344177246, -2.1237759590148926, 5.413092136383057], [1.072607398033142, 0.500961422920227, 0.9005709290504456, -0.006261039990931749, -1.947458267211914, -0.636722207069397, 1.5416646003723145, -0.11390042304992676, 1.5860791206359863, 1.1337101459503174, 0.6399105191230774, -0.30727243423461914, -0.3438519835472107, -0.13880376517772675, 1.285622477531433, 2.0331554412841797, 0.7798895835876465, 0.2476588487625122, -2.1237759590148926, 1.1250718832015991, -1.8239206075668335], [-4.0272626876831055, -0.8134786486625671, -1.4405258893966675, 0.5799059867858887, 1.3439342975616455, 1.9097239971160889, -1.8045804500579834, 1.7651865482330322, 0.6565015912055969, -1.4314961433410645, -0.1644245684146881, 0.6656160950660706, -1.1166690587997437, 5.0747833251953125, 0.28642699122428894, -5.184192180633545, 0.4780651330947876, 2.5185282230377197, 5.413092136383057, -1.8239206075668335, 8.789374351501465]], "type": "heatmap"}], "layout": {"template": {"data": {"histogram2dcontour": [{"type": "histogram2dcontour", "colorbar": {"outlinewidth": 0, "ticks": ""}, "colorscale": [[0.0, "#0d0887"], [0.1111111111111111, "#46039f"], [0.2222222222222222, "#7201a8"], [0.3333333333333333, "#9c179e"], [0.4444444444444444, "#bd3786"], [0.5555555555555556, "#d8576b"], [0.6666666666666666, "#ed7953"], [0.7777777777777778, "#fb9f3a"], [0.8888888888888888, "#fdca26"], [1.0, "#f0f921"]]}], "choropleth": [{"type": "choropleth", "colorbar": {"outlinewidth": 0, "ticks": ""}}], "histogram2d": [{"type": "histogram2d", "colorbar": {"outlinewidth": 0, "ticks": ""}, "colorscale": [[0.0, "#0d0887"], [0.1111111111111111, "#46039f"], [0.2222222222222222, "#7201a8"], [0.3333333333333333, "#9c179e"], [0.4444444444444444, "#bd3786"], [0.5555555555555556, "#d8576b"], [0.6666666666666666, "#ed7953"], [0.7777777777777778, "#fb9f3a"], [0.8888888888888888, "#fdca26"], [1.0, "#f0f921"]]}], "heatmap": [{"type": "heatmap", "colorbar": {"outlinewidth": 0, "ticks": ""}, "colorscale": [[0.0, "#0d0887"], [0.1111111111111111, "#46039f"], [0.2222222222222222, "#7201a8"], [0.3333333333333333, "#9c179e"], [0.4444444444444444, "#bd3786"], [0.5555555555555556, "#d8576b"], [0.6666666666666666, "#ed7953"], [0.7777777777777778, "#fb9f3a"], [0.8888888888888888, "#fdca26"], [1.0, "#f0f921"]]}], "heatmapgl": [{"type": "heatmapgl", "colorbar": {"outlinewidth": 0, "ticks": ""}, "colorscale": [[0.0, "#0d0887"], [0.1111111111111111, "#46039f"], [0.2222222222222222, "#7201a8"], [0.3333333333333333, "#9c179e"], [0.4444444444444444, "#bd3786"], [0.5555555555555556, "#d8576b"], [0.6666666666666666, "#ed7953"], [0.7777777777777778, "#fb9f3a"], [0.8888888888888888, "#fdca26"], [1.0, "#f0f921"]]}], "contourcarpet": [{"type": "contourcarpet", "colorbar": {"outlinewidth": 0, "ticks": ""}}], "contour": [{"type": "contour", "colorbar": {"outlinewidth": 0, "ticks": ""}, "colorscale": [[0.0, "#0d0887"], [0.1111111111111111, "#46039f"], [0.2222222222222222, "#7201a8"], [0.3333333333333333, "#9c179e"], [0.4444444444444444, "#bd3786"], [0.5555555555555556, "#d8576b"], [0.6666666666666666, "#ed7953"], [0.7777777777777778, "#fb9f3a"], [0.8888888888888888, "#fdca26"], [1.0, "#f0f921"]]}], "surface": [{"type": "surface", "colorbar": {"outlinewidth": 0, "ticks": ""}, "colorscale": [[0.0, "#0d0887"], [0.1111111111111111, "#46039f"], [0.2222222222222222, "#7201a8"], [0.3333333333333333, "#9c179e"], [0.4444444444444444, "#bd3786"], [0.5555555555555556, "#d8576b"], [0.6666666666666666, "#ed7953"], [0.7777777777777778, "#fb9f3a"], [0.8888888888888888, "#fdca26"], [1.0, "#f0f921"]]}], "mesh3d": [{"type": "mesh3d", "colorbar": {"outlinewidth": 0, "ticks": ""}}], "scatter": [{"fillpattern": {"fillmode": "overlay", "size": 10, "solidity": 0.2}, "type": "scatter"}], "parcoords": [{"type": "parcoords", "line": {"colorbar": {"outlinewidth": 0, "ticks": ""}}}], "scatterpolargl": [{"type": "scatterpolargl", "marker": {"colorbar": {"outlinewidth": 0, "ticks": ""}}}], "bar": [{"error_x": {"color": "#2a3f5f"}, "error_y": {"color": "#2a3f5f"}, "marker": {"line": {"color": "#E5ECF6", "width": 0.5}, "pattern": {"fillmode": "overlay", "size": 10, "solidity": 0.2}}, "type": "bar"}], "scattergeo": [{"type": "scattergeo", "marker": {"colorbar": {"outlinewidth": 0, "ticks": ""}}}], "scatterpolar": [{"type": "scatterpolar", "marker": {"colorbar": {"outlinewidth": 0, "ticks": ""}}}], "histogram": [{"marker": {"pattern": {"fillmode": "overlay", "size": 10, "solidity": 0.2}}, "type": "histogram"}], "scattergl": [{"type": "scattergl", "marker": {"colorbar": {"outlinewidth": 0, "ticks": ""}}}], "scatter3d": [{"type": "scatter3d", "line": {"colorbar": {"outlinewidth": 0, "ticks": ""}}, "marker": {"colorbar": {"outlinewidth": 0, "ticks": ""}}}], "scattermapbox": [{"type": "scattermapbox", "marker": {"colorbar": {"outlinewidth": 0, "ticks": ""}}}], "scatterternary": [{"type": "scatterternary", "marker": {"colorbar": {"outlinewidth": 0, "ticks": ""}}}], "scattercarpet": [{"type": "scattercarpet", "marker": {"colorbar": {"outlinewidth": 0, "ticks": ""}}}], "carpet": [{"aaxis": {"endlinecolor": "#2a3f5f", "gridcolor": "white", "linecolor": "white", "minorgridcolor": "white", "startlinecolor": "#2a3f5f"}, "baxis": {"endlinecolor": "#2a3f5f", "gridcolor": "white", "linecolor": "white", "minorgridcolor": "white", "startlinecolor": "#2a3f5f"}, "type": "carpet"}], "table": [{"cells": {"fill": {"color": "#EBF0F8"}, "line": {"color": "white"}}, "header": {"fill": {"color": "#C8D4E3"}, "line": {"color": "white"}}, "type": "table"}], "barpolar": [{"marker": {"line": {"color": "#E5ECF6", "width": 0.5}, "pattern": {"fillmode": "overlay", "size": 10, "solidity": 0.2}}, "type": "barpolar"}], "pie": [{"automargin": true, "type": "pie"}]}, "layout": {"autotypenumbers": "strict", "colorway": ["#636efa", "#EF553B", "#00cc96", "#ab63fa", "#FFA15A", "#19d3f3", "#FF6692", "#B6E880", "#FF97FF", "#FECB52"], "font": {"color": "#2a3f5f"}, "hovermode": "closest", "hoverlabel": {"align": "left"}, "paper_bgcolor": "white", "plot_bgcolor": "#E5ECF6", "polar": {"bgcolor": "#E5ECF6", "angularaxis": {"gridcolor": "white", "linecolor": "white", "ticks": ""}, "radialaxis": {"gridcolor": "white", "linecolor": "white", "ticks": ""}}, "ternary": {"bgcolor": "#E5ECF6", "aaxis": {"gridcolor": "white", "linecolor": "white", "ticks": ""}, "baxis": {"gridcolor": "white", "linecolor": "white", "ticks": ""}, "caxis": {"gridcolor": "white", "linecolor": "white", "ticks": ""}}, "coloraxis": {"colorbar": {"outlinewidth": 0, "ticks": ""}}, "colorscale": {"sequential": [[0.0, "#0d0887"], [0.1111111111111111, "#46039f"], [0.2222222222222222, "#7201a8"], [0.3333333333333333, "#9c179e"], [0.4444444444444444, "#bd3786"], [0.5555555555555556, "#d8576b"], [0.6666666666666666, "#ed7953"], [0.7777777777777778, "#fb9f3a"], [0.8888888888888888, "#fdca26"], [1.0, "#f0f921"]], "sequentialminus": [[0.0, "#0d0887"], [0.1111111111111111, "#46039f"], [0.2222222222222222, "#7201a8"], [0.3333333333333333, "#9c179e"], [0.4444444444444444, "#bd3786"], [0.5555555555555556, "#d8576b"], [0.6666666666666666, "#ed7953"], [0.7777777777777778, "#fb9f3a"], [0.8888888888888888, "#fdca26"], [1.0, "#f0f921"]], "diverging": [[0, "#8e0152"], [0.1, "#c51b7d"], [0.2, "#de77ae"], [0.3, "#f1b6da"], [0.4, "#fde0ef"], [0.5, "#f7f7f7"], [0.6, "#e6f5d0"], [0.7, "#b8e186"], [0.8, "#7fbc41"], [0.9, "#4d9221"], [1, "#276419"]]}, "xaxis": {"gridcolor": "white", "linecolor": "white", "ticks": "", "title": {"standoff": 15}, "zerolinecolor": "white", "automargin": true, "zerolinewidth": 2}, "yaxis": {"gridcolor": "white", "linecolor": "white", "ticks": "", "title": {"standoff": 15}, "zerolinecolor": "white", "automargin": true, "zerolinewidth": 2}, "scene": {"xaxis": {"backgroundcolor": "#E5ECF6", "gridcolor": "white", "linecolor": "white", "showbackground": true, "ticks": "", "zerolinecolor": "white", "gridwidth": 2}, "yaxis": {"backgroundcolor": "#E5ECF6", "gridcolor": "white", "linecolor": "white", "showbackground": true, "ticks": "", "zerolinecolor": "white", "gridwidth": 2}, "zaxis": {"backgroundcolor": "#E5ECF6", "gridcolor": "white", "linecolor": "white", "showbackground": true, "ticks": "", "zerolinecolor": "white", "gridwidth": 2}}, "shapedefaults": {"line": {"color": "#2a3f5f"}}, "annotationdefaults": {"arrowcolor": "#2a3f5f", "arrowhead": 0, "arrowwidth": 1}, "geo": {"bgcolor": "white", "landcolor": "#E5ECF6", "subunitcolor": "white", "showland": true, "showlakes": true, "lakecolor": "white"}, "title": {"x": 0.05}, "mapbox": {"style": "light"}}}}}