{"data": [{"z": [[3.5794997215270996, 2.7263576984405518, 0.15687651932239532, -0.027543768286705017, -4.780343532562256, -2.7368242740631104, 2.5667922496795654, -0.6682592034339905, -0.13474522531032562, 2.792534112930298, 1.0534683465957642, 1.114302396774292, 1.0274288654327393, -1.28385591506958, 1.4488444328308105, 2.819852352142334, -0.016506876796483994, -2.813472270965576, -2.7330269813537598, 1.4503753185272217, -4.289538860321045], [2.7263576984405518, 6.505853176116943, -1.1023180484771729, -2.3292834758758545, -7.424341201782227, -4.282593250274658, 1.940977692604065, -1.988341212272644, 0.782713770866394, 3.626032829284668, 0.08164694905281067, -0.2930757999420166, -0.6492280960083008, -0.5552732944488525, 0.42537665367126465, 2.0512115955352783, 2.4466328620910645, -2.488996982574463, 3.334213972091675, 0.6473531723022461, -1.209730863571167], [0.15687651932239532, -1.1023180484771729, 1.2894744873046875, 0.4613152742385864, 0.6632161140441895, 0.9309414625167847, 0.7361452579498291, 0.36165106296539307, 1.4988901615142822, 0.03169203922152519, 0.5210525989532471, -0.6971897482872009, -0.3387488126754761, -0.31946322321891785, 0.7581838965415955, 1.581740379333496, 0.49121546745300293, 1.3569320440292358, -2.285615921020508, 1.0416532754898071, -1.4665074348449707], [-0.027543768286705017, -2.3292834758758545, 0.4613152742385864, 1.8628288507461548, 0.5435612201690674, 0.8771057724952698, 0.7336432933807373, 1.4831621646881104, -0.024547837674617767, -0.2613365352153778, 0.9926996827125549, 1.6304622888565063, 0.8613891005516052, 1.527783989906311, 1.6666902303695679, -0.6198719143867493, -1.4759931564331055, 0.09160447865724564, -3.3732423782348633, 0.2860617935657501, 0.2556934952735901], [-4.780343532562256, -7.424341201782227, 0.6632161140441895, 0.5435612201690674, 13.214581489562988, 5.94704008102417, -5.5791778564453125, 0.4807310104370117, -2.6999266147613525, -6.50089693069458, -2.453187942504883, -2.3443336486816406, 0.04011933133006096, -2.6999711990356445, -4.828427791595459, -3.024705410003662, -2.3403537273406982, 3.457577705383301, 0.8039924502372742, -2.2149524688720703, 1.3244045972824097], [-2.7368242740631104, -4.282593250274658, 0.9309414625167847, 0.8771057724952698, 5.94704008102417, 3.460988998413086, -1.9486907720565796, 1.0042145252227783, 0.23524846136569977, -2.9260036945343018, -0.5415987968444824, -1.064812421798706, -0.43441569805145264, 0.13703472912311554, -1.0015381574630737, -1.3078168630599976, -0.6645376086235046, 2.9260642528533936, -0.6838443875312805, -0.5528277158737183, 1.5394779443740845], [2.5667922496795654, 1.940977692604065, 0.7361452579498291, 0.7336432933807373, -5.5791778564453125, -1.9486907720565796, 3.4261441230773926, 0.47918379306793213, 2.086115837097168, 3.0329856872558594, 1.865414023399353, 1.2703965902328491, 0.2029811590909958, 1.3275469541549683, 3.3175582885742188, 2.433255910873413, 0.776371955871582, -0.9103456139564514, -3.370943069458008, 1.895775318145752, -1.9529762268066406], [-0.6682592034339905, -1.988341212272644, 0.36165106296539307, 1.4831621646881104, 0.4807310104370117, 1.0042145252227783, 0.47918379306793213, 1.4087013006210327, 0.5480318069458008, -0.3539099097251892, 0.7973537445068359, 1.1442936658859253, 0.27768707275390625, 2.020484685897827, 1.5372637510299683, -0.9516847133636475, -0.8158169984817505, 0.7780777215957642, -2.0667009353637695, 0.10864156484603882, 1.4320424795150757], [-0.13474522531032562, 0.782713770866394, 1.4988901615142822, -0.024547837674617767, -2.6999266147613525, 0.23524846136569977, 2.086115837097168, 0.5480318069458008, 4.332854270935059, 1.5174391269683838, 1.1435654163360596, -1.2077151536941528, -1.7898461818695068, 1.928500771522522, 2.4616470336914062, 2.0576837062835693, 2.6823630332946777, 2.7729485034942627, -0.8976547122001648, 1.6905326843261719, 0.6635624170303345], [2.792534112930298, 3.626032829284668, 0.03169203922152519, -0.2613365352153778, -6.50089693069458, -2.9260036945343018, 3.0329856872558594, -0.3539099097251892, 1.5174391269683838, 3.3714537620544434, 1.3194836378097534, 0.933085024356842, 0.031629808247089386, 0.72969651222229, 2.431730031967163, 2.2875661849975586, 1.2391741275787354, -1.7007219791412354, -1.1946150064468384, 1.4742367267608643, -1.7784672975540161], [1.0534683465957642, 0.08164694905281067, 0.5210525989532471, 0.9926996827125549, -2.453187942504883, -0.5415987968444824, 1.865414023399353, 0.7973537445068359, 1.1435654163360596, 1.3194836378097534, 1.2362364530563354, 1.118070125579834, 0.2860831916332245, 1.353948712348938, 2.212500810623169, 0.8490805625915527, -0.04060524329543114, -0.21149469912052155, -2.6311721801757812, 0.982532799243927, -0.5509305596351624], [1.114302396774292, -0.2930757999420166, -0.6971897482872009, 1.6304622888565063, -2.3443336486816406, -1.064812421798706, 1.2703965902328491, 1.1442936658859253, -1.2077151536941528, 0.933085024356842, 1.118070125579834, 2.9789814949035645, 1.5351994037628174, 1.969515085220337, 1.973461389541626, -1.2237504720687866, -1.9236948490142822, -2.1447315216064453, -2.4335453510284424, -0.0946798101067543, 0.5057708621025085], [1.0274288654327393, -0.6492280960083008, -0.3387488126754761, 0.8613891005516052, 0.04011933133006096, -0.43441569805145264, 0.2029811590909958, 0.27768707275390625, -1.7898461818695068, 0.031629808247089386, 0.2860831916332245, 1.5351994037628174, 1.3997130393981934, -0.4398215115070343, 0.17105744779109955, -0.32586702704429626, -1.7641706466674805, -1.8408039808273315, -1.959253191947937, -0.14447210729122162, -1.3485027551651], [-1.28385591506958, -0.5552732944488525, -0.31946322321891785, 1.527783989906311, -2.6999711990356445, 0.13703472912311554, 1.3275469541549683, 2.020484685897827, 1.928500771522522, 0.72969651222229, 1.353948712348938, 1.969515085220337, -0.4398215115070343, 5.189114570617676, 3.2031502723693848, -2.2916433811187744, 0.11660394817590714, 1.1559643745422363, -0.2955573797225952, -0.10741538554430008, 5.018627166748047], [1.4488444328308105, 0.42537665367126465, 0.7581838965415955, 1.6666902303695679, -4.828427791595459, -1.0015381574630737, 3.3175582885742188, 1.5372637510299683, 2.4616470336914062, 2.431730031967163, 2.212500810623169, 1.973461389541626, 0.17105744779109955, 3.2031502723693848, 4.166596412658691, 1.055334448814392, 0.29274535179138184, -0.015392406843602657, -3.8678669929504395, 1.602128267288208, 0.1969020813703537], [2.819852352142334, 2.0512115955352783, 1.581740379333496, -0.6198719143867493, -3.024705410003662, -1.3078168630599976, 2.433255910873413, -0.9516847133636475, 2.0576837062835693, 2.2875661849975586, 0.8490805625915527, -1.2237504720687866, -0.32586702704429626, -2.2916433811187744, 1.055334448814392, 4.626622200012207, 1.6922013759613037, -0.2011384516954422, -2.861806869506836, 2.3099777698516846, -5.213996410369873], [-0.016506876796483994, 2.4466328620910645, 0.49121546745300293, -1.4759931564331055, -2.3403537273406982, -0.6645376086235046, 0.776371955871582, -0.8158169984817505, 2.6823630332946777, 1.2391741275787354, -0.04060524329543114, -1.9236948490142822, -1.7641706466674805, 0.11660394817590714, 0.29274535179138184, 1.6922013759613037, 2.814613103866577, 1.5395700931549072, 2.164579153060913, 0.801060140132904, 0.32127684354782104], [-2.813472270965576, -2.488996982574463, 1.3569320440292358, 0.09160447865724564, 3.457577705383301, 2.9260642528533936, -0.9103456139564514, 0.7780777215957642, 2.7729485034942627, -1.7007219791412354, -0.21149469912052155, -2.1447315216064453, -1.8408039808273315, 1.1559643745422363, -0.015392406843602657, -0.2011384516954422, 1.5395700931549072, 4.2997636795043945, 0.5805683732032776, 0.19316431879997253, 2.4380030632019043], [-2.7330269813537598, 3.334213972091675, -2.285615921020508, -3.3732423782348633, 0.8039924502372742, -0.6838443875312805, -3.370943069458008, -2.0667009353637695, -0.8976547122001648, -1.1946150064468384, -2.6311721801757812, -2.4335453510284424, -1.959253191947937, -0.2955573797225952, -3.8678669929504395, -2.861806869506836, 2.164579153060913, 0.5805683732032776, 9.957365989685059, -2.511214017868042, 5.00589656829834], [1.4503753185272217, 0.6473531723022461, 1.0416532754898071, 0.2860617935657501, -2.2149524688720703, -0.5528277158737183, 1.895775318145752, 0.10864156484603882, 1.6905326843261719, 1.4742367267608643, 0.982532799243927, -0.0946798101067543, -0.14447210729122162, -0.10741538554430008, 1.602128267288208, 2.3099777698516846, 0.801060140132904, 0.19316431879997253, -2.511214017868042, 1.4767074584960938, -2.1907618045806885], [-4.289538860321045, -1.209730863571167, -1.4665074348449707, 0.2556934952735901, 1.3244045972824097, 1.5394779443740845, -1.9529762268066406, 1.4320424795150757, 0.6635624170303345, -1.7784672975540161, -0.5509305596351624, 0.5057708621025085, -1.3485027551651, 5.018627166748047, 0.1969020813703537, -5.213996410369873, 0.32127684354782104, 2.4380030632019043, 5.00589656829834, -2.1907618045806885, 8.789374351501465]], "type": "heatmap"}], "layout": {"template": {"data": {"histogram2dcontour": [{"type": "histogram2dcontour", "colorbar": {"outlinewidth": 0, "ticks": ""}, "colorscale": [[0.0, "#0d0887"], [0.1111111111111111, "#46039f"], [0.2222222222222222, "#7201a8"], [0.3333333333333333, "#9c179e"], [0.4444444444444444, "#bd3786"], [0.5555555555555556, "#d8576b"], [0.6666666666666666, "#ed7953"], [0.7777777777777778, "#fb9f3a"], [0.8888888888888888, "#fdca26"], [1.0, "#f0f921"]]}], "choropleth": [{"type": "choropleth", "colorbar": {"outlinewidth": 0, "ticks": ""}}], "histogram2d": [{"type": "histogram2d", "colorbar": {"outlinewidth": 0, "ticks": ""}, "colorscale": [[0.0, "#0d0887"], [0.1111111111111111, "#46039f"], [0.2222222222222222, "#7201a8"], [0.3333333333333333, "#9c179e"], [0.4444444444444444, "#bd3786"], [0.5555555555555556, "#d8576b"], [0.6666666666666666, "#ed7953"], [0.7777777777777778, "#fb9f3a"], [0.8888888888888888, "#fdca26"], [1.0, "#f0f921"]]}], "heatmap": [{"type": "heatmap", "colorbar": {"outlinewidth": 0, "ticks": ""}, "colorscale": [[0.0, "#0d0887"], [0.1111111111111111, "#46039f"], [0.2222222222222222, "#7201a8"], [0.3333333333333333, "#9c179e"], [0.4444444444444444, "#bd3786"], [0.5555555555555556, "#d8576b"], [0.6666666666666666, "#ed7953"], [0.7777777777777778, "#fb9f3a"], [0.8888888888888888, "#fdca26"], [1.0, "#f0f921"]]}], "heatmapgl": [{"type": "heatmapgl", "colorbar": {"outlinewidth": 0, "ticks": ""}, "colorscale": [[0.0, "#0d0887"], [0.1111111111111111, "#46039f"], [0.2222222222222222, "#7201a8"], [0.3333333333333333, "#9c179e"], [0.4444444444444444, "#bd3786"], [0.5555555555555556, "#d8576b"], [0.6666666666666666, "#ed7953"], [0.7777777777777778, "#fb9f3a"], [0.8888888888888888, "#fdca26"], [1.0, "#f0f921"]]}], "contourcarpet": [{"type": "contourcarpet", "colorbar": {"outlinewidth": 0, "ticks": ""}}], "contour": [{"type": "contour", "colorbar": {"outlinewidth": 0, "ticks": ""}, "colorscale": [[0.0, "#0d0887"], [0.1111111111111111, "#46039f"], [0.2222222222222222, "#7201a8"], [0.3333333333333333, "#9c179e"], [0.4444444444444444, "#bd3786"], [0.5555555555555556, "#d8576b"], [0.6666666666666666, "#ed7953"], [0.7777777777777778, "#fb9f3a"], [0.8888888888888888, "#fdca26"], [1.0, "#f0f921"]]}], "surface": [{"type": "surface", "colorbar": {"outlinewidth": 0, "ticks": ""}, "colorscale": [[0.0, "#0d0887"], [0.1111111111111111, "#46039f"], [0.2222222222222222, "#7201a8"], [0.3333333333333333, "#9c179e"], [0.4444444444444444, "#bd3786"], [0.5555555555555556, "#d8576b"], [0.6666666666666666, "#ed7953"], [0.7777777777777778, "#fb9f3a"], [0.8888888888888888, "#fdca26"], [1.0, "#f0f921"]]}], "mesh3d": [{"type": "mesh3d", "colorbar": {"outlinewidth": 0, "ticks": ""}}], "scatter": [{"fillpattern": {"fillmode": "overlay", "size": 10, "solidity": 0.2}, "type": "scatter"}], "parcoords": [{"type": "parcoords", "line": {"colorbar": {"outlinewidth": 0, "ticks": ""}}}], "scatterpolargl": [{"type": "scatterpolargl", "marker": {"colorbar": {"outlinewidth": 0, "ticks": ""}}}], "bar": [{"error_x": {"color": "#2a3f5f"}, "error_y": {"color": "#2a3f5f"}, "marker": {"line": {"color": "#E5ECF6", "width": 0.5}, "pattern": {"fillmode": "overlay", "size": 10, "solidity": 0.2}}, "type": "bar"}], "scattergeo": [{"type": "scattergeo", "marker": {"colorbar": {"outlinewidth": 0, "ticks": ""}}}], "scatterpolar": [{"type": "scatterpolar", "marker": {"colorbar": {"outlinewidth": 0, "ticks": ""}}}], "histogram": [{"marker": {"pattern": {"fillmode": "overlay", "size": 10, "solidity": 0.2}}, "type": "histogram"}], "scattergl": [{"type": "scattergl", "marker": {"colorbar": {"outlinewidth": 0, "ticks": ""}}}], "scatter3d": [{"type": "scatter3d", "line": {"colorbar": {"outlinewidth": 0, "ticks": ""}}, "marker": {"colorbar": {"outlinewidth": 0, "ticks": ""}}}], "scattermapbox": [{"type": "scattermapbox", "marker": {"colorbar": {"outlinewidth": 0, "ticks": ""}}}], "scatterternary": [{"type": "scatterternary", "marker": {"colorbar": {"outlinewidth": 0, "ticks": ""}}}], "scattercarpet": [{"type": "scattercarpet", "marker": {"colorbar": {"outlinewidth": 0, "ticks": ""}}}], "carpet": [{"aaxis": {"endlinecolor": "#2a3f5f", "gridcolor": "white", "linecolor": "white", "minorgridcolor": "white", "startlinecolor": "#2a3f5f"}, "baxis": {"endlinecolor": "#2a3f5f", "gridcolor": "white", "linecolor": "white", "minorgridcolor": "white", "startlinecolor": "#2a3f5f"}, "type": "carpet"}], "table": [{"cells": {"fill": {"color": "#EBF0F8"}, "line": {"color": "white"}}, "header": {"fill": {"color": "#C8D4E3"}, "line": {"color": "white"}}, "type": "table"}], "barpolar": [{"marker": {"line": {"color": "#E5ECF6", "width": 0.5}, "pattern": {"fillmode": "overlay", "size": 10, "solidity": 0.2}}, "type": "barpolar"}], "pie": [{"automargin": true, "type": "pie"}]}, "layout": {"autotypenumbers": "strict", "colorway": ["#636efa", "#EF553B", "#00cc96", "#ab63fa", "#FFA15A", "#19d3f3", "#FF6692", "#B6E880", "#FF97FF", "#FECB52"], "font": {"color": "#2a3f5f"}, "hovermode": "closest", "hoverlabel": {"align": "left"}, "paper_bgcolor": "white", "plot_bgcolor": "#E5ECF6", "polar": {"bgcolor": "#E5ECF6", "angularaxis": {"gridcolor": "white", "linecolor": "white", "ticks": ""}, "radialaxis": {"gridcolor": "white", "linecolor": "white", "ticks": ""}}, "ternary": {"bgcolor": "#E5ECF6", "aaxis": {"gridcolor": "white", "linecolor": "white", "ticks": ""}, "baxis": {"gridcolor": "white", "linecolor": "white", "ticks": ""}, "caxis": {"gridcolor": "white", "linecolor": "white", "ticks": ""}}, "coloraxis": {"colorbar": {"outlinewidth": 0, "ticks": ""}}, "colorscale": {"sequential": [[0.0, "#0d0887"], [0.1111111111111111, "#46039f"], [0.2222222222222222, "#7201a8"], [0.3333333333333333, "#9c179e"], [0.4444444444444444, "#bd3786"], [0.5555555555555556, "#d8576b"], [0.6666666666666666, "#ed7953"], [0.7777777777777778, "#fb9f3a"], [0.8888888888888888, "#fdca26"], [1.0, "#f0f921"]], "sequentialminus": [[0.0, "#0d0887"], [0.1111111111111111, "#46039f"], [0.2222222222222222, "#7201a8"], [0.3333333333333333, "#9c179e"], [0.4444444444444444, "#bd3786"], [0.5555555555555556, "#d8576b"], [0.6666666666666666, "#ed7953"], [0.7777777777777778, "#fb9f3a"], [0.8888888888888888, "#fdca26"], [1.0, "#f0f921"]], "diverging": [[0, "#8e0152"], [0.1, "#c51b7d"], [0.2, "#de77ae"], [0.3, "#f1b6da"], [0.4, "#fde0ef"], [0.5, "#f7f7f7"], [0.6, "#e6f5d0"], [0.7, "#b8e186"], [0.8, "#7fbc41"], [0.9, "#4d9221"], [1, "#276419"]]}, "xaxis": {"gridcolor": "white", "linecolor": "white", "ticks": "", "title": {"standoff": 15}, "zerolinecolor": "white", "automargin": true, "zerolinewidth": 2}, "yaxis": {"gridcolor": "white", "linecolor": "white", "ticks": "", "title": {"standoff": 15}, "zerolinecolor": "white", "automargin": true, "zerolinewidth": 2}, "scene": {"xaxis": {"backgroundcolor": "#E5ECF6", "gridcolor": "white", "linecolor": "white", "showbackground": true, "ticks": "", "zerolinecolor": "white", "gridwidth": 2}, "yaxis": {"backgroundcolor": "#E5ECF6", "gridcolor": "white", "linecolor": "white", "showbackground": true, "ticks": "", "zerolinecolor": "white", "gridwidth": 2}, "zaxis": {"backgroundcolor": "#E5ECF6", "gridcolor": "white", "linecolor": "white", "showbackground": true, "ticks": "", "zerolinecolor": "white", "gridwidth": 2}}, "shapedefaults": {"line": {"color": "#2a3f5f"}}, "annotationdefaults": {"arrowcolor": "#2a3f5f", "arrowhead": 0, "arrowwidth": 1}, "geo": {"bgcolor": "white", "landcolor": "#E5ECF6", "subunitcolor": "white", "showland": true, "showlakes": true, "lakecolor": "white"}, "title": {"x": 0.05}, "mapbox": {"style": "light"}}}}}