{"data": [{"z": [[3.880950689315796, 2.9087562561035156, 0.25296705961227417, 0.24559824168682098, -4.900429725646973, -2.5544679164886475, 2.6904752254486084, -0.4207455515861511, -0.07117275148630142, 3.019744873046875, 1.2703778743743896, 1.3176907300949097, 1.2791980504989624, -1.2446917295455933, 1.6224247217178345, 2.982875108718872, -0.013035393320024014, -2.8023147583007812, -2.8533945083618164, 1.7138696908950806, -4.502391338348389], [2.9087562561035156, 6.529388427734375, -1.0293712615966797, -2.2133798599243164, -7.695513725280762, -4.329766273498535, 2.1954541206359863, -1.9398623704910278, 0.8656034469604492, 3.772853374481201, 0.27324000000953674, -0.25166600942611694, -0.5772074460983276, -0.5728054046630859, 0.6412277817726135, 2.2494094371795654, 2.364445209503174, -2.613053560256958, 2.941588878631592, 0.8155634999275208, -1.5091323852539062], [0.25296705961227417, -1.0293712615966797, 1.3181943893432617, 0.5629781484603882, 0.6869792938232422, 1.0314768552780151, 0.7236642837524414, 0.46937599778175354, 1.5053918361663818, 0.09918615221977234, 0.5689834356307983, -0.6035253405570984, -0.23609621822834015, -0.2933926284313202, 0.7834786176681519, 1.605577826499939, 0.5158689618110657, 1.4001131057739258, -2.244802474975586, 1.120052456855774, -1.4862587451934814], [0.24559824168682098, -2.2133798599243164, 0.5629781484603882, 2.0487306118011475, 0.4106869101524353, 0.9413426518440247, 0.8590352535247803, 1.6463803052902222, 0.04136083275079727, -0.05897548422217369, 1.1269786357879639, 1.8259207010269165, 1.03754460811615, 1.5560075044631958, 1.8287134170532227, -0.439025342464447, -1.4407868385314941, 0.10118807107210159, -3.5789408683776855, 0.4841575622558594, 0.038252007216215134], [-4.900429725646973, -7.695513725280762, 0.6869792938232422, 0.4106869101524353, 13.212739944458008, 5.74272346496582, -5.520139217376709, 0.3257811963558197, -2.6846981048583984, -6.608221530914307, -2.5595290660858154, -2.3975467681884766, -0.12685219943523407, -2.7029638290405273, -4.793248653411865, -3.0092270374298096, -2.3777191638946533, 3.43281626701355, 0.4646858274936676, -2.3439712524414062, 1.2947204113006592], [-2.5544679164886475, -4.329766273498535, 1.0314768552780151, 0.9413426518440247, 5.74272346496582, 3.3424179553985596, -1.7451919317245483, 1.0208518505096436, 0.31528380513191223, -2.7933902740478516, -0.46265506744384766, -0.9552169442176819, -0.39892375469207764, 0.13905633985996246, -0.8091133832931519, -1.1023480892181396, -0.6734674572944641, 2.8679935932159424, -1.130487322807312, -0.4451122283935547, 1.2721894979476929], [2.6904752254486084, 2.1954541206359863, 0.7236642837524414, 0.8590352535247803, -5.520139217376709, -1.7451919317245483, 3.3223555088043213, 0.6416038274765015, 2.063983917236328, 3.1354074478149414, 1.9217966794967651, 1.366646647453308, 0.37144890427589417, 1.3457722663879395, 3.2604100704193115, 2.4078919887542725, 0.8537009954452515, -0.838798463344574, -3.011918783187866, 2.0033090114593506, -1.888976812362671], [-0.4207455515861511, -1.9398623704910278, 0.46937599778175354, 1.6463803052902222, 0.3257811963558197, 1.0208518505096436, 0.6416038274765015, 1.5356874465942383, 0.6218846440315247, -0.174137681722641, 0.9290145039558411, 1.3160784244537354, 0.41646403074264526, 2.04339599609375, 1.7234725952148438, -0.7582849264144897, -0.8087957501411438, 0.7637943029403687, -2.381988763809204, 0.2877151370048523, 1.1858134269714355], [-0.07117275148630142, 0.8656034469604492, 1.5053918361663818, 0.04136083275079727, -2.6846981048583984, 0.31528380513191223, 2.063983917236328, 0.6218846440315247, 4.330271244049072, 1.5653560161590576, 1.1779625415802002, -1.1544854640960693, -1.7148844003677368, 1.9405193328857422, 2.4613864421844482, 2.062723398208618, 2.7037932872772217, 2.798689603805542, -0.8093131184577942, 1.744246006011963, 0.6658041477203369], [3.019744873046875, 3.772853374481201, 0.09918615221977234, -0.05897548422217369, -6.608221530914307, -2.7933902740478516, 3.1354074478149414, -0.174137681722641, 1.5653560161590576, 3.544578790664673, 1.491454005241394, 1.0738400220870972, 0.2190682291984558, 0.7518888711929321, 2.5637898445129395, 2.413855791091919, 1.2349531650543213, -1.7061117887496948, -1.28339684009552, 1.6757380962371826, -1.947745442390442], [1.2703778743743896, 0.27324000000953674, 0.5689834356307983, 1.1269786357879639, -2.5595290660858154, -0.46265506744384766, 1.9217966794967651, 0.9290145039558411, 1.1779625415802002, 1.491454005241394, 1.3397210836410522, 1.2503031492233276, 0.43992626667022705, 1.3613353967666626, 2.289379358291626, 0.964631199836731, 0.012621939182281494, -0.20644409954547882, -2.618558645248413, 1.1409639120101929, -0.6790733933448792], [1.3176907300949097, -0.25166600942611694, -0.6035253405570984, 1.8259207010269165, -2.3975467681884766, -0.9552169442176819, 1.366646647453308, 1.3160784244537354, -1.1544854640960693, 1.0738400220870972, 1.2503031492233276, 3.1490869522094727, 1.6981972455978394, 2.0129950046539307, 2.1196107864379883, -1.0988479852676392, -1.9273744821548462, -2.1158111095428467, -2.6355457305908203, 0.07613231241703033, 0.34401246905326843], [1.2791980504989624, -0.5772074460983276, -0.23609621822834015, 1.03754460811615, -0.12685219943523407, -0.39892375469207764, 0.37144890427589417, 0.41646403074264526, -1.7148844003677368, 0.2190682291984558, 0.43992626667022705, 1.6981972455978394, 1.5501136779785156, -0.4182502031326294, 0.3603200614452362, -0.13472861051559448, -1.7657840251922607, -1.863486886024475, -2.2506141662597656, 0.04963020980358124, -1.5970615148544312], [-1.2446917295455933, -0.5728054046630859, -0.2933926284313202, 1.5560075044631958, -2.7029638290405273, 0.13905633985996246, 1.3457722663879395, 2.04339599609375, 1.9405193328857422, 0.7518888711929321, 1.3613353967666626, 2.0129950046539307, -0.4182502031326294, 5.1989617347717285, 3.2338576316833496, -2.2600739002227783, 0.12287000566720963, 1.1685847043991089, -0.3709239959716797, -0.0851621925830841, 4.982762336730957], [1.6224247217178345, 0.6412277817726135, 0.7834786176681519, 1.8287134170532227, -4.793248653411865, -0.8091133832931519, 3.2604100704193115, 1.7234725952148438, 2.4613864421844482, 2.5637898445129395, 2.289379358291626, 2.1196107864379883, 0.3603200614452362, 3.2338576316833496, 4.167099475860596, 1.0808147192001343, 0.36499908566474915, 0.059640973806381226, -3.6511502265930176, 1.741493582725525, 0.19500872492790222], [2.982875108718872, 2.2494094371795654, 1.605577826499939, -0.439025342464447, -3.0092270374298096, -1.1023480892181396, 2.4078919887542725, -0.7582849264144897, 2.062723398208618, 2.413855791091919, 0.964631199836731, -1.0988479852676392, -0.13472861051559448, -2.2600739002227783, 1.0808147192001343, 4.651593208312988, 1.7255984544754028, -0.1493513137102127, -2.686116933822632, 2.4631659984588623, -5.234787464141846], [-0.013035393320024014, 2.364445209503174, 0.5158689618110657, -1.4407868385314941, -2.3777191638946533, -0.6734674572944641, 0.8537009954452515, -0.8087957501411438, 2.7037932872772217, 1.2349531650543213, 0.012621939182281494, -1.9273744821548462, -1.7657840251922607, 0.12287000566720963, 0.36499908566474915, 1.7255984544754028, 2.7524044513702393, 1.5074223279953003, 1.9787579774856567, 0.8255019783973694, 0.24963192641735077], [-2.8023147583007812, -2.613053560256958, 1.4001131057739258, 0.10118807107210159, 3.43281626701355, 2.8679935932159424, -0.838798463344574, 0.7637943029403687, 2.798689603805542, -1.7061117887496948, -0.20644409954547882, -2.1158111095428467, -1.863486886024475, 1.1685847043991089, 0.059640973806381226, -0.1493513137102127, 1.5074223279953003, 4.289238929748535, 0.33031466603279114, 0.19310875236988068, 2.3599600791931152], [-2.8533945083618164, 2.941588878631592, -2.244802474975586, -3.5789408683776855, 0.4646858274936676, -1.130487322807312, -3.011918783187866, -2.381988763809204, -0.8093131184577942, -1.28339684009552, -2.618558645248413, -2.6355457305908203, -2.2506141662597656, -0.3709239959716797, -3.6511502265930176, -2.686116933822632, 1.9787579774856567, 0.33031466603279114, 9.118096351623535, -2.6142935752868652, 4.694807529449463], [1.7138696908950806, 0.8155634999275208, 1.120052456855774, 0.4841575622558594, -2.3439712524414062, -0.4451122283935547, 2.0033090114593506, 0.2877151370048523, 1.744246006011963, 1.6757380962371826, 1.1409639120101929, 0.07613231241703033, 0.04963020980358124, -0.0851621925830841, 1.741493582725525, 2.4631659984588623, 0.8255019783973694, 0.19310875236988068, -2.6142935752868652, 1.6853221654891968, -2.380826473236084], [-4.502391338348389, -1.5091323852539062, -1.4862587451934814, 0.038252007216215134, 1.2947204113006592, 1.2721894979476929, -1.888976812362671, 1.1858134269714355, 0.6658041477203369, -1.947745442390442, -0.6790733933448792, 0.34401246905326843, -1.5970615148544312, 4.982762336730957, 0.19500872492790222, -5.234787464141846, 0.24963192641735077, 2.3599600791931152, 4.694807529449463, -2.380826473236084, 8.789374351501465]], "type": "heatmap"}], "layout": {"template": {"data": {"histogram2dcontour": [{"type": "histogram2dcontour", "colorbar": {"outlinewidth": 0, "ticks": ""}, "colorscale": [[0.0, "#0d0887"], [0.1111111111111111, "#46039f"], [0.2222222222222222, "#7201a8"], [0.3333333333333333, "#9c179e"], [0.4444444444444444, "#bd3786"], [0.5555555555555556, "#d8576b"], [0.6666666666666666, "#ed7953"], [0.7777777777777778, "#fb9f3a"], [0.8888888888888888, "#fdca26"], [1.0, "#f0f921"]]}], "choropleth": [{"type": "choropleth", "colorbar": {"outlinewidth": 0, "ticks": ""}}], "histogram2d": [{"type": "histogram2d", "colorbar": {"outlinewidth": 0, "ticks": ""}, "colorscale": [[0.0, "#0d0887"], [0.1111111111111111, "#46039f"], [0.2222222222222222, "#7201a8"], [0.3333333333333333, "#9c179e"], [0.4444444444444444, "#bd3786"], [0.5555555555555556, "#d8576b"], [0.6666666666666666, "#ed7953"], [0.7777777777777778, "#fb9f3a"], [0.8888888888888888, "#fdca26"], [1.0, "#f0f921"]]}], "heatmap": [{"type": "heatmap", "colorbar": {"outlinewidth": 0, "ticks": ""}, "colorscale": [[0.0, "#0d0887"], [0.1111111111111111, "#46039f"], [0.2222222222222222, "#7201a8"], [0.3333333333333333, "#9c179e"], [0.4444444444444444, "#bd3786"], [0.5555555555555556, "#d8576b"], [0.6666666666666666, "#ed7953"], [0.7777777777777778, "#fb9f3a"], [0.8888888888888888, "#fdca26"], [1.0, "#f0f921"]]}], "heatmapgl": [{"type": "heatmapgl", "colorbar": {"outlinewidth": 0, "ticks": ""}, "colorscale": [[0.0, "#0d0887"], [0.1111111111111111, "#46039f"], [0.2222222222222222, "#7201a8"], [0.3333333333333333, "#9c179e"], [0.4444444444444444, "#bd3786"], [0.5555555555555556, "#d8576b"], [0.6666666666666666, "#ed7953"], [0.7777777777777778, "#fb9f3a"], [0.8888888888888888, "#fdca26"], [1.0, "#f0f921"]]}], "contourcarpet": [{"type": "contourcarpet", "colorbar": {"outlinewidth": 0, "ticks": ""}}], "contour": [{"type": "contour", "colorbar": {"outlinewidth": 0, "ticks": ""}, "colorscale": [[0.0, "#0d0887"], [0.1111111111111111, "#46039f"], [0.2222222222222222, "#7201a8"], [0.3333333333333333, "#9c179e"], [0.4444444444444444, "#bd3786"], [0.5555555555555556, "#d8576b"], [0.6666666666666666, "#ed7953"], [0.7777777777777778, "#fb9f3a"], [0.8888888888888888, "#fdca26"], [1.0, "#f0f921"]]}], "surface": [{"type": "surface", "colorbar": {"outlinewidth": 0, "ticks": ""}, "colorscale": [[0.0, "#0d0887"], [0.1111111111111111, "#46039f"], [0.2222222222222222, "#7201a8"], [0.3333333333333333, "#9c179e"], [0.4444444444444444, "#bd3786"], [0.5555555555555556, "#d8576b"], [0.6666666666666666, "#ed7953"], [0.7777777777777778, "#fb9f3a"], [0.8888888888888888, "#fdca26"], [1.0, "#f0f921"]]}], "mesh3d": [{"type": "mesh3d", "colorbar": {"outlinewidth": 0, "ticks": ""}}], "scatter": [{"fillpattern": {"fillmode": "overlay", "size": 10, "solidity": 0.2}, "type": "scatter"}], "parcoords": [{"type": "parcoords", "line": {"colorbar": {"outlinewidth": 0, "ticks": ""}}}], "scatterpolargl": [{"type": "scatterpolargl", "marker": {"colorbar": {"outlinewidth": 0, "ticks": ""}}}], "bar": [{"error_x": {"color": "#2a3f5f"}, "error_y": {"color": "#2a3f5f"}, "marker": {"line": {"color": "#E5ECF6", "width": 0.5}, "pattern": {"fillmode": "overlay", "size": 10, "solidity": 0.2}}, "type": "bar"}], "scattergeo": [{"type": "scattergeo", "marker": {"colorbar": {"outlinewidth": 0, "ticks": ""}}}], "scatterpolar": [{"type": "scatterpolar", "marker": {"colorbar": {"outlinewidth": 0, "ticks": ""}}}], "histogram": [{"marker": {"pattern": {"fillmode": "overlay", "size": 10, "solidity": 0.2}}, "type": "histogram"}], "scattergl": [{"type": "scattergl", "marker": {"colorbar": {"outlinewidth": 0, "ticks": ""}}}], "scatter3d": [{"type": "scatter3d", "line": {"colorbar": {"outlinewidth": 0, "ticks": ""}}, "marker": {"colorbar": {"outlinewidth": 0, "ticks": ""}}}], "scattermapbox": [{"type": "scattermapbox", "marker": {"colorbar": {"outlinewidth": 0, "ticks": ""}}}], "scatterternary": [{"type": "scatterternary", "marker": {"colorbar": {"outlinewidth": 0, "ticks": ""}}}], "scattercarpet": [{"type": "scattercarpet", "marker": {"colorbar": {"outlinewidth": 0, "ticks": ""}}}], "carpet": [{"aaxis": {"endlinecolor": "#2a3f5f", "gridcolor": "white", "linecolor": "white", "minorgridcolor": "white", "startlinecolor": "#2a3f5f"}, "baxis": {"endlinecolor": "#2a3f5f", "gridcolor": "white", "linecolor": "white", "minorgridcolor": "white", "startlinecolor": "#2a3f5f"}, "type": "carpet"}], "table": [{"cells": {"fill": {"color": "#EBF0F8"}, "line": {"color": "white"}}, "header": {"fill": {"color": "#C8D4E3"}, "line": {"color": "white"}}, "type": "table"}], "barpolar": [{"marker": {"line": {"color": "#E5ECF6", "width": 0.5}, "pattern": {"fillmode": "overlay", "size": 10, "solidity": 0.2}}, "type": "barpolar"}], "pie": [{"automargin": true, "type": "pie"}]}, "layout": {"autotypenumbers": "strict", "colorway": ["#636efa", "#EF553B", "#00cc96", "#ab63fa", "#FFA15A", "#19d3f3", "#FF6692", "#B6E880", "#FF97FF", "#FECB52"], "font": {"color": "#2a3f5f"}, "hovermode": "closest", "hoverlabel": {"align": "left"}, "paper_bgcolor": "white", "plot_bgcolor": "#E5ECF6", "polar": {"bgcolor": "#E5ECF6", "angularaxis": {"gridcolor": "white", "linecolor": "white", "ticks": ""}, "radialaxis": {"gridcolor": "white", "linecolor": "white", "ticks": ""}}, "ternary": {"bgcolor": "#E5ECF6", "aaxis": {"gridcolor": "white", "linecolor": "white", "ticks": ""}, "baxis": {"gridcolor": "white", "linecolor": "white", "ticks": ""}, "caxis": {"gridcolor": "white", "linecolor": "white", "ticks": ""}}, "coloraxis": {"colorbar": {"outlinewidth": 0, "ticks": ""}}, "colorscale": {"sequential": [[0.0, "#0d0887"], [0.1111111111111111, "#46039f"], [0.2222222222222222, "#7201a8"], [0.3333333333333333, "#9c179e"], [0.4444444444444444, "#bd3786"], [0.5555555555555556, "#d8576b"], [0.6666666666666666, "#ed7953"], [0.7777777777777778, "#fb9f3a"], [0.8888888888888888, "#fdca26"], [1.0, "#f0f921"]], "sequentialminus": [[0.0, "#0d0887"], [0.1111111111111111, "#46039f"], [0.2222222222222222, "#7201a8"], [0.3333333333333333, "#9c179e"], [0.4444444444444444, "#bd3786"], [0.5555555555555556, "#d8576b"], [0.6666666666666666, "#ed7953"], [0.7777777777777778, "#fb9f3a"], [0.8888888888888888, "#fdca26"], [1.0, "#f0f921"]], "diverging": [[0, "#8e0152"], [0.1, "#c51b7d"], [0.2, "#de77ae"], [0.3, "#f1b6da"], [0.4, "#fde0ef"], [0.5, "#f7f7f7"], [0.6, "#e6f5d0"], [0.7, "#b8e186"], [0.8, "#7fbc41"], [0.9, "#4d9221"], [1, "#276419"]]}, "xaxis": {"gridcolor": "white", "linecolor": "white", "ticks": "", "title": {"standoff": 15}, "zerolinecolor": "white", "automargin": true, "zerolinewidth": 2}, "yaxis": {"gridcolor": "white", "linecolor": "white", "ticks": "", "title": {"standoff": 15}, "zerolinecolor": "white", "automargin": true, "zerolinewidth": 2}, "scene": {"xaxis": {"backgroundcolor": "#E5ECF6", "gridcolor": "white", "linecolor": "white", "showbackground": true, "ticks": "", "zerolinecolor": "white", "gridwidth": 2}, "yaxis": {"backgroundcolor": "#E5ECF6", "gridcolor": "white", "linecolor": "white", "showbackground": true, "ticks": "", "zerolinecolor": "white", "gridwidth": 2}, "zaxis": {"backgroundcolor": "#E5ECF6", "gridcolor": "white", "linecolor": "white", "showbackground": true, "ticks": "", "zerolinecolor": "white", "gridwidth": 2}}, "shapedefaults": {"line": {"color": "#2a3f5f"}}, "annotationdefaults": {"arrowcolor": "#2a3f5f", "arrowhead": 0, "arrowwidth": 1}, "geo": {"bgcolor": "white", "landcolor": "#E5ECF6", "subunitcolor": "white", "showland": true, "showlakes": true, "lakecolor": "white"}, "title": {"x": 0.05}, "mapbox": {"style": "light"}}}}}