{"data": [{"z": [[3.265293598175049, 2.6138625144958496, 0.01764806918799877, -0.4029112458229065, -4.6583123207092285, -2.978437900543213, 2.26102614402771, -0.9856539368629456, -0.2159249484539032, 2.4651761054992676, 0.6158372163772583, 0.8988745808601379, 0.790901780128479, -1.3528200387954712, 1.1570736169815063, 2.6162004470825195, -0.001682703266851604, -2.818131923675537, -2.4511396884918213, 1.0514720678329468, -4.0144476890563965], [2.6138625144958496, 6.689107418060303, -1.2145164012908936, -2.3841772079467773, -7.107191562652588, -4.096323490142822, 1.7250065803527832, -1.9731789827346802, 0.6874108910560608, 3.526803731918335, -0.09868142753839493, -0.3273006081581116, -0.7048511505126953, -0.5183345675468445, 0.1961195021867752, 1.760524868965149, 2.7040977478027344, -2.303079843521118, 4.042966842651367, 0.5060291290283203, -0.7859426736831665], [0.01764806918799877, -1.2145164012908936, 1.2527143955230713, 0.292486310005188, 0.6450088024139404, 0.7712380290031433, 0.6369792222976685, 0.20495350658893585, 1.4882732629776, -0.10613992810249329, 0.363950252532959, -0.8032900094985962, -0.44212159514427185, -0.36127349734306335, 0.6726399660110474, 1.5586100816726685, 0.4199639856815338, 1.3090341091156006, -2.3322408199310303, 0.8887321949005127, -1.439268946647644], [-0.4029112458229065, -2.3841772079467773, 0.292486310005188, 1.5435389280319214, 0.7364890575408936, 0.7660672664642334, 0.37114760279655457, 1.2462726831436157, -0.14229649305343628, -0.5495919585227966, 0.7015321254730225, 1.3834376335144043, 0.6746580004692078, 1.4666725397109985, 1.3195066452026367, -0.8713029026985168, -1.5242425203323364, 0.09308116137981415, -2.87750244140625, -0.030208805575966835, 0.600843608379364], [-4.6583123207092285, -7.107191562652588, 0.6450088024139404, 0.7364890575408936, 13.224401473999023, 6.215419292449951, -5.532973766326904, 0.6971153020858765, -2.732799530029297, -6.251576900482178, -2.1128971576690674, -2.2975969314575195, 0.2023475170135498, -2.6951069831848145, -4.836091995239258, -3.01515531539917, -2.291048288345337, 3.4739797115325928, 1.212804913520813, -1.9345122575759888, 1.3433140516281128], [-2.978437900543213, -4.096323490142822, 0.7712380290031433, 0.7660672664642334, 6.215419292449951, 3.627113103866577, -2.2506186962127686, 0.9875152111053467, 0.10282186418771744, -3.019257068634033, -0.5862091779708862, -1.221511960029602, -0.4815318286418915, 0.11625812947750092, -1.3214316368103027, -1.5786125659942627, -0.6017118692398071, 3.006934881210327, 0.12645679712295532, -0.6453761458396912, 1.9360228776931763], [2.26102614402771, 1.7250065803527832, 0.6369792222976685, 0.37114760279655457, -5.532973766326904, -2.2506186962127686, 3.1780383586883545, 0.152532696723938, 2.0400054454803467, 2.705249786376953, 1.4582760334014893, 1.0640368461608887, -0.030963972210884094, 1.2616692781448364, 3.1013050079345703, 2.305112600326538, 0.7029691338539124, -0.9583334922790527, -3.3443105220794678, 1.515532374382019, -1.7907781600952148], [-0.9856539368629456, -1.9731789827346802, 0.20495350658893585, 1.2462726831436157, 0.6971153020858765, 0.9875152111053467, 0.152532696723938, 1.2536636590957642, 0.43180516362190247, -0.574229896068573, 0.5869374871253967, 0.9422935843467712, 0.14072589576244354, 1.9813404083251953, 1.2180014848709106, -1.2045223712921143, -0.8209677934646606, 0.8117963075637817, -1.5004974603652954, -0.13063009083271027, 1.7858928442001343], [-0.2159249484539032, 0.6874108910560608, 1.4882732629776, -0.14229649305343628, -2.732799530029297, 0.10282186418771744, 2.0400054454803467, 0.43180516362190247, 4.34061336517334, 1.4209729433059692, 1.017025113105774, -1.2720348834991455, -1.8693406581878662, 1.9024741649627686, 2.4266600608825684, 2.0616140365600586, 2.6414566040039062, 2.7403628826141357, -0.9960941672325134, 1.5790587663650513, 0.6565061807632446], [2.4651761054992676, 3.526803731918335, -0.10613992810249329, -0.5495919585227966, -6.251576900482178, -3.019257068634033, 2.705249786376953, -0.574229896068573, 1.4209729433059692, 3.051910877227783, 0.9384125471115112, 0.7509903907775879, -0.16682909429073334, 0.7072681188583374, 2.13289475440979, 2.0126914978027344, 1.285306453704834, -1.6294927597045898, -0.7828167676925659, 1.1152994632720947, -1.4057315587997437], [0.6158372163772583, -0.09868142753839493, 0.363950252532959, 0.7015321254730225, -2.1128971576690674, -0.5862091779708862, 1.4582760334014893, 0.5869374871253967, 1.017025113105774, 0.9384125471115112, 0.8852019309997559, 0.8909876942634583, 0.08717398345470428, 1.3355679512023926, 1.8595972061157227, 0.5191760659217834, -0.09119150787591934, -0.1375841200351715, -2.1729423999786377, 0.6082397699356079, -0.11850041151046753], [0.8988745808601379, -0.3273006081581116, -0.8032900094985962, 1.3834376335144043, -2.2975969314575195, -1.221511960029602, 1.0640368461608887, 0.9422935843467712, -1.2720348834991455, 0.7509903907775879, 0.8909876942634583, 2.81619930267334, 1.3950263261795044, 1.910771369934082, 1.7673166990280151, -1.344373106956482, -1.9534168243408203, -2.181236505508423, -2.1959426403045654, -0.32254862785339355, 0.6711432933807373], [0.790901780128479, -0.7048511505126953, -0.44212159514427185, 0.6746580004692078, 0.2023475170135498, -0.4815318286418915, -0.030963972210884094, 0.14072589576244354, -1.8693406581878662, -0.16682909429073334, 0.08717398345470428, 1.3950263261795044, 1.285658359527588, -0.46825918555259705, -0.04645877331495285, -0.5050941705703735, -1.782938003540039, -1.81892728805542, -1.650604248046875, -0.35503581166267395, -1.110459804534912], [-1.3528200387954712, -0.5183345675468445, -0.36127349734306335, 1.4666725397109985, -2.6951069831848145, 0.11625812947750092, 1.2616692781448364, 1.9813404083251953, 1.9024741649627686, 0.7072681188583374, 1.3355679512023926, 1.910771369934082, -0.46825918555259705, 5.17193078994751, 3.13045597076416, -2.329490900039673, 0.10007559508085251, 1.1382139921188354, -0.1475740373134613, -0.14311175048351288, 5.078352928161621], [1.1570736169815063, 0.1961195021867752, 0.6726399660110474, 1.3195066452026367, -4.836091995239258, -1.3214316368103027, 3.1013050079345703, 1.2180014848709106, 2.4266600608825684, 2.13289475440979, 1.8595972061157227, 1.7673166990280151, -0.04645877331495285, 3.13045597076416, 3.9820737838745117, 0.9738340377807617, 0.16793450713157654, -0.09858445823192596, -3.926210641860962, 1.2600040435791016, 0.2928149998188019], [2.6162004470825195, 1.760524868965149, 1.5586100816726685, -0.8713029026985168, -3.01515531539917, -1.5786125659942627, 2.305112600326538, -1.2045223712921143, 2.0616140365600586, 2.0126914978027344, 0.5191760659217834, -1.344373106956482, -0.5050941705703735, -2.329490900039673, 0.9738340377807617, 4.5859150886535645, 1.5985625982284546, -0.24124279618263245, -3.1191794872283936, 2.0160374641418457, -5.183111667633057], [-0.001682703266851604, 2.7040977478027344, 0.4199639856815338, -1.5242425203323364, -2.291048288345337, -0.6017118692398071, 0.7029691338539124, -0.8209677934646606, 2.6414566040039062, 1.285306453704834, -0.09119150787591934, -1.9534168243408203, -1.782938003540039, 0.10007559508085251, 0.16793450713157654, 1.5985625982284546, 3.00622296333313, 1.597064733505249, 2.6443097591400146, 0.7851681113243103, 0.49205735325813293], [-2.818131923675537, -2.303079843521118, 1.3090341091156006, 0.09308116137981415, 3.4739797115325928, 3.006934881210327, -0.9583334922790527, 0.8117963075637817, 2.7403628826141357, -1.6294927597045898, -0.1375841200351715, -2.181236505508423, -1.81892728805542, 1.1382139921188354, -0.09858445823192596, -0.24124279618263245, 1.597064733505249, 4.309774398803711, 0.919609785079956, 0.25175461173057556, 2.5222954750061035], [-2.4511396884918213, 4.042966842651367, -2.3322408199310303, -2.87750244140625, 1.212804913520813, 0.12645679712295532, -3.3443105220794678, -1.5004974603652954, -0.9960941672325134, -0.7828167676925659, -2.1729423999786377, -2.1959426403045654, -1.650604248046875, -0.1475740373134613, -3.926210641860962, -3.1191794872283936, 2.6443097591400146, 0.919609785079956, 11.177709579467773, -2.0730414390563965, 5.429996967315674], [1.0514720678329468, 0.5060291290283203, 0.8887321949005127, -0.030208805575966835, -1.9345122575759888, -0.6453761458396912, 1.515532374382019, -0.13063009083271027, 1.5790587663650513, 1.1152994632720947, 0.6082397699356079, -0.32254862785339355, -0.35503581166267395, -0.14311175048351288, 1.2600040435791016, 2.0160374641418457, 0.7851681113243103, 0.25175461173057556, -2.0730414390563965, 1.1014657020568848, -1.7968019247055054], [-4.0144476890563965, -0.7859426736831665, -1.439268946647644, 0.600843608379364, 1.3433140516281128, 1.9360228776931763, -1.7907781600952148, 1.7858928442001343, 0.6565061807632446, -1.4057315587997437, -0.11850041151046753, 0.6711432933807373, -1.110459804534912, 5.078352928161621, 0.2928149998188019, -5.183111667633057, 0.49205735325813293, 2.5222954750061035, 5.429996967315674, -1.7968019247055054, 8.789374351501465]], "type": "heatmap"}], "layout": {"template": {"data": {"histogram2dcontour": [{"type": "histogram2dcontour", "colorbar": {"outlinewidth": 0, "ticks": ""}, "colorscale": [[0.0, "#0d0887"], [0.1111111111111111, "#46039f"], [0.2222222222222222, "#7201a8"], [0.3333333333333333, "#9c179e"], [0.4444444444444444, "#bd3786"], [0.5555555555555556, "#d8576b"], [0.6666666666666666, "#ed7953"], [0.7777777777777778, "#fb9f3a"], [0.8888888888888888, "#fdca26"], [1.0, "#f0f921"]]}], "choropleth": [{"type": "choropleth", "colorbar": {"outlinewidth": 0, "ticks": ""}}], "histogram2d": [{"type": "histogram2d", "colorbar": {"outlinewidth": 0, "ticks": ""}, "colorscale": [[0.0, "#0d0887"], [0.1111111111111111, "#46039f"], [0.2222222222222222, "#7201a8"], [0.3333333333333333, "#9c179e"], [0.4444444444444444, "#bd3786"], [0.5555555555555556, "#d8576b"], [0.6666666666666666, "#ed7953"], [0.7777777777777778, "#fb9f3a"], [0.8888888888888888, "#fdca26"], [1.0, "#f0f921"]]}], "heatmap": [{"type": "heatmap", "colorbar": {"outlinewidth": 0, "ticks": ""}, "colorscale": [[0.0, "#0d0887"], [0.1111111111111111, "#46039f"], [0.2222222222222222, "#7201a8"], [0.3333333333333333, "#9c179e"], [0.4444444444444444, "#bd3786"], [0.5555555555555556, "#d8576b"], [0.6666666666666666, "#ed7953"], [0.7777777777777778, "#fb9f3a"], [0.8888888888888888, "#fdca26"], [1.0, "#f0f921"]]}], "heatmapgl": [{"type": "heatmapgl", "colorbar": {"outlinewidth": 0, "ticks": ""}, "colorscale": [[0.0, "#0d0887"], [0.1111111111111111, "#46039f"], [0.2222222222222222, "#7201a8"], [0.3333333333333333, "#9c179e"], [0.4444444444444444, "#bd3786"], [0.5555555555555556, "#d8576b"], [0.6666666666666666, "#ed7953"], [0.7777777777777778, "#fb9f3a"], [0.8888888888888888, "#fdca26"], [1.0, "#f0f921"]]}], "contourcarpet": [{"type": "contourcarpet", "colorbar": {"outlinewidth": 0, "ticks": ""}}], "contour": [{"type": "contour", "colorbar": {"outlinewidth": 0, "ticks": ""}, "colorscale": [[0.0, "#0d0887"], [0.1111111111111111, "#46039f"], [0.2222222222222222, "#7201a8"], [0.3333333333333333, "#9c179e"], [0.4444444444444444, "#bd3786"], [0.5555555555555556, "#d8576b"], [0.6666666666666666, "#ed7953"], [0.7777777777777778, "#fb9f3a"], [0.8888888888888888, "#fdca26"], [1.0, "#f0f921"]]}], "surface": [{"type": "surface", "colorbar": {"outlinewidth": 0, "ticks": ""}, "colorscale": [[0.0, "#0d0887"], [0.1111111111111111, "#46039f"], [0.2222222222222222, "#7201a8"], [0.3333333333333333, "#9c179e"], [0.4444444444444444, "#bd3786"], [0.5555555555555556, "#d8576b"], [0.6666666666666666, "#ed7953"], [0.7777777777777778, "#fb9f3a"], [0.8888888888888888, "#fdca26"], [1.0, "#f0f921"]]}], "mesh3d": [{"type": "mesh3d", "colorbar": {"outlinewidth": 0, "ticks": ""}}], "scatter": [{"fillpattern": {"fillmode": "overlay", "size": 10, "solidity": 0.2}, "type": "scatter"}], "parcoords": [{"type": "parcoords", "line": {"colorbar": {"outlinewidth": 0, "ticks": ""}}}], "scatterpolargl": [{"type": "scatterpolargl", "marker": {"colorbar": {"outlinewidth": 0, "ticks": ""}}}], "bar": [{"error_x": {"color": "#2a3f5f"}, "error_y": {"color": "#2a3f5f"}, "marker": {"line": {"color": "#E5ECF6", "width": 0.5}, "pattern": {"fillmode": "overlay", "size": 10, "solidity": 0.2}}, "type": "bar"}], "scattergeo": [{"type": "scattergeo", "marker": {"colorbar": {"outlinewidth": 0, "ticks": ""}}}], "scatterpolar": [{"type": "scatterpolar", "marker": {"colorbar": {"outlinewidth": 0, "ticks": ""}}}], "histogram": [{"marker": {"pattern": {"fillmode": "overlay", "size": 10, "solidity": 0.2}}, "type": "histogram"}], "scattergl": [{"type": "scattergl", "marker": {"colorbar": {"outlinewidth": 0, "ticks": ""}}}], "scatter3d": [{"type": "scatter3d", "line": {"colorbar": {"outlinewidth": 0, "ticks": ""}}, "marker": {"colorbar": {"outlinewidth": 0, "ticks": ""}}}], "scattermapbox": [{"type": "scattermapbox", "marker": {"colorbar": {"outlinewidth": 0, "ticks": ""}}}], "scatterternary": [{"type": "scatterternary", "marker": {"colorbar": {"outlinewidth": 0, "ticks": ""}}}], "scattercarpet": [{"type": "scattercarpet", "marker": {"colorbar": {"outlinewidth": 0, "ticks": ""}}}], "carpet": [{"aaxis": {"endlinecolor": "#2a3f5f", "gridcolor": "white", "linecolor": "white", "minorgridcolor": "white", "startlinecolor": "#2a3f5f"}, "baxis": {"endlinecolor": "#2a3f5f", "gridcolor": "white", "linecolor": "white", "minorgridcolor": "white", "startlinecolor": "#2a3f5f"}, "type": "carpet"}], "table": [{"cells": {"fill": {"color": "#EBF0F8"}, "line": {"color": "white"}}, "header": {"fill": {"color": "#C8D4E3"}, "line": {"color": "white"}}, "type": "table"}], "barpolar": [{"marker": {"line": {"color": "#E5ECF6", "width": 0.5}, "pattern": {"fillmode": "overlay", "size": 10, "solidity": 0.2}}, "type": "barpolar"}], "pie": [{"automargin": true, "type": "pie"}]}, "layout": {"autotypenumbers": "strict", "colorway": ["#636efa", "#EF553B", "#00cc96", "#ab63fa", "#FFA15A", "#19d3f3", "#FF6692", "#B6E880", "#FF97FF", "#FECB52"], "font": {"color": "#2a3f5f"}, "hovermode": "closest", "hoverlabel": {"align": "left"}, "paper_bgcolor": "white", "plot_bgcolor": "#E5ECF6", "polar": {"bgcolor": "#E5ECF6", "angularaxis": {"gridcolor": "white", "linecolor": "white", "ticks": ""}, "radialaxis": {"gridcolor": "white", "linecolor": "white", "ticks": ""}}, "ternary": {"bgcolor": "#E5ECF6", "aaxis": {"gridcolor": "white", "linecolor": "white", "ticks": ""}, "baxis": {"gridcolor": "white", "linecolor": "white", "ticks": ""}, "caxis": {"gridcolor": "white", "linecolor": "white", "ticks": ""}}, "coloraxis": {"colorbar": {"outlinewidth": 0, "ticks": ""}}, "colorscale": {"sequential": [[0.0, "#0d0887"], [0.1111111111111111, "#46039f"], [0.2222222222222222, "#7201a8"], [0.3333333333333333, "#9c179e"], [0.4444444444444444, "#bd3786"], [0.5555555555555556, "#d8576b"], [0.6666666666666666, "#ed7953"], [0.7777777777777778, "#fb9f3a"], [0.8888888888888888, "#fdca26"], [1.0, "#f0f921"]], "sequentialminus": [[0.0, "#0d0887"], [0.1111111111111111, "#46039f"], [0.2222222222222222, "#7201a8"], [0.3333333333333333, "#9c179e"], [0.4444444444444444, "#bd3786"], [0.5555555555555556, "#d8576b"], [0.6666666666666666, "#ed7953"], [0.7777777777777778, "#fb9f3a"], [0.8888888888888888, "#fdca26"], [1.0, "#f0f921"]], "diverging": [[0, "#8e0152"], [0.1, "#c51b7d"], [0.2, "#de77ae"], [0.3, "#f1b6da"], [0.4, "#fde0ef"], [0.5, "#f7f7f7"], [0.6, "#e6f5d0"], [0.7, "#b8e186"], [0.8, "#7fbc41"], [0.9, "#4d9221"], [1, "#276419"]]}, "xaxis": {"gridcolor": "white", "linecolor": "white", "ticks": "", "title": {"standoff": 15}, "zerolinecolor": "white", "automargin": true, "zerolinewidth": 2}, "yaxis": {"gridcolor": "white", "linecolor": "white", "ticks": "", "title": {"standoff": 15}, "zerolinecolor": "white", "automargin": true, "zerolinewidth": 2}, "scene": {"xaxis": {"backgroundcolor": "#E5ECF6", "gridcolor": "white", "linecolor": "white", "showbackground": true, "ticks": "", "zerolinecolor": "white", "gridwidth": 2}, "yaxis": {"backgroundcolor": "#E5ECF6", "gridcolor": "white", "linecolor": "white", "showbackground": true, "ticks": "", "zerolinecolor": "white", "gridwidth": 2}, "zaxis": {"backgroundcolor": "#E5ECF6", "gridcolor": "white", "linecolor": "white", "showbackground": true, "ticks": "", "zerolinecolor": "white", "gridwidth": 2}}, "shapedefaults": {"line": {"color": "#2a3f5f"}}, "annotationdefaults": {"arrowcolor": "#2a3f5f", "arrowhead": 0, "arrowwidth": 1}, "geo": {"bgcolor": "white", "landcolor": "#E5ECF6", "subunitcolor": "white", "showland": true, "showlakes": true, "lakecolor": "white"}, "title": {"x": 0.05}, "mapbox": {"style": "light"}}}}}