{"data": [{"z": [[3.946955919265747, 2.9536662101745605, 0.27145978808403015, 0.2983281910419464, -4.925653457641602, -2.519347667694092, 2.7029054164886475, -0.37037110328674316, -0.0580689013004303, 3.055710554122925, 1.298835039138794, 1.3633241653442383, 1.336743712425232, -1.241110920906067, 1.647183895111084, 3.0168275833129883, -0.007940618321299553, -2.8000435829162598, -2.8729140758514404, 1.761415719985962, -4.546031951904297], [2.9536662101745605, 6.543293476104736, -1.010941982269287, -2.186370611190796, -7.752491474151611, -4.337328910827637, 2.255594491958618, -1.9286553859710693, 0.8835946917533875, 3.802910327911377, 0.3228744864463806, -0.23896537721157074, -0.5563842058181763, -0.573154091835022, 0.6938579082489014, 2.289482593536377, 2.347248077392578, -2.636600971221924, 2.8671071529388428, 0.8531856536865234, -1.5708638429641724], [0.27145978808403015, -1.010941982269287, 1.3208825588226318, 0.5789852738380432, 0.6915521621704102, 1.04931640625, 0.7104523181915283, 0.48938262462615967, 1.5056713819503784, 0.108012855052948, 0.5660659670829773, -0.585232675075531, -0.21513400971889496, -0.2922022342681885, 0.7781777381896973, 1.6100091934204102, 0.5245871543884277, 1.407921314239502, -2.2301812171936035, 1.1308434009552002, -1.4884589910507202], [0.2983281910419464, -2.186370611190796, 0.5789852738380432, 2.0836997032165527, 0.38962915539741516, 0.9573122262954712, 0.8648174405097961, 1.681647539138794, 0.052354730665683746, -0.024664433673024178, 1.1358102560043335, 1.8663973808288574, 1.0757840871810913, 1.5572463274002075, 1.844565749168396, -0.4051966369152069, -1.4283559322357178, 0.10492433607578278, -3.608219861984253, 0.5182707905769348, -2.1569212549366057e-05], [-4.925653457641602, -7.752491474151611, 0.6915521621704102, 0.38962915539741516, 13.212480545043945, 5.707374095916748, -5.502151012420654, 0.2996872663497925, -2.6820406913757324, -6.6139068603515625, -2.569579601287842, -2.4095265865325928, -0.16331513226032257, -2.7008745670318604, -4.780977725982666, -3.0042197704315186, -2.3854525089263916, 3.4285550117492676, 0.39667338132858276, -2.360640525817871, 1.2878717184066772], [-2.519347667694092, -4.337328910827637, 1.04931640625, 0.9573122262954712, 5.707374095916748, 3.3260140419006348, -1.7126257419586182, 1.0297640562057495, 0.3294908404350281, -2.7626044750213623, -0.44964537024497986, -0.9322217106819153, -0.3900868594646454, 0.13944919407367706, -0.7768896222114563, -1.063127040863037, -0.6724561452865601, 2.859250783920288, -1.2097629308700562, -0.42142778635025024, 1.2230697870254517], [2.7029054164886475, 2.255594491958618, 0.7104523181915283, 0.8648174405097961, -5.502151012420654, -1.7126257419586182, 3.275142192840576, 0.6615281701087952, 2.053955554962158, 3.135683536529541, 1.9036016464233398, 1.3763896226882935, 0.39903172850608826, 1.3408217430114746, 3.221217632293701, 2.3915672302246094, 0.8772194981575012, -0.8250973224639893, -2.9071812629699707, 2.00467586517334, -1.8592435121536255], [-0.37037110328674316, -1.9286553859710693, 0.48938262462615967, 1.681647539138794, 0.2996872663497925, 1.0297640562057495, 0.6615281701087952, 1.566765546798706, 0.6357211470603943, -0.14015989005565643, 0.9452101588249207, 1.3542075157165527, 0.448922336101532, 2.046140670776367, 1.7513865232467651, -0.7199780941009521, -0.8042718172073364, 0.763375997543335, -2.4404075145721436, 0.32270190119743347, 1.1384600400924683], [-0.0580689013004303, 0.8835946917533875, 1.5056713819503784, 0.052354730665683746, -2.6820406913757324, 0.3294908404350281, 2.053955554962158, 0.6357211470603943, 4.329616546630859, 1.5705496072769165, 1.1773775815963745, -1.143235206604004, -1.6987979412078857, 1.9406895637512207, 2.456252098083496, 2.063932418823242, 2.7095584869384766, 2.8032219409942627, -0.7908881902694702, 1.7517342567443848, 0.6662240028381348], [3.055710554122925, 3.802910327911377, 0.108012855052948, -0.024664433673024178, -6.6139068603515625, -2.7626044750213623, 3.135683536529541, -0.14015989005565643, 1.5705496072769165, 3.560054302215576, 1.5088720321655273, 1.1001925468444824, 0.25757619738578796, 0.7550148963928223, 2.5735182762145996, 2.426363945007324, 1.236391544342041, -1.7015560865402222, -1.2790701389312744, 1.7027294635772705, -1.9650413990020752], [1.298835039138794, 0.3228744864463806, 0.5660659670829773, 1.1358102560043335, -2.569579601287842, -0.44964537024497986, 1.9036016464233398, 0.9452101588249207, 1.1773775815963745, 1.5088720321655273, 1.3329743146896362, 1.2661935091018677, 0.4642879068851471, 1.355482816696167, 2.2745280265808105, 0.972877562046051, 0.03268987685441971, -0.20343917608261108, -2.5714004039764404, 1.1538846492767334, -0.681982696056366], [1.3633241653442383, -0.23896537721157074, -0.585232675075531, 1.8663973808288574, -2.4095265865325928, -0.9322217106819153, 1.3763896226882935, 1.3542075157165527, -1.143235206604004, 1.1001925468444824, 1.2661935091018677, 3.1878509521484375, 1.7363358736038208, 2.018489360809326, 2.1415112018585205, -1.0704776048660278, -1.9244160652160645, -2.109992742538452, -2.676283836364746, 0.1097634807229042, 0.30856502056121826], [1.336743712425232, -0.5563842058181763, -0.21513400971889496, 1.0757840871810913, -0.16331513226032257, -0.3900868594646454, 0.39903172850608826, 0.448922336101532, -1.6987979412078857, 0.25757619738578796, 0.4642879068851471, 1.7363358736038208, 1.586767315864563, -0.41630303859710693, 0.39394351840019226, -0.09206018596887589, -1.762620210647583, -1.8681451082229614, -2.30926251411438, 0.09037983417510986, -1.6513057947158813], [-1.241110920906067, -0.573154091835022, -0.2922022342681885, 1.5572463274002075, -2.7008745670318604, 0.13944919407367706, 1.3408217430114746, 2.046140670776367, 1.9406895637512207, 0.7550148963928223, 1.355482816696167, 2.018489360809326, -0.41630303859710693, 5.198577404022217, 3.2309799194335938, -2.2569661140441895, 0.12748688459396362, 1.1714915037155151, -0.37318816781044006, -0.08432555943727493, 4.981385231018066], [1.647183895111084, 0.6938579082489014, 0.7781777381896973, 1.844565749168396, -4.780977725982666, -0.7768896222114563, 3.221217632293701, 1.7513865232467651, 2.456252098083496, 2.5735182762145996, 2.2745280265808105, 2.1415112018585205, 0.39394351840019226, 3.2309799194335938, 4.138913631439209, 1.0772426128387451, 0.38839852809906006, 0.07407404482364655, -3.577737808227539, 1.7519186735153198, 0.2088904231786728], [3.0168275833129883, 2.289482593536377, 1.6100091934204102, -0.4051966369152069, -3.0042197704315186, -1.063127040863037, 2.3915672302246094, -0.7199780941009521, 2.063932418823242, 2.426363945007324, 0.972877562046051, -1.0704776048660278, -0.09206018596887589, -2.2569661140441895, 1.0772426128387451, 4.656144618988037, 1.7336348295211792, -0.13872012495994568, -2.6531641483306885, 2.4865763187408447, -5.238905906677246], [-0.007940618321299553, 2.347248077392578, 0.5245871543884277, -1.4283559322357178, -2.3854525089263916, -0.6724561452865601, 0.8772194981575012, -0.8042718172073364, 2.7095584869384766, 1.236391544342041, 0.03268987685441971, -1.9244160652160645, -1.762620210647583, 0.12748688459396362, 0.38839852809906006, 1.7336348295211792, 2.7372782230377197, 1.502254843711853, 1.935161828994751, 0.8348396420478821, 0.23220369219779968], [-2.8000435829162598, -2.636600971221924, 1.407921314239502, 0.10492433607578278, 3.4285550117492676, 2.859250783920288, -0.8250973224639893, 0.763375997543335, 2.8032219409942627, -1.7015560865402222, -0.20343917608261108, -2.109992742538452, -1.8681451082229614, 1.1714915037155151, 0.07407404482364655, -0.13872012495994568, 1.502254843711853, 4.2878265380859375, 0.28415265679359436, 0.19606943428516388, 2.3450927734375], [-2.8729140758514404, 2.8671071529388428, -2.2301812171936035, -3.608219861984253, 0.39667338132858276, -1.2097629308700562, -2.9071812629699707, -2.4404075145721436, -0.7908881902694702, -1.2790701389312744, -2.5714004039764404, -2.676283836364746, -2.30926251411438, -0.37318816781044006, -3.577737808227539, -2.6531641483306885, 1.935161828994751, 0.28415265679359436, 8.957097053527832, -2.616849422454834, 4.633677005767822], [1.761415719985962, 0.8531856536865234, 1.1308434009552002, 0.5182707905769348, -2.360640525817871, -0.42142778635025024, 2.00467586517334, 0.32270190119743347, 1.7517342567443848, 1.7027294635772705, 1.1538846492767334, 0.1097634807229042, 0.09037983417510986, -0.08432555943727493, 1.7519186735153198, 2.4865763187408447, 0.8348396420478821, 0.19606943428516388, -2.616849422454834, 1.7168258428573608, -2.408256769180298], [-4.546031951904297, -1.5708638429641724, -1.4884589910507202, -2.1569212549366057e-05, 1.2878717184066772, 1.2230697870254517, -1.8592435121536255, 1.1384600400924683, 0.6662240028381348, -1.9650413990020752, -0.681982696056366, 0.30856502056121826, -1.6513057947158813, 4.981385231018066, 0.2088904231786728, -5.238905906677246, 0.23220369219779968, 2.3450927734375, 4.633677005767822, -2.408256769180298, 8.789374351501465]], "type": "heatmap"}], "layout": {"template": {"data": {"histogram2dcontour": [{"type": "histogram2dcontour", "colorbar": {"outlinewidth": 0, "ticks": ""}, "colorscale": [[0.0, "#0d0887"], [0.1111111111111111, "#46039f"], [0.2222222222222222, "#7201a8"], [0.3333333333333333, "#9c179e"], [0.4444444444444444, "#bd3786"], [0.5555555555555556, "#d8576b"], [0.6666666666666666, "#ed7953"], [0.7777777777777778, "#fb9f3a"], [0.8888888888888888, "#fdca26"], [1.0, "#f0f921"]]}], "choropleth": [{"type": "choropleth", "colorbar": {"outlinewidth": 0, "ticks": ""}}], "histogram2d": [{"type": "histogram2d", "colorbar": {"outlinewidth": 0, "ticks": ""}, "colorscale": [[0.0, "#0d0887"], [0.1111111111111111, "#46039f"], [0.2222222222222222, "#7201a8"], [0.3333333333333333, "#9c179e"], [0.4444444444444444, "#bd3786"], [0.5555555555555556, "#d8576b"], [0.6666666666666666, "#ed7953"], [0.7777777777777778, "#fb9f3a"], [0.8888888888888888, "#fdca26"], [1.0, "#f0f921"]]}], "heatmap": [{"type": "heatmap", "colorbar": {"outlinewidth": 0, "ticks": ""}, "colorscale": [[0.0, "#0d0887"], [0.1111111111111111, "#46039f"], [0.2222222222222222, "#7201a8"], [0.3333333333333333, "#9c179e"], [0.4444444444444444, "#bd3786"], [0.5555555555555556, "#d8576b"], [0.6666666666666666, "#ed7953"], [0.7777777777777778, "#fb9f3a"], [0.8888888888888888, "#fdca26"], [1.0, "#f0f921"]]}], "heatmapgl": [{"type": "heatmapgl", "colorbar": {"outlinewidth": 0, "ticks": ""}, "colorscale": [[0.0, "#0d0887"], [0.1111111111111111, "#46039f"], [0.2222222222222222, "#7201a8"], [0.3333333333333333, "#9c179e"], [0.4444444444444444, "#bd3786"], [0.5555555555555556, "#d8576b"], [0.6666666666666666, "#ed7953"], [0.7777777777777778, "#fb9f3a"], [0.8888888888888888, "#fdca26"], [1.0, "#f0f921"]]}], "contourcarpet": [{"type": "contourcarpet", "colorbar": {"outlinewidth": 0, "ticks": ""}}], "contour": [{"type": "contour", "colorbar": {"outlinewidth": 0, "ticks": ""}, "colorscale": [[0.0, "#0d0887"], [0.1111111111111111, "#46039f"], [0.2222222222222222, "#7201a8"], [0.3333333333333333, "#9c179e"], [0.4444444444444444, "#bd3786"], [0.5555555555555556, "#d8576b"], [0.6666666666666666, "#ed7953"], [0.7777777777777778, "#fb9f3a"], [0.8888888888888888, "#fdca26"], [1.0, "#f0f921"]]}], "surface": [{"type": "surface", "colorbar": {"outlinewidth": 0, "ticks": ""}, "colorscale": [[0.0, "#0d0887"], [0.1111111111111111, "#46039f"], [0.2222222222222222, "#7201a8"], [0.3333333333333333, "#9c179e"], [0.4444444444444444, "#bd3786"], [0.5555555555555556, "#d8576b"], [0.6666666666666666, "#ed7953"], [0.7777777777777778, "#fb9f3a"], [0.8888888888888888, "#fdca26"], [1.0, "#f0f921"]]}], "mesh3d": [{"type": "mesh3d", "colorbar": {"outlinewidth": 0, "ticks": ""}}], "scatter": [{"fillpattern": {"fillmode": "overlay", "size": 10, "solidity": 0.2}, "type": "scatter"}], "parcoords": [{"type": "parcoords", "line": {"colorbar": {"outlinewidth": 0, "ticks": ""}}}], "scatterpolargl": [{"type": "scatterpolargl", "marker": {"colorbar": {"outlinewidth": 0, "ticks": ""}}}], "bar": [{"error_x": {"color": "#2a3f5f"}, "error_y": {"color": "#2a3f5f"}, "marker": {"line": {"color": "#E5ECF6", "width": 0.5}, "pattern": {"fillmode": "overlay", "size": 10, "solidity": 0.2}}, "type": "bar"}], "scattergeo": [{"type": "scattergeo", "marker": {"colorbar": {"outlinewidth": 0, "ticks": ""}}}], "scatterpolar": [{"type": "scatterpolar", "marker": {"colorbar": {"outlinewidth": 0, "ticks": ""}}}], "histogram": [{"marker": {"pattern": {"fillmode": "overlay", "size": 10, "solidity": 0.2}}, "type": "histogram"}], "scattergl": [{"type": "scattergl", "marker": {"colorbar": {"outlinewidth": 0, "ticks": ""}}}], "scatter3d": [{"type": "scatter3d", "line": {"colorbar": {"outlinewidth": 0, "ticks": ""}}, "marker": {"colorbar": {"outlinewidth": 0, "ticks": ""}}}], "scattermapbox": [{"type": "scattermapbox", "marker": {"colorbar": {"outlinewidth": 0, "ticks": ""}}}], "scatterternary": [{"type": "scatterternary", "marker": {"colorbar": {"outlinewidth": 0, "ticks": ""}}}], "scattercarpet": [{"type": "scattercarpet", "marker": {"colorbar": {"outlinewidth": 0, "ticks": ""}}}], "carpet": [{"aaxis": {"endlinecolor": "#2a3f5f", "gridcolor": "white", "linecolor": "white", "minorgridcolor": "white", "startlinecolor": "#2a3f5f"}, "baxis": {"endlinecolor": "#2a3f5f", "gridcolor": "white", "linecolor": "white", "minorgridcolor": "white", "startlinecolor": "#2a3f5f"}, "type": "carpet"}], "table": [{"cells": {"fill": {"color": "#EBF0F8"}, "line": {"color": "white"}}, "header": {"fill": {"color": "#C8D4E3"}, "line": {"color": "white"}}, "type": "table"}], "barpolar": [{"marker": {"line": {"color": "#E5ECF6", "width": 0.5}, "pattern": {"fillmode": "overlay", "size": 10, "solidity": 0.2}}, "type": "barpolar"}], "pie": [{"automargin": true, "type": "pie"}]}, "layout": {"autotypenumbers": "strict", "colorway": ["#636efa", "#EF553B", "#00cc96", "#ab63fa", "#FFA15A", "#19d3f3", "#FF6692", "#B6E880", "#FF97FF", "#FECB52"], "font": {"color": "#2a3f5f"}, "hovermode": "closest", "hoverlabel": {"align": "left"}, "paper_bgcolor": "white", "plot_bgcolor": "#E5ECF6", "polar": {"bgcolor": "#E5ECF6", "angularaxis": {"gridcolor": "white", "linecolor": "white", "ticks": ""}, "radialaxis": {"gridcolor": "white", "linecolor": "white", "ticks": ""}}, "ternary": {"bgcolor": "#E5ECF6", "aaxis": {"gridcolor": "white", "linecolor": "white", "ticks": ""}, "baxis": {"gridcolor": "white", "linecolor": "white", "ticks": ""}, "caxis": {"gridcolor": "white", "linecolor": "white", "ticks": ""}}, "coloraxis": {"colorbar": {"outlinewidth": 0, "ticks": ""}}, "colorscale": {"sequential": [[0.0, "#0d0887"], [0.1111111111111111, "#46039f"], [0.2222222222222222, "#7201a8"], [0.3333333333333333, "#9c179e"], [0.4444444444444444, "#bd3786"], [0.5555555555555556, "#d8576b"], [0.6666666666666666, "#ed7953"], [0.7777777777777778, "#fb9f3a"], [0.8888888888888888, "#fdca26"], [1.0, "#f0f921"]], "sequentialminus": [[0.0, "#0d0887"], [0.1111111111111111, "#46039f"], [0.2222222222222222, "#7201a8"], [0.3333333333333333, "#9c179e"], [0.4444444444444444, "#bd3786"], [0.5555555555555556, "#d8576b"], [0.6666666666666666, "#ed7953"], [0.7777777777777778, "#fb9f3a"], [0.8888888888888888, "#fdca26"], [1.0, "#f0f921"]], "diverging": [[0, "#8e0152"], [0.1, "#c51b7d"], [0.2, "#de77ae"], [0.3, "#f1b6da"], [0.4, "#fde0ef"], [0.5, "#f7f7f7"], [0.6, "#e6f5d0"], [0.7, "#b8e186"], [0.8, "#7fbc41"], [0.9, "#4d9221"], [1, "#276419"]]}, "xaxis": {"gridcolor": "white", "linecolor": "white", "ticks": "", "title": {"standoff": 15}, "zerolinecolor": "white", "automargin": true, "zerolinewidth": 2}, "yaxis": {"gridcolor": "white", "linecolor": "white", "ticks": "", "title": {"standoff": 15}, "zerolinecolor": "white", "automargin": true, "zerolinewidth": 2}, "scene": {"xaxis": {"backgroundcolor": "#E5ECF6", "gridcolor": "white", "linecolor": "white", "showbackground": true, "ticks": "", "zerolinecolor": "white", "gridwidth": 2}, "yaxis": {"backgroundcolor": "#E5ECF6", "gridcolor": "white", "linecolor": "white", "showbackground": true, "ticks": "", "zerolinecolor": "white", "gridwidth": 2}, "zaxis": {"backgroundcolor": "#E5ECF6", "gridcolor": "white", "linecolor": "white", "showbackground": true, "ticks": "", "zerolinecolor": "white", "gridwidth": 2}}, "shapedefaults": {"line": {"color": "#2a3f5f"}}, "annotationdefaults": {"arrowcolor": "#2a3f5f", "arrowhead": 0, "arrowwidth": 1}, "geo": {"bgcolor": "white", "landcolor": "#E5ECF6", "subunitcolor": "white", "showland": true, "showlakes": true, "lakecolor": "white"}, "title": {"x": 0.05}, "mapbox": {"style": "light"}}}}}