{"data": [{"z": [[3.3628883361816406, 2.6287951469421387, 0.07427652925252914, -0.2619573771953583, -4.68977689743042, -2.8806581497192383, 2.38928484916687, -0.8595494031906128, -0.18702109158039093, 2.5868310928344727, 0.818145215511322, 0.9714338183403015, 0.8627616763114929, -1.3225526809692383, 1.2681138515472412, 2.6911721229553223, -0.021647730842232704, -2.8110427856445312, -2.5877315998077393, 1.2101088762283325, -4.114843368530273], [2.6287951469421387, 6.551140308380127, -1.1592515707015991, -2.3913700580596924, -7.216782093048096, -4.2077178955078125, 1.799940586090088, -1.9949301481246948, 0.7191685438156128, 3.528656482696533, -0.03373509645462036, -0.3052552342414856, -0.6800971031188965, -0.5271881818771362, 0.2886439561843872, 1.8843594789505005, 2.575608015060425, -2.375861883163452, 3.7184972763061523, 0.5387126803398132, -0.9612249135971069], [0.07427652925252914, -1.1592515707015991, 1.2632677555084229, 0.3644053041934967, 0.6492652297019958, 0.8434351086616516, 0.6851531267166138, 0.27050304412841797, 1.4915035963058472, -0.04051194339990616, 0.4412938952445984, -0.7688032984733582, -0.41108840703964233, -0.3473907709121704, 0.7046512961387634, 1.5643095970153809, 0.4494103491306305, 1.3255727291107178, -2.313915491104126, 0.9570856690406799, -1.4483462572097778], [-0.2619573771953583, -2.3913700580596924, 0.3644053041934967, 1.6946638822555542, 0.6800918579101562, 0.8387295603752136, 0.5230200290679932, 1.3542969226837158, -0.09101264923810959, -0.43983620405197144, 0.8292829990386963, 1.4759228229522705, 0.7386589646339417, 1.495396375656128, 1.4659807682037354, -0.7810242772102356, -1.522156000137329, 0.09890048950910568, -3.1244943141937256, 0.10187685489654541, 0.46440911293029785], [-4.68977689743042, -7.216782093048096, 0.6492652297019958, 0.6800918579101562, 13.21912670135498, 6.124370574951172, -5.569519996643066, 0.6152123808860779, -2.713529348373413, -6.354659080505371, -2.294617176055908, -2.3081774711608887, 0.15612472593784332, -2.694488763809204, -4.828805923461914, -3.028214693069458, -2.3038487434387207, 3.4684555530548096, 1.0679570436477661, -2.0555975437164307, 1.3403433561325073], [-2.8806581497192383, -4.2077178955078125, 0.8434351086616516, 0.8387295603752136, 6.124370574951172, 3.5806450843811035, -2.1324312686920166, 1.0062155723571777, 0.1626930981874466, -2.997042655944824, -0.5860587954521179, -1.149825096130371, -0.4537615180015564, 0.13291989266872406, -1.1761597394943237, -1.4765087366104126, -0.6476078033447266, 2.9785382747650146, -0.2550559341907501, -0.6127951145172119, 1.7706941366195679], [2.38928484916687, 1.799940586090088, 0.6851531267166138, 0.5230200290679932, -5.569519996643066, -2.1324312686920166, 3.3147225379943848, 0.2886894941329956, 2.0648956298828125, 2.8567159175872803, 1.6680017709732056, 1.1408519744873047, 0.04577910155057907, 1.2846484184265137, 3.2046797275543213, 2.3754029273986816, 0.7206557989120483, -0.9472895264625549, -3.4207887649536133, 1.6909500360488892, -1.8832964897155762], [-0.8595494031906128, -1.9949301481246948, 0.27050304412841797, 1.3542969226837158, 0.6152123808860779, 1.0062155723571777, 0.2886894941329956, 1.3197966814041138, 0.48313432931900024, -0.4884521961212158, 0.6717308759689331, 1.0184324979782104, 0.18898586928844452, 1.9967132806777954, 1.352301836013794, -1.1055355072021484, -0.8297792077064514, 0.7981005311012268, -1.764587163925171, -0.03259583190083504, 1.6385092735290527], [-0.18702109158039093, 0.7191685438156128, 1.4915035963058472, -0.09101264923810959, -2.713529348373413, 0.1626930981874466, 2.0648956298828125, 0.48313432931900024, 4.334738731384277, 1.4619745016098022, 1.0835310220718384, -1.2483255863189697, -1.8430968523025513, 1.9136980772018433, 2.4409830570220947, 2.0558507442474365, 2.652399778366089, 2.753633499145508, -0.9678599834442139, 1.6282192468643188, 0.6614235043525696], [2.5868310928344727, 3.528656482696533, -0.04051194339990616, -0.43983620405197144, -6.354659080505371, -2.997042655944824, 2.8567159175872803, -0.4884521961212158, 1.4619745016098022, 3.176302909851074, 1.118101716041565, 0.8227511048316956, -0.09871087223291397, 0.71666020154953, 2.2648985385894775, 2.1376700401306152, 1.2466604709625244, -1.6624153852462769, -1.0143312215805054, 1.2641204595565796, -1.5759824514389038], [0.818145215511322, -0.03373509645462036, 0.4412938952445984, 0.8292829990386963, -2.294617176055908, -0.5860587954521179, 1.6680017709732056, 0.6717308759689331, 1.0835310220718384, 1.118101716041565, 1.057440996170044, 0.9844323396682739, 0.159284770488739, 1.336673617362976, 2.033824920654297, 0.6883593797683716, -0.08338310569524765, -0.18604940176010132, -2.4533815383911133, 0.783101499080658, -0.3453938663005829], [0.9714338183403015, -0.3052552342414856, -0.7688032984733582, 1.4759228229522705, -2.3081774711608887, -1.149825096130371, 1.1408519744873047, 1.0184324979782104, -1.2483255863189697, 0.8227511048316956, 0.9844323396682739, 2.862947463989258, 1.4328376054763794, 1.9295687675476074, 1.8342572450637817, -1.3084832429885864, -1.9374865293502808, -2.163748025894165, -2.2705953121185303, -0.23383720219135284, 0.621778130531311], [0.8627616763114929, -0.6800971031188965, -0.41108840703964233, 0.7386589646339417, 0.15612472593784332, -0.4537615180015564, 0.04577910155057907, 0.18898586928844452, -1.8430968523025513, -0.09871087223291397, 0.159284770488739, 1.4328376054763794, 1.3139506578445435, -0.4587514400482178, 0.019167253747582436, -0.4538831412792206, -1.7721779346466064, -1.8210495710372925, -1.7396540641784668, -0.282741904258728, -1.1775944232940674], [-1.3225526809692383, -0.5271881818771362, -0.3473907709121704, 1.495396375656128, -2.694488763809204, 0.13291989266872406, 1.2846484184265137, 1.9967132806777954, 1.9136980772018433, 0.71666020154953, 1.336673617362976, 1.9295687675476074, -0.4587514400482178, 5.174900054931641, 3.155640125274658, -2.3189780712127686, 0.10864368826150894, 1.1452460289001465, -0.20348642766475677, -0.12847021222114563, 5.05681037902832], [1.2681138515472412, 0.2886439561843872, 0.7046512961387634, 1.4659807682037354, -4.828805923461914, -1.1761597394943237, 3.2046797275543213, 1.352301836013794, 2.4409830570220947, 2.2648985385894775, 2.033824920654297, 1.8342572450637817, 0.019167253747582436, 3.155640125274658, 4.0535712242126465, 1.0020502805709839, 0.21433839201927185, -0.06474300473928452, -3.9214096069335938, 1.4115779399871826, 0.25615963339805603], [2.6911721229553223, 1.8843594789505005, 1.5643095970153809, -0.7810242772102356, -3.028214693069458, -1.4765087366104126, 2.3754029273986816, -1.1055355072021484, 2.0558507442474365, 2.1376700401306152, 0.6883593797683716, -1.3084832429885864, -0.4538831412792206, -2.3189780712127686, 1.0020502805709839, 4.606042385101318, 1.6358555555343628, -0.23067764937877655, -3.020508050918579, 2.1444458961486816, -5.197484016418457], [-0.021647730842232704, 2.575608015060425, 0.4494103491306305, -1.522156000137329, -2.3038487434387207, -0.6476078033447266, 0.7206557989120483, -0.8297792077064514, 2.652399778366089, 1.2466604709625244, -0.08338310569524765, -1.9374865293502808, -1.7721779346466064, 0.10864368826150894, 0.21433839201927185, 1.6358555555343628, 2.918588876724243, 1.5725492238998413, 2.4453206062316895, 0.7746875286102295, 0.4251326322555542], [-2.8110427856445312, -2.375861883163452, 1.3255727291107178, 0.09890048950910568, 3.4684555530548096, 2.9785382747650146, -0.9472895264625549, 0.7981005311012268, 2.753633499145508, -1.6624153852462769, -0.18604940176010132, -2.163748025894165, -1.8210495710372925, 1.1452460289001465, -0.06474300473928452, -0.23067764937877655, 1.5725492238998413, 4.303903579711914, 0.7854147553443909, 0.22186017036437988, 2.490020513534546], [-2.5877315998077393, 3.7184972763061523, -2.313915491104126, -3.1244943141937256, 1.0679570436477661, -0.2550559341907501, -3.4207887649536133, -1.764587163925171, -0.9678599834442139, -1.0143312215805054, -2.4533815383911133, -2.2705953121185303, -1.7396540641784668, -0.20348642766475677, -3.9214096069335938, -3.020508050918579, 2.4453206062316895, 0.7854147553443909, 10.732511520385742, -2.311948299407959, 5.2737531661987305], [1.2101088762283325, 0.5387126803398132, 0.9570856690406799, 0.10187685489654541, -2.0555975437164307, -0.6127951145172119, 1.6909500360488892, -0.03259583190083504, 1.6282192468643188, 1.2641204595565796, 0.783101499080658, -0.23383720219135284, -0.282741904258728, -0.12847021222114563, 1.4115779399871826, 2.1444458961486816, 0.7746875286102295, 0.22186017036437988, -2.311948299407959, 1.2608609199523926, -1.9739912748336792], [-4.114843368530273, -0.9612249135971069, -1.4483462572097778, 0.46440911293029785, 1.3403433561325073, 1.7706941366195679, -1.8832964897155762, 1.6385092735290527, 0.6614235043525696, -1.5759824514389038, -0.3453938663005829, 0.621778130531311, -1.1775944232940674, 5.05681037902832, 0.25615963339805603, -5.197484016418457, 0.4251326322555542, 2.490020513534546, 5.2737531661987305, -1.9739912748336792, 8.789374351501465]], "type": "heatmap"}], "layout": {"template": {"data": {"histogram2dcontour": [{"type": "histogram2dcontour", "colorbar": {"outlinewidth": 0, "ticks": ""}, "colorscale": [[0.0, "#0d0887"], [0.1111111111111111, "#46039f"], [0.2222222222222222, "#7201a8"], [0.3333333333333333, "#9c179e"], [0.4444444444444444, "#bd3786"], [0.5555555555555556, "#d8576b"], [0.6666666666666666, "#ed7953"], [0.7777777777777778, "#fb9f3a"], [0.8888888888888888, "#fdca26"], [1.0, "#f0f921"]]}], "choropleth": [{"type": "choropleth", "colorbar": {"outlinewidth": 0, "ticks": ""}}], "histogram2d": [{"type": "histogram2d", "colorbar": {"outlinewidth": 0, "ticks": ""}, "colorscale": [[0.0, "#0d0887"], [0.1111111111111111, "#46039f"], [0.2222222222222222, "#7201a8"], [0.3333333333333333, "#9c179e"], [0.4444444444444444, "#bd3786"], [0.5555555555555556, "#d8576b"], [0.6666666666666666, "#ed7953"], [0.7777777777777778, "#fb9f3a"], [0.8888888888888888, "#fdca26"], [1.0, "#f0f921"]]}], "heatmap": [{"type": "heatmap", "colorbar": {"outlinewidth": 0, "ticks": ""}, "colorscale": [[0.0, "#0d0887"], [0.1111111111111111, "#46039f"], [0.2222222222222222, "#7201a8"], [0.3333333333333333, "#9c179e"], [0.4444444444444444, "#bd3786"], [0.5555555555555556, "#d8576b"], [0.6666666666666666, "#ed7953"], [0.7777777777777778, "#fb9f3a"], [0.8888888888888888, "#fdca26"], [1.0, "#f0f921"]]}], "heatmapgl": [{"type": "heatmapgl", "colorbar": {"outlinewidth": 0, "ticks": ""}, "colorscale": [[0.0, "#0d0887"], [0.1111111111111111, "#46039f"], [0.2222222222222222, "#7201a8"], [0.3333333333333333, "#9c179e"], [0.4444444444444444, "#bd3786"], [0.5555555555555556, "#d8576b"], [0.6666666666666666, "#ed7953"], [0.7777777777777778, "#fb9f3a"], [0.8888888888888888, "#fdca26"], [1.0, "#f0f921"]]}], "contourcarpet": [{"type": "contourcarpet", "colorbar": {"outlinewidth": 0, "ticks": ""}}], "contour": [{"type": "contour", "colorbar": {"outlinewidth": 0, "ticks": ""}, "colorscale": [[0.0, "#0d0887"], [0.1111111111111111, "#46039f"], [0.2222222222222222, "#7201a8"], [0.3333333333333333, "#9c179e"], [0.4444444444444444, "#bd3786"], [0.5555555555555556, "#d8576b"], [0.6666666666666666, "#ed7953"], [0.7777777777777778, "#fb9f3a"], [0.8888888888888888, "#fdca26"], [1.0, "#f0f921"]]}], "surface": [{"type": "surface", "colorbar": {"outlinewidth": 0, "ticks": ""}, "colorscale": [[0.0, "#0d0887"], [0.1111111111111111, "#46039f"], [0.2222222222222222, "#7201a8"], [0.3333333333333333, "#9c179e"], [0.4444444444444444, "#bd3786"], [0.5555555555555556, "#d8576b"], [0.6666666666666666, "#ed7953"], [0.7777777777777778, "#fb9f3a"], [0.8888888888888888, "#fdca26"], [1.0, "#f0f921"]]}], "mesh3d": [{"type": "mesh3d", "colorbar": {"outlinewidth": 0, "ticks": ""}}], "scatter": [{"fillpattern": {"fillmode": "overlay", "size": 10, "solidity": 0.2}, "type": "scatter"}], "parcoords": [{"type": "parcoords", "line": {"colorbar": {"outlinewidth": 0, "ticks": ""}}}], "scatterpolargl": [{"type": "scatterpolargl", "marker": {"colorbar": {"outlinewidth": 0, "ticks": ""}}}], "bar": [{"error_x": {"color": "#2a3f5f"}, "error_y": {"color": "#2a3f5f"}, "marker": {"line": {"color": "#E5ECF6", "width": 0.5}, "pattern": {"fillmode": "overlay", "size": 10, "solidity": 0.2}}, "type": "bar"}], "scattergeo": [{"type": "scattergeo", "marker": {"colorbar": {"outlinewidth": 0, "ticks": ""}}}], "scatterpolar": [{"type": "scatterpolar", "marker": {"colorbar": {"outlinewidth": 0, "ticks": ""}}}], "histogram": [{"marker": {"pattern": {"fillmode": "overlay", "size": 10, "solidity": 0.2}}, "type": "histogram"}], "scattergl": [{"type": "scattergl", "marker": {"colorbar": {"outlinewidth": 0, "ticks": ""}}}], "scatter3d": [{"type": "scatter3d", "line": {"colorbar": {"outlinewidth": 0, "ticks": ""}}, "marker": {"colorbar": {"outlinewidth": 0, "ticks": ""}}}], "scattermapbox": [{"type": "scattermapbox", "marker": {"colorbar": {"outlinewidth": 0, "ticks": ""}}}], "scatterternary": [{"type": "scatterternary", "marker": {"colorbar": {"outlinewidth": 0, "ticks": ""}}}], "scattercarpet": [{"type": "scattercarpet", "marker": {"colorbar": {"outlinewidth": 0, "ticks": ""}}}], "carpet": [{"aaxis": {"endlinecolor": "#2a3f5f", "gridcolor": "white", "linecolor": "white", "minorgridcolor": "white", "startlinecolor": "#2a3f5f"}, "baxis": {"endlinecolor": "#2a3f5f", "gridcolor": "white", "linecolor": "white", "minorgridcolor": "white", "startlinecolor": "#2a3f5f"}, "type": "carpet"}], "table": [{"cells": {"fill": {"color": "#EBF0F8"}, "line": {"color": "white"}}, "header": {"fill": {"color": "#C8D4E3"}, "line": {"color": "white"}}, "type": "table"}], "barpolar": [{"marker": {"line": {"color": "#E5ECF6", "width": 0.5}, "pattern": {"fillmode": "overlay", "size": 10, "solidity": 0.2}}, "type": "barpolar"}], "pie": [{"automargin": true, "type": "pie"}]}, "layout": {"autotypenumbers": "strict", "colorway": ["#636efa", "#EF553B", "#00cc96", "#ab63fa", "#FFA15A", "#19d3f3", "#FF6692", "#B6E880", "#FF97FF", "#FECB52"], "font": {"color": "#2a3f5f"}, "hovermode": "closest", "hoverlabel": {"align": "left"}, "paper_bgcolor": "white", "plot_bgcolor": "#E5ECF6", "polar": {"bgcolor": "#E5ECF6", "angularaxis": {"gridcolor": "white", "linecolor": "white", "ticks": ""}, "radialaxis": {"gridcolor": "white", "linecolor": "white", "ticks": ""}}, "ternary": {"bgcolor": "#E5ECF6", "aaxis": {"gridcolor": "white", "linecolor": "white", "ticks": ""}, "baxis": {"gridcolor": "white", "linecolor": "white", "ticks": ""}, "caxis": {"gridcolor": "white", "linecolor": "white", "ticks": ""}}, "coloraxis": {"colorbar": {"outlinewidth": 0, "ticks": ""}}, "colorscale": {"sequential": [[0.0, "#0d0887"], [0.1111111111111111, "#46039f"], [0.2222222222222222, "#7201a8"], [0.3333333333333333, "#9c179e"], [0.4444444444444444, "#bd3786"], [0.5555555555555556, "#d8576b"], [0.6666666666666666, "#ed7953"], [0.7777777777777778, "#fb9f3a"], [0.8888888888888888, "#fdca26"], [1.0, "#f0f921"]], "sequentialminus": [[0.0, "#0d0887"], [0.1111111111111111, "#46039f"], [0.2222222222222222, "#7201a8"], [0.3333333333333333, "#9c179e"], [0.4444444444444444, "#bd3786"], [0.5555555555555556, "#d8576b"], [0.6666666666666666, "#ed7953"], [0.7777777777777778, "#fb9f3a"], [0.8888888888888888, "#fdca26"], [1.0, "#f0f921"]], "diverging": [[0, "#8e0152"], [0.1, "#c51b7d"], [0.2, "#de77ae"], [0.3, "#f1b6da"], [0.4, "#fde0ef"], [0.5, "#f7f7f7"], [0.6, "#e6f5d0"], [0.7, "#b8e186"], [0.8, "#7fbc41"], [0.9, "#4d9221"], [1, "#276419"]]}, "xaxis": {"gridcolor": "white", "linecolor": "white", "ticks": "", "title": {"standoff": 15}, "zerolinecolor": "white", "automargin": true, "zerolinewidth": 2}, "yaxis": {"gridcolor": "white", "linecolor": "white", "ticks": "", "title": {"standoff": 15}, "zerolinecolor": "white", "automargin": true, "zerolinewidth": 2}, "scene": {"xaxis": {"backgroundcolor": "#E5ECF6", "gridcolor": "white", "linecolor": "white", "showbackground": true, "ticks": "", "zerolinecolor": "white", "gridwidth": 2}, "yaxis": {"backgroundcolor": "#E5ECF6", "gridcolor": "white", "linecolor": "white", "showbackground": true, "ticks": "", "zerolinecolor": "white", "gridwidth": 2}, "zaxis": {"backgroundcolor": "#E5ECF6", "gridcolor": "white", "linecolor": "white", "showbackground": true, "ticks": "", "zerolinecolor": "white", "gridwidth": 2}}, "shapedefaults": {"line": {"color": "#2a3f5f"}}, "annotationdefaults": {"arrowcolor": "#2a3f5f", "arrowhead": 0, "arrowwidth": 1}, "geo": {"bgcolor": "white", "landcolor": "#E5ECF6", "subunitcolor": "white", "showland": true, "showlakes": true, "lakecolor": "white"}, "title": {"x": 0.05}, "mapbox": {"style": "light"}}}}}