{"data": [{"z": [[3.803825616836548, 2.8577327728271484, 0.2301986813545227, 0.18065990507602692, -4.870837211608887, -2.5984256267547607, 2.670250415802002, -0.4819227159023285, -0.08516618609428406, 2.9803502559661865, 1.2274301052093506, 1.2641533613204956, 1.2128900289535522, -1.252945065498352, 1.5880910158157349, 2.939868211746216, -0.017397113144397736, -2.8050551414489746, -2.8283586502075195, 1.653368353843689, -4.450211048126221], [2.8577327728271484, 6.516993522644043, -1.0496567487716675, -2.245049476623535, -7.626977920532227, -4.319538593292236, 2.1281850337982178, -1.9537206888198853, 0.8478143215179443, 3.748013973236084, 0.21926617622375488, -0.26518869400024414, -0.5996034741401672, -0.570308268070221, 0.5809045433998108, 2.198101282119751, 2.3849973678588867, -2.5831334590911865, 3.0343098640441895, 0.7713372111320496, -1.4345310926437378], [0.2301986813545227, -1.0496567487716675, 1.31301748752594, 0.5410792827606201, 0.6807715892791748, 1.0079792737960815, 0.7340747714042664, 0.4439929723739624, 1.5040011405944824, 0.086236871778965, 0.5651978850364685, -0.6265250444412231, -0.2615416347980499, -0.2980763614177704, 0.7849437594413757, 1.5995850563049316, 0.5072113275527954, 1.3898214101791382, -2.2587428092956543, 1.1042144298553467, -1.4826215505599976], [0.18065990507602692, -2.245049476623535, 0.5410792827606201, 2.0052261352539062, 0.43852314352989197, 0.922705888748169, 0.8415759801864624, 1.604896903038025, 0.025493456050753593, -0.10696488618850708, 1.1053624153137207, 1.7770404815673828, 0.9925147891044617, 1.5506858825683594, 1.8017901182174683, -0.4810718894004822, -1.4534884691238403, 0.09699640423059464, -3.538238525390625, 0.43956971168518066, 0.08708793669939041], [-4.870837211608887, -7.626977920532227, 0.6807715892791748, 0.43852314352989197, 13.213333129882812, 5.788463115692139, -5.541659832000732, 0.3602902591228485, -2.691821813583374, -6.609598636627197, -2.5426247119903564, -2.3833770751953125, -0.08434659987688065, -2.703075885772705, -4.806827545166016, -3.0105600357055664, -2.367856979370117, 3.4378502368927, 0.5486677289009094, -2.319634199142456, 1.30304753780365], [-2.5984256267547607, -4.319538593292236, 1.0079792737960815, 0.922705888748169, 5.788463115692139, 3.3653628826141357, -1.7910029888153076, 1.0125564336776733, 0.29466238617897034, -2.83794903755188, -0.4817546308040619, -0.9830164909362793, -0.4092579483985901, 0.13817493617534637, -0.8523990511894226, -1.1494501829147339, -0.6729808449745178, 2.879525899887085, -1.028029203414917, -0.4737592041492462, 1.3346004486083984], [2.670250415802002, 2.1281850337982178, 0.7340747714042664, 0.8415759801864624, -5.541659832000732, -1.7910029888153076, 3.368415594100952, 0.6097998023033142, 2.0744788646698, 3.13295316696167, 1.9286341667175293, 1.3488733768463135, 0.33438625931739807, 1.3450424671173096, 3.295438289642334, 2.4208922386169434, 0.8293173313140869, -0.8568514585494995, -3.1226954460144043, 1.991796612739563, -1.9177939891815186], [-0.4819227159023285, -1.9537206888198853, 0.4439929723739624, 1.604896903038025, 0.3602902591228485, 1.0125564336776733, 0.6097998023033142, 1.5009498596191406, 0.6031615138053894, -0.22064922749996185, 0.9024776816368103, 1.271375298500061, 0.37929853796958923, 2.0381546020507812, 1.684900164604187, -0.804943323135376, -0.8130025863647461, 0.7653272151947021, -2.309048652648926, 0.2441709041595459, 1.2445945739746094], [-0.08516618609428406, 0.8478143215179443, 1.5040011405944824, 0.025493456050753593, -2.691821813583374, 0.29466238617897034, 2.0744788646698, 0.6031615138053894, 4.331506252288818, 1.560936450958252, 1.1744475364685059, -1.168662428855896, -1.7341957092285156, 1.937358021736145, 2.4652259349823, 2.0620291233062744, 2.6987407207489014, 2.7914161682128906, -0.829607367515564, 1.733916163444519, 0.6638087034225464], [2.9803502559661865, 3.748013973236084, 0.086236871778965, -0.10696488618850708, -6.609598636627197, -2.83794903755188, 3.13295316696167, -0.22064922749996185, 1.560936450958252, 3.533888101577759, 1.463370680809021, 1.0402922630310059, 0.17281417548656464, 0.7424836754798889, 2.546952724456787, 2.3986735343933105, 1.2379435300827026, -1.714883804321289, -1.2795610427856445, 1.6401537656784058, -1.9284807443618774], [1.2274301052093506, 0.21926617622375488, 0.5651978850364685, 1.1053624153137207, -2.5426247119903564, -0.4817546308040619, 1.9286341667175293, 0.9024776816368103, 1.1744475364685059, 1.463370680809021, 1.3321356773376465, 1.2238152027130127, 0.405804842710495, 1.3627296686172485, 2.2916460037231445, 0.9456032514572144, -0.006683635991066694, -0.20984496176242828, -2.651033639907837, 1.1145628690719604, -0.6632148623466492], [1.2641533613204956, -0.26518869400024414, -0.6265250444412231, 1.7770404815673828, -2.3833770751953125, -0.9830164909362793, 1.3488733768463135, 1.271375298500061, -1.168662428855896, 1.0402922630310059, 1.2238152027130127, 3.1036345958709717, 1.6543560028076172, 2.003326892852783, 2.0889365673065186, -1.1326372623443604, -1.9291133880615234, -2.1229701042175293, -2.585125684738159, 0.0342172272503376, 0.38630348443984985], [1.2128900289535522, -0.5996034741401672, -0.2615416347980499, 0.9925147891044617, -0.08434659987688065, -0.4092579483985901, 0.33438625931739807, 0.37929853796958923, -1.7341957092285156, 0.17281417548656464, 0.405804842710495, 1.6543560028076172, 1.5088523626327515, -0.4228595197200775, 0.31741219758987427, -0.18467961251735687, -1.7679473161697388, -1.858106017112732, -2.1797873973846436, 0.0007286584586836398, -1.5334714651107788], [-1.252945065498352, -0.570308268070221, -0.2980763614177704, 1.5506858825683594, -2.703075885772705, 0.13817493617534637, 1.3450424671173096, 2.0381546020507812, 1.937358021736145, 0.7424836754798889, 1.3627296686172485, 2.003326892852783, -0.4228595197200775, 5.197579383850098, 3.2308971881866455, -2.266437292098999, 0.11947707831859589, 1.1652345657348633, -0.357697069644928, -0.08960560709238052, 4.98961877822876], [1.5880910158157349, 0.5809045433998108, 0.7849437594413757, 1.8017901182174683, -4.806827545166016, -0.8523990511894226, 3.295438289642334, 1.684900164604187, 2.4652259349823, 2.546952724456787, 2.2916460037231445, 2.0889365673065186, 0.31741219758987427, 3.2308971881866455, 4.189280033111572, 1.0801308155059814, 0.3403051495552063, 0.04119885340332985, -3.727762222290039, 1.7204673290252686, 0.18408121168613434], [2.939868211746216, 2.198101282119751, 1.5995850563049316, -0.4810718894004822, -3.0105600357055664, -1.1494501829147339, 2.4208922386169434, -0.804943323135376, 2.0620291233062744, 2.3986735343933105, 0.9456032514572144, -1.1326372623443604, -0.18467961251735687, -2.266437292098999, 1.0801308155059814, 4.640729904174805, 1.7154779434204102, -0.16064655780792236, -2.7256758213043213, 2.4295742511749268, -5.226776123046875], [-0.017397113144397736, 2.3849973678588867, 0.5072113275527954, -1.4534884691238403, -2.367856979370117, -0.6729808449745178, 0.8293173313140869, -0.8130025863647461, 2.6987407207489014, 1.2379435300827026, -0.006683635991066694, -1.9291133880615234, -1.7679473161697388, 0.11947707831859589, 0.3403051495552063, 1.7154779434204102, 2.7695376873016357, 1.5147393941879272, 2.028944730758667, 0.816154956817627, 0.26969173550605774], [-2.8050551414489746, -2.5831334590911865, 1.3898214101791382, 0.09699640423059464, 3.4378502368927, 2.879525899887085, -0.8568514585494995, 0.7653272151947021, 2.7914161682128906, -1.714883804321289, -0.20984496176242828, -2.1229701042175293, -1.858106017112732, 1.1652345657348633, 0.04119885340332985, -0.16064655780792236, 1.5147393941879272, 4.290804862976074, 0.3891294002532959, 0.19069352746009827, 2.3783841133117676], [-2.8283586502075195, 3.0343098640441895, -2.2587428092956543, -3.538238525390625, 0.5486677289009094, -1.028029203414917, -3.1226954460144043, -2.309048652648926, -0.829607367515564, -1.2795610427856445, -2.651033639907837, -2.585125684738159, -2.1797873973846436, -0.357697069644928, -3.727762222290039, -2.7256758213043213, 2.028944730758667, 0.3891294002532959, 9.316625595092773, -2.6023759841918945, 4.769834518432617], [1.653368353843689, 0.7713372111320496, 1.1042144298553467, 0.43956971168518066, -2.319634199142456, -0.4737592041492462, 1.991796612739563, 0.2441709041595459, 1.733916163444519, 1.6401537656784058, 1.1145628690719604, 0.0342172272503376, 0.0007286584586836398, -0.08960560709238052, 1.7204673290252686, 2.4295742511749268, 0.816154956817627, 0.19069352746009827, -2.6023759841918945, 1.6414116621017456, -2.342156171798706], [-4.450211048126221, -1.4345310926437378, -1.4826215505599976, 0.08708793669939041, 1.30304753780365, 1.3346004486083984, -1.9177939891815186, 1.2445945739746094, 0.6638087034225464, -1.9284807443618774, -0.6632148623466492, 0.38630348443984985, -1.5334714651107788, 4.98961877822876, 0.18408121168613434, -5.226776123046875, 0.26969173550605774, 2.3783841133117676, 4.769834518432617, -2.342156171798706, 8.789374351501465]], "type": "heatmap"}], "layout": {"template": {"data": {"histogram2dcontour": [{"type": "histogram2dcontour", "colorbar": {"outlinewidth": 0, "ticks": ""}, "colorscale": [[0.0, "#0d0887"], [0.1111111111111111, "#46039f"], [0.2222222222222222, "#7201a8"], [0.3333333333333333, "#9c179e"], [0.4444444444444444, "#bd3786"], [0.5555555555555556, "#d8576b"], [0.6666666666666666, "#ed7953"], [0.7777777777777778, "#fb9f3a"], [0.8888888888888888, "#fdca26"], [1.0, "#f0f921"]]}], "choropleth": [{"type": "choropleth", "colorbar": {"outlinewidth": 0, "ticks": ""}}], "histogram2d": [{"type": "histogram2d", "colorbar": {"outlinewidth": 0, "ticks": ""}, "colorscale": [[0.0, "#0d0887"], [0.1111111111111111, "#46039f"], [0.2222222222222222, "#7201a8"], [0.3333333333333333, "#9c179e"], [0.4444444444444444, "#bd3786"], [0.5555555555555556, "#d8576b"], [0.6666666666666666, "#ed7953"], [0.7777777777777778, "#fb9f3a"], [0.8888888888888888, "#fdca26"], [1.0, "#f0f921"]]}], "heatmap": [{"type": "heatmap", "colorbar": {"outlinewidth": 0, "ticks": ""}, "colorscale": [[0.0, "#0d0887"], [0.1111111111111111, "#46039f"], [0.2222222222222222, "#7201a8"], [0.3333333333333333, "#9c179e"], [0.4444444444444444, "#bd3786"], [0.5555555555555556, "#d8576b"], [0.6666666666666666, "#ed7953"], [0.7777777777777778, "#fb9f3a"], [0.8888888888888888, "#fdca26"], [1.0, "#f0f921"]]}], "heatmapgl": [{"type": "heatmapgl", "colorbar": {"outlinewidth": 0, "ticks": ""}, "colorscale": [[0.0, "#0d0887"], [0.1111111111111111, "#46039f"], [0.2222222222222222, "#7201a8"], [0.3333333333333333, "#9c179e"], [0.4444444444444444, "#bd3786"], [0.5555555555555556, "#d8576b"], [0.6666666666666666, "#ed7953"], [0.7777777777777778, "#fb9f3a"], [0.8888888888888888, "#fdca26"], [1.0, "#f0f921"]]}], "contourcarpet": [{"type": "contourcarpet", "colorbar": {"outlinewidth": 0, "ticks": ""}}], "contour": [{"type": "contour", "colorbar": {"outlinewidth": 0, "ticks": ""}, "colorscale": [[0.0, "#0d0887"], [0.1111111111111111, "#46039f"], [0.2222222222222222, "#7201a8"], [0.3333333333333333, "#9c179e"], [0.4444444444444444, "#bd3786"], [0.5555555555555556, "#d8576b"], [0.6666666666666666, "#ed7953"], [0.7777777777777778, "#fb9f3a"], [0.8888888888888888, "#fdca26"], [1.0, "#f0f921"]]}], "surface": [{"type": "surface", "colorbar": {"outlinewidth": 0, "ticks": ""}, "colorscale": [[0.0, "#0d0887"], [0.1111111111111111, "#46039f"], [0.2222222222222222, "#7201a8"], [0.3333333333333333, "#9c179e"], [0.4444444444444444, "#bd3786"], [0.5555555555555556, "#d8576b"], [0.6666666666666666, "#ed7953"], [0.7777777777777778, "#fb9f3a"], [0.8888888888888888, "#fdca26"], [1.0, "#f0f921"]]}], "mesh3d": [{"type": "mesh3d", "colorbar": {"outlinewidth": 0, "ticks": ""}}], "scatter": [{"fillpattern": {"fillmode": "overlay", "size": 10, "solidity": 0.2}, "type": "scatter"}], "parcoords": [{"type": "parcoords", "line": {"colorbar": {"outlinewidth": 0, "ticks": ""}}}], "scatterpolargl": [{"type": "scatterpolargl", "marker": {"colorbar": {"outlinewidth": 0, "ticks": ""}}}], "bar": [{"error_x": {"color": "#2a3f5f"}, "error_y": {"color": "#2a3f5f"}, "marker": {"line": {"color": "#E5ECF6", "width": 0.5}, "pattern": {"fillmode": "overlay", "size": 10, "solidity": 0.2}}, "type": "bar"}], "scattergeo": [{"type": "scattergeo", "marker": {"colorbar": {"outlinewidth": 0, "ticks": ""}}}], "scatterpolar": [{"type": "scatterpolar", "marker": {"colorbar": {"outlinewidth": 0, "ticks": ""}}}], "histogram": [{"marker": {"pattern": {"fillmode": "overlay", "size": 10, "solidity": 0.2}}, "type": "histogram"}], "scattergl": [{"type": "scattergl", "marker": {"colorbar": {"outlinewidth": 0, "ticks": ""}}}], "scatter3d": [{"type": "scatter3d", "line": {"colorbar": {"outlinewidth": 0, "ticks": ""}}, "marker": {"colorbar": {"outlinewidth": 0, "ticks": ""}}}], "scattermapbox": [{"type": "scattermapbox", "marker": {"colorbar": {"outlinewidth": 0, "ticks": ""}}}], "scatterternary": [{"type": "scatterternary", "marker": {"colorbar": {"outlinewidth": 0, "ticks": ""}}}], "scattercarpet": [{"type": "scattercarpet", "marker": {"colorbar": {"outlinewidth": 0, "ticks": ""}}}], "carpet": [{"aaxis": {"endlinecolor": "#2a3f5f", "gridcolor": "white", "linecolor": "white", "minorgridcolor": "white", "startlinecolor": "#2a3f5f"}, "baxis": {"endlinecolor": "#2a3f5f", "gridcolor": "white", "linecolor": "white", "minorgridcolor": "white", "startlinecolor": "#2a3f5f"}, "type": "carpet"}], "table": [{"cells": {"fill": {"color": "#EBF0F8"}, "line": {"color": "white"}}, "header": {"fill": {"color": "#C8D4E3"}, "line": {"color": "white"}}, "type": "table"}], "barpolar": [{"marker": {"line": {"color": "#E5ECF6", "width": 0.5}, "pattern": {"fillmode": "overlay", "size": 10, "solidity": 0.2}}, "type": "barpolar"}], "pie": [{"automargin": true, "type": "pie"}]}, "layout": {"autotypenumbers": "strict", "colorway": ["#636efa", "#EF553B", "#00cc96", "#ab63fa", "#FFA15A", "#19d3f3", "#FF6692", "#B6E880", "#FF97FF", "#FECB52"], "font": {"color": "#2a3f5f"}, "hovermode": "closest", "hoverlabel": {"align": "left"}, "paper_bgcolor": "white", "plot_bgcolor": "#E5ECF6", "polar": {"bgcolor": "#E5ECF6", "angularaxis": {"gridcolor": "white", "linecolor": "white", "ticks": ""}, "radialaxis": {"gridcolor": "white", "linecolor": "white", "ticks": ""}}, "ternary": {"bgcolor": "#E5ECF6", "aaxis": {"gridcolor": "white", "linecolor": "white", "ticks": ""}, "baxis": {"gridcolor": "white", "linecolor": "white", "ticks": ""}, "caxis": {"gridcolor": "white", "linecolor": "white", "ticks": ""}}, "coloraxis": {"colorbar": {"outlinewidth": 0, "ticks": ""}}, "colorscale": {"sequential": [[0.0, "#0d0887"], [0.1111111111111111, "#46039f"], [0.2222222222222222, "#7201a8"], [0.3333333333333333, "#9c179e"], [0.4444444444444444, "#bd3786"], [0.5555555555555556, "#d8576b"], [0.6666666666666666, "#ed7953"], [0.7777777777777778, "#fb9f3a"], [0.8888888888888888, "#fdca26"], [1.0, "#f0f921"]], "sequentialminus": [[0.0, "#0d0887"], [0.1111111111111111, "#46039f"], [0.2222222222222222, "#7201a8"], [0.3333333333333333, "#9c179e"], [0.4444444444444444, "#bd3786"], [0.5555555555555556, "#d8576b"], [0.6666666666666666, "#ed7953"], [0.7777777777777778, "#fb9f3a"], [0.8888888888888888, "#fdca26"], [1.0, "#f0f921"]], "diverging": [[0, "#8e0152"], [0.1, "#c51b7d"], [0.2, "#de77ae"], [0.3, "#f1b6da"], [0.4, "#fde0ef"], [0.5, "#f7f7f7"], [0.6, "#e6f5d0"], [0.7, "#b8e186"], [0.8, "#7fbc41"], [0.9, "#4d9221"], [1, "#276419"]]}, "xaxis": {"gridcolor": "white", "linecolor": "white", "ticks": "", "title": {"standoff": 15}, "zerolinecolor": "white", "automargin": true, "zerolinewidth": 2}, "yaxis": {"gridcolor": "white", "linecolor": "white", "ticks": "", "title": {"standoff": 15}, "zerolinecolor": "white", "automargin": true, "zerolinewidth": 2}, "scene": {"xaxis": {"backgroundcolor": "#E5ECF6", "gridcolor": "white", "linecolor": "white", "showbackground": true, "ticks": "", "zerolinecolor": "white", "gridwidth": 2}, "yaxis": {"backgroundcolor": "#E5ECF6", "gridcolor": "white", "linecolor": "white", "showbackground": true, "ticks": "", "zerolinecolor": "white", "gridwidth": 2}, "zaxis": {"backgroundcolor": "#E5ECF6", "gridcolor": "white", "linecolor": "white", "showbackground": true, "ticks": "", "zerolinecolor": "white", "gridwidth": 2}}, "shapedefaults": {"line": {"color": "#2a3f5f"}}, "annotationdefaults": {"arrowcolor": "#2a3f5f", "arrowhead": 0, "arrowwidth": 1}, "geo": {"bgcolor": "white", "landcolor": "#E5ECF6", "subunitcolor": "white", "showland": true, "showlakes": true, "lakecolor": "white"}, "title": {"x": 0.05}, "mapbox": {"style": "light"}}}}}