{"data": [{"z": [[3.269418954849243, 2.6125259399414062, 0.022259235382080078, -0.3939014673233032, -4.658951759338379, -2.9719367027282715, 2.266542911529541, -0.9778873920440674, -0.2126106470823288, 2.471510648727417, 0.6325202584266663, 0.9030479192733765, 0.7940805554389954, -1.3499850034713745, 1.165137767791748, 2.6206283569335938, -0.0010103012900799513, -2.8164427280426025, -2.4641358852386475, 1.061216950416565, -4.0203046798706055], [2.6125259399414062, 6.6688971519470215, -1.2087475061416626, -2.38808012008667, -7.111855506896973, -4.112160682678223, 1.7256897687911987, -1.9772847890853882, 0.6908861398696899, 3.5202476978302, -0.09665049612522125, -0.3241218030452728, -0.7024165987968445, -0.5185984969139099, 0.20439060032367706, 1.7692558765411377, 2.6907150745391846, -2.3071718215942383, 4.0120954513549805, 0.5033098459243774, -0.8000069260597229], [0.022259235382080078, -1.2087475061416626, 1.2525420188903809, 0.2987484931945801, 0.6450459957122803, 0.7781991958618164, 0.640558123588562, 0.2100265473127365, 1.4871150255203247, -0.1002962589263916, 0.3714900612831116, -0.8005829453468323, -0.43983277678489685, -0.36055850982666016, 0.6745544672012329, 1.558223843574524, 0.42289993166923523, 1.308799147605896, -2.3313839435577393, 0.8941190838813782, -1.4399237632751465], [-0.3939014673233032, -2.38808012008667, 0.2987484931945801, 1.5583627223968506, 0.7365501523017883, 0.7779791951179504, 0.3828636407852173, 1.256446123123169, -0.13910748064517975, -0.5423346161842346, 0.7129657864570618, 1.389966607093811, 0.6794250011444092, 1.4689542055130005, 1.330307960510254, -0.8652873039245605, -1.5249590873718262, 0.0944075882434845, -2.901353597640991, -0.01862582191824913, 0.5905905961990356], [-4.658951759338379, -7.111855506896973, 0.6450459957122803, 0.7365501523017883, 13.222683906555176, 6.214008331298828, -5.529129505157471, 0.6954703330993652, -2.7322335243225098, -6.254832744598389, -2.1277921199798584, -2.2977657318115234, 0.20042888820171356, -2.69337797164917, -4.8346662521362305, -3.015578269958496, -2.294463634490967, 3.4737775325775146, 1.2074588537216187, -1.9399628639221191, 1.3438599109649658], [-2.9719367027282715, -4.112160682678223, 0.7781991958618164, 0.7779791951179504, 6.214008331298828, 3.6307849884033203, -2.2383177280426025, 0.9941518306732178, 0.10616455972194672, -3.0186824798583984, -0.5855872631072998, -1.2136690616607666, -0.4769665598869324, 0.11992854624986649, -1.3080508708953857, -1.5721238851547241, -0.6110888719558716, 3.0060884952545166, 0.08994858711957932, -0.6409667134284973, 1.92339026927948], [2.266542911529541, 1.7256897687911987, 0.640558123588562, 0.3828636407852173, -5.529129505157471, -2.2383177280426025, 3.183087110519409, 0.1622902899980545, 2.0410358905792236, 2.712193489074707, 1.4759185314178467, 1.0687450170516968, -0.026535024866461754, 1.2633655071258545, 3.107255697250366, 2.307103395462036, 0.7051495909690857, -0.9559992551803589, -3.354001522064209, 1.5266739130020142, -1.7951360940933228], [-0.9778873920440674, -1.9772847890853882, 0.2100265473127365, 1.256446123123169, 0.6954703330993652, 0.9941518306732178, 0.1622902899980545, 1.2599767446517944, 0.4346011281013489, -0.569208025932312, 0.5934224724769592, 0.9472602605819702, 0.14436529576778412, 1.9822146892547607, 1.2267006635665894, -1.1984699964523315, -0.8225257992744446, 0.8117979168891907, -1.5218157768249512, -0.1225542426109314, 1.7758641242980957], [-0.2126106470823288, 0.6908861398696899, 1.4871150255203247, -0.13910748064517975, -2.7322335243225098, 0.10616455972194672, 2.0410358905792236, 0.4346011281013489, 4.338724136352539, 1.4241961240768433, 1.023034691810608, -1.2695448398590088, -1.8669296503067017, 1.9024882316589355, 2.427180290222168, 2.060231924057007, 2.642698287963867, 2.739320755004883, -0.9948952794075012, 1.581895112991333, 0.6565314531326294], [2.471510648727417, 3.5202476978302, -0.1002962589263916, -0.5423346161842346, -6.254832744598389, -3.0186824798583984, 2.712193489074707, -0.569208025932312, 1.4241961240768433, 3.0564398765563965, 0.9523106217384338, 0.7563591003417969, -0.1622723937034607, 0.707744300365448, 2.1426711082458496, 2.0207738876342773, 1.281536340713501, -1.630989670753479, -0.8068400621414185, 1.1237179040908813, -1.4185856580734253], [0.6325202584266663, -0.09665049612522125, 0.3714900612831116, 0.7129657864570618, -2.1277921199798584, -0.5855872631072998, 1.4759185314178467, 0.5934224724769592, 1.023034691810608, 0.9523106217384338, 0.9007495045661926, 0.8986801505088806, 0.09279166162014008, 1.3350439071655273, 1.875217318534851, 0.5345442891120911, -0.09112629294395447, -0.14237827062606812, -2.205010175704956, 0.6230637431144714, -0.14018292725086212], [0.9030479192733765, -0.3241218030452728, -0.8005829453468323, 1.389966607093811, -2.2977657318115234, -1.2136690616607666, 1.0687450170516968, 0.9472602605819702, -1.2695448398590088, 0.7563591003417969, 0.8986801505088806, 2.8175506591796875, 1.3961671590805054, 1.9113825559616089, 1.770735502243042, -1.3415634632110596, -1.9494900703430176, -2.1790671348571777, -2.200563430786133, -0.31494981050491333, 0.6683689951896667], [0.7940805554389954, -0.7024165987968445, -0.43983277678489685, 0.6794250011444092, 0.20042888820171356, -0.4769665598869324, -0.026535024866461754, 0.14436529576778412, -1.8669296503067017, -0.1622723937034607, 0.09279166162014008, 1.3961671590805054, 1.2862300872802734, -0.4671787619590759, -0.0428074486553669, -0.5022051930427551, -1.7803642749786377, -1.8176884651184082, -1.6550277471542358, -0.34954527020454407, -1.1131571531295776], [-1.3499850034713745, -0.5185984969139099, -0.36055850982666016, 1.4689542055130005, -2.69337797164917, 0.11992854624986649, 1.2633655071258545, 1.9822146892547607, 1.9024882316589355, 0.707744300365448, 1.3350439071655273, 1.9113825559616089, -0.4671787619590759, 5.170311450958252, 3.1303822994232178, -2.3287487030029297, 0.10093951225280762, 1.138642430305481, -0.15137642621994019, -0.1409102827310562, 5.076313018798828], [1.165137767791748, 0.20439060032367706, 0.6745544672012329, 1.330307960510254, -4.8346662521362305, -1.3080508708953857, 3.107255697250366, 1.2267006635665894, 2.427180290222168, 2.1426711082458496, 1.875217318534851, 1.770735502243042, -0.0428074486553669, 3.1303822994232178, 3.9856462478637695, 0.9757610559463501, 0.17441771924495697, -0.0968865156173706, -3.928401231765747, 1.2720280885696411, 0.28942322731018066], [2.6206283569335938, 1.7692558765411377, 1.558223843574524, -0.8652873039245605, -3.015578269958496, -1.5721238851547241, 2.307103395462036, -1.1984699964523315, 2.060231924057007, 2.0207738876342773, 0.5345442891120911, -1.3415634632110596, -0.5022051930427551, -2.3287487030029297, 0.9757610559463501, 4.585808753967285, 1.6029138565063477, -0.24170637130737305, -3.1146233081817627, 2.023550033569336, -5.183767318725586], [-0.0010103012900799513, 2.6907150745391846, 0.42289993166923523, -1.5249590873718262, -2.294463634490967, -0.6110888719558716, 0.7051495909690857, -0.8225257992744446, 2.642698287963867, 1.281536340713501, -0.09112629294395447, -1.9494900703430176, -1.7803642749786377, 0.10093951225280762, 0.17441771924495697, 1.6029138565063477, 2.9965012073516846, 1.5935077667236328, 2.6225342750549316, 0.7828836441040039, 0.4834308326244354], [-2.8164427280426025, -2.3071718215942383, 1.308799147605896, 0.0944075882434845, 3.4737775325775146, 3.0060884952545166, -0.9559992551803589, 0.8117979168891907, 2.739320755004883, -1.630989670753479, -0.14237827062606812, -2.1790671348571777, -1.8176884651184082, 1.138642430305481, -0.0968865156173706, -0.24170637130737305, 1.5935077667236328, 4.308199405670166, 0.912631630897522, 0.24965372681617737, 2.5206634998321533], [-2.4641358852386475, 4.0120954513549805, -2.3313839435577393, -2.901353597640991, 1.2074588537216187, 0.08994858711957932, -3.354001522064209, -1.5218157768249512, -0.9948952794075012, -0.8068400621414185, -2.205010175704956, -2.200563430786133, -1.6550277471542358, -0.15137642621994019, -3.928401231765747, -3.1146233081817627, 2.6225342750549316, 0.912631630897522, 11.155476570129395, -2.097383975982666, 5.422253608703613], [1.061216950416565, 0.5033098459243774, 0.8941190838813782, -0.01862582191824913, -1.9399628639221191, -0.6409667134284973, 1.5266739130020142, -0.1225542426109314, 1.581895112991333, 1.1237179040908813, 0.6230637431144714, -0.31494981050491333, -0.34954527020454407, -0.1409102827310562, 1.2720280885696411, 2.023550033569336, 0.7828836441040039, 0.24965372681617737, -2.097383975982666, 1.1121137142181396, -1.809254765510559], [-4.0203046798706055, -0.8000069260597229, -1.4399237632751465, 0.5905905961990356, 1.3438599109649658, 1.92339026927948, -1.7951360940933228, 1.7758641242980957, 0.6565314531326294, -1.4185856580734253, -0.14018292725086212, 0.6683689951896667, -1.1131571531295776, 5.076313018798828, 0.28942322731018066, -5.183767318725586, 0.4834308326244354, 2.5206634998321533, 5.422253608703613, -1.809254765510559, 8.789374351501465]], "type": "heatmap"}], "layout": {"template": {"data": {"histogram2dcontour": [{"type": "histogram2dcontour", "colorbar": {"outlinewidth": 0, "ticks": ""}, "colorscale": [[0.0, "#0d0887"], [0.1111111111111111, "#46039f"], [0.2222222222222222, "#7201a8"], [0.3333333333333333, "#9c179e"], [0.4444444444444444, "#bd3786"], [0.5555555555555556, "#d8576b"], [0.6666666666666666, "#ed7953"], [0.7777777777777778, "#fb9f3a"], [0.8888888888888888, "#fdca26"], [1.0, "#f0f921"]]}], "choropleth": [{"type": "choropleth", "colorbar": {"outlinewidth": 0, "ticks": ""}}], "histogram2d": [{"type": "histogram2d", "colorbar": {"outlinewidth": 0, "ticks": ""}, "colorscale": [[0.0, "#0d0887"], [0.1111111111111111, "#46039f"], [0.2222222222222222, "#7201a8"], [0.3333333333333333, "#9c179e"], [0.4444444444444444, "#bd3786"], [0.5555555555555556, "#d8576b"], [0.6666666666666666, "#ed7953"], [0.7777777777777778, "#fb9f3a"], [0.8888888888888888, "#fdca26"], [1.0, "#f0f921"]]}], "heatmap": [{"type": "heatmap", "colorbar": {"outlinewidth": 0, "ticks": ""}, "colorscale": [[0.0, "#0d0887"], [0.1111111111111111, "#46039f"], [0.2222222222222222, "#7201a8"], [0.3333333333333333, "#9c179e"], [0.4444444444444444, "#bd3786"], [0.5555555555555556, "#d8576b"], [0.6666666666666666, "#ed7953"], [0.7777777777777778, "#fb9f3a"], [0.8888888888888888, "#fdca26"], [1.0, "#f0f921"]]}], "heatmapgl": [{"type": "heatmapgl", "colorbar": {"outlinewidth": 0, "ticks": ""}, "colorscale": [[0.0, "#0d0887"], [0.1111111111111111, "#46039f"], [0.2222222222222222, "#7201a8"], [0.3333333333333333, "#9c179e"], [0.4444444444444444, "#bd3786"], [0.5555555555555556, "#d8576b"], [0.6666666666666666, "#ed7953"], [0.7777777777777778, "#fb9f3a"], [0.8888888888888888, "#fdca26"], [1.0, "#f0f921"]]}], "contourcarpet": [{"type": "contourcarpet", "colorbar": {"outlinewidth": 0, "ticks": ""}}], "contour": [{"type": "contour", "colorbar": {"outlinewidth": 0, "ticks": ""}, "colorscale": [[0.0, "#0d0887"], [0.1111111111111111, "#46039f"], [0.2222222222222222, "#7201a8"], [0.3333333333333333, "#9c179e"], [0.4444444444444444, "#bd3786"], [0.5555555555555556, "#d8576b"], [0.6666666666666666, "#ed7953"], [0.7777777777777778, "#fb9f3a"], [0.8888888888888888, "#fdca26"], [1.0, "#f0f921"]]}], "surface": [{"type": "surface", "colorbar": {"outlinewidth": 0, "ticks": ""}, "colorscale": [[0.0, "#0d0887"], [0.1111111111111111, "#46039f"], [0.2222222222222222, "#7201a8"], [0.3333333333333333, "#9c179e"], [0.4444444444444444, "#bd3786"], [0.5555555555555556, "#d8576b"], [0.6666666666666666, "#ed7953"], [0.7777777777777778, "#fb9f3a"], [0.8888888888888888, "#fdca26"], [1.0, "#f0f921"]]}], "mesh3d": [{"type": "mesh3d", "colorbar": {"outlinewidth": 0, "ticks": ""}}], "scatter": [{"fillpattern": {"fillmode": "overlay", "size": 10, "solidity": 0.2}, "type": "scatter"}], "parcoords": [{"type": "parcoords", "line": {"colorbar": {"outlinewidth": 0, "ticks": ""}}}], "scatterpolargl": [{"type": "scatterpolargl", "marker": {"colorbar": {"outlinewidth": 0, "ticks": ""}}}], "bar": [{"error_x": {"color": "#2a3f5f"}, "error_y": {"color": "#2a3f5f"}, "marker": {"line": {"color": "#E5ECF6", "width": 0.5}, "pattern": {"fillmode": "overlay", "size": 10, "solidity": 0.2}}, "type": "bar"}], "scattergeo": [{"type": "scattergeo", "marker": {"colorbar": {"outlinewidth": 0, "ticks": ""}}}], "scatterpolar": [{"type": "scatterpolar", "marker": {"colorbar": {"outlinewidth": 0, "ticks": ""}}}], "histogram": [{"marker": {"pattern": {"fillmode": "overlay", "size": 10, "solidity": 0.2}}, "type": "histogram"}], "scattergl": [{"type": "scattergl", "marker": {"colorbar": {"outlinewidth": 0, "ticks": ""}}}], "scatter3d": [{"type": "scatter3d", "line": {"colorbar": {"outlinewidth": 0, "ticks": ""}}, "marker": {"colorbar": {"outlinewidth": 0, "ticks": ""}}}], "scattermapbox": [{"type": "scattermapbox", "marker": {"colorbar": {"outlinewidth": 0, "ticks": ""}}}], "scatterternary": [{"type": "scatterternary", "marker": {"colorbar": {"outlinewidth": 0, "ticks": ""}}}], "scattercarpet": [{"type": "scattercarpet", "marker": {"colorbar": {"outlinewidth": 0, "ticks": ""}}}], "carpet": [{"aaxis": {"endlinecolor": "#2a3f5f", "gridcolor": "white", "linecolor": "white", "minorgridcolor": "white", "startlinecolor": "#2a3f5f"}, "baxis": {"endlinecolor": "#2a3f5f", "gridcolor": "white", "linecolor": "white", "minorgridcolor": "white", "startlinecolor": "#2a3f5f"}, "type": "carpet"}], "table": [{"cells": {"fill": {"color": "#EBF0F8"}, "line": {"color": "white"}}, "header": {"fill": {"color": "#C8D4E3"}, "line": {"color": "white"}}, "type": "table"}], "barpolar": [{"marker": {"line": {"color": "#E5ECF6", "width": 0.5}, "pattern": {"fillmode": "overlay", "size": 10, "solidity": 0.2}}, "type": "barpolar"}], "pie": [{"automargin": true, "type": "pie"}]}, "layout": {"autotypenumbers": "strict", "colorway": ["#636efa", "#EF553B", "#00cc96", "#ab63fa", "#FFA15A", "#19d3f3", "#FF6692", "#B6E880", "#FF97FF", "#FECB52"], "font": {"color": "#2a3f5f"}, "hovermode": "closest", "hoverlabel": {"align": "left"}, "paper_bgcolor": "white", "plot_bgcolor": "#E5ECF6", "polar": {"bgcolor": "#E5ECF6", "angularaxis": {"gridcolor": "white", "linecolor": "white", "ticks": ""}, "radialaxis": {"gridcolor": "white", "linecolor": "white", "ticks": ""}}, "ternary": {"bgcolor": "#E5ECF6", "aaxis": {"gridcolor": "white", "linecolor": "white", "ticks": ""}, "baxis": {"gridcolor": "white", "linecolor": "white", "ticks": ""}, "caxis": {"gridcolor": "white", "linecolor": "white", "ticks": ""}}, "coloraxis": {"colorbar": {"outlinewidth": 0, "ticks": ""}}, "colorscale": {"sequential": [[0.0, "#0d0887"], [0.1111111111111111, "#46039f"], [0.2222222222222222, "#7201a8"], [0.3333333333333333, "#9c179e"], [0.4444444444444444, "#bd3786"], [0.5555555555555556, "#d8576b"], [0.6666666666666666, "#ed7953"], [0.7777777777777778, "#fb9f3a"], [0.8888888888888888, "#fdca26"], [1.0, "#f0f921"]], "sequentialminus": [[0.0, "#0d0887"], [0.1111111111111111, "#46039f"], [0.2222222222222222, "#7201a8"], [0.3333333333333333, "#9c179e"], [0.4444444444444444, "#bd3786"], [0.5555555555555556, "#d8576b"], [0.6666666666666666, "#ed7953"], [0.7777777777777778, "#fb9f3a"], [0.8888888888888888, "#fdca26"], [1.0, "#f0f921"]], "diverging": [[0, "#8e0152"], [0.1, "#c51b7d"], [0.2, "#de77ae"], [0.3, "#f1b6da"], [0.4, "#fde0ef"], [0.5, "#f7f7f7"], [0.6, "#e6f5d0"], [0.7, "#b8e186"], [0.8, "#7fbc41"], [0.9, "#4d9221"], [1, "#276419"]]}, "xaxis": {"gridcolor": "white", "linecolor": "white", "ticks": "", "title": {"standoff": 15}, "zerolinecolor": "white", "automargin": true, "zerolinewidth": 2}, "yaxis": {"gridcolor": "white", "linecolor": "white", "ticks": "", "title": {"standoff": 15}, "zerolinecolor": "white", "automargin": true, "zerolinewidth": 2}, "scene": {"xaxis": {"backgroundcolor": "#E5ECF6", "gridcolor": "white", "linecolor": "white", "showbackground": true, "ticks": "", "zerolinecolor": "white", "gridwidth": 2}, "yaxis": {"backgroundcolor": "#E5ECF6", "gridcolor": "white", "linecolor": "white", "showbackground": true, "ticks": "", "zerolinecolor": "white", "gridwidth": 2}, "zaxis": {"backgroundcolor": "#E5ECF6", "gridcolor": "white", "linecolor": "white", "showbackground": true, "ticks": "", "zerolinecolor": "white", "gridwidth": 2}}, "shapedefaults": {"line": {"color": "#2a3f5f"}}, "annotationdefaults": {"arrowcolor": "#2a3f5f", "arrowhead": 0, "arrowwidth": 1}, "geo": {"bgcolor": "white", "landcolor": "#E5ECF6", "subunitcolor": "white", "showland": true, "showlakes": true, "lakecolor": "white"}, "title": {"x": 0.05}, "mapbox": {"style": "light"}}}}}