{"data": [{"z": [[3.266622304916382, 2.613433599472046, 0.019367095082998276, -0.39982870221138, -4.658626556396484, -2.9761314392089844, 2.26218581199646, -0.9828147888183594, -0.21456082165241241, 2.467484712600708, 0.6217907071113586, 0.900210976600647, 0.7917786240577698, -1.351789951324463, 1.1599069833755493, 2.6179628372192383, -0.0013589519076049328, -2.8173940181732178, -2.4555389881134033, 1.054949164390564, -4.01640510559082], [2.613433599472046, 6.681954383850098, -1.2125059366226196, -2.38570237159729, -7.108504772186279, -4.10222864151001, 1.7240742444992065, -1.9749503135681152, 0.6884371042251587, 3.524061918258667, -0.09820500016212463, -0.3259676396846771, -0.7039821743965149, -0.5186727046966553, 0.19897103309631348, 1.7636780738830566, 2.6996235847473145, -2.304471731185913, 4.032234191894531, 0.5049313902854919, -0.7909102439880371], [0.019367095082998276, -1.2125059366226196, 1.2524741888046265, 0.2947317957878113, 0.6449967622756958, 0.7736771106719971, 0.638190746307373, 0.20688004791736603, 1.4875686168670654, -0.1039714440703392, 0.3666820228099823, -0.8022175431251526, -0.4411707818508148, -0.36104413866996765, 0.6732034087181091, 1.5582959651947021, 0.42063483595848083, 1.308631181716919, -2.331912040710449, 0.8904861807823181, -1.4395301342010498], [-0.39982870221138, -2.38570237159729, 0.2947317957878113, 1.5486563444137573, 0.7367761135101318, 0.7705249786376953, 0.37537533044815063, 1.2498893737792969, -0.14121463894844055, -0.5470522046089172, 0.7055047154426575, 1.3854422569274902, 0.6763144731521606, 1.4671968221664429, 1.3229633569717407, -0.8691561222076416, -1.5246866941452026, 0.09353019297122955, -2.8859100341796875, -0.026101073250174522, 0.5970560908317566], [-4.658626556396484, -7.108504772186279, 0.6449967622756958, 0.7367761135101318, 13.223434448242188, 6.215065002441406, -5.529939651489258, 0.6966726183891296, -2.732461929321289, -6.252357482910156, -2.118032455444336, -2.2977592945098877, 0.20168769359588623, -2.6940345764160156, -4.835299968719482, -3.0154976844787598, -2.292158603668213, 3.473970413208008, 1.211159110069275, -1.9363940954208374, 1.3436620235443115], [-2.9761314392089844, -4.10222864151001, 0.7736771106719971, 0.7705249786376953, 6.215065002441406, 3.6285834312438965, -2.245398759841919, 0.990011990070343, 0.10386833548545837, -3.019054889678955, -0.5859190821647644, -1.2186379432678223, -0.47969722747802734, 0.1176845133304596, -1.3165982961654663, -1.5765305757522583, -0.6053699851036072, 3.006531238555908, 0.1131228357553482, -0.6438625454902649, 1.9314533472061157], [2.26218581199646, 1.7240742444992065, 0.638190746307373, 0.37537533044815063, -5.529939651489258, -2.245398759841919, 3.178385019302368, 0.15634514391422272, 2.0400230884552, 2.706852674484253, 1.4643374681472778, 1.0655688047409058, -0.029429156333208084, 1.262239933013916, 3.1027779579162598, 2.305105447769165, 0.7031710147857666, -0.9570777416229248, -3.3475024700164795, 1.5190715789794922, -1.791569471359253], [-0.9828147888183594, -1.9749503135681152, 0.20688004791736603, 1.2498893737792969, 0.6966726183891296, 0.990011990070343, 0.15634514391422272, 1.2559292316436768, 0.4328339099884033, -0.5724654197692871, 0.5892592668533325, 0.9439361691474915, 0.14210055768489838, 1.9814136028289795, 1.2210049629211426, -1.202214241027832, -0.8217546939849854, 0.8117471933364868, -1.5086356401443481, -0.12765291333198547, 1.781925916671753], [-0.21456082165241241, 0.6884371042251587, 1.4875686168670654, -0.14121463894844055, -2.732461929321289, 0.10386833548545837, 2.0400230884552, 0.4328339099884033, 4.33954381942749, 1.421993613243103, 1.019140601158142, -1.270850658416748, -1.8682278394699097, 1.9023938179016113, 2.426694393157959, 2.0607948303222656, 2.641488790512085, 2.739633560180664, -0.9957688450813293, 1.579797625541687, 0.6565749645233154], [2.467484712600708, 3.524061918258667, -0.1039714440703392, -0.5470522046089172, -6.252357482910156, -3.019054889678955, 2.706852674484253, -0.5724654197692871, 1.421993613243103, 3.053260326385498, 0.9432933926582336, 0.7529648542404175, -0.16516312956809998, 0.7071236968040466, 2.136248826980591, 2.015740394592285, 1.2837592363357544, -1.6300616264343262, -0.7917976379394531, 1.1182667016983032, -1.4105974435806274], [0.6217907071113586, -0.09820500016212463, 0.3666820228099823, 0.7055047154426575, -2.118032455444336, -0.5859190821647644, 1.4643374681472778, 0.5892592668533325, 1.019140601158142, 0.9432933926582336, 0.8906980156898499, 0.8936097621917725, 0.08917837589979172, 1.3351432085037231, 1.8649754524230957, 0.5247533321380615, -0.09138134866952896, -0.13934680819511414, -2.1846160888671875, 0.6135149002075195, -0.12644502520561218], [0.900210976600647, -0.3259676396846771, -0.8022175431251526, 1.3854422569274902, -2.2977592945098877, -1.2186379432678223, 1.0655688047409058, 0.9439361691474915, -1.270850658416748, 0.7529648542404175, 0.8936097621917725, 2.8162434101104736, 1.3951560258865356, 1.9107822179794312, 1.7682462930679321, -1.3431551456451416, -1.951767921447754, -2.180280923843384, -2.197242498397827, -0.3197017312049866, 0.670183539390564], [0.7917786240577698, -0.7039821743965149, -0.4411707818508148, 0.6763144731521606, 0.20168769359588623, -0.47969722747802734, -0.029429156333208084, 0.14210055768489838, -1.8682278394699097, -0.16516312956809998, 0.08917837589979172, 1.3951560258865356, 1.2856380939483643, -0.46779683232307434, -0.045215435326099396, -0.5039812922477722, -1.7819026708602905, -1.8182344436645508, -1.651985764503479, -0.3529891073703766, -1.1112629175186157], [-1.351789951324463, -0.5186727046966553, -0.36104413866996765, 1.4671968221664429, -2.6940345764160156, 0.1176845133304596, 1.262239933013916, 1.9814136028289795, 1.9023938179016113, 0.7071236968040466, 1.3351432085037231, 1.9107822179794312, -0.46779683232307434, 5.170864582061768, 3.129960536956787, -2.329272747039795, 0.10033117234706879, 1.1383732557296753, -0.14902596175670624, -0.14233624935150146, 5.077456474304199], [1.1599069833755493, 0.19897103309631348, 0.6732034087181091, 1.3229633569717407, -4.835299968719482, -1.3165982961654663, 3.1027779579162598, 1.2210049629211426, 2.426694393157959, 2.136248826980591, 1.8649754524230957, 1.7682462930679321, -0.045215435326099396, 3.129960536956787, 3.98275089263916, 0.974494993686676, 0.17003904283046722, -0.0981099009513855, -3.9267146587371826, 1.2641602754592896, 0.29154476523399353], [2.6179628372192383, 1.7636780738830566, 1.5582959651947021, -0.8691561222076416, -3.0154976844787598, -1.5765305757522583, 2.305105447769165, -1.202214241027832, 2.0607948303222656, 2.015740394592285, 0.5247533321380615, -1.3431551456451416, -0.5039812922477722, -2.329272747039795, 0.974494993686676, 4.585881233215332, 1.5997262001037598, -0.24182438850402832, -3.1175384521484375, 2.018521547317505, -5.183474063873291], [-0.0013589519076049328, 2.6996235847473145, 0.42063483595848083, -1.5246866941452026, -2.292158603668213, -0.6053699851036072, 0.7031710147857666, -0.8217546939849854, 2.641488790512085, 1.2837592363357544, -0.09138134866952896, -1.951767921447754, -1.7819026708602905, 0.10033117234706879, 0.17003904283046722, 1.5997262001037598, 3.002864360809326, 1.5955983400344849, 2.6372766494750977, 0.7840133309364319, 0.489348441362381], [-2.8173940181732178, -2.304471731185913, 1.308631181716919, 0.09353019297122955, 3.473970413208008, 3.006531238555908, -0.9570777416229248, 0.8117471933364868, 2.739633560180664, -1.6300616264343262, -0.13934680819511414, -2.180280923843384, -1.8182344436645508, 1.1383732557296753, -0.0981099009513855, -0.24182438850402832, 1.5955983400344849, 4.308931827545166, 0.9173460006713867, 0.250759094953537, 2.521846055984497], [-2.4555389881134033, 4.032234191894531, -2.331912040710449, -2.8859100341796875, 1.211159110069275, 0.1131228357553482, -3.3475024700164795, -1.5086356401443481, -0.9957688450813293, -0.7917976379394531, -2.1846160888671875, -2.197242498397827, -1.651985764503479, -0.14902596175670624, -3.9267146587371826, -3.1175384521484375, 2.6372766494750977, 0.9173460006713867, 11.169836044311523, -2.081666946411133, 5.427142143249512], [1.054949164390564, 0.5049313902854919, 0.8904861807823181, -0.026101073250174522, -1.9363940954208374, -0.6438625454902649, 1.5190715789794922, -0.12765291333198547, 1.579797625541687, 1.1182667016983032, 0.6135149002075195, -0.3197017312049866, -0.3529891073703766, -0.14233624935150146, 1.2641602754592896, 2.018521547317505, 0.7840133309364319, 0.250759094953537, -2.081666946411133, 1.1050643920898438, -1.801149606704712], [-4.01640510559082, -0.7909102439880371, -1.4395301342010498, 0.5970560908317566, 1.3436620235443115, 1.9314533472061157, -1.791569471359253, 1.781925916671753, 0.6565749645233154, -1.4105974435806274, -0.12644502520561218, 0.670183539390564, -1.1112629175186157, 5.077456474304199, 0.29154476523399353, -5.183474063873291, 0.489348441362381, 2.521846055984497, 5.427142143249512, -1.801149606704712, 8.789374351501465]], "type": "heatmap"}], "layout": {"template": {"data": {"histogram2dcontour": [{"type": "histogram2dcontour", "colorbar": {"outlinewidth": 0, "ticks": ""}, "colorscale": [[0.0, "#0d0887"], [0.1111111111111111, "#46039f"], [0.2222222222222222, "#7201a8"], [0.3333333333333333, "#9c179e"], [0.4444444444444444, "#bd3786"], [0.5555555555555556, "#d8576b"], [0.6666666666666666, "#ed7953"], [0.7777777777777778, "#fb9f3a"], [0.8888888888888888, "#fdca26"], [1.0, "#f0f921"]]}], "choropleth": [{"type": "choropleth", "colorbar": {"outlinewidth": 0, "ticks": ""}}], "histogram2d": [{"type": "histogram2d", "colorbar": {"outlinewidth": 0, "ticks": ""}, "colorscale": [[0.0, "#0d0887"], [0.1111111111111111, "#46039f"], [0.2222222222222222, "#7201a8"], [0.3333333333333333, "#9c179e"], [0.4444444444444444, "#bd3786"], [0.5555555555555556, "#d8576b"], [0.6666666666666666, "#ed7953"], [0.7777777777777778, "#fb9f3a"], [0.8888888888888888, "#fdca26"], [1.0, "#f0f921"]]}], "heatmap": [{"type": "heatmap", "colorbar": {"outlinewidth": 0, "ticks": ""}, "colorscale": [[0.0, "#0d0887"], [0.1111111111111111, "#46039f"], [0.2222222222222222, "#7201a8"], [0.3333333333333333, "#9c179e"], [0.4444444444444444, "#bd3786"], [0.5555555555555556, "#d8576b"], [0.6666666666666666, "#ed7953"], [0.7777777777777778, "#fb9f3a"], [0.8888888888888888, "#fdca26"], [1.0, "#f0f921"]]}], "heatmapgl": [{"type": "heatmapgl", "colorbar": {"outlinewidth": 0, "ticks": ""}, "colorscale": [[0.0, "#0d0887"], [0.1111111111111111, "#46039f"], [0.2222222222222222, "#7201a8"], [0.3333333333333333, "#9c179e"], [0.4444444444444444, "#bd3786"], [0.5555555555555556, "#d8576b"], [0.6666666666666666, "#ed7953"], [0.7777777777777778, "#fb9f3a"], [0.8888888888888888, "#fdca26"], [1.0, "#f0f921"]]}], "contourcarpet": [{"type": "contourcarpet", "colorbar": {"outlinewidth": 0, "ticks": ""}}], "contour": [{"type": "contour", "colorbar": {"outlinewidth": 0, "ticks": ""}, "colorscale": [[0.0, "#0d0887"], [0.1111111111111111, "#46039f"], [0.2222222222222222, "#7201a8"], [0.3333333333333333, "#9c179e"], [0.4444444444444444, "#bd3786"], [0.5555555555555556, "#d8576b"], [0.6666666666666666, "#ed7953"], [0.7777777777777778, "#fb9f3a"], [0.8888888888888888, "#fdca26"], [1.0, "#f0f921"]]}], "surface": [{"type": "surface", "colorbar": {"outlinewidth": 0, "ticks": ""}, "colorscale": [[0.0, "#0d0887"], [0.1111111111111111, "#46039f"], [0.2222222222222222, "#7201a8"], [0.3333333333333333, "#9c179e"], [0.4444444444444444, "#bd3786"], [0.5555555555555556, "#d8576b"], [0.6666666666666666, "#ed7953"], [0.7777777777777778, "#fb9f3a"], [0.8888888888888888, "#fdca26"], [1.0, "#f0f921"]]}], "mesh3d": [{"type": "mesh3d", "colorbar": {"outlinewidth": 0, "ticks": ""}}], "scatter": [{"fillpattern": {"fillmode": "overlay", "size": 10, "solidity": 0.2}, "type": "scatter"}], "parcoords": [{"type": "parcoords", "line": {"colorbar": {"outlinewidth": 0, "ticks": ""}}}], "scatterpolargl": [{"type": "scatterpolargl", "marker": {"colorbar": {"outlinewidth": 0, "ticks": ""}}}], "bar": [{"error_x": {"color": "#2a3f5f"}, "error_y": {"color": "#2a3f5f"}, "marker": {"line": {"color": "#E5ECF6", "width": 0.5}, "pattern": {"fillmode": "overlay", "size": 10, "solidity": 0.2}}, "type": "bar"}], "scattergeo": [{"type": "scattergeo", "marker": {"colorbar": {"outlinewidth": 0, "ticks": ""}}}], "scatterpolar": [{"type": "scatterpolar", "marker": {"colorbar": {"outlinewidth": 0, "ticks": ""}}}], "histogram": [{"marker": {"pattern": {"fillmode": "overlay", "size": 10, "solidity": 0.2}}, "type": "histogram"}], "scattergl": [{"type": "scattergl", "marker": {"colorbar": {"outlinewidth": 0, "ticks": ""}}}], "scatter3d": [{"type": "scatter3d", "line": {"colorbar": {"outlinewidth": 0, "ticks": ""}}, "marker": {"colorbar": {"outlinewidth": 0, "ticks": ""}}}], "scattermapbox": [{"type": "scattermapbox", "marker": {"colorbar": {"outlinewidth": 0, "ticks": ""}}}], "scatterternary": [{"type": "scatterternary", "marker": {"colorbar": {"outlinewidth": 0, "ticks": ""}}}], "scattercarpet": [{"type": "scattercarpet", "marker": {"colorbar": {"outlinewidth": 0, "ticks": ""}}}], "carpet": [{"aaxis": {"endlinecolor": "#2a3f5f", "gridcolor": "white", "linecolor": "white", "minorgridcolor": "white", "startlinecolor": "#2a3f5f"}, "baxis": {"endlinecolor": "#2a3f5f", "gridcolor": "white", "linecolor": "white", "minorgridcolor": "white", "startlinecolor": "#2a3f5f"}, "type": "carpet"}], "table": [{"cells": {"fill": {"color": "#EBF0F8"}, "line": {"color": "white"}}, "header": {"fill": {"color": "#C8D4E3"}, "line": {"color": "white"}}, "type": "table"}], "barpolar": [{"marker": {"line": {"color": "#E5ECF6", "width": 0.5}, "pattern": {"fillmode": "overlay", "size": 10, "solidity": 0.2}}, "type": "barpolar"}], "pie": [{"automargin": true, "type": "pie"}]}, "layout": {"autotypenumbers": "strict", "colorway": ["#636efa", "#EF553B", "#00cc96", "#ab63fa", "#FFA15A", "#19d3f3", "#FF6692", "#B6E880", "#FF97FF", "#FECB52"], "font": {"color": "#2a3f5f"}, "hovermode": "closest", "hoverlabel": {"align": "left"}, "paper_bgcolor": "white", "plot_bgcolor": "#E5ECF6", "polar": {"bgcolor": "#E5ECF6", "angularaxis": {"gridcolor": "white", "linecolor": "white", "ticks": ""}, "radialaxis": {"gridcolor": "white", "linecolor": "white", "ticks": ""}}, "ternary": {"bgcolor": "#E5ECF6", "aaxis": {"gridcolor": "white", "linecolor": "white", "ticks": ""}, "baxis": {"gridcolor": "white", "linecolor": "white", "ticks": ""}, "caxis": {"gridcolor": "white", "linecolor": "white", "ticks": ""}}, "coloraxis": {"colorbar": {"outlinewidth": 0, "ticks": ""}}, "colorscale": {"sequential": [[0.0, "#0d0887"], [0.1111111111111111, "#46039f"], [0.2222222222222222, "#7201a8"], [0.3333333333333333, "#9c179e"], [0.4444444444444444, "#bd3786"], [0.5555555555555556, "#d8576b"], [0.6666666666666666, "#ed7953"], [0.7777777777777778, "#fb9f3a"], [0.8888888888888888, "#fdca26"], [1.0, "#f0f921"]], "sequentialminus": [[0.0, "#0d0887"], [0.1111111111111111, "#46039f"], [0.2222222222222222, "#7201a8"], [0.3333333333333333, "#9c179e"], [0.4444444444444444, "#bd3786"], [0.5555555555555556, "#d8576b"], [0.6666666666666666, "#ed7953"], [0.7777777777777778, "#fb9f3a"], [0.8888888888888888, "#fdca26"], [1.0, "#f0f921"]], "diverging": [[0, "#8e0152"], [0.1, "#c51b7d"], [0.2, "#de77ae"], [0.3, "#f1b6da"], [0.4, "#fde0ef"], [0.5, "#f7f7f7"], [0.6, "#e6f5d0"], [0.7, "#b8e186"], [0.8, "#7fbc41"], [0.9, "#4d9221"], [1, "#276419"]]}, "xaxis": {"gridcolor": "white", "linecolor": "white", "ticks": "", "title": {"standoff": 15}, "zerolinecolor": "white", "automargin": true, "zerolinewidth": 2}, "yaxis": {"gridcolor": "white", "linecolor": "white", "ticks": "", "title": {"standoff": 15}, "zerolinecolor": "white", "automargin": true, "zerolinewidth": 2}, "scene": {"xaxis": {"backgroundcolor": "#E5ECF6", "gridcolor": "white", "linecolor": "white", "showbackground": true, "ticks": "", "zerolinecolor": "white", "gridwidth": 2}, "yaxis": {"backgroundcolor": "#E5ECF6", "gridcolor": "white", "linecolor": "white", "showbackground": true, "ticks": "", "zerolinecolor": "white", "gridwidth": 2}, "zaxis": {"backgroundcolor": "#E5ECF6", "gridcolor": "white", "linecolor": "white", "showbackground": true, "ticks": "", "zerolinecolor": "white", "gridwidth": 2}}, "shapedefaults": {"line": {"color": "#2a3f5f"}}, "annotationdefaults": {"arrowcolor": "#2a3f5f", "arrowhead": 0, "arrowwidth": 1}, "geo": {"bgcolor": "white", "landcolor": "#E5ECF6", "subunitcolor": "white", "showland": true, "showlakes": true, "lakecolor": "white"}, "title": {"x": 0.05}, "mapbox": {"style": "light"}}}}}