{"data": [{"z": [[3.6100497245788574, 2.743816375732422, 0.16726991534233093, 0.002795420354232192, -4.793302059173584, -2.717329978942871, 2.585134506225586, -0.6425797343254089, -0.12768606841564178, 2.8207218647003174, 1.0793360471725464, 1.1340234279632568, 1.0505753755569458, -1.2793575525283813, 1.4700058698654175, 2.836564779281616, -0.018219178542494774, -2.8131558895111084, -2.748525619506836, 1.478779673576355, -4.312259197235107], [2.743816375732422, 6.505532264709473, -1.095024585723877, -2.318114757537842, -7.453197956085205, -4.288896083831787, 1.966413974761963, -1.9847825765609741, 0.7921608090400696, 3.6431572437286377, 0.09803863614797592, -0.29003381729125977, -0.6442970633506775, -0.558291494846344, 0.44586172699928284, 2.072669506072998, 2.4379022121429443, -2.5027682781219482, 3.2879507541656494, 0.6641819477081299, -1.2424142360687256], [0.16726991534233093, -1.095024585723877, 1.2930537462234497, 0.4734148681163788, 0.6653990149497986, 0.9420109987258911, 0.7383605241775513, 0.373471200466156, 1.4997063875198364, 0.040316659957170486, 0.5291595458984375, -0.6874721050262451, -0.32853198051452637, -0.31604403257369995, 0.763570249080658, 1.5842063426971436, 0.49257904291152954, 1.3612066507339478, -2.282393455505371, 1.050769329071045, -1.4689366817474365], [0.002795420354232192, -2.318114757537842, 0.4734148681163788, 1.883665919303894, 0.5261992812156677, 0.8820409774780273, 0.7540010213851929, 1.4999842643737793, -0.01680142991244793, -0.23808056116104126, 1.0119022130966187, 1.6509511470794678, 0.8790038228034973, 1.5313866138458252, 1.6894261837005615, -0.5989320874214172, -1.4743434190750122, 0.0909082442522049, -3.400541305541992, 0.3084467053413391, 0.22968052327632904], [-4.793302059173584, -7.453197956085205, 0.6653990149497986, 0.5261992812156677, 13.214437484741211, 5.923152446746826, -5.577133655548096, 0.4630100429058075, -2.6989920139312744, -6.519697666168213, -2.4668469429016113, -2.349430561065674, 0.024866050109267235, -2.700505018234253, -4.826547622680664, -3.023090124130249, -2.3432352542877197, 3.4551761150360107, 0.7698097825050354, -2.2307546138763428, 1.321959137916565], [-2.717329978942871, -4.288896083831787, 0.9420109987258911, 0.8820409774780273, 5.923152446746826, 3.4452383518218994, -1.9255410432815552, 1.0041892528533936, 0.24390311539173126, -2.9149580001831055, -0.5325999855995178, -1.0535588264465332, -0.43074241280555725, 0.13711094856262207, -0.979439914226532, -1.2848721742630005, -0.666067361831665, 2.9186837673187256, -0.7343972325325012, -0.5422476530075073, 1.5095477104187012], [2.585134506225586, 1.966413974761963, 0.7383605241775513, 0.7540010213851929, -5.577133655548096, -1.9255410432815552, 3.4264097213745117, 0.5001158714294434, 2.0861518383026123, 3.052286386489868, 1.8800362348556519, 1.2834306955337524, 0.22156670689582825, 1.3310776948928833, 3.3210763931274414, 2.4349899291992188, 0.7812784910202026, -0.9041470289230347, -3.3454649448394775, 1.9131135940551758, -1.9532610177993774], [-0.6425797343254089, -1.9847825765609741, 0.373471200466156, 1.4999842643737793, 0.4630100429058075, 1.0041892528533936, 0.5001158714294434, 1.4208990335464478, 0.5559518933296204, -0.33545130491256714, 0.8137055039405823, 1.1614843606948853, 0.290963739156723, 2.023242712020874, 1.5597933530807495, -0.9309940338134766, -0.8165475130081177, 0.7755158543586731, -2.1027133464813232, 0.12726491689682007, 1.4052339792251587], [-0.12768606841564178, 0.7921608090400696, 1.4997063875198364, -0.01680142991244793, -2.6989920139312744, 0.24390311539173126, 2.0861518383026123, 0.5559518933296204, 4.33270263671875, 1.5246059894561768, 1.1489953994750977, -1.2024567127227783, -1.7826969623565674, 1.9299256801605225, 2.4630212783813477, 2.0582685470581055, 2.6841940879821777, 2.7752978801727295, -0.8881319761276245, 1.6969172954559326, 0.663550078868866], [2.8207218647003174, 3.6431572437286377, 0.040316659957170486, -0.23808056116104126, -6.519697666168213, -2.9149580001831055, 3.052286386489868, -0.33545130491256714, 1.5246059894561768, 3.397829055786133, 1.341726303100586, 0.9480438828468323, 0.04973302781581879, 0.7311948537826538, 2.4510297775268555, 2.3058063983917236, 1.2378625869750977, -1.7045522928237915, -1.2125877141952515, 1.4991466999053955, -1.8032146692276], [1.0793360471725464, 0.09803863614797592, 0.5291595458984375, 1.0119022130966187, -2.4668469429016113, -0.5325999855995178, 1.8800362348556519, 0.8137055039405823, 1.1489953994750977, 1.341726303100586, 1.2536932229995728, 1.1341079473495483, 0.30270737409591675, 1.3563342094421387, 2.2285430431365967, 0.8643876314163208, -0.038419850170612335, -0.21191784739494324, -2.642076253890991, 1.0029782056808472, -0.5698179006576538], [1.1340234279632568, -0.29003381729125977, -0.6874721050262451, 1.6509511470794678, -2.349430561065674, -1.0535588264465332, 1.2834306955337524, 1.1614843606948853, -1.2024567127227783, 0.9480438828468323, 1.1341079473495483, 2.995319366455078, 1.5502833127975464, 1.9745601415634155, 1.990566611289978, -1.2118709087371826, -1.9255315065383911, -2.142072916030884, -2.4546165466308594, -0.07736239582300186, 0.489902526140213], [1.0505753755569458, -0.6442970633506775, -0.32853198051452637, 0.8790038228034973, 0.024866050109267235, -0.43074241280555725, 0.22156670689582825, 0.290963739156723, -1.7826969623565674, 0.04973302781581879, 0.30270737409591675, 1.5502833127975464, 1.412990689277649, -0.43707990646362305, 0.19110552966594696, -0.3082084059715271, -1.765762209892273, -1.8429887294769287, -1.9888757467269897, -0.1259760856628418, -1.371960163116455], [-1.2793575525283813, -0.558291494846344, -0.31604403257369995, 1.5313866138458252, -2.700505018234253, 0.13711094856262207, 1.3310776948928833, 2.023242712020874, 1.9299256801605225, 0.7311948537826538, 1.3563342094421387, 1.9745601415634155, -0.43707990646362305, 5.190697193145752, 3.2082669734954834, -2.2879583835601807, 0.11639446765184402, 1.1572074890136719, -0.3057249188423157, -0.10473346710205078, 5.014106273651123], [1.4700058698654175, 0.44586172699928284, 0.763570249080658, 1.6894261837005615, -4.826547622680664, -0.979439914226532, 3.3210763931274414, 1.5597933530807495, 2.4630212783813477, 2.4510297775268555, 2.2285430431365967, 1.990566611289978, 0.19110552966594696, 3.2082669734954834, 4.1748738288879395, 1.0601445436477661, 0.2969377934932709, -0.008166939951479435, -3.85381817817688, 1.6208549737930298, 0.19266550242900848], [2.836564779281616, 2.072669506072998, 1.5842063426971436, -0.5989320874214172, -3.023090124130249, -1.2848721742630005, 2.4349899291992188, -0.9309940338134766, 2.0582685470581055, 2.3058063983917236, 0.8643876314163208, -1.2118709087371826, -0.3082084059715271, -2.2879583835601807, 1.0601445436477661, 4.628442764282227, 1.6945148706436157, -0.19610166549682617, -2.8424811363220215, 2.3272063732147217, -5.215672016143799], [-0.018219178542494774, 2.4379022121429443, 0.49257904291152954, -1.4743434190750122, -2.3432352542877197, -0.666067361831665, 0.7812784910202026, -0.8165475130081177, 2.6841940879821777, 1.2378625869750977, -0.038419850170612335, -1.9255315065383911, -1.765762209892273, 0.11639446765184402, 0.2969377934932709, 1.6945148706436157, 2.8089404106140137, 1.5362818241119385, 2.147465944290161, 0.8018826246261597, 0.31548187136650085], [-2.8131558895111084, -2.5027682781219482, 1.3612066507339478, 0.0909082442522049, 3.4551761150360107, 2.9186837673187256, -0.9041470289230347, 0.7755158543586731, 2.7752978801727295, -1.7045522928237915, -0.21191784739494324, -2.142072916030884, -1.8429887294769287, 1.1572074890136719, -0.008166939951479435, -0.19610166549682617, 1.5362818241119385, 4.298593044281006, 0.5547459721565247, 0.191830113530159, 2.430433988571167], [-2.748525619506836, 3.2879507541656494, -2.282393455505371, -3.400541305541992, 0.7698097825050354, -0.7343972325325012, -3.3454649448394775, -2.1027133464813232, -0.8881319761276245, -1.2125877141952515, -2.642076253890991, -2.4546165466308594, -1.9888757467269897, -0.3057249188423157, -3.85381817817688, -2.8424811363220215, 2.147465944290161, 0.5547459721565247, 9.863805770874023, -2.526370048522949, 4.972644805908203], [1.478779673576355, 0.6641819477081299, 1.050769329071045, 0.3084467053413391, -2.2307546138763428, -0.5422476530075073, 1.9131135940551758, 0.12726491689682007, 1.6969172954559326, 1.4991466999053955, 1.0029782056808472, -0.07736239582300186, -0.1259760856628418, -0.10473346710205078, 1.6208549737930298, 2.3272063732147217, 0.8018826246261597, 0.191830113530159, -2.526370048522949, 1.5000640153884888, -2.2128896713256836], [-4.312259197235107, -1.2424142360687256, -1.4689366817474365, 0.22968052327632904, 1.321959137916565, 1.5095477104187012, -1.9532610177993774, 1.4052339792251587, 0.663550078868866, -1.8032146692276, -0.5698179006576538, 0.489902526140213, -1.371960163116455, 5.014106273651123, 0.19266550242900848, -5.215672016143799, 0.31548187136650085, 2.430433988571167, 4.972644805908203, -2.2128896713256836, 8.789374351501465]], "type": "heatmap"}], "layout": {"template": {"data": {"histogram2dcontour": [{"type": "histogram2dcontour", "colorbar": {"outlinewidth": 0, "ticks": ""}, "colorscale": [[0.0, "#0d0887"], [0.1111111111111111, "#46039f"], [0.2222222222222222, "#7201a8"], [0.3333333333333333, "#9c179e"], [0.4444444444444444, "#bd3786"], [0.5555555555555556, "#d8576b"], [0.6666666666666666, "#ed7953"], [0.7777777777777778, "#fb9f3a"], [0.8888888888888888, "#fdca26"], [1.0, "#f0f921"]]}], "choropleth": [{"type": "choropleth", "colorbar": {"outlinewidth": 0, "ticks": ""}}], "histogram2d": [{"type": "histogram2d", "colorbar": {"outlinewidth": 0, "ticks": ""}, "colorscale": [[0.0, "#0d0887"], [0.1111111111111111, "#46039f"], [0.2222222222222222, "#7201a8"], [0.3333333333333333, "#9c179e"], [0.4444444444444444, "#bd3786"], [0.5555555555555556, "#d8576b"], [0.6666666666666666, "#ed7953"], [0.7777777777777778, "#fb9f3a"], [0.8888888888888888, "#fdca26"], [1.0, "#f0f921"]]}], "heatmap": [{"type": "heatmap", "colorbar": {"outlinewidth": 0, "ticks": ""}, "colorscale": [[0.0, "#0d0887"], [0.1111111111111111, "#46039f"], [0.2222222222222222, "#7201a8"], [0.3333333333333333, "#9c179e"], [0.4444444444444444, "#bd3786"], [0.5555555555555556, "#d8576b"], [0.6666666666666666, "#ed7953"], [0.7777777777777778, "#fb9f3a"], [0.8888888888888888, "#fdca26"], [1.0, "#f0f921"]]}], "heatmapgl": [{"type": "heatmapgl", "colorbar": {"outlinewidth": 0, "ticks": ""}, "colorscale": [[0.0, "#0d0887"], [0.1111111111111111, "#46039f"], [0.2222222222222222, "#7201a8"], [0.3333333333333333, "#9c179e"], [0.4444444444444444, "#bd3786"], [0.5555555555555556, "#d8576b"], [0.6666666666666666, "#ed7953"], [0.7777777777777778, "#fb9f3a"], [0.8888888888888888, "#fdca26"], [1.0, "#f0f921"]]}], "contourcarpet": [{"type": "contourcarpet", "colorbar": {"outlinewidth": 0, "ticks": ""}}], "contour": [{"type": "contour", "colorbar": {"outlinewidth": 0, "ticks": ""}, "colorscale": [[0.0, "#0d0887"], [0.1111111111111111, "#46039f"], [0.2222222222222222, "#7201a8"], [0.3333333333333333, "#9c179e"], [0.4444444444444444, "#bd3786"], [0.5555555555555556, "#d8576b"], [0.6666666666666666, "#ed7953"], [0.7777777777777778, "#fb9f3a"], [0.8888888888888888, "#fdca26"], [1.0, "#f0f921"]]}], "surface": [{"type": "surface", "colorbar": {"outlinewidth": 0, "ticks": ""}, "colorscale": [[0.0, "#0d0887"], [0.1111111111111111, "#46039f"], [0.2222222222222222, "#7201a8"], [0.3333333333333333, "#9c179e"], [0.4444444444444444, "#bd3786"], [0.5555555555555556, "#d8576b"], [0.6666666666666666, "#ed7953"], [0.7777777777777778, "#fb9f3a"], [0.8888888888888888, "#fdca26"], [1.0, "#f0f921"]]}], "mesh3d": [{"type": "mesh3d", "colorbar": {"outlinewidth": 0, "ticks": ""}}], "scatter": [{"fillpattern": {"fillmode": "overlay", "size": 10, "solidity": 0.2}, "type": "scatter"}], "parcoords": [{"type": "parcoords", "line": {"colorbar": {"outlinewidth": 0, "ticks": ""}}}], "scatterpolargl": [{"type": "scatterpolargl", "marker": {"colorbar": {"outlinewidth": 0, "ticks": ""}}}], "bar": [{"error_x": {"color": "#2a3f5f"}, "error_y": {"color": "#2a3f5f"}, "marker": {"line": {"color": "#E5ECF6", "width": 0.5}, "pattern": {"fillmode": "overlay", "size": 10, "solidity": 0.2}}, "type": "bar"}], "scattergeo": [{"type": "scattergeo", "marker": {"colorbar": {"outlinewidth": 0, "ticks": ""}}}], "scatterpolar": [{"type": "scatterpolar", "marker": {"colorbar": {"outlinewidth": 0, "ticks": ""}}}], "histogram": [{"marker": {"pattern": {"fillmode": "overlay", "size": 10, "solidity": 0.2}}, "type": "histogram"}], "scattergl": [{"type": "scattergl", "marker": {"colorbar": {"outlinewidth": 0, "ticks": ""}}}], "scatter3d": [{"type": "scatter3d", "line": {"colorbar": {"outlinewidth": 0, "ticks": ""}}, "marker": {"colorbar": {"outlinewidth": 0, "ticks": ""}}}], "scattermapbox": [{"type": "scattermapbox", "marker": {"colorbar": {"outlinewidth": 0, "ticks": ""}}}], "scatterternary": [{"type": "scatterternary", "marker": {"colorbar": {"outlinewidth": 0, "ticks": ""}}}], "scattercarpet": [{"type": "scattercarpet", "marker": {"colorbar": {"outlinewidth": 0, "ticks": ""}}}], "carpet": [{"aaxis": {"endlinecolor": "#2a3f5f", "gridcolor": "white", "linecolor": "white", "minorgridcolor": "white", "startlinecolor": "#2a3f5f"}, "baxis": {"endlinecolor": "#2a3f5f", "gridcolor": "white", "linecolor": "white", "minorgridcolor": "white", "startlinecolor": "#2a3f5f"}, "type": "carpet"}], "table": [{"cells": {"fill": {"color": "#EBF0F8"}, "line": {"color": "white"}}, "header": {"fill": {"color": "#C8D4E3"}, "line": {"color": "white"}}, "type": "table"}], "barpolar": [{"marker": {"line": {"color": "#E5ECF6", "width": 0.5}, "pattern": {"fillmode": "overlay", "size": 10, "solidity": 0.2}}, "type": "barpolar"}], "pie": [{"automargin": true, "type": "pie"}]}, "layout": {"autotypenumbers": "strict", "colorway": ["#636efa", "#EF553B", "#00cc96", "#ab63fa", "#FFA15A", "#19d3f3", "#FF6692", "#B6E880", "#FF97FF", "#FECB52"], "font": {"color": "#2a3f5f"}, "hovermode": "closest", "hoverlabel": {"align": "left"}, "paper_bgcolor": "white", "plot_bgcolor": "#E5ECF6", "polar": {"bgcolor": "#E5ECF6", "angularaxis": {"gridcolor": "white", "linecolor": "white", "ticks": ""}, "radialaxis": {"gridcolor": "white", "linecolor": "white", "ticks": ""}}, "ternary": {"bgcolor": "#E5ECF6", "aaxis": {"gridcolor": "white", "linecolor": "white", "ticks": ""}, "baxis": {"gridcolor": "white", "linecolor": "white", "ticks": ""}, "caxis": {"gridcolor": "white", "linecolor": "white", "ticks": ""}}, "coloraxis": {"colorbar": {"outlinewidth": 0, "ticks": ""}}, "colorscale": {"sequential": [[0.0, "#0d0887"], [0.1111111111111111, "#46039f"], [0.2222222222222222, "#7201a8"], [0.3333333333333333, "#9c179e"], [0.4444444444444444, "#bd3786"], [0.5555555555555556, "#d8576b"], [0.6666666666666666, "#ed7953"], [0.7777777777777778, "#fb9f3a"], [0.8888888888888888, "#fdca26"], [1.0, "#f0f921"]], "sequentialminus": [[0.0, "#0d0887"], [0.1111111111111111, "#46039f"], [0.2222222222222222, "#7201a8"], [0.3333333333333333, "#9c179e"], [0.4444444444444444, "#bd3786"], [0.5555555555555556, "#d8576b"], [0.6666666666666666, "#ed7953"], [0.7777777777777778, "#fb9f3a"], [0.8888888888888888, "#fdca26"], [1.0, "#f0f921"]], "diverging": [[0, "#8e0152"], [0.1, "#c51b7d"], [0.2, "#de77ae"], [0.3, "#f1b6da"], [0.4, "#fde0ef"], [0.5, "#f7f7f7"], [0.6, "#e6f5d0"], [0.7, "#b8e186"], [0.8, "#7fbc41"], [0.9, "#4d9221"], [1, "#276419"]]}, "xaxis": {"gridcolor": "white", "linecolor": "white", "ticks": "", "title": {"standoff": 15}, "zerolinecolor": "white", "automargin": true, "zerolinewidth": 2}, "yaxis": {"gridcolor": "white", "linecolor": "white", "ticks": "", "title": {"standoff": 15}, "zerolinecolor": "white", "automargin": true, "zerolinewidth": 2}, "scene": {"xaxis": {"backgroundcolor": "#E5ECF6", "gridcolor": "white", "linecolor": "white", "showbackground": true, "ticks": "", "zerolinecolor": "white", "gridwidth": 2}, "yaxis": {"backgroundcolor": "#E5ECF6", "gridcolor": "white", "linecolor": "white", "showbackground": true, "ticks": "", "zerolinecolor": "white", "gridwidth": 2}, "zaxis": {"backgroundcolor": "#E5ECF6", "gridcolor": "white", "linecolor": "white", "showbackground": true, "ticks": "", "zerolinecolor": "white", "gridwidth": 2}}, "shapedefaults": {"line": {"color": "#2a3f5f"}}, "annotationdefaults": {"arrowcolor": "#2a3f5f", "arrowhead": 0, "arrowwidth": 1}, "geo": {"bgcolor": "white", "landcolor": "#E5ECF6", "subunitcolor": "white", "showland": true, "showlakes": true, "lakecolor": "white"}, "title": {"x": 0.05}, "mapbox": {"style": "light"}}}}}