{"data": [{"z": [[3.337108612060547, 2.6205344200134277, 0.062442630529403687, -0.2937670946121216, -4.67968225479126, -2.9018540382385254, 2.3596365451812744, -0.889183521270752, -0.19363325834274292, 2.5572848320007324, 0.7799844741821289, 0.9539317488670349, 0.8446463942527771, -1.3288946151733398, 1.2429113388061523, 2.673521041870117, -0.021058334037661552, -2.8109185695648193, -2.563887119293213, 1.1747766733169556, -4.091376304626465], [2.6205344200134277, 6.564682483673096, -1.1683733463287354, -2.394768476486206, -7.188870429992676, -4.192981719970703, 1.7812695503234863, -1.9938132762908936, 0.7115476727485657, 3.5189361572265625, -0.04925989359617233, -0.30647730827331543, -0.6840171813964844, -0.5231591463088989, 0.2711288034915924, 1.8594582080841064, 2.5962202548980713, -2.3562827110290527, 3.7770473957061768, 0.5254673957824707, -0.9252070188522339], [0.062442630529403687, -1.1683733463287354, 1.2601515054702759, 0.3502691388130188, 0.6479275226593018, 0.8304053544998169, 0.6752112507820129, 0.256492555141449, 1.4903780221939087, -0.052814241498708725, 0.42780524492263794, -0.7775716781616211, -0.4188430607318878, -0.3512621521949768, 0.6968235373497009, 1.562077522277832, 0.4429398775100708, 1.320494294166565, -2.318345546722412, 0.9439077973365784, -1.4461008310317993], [-0.2937670946121216, -2.394768476486206, 0.3502691388130188, 1.6683076620101929, 0.6972556114196777, 0.8313886523246765, 0.4909285306930542, 1.3345857858657837, -0.10130979865789413, -0.46415314078330994, 0.804986298084259, 1.4552515745162964, 0.7243620753288269, 1.489890694618225, 1.4356058835983276, -0.8025668859481812, -1.5258231163024902, 0.09767039120197296, -3.0813710689544678, 0.07599947601556778, 0.4937911927700043], [-4.67968225479126, -7.188870429992676, 0.6479275226593018, 0.6972556114196777, 13.21961498260498, 6.149648189544678, -5.560060024261475, 0.6385094523429871, -2.716599941253662, -6.329275608062744, -2.263251781463623, -2.3047916889190674, 0.1683216691017151, -2.6932406425476074, -4.8288493156433105, -3.0264923572540283, -2.29718279838562, 3.468261957168579, 1.1053062677383423, -2.028048515319824, 1.3417091369628906], [-2.9018540382385254, -4.192981719970703, 0.8304053544998169, 0.8313886523246765, 6.149648189544678, 3.5985512733459473, -2.1561672687530518, 1.00875723361969, 0.15094949305057526, -3.0036568641662598, -0.5880646705627441, -1.1625028848648071, -0.4572186768054962, 0.13226383924484253, -1.2029651403427124, -1.5000272989273071, -0.6416878700256348, 2.9851009845733643, -0.1853811889886856, -0.6183407306671143, 1.8050775527954102], [2.3596365451812744, 1.7812695503234863, 0.6752112507820129, 0.4909285306930542, -5.560060024261475, -2.1561672687530518, 3.285245895385742, 0.25774821639060974, 2.059415102005005, 2.823425054550171, 1.6300259828567505, 1.12234365940094, 0.02696680836379528, 1.2786415815353394, 3.181762456893921, 2.359814167022705, 0.713509202003479, -0.9499397873878479, -3.41257643699646, 1.6544784307479858, -1.8640124797821045], [-0.889183521270752, -1.9938132762908936, 0.256492555141449, 1.3345857858657837, 0.6385094523429871, 1.00875723361969, 0.25774821639060974, 1.3078274726867676, 0.4719143509864807, -0.5088971853256226, 0.6531926989555359, 1.000773310661316, 0.17796581983566284, 1.9937926530838013, 1.3224016427993774, -1.1301240921020508, -0.8296161890029907, 0.801574170589447, -1.710871934890747, -0.053401581943035126, 1.672563910484314], [-0.19363325834274292, 0.7115476727485657, 1.4903780221939087, -0.10130979865789413, -2.716599941253662, 0.15094949305057526, 2.059415102005005, 0.4719143509864807, 4.3352131843566895, 1.4530192613601685, 1.0722682476043701, -1.2535768747329712, -1.8490577936172485, 1.911013126373291, 2.4375112056732178, 2.056028366088867, 2.6484127044677734, 2.750218152999878, -0.976631760597229, 1.6180225610733032, 0.6606902480125427], [2.5572848320007324, 3.5189361572265625, -0.052814241498708725, -0.46415314078330994, -6.329275608062744, -3.0036568641662598, 2.823425054550171, -0.5088971853256226, 1.4530192613601685, 3.1451869010925293, 1.0837657451629639, 0.8076042532920837, -0.11420967429876328, 0.7149927616119385, 2.2376210689544678, 2.1112658977508545, 1.2493454217910767, -1.6539514064788818, -0.9767501354217529, 1.2307744026184082, -1.540934443473816], [0.7799844741821289, -0.04925989359617233, 0.42780524492263794, 0.804986298084259, -2.263251781463623, -0.5880646705627441, 1.6300259828567505, 0.6531926989555359, 1.0722682476043701, 1.0837657451629639, 1.0267642736434937, 0.9653866291046143, 0.14385534822940826, 1.3350436687469482, 2.002410411834717, 0.6587650179862976, -0.08817704021930695, -0.17962594330310822, -2.413093090057373, 0.750404417514801, -0.30705323815345764], [0.9539317488670349, -0.30647730827331543, -0.7775716781616211, 1.4552515745162964, -2.3047916889190674, -1.1625028848648071, 1.12234365940094, 1.000773310661316, -1.2535768747329712, 0.8076042532920837, 0.9653866291046143, 2.849426031112671, 1.422146201133728, 1.9241197109222412, 1.8164118528366089, -1.318284511566162, -1.9394882917404175, -2.167699098587036, -2.250115394592285, -0.2525332272052765, 0.6352871060371399], [0.8446463942527771, -0.6840171813964844, -0.4188430607318878, 0.7243620753288269, 0.1683216691017151, -0.4572186768054962, 0.02696680836379528, 0.17796581983566284, -1.8490577936172485, -0.11420967429876328, 0.14385534822940826, 1.422146201133728, 1.3058373928070068, -0.4611404538154602, 0.0022676284424960613, -0.4674636125564575, -1.7737618684768677, -1.8199882507324219, -1.7163859605789185, -0.2988591492176056, -1.1596324443817139], [-1.3288946151733398, -0.5231591463088989, -0.3512621521949768, 1.489890694618225, -2.6932406425476074, 0.13226383924484253, 1.2786415815353394, 1.9937926530838013, 1.911013126373291, 0.7149927616119385, 1.3350436687469482, 1.9241197109222412, -0.4611404538154602, 5.173097133636475, 3.1482596397399902, -2.3226280212402344, 0.1080925241112709, 1.143117070198059, -0.18856841325759888, -0.13106510043144226, 5.062649250030518], [1.2429113388061523, 0.2711288034915924, 0.6968235373497009, 1.4356058835983276, -4.8288493156433105, -1.2029651403427124, 3.181762456893921, 1.3224016427993774, 2.4375112056732178, 2.2376210689544678, 2.002410411834717, 1.8164118528366089, 0.0022676284424960613, 3.1482596397399902, 4.035497188568115, 0.9941046833992004, 0.2036077082157135, -0.07306516170501709, -3.924436569213867, 1.3811599016189575, 0.2652437090873718], [2.673521041870117, 1.8594582080841064, 1.562077522277832, -0.8025668859481812, -3.0264923572540283, -1.5000272989273071, 2.359814167022705, -1.1301240921020508, 2.056028366088867, 2.1112658977508545, 0.6587650179862976, -1.318284511566162, -0.4674636125564575, -2.3226280212402344, 0.9941046833992004, 4.601272106170654, 1.626222014427185, -0.23379093408584595, -3.0432896614074707, 2.117007255554199, -5.193990707397461], [-0.021058334037661552, 2.5962202548980713, 0.4429398775100708, -1.5258231163024902, -2.29718279838562, -0.6416878700256348, 0.713509202003479, -0.8296161890029907, 2.6484127044677734, 1.2493454217910767, -0.08817704021930695, -1.9394882917404175, -1.7737618684768677, 0.1080925241112709, 0.2036077082157135, 1.626222014427185, 2.9346132278442383, 1.579885721206665, 2.4882726669311523, 0.7721765041351318, 0.4418129622936249], [-2.8109185695648193, -2.3562827110290527, 1.320494294166565, 0.09767039120197296, 3.468261957168579, 2.9851009845733643, -0.9499397873878479, 0.801574170589447, 2.750218152999878, -1.6539514064788818, -0.17962594330310822, -2.167699098587036, -1.8199882507324219, 1.143117070198059, -0.07306516170501709, -0.23379093408584595, 1.579885721206665, 4.3033318519592285, 0.819758951663971, 0.22784166038036346, 2.497641086578369], [-2.563887119293213, 3.7770473957061768, -2.318345546722412, -3.0813710689544678, 1.1053062677383423, -0.1853811889886856, -3.41257643699646, -1.710871934890747, -0.976631760597229, -0.9767501354217529, -2.413093090057373, -2.250115394592285, -1.7163859605789185, -0.18856841325759888, -3.924436569213867, -3.0432896614074707, 2.4882726669311523, 0.819758951663971, 10.842329025268555, -2.2734856605529785, 5.3124098777771], [1.1747766733169556, 0.5254673957824707, 0.9439077973365784, 0.07599947601556778, -2.028048515319824, -0.6183407306671143, 1.6544784307479858, -0.053401581943035126, 1.6180225610733032, 1.2307744026184082, 0.750404417514801, -0.2525332272052765, -0.2988591492176056, -0.13106510043144226, 1.3811599016189575, 2.117007255554199, 0.7721765041351318, 0.22784166038036346, -2.2734856605529785, 1.2275010347366333, -1.9380189180374146], [-4.091376304626465, -0.9252070188522339, -1.4461008310317993, 0.4937911927700043, 1.3417091369628906, 1.8050775527954102, -1.8640124797821045, 1.672563910484314, 0.6606902480125427, -1.540934443473816, -0.30705323815345764, 0.6352871060371399, -1.1596324443817139, 5.062649250030518, 0.2652437090873718, -5.193990707397461, 0.4418129622936249, 2.497641086578369, 5.3124098777771, -1.9380189180374146, 8.789374351501465]], "type": "heatmap"}], "layout": {"template": {"data": {"histogram2dcontour": [{"type": "histogram2dcontour", "colorbar": {"outlinewidth": 0, "ticks": ""}, "colorscale": [[0.0, "#0d0887"], [0.1111111111111111, "#46039f"], [0.2222222222222222, "#7201a8"], [0.3333333333333333, "#9c179e"], [0.4444444444444444, "#bd3786"], [0.5555555555555556, "#d8576b"], [0.6666666666666666, "#ed7953"], [0.7777777777777778, "#fb9f3a"], [0.8888888888888888, "#fdca26"], [1.0, "#f0f921"]]}], "choropleth": [{"type": "choropleth", "colorbar": {"outlinewidth": 0, "ticks": ""}}], "histogram2d": [{"type": "histogram2d", "colorbar": {"outlinewidth": 0, "ticks": ""}, "colorscale": [[0.0, "#0d0887"], [0.1111111111111111, "#46039f"], [0.2222222222222222, "#7201a8"], [0.3333333333333333, "#9c179e"], [0.4444444444444444, "#bd3786"], [0.5555555555555556, "#d8576b"], [0.6666666666666666, "#ed7953"], [0.7777777777777778, "#fb9f3a"], [0.8888888888888888, "#fdca26"], [1.0, "#f0f921"]]}], "heatmap": [{"type": "heatmap", "colorbar": {"outlinewidth": 0, "ticks": ""}, "colorscale": [[0.0, "#0d0887"], [0.1111111111111111, "#46039f"], [0.2222222222222222, "#7201a8"], [0.3333333333333333, "#9c179e"], [0.4444444444444444, "#bd3786"], [0.5555555555555556, "#d8576b"], [0.6666666666666666, "#ed7953"], [0.7777777777777778, "#fb9f3a"], [0.8888888888888888, "#fdca26"], [1.0, "#f0f921"]]}], "heatmapgl": [{"type": "heatmapgl", "colorbar": {"outlinewidth": 0, "ticks": ""}, "colorscale": [[0.0, "#0d0887"], [0.1111111111111111, "#46039f"], [0.2222222222222222, "#7201a8"], [0.3333333333333333, "#9c179e"], [0.4444444444444444, "#bd3786"], [0.5555555555555556, "#d8576b"], [0.6666666666666666, "#ed7953"], [0.7777777777777778, "#fb9f3a"], [0.8888888888888888, "#fdca26"], [1.0, "#f0f921"]]}], "contourcarpet": [{"type": "contourcarpet", "colorbar": {"outlinewidth": 0, "ticks": ""}}], "contour": [{"type": "contour", "colorbar": {"outlinewidth": 0, "ticks": ""}, "colorscale": [[0.0, "#0d0887"], [0.1111111111111111, "#46039f"], [0.2222222222222222, "#7201a8"], [0.3333333333333333, "#9c179e"], [0.4444444444444444, "#bd3786"], [0.5555555555555556, "#d8576b"], [0.6666666666666666, "#ed7953"], [0.7777777777777778, "#fb9f3a"], [0.8888888888888888, "#fdca26"], [1.0, "#f0f921"]]}], "surface": [{"type": "surface", "colorbar": {"outlinewidth": 0, "ticks": ""}, "colorscale": [[0.0, "#0d0887"], [0.1111111111111111, "#46039f"], [0.2222222222222222, "#7201a8"], [0.3333333333333333, "#9c179e"], [0.4444444444444444, "#bd3786"], [0.5555555555555556, "#d8576b"], [0.6666666666666666, "#ed7953"], [0.7777777777777778, "#fb9f3a"], [0.8888888888888888, "#fdca26"], [1.0, "#f0f921"]]}], "mesh3d": [{"type": "mesh3d", "colorbar": {"outlinewidth": 0, "ticks": ""}}], "scatter": [{"fillpattern": {"fillmode": "overlay", "size": 10, "solidity": 0.2}, "type": "scatter"}], "parcoords": [{"type": "parcoords", "line": {"colorbar": {"outlinewidth": 0, "ticks": ""}}}], "scatterpolargl": [{"type": "scatterpolargl", "marker": {"colorbar": {"outlinewidth": 0, "ticks": ""}}}], "bar": [{"error_x": {"color": "#2a3f5f"}, "error_y": {"color": "#2a3f5f"}, "marker": {"line": {"color": "#E5ECF6", "width": 0.5}, "pattern": {"fillmode": "overlay", "size": 10, "solidity": 0.2}}, "type": "bar"}], "scattergeo": [{"type": "scattergeo", "marker": {"colorbar": {"outlinewidth": 0, "ticks": ""}}}], "scatterpolar": [{"type": "scatterpolar", "marker": {"colorbar": {"outlinewidth": 0, "ticks": ""}}}], "histogram": [{"marker": {"pattern": {"fillmode": "overlay", "size": 10, "solidity": 0.2}}, "type": "histogram"}], "scattergl": [{"type": "scattergl", "marker": {"colorbar": {"outlinewidth": 0, "ticks": ""}}}], "scatter3d": [{"type": "scatter3d", "line": {"colorbar": {"outlinewidth": 0, "ticks": ""}}, "marker": {"colorbar": {"outlinewidth": 0, "ticks": ""}}}], "scattermapbox": [{"type": "scattermapbox", "marker": {"colorbar": {"outlinewidth": 0, "ticks": ""}}}], "scatterternary": [{"type": "scatterternary", "marker": {"colorbar": {"outlinewidth": 0, "ticks": ""}}}], "scattercarpet": [{"type": "scattercarpet", "marker": {"colorbar": {"outlinewidth": 0, "ticks": ""}}}], "carpet": [{"aaxis": {"endlinecolor": "#2a3f5f", "gridcolor": "white", "linecolor": "white", "minorgridcolor": "white", "startlinecolor": "#2a3f5f"}, "baxis": {"endlinecolor": "#2a3f5f", "gridcolor": "white", "linecolor": "white", "minorgridcolor": "white", "startlinecolor": "#2a3f5f"}, "type": "carpet"}], "table": [{"cells": {"fill": {"color": "#EBF0F8"}, "line": {"color": "white"}}, "header": {"fill": {"color": "#C8D4E3"}, "line": {"color": "white"}}, "type": "table"}], "barpolar": [{"marker": {"line": {"color": "#E5ECF6", "width": 0.5}, "pattern": {"fillmode": "overlay", "size": 10, "solidity": 0.2}}, "type": "barpolar"}], "pie": [{"automargin": true, "type": "pie"}]}, "layout": {"autotypenumbers": "strict", "colorway": ["#636efa", "#EF553B", "#00cc96", "#ab63fa", "#FFA15A", "#19d3f3", "#FF6692", "#B6E880", "#FF97FF", "#FECB52"], "font": {"color": "#2a3f5f"}, "hovermode": "closest", "hoverlabel": {"align": "left"}, "paper_bgcolor": "white", "plot_bgcolor": "#E5ECF6", "polar": {"bgcolor": "#E5ECF6", "angularaxis": {"gridcolor": "white", "linecolor": "white", "ticks": ""}, "radialaxis": {"gridcolor": "white", "linecolor": "white", "ticks": ""}}, "ternary": {"bgcolor": "#E5ECF6", "aaxis": {"gridcolor": "white", "linecolor": "white", "ticks": ""}, "baxis": {"gridcolor": "white", "linecolor": "white", "ticks": ""}, "caxis": {"gridcolor": "white", "linecolor": "white", "ticks": ""}}, "coloraxis": {"colorbar": {"outlinewidth": 0, "ticks": ""}}, "colorscale": {"sequential": [[0.0, "#0d0887"], [0.1111111111111111, "#46039f"], [0.2222222222222222, "#7201a8"], [0.3333333333333333, "#9c179e"], [0.4444444444444444, "#bd3786"], [0.5555555555555556, "#d8576b"], [0.6666666666666666, "#ed7953"], [0.7777777777777778, "#fb9f3a"], [0.8888888888888888, "#fdca26"], [1.0, "#f0f921"]], "sequentialminus": [[0.0, "#0d0887"], [0.1111111111111111, "#46039f"], [0.2222222222222222, "#7201a8"], [0.3333333333333333, "#9c179e"], [0.4444444444444444, "#bd3786"], [0.5555555555555556, "#d8576b"], [0.6666666666666666, "#ed7953"], [0.7777777777777778, "#fb9f3a"], [0.8888888888888888, "#fdca26"], [1.0, "#f0f921"]], "diverging": [[0, "#8e0152"], [0.1, "#c51b7d"], [0.2, "#de77ae"], [0.3, "#f1b6da"], [0.4, "#fde0ef"], [0.5, "#f7f7f7"], [0.6, "#e6f5d0"], [0.7, "#b8e186"], [0.8, "#7fbc41"], [0.9, "#4d9221"], [1, "#276419"]]}, "xaxis": {"gridcolor": "white", "linecolor": "white", "ticks": "", "title": {"standoff": 15}, "zerolinecolor": "white", "automargin": true, "zerolinewidth": 2}, "yaxis": {"gridcolor": "white", "linecolor": "white", "ticks": "", "title": {"standoff": 15}, "zerolinecolor": "white", "automargin": true, "zerolinewidth": 2}, "scene": {"xaxis": {"backgroundcolor": "#E5ECF6", "gridcolor": "white", "linecolor": "white", "showbackground": true, "ticks": "", "zerolinecolor": "white", "gridwidth": 2}, "yaxis": {"backgroundcolor": "#E5ECF6", "gridcolor": "white", "linecolor": "white", "showbackground": true, "ticks": "", "zerolinecolor": "white", "gridwidth": 2}, "zaxis": {"backgroundcolor": "#E5ECF6", "gridcolor": "white", "linecolor": "white", "showbackground": true, "ticks": "", "zerolinecolor": "white", "gridwidth": 2}}, "shapedefaults": {"line": {"color": "#2a3f5f"}}, "annotationdefaults": {"arrowcolor": "#2a3f5f", "arrowhead": 0, "arrowwidth": 1}, "geo": {"bgcolor": "white", "landcolor": "#E5ECF6", "subunitcolor": "white", "showland": true, "showlakes": true, "lakecolor": "white"}, "title": {"x": 0.05}, "mapbox": {"style": "light"}}}}}