{"data": [{"z": [[3.865955352783203, 2.8991105556488037, 0.24873462319374084, 0.2341165393590927, -4.8945536613464355, -2.562307596206665, 2.6864805221557617, -0.4320794343948364, -0.07418302446603775, 3.0115106105804443, 1.262259602546692, 1.3075737953186035, 1.2671927213668823, -1.2460858821868896, 1.6159415245056152, 2.9751462936401367, -0.014027122408151627, -2.80287766456604, -2.8486952781677246, 1.7027454376220703, -4.492391109466553], [2.8991105556488037, 6.527126789093018, -1.0332297086715698, -2.2191221714019775, -7.683042526245117, -4.328039646148682, 2.1824443340301514, -1.942345142364502, 0.8616315126419067, 3.7667500972747803, 0.26282647252082825, -0.2542441487312317, -0.581371009349823, -0.5724127292633057, 0.6301286220550537, 2.2406539916992188, 2.368406057357788, -2.6075878143310547, 2.9583044052124023, 0.8074231147766113, -1.4955958127975464], [0.24873462319374084, -1.0332297086715698, 1.317384958267212, 0.559277355670929, 0.68582683801651, 1.0272586345672607, 0.7259415984153748, 0.46471890807151794, 1.5052742958068848, 0.09707203507423401, 0.5685269236564636, -0.6077259182929993, -0.24057528376579285, -0.2941702902317047, 0.7839198112487793, 1.6045708656311035, 0.51408451795578, 1.39812171459198, -2.247692346572876, 1.1173304319381714, -1.485671877861023], [0.2341165393590927, -2.2191221714019775, 0.559277355670929, 2.041083335876465, 0.41499221324920654, 0.9375995993614197, 0.8570196628570557, 1.6385844945907593, 0.03897206857800484, -0.06664185971021652, 1.1236556768417358, 1.8170311450958252, 1.029514193534851, 1.5550181865692139, 1.8243751525878906, -0.4462634027004242, -1.44338059425354, 0.0999574065208435, -3.5724964141845703, 0.4764615297317505, 0.04648372530937195], [-4.8945536613464355, -7.683042526245117, 0.68582683801651, 0.41499221324920654, 13.212738037109375, 5.750808238983154, -5.523571968078613, 0.3318565785884857, -2.6852853298187256, -6.6069841384887695, -2.556117296218872, -2.3949592113494873, -0.11956468969583511, -2.7030868530273438, -4.795736312866211, -3.010342597961426, -2.3759310245513916, 3.4338090419769287, 0.48032721877098083, -2.339839220046997, 1.2962926626205444], [-2.562307596206665, -4.328039646148682, 1.0272586345672607, 0.9375995993614197, 5.750808238983154, 3.3462963104248047, -1.7528879642486572, 1.0190359354019165, 0.31202176213264465, -2.800502300262451, -0.46580469608306885, -0.9603922367095947, -0.4010719656944275, 0.1388384848833084, -0.8168483972549438, -1.11127507686615, -0.6735342144966125, 2.8699474334716797, -1.1119983196258545, -0.45042508840560913, 1.28345787525177], [2.6864805221557617, 2.1824443340301514, 0.7259415984153748, 0.8570196628570557, -5.523571968078613, -1.7528879642486572, 3.331022262573242, 0.6362811326980591, 2.0658130645751953, 3.1345102787017822, 1.9233717918395996, 1.3636977672576904, 0.36533471941947937, 1.3460056781768799, 3.267253875732422, 2.4106760025024414, 0.8487642407417297, -0.8420234322547913, -3.0333313941955566, 2.0016860961914062, -1.8943599462509155], [-0.4320794343948364, -1.942345142364502, 0.46471890807151794, 1.6385844945907593, 0.3318565785884857, 1.0190359354019165, 0.6362811326980591, 1.5289008617401123, 0.6187240481376648, -0.18203365802764893, 0.924324631690979, 1.3076167106628418, 0.40950435400009155, 2.0423622131347656, 1.7163976430892944, -0.7669654488563538, -0.8096811771392822, 0.763819694519043, -2.368497610092163, 0.27968424558639526, 1.1966233253479004], [-0.07418302446603775, 0.8616315126419067, 1.5052742958068848, 0.03897206857800484, -2.6852853298187256, 0.31202176213264465, 2.0658130645751953, 0.6187240481376648, 4.3303937911987305, 1.5641016960144043, 1.1773886680603027, -1.1569929122924805, -1.7182085514068604, 1.9402010440826416, 2.4621670246124268, 2.0624349117279053, 2.7025234699249268, 2.7975666522979736, -0.813465416431427, 1.7423734664916992, 0.6657354235649109], [3.0115106105804443, 3.7667500972747803, 0.09707203507423401, -0.06664185971021652, -6.6069841384887695, -2.800502300262451, 3.1345102787017822, -0.18203365802764893, 1.5641016960144043, 3.5410892963409424, 1.48627769947052, 1.067867398262024, 0.21100682020187378, 0.750701904296875, 2.560898542404175, 2.4109671115875244, 1.2348458766937256, -1.7072488069534302, -1.283803105354309, 1.6692615747451782, -1.9436819553375244], [1.262259602546692, 0.26282647252082825, 0.5685269236564636, 1.1236556768417358, -2.556117296218872, -0.46580469608306885, 1.9233717918395996, 0.924324631690979, 1.1773886680603027, 1.48627769947052, 1.3386003971099854, 1.245551347732544, 0.43399837613105774, 1.3618119955062866, 2.2900633811950684, 0.9612576365470886, 0.008719183504581451, -0.2070639431476593, -2.625211715698242, 1.1363658905029297, -0.6761801242828369], [1.3075737953186035, -0.2542441487312317, -0.6077259182929993, 1.8170311450958252, -2.3949592113494873, -0.9603922367095947, 1.3636977672576904, 1.3076167106628418, -1.1569929122924805, 1.067867398262024, 1.245551347732544, 3.140531301498413, 1.6901532411575317, 2.0112380981445312, 2.1139814853668213, -1.1050835847854614, -1.9278688430786133, -2.1173009872436523, -2.626283645629883, 0.06844615191221237, 0.35189035534858704], [1.2671927213668823, -0.581371009349823, -0.24057528376579285, 1.029514193534851, -0.11956468969583511, -0.4010719656944275, 0.36533471941947937, 0.40950435400009155, -1.7182085514068604, 0.21100682020187378, 0.43399837613105774, 1.6901532411575317, 1.5426487922668457, -0.4191022515296936, 0.35285723209381104, -0.14348778128623962, -1.7663627862930298, -1.8628113269805908, -2.238426446914673, 0.04094697907567024, -1.5858795642852783], [-1.2460858821868896, -0.5724127292633057, -0.2941702902317047, 1.5550181865692139, -2.7030868530273438, 0.1388384848833084, 1.3460056781768799, 2.0423622131347656, 1.9402010440826416, 0.750701904296875, 1.3618119955062866, 2.0112380981445312, -0.4191022515296936, 5.1987175941467285, 3.233436346054077, -2.261327028274536, 0.12214140594005585, 1.167902946472168, -0.3686660826206207, -0.08593028783798218, 4.983931064605713], [1.6159415245056152, 0.6301286220550537, 0.7839198112487793, 1.8243751525878906, -4.795736312866211, -0.8168483972549438, 3.267253875732422, 1.7163976430892944, 2.4621670246124268, 2.560898542404175, 2.2900633811950684, 2.1139814853668213, 0.35285723209381104, 3.233436346054077, 4.171319961547852, 1.0809545516967773, 0.3602258265018463, 0.05607408285140991, -3.6654586791992188, 1.7379627227783203, 0.19296641647815704], [2.9751462936401367, 2.2406539916992188, 1.6045708656311035, -0.4462634027004242, -3.010342597961426, -1.11127507686615, 2.4106760025024414, -0.7669654488563538, 2.0624349117279053, 2.4109671115875244, 0.9612576365470886, -1.1050835847854614, -0.14348778128623962, -2.261327028274536, 1.0809545516967773, 4.65059757232666, 1.7238283157348633, -0.15190930664539337, -2.6937267780303955, 2.457531452178955, -5.233893871307373], [-0.014027122408151627, 2.368406057357788, 0.51408451795578, -1.44338059425354, -2.3759310245513916, -0.6735342144966125, 0.8487642407417297, -0.8096811771392822, 2.7025234699249268, 1.2348458766937256, 0.008719183504581451, -1.9278688430786133, -1.7663627862930298, 0.12214140594005585, 0.3602258265018463, 1.7238283157348633, 2.7557482719421387, 1.5087699890136719, 1.9883695840835571, 0.8235976696014404, 0.2534531354904175], [-2.80287766456604, -2.6075878143310547, 1.39812171459198, 0.0999574065208435, 3.4338090419769287, 2.8699474334716797, -0.8420234322547913, 0.763819694519043, 2.7975666522979736, -1.7072488069534302, -0.2070639431476593, -2.1173009872436523, -1.8628113269805908, 1.167902946472168, 0.05607408285140991, -0.15190930664539337, 1.5087699890136719, 4.289544105529785, 0.3415526747703552, 0.19238406419754028, 2.3635993003845215], [-2.8486952781677246, 2.9583044052124023, -2.247692346572876, -3.5724964141845703, 0.48032721877098083, -1.1119983196258545, -3.0333313941955566, -2.368497610092163, -0.813465416431427, -1.283803105354309, -2.625211715698242, -2.626283645629883, -2.238426446914673, -0.3686660826206207, -3.6654586791992188, -2.6937267780303955, 1.9883695840835571, 0.3415526747703552, 9.154630661010742, -2.612793445587158, 4.708675384521484], [1.7027454376220703, 0.8074231147766113, 1.1173304319381714, 0.4764615297317505, -2.339839220046997, -0.45042508840560913, 2.0016860961914062, 0.27968424558639526, 1.7423734664916992, 1.6692615747451782, 1.1363658905029297, 0.06844615191221237, 0.04094697907567024, -0.08593028783798218, 1.7379627227783203, 2.457531452178955, 0.8235976696014404, 0.19238406419754028, -2.612793445587158, 1.677623987197876, -2.374093532562256], [-4.492391109466553, -1.4955958127975464, -1.485671877861023, 0.04648372530937195, 1.2962926626205444, 1.28345787525177, -1.8943599462509155, 1.1966233253479004, 0.6657354235649109, -1.9436819553375244, -0.6761801242828369, 0.35189035534858704, -1.5858795642852783, 4.983931064605713, 0.19296641647815704, -5.233893871307373, 0.2534531354904175, 2.3635993003845215, 4.708675384521484, -2.374093532562256, 8.789374351501465]], "type": "heatmap"}], "layout": {"template": {"data": {"histogram2dcontour": [{"type": "histogram2dcontour", "colorbar": {"outlinewidth": 0, "ticks": ""}, "colorscale": [[0.0, "#0d0887"], [0.1111111111111111, "#46039f"], [0.2222222222222222, "#7201a8"], [0.3333333333333333, "#9c179e"], [0.4444444444444444, "#bd3786"], [0.5555555555555556, "#d8576b"], [0.6666666666666666, "#ed7953"], [0.7777777777777778, "#fb9f3a"], [0.8888888888888888, "#fdca26"], [1.0, "#f0f921"]]}], "choropleth": [{"type": "choropleth", "colorbar": {"outlinewidth": 0, "ticks": ""}}], "histogram2d": [{"type": "histogram2d", "colorbar": {"outlinewidth": 0, "ticks": ""}, "colorscale": [[0.0, "#0d0887"], [0.1111111111111111, "#46039f"], [0.2222222222222222, "#7201a8"], [0.3333333333333333, "#9c179e"], [0.4444444444444444, "#bd3786"], [0.5555555555555556, "#d8576b"], [0.6666666666666666, "#ed7953"], [0.7777777777777778, "#fb9f3a"], [0.8888888888888888, "#fdca26"], [1.0, "#f0f921"]]}], "heatmap": [{"type": "heatmap", "colorbar": {"outlinewidth": 0, "ticks": ""}, "colorscale": [[0.0, "#0d0887"], [0.1111111111111111, "#46039f"], [0.2222222222222222, "#7201a8"], [0.3333333333333333, "#9c179e"], [0.4444444444444444, "#bd3786"], [0.5555555555555556, "#d8576b"], [0.6666666666666666, "#ed7953"], [0.7777777777777778, "#fb9f3a"], [0.8888888888888888, "#fdca26"], [1.0, "#f0f921"]]}], "heatmapgl": [{"type": "heatmapgl", "colorbar": {"outlinewidth": 0, "ticks": ""}, "colorscale": [[0.0, "#0d0887"], [0.1111111111111111, "#46039f"], [0.2222222222222222, "#7201a8"], [0.3333333333333333, "#9c179e"], [0.4444444444444444, "#bd3786"], [0.5555555555555556, "#d8576b"], [0.6666666666666666, "#ed7953"], [0.7777777777777778, "#fb9f3a"], [0.8888888888888888, "#fdca26"], [1.0, "#f0f921"]]}], "contourcarpet": [{"type": "contourcarpet", "colorbar": {"outlinewidth": 0, "ticks": ""}}], "contour": [{"type": "contour", "colorbar": {"outlinewidth": 0, "ticks": ""}, "colorscale": [[0.0, "#0d0887"], [0.1111111111111111, "#46039f"], [0.2222222222222222, "#7201a8"], [0.3333333333333333, "#9c179e"], [0.4444444444444444, "#bd3786"], [0.5555555555555556, "#d8576b"], [0.6666666666666666, "#ed7953"], [0.7777777777777778, "#fb9f3a"], [0.8888888888888888, "#fdca26"], [1.0, "#f0f921"]]}], "surface": [{"type": "surface", "colorbar": {"outlinewidth": 0, "ticks": ""}, "colorscale": [[0.0, "#0d0887"], [0.1111111111111111, "#46039f"], [0.2222222222222222, "#7201a8"], [0.3333333333333333, "#9c179e"], [0.4444444444444444, "#bd3786"], [0.5555555555555556, "#d8576b"], [0.6666666666666666, "#ed7953"], [0.7777777777777778, "#fb9f3a"], [0.8888888888888888, "#fdca26"], [1.0, "#f0f921"]]}], "mesh3d": [{"type": "mesh3d", "colorbar": {"outlinewidth": 0, "ticks": ""}}], "scatter": [{"fillpattern": {"fillmode": "overlay", "size": 10, "solidity": 0.2}, "type": "scatter"}], "parcoords": [{"type": "parcoords", "line": {"colorbar": {"outlinewidth": 0, "ticks": ""}}}], "scatterpolargl": [{"type": "scatterpolargl", "marker": {"colorbar": {"outlinewidth": 0, "ticks": ""}}}], "bar": [{"error_x": {"color": "#2a3f5f"}, "error_y": {"color": "#2a3f5f"}, "marker": {"line": {"color": "#E5ECF6", "width": 0.5}, "pattern": {"fillmode": "overlay", "size": 10, "solidity": 0.2}}, "type": "bar"}], "scattergeo": [{"type": "scattergeo", "marker": {"colorbar": {"outlinewidth": 0, "ticks": ""}}}], "scatterpolar": [{"type": "scatterpolar", "marker": {"colorbar": {"outlinewidth": 0, "ticks": ""}}}], "histogram": [{"marker": {"pattern": {"fillmode": "overlay", "size": 10, "solidity": 0.2}}, "type": "histogram"}], "scattergl": [{"type": "scattergl", "marker": {"colorbar": {"outlinewidth": 0, "ticks": ""}}}], "scatter3d": [{"type": "scatter3d", "line": {"colorbar": {"outlinewidth": 0, "ticks": ""}}, "marker": {"colorbar": {"outlinewidth": 0, "ticks": ""}}}], "scattermapbox": [{"type": "scattermapbox", "marker": {"colorbar": {"outlinewidth": 0, "ticks": ""}}}], "scatterternary": [{"type": "scatterternary", "marker": {"colorbar": {"outlinewidth": 0, "ticks": ""}}}], "scattercarpet": [{"type": "scattercarpet", "marker": {"colorbar": {"outlinewidth": 0, "ticks": ""}}}], "carpet": [{"aaxis": {"endlinecolor": "#2a3f5f", "gridcolor": "white", "linecolor": "white", "minorgridcolor": "white", "startlinecolor": "#2a3f5f"}, "baxis": {"endlinecolor": "#2a3f5f", "gridcolor": "white", "linecolor": "white", "minorgridcolor": "white", "startlinecolor": "#2a3f5f"}, "type": "carpet"}], "table": [{"cells": {"fill": {"color": "#EBF0F8"}, "line": {"color": "white"}}, "header": {"fill": {"color": "#C8D4E3"}, "line": {"color": "white"}}, "type": "table"}], "barpolar": [{"marker": {"line": {"color": "#E5ECF6", "width": 0.5}, "pattern": {"fillmode": "overlay", "size": 10, "solidity": 0.2}}, "type": "barpolar"}], "pie": [{"automargin": true, "type": "pie"}]}, "layout": {"autotypenumbers": "strict", "colorway": ["#636efa", "#EF553B", "#00cc96", "#ab63fa", "#FFA15A", "#19d3f3", "#FF6692", "#B6E880", "#FF97FF", "#FECB52"], "font": {"color": "#2a3f5f"}, "hovermode": "closest", "hoverlabel": {"align": "left"}, "paper_bgcolor": "white", "plot_bgcolor": "#E5ECF6", "polar": {"bgcolor": "#E5ECF6", "angularaxis": {"gridcolor": "white", "linecolor": "white", "ticks": ""}, "radialaxis": {"gridcolor": "white", "linecolor": "white", "ticks": ""}}, "ternary": {"bgcolor": "#E5ECF6", "aaxis": {"gridcolor": "white", "linecolor": "white", "ticks": ""}, "baxis": {"gridcolor": "white", "linecolor": "white", "ticks": ""}, "caxis": {"gridcolor": "white", "linecolor": "white", "ticks": ""}}, "coloraxis": {"colorbar": {"outlinewidth": 0, "ticks": ""}}, "colorscale": {"sequential": [[0.0, "#0d0887"], [0.1111111111111111, "#46039f"], [0.2222222222222222, "#7201a8"], [0.3333333333333333, "#9c179e"], [0.4444444444444444, "#bd3786"], [0.5555555555555556, "#d8576b"], [0.6666666666666666, "#ed7953"], [0.7777777777777778, "#fb9f3a"], [0.8888888888888888, "#fdca26"], [1.0, "#f0f921"]], "sequentialminus": [[0.0, "#0d0887"], [0.1111111111111111, "#46039f"], [0.2222222222222222, "#7201a8"], [0.3333333333333333, "#9c179e"], [0.4444444444444444, "#bd3786"], [0.5555555555555556, "#d8576b"], [0.6666666666666666, "#ed7953"], [0.7777777777777778, "#fb9f3a"], [0.8888888888888888, "#fdca26"], [1.0, "#f0f921"]], "diverging": [[0, "#8e0152"], [0.1, "#c51b7d"], [0.2, "#de77ae"], [0.3, "#f1b6da"], [0.4, "#fde0ef"], [0.5, "#f7f7f7"], [0.6, "#e6f5d0"], [0.7, "#b8e186"], [0.8, "#7fbc41"], [0.9, "#4d9221"], [1, "#276419"]]}, "xaxis": {"gridcolor": "white", "linecolor": "white", "ticks": "", "title": {"standoff": 15}, "zerolinecolor": "white", "automargin": true, "zerolinewidth": 2}, "yaxis": {"gridcolor": "white", "linecolor": "white", "ticks": "", "title": {"standoff": 15}, "zerolinecolor": "white", "automargin": true, "zerolinewidth": 2}, "scene": {"xaxis": {"backgroundcolor": "#E5ECF6", "gridcolor": "white", "linecolor": "white", "showbackground": true, "ticks": "", "zerolinecolor": "white", "gridwidth": 2}, "yaxis": {"backgroundcolor": "#E5ECF6", "gridcolor": "white", "linecolor": "white", "showbackground": true, "ticks": "", "zerolinecolor": "white", "gridwidth": 2}, "zaxis": {"backgroundcolor": "#E5ECF6", "gridcolor": "white", "linecolor": "white", "showbackground": true, "ticks": "", "zerolinecolor": "white", "gridwidth": 2}}, "shapedefaults": {"line": {"color": "#2a3f5f"}}, "annotationdefaults": {"arrowcolor": "#2a3f5f", "arrowhead": 0, "arrowwidth": 1}, "geo": {"bgcolor": "white", "landcolor": "#E5ECF6", "subunitcolor": "white", "showland": true, "showlakes": true, "lakecolor": "white"}, "title": {"x": 0.05}, "mapbox": {"style": "light"}}}}}