{"data": [{"z": [[3.670074224472046, 2.7771363258361816, 0.18727263808250427, 0.05863601714372635, -4.81825065612793, -2.6803653240203857, 2.615973711013794, -0.5941636562347412, -0.11417169123888016, 2.872237205505371, 1.1285597085952759, 1.1728764772415161, 1.0985342264175415, -1.2699460983276367, 1.5099596977233887, 2.8689353466033936, -0.019820822402834892, -2.8118388652801514, -2.7767796516418457, 1.5353715419769287, -4.35605001449585], [2.7771363258361816, 6.506758213043213, -1.0813374519348145, -2.2966952323913574, -7.507023811340332, -4.299951553344727, 2.0148873329162598, -1.9766641855239868, 0.8094016909599304, 3.6741957664489746, 0.13230612874031067, -0.28351694345474243, -0.631920576095581, -0.5632203221321106, 0.485075980424881, 2.1122050285339355, 2.421675205230713, -2.5279738903045654, 3.2062525749206543, 0.6963667869567871, -1.3024765253067017], [0.18727263808250427, -1.0813374519348145, 1.2996010780334473, 0.49504926800727844, 0.6697330474853516, 0.9629243612289429, 0.7397701740264893, 0.39506861567497253, 1.5012184381484985, 0.055875513702631, 0.5429961681365967, -0.6689817905426025, -0.3085194528102875, -0.30947190523147583, 0.772720992565155, 1.5888664722442627, 0.4960939884185791, 1.369579553604126, -2.275880813598633, 1.068737506866455, -1.4734584093093872], [0.05863601714372635, -2.2966952323913574, 0.49504926800727844, 1.9213731288909912, 0.4969719350337982, 0.8934926986694336, 0.7861447334289551, 1.5311552286148071, -0.0031195045448839664, -0.1958642601966858, 1.0446105003356934, 1.6891099214553833, 0.91240394115448, 1.5384923219680786, 1.7286262512207031, -0.5618698000907898, -1.4696388244628906, 0.09126338362693787, -3.4466640949249268, 0.3504464626312256, 0.18401063978672028], [-4.81825065612793, -7.507023811340332, 0.6697330474853516, 0.4969719350337982, 13.214171409606934, 5.8793182373046875, -5.568828105926514, 0.43101897835731506, -2.6969165802001953, -6.550727844238281, -2.4930927753448486, -2.359476089477539, -0.008128429763019085, -2.7024247646331787, -4.822267055511475, -3.019726276397705, -2.350163698196411, 3.4500057697296143, 0.7021958231925964, -2.262094259262085, 1.3167437314987183], [-2.6803653240203857, -4.299951553344727, 0.9629243612289429, 0.8934926986694336, 5.8793182373046875, 3.4177515506744385, -1.8817269802093506, 1.005570888519287, 0.26022931933403015, -2.891843318939209, -0.5163971781730652, -1.0319329500198364, -0.42489978671073914, 0.13721269369125366, -0.9381347298622131, -1.2419363260269165, -0.6690782904624939, 2.9053030014038086, -0.8296456336975098, -0.5221827626228333, 1.453539490699768], [2.615973711013794, 2.0148873329162598, 0.7397701740264893, 0.7861447334289551, -5.568828105926514, -1.8817269802093506, 3.416510820388794, 0.5361611247062683, 2.084205150604248, 3.0826518535614014, 1.9025475978851318, 1.3056340217590332, 0.257320374250412, 1.3378822803497314, 3.321108102798462, 2.4337379932403564, 0.7935040593147278, -0.8905463814735413, -3.285565137863159, 1.9439111948013306, -1.9472819566726685], [-0.5941636562347412, -1.9766641855239868, 0.39506861567497253, 1.5311552286148071, 0.43101897835731506, 1.005570888519287, 0.5361611247062683, 1.4438283443450928, 0.5704405903816223, -0.3004441559314728, 0.8424714207649231, 1.193870186805725, 0.31613174080848694, 2.0284476280212402, 1.6001536846160889, -0.8929690718650818, -0.8166484236717224, 0.7715031504631042, -2.1671128273010254, 0.1627119481563568, 1.3562320470809937], [-0.11417169123888016, 0.8094016909599304, 1.5012184381484985, -0.0031195045448839664, -2.6969165802001953, 0.26022931933403015, 2.084205150604248, 0.5704405903816223, 4.3324079513549805, 1.537007451057434, 1.1586061716079712, -1.1923160552978516, -1.7681927680969238, 1.9328981637954712, 2.4651377201080322, 2.0593388080596924, 2.6881728172302246, 2.780067205429077, -0.870077908039093, 1.7096104621887207, 0.6635779142379761], [2.872237205505371, 3.6741957664489746, 0.055875513702631, -0.1958642601966858, -6.550727844238281, -2.891843318939209, 3.0826518535614014, -0.3004441559314728, 1.537007451057434, 3.4431614875793457, 1.382876992225647, 0.9765392541885376, 0.08681805431842804, 0.7354180216789246, 2.48500657081604, 2.337221145629883, 1.2363567352294922, -1.7094292640686035, -1.2404438257217407, 1.5463027954101562, -1.84590744972229], [1.1285597085952759, 0.13230612874031067, 0.5429961681365967, 1.0446105003356934, -2.4930927753448486, -0.5163971781730652, 1.9025475978851318, 0.8424714207649231, 1.1586061716079712, 1.382876992225647, 1.283966064453125, 1.1635243892669678, 0.3349199891090393, 1.3602690696716309, 2.2555317878723145, 0.8926195502281189, -0.031505286693573, -0.2125811129808426, -2.655914783477783, 1.0420082807540894, -0.6039012670516968], [1.1728764772415161, -0.28351694345474243, -0.6689817905426025, 1.6891099214553833, -2.359476089477539, -1.0319329500198364, 1.3056340217590332, 1.193870186805725, -1.1923160552978516, 0.9765392541885376, 1.1635243892669678, 3.0270164012908936, 1.580268383026123, 1.9843015670776367, 2.0224339962005615, -1.1887433528900146, -1.927827000617981, -2.1367578506469727, -2.494292974472046, -0.042905043810606, 0.45915213227272034], [1.0985342264175415, -0.631920576095581, -0.3085194528102875, 0.91240394115448, -0.008128429763019085, -0.42489978671073914, 0.257320374250412, 0.31613174080848694, -1.7681927680969238, 0.08681805431842804, 0.3349199891090393, 1.580268383026123, 1.4400489330291748, -0.43227025866508484, 0.23040910065174103, -0.2716664671897888, -1.7673158645629883, -1.848181962966919, -2.0467453002929688, -0.08786492794752121, -1.4200949668884277], [-1.2699460983276367, -0.5632203221321106, -0.30947190523147583, 1.5384923219680786, -2.7024247646331787, 0.13721269369125366, 1.3378822803497314, 2.0284476280212402, 1.9328981637954712, 0.7354180216789246, 1.3602690696716309, 1.9843015670776367, -0.43227025866508484, 5.193410873413086, 3.2180063724517822, -2.280221462249756, 0.11629628390073776, 1.159220576286316, -0.32595911622047424, -0.09909378737211227, 5.004593849182129], [1.5099596977233887, 0.485075980424881, 0.772720992565155, 1.7286262512207031, -4.822267055511475, -0.9381347298622131, 3.321108102798462, 1.6001536846160889, 2.4651377201080322, 2.48500657081604, 2.2555317878723145, 2.0224339962005615, 0.23040910065174103, 3.2180063724517822, 4.1874098777771, 1.068433403968811, 0.30722033977508545, 0.006150148808956146, -3.8234429359436035, 1.6570743322372437, 0.18602780997753143], [2.8689353466033936, 2.1122050285339355, 1.5888664722442627, -0.5618698000907898, -3.019726276397705, -1.2419363260269165, 2.4337379932403564, -0.8929690718650818, 2.0593388080596924, 2.337221145629883, 0.8926195502281189, -1.1887433528900146, -0.2716664671897888, -2.280221462249756, 1.068433403968811, 4.631944179534912, 1.7002778053283691, -0.18584942817687988, -2.8050761222839355, 2.36153244972229, -5.218841552734375], [-0.019820822402834892, 2.421675205230713, 0.4960939884185791, -1.4696388244628906, -2.350163698196411, -0.6690782904624939, 0.7935040593147278, -0.8166484236717224, 2.6881728172302246, 1.2363567352294922, -0.031505286693573, -1.927827000617981, -1.7673158645629883, 0.11629628390073776, 0.30722033977508545, 1.7002778053283691, 2.7976136207580566, 1.529740333557129, 2.113050699234009, 0.804571807384491, 0.3026866316795349], [-2.8118388652801514, -2.5279738903045654, 1.369579553604126, 0.09126338362693787, 3.4500057697296143, 2.9053030014038086, -0.8905463814735413, 0.7715031504631042, 2.780067205429077, -1.7094292640686035, -0.2125811129808426, -2.1367578506469727, -1.848181962966919, 1.159220576286316, 0.006150148808956146, -0.18584942817687988, 1.529740333557129, 4.296070575714111, 0.504387378692627, 0.18945631384849548, 2.4151854515075684], [-2.7767796516418457, 3.2062525749206543, -2.275880813598633, -3.4466640949249268, 0.7021958231925964, -0.8296456336975098, -3.285565137863159, -2.1671128273010254, -0.870077908039093, -1.2404438257217407, -2.655914783477783, -2.494292974472046, -2.0467453002929688, -0.32595911622047424, -3.8234429359436035, -2.8050761222839355, 2.113050699234009, 0.504387378692627, 9.690138816833496, -2.5567805767059326, 4.909182548522949], [1.5353715419769287, 0.6963667869567871, 1.068737506866455, 0.3504464626312256, -2.262094259262085, -0.5221827626228333, 1.9439111948013306, 0.1627119481563568, 1.7096104621887207, 1.5463027954101562, 1.0420082807540894, -0.042905043810606, -0.08786492794752121, -0.09909378737211227, 1.6570743322372437, 2.36153244972229, 0.804571807384491, 0.18945631384849548, -2.5567805767059326, 1.5472939014434814, -2.2569668292999268], [-4.35605001449585, -1.3024765253067017, -1.4734584093093872, 0.18401063978672028, 1.3167437314987183, 1.453539490699768, -1.9472819566726685, 1.3562320470809937, 0.6635779142379761, -1.84590744972229, -0.6039012670516968, 0.45915213227272034, -1.4200949668884277, 5.004593849182129, 0.18602780997753143, -5.218841552734375, 0.3026866316795349, 2.4151854515075684, 4.909182548522949, -2.2569668292999268, 8.789374351501465]], "type": "heatmap"}], "layout": {"template": {"data": {"histogram2dcontour": [{"type": "histogram2dcontour", "colorbar": {"outlinewidth": 0, "ticks": ""}, "colorscale": [[0.0, "#0d0887"], [0.1111111111111111, "#46039f"], [0.2222222222222222, "#7201a8"], [0.3333333333333333, "#9c179e"], [0.4444444444444444, "#bd3786"], [0.5555555555555556, "#d8576b"], [0.6666666666666666, "#ed7953"], [0.7777777777777778, "#fb9f3a"], [0.8888888888888888, "#fdca26"], [1.0, "#f0f921"]]}], "choropleth": [{"type": "choropleth", "colorbar": {"outlinewidth": 0, "ticks": ""}}], "histogram2d": [{"type": "histogram2d", "colorbar": {"outlinewidth": 0, "ticks": ""}, "colorscale": [[0.0, "#0d0887"], [0.1111111111111111, "#46039f"], [0.2222222222222222, "#7201a8"], [0.3333333333333333, "#9c179e"], [0.4444444444444444, "#bd3786"], [0.5555555555555556, "#d8576b"], [0.6666666666666666, "#ed7953"], [0.7777777777777778, "#fb9f3a"], [0.8888888888888888, "#fdca26"], [1.0, "#f0f921"]]}], "heatmap": [{"type": "heatmap", "colorbar": {"outlinewidth": 0, "ticks": ""}, "colorscale": [[0.0, "#0d0887"], [0.1111111111111111, "#46039f"], [0.2222222222222222, "#7201a8"], [0.3333333333333333, "#9c179e"], [0.4444444444444444, "#bd3786"], [0.5555555555555556, "#d8576b"], [0.6666666666666666, "#ed7953"], [0.7777777777777778, "#fb9f3a"], [0.8888888888888888, "#fdca26"], [1.0, "#f0f921"]]}], "heatmapgl": [{"type": "heatmapgl", "colorbar": {"outlinewidth": 0, "ticks": ""}, "colorscale": [[0.0, "#0d0887"], [0.1111111111111111, "#46039f"], [0.2222222222222222, "#7201a8"], [0.3333333333333333, "#9c179e"], [0.4444444444444444, "#bd3786"], [0.5555555555555556, "#d8576b"], [0.6666666666666666, "#ed7953"], [0.7777777777777778, "#fb9f3a"], [0.8888888888888888, "#fdca26"], [1.0, "#f0f921"]]}], "contourcarpet": [{"type": "contourcarpet", "colorbar": {"outlinewidth": 0, "ticks": ""}}], "contour": [{"type": "contour", "colorbar": {"outlinewidth": 0, "ticks": ""}, "colorscale": [[0.0, "#0d0887"], [0.1111111111111111, "#46039f"], [0.2222222222222222, "#7201a8"], [0.3333333333333333, "#9c179e"], [0.4444444444444444, "#bd3786"], [0.5555555555555556, "#d8576b"], [0.6666666666666666, "#ed7953"], [0.7777777777777778, "#fb9f3a"], [0.8888888888888888, "#fdca26"], [1.0, "#f0f921"]]}], "surface": [{"type": "surface", "colorbar": {"outlinewidth": 0, "ticks": ""}, "colorscale": [[0.0, "#0d0887"], [0.1111111111111111, "#46039f"], [0.2222222222222222, "#7201a8"], [0.3333333333333333, "#9c179e"], [0.4444444444444444, "#bd3786"], [0.5555555555555556, "#d8576b"], [0.6666666666666666, "#ed7953"], [0.7777777777777778, "#fb9f3a"], [0.8888888888888888, "#fdca26"], [1.0, "#f0f921"]]}], "mesh3d": [{"type": "mesh3d", "colorbar": {"outlinewidth": 0, "ticks": ""}}], "scatter": [{"fillpattern": {"fillmode": "overlay", "size": 10, "solidity": 0.2}, "type": "scatter"}], "parcoords": [{"type": "parcoords", "line": {"colorbar": {"outlinewidth": 0, "ticks": ""}}}], "scatterpolargl": [{"type": "scatterpolargl", "marker": {"colorbar": {"outlinewidth": 0, "ticks": ""}}}], "bar": [{"error_x": {"color": "#2a3f5f"}, "error_y": {"color": "#2a3f5f"}, "marker": {"line": {"color": "#E5ECF6", "width": 0.5}, "pattern": {"fillmode": "overlay", "size": 10, "solidity": 0.2}}, "type": "bar"}], "scattergeo": [{"type": "scattergeo", "marker": {"colorbar": {"outlinewidth": 0, "ticks": ""}}}], "scatterpolar": [{"type": "scatterpolar", "marker": {"colorbar": {"outlinewidth": 0, "ticks": ""}}}], "histogram": [{"marker": {"pattern": {"fillmode": "overlay", "size": 10, "solidity": 0.2}}, "type": "histogram"}], "scattergl": [{"type": "scattergl", "marker": {"colorbar": {"outlinewidth": 0, "ticks": ""}}}], "scatter3d": [{"type": "scatter3d", "line": {"colorbar": {"outlinewidth": 0, "ticks": ""}}, "marker": {"colorbar": {"outlinewidth": 0, "ticks": ""}}}], "scattermapbox": [{"type": "scattermapbox", "marker": {"colorbar": {"outlinewidth": 0, "ticks": ""}}}], "scatterternary": [{"type": "scatterternary", "marker": {"colorbar": {"outlinewidth": 0, "ticks": ""}}}], "scattercarpet": [{"type": "scattercarpet", "marker": {"colorbar": {"outlinewidth": 0, "ticks": ""}}}], "carpet": [{"aaxis": {"endlinecolor": "#2a3f5f", "gridcolor": "white", "linecolor": "white", "minorgridcolor": "white", "startlinecolor": "#2a3f5f"}, "baxis": {"endlinecolor": "#2a3f5f", "gridcolor": "white", "linecolor": "white", "minorgridcolor": "white", "startlinecolor": "#2a3f5f"}, "type": "carpet"}], "table": [{"cells": {"fill": {"color": "#EBF0F8"}, "line": {"color": "white"}}, "header": {"fill": {"color": "#C8D4E3"}, "line": {"color": "white"}}, "type": "table"}], "barpolar": [{"marker": {"line": {"color": "#E5ECF6", "width": 0.5}, "pattern": {"fillmode": "overlay", "size": 10, "solidity": 0.2}}, "type": "barpolar"}], "pie": [{"automargin": true, "type": "pie"}]}, "layout": {"autotypenumbers": "strict", "colorway": ["#636efa", "#EF553B", "#00cc96", "#ab63fa", "#FFA15A", "#19d3f3", "#FF6692", "#B6E880", "#FF97FF", "#FECB52"], "font": {"color": "#2a3f5f"}, "hovermode": "closest", "hoverlabel": {"align": "left"}, "paper_bgcolor": "white", "plot_bgcolor": "#E5ECF6", "polar": {"bgcolor": "#E5ECF6", "angularaxis": {"gridcolor": "white", "linecolor": "white", "ticks": ""}, "radialaxis": {"gridcolor": "white", "linecolor": "white", "ticks": ""}}, "ternary": {"bgcolor": "#E5ECF6", "aaxis": {"gridcolor": "white", "linecolor": "white", "ticks": ""}, "baxis": {"gridcolor": "white", "linecolor": "white", "ticks": ""}, "caxis": {"gridcolor": "white", "linecolor": "white", "ticks": ""}}, "coloraxis": {"colorbar": {"outlinewidth": 0, "ticks": ""}}, "colorscale": {"sequential": [[0.0, "#0d0887"], [0.1111111111111111, "#46039f"], [0.2222222222222222, "#7201a8"], [0.3333333333333333, "#9c179e"], [0.4444444444444444, "#bd3786"], [0.5555555555555556, "#d8576b"], [0.6666666666666666, "#ed7953"], [0.7777777777777778, "#fb9f3a"], [0.8888888888888888, "#fdca26"], [1.0, "#f0f921"]], "sequentialminus": [[0.0, "#0d0887"], [0.1111111111111111, "#46039f"], [0.2222222222222222, "#7201a8"], [0.3333333333333333, "#9c179e"], [0.4444444444444444, "#bd3786"], [0.5555555555555556, "#d8576b"], [0.6666666666666666, "#ed7953"], [0.7777777777777778, "#fb9f3a"], [0.8888888888888888, "#fdca26"], [1.0, "#f0f921"]], "diverging": [[0, "#8e0152"], [0.1, "#c51b7d"], [0.2, "#de77ae"], [0.3, "#f1b6da"], [0.4, "#fde0ef"], [0.5, "#f7f7f7"], [0.6, "#e6f5d0"], [0.7, "#b8e186"], [0.8, "#7fbc41"], [0.9, "#4d9221"], [1, "#276419"]]}, "xaxis": {"gridcolor": "white", "linecolor": "white", "ticks": "", "title": {"standoff": 15}, "zerolinecolor": "white", "automargin": true, "zerolinewidth": 2}, "yaxis": {"gridcolor": "white", "linecolor": "white", "ticks": "", "title": {"standoff": 15}, "zerolinecolor": "white", "automargin": true, "zerolinewidth": 2}, "scene": {"xaxis": {"backgroundcolor": "#E5ECF6", "gridcolor": "white", "linecolor": "white", "showbackground": true, "ticks": "", "zerolinecolor": "white", "gridwidth": 2}, "yaxis": {"backgroundcolor": "#E5ECF6", "gridcolor": "white", "linecolor": "white", "showbackground": true, "ticks": "", "zerolinecolor": "white", "gridwidth": 2}, "zaxis": {"backgroundcolor": "#E5ECF6", "gridcolor": "white", "linecolor": "white", "showbackground": true, "ticks": "", "zerolinecolor": "white", "gridwidth": 2}}, "shapedefaults": {"line": {"color": "#2a3f5f"}}, "annotationdefaults": {"arrowcolor": "#2a3f5f", "arrowhead": 0, "arrowwidth": 1}, "geo": {"bgcolor": "white", "landcolor": "#E5ECF6", "subunitcolor": "white", "showland": true, "showlakes": true, "lakecolor": "white"}, "title": {"x": 0.05}, "mapbox": {"style": "light"}}}}}