{"data": [{"z": [[3.2724711894989014, 2.6139869689941406, 0.009477432817220688, -0.4057750999927521, -4.661832809448242, -2.9863104820251465, 2.263646125793457, -0.9881563186645508, -0.21875613927841187, 2.4659509658813477, 0.6143035292625427, 0.9032226800918579, 0.7976222038269043, -1.3581314086914062, 1.1550524234771729, 2.6118972301483154, -0.008097768761217594, -2.8273046016693115, -2.4537127017974854, 1.0480343103408813, -4.018016815185547], [2.6139869689941406, 6.700621604919434, -1.2181143760681152, -2.382236957550049, -7.115837574005127, -4.097460746765137, 1.734768271446228, -1.9673593044281006, 0.7001480460166931, 3.5371062755584717, -0.09247826784849167, -0.32570719718933105, -0.7023621797561646, -0.5089751482009888, 0.2030630260705948, 1.7520954608917236, 2.7111222743988037, -2.3023269176483154, 4.052830219268799, 0.5079465508460999, -0.7759344577789307], [0.009477432817220688, -1.2181143760681152, 1.2560276985168457, 0.2880856990814209, 0.6505911946296692, 0.776723325252533, 0.6318416595458984, 0.20236757397651672, 1.4958518743515015, -0.11146961897611618, 0.35986629128456116, -0.8127626180648804, -0.4502556622028351, -0.3621320426464081, 0.6684227585792542, 1.5618029832839966, 0.42629215121269226, 1.3200355768203735, -2.325910806655884, 0.8903577327728271, -1.433371663093567], [-0.4057750999927521, -2.382236957550049, 0.2880856990814209, 1.5433112382888794, 0.7299781441688538, 0.7633009552955627, 0.3696906268596649, 1.2471649646759033, -0.14588803052902222, -0.5498979091644287, 0.700645387172699, 1.3857498168945312, 0.6714063286781311, 1.4744338989257812, 1.3210383653640747, -0.875595211982727, -1.5258352756500244, 0.09313738346099854, -2.8680076599121094, -0.03500290960073471, 0.6116873025894165], [-4.661832809448242, -7.115837574005127, 0.6505911946296692, 0.7299781441688538, 13.24328327178955, 6.221163272857666, -5.552297115325928, 0.6875932812690735, -2.7467260360717773, -6.266188621520996, -2.122480869293213, -2.3010122776031494, 0.20031802356243134, -2.70733380317688, -4.850920677185059, -3.01210880279541, -2.290508985519409, 3.4759440422058105, 1.2115850448608398, -1.9357008934020996, 1.3398034572601318], [-2.9863104820251465, -4.097460746765137, 0.776723325252533, 0.7633009552955627, 6.221163272857666, 3.63307785987854, -2.259234666824341, 0.9847886562347412, 0.10260169953107834, -3.0247228145599365, -0.5899591445922852, -1.2279016971588135, -0.4894229769706726, 0.11672874540090561, -1.326041579246521, -1.5751655101776123, -0.5954610705375671, 3.015408992767334, 0.13376012444496155, -0.6442189812660217, 1.941540002822876], [2.263646125793457, 1.734768271446228, 0.6318416595458984, 0.3696906268596649, -5.552297115325928, -2.259234666824341, 3.1869397163391113, 0.15309306979179382, 2.0468556880950928, 2.713787794113159, 1.4603430032730103, 1.0646772384643555, -0.03340114653110504, 1.2679311037063599, 3.1075491905212402, 2.3058910369873047, 0.7048647999763489, -0.9611084461212158, -3.337690830230713, 1.5155993700027466, -1.7863450050354004], [-0.9881563186645508, -1.9673593044281006, 0.20236757397651672, 1.2471649646759033, 0.6875932812690735, 0.9847886562347412, 0.15309306979179382, 1.2553104162216187, 0.4294393062591553, -0.571425199508667, 0.5876696109771729, 0.9442195892333984, 0.1369786113500595, 1.9898958206176758, 1.2211378812789917, -1.2067615985870361, -0.8204384446144104, 0.8113901615142822, -1.4903347492218018, -0.13334085047245026, 1.794988989830017], [-0.21875613927841187, 0.7001480460166931, 1.4958518743515015, -0.14588803052902222, -2.7467260360717773, 0.10260169953107834, 2.0468556880950928, 0.4294393062591553, 4.356657981872559, 1.4297109842300415, 1.018136978149414, -1.2851403951644897, -1.8808625936508179, 1.9018285274505615, 2.4296066761016846, 2.0774130821228027, 2.6555731296539307, 2.7485504150390625, -0.9886293411254883, 1.5885225534439087, 0.6515775322914124], [2.4659509658813477, 3.5371062755584717, -0.11146961897611618, -0.5498979091644287, -6.266188621520996, -3.0247228145599365, 2.713787794113159, -0.571425199508667, 1.4297109842300415, 3.0605642795562744, 0.941750705242157, 0.7519315481185913, -0.1677366942167282, 0.715553343296051, 2.139024257659912, 2.0086312294006348, 1.289064884185791, -1.6303545236587524, -0.7728385925292969, 1.1151162385940552, -1.3971117734909058], [0.6143035292625427, -0.09247826784849167, 0.35986629128456116, 0.700645387172699, -2.122480869293213, -0.5899591445922852, 1.4603430032730103, 0.5876696109771729, 1.018136978149414, 0.941750705242157, 0.885382890701294, 0.8913028836250305, 0.08421419560909271, 1.3416422605514526, 1.8617137670516968, 0.5167257785797119, -0.09006638079881668, -0.13808150589466095, -2.162494659423828, 0.6059789657592773, -0.11049088090658188], [0.9032226800918579, -0.32570719718933105, -0.8127626180648804, 1.3857498168945312, -2.3010122776031494, -1.2279016971588135, 1.0646772384643555, 0.9442195892333984, -1.2851403951644897, 0.7519315481185913, 0.8913028836250305, 2.824579954147339, 1.4005979299545288, 1.9129512310028076, 1.7674332857131958, -1.3524514436721802, -1.9638347625732422, -2.191511631011963, -2.190798759460449, -0.331148624420166, 0.6731327176094055], [0.7976222038269043, -0.7023621797561646, -0.4502556622028351, 0.6714063286781311, 0.20031802356243134, -0.4894229769706726, -0.03340114653110504, 0.1369786113500595, -1.8808625936508179, -0.1677366942167282, 0.08421419560909271, 1.4005979299545288, 1.291253685951233, -0.473324179649353, -0.05111445486545563, -0.5098313093185425, -1.7896130084991455, -1.8294496536254883, -1.647339940071106, -0.3613435626029968, -1.1127208471298218], [-1.3581314086914062, -0.5089751482009888, -0.3621320426464081, 1.4744338989257812, -2.70733380317688, 0.11672874540090561, 1.2679311037063599, 1.9898958206176758, 1.9018285274505615, 0.715553343296051, 1.3416422605514526, 1.9129512310028076, -0.473324179649353, 5.187735557556152, 3.1397898197174072, -2.3317742347717285, 0.10062559694051743, 1.139519214630127, -0.13390788435935974, -0.1450655460357666, 5.088770866394043], [1.1550524234771729, 0.2030630260705948, 0.6684227585792542, 1.3210383653640747, -4.850920677185059, -1.326041579246521, 3.1075491905212402, 1.2211378812789917, 2.4296066761016846, 2.139024257659912, 1.8617137670516968, 1.7674332857131958, -0.05111445486545563, 3.1397898197174072, 3.9880735874176025, 0.9734481573104858, 0.16771213710308075, -0.09878643602132797, -3.916046619415283, 1.2580100297927856, 0.3004780411720276], [2.6118972301483154, 1.7520954608917236, 1.5618029832839966, -0.875595211982727, -3.01210880279541, -1.5751655101776123, 2.3058910369873047, -1.2067615985870361, 2.0774130821228027, 2.0086312294006348, 0.5167257785797119, -1.3524514436721802, -0.5098313093185425, -2.3317742347717285, 0.9734481573104858, 4.590175151824951, 1.6034468412399292, -0.23089011013507843, -3.1260011196136475, 2.020862579345703, -5.1813764572143555], [-0.008097768761217594, 2.7111222743988037, 0.42629215121269226, -1.5258352756500244, -2.290508985519409, -0.5954610705375671, 0.7048647999763489, -0.8204384446144104, 2.6555731296539307, 1.289064884185791, -0.09006638079881668, -1.9638347625732422, -1.7896130084991455, 0.10062559694051743, 0.16771213710308075, 1.6034468412399292, 3.0188891887664795, 1.607025146484375, 2.653320550918579, 0.7921140193939209, 0.49427151679992676], [-2.8273046016693115, -2.3023269176483154, 1.3200355768203735, 0.09313738346099854, 3.4759440422058105, 3.015408992767334, -0.9611084461212158, 0.8113901615142822, 2.7485504150390625, -1.6303545236587524, -0.13808150589466095, -2.191511631011963, -1.8294496536254883, 1.139519214630127, -0.09878643602132797, -0.23089011013507843, 1.607025146484375, 4.321497917175293, 0.9223765134811401, 0.25908800959587097, 2.522658586502075], [-2.4537127017974854, 4.052830219268799, -2.325910806655884, -2.8680076599121094, 1.2115850448608398, 0.13376012444496155, -3.337690830230713, -1.4903347492218018, -0.9886293411254883, -0.7728385925292969, -2.162494659423828, -2.190798759460449, -1.647339940071106, -0.13390788435935974, -3.916046619415283, -3.1260011196136475, 2.653320550918579, 0.9223765134811401, 11.180062294006348, -2.0670270919799805, 5.437750816345215], [1.0480343103408813, 0.5079465508460999, 0.8903577327728271, -0.03500290960073471, -1.9357008934020996, -0.6442189812660217, 1.5155993700027466, -0.13334085047245026, 1.5885225534439087, 1.1151162385940552, 0.6059789657592773, -0.331148624420166, -0.3613435626029968, -0.1450655460357666, 1.2580100297927856, 2.020862579345703, 0.7921140193939209, 0.25908800959587097, -2.0670270919799805, 1.1039375066757202, -1.7951565980911255], [-4.018016815185547, -0.7759344577789307, -1.433371663093567, 0.6116873025894165, 1.3398034572601318, 1.941540002822876, -1.7863450050354004, 1.794988989830017, 0.6515775322914124, -1.3971117734909058, -0.11049088090658188, 0.6731327176094055, -1.1127208471298218, 5.088770866394043, 0.3004780411720276, -5.1813764572143555, 0.49427151679992676, 2.522658586502075, 5.437750816345215, -1.7951565980911255, 8.789374351501465]], "type": "heatmap"}], "layout": {"template": {"data": {"histogram2dcontour": [{"type": "histogram2dcontour", "colorbar": {"outlinewidth": 0, "ticks": ""}, "colorscale": [[0.0, "#0d0887"], [0.1111111111111111, "#46039f"], [0.2222222222222222, "#7201a8"], [0.3333333333333333, "#9c179e"], [0.4444444444444444, "#bd3786"], [0.5555555555555556, "#d8576b"], [0.6666666666666666, "#ed7953"], [0.7777777777777778, "#fb9f3a"], [0.8888888888888888, "#fdca26"], [1.0, "#f0f921"]]}], "choropleth": [{"type": "choropleth", "colorbar": {"outlinewidth": 0, "ticks": ""}}], "histogram2d": [{"type": "histogram2d", "colorbar": {"outlinewidth": 0, "ticks": ""}, "colorscale": [[0.0, "#0d0887"], [0.1111111111111111, "#46039f"], [0.2222222222222222, "#7201a8"], [0.3333333333333333, "#9c179e"], [0.4444444444444444, "#bd3786"], [0.5555555555555556, "#d8576b"], [0.6666666666666666, "#ed7953"], [0.7777777777777778, "#fb9f3a"], [0.8888888888888888, "#fdca26"], [1.0, "#f0f921"]]}], "heatmap": [{"type": "heatmap", "colorbar": {"outlinewidth": 0, "ticks": ""}, "colorscale": [[0.0, "#0d0887"], [0.1111111111111111, "#46039f"], [0.2222222222222222, "#7201a8"], [0.3333333333333333, "#9c179e"], [0.4444444444444444, "#bd3786"], [0.5555555555555556, "#d8576b"], [0.6666666666666666, "#ed7953"], [0.7777777777777778, "#fb9f3a"], [0.8888888888888888, "#fdca26"], [1.0, "#f0f921"]]}], "heatmapgl": [{"type": "heatmapgl", "colorbar": {"outlinewidth": 0, "ticks": ""}, "colorscale": [[0.0, "#0d0887"], [0.1111111111111111, "#46039f"], [0.2222222222222222, "#7201a8"], [0.3333333333333333, "#9c179e"], [0.4444444444444444, "#bd3786"], [0.5555555555555556, "#d8576b"], [0.6666666666666666, "#ed7953"], [0.7777777777777778, "#fb9f3a"], [0.8888888888888888, "#fdca26"], [1.0, "#f0f921"]]}], "contourcarpet": [{"type": "contourcarpet", "colorbar": {"outlinewidth": 0, "ticks": ""}}], "contour": [{"type": "contour", "colorbar": {"outlinewidth": 0, "ticks": ""}, "colorscale": [[0.0, "#0d0887"], [0.1111111111111111, "#46039f"], [0.2222222222222222, "#7201a8"], [0.3333333333333333, "#9c179e"], [0.4444444444444444, "#bd3786"], [0.5555555555555556, "#d8576b"], [0.6666666666666666, "#ed7953"], [0.7777777777777778, "#fb9f3a"], [0.8888888888888888, "#fdca26"], [1.0, "#f0f921"]]}], "surface": [{"type": "surface", "colorbar": {"outlinewidth": 0, "ticks": ""}, "colorscale": [[0.0, "#0d0887"], [0.1111111111111111, "#46039f"], [0.2222222222222222, "#7201a8"], [0.3333333333333333, "#9c179e"], [0.4444444444444444, "#bd3786"], [0.5555555555555556, "#d8576b"], [0.6666666666666666, "#ed7953"], [0.7777777777777778, "#fb9f3a"], [0.8888888888888888, "#fdca26"], [1.0, "#f0f921"]]}], "mesh3d": [{"type": "mesh3d", "colorbar": {"outlinewidth": 0, "ticks": ""}}], "scatter": [{"fillpattern": {"fillmode": "overlay", "size": 10, "solidity": 0.2}, "type": "scatter"}], "parcoords": [{"type": "parcoords", "line": {"colorbar": {"outlinewidth": 0, "ticks": ""}}}], "scatterpolargl": [{"type": "scatterpolargl", "marker": {"colorbar": {"outlinewidth": 0, "ticks": ""}}}], "bar": [{"error_x": {"color": "#2a3f5f"}, "error_y": {"color": "#2a3f5f"}, "marker": {"line": {"color": "#E5ECF6", "width": 0.5}, "pattern": {"fillmode": "overlay", "size": 10, "solidity": 0.2}}, "type": "bar"}], "scattergeo": [{"type": "scattergeo", "marker": {"colorbar": {"outlinewidth": 0, "ticks": ""}}}], "scatterpolar": [{"type": "scatterpolar", "marker": {"colorbar": {"outlinewidth": 0, "ticks": ""}}}], "histogram": [{"marker": {"pattern": {"fillmode": "overlay", "size": 10, "solidity": 0.2}}, "type": "histogram"}], "scattergl": [{"type": "scattergl", "marker": {"colorbar": {"outlinewidth": 0, "ticks": ""}}}], "scatter3d": [{"type": "scatter3d", "line": {"colorbar": {"outlinewidth": 0, "ticks": ""}}, "marker": {"colorbar": {"outlinewidth": 0, "ticks": ""}}}], "scattermapbox": [{"type": "scattermapbox", "marker": {"colorbar": {"outlinewidth": 0, "ticks": ""}}}], "scatterternary": [{"type": "scatterternary", "marker": {"colorbar": {"outlinewidth": 0, "ticks": ""}}}], "scattercarpet": [{"type": "scattercarpet", "marker": {"colorbar": {"outlinewidth": 0, "ticks": ""}}}], "carpet": [{"aaxis": {"endlinecolor": "#2a3f5f", "gridcolor": "white", "linecolor": "white", "minorgridcolor": "white", "startlinecolor": "#2a3f5f"}, "baxis": {"endlinecolor": "#2a3f5f", "gridcolor": "white", "linecolor": "white", "minorgridcolor": "white", "startlinecolor": "#2a3f5f"}, "type": "carpet"}], "table": [{"cells": {"fill": {"color": "#EBF0F8"}, "line": {"color": "white"}}, "header": {"fill": {"color": "#C8D4E3"}, "line": {"color": "white"}}, "type": "table"}], "barpolar": [{"marker": {"line": {"color": "#E5ECF6", "width": 0.5}, "pattern": {"fillmode": "overlay", "size": 10, "solidity": 0.2}}, "type": "barpolar"}], "pie": [{"automargin": true, "type": "pie"}]}, "layout": {"autotypenumbers": "strict", "colorway": ["#636efa", "#EF553B", "#00cc96", "#ab63fa", "#FFA15A", "#19d3f3", "#FF6692", "#B6E880", "#FF97FF", "#FECB52"], "font": {"color": "#2a3f5f"}, "hovermode": "closest", "hoverlabel": {"align": "left"}, "paper_bgcolor": "white", "plot_bgcolor": "#E5ECF6", "polar": {"bgcolor": "#E5ECF6", "angularaxis": {"gridcolor": "white", "linecolor": "white", "ticks": ""}, "radialaxis": {"gridcolor": "white", "linecolor": "white", "ticks": ""}}, "ternary": {"bgcolor": "#E5ECF6", "aaxis": {"gridcolor": "white", "linecolor": "white", "ticks": ""}, "baxis": {"gridcolor": "white", "linecolor": "white", "ticks": ""}, "caxis": {"gridcolor": "white", "linecolor": "white", "ticks": ""}}, "coloraxis": {"colorbar": {"outlinewidth": 0, "ticks": ""}}, "colorscale": {"sequential": [[0.0, "#0d0887"], [0.1111111111111111, "#46039f"], [0.2222222222222222, "#7201a8"], [0.3333333333333333, "#9c179e"], [0.4444444444444444, "#bd3786"], [0.5555555555555556, "#d8576b"], [0.6666666666666666, "#ed7953"], [0.7777777777777778, "#fb9f3a"], [0.8888888888888888, "#fdca26"], [1.0, "#f0f921"]], "sequentialminus": [[0.0, "#0d0887"], [0.1111111111111111, "#46039f"], [0.2222222222222222, "#7201a8"], [0.3333333333333333, "#9c179e"], [0.4444444444444444, "#bd3786"], [0.5555555555555556, "#d8576b"], [0.6666666666666666, "#ed7953"], [0.7777777777777778, "#fb9f3a"], [0.8888888888888888, "#fdca26"], [1.0, "#f0f921"]], "diverging": [[0, "#8e0152"], [0.1, "#c51b7d"], [0.2, "#de77ae"], [0.3, "#f1b6da"], [0.4, "#fde0ef"], [0.5, "#f7f7f7"], [0.6, "#e6f5d0"], [0.7, "#b8e186"], [0.8, "#7fbc41"], [0.9, "#4d9221"], [1, "#276419"]]}, "xaxis": {"gridcolor": "white", "linecolor": "white", "ticks": "", "title": {"standoff": 15}, "zerolinecolor": "white", "automargin": true, "zerolinewidth": 2}, "yaxis": {"gridcolor": "white", "linecolor": "white", "ticks": "", "title": {"standoff": 15}, "zerolinecolor": "white", "automargin": true, "zerolinewidth": 2}, "scene": {"xaxis": {"backgroundcolor": "#E5ECF6", "gridcolor": "white", "linecolor": "white", "showbackground": true, "ticks": "", "zerolinecolor": "white", "gridwidth": 2}, "yaxis": {"backgroundcolor": "#E5ECF6", "gridcolor": "white", "linecolor": "white", "showbackground": true, "ticks": "", "zerolinecolor": "white", "gridwidth": 2}, "zaxis": {"backgroundcolor": "#E5ECF6", "gridcolor": "white", "linecolor": "white", "showbackground": true, "ticks": "", "zerolinecolor": "white", "gridwidth": 2}}, "shapedefaults": {"line": {"color": "#2a3f5f"}}, "annotationdefaults": {"arrowcolor": "#2a3f5f", "arrowhead": 0, "arrowwidth": 1}, "geo": {"bgcolor": "white", "landcolor": "#E5ECF6", "subunitcolor": "white", "showland": true, "showlakes": true, "lakecolor": "white"}, "title": {"x": 0.05}, "mapbox": {"style": "light"}}}}}