{"data": [{"z": [[3.7453982830047607, 2.820246696472168, 0.2116035521030426, 0.12788817286491394, -4.848517894744873, -2.634751558303833, 2.64957594871521, -0.5319808721542358, -0.09762231260538101, 2.932969570159912, 1.186048984527588, 1.2235965728759766, 1.1618744134902954, -1.2594393491744995, 1.5565451383590698, 2.9090027809143066, -0.019354691728949547, -2.808093309402466, -2.8082773685455322, 1.6024599075317383, -4.409582614898682], [2.820246696472168, 6.509475231170654, -1.0640367269515991, -2.2680113315582275, -7.572545051574707, -4.311143398284912, 2.076215982437134, -1.9643064737319946, 0.8306506276130676, 3.713796854019165, 0.17901019752025604, -0.2744070589542389, -0.6146019101142883, -0.568414032459259, 0.5367223620414734, 2.159644842147827, 2.401245594024658, -2.556845188140869, 3.1093292236328125, 0.7369205951690674, -1.3753620386123657], [0.2116035521030426, -1.0640367269515991, 1.3073054552078247, 0.5212603211402893, 0.6757091879844666, 0.9883785843849182, 0.7384282946586609, 0.4222935140132904, 1.5028661489486694, 0.07303759455680847, 0.5568960309028625, -0.6451698541641235, -0.28245511651039124, -0.30207252502441406, 0.7813183665275574, 1.5947436094284058, 0.5017091035842896, 1.3804293870925903, -2.2669789791107178, 1.0892232656478882, -1.4787226915359497], [0.12788817286491394, -2.2680113315582275, 0.5212603211402893, 1.968327283859253, 0.4623585343360901, 0.9088746905326843, 0.8209256529808044, 1.5715316534042358, 0.013324514031410217, -0.14537806808948517, 1.0809098482131958, 1.7383041381835938, 0.9565000534057617, 1.546610713005066, 1.7727670669555664, -0.5159421563148499, -1.4615710973739624, 0.09266002476215363, -3.500474691390991, 0.40133070945739746, 0.1283567249774933], [-4.848517894744873, -7.572545051574707, 0.6757091879844666, 0.4623585343360901, 13.213764190673828, 5.827612400054932, -5.555427074432373, 0.3910678029060364, -2.6942710876464844, -6.584201335906982, -2.5225467681884766, -2.372898817062378, -0.051093749701976776, -2.7032856941223145, -4.815457820892334, -3.0149168968200684, -2.3599536418914795, 3.44171142578125, 0.6173371076583862, -2.2957077026367188, 1.3094485998153687], [-2.634751558303833, -4.311143398284912, 0.9883785843849182, 0.9088746905326843, 5.827612400054932, 3.387251377105713, -1.8298313617706299, 1.008685827255249, 0.27969834208488464, -2.8618979454040527, -0.496858686208725, -1.0047117471694946, -0.4169284403324127, 0.13809025287628174, -0.889339804649353, -1.1898925304412842, -0.6719561815261841, 2.889275312423706, -0.9426376223564148, -0.49547654390335083, 1.3862477540969849], [2.64957594871521, 2.076215982437134, 0.7384282946586609, 0.8209256529808044, -5.555427074432373, -1.8298313617706299, 3.395160436630249, 0.5790180563926697, 2.0799574851989746, 3.1129016876220703, 1.921799659729004, 1.3318432569503784, 0.3018414378166199, 1.3439161777496338, 3.3126018047332764, 2.4287264347076416, 0.8119673728942871, -0.8719173669815063, -3.201333522796631, 1.9742720127105713, -1.934277892112732], [-0.5319808721542358, -1.9643064737319946, 0.4222935140132904, 1.5715316534042358, 0.3910678029060364, 1.008685827255249, 0.5790180563926697, 1.4745709896087646, 0.5886771082878113, -0.25627630949020386, 0.876797080039978, 1.2365307807922363, 0.35025832056999207, 2.0347328186035156, 1.6487940549850464, -0.8442108631134033, -0.8153094053268433, 0.7668306827545166, -2.2469263076782227, 0.20796534419059753, 1.2940572500228882], [-0.09762231260538101, 0.8306506276130676, 1.5028661489486694, 0.013324514031410217, -2.6942710876464844, 0.27969834208488464, 2.0799574851989746, 0.5886771082878113, 4.331977844238281, 1.5506250858306885, 1.1684623956680298, -1.1790732145309448, -1.7492493391036987, 1.9359651803970337, 2.4663023948669434, 2.0608396530151367, 2.693845510482788, 2.78635573387146, -0.8476952910423279, 1.7237482070922852, 0.6636024117469788], [2.932969570159912, 3.713796854019165, 0.07303759455680847, -0.14537806808948517, -6.584201335906982, -2.8618979454040527, 3.1129016876220703, -0.25627630949020386, 1.5506250858306885, 3.4940104484558105, 1.4292659759521484, 1.0118415355682373, 0.134435772895813, 0.7398785352706909, 2.521503448486328, 2.3719050884246826, 1.2367160320281982, -1.7121891975402832, -1.264272689819336, 1.5995104312896729, -1.8926801681518555], [1.186048984527588, 0.17901019752025604, 0.5568960309028625, 1.0809098482131958, -2.5225467681884766, -0.496858686208725, 1.921799659729004, 0.876797080039978, 1.1684623956680298, 1.4292659759521484, 1.3143465518951416, 1.198585033416748, 0.37513792514801025, 1.3632298707962036, 2.280442953109741, 0.924042284488678, -0.019140837714076042, -0.2118825614452362, -2.6595325469970703, 1.0849816799163818, -0.6400592923164368], [1.2235965728759766, -0.2744070589542389, -0.6451698541641235, 1.7383041381835938, -2.372898817062378, -1.0047117471694946, 1.3318432569503784, 1.2365307807922363, -1.1790732145309448, 1.0118415355682373, 1.198585033416748, 3.0694594383239746, 1.6208759546279907, 1.99604332447052, 2.0614330768585205, -1.157788872718811, -1.929439902305603, -2.1297218799591064, -2.5461585521698, 0.0004237746470607817, 0.41854768991470337], [1.1618744134902954, -0.6146019101142883, -0.28245511651039124, 0.9565000534057617, -0.051093749701976776, -0.4169284403324127, 0.3018414378166199, 0.35025832056999207, -1.7492493391036987, 0.134435772895813, 0.37513792514801025, 1.6208759546279907, 1.477359414100647, -0.42644619941711426, 0.280046671628952, -0.2234143316745758, -1.7681928873062134, -1.8544615507125854, -2.121532440185547, -0.03861759230494499, -1.4832290410995483], [-1.2594393491744995, -0.568414032459259, -0.30207252502441406, 1.546610713005066, -2.7032856941223145, 0.13809025287628174, 1.3439161777496338, 2.0347328186035156, 1.9359651803970337, 0.7398785352706909, 1.3632298707962036, 1.99604332447052, -0.42644619941711426, 5.196642875671387, 3.2275331020355225, -2.271587371826172, 0.11699555814266205, 1.1619457006454468, -0.34785011410713196, -0.09268117696046829, 4.9945244789123535], [1.5565451383590698, 0.5367223620414734, 0.7813183665275574, 1.7727670669555664, -4.815457820892334, -0.889339804649353, 3.3126018047332764, 1.6487940549850464, 2.4663023948669434, 2.521503448486328, 2.280442953109741, 2.0614330768585205, 0.280046671628952, 3.2275331020355225, 4.19448184967041, 1.0768611431121826, 0.3238999843597412, 0.02487967163324356, -3.7766897678375244, 1.6957972049713135, 0.181673064827919], [2.9090027809143066, 2.159644842147827, 1.5947436094284058, -0.5159421563148499, -3.0149168968200684, -1.1898925304412842, 2.4287264347076416, -0.8442108631134033, 2.0608396530151367, 2.3719050884246826, 0.924042284488678, -1.157788872718811, -0.2234143316745758, -2.271587371826172, 1.0768611431121826, 4.636618614196777, 1.7085152864456177, -0.17147724330425262, -2.7603354454040527, 2.40049409866333, -5.223067760467529], [-0.019354691728949547, 2.401245594024658, 0.5017091035842896, -1.4615710973739624, -2.3599536418914795, -0.6719561815261841, 0.8119673728942871, -0.8153094053268433, 2.693845510482788, 1.2367160320281982, -0.019140837714076042, -1.929439902305603, -1.7681928873062134, 0.11699555814266205, 0.3238999843597412, 1.7085152864456177, 2.7825541496276855, 1.5219062566757202, 2.06746768951416, 0.8100779056549072, 0.28489652276039124], [-2.808093309402466, -2.556845188140869, 1.3804293870925903, 0.09266002476215363, 3.44171142578125, 2.889275312423706, -0.8719173669815063, 0.7668306827545166, 2.78635573387146, -1.7121891975402832, -0.2118825614452362, -2.1297218799591064, -1.8544615507125854, 1.1619457006454468, 0.02487967163324356, -0.17147724330425262, 1.5219062566757202, 4.291772842407227, 0.44138550758361816, 0.18947528302669525, 2.3944168090820312], [-2.8082773685455322, 3.1093292236328125, -2.2669789791107178, -3.500474691390991, 0.6173371076583862, -0.9426376223564148, -3.201333522796631, -2.2469263076782227, -0.8476952910423279, -1.264272689819336, -2.6595325469970703, -2.5461585521698, -2.121532440185547, -0.34785011410713196, -3.7766897678375244, -2.7603354454040527, 2.06746768951416, 0.44138550758361816, 9.481122016906738, -2.5857887268066406, 4.831584930419922], [1.6024599075317383, 0.7369205951690674, 1.0892232656478882, 0.40133070945739746, -2.2957077026367188, -0.49547654390335083, 1.9742720127105713, 0.20796534419059753, 1.7237482070922852, 1.5995104312896729, 1.0849816799163818, 0.0004237746470607817, -0.03861759230494499, -0.09268117696046829, 1.6957972049713135, 2.40049409866333, 0.8100779056549072, 0.18947528302669525, -2.5857887268066406, 1.6013048887252808, -2.3062076568603516], [-4.409582614898682, -1.3753620386123657, -1.4787226915359497, 0.1283567249774933, 1.3094485998153687, 1.3862477540969849, -1.934277892112732, 1.2940572500228882, 0.6636024117469788, -1.8926801681518555, -0.6400592923164368, 0.41854768991470337, -1.4832290410995483, 4.9945244789123535, 0.181673064827919, -5.223067760467529, 0.28489652276039124, 2.3944168090820312, 4.831584930419922, -2.3062076568603516, 8.789374351501465]], "type": "heatmap"}], "layout": {"template": {"data": {"histogram2dcontour": [{"type": "histogram2dcontour", "colorbar": {"outlinewidth": 0, "ticks": ""}, "colorscale": [[0.0, "#0d0887"], [0.1111111111111111, "#46039f"], [0.2222222222222222, "#7201a8"], [0.3333333333333333, "#9c179e"], [0.4444444444444444, "#bd3786"], [0.5555555555555556, "#d8576b"], [0.6666666666666666, "#ed7953"], [0.7777777777777778, "#fb9f3a"], [0.8888888888888888, "#fdca26"], [1.0, "#f0f921"]]}], "choropleth": [{"type": "choropleth", "colorbar": {"outlinewidth": 0, "ticks": ""}}], "histogram2d": [{"type": "histogram2d", "colorbar": {"outlinewidth": 0, "ticks": ""}, "colorscale": [[0.0, "#0d0887"], [0.1111111111111111, "#46039f"], [0.2222222222222222, "#7201a8"], [0.3333333333333333, "#9c179e"], [0.4444444444444444, "#bd3786"], [0.5555555555555556, "#d8576b"], [0.6666666666666666, "#ed7953"], [0.7777777777777778, "#fb9f3a"], [0.8888888888888888, "#fdca26"], [1.0, "#f0f921"]]}], "heatmap": [{"type": "heatmap", "colorbar": {"outlinewidth": 0, "ticks": ""}, "colorscale": [[0.0, "#0d0887"], [0.1111111111111111, "#46039f"], [0.2222222222222222, "#7201a8"], [0.3333333333333333, "#9c179e"], [0.4444444444444444, "#bd3786"], [0.5555555555555556, "#d8576b"], [0.6666666666666666, "#ed7953"], [0.7777777777777778, "#fb9f3a"], [0.8888888888888888, "#fdca26"], [1.0, "#f0f921"]]}], "heatmapgl": [{"type": "heatmapgl", "colorbar": {"outlinewidth": 0, "ticks": ""}, "colorscale": [[0.0, "#0d0887"], [0.1111111111111111, "#46039f"], [0.2222222222222222, "#7201a8"], [0.3333333333333333, "#9c179e"], [0.4444444444444444, "#bd3786"], [0.5555555555555556, "#d8576b"], [0.6666666666666666, "#ed7953"], [0.7777777777777778, "#fb9f3a"], [0.8888888888888888, "#fdca26"], [1.0, "#f0f921"]]}], "contourcarpet": [{"type": "contourcarpet", "colorbar": {"outlinewidth": 0, "ticks": ""}}], "contour": [{"type": "contour", "colorbar": {"outlinewidth": 0, "ticks": ""}, "colorscale": [[0.0, "#0d0887"], [0.1111111111111111, "#46039f"], [0.2222222222222222, "#7201a8"], [0.3333333333333333, "#9c179e"], [0.4444444444444444, "#bd3786"], [0.5555555555555556, "#d8576b"], [0.6666666666666666, "#ed7953"], [0.7777777777777778, "#fb9f3a"], [0.8888888888888888, "#fdca26"], [1.0, "#f0f921"]]}], "surface": [{"type": "surface", "colorbar": {"outlinewidth": 0, "ticks": ""}, "colorscale": [[0.0, "#0d0887"], [0.1111111111111111, "#46039f"], [0.2222222222222222, "#7201a8"], [0.3333333333333333, "#9c179e"], [0.4444444444444444, "#bd3786"], [0.5555555555555556, "#d8576b"], [0.6666666666666666, "#ed7953"], [0.7777777777777778, "#fb9f3a"], [0.8888888888888888, "#fdca26"], [1.0, "#f0f921"]]}], "mesh3d": [{"type": "mesh3d", "colorbar": {"outlinewidth": 0, "ticks": ""}}], "scatter": [{"fillpattern": {"fillmode": "overlay", "size": 10, "solidity": 0.2}, "type": "scatter"}], "parcoords": [{"type": "parcoords", "line": {"colorbar": {"outlinewidth": 0, "ticks": ""}}}], "scatterpolargl": [{"type": "scatterpolargl", "marker": {"colorbar": {"outlinewidth": 0, "ticks": ""}}}], "bar": [{"error_x": {"color": "#2a3f5f"}, "error_y": {"color": "#2a3f5f"}, "marker": {"line": {"color": "#E5ECF6", "width": 0.5}, "pattern": {"fillmode": "overlay", "size": 10, "solidity": 0.2}}, "type": "bar"}], "scattergeo": [{"type": "scattergeo", "marker": {"colorbar": {"outlinewidth": 0, "ticks": ""}}}], "scatterpolar": [{"type": "scatterpolar", "marker": {"colorbar": {"outlinewidth": 0, "ticks": ""}}}], "histogram": [{"marker": {"pattern": {"fillmode": "overlay", "size": 10, "solidity": 0.2}}, "type": "histogram"}], "scattergl": [{"type": "scattergl", "marker": {"colorbar": {"outlinewidth": 0, "ticks": ""}}}], "scatter3d": [{"type": "scatter3d", "line": {"colorbar": {"outlinewidth": 0, "ticks": ""}}, "marker": {"colorbar": {"outlinewidth": 0, "ticks": ""}}}], "scattermapbox": [{"type": "scattermapbox", "marker": {"colorbar": {"outlinewidth": 0, "ticks": ""}}}], "scatterternary": [{"type": "scatterternary", "marker": {"colorbar": {"outlinewidth": 0, "ticks": ""}}}], "scattercarpet": [{"type": "scattercarpet", "marker": {"colorbar": {"outlinewidth": 0, "ticks": ""}}}], "carpet": [{"aaxis": {"endlinecolor": "#2a3f5f", "gridcolor": "white", "linecolor": "white", "minorgridcolor": "white", "startlinecolor": "#2a3f5f"}, "baxis": {"endlinecolor": "#2a3f5f", "gridcolor": "white", "linecolor": "white", "minorgridcolor": "white", "startlinecolor": "#2a3f5f"}, "type": "carpet"}], "table": [{"cells": {"fill": {"color": "#EBF0F8"}, "line": {"color": "white"}}, "header": {"fill": {"color": "#C8D4E3"}, "line": {"color": "white"}}, "type": "table"}], "barpolar": [{"marker": {"line": {"color": "#E5ECF6", "width": 0.5}, "pattern": {"fillmode": "overlay", "size": 10, "solidity": 0.2}}, "type": "barpolar"}], "pie": [{"automargin": true, "type": "pie"}]}, "layout": {"autotypenumbers": "strict", "colorway": ["#636efa", "#EF553B", "#00cc96", "#ab63fa", "#FFA15A", "#19d3f3", "#FF6692", "#B6E880", "#FF97FF", "#FECB52"], "font": {"color": "#2a3f5f"}, "hovermode": "closest", "hoverlabel": {"align": "left"}, "paper_bgcolor": "white", "plot_bgcolor": "#E5ECF6", "polar": {"bgcolor": "#E5ECF6", "angularaxis": {"gridcolor": "white", "linecolor": "white", "ticks": ""}, "radialaxis": {"gridcolor": "white", "linecolor": "white", "ticks": ""}}, "ternary": {"bgcolor": "#E5ECF6", "aaxis": {"gridcolor": "white", "linecolor": "white", "ticks": ""}, "baxis": {"gridcolor": "white", "linecolor": "white", "ticks": ""}, "caxis": {"gridcolor": "white", "linecolor": "white", "ticks": ""}}, "coloraxis": {"colorbar": {"outlinewidth": 0, "ticks": ""}}, "colorscale": {"sequential": [[0.0, "#0d0887"], [0.1111111111111111, "#46039f"], [0.2222222222222222, "#7201a8"], [0.3333333333333333, "#9c179e"], [0.4444444444444444, "#bd3786"], [0.5555555555555556, "#d8576b"], [0.6666666666666666, "#ed7953"], [0.7777777777777778, "#fb9f3a"], [0.8888888888888888, "#fdca26"], [1.0, "#f0f921"]], "sequentialminus": [[0.0, "#0d0887"], [0.1111111111111111, "#46039f"], [0.2222222222222222, "#7201a8"], [0.3333333333333333, "#9c179e"], [0.4444444444444444, "#bd3786"], [0.5555555555555556, "#d8576b"], [0.6666666666666666, "#ed7953"], [0.7777777777777778, "#fb9f3a"], [0.8888888888888888, "#fdca26"], [1.0, "#f0f921"]], "diverging": [[0, "#8e0152"], [0.1, "#c51b7d"], [0.2, "#de77ae"], [0.3, "#f1b6da"], [0.4, "#fde0ef"], [0.5, "#f7f7f7"], [0.6, "#e6f5d0"], [0.7, "#b8e186"], [0.8, "#7fbc41"], [0.9, "#4d9221"], [1, "#276419"]]}, "xaxis": {"gridcolor": "white", "linecolor": "white", "ticks": "", "title": {"standoff": 15}, "zerolinecolor": "white", "automargin": true, "zerolinewidth": 2}, "yaxis": {"gridcolor": "white", "linecolor": "white", "ticks": "", "title": {"standoff": 15}, "zerolinecolor": "white", "automargin": true, "zerolinewidth": 2}, "scene": {"xaxis": {"backgroundcolor": "#E5ECF6", "gridcolor": "white", "linecolor": "white", "showbackground": true, "ticks": "", "zerolinecolor": "white", "gridwidth": 2}, "yaxis": {"backgroundcolor": "#E5ECF6", "gridcolor": "white", "linecolor": "white", "showbackground": true, "ticks": "", "zerolinecolor": "white", "gridwidth": 2}, "zaxis": {"backgroundcolor": "#E5ECF6", "gridcolor": "white", "linecolor": "white", "showbackground": true, "ticks": "", "zerolinecolor": "white", "gridwidth": 2}}, "shapedefaults": {"line": {"color": "#2a3f5f"}}, "annotationdefaults": {"arrowcolor": "#2a3f5f", "arrowhead": 0, "arrowwidth": 1}, "geo": {"bgcolor": "white", "landcolor": "#E5ECF6", "subunitcolor": "white", "showland": true, "showlakes": true, "lakecolor": "white"}, "title": {"x": 0.05}, "mapbox": {"style": "light"}}}}}