{"data": [{"z": [[3.3159327507019043, 2.614372968673706, 0.051748745143413544, -0.32296809554100037, -4.672030448913574, -2.9223432540893555, 2.3340532779693604, -0.9156050682067871, -0.19949020445346832, 2.5309295654296875, 0.7420001029968262, 0.9387789368629456, 0.8284070491790771, -1.3342931270599365, 1.2204149961471558, 2.658936023712158, -0.019188832491636276, -2.8128116130828857, -2.541171073913574, 1.143174648284912, -4.071038722991943], [2.614372968673706, 6.58063268661499, -1.1776082515716553, -2.3957788944244385, -7.163824081420898, -4.176453590393066, 1.765468955039978, -1.9922099113464355, 0.7040740847587585, 3.5125410556793213, -0.06319209188222885, -0.3093920648097992, -0.6886322498321533, -0.5200879573822021, 0.2534572184085846, 1.8353602886199951, 2.615448474884033, -2.3419785499572754, 3.834169387817383, 0.5147298574447632, -0.8913246393203735], [0.051748745143413544, -1.1776082515716553, 1.2576098442077637, 0.3366371989250183, 0.6469078063964844, 0.8174276351928711, 0.6659718751907349, 0.24396036565303802, 1.489522099494934, -0.06498760730028152, 0.4138636887073517, -0.7846890091896057, -0.4255070984363556, -0.35423681139945984, 0.6902239918708801, 1.5607033967971802, 0.43749311566352844, 1.3165520429611206, -2.322633981704712, 0.9315370321273804, -1.4442338943481445], [-0.32296809554100037, -2.3957788944244385, 0.3366371989250183, 1.641564130783081, 0.712497889995575, 0.8224649429321289, 0.46023595333099365, 1.315875768661499, -0.11103248596191406, -0.48694929480552673, 0.7808194756507874, 1.4367977380752563, 0.7115378379821777, 1.4848604202270508, 1.4070018529891968, -0.8219670653343201, -1.5268845558166504, 0.0980597734451294, -3.036841630935669, 0.05141517519950867, 0.5217790007591248], [-4.672030448913574, -7.163824081420898, 0.6469078063964844, 0.712497889995575, 13.220125198364258, 6.1725077629089355, -5.552467346191406, 0.6589053869247437, -2.719205856323242, -6.305790424346924, -2.229685068130493, -2.3016974925994873, 0.17992113530635834, -2.6928465366363525, -4.828423976898193, -3.0250678062438965, -2.2917709350585938, 3.4714293479919434, 1.1377718448638916, -2.002958297729492, 1.3426704406738281], [-2.9223432540893555, -4.176453590393066, 0.8174276351928711, 0.8224649429321289, 6.1725077629089355, 3.613994836807251, -2.179780960083008, 1.009810447692871, 0.1397589147090912, -3.0093555450439453, -0.588596522808075, -1.1747790575027466, -0.4605458676815033, 0.13085341453552246, -1.2290548086166382, -1.5223015546798706, -0.6344572305679321, 2.993366003036499, -0.11594682186841965, -0.6241305470466614, 1.8382614850997925], [2.3340532779693604, 1.765468955039978, 0.6659718751907349, 0.46023595333099365, -5.552467346191406, -2.179780960083008, 3.2587170600891113, 0.22972950339317322, 2.0544228553771973, 2.7926647663116455, 1.591220736503601, 1.1063119173049927, 0.010021492838859558, 1.2737147808074951, 3.160874128341675, 2.346766710281372, 0.7088236808776855, -0.9533465504646301, -3.402446985244751, 1.6209628582000732, -1.8465631008148193], [-0.9156050682067871, -1.9922099113464355, 0.24396036565303802, 1.315875768661499, 0.6589053869247437, 1.009810447692871, 0.22972950339317322, 1.2970894575119019, 0.461961954832077, -0.5272859930992126, 0.6365064382553101, 0.9856863021850586, 0.16862939298152924, 1.9913333654403687, 1.295968770980835, -1.1514923572540283, -0.8285101056098938, 0.806006669998169, -1.6615095138549805, -0.07209658622741699, 1.702979564666748], [-0.19949020445346832, 0.7040740847587585, 1.489522099494934, -0.11103248596191406, -2.719205856323242, 0.1397589147090912, 2.0544228553771973, 0.461961954832077, 4.33573055267334, 1.4442163705825806, 1.0603784322738647, -1.257933259010315, -1.8543888330459595, 1.908994197845459, 2.434565544128418, 2.056493043899536, 2.6451072692871094, 2.7470853328704834, -0.9845477938652039, 1.6085209846496582, 0.6600046157836914], [2.5309295654296875, 3.5125410556793213, -0.06498760730028152, -0.48694929480552673, -6.305790424346924, -3.0093555450439453, 2.7926647663116455, -0.5272859930992126, 1.4442163705825806, 3.1168673038482666, 1.0492502450942993, 0.7932854890823364, -0.12881210446357727, 0.7136459946632385, 2.2110860347747803, 2.0864040851593018, 1.2535343170166016, -1.6476925611495972, -0.9367832541465759, 1.2001049518585205, -1.5071760416030884], [0.7420001029968262, -0.06319209188222885, 0.4138636887073517, 0.7808194756507874, -2.229685068130493, -0.588596522808075, 1.591220736503601, 0.6365064382553101, 1.0603784322738647, 1.0492502450942993, 0.9948781132698059, 0.9473749995231628, 0.12930288910865784, 1.3344388008117676, 1.970298409461975, 0.6281689405441284, -0.09080026298761368, -0.17153394222259521, -2.3666958808898926, 0.718076765537262, -0.266268789768219], [0.9387789368629456, -0.3093920648097992, -0.7846890091896057, 1.4367977380752563, -2.3016974925994873, -1.1747790575027466, 1.1063119173049927, 0.9856863021850586, -1.257933259010315, 0.7932854890823364, 0.9473749995231628, 2.8387632369995117, 1.4133806228637695, 1.9200209379196167, 1.8018804788589478, -1.3259574174880981, -1.9414502382278442, -2.1706490516662598, -2.2342777252197266, -0.269197016954422, 0.6463475823402405], [0.8284070491790771, -0.6886322498321533, -0.4255070984363556, 0.7115378379821777, 0.17992113530635834, -0.4605458676815033, 0.010021492838859558, 0.16862939298152924, -1.8543888330459595, -0.12881210446357727, 0.12930288910865784, 1.4133806228637695, 1.2990652322769165, -0.46274879574775696, -0.012365431524813175, -0.4793781042098999, -1.7751834392547607, -1.8184248208999634, -1.6961320638656616, -0.3134187161922455, -1.1435668468475342], [-1.3342931270599365, -0.5200879573822021, -0.35423681139945984, 1.4848604202270508, -2.6928465366363525, 0.13085341453552246, 1.2737147808074951, 1.9913333654403687, 1.908994197845459, 0.7136459946632385, 1.3344388008117676, 1.9200209379196167, -0.46274879574775696, 5.171661376953125, 3.1427853107452393, -2.324989080429077, 0.10751321166753769, 1.142067790031433, -0.1770011931657791, -0.13308513164520264, 5.066817760467529], [1.2204149961471558, 0.2534572184085846, 0.6902239918708801, 1.4070018529891968, -4.828423976898193, -1.2290548086166382, 3.160874128341675, 1.295968770980835, 2.434565544128418, 2.2110860347747803, 1.970298409461975, 1.8018804788589478, -0.012365431524813175, 3.1427853107452393, 4.020082473754883, 0.9879406690597534, 0.1945921778678894, -0.07997563481330872, -3.9276037216186523, 1.352911353111267, 0.27327781915664673], [2.658936023712158, 1.8353602886199951, 1.5607033967971802, -0.8219670653343201, -3.0250678062438965, -1.5223015546798706, 2.346766710281372, -1.1514923572540283, 2.056493043899536, 2.0864040851593018, 0.6281689405441284, -1.3259574174880981, -0.4793781042098999, -2.324989080429077, 0.9879406690597534, 4.598276615142822, 1.6176785230636597, -0.23803120851516724, -3.0657973289489746, 2.0922234058380127, -5.191928863525391], [-0.019188832491636276, 2.615448474884033, 0.43749311566352844, -1.5268845558166504, -2.2917709350585938, -0.6344572305679321, 0.7088236808776855, -0.8285101056098938, 2.6451072692871094, 1.2535343170166016, -0.09080026298761368, -1.9414502382278442, -1.7751834392547607, 0.10751321166753769, 0.1945921778678894, 1.6176785230636597, 2.948566198348999, 1.585067629814148, 2.52524471282959, 0.7714753150939941, 0.4558736979961395], [-2.8128116130828857, -2.3419785499572754, 1.3165520429611206, 0.0980597734451294, 3.4714293479919434, 2.993366003036499, -0.9533465504646301, 0.806006669998169, 2.7470853328704834, -1.6476925611495972, -0.17153394222259521, -2.1706490516662598, -1.8184248208999634, 1.142067790031433, -0.07997563481330872, -0.23803120851516724, 1.585067629814148, 4.3055620193481445, 0.848535418510437, 0.2331600785255432, 2.5057015419006348], [-2.541171073913574, 3.834169387817383, -2.322633981704712, -3.036841630935669, 1.1377718448638916, -0.11594682186841965, -3.402446985244751, -1.6615095138549805, -0.9845477938652039, -0.9367832541465759, -2.3666958808898926, -2.2342777252197266, -1.6961320638656616, -0.1770011931657791, -3.9276037216186523, -3.0657973289489746, 2.52524471282959, 0.848535418510437, 10.94033432006836, -2.2349586486816406, 5.34670877456665], [1.143174648284912, 0.5147298574447632, 0.9315370321273804, 0.05141517519950867, -2.002958297729492, -0.6241305470466614, 1.6209628582000732, -0.07209658622741699, 1.6085209846496582, 1.2001049518585205, 0.718076765537262, -0.269197016954422, -0.3134187161922455, -0.13308513164520264, 1.352911353111267, 2.0922234058380127, 0.7714753150939941, 0.2331600785255432, -2.2349586486816406, 1.1968954801559448, -1.9044996500015259], [-4.071038722991943, -0.8913246393203735, -1.4442338943481445, 0.5217790007591248, 1.3426704406738281, 1.8382614850997925, -1.8465631008148193, 1.702979564666748, 0.6600046157836914, -1.5071760416030884, -0.266268789768219, 0.6463475823402405, -1.1435668468475342, 5.066817760467529, 0.27327781915664673, -5.191928863525391, 0.4558736979961395, 2.5057015419006348, 5.34670877456665, -1.9044996500015259, 8.789374351501465]], "type": "heatmap"}], "layout": {"template": {"data": {"histogram2dcontour": [{"type": "histogram2dcontour", "colorbar": {"outlinewidth": 0, "ticks": ""}, "colorscale": [[0.0, "#0d0887"], [0.1111111111111111, "#46039f"], [0.2222222222222222, "#7201a8"], [0.3333333333333333, "#9c179e"], [0.4444444444444444, "#bd3786"], [0.5555555555555556, "#d8576b"], [0.6666666666666666, "#ed7953"], [0.7777777777777778, "#fb9f3a"], [0.8888888888888888, "#fdca26"], [1.0, "#f0f921"]]}], "choropleth": [{"type": "choropleth", "colorbar": {"outlinewidth": 0, "ticks": ""}}], "histogram2d": [{"type": "histogram2d", "colorbar": {"outlinewidth": 0, "ticks": ""}, "colorscale": [[0.0, "#0d0887"], [0.1111111111111111, "#46039f"], [0.2222222222222222, "#7201a8"], [0.3333333333333333, "#9c179e"], [0.4444444444444444, "#bd3786"], [0.5555555555555556, "#d8576b"], [0.6666666666666666, "#ed7953"], [0.7777777777777778, "#fb9f3a"], [0.8888888888888888, "#fdca26"], [1.0, "#f0f921"]]}], "heatmap": [{"type": "heatmap", "colorbar": {"outlinewidth": 0, "ticks": ""}, "colorscale": [[0.0, "#0d0887"], [0.1111111111111111, "#46039f"], [0.2222222222222222, "#7201a8"], [0.3333333333333333, "#9c179e"], [0.4444444444444444, "#bd3786"], [0.5555555555555556, "#d8576b"], [0.6666666666666666, "#ed7953"], [0.7777777777777778, "#fb9f3a"], [0.8888888888888888, "#fdca26"], [1.0, "#f0f921"]]}], "heatmapgl": [{"type": "heatmapgl", "colorbar": {"outlinewidth": 0, "ticks": ""}, "colorscale": [[0.0, "#0d0887"], [0.1111111111111111, "#46039f"], [0.2222222222222222, "#7201a8"], [0.3333333333333333, "#9c179e"], [0.4444444444444444, "#bd3786"], [0.5555555555555556, "#d8576b"], [0.6666666666666666, "#ed7953"], [0.7777777777777778, "#fb9f3a"], [0.8888888888888888, "#fdca26"], [1.0, "#f0f921"]]}], "contourcarpet": [{"type": "contourcarpet", "colorbar": {"outlinewidth": 0, "ticks": ""}}], "contour": [{"type": "contour", "colorbar": {"outlinewidth": 0, "ticks": ""}, "colorscale": [[0.0, "#0d0887"], [0.1111111111111111, "#46039f"], [0.2222222222222222, "#7201a8"], [0.3333333333333333, "#9c179e"], [0.4444444444444444, "#bd3786"], [0.5555555555555556, "#d8576b"], [0.6666666666666666, "#ed7953"], [0.7777777777777778, "#fb9f3a"], [0.8888888888888888, "#fdca26"], [1.0, "#f0f921"]]}], "surface": [{"type": "surface", "colorbar": {"outlinewidth": 0, "ticks": ""}, "colorscale": [[0.0, "#0d0887"], [0.1111111111111111, "#46039f"], [0.2222222222222222, "#7201a8"], [0.3333333333333333, "#9c179e"], [0.4444444444444444, "#bd3786"], [0.5555555555555556, "#d8576b"], [0.6666666666666666, "#ed7953"], [0.7777777777777778, "#fb9f3a"], [0.8888888888888888, "#fdca26"], [1.0, "#f0f921"]]}], "mesh3d": [{"type": "mesh3d", "colorbar": {"outlinewidth": 0, "ticks": ""}}], "scatter": [{"fillpattern": {"fillmode": "overlay", "size": 10, "solidity": 0.2}, "type": "scatter"}], "parcoords": [{"type": "parcoords", "line": {"colorbar": {"outlinewidth": 0, "ticks": ""}}}], "scatterpolargl": [{"type": "scatterpolargl", "marker": {"colorbar": {"outlinewidth": 0, "ticks": ""}}}], "bar": [{"error_x": {"color": "#2a3f5f"}, "error_y": {"color": "#2a3f5f"}, "marker": {"line": {"color": "#E5ECF6", "width": 0.5}, "pattern": {"fillmode": "overlay", "size": 10, "solidity": 0.2}}, "type": "bar"}], "scattergeo": [{"type": "scattergeo", "marker": {"colorbar": {"outlinewidth": 0, "ticks": ""}}}], "scatterpolar": [{"type": "scatterpolar", "marker": {"colorbar": {"outlinewidth": 0, "ticks": ""}}}], "histogram": [{"marker": {"pattern": {"fillmode": "overlay", "size": 10, "solidity": 0.2}}, "type": "histogram"}], "scattergl": [{"type": "scattergl", "marker": {"colorbar": {"outlinewidth": 0, "ticks": ""}}}], "scatter3d": [{"type": "scatter3d", "line": {"colorbar": {"outlinewidth": 0, "ticks": ""}}, "marker": {"colorbar": {"outlinewidth": 0, "ticks": ""}}}], "scattermapbox": [{"type": "scattermapbox", "marker": {"colorbar": {"outlinewidth": 0, "ticks": ""}}}], "scatterternary": [{"type": "scatterternary", "marker": {"colorbar": {"outlinewidth": 0, "ticks": ""}}}], "scattercarpet": [{"type": "scattercarpet", "marker": {"colorbar": {"outlinewidth": 0, "ticks": ""}}}], "carpet": [{"aaxis": {"endlinecolor": "#2a3f5f", "gridcolor": "white", "linecolor": "white", "minorgridcolor": "white", "startlinecolor": "#2a3f5f"}, "baxis": {"endlinecolor": "#2a3f5f", "gridcolor": "white", "linecolor": "white", "minorgridcolor": "white", "startlinecolor": "#2a3f5f"}, "type": "carpet"}], "table": [{"cells": {"fill": {"color": "#EBF0F8"}, "line": {"color": "white"}}, "header": {"fill": {"color": "#C8D4E3"}, "line": {"color": "white"}}, "type": "table"}], "barpolar": [{"marker": {"line": {"color": "#E5ECF6", "width": 0.5}, "pattern": {"fillmode": "overlay", "size": 10, "solidity": 0.2}}, "type": "barpolar"}], "pie": [{"automargin": true, "type": "pie"}]}, "layout": {"autotypenumbers": "strict", "colorway": ["#636efa", "#EF553B", "#00cc96", "#ab63fa", "#FFA15A", "#19d3f3", "#FF6692", "#B6E880", "#FF97FF", "#FECB52"], "font": {"color": "#2a3f5f"}, "hovermode": "closest", "hoverlabel": {"align": "left"}, "paper_bgcolor": "white", "plot_bgcolor": "#E5ECF6", "polar": {"bgcolor": "#E5ECF6", "angularaxis": {"gridcolor": "white", "linecolor": "white", "ticks": ""}, "radialaxis": {"gridcolor": "white", "linecolor": "white", "ticks": ""}}, "ternary": {"bgcolor": "#E5ECF6", "aaxis": {"gridcolor": "white", "linecolor": "white", "ticks": ""}, "baxis": {"gridcolor": "white", "linecolor": "white", "ticks": ""}, "caxis": {"gridcolor": "white", "linecolor": "white", "ticks": ""}}, "coloraxis": {"colorbar": {"outlinewidth": 0, "ticks": ""}}, "colorscale": {"sequential": [[0.0, "#0d0887"], [0.1111111111111111, "#46039f"], [0.2222222222222222, "#7201a8"], [0.3333333333333333, "#9c179e"], [0.4444444444444444, "#bd3786"], [0.5555555555555556, "#d8576b"], [0.6666666666666666, "#ed7953"], [0.7777777777777778, "#fb9f3a"], [0.8888888888888888, "#fdca26"], [1.0, "#f0f921"]], "sequentialminus": [[0.0, "#0d0887"], [0.1111111111111111, "#46039f"], [0.2222222222222222, "#7201a8"], [0.3333333333333333, "#9c179e"], [0.4444444444444444, "#bd3786"], [0.5555555555555556, "#d8576b"], [0.6666666666666666, "#ed7953"], [0.7777777777777778, "#fb9f3a"], [0.8888888888888888, "#fdca26"], [1.0, "#f0f921"]], "diverging": [[0, "#8e0152"], [0.1, "#c51b7d"], [0.2, "#de77ae"], [0.3, "#f1b6da"], [0.4, "#fde0ef"], [0.5, "#f7f7f7"], [0.6, "#e6f5d0"], [0.7, "#b8e186"], [0.8, "#7fbc41"], [0.9, "#4d9221"], [1, "#276419"]]}, "xaxis": {"gridcolor": "white", "linecolor": "white", "ticks": "", "title": {"standoff": 15}, "zerolinecolor": "white", "automargin": true, "zerolinewidth": 2}, "yaxis": {"gridcolor": "white", "linecolor": "white", "ticks": "", "title": {"standoff": 15}, "zerolinecolor": "white", "automargin": true, "zerolinewidth": 2}, "scene": {"xaxis": {"backgroundcolor": "#E5ECF6", "gridcolor": "white", "linecolor": "white", "showbackground": true, "ticks": "", "zerolinecolor": "white", "gridwidth": 2}, "yaxis": {"backgroundcolor": "#E5ECF6", "gridcolor": "white", "linecolor": "white", "showbackground": true, "ticks": "", "zerolinecolor": "white", "gridwidth": 2}, "zaxis": {"backgroundcolor": "#E5ECF6", "gridcolor": "white", "linecolor": "white", "showbackground": true, "ticks": "", "zerolinecolor": "white", "gridwidth": 2}}, "shapedefaults": {"line": {"color": "#2a3f5f"}}, "annotationdefaults": {"arrowcolor": "#2a3f5f", "arrowhead": 0, "arrowwidth": 1}, "geo": {"bgcolor": "white", "landcolor": "#E5ECF6", "subunitcolor": "white", "showland": true, "showlakes": true, "lakecolor": "white"}, "title": {"x": 0.05}, "mapbox": {"style": "light"}}}}}