{"data": [{"z": [[3.452150344848633, 2.6652886867523193, 0.11100198328495026, -0.15899346768856049, -4.726484298706055, -2.8159987926483154, 2.4795408248901367, -0.7743967175483704, -0.16569142043590546, 2.6773552894592285, 0.9285519123077393, 1.030982255935669, 0.9300147891044617, -1.3045905828475952, 1.3501967191696167, 2.7485079765319824, -0.01551392488181591, -2.815141201019287, -2.656970500946045, 1.3179465532302856, -4.190544128417969], [2.6652886867523193, 6.522641658782959, -1.1327446699142456, -2.369586944580078, -7.308034896850586, -4.246131420135498, 1.8645750284194946, -1.996199369430542, 0.7438322305679321, 3.567739486694336, 0.01587250456213951, -0.30095189809799194, -0.6672152876853943, -0.5417734384536743, 0.3486230969429016, 1.9614604711532593, 2.5178017616271973, -2.4313366413116455, 3.539105176925659, 0.5821689367294312, -1.073431134223938], [0.11100198328495026, -1.1327446699142456, 1.2742689847946167, 0.4079221189022064, 0.6545736193656921, 0.8827424645423889, 0.7129602432250977, 0.31151148676872253, 1.4952455759048462, -0.006554546300321817, 0.4797697067260742, -0.7387510538101196, -0.38170233368873596, -0.33459728956222534, 0.7295193076133728, 1.5720409154891968, 0.4703129827976227, 1.3388715982437134, -2.300527334213257, 0.9968481659889221, -1.4560803174972534], [-0.15899346768856049, -2.369586944580078, 0.4079221189022064, 1.7712221145629883, 0.6200297474861145, 0.8560507893562317, 0.6212804317474365, 1.4121084213256836, -0.05924716219305992, -0.3616998791694641, 0.9038790464401245, 1.5426383018493652, 0.7889692783355713, 1.5113959312438965, 1.5580835342407227, -0.7100467681884766, -1.5038796663284302, 0.09635215997695923, -3.244107484817505, 0.18489177525043488, 0.37083569169044495], [-4.726484298706055, -7.308034896850586, 0.6545736193656921, 0.6200297474861145, 13.217158317565918, 6.044692516326904, -5.592235565185547, 0.5536624789237976, -2.704148054122925, -6.424596786499023, -2.376124620437622, -2.3222551345825195, 0.10791764408349991, -2.6965911388397217, -4.83245849609375, -3.031144857406616, -2.3298752307891846, 3.4698116779327393, 0.952354907989502, -2.131716251373291, 1.3344306945800781], [-2.8159987926483154, -4.246131420135498, 0.8827424645423889, 0.8560507893562317, 6.044692516326904, 3.5249745845794678, -2.0573461055755615, 1.0034446716308594, 0.19796372950077057, -2.9695539474487305, -0.5717350244522095, -1.112036108970642, -0.44596150517463684, 0.13534964621067047, -1.098221778869629, -1.4028890132904053, -0.6628113985061646, 2.9575858116149902, -0.4547819495201111, -0.5892713069915771, 1.6661409139633179], [2.4795408248901367, 1.8645750284194946, 0.7129602432250977, 0.6212804317474365, -5.592235565185547, -2.0573461055755615, 3.3929710388183594, 0.3756961524486542, 2.079057455062866, 2.9493539333343506, 1.771590232849121, 1.2003724575042725, 0.11379899829626083, 1.3028982877731323, 3.2704415321350098, 2.417337417602539, 0.7505906224250793, -0.940595805644989, -3.425276279449463, 1.7955430746078491, -1.933608055114746], [-0.7743967175483704, -1.996199369430542, 0.31151148676872253, 1.4121084213256836, 0.5536624789237976, 1.0034446716308594, 0.3756961524486542, 1.3584654331207275, 0.5143404603004456, -0.4296368360519409, 0.7276054620742798, 1.0729873180389404, 0.22537298500537872, 2.007904291152954, 1.4368358850479126, -1.0366474390029907, -0.8266006708145142, 0.7892135381698608, -1.907963514328003, 0.0303760077804327, 1.5443682670593262], [-0.16569142043590546, 0.7438322305679321, 1.4952455759048462, -0.05924716219305992, -2.704148054122925, 0.19796372950077057, 2.079057455062866, 0.5143404603004456, 4.3334479331970215, 1.4865241050720215, 1.1139254570007324, -1.2305840253829956, -1.8207118511199951, 1.9217791557312012, 2.4519588947296143, 2.0556585788726807, 2.6666488647460938, 2.7625229358673096, -0.9391740560531616, 1.6576963663101196, 0.6636413335800171], [2.6773552894592285, 3.567739486694336, -0.006554546300321817, -0.3616998791694641, -6.424596786499023, -2.9695539474487305, 2.9493539333343506, -0.4296368360519409, 1.4865241050720215, 3.266089677810669, 1.2141064405441284, 0.8702207803726196, -0.04437042027711868, 0.7216346263885498, 2.344409227371216, 2.2105836868286133, 1.2463915348052979, -1.6854791641235352, -1.1075032949447632, 1.3606704473495483, -1.6722511053085327], [0.9285519123077393, 0.01587250456213951, 0.4797697067260742, 0.9038790464401245, -2.376124620437622, -0.5717350244522095, 1.771590232849121, 0.7276054620742798, 1.1139254570007324, 1.2141064405441284, 1.1444106101989746, 1.0440468788146973, 0.21293491125106812, 1.343984842300415, 2.122488260269165, 0.7688730955123901, -0.063569575548172, -0.2027457058429718, -2.552103281021118, 0.8782229423522949, -0.44852152466773987], [1.030982255935669, -0.30095189809799194, -0.7387510538101196, 1.5426383018493652, -2.3222551345825195, -1.112036108970642, 1.2003724575042725, 1.0729873180389404, -1.2305840253829956, 0.8702207803726196, 1.0440468788146973, 2.910525321960449, 1.4734773635864258, 1.9475058317184448, 1.8943856954574585, -1.273388385772705, -1.9298986196517944, -2.155296802520752, -2.3397669792175293, -0.17291082441806793, 0.573874831199646], [0.9300147891044617, -0.6672152876853943, -0.38170233368873596, 0.7889692783355713, 0.10791764408349991, -0.44596150517463684, 0.11379899829626083, 0.22537298500537872, -1.8207118511199951, -0.04437042027711868, 0.21293491125106812, 1.4734773635864258, 1.3468579053878784, -0.45069894194602966, 0.0822654664516449, -0.40119469165802, -1.7672961950302124, -1.8294743299484253, -1.8299728631973267, -0.22489717602729797, -1.2475210428237915], [-1.3045905828475952, -0.5417734384536743, -0.33459728956222534, 1.5113959312438965, -2.6965911388397217, 0.13534964621067047, 1.3028982877731323, 2.007904291152954, 1.9217791557312012, 0.7216346263885498, 1.343984842300415, 1.9475058317184448, -0.45069894194602966, 5.182079315185547, 3.1778018474578857, -2.307589054107666, 0.1096932515501976, 1.1514337062835693, -0.2482377141714096, -0.11882983893156052, 5.039269924163818], [1.3501967191696167, 0.3486230969429016, 0.7295193076133728, 1.5580835342407227, -4.83245849609375, -1.098221778869629, 3.2704415321350098, 1.4368358850479126, 2.4519588947296143, 2.344409227371216, 2.122488260269165, 1.8943856954574585, 0.0822654664516449, 3.1778018474578857, 4.110109806060791, 1.0295239686965942, 0.25328528881073, -0.04566822201013565, -3.9059536457061768, 1.5030491352081299, 0.22567355632781982], [2.7485079765319824, 1.9614604711532593, 1.5720409154891968, -0.7100467681884766, -3.031144857406616, -1.4028890132904053, 2.417337417602539, -1.0366474390029907, 2.0556585788726807, 2.2105836868286133, 0.7688730955123901, -1.273388385772705, -0.40119469165802, -2.307589054107666, 1.0295239686965942, 4.619783401489258, 1.6689786911010742, -0.22306224703788757, -2.9510977268218994, 2.2236359119415283, -5.207702159881592], [-0.01551392488181591, 2.5178017616271973, 0.4703129827976227, -1.5038796663284302, -2.3298752307891846, -0.6628113985061646, 0.7505906224250793, -0.8266006708145142, 2.6666488647460938, 1.2463915348052979, -0.063569575548172, -1.9298986196517944, -1.7672961950302124, 0.1096932515501976, 0.25328528881073, 1.6689786911010742, 2.871047019958496, 1.552047848701477, 2.306993007659912, 0.7872698307037354, 0.3689385950565338], [-2.815141201019287, -2.4313366413116455, 1.3388715982437134, 0.09635215997695923, 3.4698116779327393, 2.9575858116149902, -0.940595805644989, 0.7892135381698608, 2.7625229358673096, -1.6854791641235352, -0.2027457058429718, -2.155296802520752, -1.8294743299484253, 1.1514337062835693, -0.04566822201013565, -0.22306224703788757, 1.552047848701477, 4.306421756744385, 0.6946967840194702, 0.20485959947109222, 2.4713447093963623], [-2.656970500946045, 3.539105176925659, -2.300527334213257, -3.244107484817505, 0.952354907989502, -0.4547819495201111, -3.425276279449463, -1.907963514328003, -0.9391740560531616, -1.1075032949447632, -2.552103281021118, -2.3397669792175293, -1.8299728631973267, -0.2482377141714096, -3.9059536457061768, -2.9510977268218994, 2.306993007659912, 0.6946967840194702, 10.381880760192871, -2.416417121887207, 5.153729438781738], [1.3179465532302856, 0.5821689367294312, 0.9968481659889221, 0.18489177525043488, -2.131716251373291, -0.5892713069915771, 1.7955430746078491, 0.0303760077804327, 1.6576963663101196, 1.3606704473495483, 0.8782229423522949, -0.17291082441806793, -0.22489717602729797, -0.11882983893156052, 1.5030491352081299, 2.2236359119415283, 0.7872698307037354, 0.20485959947109222, -2.416417121887207, 1.3609340190887451, -2.0773093700408936], [-4.190544128417969, -1.073431134223938, -1.4560803174972534, 0.37083569169044495, 1.3344306945800781, 1.6661409139633179, -1.933608055114746, 1.5443682670593262, 0.6636413335800171, -1.6722511053085327, -0.44852152466773987, 0.573874831199646, -1.2475210428237915, 5.039269924163818, 0.22567355632781982, -5.207702159881592, 0.3689385950565338, 2.4713447093963623, 5.153729438781738, -2.0773093700408936, 8.789374351501465]], "type": "heatmap"}], "layout": {"template": {"data": {"histogram2dcontour": [{"type": "histogram2dcontour", "colorbar": {"outlinewidth": 0, "ticks": ""}, "colorscale": [[0.0, "#0d0887"], [0.1111111111111111, "#46039f"], [0.2222222222222222, "#7201a8"], [0.3333333333333333, "#9c179e"], [0.4444444444444444, "#bd3786"], [0.5555555555555556, "#d8576b"], [0.6666666666666666, "#ed7953"], [0.7777777777777778, "#fb9f3a"], [0.8888888888888888, "#fdca26"], [1.0, "#f0f921"]]}], "choropleth": [{"type": "choropleth", "colorbar": {"outlinewidth": 0, "ticks": ""}}], "histogram2d": [{"type": "histogram2d", "colorbar": {"outlinewidth": 0, "ticks": ""}, "colorscale": [[0.0, "#0d0887"], [0.1111111111111111, "#46039f"], [0.2222222222222222, "#7201a8"], [0.3333333333333333, "#9c179e"], [0.4444444444444444, "#bd3786"], [0.5555555555555556, "#d8576b"], [0.6666666666666666, "#ed7953"], [0.7777777777777778, "#fb9f3a"], [0.8888888888888888, "#fdca26"], [1.0, "#f0f921"]]}], "heatmap": [{"type": "heatmap", "colorbar": {"outlinewidth": 0, "ticks": ""}, "colorscale": [[0.0, "#0d0887"], [0.1111111111111111, "#46039f"], [0.2222222222222222, "#7201a8"], [0.3333333333333333, "#9c179e"], [0.4444444444444444, "#bd3786"], [0.5555555555555556, "#d8576b"], [0.6666666666666666, "#ed7953"], [0.7777777777777778, "#fb9f3a"], [0.8888888888888888, "#fdca26"], [1.0, "#f0f921"]]}], "heatmapgl": [{"type": "heatmapgl", "colorbar": {"outlinewidth": 0, "ticks": ""}, "colorscale": [[0.0, "#0d0887"], [0.1111111111111111, "#46039f"], [0.2222222222222222, "#7201a8"], [0.3333333333333333, "#9c179e"], [0.4444444444444444, "#bd3786"], [0.5555555555555556, "#d8576b"], [0.6666666666666666, "#ed7953"], [0.7777777777777778, "#fb9f3a"], [0.8888888888888888, "#fdca26"], [1.0, "#f0f921"]]}], "contourcarpet": [{"type": "contourcarpet", "colorbar": {"outlinewidth": 0, "ticks": ""}}], "contour": [{"type": "contour", "colorbar": {"outlinewidth": 0, "ticks": ""}, "colorscale": [[0.0, "#0d0887"], [0.1111111111111111, "#46039f"], [0.2222222222222222, "#7201a8"], [0.3333333333333333, "#9c179e"], [0.4444444444444444, "#bd3786"], [0.5555555555555556, "#d8576b"], [0.6666666666666666, "#ed7953"], [0.7777777777777778, "#fb9f3a"], [0.8888888888888888, "#fdca26"], [1.0, "#f0f921"]]}], "surface": [{"type": "surface", "colorbar": {"outlinewidth": 0, "ticks": ""}, "colorscale": [[0.0, "#0d0887"], [0.1111111111111111, "#46039f"], [0.2222222222222222, "#7201a8"], [0.3333333333333333, "#9c179e"], [0.4444444444444444, "#bd3786"], [0.5555555555555556, "#d8576b"], [0.6666666666666666, "#ed7953"], [0.7777777777777778, "#fb9f3a"], [0.8888888888888888, "#fdca26"], [1.0, "#f0f921"]]}], "mesh3d": [{"type": "mesh3d", "colorbar": {"outlinewidth": 0, "ticks": ""}}], "scatter": [{"fillpattern": {"fillmode": "overlay", "size": 10, "solidity": 0.2}, "type": "scatter"}], "parcoords": [{"type": "parcoords", "line": {"colorbar": {"outlinewidth": 0, "ticks": ""}}}], "scatterpolargl": [{"type": "scatterpolargl", "marker": {"colorbar": {"outlinewidth": 0, "ticks": ""}}}], "bar": [{"error_x": {"color": "#2a3f5f"}, "error_y": {"color": "#2a3f5f"}, "marker": {"line": {"color": "#E5ECF6", "width": 0.5}, "pattern": {"fillmode": "overlay", "size": 10, "solidity": 0.2}}, "type": "bar"}], "scattergeo": [{"type": "scattergeo", "marker": {"colorbar": {"outlinewidth": 0, "ticks": ""}}}], "scatterpolar": [{"type": "scatterpolar", "marker": {"colorbar": {"outlinewidth": 0, "ticks": ""}}}], "histogram": [{"marker": {"pattern": {"fillmode": "overlay", "size": 10, "solidity": 0.2}}, "type": "histogram"}], "scattergl": [{"type": "scattergl", "marker": {"colorbar": {"outlinewidth": 0, "ticks": ""}}}], "scatter3d": [{"type": "scatter3d", "line": {"colorbar": {"outlinewidth": 0, "ticks": ""}}, "marker": {"colorbar": {"outlinewidth": 0, "ticks": ""}}}], "scattermapbox": [{"type": "scattermapbox", "marker": {"colorbar": {"outlinewidth": 0, "ticks": ""}}}], "scatterternary": [{"type": "scatterternary", "marker": {"colorbar": {"outlinewidth": 0, "ticks": ""}}}], "scattercarpet": [{"type": "scattercarpet", "marker": {"colorbar": {"outlinewidth": 0, "ticks": ""}}}], "carpet": [{"aaxis": {"endlinecolor": "#2a3f5f", "gridcolor": "white", "linecolor": "white", "minorgridcolor": "white", "startlinecolor": "#2a3f5f"}, "baxis": {"endlinecolor": "#2a3f5f", "gridcolor": "white", "linecolor": "white", "minorgridcolor": "white", "startlinecolor": "#2a3f5f"}, "type": "carpet"}], "table": [{"cells": {"fill": {"color": "#EBF0F8"}, "line": {"color": "white"}}, "header": {"fill": {"color": "#C8D4E3"}, "line": {"color": "white"}}, "type": "table"}], "barpolar": [{"marker": {"line": {"color": "#E5ECF6", "width": 0.5}, "pattern": {"fillmode": "overlay", "size": 10, "solidity": 0.2}}, "type": "barpolar"}], "pie": [{"automargin": true, "type": "pie"}]}, "layout": {"autotypenumbers": "strict", "colorway": ["#636efa", "#EF553B", "#00cc96", "#ab63fa", "#FFA15A", "#19d3f3", "#FF6692", "#B6E880", "#FF97FF", "#FECB52"], "font": {"color": "#2a3f5f"}, "hovermode": "closest", "hoverlabel": {"align": "left"}, "paper_bgcolor": "white", "plot_bgcolor": "#E5ECF6", "polar": {"bgcolor": "#E5ECF6", "angularaxis": {"gridcolor": "white", "linecolor": "white", "ticks": ""}, "radialaxis": {"gridcolor": "white", "linecolor": "white", "ticks": ""}}, "ternary": {"bgcolor": "#E5ECF6", "aaxis": {"gridcolor": "white", "linecolor": "white", "ticks": ""}, "baxis": {"gridcolor": "white", "linecolor": "white", "ticks": ""}, "caxis": {"gridcolor": "white", "linecolor": "white", "ticks": ""}}, "coloraxis": {"colorbar": {"outlinewidth": 0, "ticks": ""}}, "colorscale": {"sequential": [[0.0, "#0d0887"], [0.1111111111111111, "#46039f"], [0.2222222222222222, "#7201a8"], [0.3333333333333333, "#9c179e"], [0.4444444444444444, "#bd3786"], [0.5555555555555556, "#d8576b"], [0.6666666666666666, "#ed7953"], [0.7777777777777778, "#fb9f3a"], [0.8888888888888888, "#fdca26"], [1.0, "#f0f921"]], "sequentialminus": [[0.0, "#0d0887"], [0.1111111111111111, "#46039f"], [0.2222222222222222, "#7201a8"], [0.3333333333333333, "#9c179e"], [0.4444444444444444, "#bd3786"], [0.5555555555555556, "#d8576b"], [0.6666666666666666, "#ed7953"], [0.7777777777777778, "#fb9f3a"], [0.8888888888888888, "#fdca26"], [1.0, "#f0f921"]], "diverging": [[0, "#8e0152"], [0.1, "#c51b7d"], [0.2, "#de77ae"], [0.3, "#f1b6da"], [0.4, "#fde0ef"], [0.5, "#f7f7f7"], [0.6, "#e6f5d0"], [0.7, "#b8e186"], [0.8, "#7fbc41"], [0.9, "#4d9221"], [1, "#276419"]]}, "xaxis": {"gridcolor": "white", "linecolor": "white", "ticks": "", "title": {"standoff": 15}, "zerolinecolor": "white", "automargin": true, "zerolinewidth": 2}, "yaxis": {"gridcolor": "white", "linecolor": "white", "ticks": "", "title": {"standoff": 15}, "zerolinecolor": "white", "automargin": true, "zerolinewidth": 2}, "scene": {"xaxis": {"backgroundcolor": "#E5ECF6", "gridcolor": "white", "linecolor": "white", "showbackground": true, "ticks": "", "zerolinecolor": "white", "gridwidth": 2}, "yaxis": {"backgroundcolor": "#E5ECF6", "gridcolor": "white", "linecolor": "white", "showbackground": true, "ticks": "", "zerolinecolor": "white", "gridwidth": 2}, "zaxis": {"backgroundcolor": "#E5ECF6", "gridcolor": "white", "linecolor": "white", "showbackground": true, "ticks": "", "zerolinecolor": "white", "gridwidth": 2}}, "shapedefaults": {"line": {"color": "#2a3f5f"}}, "annotationdefaults": {"arrowcolor": "#2a3f5f", "arrowhead": 0, "arrowwidth": 1}, "geo": {"bgcolor": "white", "landcolor": "#E5ECF6", "subunitcolor": "white", "showland": true, "showlakes": true, "lakecolor": "white"}, "title": {"x": 0.05}, "mapbox": {"style": "light"}}}}}