{"data": [{"z": [[3.9042537212371826, 2.9240708351135254, 0.2596134543418884, 0.26384350657463074, -4.909345626831055, -2.5417001247406006, 2.695493221282959, -0.4036717414855957, -0.06649487465620041, 3.032233476638794, 1.281482458114624, 1.3332165479660034, 1.299164056777954, -1.2433525323867798, 1.6316616535186768, 2.9948387145996094, -0.01138368621468544, -2.8010973930358887, -2.861151695251465, 1.730987310409546, -4.5179057121276855], [2.9240708351135254, 6.533507823944092, -1.0231611728668213, -2.204012870788574, -7.715320587158203, -4.332220554351807, 2.216127872467041, -1.9362101554870605, 0.8719143867492676, 3.782921075820923, 0.2901688516139984, -0.24730104207992554, -0.5700055956840515, -0.5730578899383545, 0.6595510840415955, 2.263460874557495, 2.358262062072754, -2.6213126182556152, 2.91491436958313, 0.8286551833152771, -1.5307060480117798], [0.2596134543418884, -1.0231611728668213, 1.319398283958435, 0.5686902403831482, 0.6887082457542419, 1.0380573272705078, 0.7195129990577698, 0.47635552287101746, 1.505556583404541, 0.10229963064193726, 0.5687373876571655, -0.5972224473953247, -0.2287617325782776, -0.2927853465080261, 0.7820428013801575, 1.6071215867996216, 0.5187947154045105, 1.4031614065170288, -2.2402451038360596, 1.1241190433502197, -1.4871459007263184], [0.26384350657463074, -2.204012870788574, 0.5686902403831482, 2.0606086254119873, 0.4036845862865448, 0.9471240043640137, 0.8614225387573242, 1.658335566520691, 0.045107997953891754, -0.04714975878596306, 1.1308541297912598, 1.8395384550094604, 1.050539493560791, 1.5566363334655762, 1.834373950958252, -0.42762520909309387, -1.4364665746688843, 0.10291655361652374, -3.588858127593994, 0.4960457682609558, 0.02528422325849533], [-4.909345626831055, -7.715320587158203, 0.6887082457542419, 0.4036845862865448, 13.212679862976074, 5.729701519012451, -5.513879299163818, 0.3173113763332367, -2.6837809085845947, -6.609944820404053, -2.563647747039795, -2.4012629985809326, -0.13951857388019562, -2.7021262645721436, -4.789041042327881, -3.0074942111968994, -2.380518674850464, 3.4308738708496094, 0.4410785734653473, -2.3501901626586914, 1.2923141717910767], [-2.5417001247406006, -4.332220554351807, 1.0380573272705078, 0.9471240043640137, 5.729701519012451, 3.3361263275146484, -1.7329672574996948, 1.0241353511810303, 0.32044345140457153, -2.7820515632629395, -0.4576537609100342, -0.9469810128211975, -0.3958236873149872, 0.13926881551742554, -0.7972597479820251, -1.0881773233413696, -0.6731937527656555, 2.8646183013916016, -1.1590384244918823, -0.43659958243370056, 1.25433349609375], [2.695493221282959, 2.216127872467041, 0.7195129990577698, 0.8614225387573242, -5.513879299163818, -1.7329672574996948, 3.3066763877868652, 0.6485835909843445, 2.060688018798828, 3.1356685161590576, 1.9168771505355835, 1.370074987411499, 0.3813667297363281, 1.344299077987671, 3.2475826740264893, 2.402479410171509, 0.8617535829544067, -0.8334261775016785, -2.9766979217529297, 2.004629611968994, -1.8791342973709106], [-0.4036717414855957, -1.9362101554870605, 0.47635552287101746, 1.658335566520691, 0.3173113763332367, 1.0241353511810303, 0.6485835909843445, 1.546227216720581, 0.6265358328819275, -0.16265830397605896, 0.9350385069847107, 1.328877568244934, 0.42737141251564026, 2.0445427894592285, 1.7330833673477173, -0.7455330491065979, -0.8072878122329712, 0.7640291452407837, -2.401806354522705, 0.29963284730911255, 1.1699668169021606], [-0.06649487465620041, 0.8719143867492676, 1.505556583404541, 0.045107997953891754, -2.6837809085845947, 0.32044345140457153, 2.060688018798828, 0.6265358328819275, 4.330051422119141, 1.567173719406128, 1.1781901121139526, -1.1507376432418823, -1.709320068359375, 1.9406124353408813, 2.4597291946411133, 2.0631394386291504, 2.705824375152588, 2.8004634380340576, -0.8029573559761047, 1.7470335960388184, 0.665924608707428], [3.032233476638794, 3.782921075820923, 0.10229963064193726, -0.04714975878596306, -6.609944820404053, -2.7820515632629395, 3.1356685161590576, -0.16265830397605896, 1.567173719406128, 3.5496771335601807, 1.4981871843338013, 1.0826804637908936, 0.2323991060256958, 0.7530546188354492, 2.5673975944519043, 2.4180877208709717, 1.2353577613830566, -1.704071044921875, -1.2822844982147217, 1.6854110956192017, -1.9536809921264648], [1.281482458114624, 0.2901688516139984, 0.5687373876571655, 1.1308541297912598, -2.563647747039795, -0.4576537609100342, 1.9168771505355835, 0.9350385069847107, 1.1781901121139526, 1.4981871843338013, 1.3389908075332642, 1.2563066482543945, 0.4489225745201111, 1.3595937490463257, 2.285635232925415, 0.9683628678321838, 0.01930692233145237, -0.20515860617160797, -2.6046462059020996, 1.1466039419174194, -0.681425154209137], [1.3332165479660034, -0.24730104207992554, -0.5972224473953247, 1.8395384550094604, -2.4012629985809326, -0.9469810128211975, 1.370074987411499, 1.328877568244934, -1.1507376432418823, 1.0826804637908936, 1.2563066482543945, 3.1619858741760254, 1.7110766172409058, 2.0150036811828613, 2.1270885467529297, -1.0895003080368042, -1.9263168573379517, -2.113384962081909, -2.649056911468506, 0.0876675471663475, 0.3322695195674896], [1.299164056777954, -0.5700055956840515, -0.2287617325782776, 1.050539493560791, -0.13951857388019562, -0.3958236873149872, 0.3813667297363281, 0.42737141251564026, -1.709320068359375, 0.2323991060256958, 0.4489225745201111, 1.7110766172409058, 1.5625925064086914, -0.41753149032592773, 0.372152179479599, -0.12002421915531158, -1.7646929025650024, -1.8649290800094604, -2.2710044384002686, 0.06383827328681946, -1.6158332824707031], [-1.2433525323867798, -0.5730578899383545, -0.2927853465080261, 1.5566363334655762, -2.7021262645721436, 0.13926881551742554, 1.344299077987671, 2.0445427894592285, 1.9406124353408813, 0.7530546188354492, 1.3595937490463257, 2.0150036811828613, -0.41753149032592773, 5.198993682861328, 3.233086109161377, -2.25900936126709, 0.12437545508146286, 1.169704794883728, -0.37202054262161255, -0.08478895574808121, 4.982224464416504], [1.6316616535186768, 0.6595510840415955, 0.7820428013801575, 1.834373950958252, -4.789041042327881, -0.7972597479820251, 3.2475826740264893, 1.7330833673477173, 2.4597291946411133, 2.5673975944519043, 2.285635232925415, 2.1270885467529297, 0.372152179479599, 3.233086109161377, 4.157986164093018, 1.0797237157821655, 0.3730999529361725, 0.06521289050579071, -3.6263632774353027, 1.745812177658081, 0.19948139786720276], [2.9948387145996094, 2.263460874557495, 1.6071215867996216, -0.42762520909309387, -3.0074942111968994, -1.0881773233413696, 2.402479410171509, -0.7455330491065979, 2.0631394386291504, 2.4180877208709717, 0.9683628678321838, -1.0895003080368042, -0.12002421915531158, -2.25900936126709, 1.0797237157821655, 4.653101921081543, 1.7285048961639404, -0.1451968550682068, -2.6745705604553223, 2.4716644287109375, -5.236153602600098], [-0.01138368621468544, 2.358262062072754, 0.5187947154045105, -1.4364665746688843, -2.380518674850464, -0.6731937527656555, 0.8617535829544067, -0.8072878122329712, 2.705824375152588, 1.2353577613830566, 0.01930692233145237, -1.9263168573379517, -1.7646929025650024, 0.12437545508146286, 0.3730999529361725, 1.7285048961639404, 2.7470767498016357, 1.505463719367981, 1.9633296728134155, 0.8287074565887451, 0.2434665411710739], [-2.8010973930358887, -2.6213126182556152, 1.4031614065170288, 0.10291655361652374, 3.4308738708496094, 2.8646183013916016, -0.8334261775016785, 0.7640291452407837, 2.8004634380340576, -1.704071044921875, -0.20515860617160797, -2.113384962081909, -1.8649290800094604, 1.169704794883728, 0.06521289050579071, -0.1451968550682068, 1.505463719367981, 4.288472652435303, 0.3132072389125824, 0.19438676536083221, 2.3541250228881836], [-2.861151695251465, 2.91491436958313, -2.2402451038360596, -3.588858127593994, 0.4410785734653473, -1.1590384244918823, -2.9766979217529297, -2.401806354522705, -0.8029573559761047, -1.2822844982147217, -2.6046462059020996, -2.649056911468506, -2.2710044384002686, -0.37202054262161255, -3.6263632774353027, -2.6745705604553223, 1.9633296728134155, 0.3132072389125824, 9.061939239501953, -2.6161468029022217, 4.6736531257629395], [1.730987310409546, 0.8286551833152771, 1.1241190433502197, 0.4960457682609558, -2.3501901626586914, -0.43659958243370056, 2.004629611968994, 0.29963284730911255, 1.7470335960388184, 1.6854110956192017, 1.1466039419174194, 0.0876675471663475, 0.06383827328681946, -0.08478895574808121, 1.745812177658081, 2.4716644287109375, 0.8287074565887451, 0.19438676536083221, -2.6161468029022217, 1.696901559829712, -2.390935182571411], [-4.5179057121276855, -1.5307060480117798, -1.4871459007263184, 0.02528422325849533, 1.2923141717910767, 1.25433349609375, -1.8791342973709106, 1.1699668169021606, 0.665924608707428, -1.9536809921264648, -0.681425154209137, 0.3322695195674896, -1.6158332824707031, 4.982224464416504, 0.19948139786720276, -5.236153602600098, 0.2434665411710739, 2.3541250228881836, 4.6736531257629395, -2.390935182571411, 8.789374351501465]], "type": "heatmap"}], "layout": {"template": {"data": {"histogram2dcontour": [{"type": "histogram2dcontour", "colorbar": {"outlinewidth": 0, "ticks": ""}, "colorscale": [[0.0, "#0d0887"], [0.1111111111111111, "#46039f"], [0.2222222222222222, "#7201a8"], [0.3333333333333333, "#9c179e"], [0.4444444444444444, "#bd3786"], [0.5555555555555556, "#d8576b"], [0.6666666666666666, "#ed7953"], [0.7777777777777778, "#fb9f3a"], [0.8888888888888888, "#fdca26"], [1.0, "#f0f921"]]}], "choropleth": [{"type": "choropleth", "colorbar": {"outlinewidth": 0, "ticks": ""}}], "histogram2d": [{"type": "histogram2d", "colorbar": {"outlinewidth": 0, "ticks": ""}, "colorscale": [[0.0, "#0d0887"], [0.1111111111111111, "#46039f"], [0.2222222222222222, "#7201a8"], [0.3333333333333333, "#9c179e"], [0.4444444444444444, "#bd3786"], [0.5555555555555556, "#d8576b"], [0.6666666666666666, "#ed7953"], [0.7777777777777778, "#fb9f3a"], [0.8888888888888888, "#fdca26"], [1.0, "#f0f921"]]}], "heatmap": [{"type": "heatmap", "colorbar": {"outlinewidth": 0, "ticks": ""}, "colorscale": [[0.0, "#0d0887"], [0.1111111111111111, "#46039f"], [0.2222222222222222, "#7201a8"], [0.3333333333333333, "#9c179e"], [0.4444444444444444, "#bd3786"], [0.5555555555555556, "#d8576b"], [0.6666666666666666, "#ed7953"], [0.7777777777777778, "#fb9f3a"], [0.8888888888888888, "#fdca26"], [1.0, "#f0f921"]]}], "heatmapgl": [{"type": "heatmapgl", "colorbar": {"outlinewidth": 0, "ticks": ""}, "colorscale": [[0.0, "#0d0887"], [0.1111111111111111, "#46039f"], [0.2222222222222222, "#7201a8"], [0.3333333333333333, "#9c179e"], [0.4444444444444444, "#bd3786"], [0.5555555555555556, "#d8576b"], [0.6666666666666666, "#ed7953"], [0.7777777777777778, "#fb9f3a"], [0.8888888888888888, "#fdca26"], [1.0, "#f0f921"]]}], "contourcarpet": [{"type": "contourcarpet", "colorbar": {"outlinewidth": 0, "ticks": ""}}], "contour": [{"type": "contour", "colorbar": {"outlinewidth": 0, "ticks": ""}, "colorscale": [[0.0, "#0d0887"], [0.1111111111111111, "#46039f"], [0.2222222222222222, "#7201a8"], [0.3333333333333333, "#9c179e"], [0.4444444444444444, "#bd3786"], [0.5555555555555556, "#d8576b"], [0.6666666666666666, "#ed7953"], [0.7777777777777778, "#fb9f3a"], [0.8888888888888888, "#fdca26"], [1.0, "#f0f921"]]}], "surface": [{"type": "surface", "colorbar": {"outlinewidth": 0, "ticks": ""}, "colorscale": [[0.0, "#0d0887"], [0.1111111111111111, "#46039f"], [0.2222222222222222, "#7201a8"], [0.3333333333333333, "#9c179e"], [0.4444444444444444, "#bd3786"], [0.5555555555555556, "#d8576b"], [0.6666666666666666, "#ed7953"], [0.7777777777777778, "#fb9f3a"], [0.8888888888888888, "#fdca26"], [1.0, "#f0f921"]]}], "mesh3d": [{"type": "mesh3d", "colorbar": {"outlinewidth": 0, "ticks": ""}}], "scatter": [{"fillpattern": {"fillmode": "overlay", "size": 10, "solidity": 0.2}, "type": "scatter"}], "parcoords": [{"type": "parcoords", "line": {"colorbar": {"outlinewidth": 0, "ticks": ""}}}], "scatterpolargl": [{"type": "scatterpolargl", "marker": {"colorbar": {"outlinewidth": 0, "ticks": ""}}}], "bar": [{"error_x": {"color": "#2a3f5f"}, "error_y": {"color": "#2a3f5f"}, "marker": {"line": {"color": "#E5ECF6", "width": 0.5}, "pattern": {"fillmode": "overlay", "size": 10, "solidity": 0.2}}, "type": "bar"}], "scattergeo": [{"type": "scattergeo", "marker": {"colorbar": {"outlinewidth": 0, "ticks": ""}}}], "scatterpolar": [{"type": "scatterpolar", "marker": {"colorbar": {"outlinewidth": 0, "ticks": ""}}}], "histogram": [{"marker": {"pattern": {"fillmode": "overlay", "size": 10, "solidity": 0.2}}, "type": "histogram"}], "scattergl": [{"type": "scattergl", "marker": {"colorbar": {"outlinewidth": 0, "ticks": ""}}}], "scatter3d": [{"type": "scatter3d", "line": {"colorbar": {"outlinewidth": 0, "ticks": ""}}, "marker": {"colorbar": {"outlinewidth": 0, "ticks": ""}}}], "scattermapbox": [{"type": "scattermapbox", "marker": {"colorbar": {"outlinewidth": 0, "ticks": ""}}}], "scatterternary": [{"type": "scatterternary", "marker": {"colorbar": {"outlinewidth": 0, "ticks": ""}}}], "scattercarpet": [{"type": "scattercarpet", "marker": {"colorbar": {"outlinewidth": 0, "ticks": ""}}}], "carpet": [{"aaxis": {"endlinecolor": "#2a3f5f", "gridcolor": "white", "linecolor": "white", "minorgridcolor": "white", "startlinecolor": "#2a3f5f"}, "baxis": {"endlinecolor": "#2a3f5f", "gridcolor": "white", "linecolor": "white", "minorgridcolor": "white", "startlinecolor": "#2a3f5f"}, "type": "carpet"}], "table": [{"cells": {"fill": {"color": "#EBF0F8"}, "line": {"color": "white"}}, "header": {"fill": {"color": "#C8D4E3"}, "line": {"color": "white"}}, "type": "table"}], "barpolar": [{"marker": {"line": {"color": "#E5ECF6", "width": 0.5}, "pattern": {"fillmode": "overlay", "size": 10, "solidity": 0.2}}, "type": "barpolar"}], "pie": [{"automargin": true, "type": "pie"}]}, "layout": {"autotypenumbers": "strict", "colorway": ["#636efa", "#EF553B", "#00cc96", "#ab63fa", "#FFA15A", "#19d3f3", "#FF6692", "#B6E880", "#FF97FF", "#FECB52"], "font": {"color": "#2a3f5f"}, "hovermode": "closest", "hoverlabel": {"align": "left"}, "paper_bgcolor": "white", "plot_bgcolor": "#E5ECF6", "polar": {"bgcolor": "#E5ECF6", "angularaxis": {"gridcolor": "white", "linecolor": "white", "ticks": ""}, "radialaxis": {"gridcolor": "white", "linecolor": "white", "ticks": ""}}, "ternary": {"bgcolor": "#E5ECF6", "aaxis": {"gridcolor": "white", "linecolor": "white", "ticks": ""}, "baxis": {"gridcolor": "white", "linecolor": "white", "ticks": ""}, "caxis": {"gridcolor": "white", "linecolor": "white", "ticks": ""}}, "coloraxis": {"colorbar": {"outlinewidth": 0, "ticks": ""}}, "colorscale": {"sequential": [[0.0, "#0d0887"], [0.1111111111111111, "#46039f"], [0.2222222222222222, "#7201a8"], [0.3333333333333333, "#9c179e"], [0.4444444444444444, "#bd3786"], [0.5555555555555556, "#d8576b"], [0.6666666666666666, "#ed7953"], [0.7777777777777778, "#fb9f3a"], [0.8888888888888888, "#fdca26"], [1.0, "#f0f921"]], "sequentialminus": [[0.0, "#0d0887"], [0.1111111111111111, "#46039f"], [0.2222222222222222, "#7201a8"], [0.3333333333333333, "#9c179e"], [0.4444444444444444, "#bd3786"], [0.5555555555555556, "#d8576b"], [0.6666666666666666, "#ed7953"], [0.7777777777777778, "#fb9f3a"], [0.8888888888888888, "#fdca26"], [1.0, "#f0f921"]], "diverging": [[0, "#8e0152"], [0.1, "#c51b7d"], [0.2, "#de77ae"], [0.3, "#f1b6da"], [0.4, "#fde0ef"], [0.5, "#f7f7f7"], [0.6, "#e6f5d0"], [0.7, "#b8e186"], [0.8, "#7fbc41"], [0.9, "#4d9221"], [1, "#276419"]]}, "xaxis": {"gridcolor": "white", "linecolor": "white", "ticks": "", "title": {"standoff": 15}, "zerolinecolor": "white", "automargin": true, "zerolinewidth": 2}, "yaxis": {"gridcolor": "white", "linecolor": "white", "ticks": "", "title": {"standoff": 15}, "zerolinecolor": "white", "automargin": true, "zerolinewidth": 2}, "scene": {"xaxis": {"backgroundcolor": "#E5ECF6", "gridcolor": "white", "linecolor": "white", "showbackground": true, "ticks": "", "zerolinecolor": "white", "gridwidth": 2}, "yaxis": {"backgroundcolor": "#E5ECF6", "gridcolor": "white", "linecolor": "white", "showbackground": true, "ticks": "", "zerolinecolor": "white", "gridwidth": 2}, "zaxis": {"backgroundcolor": "#E5ECF6", "gridcolor": "white", "linecolor": "white", "showbackground": true, "ticks": "", "zerolinecolor": "white", "gridwidth": 2}}, "shapedefaults": {"line": {"color": "#2a3f5f"}}, "annotationdefaults": {"arrowcolor": "#2a3f5f", "arrowhead": 0, "arrowwidth": 1}, "geo": {"bgcolor": "white", "landcolor": "#E5ECF6", "subunitcolor": "white", "showland": true, "showlakes": true, "lakecolor": "white"}, "title": {"x": 0.05}, "mapbox": {"style": "light"}}}}}