{"data": [{"z": [[3.913531541824341, 2.930227756500244, 0.26239344477653503, 0.27135616540908813, -4.9128031730651855, -2.536673069000244, 2.6972813606262207, -0.3965662717819214, -0.06467286497354507, 3.0372772216796875, 1.2853453159332275, 1.3400484323501587, 1.3072654008865356, -1.2425811290740967, 1.6353639364242554, 2.999610185623169, -0.010750261135399342, -2.8004913330078125, -2.864086389541626, 1.7377309799194336, -4.52406644821167], [2.930227756500244, 6.535445213317871, -1.0204572677612305, -2.2003798484802246, -7.723348617553711, -4.333219051361084, 2.2246971130371094, -1.9347678422927856, 0.8743641972541809, 3.7872540950775146, 0.296957403421402, -0.24560332298278809, -0.5671309232711792, -0.5731979608535767, 0.6667569875717163, 2.269087314605713, 2.3557727336883545, -2.6247503757476807, 2.9044313430786133, 0.8340141177177429, -1.539363145828247], [0.26239344477653503, -1.0204572677612305, 1.3198180198669434, 0.5709955096244812, 0.6891732811927795, 1.0404605865478516, 0.717724621295929, 0.479174941778183, 1.5056451559066772, 0.10362417250871658, 0.5683548450469971, -0.5944243669509888, -0.22578991949558258, -0.29250869154930115, 0.7815068364143372, 1.6078647375106812, 0.5200685858726501, 1.4043564796447754, -2.238269805908203, 1.1256945133209229, -1.4876043796539307], [0.27135616540908813, -2.2003798484802246, 0.5709955096244812, 2.0657289028167725, 0.40082862973213196, 0.9493967890739441, 0.8622016906738281, 1.6634161472320557, 0.04669627174735069, -0.042428527027368546, 1.1321645975112915, 1.8455636501312256, 1.0559600591659546, 1.5570554733276367, 1.8369107246398926, -0.42286619544029236, -1.4347569942474365, 0.10371915251016617, -3.5931859016418457, 0.5008341670036316, 0.019854966551065445], [-4.9128031730651855, -7.723348617553711, 0.6891732811927795, 0.40082862973213196, 13.212615966796875, 5.724667549133301, -5.5113749504089355, 0.3137633204460144, -2.683311700820923, -6.61081075668335, -2.5647430419921875, -2.4032387733459473, -0.14459554851055145, -2.7019779682159424, -4.787302494049072, -3.0067667961120605, -2.3815672397613525, 3.430103063583374, 0.4314262270927429, -2.3525888919830322, 1.2913103103637695], [-2.536673069000244, -4.333219051361084, 1.0404605865478516, 0.9493967890739441, 5.724667549133301, 3.3337085247039795, -1.7284290790557861, 1.025408148765564, 0.3224891126155853, -2.7777647972106934, -0.45569291710853577, -0.9437978267669678, -0.39458829164505005, 0.13931432366371155, -0.79265296459198, -1.0826425552368164, -0.672987699508667, 2.863384246826172, -1.1701388359069824, -0.433327853679657, 1.2474002838134766], [2.6972813606262207, 2.2246971130371094, 0.717724621295929, 0.8622016906738281, -5.5113749504089355, -1.7284290790557861, 3.2999753952026367, 0.6513175368309021, 2.0592408180236816, 3.1357169151306152, 1.9141215085983276, 1.371785044670105, 0.38521113991737366, 1.34380042552948, 3.2421841621398926, 2.400178909301758, 0.8651130199432373, -0.8312482237815857, -2.9617838859558105, 2.0048129558563232, -1.8749303817749023], [-0.3965662717819214, -1.9347678422927856, 0.479174941778183, 1.6634161472320557, 0.3137633204460144, 1.025408148765564, 0.6513175368309021, 1.5506736040115356, 0.6285081505775452, -0.1580003947019577, 0.9373632073402405, 1.3344244956970215, 0.43193814158439636, 2.0450992584228516, 1.7371950149536133, -0.7401897311210632, -0.8066694140434265, 0.7641777992248535, -2.4101009368896484, 0.3045033812522888, 1.1633378267288208], [-0.06467286497354507, 0.8743641972541809, 1.5056451559066772, 0.04669627174735069, -2.683311700820923, 0.3224891126155853, 2.0592408180236816, 0.6285081505775452, 4.3299431800842285, 1.5678558349609375, 1.1780556440353394, -1.1489959955215454, -1.7070574760437012, 1.9407529830932617, 2.4590842723846436, 2.0632712841033936, 2.7066078186035156, 2.8012425899505615, -0.8003933429718018, 1.748077392578125, 0.6660161018371582], [3.0372772216796875, 3.7872540950775146, 0.10362417250871658, -0.042428527027368546, -6.61081075668335, -2.7777647972106934, 3.1357169151306152, -0.1580003947019577, 1.5678558349609375, 3.551910877227783, 1.500430703163147, 1.0865923166275024, 0.23775483667850494, 0.7535998225212097, 2.5687882900238037, 2.419855833053589, 1.2355870008468628, -1.7033013105392456, -1.2815302610397339, 1.689223051071167, -1.9561030864715576], [1.2853453159332275, 0.296957403421402, 0.5683548450469971, 1.1321645975112915, -2.5647430419921875, -0.45569291710853577, 1.9141215085983276, 0.9373632073402405, 1.1780556440353394, 1.500430703163147, 1.3379069566726685, 1.2587864398956299, 0.45231854915618896, 1.3590039014816284, 2.2836132049560547, 0.969339907169342, 0.02209121361374855, -0.20441068708896637, -2.5978896617889404, 1.1483118534088135, -0.6816211342811584], [1.3400484323501587, -0.24560332298278809, -0.5944243669509888, 1.8455636501312256, -2.4032387733459473, -0.9437978267669678, 1.371785044670105, 1.3344244956970215, -1.1489959955215454, 1.0865923166275024, 1.2587864398956299, 3.1678969860076904, 1.716607928276062, 2.015977382659912, 2.130730152130127, -1.0851672887802124, -1.9259766340255737, -2.1124563217163086, -2.6555745601654053, 0.09266739338636398, 0.3267940878868103], [1.3072654008865356, -0.5671309232711792, -0.22578991949558258, 1.0559600591659546, -0.14459554851055145, -0.39458829164505005, 0.38521113991737366, 0.43193814158439636, -1.7070574760437012, 0.23775483667850494, 0.45231854915618896, 1.716607928276062, 1.567729115486145, -0.41712865233421326, 0.3770003914833069, -0.11404503136873245, -1.7642539739608765, -1.8654248714447021, -2.279263973236084, 0.06954053044319153, -1.6234476566314697], [-1.2425811290740967, -0.5731979608535767, -0.29250869154930115, 1.5570554733276367, -2.7019779682159424, 0.13931432366371155, 1.34380042552948, 2.0450992584228516, 1.9407529830932617, 0.7535998225212097, 1.3590039014816284, 2.015977382659912, -0.41712865233421326, 5.199018478393555, 3.2330148220062256, -2.258363723754883, 0.12497174739837646, 1.170130729675293, -0.37287577986717224, -0.08450912684202194, 4.981725692749023], [1.6353639364242554, 0.6667569875717163, 0.7815068364143372, 1.8369107246398926, -4.787302494049072, -0.79265296459198, 3.2421841621398926, 1.7371950149536133, 2.4590842723846436, 2.5687882900238037, 2.2836132049560547, 2.130730152130127, 0.3770003914833069, 3.2330148220062256, 4.1544952392578125, 1.0793523788452148, 0.3763049244880676, 0.06757447868585587, -3.6165432929992676, 1.7474195957183838, 0.20121368765830994], [2.999610185623169, 2.269087314605713, 1.6078647375106812, -0.42286619544029236, -3.0067667961120605, -1.0826425552368164, 2.400178909301758, -0.7401897311210632, 2.0632712841033936, 2.419855833053589, 0.969339907169342, -1.0851672887802124, -0.11404503136873245, -2.258363723754883, 1.0793523788452148, 4.653733730316162, 1.7296199798583984, -0.1434609591960907, -2.6699142456054688, 2.474979877471924, -5.2367262840271], [-0.010750261135399342, 2.3557727336883545, 0.5200685858726501, -1.4347569942474365, -2.3815672397613525, -0.672987699508667, 0.8651130199432373, -0.8066694140434265, 2.7066078186035156, 1.2355870008468628, 0.02209121361374855, -1.9259766340255737, -1.7642539739608765, 0.12497174739837646, 0.3763049244880676, 1.7296199798583984, 2.7448933124542236, 1.5046621561050415, 1.9571243524551392, 0.8300533294677734, 0.2410283237695694], [-2.8004913330078125, -2.6247503757476807, 1.4043564796447754, 0.10371915251016617, 3.430103063583374, 2.863384246826172, -0.8312482237815857, 0.7641777992248535, 2.8012425899505615, -1.7033013105392456, -0.20441068708896637, -2.1124563217163086, -1.8654248714447021, 1.170130729675293, 0.06757447868585587, -0.1434609591960907, 1.5046621561050415, 4.288199424743652, 0.30605313181877136, 0.19499249756336212, 2.351674795150757], [-2.864086389541626, 2.9044313430786133, -2.238269805908203, -3.5931859016418457, 0.4314262270927429, -1.1701388359069824, -2.9617838859558105, -2.4101009368896484, -0.8003933429718018, -1.2815302610397339, -2.5978896617889404, -2.6555745601654053, -2.279263973236084, -0.37287577986717224, -3.6165432929992676, -2.6699142456054688, 1.9571243524551392, 0.30605313181877136, 9.039192199707031, -2.6164422035217285, 4.66504430770874], [1.7377309799194336, 0.8340141177177429, 1.1256945133209229, 0.5008341670036316, -2.3525888919830322, -0.433327853679657, 2.0048129558563232, 0.3045033812522888, 1.748077392578125, 1.689223051071167, 1.1483118534088135, 0.09266739338636398, 0.06954053044319153, -0.08450912684202194, 1.7474195957183838, 2.474979877471924, 0.8300533294677734, 0.19499249756336212, -2.6164422035217285, 1.7013351917266846, -2.3948171138763428], [-4.52406644821167, -1.539363145828247, -1.4876043796539307, 0.019854966551065445, 1.2913103103637695, 1.2474002838134766, -1.8749303817749023, 1.1633378267288208, 0.6660161018371582, -1.9561030864715576, -0.6816211342811584, 0.3267940878868103, -1.6234476566314697, 4.981725692749023, 0.20121368765830994, -5.2367262840271, 0.2410283237695694, 2.351674795150757, 4.66504430770874, -2.3948171138763428, 8.789374351501465]], "type": "heatmap"}], "layout": {"template": {"data": {"histogram2dcontour": [{"type": "histogram2dcontour", "colorbar": {"outlinewidth": 0, "ticks": ""}, "colorscale": [[0.0, "#0d0887"], [0.1111111111111111, "#46039f"], [0.2222222222222222, "#7201a8"], [0.3333333333333333, "#9c179e"], [0.4444444444444444, "#bd3786"], [0.5555555555555556, "#d8576b"], [0.6666666666666666, "#ed7953"], [0.7777777777777778, "#fb9f3a"], [0.8888888888888888, "#fdca26"], [1.0, "#f0f921"]]}], "choropleth": [{"type": "choropleth", "colorbar": {"outlinewidth": 0, "ticks": ""}}], "histogram2d": [{"type": "histogram2d", "colorbar": {"outlinewidth": 0, "ticks": ""}, "colorscale": [[0.0, "#0d0887"], [0.1111111111111111, "#46039f"], [0.2222222222222222, "#7201a8"], [0.3333333333333333, "#9c179e"], [0.4444444444444444, "#bd3786"], [0.5555555555555556, "#d8576b"], [0.6666666666666666, "#ed7953"], [0.7777777777777778, "#fb9f3a"], [0.8888888888888888, "#fdca26"], [1.0, "#f0f921"]]}], "heatmap": [{"type": "heatmap", "colorbar": {"outlinewidth": 0, "ticks": ""}, "colorscale": [[0.0, "#0d0887"], [0.1111111111111111, "#46039f"], [0.2222222222222222, "#7201a8"], [0.3333333333333333, "#9c179e"], [0.4444444444444444, "#bd3786"], [0.5555555555555556, "#d8576b"], [0.6666666666666666, "#ed7953"], [0.7777777777777778, "#fb9f3a"], [0.8888888888888888, "#fdca26"], [1.0, "#f0f921"]]}], "heatmapgl": [{"type": "heatmapgl", "colorbar": {"outlinewidth": 0, "ticks": ""}, "colorscale": [[0.0, "#0d0887"], [0.1111111111111111, "#46039f"], [0.2222222222222222, "#7201a8"], [0.3333333333333333, "#9c179e"], [0.4444444444444444, "#bd3786"], [0.5555555555555556, "#d8576b"], [0.6666666666666666, "#ed7953"], [0.7777777777777778, "#fb9f3a"], [0.8888888888888888, "#fdca26"], [1.0, "#f0f921"]]}], "contourcarpet": [{"type": "contourcarpet", "colorbar": {"outlinewidth": 0, "ticks": ""}}], "contour": [{"type": "contour", "colorbar": {"outlinewidth": 0, "ticks": ""}, "colorscale": [[0.0, "#0d0887"], [0.1111111111111111, "#46039f"], [0.2222222222222222, "#7201a8"], [0.3333333333333333, "#9c179e"], [0.4444444444444444, "#bd3786"], [0.5555555555555556, "#d8576b"], [0.6666666666666666, "#ed7953"], [0.7777777777777778, "#fb9f3a"], [0.8888888888888888, "#fdca26"], [1.0, "#f0f921"]]}], "surface": [{"type": "surface", "colorbar": {"outlinewidth": 0, "ticks": ""}, "colorscale": [[0.0, "#0d0887"], [0.1111111111111111, "#46039f"], [0.2222222222222222, "#7201a8"], [0.3333333333333333, "#9c179e"], [0.4444444444444444, "#bd3786"], [0.5555555555555556, "#d8576b"], [0.6666666666666666, "#ed7953"], [0.7777777777777778, "#fb9f3a"], [0.8888888888888888, "#fdca26"], [1.0, "#f0f921"]]}], "mesh3d": [{"type": "mesh3d", "colorbar": {"outlinewidth": 0, "ticks": ""}}], "scatter": [{"fillpattern": {"fillmode": "overlay", "size": 10, "solidity": 0.2}, "type": "scatter"}], "parcoords": [{"type": "parcoords", "line": {"colorbar": {"outlinewidth": 0, "ticks": ""}}}], "scatterpolargl": [{"type": "scatterpolargl", "marker": {"colorbar": {"outlinewidth": 0, "ticks": ""}}}], "bar": [{"error_x": {"color": "#2a3f5f"}, "error_y": {"color": "#2a3f5f"}, "marker": {"line": {"color": "#E5ECF6", "width": 0.5}, "pattern": {"fillmode": "overlay", "size": 10, "solidity": 0.2}}, "type": "bar"}], "scattergeo": [{"type": "scattergeo", "marker": {"colorbar": {"outlinewidth": 0, "ticks": ""}}}], "scatterpolar": [{"type": "scatterpolar", "marker": {"colorbar": {"outlinewidth": 0, "ticks": ""}}}], "histogram": [{"marker": {"pattern": {"fillmode": "overlay", "size": 10, "solidity": 0.2}}, "type": "histogram"}], "scattergl": [{"type": "scattergl", "marker": {"colorbar": {"outlinewidth": 0, "ticks": ""}}}], "scatter3d": [{"type": "scatter3d", "line": {"colorbar": {"outlinewidth": 0, "ticks": ""}}, "marker": {"colorbar": {"outlinewidth": 0, "ticks": ""}}}], "scattermapbox": [{"type": "scattermapbox", "marker": {"colorbar": {"outlinewidth": 0, "ticks": ""}}}], "scatterternary": [{"type": "scatterternary", "marker": {"colorbar": {"outlinewidth": 0, "ticks": ""}}}], "scattercarpet": [{"type": "scattercarpet", "marker": {"colorbar": {"outlinewidth": 0, "ticks": ""}}}], "carpet": [{"aaxis": {"endlinecolor": "#2a3f5f", "gridcolor": "white", "linecolor": "white", "minorgridcolor": "white", "startlinecolor": "#2a3f5f"}, "baxis": {"endlinecolor": "#2a3f5f", "gridcolor": "white", "linecolor": "white", "minorgridcolor": "white", "startlinecolor": "#2a3f5f"}, "type": "carpet"}], "table": [{"cells": {"fill": {"color": "#EBF0F8"}, "line": {"color": "white"}}, "header": {"fill": {"color": "#C8D4E3"}, "line": {"color": "white"}}, "type": "table"}], "barpolar": [{"marker": {"line": {"color": "#E5ECF6", "width": 0.5}, "pattern": {"fillmode": "overlay", "size": 10, "solidity": 0.2}}, "type": "barpolar"}], "pie": [{"automargin": true, "type": "pie"}]}, "layout": {"autotypenumbers": "strict", "colorway": ["#636efa", "#EF553B", "#00cc96", "#ab63fa", "#FFA15A", "#19d3f3", "#FF6692", "#B6E880", "#FF97FF", "#FECB52"], "font": {"color": "#2a3f5f"}, "hovermode": "closest", "hoverlabel": {"align": "left"}, "paper_bgcolor": "white", "plot_bgcolor": "#E5ECF6", "polar": {"bgcolor": "#E5ECF6", "angularaxis": {"gridcolor": "white", "linecolor": "white", "ticks": ""}, "radialaxis": {"gridcolor": "white", "linecolor": "white", "ticks": ""}}, "ternary": {"bgcolor": "#E5ECF6", "aaxis": {"gridcolor": "white", "linecolor": "white", "ticks": ""}, "baxis": {"gridcolor": "white", "linecolor": "white", "ticks": ""}, "caxis": {"gridcolor": "white", "linecolor": "white", "ticks": ""}}, "coloraxis": {"colorbar": {"outlinewidth": 0, "ticks": ""}}, "colorscale": {"sequential": [[0.0, "#0d0887"], [0.1111111111111111, "#46039f"], [0.2222222222222222, "#7201a8"], [0.3333333333333333, "#9c179e"], [0.4444444444444444, "#bd3786"], [0.5555555555555556, "#d8576b"], [0.6666666666666666, "#ed7953"], [0.7777777777777778, "#fb9f3a"], [0.8888888888888888, "#fdca26"], [1.0, "#f0f921"]], "sequentialminus": [[0.0, "#0d0887"], [0.1111111111111111, "#46039f"], [0.2222222222222222, "#7201a8"], [0.3333333333333333, "#9c179e"], [0.4444444444444444, "#bd3786"], [0.5555555555555556, "#d8576b"], [0.6666666666666666, "#ed7953"], [0.7777777777777778, "#fb9f3a"], [0.8888888888888888, "#fdca26"], [1.0, "#f0f921"]], "diverging": [[0, "#8e0152"], [0.1, "#c51b7d"], [0.2, "#de77ae"], [0.3, "#f1b6da"], [0.4, "#fde0ef"], [0.5, "#f7f7f7"], [0.6, "#e6f5d0"], [0.7, "#b8e186"], [0.8, "#7fbc41"], [0.9, "#4d9221"], [1, "#276419"]]}, "xaxis": {"gridcolor": "white", "linecolor": "white", "ticks": "", "title": {"standoff": 15}, "zerolinecolor": "white", "automargin": true, "zerolinewidth": 2}, "yaxis": {"gridcolor": "white", "linecolor": "white", "ticks": "", "title": {"standoff": 15}, "zerolinecolor": "white", "automargin": true, "zerolinewidth": 2}, "scene": {"xaxis": {"backgroundcolor": "#E5ECF6", "gridcolor": "white", "linecolor": "white", "showbackground": true, "ticks": "", "zerolinecolor": "white", "gridwidth": 2}, "yaxis": {"backgroundcolor": "#E5ECF6", "gridcolor": "white", "linecolor": "white", "showbackground": true, "ticks": "", "zerolinecolor": "white", "gridwidth": 2}, "zaxis": {"backgroundcolor": "#E5ECF6", "gridcolor": "white", "linecolor": "white", "showbackground": true, "ticks": "", "zerolinecolor": "white", "gridwidth": 2}}, "shapedefaults": {"line": {"color": "#2a3f5f"}}, "annotationdefaults": {"arrowcolor": "#2a3f5f", "arrowhead": 0, "arrowwidth": 1}, "geo": {"bgcolor": "white", "landcolor": "#E5ECF6", "subunitcolor": "white", "showland": true, "showlakes": true, "lakecolor": "white"}, "title": {"x": 0.05}, "mapbox": {"style": "light"}}}}}