{"data": [{"z": [[3.298351764678955, 2.610548496246338, 0.042119089514017105, -0.34753650426864624, -4.666097640991211, -2.9401605129241943, 2.3121228218078613, -0.9375289678573608, -0.2004338800907135, 2.508199453353882, 0.7081016302108765, 0.9261807799339294, 0.8157762289047241, -1.3389825820922852, 1.2008169889450073, 2.6420507431030273, -0.016176875680685043, -2.8139801025390625, -2.519031047821045, 1.114635705947876, -4.053309917449951], [2.610548496246338, 6.601095199584961, -1.1868083477020264, -2.3951447010040283, -7.143123626708984, -4.158732891082764, 1.7523653507232666, -1.9878476858139038, 0.7075069546699524, 3.5087616443634033, -0.0751548558473587, -0.31300076842308044, -0.6927713751792908, -0.518065869808197, 0.23644296824932098, 1.8078131675720215, 2.634390354156494, -2.3289337158203125, 3.888914108276367, 0.5073732137680054, -0.8605079054832458], [0.042119089514017105, -1.1868083477020264, 1.2555255889892578, 0.3244100511074066, 0.6461235880851746, 0.8050501942634583, 0.6576417684555054, 0.232408344745636, 1.4872924089431763, -0.07609681040048599, 0.4011727273464203, -0.7904766798019409, -0.4307425320148468, -0.35663148760795593, 0.6847367286682129, 1.5596591234207153, 0.432932049036026, 1.3132764101028442, -2.326087713241577, 0.9195534586906433, -1.4426703453063965], [-0.34753650426864624, -2.3951447010040283, 0.3244100511074066, 1.6162885427474976, 0.7232876420021057, 0.8113434314727783, 0.433643639087677, 1.2972437143325806, -0.12388581037521362, -0.5056541562080383, 0.7593895196914673, 1.4209157228469849, 0.7006526589393616, 1.4799237251281738, 1.3821208477020264, -0.8359425663948059, -1.526403784751892, 0.0973324179649353, -2.9953396320343018, 0.028924940153956413, 0.5452880859375], [-4.666097640991211, -7.143123626708984, 0.6461235880851746, 0.7232876420021057, 13.22069263458252, 6.190717697143555, -5.546539783477783, 0.6736716032028198, -2.730877161026001, -6.284938812255859, -2.1993608474731445, -2.2998008728027344, 0.18801625072956085, -2.6930224895477295, -4.828400611877441, -3.0155768394470215, -2.288081169128418, 3.472914695739746, 1.1650729179382324, -1.9801350831985474, 1.343284249305725], [-2.9401605129241943, -4.158732891082764, 0.8050501942634583, 0.8113434314727783, 6.190717697143555, 3.6249098777770996, -2.2013561725616455, 1.0075422525405884, 0.12350224703550339, -3.0129282474517822, -0.5891862511634827, -1.1867742538452148, -0.46494773030281067, 0.1284833550453186, -1.2535227537155151, -1.5370113849639893, -0.626516580581665, 2.999328851699829, -0.04991702735424042, -0.6292575597763062, 1.867907166481018], [2.3121228218078613, 1.7523653507232666, 0.6576417684555054, 0.433643639087677, -5.546539783477783, -2.2013561725616455, 3.2355496883392334, 0.20548264682292938, 2.0519325733184814, 2.7657265663146973, 1.5562617778778076, 1.093001127243042, -0.0032604197040200233, 1.2695562839508057, 3.1427114009857178, 2.33221173286438, 0.7060966491699219, -0.9558995962142944, -3.3909833431243896, 1.5899388790130615, -1.8312307596206665], [-0.9375289678573608, -1.9878476858139038, 0.232408344745636, 1.2972437143325806, 0.6736716032028198, 1.0075422525405884, 0.20548264682292938, 1.2852928638458252, 0.4493526816368103, -0.5416279435157776, 0.6217349171638489, 0.9722287058830261, 0.16025206446647644, 1.9882909059524536, 1.2724863290786743, -1.166986346244812, -0.8258233070373535, 0.8085392117500305, -1.614831805229187, -0.08885712176561356, 1.728744626045227], [-0.2004338800907135, 0.7075069546699524, 1.4872924089431763, -0.12388581037521362, -2.730877161026001, 0.12350224703550339, 2.0519325733184814, 0.4493526816368103, 4.33732271194458, 1.4411343336105347, 1.048718810081482, -1.2631947994232178, -1.8596413135528564, 1.9042950868606567, 2.430940866470337, 2.05952525138855, 2.646868944168091, 2.741065740585327, -0.9845231175422668, 1.6003007888793945, 0.6561222076416016], [2.508199453353882, 3.5087616443634033, -0.07609681040048599, -0.5056541562080383, -6.284938812255859, -3.0129282474517822, 2.7657265663146973, -0.5416279435157776, 1.4411343336105347, 3.092212438583374, 1.0186151266098022, 0.7810263633728027, -0.14045771956443787, 0.7127001285552979, 2.1874051094055176, 2.059718608856201, 1.2584972381591797, -1.6412500143051147, -0.8986055254936218, 1.1727924346923828, -1.4765843152999878], [0.7081016302108765, -0.0751548558473587, 0.4011727273464203, 0.7593895196914673, -2.1993608474731445, -0.5891862511634827, 1.5562617778778076, 0.6217349171638489, 1.048718810081482, 1.0186151266098022, 0.9663437008857727, 0.9318041801452637, 0.11725319921970367, 1.334163784980774, 1.9414746761322021, 0.5997898578643799, -0.0921093299984932, -0.16378208994865417, -2.322272539138794, 0.6883503198623657, -0.22910775244235992], [0.9261807799339294, -0.31300076842308044, -0.7904766798019409, 1.4209157228469849, -2.2998008728027344, -1.1867742538452148, 1.093001127243042, 0.9722287058830261, -1.2631947994232178, 0.7810263633728027, 0.9318041801452637, 2.8304200172424316, 1.406662940979004, 1.9166936874389648, 1.7903422117233276, -1.3317142724990845, -1.9432258605957031, -2.1734871864318848, -2.221799373626709, -0.2843192219734192, 0.654818058013916], [0.8157762289047241, -0.6927713751792908, -0.4307425320148468, 0.7006526589393616, 0.18801625072956085, -0.46494773030281067, -0.0032604197040200233, 0.16025206446647644, -1.8596413135528564, -0.14045771956443787, 0.11725319921970367, 1.406662940979004, 1.2939903736114502, -0.46423575282096863, -0.02361307665705681, -0.48792314529418945, -1.7763779163360596, -1.81780207157135, -1.6807777881622314, -0.32578906416893005, -1.1317654848098755], [-1.3389825820922852, -0.518065869808197, -0.35663148760795593, 1.4799237251281738, -2.6930224895477295, 0.1284833550453186, 1.2695562839508057, 1.9882909059524536, 1.9042950868606567, 0.7127001285552979, 1.334163784980774, 1.9166936874389648, -0.46423575282096863, 5.170520305633545, 3.138498067855835, -2.324976682662964, 0.10681916773319244, 1.1407541036605835, -0.16749605536460876, -0.13503599166870117, 5.069961071014404], [1.2008169889450073, 0.23644296824932098, 0.6847367286682129, 1.3821208477020264, -4.828400611877441, -1.2535227537155151, 3.1427114009857178, 1.2724863290786743, 2.430940866470337, 2.1874051094055176, 1.9414746761322021, 1.7903422117233276, -0.02361307665705681, 3.138498067855835, 4.007529258728027, 0.9816030859947205, 0.18713533878326416, -0.0857618898153305, -3.930192470550537, 1.3262490034103394, 0.2797772288322449], [2.6420507431030273, 1.8078131675720215, 1.5596591234207153, -0.8359425663948059, -3.0155768394470215, -1.5370113849639893, 2.33221173286438, -1.166986346244812, 2.05952525138855, 2.059718608856201, 0.5997898578643799, -1.3317142724990845, -0.48792314529418945, -2.324976682662964, 0.9816030859947205, 4.587226390838623, 1.6086972951889038, -0.23797006905078888, -3.08449125289917, 2.0673561096191406, -5.1856184005737305], [-0.016176875680685043, 2.634390354156494, 0.432932049036026, -1.526403784751892, -2.288081169128418, -0.626516580581665, 0.7060966491699219, -0.8258233070373535, 2.646868944168091, 1.2584972381591797, -0.0921093299984932, -1.9432258605957031, -1.7763779163360596, 0.10681916773319244, 0.18713533878326416, 1.6086972951889038, 2.961122989654541, 1.5896533727645874, 2.5566511154174805, 0.7728016376495361, 0.4673324525356293], [-2.8139801025390625, -2.3289337158203125, 1.3132764101028442, 0.0973324179649353, 3.472914695739746, 2.999328851699829, -0.9558995962142944, 0.8085392117500305, 2.741065740585327, -1.6412500143051147, -0.16378208994865417, -2.1734871864318848, -1.81780207157135, 1.1407541036605835, -0.0857618898153305, -0.23797006905078888, 1.5896533727645874, 4.306678771972656, 0.8731570839881897, 0.2386118471622467, 2.511826753616333], [-2.519031047821045, 3.888914108276367, -2.326087713241577, -2.9953396320343018, 1.1650729179382324, -0.04991702735424042, -3.3909833431243896, -1.614831805229187, -0.9845231175422668, -0.8986055254936218, -2.322272539138794, -2.221799373626709, -1.6807777881622314, -0.16749605536460876, -3.930192470550537, -3.08449125289917, 2.5566511154174805, 0.8731570839881897, 11.022233009338379, -2.194352626800537, 5.375702381134033], [1.114635705947876, 0.5073732137680054, 0.9195534586906433, 0.028924940153956413, -1.9801350831985474, -0.6292575597763062, 1.5899388790130615, -0.08885712176561356, 1.6003007888793945, 1.1727924346923828, 0.6883503198623657, -0.2843192219734192, -0.32578906416893005, -0.13503599166870117, 1.3262490034103394, 2.0673561096191406, 0.7728016376495361, 0.2386118471622467, -2.194352626800537, 1.168248176574707, -1.872721791267395], [-4.053309917449951, -0.8605079054832458, -1.4426703453063965, 0.5452880859375, 1.343284249305725, 1.867907166481018, -1.8312307596206665, 1.728744626045227, 0.6561222076416016, -1.4765843152999878, -0.22910775244235992, 0.654818058013916, -1.1317654848098755, 5.069961071014404, 0.2797772288322449, -5.1856184005737305, 0.4673324525356293, 2.511826753616333, 5.375702381134033, -1.872721791267395, 8.789374351501465]], "type": "heatmap"}], "layout": {"template": {"data": {"histogram2dcontour": [{"type": "histogram2dcontour", "colorbar": {"outlinewidth": 0, "ticks": ""}, "colorscale": [[0.0, "#0d0887"], [0.1111111111111111, "#46039f"], [0.2222222222222222, "#7201a8"], [0.3333333333333333, "#9c179e"], [0.4444444444444444, "#bd3786"], [0.5555555555555556, "#d8576b"], [0.6666666666666666, "#ed7953"], [0.7777777777777778, "#fb9f3a"], [0.8888888888888888, "#fdca26"], [1.0, "#f0f921"]]}], "choropleth": [{"type": "choropleth", "colorbar": {"outlinewidth": 0, "ticks": ""}}], "histogram2d": [{"type": "histogram2d", "colorbar": {"outlinewidth": 0, "ticks": ""}, "colorscale": [[0.0, "#0d0887"], [0.1111111111111111, "#46039f"], [0.2222222222222222, "#7201a8"], [0.3333333333333333, "#9c179e"], [0.4444444444444444, "#bd3786"], [0.5555555555555556, "#d8576b"], [0.6666666666666666, "#ed7953"], [0.7777777777777778, "#fb9f3a"], [0.8888888888888888, "#fdca26"], [1.0, "#f0f921"]]}], "heatmap": [{"type": "heatmap", "colorbar": {"outlinewidth": 0, "ticks": ""}, "colorscale": [[0.0, "#0d0887"], [0.1111111111111111, "#46039f"], [0.2222222222222222, "#7201a8"], [0.3333333333333333, "#9c179e"], [0.4444444444444444, "#bd3786"], [0.5555555555555556, "#d8576b"], [0.6666666666666666, "#ed7953"], [0.7777777777777778, "#fb9f3a"], [0.8888888888888888, "#fdca26"], [1.0, "#f0f921"]]}], "heatmapgl": [{"type": "heatmapgl", "colorbar": {"outlinewidth": 0, "ticks": ""}, "colorscale": [[0.0, "#0d0887"], [0.1111111111111111, "#46039f"], [0.2222222222222222, "#7201a8"], [0.3333333333333333, "#9c179e"], [0.4444444444444444, "#bd3786"], [0.5555555555555556, "#d8576b"], [0.6666666666666666, "#ed7953"], [0.7777777777777778, "#fb9f3a"], [0.8888888888888888, "#fdca26"], [1.0, "#f0f921"]]}], "contourcarpet": [{"type": "contourcarpet", "colorbar": {"outlinewidth": 0, "ticks": ""}}], "contour": [{"type": "contour", "colorbar": {"outlinewidth": 0, "ticks": ""}, "colorscale": [[0.0, "#0d0887"], [0.1111111111111111, "#46039f"], [0.2222222222222222, "#7201a8"], [0.3333333333333333, "#9c179e"], [0.4444444444444444, "#bd3786"], [0.5555555555555556, "#d8576b"], [0.6666666666666666, "#ed7953"], [0.7777777777777778, "#fb9f3a"], [0.8888888888888888, "#fdca26"], [1.0, "#f0f921"]]}], "surface": [{"type": "surface", "colorbar": {"outlinewidth": 0, "ticks": ""}, "colorscale": [[0.0, "#0d0887"], [0.1111111111111111, "#46039f"], [0.2222222222222222, "#7201a8"], [0.3333333333333333, "#9c179e"], [0.4444444444444444, "#bd3786"], [0.5555555555555556, "#d8576b"], [0.6666666666666666, "#ed7953"], [0.7777777777777778, "#fb9f3a"], [0.8888888888888888, "#fdca26"], [1.0, "#f0f921"]]}], "mesh3d": [{"type": "mesh3d", "colorbar": {"outlinewidth": 0, "ticks": ""}}], "scatter": [{"fillpattern": {"fillmode": "overlay", "size": 10, "solidity": 0.2}, "type": "scatter"}], "parcoords": [{"type": "parcoords", "line": {"colorbar": {"outlinewidth": 0, "ticks": ""}}}], "scatterpolargl": [{"type": "scatterpolargl", "marker": {"colorbar": {"outlinewidth": 0, "ticks": ""}}}], "bar": [{"error_x": {"color": "#2a3f5f"}, "error_y": {"color": "#2a3f5f"}, "marker": {"line": {"color": "#E5ECF6", "width": 0.5}, "pattern": {"fillmode": "overlay", "size": 10, "solidity": 0.2}}, "type": "bar"}], "scattergeo": [{"type": "scattergeo", "marker": {"colorbar": {"outlinewidth": 0, "ticks": ""}}}], "scatterpolar": [{"type": "scatterpolar", "marker": {"colorbar": {"outlinewidth": 0, "ticks": ""}}}], "histogram": [{"marker": {"pattern": {"fillmode": "overlay", "size": 10, "solidity": 0.2}}, "type": "histogram"}], "scattergl": [{"type": "scattergl", "marker": {"colorbar": {"outlinewidth": 0, "ticks": ""}}}], "scatter3d": [{"type": "scatter3d", "line": {"colorbar": {"outlinewidth": 0, "ticks": ""}}, "marker": {"colorbar": {"outlinewidth": 0, "ticks": ""}}}], "scattermapbox": [{"type": "scattermapbox", "marker": {"colorbar": {"outlinewidth": 0, "ticks": ""}}}], "scatterternary": [{"type": "scatterternary", "marker": {"colorbar": {"outlinewidth": 0, "ticks": ""}}}], "scattercarpet": [{"type": "scattercarpet", "marker": {"colorbar": {"outlinewidth": 0, "ticks": ""}}}], "carpet": [{"aaxis": {"endlinecolor": "#2a3f5f", "gridcolor": "white", "linecolor": "white", "minorgridcolor": "white", "startlinecolor": "#2a3f5f"}, "baxis": {"endlinecolor": "#2a3f5f", "gridcolor": "white", "linecolor": "white", "minorgridcolor": "white", "startlinecolor": "#2a3f5f"}, "type": "carpet"}], "table": [{"cells": {"fill": {"color": "#EBF0F8"}, "line": {"color": "white"}}, "header": {"fill": {"color": "#C8D4E3"}, "line": {"color": "white"}}, "type": "table"}], "barpolar": [{"marker": {"line": {"color": "#E5ECF6", "width": 0.5}, "pattern": {"fillmode": "overlay", "size": 10, "solidity": 0.2}}, "type": "barpolar"}], "pie": [{"automargin": true, "type": "pie"}]}, "layout": {"autotypenumbers": "strict", "colorway": ["#636efa", "#EF553B", "#00cc96", "#ab63fa", "#FFA15A", "#19d3f3", "#FF6692", "#B6E880", "#FF97FF", "#FECB52"], "font": {"color": "#2a3f5f"}, "hovermode": "closest", "hoverlabel": {"align": "left"}, "paper_bgcolor": "white", "plot_bgcolor": "#E5ECF6", "polar": {"bgcolor": "#E5ECF6", "angularaxis": {"gridcolor": "white", "linecolor": "white", "ticks": ""}, "radialaxis": {"gridcolor": "white", "linecolor": "white", "ticks": ""}}, "ternary": {"bgcolor": "#E5ECF6", "aaxis": {"gridcolor": "white", "linecolor": "white", "ticks": ""}, "baxis": {"gridcolor": "white", "linecolor": "white", "ticks": ""}, "caxis": {"gridcolor": "white", "linecolor": "white", "ticks": ""}}, "coloraxis": {"colorbar": {"outlinewidth": 0, "ticks": ""}}, "colorscale": {"sequential": [[0.0, "#0d0887"], [0.1111111111111111, "#46039f"], [0.2222222222222222, "#7201a8"], [0.3333333333333333, "#9c179e"], [0.4444444444444444, "#bd3786"], [0.5555555555555556, "#d8576b"], [0.6666666666666666, "#ed7953"], [0.7777777777777778, "#fb9f3a"], [0.8888888888888888, "#fdca26"], [1.0, "#f0f921"]], "sequentialminus": [[0.0, "#0d0887"], [0.1111111111111111, "#46039f"], [0.2222222222222222, "#7201a8"], [0.3333333333333333, "#9c179e"], [0.4444444444444444, "#bd3786"], [0.5555555555555556, "#d8576b"], [0.6666666666666666, "#ed7953"], [0.7777777777777778, "#fb9f3a"], [0.8888888888888888, "#fdca26"], [1.0, "#f0f921"]], "diverging": [[0, "#8e0152"], [0.1, "#c51b7d"], [0.2, "#de77ae"], [0.3, "#f1b6da"], [0.4, "#fde0ef"], [0.5, "#f7f7f7"], [0.6, "#e6f5d0"], [0.7, "#b8e186"], [0.8, "#7fbc41"], [0.9, "#4d9221"], [1, "#276419"]]}, "xaxis": {"gridcolor": "white", "linecolor": "white", "ticks": "", "title": {"standoff": 15}, "zerolinecolor": "white", "automargin": true, "zerolinewidth": 2}, "yaxis": {"gridcolor": "white", "linecolor": "white", "ticks": "", "title": {"standoff": 15}, "zerolinecolor": "white", "automargin": true, "zerolinewidth": 2}, "scene": {"xaxis": {"backgroundcolor": "#E5ECF6", "gridcolor": "white", "linecolor": "white", "showbackground": true, "ticks": "", "zerolinecolor": "white", "gridwidth": 2}, "yaxis": {"backgroundcolor": "#E5ECF6", "gridcolor": "white", "linecolor": "white", "showbackground": true, "ticks": "", "zerolinecolor": "white", "gridwidth": 2}, "zaxis": {"backgroundcolor": "#E5ECF6", "gridcolor": "white", "linecolor": "white", "showbackground": true, "ticks": "", "zerolinecolor": "white", "gridwidth": 2}}, "shapedefaults": {"line": {"color": "#2a3f5f"}}, "annotationdefaults": {"arrowcolor": "#2a3f5f", "arrowhead": 0, "arrowwidth": 1}, "geo": {"bgcolor": "white", "landcolor": "#E5ECF6", "subunitcolor": "white", "showland": true, "showlakes": true, "lakecolor": "white"}, "title": {"x": 0.05}, "mapbox": {"style": "light"}}}}}