{"data": [{"z": [[3.9536032676696777, 2.9579312801361084, 0.27332621812820435, 0.30384504795074463, -4.928095817565918, -2.515477418899536, 2.7037441730499268, -0.3649858236312866, -0.056753724813461304, 3.0592150688171387, 1.3017182350158691, 1.3678929805755615, 1.3425400257110596, -1.240674614906311, 1.6495567560195923, 3.020252227783203, -0.007191849406808615, -2.799670457839966, -2.8745107650756836, 1.7662734985351562, -4.550391674041748], [2.9579312801361084, 6.5446696281433105, -1.009252905845642, -2.1835601329803467, -7.757911205291748, -4.33788537979126, 2.2613608837127686, -1.9273593425750732, 0.885308563709259, 3.805868148803711, 0.3284408450126648, -0.2377525418996811, -0.5543211102485657, -0.5732528567314148, 0.6990159153938293, 2.2931928634643555, 2.3454771041870117, -2.6388843059539795, 2.8603739738464355, 0.8569691777229309, -1.5767065286636353], [0.27332621812820435, -1.009252905845642, 1.3211898803710938, 0.5806474089622498, 0.6920652389526367, 1.0512468814849854, 0.7089481353759766, 0.4914860725402832, 1.5057010650634766, 0.10879365354776382, 0.5655347108840942, -0.5834063291549683, -0.21303078532218933, -0.29200947284698486, 0.7775747179985046, 1.6104869842529297, 0.525580644607544, 1.4087848663330078, -2.2287042140960693, 1.131908655166626, -1.4886901378631592], [0.30384504795074463, -2.1835601329803467, 0.5806474089622498, 2.0872108936309814, 0.38732007145881653, 0.9589830636978149, 0.8652108907699585, 1.6852494478225708, 0.05349211394786835, -0.02121402882039547, 1.1362178325653076, 1.870474100112915, 1.0796759128570557, 1.5574121475219727, 1.8460355997085571, -0.4015885889530182, -1.4268189668655396, 0.10532665252685547, -3.6110999584198, 0.5217249393463135, -0.004033900797367096], [-4.928095817565918, -7.757911205291748, 0.6920652389526367, 0.38732007145881653, 13.212411880493164, 5.703583240509033, -5.500025272369385, 0.2967875301837921, -2.681766986846924, -6.614414215087891, -2.5710365772247314, -2.4106178283691406, -0.166875958442688, -2.7006664276123047, -4.779707908630371, -3.003676414489746, -2.3863799571990967, 3.4280624389648438, 0.38938361406326294, -2.3624205589294434, 1.287139654159546], [-2.515477418899536, -4.33788537979126, 1.0512468814849854, 0.9589830636978149, 5.703583240509033, 3.3243167400360107, -1.7091525793075562, 1.0306791067123413, 0.3310021162033081, -2.759347915649414, -0.44863298535346985, -0.9297186136245728, -0.3890039026737213, 0.13952375948429108, -0.773527979850769, -1.0589137077331543, -0.6723150014877319, 2.8583309650421143, -1.2182062864303589, -0.41892924904823303, 1.2178205251693726], [2.7037441730499268, 2.2613608837127686, 0.7089481353759766, 0.8652108907699585, -5.500025272369385, -1.7091525793075562, 3.2697460651397705, 0.6635084748268127, 2.052811622619629, 3.1353089809417725, 1.9014195203781128, 1.377016544342041, 0.401509553194046, 1.3403548002243042, 3.2168171405792236, 2.3896329402923584, 0.879865288734436, -0.8235591053962708, -2.8957409858703613, 2.004528522491455, -1.8558053970336914], [-0.3649858236312866, -1.9273593425750732, 0.4914860725402832, 1.6852494478225708, 0.2967875301837921, 1.0306791067123413, 0.6635084748268127, 1.5699660778045654, 0.6371802687644958, -0.13662686944007874, 0.9465139508247375, 1.3581358194351196, 0.4523070454597473, 2.046438694000244, 1.7541931867599487, -0.7158460021018982, -0.8036035895347595, 0.7633160948753357, -2.4464190006256104, 0.32633262872695923, 1.1334172487258911], [-0.056753724813461304, 0.885308563709259, 1.5057010650634766, 0.05349211394786835, -2.681766986846924, 0.3310021162033081, 2.052811622619629, 0.6371802687644958, 4.329549312591553, 1.5710172653198242, 1.1772464513778687, -1.1421395540237427, -1.6972074508666992, 1.94073486328125, 2.4556822776794434, 2.0640721321105957, 2.710235118865967, 2.8037147521972656, -0.7889336347579956, 1.7524869441986084, 0.6662639379501343], [3.0592150688171387, 3.805868148803711, 0.10879365354776382, -0.02121402882039547, -6.614414215087891, -2.759347915649414, 3.1353089809417725, -0.13662686944007874, 1.5710172653198242, 3.561500072479248, 1.5106583833694458, 1.1026920080184937, 0.2613407075405121, 0.7553129196166992, 2.574270009994507, 2.427527666091919, 1.2367658615112305, -1.7010263204574585, -1.2779666185379028, 1.7054085731506348, -1.9666101932525635], [1.3017182350158691, 0.3284408450126648, 0.5655347108840942, 1.1362178325653076, -2.5710365772247314, -0.44863298535346985, 1.9014195203781128, 0.9465139508247375, 1.1772464513778687, 1.5106583833694458, 1.331836462020874, 1.2674195766448975, 0.4664728045463562, 1.354704737663269, 2.2725765705108643, 0.9737721681594849, 0.03520939126610756, -0.20328812301158905, -2.565563678741455, 1.1550099849700928, -0.682185709476471], [1.3678929805755615, -0.2377525418996811, -0.5834063291549683, 1.870474100112915, -2.4106178283691406, -0.9297186136245728, 1.377016544342041, 1.3581358194351196, -1.1421395540237427, 1.1026920080184937, 1.2674195766448975, 3.1917076110839844, 1.7401678562164307, 2.0191028118133545, 2.143491268157959, -1.0676507949829102, -1.923904299736023, -2.109287738800049, -2.6800670623779297, 0.11307594180107117, 0.30510714650154114], [1.3425400257110596, -0.5543211102485657, -0.21303078532218933, 1.0796759128570557, -0.166875958442688, -0.3890039026737213, 0.401509553194046, 0.4523070454597473, -1.6972074508666992, 0.2613407075405121, 0.4664728045463562, 1.7401678562164307, 1.5904902219772339, -0.4160557985305786, 0.3971511423587799, -0.08779014647006989, -1.762129783630371, -1.8685036897659302, -2.314884662628174, 0.09444847702980042, -1.6566787958145142], [-1.240674614906311, -0.5732528567314148, -0.29200947284698486, 1.5574121475219727, -2.7006664276123047, 0.13952375948429108, 1.3403548002243042, 2.046438694000244, 1.94073486328125, 0.7553129196166992, 1.354704737663269, 2.0191028118133545, -0.4160557985305786, 5.198591232299805, 3.2307260036468506, -2.2565724849700928, 0.12795564532279968, 1.1718084812164307, -0.373679518699646, -0.08422862738370895, 4.9811553955078125], [1.6495567560195923, 0.6990159153938293, 0.7775747179985046, 1.8460355997085571, -4.779707908630371, -0.773527979850769, 3.2168171405792236, 1.7541931867599487, 2.4556822776794434, 2.574270009994507, 2.2725765705108643, 2.143491268157959, 0.3971511423587799, 3.2307260036468506, 4.135761260986328, 1.0768531560897827, 0.391079306602478, 0.0756131038069725, -3.569828987121582, 1.7528183460235596, 0.21042300760746002], [3.020252227783203, 2.2931928634643555, 1.6104869842529297, -0.4015885889530182, -3.003676414489746, -1.0589137077331543, 2.3896329402923584, -0.7158460021018982, 2.0640721321105957, 2.427527666091919, 0.9737721681594849, -1.0676507949829102, -0.08779014647006989, -2.2565724849700928, 1.0768531560897827, 4.656650066375732, 1.7346230745315552, -0.13754405081272125, -2.649686336517334, 2.4890148639678955, -5.23936128616333], [-0.007191849406808615, 2.3454771041870117, 0.525580644607544, -1.4268189668655396, -2.3863799571990967, -0.6723150014877319, 0.879865288734436, -0.8036035895347595, 2.710235118865967, 1.2367658615112305, 0.03520939126610756, -1.923904299736023, -1.762129783630371, 0.12795564532279968, 0.391079306602478, 1.7346230745315552, 2.7356200218200684, 1.501684308052063, 1.9303137063980103, 0.8360481262207031, 0.2301531285047531], [-2.799670457839966, -2.6388843059539795, 1.4087848663330078, 0.10532665252685547, 3.4280624389648438, 2.8583309650421143, -0.8235591053962708, 0.7633160948753357, 2.8037147521972656, -1.7010263204574585, -0.20328812301158905, -2.109287738800049, -1.8685036897659302, 1.1718084812164307, 0.0756131038069725, -0.13754405081272125, 1.501684308052063, 4.287665367126465, 0.2791653573513031, 0.19640681147575378, 2.3434600830078125], [-2.8745107650756836, 2.8603739738464355, -2.2287042140960693, -3.6110999584198, 0.38938361406326294, -1.2182062864303589, -2.8957409858703613, -2.4464190006256104, -0.7889336347579956, -1.2779666185379028, -2.565563678741455, -2.6800670623779297, -2.314884662628174, -0.373679518699646, -3.569828987121582, -2.649686336517334, 1.9303137063980103, 0.2791653573513031, 8.940423011779785, -2.6167545318603516, 4.627181053161621], [1.7662734985351562, 0.8569691777229309, 1.131908655166626, 0.5217249393463135, -2.3624205589294434, -0.41892924904823303, 2.004528522491455, 0.32633262872695923, 1.7524869441986084, 1.7054085731506348, 1.1550099849700928, 0.11307594180107117, 0.09444847702980042, -0.08422862738370895, 1.7528183460235596, 2.4890148639678955, 0.8360481262207031, 0.19640681147575378, -2.6167545318603516, 1.7200171947479248, -2.4110517501831055], [-4.550391674041748, -1.5767065286636353, -1.4886901378631592, -0.004033900797367096, 1.287139654159546, 1.2178205251693726, -1.8558053970336914, 1.1334172487258911, 0.6662639379501343, -1.9666101932525635, -0.682185709476471, 0.30510714650154114, -1.6566787958145142, 4.9811553955078125, 0.21042300760746002, -5.23936128616333, 0.2301531285047531, 2.3434600830078125, 4.627181053161621, -2.4110517501831055, 8.789374351501465]], "type": "heatmap"}], "layout": {"template": {"data": {"histogram2dcontour": [{"type": "histogram2dcontour", "colorbar": {"outlinewidth": 0, "ticks": ""}, "colorscale": [[0.0, "#0d0887"], [0.1111111111111111, "#46039f"], [0.2222222222222222, "#7201a8"], [0.3333333333333333, "#9c179e"], [0.4444444444444444, "#bd3786"], [0.5555555555555556, "#d8576b"], [0.6666666666666666, "#ed7953"], [0.7777777777777778, "#fb9f3a"], [0.8888888888888888, "#fdca26"], [1.0, "#f0f921"]]}], "choropleth": [{"type": "choropleth", "colorbar": {"outlinewidth": 0, "ticks": ""}}], "histogram2d": [{"type": "histogram2d", "colorbar": {"outlinewidth": 0, "ticks": ""}, "colorscale": [[0.0, "#0d0887"], [0.1111111111111111, "#46039f"], [0.2222222222222222, "#7201a8"], [0.3333333333333333, "#9c179e"], [0.4444444444444444, "#bd3786"], [0.5555555555555556, "#d8576b"], [0.6666666666666666, "#ed7953"], [0.7777777777777778, "#fb9f3a"], [0.8888888888888888, "#fdca26"], [1.0, "#f0f921"]]}], "heatmap": [{"type": "heatmap", "colorbar": {"outlinewidth": 0, "ticks": ""}, "colorscale": [[0.0, "#0d0887"], [0.1111111111111111, "#46039f"], [0.2222222222222222, "#7201a8"], [0.3333333333333333, "#9c179e"], [0.4444444444444444, "#bd3786"], [0.5555555555555556, "#d8576b"], [0.6666666666666666, "#ed7953"], [0.7777777777777778, "#fb9f3a"], [0.8888888888888888, "#fdca26"], [1.0, "#f0f921"]]}], "heatmapgl": [{"type": "heatmapgl", "colorbar": {"outlinewidth": 0, "ticks": ""}, "colorscale": [[0.0, "#0d0887"], [0.1111111111111111, "#46039f"], [0.2222222222222222, "#7201a8"], [0.3333333333333333, "#9c179e"], [0.4444444444444444, "#bd3786"], [0.5555555555555556, "#d8576b"], [0.6666666666666666, "#ed7953"], [0.7777777777777778, "#fb9f3a"], [0.8888888888888888, "#fdca26"], [1.0, "#f0f921"]]}], "contourcarpet": [{"type": "contourcarpet", "colorbar": {"outlinewidth": 0, "ticks": ""}}], "contour": [{"type": "contour", "colorbar": {"outlinewidth": 0, "ticks": ""}, "colorscale": [[0.0, "#0d0887"], [0.1111111111111111, "#46039f"], [0.2222222222222222, "#7201a8"], [0.3333333333333333, "#9c179e"], [0.4444444444444444, "#bd3786"], [0.5555555555555556, "#d8576b"], [0.6666666666666666, "#ed7953"], [0.7777777777777778, "#fb9f3a"], [0.8888888888888888, "#fdca26"], [1.0, "#f0f921"]]}], "surface": [{"type": "surface", "colorbar": {"outlinewidth": 0, "ticks": ""}, "colorscale": [[0.0, "#0d0887"], [0.1111111111111111, "#46039f"], [0.2222222222222222, "#7201a8"], [0.3333333333333333, "#9c179e"], [0.4444444444444444, "#bd3786"], [0.5555555555555556, "#d8576b"], [0.6666666666666666, "#ed7953"], [0.7777777777777778, "#fb9f3a"], [0.8888888888888888, "#fdca26"], [1.0, "#f0f921"]]}], "mesh3d": [{"type": "mesh3d", "colorbar": {"outlinewidth": 0, "ticks": ""}}], "scatter": [{"fillpattern": {"fillmode": "overlay", "size": 10, "solidity": 0.2}, "type": "scatter"}], "parcoords": [{"type": "parcoords", "line": {"colorbar": {"outlinewidth": 0, "ticks": ""}}}], "scatterpolargl": [{"type": "scatterpolargl", "marker": {"colorbar": {"outlinewidth": 0, "ticks": ""}}}], "bar": [{"error_x": {"color": "#2a3f5f"}, "error_y": {"color": "#2a3f5f"}, "marker": {"line": {"color": "#E5ECF6", "width": 0.5}, "pattern": {"fillmode": "overlay", "size": 10, "solidity": 0.2}}, "type": "bar"}], "scattergeo": [{"type": "scattergeo", "marker": {"colorbar": {"outlinewidth": 0, "ticks": ""}}}], "scatterpolar": [{"type": "scatterpolar", "marker": {"colorbar": {"outlinewidth": 0, "ticks": ""}}}], "histogram": [{"marker": {"pattern": {"fillmode": "overlay", "size": 10, "solidity": 0.2}}, "type": "histogram"}], "scattergl": [{"type": "scattergl", "marker": {"colorbar": {"outlinewidth": 0, "ticks": ""}}}], "scatter3d": [{"type": "scatter3d", "line": {"colorbar": {"outlinewidth": 0, "ticks": ""}}, "marker": {"colorbar": {"outlinewidth": 0, "ticks": ""}}}], "scattermapbox": [{"type": "scattermapbox", "marker": {"colorbar": {"outlinewidth": 0, "ticks": ""}}}], "scatterternary": [{"type": "scatterternary", "marker": {"colorbar": {"outlinewidth": 0, "ticks": ""}}}], "scattercarpet": [{"type": "scattercarpet", "marker": {"colorbar": {"outlinewidth": 0, "ticks": ""}}}], "carpet": [{"aaxis": {"endlinecolor": "#2a3f5f", "gridcolor": "white", "linecolor": "white", "minorgridcolor": "white", "startlinecolor": "#2a3f5f"}, "baxis": {"endlinecolor": "#2a3f5f", "gridcolor": "white", "linecolor": "white", "minorgridcolor": "white", "startlinecolor": "#2a3f5f"}, "type": "carpet"}], "table": [{"cells": {"fill": {"color": "#EBF0F8"}, "line": {"color": "white"}}, "header": {"fill": {"color": "#C8D4E3"}, "line": {"color": "white"}}, "type": "table"}], "barpolar": [{"marker": {"line": {"color": "#E5ECF6", "width": 0.5}, "pattern": {"fillmode": "overlay", "size": 10, "solidity": 0.2}}, "type": "barpolar"}], "pie": [{"automargin": true, "type": "pie"}]}, "layout": {"autotypenumbers": "strict", "colorway": ["#636efa", "#EF553B", "#00cc96", "#ab63fa", "#FFA15A", "#19d3f3", "#FF6692", "#B6E880", "#FF97FF", "#FECB52"], "font": {"color": "#2a3f5f"}, "hovermode": "closest", "hoverlabel": {"align": "left"}, "paper_bgcolor": "white", "plot_bgcolor": "#E5ECF6", "polar": {"bgcolor": "#E5ECF6", "angularaxis": {"gridcolor": "white", "linecolor": "white", "ticks": ""}, "radialaxis": {"gridcolor": "white", "linecolor": "white", "ticks": ""}}, "ternary": {"bgcolor": "#E5ECF6", "aaxis": {"gridcolor": "white", "linecolor": "white", "ticks": ""}, "baxis": {"gridcolor": "white", "linecolor": "white", "ticks": ""}, "caxis": {"gridcolor": "white", "linecolor": "white", "ticks": ""}}, "coloraxis": {"colorbar": {"outlinewidth": 0, "ticks": ""}}, "colorscale": {"sequential": [[0.0, "#0d0887"], [0.1111111111111111, "#46039f"], [0.2222222222222222, "#7201a8"], [0.3333333333333333, "#9c179e"], [0.4444444444444444, "#bd3786"], [0.5555555555555556, "#d8576b"], [0.6666666666666666, "#ed7953"], [0.7777777777777778, "#fb9f3a"], [0.8888888888888888, "#fdca26"], [1.0, "#f0f921"]], "sequentialminus": [[0.0, "#0d0887"], [0.1111111111111111, "#46039f"], [0.2222222222222222, "#7201a8"], [0.3333333333333333, "#9c179e"], [0.4444444444444444, "#bd3786"], [0.5555555555555556, "#d8576b"], [0.6666666666666666, "#ed7953"], [0.7777777777777778, "#fb9f3a"], [0.8888888888888888, "#fdca26"], [1.0, "#f0f921"]], "diverging": [[0, "#8e0152"], [0.1, "#c51b7d"], [0.2, "#de77ae"], [0.3, "#f1b6da"], [0.4, "#fde0ef"], [0.5, "#f7f7f7"], [0.6, "#e6f5d0"], [0.7, "#b8e186"], [0.8, "#7fbc41"], [0.9, "#4d9221"], [1, "#276419"]]}, "xaxis": {"gridcolor": "white", "linecolor": "white", "ticks": "", "title": {"standoff": 15}, "zerolinecolor": "white", "automargin": true, "zerolinewidth": 2}, "yaxis": {"gridcolor": "white", "linecolor": "white", "ticks": "", "title": {"standoff": 15}, "zerolinecolor": "white", "automargin": true, "zerolinewidth": 2}, "scene": {"xaxis": {"backgroundcolor": "#E5ECF6", "gridcolor": "white", "linecolor": "white", "showbackground": true, "ticks": "", "zerolinecolor": "white", "gridwidth": 2}, "yaxis": {"backgroundcolor": "#E5ECF6", "gridcolor": "white", "linecolor": "white", "showbackground": true, "ticks": "", "zerolinecolor": "white", "gridwidth": 2}, "zaxis": {"backgroundcolor": "#E5ECF6", "gridcolor": "white", "linecolor": "white", "showbackground": true, "ticks": "", "zerolinecolor": "white", "gridwidth": 2}}, "shapedefaults": {"line": {"color": "#2a3f5f"}}, "annotationdefaults": {"arrowcolor": "#2a3f5f", "arrowhead": 0, "arrowwidth": 1}, "geo": {"bgcolor": "white", "landcolor": "#E5ECF6", "subunitcolor": "white", "showland": true, "showlakes": true, "lakecolor": "white"}, "title": {"x": 0.05}, "mapbox": {"style": "light"}}}}}