{"data": [{"z": [[3.6981539726257324, 2.7923991680145264, 0.1963770091533661, 0.08470351248979568, -4.829686164855957, -2.663560152053833, 2.6286964416503906, -0.5711238980293274, -0.10795865952968597, 2.895259380340576, 1.1511088609695435, 1.1917152404785156, 1.122397780418396, -1.266247034072876, 1.5280874967575073, 2.883965015411377, -0.01973811350762844, -2.810415029525757, -2.788325071334839, 1.5611766576766968, -4.376160621643066], [2.7923991680145264, 6.506247043609619, -1.0749714374542236, -2.285790205001831, -7.530553340911865, -4.303894519805908, 2.036759614944458, -1.9721393585205078, 0.8171730637550354, 3.688378095626831, 0.14949561655521393, -0.28046080470085144, -0.6252673268318176, -0.5650973320007324, 0.5028038620948792, 2.1293957233428955, 2.413980007171631, -2.538933753967285, 3.170309066772461, 0.7111077904701233, -1.3290883302688599], [0.1963770091533661, -1.0749714374542236, 1.3024815320968628, 0.5048587322235107, 0.6719156503677368, 0.9723817110061646, 0.7395331859588623, 0.40519604086875916, 1.5018393993377686, 0.062432911247015, 0.5486933588981628, -0.6600728034973145, -0.2988094985485077, -0.3067789077758789, 0.7767049074172974, 1.5910557508468628, 0.49810248613357544, 1.3738245964050293, -2.2724192142486572, 1.0767430067062378, -1.4754291772842407], [0.08470351248979568, -2.285790205001831, 0.5048587322235107, 1.9386343955993652, 0.4833933711051941, 0.8987013101577759, 0.7999289035797119, 1.5459164381027222, 0.003128965850919485, -0.17668217420578003, 1.058767318725586, 1.7074264287948608, 0.9285591840744019, 1.5413190126419067, 1.7465099096298218, -0.544424831867218, -1.4667426347732544, 0.09185020625591278, -3.467059373855591, 0.3698803186416626, 0.1628427654504776], [-4.829686164855957, -7.530553340911865, 0.6719156503677368, 0.4833933711051941, 13.213958740234375, 5.859870433807373, -5.563546657562256, 0.4159669876098633, -2.695941925048828, -6.563803195953369, -2.505373477935791, -2.364558458328247, -0.024944119155406952, -2.702556610107422, -4.819828510284424, -3.0179998874664307, -2.353931427001953, 3.4469242095947266, 0.6697314977645874, -2.2756738662719727, 1.3140742778778076], [-2.663560152053833, -4.303894519805908, 0.9723817110061646, 0.8987013101577759, 5.859870433807373, 3.4060120582580566, -1.8619539737701416, 1.006420373916626, 0.2675038278102875, -2.8810131549835205, -0.5095745921134949, -1.0219454765319824, -0.4225747883319855, 0.13755536079406738, -0.919464111328125, -1.2225390672683716, -0.6703352928161621, 2.8993616104125977, -0.872434139251709, -0.5126930475234985, 1.4284145832061768], [2.6286964416503906, 2.036759614944458, 0.7395331859588623, 0.7999289035797119, -5.563546657562256, -1.8619539737701416, 3.408902883529663, 0.5525816082954407, 2.0827159881591797, 3.0943539142608643, 1.9111948013305664, 1.3157879114151, 0.27449485659599304, 1.340178370475769, 3.319326877593994, 2.4319329261779785, 0.8000932931900024, -0.8831576108932495, -3.2543931007385254, 1.9563580751419067, -1.942604422569275], [-0.5711238980293274, -1.9721393585205078, 0.40519604086875916, 1.5459164381027222, 0.4159669876098633, 1.006420373916626, 0.5525816082954407, 1.4550265073776245, 0.5772561430931091, -0.2840464115142822, 0.855473518371582, 1.2096527814865112, 0.3284635543823242, 2.0307178497314453, 1.6191719770431519, -0.8747965097427368, -0.8163353204727173, 0.7698976993560791, -2.1971421241760254, 0.1796274334192276, 1.3330219984054565], [-0.10795865952968597, 0.8171730637550354, 1.5018393993377686, 0.003128965850919485, -2.695941925048828, 0.2675038278102875, 2.0827159881591797, 0.5772561430931091, 4.332250595092773, 1.5422577857971191, 1.162735939025879, -1.1873466968536377, -1.7610151767730713, 1.9339816570281982, 2.4659945964813232, 2.0599093437194824, 2.690269708633423, 2.7825257778167725, -0.8615100979804993, 1.7152286767959595, 0.6635845899581909], [2.895259380340576, 3.688378095626831, 0.062432911247015, -0.17668217420578003, -6.563803195953369, -2.8810131549835205, 3.0943539142608643, -0.2840464115142822, 1.5422577857971191, 3.4627416133880615, 1.4012314081192017, 0.9897750616073608, 0.10494807362556458, 0.7368631958961487, 2.4992895126342773, 2.3506240844726562, 1.2364609241485596, -1.710676908493042, -1.2497177124023438, 1.5670084953308105, -1.86397385597229], [1.1511088609695435, 0.14949561655521393, 0.5486933588981628, 1.058767318725586, -2.505373477935791, -0.5095745921134949, 1.9111948013305664, 0.855473518371582, 1.162735939025879, 1.4012314081192017, 1.29673171043396, 1.1771422624588013, 0.3503243625164032, 1.361250400543213, 2.2668356895446777, 0.9054628014564514, -0.027146372944116592, -0.212519571185112, -2.6592319011688232, 1.059342861175537, -0.6189247369766235], [1.1917152404785156, -0.28046080470085144, -0.6600728034973145, 1.7074264287948608, -2.364558458328247, -1.0219454765319824, 1.3157879114151, 1.2096527814865112, -1.1873466968536377, 0.9897750616073608, 1.1771422624588013, 3.042802095413208, 1.5952746868133545, 1.9886032342910767, 2.0379085540771484, -1.177189588546753, -1.928627610206604, -2.1339714527130127, -2.513821840286255, -0.026423007249832153, 0.44394275546073914], [1.122397780418396, -0.6252673268318176, -0.2988094985485077, 0.9285591840744019, -0.024944119155406952, -0.4225747883319855, 0.27449485659599304, 0.3284635543823242, -1.7610151767730713, 0.10494807362556458, 0.3503243625164032, 1.5952746868133545, 1.453751564025879, -0.4303586184978485, 0.2496626377105713, -0.2532961964607239, -1.767616868019104, -1.85072922706604, -2.0748579502105713, -0.06917985528707504, -1.4441040754318237], [-1.266247034072876, -0.5650973320007324, -0.3067789077758789, 1.5413190126419067, -2.702556610107422, 0.13755536079406738, 1.340178370475769, 2.0307178497314453, 1.9339816570281982, 0.7368631958961487, 1.361250400543213, 1.9886032342910767, -0.4303586184978485, 5.194648265838623, 3.2218377590179443, -2.2771928310394287, 0.1164633259177208, 1.1604266166687012, -0.3340097963809967, -0.09687875956296921, 5.001080513000488], [1.5280874967575073, 0.5028038620948792, 0.7767049074172974, 1.7465099096298218, -4.819828510284424, -0.919464111328125, 3.319326877593994, 1.6191719770431519, 2.4659945964813232, 2.4992895126342773, 2.2668356895446777, 2.0379085540771484, 0.2496626377105713, 3.2218377590179443, 4.192763328552246, 1.072263479232788, 0.3126485049724579, 0.013589365407824516, -3.808640956878662, 1.6731270551681519, 0.1832369714975357], [2.883965015411377, 2.1293957233428955, 1.5910557508468628, -0.544424831867218, -3.0179998874664307, -1.2225390672683716, 2.4319329261779785, -0.8747965097427368, 2.0599093437194824, 2.3506240844726562, 0.9054628014564514, -1.177189588546753, -0.2532961964607239, -2.2771928310394287, 1.072263479232788, 4.633715629577637, 1.7033801078796387, -0.18034888803958893, -2.7877135276794434, 2.3769240379333496, -5.220428466796875], [-0.01973811350762844, 2.413980007171631, 0.49810248613357544, -1.4667426347732544, -2.353931427001953, -0.6703352928161621, 0.8000932931900024, -0.8163353204727173, 2.690269708633423, 1.2364609241485596, -0.027146372944116592, -1.928627610206604, -1.767616868019104, 0.1164633259177208, 0.3126485049724579, 1.7033801078796387, 2.7921488285064697, 1.5265107154846191, 2.0962393283843994, 0.8064320683479309, 0.29605013132095337], [-2.810415029525757, -2.538933753967285, 1.3738245964050293, 0.09185020625591278, 3.4469242095947266, 2.8993616104125977, -0.8831576108932495, 0.7698976993560791, 2.7825257778167725, -1.710676908493042, -0.212519571185112, -2.1339714527130127, -1.85072922706604, 1.1604266166687012, 0.013589365407824516, -0.18034888803958893, 1.5265107154846191, 4.294524669647217, 0.4795806109905243, 0.18927517533302307, 2.407150983810425], [-2.788325071334839, 3.170309066772461, -2.2724192142486572, -3.467059373855591, 0.6697314977645874, -0.872434139251709, -3.2543931007385254, -2.1971421241760254, -0.8615100979804993, -1.2497177124023438, -2.6592319011688232, -2.513821840286255, -2.0748579502105713, -0.3340097963809967, -3.808640956878662, -2.7877135276794434, 2.0962393283843994, 0.4795806109905243, 9.61002254486084, -2.5689876079559326, 4.879340648651123], [1.5611766576766968, 0.7111077904701233, 1.0767430067062378, 0.3698803186416626, -2.2756738662719727, -0.5126930475234985, 1.9563580751419067, 0.1796274334192276, 1.7152286767959595, 1.5670084953308105, 1.059342861175537, -0.026423007249832153, -0.06917985528707504, -0.09687875956296921, 1.6731270551681519, 2.3769240379333496, 0.8064320683479309, 0.18927517533302307, -2.5689876079559326, 1.5685665607452393, -2.27651047706604], [-4.376160621643066, -1.3290883302688599, -1.4754291772842407, 0.1628427654504776, 1.3140742778778076, 1.4284145832061768, -1.942604422569275, 1.3330219984054565, 0.6635845899581909, -1.86397385597229, -0.6189247369766235, 0.44394275546073914, -1.4441040754318237, 5.001080513000488, 0.1832369714975357, -5.220428466796875, 0.29605013132095337, 2.407150983810425, 4.879340648651123, -2.27651047706604, 8.789374351501465]], "type": "heatmap"}], "layout": {"template": {"data": {"histogram2dcontour": [{"type": "histogram2dcontour", "colorbar": {"outlinewidth": 0, "ticks": ""}, "colorscale": [[0.0, "#0d0887"], [0.1111111111111111, "#46039f"], [0.2222222222222222, "#7201a8"], [0.3333333333333333, "#9c179e"], [0.4444444444444444, "#bd3786"], [0.5555555555555556, "#d8576b"], [0.6666666666666666, "#ed7953"], [0.7777777777777778, "#fb9f3a"], [0.8888888888888888, "#fdca26"], [1.0, "#f0f921"]]}], "choropleth": [{"type": "choropleth", "colorbar": {"outlinewidth": 0, "ticks": ""}}], "histogram2d": [{"type": "histogram2d", "colorbar": {"outlinewidth": 0, "ticks": ""}, "colorscale": [[0.0, "#0d0887"], [0.1111111111111111, "#46039f"], [0.2222222222222222, "#7201a8"], [0.3333333333333333, "#9c179e"], [0.4444444444444444, "#bd3786"], [0.5555555555555556, "#d8576b"], [0.6666666666666666, "#ed7953"], [0.7777777777777778, "#fb9f3a"], [0.8888888888888888, "#fdca26"], [1.0, "#f0f921"]]}], "heatmap": [{"type": "heatmap", "colorbar": {"outlinewidth": 0, "ticks": ""}, "colorscale": [[0.0, "#0d0887"], [0.1111111111111111, "#46039f"], [0.2222222222222222, "#7201a8"], [0.3333333333333333, "#9c179e"], [0.4444444444444444, "#bd3786"], [0.5555555555555556, "#d8576b"], [0.6666666666666666, "#ed7953"], [0.7777777777777778, "#fb9f3a"], [0.8888888888888888, "#fdca26"], [1.0, "#f0f921"]]}], "heatmapgl": [{"type": "heatmapgl", "colorbar": {"outlinewidth": 0, "ticks": ""}, "colorscale": [[0.0, "#0d0887"], [0.1111111111111111, "#46039f"], [0.2222222222222222, "#7201a8"], [0.3333333333333333, "#9c179e"], [0.4444444444444444, "#bd3786"], [0.5555555555555556, "#d8576b"], [0.6666666666666666, "#ed7953"], [0.7777777777777778, "#fb9f3a"], [0.8888888888888888, "#fdca26"], [1.0, "#f0f921"]]}], "contourcarpet": [{"type": "contourcarpet", "colorbar": {"outlinewidth": 0, "ticks": ""}}], "contour": [{"type": "contour", "colorbar": {"outlinewidth": 0, "ticks": ""}, "colorscale": [[0.0, "#0d0887"], [0.1111111111111111, "#46039f"], [0.2222222222222222, "#7201a8"], [0.3333333333333333, "#9c179e"], [0.4444444444444444, "#bd3786"], [0.5555555555555556, "#d8576b"], [0.6666666666666666, "#ed7953"], [0.7777777777777778, "#fb9f3a"], [0.8888888888888888, "#fdca26"], [1.0, "#f0f921"]]}], "surface": [{"type": "surface", "colorbar": {"outlinewidth": 0, "ticks": ""}, "colorscale": [[0.0, "#0d0887"], [0.1111111111111111, "#46039f"], [0.2222222222222222, "#7201a8"], [0.3333333333333333, "#9c179e"], [0.4444444444444444, "#bd3786"], [0.5555555555555556, "#d8576b"], [0.6666666666666666, "#ed7953"], [0.7777777777777778, "#fb9f3a"], [0.8888888888888888, "#fdca26"], [1.0, "#f0f921"]]}], "mesh3d": [{"type": "mesh3d", "colorbar": {"outlinewidth": 0, "ticks": ""}}], "scatter": [{"fillpattern": {"fillmode": "overlay", "size": 10, "solidity": 0.2}, "type": "scatter"}], "parcoords": [{"type": "parcoords", "line": {"colorbar": {"outlinewidth": 0, "ticks": ""}}}], "scatterpolargl": [{"type": "scatterpolargl", "marker": {"colorbar": {"outlinewidth": 0, "ticks": ""}}}], "bar": [{"error_x": {"color": "#2a3f5f"}, "error_y": {"color": "#2a3f5f"}, "marker": {"line": {"color": "#E5ECF6", "width": 0.5}, "pattern": {"fillmode": "overlay", "size": 10, "solidity": 0.2}}, "type": "bar"}], "scattergeo": [{"type": "scattergeo", "marker": {"colorbar": {"outlinewidth": 0, "ticks": ""}}}], "scatterpolar": [{"type": "scatterpolar", "marker": {"colorbar": {"outlinewidth": 0, "ticks": ""}}}], "histogram": [{"marker": {"pattern": {"fillmode": "overlay", "size": 10, "solidity": 0.2}}, "type": "histogram"}], "scattergl": [{"type": "scattergl", "marker": {"colorbar": {"outlinewidth": 0, "ticks": ""}}}], "scatter3d": [{"type": "scatter3d", "line": {"colorbar": {"outlinewidth": 0, "ticks": ""}}, "marker": {"colorbar": {"outlinewidth": 0, "ticks": ""}}}], "scattermapbox": [{"type": "scattermapbox", "marker": {"colorbar": {"outlinewidth": 0, "ticks": ""}}}], "scatterternary": [{"type": "scatterternary", "marker": {"colorbar": {"outlinewidth": 0, "ticks": ""}}}], "scattercarpet": [{"type": "scattercarpet", "marker": {"colorbar": {"outlinewidth": 0, "ticks": ""}}}], "carpet": [{"aaxis": {"endlinecolor": "#2a3f5f", "gridcolor": "white", "linecolor": "white", "minorgridcolor": "white", "startlinecolor": "#2a3f5f"}, "baxis": {"endlinecolor": "#2a3f5f", "gridcolor": "white", "linecolor": "white", "minorgridcolor": "white", "startlinecolor": "#2a3f5f"}, "type": "carpet"}], "table": [{"cells": {"fill": {"color": "#EBF0F8"}, "line": {"color": "white"}}, "header": {"fill": {"color": "#C8D4E3"}, "line": {"color": "white"}}, "type": "table"}], "barpolar": [{"marker": {"line": {"color": "#E5ECF6", "width": 0.5}, "pattern": {"fillmode": "overlay", "size": 10, "solidity": 0.2}}, "type": "barpolar"}], "pie": [{"automargin": true, "type": "pie"}]}, "layout": {"autotypenumbers": "strict", "colorway": ["#636efa", "#EF553B", "#00cc96", "#ab63fa", "#FFA15A", "#19d3f3", "#FF6692", "#B6E880", "#FF97FF", "#FECB52"], "font": {"color": "#2a3f5f"}, "hovermode": "closest", "hoverlabel": {"align": "left"}, "paper_bgcolor": "white", "plot_bgcolor": "#E5ECF6", "polar": {"bgcolor": "#E5ECF6", "angularaxis": {"gridcolor": "white", "linecolor": "white", "ticks": ""}, "radialaxis": {"gridcolor": "white", "linecolor": "white", "ticks": ""}}, "ternary": {"bgcolor": "#E5ECF6", "aaxis": {"gridcolor": "white", "linecolor": "white", "ticks": ""}, "baxis": {"gridcolor": "white", "linecolor": "white", "ticks": ""}, "caxis": {"gridcolor": "white", "linecolor": "white", "ticks": ""}}, "coloraxis": {"colorbar": {"outlinewidth": 0, "ticks": ""}}, "colorscale": {"sequential": [[0.0, "#0d0887"], [0.1111111111111111, "#46039f"], [0.2222222222222222, "#7201a8"], [0.3333333333333333, "#9c179e"], [0.4444444444444444, "#bd3786"], [0.5555555555555556, "#d8576b"], [0.6666666666666666, "#ed7953"], [0.7777777777777778, "#fb9f3a"], [0.8888888888888888, "#fdca26"], [1.0, "#f0f921"]], "sequentialminus": [[0.0, "#0d0887"], [0.1111111111111111, "#46039f"], [0.2222222222222222, "#7201a8"], [0.3333333333333333, "#9c179e"], [0.4444444444444444, "#bd3786"], [0.5555555555555556, "#d8576b"], [0.6666666666666666, "#ed7953"], [0.7777777777777778, "#fb9f3a"], [0.8888888888888888, "#fdca26"], [1.0, "#f0f921"]], "diverging": [[0, "#8e0152"], [0.1, "#c51b7d"], [0.2, "#de77ae"], [0.3, "#f1b6da"], [0.4, "#fde0ef"], [0.5, "#f7f7f7"], [0.6, "#e6f5d0"], [0.7, "#b8e186"], [0.8, "#7fbc41"], [0.9, "#4d9221"], [1, "#276419"]]}, "xaxis": {"gridcolor": "white", "linecolor": "white", "ticks": "", "title": {"standoff": 15}, "zerolinecolor": "white", "automargin": true, "zerolinewidth": 2}, "yaxis": {"gridcolor": "white", "linecolor": "white", "ticks": "", "title": {"standoff": 15}, "zerolinecolor": "white", "automargin": true, "zerolinewidth": 2}, "scene": {"xaxis": {"backgroundcolor": "#E5ECF6", "gridcolor": "white", "linecolor": "white", "showbackground": true, "ticks": "", "zerolinecolor": "white", "gridwidth": 2}, "yaxis": {"backgroundcolor": "#E5ECF6", "gridcolor": "white", "linecolor": "white", "showbackground": true, "ticks": "", "zerolinecolor": "white", "gridwidth": 2}, "zaxis": {"backgroundcolor": "#E5ECF6", "gridcolor": "white", "linecolor": "white", "showbackground": true, "ticks": "", "zerolinecolor": "white", "gridwidth": 2}}, "shapedefaults": {"line": {"color": "#2a3f5f"}}, "annotationdefaults": {"arrowcolor": "#2a3f5f", "arrowhead": 0, "arrowwidth": 1}, "geo": {"bgcolor": "white", "landcolor": "#E5ECF6", "subunitcolor": "white", "showland": true, "showlakes": true, "lakecolor": "white"}, "title": {"x": 0.05}, "mapbox": {"style": "light"}}}}}