{"data": [{"z": [[3.6392133235931396, 2.7609167098999023, 0.17734190821647644, 0.03099026344716549, -4.80513334274292, -2.698441505432129, 2.6005470752716064, -0.6180557608604431, -0.12102717161178589, 2.846693277359009, 1.1042811870574951, 1.1534290313720703, 1.0749338865280151, -1.2742635011672974, 1.4908608198165894, 2.852440118789673, -0.01931671053171158, -2.812293291091919, -2.76273250579834, 1.5069750547409058, -4.333803176879883], [2.7609167098999023, 6.506259918212891, -1.0878762006759644, -2.3071885108947754, -7.48160457611084, -4.295285701751709, 1.9912853240966797, -1.980840802192688, 0.8011443018913269, 3.6594913005828857, 0.1154143288731575, -0.28664979338645935, -0.6375940442085266, -0.5610554814338684, 0.4666450619697571, 2.0935230255126953, 2.429750919342041, -2.515820026397705, 3.2443675994873047, 0.6805830597877502, -1.2740273475646973], [0.17734190821647644, -1.0878762006759644, 1.2964922189712524, 0.48451364040374756, 0.6676045656204224, 0.9526623487472534, 0.7394943237304688, 0.38454023003578186, 1.5005295276641846, 0.048407964408397675, 0.5365148186683655, -0.6780211329460144, -0.3183501064777374, -0.31251242756843567, 0.7687126994132996, 1.586645245552063, 0.494171679019928, 1.3653695583343506, -2.2792959213256836, 1.0600215196609497, -1.4713190793991089], [0.03099026344716549, -2.3071885108947754, 0.48451364040374756, 1.902812123298645, 0.5114274621009827, 0.8878313302993774, 0.7709121704101562, 1.5158149003982544, -0.009795519523322582, -0.21659810841083527, 1.0288680791854858, 1.670302152633667, 0.8957422375679016, 1.5352288484573364, 1.7097671031951904, -0.5800928473472595, -1.4722508192062378, 0.09092536568641663, -3.4240918159484863, 0.3298538327217102, 0.20648276805877686], [-4.80513334274292, -7.48160457611084, 0.6676045656204224, 0.5114274621009827, 13.214353561401367, 5.90114164352417, -5.5728559494018555, 0.44680917263031006, -2.6978611946105957, -6.536044120788574, -2.4802749156951904, -2.3543756008148193, 0.0076494100503623486, -2.701615571975708, -4.8254475593566895, -3.0214035511016846, -2.3467721939086914, 3.4525375366210938, 0.7357797622680664, -2.246425151824951, 1.3193103075027466], [-2.698441505432129, -4.295285701751709, 0.9526623487472534, 0.8878313302993774, 5.90114164352417, 3.431379556655884, -1.9031084775924683, 1.0048496723175049, 0.25221553444862366, -2.9036917686462402, -0.5243754386901855, -1.042586088180542, -0.4281856417655945, 0.13720624148845673, -0.9588618278503418, -1.263192892074585, -0.6678130626678467, 2.911850929260254, -0.7827927470207214, -0.5320593118667603, 1.4812215566635132], [2.6005470752716064, 1.9912853240966797, 0.7394943237304688, 0.7709121704101562, -5.5728559494018555, -1.9031084775924683, 3.4222118854522705, 0.5188851356506348, 2.0853323936462402, 3.068286657333374, 1.892258644104004, 1.2950351238250732, 0.2401828169822693, 1.335009217262268, 3.3226449489593506, 2.4346604347229004, 0.7870027422904968, -0.89727383852005, -3.316471576690674, 1.9290980100631714, -1.9506980180740356], [-0.6180557608604431, -1.980840802192688, 0.38454023003578186, 1.5158149003982544, 0.44680917263031006, 1.0048496723175049, 0.5188851356506348, 1.4325222969055176, 0.5633683204650879, -0.3177343010902405, 0.828552782535553, 1.1779167652130127, 0.30351492762565613, 2.026033401489258, 1.5805329084396362, -0.9116480946540833, -0.816856861114502, 0.7733390927314758, -2.1356701850891113, 0.14532536268234253, 1.3802917003631592], [-0.12102717161178589, 0.8011443018913269, 1.5005295276641846, -0.009795519523322582, -2.6978611946105957, 0.25221553444862366, 2.0853323936462402, 0.5633683204650879, 4.3325581550598145, 1.5310512781143188, 1.1540496349334717, -1.1973005533218384, -1.7752575874328613, 1.9315646886825562, 2.4644784927368164, 2.058814764022827, 2.686110734939575, 2.777705669403076, -0.8790615200996399, 1.7033801078796387, 0.6635708808898926], [2.846693277359009, 3.6594913005828857, 0.048407964408397675, -0.21659810841083527, -6.536044120788574, -2.9036917686462402, 3.068286657333374, -0.3177343010902405, 1.5310512781143188, 3.4214649200439453, 1.3629604578018188, 0.9625310897827148, 0.06882552057504654, 0.7334213256835938, 2.469426155090332, 2.3222270011901855, 1.2369662523269653, -1.7072871923446655, -1.2279294729232788, 1.5231804847717285, -1.82551908493042], [1.1042811870574951, 0.1154143288731575, 0.5365148186683655, 1.0288680791854858, -2.4802749156951904, -0.5243754386901855, 1.892258644104004, 0.828552782535553, 1.1540496349334717, 1.3629604578018188, 1.269649863243103, 1.1492629051208496, 0.3192184865474701, 1.3586416244506836, 2.2433018684387207, 0.8790369629859924, -0.035314179956912994, -0.21239039301872253, -2.6503212451934814, 1.0230733156204224, -0.5875946283340454], [1.1534290313720703, -0.28664979338645935, -0.6780211329460144, 1.670302152633667, -2.3543756008148193, -1.042586088180542, 1.2950351238250732, 1.1779167652130127, -1.1973005533218384, 0.9625310897827148, 1.1492629051208496, 3.0113348960876465, 1.565385103225708, 1.9796942472457886, 2.0071356296539307, -1.2001886367797852, -1.9269273281097412, -2.139448404312134, -2.4748659133911133, -0.05990273132920265, 0.4743703305721283], [1.0749338865280151, -0.6375940442085266, -0.3183501064777374, 0.8957422375679016, 0.0076494100503623486, -0.4281856417655945, 0.2401828169822693, 0.30351492762565613, -1.7752575874328613, 0.06882552057504654, 0.3192184865474701, 1.565385103225708, 1.426572322845459, -0.4346596598625183, 0.2114129364490509, -0.2894069254398346, -1.76658296585083, -1.8459221124649048, -2.0184202194213867, -0.10659223794937134, -1.3966739177703857], [-1.2742635011672974, -0.5610554814338684, -0.31251242756843567, 1.5352288484573364, -2.701615571975708, 0.13720624148845673, 1.335009217262268, 2.026033401489258, 1.9315646886825562, 0.7334213256835938, 1.3586416244506836, 1.9796942472457886, -0.4346596598625183, 5.192171096801758, 3.2134666442871094, -2.2837932109832764, 0.11615225672721863, 1.158127784729004, -0.31658199429512024, -0.1015932708978653, 5.008939743041992], [1.4908608198165894, 0.4666450619697571, 0.7687126994132996, 1.7097671031951904, -4.8254475593566895, -0.9588618278503418, 3.3226449489593506, 1.5805329084396362, 2.4644784927368164, 2.469426155090332, 2.2433018684387207, 2.0071356296539307, 0.2114129364490509, 3.2134666442871094, 4.182972431182861, 1.065345287322998, 0.30184540152549744, -0.0014204836916178465, -3.8400416374206543, 1.6399978399276733, 0.1880287081003189], [2.852440118789673, 2.0935230255126953, 1.586645245552063, -0.5800928473472595, -3.0214035511016846, -1.263192892074585, 2.4346604347229004, -0.9116480946540833, 2.058814764022827, 2.3222270011901855, 0.8790369629859924, -1.2001886367797852, -0.2894069254398346, -2.2837932109832764, 1.065345287322998, 4.6302714347839355, 1.697298288345337, -0.1909671425819397, -2.8237721920013428, 2.34458589553833, -5.217321395874023], [-0.01931671053171158, 2.429750919342041, 0.494171679019928, -1.4722508192062378, -2.3467721939086914, -0.6678130626678467, 0.7870027422904968, -0.816856861114502, 2.686110734939575, 1.2369662523269653, -0.035314179956912994, -1.9269273281097412, -1.76658296585083, 0.11615225672721863, 0.30184540152549744, 1.697298288345337, 2.803391695022583, 1.5330045223236084, 2.1302738189697266, 0.8029260635375977, 0.3091799318790436], [-2.812293291091919, -2.515820026397705, 1.3653695583343506, 0.09092536568641663, 3.4525375366210938, 2.911850929260254, -0.89727383852005, 0.7733390927314758, 2.777705669403076, -1.7072871923446655, -0.21239039301872253, -2.139448404312134, -1.8459221124649048, 1.158127784729004, -0.0014204836916178465, -0.1909671425819397, 1.5330045223236084, 4.297248840332031, 0.5296034812927246, 0.19060185551643372, 2.4228081703186035], [-2.76273250579834, 3.2443675994873047, -2.2792959213256836, -3.4240918159484863, 0.7357797622680664, -0.7827927470207214, -3.316471576690674, -2.1356701850891113, -0.8790615200996399, -1.2279294729232788, -2.6503212451934814, -2.4748659133911133, -2.0184202194213867, -0.31658199429512024, -3.8400416374206543, -2.8237721920013428, 2.1302738189697266, 0.5296034812927246, 9.774839401245117, -2.542367458343506, 4.940558910369873], [1.5069750547409058, 0.6805830597877502, 1.0600215196609497, 0.3298538327217102, -2.246425151824951, -0.5320593118667603, 1.9290980100631714, 0.14532536268234253, 1.7033801078796387, 1.5231804847717285, 1.0230733156204224, -0.05990273132920265, -0.10659223794937134, -0.1015932708978653, 1.6399978399276733, 2.34458589553833, 0.8029260635375977, 0.19060185551643372, -2.542367458343506, 1.523966908454895, -2.2352442741394043], [-4.333803176879883, -1.2740273475646973, -1.4713190793991089, 0.20648276805877686, 1.3193103075027466, 1.4812215566635132, -1.9506980180740356, 1.3802917003631592, 0.6635708808898926, -1.82551908493042, -0.5875946283340454, 0.4743703305721283, -1.3966739177703857, 5.008939743041992, 0.1880287081003189, -5.217321395874023, 0.3091799318790436, 2.4228081703186035, 4.940558910369873, -2.2352442741394043, 8.789374351501465]], "type": "heatmap"}], "layout": {"template": {"data": {"histogram2dcontour": [{"type": "histogram2dcontour", "colorbar": {"outlinewidth": 0, "ticks": ""}, "colorscale": [[0.0, "#0d0887"], [0.1111111111111111, "#46039f"], [0.2222222222222222, "#7201a8"], [0.3333333333333333, "#9c179e"], [0.4444444444444444, "#bd3786"], [0.5555555555555556, "#d8576b"], [0.6666666666666666, "#ed7953"], [0.7777777777777778, "#fb9f3a"], [0.8888888888888888, "#fdca26"], [1.0, "#f0f921"]]}], "choropleth": [{"type": "choropleth", "colorbar": {"outlinewidth": 0, "ticks": ""}}], "histogram2d": [{"type": "histogram2d", "colorbar": {"outlinewidth": 0, "ticks": ""}, "colorscale": [[0.0, "#0d0887"], [0.1111111111111111, "#46039f"], [0.2222222222222222, "#7201a8"], [0.3333333333333333, "#9c179e"], [0.4444444444444444, "#bd3786"], [0.5555555555555556, "#d8576b"], [0.6666666666666666, "#ed7953"], [0.7777777777777778, "#fb9f3a"], [0.8888888888888888, "#fdca26"], [1.0, "#f0f921"]]}], "heatmap": [{"type": "heatmap", "colorbar": {"outlinewidth": 0, "ticks": ""}, "colorscale": [[0.0, "#0d0887"], [0.1111111111111111, "#46039f"], [0.2222222222222222, "#7201a8"], [0.3333333333333333, "#9c179e"], [0.4444444444444444, "#bd3786"], [0.5555555555555556, "#d8576b"], [0.6666666666666666, "#ed7953"], [0.7777777777777778, "#fb9f3a"], [0.8888888888888888, "#fdca26"], [1.0, "#f0f921"]]}], "heatmapgl": [{"type": "heatmapgl", "colorbar": {"outlinewidth": 0, "ticks": ""}, "colorscale": [[0.0, "#0d0887"], [0.1111111111111111, "#46039f"], [0.2222222222222222, "#7201a8"], [0.3333333333333333, "#9c179e"], [0.4444444444444444, "#bd3786"], [0.5555555555555556, "#d8576b"], [0.6666666666666666, "#ed7953"], [0.7777777777777778, "#fb9f3a"], [0.8888888888888888, "#fdca26"], [1.0, "#f0f921"]]}], "contourcarpet": [{"type": "contourcarpet", "colorbar": {"outlinewidth": 0, "ticks": ""}}], "contour": [{"type": "contour", "colorbar": {"outlinewidth": 0, "ticks": ""}, "colorscale": [[0.0, "#0d0887"], [0.1111111111111111, "#46039f"], [0.2222222222222222, "#7201a8"], [0.3333333333333333, "#9c179e"], [0.4444444444444444, "#bd3786"], [0.5555555555555556, "#d8576b"], [0.6666666666666666, "#ed7953"], [0.7777777777777778, "#fb9f3a"], [0.8888888888888888, "#fdca26"], [1.0, "#f0f921"]]}], "surface": [{"type": "surface", "colorbar": {"outlinewidth": 0, "ticks": ""}, "colorscale": [[0.0, "#0d0887"], [0.1111111111111111, "#46039f"], [0.2222222222222222, "#7201a8"], [0.3333333333333333, "#9c179e"], [0.4444444444444444, "#bd3786"], [0.5555555555555556, "#d8576b"], [0.6666666666666666, "#ed7953"], [0.7777777777777778, "#fb9f3a"], [0.8888888888888888, "#fdca26"], [1.0, "#f0f921"]]}], "mesh3d": [{"type": "mesh3d", "colorbar": {"outlinewidth": 0, "ticks": ""}}], "scatter": [{"fillpattern": {"fillmode": "overlay", "size": 10, "solidity": 0.2}, "type": "scatter"}], "parcoords": [{"type": "parcoords", "line": {"colorbar": {"outlinewidth": 0, "ticks": ""}}}], "scatterpolargl": [{"type": "scatterpolargl", "marker": {"colorbar": {"outlinewidth": 0, "ticks": ""}}}], "bar": [{"error_x": {"color": "#2a3f5f"}, "error_y": {"color": "#2a3f5f"}, "marker": {"line": {"color": "#E5ECF6", "width": 0.5}, "pattern": {"fillmode": "overlay", "size": 10, "solidity": 0.2}}, "type": "bar"}], "scattergeo": [{"type": "scattergeo", "marker": {"colorbar": {"outlinewidth": 0, "ticks": ""}}}], "scatterpolar": [{"type": "scatterpolar", "marker": {"colorbar": {"outlinewidth": 0, "ticks": ""}}}], "histogram": [{"marker": {"pattern": {"fillmode": "overlay", "size": 10, "solidity": 0.2}}, "type": "histogram"}], "scattergl": [{"type": "scattergl", "marker": {"colorbar": {"outlinewidth": 0, "ticks": ""}}}], "scatter3d": [{"type": "scatter3d", "line": {"colorbar": {"outlinewidth": 0, "ticks": ""}}, "marker": {"colorbar": {"outlinewidth": 0, "ticks": ""}}}], "scattermapbox": [{"type": "scattermapbox", "marker": {"colorbar": {"outlinewidth": 0, "ticks": ""}}}], "scatterternary": [{"type": "scatterternary", "marker": {"colorbar": {"outlinewidth": 0, "ticks": ""}}}], "scattercarpet": [{"type": "scattercarpet", "marker": {"colorbar": {"outlinewidth": 0, "ticks": ""}}}], "carpet": [{"aaxis": {"endlinecolor": "#2a3f5f", "gridcolor": "white", "linecolor": "white", "minorgridcolor": "white", "startlinecolor": "#2a3f5f"}, "baxis": {"endlinecolor": "#2a3f5f", "gridcolor": "white", "linecolor": "white", "minorgridcolor": "white", "startlinecolor": "#2a3f5f"}, "type": "carpet"}], "table": [{"cells": {"fill": {"color": "#EBF0F8"}, "line": {"color": "white"}}, "header": {"fill": {"color": "#C8D4E3"}, "line": {"color": "white"}}, "type": "table"}], "barpolar": [{"marker": {"line": {"color": "#E5ECF6", "width": 0.5}, "pattern": {"fillmode": "overlay", "size": 10, "solidity": 0.2}}, "type": "barpolar"}], "pie": [{"automargin": true, "type": "pie"}]}, "layout": {"autotypenumbers": "strict", "colorway": ["#636efa", "#EF553B", "#00cc96", "#ab63fa", "#FFA15A", "#19d3f3", "#FF6692", "#B6E880", "#FF97FF", "#FECB52"], "font": {"color": "#2a3f5f"}, "hovermode": "closest", "hoverlabel": {"align": "left"}, "paper_bgcolor": "white", "plot_bgcolor": "#E5ECF6", "polar": {"bgcolor": "#E5ECF6", "angularaxis": {"gridcolor": "white", "linecolor": "white", "ticks": ""}, "radialaxis": {"gridcolor": "white", "linecolor": "white", "ticks": ""}}, "ternary": {"bgcolor": "#E5ECF6", "aaxis": {"gridcolor": "white", "linecolor": "white", "ticks": ""}, "baxis": {"gridcolor": "white", "linecolor": "white", "ticks": ""}, "caxis": {"gridcolor": "white", "linecolor": "white", "ticks": ""}}, "coloraxis": {"colorbar": {"outlinewidth": 0, "ticks": ""}}, "colorscale": {"sequential": [[0.0, "#0d0887"], [0.1111111111111111, "#46039f"], [0.2222222222222222, "#7201a8"], [0.3333333333333333, "#9c179e"], [0.4444444444444444, "#bd3786"], [0.5555555555555556, "#d8576b"], [0.6666666666666666, "#ed7953"], [0.7777777777777778, "#fb9f3a"], [0.8888888888888888, "#fdca26"], [1.0, "#f0f921"]], "sequentialminus": [[0.0, "#0d0887"], [0.1111111111111111, "#46039f"], [0.2222222222222222, "#7201a8"], [0.3333333333333333, "#9c179e"], [0.4444444444444444, "#bd3786"], [0.5555555555555556, "#d8576b"], [0.6666666666666666, "#ed7953"], [0.7777777777777778, "#fb9f3a"], [0.8888888888888888, "#fdca26"], [1.0, "#f0f921"]], "diverging": [[0, "#8e0152"], [0.1, "#c51b7d"], [0.2, "#de77ae"], [0.3, "#f1b6da"], [0.4, "#fde0ef"], [0.5, "#f7f7f7"], [0.6, "#e6f5d0"], [0.7, "#b8e186"], [0.8, "#7fbc41"], [0.9, "#4d9221"], [1, "#276419"]]}, "xaxis": {"gridcolor": "white", "linecolor": "white", "ticks": "", "title": {"standoff": 15}, "zerolinecolor": "white", "automargin": true, "zerolinewidth": 2}, "yaxis": {"gridcolor": "white", "linecolor": "white", "ticks": "", "title": {"standoff": 15}, "zerolinecolor": "white", "automargin": true, "zerolinewidth": 2}, "scene": {"xaxis": {"backgroundcolor": "#E5ECF6", "gridcolor": "white", "linecolor": "white", "showbackground": true, "ticks": "", "zerolinecolor": "white", "gridwidth": 2}, "yaxis": {"backgroundcolor": "#E5ECF6", "gridcolor": "white", "linecolor": "white", "showbackground": true, "ticks": "", "zerolinecolor": "white", "gridwidth": 2}, "zaxis": {"backgroundcolor": "#E5ECF6", "gridcolor": "white", "linecolor": "white", "showbackground": true, "ticks": "", "zerolinecolor": "white", "gridwidth": 2}}, "shapedefaults": {"line": {"color": "#2a3f5f"}}, "annotationdefaults": {"arrowcolor": "#2a3f5f", "arrowhead": 0, "arrowwidth": 1}, "geo": {"bgcolor": "white", "landcolor": "#E5ECF6", "subunitcolor": "white", "showland": true, "showlakes": true, "lakecolor": "white"}, "title": {"x": 0.05}, "mapbox": {"style": "light"}}}}}