{"data": [{"z": [[3.2653448581695557, 2.613917350769043, 0.016171112656593323, -0.40438565611839294, -4.658273220062256, -2.9799675941467285, 2.2597200870513916, -0.9871311187744141, -0.21544098854064941, 2.4641525745391846, 0.6126565933227539, 0.8990015387535095, 0.7913021445274353, -1.3537049293518066, 1.1557385921478271, 2.6133787631988525, -0.0024665214587002993, -2.8194806575775146, -2.44948148727417, 1.0495963096618652, -4.013948917388916], [2.613917350769043, 6.692760944366455, -1.215563416481018, -2.383514642715454, -7.107585906982422, -4.094465255737305, 1.7247023582458496, -1.9721589088439941, 0.690368115901947, 3.528592586517334, -0.0993005558848381, -0.32748037576675415, -0.7051008939743042, -0.5170169472694397, 0.19573643803596497, 1.755883812904358, 2.706206798553467, -2.30244517326355, 4.048126220703125, 0.5060139894485474, -0.7829163074493408], [0.016171112656593323, -1.215563416481018, 1.2533104419708252, 0.2912200391292572, 0.6454912424087524, 0.7710086703300476, 0.6362215876579285, 0.20397783815860748, 1.4895105361938477, -0.10738828033208847, 0.36257386207580566, -0.8047546148300171, -0.44334307312965393, -0.36147716641426086, 0.6721406579017639, 1.5594220161437988, 0.4206129014492035, 1.3103893995285034, -2.3318495750427246, 0.8885279297828674, -1.4386979341506958], [-0.40438565611839294, -2.383514642715454, 0.2912200391292572, 1.5418429374694824, 0.7357468008995056, 0.7643671631813049, 0.37011414766311646, 1.2452833652496338, -0.1436731368303299, -0.5504385828971863, 0.7004376649856567, 1.3830339908599854, 0.6738309860229492, 1.4674102067947388, 1.3186402320861816, -0.8716611266136169, -1.524173378944397, 0.09291873127222061, -2.8737099170684814, -0.03190235048532486, 0.6034038662910461], [-4.658273220062256, -7.107585906982422, 0.6454912424087524, 0.7357468008995056, 13.226597785949707, 6.216098308563232, -5.534157752990723, 0.6965031623840332, -2.7369370460510254, -6.25258207321167, -2.1105895042419434, -2.2981534004211426, 0.2024972140789032, -2.697040557861328, -4.838022232055664, -3.0116846561431885, -2.290555477142334, 3.474336624145508, 1.2128558158874512, -1.933516502380371, 1.3426300287246704], [-2.9799675941467285, -4.094465255737305, 0.7710086703300476, 0.7643671631813049, 6.216098308563232, 3.627307176589966, -2.252122163772583, 0.9866131544113159, 0.10103758424520493, -3.019731044769287, -0.5857548117637634, -1.2233085632324219, -0.4829285144805908, 0.11576645821332932, -1.323483943939209, -1.5770986080169678, -0.5997562408447266, 3.008118152618408, 0.13142868876457214, -0.6454026699066162, 1.9380831718444824], [2.2597200870513916, 1.7247023582458496, 0.6362215876579285, 0.37011414766311646, -5.534157752990723, -2.252122163772583, 3.1775705814361572, 0.15177084505558014, 2.0415701866149902, 2.7045071125030518, 1.4557102918624878, 1.0638457536697388, -0.03166542202234268, 1.262779951095581, 3.1014857292175293, 2.303222894668579, 0.7025641202926636, -0.9584710597991943, -3.3427579402923584, 1.5139427185058594, -1.7889820337295532], [-0.9871311187744141, -1.9721589088439941, 0.20397783815860748, 1.2452833652496338, 0.6965031623840332, 0.9866131544113159, 0.15177084505558014, 1.2533208131790161, 0.430490642786026, -0.5745819211006165, 0.5866299867630005, 0.9419602155685425, 0.13990913331508636, 1.9824252128601074, 1.2174111604690552, -1.204859972000122, -0.8206547498703003, 0.811896562576294, -1.4966574907302856, -0.1318044662475586, 1.7885422706604004], [-0.21544098854064941, 0.690368115901947, 1.4895105361938477, -0.1436731368303299, -2.7369370460510254, 0.10103758424520493, 2.0415701866149902, 0.430490642786026, 4.34362268447876, 1.422897219657898, 1.016323208808899, -1.274021029472351, -1.871118426322937, 1.9018560647964478, 2.4274425506591797, 2.0647623538970947, 2.643799066543579, 2.740645170211792, -0.9954933524131775, 1.5804556608200073, 0.6544209122657776], [2.4641525745391846, 3.528592586517334, -0.10738828033208847, -0.5504385828971863, -6.25258207321167, -3.019731044769287, 2.7045071125030518, -0.5745819211006165, 1.422897219657898, 3.0520849227905273, 0.9362629055976868, 0.7505863308906555, -0.167562335729599, 0.7084740400314331, 2.1324403285980225, 2.0094223022460938, 1.2861418724060059, -1.629357099533081, -0.7784759402275085, 1.1139578819274902, -1.4028137922286987], [0.6126565933227539, -0.0993005558848381, 0.36257386207580566, 0.7004376649856567, -2.1105895042419434, -0.5857548117637634, 1.4557102918624878, 0.5866299867630005, 1.016323208808899, 0.9362629055976868, 0.8830860257148743, 0.890209436416626, 0.08622423559427261, 1.3368010520935059, 1.8577960729599, 0.5160340070724487, -0.09135197848081589, -0.13653385639190674, -2.1676015853881836, 0.6058913469314575, -0.11388807743787766], [0.8990015387535095, -0.32748037576675415, -0.8047546148300171, 1.3830339908599854, -2.2981534004211426, -1.2233085632324219, 1.0638457536697388, 0.9419602155685425, -1.274021029472351, 0.7505863308906555, 0.890209436416626, 2.8172829151153564, 1.3957151174545288, 1.9110280275344849, 1.7672135829925537, -1.345391869544983, -1.955101490020752, -2.1829617023468018, -2.195120334625244, -0.3243348002433777, 0.6715298891067505], [0.7913021445274353, -0.7051008939743042, -0.44334307312965393, 0.6738309860229492, 0.2024972140789032, -0.4829285144805908, -0.03166542202234268, 0.13990913331508636, -1.871118426322937, -0.167562335729599, 0.08622423559427261, 1.3957151174545288, 1.2863900661468506, -0.46894845366477966, -0.047309696674346924, -0.5059027671813965, -1.784100890159607, -1.8203823566436768, -1.6500306129455566, -0.35637930035591125, -1.1104744672775269], [-1.3537049293518066, -0.5170169472694397, -0.36147716641426086, 1.4674102067947388, -2.697040557861328, 0.11576645821332932, 1.262779951095581, 1.9824252128601074, 1.9018560647964478, 0.7084740400314331, 1.3368010520935059, 1.9110280275344849, -0.46894845366477966, 5.1741156578063965, 3.1318578720092773, -2.3289403915405273, 0.10009308159351349, 1.138236403465271, -0.1456814557313919, -0.14337794482707977, 5.079775810241699], [1.1557385921478271, 0.19573643803596497, 0.6721406579017639, 1.3186402320861816, -4.838022232055664, -1.323483943939209, 3.1014857292175293, 1.2174111604690552, 2.4274425506591797, 2.1324403285980225, 1.8577960729599, 1.7672135829925537, -0.047309696674346924, 3.1318578720092773, 3.982884645462036, 0.9734225869178772, 0.16723135113716125, -0.09889286756515503, -3.9252967834472656, 1.258549451828003, 0.29405075311660767], [2.6133787631988525, 1.755883812904358, 1.5594220161437988, -0.8716611266136169, -3.0116846561431885, -1.5770986080169678, 2.303222894668579, -1.204859972000122, 2.0647623538970947, 2.0094223022460938, 0.5160340070724487, -1.345391869544983, -0.5059027671813965, -2.3289403915405273, 0.9734225869178772, 4.583456039428711, 1.597841739654541, -0.2388320416212082, -3.12091326713562, 2.015068769454956, -5.181209087371826], [-0.0024665214587002993, 2.706206798553467, 0.4206129014492035, -1.524173378944397, -2.290555477142334, -0.5997562408447266, 0.7025641202926636, -0.8206547498703003, 2.643799066543579, 1.2861418724060059, -0.09135197848081589, -1.955101490020752, -1.784100890159607, 0.10009308159351349, 0.16723135113716125, 1.597841739654541, 3.0085744857788086, 1.5987663269042969, 2.6474294662475586, 0.7861796021461487, 0.4930959641933441], [-2.8194806575775146, -2.30244517326355, 1.3103893995285034, 0.09291873127222061, 3.474336624145508, 3.008118152618408, -0.9584710597991943, 0.811896562576294, 2.740645170211792, -1.629357099533081, -0.13653385639190674, -2.1829617023468018, -1.8203823566436768, 1.138236403465271, -0.09889286756515503, -0.2388320416212082, 1.5987663269042969, 4.311594009399414, 0.9208706617355347, 0.25306224822998047, 2.522629737854004], [-2.44948148727417, 4.048126220703125, -2.3318495750427246, -2.8737099170684814, 1.2128558158874512, 0.13142868876457214, -3.3427579402923584, -1.4966574907302856, -0.9954933524131775, -0.7784759402275085, -2.1676015853881836, -2.195120334625244, -1.6500306129455566, -0.1456814557313919, -3.9252967834472656, -3.12091326713562, 2.6474294662475586, 0.9208706617355347, 11.181024551391602, -2.069863796234131, 5.431798934936523], [1.0495963096618652, 0.5060139894485474, 0.8885279297828674, -0.03190235048532486, -1.933516502380371, -0.6454026699066162, 1.5139427185058594, -0.1318044662475586, 1.5804556608200073, 1.1139578819274902, 0.6058913469314575, -0.3243348002433777, -0.35637930035591125, -0.14337794482707977, 1.258549451828003, 2.015068769454956, 0.7861796021461487, 0.25306224822998047, -2.069863796234131, 1.1005005836486816, -1.7950106859207153], [-4.013948917388916, -0.7829163074493408, -1.4386979341506958, 0.6034038662910461, 1.3426300287246704, 1.9380831718444824, -1.7889820337295532, 1.7885422706604004, 0.6544209122657776, -1.4028137922286987, -0.11388807743787766, 0.6715298891067505, -1.1104744672775269, 5.079775810241699, 0.29405075311660767, -5.181209087371826, 0.4930959641933441, 2.522629737854004, 5.431798934936523, -1.7950106859207153, 8.789374351501465]], "type": "heatmap"}], "layout": {"template": {"data": {"histogram2dcontour": [{"type": "histogram2dcontour", "colorbar": {"outlinewidth": 0, "ticks": ""}, "colorscale": [[0.0, "#0d0887"], [0.1111111111111111, "#46039f"], [0.2222222222222222, "#7201a8"], [0.3333333333333333, "#9c179e"], [0.4444444444444444, "#bd3786"], [0.5555555555555556, "#d8576b"], [0.6666666666666666, "#ed7953"], [0.7777777777777778, "#fb9f3a"], [0.8888888888888888, "#fdca26"], [1.0, "#f0f921"]]}], "choropleth": [{"type": "choropleth", "colorbar": {"outlinewidth": 0, "ticks": ""}}], "histogram2d": [{"type": "histogram2d", "colorbar": {"outlinewidth": 0, "ticks": ""}, "colorscale": [[0.0, "#0d0887"], [0.1111111111111111, "#46039f"], [0.2222222222222222, "#7201a8"], [0.3333333333333333, "#9c179e"], [0.4444444444444444, "#bd3786"], [0.5555555555555556, "#d8576b"], [0.6666666666666666, "#ed7953"], [0.7777777777777778, "#fb9f3a"], [0.8888888888888888, "#fdca26"], [1.0, "#f0f921"]]}], "heatmap": [{"type": "heatmap", "colorbar": {"outlinewidth": 0, "ticks": ""}, "colorscale": [[0.0, "#0d0887"], [0.1111111111111111, "#46039f"], [0.2222222222222222, "#7201a8"], [0.3333333333333333, "#9c179e"], [0.4444444444444444, "#bd3786"], [0.5555555555555556, "#d8576b"], [0.6666666666666666, "#ed7953"], [0.7777777777777778, "#fb9f3a"], [0.8888888888888888, "#fdca26"], [1.0, "#f0f921"]]}], "heatmapgl": [{"type": "heatmapgl", "colorbar": {"outlinewidth": 0, "ticks": ""}, "colorscale": [[0.0, "#0d0887"], [0.1111111111111111, "#46039f"], [0.2222222222222222, "#7201a8"], [0.3333333333333333, "#9c179e"], [0.4444444444444444, "#bd3786"], [0.5555555555555556, "#d8576b"], [0.6666666666666666, "#ed7953"], [0.7777777777777778, "#fb9f3a"], [0.8888888888888888, "#fdca26"], [1.0, "#f0f921"]]}], "contourcarpet": [{"type": "contourcarpet", "colorbar": {"outlinewidth": 0, "ticks": ""}}], "contour": [{"type": "contour", "colorbar": {"outlinewidth": 0, "ticks": ""}, "colorscale": [[0.0, "#0d0887"], [0.1111111111111111, "#46039f"], [0.2222222222222222, "#7201a8"], [0.3333333333333333, "#9c179e"], [0.4444444444444444, "#bd3786"], [0.5555555555555556, "#d8576b"], [0.6666666666666666, "#ed7953"], [0.7777777777777778, "#fb9f3a"], [0.8888888888888888, "#fdca26"], [1.0, "#f0f921"]]}], "surface": [{"type": "surface", "colorbar": {"outlinewidth": 0, "ticks": ""}, "colorscale": [[0.0, "#0d0887"], [0.1111111111111111, "#46039f"], [0.2222222222222222, "#7201a8"], [0.3333333333333333, "#9c179e"], [0.4444444444444444, "#bd3786"], [0.5555555555555556, "#d8576b"], [0.6666666666666666, "#ed7953"], [0.7777777777777778, "#fb9f3a"], [0.8888888888888888, "#fdca26"], [1.0, "#f0f921"]]}], "mesh3d": [{"type": "mesh3d", "colorbar": {"outlinewidth": 0, "ticks": ""}}], "scatter": [{"fillpattern": {"fillmode": "overlay", "size": 10, "solidity": 0.2}, "type": "scatter"}], "parcoords": [{"type": "parcoords", "line": {"colorbar": {"outlinewidth": 0, "ticks": ""}}}], "scatterpolargl": [{"type": "scatterpolargl", "marker": {"colorbar": {"outlinewidth": 0, "ticks": ""}}}], "bar": [{"error_x": {"color": "#2a3f5f"}, "error_y": {"color": "#2a3f5f"}, "marker": {"line": {"color": "#E5ECF6", "width": 0.5}, "pattern": {"fillmode": "overlay", "size": 10, "solidity": 0.2}}, "type": "bar"}], "scattergeo": [{"type": "scattergeo", "marker": {"colorbar": {"outlinewidth": 0, "ticks": ""}}}], "scatterpolar": [{"type": "scatterpolar", "marker": {"colorbar": {"outlinewidth": 0, "ticks": ""}}}], "histogram": [{"marker": {"pattern": {"fillmode": "overlay", "size": 10, "solidity": 0.2}}, "type": "histogram"}], "scattergl": [{"type": "scattergl", "marker": {"colorbar": {"outlinewidth": 0, "ticks": ""}}}], "scatter3d": [{"type": "scatter3d", "line": {"colorbar": {"outlinewidth": 0, "ticks": ""}}, "marker": {"colorbar": {"outlinewidth": 0, "ticks": ""}}}], "scattermapbox": [{"type": "scattermapbox", "marker": {"colorbar": {"outlinewidth": 0, "ticks": ""}}}], "scatterternary": [{"type": "scatterternary", "marker": {"colorbar": {"outlinewidth": 0, "ticks": ""}}}], "scattercarpet": [{"type": "scattercarpet", "marker": {"colorbar": {"outlinewidth": 0, "ticks": ""}}}], "carpet": [{"aaxis": {"endlinecolor": "#2a3f5f", "gridcolor": "white", "linecolor": "white", "minorgridcolor": "white", "startlinecolor": "#2a3f5f"}, "baxis": {"endlinecolor": "#2a3f5f", "gridcolor": "white", "linecolor": "white", "minorgridcolor": "white", "startlinecolor": "#2a3f5f"}, "type": "carpet"}], "table": [{"cells": {"fill": {"color": "#EBF0F8"}, "line": {"color": "white"}}, "header": {"fill": {"color": "#C8D4E3"}, "line": {"color": "white"}}, "type": "table"}], "barpolar": [{"marker": {"line": {"color": "#E5ECF6", "width": 0.5}, "pattern": {"fillmode": "overlay", "size": 10, "solidity": 0.2}}, "type": "barpolar"}], "pie": [{"automargin": true, "type": "pie"}]}, "layout": {"autotypenumbers": "strict", "colorway": ["#636efa", "#EF553B", "#00cc96", "#ab63fa", "#FFA15A", "#19d3f3", "#FF6692", "#B6E880", "#FF97FF", "#FECB52"], "font": {"color": "#2a3f5f"}, "hovermode": "closest", "hoverlabel": {"align": "left"}, "paper_bgcolor": "white", "plot_bgcolor": "#E5ECF6", "polar": {"bgcolor": "#E5ECF6", "angularaxis": {"gridcolor": "white", "linecolor": "white", "ticks": ""}, "radialaxis": {"gridcolor": "white", "linecolor": "white", "ticks": ""}}, "ternary": {"bgcolor": "#E5ECF6", "aaxis": {"gridcolor": "white", "linecolor": "white", "ticks": ""}, "baxis": {"gridcolor": "white", "linecolor": "white", "ticks": ""}, "caxis": {"gridcolor": "white", "linecolor": "white", "ticks": ""}}, "coloraxis": {"colorbar": {"outlinewidth": 0, "ticks": ""}}, "colorscale": {"sequential": [[0.0, "#0d0887"], [0.1111111111111111, "#46039f"], [0.2222222222222222, "#7201a8"], [0.3333333333333333, "#9c179e"], [0.4444444444444444, "#bd3786"], [0.5555555555555556, "#d8576b"], [0.6666666666666666, "#ed7953"], [0.7777777777777778, "#fb9f3a"], [0.8888888888888888, "#fdca26"], [1.0, "#f0f921"]], "sequentialminus": [[0.0, "#0d0887"], [0.1111111111111111, "#46039f"], [0.2222222222222222, "#7201a8"], [0.3333333333333333, "#9c179e"], [0.4444444444444444, "#bd3786"], [0.5555555555555556, "#d8576b"], [0.6666666666666666, "#ed7953"], [0.7777777777777778, "#fb9f3a"], [0.8888888888888888, "#fdca26"], [1.0, "#f0f921"]], "diverging": [[0, "#8e0152"], [0.1, "#c51b7d"], [0.2, "#de77ae"], [0.3, "#f1b6da"], [0.4, "#fde0ef"], [0.5, "#f7f7f7"], [0.6, "#e6f5d0"], [0.7, "#b8e186"], [0.8, "#7fbc41"], [0.9, "#4d9221"], [1, "#276419"]]}, "xaxis": {"gridcolor": "white", "linecolor": "white", "ticks": "", "title": {"standoff": 15}, "zerolinecolor": "white", "automargin": true, "zerolinewidth": 2}, "yaxis": {"gridcolor": "white", "linecolor": "white", "ticks": "", "title": {"standoff": 15}, "zerolinecolor": "white", "automargin": true, "zerolinewidth": 2}, "scene": {"xaxis": {"backgroundcolor": "#E5ECF6", "gridcolor": "white", "linecolor": "white", "showbackground": true, "ticks": "", "zerolinecolor": "white", "gridwidth": 2}, "yaxis": {"backgroundcolor": "#E5ECF6", "gridcolor": "white", "linecolor": "white", "showbackground": true, "ticks": "", "zerolinecolor": "white", "gridwidth": 2}, "zaxis": {"backgroundcolor": "#E5ECF6", "gridcolor": "white", "linecolor": "white", "showbackground": true, "ticks": "", "zerolinecolor": "white", "gridwidth": 2}}, "shapedefaults": {"line": {"color": "#2a3f5f"}}, "annotationdefaults": {"arrowcolor": "#2a3f5f", "arrowhead": 0, "arrowwidth": 1}, "geo": {"bgcolor": "white", "landcolor": "#E5ECF6", "subunitcolor": "white", "showland": true, "showlakes": true, "lakecolor": "white"}, "title": {"x": 0.05}, "mapbox": {"style": "light"}}}}}