{"data": [{"z": [[3.851053476333618, 2.889456033706665, 0.24439415335655212, 0.22197479009628296, -4.888770580291748, -2.5710372924804688, 2.6827962398529053, -0.4439612030982971, -0.07718849182128906, 3.003450632095337, 1.2540322542190552, 1.2971949577331543, 1.2542654275894165, -1.247551441192627, 1.609621286392212, 2.9674072265625, -0.014812562614679337, -2.80258846282959, -2.8436343669891357, 1.6918132305145264, -4.48237943649292], [2.889456033706665, 6.524752140045166, -1.0370157957077026, -2.2249667644500732, -7.670321464538574, -4.326385974884033, 2.1697113513946533, -1.9453591108322144, 0.8576132655143738, 3.761117458343506, 0.25169822573661804, -0.2568395733833313, -0.5858684778213501, -0.5718435645103455, 0.6191608905792236, 2.23158597946167, 2.372375011444092, -2.6015384197235107, 2.975682020187378, 0.7993282675743103, -1.4817156791687012], [0.24439415335655212, -1.0370157957077026, 1.3164095878601074, 0.555184006690979, 0.6846750974655151, 1.0226575136184692, 0.72809898853302, 0.4599181115627289, 1.5051127672195435, 0.09476292133331299, 0.5681536197662354, -0.6121425628662109, -0.2454509437084198, -0.29505622386932373, 0.7842199206352234, 1.6035211086273193, 0.5124365091323853, 1.3963695764541626, -2.250290870666504, 1.1145586967468262, -1.4849836826324463], [0.22197479009628296, -2.2249667644500732, 0.555184006690979, 2.0328590869903564, 0.41997528076171875, 0.9337159395217896, 0.8542323708534241, 1.6307576894760132, 0.036350373178720474, -0.0751238465309143, 1.1203380823135376, 1.8077239990234375, 1.0209535360336304, 1.5539392232894897, 1.8193992376327515, -0.45403337478637695, -1.4458116292953491, 0.09916970878839493, -3.5650694370269775, 0.46835577487945557, 0.055475909262895584], [-4.888770580291748, -7.670321464538574, 0.6846750974655151, 0.41997528076171875, 13.212824821472168, 5.759922504425049, -5.527676105499268, 0.33880817890167236, -2.68591046333313, -6.6062140464782715, -2.552298069000244, -2.3920955657958984, -0.11112678796052933, -2.703248977661133, -4.798643112182617, -3.0113790035247803, -2.3742575645446777, 3.4337165355682373, 0.49568691849708557, -2.3359577655792236, 1.2978321313858032], [-2.5710372924804688, -4.326385974884033, 1.0226575136184692, 0.9337159395217896, 5.759922504425049, 3.350841760635376, -1.7618085145950317, 1.0175336599349976, 0.3084331452846527, -2.8086392879486084, -0.4691034257411957, -0.9658451676368713, -0.40308791399002075, 0.13861025869846344, -0.8255515098571777, -1.120959758758545, -0.6735559701919556, 2.8718392848968506, -1.0922809839248657, -0.45641636848449707, 1.2957910299301147], [2.6827962398529053, 2.1697113513946533, 0.72809898853302, 0.8542323708534241, -5.527676105499268, -1.7618085145950317, 3.340226650238037, 0.6303430199623108, 2.0677359104156494, 3.1339354515075684, 1.9250679016113281, 1.36043381690979, 0.35829219222068787, 1.346016526222229, 3.2743747234344482, 2.413790225982666, 0.8441053032875061, -0.8447362780570984, -3.054698944091797, 2.0003433227539062, -1.9001286029815674], [-0.4439612030982971, -1.9453591108322144, 0.4599181115627289, 1.6307576894760132, 0.33880817890167236, 1.0175336599349976, 0.6303430199623108, 1.5224494934082031, 0.6154106855392456, -0.19070275127887726, 0.9197939038276672, 1.299067497253418, 0.40239980816841125, 2.041431427001953, 1.708997368812561, -0.7761029601097107, -0.8106621503829956, 0.7642494440078735, -2.3548214435577393, 0.27140241861343384, 1.2080018520355225], [-0.07718849182128906, 0.8576132655143738, 1.5051127672195435, 0.036350373178720474, -2.68591046333313, 0.3084331452846527, 2.0677359104156494, 0.6154106855392456, 4.330532550811768, 1.5628377199172974, 1.1768559217453003, -1.1596096754074097, -1.7218739986419678, 1.9398484230041504, 2.463012218475342, 2.062175750732422, 2.70131516456604, 2.796725034713745, -0.8175948858261108, 1.7405648231506348, 0.6656421422958374], [3.003450632095337, 3.761117458343506, 0.09476292133331299, -0.0751238465309143, -6.6062140464782715, -2.8086392879486084, 3.1339354515075684, -0.19070275127887726, 1.5628377199172974, 3.537994623184204, 1.480802059173584, 1.0615311861038208, 0.20207147300243378, 0.7493224143981934, 2.5580222606658936, 2.4081406593322754, 1.2350975275039673, -1.7078465223312378, -1.2833906412124634, 1.6628996133804321, -1.939626932144165], [1.2540322542190552, 0.25169822573661804, 0.5681536197662354, 1.1203380823135376, -2.552298069000244, -0.4691034257411957, 1.9250679016113281, 0.9197939038276672, 1.1768559217453003, 1.480802059173584, 1.3378088474273682, 1.2408393621444702, 0.4276936948299408, 1.3624273538589478, 2.2910492420196533, 0.9578292369842529, 0.00463956268504262, -0.20706388354301453, -2.632566213607788, 1.1319254636764526, -0.6733151078224182], [1.2971949577331543, -0.2568395733833313, -0.6121425628662109, 1.8077239990234375, -2.3920955657958984, -0.9658451676368713, 1.36043381690979, 1.299067497253418, -1.1596096754074097, 1.0615311861038208, 1.2408393621444702, 3.1317386627197266, 1.6816682815551758, 2.009408950805664, 2.1080832481384277, -1.1115467548370361, -1.9282233715057373, -2.1183996200561523, -2.616504669189453, 0.060627054423093796, 0.3600977957248688], [1.2542654275894165, -0.5858684778213501, -0.2454509437084198, 1.0209535360336304, -0.11112678796052933, -0.40308791399002075, 0.35829219222068787, 0.40239980816841125, -1.7218739986419678, 0.20207147300243378, 0.4276936948299408, 1.6816682815551758, 1.5346378087997437, -0.41992422938346863, 0.34461870789527893, -0.15314047038555145, -1.7668626308441162, -1.8614979982376099, -2.2248358726501465, 0.0316876620054245, -1.573523759841919], [-1.247551441192627, -0.5718435645103455, -0.29505622386932373, 1.5539392232894897, -2.703248977661133, 0.13861025869846344, 1.346016526222229, 2.041431427001953, 1.9398484230041504, 0.7493224143981934, 1.3624273538589478, 2.009408950805664, -0.41992422938346863, 5.19838285446167, 3.2328245639801025, -2.262570858001709, 0.12149550020694733, 1.167075753211975, -0.36624523997306824, -0.08678722381591797, 4.985142230987549], [1.609621286392212, 0.6191608905792236, 0.7842199206352234, 1.8193992376327515, -4.798643112182617, -0.8255515098571777, 3.2743747234344482, 1.708997368812561, 2.463012218475342, 2.5580222606658936, 2.2910492420196533, 2.1080832481384277, 0.34461870789527893, 3.2328245639801025, 4.17570161819458, 1.0813443660736084, 0.3556741178035736, 0.05297080799937248, -3.679835557937622, 1.7346338033676147, 0.19064661860466003], [2.9674072265625, 2.23158597946167, 1.6035211086273193, -0.45403337478637695, -3.0113790035247803, -1.120959758758545, 2.413790225982666, -0.7761029601097107, 2.062175750732422, 2.4081406593322754, 0.9578292369842529, -1.1115467548370361, -0.15314047038555145, -2.262570858001709, 1.0813443660736084, 4.64955472946167, 1.722139835357666, -0.15357859432697296, -2.7012948989868164, 2.4520750045776367, -5.232970237731934], [-0.014812562614679337, 2.372375011444092, 0.5124365091323853, -1.4458116292953491, -2.3742575645446777, -0.6735559701919556, 0.8441053032875061, -0.8106621503829956, 2.70131516456604, 1.2350975275039673, 0.00463956268504262, -1.9282233715057373, -1.7668626308441162, 0.12149550020694733, 0.3556741178035736, 1.722139835357666, 2.7590575218200684, 1.5101732015609741, 1.997876763343811, 0.8218435645103455, 0.25714486837387085], [-2.80258846282959, -2.6015384197235107, 1.3963695764541626, 0.09916970878839493, 3.4337165355682373, 2.8718392848968506, -0.8447362780570984, 0.7642494440078735, 2.796725034713745, -1.7078465223312378, -0.20706388354301453, -2.1183996200561523, -1.8614979982376099, 1.167075753211975, 0.05297080799937248, -0.15357859432697296, 1.5101732015609741, 4.28911018371582, 0.35167139768600464, 0.19214652478694916, 2.3661532402038574], [-2.8436343669891357, 2.975682020187378, -2.250290870666504, -3.5650694370269775, 0.49568691849708557, -1.0922809839248657, -3.054698944091797, -2.3548214435577393, -0.8175948858261108, -1.2833906412124634, -2.632566213607788, -2.616504669189453, -2.2248358726501465, -0.36624523997306824, -3.679835557937622, -2.7012948989868164, 1.997876763343811, 0.35167139768600464, 9.19156265258789, -2.611354112625122, 4.72250509262085], [1.6918132305145264, 0.7993282675743103, 1.1145586967468262, 0.46835577487945557, -2.3359577655792236, -0.45641636848449707, 2.0003433227539062, 0.27140241861343384, 1.7405648231506348, 1.6628996133804321, 1.1319254636764526, 0.060627054423093796, 0.0316876620054245, -0.08678722381591797, 1.7346338033676147, 2.4520750045776367, 0.8218435645103455, 0.19214652478694916, -2.611354112625122, 1.670153260231018, -2.3675742149353027], [-4.48237943649292, -1.4817156791687012, -1.4849836826324463, 0.055475909262895584, 1.2978321313858032, 1.2957910299301147, -1.9001286029815674, 1.2080018520355225, 0.6656421422958374, -1.939626932144165, -0.6733151078224182, 0.3600977957248688, -1.573523759841919, 4.985142230987549, 0.19064661860466003, -5.232970237731934, 0.25714486837387085, 2.3661532402038574, 4.72250509262085, -2.3675742149353027, 8.789374351501465]], "type": "heatmap"}], "layout": {"template": {"data": {"histogram2dcontour": [{"type": "histogram2dcontour", "colorbar": {"outlinewidth": 0, "ticks": ""}, "colorscale": [[0.0, "#0d0887"], [0.1111111111111111, "#46039f"], [0.2222222222222222, "#7201a8"], [0.3333333333333333, "#9c179e"], [0.4444444444444444, "#bd3786"], [0.5555555555555556, "#d8576b"], [0.6666666666666666, "#ed7953"], [0.7777777777777778, "#fb9f3a"], [0.8888888888888888, "#fdca26"], [1.0, "#f0f921"]]}], "choropleth": [{"type": "choropleth", "colorbar": {"outlinewidth": 0, "ticks": ""}}], "histogram2d": [{"type": "histogram2d", "colorbar": {"outlinewidth": 0, "ticks": ""}, "colorscale": [[0.0, "#0d0887"], [0.1111111111111111, "#46039f"], [0.2222222222222222, "#7201a8"], [0.3333333333333333, "#9c179e"], [0.4444444444444444, "#bd3786"], [0.5555555555555556, "#d8576b"], [0.6666666666666666, "#ed7953"], [0.7777777777777778, "#fb9f3a"], [0.8888888888888888, "#fdca26"], [1.0, "#f0f921"]]}], "heatmap": [{"type": "heatmap", "colorbar": {"outlinewidth": 0, "ticks": ""}, "colorscale": [[0.0, "#0d0887"], [0.1111111111111111, "#46039f"], [0.2222222222222222, "#7201a8"], [0.3333333333333333, "#9c179e"], [0.4444444444444444, "#bd3786"], [0.5555555555555556, "#d8576b"], [0.6666666666666666, "#ed7953"], [0.7777777777777778, "#fb9f3a"], [0.8888888888888888, "#fdca26"], [1.0, "#f0f921"]]}], "heatmapgl": [{"type": "heatmapgl", "colorbar": {"outlinewidth": 0, "ticks": ""}, "colorscale": [[0.0, "#0d0887"], [0.1111111111111111, "#46039f"], [0.2222222222222222, "#7201a8"], [0.3333333333333333, "#9c179e"], [0.4444444444444444, "#bd3786"], [0.5555555555555556, "#d8576b"], [0.6666666666666666, "#ed7953"], [0.7777777777777778, "#fb9f3a"], [0.8888888888888888, "#fdca26"], [1.0, "#f0f921"]]}], "contourcarpet": [{"type": "contourcarpet", "colorbar": {"outlinewidth": 0, "ticks": ""}}], "contour": [{"type": "contour", "colorbar": {"outlinewidth": 0, "ticks": ""}, "colorscale": [[0.0, "#0d0887"], [0.1111111111111111, "#46039f"], [0.2222222222222222, "#7201a8"], [0.3333333333333333, "#9c179e"], [0.4444444444444444, "#bd3786"], [0.5555555555555556, "#d8576b"], [0.6666666666666666, "#ed7953"], [0.7777777777777778, "#fb9f3a"], [0.8888888888888888, "#fdca26"], [1.0, "#f0f921"]]}], "surface": [{"type": "surface", "colorbar": {"outlinewidth": 0, "ticks": ""}, "colorscale": [[0.0, "#0d0887"], [0.1111111111111111, "#46039f"], [0.2222222222222222, "#7201a8"], [0.3333333333333333, "#9c179e"], [0.4444444444444444, "#bd3786"], [0.5555555555555556, "#d8576b"], [0.6666666666666666, "#ed7953"], [0.7777777777777778, "#fb9f3a"], [0.8888888888888888, "#fdca26"], [1.0, "#f0f921"]]}], "mesh3d": [{"type": "mesh3d", "colorbar": {"outlinewidth": 0, "ticks": ""}}], "scatter": [{"fillpattern": {"fillmode": "overlay", "size": 10, "solidity": 0.2}, "type": "scatter"}], "parcoords": [{"type": "parcoords", "line": {"colorbar": {"outlinewidth": 0, "ticks": ""}}}], "scatterpolargl": [{"type": "scatterpolargl", "marker": {"colorbar": {"outlinewidth": 0, "ticks": ""}}}], "bar": [{"error_x": {"color": "#2a3f5f"}, "error_y": {"color": "#2a3f5f"}, "marker": {"line": {"color": "#E5ECF6", "width": 0.5}, "pattern": {"fillmode": "overlay", "size": 10, "solidity": 0.2}}, "type": "bar"}], "scattergeo": [{"type": "scattergeo", "marker": {"colorbar": {"outlinewidth": 0, "ticks": ""}}}], "scatterpolar": [{"type": "scatterpolar", "marker": {"colorbar": {"outlinewidth": 0, "ticks": ""}}}], "histogram": [{"marker": {"pattern": {"fillmode": "overlay", "size": 10, "solidity": 0.2}}, "type": "histogram"}], "scattergl": [{"type": "scattergl", "marker": {"colorbar": {"outlinewidth": 0, "ticks": ""}}}], "scatter3d": [{"type": "scatter3d", "line": {"colorbar": {"outlinewidth": 0, "ticks": ""}}, "marker": {"colorbar": {"outlinewidth": 0, "ticks": ""}}}], "scattermapbox": [{"type": "scattermapbox", "marker": {"colorbar": {"outlinewidth": 0, "ticks": ""}}}], "scatterternary": [{"type": "scatterternary", "marker": {"colorbar": {"outlinewidth": 0, "ticks": ""}}}], "scattercarpet": [{"type": "scattercarpet", "marker": {"colorbar": {"outlinewidth": 0, "ticks": ""}}}], "carpet": [{"aaxis": {"endlinecolor": "#2a3f5f", "gridcolor": "white", "linecolor": "white", "minorgridcolor": "white", "startlinecolor": "#2a3f5f"}, "baxis": {"endlinecolor": "#2a3f5f", "gridcolor": "white", "linecolor": "white", "minorgridcolor": "white", "startlinecolor": "#2a3f5f"}, "type": "carpet"}], "table": [{"cells": {"fill": {"color": "#EBF0F8"}, "line": {"color": "white"}}, "header": {"fill": {"color": "#C8D4E3"}, "line": {"color": "white"}}, "type": "table"}], "barpolar": [{"marker": {"line": {"color": "#E5ECF6", "width": 0.5}, "pattern": {"fillmode": "overlay", "size": 10, "solidity": 0.2}}, "type": "barpolar"}], "pie": [{"automargin": true, "type": "pie"}]}, "layout": {"autotypenumbers": "strict", "colorway": ["#636efa", "#EF553B", "#00cc96", "#ab63fa", "#FFA15A", "#19d3f3", "#FF6692", "#B6E880", "#FF97FF", "#FECB52"], "font": {"color": "#2a3f5f"}, "hovermode": "closest", "hoverlabel": {"align": "left"}, "paper_bgcolor": "white", "plot_bgcolor": "#E5ECF6", "polar": {"bgcolor": "#E5ECF6", "angularaxis": {"gridcolor": "white", "linecolor": "white", "ticks": ""}, "radialaxis": {"gridcolor": "white", "linecolor": "white", "ticks": ""}}, "ternary": {"bgcolor": "#E5ECF6", "aaxis": {"gridcolor": "white", "linecolor": "white", "ticks": ""}, "baxis": {"gridcolor": "white", "linecolor": "white", "ticks": ""}, "caxis": {"gridcolor": "white", "linecolor": "white", "ticks": ""}}, "coloraxis": {"colorbar": {"outlinewidth": 0, "ticks": ""}}, "colorscale": {"sequential": [[0.0, "#0d0887"], [0.1111111111111111, "#46039f"], [0.2222222222222222, "#7201a8"], [0.3333333333333333, "#9c179e"], [0.4444444444444444, "#bd3786"], [0.5555555555555556, "#d8576b"], [0.6666666666666666, "#ed7953"], [0.7777777777777778, "#fb9f3a"], [0.8888888888888888, "#fdca26"], [1.0, "#f0f921"]], "sequentialminus": [[0.0, "#0d0887"], [0.1111111111111111, "#46039f"], [0.2222222222222222, "#7201a8"], [0.3333333333333333, "#9c179e"], [0.4444444444444444, "#bd3786"], [0.5555555555555556, "#d8576b"], [0.6666666666666666, "#ed7953"], [0.7777777777777778, "#fb9f3a"], [0.8888888888888888, "#fdca26"], [1.0, "#f0f921"]], "diverging": [[0, "#8e0152"], [0.1, "#c51b7d"], [0.2, "#de77ae"], [0.3, "#f1b6da"], [0.4, "#fde0ef"], [0.5, "#f7f7f7"], [0.6, "#e6f5d0"], [0.7, "#b8e186"], [0.8, "#7fbc41"], [0.9, "#4d9221"], [1, "#276419"]]}, "xaxis": {"gridcolor": "white", "linecolor": "white", "ticks": "", "title": {"standoff": 15}, "zerolinecolor": "white", "automargin": true, "zerolinewidth": 2}, "yaxis": {"gridcolor": "white", "linecolor": "white", "ticks": "", "title": {"standoff": 15}, "zerolinecolor": "white", "automargin": true, "zerolinewidth": 2}, "scene": {"xaxis": {"backgroundcolor": "#E5ECF6", "gridcolor": "white", "linecolor": "white", "showbackground": true, "ticks": "", "zerolinecolor": "white", "gridwidth": 2}, "yaxis": {"backgroundcolor": "#E5ECF6", "gridcolor": "white", "linecolor": "white", "showbackground": true, "ticks": "", "zerolinecolor": "white", "gridwidth": 2}, "zaxis": {"backgroundcolor": "#E5ECF6", "gridcolor": "white", "linecolor": "white", "showbackground": true, "ticks": "", "zerolinecolor": "white", "gridwidth": 2}}, "shapedefaults": {"line": {"color": "#2a3f5f"}}, "annotationdefaults": {"arrowcolor": "#2a3f5f", "arrowhead": 0, "arrowwidth": 1}, "geo": {"bgcolor": "white", "landcolor": "#E5ECF6", "subunitcolor": "white", "showland": true, "showlakes": true, "lakecolor": "white"}, "title": {"x": 0.05}, "mapbox": {"style": "light"}}}}}