{"data": [{"z": [[3.7249133586883545, 2.8077850341796875, 0.20496706664562225, 0.10894005000591278, -4.840596675872803, -2.6482250690460205, 2.6406896114349365, -0.5495070815086365, -0.10210330784320831, 2.915210485458374, 1.1699249744415283, 1.209494948387146, 1.1439069509506226, -1.2623692750930786, 1.5446879863739014, 2.8981449604034424, -0.019668258726596832, -2.809201717376709, -2.8004608154296875, 1.5841645002365112, -4.395104885101318], [2.8077850341796875, 6.5077128410339355, -1.0691280364990234, -2.275824785232544, -7.553633689880371, -4.308103561401367, 2.0583667755126953, -1.9677274227142334, 0.8246139287948608, 3.7016518115997314, 0.1654195636510849, -0.2771779000759125, -0.619391918182373, -0.5669785141944885, 0.5216836929321289, 2.1461105346679688, 2.406858444213867, -2.5486252307891846, 3.1358726024627686, 0.7254040837287903, -1.3546515703201294], [0.20496706664562225, -1.0691280364990234, 1.3053444623947144, 0.5141720175743103, 0.6740128397941589, 0.9811909794807434, 0.7391512393951416, 0.4147154688835144, 1.5024590492248535, 0.0679948627948761, 0.553146481513977, -0.6516934037208557, -0.2898867130279541, -0.30401381850242615, 0.7796510457992554, 1.5931371450424194, 0.49993887543678284, 1.3774768114089966, -2.2698605060577393, 1.083675742149353, -1.4773722887039185], [0.10894005000591278, -2.275824785232544, 0.5141720175743103, 1.9550784826278687, 0.4712347984313965, 0.9039479494094849, 0.8120502233505249, 1.559891700744629, 0.008886154741048813, -0.1593591570854187, 1.0709820985794067, 1.7245700359344482, 0.943743884563446, 1.5443049669265747, 1.7615001201629639, -0.528400719165802, -1.4639391899108887, 0.09202437847852707, -3.485914468765259, 0.38731592893600464, 0.14338278770446777], [-4.840596675872803, -7.553633689880371, 0.6740128397941589, 0.4712347984313965, 13.213838577270508, 5.842409610748291, -5.559060573577881, 0.40202534198760986, -2.695044755935669, -6.573586463928223, -2.5140488147735596, -2.369328022003174, -0.0391562357544899, -2.703134298324585, -4.8181471824646, -3.016336441040039, -2.3571178913116455, 3.44378662109375, 0.6416711211204529, -2.286853790283203, 1.311580777168274], [-2.6482250690460205, -4.308103561401367, 0.9811909794807434, 0.9039479494094849, 5.842409610748291, 3.3958399295806885, -1.8443903923034668, 1.007442593574524, 0.27412673830986023, -2.8701698780059814, -0.5024228692054749, -1.0126456022262573, -0.41961556673049927, 0.13785216212272644, -0.9032882452011108, -1.2048465013504028, -0.6712498068809509, 2.893740177154541, -0.910507082939148, -0.5035349130630493, 1.4055302143096924], [2.6406896114349365, 2.0583667755126953, 0.7391512393951416, 0.8120502233505249, -5.559060573577881, -1.8443903923034668, 3.4015562534332275, 0.5673509240150452, 2.0812578201293945, 3.103614091873169, 1.9165836572647095, 1.3249025344848633, 0.28936582803726196, 1.3425101041793823, 3.3163764476776123, 2.430222749710083, 0.8064460754394531, -0.8768274188041687, -3.2258501052856445, 1.9663481712341309, -1.93815016746521], [-0.5495070815086365, -1.9677274227142334, 0.4147154688835144, 1.559891700744629, 0.40202534198760986, 1.007442593574524, 0.5673509240150452, 1.4655728340148926, 0.5835666060447693, -0.2687273323535919, 0.8671551942825317, 1.22440767288208, 0.3402281701564789, 2.0329434871673584, 1.6356028318405151, -0.8578999638557434, -0.8157711029052734, 0.7680307030677795, -2.2244760990142822, 0.195134237408638, 1.311480164527893], [-0.10210330784320831, 0.8246139287948608, 1.5024590492248535, 0.008886154741048813, -2.695044755935669, 0.27412673830986023, 2.0812578201293945, 0.5835666060447693, 4.332104682922363, 1.5465176105499268, 1.1656898260116577, -1.1827280521392822, -1.7546424865722656, 1.9351565837860107, 2.46639347076416, 2.060419797897339, 2.6922006607055664, 2.784660816192627, -0.8540207147598267, 1.7199276685714722, 0.663579523563385], [2.915210485458374, 3.7016518115997314, 0.0679948627948761, -0.1593591570854187, -6.573586463928223, -2.8701698780059814, 3.103614091873169, -0.2687273323535919, 1.5465176105499268, 3.478055477142334, 1.4156047105789185, 1.0016508102416992, 0.12068063020706177, 0.7388189435005188, 2.5112311840057373, 2.3612818717956543, 1.2363779544830322, -1.7108793258666992, -1.2569916248321533, 1.5842373371124268, -1.8784610033035278], [1.1699249744415283, 0.1654195636510849, 0.553146481513977, 1.0709820985794067, -2.5140488147735596, -0.5024228692054749, 1.9165836572647095, 0.8671551942825317, 1.1656898260116577, 1.4156047105789185, 1.3057955503463745, 1.1888123750686646, 0.36357977986335754, 1.3625683784484863, 2.2742254734039307, 0.9150657653808594, -0.022858697921037674, -0.2118745893239975, -2.6587743759155273, 1.0730174779891968, -0.6297866106033325], [1.209494948387146, -0.2771779000759125, -0.6516934037208557, 1.7245700359344482, -2.369328022003174, -1.0126456022262573, 1.3249025344848633, 1.22440767288208, -1.1827280521392822, 1.0016508102416992, 1.1888123750686646, 3.0575640201568604, 1.609175205230713, 1.992806077003479, 2.0512568950653076, -1.1664047241210938, -1.9291778802871704, -2.13171124458313, -2.531996965408325, -0.011623990722000599, 0.4297851622104645], [1.1439069509506226, -0.619391918182373, -0.2898867130279541, 0.943743884563446, -0.0391562357544899, -0.41961556673049927, 0.28936582803726196, 0.3402281701564789, -1.7546424865722656, 0.12068063020706177, 0.36357977986335754, 1.609175205230713, 1.4663926362991333, -0.4281703233718872, 0.26627659797668457, -0.23712429404258728, -1.7679259777069092, -1.8527601957321167, -2.1000585556030273, -0.05266139283776283, -1.4652717113494873], [-1.2623692750930786, -0.5669785141944885, -0.30401381850242615, 1.5443049669265747, -2.703134298324585, 0.13785216212272644, 1.3425101041793823, 2.0329434871673584, 1.9351565837860107, 0.7388189435005188, 1.3625683784484863, 1.992806077003479, -0.4281703233718872, 5.19578218460083, 3.22516131401062, -2.2739410400390625, 0.11669911444187164, 1.1611485481262207, -0.34193578362464905, -0.09447060525417328, 4.997215270996094], [1.5446879863739014, 0.5216836929321289, 0.7796510457992554, 1.7615001201629639, -4.8181471824646, -0.9032882452011108, 3.3163764476776123, 1.6356028318405151, 2.46639347076416, 2.5112311840057373, 2.2742254734039307, 2.0512568950653076, 0.26627659797668457, 3.22516131401062, 4.194751262664795, 1.075335144996643, 0.3187227249145508, 0.019613156095147133, -3.7921371459960938, 1.6859887838363647, 0.1816261261701584], [2.8981449604034424, 2.1461105346679688, 1.5931371450424194, -0.528400719165802, -3.016336441040039, -1.2048465013504028, 2.430222749710083, -0.8578999638557434, 2.060419797897339, 2.3612818717956543, 0.9150657653808594, -1.1664047241210938, -0.23712429404258728, -2.2739410400390625, 1.075335144996643, 4.6352972984313965, 1.706125259399414, -0.17534509301185608, -2.772961378097534, 2.389915943145752, -5.221871376037598], [-0.019668258726596832, 2.406858444213867, 0.49993887543678284, -1.4639391899108887, -2.3571178913116455, -0.6712498068809509, 0.8064460754394531, -0.8157711029052734, 2.6922006607055664, 1.2363779544830322, -0.022858697921037674, -1.9291778802871704, -1.7679259777069092, 0.11669911444187164, 0.3187227249145508, 1.706125259399414, 2.7868642807006836, 1.5240683555603027, 2.080339193344116, 0.808394730091095, 0.29002514481544495], [-2.809201717376709, -2.5486252307891846, 1.3774768114089966, 0.09202437847852707, 3.44378662109375, 2.893740177154541, -0.8768274188041687, 0.7680307030677795, 2.784660816192627, -1.7108793258666992, -0.2118745893239975, -2.13171124458313, -1.8527601957321167, 1.1611485481262207, 0.019613156095147133, -0.17534509301185608, 1.5240683555603027, 4.292795658111572, 0.458786278963089, 0.18936790525913239, 2.3999974727630615], [-2.8004608154296875, 3.1358726024627686, -2.2698605060577393, -3.485914468765259, 0.6416711211204529, -0.910507082939148, -3.2258501052856445, -2.2244760990142822, -0.8540207147598267, -1.2569916248321533, -2.6587743759155273, -2.531996965408325, -2.1000585556030273, -0.34193578362464905, -3.7921371459960938, -2.772961378097534, 2.080339193344116, 0.458786278963089, 9.538973808288574, -2.5784049034118652, 4.853445529937744], [1.5841645002365112, 0.7254040837287903, 1.083675742149353, 0.38731592893600464, -2.286853790283203, -0.5035349130630493, 1.9663481712341309, 0.195134237408638, 1.7199276685714722, 1.5842373371124268, 1.0730174779891968, -0.011623990722000599, -0.05266139283776283, -0.09447060525417328, 1.6859887838363647, 2.389915943145752, 0.808394730091095, 0.18936790525913239, -2.5784049034118652, 1.586538553237915, -2.292888879776001], [-4.395104885101318, -1.3546515703201294, -1.4773722887039185, 0.14338278770446777, 1.311580777168274, 1.4055302143096924, -1.93815016746521, 1.311480164527893, 0.663579523563385, -1.8784610033035278, -0.6297866106033325, 0.4297851622104645, -1.4652717113494873, 4.997215270996094, 0.1816261261701584, -5.221871376037598, 0.29002514481544495, 2.3999974727630615, 4.853445529937744, -2.292888879776001, 8.789374351501465]], "type": "heatmap"}], "layout": {"template": {"data": {"histogram2dcontour": [{"type": "histogram2dcontour", "colorbar": {"outlinewidth": 0, "ticks": ""}, "colorscale": [[0.0, "#0d0887"], [0.1111111111111111, "#46039f"], [0.2222222222222222, "#7201a8"], [0.3333333333333333, "#9c179e"], [0.4444444444444444, "#bd3786"], [0.5555555555555556, "#d8576b"], [0.6666666666666666, "#ed7953"], [0.7777777777777778, "#fb9f3a"], [0.8888888888888888, "#fdca26"], [1.0, "#f0f921"]]}], "choropleth": [{"type": "choropleth", "colorbar": {"outlinewidth": 0, "ticks": ""}}], "histogram2d": [{"type": "histogram2d", "colorbar": {"outlinewidth": 0, "ticks": ""}, "colorscale": [[0.0, "#0d0887"], [0.1111111111111111, "#46039f"], [0.2222222222222222, "#7201a8"], [0.3333333333333333, "#9c179e"], [0.4444444444444444, "#bd3786"], [0.5555555555555556, "#d8576b"], [0.6666666666666666, "#ed7953"], [0.7777777777777778, "#fb9f3a"], [0.8888888888888888, "#fdca26"], [1.0, "#f0f921"]]}], "heatmap": [{"type": "heatmap", "colorbar": {"outlinewidth": 0, "ticks": ""}, "colorscale": [[0.0, "#0d0887"], [0.1111111111111111, "#46039f"], [0.2222222222222222, "#7201a8"], [0.3333333333333333, "#9c179e"], [0.4444444444444444, "#bd3786"], [0.5555555555555556, "#d8576b"], [0.6666666666666666, "#ed7953"], [0.7777777777777778, "#fb9f3a"], [0.8888888888888888, "#fdca26"], [1.0, "#f0f921"]]}], "heatmapgl": [{"type": "heatmapgl", "colorbar": {"outlinewidth": 0, "ticks": ""}, "colorscale": [[0.0, "#0d0887"], [0.1111111111111111, "#46039f"], [0.2222222222222222, "#7201a8"], [0.3333333333333333, "#9c179e"], [0.4444444444444444, "#bd3786"], [0.5555555555555556, "#d8576b"], [0.6666666666666666, "#ed7953"], [0.7777777777777778, "#fb9f3a"], [0.8888888888888888, "#fdca26"], [1.0, "#f0f921"]]}], "contourcarpet": [{"type": "contourcarpet", "colorbar": {"outlinewidth": 0, "ticks": ""}}], "contour": [{"type": "contour", "colorbar": {"outlinewidth": 0, "ticks": ""}, "colorscale": [[0.0, "#0d0887"], [0.1111111111111111, "#46039f"], [0.2222222222222222, "#7201a8"], [0.3333333333333333, "#9c179e"], [0.4444444444444444, "#bd3786"], [0.5555555555555556, "#d8576b"], [0.6666666666666666, "#ed7953"], [0.7777777777777778, "#fb9f3a"], [0.8888888888888888, "#fdca26"], [1.0, "#f0f921"]]}], "surface": [{"type": "surface", "colorbar": {"outlinewidth": 0, "ticks": ""}, "colorscale": [[0.0, "#0d0887"], [0.1111111111111111, "#46039f"], [0.2222222222222222, "#7201a8"], [0.3333333333333333, "#9c179e"], [0.4444444444444444, "#bd3786"], [0.5555555555555556, "#d8576b"], [0.6666666666666666, "#ed7953"], [0.7777777777777778, "#fb9f3a"], [0.8888888888888888, "#fdca26"], [1.0, "#f0f921"]]}], "mesh3d": [{"type": "mesh3d", "colorbar": {"outlinewidth": 0, "ticks": ""}}], "scatter": [{"fillpattern": {"fillmode": "overlay", "size": 10, "solidity": 0.2}, "type": "scatter"}], "parcoords": [{"type": "parcoords", "line": {"colorbar": {"outlinewidth": 0, "ticks": ""}}}], "scatterpolargl": [{"type": "scatterpolargl", "marker": {"colorbar": {"outlinewidth": 0, "ticks": ""}}}], "bar": [{"error_x": {"color": "#2a3f5f"}, "error_y": {"color": "#2a3f5f"}, "marker": {"line": {"color": "#E5ECF6", "width": 0.5}, "pattern": {"fillmode": "overlay", "size": 10, "solidity": 0.2}}, "type": "bar"}], "scattergeo": [{"type": "scattergeo", "marker": {"colorbar": {"outlinewidth": 0, "ticks": ""}}}], "scatterpolar": [{"type": "scatterpolar", "marker": {"colorbar": {"outlinewidth": 0, "ticks": ""}}}], "histogram": [{"marker": {"pattern": {"fillmode": "overlay", "size": 10, "solidity": 0.2}}, "type": "histogram"}], "scattergl": [{"type": "scattergl", "marker": {"colorbar": {"outlinewidth": 0, "ticks": ""}}}], "scatter3d": [{"type": "scatter3d", "line": {"colorbar": {"outlinewidth": 0, "ticks": ""}}, "marker": {"colorbar": {"outlinewidth": 0, "ticks": ""}}}], "scattermapbox": [{"type": "scattermapbox", "marker": {"colorbar": {"outlinewidth": 0, "ticks": ""}}}], "scatterternary": [{"type": "scatterternary", "marker": {"colorbar": {"outlinewidth": 0, "ticks": ""}}}], "scattercarpet": [{"type": "scattercarpet", "marker": {"colorbar": {"outlinewidth": 0, "ticks": ""}}}], "carpet": [{"aaxis": {"endlinecolor": "#2a3f5f", "gridcolor": "white", "linecolor": "white", "minorgridcolor": "white", "startlinecolor": "#2a3f5f"}, "baxis": {"endlinecolor": "#2a3f5f", "gridcolor": "white", "linecolor": "white", "minorgridcolor": "white", "startlinecolor": "#2a3f5f"}, "type": "carpet"}], "table": [{"cells": {"fill": {"color": "#EBF0F8"}, "line": {"color": "white"}}, "header": {"fill": {"color": "#C8D4E3"}, "line": {"color": "white"}}, "type": "table"}], "barpolar": [{"marker": {"line": {"color": "#E5ECF6", "width": 0.5}, "pattern": {"fillmode": "overlay", "size": 10, "solidity": 0.2}}, "type": "barpolar"}], "pie": [{"automargin": true, "type": "pie"}]}, "layout": {"autotypenumbers": "strict", "colorway": ["#636efa", "#EF553B", "#00cc96", "#ab63fa", "#FFA15A", "#19d3f3", "#FF6692", "#B6E880", "#FF97FF", "#FECB52"], "font": {"color": "#2a3f5f"}, "hovermode": "closest", "hoverlabel": {"align": "left"}, "paper_bgcolor": "white", "plot_bgcolor": "#E5ECF6", "polar": {"bgcolor": "#E5ECF6", "angularaxis": {"gridcolor": "white", "linecolor": "white", "ticks": ""}, "radialaxis": {"gridcolor": "white", "linecolor": "white", "ticks": ""}}, "ternary": {"bgcolor": "#E5ECF6", "aaxis": {"gridcolor": "white", "linecolor": "white", "ticks": ""}, "baxis": {"gridcolor": "white", "linecolor": "white", "ticks": ""}, "caxis": {"gridcolor": "white", "linecolor": "white", "ticks": ""}}, "coloraxis": {"colorbar": {"outlinewidth": 0, "ticks": ""}}, "colorscale": {"sequential": [[0.0, "#0d0887"], [0.1111111111111111, "#46039f"], [0.2222222222222222, "#7201a8"], [0.3333333333333333, "#9c179e"], [0.4444444444444444, "#bd3786"], [0.5555555555555556, "#d8576b"], [0.6666666666666666, "#ed7953"], [0.7777777777777778, "#fb9f3a"], [0.8888888888888888, "#fdca26"], [1.0, "#f0f921"]], "sequentialminus": [[0.0, "#0d0887"], [0.1111111111111111, "#46039f"], [0.2222222222222222, "#7201a8"], [0.3333333333333333, "#9c179e"], [0.4444444444444444, "#bd3786"], [0.5555555555555556, "#d8576b"], [0.6666666666666666, "#ed7953"], [0.7777777777777778, "#fb9f3a"], [0.8888888888888888, "#fdca26"], [1.0, "#f0f921"]], "diverging": [[0, "#8e0152"], [0.1, "#c51b7d"], [0.2, "#de77ae"], [0.3, "#f1b6da"], [0.4, "#fde0ef"], [0.5, "#f7f7f7"], [0.6, "#e6f5d0"], [0.7, "#b8e186"], [0.8, "#7fbc41"], [0.9, "#4d9221"], [1, "#276419"]]}, "xaxis": {"gridcolor": "white", "linecolor": "white", "ticks": "", "title": {"standoff": 15}, "zerolinecolor": "white", "automargin": true, "zerolinewidth": 2}, "yaxis": {"gridcolor": "white", "linecolor": "white", "ticks": "", "title": {"standoff": 15}, "zerolinecolor": "white", "automargin": true, "zerolinewidth": 2}, "scene": {"xaxis": {"backgroundcolor": "#E5ECF6", "gridcolor": "white", "linecolor": "white", "showbackground": true, "ticks": "", "zerolinecolor": "white", "gridwidth": 2}, "yaxis": {"backgroundcolor": "#E5ECF6", "gridcolor": "white", "linecolor": "white", "showbackground": true, "ticks": "", "zerolinecolor": "white", "gridwidth": 2}, "zaxis": {"backgroundcolor": "#E5ECF6", "gridcolor": "white", "linecolor": "white", "showbackground": true, "ticks": "", "zerolinecolor": "white", "gridwidth": 2}}, "shapedefaults": {"line": {"color": "#2a3f5f"}}, "annotationdefaults": {"arrowcolor": "#2a3f5f", "arrowhead": 0, "arrowwidth": 1}, "geo": {"bgcolor": "white", "landcolor": "#E5ECF6", "subunitcolor": "white", "showland": true, "showlakes": true, "lakecolor": "white"}, "title": {"x": 0.05}, "mapbox": {"style": "light"}}}}}