{"data": [{"z": [[3.9302759170532227, 2.942444324493408, 0.26706305146217346, 0.2848741114139557, -4.919098377227783, -2.52767014503479, 2.700394868850708, -0.3831280469894409, -0.0613287054002285, 3.04655385017395, 1.2927578687667847, 1.3518975973129272, 1.3222579956054688, -1.2418678998947144, 1.6412055492401123, 3.0082759857177734, -0.00936651136726141, -2.800166606903076, -2.8684732913970947, 1.7495924234390259, -4.535147666931152], [2.942444324493408, 6.5396857261657715, -1.015466332435608, -2.1933536529541016, -7.738809108734131, -4.335697174072266, 2.2411534786224365, -1.931649088859558, 0.8792588114738464, 3.7955923080444336, 0.3104928135871887, -0.2421511858701706, -0.5617099404335022, -0.5730062127113342, 0.6812074780464172, 2.27998948097229, 2.35127329826355, -2.6310622692108154, 2.8844285011291504, 0.8438287377357483, -1.5561009645462036], [0.26706305146217346, -1.015466332435608, 1.3204325437545776, 0.5751065015792847, 0.6903964877128601, 1.0450929403305054, 0.7141424417495728, 0.48447248339653015, 1.5056791305541992, 0.1059020534157753, 0.567487359046936, -0.5896492004394531, -0.22025592625141144, -0.29244178533554077, 0.7797254920005798, 1.6089859008789062, 0.5224029421806335, 1.4062103033065796, -2.2341437339782715, 1.128393292427063, -1.4880826473236084], [0.2848741114139557, -2.1933536529541016, 0.5751065015792847, 2.074954032897949, 0.3955540955066681, 0.9537733197212219, 0.863422155380249, 1.6728273630142212, 0.04950641468167305, -0.033590689301490784, 1.1342883110046387, 1.8562296628952026, 1.0661441087722778, 1.557041883468628, 1.8404814004898071, -0.41411998867988586, -1.4314981698989868, 0.10453083366155624, -3.600581169128418, 0.5096917152404785, 0.010025063529610634], [-4.919098377227783, -7.738809108734131, 0.6903964877128601, 0.3955540955066681, 13.212536811828613, 5.715886116027832, -5.507040023803711, 0.3065691590309143, -2.6826562881469727, -6.61239767074585, -2.5677127838134766, -2.4063801765441895, -0.15403951704502106, -2.701439380645752, -4.783992767333984, -3.0054714679718018, -2.3835270404815674, 3.4293453693389893, 0.41354021430015564, -2.3563759326934814, 1.289555311203003], [-2.52767014503479, -4.335697174072266, 1.0450929403305054, 0.9537733197212219, 5.715886116027832, 3.3299243450164795, -1.7203930616378784, 1.0277382135391235, 0.32610318064689636, -2.770020008087158, -0.45258811116218567, -0.937751054763794, -0.39214852452278137, 0.13934628665447235, -0.7845248579978943, -1.0726470947265625, -0.6727596521377563, 2.8613338470458984, -1.1907016038894653, -0.42700105905532837, 1.234897255897522], [2.700394868850708, 2.2411534786224365, 0.7141424417495728, 0.863422155380249, -5.507040023803711, -1.7203930616378784, 3.2878119945526123, 0.656644344329834, 2.0566389560699463, 3.136007070541382, 1.9094265699386597, 1.3742961883544922, 0.3924252688884735, 1.3421083688735962, 3.231478452682495, 2.396083354949951, 0.871392548084259, -0.8282156586647034, -2.934014081954956, 2.0048654079437256, -1.8672940731048584], [-0.3831280469894409, -1.931649088859558, 0.48447248339653015, 1.6728273630142212, 0.3065691590309143, 1.0277382135391235, 0.656644344329834, 1.5589544773101807, 0.632215142250061, -0.14885836839675903, 0.9416404366493225, 1.3446111679077148, 0.4407086670398712, 2.0455105304718018, 1.744371771812439, -0.7298426628112793, -0.8054261803627014, 0.763798177242279, -2.4256529808044434, 0.3139320909976959, 1.1505813598632812], [-0.0613287054002285, 0.8792588114738464, 1.5056791305541992, 0.04950641468167305, -2.6826562881469727, 0.32610318064689636, 2.0566389560699463, 0.632215142250061, 4.329776287078857, 1.5692460536956787, 1.177916169166565, -1.1460434198379517, -1.7028181552886963, 1.9406660795211792, 2.4575514793395996, 2.0636074542999268, 2.708141803741455, 2.8022611141204834, -0.7954492568969727, 1.7499170303344727, 0.6661255955696106], [3.04655385017395, 3.7955923080444336, 0.1059020534157753, -0.033590689301490784, -6.61239767074585, -2.770020008087158, 3.136007070541382, -0.14885836839675903, 1.5692460536956787, 3.55608868598938, 1.505173921585083, 1.0935291051864624, 0.247837096452713, 0.7543060779571533, 2.5711605548858643, 2.4232065677642822, 1.2359747886657715, -1.7024229764938354, -1.2802764177322388, 1.6959712505340576, -1.9607102870941162], [1.2927578687667847, 0.3104928135871887, 0.567487359046936, 1.1342883110046387, -2.5677127838134766, -0.45258811116218567, 1.9094265699386597, 0.9416404366493225, 1.177916169166565, 1.505173921585083, 1.3361167907714844, 1.26292884349823, 0.45874565839767456, 1.3570998907089233, 2.279325246810913, 0.9716634750366211, 0.027484482154250145, -0.2040354162454605, -2.585217237472534, 1.1515750885009766, -0.6825090050697327], [1.3518975973129272, -0.2421511858701706, -0.5896492004394531, 1.8562296628952026, -2.4063801765441895, -0.937751054763794, 1.3742961883544922, 1.3446111679077148, -1.1460434198379517, 1.0935291051864624, 1.26292884349823, 3.1781585216522217, 1.7267550230026245, 2.0171635150909424, 2.136141777038574, -1.0776747465133667, -1.9251887798309326, -2.1111483573913574, -2.666198253631592, 0.10144657641649246, 0.3174706697463989], [1.3222579956054688, -0.5617099404335022, -0.22025592625141144, 1.0661441087722778, -0.15403951704502106, -0.39214852452278137, 0.3924252688884735, 0.4407086670398712, -1.7028181552886963, 0.247837096452713, 0.45874565839767456, 1.7267550230026245, 1.577501654624939, -0.41673997044563293, 0.3856339752674103, -0.10283581167459488, -1.7634761333465576, -1.866746425628662, -2.2947640419006348, 0.08021698147058487, -1.637685775756836], [-1.2418678998947144, -0.5730062127113342, -0.29244178533554077, 1.557041883468628, -2.701439380645752, 0.13934628665447235, 1.3421083688735962, 2.0455105304718018, 1.9406660795211792, 0.7543060779571533, 1.3570998907089233, 2.0171635150909424, -0.41673997044563293, 5.198653221130371, 3.231722354888916, -2.257739543914795, 0.1263962686061859, 1.1708170175552368, -0.37254369258880615, -0.08443480730056763, 4.981710910797119], [1.6412055492401123, 0.6812074780464172, 0.7797254920005798, 1.8404814004898071, -4.783992767333984, -0.7845248579978943, 3.231478452682495, 1.744371771812439, 2.4575514793395996, 2.5711605548858643, 2.279325246810913, 2.136141777038574, 0.3856339752674103, 3.231722354888916, 4.146020412445068, 1.0781124830245972, 0.3826811611652374, 0.07093361020088196, -3.5959036350250244, 1.749557614326477, 0.20539580285549164], [3.0082759857177734, 2.27998948097229, 1.6089859008789062, -0.41411998867988586, -3.0054714679718018, -1.0726470947265625, 2.396083354949951, -0.7298426628112793, 2.0636074542999268, 2.4232065677642822, 0.9716634750366211, -1.0776747465133667, -0.10283581167459488, -2.257739543914795, 1.0781124830245972, 4.654971599578857, 1.7317042350769043, -0.14104585349559784, -2.6611838340759277, 2.4807519912719727, -5.2378458976745605], [-0.00936651136726141, 2.35127329826355, 0.5224029421806335, -1.4314981698989868, -2.3835270404815674, -0.6727596521377563, 0.871392548084259, -0.8054261803627014, 2.708141803741455, 1.2359747886657715, 0.027484482154250145, -1.9251887798309326, -1.7634761333465576, 0.1263962686061859, 0.3826811611652374, 1.7317042350769043, 2.74088716506958, 1.503418207168579, 1.945589542388916, 0.8324282765388489, 0.23644931614398956], [-2.800166606903076, -2.6310622692108154, 1.4062103033065796, 0.10453083366155624, 3.4293453693389893, 2.8613338470458984, -0.8282156586647034, 0.763798177242279, 2.8022611141204834, -1.7024229764938354, -0.2040354162454605, -2.1111483573913574, -1.866746425628662, 1.1708170175552368, 0.07093361020088196, -0.14104585349559784, 1.503418207168579, 4.288036346435547, 0.2947443127632141, 0.1956794410943985, 2.3483028411865234], [-2.8684732913970947, 2.8844285011291504, -2.2341437339782715, -3.600581169128418, 0.41354021430015564, -1.1907016038894653, -2.934014081954956, -2.4256529808044434, -0.7954492568969727, -1.2802764177322388, -2.585217237472534, -2.666198253631592, -2.2947640419006348, -0.37254369258880615, -3.5959036350250244, -2.6611838340759277, 1.945589542388916, 0.2947443127632141, 8.996171951293945, -2.616626739501953, 4.648744583129883], [1.7495924234390259, 0.8438287377357483, 1.128393292427063, 0.5096917152404785, -2.3563759326934814, -0.42700105905532837, 2.0048654079437256, 0.3139320909976959, 1.7499170303344727, 1.6959712505340576, 1.1515750885009766, 0.10144657641649246, 0.08021698147058487, -0.08443480730056763, 1.749557614326477, 2.4807519912719727, 0.8324282765388489, 0.1956794410943985, -2.616626739501953, 1.709135890007019, -2.4015302658081055], [-4.535147666931152, -1.5561009645462036, -1.4880826473236084, 0.010025063529610634, 1.289555311203003, 1.234897255897522, -1.8672940731048584, 1.1505813598632812, 0.6661255955696106, -1.9607102870941162, -0.6825090050697327, 0.3174706697463989, -1.637685775756836, 4.981710910797119, 0.20539580285549164, -5.2378458976745605, 0.23644931614398956, 2.3483028411865234, 4.648744583129883, -2.4015302658081055, 8.789374351501465]], "type": "heatmap"}], "layout": {"template": {"data": {"histogram2dcontour": [{"type": "histogram2dcontour", "colorbar": {"outlinewidth": 0, "ticks": ""}, "colorscale": [[0.0, "#0d0887"], [0.1111111111111111, "#46039f"], [0.2222222222222222, "#7201a8"], [0.3333333333333333, "#9c179e"], [0.4444444444444444, "#bd3786"], [0.5555555555555556, "#d8576b"], [0.6666666666666666, "#ed7953"], [0.7777777777777778, "#fb9f3a"], [0.8888888888888888, "#fdca26"], [1.0, "#f0f921"]]}], "choropleth": [{"type": "choropleth", "colorbar": {"outlinewidth": 0, "ticks": ""}}], "histogram2d": [{"type": "histogram2d", "colorbar": {"outlinewidth": 0, "ticks": ""}, "colorscale": [[0.0, "#0d0887"], [0.1111111111111111, "#46039f"], [0.2222222222222222, "#7201a8"], [0.3333333333333333, "#9c179e"], [0.4444444444444444, "#bd3786"], [0.5555555555555556, "#d8576b"], [0.6666666666666666, "#ed7953"], [0.7777777777777778, "#fb9f3a"], [0.8888888888888888, "#fdca26"], [1.0, "#f0f921"]]}], "heatmap": [{"type": "heatmap", "colorbar": {"outlinewidth": 0, "ticks": ""}, "colorscale": [[0.0, "#0d0887"], [0.1111111111111111, "#46039f"], [0.2222222222222222, "#7201a8"], [0.3333333333333333, "#9c179e"], [0.4444444444444444, "#bd3786"], [0.5555555555555556, "#d8576b"], [0.6666666666666666, "#ed7953"], [0.7777777777777778, "#fb9f3a"], [0.8888888888888888, "#fdca26"], [1.0, "#f0f921"]]}], "heatmapgl": [{"type": "heatmapgl", "colorbar": {"outlinewidth": 0, "ticks": ""}, "colorscale": [[0.0, "#0d0887"], [0.1111111111111111, "#46039f"], [0.2222222222222222, "#7201a8"], [0.3333333333333333, "#9c179e"], [0.4444444444444444, "#bd3786"], [0.5555555555555556, "#d8576b"], [0.6666666666666666, "#ed7953"], [0.7777777777777778, "#fb9f3a"], [0.8888888888888888, "#fdca26"], [1.0, "#f0f921"]]}], "contourcarpet": [{"type": "contourcarpet", "colorbar": {"outlinewidth": 0, "ticks": ""}}], "contour": [{"type": "contour", "colorbar": {"outlinewidth": 0, "ticks": ""}, "colorscale": [[0.0, "#0d0887"], [0.1111111111111111, "#46039f"], [0.2222222222222222, "#7201a8"], [0.3333333333333333, "#9c179e"], [0.4444444444444444, "#bd3786"], [0.5555555555555556, "#d8576b"], [0.6666666666666666, "#ed7953"], [0.7777777777777778, "#fb9f3a"], [0.8888888888888888, "#fdca26"], [1.0, "#f0f921"]]}], "surface": [{"type": "surface", "colorbar": {"outlinewidth": 0, "ticks": ""}, "colorscale": [[0.0, "#0d0887"], [0.1111111111111111, "#46039f"], [0.2222222222222222, "#7201a8"], [0.3333333333333333, "#9c179e"], [0.4444444444444444, "#bd3786"], [0.5555555555555556, "#d8576b"], [0.6666666666666666, "#ed7953"], [0.7777777777777778, "#fb9f3a"], [0.8888888888888888, "#fdca26"], [1.0, "#f0f921"]]}], "mesh3d": [{"type": "mesh3d", "colorbar": {"outlinewidth": 0, "ticks": ""}}], "scatter": [{"fillpattern": {"fillmode": "overlay", "size": 10, "solidity": 0.2}, "type": "scatter"}], "parcoords": [{"type": "parcoords", "line": {"colorbar": {"outlinewidth": 0, "ticks": ""}}}], "scatterpolargl": [{"type": "scatterpolargl", "marker": {"colorbar": {"outlinewidth": 0, "ticks": ""}}}], "bar": [{"error_x": {"color": "#2a3f5f"}, "error_y": {"color": "#2a3f5f"}, "marker": {"line": {"color": "#E5ECF6", "width": 0.5}, "pattern": {"fillmode": "overlay", "size": 10, "solidity": 0.2}}, "type": "bar"}], "scattergeo": [{"type": "scattergeo", "marker": {"colorbar": {"outlinewidth": 0, "ticks": ""}}}], "scatterpolar": [{"type": "scatterpolar", "marker": {"colorbar": {"outlinewidth": 0, "ticks": ""}}}], "histogram": [{"marker": {"pattern": {"fillmode": "overlay", "size": 10, "solidity": 0.2}}, "type": "histogram"}], "scattergl": [{"type": "scattergl", "marker": {"colorbar": {"outlinewidth": 0, "ticks": ""}}}], "scatter3d": [{"type": "scatter3d", "line": {"colorbar": {"outlinewidth": 0, "ticks": ""}}, "marker": {"colorbar": {"outlinewidth": 0, "ticks": ""}}}], "scattermapbox": [{"type": "scattermapbox", "marker": {"colorbar": {"outlinewidth": 0, "ticks": ""}}}], "scatterternary": [{"type": "scatterternary", "marker": {"colorbar": {"outlinewidth": 0, "ticks": ""}}}], "scattercarpet": [{"type": "scattercarpet", "marker": {"colorbar": {"outlinewidth": 0, "ticks": ""}}}], "carpet": [{"aaxis": {"endlinecolor": "#2a3f5f", "gridcolor": "white", "linecolor": "white", "minorgridcolor": "white", "startlinecolor": "#2a3f5f"}, "baxis": {"endlinecolor": "#2a3f5f", "gridcolor": "white", "linecolor": "white", "minorgridcolor": "white", "startlinecolor": "#2a3f5f"}, "type": "carpet"}], "table": [{"cells": {"fill": {"color": "#EBF0F8"}, "line": {"color": "white"}}, "header": {"fill": {"color": "#C8D4E3"}, "line": {"color": "white"}}, "type": "table"}], "barpolar": [{"marker": {"line": {"color": "#E5ECF6", "width": 0.5}, "pattern": {"fillmode": "overlay", "size": 10, "solidity": 0.2}}, "type": "barpolar"}], "pie": [{"automargin": true, "type": "pie"}]}, "layout": {"autotypenumbers": "strict", "colorway": ["#636efa", "#EF553B", "#00cc96", "#ab63fa", "#FFA15A", "#19d3f3", "#FF6692", "#B6E880", "#FF97FF", "#FECB52"], "font": {"color": "#2a3f5f"}, "hovermode": "closest", "hoverlabel": {"align": "left"}, "paper_bgcolor": "white", "plot_bgcolor": "#E5ECF6", "polar": {"bgcolor": "#E5ECF6", "angularaxis": {"gridcolor": "white", "linecolor": "white", "ticks": ""}, "radialaxis": {"gridcolor": "white", "linecolor": "white", "ticks": ""}}, "ternary": {"bgcolor": "#E5ECF6", "aaxis": {"gridcolor": "white", "linecolor": "white", "ticks": ""}, "baxis": {"gridcolor": "white", "linecolor": "white", "ticks": ""}, "caxis": {"gridcolor": "white", "linecolor": "white", "ticks": ""}}, "coloraxis": {"colorbar": {"outlinewidth": 0, "ticks": ""}}, "colorscale": {"sequential": [[0.0, "#0d0887"], [0.1111111111111111, "#46039f"], [0.2222222222222222, "#7201a8"], [0.3333333333333333, "#9c179e"], [0.4444444444444444, "#bd3786"], [0.5555555555555556, "#d8576b"], [0.6666666666666666, "#ed7953"], [0.7777777777777778, "#fb9f3a"], [0.8888888888888888, "#fdca26"], [1.0, "#f0f921"]], "sequentialminus": [[0.0, "#0d0887"], [0.1111111111111111, "#46039f"], [0.2222222222222222, "#7201a8"], [0.3333333333333333, "#9c179e"], [0.4444444444444444, "#bd3786"], [0.5555555555555556, "#d8576b"], [0.6666666666666666, "#ed7953"], [0.7777777777777778, "#fb9f3a"], [0.8888888888888888, "#fdca26"], [1.0, "#f0f921"]], "diverging": [[0, "#8e0152"], [0.1, "#c51b7d"], [0.2, "#de77ae"], [0.3, "#f1b6da"], [0.4, "#fde0ef"], [0.5, "#f7f7f7"], [0.6, "#e6f5d0"], [0.7, "#b8e186"], [0.8, "#7fbc41"], [0.9, "#4d9221"], [1, "#276419"]]}, "xaxis": {"gridcolor": "white", "linecolor": "white", "ticks": "", "title": {"standoff": 15}, "zerolinecolor": "white", "automargin": true, "zerolinewidth": 2}, "yaxis": {"gridcolor": "white", "linecolor": "white", "ticks": "", "title": {"standoff": 15}, "zerolinecolor": "white", "automargin": true, "zerolinewidth": 2}, "scene": {"xaxis": {"backgroundcolor": "#E5ECF6", "gridcolor": "white", "linecolor": "white", "showbackground": true, "ticks": "", "zerolinecolor": "white", "gridwidth": 2}, "yaxis": {"backgroundcolor": "#E5ECF6", "gridcolor": "white", "linecolor": "white", "showbackground": true, "ticks": "", "zerolinecolor": "white", "gridwidth": 2}, "zaxis": {"backgroundcolor": "#E5ECF6", "gridcolor": "white", "linecolor": "white", "showbackground": true, "ticks": "", "zerolinecolor": "white", "gridwidth": 2}}, "shapedefaults": {"line": {"color": "#2a3f5f"}}, "annotationdefaults": {"arrowcolor": "#2a3f5f", "arrowhead": 0, "arrowwidth": 1}, "geo": {"bgcolor": "white", "landcolor": "#E5ECF6", "subunitcolor": "white", "showland": true, "showlakes": true, "lakecolor": "white"}, "title": {"x": 0.05}, "mapbox": {"style": "light"}}}}}