{"data": [{"z": [[3.5166468620300293, 2.6946563720703125, 0.1348709613084793, -0.09191031754016876, -4.753692150115967, -2.775947332382202, 2.532177209854126, -0.7219122648239136, -0.14966987073421478, 2.7371418476104736, 0.9946810603141785, 1.073449969291687, 0.9782481789588928, -1.2939645051956177, 1.4028162956237793, 2.785046339035034, -0.006672665476799011, -2.815349817276001, -2.69973087310791, 1.3862916231155396, -4.24166202545166], [2.6946563720703125, 6.5096435546875, -1.1168066263198853, -2.3503546714782715, -7.367109775543213, -4.267259120941162, 1.9077608585357666, -1.9946165084838867, 0.7639236450195312, 3.5961666107177734, 0.0487680658698082, -0.2983435094356537, -0.6589879393577576, -0.5480785965919495, 0.38749960064888, 2.00799560546875, 2.48543119430542, -2.4601972103118896, 3.428130626678467, 0.6139236092567444, -1.144240140914917], [0.1348709613084793, -1.1168066263198853, 1.2821953296661377, 0.4357086420059204, 0.6589284539222717, 0.9079656004905701, 0.7272447347640991, 0.33718207478523254, 1.4971762895584106, 0.01387138944119215, 0.5022451281547546, -0.717000424861908, -0.3601251244544983, -0.3270423412322998, 0.7455012798309326, 1.5769321918487549, 0.483753502368927, 1.3473191261291504, -2.293189287185669, 1.0206292867660522, -1.4614996910095215], [-0.09191031754016876, -2.3503546714782715, 0.4357086420059204, 1.8190064430236816, 0.5815548300743103, 0.8678284287452698, 0.6802766919136047, 1.4489343166351318, -0.04132748767733574, -0.3104263246059418, 0.9505825638771057, 1.5883417129516602, 0.8253292441368103, 1.51970374584198, 1.6156363487243652, -0.6642775535583496, -1.4892382621765137, 0.09294304251670837, -3.3124208450317383, 0.23728224635124207, 0.31184202432632446], [-4.753692150115967, -7.367109775543213, 0.6589284539222717, 0.5815548300743103, 13.215559959411621, 5.995490074157715, -5.596341609954834, 0.518994152545929, -2.701930522918701, -6.465557098388672, -2.4182493686676025, -2.33307147026062, 0.07466238737106323, -2.6984057426452637, -4.831916332244873, -3.027918577194214, -2.349860191345215, 3.4642045497894287, 0.8783974051475525, -2.175150156021118, 1.3294535875320435], [-2.775947332382202, -4.267259120941162, 0.9079656004905701, 0.8678284287452698, 5.995490074157715, 3.4930458068847656, -2.006234884262085, 1.0054413080215454, 0.21729691326618195, -2.9490458965301514, -0.5571684837341309, -1.0872215032577515, -0.43977537751197815, 0.13646014034748077, -1.048177719116211, -1.354417085647583, -0.6716732382774353, 2.941537618637085, -0.5746853947639465, -0.5710653066635132, 1.6010428667068481], [2.532177209854126, 1.9077608585357666, 0.7272447347640991, 0.6802766919136047, -5.596341609954834, -2.006234884262085, 3.4251415729522705, 0.42725199460983276, 2.0854275226593018, 3.000485420227051, 1.8260972499847412, 1.2388317584991455, 0.1598118245601654, 1.313967227935791, 3.3026490211486816, 2.4332499504089355, 0.7740461826324463, -0.9303908944129944, -3.409066677093506, 1.8529359102249146, -1.9537025690078735], [-0.7219122648239136, -1.9946165084838867, 0.33718207478523254, 1.4489343166351318, 0.518994152545929, 1.0054413080215454, 0.42725199460983276, 1.3847427368164062, 0.5312643051147461, -0.3926965892314911, 0.763129472732544, 1.1095753908157349, 0.2513553202152252, 2.0146145820617676, 1.4885022640228271, -0.99492347240448, -0.8227368593215942, 0.7836630344390869, -1.9895873069763184, 0.0697188526391983, 1.4886502027511597], [-0.14966987073421478, 0.7639236450195312, 1.4971762895584106, -0.04132748767733574, -2.701930522918701, 0.21729691326618195, 2.0854275226593018, 0.5312643051147461, 4.333157539367676, 1.5030845403671265, 1.1302088499069214, -1.2186548709869385, -1.8053069114685059, 1.9251550436019897, 2.457815647125244, 2.056617259979248, 2.6782493591308594, 2.7673797607421875, -0.9181981086730957, 1.6750891208648682, 0.6636119484901428], [2.7371418476104736, 3.5961666107177734, 0.01387138944119215, -0.3104263246059418, -6.465557098388672, -2.9490458965301514, 3.000485420227051, -0.3926965892314911, 1.5030845403671265, 3.32177472114563, 1.27035391330719, 0.9025557637214661, -0.0065032243728637695, 0.7256025671958923, 2.391904592514038, 2.2517812252044678, 1.2505412101745605, -1.6948010921478271, -1.1583044528961182, 1.419960379600525, -1.7292948961257935], [0.9946810603141785, 0.0487680658698082, 0.5022451281547546, 0.9505825638771057, -2.4182493686676025, -0.5571684837341309, 1.8260972499847412, 0.763129472732544, 1.1302088499069214, 1.27035391330719, 1.1943469047546387, 1.0832843780517578, 0.25008314847946167, 1.3488277196884155, 2.1726455688476562, 0.8123070597648621, -0.04801955819129944, -0.20923864841461182, -2.599376916885376, 0.9338598251342773, -0.5045245289802551], [1.073449969291687, -0.2983435094356537, -0.717000424861908, 1.5883417129516602, -2.33307147026062, -1.0872215032577515, 1.2388317584991455, 1.1095753908157349, -1.2186548709869385, 0.9025557637214661, 1.0832843780517578, 2.946091651916504, 1.5044549703598022, 1.95883309841156, 1.9366538524627686, -1.2481073141098022, -1.9248028993606567, -2.1506175994873047, -2.3903279304504395, -0.1322338730096817, 0.5387294888496399], [0.9782481789588928, -0.6589879393577576, -0.3601251244544983, 0.8253292441368103, 0.07466238737106323, -0.43977537751197815, 0.1598118245601654, 0.2513553202152252, -1.8053069114685059, -0.0065032243728637695, 0.25008314847946167, 1.5044549703598022, 1.372664213180542, -0.4452815651893616, 0.12741407752037048, -0.3639809489250183, -1.7641096115112305, -1.8355286121368408, -1.8953421115875244, -0.18459708988666534, -1.297653079032898], [-1.2939645051956177, -0.5480785965919495, -0.3270423412322998, 1.51970374584198, -2.6984057426452637, 0.13646014034748077, 1.313967227935791, 2.0146145820617676, 1.9251550436019897, 0.7256025671958923, 1.3488277196884155, 1.95883309841156, -0.4452815651893616, 5.185420036315918, 3.190687417984009, -2.299713134765625, 0.11144989728927612, 1.1534225940704346, -0.2712671458721161, -0.11303616315126419, 5.029078483581543], [1.4028162956237793, 0.38749960064888, 0.7455012798309326, 1.6156363487243652, -4.831916332244873, -1.048177719116211, 3.3026490211486816, 1.4885022640228271, 2.457815647125244, 2.391904592514038, 2.1726455688476562, 1.9366538524627686, 0.12741407752037048, 3.190687417984009, 4.143662452697754, 1.044316053390503, 0.2801172733306885, -0.032137464731931686, -3.8919742107391357, 1.5566723346710205, 0.20830672979354858], [2.785046339035034, 2.00799560546875, 1.5769321918487549, -0.6642775535583496, -3.027918577194214, -1.354417085647583, 2.4332499504089355, -0.99492347240448, 2.056617259979248, 2.2517812252044678, 0.8123070597648621, -1.2481073141098022, -0.3639809489250183, -2.299713134765625, 1.044316053390503, 4.623135089874268, 1.6915441751480103, -0.2129748910665512, -2.905771017074585, 2.2688088417053223, -5.210805892944336], [-0.006672665476799011, 2.48543119430542, 0.483753502368927, -1.4892382621765137, -2.349860191345215, -0.6716732382774353, 0.7740461826324463, -0.8227368593215942, 2.6782493591308594, 1.2505412101745605, -0.04801955819129944, -1.9248028993606567, -1.7641096115112305, 0.11144989728927612, 0.2801172733306885, 1.6915441751480103, 2.8434622287750244, 1.540671467781067, 2.219167947769165, 0.7994681000709534, 0.33095836639404297], [-2.815349817276001, -2.4601972103118896, 1.3473191261291504, 0.09294304251670837, 3.4642045497894287, 2.941537618637085, -0.9303908944129944, 0.7836630344390869, 2.7673797607421875, -1.6948010921478271, -0.20923864841461182, -2.1506175994873047, -1.8355286121368408, 1.1534225940704346, -0.032137464731931686, -0.2129748910665512, 1.540671467781067, 4.303305625915527, 0.6398419141769409, 0.1975008100271225, 2.4559271335601807], [-2.69973087310791, 3.428130626678467, -2.293189287185669, -3.3124208450317383, 0.8783974051475525, -0.5746853947639465, -3.409066677093506, -1.9895873069763184, -0.9181981086730957, -1.1583044528961182, -2.599376916885376, -2.3903279304504395, -1.8953421115875244, -0.2712671458721161, -3.8919742107391357, -2.905771017074585, 2.219167947769165, 0.6398419141769409, 10.161394119262695, -2.4701051712036133, 5.078608512878418], [1.3862916231155396, 0.6139236092567444, 1.0206292867660522, 0.23728224635124207, -2.175150156021118, -0.5710653066635132, 1.8529359102249146, 0.0697188526391983, 1.6750891208648682, 1.419960379600525, 0.9338598251342773, -0.1322338730096817, -0.18459708988666534, -0.11303616315126419, 1.5566723346710205, 2.2688088417053223, 0.7994681000709534, 0.1975008100271225, -2.4701051712036133, 1.4213835000991821, -2.1371521949768066], [-4.24166202545166, -1.144240140914917, -1.4614996910095215, 0.31184202432632446, 1.3294535875320435, 1.6010428667068481, -1.9537025690078735, 1.4886502027511597, 0.6636119484901428, -1.7292948961257935, -0.5045245289802551, 0.5387294888496399, -1.297653079032898, 5.029078483581543, 0.20830672979354858, -5.210805892944336, 0.33095836639404297, 2.4559271335601807, 5.078608512878418, -2.1371521949768066, 8.789374351501465]], "type": "heatmap"}], "layout": {"template": {"data": {"histogram2dcontour": [{"type": "histogram2dcontour", "colorbar": {"outlinewidth": 0, "ticks": ""}, "colorscale": [[0.0, "#0d0887"], [0.1111111111111111, "#46039f"], [0.2222222222222222, "#7201a8"], [0.3333333333333333, "#9c179e"], [0.4444444444444444, "#bd3786"], [0.5555555555555556, "#d8576b"], [0.6666666666666666, "#ed7953"], [0.7777777777777778, "#fb9f3a"], [0.8888888888888888, "#fdca26"], [1.0, "#f0f921"]]}], "choropleth": [{"type": "choropleth", "colorbar": {"outlinewidth": 0, "ticks": ""}}], "histogram2d": [{"type": "histogram2d", "colorbar": {"outlinewidth": 0, "ticks": ""}, "colorscale": [[0.0, "#0d0887"], [0.1111111111111111, "#46039f"], [0.2222222222222222, "#7201a8"], [0.3333333333333333, "#9c179e"], [0.4444444444444444, "#bd3786"], [0.5555555555555556, "#d8576b"], [0.6666666666666666, "#ed7953"], [0.7777777777777778, "#fb9f3a"], [0.8888888888888888, "#fdca26"], [1.0, "#f0f921"]]}], "heatmap": [{"type": "heatmap", "colorbar": {"outlinewidth": 0, "ticks": ""}, "colorscale": [[0.0, "#0d0887"], [0.1111111111111111, "#46039f"], [0.2222222222222222, "#7201a8"], [0.3333333333333333, "#9c179e"], [0.4444444444444444, "#bd3786"], [0.5555555555555556, "#d8576b"], [0.6666666666666666, "#ed7953"], [0.7777777777777778, "#fb9f3a"], [0.8888888888888888, "#fdca26"], [1.0, "#f0f921"]]}], "heatmapgl": [{"type": "heatmapgl", "colorbar": {"outlinewidth": 0, "ticks": ""}, "colorscale": [[0.0, "#0d0887"], [0.1111111111111111, "#46039f"], [0.2222222222222222, "#7201a8"], [0.3333333333333333, "#9c179e"], [0.4444444444444444, "#bd3786"], [0.5555555555555556, "#d8576b"], [0.6666666666666666, "#ed7953"], [0.7777777777777778, "#fb9f3a"], [0.8888888888888888, "#fdca26"], [1.0, "#f0f921"]]}], "contourcarpet": [{"type": "contourcarpet", "colorbar": {"outlinewidth": 0, "ticks": ""}}], "contour": [{"type": "contour", "colorbar": {"outlinewidth": 0, "ticks": ""}, "colorscale": [[0.0, "#0d0887"], [0.1111111111111111, "#46039f"], [0.2222222222222222, "#7201a8"], [0.3333333333333333, "#9c179e"], [0.4444444444444444, "#bd3786"], [0.5555555555555556, "#d8576b"], [0.6666666666666666, "#ed7953"], [0.7777777777777778, "#fb9f3a"], [0.8888888888888888, "#fdca26"], [1.0, "#f0f921"]]}], "surface": [{"type": "surface", "colorbar": {"outlinewidth": 0, "ticks": ""}, "colorscale": [[0.0, "#0d0887"], [0.1111111111111111, "#46039f"], [0.2222222222222222, "#7201a8"], [0.3333333333333333, "#9c179e"], [0.4444444444444444, "#bd3786"], [0.5555555555555556, "#d8576b"], [0.6666666666666666, "#ed7953"], [0.7777777777777778, "#fb9f3a"], [0.8888888888888888, "#fdca26"], [1.0, "#f0f921"]]}], "mesh3d": [{"type": "mesh3d", "colorbar": {"outlinewidth": 0, "ticks": ""}}], "scatter": [{"fillpattern": {"fillmode": "overlay", "size": 10, "solidity": 0.2}, "type": "scatter"}], "parcoords": [{"type": "parcoords", "line": {"colorbar": {"outlinewidth": 0, "ticks": ""}}}], "scatterpolargl": [{"type": "scatterpolargl", "marker": {"colorbar": {"outlinewidth": 0, "ticks": ""}}}], "bar": [{"error_x": {"color": "#2a3f5f"}, "error_y": {"color": "#2a3f5f"}, "marker": {"line": {"color": "#E5ECF6", "width": 0.5}, "pattern": {"fillmode": "overlay", "size": 10, "solidity": 0.2}}, "type": "bar"}], "scattergeo": [{"type": "scattergeo", "marker": {"colorbar": {"outlinewidth": 0, "ticks": ""}}}], "scatterpolar": [{"type": "scatterpolar", "marker": {"colorbar": {"outlinewidth": 0, "ticks": ""}}}], "histogram": [{"marker": {"pattern": {"fillmode": "overlay", "size": 10, "solidity": 0.2}}, "type": "histogram"}], "scattergl": [{"type": "scattergl", "marker": {"colorbar": {"outlinewidth": 0, "ticks": ""}}}], "scatter3d": [{"type": "scatter3d", "line": {"colorbar": {"outlinewidth": 0, "ticks": ""}}, "marker": {"colorbar": {"outlinewidth": 0, "ticks": ""}}}], "scattermapbox": [{"type": "scattermapbox", "marker": {"colorbar": {"outlinewidth": 0, "ticks": ""}}}], "scatterternary": [{"type": "scatterternary", "marker": {"colorbar": {"outlinewidth": 0, "ticks": ""}}}], "scattercarpet": [{"type": "scattercarpet", "marker": {"colorbar": {"outlinewidth": 0, "ticks": ""}}}], "carpet": [{"aaxis": {"endlinecolor": "#2a3f5f", "gridcolor": "white", "linecolor": "white", "minorgridcolor": "white", "startlinecolor": "#2a3f5f"}, "baxis": {"endlinecolor": "#2a3f5f", "gridcolor": "white", "linecolor": "white", "minorgridcolor": "white", "startlinecolor": "#2a3f5f"}, "type": "carpet"}], "table": [{"cells": {"fill": {"color": "#EBF0F8"}, "line": {"color": "white"}}, "header": {"fill": {"color": "#C8D4E3"}, "line": {"color": "white"}}, "type": "table"}], "barpolar": [{"marker": {"line": {"color": "#E5ECF6", "width": 0.5}, "pattern": {"fillmode": "overlay", "size": 10, "solidity": 0.2}}, "type": "barpolar"}], "pie": [{"automargin": true, "type": "pie"}]}, "layout": {"autotypenumbers": "strict", "colorway": ["#636efa", "#EF553B", "#00cc96", "#ab63fa", "#FFA15A", "#19d3f3", "#FF6692", "#B6E880", "#FF97FF", "#FECB52"], "font": {"color": "#2a3f5f"}, "hovermode": "closest", "hoverlabel": {"align": "left"}, "paper_bgcolor": "white", "plot_bgcolor": "#E5ECF6", "polar": {"bgcolor": "#E5ECF6", "angularaxis": {"gridcolor": "white", "linecolor": "white", "ticks": ""}, "radialaxis": {"gridcolor": "white", "linecolor": "white", "ticks": ""}}, "ternary": {"bgcolor": "#E5ECF6", "aaxis": {"gridcolor": "white", "linecolor": "white", "ticks": ""}, "baxis": {"gridcolor": "white", "linecolor": "white", "ticks": ""}, "caxis": {"gridcolor": "white", "linecolor": "white", "ticks": ""}}, "coloraxis": {"colorbar": {"outlinewidth": 0, "ticks": ""}}, "colorscale": {"sequential": [[0.0, "#0d0887"], [0.1111111111111111, "#46039f"], [0.2222222222222222, "#7201a8"], [0.3333333333333333, "#9c179e"], [0.4444444444444444, "#bd3786"], [0.5555555555555556, "#d8576b"], [0.6666666666666666, "#ed7953"], [0.7777777777777778, "#fb9f3a"], [0.8888888888888888, "#fdca26"], [1.0, "#f0f921"]], "sequentialminus": [[0.0, "#0d0887"], [0.1111111111111111, "#46039f"], [0.2222222222222222, "#7201a8"], [0.3333333333333333, "#9c179e"], [0.4444444444444444, "#bd3786"], [0.5555555555555556, "#d8576b"], [0.6666666666666666, "#ed7953"], [0.7777777777777778, "#fb9f3a"], [0.8888888888888888, "#fdca26"], [1.0, "#f0f921"]], "diverging": [[0, "#8e0152"], [0.1, "#c51b7d"], [0.2, "#de77ae"], [0.3, "#f1b6da"], [0.4, "#fde0ef"], [0.5, "#f7f7f7"], [0.6, "#e6f5d0"], [0.7, "#b8e186"], [0.8, "#7fbc41"], [0.9, "#4d9221"], [1, "#276419"]]}, "xaxis": {"gridcolor": "white", "linecolor": "white", "ticks": "", "title": {"standoff": 15}, "zerolinecolor": "white", "automargin": true, "zerolinewidth": 2}, "yaxis": {"gridcolor": "white", "linecolor": "white", "ticks": "", "title": {"standoff": 15}, "zerolinecolor": "white", "automargin": true, "zerolinewidth": 2}, "scene": {"xaxis": {"backgroundcolor": "#E5ECF6", "gridcolor": "white", "linecolor": "white", "showbackground": true, "ticks": "", "zerolinecolor": "white", "gridwidth": 2}, "yaxis": {"backgroundcolor": "#E5ECF6", "gridcolor": "white", "linecolor": "white", "showbackground": true, "ticks": "", "zerolinecolor": "white", "gridwidth": 2}, "zaxis": {"backgroundcolor": "#E5ECF6", "gridcolor": "white", "linecolor": "white", "showbackground": true, "ticks": "", "zerolinecolor": "white", "gridwidth": 2}}, "shapedefaults": {"line": {"color": "#2a3f5f"}}, "annotationdefaults": {"arrowcolor": "#2a3f5f", "arrowhead": 0, "arrowwidth": 1}, "geo": {"bgcolor": "white", "landcolor": "#E5ECF6", "subunitcolor": "white", "showland": true, "showlakes": true, "lakecolor": "white"}, "title": {"x": 0.05}, "mapbox": {"style": "light"}}}}}