{"data": [{"z": [[3.3918991088867188, 2.639759063720703, 0.08662839233875275, -0.22817130386829376, -4.7017316818237305, -2.8589019775390625, 2.420203924179077, -0.8298661112785339, -0.18165524303913116, 2.617915391921997, 0.8570245504379272, 0.9907894134521484, 0.8835264444351196, -1.3161369562149048, 1.2950482368469238, 2.7129838466644287, -0.021048860624432564, -2.815201997756958, -2.611971616744995, 1.2468894720077515, -4.140116214752197], [2.639759063720703, 6.539783954620361, -1.1499660015106201, -2.3855600357055664, -7.2470221519470215, -4.221327304840088, 1.8207805156707764, -1.9953358173370361, 0.723021388053894, 3.5414435863494873, -0.017339250072836876, -0.30288031697273254, -0.6752743124961853, -0.5320430397987366, 0.30861684679985046, 1.9117505550384521, 2.555523633956909, -2.3993868827819824, 3.657515525817871, 0.5534507632255554, -0.99908047914505], [0.08662839233875275, -1.1499660015106201, 1.2666808366775513, 0.3788549602031708, 0.6508570313453674, 0.8566151261329651, 0.6949535608291626, 0.28450557589530945, 1.4933621883392334, -0.02864326909184456, 0.4549439251422882, -0.7594848275184631, -0.4023386836051941, -0.34309911727905273, 0.7125422358512878, 1.5675143003463745, 0.45611900091171265, 1.3303054571151733, -2.309136390686035, 0.9705020785331726, -1.4507797956466675], [-0.22817130386829376, -2.3855600357055664, 0.3788549602031708, 1.7206995487213135, 0.6609261631965637, 0.8449229001998901, 0.5561003684997559, 1.37384033203125, -0.07848091423511505, -0.414447158575058, 0.8545649647712708, 1.497188687324524, 0.7540405988693237, 1.5010331869125366, 1.4965187311172485, -0.7575790286064148, -1.517263650894165, 0.1000661626458168, -3.16620135307312, 0.12899135053157806, 0.4335341155529022], [-4.7017316818237305, -7.2470221519470215, 0.6508570313453674, 0.6609261631965637, 13.218560218811035, 6.0973896980285645, -5.578317165374756, 0.5925474166870117, -2.7063710689544678, -6.380237102508545, -2.3250226974487305, -2.3130264282226562, 0.14131158590316772, -2.695631265640259, -4.829512119293213, -3.0333852767944336, -2.311521530151367, 3.4744391441345215, 1.029186725616455, -2.08302903175354, 1.338634967803955], [-2.8589019775390625, -4.221327304840088, 0.8566151261329651, 0.8449229001998901, 6.0973896980285645, 3.5613017082214355, -2.107512950897217, 1.0039865970611572, 0.17732566595077515, -2.9891905784606934, -0.5828282237052917, -1.137621283531189, -0.45112180709838867, 0.13347549736499786, -1.1495808362960815, -1.4536181688308716, -0.6529378890991211, 2.974618434906006, -0.3239749073982239, -0.6062083840370178, 1.7352535724639893], [2.420203924179077, 1.8207805156707764, 0.6949535608291626, 0.5561003684997559, -5.578317165374756, -2.107512950897217, 3.3432817459106445, 0.3193458020687103, 2.069321632385254, 2.8896427154541016, 1.7056466341018677, 1.160473346710205, 0.06689350306987762, 1.2910984754562378, 3.2273313999176025, 2.3931729793548584, 0.7290938496589661, -0.9473479390144348, -3.425706148147583, 1.7275564670562744, -1.9018079042434692], [-0.8298661112785339, -1.9953358173370361, 0.28450557589530945, 1.37384033203125, 0.5925474166870117, 1.0039865970611572, 0.3193458020687103, 1.332201361656189, 0.4958707094192505, -0.4681629240512848, 0.6908209323883057, 1.0362131595611572, 0.2004265934228897, 2.000136375427246, 1.3815302848815918, -1.0813392400741577, -0.8292921185493469, 0.7960079312324524, -1.8158905506134033, -0.011387447826564312, 1.605069875717163], [-0.18165524303913116, 0.723021388053894, 1.4933621883392334, -0.07848091423511505, -2.7063710689544678, 0.17732566595077515, 2.069321632385254, 0.4958707094192505, 4.33384895324707, 1.4686654806137085, 1.0950075387954712, -1.2419036626815796, -1.8358063697814941, 1.9178930521011353, 2.445010185241699, 2.0549654960632324, 2.6549558639526367, 2.7575979232788086, -0.9611274600028992, 1.6381200551986694, 0.6636074185371399], [2.617915391921997, 3.5414435863494873, -0.02864326909184456, -0.414447158575058, -6.380237102508545, -2.9891905784606934, 2.8896427154541016, -0.4681629240512848, 1.4686654806137085, 3.208235502243042, 1.1522338390350342, 0.8387231230735779, -0.08152893930673599, 0.7182166576385498, 2.292177200317383, 2.165977716445923, 1.2455066442489624, -1.6740058660507202, -1.0485634803771973, 1.2978354692459106, -1.6103883981704712], [0.8570245504379272, -0.017339250072836876, 0.4549439251422882, 0.8545649647712708, -2.3250226974487305, -0.5828282237052917, 1.7056466341018677, 0.6908209323883057, 1.0950075387954712, 1.1522338390350342, 1.088613510131836, 1.004367470741272, 0.17626632750034332, 1.3389694690704346, 2.0651912689208984, 0.7188732028007507, -0.07790441066026688, -0.19300127029418945, -2.49173641204834, 0.8163560032844543, -0.3832133412361145], [0.9907894134521484, -0.30288031697273254, -0.7594848275184631, 1.497188687324524, -2.3130264282226562, -1.137621283531189, 1.160473346710205, 1.0362131595611572, -1.2419036626815796, 0.8387231230735779, 1.004367470741272, 2.877455472946167, 1.4448282718658447, 1.9352773427963257, 1.8530246019363403, -1.2965329885482788, -1.9349570274353027, -2.1606593132019043, -2.29179048538208, -0.214033305644989, 0.6066430807113647], [0.8835264444351196, -0.6752743124961853, -0.4023386836051941, 0.7540405988693237, 0.14131158590316772, -0.45112180709838867, 0.06689350306987762, 0.2004265934228897, -1.8358063697814941, -0.08152893930673599, 0.17626632750034332, 1.4448282718658447, 1.3233835697174072, -0.4562544822692871, 0.03806565701961517, -0.4373997151851654, -1.770403504371643, -1.823237657546997, -1.7661076784133911, -0.26481860876083374, -1.1986162662506104], [-1.3161369562149048, -0.5320430397987366, -0.34309911727905273, 1.5010331869125366, -2.695631265640259, 0.13347549736499786, 1.2910984754562378, 2.000136375427246, 1.9178930521011353, 0.7182166576385498, 1.3389694690704346, 1.9352773427963257, -0.4562544822692871, 5.177179336547852, 3.1633286476135254, -2.315488576889038, 0.10888412594795227, 1.1486221551895142, -0.21943478286266327, -0.12545020878314972, 5.050510406494141], [1.2950482368469238, 0.30861684679985046, 0.7125422358512878, 1.4965187311172485, -4.829512119293213, -1.1495808362960815, 3.2273313999176025, 1.3815302848815918, 2.445010185241699, 2.292177200317383, 2.0651912689208984, 1.8530246019363403, 0.03806565701961517, 3.1633286476135254, 4.071468353271484, 1.0125792026519775, 0.22642317414283752, -0.058464355766773224, -3.9157907962799072, 1.442426323890686, 0.24671083688735962], [2.7129838466644287, 1.9117505550384521, 1.5675143003463745, -0.7575790286064148, -3.0333852767944336, -1.4536181688308716, 2.3931729793548584, -1.0813392400741577, 2.0549654960632324, 2.165977716445923, 0.7188732028007507, -1.2965329885482788, -0.4373997151851654, -2.315488576889038, 1.0125792026519775, 4.6163434982299805, 1.646252989768982, -0.23246639966964722, -3.000727653503418, 2.173673629760742, -5.204608917236328], [-0.021048860624432564, 2.555523633956909, 0.45611900091171265, -1.517263650894165, -2.311521530151367, -0.6529378890991211, 0.7290938496589661, -0.8292921185493469, 2.6549558639526367, 1.2455066442489624, -0.07790441066026688, -1.9349570274353027, -1.770403504371643, 0.10888412594795227, 0.22642317414283752, 1.646252989768982, 2.902604818344116, 1.5640555620193481, 2.400514841079712, 0.7780663967132568, 0.4074278473854065], [-2.815201997756958, -2.3993868827819824, 1.3303054571151733, 0.1000661626458168, 3.4744391441345215, 2.974618434906006, -0.9473479390144348, 0.7960079312324524, 2.7575979232788086, -1.6740058660507202, -0.19300127029418945, -2.1606593132019043, -1.823237657546997, 1.1486221551895142, -0.058464355766773224, -0.23246639966964722, 1.5640555620193481, 4.30894660949707, 0.7534412741661072, 0.21434853971004486, 2.4866087436676025], [-2.611971616744995, 3.657515525817871, -2.309136390686035, -3.16620135307312, 1.029186725616455, -0.3239749073982239, -3.425706148147583, -1.8158905506134033, -0.9611274600028992, -1.0485634803771973, -2.49173641204834, -2.29179048538208, -1.7661076784133911, -0.21943478286266327, -3.9157907962799072, -3.000727653503418, 2.400514841079712, 0.7534412741661072, 10.6156644821167, -2.349046230316162, 5.233382701873779], [1.2468894720077515, 0.5534507632255554, 0.9705020785331726, 0.12899135053157806, -2.08302903175354, -0.6062083840370178, 1.7275564670562744, -0.011387447826564312, 1.6381200551986694, 1.2978354692459106, 0.8163560032844543, -0.214033305644989, -0.26481860876083374, -0.12545020878314972, 1.442426323890686, 2.173673629760742, 0.7780663967132568, 0.21434853971004486, -2.349046230316162, 1.2950488328933716, -2.0101068019866943], [-4.140116214752197, -0.99908047914505, -1.4507797956466675, 0.4335341155529022, 1.338634967803955, 1.7352535724639893, -1.9018079042434692, 1.605069875717163, 0.6636074185371399, -1.6103883981704712, -0.3832133412361145, 0.6066430807113647, -1.1986162662506104, 5.050510406494141, 0.24671083688735962, -5.204608917236328, 0.4074278473854065, 2.4866087436676025, 5.233382701873779, -2.0101068019866943, 8.789374351501465]], "type": "heatmap"}], "layout": {"template": {"data": {"histogram2dcontour": [{"type": "histogram2dcontour", "colorbar": {"outlinewidth": 0, "ticks": ""}, "colorscale": [[0.0, "#0d0887"], [0.1111111111111111, "#46039f"], [0.2222222222222222, "#7201a8"], [0.3333333333333333, "#9c179e"], [0.4444444444444444, "#bd3786"], [0.5555555555555556, "#d8576b"], [0.6666666666666666, "#ed7953"], [0.7777777777777778, "#fb9f3a"], [0.8888888888888888, "#fdca26"], [1.0, "#f0f921"]]}], "choropleth": [{"type": "choropleth", "colorbar": {"outlinewidth": 0, "ticks": ""}}], "histogram2d": [{"type": "histogram2d", "colorbar": {"outlinewidth": 0, "ticks": ""}, "colorscale": [[0.0, "#0d0887"], [0.1111111111111111, "#46039f"], [0.2222222222222222, "#7201a8"], [0.3333333333333333, "#9c179e"], [0.4444444444444444, "#bd3786"], [0.5555555555555556, "#d8576b"], [0.6666666666666666, "#ed7953"], [0.7777777777777778, "#fb9f3a"], [0.8888888888888888, "#fdca26"], [1.0, "#f0f921"]]}], "heatmap": [{"type": "heatmap", "colorbar": {"outlinewidth": 0, "ticks": ""}, "colorscale": [[0.0, "#0d0887"], [0.1111111111111111, "#46039f"], [0.2222222222222222, "#7201a8"], [0.3333333333333333, "#9c179e"], [0.4444444444444444, "#bd3786"], [0.5555555555555556, "#d8576b"], [0.6666666666666666, "#ed7953"], [0.7777777777777778, "#fb9f3a"], [0.8888888888888888, "#fdca26"], [1.0, "#f0f921"]]}], "heatmapgl": [{"type": "heatmapgl", "colorbar": {"outlinewidth": 0, "ticks": ""}, "colorscale": [[0.0, "#0d0887"], [0.1111111111111111, "#46039f"], [0.2222222222222222, "#7201a8"], [0.3333333333333333, "#9c179e"], [0.4444444444444444, "#bd3786"], [0.5555555555555556, "#d8576b"], [0.6666666666666666, "#ed7953"], [0.7777777777777778, "#fb9f3a"], [0.8888888888888888, "#fdca26"], [1.0, "#f0f921"]]}], "contourcarpet": [{"type": "contourcarpet", "colorbar": {"outlinewidth": 0, "ticks": ""}}], "contour": [{"type": "contour", "colorbar": {"outlinewidth": 0, "ticks": ""}, "colorscale": [[0.0, "#0d0887"], [0.1111111111111111, "#46039f"], [0.2222222222222222, "#7201a8"], [0.3333333333333333, "#9c179e"], [0.4444444444444444, "#bd3786"], [0.5555555555555556, "#d8576b"], [0.6666666666666666, "#ed7953"], [0.7777777777777778, "#fb9f3a"], [0.8888888888888888, "#fdca26"], [1.0, "#f0f921"]]}], "surface": [{"type": "surface", "colorbar": {"outlinewidth": 0, "ticks": ""}, "colorscale": [[0.0, "#0d0887"], [0.1111111111111111, "#46039f"], [0.2222222222222222, "#7201a8"], [0.3333333333333333, "#9c179e"], [0.4444444444444444, "#bd3786"], [0.5555555555555556, "#d8576b"], [0.6666666666666666, "#ed7953"], [0.7777777777777778, "#fb9f3a"], [0.8888888888888888, "#fdca26"], [1.0, "#f0f921"]]}], "mesh3d": [{"type": "mesh3d", "colorbar": {"outlinewidth": 0, "ticks": ""}}], "scatter": [{"fillpattern": {"fillmode": "overlay", "size": 10, "solidity": 0.2}, "type": "scatter"}], "parcoords": [{"type": "parcoords", "line": {"colorbar": {"outlinewidth": 0, "ticks": ""}}}], "scatterpolargl": [{"type": "scatterpolargl", "marker": {"colorbar": {"outlinewidth": 0, "ticks": ""}}}], "bar": [{"error_x": {"color": "#2a3f5f"}, "error_y": {"color": "#2a3f5f"}, "marker": {"line": {"color": "#E5ECF6", "width": 0.5}, "pattern": {"fillmode": "overlay", "size": 10, "solidity": 0.2}}, "type": "bar"}], "scattergeo": [{"type": "scattergeo", "marker": {"colorbar": {"outlinewidth": 0, "ticks": ""}}}], "scatterpolar": [{"type": "scatterpolar", "marker": {"colorbar": {"outlinewidth": 0, "ticks": ""}}}], "histogram": [{"marker": {"pattern": {"fillmode": "overlay", "size": 10, "solidity": 0.2}}, "type": "histogram"}], "scattergl": [{"type": "scattergl", "marker": {"colorbar": {"outlinewidth": 0, "ticks": ""}}}], "scatter3d": [{"type": "scatter3d", "line": {"colorbar": {"outlinewidth": 0, "ticks": ""}}, "marker": {"colorbar": {"outlinewidth": 0, "ticks": ""}}}], "scattermapbox": [{"type": "scattermapbox", "marker": {"colorbar": {"outlinewidth": 0, "ticks": ""}}}], "scatterternary": [{"type": "scatterternary", "marker": {"colorbar": {"outlinewidth": 0, "ticks": ""}}}], "scattercarpet": [{"type": "scattercarpet", "marker": {"colorbar": {"outlinewidth": 0, "ticks": ""}}}], "carpet": [{"aaxis": {"endlinecolor": "#2a3f5f", "gridcolor": "white", "linecolor": "white", "minorgridcolor": "white", "startlinecolor": "#2a3f5f"}, "baxis": {"endlinecolor": "#2a3f5f", "gridcolor": "white", "linecolor": "white", "minorgridcolor": "white", "startlinecolor": "#2a3f5f"}, "type": "carpet"}], "table": [{"cells": {"fill": {"color": "#EBF0F8"}, "line": {"color": "white"}}, "header": {"fill": {"color": "#C8D4E3"}, "line": {"color": "white"}}, "type": "table"}], "barpolar": [{"marker": {"line": {"color": "#E5ECF6", "width": 0.5}, "pattern": {"fillmode": "overlay", "size": 10, "solidity": 0.2}}, "type": "barpolar"}], "pie": [{"automargin": true, "type": "pie"}]}, "layout": {"autotypenumbers": "strict", "colorway": ["#636efa", "#EF553B", "#00cc96", "#ab63fa", "#FFA15A", "#19d3f3", "#FF6692", "#B6E880", "#FF97FF", "#FECB52"], "font": {"color": "#2a3f5f"}, "hovermode": "closest", "hoverlabel": {"align": "left"}, "paper_bgcolor": "white", "plot_bgcolor": "#E5ECF6", "polar": {"bgcolor": "#E5ECF6", "angularaxis": {"gridcolor": "white", "linecolor": "white", "ticks": ""}, "radialaxis": {"gridcolor": "white", "linecolor": "white", "ticks": ""}}, "ternary": {"bgcolor": "#E5ECF6", "aaxis": {"gridcolor": "white", "linecolor": "white", "ticks": ""}, "baxis": {"gridcolor": "white", "linecolor": "white", "ticks": ""}, "caxis": {"gridcolor": "white", "linecolor": "white", "ticks": ""}}, "coloraxis": {"colorbar": {"outlinewidth": 0, "ticks": ""}}, "colorscale": {"sequential": [[0.0, "#0d0887"], [0.1111111111111111, "#46039f"], [0.2222222222222222, "#7201a8"], [0.3333333333333333, "#9c179e"], [0.4444444444444444, "#bd3786"], [0.5555555555555556, "#d8576b"], [0.6666666666666666, "#ed7953"], [0.7777777777777778, "#fb9f3a"], [0.8888888888888888, "#fdca26"], [1.0, "#f0f921"]], "sequentialminus": [[0.0, "#0d0887"], [0.1111111111111111, "#46039f"], [0.2222222222222222, "#7201a8"], [0.3333333333333333, "#9c179e"], [0.4444444444444444, "#bd3786"], [0.5555555555555556, "#d8576b"], [0.6666666666666666, "#ed7953"], [0.7777777777777778, "#fb9f3a"], [0.8888888888888888, "#fdca26"], [1.0, "#f0f921"]], "diverging": [[0, "#8e0152"], [0.1, "#c51b7d"], [0.2, "#de77ae"], [0.3, "#f1b6da"], [0.4, "#fde0ef"], [0.5, "#f7f7f7"], [0.6, "#e6f5d0"], [0.7, "#b8e186"], [0.8, "#7fbc41"], [0.9, "#4d9221"], [1, "#276419"]]}, "xaxis": {"gridcolor": "white", "linecolor": "white", "ticks": "", "title": {"standoff": 15}, "zerolinecolor": "white", "automargin": true, "zerolinewidth": 2}, "yaxis": {"gridcolor": "white", "linecolor": "white", "ticks": "", "title": {"standoff": 15}, "zerolinecolor": "white", "automargin": true, "zerolinewidth": 2}, "scene": {"xaxis": {"backgroundcolor": "#E5ECF6", "gridcolor": "white", "linecolor": "white", "showbackground": true, "ticks": "", "zerolinecolor": "white", "gridwidth": 2}, "yaxis": {"backgroundcolor": "#E5ECF6", "gridcolor": "white", "linecolor": "white", "showbackground": true, "ticks": "", "zerolinecolor": "white", "gridwidth": 2}, "zaxis": {"backgroundcolor": "#E5ECF6", "gridcolor": "white", "linecolor": "white", "showbackground": true, "ticks": "", "zerolinecolor": "white", "gridwidth": 2}}, "shapedefaults": {"line": {"color": "#2a3f5f"}}, "annotationdefaults": {"arrowcolor": "#2a3f5f", "arrowhead": 0, "arrowwidth": 1}, "geo": {"bgcolor": "white", "landcolor": "#E5ECF6", "subunitcolor": "white", "showland": true, "showlakes": true, "lakecolor": "white"}, "title": {"x": 0.05}, "mapbox": {"style": "light"}}}}}