{"data": [{"z": [[3.9388327598571777, 2.9485487937927246, 0.2693540155887604, 0.29177325963974, -4.9224371910095215, -2.5235486030578613, 2.701514959335327, -0.37643757462501526, -0.05965736135840416, 3.0512735843658447, 1.295586109161377, 1.3578027486801147, 1.3298020362854004, -1.2414474487304688, 1.6441466808319092, 3.0126724243164062, -0.00861948449164629, -2.800067663192749, -2.870675802230835, 1.755813479423523, -4.54074239730835], [2.9485487937927246, 6.5417375564575195, -1.0130447149276733, -2.1896255016326904, -7.746281147003174, -4.3367085456848145, 2.2489354610443115, -1.9300462007522583, 0.8816261887550354, 3.7995707988739014, 0.3168603181838989, -0.24046172201633453, -0.5588812232017517, -0.5730794072151184, 0.6881656646728516, 2.2852132320404053, 2.3491599559783936, -2.6340157985687256, 2.874885320663452, 0.8489396572113037, -1.5641671419143677], [0.2693540155887604, -1.0130447149276733, 1.3207168579101562, 0.5771386623382568, 0.6910112500190735, 1.0472235679626465, 0.7121903300285339, 0.4870942533016205, 1.5056824684143066, 0.10703171789646149, 0.5667186975479126, -0.5872935056686401, -0.21753694117069244, -0.29230251908302307, 0.7788546681404114, 1.60953950881958, 0.523525059223175, 1.4070985317230225, -2.232132911682129, 1.1297332048416138, -1.4883124828338623], [0.29177325963974, -2.1896255016326904, 0.5771386623382568, 2.0794293880462646, 0.3925688564777374, 0.9555256366729736, 0.8640031814575195, 1.677437663078308, 0.050951410084962845, -0.028962818905711174, 1.1350181102752686, 1.8615353107452393, 1.0711731910705566, 1.5571454763412476, 1.8423713445663452, -0.4095485210418701, -1.4298515319824219, 0.10473882406949997, -3.6043660640716553, 0.5141403675079346, 0.004896977450698614], [-4.9224371910095215, -7.746281147003174, 0.6910112500190735, 0.3925688564777374, 13.21251392364502, 5.711705207824707, -5.504340648651123, 0.3029386103153229, -2.6823313236236572, -6.613151550292969, -2.5682432651519775, -2.4079458713531494, -0.1588726043701172, -2.7011725902557373, -4.782360553741455, -3.0048179626464844, -2.384544610977173, 3.428898811340332, 0.4047301411628723, -2.358715772628784, 1.2886736392974854], [-2.5235486030578613, -4.3367085456848145, 1.0472235679626465, 0.9555256366729736, 5.711705207824707, 3.3280067443847656, -1.7165216207504272, 1.0287190675735474, 0.327782541513443, -2.7663049697875977, -0.4510016143321991, -0.9349334836006165, -0.391154021024704, 0.1393890380859375, -0.7807937860488892, -1.067906379699707, -0.6725925803184509, 2.8602964878082275, -1.2002464532852173, -0.42430347204208374, 1.2290265560150146], [2.701514959335327, 2.2489354610443115, 0.7121903300285339, 0.8640031814575195, -5.504340648651123, -1.7165216207504272, 3.2809393405914307, 0.6592142581939697, 2.055185317993164, 3.1357510089874268, 1.9060503244400024, 1.3753222227096558, 0.3958534002304077, 1.3414511680603027, 3.2258522510528564, 2.393604278564453, 0.8744586706161499, -0.8265382647514343, -2.919736385345459, 2.004767894744873, -1.862923502922058], [-0.37643757462501526, -1.9300462007522583, 0.4870942533016205, 1.677437663078308, 0.3029386103153229, 1.0287190675735474, 0.6592142581939697, 1.5630677938461304, 0.6340579986572266, -0.1442515105009079, 0.9435694813728333, 1.3496848344802856, 0.44504186511039734, 2.0458340644836426, 1.7479710578918457, -0.7246443033218384, -0.8048362135887146, 0.763538658618927, -2.4334213733673096, 0.31856516003608704, 1.1441850662231445], [-0.05965736135840416, 0.8816261887550354, 1.5056824684143066, 0.050951410084962845, -2.6823313236236572, 0.327782541513443, 2.055185317993164, 0.6340579986572266, 4.3296918869018555, 1.569929599761963, 1.1775397062301636, -1.1445835828781128, -1.7007125616073608, 1.9406793117523193, 2.456803798675537, 2.063774347305298, 2.708890676498413, 2.8027634620666504, -0.7930312752723694, 1.7508965730667114, 0.666185736656189], [3.0512735843658447, 3.7995707988739014, 0.10703171789646149, -0.028962818905711174, -6.613151550292969, -2.7663049697875977, 3.1357510089874268, -0.1442515105009079, 1.569929599761963, 3.558135509490967, 1.506854772567749, 1.0969972610473633, 0.25294065475463867, 0.7547140121459961, 2.572352170944214, 2.4248552322387695, 1.236168622970581, -1.7019400596618652, -1.279726266860962, 1.699592113494873, -1.96298348903656], [1.295586109161377, 0.3168603181838989, 0.5667186975479126, 1.1350181102752686, -2.5682432651519775, -0.4510016143321991, 1.9060503244400024, 0.9435694813728333, 1.1775397062301636, 1.506854772567749, 1.3342344760894775, 1.2645831108093262, 0.46160534024238586, 1.3563328981399536, 2.276524066925049, 0.9720085263252258, 0.03014334663748741, -0.20357447862625122, -2.5777292251586914, 1.1526628732681274, -0.6818796992301941], [1.3578027486801147, -0.24046172201633453, -0.5872935056686401, 1.8615353107452393, -2.4079458713531494, -0.9349334836006165, 1.3753222227096558, 1.3496848344802856, -1.1445835828781128, 1.0969972610473633, 1.2645831108093262, 3.183257579803467, 1.7317897081375122, 2.0178840160369873, 2.138845443725586, -1.073939323425293, -1.9248193502426147, -2.110530138015747, -2.6715006828308105, 0.10582956671714783, 0.3128374516963959], [1.3298020362854004, -0.5588812232017517, -0.21753694117069244, 1.0711731910705566, -0.1588726043701172, -0.391154021024704, 0.3958534002304077, 0.44504186511039734, -1.7007125616073608, 0.25294065475463867, 0.46160534024238586, 1.7317897081375122, 1.582364797592163, -0.41649433970451355, 0.3899190425872803, -0.0971960723400116, -1.7630501985549927, -1.8674808740615845, -2.302396774291992, 0.085574209690094, -1.644822359085083], [-1.2414474487304688, -0.5730794072151184, -0.29230251908302307, 1.5571454763412476, -2.7011725902557373, 0.1393890380859375, 1.3414511680603027, 2.0458340644836426, 1.9406793117523193, 0.7547140121459961, 1.3563328981399536, 2.0178840160369873, -0.41649433970451355, 5.198596954345703, 3.231295108795166, -2.257316827774048, 0.12697318196296692, 1.1711397171020508, -0.3728579878807068, -0.08437667042016983, 4.9815216064453125], [1.6441466808319092, 0.6881656646728516, 0.7788546681404114, 1.8423713445663452, -4.782360553741455, -0.7807937860488892, 3.2258522510528564, 1.7479710578918457, 2.456803798675537, 2.572352170944214, 2.276524066925049, 2.138845443725586, 0.3899190425872803, 3.231295108795166, 4.141937732696533, 1.0775399208068848, 0.3857509195804596, 0.07256212830543518, -3.585944652557373, 1.7507481575012207, 0.20741042494773865], [3.0126724243164062, 2.2852132320404053, 1.60953950881958, -0.4095485210418701, -3.0048179626464844, -1.067906379699707, 2.393604278564453, -0.7246443033218384, 2.063774347305298, 2.4248552322387695, 0.9720085263252258, -1.073939323425293, -0.0971960723400116, -2.257316827774048, 1.0775399208068848, 4.655585289001465, 1.7327197790145874, -0.13982149958610535, -2.656973123550415, 2.48388934135437, -5.238399982452393], [-0.00861948449164629, 2.3491599559783936, 0.523525059223175, -1.4298515319824219, -2.384544610977173, -0.6725925803184509, 0.8744586706161499, -0.8048362135887146, 2.708890676498413, 1.236168622970581, 0.03014334663748741, -1.9248193502426147, -1.7630501985549927, 0.12697318196296692, 0.3857509195804596, 1.7327197790145874, 2.738997220993042, 1.502826452255249, 1.9400840997695923, 0.8336922526359558, 0.23421934247016907], [-2.800067663192749, -2.6340157985687256, 1.4070985317230225, 0.10473882406949997, 3.428898811340332, 2.8602964878082275, -0.8265382647514343, 0.763538658618927, 2.8027634620666504, -1.7019400596618652, -0.20357447862625122, -2.110530138015747, -1.8674808740615845, 1.1711397171020508, 0.07256212830543518, -0.13982149958610535, 1.502826452255249, 4.287894248962402, 0.28926458954811096, 0.19584183394908905, 2.34662127494812], [-2.870675802230835, 2.874885320663452, -2.232132911682129, -3.6043660640716553, 0.4047301411628723, -1.2002464532852173, -2.919736385345459, -2.4334213733673096, -0.7930312752723694, -1.279726266860962, -2.5777292251586914, -2.6715006828308105, -2.302396774291992, -0.3728579878807068, -3.585944652557373, -2.656973123550415, 1.9400840997695923, 0.28926458954811096, 8.975445747375488, -2.616853952407837, 4.6408209800720215], [1.755813479423523, 0.8489396572113037, 1.1297332048416138, 0.5141403675079346, -2.358715772628784, -0.42430347204208374, 2.004767894744873, 0.31856516003608704, 1.7508965730667114, 1.699592113494873, 1.1526628732681274, 0.10582956671714783, 0.085574209690094, -0.08437667042016983, 1.7507481575012207, 2.48388934135437, 0.8336922526359558, 0.19584183394908905, -2.616853952407837, 1.7132874727249146, -2.4051666259765625], [-4.54074239730835, -1.5641671419143677, -1.4883124828338623, 0.004896977450698614, 1.2886736392974854, 1.2290265560150146, -1.862923502922058, 1.1441850662231445, 0.666185736656189, -1.96298348903656, -0.6818796992301941, 0.3128374516963959, -1.644822359085083, 4.9815216064453125, 0.20741042494773865, -5.238399982452393, 0.23421934247016907, 2.34662127494812, 4.6408209800720215, -2.4051666259765625, 8.789374351501465]], "type": "heatmap"}], "layout": {"template": {"data": {"histogram2dcontour": [{"type": "histogram2dcontour", "colorbar": {"outlinewidth": 0, "ticks": ""}, "colorscale": [[0.0, "#0d0887"], [0.1111111111111111, "#46039f"], [0.2222222222222222, "#7201a8"], [0.3333333333333333, "#9c179e"], [0.4444444444444444, "#bd3786"], [0.5555555555555556, "#d8576b"], [0.6666666666666666, "#ed7953"], [0.7777777777777778, "#fb9f3a"], [0.8888888888888888, "#fdca26"], [1.0, "#f0f921"]]}], "choropleth": [{"type": "choropleth", "colorbar": {"outlinewidth": 0, "ticks": ""}}], "histogram2d": [{"type": "histogram2d", "colorbar": {"outlinewidth": 0, "ticks": ""}, "colorscale": [[0.0, "#0d0887"], [0.1111111111111111, "#46039f"], [0.2222222222222222, "#7201a8"], [0.3333333333333333, "#9c179e"], [0.4444444444444444, "#bd3786"], [0.5555555555555556, "#d8576b"], [0.6666666666666666, "#ed7953"], [0.7777777777777778, "#fb9f3a"], [0.8888888888888888, "#fdca26"], [1.0, "#f0f921"]]}], "heatmap": [{"type": "heatmap", "colorbar": {"outlinewidth": 0, "ticks": ""}, "colorscale": [[0.0, "#0d0887"], [0.1111111111111111, "#46039f"], [0.2222222222222222, "#7201a8"], [0.3333333333333333, "#9c179e"], [0.4444444444444444, "#bd3786"], [0.5555555555555556, "#d8576b"], [0.6666666666666666, "#ed7953"], [0.7777777777777778, "#fb9f3a"], [0.8888888888888888, "#fdca26"], [1.0, "#f0f921"]]}], "heatmapgl": [{"type": "heatmapgl", "colorbar": {"outlinewidth": 0, "ticks": ""}, "colorscale": [[0.0, "#0d0887"], [0.1111111111111111, "#46039f"], [0.2222222222222222, "#7201a8"], [0.3333333333333333, "#9c179e"], [0.4444444444444444, "#bd3786"], [0.5555555555555556, "#d8576b"], [0.6666666666666666, "#ed7953"], [0.7777777777777778, "#fb9f3a"], [0.8888888888888888, "#fdca26"], [1.0, "#f0f921"]]}], "contourcarpet": [{"type": "contourcarpet", "colorbar": {"outlinewidth": 0, "ticks": ""}}], "contour": [{"type": "contour", "colorbar": {"outlinewidth": 0, "ticks": ""}, "colorscale": [[0.0, "#0d0887"], [0.1111111111111111, "#46039f"], [0.2222222222222222, "#7201a8"], [0.3333333333333333, "#9c179e"], [0.4444444444444444, "#bd3786"], [0.5555555555555556, "#d8576b"], [0.6666666666666666, "#ed7953"], [0.7777777777777778, "#fb9f3a"], [0.8888888888888888, "#fdca26"], [1.0, "#f0f921"]]}], "surface": [{"type": "surface", "colorbar": {"outlinewidth": 0, "ticks": ""}, "colorscale": [[0.0, "#0d0887"], [0.1111111111111111, "#46039f"], [0.2222222222222222, "#7201a8"], [0.3333333333333333, "#9c179e"], [0.4444444444444444, "#bd3786"], [0.5555555555555556, "#d8576b"], [0.6666666666666666, "#ed7953"], [0.7777777777777778, "#fb9f3a"], [0.8888888888888888, "#fdca26"], [1.0, "#f0f921"]]}], "mesh3d": [{"type": "mesh3d", "colorbar": {"outlinewidth": 0, "ticks": ""}}], "scatter": [{"fillpattern": {"fillmode": "overlay", "size": 10, "solidity": 0.2}, "type": "scatter"}], "parcoords": [{"type": "parcoords", "line": {"colorbar": {"outlinewidth": 0, "ticks": ""}}}], "scatterpolargl": [{"type": "scatterpolargl", "marker": {"colorbar": {"outlinewidth": 0, "ticks": ""}}}], "bar": [{"error_x": {"color": "#2a3f5f"}, "error_y": {"color": "#2a3f5f"}, "marker": {"line": {"color": "#E5ECF6", "width": 0.5}, "pattern": {"fillmode": "overlay", "size": 10, "solidity": 0.2}}, "type": "bar"}], "scattergeo": [{"type": "scattergeo", "marker": {"colorbar": {"outlinewidth": 0, "ticks": ""}}}], "scatterpolar": [{"type": "scatterpolar", "marker": {"colorbar": {"outlinewidth": 0, "ticks": ""}}}], "histogram": [{"marker": {"pattern": {"fillmode": "overlay", "size": 10, "solidity": 0.2}}, "type": "histogram"}], "scattergl": [{"type": "scattergl", "marker": {"colorbar": {"outlinewidth": 0, "ticks": ""}}}], "scatter3d": [{"type": "scatter3d", "line": {"colorbar": {"outlinewidth": 0, "ticks": ""}}, "marker": {"colorbar": {"outlinewidth": 0, "ticks": ""}}}], "scattermapbox": [{"type": "scattermapbox", "marker": {"colorbar": {"outlinewidth": 0, "ticks": ""}}}], "scatterternary": [{"type": "scatterternary", "marker": {"colorbar": {"outlinewidth": 0, "ticks": ""}}}], "scattercarpet": [{"type": "scattercarpet", "marker": {"colorbar": {"outlinewidth": 0, "ticks": ""}}}], "carpet": [{"aaxis": {"endlinecolor": "#2a3f5f", "gridcolor": "white", "linecolor": "white", "minorgridcolor": "white", "startlinecolor": "#2a3f5f"}, "baxis": {"endlinecolor": "#2a3f5f", "gridcolor": "white", "linecolor": "white", "minorgridcolor": "white", "startlinecolor": "#2a3f5f"}, "type": "carpet"}], "table": [{"cells": {"fill": {"color": "#EBF0F8"}, "line": {"color": "white"}}, "header": {"fill": {"color": "#C8D4E3"}, "line": {"color": "white"}}, "type": "table"}], "barpolar": [{"marker": {"line": {"color": "#E5ECF6", "width": 0.5}, "pattern": {"fillmode": "overlay", "size": 10, "solidity": 0.2}}, "type": "barpolar"}], "pie": [{"automargin": true, "type": "pie"}]}, "layout": {"autotypenumbers": "strict", "colorway": ["#636efa", "#EF553B", "#00cc96", "#ab63fa", "#FFA15A", "#19d3f3", "#FF6692", "#B6E880", "#FF97FF", "#FECB52"], "font": {"color": "#2a3f5f"}, "hovermode": "closest", "hoverlabel": {"align": "left"}, "paper_bgcolor": "white", "plot_bgcolor": "#E5ECF6", "polar": {"bgcolor": "#E5ECF6", "angularaxis": {"gridcolor": "white", "linecolor": "white", "ticks": ""}, "radialaxis": {"gridcolor": "white", "linecolor": "white", "ticks": ""}}, "ternary": {"bgcolor": "#E5ECF6", "aaxis": {"gridcolor": "white", "linecolor": "white", "ticks": ""}, "baxis": {"gridcolor": "white", "linecolor": "white", "ticks": ""}, "caxis": {"gridcolor": "white", "linecolor": "white", "ticks": ""}}, "coloraxis": {"colorbar": {"outlinewidth": 0, "ticks": ""}}, "colorscale": {"sequential": [[0.0, "#0d0887"], [0.1111111111111111, "#46039f"], [0.2222222222222222, "#7201a8"], [0.3333333333333333, "#9c179e"], [0.4444444444444444, "#bd3786"], [0.5555555555555556, "#d8576b"], [0.6666666666666666, "#ed7953"], [0.7777777777777778, "#fb9f3a"], [0.8888888888888888, "#fdca26"], [1.0, "#f0f921"]], "sequentialminus": [[0.0, "#0d0887"], [0.1111111111111111, "#46039f"], [0.2222222222222222, "#7201a8"], [0.3333333333333333, "#9c179e"], [0.4444444444444444, "#bd3786"], [0.5555555555555556, "#d8576b"], [0.6666666666666666, "#ed7953"], [0.7777777777777778, "#fb9f3a"], [0.8888888888888888, "#fdca26"], [1.0, "#f0f921"]], "diverging": [[0, "#8e0152"], [0.1, "#c51b7d"], [0.2, "#de77ae"], [0.3, "#f1b6da"], [0.4, "#fde0ef"], [0.5, "#f7f7f7"], [0.6, "#e6f5d0"], [0.7, "#b8e186"], [0.8, "#7fbc41"], [0.9, "#4d9221"], [1, "#276419"]]}, "xaxis": {"gridcolor": "white", "linecolor": "white", "ticks": "", "title": {"standoff": 15}, "zerolinecolor": "white", "automargin": true, "zerolinewidth": 2}, "yaxis": {"gridcolor": "white", "linecolor": "white", "ticks": "", "title": {"standoff": 15}, "zerolinecolor": "white", "automargin": true, "zerolinewidth": 2}, "scene": {"xaxis": {"backgroundcolor": "#E5ECF6", "gridcolor": "white", "linecolor": "white", "showbackground": true, "ticks": "", "zerolinecolor": "white", "gridwidth": 2}, "yaxis": {"backgroundcolor": "#E5ECF6", "gridcolor": "white", "linecolor": "white", "showbackground": true, "ticks": "", "zerolinecolor": "white", "gridwidth": 2}, "zaxis": {"backgroundcolor": "#E5ECF6", "gridcolor": "white", "linecolor": "white", "showbackground": true, "ticks": "", "zerolinecolor": "white", "gridwidth": 2}}, "shapedefaults": {"line": {"color": "#2a3f5f"}}, "annotationdefaults": {"arrowcolor": "#2a3f5f", "arrowhead": 0, "arrowwidth": 1}, "geo": {"bgcolor": "white", "landcolor": "#E5ECF6", "subunitcolor": "white", "showland": true, "showlakes": true, "lakecolor": "white"}, "title": {"x": 0.05}, "mapbox": {"style": "light"}}}}}