{"data": [{"z": [[3.893038749694824, 2.9164490699768066, 0.25635871291160583, 0.2549382746219635, -4.905160903930664, -2.548232316970825, 2.693765163421631, -0.4121525287628174, -0.06875170767307281, 3.026374340057373, 1.2765583992004395, 1.325523018836975, 1.2891125679016113, -1.2442454099655151, 1.6276565790176392, 2.9890856742858887, -0.012228368781507015, -2.8018696308135986, -2.85742449760437, 1.7222750186920166, -4.5104289054870605], [2.9164490699768066, 6.5314130783081055, -1.02630615234375, -2.2086827754974365, -7.705416202545166, -4.331212997436523, 2.20586895942688, -1.9380707740783691, 0.8687515258789062, 3.777827739715576, 0.28189244866371155, -0.2495439499616623, -0.573643684387207, -0.5728726983070374, 0.6503034830093384, 2.256390333175659, 2.361426591873169, -2.6172802448272705, 2.928396463394165, 0.8218109607696533, -1.5198676586151123], [0.25635871291160583, -1.02630615234375, 1.3188055753707886, 0.5659028887748718, 0.6878734230995178, 1.0348327159881592, 0.7218209505081177, 0.4728945791721344, 1.5054740905761719, 0.10084185749292374, 0.5690299868583679, -0.60036301612854, -0.2324853539466858, -0.2932003438472748, 0.7829943895339966, 1.6063531637191772, 0.5172845721244812, 1.401647925376892, -2.2425010204315186, 1.1220365762710571, -1.4867019653320312], [0.2549382746219635, -2.2086827754974365, 0.5659028887748718, 2.054783344268799, 0.4070223569869995, 0.9442819952964783, 0.8606699109077454, 1.652401328086853, 0.04329323768615723, -0.05279563367366791, 1.1291741132736206, 1.8327990770339966, 1.044000267982483, 1.5561469793319702, 1.8319917917251587, -0.4331628084182739, -1.4386993646621704, 0.10201780498027802, -3.5841150283813477, 0.49020084738731384, 0.03157047554850578], [-4.905160903930664, -7.705416202545166, 0.6878734230995178, 0.4070223569869995, 13.212738037109375, 5.736376762390137, -5.51759147644043, 0.3215191662311554, -2.6842451095581055, -6.609277248382568, -2.562180519104004, -2.3993794918060303, -0.1330662965774536, -2.7023766040802, -4.791505336761475, -3.008366823196411, -2.3791661262512207, 3.4319698810577393, 0.4526020586490631, -2.3466460704803467, 1.2935054302215576], [-2.548232316970825, -4.331212997436523, 1.0348327159881592, 0.9442819952964783, 5.736376762390137, 3.3394927978515625, -1.7392104864120483, 1.022566318511963, 0.3178684115409851, -2.787815570831299, -0.46031349897384644, -0.9510396718978882, -0.3973356783390045, 0.1392265111207962, -0.8031512498855591, -1.095298171043396, -0.6734662652015686, 2.8664321899414062, -1.145081877708435, -0.44065606594085693, 1.2632709741592407], [2.693765163421631, 2.20586895942688, 0.7218209505081177, 0.8606699109077454, -5.51759147644043, -1.7392104864120483, 3.3155834674835205, 0.6453070640563965, 2.0625460147857666, 3.136188507080078, 1.9201440811157227, 1.3686517477035522, 0.37652188539505005, 1.3448165655136108, 3.2549374103546143, 2.405735969543457, 0.8576561808586121, -0.8363370895385742, -2.9950780868530273, 2.0041425228118896, -1.8847715854644775], [-0.4121525287628174, -1.9380707740783691, 0.4728945791721344, 1.652401328086853, 0.3215191662311554, 1.022566318511963, 0.6453070640563965, 1.5409703254699707, 0.6242268681526184, -0.1682831346988678, 0.9321281313896179, 1.3224977254867554, 0.4218674898147583, 2.0438613891601562, 1.728522539138794, -0.7518620491027832, -0.8081080317497253, 0.7639219164848328, -2.391996145248413, 0.29372984170913696, 1.1778315305709839], [-0.06875170767307281, 0.8687515258789062, 1.5054740905761719, 0.04329323768615723, -2.6842451095581055, 0.3178684115409851, 2.0625460147857666, 0.6242268681526184, 4.330169677734375, 1.5663541555404663, 1.1782503128051758, -1.1526110172271729, -1.7121508121490479, 1.9404810667037964, 2.460735321044922, 2.062941551208496, 2.7047970294952393, 2.79956316947937, -0.8060820698738098, 1.7455586194992065, 0.6658591628074646], [3.026374340057373, 3.777827739715576, 0.10084185749292374, -0.05279563367366791, -6.609277248382568, -2.787815570831299, 3.136188507080078, -0.1682831346988678, 1.5663541555404663, 3.5474250316619873, 1.4953819513320923, 1.0783746242523193, 0.225735604763031, 0.7523508071899414, 2.5661230087280273, 2.4161784648895264, 1.2351105213165283, -1.7052133083343506, -1.2831323146820068, 1.6804723739624023, -1.9509899616241455], [1.2765583992004395, 0.28189244866371155, 0.5690299868583679, 1.1291741132736206, -2.562180519104004, -0.46031349897384644, 1.9201440811157227, 0.9321281313896179, 1.1782503128051758, 1.4953819513320923, 1.3398966789245605, 1.2535091638565063, 0.4445023536682129, 1.3602584600448608, 2.288210153579712, 0.9669899940490723, 0.015941869467496872, -0.2060128152370453, -2.612194776535034, 1.1440099477767944, -0.6808733344078064], [1.325523018836975, -0.2495439499616623, -0.60036301612854, 1.8327990770339966, -2.3993794918060303, -0.9510396718978882, 1.3686517477035522, 1.3224977254867554, -1.1526110172271729, 1.0783746242523193, 1.2535091638565063, 3.155541181564331, 1.7045564651489258, 2.0138700008392334, 2.1236331462860107, -1.0941702127456665, -1.9269064664840698, -2.1145970821380615, -2.642291784286499, 0.08183553814888, 0.3381401002407074], [1.2891125679016113, -0.573643684387207, -0.2324853539466858, 1.044000267982483, -0.1330662965774536, -0.3973356783390045, 0.37652188539505005, 0.4218674898147583, -1.7121508121490479, 0.225735604763031, 0.4445023536682129, 1.7045564651489258, 1.55622136592865, -0.41800400614738464, 0.36633116006851196, -0.12748590111732483, -1.7652595043182373, -1.8641859292984009, -2.260554790496826, 0.05657469108700752, -1.6062902212142944], [-1.2442454099655151, -0.5728726983070374, -0.2932003438472748, 1.5561469793319702, -2.7023766040802, 0.1392265111207962, 1.3448165655136108, 2.0438613891601562, 1.9404810667037964, 0.7523508071899414, 1.3602584600448608, 2.0138700008392334, -0.41800400614738464, 5.198920249938965, 3.2332804203033447, -2.259732961654663, 0.12365362048149109, 1.1692116260528564, -0.37103787064552307, -0.08506850898265839, 4.982763290405273], [1.6276565790176392, 0.6503034830093384, 0.7829943895339966, 1.8319917917251587, -4.791505336761475, -0.8031512498855591, 3.2549374103546143, 1.728522539138794, 2.460735321044922, 2.5661230087280273, 2.288210153579712, 2.1236331462860107, 0.36633116006851196, 3.2332804203033447, 4.163453102111816, 1.0807000398635864, 0.3689021170139313, 0.06231069192290306, -3.639539957046509, 1.743843913078308, 0.19666489958763123], [2.9890856742858887, 2.256390333175659, 1.6063531637191772, -0.4331628084182739, -3.008366823196411, -1.095298171043396, 2.405735969543457, -0.7518620491027832, 2.062941551208496, 2.4161784648895264, 0.9669899940490723, -1.0941702127456665, -0.12748590111732483, -2.259732961654663, 1.0807000398635864, 4.652375221252441, 1.727027416229248, -0.1473376601934433, -2.680218458175659, 2.467146396636963, -5.23549222946167], [-0.012228368781507015, 2.361426591873169, 0.5172845721244812, -1.4386993646621704, -2.3791661262512207, -0.6734662652015686, 0.8576561808586121, -0.8081080317497253, 2.7047970294952393, 1.2351105213165283, 0.015941869467496872, -1.9269064664840698, -1.7652595043182373, 0.12365362048149109, 0.3689021170139313, 1.727027416229248, 2.7498111724853516, 1.5063886642456055, 1.9711941480636597, 0.8270001411437988, 0.24658773839473724], [-2.8018696308135986, -2.6172802448272705, 1.401647925376892, 0.10201780498027802, 3.4319698810577393, 2.8664321899414062, -0.8363370895385742, 0.7639219164848328, 2.79956316947937, -1.7052133083343506, -0.2060128152370453, -2.1145970821380615, -1.8641859292984009, 1.1692116260528564, 0.06231069192290306, -0.1473376601934433, 1.5063886642456055, 4.288947105407715, 0.32166120409965515, 0.1938716620206833, 2.3571059703826904], [-2.85742449760437, 2.928396463394165, -2.2425010204315186, -3.5841150283813477, 0.4526020586490631, -1.145081877708435, -2.9950780868530273, -2.391996145248413, -0.8060820698738098, -1.2831323146820068, -2.612194776535034, -2.642291784286499, -2.260554790496826, -0.37103787064552307, -3.639539957046509, -2.680218458175659, 1.9711941480636597, 0.32166120409965515, 9.089624404907227, -2.6149189472198486, 4.6840291023254395], [1.7222750186920166, 0.8218109607696533, 1.1220365762710571, 0.49020084738731384, -2.3466460704803467, -0.44065606594085693, 2.0041425228118896, 0.29372984170913696, 1.7455586194992065, 1.6804723739624023, 1.1440099477767944, 0.08183553814888, 0.05657469108700752, -0.08506850898265839, 1.743843913078308, 2.467146396636963, 0.8270001411437988, 0.1938716620206833, -2.6149189472198486, 1.69077467918396, -2.3855435848236084], [-4.5104289054870605, -1.5198676586151123, -1.4867019653320312, 0.03157047554850578, 1.2935054302215576, 1.2632709741592407, -1.8847715854644775, 1.1778315305709839, 0.6658591628074646, -1.9509899616241455, -0.6808733344078064, 0.3381401002407074, -1.6062902212142944, 4.982763290405273, 0.19666489958763123, -5.23549222946167, 0.24658773839473724, 2.3571059703826904, 4.6840291023254395, -2.3855435848236084, 8.789374351501465]], "type": "heatmap"}], "layout": {"template": {"data": {"histogram2dcontour": [{"type": "histogram2dcontour", "colorbar": {"outlinewidth": 0, "ticks": ""}, "colorscale": [[0.0, "#0d0887"], [0.1111111111111111, "#46039f"], [0.2222222222222222, "#7201a8"], [0.3333333333333333, "#9c179e"], [0.4444444444444444, "#bd3786"], [0.5555555555555556, "#d8576b"], [0.6666666666666666, "#ed7953"], [0.7777777777777778, "#fb9f3a"], [0.8888888888888888, "#fdca26"], [1.0, "#f0f921"]]}], "choropleth": [{"type": "choropleth", "colorbar": {"outlinewidth": 0, "ticks": ""}}], "histogram2d": [{"type": "histogram2d", "colorbar": {"outlinewidth": 0, "ticks": ""}, "colorscale": [[0.0, "#0d0887"], [0.1111111111111111, "#46039f"], [0.2222222222222222, "#7201a8"], [0.3333333333333333, "#9c179e"], [0.4444444444444444, "#bd3786"], [0.5555555555555556, "#d8576b"], [0.6666666666666666, "#ed7953"], [0.7777777777777778, "#fb9f3a"], [0.8888888888888888, "#fdca26"], [1.0, "#f0f921"]]}], "heatmap": [{"type": "heatmap", "colorbar": {"outlinewidth": 0, "ticks": ""}, "colorscale": [[0.0, "#0d0887"], [0.1111111111111111, "#46039f"], [0.2222222222222222, "#7201a8"], [0.3333333333333333, "#9c179e"], [0.4444444444444444, "#bd3786"], [0.5555555555555556, "#d8576b"], [0.6666666666666666, "#ed7953"], [0.7777777777777778, "#fb9f3a"], [0.8888888888888888, "#fdca26"], [1.0, "#f0f921"]]}], "heatmapgl": [{"type": "heatmapgl", "colorbar": {"outlinewidth": 0, "ticks": ""}, "colorscale": [[0.0, "#0d0887"], [0.1111111111111111, "#46039f"], [0.2222222222222222, "#7201a8"], [0.3333333333333333, "#9c179e"], [0.4444444444444444, "#bd3786"], [0.5555555555555556, "#d8576b"], [0.6666666666666666, "#ed7953"], [0.7777777777777778, "#fb9f3a"], [0.8888888888888888, "#fdca26"], [1.0, "#f0f921"]]}], "contourcarpet": [{"type": "contourcarpet", "colorbar": {"outlinewidth": 0, "ticks": ""}}], "contour": [{"type": "contour", "colorbar": {"outlinewidth": 0, "ticks": ""}, "colorscale": [[0.0, "#0d0887"], [0.1111111111111111, "#46039f"], [0.2222222222222222, "#7201a8"], [0.3333333333333333, "#9c179e"], [0.4444444444444444, "#bd3786"], [0.5555555555555556, "#d8576b"], [0.6666666666666666, "#ed7953"], [0.7777777777777778, "#fb9f3a"], [0.8888888888888888, "#fdca26"], [1.0, "#f0f921"]]}], "surface": [{"type": "surface", "colorbar": {"outlinewidth": 0, "ticks": ""}, "colorscale": [[0.0, "#0d0887"], [0.1111111111111111, "#46039f"], [0.2222222222222222, "#7201a8"], [0.3333333333333333, "#9c179e"], [0.4444444444444444, "#bd3786"], [0.5555555555555556, "#d8576b"], [0.6666666666666666, "#ed7953"], [0.7777777777777778, "#fb9f3a"], [0.8888888888888888, "#fdca26"], [1.0, "#f0f921"]]}], "mesh3d": [{"type": "mesh3d", "colorbar": {"outlinewidth": 0, "ticks": ""}}], "scatter": [{"fillpattern": {"fillmode": "overlay", "size": 10, "solidity": 0.2}, "type": "scatter"}], "parcoords": [{"type": "parcoords", "line": {"colorbar": {"outlinewidth": 0, "ticks": ""}}}], "scatterpolargl": [{"type": "scatterpolargl", "marker": {"colorbar": {"outlinewidth": 0, "ticks": ""}}}], "bar": [{"error_x": {"color": "#2a3f5f"}, "error_y": {"color": "#2a3f5f"}, "marker": {"line": {"color": "#E5ECF6", "width": 0.5}, "pattern": {"fillmode": "overlay", "size": 10, "solidity": 0.2}}, "type": "bar"}], "scattergeo": [{"type": "scattergeo", "marker": {"colorbar": {"outlinewidth": 0, "ticks": ""}}}], "scatterpolar": [{"type": "scatterpolar", "marker": {"colorbar": {"outlinewidth": 0, "ticks": ""}}}], "histogram": [{"marker": {"pattern": {"fillmode": "overlay", "size": 10, "solidity": 0.2}}, "type": "histogram"}], "scattergl": [{"type": "scattergl", "marker": {"colorbar": {"outlinewidth": 0, "ticks": ""}}}], "scatter3d": [{"type": "scatter3d", "line": {"colorbar": {"outlinewidth": 0, "ticks": ""}}, "marker": {"colorbar": {"outlinewidth": 0, "ticks": ""}}}], "scattermapbox": [{"type": "scattermapbox", "marker": {"colorbar": {"outlinewidth": 0, "ticks": ""}}}], "scatterternary": [{"type": "scatterternary", "marker": {"colorbar": {"outlinewidth": 0, "ticks": ""}}}], "scattercarpet": [{"type": "scattercarpet", "marker": {"colorbar": {"outlinewidth": 0, "ticks": ""}}}], "carpet": [{"aaxis": {"endlinecolor": "#2a3f5f", "gridcolor": "white", "linecolor": "white", "minorgridcolor": "white", "startlinecolor": "#2a3f5f"}, "baxis": {"endlinecolor": "#2a3f5f", "gridcolor": "white", "linecolor": "white", "minorgridcolor": "white", "startlinecolor": "#2a3f5f"}, "type": "carpet"}], "table": [{"cells": {"fill": {"color": "#EBF0F8"}, "line": {"color": "white"}}, "header": {"fill": {"color": "#C8D4E3"}, "line": {"color": "white"}}, "type": "table"}], "barpolar": [{"marker": {"line": {"color": "#E5ECF6", "width": 0.5}, "pattern": {"fillmode": "overlay", "size": 10, "solidity": 0.2}}, "type": "barpolar"}], "pie": [{"automargin": true, "type": "pie"}]}, "layout": {"autotypenumbers": "strict", "colorway": ["#636efa", "#EF553B", "#00cc96", "#ab63fa", "#FFA15A", "#19d3f3", "#FF6692", "#B6E880", "#FF97FF", "#FECB52"], "font": {"color": "#2a3f5f"}, "hovermode": "closest", "hoverlabel": {"align": "left"}, "paper_bgcolor": "white", "plot_bgcolor": "#E5ECF6", "polar": {"bgcolor": "#E5ECF6", "angularaxis": {"gridcolor": "white", "linecolor": "white", "ticks": ""}, "radialaxis": {"gridcolor": "white", "linecolor": "white", "ticks": ""}}, "ternary": {"bgcolor": "#E5ECF6", "aaxis": {"gridcolor": "white", "linecolor": "white", "ticks": ""}, "baxis": {"gridcolor": "white", "linecolor": "white", "ticks": ""}, "caxis": {"gridcolor": "white", "linecolor": "white", "ticks": ""}}, "coloraxis": {"colorbar": {"outlinewidth": 0, "ticks": ""}}, "colorscale": {"sequential": [[0.0, "#0d0887"], [0.1111111111111111, "#46039f"], [0.2222222222222222, "#7201a8"], [0.3333333333333333, "#9c179e"], [0.4444444444444444, "#bd3786"], [0.5555555555555556, "#d8576b"], [0.6666666666666666, "#ed7953"], [0.7777777777777778, "#fb9f3a"], [0.8888888888888888, "#fdca26"], [1.0, "#f0f921"]], "sequentialminus": [[0.0, "#0d0887"], [0.1111111111111111, "#46039f"], [0.2222222222222222, "#7201a8"], [0.3333333333333333, "#9c179e"], [0.4444444444444444, "#bd3786"], [0.5555555555555556, "#d8576b"], [0.6666666666666666, "#ed7953"], [0.7777777777777778, "#fb9f3a"], [0.8888888888888888, "#fdca26"], [1.0, "#f0f921"]], "diverging": [[0, "#8e0152"], [0.1, "#c51b7d"], [0.2, "#de77ae"], [0.3, "#f1b6da"], [0.4, "#fde0ef"], [0.5, "#f7f7f7"], [0.6, "#e6f5d0"], [0.7, "#b8e186"], [0.8, "#7fbc41"], [0.9, "#4d9221"], [1, "#276419"]]}, "xaxis": {"gridcolor": "white", "linecolor": "white", "ticks": "", "title": {"standoff": 15}, "zerolinecolor": "white", "automargin": true, "zerolinewidth": 2}, "yaxis": {"gridcolor": "white", "linecolor": "white", "ticks": "", "title": {"standoff": 15}, "zerolinecolor": "white", "automargin": true, "zerolinewidth": 2}, "scene": {"xaxis": {"backgroundcolor": "#E5ECF6", "gridcolor": "white", "linecolor": "white", "showbackground": true, "ticks": "", "zerolinecolor": "white", "gridwidth": 2}, "yaxis": {"backgroundcolor": "#E5ECF6", "gridcolor": "white", "linecolor": "white", "showbackground": true, "ticks": "", "zerolinecolor": "white", "gridwidth": 2}, "zaxis": {"backgroundcolor": "#E5ECF6", "gridcolor": "white", "linecolor": "white", "showbackground": true, "ticks": "", "zerolinecolor": "white", "gridwidth": 2}}, "shapedefaults": {"line": {"color": "#2a3f5f"}}, "annotationdefaults": {"arrowcolor": "#2a3f5f", "arrowhead": 0, "arrowwidth": 1}, "geo": {"bgcolor": "white", "landcolor": "#E5ECF6", "subunitcolor": "white", "showland": true, "showlakes": true, "lakecolor": "white"}, "title": {"x": 0.05}, "mapbox": {"style": "light"}}}}}