{"data": [{"z": [[3.28450345993042, 2.6101222038269043, 0.033395688980817795, -0.36837875843048096, -4.662357330322266, -2.9539411067962646, 2.2932040691375732, -0.9557946920394897, -0.20568102598190308, 2.4911813735961914, 0.6779994964599609, 0.9157058000564575, 0.8055760860443115, -1.3437187671661377, 1.1867364645004272, 2.632225513458252, -0.011683598160743713, -2.8145225048065186, -2.495757579803467, 1.0907233953475952, -4.038200855255127], [2.6101222038269043, 6.626007556915283, -1.1958394050598145, -2.3936569690704346, -7.127501487731934, -4.140944957733154, 1.7409452199935913, -1.984275460243225, 0.7005040049552917, 3.510279417037964, -0.08386678993701935, -0.31706225872039795, -0.6970160007476807, -0.5178683400154114, 0.22569376230239868, 1.7904380559921265, 2.6516878604888916, -2.3184189796447754, 3.940642833709717, 0.5022257566452026, -0.8337222933769226], [0.033395688980817795, -1.1958394050598145, 1.2539793252944946, 0.3136995732784271, 0.6455422043800354, 0.7942880392074585, 0.6505435109138489, 0.22283940017223358, 1.4868913888931274, -0.08607981353998184, 0.3893364667892456, -0.7950456738471985, -0.4347817897796631, -0.3584344983100891, 0.6799543499946594, 1.5588420629501343, 0.4296727180480957, 1.3110407590866089, -2.3286123275756836, 0.9092276692390442, -1.4414223432540894], [-0.36837875843048096, -2.3936569690704346, 0.3136995732784271, 1.5929511785507202, 0.7305355072021484, 0.7994835376739502, 0.41145873069763184, 1.280682921409607, -0.13065917789936066, -0.5215907692909241, 0.7398386001586914, 1.4074441194534302, 0.6916376948356628, 1.4754769802093506, 1.3589128255844116, -0.848980188369751, -1.5240756273269653, 0.09635079652070999, -2.957301139831543, 0.009699506685137749, 0.5648311972618103], [-4.662357330322266, -7.127501487731934, 0.6455422043800354, 0.7305355072021484, 13.221503257751465, 6.202306747436523, -5.541144847869873, 0.684653103351593, -2.731663465499878, -6.270357608795166, -2.1726865768432617, -2.2989232540130615, 0.19408658146858215, -2.6927757263183594, -4.834522724151611, -3.0156595706939697, -2.2859044075012207, 3.4730002880096436, 1.1855617761611938, -1.9613604545593262, 1.3437672853469849], [-2.9539411067962646, -4.140944957733154, 0.7942880392074585, 0.7994835376739502, 6.202306747436523, 3.629647731781006, -2.21803617477417, 1.0037490129470825, 0.11601674556732178, -3.015406847000122, -0.5892146229743958, -1.1975376605987549, -0.4691306948661804, 0.12568199634552002, -1.2778562307357788, -1.5522186756134033, -0.6183282732963562, 3.0024330615997314, 0.006728451699018478, -0.6330423951148987, 1.8911888599395752], [2.2932040691375732, 1.7409452199935913, 0.6505435109138489, 0.41145873069763184, -5.541144847869873, -2.21803617477417, 3.215384006500244, 0.1859576553106308, 2.047635555267334, 2.743468999862671, 1.5248777866363525, 1.0823993682861328, -0.01369093544781208, 1.266193151473999, 3.1293296813964844, 2.3228373527526855, 0.7051085829734802, -0.9567966461181641, -3.378410577774048, 1.5635638236999512, -1.8176681995391846], [-0.9557946920394897, -1.984275460243225, 0.22283940017223358, 1.280682921409607, 0.684653103351593, 1.0037490129470825, 0.1859576553106308, 1.275112271308899, 0.44267749786376953, -0.553826093673706, 0.6090420484542847, 0.9611982107162476, 0.1534857600927353, 1.9858444929122925, 1.2513916492462158, -1.1812028884887695, -0.8227346539497375, 0.8102765679359436, -1.575514554977417, -0.1026923805475235, 1.749565601348877], [-0.20568102598190308, 0.7005040049552917, 1.4868913888931274, -0.13065917789936066, -2.731663465499878, 0.11601674556732178, 2.047635555267334, 0.44267749786376953, 4.3376145362854, 1.4339097738265991, 1.0386860370635986, -1.2659854888916016, -1.8628654479980469, 1.9032907485961914, 2.429476261138916, 2.059630870819092, 2.6449739933013916, 2.739976167678833, -0.989199161529541, 1.5923917293548584, 0.656312108039856], [2.4911813735961914, 3.510279417037964, -0.08607981353998184, -0.5215907692909241, -6.270357608795166, -3.015406847000122, 2.743468999862671, -0.553826093673706, 1.4339097738265991, 3.0748708248138428, 0.9922342896461487, 0.7706616520881653, -0.15008611977100372, 0.7108374238014221, 2.1702659130096436, 2.042506456375122, 1.2648539543151855, -1.636135220527649, -0.8621408343315125, 1.1505764722824097, -1.451466679573059], [0.6779994964599609, -0.08386678993701935, 0.3893364667892456, 0.7398386001586914, -2.1726865768432617, -0.5892146229743958, 1.5248777866363525, 0.6090420484542847, 1.0386860370635986, 0.9922342896461487, 0.9402241110801697, 0.9180299639701843, 0.10695374757051468, 1.3337821960449219, 1.9152230024337769, 0.5748791098594666, -0.09121395647525787, -0.15627573430538177, -2.27777099609375, 0.6622347235679626, -0.1951155960559845], [0.9157058000564575, -0.31706225872039795, -0.7950456738471985, 1.4074441194534302, -2.2989232540130615, -1.1975376605987549, 1.0823993682861328, 0.9611982107162476, -1.2659854888916016, 0.7706616520881653, 0.9180299639701843, 2.8241097927093506, 1.4016461372375488, 1.914085030555725, 1.7810053825378418, -1.33608877658844, -1.944334864616394, -2.1758439540863037, -2.2119312286376953, -0.29693055152893066, 0.6610599756240845], [0.8055760860443115, -0.6970160007476807, -0.4347817897796631, 0.6916376948356628, 0.19408658146858215, -0.4691306948661804, -0.01369093544781208, 0.1534857600927353, -1.8628654479980469, -0.15008611977100372, 0.10695374757051468, 1.4016461372375488, 1.2902756929397583, -0.46540045738220215, -0.032527852803468704, -0.49459803104400635, -1.7772483825683594, -1.8173686265945435, -1.6690871715545654, -0.33584505319595337, -1.1229164600372314], [-1.3437187671661377, -0.5178683400154114, -0.3584344983100891, 1.4754769802093506, -2.6927757263183594, 0.12568199634552002, 1.266193151473999, 1.9858444929122925, 1.9032907485961914, 0.7108374238014221, 1.3337821960449219, 1.914085030555725, -0.46540045738220215, 5.170113563537598, 3.1336283683776855, -2.326732635498047, 0.10608061403036118, 1.139743685722351, -0.16021870076656342, -0.13691630959510803, 5.072744846343994], [1.1867364645004272, 0.22569376230239868, 0.6799543499946594, 1.3589128255844116, -4.834522724151611, -1.2778562307357788, 3.1293296813964844, 1.2513916492462158, 2.429476261138916, 2.1702659130096436, 1.9152230024337769, 1.7810053825378418, -0.032527852803468704, 3.1336283683776855, 3.9981272220611572, 0.980715811252594, 0.18396790325641632, -0.09206188470125198, -3.9298593997955322, 1.3044703006744385, 0.2820727229118347], [2.632225513458252, 1.7904380559921265, 1.5588420629501343, -0.848980188369751, -3.0156595706939697, -1.5522186756134033, 2.3228373527526855, -1.1812028884887695, 2.059630870819092, 2.042506456375122, 0.5748791098594666, -1.33608877658844, -0.49459803104400635, -2.326732635498047, 0.980715811252594, 4.586397647857666, 1.6043803691864014, -0.2396600991487503, -3.098759651184082, 2.0481812953948975, -5.184765815734863], [-0.011683598160743713, 2.6516878604888916, 0.4296727180480957, -1.5240756273269653, -2.2859044075012207, -0.6183282732963562, 0.7051085829734802, -0.8227346539497375, 2.6449739933013916, 1.2648539543151855, -0.09121395647525787, -1.944334864616394, -1.7772483825683594, 0.10608061403036118, 0.18396790325641632, 1.6043803691864014, 2.9710099697113037, 1.5932273864746094, 2.580362558364868, 0.7753781080245972, 0.47554901242256165], [-2.8145225048065186, -2.3184189796447754, 1.3110407590866089, 0.09635079652070999, 3.4730002880096436, 3.0024330615997314, -0.9567966461181641, 0.8102765679359436, 2.739976167678833, -1.636135220527649, -0.15627573430538177, -2.1758439540863037, -1.8173686265945435, 1.139743685722351, -0.09206188470125198, -0.2396600991487503, 1.5932273864746094, 4.306840419769287, 0.8912222981452942, 0.24377626180648804, 2.515580892562866], [-2.495757579803467, 3.940642833709717, -2.3286123275756836, -2.957301139831543, 1.1855617761611938, 0.006728451699018478, -3.378410577774048, -1.575514554977417, -0.989199161529541, -0.8621408343315125, -2.27777099609375, -2.2119312286376953, -1.6690871715545654, -0.16021870076656342, -3.9298593997955322, -3.098759651184082, 2.580362558364868, 0.8912222981452942, 11.084834098815918, -2.1571056842803955, 5.397671699523926], [1.0907233953475952, 0.5022257566452026, 0.9092276692390442, 0.009699506685137749, -1.9613604545593262, -0.6330423951148987, 1.5635638236999512, -0.1026923805475235, 1.5923917293548584, 1.1505764722824097, 0.6622347235679626, -0.29693055152893066, -0.33584505319595337, -0.13691630959510803, 1.3044703006744385, 2.0481812953948975, 0.7753781080245972, 0.24377626180648804, -2.1571056842803955, 1.1442372798919678, -1.8456817865371704], [-4.038200855255127, -0.8337222933769226, -1.4414223432540894, 0.5648311972618103, 1.3437672853469849, 1.8911888599395752, -1.8176681995391846, 1.749565601348877, 0.656312108039856, -1.451466679573059, -0.1951155960559845, 0.6610599756240845, -1.1229164600372314, 5.072744846343994, 0.2820727229118347, -5.184765815734863, 0.47554901242256165, 2.515580892562866, 5.397671699523926, -1.8456817865371704, 8.789374351501465]], "type": "heatmap"}], "layout": {"template": {"data": {"histogram2dcontour": [{"type": "histogram2dcontour", "colorbar": {"outlinewidth": 0, "ticks": ""}, "colorscale": [[0.0, "#0d0887"], [0.1111111111111111, "#46039f"], [0.2222222222222222, "#7201a8"], [0.3333333333333333, "#9c179e"], [0.4444444444444444, "#bd3786"], [0.5555555555555556, "#d8576b"], [0.6666666666666666, "#ed7953"], [0.7777777777777778, "#fb9f3a"], [0.8888888888888888, "#fdca26"], [1.0, "#f0f921"]]}], "choropleth": [{"type": "choropleth", "colorbar": {"outlinewidth": 0, "ticks": ""}}], "histogram2d": [{"type": "histogram2d", "colorbar": {"outlinewidth": 0, "ticks": ""}, "colorscale": [[0.0, "#0d0887"], [0.1111111111111111, "#46039f"], [0.2222222222222222, "#7201a8"], [0.3333333333333333, "#9c179e"], [0.4444444444444444, "#bd3786"], [0.5555555555555556, "#d8576b"], [0.6666666666666666, "#ed7953"], [0.7777777777777778, "#fb9f3a"], [0.8888888888888888, "#fdca26"], [1.0, "#f0f921"]]}], "heatmap": [{"type": "heatmap", "colorbar": {"outlinewidth": 0, "ticks": ""}, "colorscale": [[0.0, "#0d0887"], [0.1111111111111111, "#46039f"], [0.2222222222222222, "#7201a8"], [0.3333333333333333, "#9c179e"], [0.4444444444444444, "#bd3786"], [0.5555555555555556, "#d8576b"], [0.6666666666666666, "#ed7953"], [0.7777777777777778, "#fb9f3a"], [0.8888888888888888, "#fdca26"], [1.0, "#f0f921"]]}], "heatmapgl": [{"type": "heatmapgl", "colorbar": {"outlinewidth": 0, "ticks": ""}, "colorscale": [[0.0, "#0d0887"], [0.1111111111111111, "#46039f"], [0.2222222222222222, "#7201a8"], [0.3333333333333333, "#9c179e"], [0.4444444444444444, "#bd3786"], [0.5555555555555556, "#d8576b"], [0.6666666666666666, "#ed7953"], [0.7777777777777778, "#fb9f3a"], [0.8888888888888888, "#fdca26"], [1.0, "#f0f921"]]}], "contourcarpet": [{"type": "contourcarpet", "colorbar": {"outlinewidth": 0, "ticks": ""}}], "contour": [{"type": "contour", "colorbar": {"outlinewidth": 0, "ticks": ""}, "colorscale": [[0.0, "#0d0887"], [0.1111111111111111, "#46039f"], [0.2222222222222222, "#7201a8"], [0.3333333333333333, "#9c179e"], [0.4444444444444444, "#bd3786"], [0.5555555555555556, "#d8576b"], [0.6666666666666666, "#ed7953"], [0.7777777777777778, "#fb9f3a"], [0.8888888888888888, "#fdca26"], [1.0, "#f0f921"]]}], "surface": [{"type": "surface", "colorbar": {"outlinewidth": 0, "ticks": ""}, "colorscale": [[0.0, "#0d0887"], [0.1111111111111111, "#46039f"], [0.2222222222222222, "#7201a8"], [0.3333333333333333, "#9c179e"], [0.4444444444444444, "#bd3786"], [0.5555555555555556, "#d8576b"], [0.6666666666666666, "#ed7953"], [0.7777777777777778, "#fb9f3a"], [0.8888888888888888, "#fdca26"], [1.0, "#f0f921"]]}], "mesh3d": [{"type": "mesh3d", "colorbar": {"outlinewidth": 0, "ticks": ""}}], "scatter": [{"fillpattern": {"fillmode": "overlay", "size": 10, "solidity": 0.2}, "type": "scatter"}], "parcoords": [{"type": "parcoords", "line": {"colorbar": {"outlinewidth": 0, "ticks": ""}}}], "scatterpolargl": [{"type": "scatterpolargl", "marker": {"colorbar": {"outlinewidth": 0, "ticks": ""}}}], "bar": [{"error_x": {"color": "#2a3f5f"}, "error_y": {"color": "#2a3f5f"}, "marker": {"line": {"color": "#E5ECF6", "width": 0.5}, "pattern": {"fillmode": "overlay", "size": 10, "solidity": 0.2}}, "type": "bar"}], "scattergeo": [{"type": "scattergeo", "marker": {"colorbar": {"outlinewidth": 0, "ticks": ""}}}], "scatterpolar": [{"type": "scatterpolar", "marker": {"colorbar": {"outlinewidth": 0, "ticks": ""}}}], "histogram": [{"marker": {"pattern": {"fillmode": "overlay", "size": 10, "solidity": 0.2}}, "type": "histogram"}], "scattergl": [{"type": "scattergl", "marker": {"colorbar": {"outlinewidth": 0, "ticks": ""}}}], "scatter3d": [{"type": "scatter3d", "line": {"colorbar": {"outlinewidth": 0, "ticks": ""}}, "marker": {"colorbar": {"outlinewidth": 0, "ticks": ""}}}], "scattermapbox": [{"type": "scattermapbox", "marker": {"colorbar": {"outlinewidth": 0, "ticks": ""}}}], "scatterternary": [{"type": "scatterternary", "marker": {"colorbar": {"outlinewidth": 0, "ticks": ""}}}], "scattercarpet": [{"type": "scattercarpet", "marker": {"colorbar": {"outlinewidth": 0, "ticks": ""}}}], "carpet": [{"aaxis": {"endlinecolor": "#2a3f5f", "gridcolor": "white", "linecolor": "white", "minorgridcolor": "white", "startlinecolor": "#2a3f5f"}, "baxis": {"endlinecolor": "#2a3f5f", "gridcolor": "white", "linecolor": "white", "minorgridcolor": "white", "startlinecolor": "#2a3f5f"}, "type": "carpet"}], "table": [{"cells": {"fill": {"color": "#EBF0F8"}, "line": {"color": "white"}}, "header": {"fill": {"color": "#C8D4E3"}, "line": {"color": "white"}}, "type": "table"}], "barpolar": [{"marker": {"line": {"color": "#E5ECF6", "width": 0.5}, "pattern": {"fillmode": "overlay", "size": 10, "solidity": 0.2}}, "type": "barpolar"}], "pie": [{"automargin": true, "type": "pie"}]}, "layout": {"autotypenumbers": "strict", "colorway": ["#636efa", "#EF553B", "#00cc96", "#ab63fa", "#FFA15A", "#19d3f3", "#FF6692", "#B6E880", "#FF97FF", "#FECB52"], "font": {"color": "#2a3f5f"}, "hovermode": "closest", "hoverlabel": {"align": "left"}, "paper_bgcolor": "white", "plot_bgcolor": "#E5ECF6", "polar": {"bgcolor": "#E5ECF6", "angularaxis": {"gridcolor": "white", "linecolor": "white", "ticks": ""}, "radialaxis": {"gridcolor": "white", "linecolor": "white", "ticks": ""}}, "ternary": {"bgcolor": "#E5ECF6", "aaxis": {"gridcolor": "white", "linecolor": "white", "ticks": ""}, "baxis": {"gridcolor": "white", "linecolor": "white", "ticks": ""}, "caxis": {"gridcolor": "white", "linecolor": "white", "ticks": ""}}, "coloraxis": {"colorbar": {"outlinewidth": 0, "ticks": ""}}, "colorscale": {"sequential": [[0.0, "#0d0887"], [0.1111111111111111, "#46039f"], [0.2222222222222222, "#7201a8"], [0.3333333333333333, "#9c179e"], [0.4444444444444444, "#bd3786"], [0.5555555555555556, "#d8576b"], [0.6666666666666666, "#ed7953"], [0.7777777777777778, "#fb9f3a"], [0.8888888888888888, "#fdca26"], [1.0, "#f0f921"]], "sequentialminus": [[0.0, "#0d0887"], [0.1111111111111111, "#46039f"], [0.2222222222222222, "#7201a8"], [0.3333333333333333, "#9c179e"], [0.4444444444444444, "#bd3786"], [0.5555555555555556, "#d8576b"], [0.6666666666666666, "#ed7953"], [0.7777777777777778, "#fb9f3a"], [0.8888888888888888, "#fdca26"], [1.0, "#f0f921"]], "diverging": [[0, "#8e0152"], [0.1, "#c51b7d"], [0.2, "#de77ae"], [0.3, "#f1b6da"], [0.4, "#fde0ef"], [0.5, "#f7f7f7"], [0.6, "#e6f5d0"], [0.7, "#b8e186"], [0.8, "#7fbc41"], [0.9, "#4d9221"], [1, "#276419"]]}, "xaxis": {"gridcolor": "white", "linecolor": "white", "ticks": "", "title": {"standoff": 15}, "zerolinecolor": "white", "automargin": true, "zerolinewidth": 2}, "yaxis": {"gridcolor": "white", "linecolor": "white", "ticks": "", "title": {"standoff": 15}, "zerolinecolor": "white", "automargin": true, "zerolinewidth": 2}, "scene": {"xaxis": {"backgroundcolor": "#E5ECF6", "gridcolor": "white", "linecolor": "white", "showbackground": true, "ticks": "", "zerolinecolor": "white", "gridwidth": 2}, "yaxis": {"backgroundcolor": "#E5ECF6", "gridcolor": "white", "linecolor": "white", "showbackground": true, "ticks": "", "zerolinecolor": "white", "gridwidth": 2}, "zaxis": {"backgroundcolor": "#E5ECF6", "gridcolor": "white", "linecolor": "white", "showbackground": true, "ticks": "", "zerolinecolor": "white", "gridwidth": 2}}, "shapedefaults": {"line": {"color": "#2a3f5f"}}, "annotationdefaults": {"arrowcolor": "#2a3f5f", "arrowhead": 0, "arrowwidth": 1}, "geo": {"bgcolor": "white", "landcolor": "#E5ECF6", "subunitcolor": "white", "showland": true, "showlakes": true, "lakecolor": "white"}, "title": {"x": 0.05}, "mapbox": {"style": "light"}}}}}