{"data": [{"z": [[3.92179799079895, 2.935947895050049, 0.2647397518157959, 0.27822038531303406, -4.915830612182617, -2.531837224960327, 2.6988987922668457, -0.38981911540031433, -0.06300096958875656, 3.041865587234497, 1.2893073558807373, 1.34601891040802, 1.3147597312927246, -1.2422713041305542, 1.6382019519805908, 3.003894567489624, -0.010091467760503292, -2.800086736679077, -2.866438865661621, 1.7435404062271118, -4.529574871063232], [2.935947895050049, 6.537312984466553, -1.018002986907959, -2.1969902515411377, -7.73074197769165, -4.334290981292725, 2.2327985763549805, -1.9332941770553589, 0.8767210841178894, 3.791170120239258, 0.3036225140094757, -0.24399614334106445, -0.5645245909690857, -0.573024570941925, 0.6736404299736023, 2.274282455444336, 2.353454113006592, -2.627877712249756, 2.8947675228118896, 0.8387397527694702, -1.5473994016647339], [0.2647397518157959, -1.018002986907959, 1.3200836181640625, 0.5730562806129456, 0.6897647976875305, 1.0428546667099, 0.7159171104431152, 0.48180702328681946, 1.5056538581848145, 0.10477926582098007, 0.5680069327354431, -0.5920370221138, -0.2230372279882431, -0.29254093766212463, 0.7805931568145752, 1.6084096431732178, 0.5212782025337219, 1.4053924083709717, -2.236173391342163, 1.1269731521606445, -1.4878246784210205], [0.27822038531303406, -2.1969902515411377, 0.5730562806129456, 2.0704660415649414, 0.3981267511844635, 0.9517003893852234, 0.8628724813461304, 1.668182611465454, 0.04813353344798088, -0.03793587535619736, 1.1334190368652344, 1.8509770631790161, 1.0610891580581665, 1.5569835901260376, 1.8388309478759766, -0.41843509674072266, -1.4331156015396118, 0.10428512841463089, -3.5971312522888184, 0.5052492618560791, 0.014839370734989643], [-4.915830612182617, -7.73074197769165, 0.6897647976875305, 0.3981267511844635, 13.212540626525879, 5.719964981079102, -5.509336471557617, 0.3101741671562195, -2.682983160018921, -6.611591339111328, -2.56648850440979, -2.4048588275909424, -0.1493276208639145, -2.7016761302948, -4.7854790687561035, -3.006099224090576, -2.382513999938965, 3.429574489593506, 0.42257460951805115, -2.354381561279297, 1.29042387008667], [-2.531837224960327, -4.334290981292725, 1.0428546667099, 0.9517003893852234, 5.719964981079102, 3.3316397666931152, -1.7242223024368286, 1.026645302772522, 0.3243916630744934, -2.773670196533203, -0.45404037833213806, -0.9406641125679016, -0.39327794313430786, 0.13930031657218933, -0.788260281085968, -1.077387809753418, -0.6728602051734924, 2.862272024154663, -1.180836796760559, -0.4299655258655548, 1.2408058643341064], [2.6988987922668457, 2.2327985763549805, 0.7159171104431152, 0.8628724813461304, -5.509336471557617, -1.7242223024368286, 3.294003486633301, 0.6539704203605652, 2.057960033416748, 3.135960340499878, 1.912032127380371, 1.373098373413086, 0.38883909583091736, 1.3428444862365723, 3.2367923259735107, 2.3981950283050537, 0.8683056831359863, -0.8295733332633972, -2.9479904174804688, 2.0047738552093506, -1.8711986541748047], [-0.38981911540031433, -1.9332941770553589, 0.48180702328681946, 1.668182611465454, 0.3101741671562195, 1.026645302772522, 0.6539704203605652, 1.554843544960022, 0.6303694248199463, -0.15341730415821075, 0.9395927786827087, 1.3395440578460693, 0.4363255202770233, 2.0452635288238525, 1.7408555746078491, -0.7350220680236816, -0.806036651134491, 0.764112651348114, -2.4179794788360596, 0.30917757749557495, 1.156950831413269], [-0.06300096958875656, 0.8767210841178894, 1.5056538581848145, 0.04813353344798088, -2.682983160018921, 0.3243916630744934, 2.057960033416748, 0.6303694248199463, 4.32986307144165, 1.568558931350708, 1.1780800819396973, -1.147499680519104, -1.7049319744110107, 1.9406810998916626, 2.458301305770874, 2.0634329319000244, 2.7073826789855957, 2.80183744430542, -0.7979578971862793, 1.7489562034606934, 0.6660721302032471], [3.041865587234497, 3.791170120239258, 0.10477926582098007, -0.03793587535619736, -6.611591339111328, -2.773670196533203, 3.135960340499878, -0.15341730415821075, 1.568558931350708, 3.554003953933716, 1.5030133724212646, 1.0901113748550415, 0.2428085058927536, 0.7539235949516296, 2.569911479949951, 2.4215292930603027, 1.2357571125030518, -1.7027289867401123, -1.2810357809066772, 1.692530870437622, -1.9584226608276367], [1.2893073558807373, 0.3036225140094757, 0.5680069327354431, 1.1334190368652344, -2.56648850440979, -0.45404037833213806, 1.912032127380371, 0.9395927786827087, 1.1780800819396973, 1.5030133724212646, 1.3373268842697144, 1.261021375656128, 0.45564138889312744, 1.3579860925674438, 2.281684398651123, 0.9707327485084534, 0.02478739619255066, -0.20414426922798157, -2.592043876647949, 1.1500544548034668, -0.6823886632919312], [1.34601891040802, -0.24399614334106445, -0.5920370221138, 1.8509770631790161, -2.4048588275909424, -0.9406641125679016, 1.373098373413086, 1.3395440578460693, -1.147499680519104, 1.0901113748550415, 1.261021375656128, 3.1730778217315674, 1.7216978073120117, 2.016511917114258, 2.1334991455078125, -1.0813839435577393, -1.9255729913711548, -2.11167573928833, -2.661051034927368, 0.0970270112156868, 0.32206597924232483], [1.3147597312927246, -0.5645245909690857, -0.2230372279882431, 1.0610891580581665, -0.1493276208639145, -0.39327794313430786, 0.38883909583091736, 0.4363255202770233, -1.7049319744110107, 0.2428085058927536, 0.45564138889312744, 1.7216978073120117, 1.5726044178009033, -0.41697630286216736, 0.3813343346118927, -0.10844327509403229, -1.7638534307479858, -1.8659780025482178, -2.287086248397827, 0.0748276636004448, -1.6305716037750244], [-1.2422713041305542, -0.573024570941925, -0.29254093766212463, 1.5569835901260376, -2.7016761302948, 0.13930031657218933, 1.3428444862365723, 2.0452635288238525, 1.9406810998916626, 0.7539235949516296, 1.3579860925674438, 2.016511917114258, -0.41697630286216736, 5.198795318603516, 3.232318162918091, -2.258118152618408, 0.12573491036891937, 1.1705150604248047, -0.372516393661499, -0.08454171568155289, 4.981815338134766], [1.6382019519805908, 0.6736404299736023, 0.7805931568145752, 1.8388309478759766, -4.7854790687561035, -0.788260281085968, 3.2367923259735107, 1.7408555746078491, 2.458301305770874, 2.569911479949951, 2.281684398651123, 2.1334991455078125, 0.3813343346118927, 3.232318162918091, 4.150225639343262, 1.0786354541778564, 0.3794765770435333, 0.06955132633447647, -3.6063389778137207, 1.7483482360839844, 0.20339223742485046], [3.003894567489624, 2.274282455444336, 1.6084096431732178, -0.41843509674072266, -3.006099224090576, -1.077387809753418, 2.3981950283050537, -0.7350220680236816, 2.0634329319000244, 2.4215292930603027, 0.9707327485084534, -1.0813839435577393, -0.10844327509403229, -2.258118152618408, 1.0786354541778564, 4.654327392578125, 1.730668067932129, -0.1420661360025406, -2.66561222076416, 2.477752447128296, -5.237269401550293], [-0.010091467760503292, 2.353454113006592, 0.5212782025337219, -1.4331156015396118, -2.382513999938965, -0.6728602051734924, 0.8683056831359863, -0.806036651134491, 2.7073826789855957, 1.2357571125030518, 0.02478739619255066, -1.9255729913711548, -1.7638534307479858, 0.12573491036891937, 0.3794765770435333, 1.730668067932129, 2.7428395748138428, 1.5039889812469482, 1.9512879848480225, 0.8312726616859436, 0.238724485039711], [-2.800086736679077, -2.627877712249756, 1.4053924083709717, 0.10428512841463089, 3.429574489593506, 2.862272024154663, -0.8295733332633972, 0.764112651348114, 2.80183744430542, -1.7027289867401123, -0.20414426922798157, -2.11167573928833, -1.8659780025482178, 1.1705150604248047, 0.06955132633447647, -0.1420661360025406, 1.5039889812469482, 4.288053512573242, 0.29994767904281616, 0.19552931189537048, 2.349721908569336], [-2.866438865661621, 2.8947675228118896, -2.236173391342163, -3.5971312522888184, 0.42257460951805115, -1.180836796760559, -2.9479904174804688, -2.4179794788360596, -0.7979578971862793, -1.2810357809066772, -2.592043876647949, -2.661051034927368, -2.287086248397827, -0.372516393661499, -3.6063389778137207, -2.66561222076416, 1.9512879848480225, 0.29994767904281616, 9.01803207397461, -2.616403579711914, 4.657020568847656], [1.7435404062271118, 0.8387397527694702, 1.1269731521606445, 0.5052492618560791, -2.354381561279297, -0.4299655258655548, 2.0047738552093506, 0.30917757749557495, 1.7489562034606934, 1.692530870437622, 1.1500544548034668, 0.0970270112156868, 0.0748276636004448, -0.08454171568155289, 1.7483482360839844, 2.477752447128296, 0.8312726616859436, 0.19552931189537048, -2.616403579711914, 1.7050659656524658, -2.3980329036712646], [-4.529574871063232, -1.5473994016647339, -1.4878246784210205, 0.014839370734989643, 1.29042387008667, 1.2408058643341064, -1.8711986541748047, 1.156950831413269, 0.6660721302032471, -1.9584226608276367, -0.6823886632919312, 0.32206597924232483, -1.6305716037750244, 4.981815338134766, 0.20339223742485046, -5.237269401550293, 0.238724485039711, 2.349721908569336, 4.657020568847656, -2.3980329036712646, 8.789374351501465]], "type": "heatmap"}], "layout": {"template": {"data": {"histogram2dcontour": [{"type": "histogram2dcontour", "colorbar": {"outlinewidth": 0, "ticks": ""}, "colorscale": [[0.0, "#0d0887"], [0.1111111111111111, "#46039f"], [0.2222222222222222, "#7201a8"], [0.3333333333333333, "#9c179e"], [0.4444444444444444, "#bd3786"], [0.5555555555555556, "#d8576b"], [0.6666666666666666, "#ed7953"], [0.7777777777777778, "#fb9f3a"], [0.8888888888888888, "#fdca26"], [1.0, "#f0f921"]]}], "choropleth": [{"type": "choropleth", "colorbar": {"outlinewidth": 0, "ticks": ""}}], "histogram2d": [{"type": "histogram2d", "colorbar": {"outlinewidth": 0, "ticks": ""}, "colorscale": [[0.0, "#0d0887"], [0.1111111111111111, "#46039f"], [0.2222222222222222, "#7201a8"], [0.3333333333333333, "#9c179e"], [0.4444444444444444, "#bd3786"], [0.5555555555555556, "#d8576b"], [0.6666666666666666, "#ed7953"], [0.7777777777777778, "#fb9f3a"], [0.8888888888888888, "#fdca26"], [1.0, "#f0f921"]]}], "heatmap": [{"type": "heatmap", "colorbar": {"outlinewidth": 0, "ticks": ""}, "colorscale": [[0.0, "#0d0887"], [0.1111111111111111, "#46039f"], [0.2222222222222222, "#7201a8"], [0.3333333333333333, "#9c179e"], [0.4444444444444444, "#bd3786"], [0.5555555555555556, "#d8576b"], [0.6666666666666666, "#ed7953"], [0.7777777777777778, "#fb9f3a"], [0.8888888888888888, "#fdca26"], [1.0, "#f0f921"]]}], "heatmapgl": [{"type": "heatmapgl", "colorbar": {"outlinewidth": 0, "ticks": ""}, "colorscale": [[0.0, "#0d0887"], [0.1111111111111111, "#46039f"], [0.2222222222222222, "#7201a8"], [0.3333333333333333, "#9c179e"], [0.4444444444444444, "#bd3786"], [0.5555555555555556, "#d8576b"], [0.6666666666666666, "#ed7953"], [0.7777777777777778, "#fb9f3a"], [0.8888888888888888, "#fdca26"], [1.0, "#f0f921"]]}], "contourcarpet": [{"type": "contourcarpet", "colorbar": {"outlinewidth": 0, "ticks": ""}}], "contour": [{"type": "contour", "colorbar": {"outlinewidth": 0, "ticks": ""}, "colorscale": [[0.0, "#0d0887"], [0.1111111111111111, "#46039f"], [0.2222222222222222, "#7201a8"], [0.3333333333333333, "#9c179e"], [0.4444444444444444, "#bd3786"], [0.5555555555555556, "#d8576b"], [0.6666666666666666, "#ed7953"], [0.7777777777777778, "#fb9f3a"], [0.8888888888888888, "#fdca26"], [1.0, "#f0f921"]]}], "surface": [{"type": "surface", "colorbar": {"outlinewidth": 0, "ticks": ""}, "colorscale": [[0.0, "#0d0887"], [0.1111111111111111, "#46039f"], [0.2222222222222222, "#7201a8"], [0.3333333333333333, "#9c179e"], [0.4444444444444444, "#bd3786"], [0.5555555555555556, "#d8576b"], [0.6666666666666666, "#ed7953"], [0.7777777777777778, "#fb9f3a"], [0.8888888888888888, "#fdca26"], [1.0, "#f0f921"]]}], "mesh3d": [{"type": "mesh3d", "colorbar": {"outlinewidth": 0, "ticks": ""}}], "scatter": [{"fillpattern": {"fillmode": "overlay", "size": 10, "solidity": 0.2}, "type": "scatter"}], "parcoords": [{"type": "parcoords", "line": {"colorbar": {"outlinewidth": 0, "ticks": ""}}}], "scatterpolargl": [{"type": "scatterpolargl", "marker": {"colorbar": {"outlinewidth": 0, "ticks": ""}}}], "bar": [{"error_x": {"color": "#2a3f5f"}, "error_y": {"color": "#2a3f5f"}, "marker": {"line": {"color": "#E5ECF6", "width": 0.5}, "pattern": {"fillmode": "overlay", "size": 10, "solidity": 0.2}}, "type": "bar"}], "scattergeo": [{"type": "scattergeo", "marker": {"colorbar": {"outlinewidth": 0, "ticks": ""}}}], "scatterpolar": [{"type": "scatterpolar", "marker": {"colorbar": {"outlinewidth": 0, "ticks": ""}}}], "histogram": [{"marker": {"pattern": {"fillmode": "overlay", "size": 10, "solidity": 0.2}}, "type": "histogram"}], "scattergl": [{"type": "scattergl", "marker": {"colorbar": {"outlinewidth": 0, "ticks": ""}}}], "scatter3d": [{"type": "scatter3d", "line": {"colorbar": {"outlinewidth": 0, "ticks": ""}}, "marker": {"colorbar": {"outlinewidth": 0, "ticks": ""}}}], "scattermapbox": [{"type": "scattermapbox", "marker": {"colorbar": {"outlinewidth": 0, "ticks": ""}}}], "scatterternary": [{"type": "scatterternary", "marker": {"colorbar": {"outlinewidth": 0, "ticks": ""}}}], "scattercarpet": [{"type": "scattercarpet", "marker": {"colorbar": {"outlinewidth": 0, "ticks": ""}}}], "carpet": [{"aaxis": {"endlinecolor": "#2a3f5f", "gridcolor": "white", "linecolor": "white", "minorgridcolor": "white", "startlinecolor": "#2a3f5f"}, "baxis": {"endlinecolor": "#2a3f5f", "gridcolor": "white", "linecolor": "white", "minorgridcolor": "white", "startlinecolor": "#2a3f5f"}, "type": "carpet"}], "table": [{"cells": {"fill": {"color": "#EBF0F8"}, "line": {"color": "white"}}, "header": {"fill": {"color": "#C8D4E3"}, "line": {"color": "white"}}, "type": "table"}], "barpolar": [{"marker": {"line": {"color": "#E5ECF6", "width": 0.5}, "pattern": {"fillmode": "overlay", "size": 10, "solidity": 0.2}}, "type": "barpolar"}], "pie": [{"automargin": true, "type": "pie"}]}, "layout": {"autotypenumbers": "strict", "colorway": ["#636efa", "#EF553B", "#00cc96", "#ab63fa", "#FFA15A", "#19d3f3", "#FF6692", "#B6E880", "#FF97FF", "#FECB52"], "font": {"color": "#2a3f5f"}, "hovermode": "closest", "hoverlabel": {"align": "left"}, "paper_bgcolor": "white", "plot_bgcolor": "#E5ECF6", "polar": {"bgcolor": "#E5ECF6", "angularaxis": {"gridcolor": "white", "linecolor": "white", "ticks": ""}, "radialaxis": {"gridcolor": "white", "linecolor": "white", "ticks": ""}}, "ternary": {"bgcolor": "#E5ECF6", "aaxis": {"gridcolor": "white", "linecolor": "white", "ticks": ""}, "baxis": {"gridcolor": "white", "linecolor": "white", "ticks": ""}, "caxis": {"gridcolor": "white", "linecolor": "white", "ticks": ""}}, "coloraxis": {"colorbar": {"outlinewidth": 0, "ticks": ""}}, "colorscale": {"sequential": [[0.0, "#0d0887"], [0.1111111111111111, "#46039f"], [0.2222222222222222, "#7201a8"], [0.3333333333333333, "#9c179e"], [0.4444444444444444, "#bd3786"], [0.5555555555555556, "#d8576b"], [0.6666666666666666, "#ed7953"], [0.7777777777777778, "#fb9f3a"], [0.8888888888888888, "#fdca26"], [1.0, "#f0f921"]], "sequentialminus": [[0.0, "#0d0887"], [0.1111111111111111, "#46039f"], [0.2222222222222222, "#7201a8"], [0.3333333333333333, "#9c179e"], [0.4444444444444444, "#bd3786"], [0.5555555555555556, "#d8576b"], [0.6666666666666666, "#ed7953"], [0.7777777777777778, "#fb9f3a"], [0.8888888888888888, "#fdca26"], [1.0, "#f0f921"]], "diverging": [[0, "#8e0152"], [0.1, "#c51b7d"], [0.2, "#de77ae"], [0.3, "#f1b6da"], [0.4, "#fde0ef"], [0.5, "#f7f7f7"], [0.6, "#e6f5d0"], [0.7, "#b8e186"], [0.8, "#7fbc41"], [0.9, "#4d9221"], [1, "#276419"]]}, "xaxis": {"gridcolor": "white", "linecolor": "white", "ticks": "", "title": {"standoff": 15}, "zerolinecolor": "white", "automargin": true, "zerolinewidth": 2}, "yaxis": {"gridcolor": "white", "linecolor": "white", "ticks": "", "title": {"standoff": 15}, "zerolinecolor": "white", "automargin": true, "zerolinewidth": 2}, "scene": {"xaxis": {"backgroundcolor": "#E5ECF6", "gridcolor": "white", "linecolor": "white", "showbackground": true, "ticks": "", "zerolinecolor": "white", "gridwidth": 2}, "yaxis": {"backgroundcolor": "#E5ECF6", "gridcolor": "white", "linecolor": "white", "showbackground": true, "ticks": "", "zerolinecolor": "white", "gridwidth": 2}, "zaxis": {"backgroundcolor": "#E5ECF6", "gridcolor": "white", "linecolor": "white", "showbackground": true, "ticks": "", "zerolinecolor": "white", "gridwidth": 2}}, "shapedefaults": {"line": {"color": "#2a3f5f"}}, "annotationdefaults": {"arrowcolor": "#2a3f5f", "arrowhead": 0, "arrowwidth": 1}, "geo": {"bgcolor": "white", "landcolor": "#E5ECF6", "subunitcolor": "white", "showland": true, "showlakes": true, "lakecolor": "white"}, "title": {"x": 0.05}, "mapbox": {"style": "light"}}}}}