{"data": [{"z": [[3.4215517044067383, 2.6515092849731445, 0.0987313836812973, -0.19398456811904907, -4.713943958282471, -2.837023973464966, 2.450230121612549, -0.8023762106895447, -0.17376677691936493, 2.6480720043182373, 0.893420398235321, 1.0104451179504395, 0.9057765007019043, -1.3105429410934448, 1.3225715160369873, 2.7307069301605225, -0.018657803535461426, -2.8157331943511963, -2.6348114013671875, 1.282261610031128, -4.165179252624512], [2.6515092849731445, 6.529694557189941, -1.1414157152175903, -2.3788163661956787, -7.276233673095703, -4.233335018157959, 1.8413619995117188, -1.9962737560272217, 0.7331184148788452, 3.553972005844116, -0.0015785093419253826, -0.30153462290763855, -0.6715219616889954, -0.5370187759399414, 0.3275381624698639, 1.9359883069992065, 2.5361785888671875, -2.415182590484619, 3.5982720851898193, 0.566571056842804, -1.035461187362671], [0.0987313836812973, -1.1414157152175903, 1.2703838348388672, 0.3935692310333252, 0.652606725692749, 0.8698232769966125, 0.7043694257736206, 0.29804688692092896, 1.4942829608917236, -0.01737102121114731, 0.46781468391418457, -0.7495248317718506, -0.39244040846824646, -0.33887308835983276, 0.7212198376655579, 1.5697665214538574, 0.4631677269935608, 1.334341287612915, -2.304736614227295, 0.9838778972625732, -1.4533817768096924], [-0.19398456811904907, -2.3788163661956787, 0.3935692310333252, 1.7467833757400513, 0.640878438949585, 0.8508260250091553, 0.5892696380615234, 1.3933371305465698, -0.06875450164079666, -0.3884464502334595, 0.8798007965087891, 1.519476294517517, 0.7711012959480286, 1.506502389907837, 1.5280005931854248, -0.7339076399803162, -1.511242389678955, 0.09819845110177994, -3.2066333293914795, 0.15719138085842133, 0.40210625529289246], [-4.713943958282471, -7.276233673095703, 0.652606725692749, 0.640878438949585, 13.217555046081543, 6.0700364112854, -5.585849285125732, 0.5730969905853271, -2.7051784992218018, -6.403451442718506, -2.3516628742218018, -2.317749500274658, 0.12545742094516754, -2.6959211826324463, -4.83104133605957, -3.032409191131592, -2.3203539848327637, 3.472754716873169, 0.9914283156394958, -2.1074204444885254, 1.3365809917449951], [-2.837023973464966, -4.233335018157959, 0.8698232769966125, 0.8508260250091553, 6.0700364112854, 3.5420942306518555, -2.0819923877716064, 1.003590703010559, 0.18795037269592285, -2.9796342849731445, -0.5775285959243774, -1.1249891519546509, -0.4483056664466858, 0.13443508744239807, -1.1233004331588745, -1.427703619003296, -0.6579931378364563, 2.96600079536438, -0.3905784487724304, -0.5974982380867004, 1.6998627185821533], [2.450230121612549, 1.8413619995117188, 0.7043694257736206, 0.5892696380615234, -5.585849285125732, -2.0819923877716064, 3.369706392288208, 0.3478274941444397, 2.074489116668701, 2.9205081462860107, 1.740148663520813, 1.1803456544876099, 0.0896720141172409, 1.2969926595687866, 3.2500603199005127, 2.4060311317443848, 0.7391886115074158, -0.9447477459907532, -3.4279754161834717, 1.7622870206832886, -1.9187618494033813], [-0.8023762106895447, -1.9962737560272217, 0.29804688692092896, 1.3933371305465698, 0.5730969905853271, 1.003590703010559, 0.3478274941444397, 1.3453733921051025, 0.505195140838623, -0.44921988248825073, 0.7093701958656311, 1.054169774055481, 0.21260066330432892, 2.004127025604248, 1.4095503091812134, -1.059002161026001, -0.8282981514930725, 0.7925519943237305, -1.8627045154571533, 0.009573149494826794, 1.5746264457702637], [-0.17376677691936493, 0.7331184148788452, 1.4942829608917236, -0.06875450164079666, -2.7051784992218018, 0.18795037269592285, 2.074489116668701, 0.505195140838623, 4.333616256713867, 1.4778306484222412, 1.104889988899231, -1.236411452293396, -1.8285748958587646, 1.9198335409164429, 2.448626756668091, 2.0552828311920166, 2.6606857776641846, 2.759876251220703, -0.950261116027832, 1.6480344533920288, 0.6636778116226196], [2.6480720043182373, 3.553972005844116, -0.01737102121114731, -0.3884464502334595, -6.403451442718506, -2.9796342849731445, 2.9205081462860107, -0.44921988248825073, 1.4778306484222412, 3.238170862197876, 1.1839404106140137, 0.8544836044311523, -0.06356897950172424, 0.7195998430252075, 2.3188304901123047, 2.1891674995422363, 1.2456114292144775, -1.6806390285491943, -1.07976233959198, 1.3294984102249146, -1.6423864364624023], [0.893420398235321, -0.0015785093419253826, 0.46781468391418457, 0.8798007965087891, -2.3516628742218018, -0.5775285959243774, 1.740148663520813, 0.7093701958656311, 1.104889988899231, 1.1839404106140137, 1.1176061630249023, 1.0241950750350952, 0.1942494958639145, 1.34145188331604, 2.0951194763183594, 0.7448979020118713, -0.07131410390138626, -0.1985909342765808, -2.5247156620025635, 0.8480166792869568, -0.41729846596717834], [1.0104451179504395, -0.30153462290763855, -0.7495248317718506, 1.519476294517517, -2.317749500274658, -1.1249891519546509, 1.1803456544876099, 1.054169774055481, -1.236411452293396, 0.8544836044311523, 1.0241950750350952, 2.89314603805542, 1.4584038257598877, 1.9411641359329224, 1.873284935951233, -1.285250186920166, -1.932246446609497, -2.158268928527832, -2.3144848346710205, -0.19368815422058105, 0.5907875299453735], [0.9057765007019043, -0.6715219616889954, -0.39244040846824646, 0.7711012959480286, 0.12545742094516754, -0.4483056664466858, 0.0896720141172409, 0.21260066330432892, -1.8285748958587646, -0.06356897950172424, 0.1942494958639145, 1.4584038257598877, 1.3344534635543823, -0.45349860191345215, 0.059448640793561935, -0.42012423276901245, -1.7688864469528198, -1.8262344598770142, -1.7966171503067017, -0.24545280635356903, -1.2219310998916626], [-1.3105429410934448, -0.5370187759399414, -0.33887308835983276, 1.506502389907837, -2.6959211826324463, 0.13443508744239807, 1.2969926595687866, 2.004127025604248, 1.9198335409164429, 0.7195998430252075, 1.34145188331604, 1.9411641359329224, -0.45349860191345215, 5.1797332763671875, 3.170668125152588, -2.31170916557312, 0.10918090492486954, 1.1501611471176147, -0.2338901311159134, -0.12210478633642197, 5.0450286865234375], [1.3225715160369873, 0.3275381624698639, 0.7212198376655579, 1.5280005931854248, -4.83104133605957, -1.1233004331588745, 3.2500603199005127, 1.4095503091812134, 2.448626756668091, 2.3188304901123047, 2.0951194763183594, 1.873284935951233, 0.059448640793561935, 3.170668125152588, 4.091659069061279, 1.021296739578247, 0.2393374890089035, -0.052535321563482285, -3.912283182144165, 1.473326325416565, 0.23582340776920319], [2.7307069301605225, 1.9359883069992065, 1.5697665214538574, -0.7339076399803162, -3.032409191131592, -1.427703619003296, 2.4060311317443848, -1.059002161026001, 2.0552828311920166, 2.1891674995422363, 0.7448979020118713, -1.285250186920166, -0.42012423276901245, -2.31170916557312, 1.021296739578247, 4.618265151977539, 1.6574336290359497, -0.228407084941864, -2.9762368202209473, 2.19891357421875, -5.206286430358887], [-0.018657803535461426, 2.5361785888671875, 0.4631677269935608, -1.511242389678955, -2.3203539848327637, -0.6579931378364563, 0.7391886115074158, -0.8282981514930725, 2.6606857776641846, 1.2456114292144775, -0.07131410390138626, -1.932246446609497, -1.7688864469528198, 0.10918090492486954, 0.2393374890089035, 1.6574336290359497, 2.8866183757781982, 1.5580915212631226, 2.353677272796631, 0.7820541858673096, 0.38840195536613464], [-2.8157331943511963, -2.415182590484619, 1.334341287612915, 0.09819845110177994, 3.472754716873169, 2.96600079536438, -0.9447477459907532, 0.7925519943237305, 2.759876251220703, -1.6806390285491943, -0.1985909342765808, -2.158268928527832, -1.8262344598770142, 1.1501611471176147, -0.052535321563482285, -0.228407084941864, 1.5580915212631226, 4.3081440925598145, 0.7250547409057617, 0.20918668806552887, 2.479738473892212], [-2.6348114013671875, 3.5982720851898193, -2.304736614227295, -3.2066333293914795, 0.9914283156394958, -0.3905784487724304, -3.4279754161834717, -1.8627045154571533, -0.950261116027832, -1.07976233959198, -2.5247156620025635, -2.3144848346710205, -1.7966171503067017, -0.2338901311159134, -3.912283182144165, -2.9762368202209473, 2.353677272796631, 0.7250547409057617, 10.49863338470459, -2.384385108947754, 5.193775653839111], [1.282261610031128, 0.566571056842804, 0.9838778972625732, 0.15719138085842133, -2.1074204444885254, -0.5974982380867004, 1.7622870206832886, 0.009573149494826794, 1.6480344533920288, 1.3294984102249146, 0.8480166792869568, -0.19368815422058105, -0.24545280635356903, -0.12210478633642197, 1.473326325416565, 2.19891357421875, 0.7820541858673096, 0.20918668806552887, -2.384385108947754, 1.328169584274292, -2.044116973876953], [-4.165179252624512, -1.035461187362671, -1.4533817768096924, 0.40210625529289246, 1.3365809917449951, 1.6998627185821533, -1.9187618494033813, 1.5746264457702637, 0.6636778116226196, -1.6423864364624023, -0.41729846596717834, 0.5907875299453735, -1.2219310998916626, 5.0450286865234375, 0.23582340776920319, -5.206286430358887, 0.38840195536613464, 2.479738473892212, 5.193775653839111, -2.044116973876953, 8.789374351501465]], "type": "heatmap"}], "layout": {"template": {"data": {"histogram2dcontour": [{"type": "histogram2dcontour", "colorbar": {"outlinewidth": 0, "ticks": ""}, "colorscale": [[0.0, "#0d0887"], [0.1111111111111111, "#46039f"], [0.2222222222222222, "#7201a8"], [0.3333333333333333, "#9c179e"], [0.4444444444444444, "#bd3786"], [0.5555555555555556, "#d8576b"], [0.6666666666666666, "#ed7953"], [0.7777777777777778, "#fb9f3a"], [0.8888888888888888, "#fdca26"], [1.0, "#f0f921"]]}], "choropleth": [{"type": "choropleth", "colorbar": {"outlinewidth": 0, "ticks": ""}}], "histogram2d": [{"type": "histogram2d", "colorbar": {"outlinewidth": 0, "ticks": ""}, "colorscale": [[0.0, "#0d0887"], [0.1111111111111111, "#46039f"], [0.2222222222222222, "#7201a8"], [0.3333333333333333, "#9c179e"], [0.4444444444444444, "#bd3786"], [0.5555555555555556, "#d8576b"], [0.6666666666666666, "#ed7953"], [0.7777777777777778, "#fb9f3a"], [0.8888888888888888, "#fdca26"], [1.0, "#f0f921"]]}], "heatmap": [{"type": "heatmap", "colorbar": {"outlinewidth": 0, "ticks": ""}, "colorscale": [[0.0, "#0d0887"], [0.1111111111111111, "#46039f"], [0.2222222222222222, "#7201a8"], [0.3333333333333333, "#9c179e"], [0.4444444444444444, "#bd3786"], [0.5555555555555556, "#d8576b"], [0.6666666666666666, "#ed7953"], [0.7777777777777778, "#fb9f3a"], [0.8888888888888888, "#fdca26"], [1.0, "#f0f921"]]}], "heatmapgl": [{"type": "heatmapgl", "colorbar": {"outlinewidth": 0, "ticks": ""}, "colorscale": [[0.0, "#0d0887"], [0.1111111111111111, "#46039f"], [0.2222222222222222, "#7201a8"], [0.3333333333333333, "#9c179e"], [0.4444444444444444, "#bd3786"], [0.5555555555555556, "#d8576b"], [0.6666666666666666, "#ed7953"], [0.7777777777777778, "#fb9f3a"], [0.8888888888888888, "#fdca26"], [1.0, "#f0f921"]]}], "contourcarpet": [{"type": "contourcarpet", "colorbar": {"outlinewidth": 0, "ticks": ""}}], "contour": [{"type": "contour", "colorbar": {"outlinewidth": 0, "ticks": ""}, "colorscale": [[0.0, "#0d0887"], [0.1111111111111111, "#46039f"], [0.2222222222222222, "#7201a8"], [0.3333333333333333, "#9c179e"], [0.4444444444444444, "#bd3786"], [0.5555555555555556, "#d8576b"], [0.6666666666666666, "#ed7953"], [0.7777777777777778, "#fb9f3a"], [0.8888888888888888, "#fdca26"], [1.0, "#f0f921"]]}], "surface": [{"type": "surface", "colorbar": {"outlinewidth": 0, "ticks": ""}, "colorscale": [[0.0, "#0d0887"], [0.1111111111111111, "#46039f"], [0.2222222222222222, "#7201a8"], [0.3333333333333333, "#9c179e"], [0.4444444444444444, "#bd3786"], [0.5555555555555556, "#d8576b"], [0.6666666666666666, "#ed7953"], [0.7777777777777778, "#fb9f3a"], [0.8888888888888888, "#fdca26"], [1.0, "#f0f921"]]}], "mesh3d": [{"type": "mesh3d", "colorbar": {"outlinewidth": 0, "ticks": ""}}], "scatter": [{"fillpattern": {"fillmode": "overlay", "size": 10, "solidity": 0.2}, "type": "scatter"}], "parcoords": [{"type": "parcoords", "line": {"colorbar": {"outlinewidth": 0, "ticks": ""}}}], "scatterpolargl": [{"type": "scatterpolargl", "marker": {"colorbar": {"outlinewidth": 0, "ticks": ""}}}], "bar": [{"error_x": {"color": "#2a3f5f"}, "error_y": {"color": "#2a3f5f"}, "marker": {"line": {"color": "#E5ECF6", "width": 0.5}, "pattern": {"fillmode": "overlay", "size": 10, "solidity": 0.2}}, "type": "bar"}], "scattergeo": [{"type": "scattergeo", "marker": {"colorbar": {"outlinewidth": 0, "ticks": ""}}}], "scatterpolar": [{"type": "scatterpolar", "marker": {"colorbar": {"outlinewidth": 0, "ticks": ""}}}], "histogram": [{"marker": {"pattern": {"fillmode": "overlay", "size": 10, "solidity": 0.2}}, "type": "histogram"}], "scattergl": [{"type": "scattergl", "marker": {"colorbar": {"outlinewidth": 0, "ticks": ""}}}], "scatter3d": [{"type": "scatter3d", "line": {"colorbar": {"outlinewidth": 0, "ticks": ""}}, "marker": {"colorbar": {"outlinewidth": 0, "ticks": ""}}}], "scattermapbox": [{"type": "scattermapbox", "marker": {"colorbar": {"outlinewidth": 0, "ticks": ""}}}], "scatterternary": [{"type": "scatterternary", "marker": {"colorbar": {"outlinewidth": 0, "ticks": ""}}}], "scattercarpet": [{"type": "scattercarpet", "marker": {"colorbar": {"outlinewidth": 0, "ticks": ""}}}], "carpet": [{"aaxis": {"endlinecolor": "#2a3f5f", "gridcolor": "white", "linecolor": "white", "minorgridcolor": "white", "startlinecolor": "#2a3f5f"}, "baxis": {"endlinecolor": "#2a3f5f", "gridcolor": "white", "linecolor": "white", "minorgridcolor": "white", "startlinecolor": "#2a3f5f"}, "type": "carpet"}], "table": [{"cells": {"fill": {"color": "#EBF0F8"}, "line": {"color": "white"}}, "header": {"fill": {"color": "#C8D4E3"}, "line": {"color": "white"}}, "type": "table"}], "barpolar": [{"marker": {"line": {"color": "#E5ECF6", "width": 0.5}, "pattern": {"fillmode": "overlay", "size": 10, "solidity": 0.2}}, "type": "barpolar"}], "pie": [{"automargin": true, "type": "pie"}]}, "layout": {"autotypenumbers": "strict", "colorway": ["#636efa", "#EF553B", "#00cc96", "#ab63fa", "#FFA15A", "#19d3f3", "#FF6692", "#B6E880", "#FF97FF", "#FECB52"], "font": {"color": "#2a3f5f"}, "hovermode": "closest", "hoverlabel": {"align": "left"}, "paper_bgcolor": "white", "plot_bgcolor": "#E5ECF6", "polar": {"bgcolor": "#E5ECF6", "angularaxis": {"gridcolor": "white", "linecolor": "white", "ticks": ""}, "radialaxis": {"gridcolor": "white", "linecolor": "white", "ticks": ""}}, "ternary": {"bgcolor": "#E5ECF6", "aaxis": {"gridcolor": "white", "linecolor": "white", "ticks": ""}, "baxis": {"gridcolor": "white", "linecolor": "white", "ticks": ""}, "caxis": {"gridcolor": "white", "linecolor": "white", "ticks": ""}}, "coloraxis": {"colorbar": {"outlinewidth": 0, "ticks": ""}}, "colorscale": {"sequential": [[0.0, "#0d0887"], [0.1111111111111111, "#46039f"], [0.2222222222222222, "#7201a8"], [0.3333333333333333, "#9c179e"], [0.4444444444444444, "#bd3786"], [0.5555555555555556, "#d8576b"], [0.6666666666666666, "#ed7953"], [0.7777777777777778, "#fb9f3a"], [0.8888888888888888, "#fdca26"], [1.0, "#f0f921"]], "sequentialminus": [[0.0, "#0d0887"], [0.1111111111111111, "#46039f"], [0.2222222222222222, "#7201a8"], [0.3333333333333333, "#9c179e"], [0.4444444444444444, "#bd3786"], [0.5555555555555556, "#d8576b"], [0.6666666666666666, "#ed7953"], [0.7777777777777778, "#fb9f3a"], [0.8888888888888888, "#fdca26"], [1.0, "#f0f921"]], "diverging": [[0, "#8e0152"], [0.1, "#c51b7d"], [0.2, "#de77ae"], [0.3, "#f1b6da"], [0.4, "#fde0ef"], [0.5, "#f7f7f7"], [0.6, "#e6f5d0"], [0.7, "#b8e186"], [0.8, "#7fbc41"], [0.9, "#4d9221"], [1, "#276419"]]}, "xaxis": {"gridcolor": "white", "linecolor": "white", "ticks": "", "title": {"standoff": 15}, "zerolinecolor": "white", "automargin": true, "zerolinewidth": 2}, "yaxis": {"gridcolor": "white", "linecolor": "white", "ticks": "", "title": {"standoff": 15}, "zerolinecolor": "white", "automargin": true, "zerolinewidth": 2}, "scene": {"xaxis": {"backgroundcolor": "#E5ECF6", "gridcolor": "white", "linecolor": "white", "showbackground": true, "ticks": "", "zerolinecolor": "white", "gridwidth": 2}, "yaxis": {"backgroundcolor": "#E5ECF6", "gridcolor": "white", "linecolor": "white", "showbackground": true, "ticks": "", "zerolinecolor": "white", "gridwidth": 2}, "zaxis": {"backgroundcolor": "#E5ECF6", "gridcolor": "white", "linecolor": "white", "showbackground": true, "ticks": "", "zerolinecolor": "white", "gridwidth": 2}}, "shapedefaults": {"line": {"color": "#2a3f5f"}}, "annotationdefaults": {"arrowcolor": "#2a3f5f", "arrowhead": 0, "arrowwidth": 1}, "geo": {"bgcolor": "white", "landcolor": "#E5ECF6", "subunitcolor": "white", "showland": true, "showlakes": true, "lakecolor": "white"}, "title": {"x": 0.05}, "mapbox": {"style": "light"}}}}}