{"data": [{"z": [[3.7847540378570557, 2.8453993797302246, 0.2241402566432953, 0.16351965069770813, -4.863679885864258, -2.6102781295776367, 2.663888931274414, -0.49820899963378906, -0.089246965944767, 2.9661142826080322, 1.2140883207321167, 1.250967025756836, 1.196027398109436, -1.2551603317260742, 1.5781924724578857, 2.9298110008239746, -0.01814093440771103, -2.805640459060669, -2.821519136428833, 1.6367454528808594, -4.437001705169678], [2.8453993797302246, 6.514217853546143, -1.054494023323059, -2.2525532245635986, -7.609094619750977, -4.316598415374756, 2.1107606887817383, -1.9576438665390015, 0.8421489000320435, 3.736969470977783, 0.2058384269475937, -0.26841574907302856, -0.6045914888381958, -0.569659948348999, 0.5659860968589783, 2.185504913330078, 2.390305280685425, -2.5742902755737305, 3.0587308406829834, 0.7596468329429626, -1.4151209592819214], [0.2241402566432953, -1.054494023323059, 1.3112763166427612, 0.5347722172737122, 0.679112434387207, 1.001600742340088, 0.7358976602554321, 0.43719223141670227, 1.5036777257919312, 0.08242282271385193, 0.5627315640449524, -0.6324430108070374, -0.2684018015861511, -0.2993679940700531, 0.7842327356338501, 1.598029613494873, 0.5052732229232788, 1.3869050741195679, -2.2615609169006348, 1.0995142459869385, -1.4814391136169434], [0.16351965069770813, -2.2525532245635986, 0.5347722172737122, 1.9931889772415161, 0.4459436535835266, 0.9178489446640015, 0.8356109857559204, 1.5942461490631104, 0.02161906473338604, -0.11885302513837814, 1.0977225303649902, 1.76453697681427, 0.9805932641029358, 1.549265742301941, 1.7930635213851929, -0.49227097630500793, -1.45626962184906, 0.09552371501922607, -3.526186227798462, 0.42740464210510254, 0.10024823993444443], [-4.863679885864258, -7.609094619750977, 0.679112434387207, 0.4459436535835266, 13.213401794433594, 5.80080509185791, -5.546204090118408, 0.37021753191947937, -2.6925785541534424, -6.60275936126709, -2.536198616027832, -2.3801207542419434, -0.07350501418113708, -2.70314884185791, -4.809812068939209, -3.0119874477386475, -2.3652331829071045, 3.4383950233459473, 0.5706600546836853, -2.3117566108703613, 1.3051162958145142], [-2.6102781295776367, -4.316598415374756, 1.001600742340088, 0.9178489446640015, 5.80080509185791, 3.3719236850738525, -1.803291916847229, 1.0111572742462158, 0.2898552417755127, -2.8461036682128906, -0.48664960265159607, -0.9902198910713196, -0.4119502902030945, 0.1380224972963333, -0.8642429709434509, -1.1624847650527954, -0.6726193428039551, 2.8822290897369385, -1.0004253387451172, -0.4807203412055969, 1.351228952407837], [2.663888931274414, 2.1107606887817383, 0.7358976602554321, 0.8356109857559204, -5.546204090118408, -1.803291916847229, 3.377979278564453, 0.6004813313484192, 2.0764403343200684, 3.127835750579834, 1.9270673990249634, 1.3439112901687622, 0.3239874541759491, 1.3448034524917603, 3.302121162414551, 2.423748731613159, 0.8233093619346619, -0.8612434267997742, -3.1491916179656982, 1.9866045713424683, -1.923685908317566], [-0.49820899963378906, -1.9576438665390015, 0.43719223141670227, 1.5942461490631104, 0.37021753191947937, 1.0111572742462158, 0.6004813313484192, 1.4926844835281372, 0.5985794067382812, -0.23200437426567078, 0.89449143409729, 1.2602386474609375, 0.36977726221084595, 2.037104606628418, 1.6739139556884766, -0.8175715208053589, -0.8140666484832764, 0.7657813429832458, -2.289750814437866, 0.23268330097198486, 1.260358214378357], [-0.089246965944767, 0.8421489000320435, 1.5036777257919312, 0.02161906473338604, -2.6925785541534424, 0.2898552417755127, 2.0764403343200684, 0.5985794067382812, 4.331663608551025, 1.558011770248413, 1.1726055145263672, -1.1719800233840942, -1.739142894744873, 1.9368922710418701, 2.4657933712005615, 2.061630964279175, 2.697084426879883, 2.7899587154388428, -0.835411012172699, 1.730663776397705, 0.6637376546859741], [2.9661142826080322, 3.736969470977783, 0.08242282271385193, -0.11885302513837814, -6.60275936126709, -2.8461036682128906, 3.127835750579834, -0.23200437426567078, 1.558011770248413, 3.522797107696533, 1.4530810117721558, 1.0315978527069092, 0.16057507693767548, 0.7415368556976318, 2.5399765968322754, 2.3911473751068115, 1.2373864650726318, -1.7140823602676392, -1.2764251232147217, 1.6277010440826416, -1.918416976928711], [1.2140883207321167, 0.2058384269475937, 0.5627315640449524, 1.0977225303649902, -2.536198616027832, -0.48664960265159607, 1.9270673990249634, 0.89449143409729, 1.1726055145263672, 1.4530810117721558, 1.3267406225204468, 1.2158864736557007, 0.39580658078193665, 1.3629268407821655, 2.288755416870117, 0.9387527704238892, -0.010982632637023926, -0.21029184758663177, -2.6543495655059814, 1.1052329540252686, -0.6559908390045166], [1.250967025756836, -0.26841574907302856, -0.6324430108070374, 1.76453697681427, -2.3801207542419434, -0.9902198910713196, 1.3439112901687622, 1.2602386474609375, -1.1719800233840942, 1.0315978527069092, 1.2158864736557007, 3.0926320552825928, 1.6433286666870117, 2.0009372234344482, 2.0805890560150146, -1.1407184600830078, -1.929412841796875, -2.125096321105957, -2.5728073120117188, 0.023415209725499153, 0.3965785503387451], [1.196027398109436, -0.6045914888381958, -0.2684018015861511, 0.9805932641029358, -0.07350501418113708, -0.4119502902030945, 0.3239874541759491, 0.36977726221084595, -1.739142894744873, 0.16057507693767548, 0.39580658078193665, 1.6433286666870117, 1.4983080625534058, -0.42410150170326233, 0.3054070472717285, -0.19743265211582184, -1.7680975198745728, -1.8568527698516846, -2.160552501678467, -0.012181134894490242, -1.5169605016708374], [-1.2551603317260742, -0.569659948348999, -0.2993679940700531, 1.549265742301941, -2.70314884185791, 0.1380224972963333, 1.3448034524917603, 2.037104606628418, 1.9368922710418701, 0.7415368556976318, 1.3629268407821655, 2.0009372234344482, -0.42410150170326233, 5.197264194488525, 3.229919910430908, -2.2681682109832764, 0.11865132302045822, 1.1640775203704834, -0.3544085621833801, -0.09055762737989426, 4.991273880004883], [1.5781924724578857, 0.5659860968589783, 0.7842327356338501, 1.7930635213851929, -4.809812068939209, -0.8642429709434509, 3.302121162414551, 1.6739139556884766, 2.4657933712005615, 2.5399765968322754, 2.288755416870117, 2.0805890560150146, 0.3054070472717285, 3.229919910430908, 4.192285060882568, 1.0794341564178467, 0.3345431387424469, 0.036239445209503174, -3.7448387145996094, 1.7130653858184814, 0.1826530247926712], [2.9298110008239746, 2.185504913330078, 1.598029613494873, -0.49227097630500793, -3.0119874477386475, -1.1624847650527954, 2.423748731613159, -0.8175715208053589, 2.061630964279175, 2.3911473751068115, 0.9387527704238892, -1.1407184600830078, -0.19743265211582184, -2.2681682109832764, 1.0794341564178467, 4.639357566833496, 1.7131291627883911, -0.16369019448757172, -2.7365636825561523, 2.420130491256714, -5.225534915924072], [-0.01814093440771103, 2.390305280685425, 0.5052732229232788, -1.45626962184906, -2.3652331829071045, -0.6726193428039551, 0.8233093619346619, -0.8140666484832764, 2.697084426879883, 1.2373864650726318, -0.010982632637023926, -1.929412841796875, -1.7680975198745728, 0.11865132302045822, 0.3345431387424469, 1.7131291627883911, 2.773865222930908, 1.517106533050537, 2.04172682762146, 0.813896894454956, 0.2748010754585266], [-2.805640459060669, -2.5742902755737305, 1.3869050741195679, 0.09552371501922607, 3.4383950233459473, 2.8822290897369385, -0.8612434267997742, 0.7657813429832458, 2.7899587154388428, -1.7140823602676392, -0.21029184758663177, -2.125096321105957, -1.8568527698516846, 1.1640775203704834, 0.036239445209503174, -0.16369019448757172, 1.517106533050537, 4.290619850158691, 0.405371755361557, 0.1906367689371109, 2.382974147796631], [-2.821519136428833, 3.0587308406829834, -2.2615609169006348, -3.526186227798462, 0.5706600546836853, -1.0004253387451172, -3.1491916179656982, -2.289750814437866, -0.835411012172699, -1.2764251232147217, -2.6543495655059814, -2.5728073120117188, -2.160552501678467, -0.3544085621833801, -3.7448387145996094, -2.7365636825561523, 2.04172682762146, 0.405371755361557, 9.36890697479248, -2.597383499145508, 4.789529323577881], [1.6367454528808594, 0.7596468329429626, 1.0995142459869385, 0.42740464210510254, -2.3117566108703613, -0.4807203412055969, 1.9866045713424683, 0.23268330097198486, 1.730663776397705, 1.6277010440826416, 1.1052329540252686, 0.023415209725499153, -0.012181134894490242, -0.09055762737989426, 1.7130653858184814, 2.420130491256714, 0.813896894454956, 0.1906367689371109, -2.597383499145508, 1.6284977197647095, -2.330587148666382], [-4.437001705169678, -1.4151209592819214, -1.4814391136169434, 0.10024823993444443, 1.3051162958145142, 1.351228952407837, -1.923685908317566, 1.260358214378357, 0.6637376546859741, -1.918416976928711, -0.6559908390045166, 0.3965785503387451, -1.5169605016708374, 4.991273880004883, 0.1826530247926712, -5.225534915924072, 0.2748010754585266, 2.382974147796631, 4.789529323577881, -2.330587148666382, 8.789374351501465]], "type": "heatmap"}], "layout": {"template": {"data": {"histogram2dcontour": [{"type": "histogram2dcontour", "colorbar": {"outlinewidth": 0, "ticks": ""}, "colorscale": [[0.0, "#0d0887"], [0.1111111111111111, "#46039f"], [0.2222222222222222, "#7201a8"], [0.3333333333333333, "#9c179e"], [0.4444444444444444, "#bd3786"], [0.5555555555555556, "#d8576b"], [0.6666666666666666, "#ed7953"], [0.7777777777777778, "#fb9f3a"], [0.8888888888888888, "#fdca26"], [1.0, "#f0f921"]]}], "choropleth": [{"type": "choropleth", "colorbar": {"outlinewidth": 0, "ticks": ""}}], "histogram2d": [{"type": "histogram2d", "colorbar": {"outlinewidth": 0, "ticks": ""}, "colorscale": [[0.0, "#0d0887"], [0.1111111111111111, "#46039f"], [0.2222222222222222, "#7201a8"], [0.3333333333333333, "#9c179e"], [0.4444444444444444, "#bd3786"], [0.5555555555555556, "#d8576b"], [0.6666666666666666, "#ed7953"], [0.7777777777777778, "#fb9f3a"], [0.8888888888888888, "#fdca26"], [1.0, "#f0f921"]]}], "heatmap": [{"type": "heatmap", "colorbar": {"outlinewidth": 0, "ticks": ""}, "colorscale": [[0.0, "#0d0887"], [0.1111111111111111, "#46039f"], [0.2222222222222222, "#7201a8"], [0.3333333333333333, "#9c179e"], [0.4444444444444444, "#bd3786"], [0.5555555555555556, "#d8576b"], [0.6666666666666666, "#ed7953"], [0.7777777777777778, "#fb9f3a"], [0.8888888888888888, "#fdca26"], [1.0, "#f0f921"]]}], "heatmapgl": [{"type": "heatmapgl", "colorbar": {"outlinewidth": 0, "ticks": ""}, "colorscale": [[0.0, "#0d0887"], [0.1111111111111111, "#46039f"], [0.2222222222222222, "#7201a8"], [0.3333333333333333, "#9c179e"], [0.4444444444444444, "#bd3786"], [0.5555555555555556, "#d8576b"], [0.6666666666666666, "#ed7953"], [0.7777777777777778, "#fb9f3a"], [0.8888888888888888, "#fdca26"], [1.0, "#f0f921"]]}], "contourcarpet": [{"type": "contourcarpet", "colorbar": {"outlinewidth": 0, "ticks": ""}}], "contour": [{"type": "contour", "colorbar": {"outlinewidth": 0, "ticks": ""}, "colorscale": [[0.0, "#0d0887"], [0.1111111111111111, "#46039f"], [0.2222222222222222, "#7201a8"], [0.3333333333333333, "#9c179e"], [0.4444444444444444, "#bd3786"], [0.5555555555555556, "#d8576b"], [0.6666666666666666, "#ed7953"], [0.7777777777777778, "#fb9f3a"], [0.8888888888888888, "#fdca26"], [1.0, "#f0f921"]]}], "surface": [{"type": "surface", "colorbar": {"outlinewidth": 0, "ticks": ""}, "colorscale": [[0.0, "#0d0887"], [0.1111111111111111, "#46039f"], [0.2222222222222222, "#7201a8"], [0.3333333333333333, "#9c179e"], [0.4444444444444444, "#bd3786"], [0.5555555555555556, "#d8576b"], [0.6666666666666666, "#ed7953"], [0.7777777777777778, "#fb9f3a"], [0.8888888888888888, "#fdca26"], [1.0, "#f0f921"]]}], "mesh3d": [{"type": "mesh3d", "colorbar": {"outlinewidth": 0, "ticks": ""}}], "scatter": [{"fillpattern": {"fillmode": "overlay", "size": 10, "solidity": 0.2}, "type": "scatter"}], "parcoords": [{"type": "parcoords", "line": {"colorbar": {"outlinewidth": 0, "ticks": ""}}}], "scatterpolargl": [{"type": "scatterpolargl", "marker": {"colorbar": {"outlinewidth": 0, "ticks": ""}}}], "bar": [{"error_x": {"color": "#2a3f5f"}, "error_y": {"color": "#2a3f5f"}, "marker": {"line": {"color": "#E5ECF6", "width": 0.5}, "pattern": {"fillmode": "overlay", "size": 10, "solidity": 0.2}}, "type": "bar"}], "scattergeo": [{"type": "scattergeo", "marker": {"colorbar": {"outlinewidth": 0, "ticks": ""}}}], "scatterpolar": [{"type": "scatterpolar", "marker": {"colorbar": {"outlinewidth": 0, "ticks": ""}}}], "histogram": [{"marker": {"pattern": {"fillmode": "overlay", "size": 10, "solidity": 0.2}}, "type": "histogram"}], "scattergl": [{"type": "scattergl", "marker": {"colorbar": {"outlinewidth": 0, "ticks": ""}}}], "scatter3d": [{"type": "scatter3d", "line": {"colorbar": {"outlinewidth": 0, "ticks": ""}}, "marker": {"colorbar": {"outlinewidth": 0, "ticks": ""}}}], "scattermapbox": [{"type": "scattermapbox", "marker": {"colorbar": {"outlinewidth": 0, "ticks": ""}}}], "scatterternary": [{"type": "scatterternary", "marker": {"colorbar": {"outlinewidth": 0, "ticks": ""}}}], "scattercarpet": [{"type": "scattercarpet", "marker": {"colorbar": {"outlinewidth": 0, "ticks": ""}}}], "carpet": [{"aaxis": {"endlinecolor": "#2a3f5f", "gridcolor": "white", "linecolor": "white", "minorgridcolor": "white", "startlinecolor": "#2a3f5f"}, "baxis": {"endlinecolor": "#2a3f5f", "gridcolor": "white", "linecolor": "white", "minorgridcolor": "white", "startlinecolor": "#2a3f5f"}, "type": "carpet"}], "table": [{"cells": {"fill": {"color": "#EBF0F8"}, "line": {"color": "white"}}, "header": {"fill": {"color": "#C8D4E3"}, "line": {"color": "white"}}, "type": "table"}], "barpolar": [{"marker": {"line": {"color": "#E5ECF6", "width": 0.5}, "pattern": {"fillmode": "overlay", "size": 10, "solidity": 0.2}}, "type": "barpolar"}], "pie": [{"automargin": true, "type": "pie"}]}, "layout": {"autotypenumbers": "strict", "colorway": ["#636efa", "#EF553B", "#00cc96", "#ab63fa", "#FFA15A", "#19d3f3", "#FF6692", "#B6E880", "#FF97FF", "#FECB52"], "font": {"color": "#2a3f5f"}, "hovermode": "closest", "hoverlabel": {"align": "left"}, "paper_bgcolor": "white", "plot_bgcolor": "#E5ECF6", "polar": {"bgcolor": "#E5ECF6", "angularaxis": {"gridcolor": "white", "linecolor": "white", "ticks": ""}, "radialaxis": {"gridcolor": "white", "linecolor": "white", "ticks": ""}}, "ternary": {"bgcolor": "#E5ECF6", "aaxis": {"gridcolor": "white", "linecolor": "white", "ticks": ""}, "baxis": {"gridcolor": "white", "linecolor": "white", "ticks": ""}, "caxis": {"gridcolor": "white", "linecolor": "white", "ticks": ""}}, "coloraxis": {"colorbar": {"outlinewidth": 0, "ticks": ""}}, "colorscale": {"sequential": [[0.0, "#0d0887"], [0.1111111111111111, "#46039f"], [0.2222222222222222, "#7201a8"], [0.3333333333333333, "#9c179e"], [0.4444444444444444, "#bd3786"], [0.5555555555555556, "#d8576b"], [0.6666666666666666, "#ed7953"], [0.7777777777777778, "#fb9f3a"], [0.8888888888888888, "#fdca26"], [1.0, "#f0f921"]], "sequentialminus": [[0.0, "#0d0887"], [0.1111111111111111, "#46039f"], [0.2222222222222222, "#7201a8"], [0.3333333333333333, "#9c179e"], [0.4444444444444444, "#bd3786"], [0.5555555555555556, "#d8576b"], [0.6666666666666666, "#ed7953"], [0.7777777777777778, "#fb9f3a"], [0.8888888888888888, "#fdca26"], [1.0, "#f0f921"]], "diverging": [[0, "#8e0152"], [0.1, "#c51b7d"], [0.2, "#de77ae"], [0.3, "#f1b6da"], [0.4, "#fde0ef"], [0.5, "#f7f7f7"], [0.6, "#e6f5d0"], [0.7, "#b8e186"], [0.8, "#7fbc41"], [0.9, "#4d9221"], [1, "#276419"]]}, "xaxis": {"gridcolor": "white", "linecolor": "white", "ticks": "", "title": {"standoff": 15}, "zerolinecolor": "white", "automargin": true, "zerolinewidth": 2}, "yaxis": {"gridcolor": "white", "linecolor": "white", "ticks": "", "title": {"standoff": 15}, "zerolinecolor": "white", "automargin": true, "zerolinewidth": 2}, "scene": {"xaxis": {"backgroundcolor": "#E5ECF6", "gridcolor": "white", "linecolor": "white", "showbackground": true, "ticks": "", "zerolinecolor": "white", "gridwidth": 2}, "yaxis": {"backgroundcolor": "#E5ECF6", "gridcolor": "white", "linecolor": "white", "showbackground": true, "ticks": "", "zerolinecolor": "white", "gridwidth": 2}, "zaxis": {"backgroundcolor": "#E5ECF6", "gridcolor": "white", "linecolor": "white", "showbackground": true, "ticks": "", "zerolinecolor": "white", "gridwidth": 2}}, "shapedefaults": {"line": {"color": "#2a3f5f"}}, "annotationdefaults": {"arrowcolor": "#2a3f5f", "arrowhead": 0, "arrowwidth": 1}, "geo": {"bgcolor": "white", "landcolor": "#E5ECF6", "subunitcolor": "white", "showland": true, "showlakes": true, "lakecolor": "white"}, "title": {"x": 0.05}, "mapbox": {"style": "light"}}}}}