{"data": [{"z": [[19.062129974365234, 1.3304253816604614, -4.486822128295898, -0.2870476543903351, -0.5101360082626343, 4.091742038726807, -7.050300121307373, 0.19050997495651245, -0.5097173452377319, -0.7159717082977295, 2.543884754180908, 0.9012964367866516, -3.231868028640747, -0.6713632941246033, -3.1770105361938477, 1.7137879133224487, -0.2230687141418457, 0.3973954916000366, -4.01442813873291, -8.20522403717041, 0.33624887466430664], [1.3304253816604614, 21.31234359741211, -5.627118110656738, -3.869732141494751, -0.4407985806465149, -4.859748840332031, 4.044788837432861, 2.6121902465820312, -3.7466323375701904, 1.155879259109497, 0.9177137017250061, -2.8821754455566406, 0.09431950747966766, 3.719642400741577, -1.6076560020446777, 1.9894509315490723, 0.7064077854156494, -1.8113293647766113, 0.781863808631897, -6.282303810119629, -4.569842338562012], [-4.486822128295898, -5.627118110656738, 27.93500518798828, -2.324810743331909, -11.856513977050781, 5.924858093261719, 4.027616500854492, 4.187995433807373, -3.197741746902466, -2.343958616256714, -8.680265426635742, 1.3311185836791992, 3.649056911468506, -1.7036441564559937, -3.4966049194335938, 1.9025171995162964, -0.9196863174438477, 7.577670097351074, -0.4433150291442871, 3.3124094009399414, 3.1402876377105713], [-0.2870476543903351, -3.869732141494751, -2.324810743331909, 17.342628479003906, 5.193122863769531, -0.4991665780544281, -3.587186813354492, 4.074155807495117, 1.8544902801513672, 5.117541313171387, 0.8982770442962646, -0.3216165602207184, -0.6496703624725342, -4.030280113220215, 3.1627349853515625, -4.837325096130371, -6.57927131652832, 3.6800618171691895, 3.1012156009674072, 10.200883865356445, -2.196807622909546], [-0.5101360082626343, -0.4407985806465149, -11.856513977050781, 5.193122863769531, 16.515235900878906, -2.9332988262176514, 2.3284621238708496, -1.3688068389892578, 1.0799163579940796, 2.083827018737793, -0.76500403881073, 2.187401056289673, -1.235461950302124, 2.0584235191345215, -0.7811322212219238, 2.0194849967956543, 4.387330055236816, 1.6128277778625488, 0.22485995292663574, 6.938954830169678, 3.6910626888275146], [4.091742038726807, -4.859748840332031, 5.924858093261719, -0.4991665780544281, -2.9332988262176514, 13.045295715332031, 1.3716601133346558, -1.4973347187042236, -0.4614443778991699, -0.3987307548522949, -3.384660005569458, -0.618069589138031, 0.08490113914012909, -3.304898977279663, -0.1668197363615036, -0.34737953543663025, 5.533720970153809, 2.7189841270446777, -0.08275431394577026, -1.861498236656189, 2.2484242916107178], [-7.050300121307373, 4.044788837432861, 4.027616500854492, -3.587186813354492, 2.3284621238708496, 1.3716601133346558, 29.408838272094727, -3.2546005249023438, 7.104312419891357, 0.5190450549125671, -7.163252353668213, -8.800537109375, 3.0170493125915527, 0.2805864214897156, -1.116908073425293, 4.185356616973877, 2.3562631607055664, 0.4613337516784668, 4.751834392547607, 5.635223388671875, -3.001807689666748], [0.19050997495651245, 2.6121902465820312, 4.187995433807373, 4.074155807495117, -1.3688068389892578, -1.4973347187042236, -3.2546005249023438, 21.744277954101562, -0.903392493724823, -4.239460468292236, 2.4074220657348633, -2.142036199569702, 4.608194828033447, -1.8508867025375366, -0.5594244003295898, 0.5290497541427612, -3.142550230026245, 6.798345565795898, -2.2768096923828125, 5.740390777587891, -3.9864020347595215], [-0.5097173452377319, -3.7466323375701904, -3.197741746902466, 1.8544902801513672, 1.0799163579940796, -0.4614443778991699, 7.104312419891357, -0.903392493724823, 20.23229217529297, 6.67650842666626, -4.098934173583984, -3.561448097229004, -1.0797940492630005, 2.382244348526001, -0.6817885041236877, 0.3356689512729645, -5.183315753936768, -2.310450792312622, -1.4930914640426636, -1.3934059143066406, -4.691769123077393], [-0.7159717082977295, 1.155879259109497, -2.343958616256714, 5.117541313171387, 2.083827018737793, -0.3987307548522949, 0.5190450549125671, -4.239460468292236, 6.67650842666626, 19.03322410583496, -7.924985885620117, 1.1044846773147583, 2.900813341140747, 3.1758012771606445, 7.096940994262695, -1.8075679540634155, -0.11671864986419678, 0.6718144416809082, 4.784425258636475, -0.08874297142028809, 0.9864201545715332], [2.543884754180908, 0.9177137017250061, -8.680265426635742, 0.8982770442962646, -0.76500403881073, -3.384660005569458, -7.163252353668213, 2.4074220657348633, -4.098934173583984, -7.924985885620117, 25.269550323486328, -2.384732484817505, -4.5400848388671875, -2.367723226547241, 1.2222936153411865, 4.736067295074463, -5.587921142578125, -3.173393726348877, 3.4767508506774902, -2.586780548095703, -7.875021934509277], [0.9012964367866516, -2.8821754455566406, 1.3311185836791992, -0.3216165602207184, 2.187401056289673, -0.618069589138031, -8.800537109375, -2.142036199569702, -3.561448097229004, 1.1044846773147583, -2.384732484817505, 23.511133193969727, -0.004764442332088947, 1.7797001600265503, 5.762646675109863, -6.889342308044434, -2.5686585903167725, 0.5134154558181763, -2.7303977012634277, -4.933561325073242, 3.885150194168091], [-3.231868028640747, 0.09431950747966766, 3.649056911468506, -0.6496703624725342, -1.235461950302124, 0.08490113914012909, 3.0170493125915527, 4.608194828033447, -1.0797940492630005, 2.900813341140747, -4.5400848388671875, -0.004764442332088947, 17.33503532409668, 1.1866120100021362, 4.399404525756836, 0.6370960474014282, 5.138509273529053, -3.3757503032684326, -1.2926102876663208, 4.216228485107422, -3.759725570678711], [-0.6713632941246033, 3.719642400741577, -1.7036441564559937, -4.030280113220215, 2.0584235191345215, -3.304898977279663, 0.2805864214897156, -1.8508867025375366, 2.382244348526001, 3.1758012771606445, -2.367723226547241, 1.7797001600265503, 1.1866120100021362, 19.444854736328125, 0.12650705873966217, -3.742676019668579, 2.9859707355499268, -2.692817211151123, 1.1402037143707275, 0.4767422676086426, 5.044456481933594], [-3.1770105361938477, -1.6076560020446777, -3.4966049194335938, 3.1627349853515625, -0.7811322212219238, -0.1668197363615036, -1.116908073425293, -0.5594244003295898, -0.6817885041236877, 7.096940994262695, 1.2222936153411865, 5.762646675109863, 4.399404525756836, 0.12650705873966217, 20.592979431152344, -3.430577039718628, -1.5922813415527344, -3.1976866722106934, 2.2016067504882812, 6.419890403747559, -4.492193222045898], [1.7137879133224487, 1.9894509315490723, 1.9025171995162964, -4.837325096130371, 2.0194849967956543, -0.34737953543663025, 4.185356616973877, 0.5290497541427612, 0.3356689512729645, -1.8075679540634155, 4.736067295074463, -6.889342308044434, 0.6370960474014282, -3.742676019668579, -3.430577039718628, 23.33883285522461, 5.073355674743652, 1.6816041469573975, 1.856912612915039, -2.8100061416625977, 1.8099161386489868], [-0.22306841611862183, 0.7064073085784912, -0.9196866750717163, -6.57927131652832, 4.387330055236816, 5.53372049331665, 2.356262445449829, -3.142550230026245, -5.183315277099609, -0.11671848595142365, -5.587921142578125, -2.5686583518981934, 5.138509750366211, 2.9859697818756104, -1.5922815799713135, 5.073355197906494, 23.315311431884766, 2.5970377922058105, -1.201723575592041, -0.886054277420044, 4.28197717666626], [0.39739564061164856, -1.8113290071487427, 7.577669143676758, 3.6800620555877686, 1.6128278970718384, 2.718984365463257, 0.4613339602947235, 6.798345565795898, -2.310451030731201, 0.6718143820762634, -3.173394203186035, 0.5134153962135315, -3.3757505416870117, -2.692817211151123, -3.1976866722106934, 1.6816041469573975, 2.5970377922058105, 17.745288848876953, 0.5247809886932373, 2.130577564239502, 9.464065551757812], [-4.01442813873291, 0.7818641662597656, -0.4433155655860901, 3.1012163162231445, 0.22486016154289246, -0.08275420218706131, 4.751833438873291, -2.2768092155456543, -1.4930905103683472, 4.784425258636475, 3.476750612258911, -2.730398178100586, -1.2926104068756104, 1.1402034759521484, 2.2016072273254395, 1.8569127321243286, -1.201723575592041, 0.5247809886932373, 19.242361068725586, -0.7759919166564941, -3.501136541366577], [-8.205223083496094, -6.282304286956787, 3.3124091625213623, 10.200884819030762, 6.938953876495361, -1.8614981174468994, 5.635223865509033, 5.740391254425049, -1.3934061527252197, -0.08874297142028809, -2.5867812633514404, -4.933561325073242, 4.216228485107422, 0.47674232721328735, 6.419890403747559, -2.8100063800811768, -0.886054277420044, 2.130577564239502, -0.7759919166564941, 32.22491455078125, -2.7714154720306396], [0.3362489342689514, -4.5698418617248535, 3.140287160873413, -2.196807861328125, 3.6910624504089355, 2.248424530029297, -3.001807451248169, -3.986402750015259, -4.691769123077393, 0.9864197969436646, -7.8750224113464355, 3.8851499557495117, -3.759725570678711, 5.044456958770752, -4.492193222045898, 1.8099164962768555, 4.281976699829102, 9.464065551757812, -3.501136064529419, -2.771416187286377, 29.557926177978516]], "type": "heatmap"}], "layout": {"template": {"data": {"histogram2dcontour": [{"type": "histogram2dcontour", "colorbar": {"outlinewidth": 0, "ticks": ""}, "colorscale": [[0.0, "#0d0887"], [0.1111111111111111, "#46039f"], [0.2222222222222222, "#7201a8"], [0.3333333333333333, "#9c179e"], [0.4444444444444444, "#bd3786"], [0.5555555555555556, "#d8576b"], [0.6666666666666666, "#ed7953"], [0.7777777777777778, "#fb9f3a"], [0.8888888888888888, "#fdca26"], [1.0, "#f0f921"]]}], "choropleth": [{"type": "choropleth", "colorbar": {"outlinewidth": 0, "ticks": ""}}], "histogram2d": [{"type": "histogram2d", "colorbar": {"outlinewidth": 0, "ticks": ""}, "colorscale": [[0.0, "#0d0887"], [0.1111111111111111, "#46039f"], [0.2222222222222222, "#7201a8"], [0.3333333333333333, "#9c179e"], [0.4444444444444444, "#bd3786"], [0.5555555555555556, "#d8576b"], [0.6666666666666666, "#ed7953"], [0.7777777777777778, "#fb9f3a"], [0.8888888888888888, "#fdca26"], [1.0, "#f0f921"]]}], "heatmap": [{"type": "heatmap", "colorbar": {"outlinewidth": 0, "ticks": ""}, "colorscale": [[0.0, "#0d0887"], [0.1111111111111111, "#46039f"], [0.2222222222222222, "#7201a8"], [0.3333333333333333, "#9c179e"], [0.4444444444444444, "#bd3786"], [0.5555555555555556, "#d8576b"], [0.6666666666666666, "#ed7953"], [0.7777777777777778, "#fb9f3a"], [0.8888888888888888, "#fdca26"], [1.0, "#f0f921"]]}], "heatmapgl": [{"type": "heatmapgl", "colorbar": {"outlinewidth": 0, "ticks": ""}, "colorscale": [[0.0, "#0d0887"], [0.1111111111111111, "#46039f"], [0.2222222222222222, "#7201a8"], [0.3333333333333333, "#9c179e"], [0.4444444444444444, "#bd3786"], [0.5555555555555556, "#d8576b"], [0.6666666666666666, "#ed7953"], [0.7777777777777778, "#fb9f3a"], [0.8888888888888888, "#fdca26"], [1.0, "#f0f921"]]}], "contourcarpet": [{"type": "contourcarpet", "colorbar": {"outlinewidth": 0, "ticks": ""}}], "contour": [{"type": "contour", "colorbar": {"outlinewidth": 0, "ticks": ""}, "colorscale": [[0.0, "#0d0887"], [0.1111111111111111, "#46039f"], [0.2222222222222222, "#7201a8"], [0.3333333333333333, "#9c179e"], [0.4444444444444444, "#bd3786"], [0.5555555555555556, "#d8576b"], [0.6666666666666666, "#ed7953"], [0.7777777777777778, "#fb9f3a"], [0.8888888888888888, "#fdca26"], [1.0, "#f0f921"]]}], "surface": [{"type": "surface", "colorbar": {"outlinewidth": 0, "ticks": ""}, "colorscale": [[0.0, "#0d0887"], [0.1111111111111111, "#46039f"], [0.2222222222222222, "#7201a8"], [0.3333333333333333, "#9c179e"], [0.4444444444444444, "#bd3786"], [0.5555555555555556, "#d8576b"], [0.6666666666666666, "#ed7953"], [0.7777777777777778, "#fb9f3a"], [0.8888888888888888, "#fdca26"], [1.0, "#f0f921"]]}], "mesh3d": [{"type": "mesh3d", "colorbar": {"outlinewidth": 0, "ticks": ""}}], "scatter": [{"fillpattern": {"fillmode": "overlay", "size": 10, "solidity": 0.2}, "type": "scatter"}], "parcoords": [{"type": "parcoords", "line": {"colorbar": {"outlinewidth": 0, "ticks": ""}}}], "scatterpolargl": [{"type": "scatterpolargl", "marker": {"colorbar": {"outlinewidth": 0, "ticks": ""}}}], "bar": [{"error_x": {"color": "#2a3f5f"}, "error_y": {"color": "#2a3f5f"}, "marker": {"line": {"color": "#E5ECF6", "width": 0.5}, "pattern": {"fillmode": "overlay", "size": 10, "solidity": 0.2}}, "type": "bar"}], "scattergeo": [{"type": "scattergeo", "marker": {"colorbar": {"outlinewidth": 0, "ticks": ""}}}], "scatterpolar": [{"type": "scatterpolar", "marker": {"colorbar": {"outlinewidth": 0, "ticks": ""}}}], "histogram": [{"marker": {"pattern": {"fillmode": "overlay", "size": 10, "solidity": 0.2}}, "type": "histogram"}], "scattergl": [{"type": "scattergl", "marker": {"colorbar": {"outlinewidth": 0, "ticks": ""}}}], "scatter3d": [{"type": "scatter3d", "line": {"colorbar": {"outlinewidth": 0, "ticks": ""}}, "marker": {"colorbar": {"outlinewidth": 0, "ticks": ""}}}], "scattermapbox": [{"type": "scattermapbox", "marker": {"colorbar": {"outlinewidth": 0, "ticks": ""}}}], "scatterternary": [{"type": "scatterternary", "marker": {"colorbar": {"outlinewidth": 0, "ticks": ""}}}], "scattercarpet": [{"type": "scattercarpet", "marker": {"colorbar": {"outlinewidth": 0, "ticks": ""}}}], "carpet": [{"aaxis": {"endlinecolor": "#2a3f5f", "gridcolor": "white", "linecolor": "white", "minorgridcolor": "white", "startlinecolor": "#2a3f5f"}, "baxis": {"endlinecolor": "#2a3f5f", "gridcolor": "white", "linecolor": "white", "minorgridcolor": "white", "startlinecolor": "#2a3f5f"}, "type": "carpet"}], "table": [{"cells": {"fill": {"color": "#EBF0F8"}, "line": {"color": "white"}}, "header": {"fill": {"color": "#C8D4E3"}, "line": {"color": "white"}}, "type": "table"}], "barpolar": [{"marker": {"line": {"color": "#E5ECF6", "width": 0.5}, "pattern": {"fillmode": "overlay", "size": 10, "solidity": 0.2}}, "type": "barpolar"}], "pie": [{"automargin": true, "type": "pie"}]}, "layout": {"autotypenumbers": "strict", "colorway": ["#636efa", "#EF553B", "#00cc96", "#ab63fa", "#FFA15A", "#19d3f3", "#FF6692", "#B6E880", "#FF97FF", "#FECB52"], "font": {"color": "#2a3f5f"}, "hovermode": "closest", "hoverlabel": {"align": "left"}, "paper_bgcolor": "white", "plot_bgcolor": "#E5ECF6", "polar": {"bgcolor": "#E5ECF6", "angularaxis": {"gridcolor": "white", "linecolor": "white", "ticks": ""}, "radialaxis": {"gridcolor": "white", "linecolor": "white", "ticks": ""}}, "ternary": {"bgcolor": "#E5ECF6", "aaxis": {"gridcolor": "white", "linecolor": "white", "ticks": ""}, "baxis": {"gridcolor": "white", "linecolor": "white", "ticks": ""}, "caxis": {"gridcolor": "white", "linecolor": "white", "ticks": ""}}, "coloraxis": {"colorbar": {"outlinewidth": 0, "ticks": ""}}, "colorscale": {"sequential": [[0.0, "#0d0887"], [0.1111111111111111, "#46039f"], [0.2222222222222222, "#7201a8"], [0.3333333333333333, "#9c179e"], [0.4444444444444444, "#bd3786"], [0.5555555555555556, "#d8576b"], [0.6666666666666666, "#ed7953"], [0.7777777777777778, "#fb9f3a"], [0.8888888888888888, "#fdca26"], [1.0, "#f0f921"]], "sequentialminus": [[0.0, "#0d0887"], [0.1111111111111111, "#46039f"], [0.2222222222222222, "#7201a8"], [0.3333333333333333, "#9c179e"], [0.4444444444444444, "#bd3786"], [0.5555555555555556, "#d8576b"], [0.6666666666666666, "#ed7953"], [0.7777777777777778, "#fb9f3a"], [0.8888888888888888, "#fdca26"], [1.0, "#f0f921"]], "diverging": [[0, "#8e0152"], [0.1, "#c51b7d"], [0.2, "#de77ae"], [0.3, "#f1b6da"], [0.4, "#fde0ef"], [0.5, "#f7f7f7"], [0.6, "#e6f5d0"], [0.7, "#b8e186"], [0.8, "#7fbc41"], [0.9, "#4d9221"], [1, "#276419"]]}, "xaxis": {"gridcolor": "white", "linecolor": "white", "ticks": "", "title": {"standoff": 15}, "zerolinecolor": "white", "automargin": true, "zerolinewidth": 2}, "yaxis": {"gridcolor": "white", "linecolor": "white", "ticks": "", "title": {"standoff": 15}, "zerolinecolor": "white", "automargin": true, "zerolinewidth": 2}, "scene": {"xaxis": {"backgroundcolor": "#E5ECF6", "gridcolor": "white", "linecolor": "white", "showbackground": true, "ticks": "", "zerolinecolor": "white", "gridwidth": 2}, "yaxis": {"backgroundcolor": "#E5ECF6", "gridcolor": "white", "linecolor": "white", "showbackground": true, "ticks": "", "zerolinecolor": "white", "gridwidth": 2}, "zaxis": {"backgroundcolor": "#E5ECF6", "gridcolor": "white", "linecolor": "white", "showbackground": true, "ticks": "", "zerolinecolor": "white", "gridwidth": 2}}, "shapedefaults": {"line": {"color": "#2a3f5f"}}, "annotationdefaults": {"arrowcolor": "#2a3f5f", "arrowhead": 0, "arrowwidth": 1}, "geo": {"bgcolor": "white", "landcolor": "#E5ECF6", "subunitcolor": "white", "showland": true, "showlakes": true, "lakecolor": "white"}, "title": {"x": 0.05}, "mapbox": {"style": "light"}}}}}