{"data": [{"z": [[19.056636810302734, 1.3461048603057861, -4.4750075340271, -0.2853347659111023, -0.5016734600067139, 4.096439361572266, -7.043861389160156, 0.2112712413072586, -0.5009589195251465, -0.7068232297897339, 2.554805278778076, 0.9075084924697876, -3.2093505859375, -0.6608520150184631, -3.168064832687378, 1.7296959161758423, -0.20798611640930176, 0.4004617929458618, -4.006141662597656, -8.196137428283691, 0.32335448265075684], [1.3461048603057861, 21.3088436126709, -5.608155727386475, -3.862044334411621, -0.4362313449382782, -4.842994689941406, 4.051602363586426, 2.6311419010162354, -3.7380189895629883, 1.166080117225647, 0.9261741042137146, -2.870832920074463, 0.11735434085130692, 3.7306551933288574, -1.6011773347854614, 2.0005886554718018, 0.7158279418945312, -1.7978498935699463, 0.787522554397583, -6.275073051452637, -4.570753574371338], [-4.4750075340271, -5.608155727386475, 27.919981002807617, -2.31062912940979, -11.831319808959961, 5.931937217712402, 4.03104305267334, 4.202289581298828, -3.186086416244507, -2.330551862716675, -8.665061950683594, 1.3407057523727417, 3.651092290878296, -1.686415433883667, -3.4848947525024414, 1.918869137763977, -0.9078258275985718, 7.582439422607422, -0.4260162115097046, 3.319227933883667, 3.1375856399536133], [-0.2853347659111023, -3.862044334411621, -2.31062912940979, 17.338768005371094, 5.199462890625, -0.49007362127304077, -3.57881236076355, 4.083298683166504, 1.866230845451355, 5.1162190437316895, 0.9054822325706482, -0.3075653910636902, -0.6366631388664246, -4.0156426429748535, 3.171281337738037, -4.810420036315918, -6.551870346069336, 3.6920032501220703, 3.109513759613037, 10.209146499633789, -2.202846050262451], [-0.5016734600067139, -0.4362313449382782, -11.831319808959961, 5.199462890625, 16.510692596435547, -2.9152722358703613, 2.335597038269043, -1.354027271270752, 1.0925856828689575, 2.0873477458953857, -0.7645622491836548, 2.1976869106292725, -1.2212806940078735, 2.0725669860839844, -0.7664755582809448, 2.03607177734375, 4.395785331726074, 1.6168301105499268, 0.22793078422546387, 6.945112228393555, 3.6838085651397705], [4.096439361572266, -4.842994689941406, 5.931937217712402, -0.49007362127304077, -2.9152722358703613, 13.025856971740723, 1.377541422843933, -1.478005051612854, -0.448588103055954, -0.39769405126571655, -3.3773353099823, -0.6080064177513123, 0.10494210571050644, -3.286494255065918, -0.15799999237060547, -0.32203733921051025, 5.559199810028076, 2.7287111282348633, -0.07756084203720093, -1.8440101146697998, 2.2388193607330322], [-7.043861389160156, 4.051602363586426, 4.03104305267334, -3.57881236076355, 2.335597038269043, 1.377541422843933, 29.37930679321289, -3.245453119277954, 7.110246658325195, 0.521530032157898, -7.156984806060791, -8.785063743591309, 3.019453763961792, 0.2888484299182892, -1.111833930015564, 4.187397003173828, 2.3624470233917236, 0.4674570560455322, 4.754308700561523, 5.638374328613281, -3.0052366256713867], [0.2112712413072586, 2.6311419010162354, 4.202289581298828, 4.083298683166504, -1.354027271270752, -1.478005051612854, -3.245453119277954, 21.729040145874023, -0.8770398497581482, -4.23541784286499, 2.418059825897217, -2.1169281005859375, 4.615728855133057, -1.8384674787521362, -0.5466670989990234, 0.5383471846580505, -3.1169233322143555, 6.803891658782959, -2.2613399028778076, 5.748788833618164, -3.998649835586548], [-0.5009589195251465, -3.7380189895629883, -3.186086416244507, 1.866230845451355, 1.0925856828689575, -0.448588103055954, 7.110246658325195, -0.8770398497581482, 20.223522186279297, 6.684891223907471, -4.0890960693359375, -3.5508346557617188, -1.064444899559021, 2.3981287479400635, -0.6714920401573181, 0.35095468163490295, -5.16668701171875, -2.2952985763549805, -1.4868394136428833, -1.378228783607483, -4.689970970153809], [-0.7068232297897339, 1.166080117225647, -2.330551862716675, 5.1162190437316895, 2.0873477458953857, -0.39769405126571655, 0.521530032157898, -4.23541784286499, 6.684891223907471, 18.995086669921875, -7.915797233581543, 1.1112409830093384, 2.9054455757141113, 3.174562931060791, 7.09529447555542, -1.7963515520095825, -0.10202383995056152, 0.6683040857315063, 4.777674674987793, -0.08586883544921875, 0.9739843606948853], [2.554805278778076, 0.9261741042137146, -8.665061950683594, 0.9054822325706482, -0.7645622491836548, -3.3773353099823, -7.156984806060791, 2.418059825897217, -4.0890960693359375, -7.915797233581543, 25.26080322265625, -2.3781421184539795, -4.5225653648376465, -2.3587424755096436, 1.2218736410140991, 4.7443084716796875, -5.575405597686768, -3.1650590896606445, 3.4772424697875977, -2.5736050605773926, -7.874526500701904], [0.9075084924697876, -2.870832920074463, 1.3407057523727417, -0.3075653910636902, 2.1976869106292725, -0.6080064177513123, -8.785063743591309, -2.1169281005859375, -3.5508346557617188, 1.1112409830093384, -2.3781421184539795, 23.50980567932129, 0.005806040950119495, 1.7884142398834229, 5.773543834686279, -6.865172386169434, -2.5506324768066406, 0.5267250537872314, -2.7191362380981445, -4.921289443969727, 3.882105827331543], [-3.2093505859375, 0.11735434085130692, 3.651092290878296, -0.6366631388664246, -1.2212806940078735, 0.10494210571050644, 3.019453763961792, 4.615728855133057, -1.064444899559021, 2.9054455757141113, -4.5225653648376465, 0.005806040950119495, 17.31947135925293, 1.19529128074646, 4.40871524810791, 0.6528153419494629, 5.148921489715576, -3.35731840133667, -1.2767482995986938, 4.215761661529541, -3.761434316635132], [-0.6608520150184631, 3.7306551933288574, -1.686415433883667, -4.0156426429748535, 2.0725669860839844, -3.286494255065918, 0.2888484299182892, -1.8384674787521362, 2.3981287479400635, 3.174562931060791, -2.3587424755096436, 1.7884142398834229, 1.19529128074646, 19.42933464050293, 0.13288353383541107, -3.7303946018218994, 3.003887891769409, -2.679161310195923, 1.143519639968872, 0.48595333099365234, 5.032943248748779], [-3.168064832687378, -1.6011773347854614, -3.4848947525024414, 3.171281337738037, -0.7664755582809448, -0.15799999237060547, -1.111833930015564, -0.5466670989990234, -0.6714920401573181, 7.09529447555542, 1.2218736410140991, 5.773543834686279, 4.40871524810791, 0.13288353383541107, 20.5876522064209, -3.408876657485962, -1.5755386352539062, -3.181208610534668, 2.2080533504486084, 6.4263105392456055, -4.494942665100098], [1.7296959161758423, 2.0005886554718018, 1.918869137763977, -4.810420036315918, 2.03607177734375, -0.32203733921051025, 4.187397003173828, 0.5383471846580505, 0.35095468163490295, -1.7963515520095825, 4.7443084716796875, -6.865172386169434, 0.6528153419494629, -3.7303946018218994, -3.408876657485962, 23.33393096923828, 5.0864667892456055, 1.689728021621704, 1.86372709274292, -2.787209987640381, 1.8003522157669067], [-0.20798629522323608, 0.7158277034759521, -0.9078264832496643, -6.551870346069336, 4.395784854888916, 5.559200286865234, 2.362447500228882, -3.1169230937957764, -5.166687965393066, -0.10202405601739883, -5.575405597686768, -2.5506327152252197, 5.148922443389893, 3.00388765335083, -1.5755383968353271, 5.086466312408447, 23.31313705444336, 2.615121603012085, -1.1858899593353271, -0.8794214725494385, 4.276434898376465], [0.4004616141319275, -1.7978497743606567, 7.582438945770264, 3.692002773284912, 1.6168303489685059, 2.7287118434906006, 0.46745702624320984, 6.803891658782959, -2.2952985763549805, 0.668303906917572, -3.1650595664978027, 0.5267258286476135, -3.357318162918091, -2.679161787033081, -3.181208848953247, 1.6897282600402832, 2.615121603012085, 17.729053497314453, 0.532966136932373, 2.144184112548828, 9.445509910583496], [-4.006141185760498, 0.7875226736068726, -0.42601633071899414, 3.109513521194458, 0.227930948138237, -0.0775609090924263, 4.754309177398682, -2.2613399028778076, -1.4868396520614624, 4.777675151824951, 3.4772415161132812, -2.719136953353882, -1.2767479419708252, 1.1435197591781616, 2.2080535888671875, 1.86372709274292, -1.1858899593353271, 0.532966136932373, 19.222644805908203, -0.761850118637085, -3.504302501678467], [-8.196137428283691, -6.275074005126953, 3.319227457046509, 10.209147453308105, 6.9451117515563965, -1.8440102338790894, 5.63837194442749, 5.7487897872924805, -1.378229022026062, -0.0858689546585083, -2.5736052989959717, -4.921289920806885, 4.215762138366699, 0.4859533905982971, 6.426311016082764, -2.7872109413146973, -0.8794214725494385, 2.144184112548828, -0.761850118637085, 32.20750045776367, -2.772092342376709], [0.32335489988327026, -4.570754051208496, 3.137584924697876, -2.202845811843872, 3.6838085651397705, 2.2388195991516113, -3.0052366256713867, -3.9986495971679688, -4.689971923828125, 0.973984956741333, -7.8745269775390625, 3.882106065750122, -3.7614340782165527, 5.032943248748779, -4.494943141937256, 1.8003523349761963, 4.276434421539307, 9.445510864257812, -3.5043022632598877, -2.772092342376709, 29.557926177978516]], "type": "heatmap"}], "layout": {"template": {"data": {"histogram2dcontour": [{"type": "histogram2dcontour", "colorbar": {"outlinewidth": 0, "ticks": ""}, "colorscale": [[0.0, "#0d0887"], [0.1111111111111111, "#46039f"], [0.2222222222222222, "#7201a8"], [0.3333333333333333, "#9c179e"], [0.4444444444444444, "#bd3786"], [0.5555555555555556, "#d8576b"], [0.6666666666666666, "#ed7953"], [0.7777777777777778, "#fb9f3a"], [0.8888888888888888, "#fdca26"], [1.0, "#f0f921"]]}], "choropleth": [{"type": "choropleth", "colorbar": {"outlinewidth": 0, "ticks": ""}}], "histogram2d": [{"type": "histogram2d", "colorbar": {"outlinewidth": 0, "ticks": ""}, "colorscale": [[0.0, "#0d0887"], [0.1111111111111111, "#46039f"], [0.2222222222222222, "#7201a8"], [0.3333333333333333, "#9c179e"], [0.4444444444444444, "#bd3786"], [0.5555555555555556, "#d8576b"], [0.6666666666666666, "#ed7953"], [0.7777777777777778, "#fb9f3a"], [0.8888888888888888, "#fdca26"], [1.0, "#f0f921"]]}], "heatmap": [{"type": "heatmap", "colorbar": {"outlinewidth": 0, "ticks": ""}, "colorscale": [[0.0, "#0d0887"], [0.1111111111111111, "#46039f"], [0.2222222222222222, "#7201a8"], [0.3333333333333333, "#9c179e"], [0.4444444444444444, "#bd3786"], [0.5555555555555556, "#d8576b"], [0.6666666666666666, "#ed7953"], [0.7777777777777778, "#fb9f3a"], [0.8888888888888888, "#fdca26"], [1.0, "#f0f921"]]}], "heatmapgl": [{"type": "heatmapgl", "colorbar": {"outlinewidth": 0, "ticks": ""}, "colorscale": [[0.0, "#0d0887"], [0.1111111111111111, "#46039f"], [0.2222222222222222, "#7201a8"], [0.3333333333333333, "#9c179e"], [0.4444444444444444, "#bd3786"], [0.5555555555555556, "#d8576b"], [0.6666666666666666, "#ed7953"], [0.7777777777777778, "#fb9f3a"], [0.8888888888888888, "#fdca26"], [1.0, "#f0f921"]]}], "contourcarpet": [{"type": "contourcarpet", "colorbar": {"outlinewidth": 0, "ticks": ""}}], "contour": [{"type": "contour", "colorbar": {"outlinewidth": 0, "ticks": ""}, "colorscale": [[0.0, "#0d0887"], [0.1111111111111111, "#46039f"], [0.2222222222222222, "#7201a8"], [0.3333333333333333, "#9c179e"], [0.4444444444444444, "#bd3786"], [0.5555555555555556, "#d8576b"], [0.6666666666666666, "#ed7953"], [0.7777777777777778, "#fb9f3a"], [0.8888888888888888, "#fdca26"], [1.0, "#f0f921"]]}], "surface": [{"type": "surface", "colorbar": {"outlinewidth": 0, "ticks": ""}, "colorscale": [[0.0, "#0d0887"], [0.1111111111111111, "#46039f"], [0.2222222222222222, "#7201a8"], [0.3333333333333333, "#9c179e"], [0.4444444444444444, "#bd3786"], [0.5555555555555556, "#d8576b"], [0.6666666666666666, "#ed7953"], [0.7777777777777778, "#fb9f3a"], [0.8888888888888888, "#fdca26"], [1.0, "#f0f921"]]}], "mesh3d": [{"type": "mesh3d", "colorbar": {"outlinewidth": 0, "ticks": ""}}], "scatter": [{"fillpattern": {"fillmode": "overlay", "size": 10, "solidity": 0.2}, "type": "scatter"}], "parcoords": [{"type": "parcoords", "line": {"colorbar": {"outlinewidth": 0, "ticks": ""}}}], "scatterpolargl": [{"type": "scatterpolargl", "marker": {"colorbar": {"outlinewidth": 0, "ticks": ""}}}], "bar": [{"error_x": {"color": "#2a3f5f"}, "error_y": {"color": "#2a3f5f"}, "marker": {"line": {"color": "#E5ECF6", "width": 0.5}, "pattern": {"fillmode": "overlay", "size": 10, "solidity": 0.2}}, "type": "bar"}], "scattergeo": [{"type": "scattergeo", "marker": {"colorbar": {"outlinewidth": 0, "ticks": ""}}}], "scatterpolar": [{"type": "scatterpolar", "marker": {"colorbar": {"outlinewidth": 0, "ticks": ""}}}], "histogram": [{"marker": {"pattern": {"fillmode": "overlay", "size": 10, "solidity": 0.2}}, "type": "histogram"}], "scattergl": [{"type": "scattergl", "marker": {"colorbar": {"outlinewidth": 0, "ticks": ""}}}], "scatter3d": [{"type": "scatter3d", "line": {"colorbar": {"outlinewidth": 0, "ticks": ""}}, "marker": {"colorbar": {"outlinewidth": 0, "ticks": ""}}}], "scattermapbox": [{"type": "scattermapbox", "marker": {"colorbar": {"outlinewidth": 0, "ticks": ""}}}], "scatterternary": [{"type": "scatterternary", "marker": {"colorbar": {"outlinewidth": 0, "ticks": ""}}}], "scattercarpet": [{"type": "scattercarpet", "marker": {"colorbar": {"outlinewidth": 0, "ticks": ""}}}], "carpet": [{"aaxis": {"endlinecolor": "#2a3f5f", "gridcolor": "white", "linecolor": "white", "minorgridcolor": "white", "startlinecolor": "#2a3f5f"}, "baxis": {"endlinecolor": "#2a3f5f", "gridcolor": "white", "linecolor": "white", "minorgridcolor": "white", "startlinecolor": "#2a3f5f"}, "type": "carpet"}], "table": [{"cells": {"fill": {"color": "#EBF0F8"}, "line": {"color": "white"}}, "header": {"fill": {"color": "#C8D4E3"}, "line": {"color": "white"}}, "type": "table"}], "barpolar": [{"marker": {"line": {"color": "#E5ECF6", "width": 0.5}, "pattern": {"fillmode": "overlay", "size": 10, "solidity": 0.2}}, "type": "barpolar"}], "pie": [{"automargin": true, "type": "pie"}]}, "layout": {"autotypenumbers": "strict", "colorway": ["#636efa", "#EF553B", "#00cc96", "#ab63fa", "#FFA15A", "#19d3f3", "#FF6692", "#B6E880", "#FF97FF", "#FECB52"], "font": {"color": "#2a3f5f"}, "hovermode": "closest", "hoverlabel": {"align": "left"}, "paper_bgcolor": "white", "plot_bgcolor": "#E5ECF6", "polar": {"bgcolor": "#E5ECF6", "angularaxis": {"gridcolor": "white", "linecolor": "white", "ticks": ""}, "radialaxis": {"gridcolor": "white", "linecolor": "white", "ticks": ""}}, "ternary": {"bgcolor": "#E5ECF6", "aaxis": {"gridcolor": "white", "linecolor": "white", "ticks": ""}, "baxis": {"gridcolor": "white", "linecolor": "white", "ticks": ""}, "caxis": {"gridcolor": "white", "linecolor": "white", "ticks": ""}}, "coloraxis": {"colorbar": {"outlinewidth": 0, "ticks": ""}}, "colorscale": {"sequential": [[0.0, "#0d0887"], [0.1111111111111111, "#46039f"], [0.2222222222222222, "#7201a8"], [0.3333333333333333, "#9c179e"], [0.4444444444444444, "#bd3786"], [0.5555555555555556, "#d8576b"], [0.6666666666666666, "#ed7953"], [0.7777777777777778, "#fb9f3a"], [0.8888888888888888, "#fdca26"], [1.0, "#f0f921"]], "sequentialminus": [[0.0, "#0d0887"], [0.1111111111111111, "#46039f"], [0.2222222222222222, "#7201a8"], [0.3333333333333333, "#9c179e"], [0.4444444444444444, "#bd3786"], [0.5555555555555556, "#d8576b"], [0.6666666666666666, "#ed7953"], [0.7777777777777778, "#fb9f3a"], [0.8888888888888888, "#fdca26"], [1.0, "#f0f921"]], "diverging": [[0, "#8e0152"], [0.1, "#c51b7d"], [0.2, "#de77ae"], [0.3, "#f1b6da"], [0.4, "#fde0ef"], [0.5, "#f7f7f7"], [0.6, "#e6f5d0"], [0.7, "#b8e186"], [0.8, "#7fbc41"], [0.9, "#4d9221"], [1, "#276419"]]}, "xaxis": {"gridcolor": "white", "linecolor": "white", "ticks": "", "title": {"standoff": 15}, "zerolinecolor": "white", "automargin": true, "zerolinewidth": 2}, "yaxis": {"gridcolor": "white", "linecolor": "white", "ticks": "", "title": {"standoff": 15}, "zerolinecolor": "white", "automargin": true, "zerolinewidth": 2}, "scene": {"xaxis": {"backgroundcolor": "#E5ECF6", "gridcolor": "white", "linecolor": "white", "showbackground": true, "ticks": "", "zerolinecolor": "white", "gridwidth": 2}, "yaxis": {"backgroundcolor": "#E5ECF6", "gridcolor": "white", "linecolor": "white", "showbackground": true, "ticks": "", "zerolinecolor": "white", "gridwidth": 2}, "zaxis": {"backgroundcolor": "#E5ECF6", "gridcolor": "white", "linecolor": "white", "showbackground": true, "ticks": "", "zerolinecolor": "white", "gridwidth": 2}}, "shapedefaults": {"line": {"color": "#2a3f5f"}}, "annotationdefaults": {"arrowcolor": "#2a3f5f", "arrowhead": 0, "arrowwidth": 1}, "geo": {"bgcolor": "white", "landcolor": "#E5ECF6", "subunitcolor": "white", "showland": true, "showlakes": true, "lakecolor": "white"}, "title": {"x": 0.05}, "mapbox": {"style": "light"}}}}}