{"data": [{"z": [[19.092864990234375, 1.3100894689559937, -4.501667499542236, -0.28217536211013794, -0.521469235420227, 4.08953332901001, -7.063946723937988, 0.1627081334590912, -0.5183987617492676, -0.7304413914680481, 2.5341639518737793, 0.8986861705780029, -3.262420654296875, -0.6833463311195374, -3.1827757358551025, 1.6950167417526245, -0.23777246475219727, 0.3896446228027344, -4.025484085083008, -8.21557331085205, 0.34862542152404785], [1.3100894689559937, 21.337812423706055, -5.645137310028076, -3.877722978591919, -0.44404366612434387, -4.881672382354736, 4.035621166229248, 2.585191011428833, -3.753495931625366, 1.136319875717163, 0.9109970331192017, -2.8977575302124023, 0.05513525381684303, 3.7043678760528564, -1.6215964555740356, 1.9779722690582275, 0.7025840282440186, -1.8351408243179321, 0.7709759473800659, -6.2971296310424805, -4.577696800231934], [-4.501667499542236, -5.645137310028076, 27.98455810546875, -2.336637020111084, -11.895718574523926, 5.919632911682129, 4.026530742645264, 4.178516864776611, -3.21094012260437, -2.3692245483398438, -8.702796936035156, 1.3224748373031616, 3.6557061672210693, -1.7267799377441406, -3.515143632888794, 1.8906676769256592, -0.9261497259140015, 7.579514503479004, -0.4653301239013672, 3.3096017837524414, 3.139346122741699], [-0.28217536211013794, -3.877722978591919, -2.336637020111084, 17.36591339111328, 5.192047595977783, -0.5062626004219055, -3.59899640083313, 4.070342063903809, 1.8444002866744995, 5.122953414916992, 0.8887423872947693, -0.34027963876724243, -0.6658947467803955, -4.050402641296387, 3.156872034072876, -4.873711585998535, -6.611909866333008, 3.669586658477783, 3.0965049266815186, 10.195962905883789, -2.1947684288024902], [-0.521469235420227, -0.44404366612434387, -11.895718574523926, 5.192047595977783, 16.556406021118164, -2.9627459049224854, 2.3187689781188965, -1.3835209608078003, 1.066479206085205, 2.0831351280212402, -0.7640698552131653, 2.183243989944458, -1.2550277709960938, 2.043973445892334, -0.79437655210495, 2.011134147644043, 4.387696266174316, 1.6149137020111084, 0.22637510299682617, 6.9354047775268555, 3.704306125640869], [4.08953332901001, -4.881672382354736, 5.919632911682129, -0.5062626004219055, -2.9627459049224854, 13.084481239318848, 1.3651748895645142, -1.524728536605835, -0.47874942421913147, -0.40025416016578674, -3.396371841430664, -0.6370306611061096, 0.052351392805576324, -3.3359811305999756, -0.17180423438549042, -0.3874293565750122, 5.500113010406494, 2.701936721801758, -0.08404743671417236, -1.888350486755371, 2.263253688812256], [-7.063946723937988, 4.035621166229248, 4.026530742645264, -3.59899640083313, 2.3187689781188965, 1.3651748895645142, 29.465057373046875, -3.2695133686065674, 7.090380668640137, 0.5132606625556946, -7.175014495849609, -8.830557823181152, 3.015568256378174, 0.2678266167640686, -1.1227712631225586, 4.178844451904297, 2.3477773666381836, 0.4499471187591553, 4.7470855712890625, 5.62755823135376, -2.9946186542510986], [0.1627081334590912, 2.585191011428833, 4.178516864776611, 4.070342063903809, -1.3835209608078003, -1.524728536605835, -3.2695133686065674, 21.791662216186523, -0.9364362359046936, -4.237360000610352, 2.3912150859832764, -2.1781156063079834, 4.603688716888428, -1.8607144355773926, -0.5733746886253357, 0.5260827541351318, -3.1738197803497314, 6.797211647033691, -2.2947447299957275, 5.732923984527588, -3.96604061126709], [-0.5183987617492676, -3.753495931625366, -3.21094012260437, 1.8444002866744995, 1.066479206085205, -0.47874942421913147, 7.090380668640137, -0.9364362359046936, 20.26869773864746, 6.66088342666626, -4.109625339508057, -3.5653741359710693, -1.0940080881118774, 2.3635146617889404, -0.6980489492416382, 0.3130427896976471, -5.198785781860352, -2.3356409072875977, -1.502639889717102, -1.4114081859588623, -4.709132194519043], [-0.7304413914680481, 1.136319875717163, -2.3692245483398438, 5.122953414916992, 2.0831351280212402, -0.40025416016578674, 0.5132606625556946, -4.237360000610352, 6.66088342666626, 19.11286163330078, -7.942470073699951, 1.0898082256317139, 2.8935086727142334, 3.1861438751220703, 7.105342388153076, -1.817009687423706, -0.1400386095046997, 0.6790258884429932, 4.7975897789001465, -0.09106683731079102, 1.0079634189605713], [2.5341639518737793, 0.9109970331192017, -8.702796936035156, 0.8887423872947693, -0.7640698552131653, -3.396371841430664, -7.175014495849609, 2.3912150859832764, -4.109625339508057, -7.942470073699951, 25.30103874206543, -2.3915205001831055, -4.563825607299805, -2.381286859512329, 1.2271629571914673, 4.725927352905273, -5.604490280151367, -3.1837680339813232, 3.4806857109069824, -2.6013894081115723, -7.881497859954834], [0.8986861705780029, -2.8977575302124023, 1.3224748373031616, -0.34027963876724243, 2.183243989944458, -0.6370306611061096, -8.830557823181152, -2.1781156063079834, -3.5653741359710693, 1.0898082256317139, -2.3915205001831055, 23.537113189697266, -0.02025640569627285, 1.7673707008361816, 5.75959587097168, -6.920907497406006, -2.5885462760925293, 0.4934241771697998, -2.7423644065856934, -4.950704097747803, 3.8823840618133545], [-3.262420654296875, 0.05513525381684303, 3.6557061672210693, -0.6658947467803955, -1.2550277709960938, 0.052351392805576324, 3.015568256378174, 4.603688716888428, -1.0940080881118774, 2.8935086727142334, -4.563825607299805, -0.02025640569627285, 17.372034072875977, 1.1679645776748657, 4.38951301574707, 0.6173880696296692, 5.1270976066589355, -3.404313325881958, -1.3166234493255615, 4.221651554107666, -3.758981466293335], [-0.6833463311195374, 3.7043678760528564, -1.7267799377441406, -4.050402641296387, 2.043973445892334, -3.3359811305999756, 0.2678266167640686, -1.8607144355773926, 2.3635146617889404, 3.1861438751220703, -2.381286859512329, 1.7673707008361816, 1.1679645776748657, 19.4788818359375, 0.11883772909641266, -3.7558434009552, 2.9626071453094482, -2.7153799533843994, 1.1394739151000977, 0.46691226959228516, 5.0667805671691895], [-3.1827757358551025, -1.6215964555740356, -3.515143632888794, 3.156872034072876, -0.79437655210495, -0.17180423438549042, -1.1227712631225586, -0.5733746886253357, -0.6980489492416382, 7.105342388153076, 1.2271629571914673, 5.75959587097168, 4.38951301574707, 0.11883772909641266, 20.623302459716797, -3.4516489505767822, -1.609708547592163, -3.219998359680176, 2.1977312564849854, 6.415685176849365, -4.4861016273498535], [1.6950167417526245, 1.9779722690582275, 1.8906676769256592, -4.873711585998535, 2.011134147644043, -0.3874293565750122, 4.178844451904297, 0.5260827541351318, 0.3130427896976471, -1.817009687423706, 4.725927352905273, -6.920907497406006, 0.6173880696296692, -3.7558434009552, -3.4516489505767822, 23.36688232421875, 5.065007209777832, 1.676598310470581, 1.8533909320831299, -2.8410181999206543, 1.8269376754760742], [-0.2377728670835495, 0.7025841474533081, -0.9261495471000671, -6.611910343170166, 4.387696743011475, 5.500112533569336, 2.3477771282196045, -3.1738195419311523, -5.198785305023193, -0.14003857970237732, -5.604490280151367, -2.5885462760925293, 5.1270976066589355, 2.9626071453094482, -1.60970938205719, 5.065005779266357, 23.34783935546875, 2.575129985809326, -1.2180359363555908, -0.8913133144378662, 4.280071258544922], [0.3896445333957672, -1.8351409435272217, 7.579514980316162, 3.6695868968963623, 1.6149137020111084, 2.7019362449645996, 0.4499469995498657, 6.797212600708008, -2.3356406688690186, 0.6790254712104797, -3.1837682723999023, 0.4934234321117401, -3.404313087463379, -2.7153797149658203, -3.2199981212615967, 1.6765981912612915, 2.575129985809326, 17.78580093383789, 0.5196418762207031, 2.111661434173584, 9.499456405639648], [-4.02548360824585, 0.7709761261940002, -0.46532994508743286, 3.0965051651000977, 0.22637531161308289, -0.08404719084501266, 4.747084140777588, -2.2947444915771484, -1.502639889717102, 4.7975897789001465, 3.480686664581299, -2.7423646450042725, -1.3166241645812988, 1.139474630355835, 2.1977312564849854, 1.8533908128738403, -1.2180359363555908, 0.5196418762207031, 19.290061950683594, -0.7948033809661865, -3.4999070167541504], [-8.21557331085205, -6.297130584716797, 3.3096015453338623, 10.195963859558105, 6.935404300689697, -1.888350486755371, 5.627556324005127, 5.7329230308532715, -1.4114080667495728, -0.09106653183698654, -2.601389169692993, -4.950703144073486, 4.221651554107666, 0.4669123589992523, 6.415685653686523, -2.8410186767578125, -0.8913133144378662, 2.111661434173584, -0.7948033809661865, 32.26921463012695, -2.7784576416015625], [0.34862518310546875, -4.577696800231934, 3.1393463611602783, -2.1947684288024902, 3.7043063640594482, 2.263253688812256, -2.994619607925415, -3.9660401344299316, -4.709132671356201, 1.0079632997512817, -7.88149881362915, 3.8823845386505127, -3.758981227874756, 5.0667805671691895, -4.486102104187012, 1.8269377946853638, 4.28007173538208, 9.499457359313965, -3.4999070167541504, -2.7784581184387207, 29.557926177978516]], "type": "heatmap"}], "layout": {"template": {"data": {"histogram2dcontour": [{"type": "histogram2dcontour", "colorbar": {"outlinewidth": 0, "ticks": ""}, "colorscale": [[0.0, "#0d0887"], [0.1111111111111111, "#46039f"], [0.2222222222222222, "#7201a8"], [0.3333333333333333, "#9c179e"], [0.4444444444444444, "#bd3786"], [0.5555555555555556, "#d8576b"], [0.6666666666666666, "#ed7953"], [0.7777777777777778, "#fb9f3a"], [0.8888888888888888, "#fdca26"], [1.0, "#f0f921"]]}], "choropleth": [{"type": "choropleth", "colorbar": {"outlinewidth": 0, "ticks": ""}}], "histogram2d": [{"type": "histogram2d", "colorbar": {"outlinewidth": 0, "ticks": ""}, "colorscale": [[0.0, "#0d0887"], [0.1111111111111111, "#46039f"], [0.2222222222222222, "#7201a8"], [0.3333333333333333, "#9c179e"], [0.4444444444444444, "#bd3786"], [0.5555555555555556, "#d8576b"], [0.6666666666666666, "#ed7953"], [0.7777777777777778, "#fb9f3a"], [0.8888888888888888, "#fdca26"], [1.0, "#f0f921"]]}], "heatmap": [{"type": "heatmap", "colorbar": {"outlinewidth": 0, "ticks": ""}, "colorscale": [[0.0, "#0d0887"], [0.1111111111111111, "#46039f"], [0.2222222222222222, "#7201a8"], [0.3333333333333333, "#9c179e"], [0.4444444444444444, "#bd3786"], [0.5555555555555556, "#d8576b"], [0.6666666666666666, "#ed7953"], [0.7777777777777778, "#fb9f3a"], [0.8888888888888888, "#fdca26"], [1.0, "#f0f921"]]}], "heatmapgl": [{"type": "heatmapgl", "colorbar": {"outlinewidth": 0, "ticks": ""}, "colorscale": [[0.0, "#0d0887"], [0.1111111111111111, "#46039f"], [0.2222222222222222, "#7201a8"], [0.3333333333333333, "#9c179e"], [0.4444444444444444, "#bd3786"], [0.5555555555555556, "#d8576b"], [0.6666666666666666, "#ed7953"], [0.7777777777777778, "#fb9f3a"], [0.8888888888888888, "#fdca26"], [1.0, "#f0f921"]]}], "contourcarpet": [{"type": "contourcarpet", "colorbar": {"outlinewidth": 0, "ticks": ""}}], "contour": [{"type": "contour", "colorbar": {"outlinewidth": 0, "ticks": ""}, "colorscale": [[0.0, "#0d0887"], [0.1111111111111111, "#46039f"], [0.2222222222222222, "#7201a8"], [0.3333333333333333, "#9c179e"], [0.4444444444444444, "#bd3786"], [0.5555555555555556, "#d8576b"], [0.6666666666666666, "#ed7953"], [0.7777777777777778, "#fb9f3a"], [0.8888888888888888, "#fdca26"], [1.0, "#f0f921"]]}], "surface": [{"type": "surface", "colorbar": {"outlinewidth": 0, "ticks": ""}, "colorscale": [[0.0, "#0d0887"], [0.1111111111111111, "#46039f"], [0.2222222222222222, "#7201a8"], [0.3333333333333333, "#9c179e"], [0.4444444444444444, "#bd3786"], [0.5555555555555556, "#d8576b"], [0.6666666666666666, "#ed7953"], [0.7777777777777778, "#fb9f3a"], [0.8888888888888888, "#fdca26"], [1.0, "#f0f921"]]}], "mesh3d": [{"type": "mesh3d", "colorbar": {"outlinewidth": 0, "ticks": ""}}], "scatter": [{"fillpattern": {"fillmode": "overlay", "size": 10, "solidity": 0.2}, "type": "scatter"}], "parcoords": [{"type": "parcoords", "line": {"colorbar": {"outlinewidth": 0, "ticks": ""}}}], "scatterpolargl": [{"type": "scatterpolargl", "marker": {"colorbar": {"outlinewidth": 0, "ticks": ""}}}], "bar": [{"error_x": {"color": "#2a3f5f"}, "error_y": {"color": "#2a3f5f"}, "marker": {"line": {"color": "#E5ECF6", "width": 0.5}, "pattern": {"fillmode": "overlay", "size": 10, "solidity": 0.2}}, "type": "bar"}], "scattergeo": [{"type": "scattergeo", "marker": {"colorbar": {"outlinewidth": 0, "ticks": ""}}}], "scatterpolar": [{"type": "scatterpolar", "marker": {"colorbar": {"outlinewidth": 0, "ticks": ""}}}], "histogram": [{"marker": {"pattern": {"fillmode": "overlay", "size": 10, "solidity": 0.2}}, "type": "histogram"}], "scattergl": [{"type": "scattergl", "marker": {"colorbar": {"outlinewidth": 0, "ticks": ""}}}], "scatter3d": [{"type": "scatter3d", "line": {"colorbar": {"outlinewidth": 0, "ticks": ""}}, "marker": {"colorbar": {"outlinewidth": 0, "ticks": ""}}}], "scattermapbox": [{"type": "scattermapbox", "marker": {"colorbar": {"outlinewidth": 0, "ticks": ""}}}], "scatterternary": [{"type": "scatterternary", "marker": {"colorbar": {"outlinewidth": 0, "ticks": ""}}}], "scattercarpet": [{"type": "scattercarpet", "marker": {"colorbar": {"outlinewidth": 0, "ticks": ""}}}], "carpet": [{"aaxis": {"endlinecolor": "#2a3f5f", "gridcolor": "white", "linecolor": "white", "minorgridcolor": "white", "startlinecolor": "#2a3f5f"}, "baxis": {"endlinecolor": "#2a3f5f", "gridcolor": "white", "linecolor": "white", "minorgridcolor": "white", "startlinecolor": "#2a3f5f"}, "type": "carpet"}], "table": [{"cells": {"fill": {"color": "#EBF0F8"}, "line": {"color": "white"}}, "header": {"fill": {"color": "#C8D4E3"}, "line": {"color": "white"}}, "type": "table"}], "barpolar": [{"marker": {"line": {"color": "#E5ECF6", "width": 0.5}, "pattern": {"fillmode": "overlay", "size": 10, "solidity": 0.2}}, "type": "barpolar"}], "pie": [{"automargin": true, "type": "pie"}]}, "layout": {"autotypenumbers": "strict", "colorway": ["#636efa", "#EF553B", "#00cc96", "#ab63fa", "#FFA15A", "#19d3f3", "#FF6692", "#B6E880", "#FF97FF", "#FECB52"], "font": {"color": "#2a3f5f"}, "hovermode": "closest", "hoverlabel": {"align": "left"}, "paper_bgcolor": "white", "plot_bgcolor": "#E5ECF6", "polar": {"bgcolor": "#E5ECF6", "angularaxis": {"gridcolor": "white", "linecolor": "white", "ticks": ""}, "radialaxis": {"gridcolor": "white", "linecolor": "white", "ticks": ""}}, "ternary": {"bgcolor": "#E5ECF6", "aaxis": {"gridcolor": "white", "linecolor": "white", "ticks": ""}, "baxis": {"gridcolor": "white", "linecolor": "white", "ticks": ""}, "caxis": {"gridcolor": "white", "linecolor": "white", "ticks": ""}}, "coloraxis": {"colorbar": {"outlinewidth": 0, "ticks": ""}}, "colorscale": {"sequential": [[0.0, "#0d0887"], [0.1111111111111111, "#46039f"], [0.2222222222222222, "#7201a8"], [0.3333333333333333, "#9c179e"], [0.4444444444444444, "#bd3786"], [0.5555555555555556, "#d8576b"], [0.6666666666666666, "#ed7953"], [0.7777777777777778, "#fb9f3a"], [0.8888888888888888, "#fdca26"], [1.0, "#f0f921"]], "sequentialminus": [[0.0, "#0d0887"], [0.1111111111111111, "#46039f"], [0.2222222222222222, "#7201a8"], [0.3333333333333333, "#9c179e"], [0.4444444444444444, "#bd3786"], [0.5555555555555556, "#d8576b"], [0.6666666666666666, "#ed7953"], [0.7777777777777778, "#fb9f3a"], [0.8888888888888888, "#fdca26"], [1.0, "#f0f921"]], "diverging": [[0, "#8e0152"], [0.1, "#c51b7d"], [0.2, "#de77ae"], [0.3, "#f1b6da"], [0.4, "#fde0ef"], [0.5, "#f7f7f7"], [0.6, "#e6f5d0"], [0.7, "#b8e186"], [0.8, "#7fbc41"], [0.9, "#4d9221"], [1, "#276419"]]}, "xaxis": {"gridcolor": "white", "linecolor": "white", "ticks": "", "title": {"standoff": 15}, "zerolinecolor": "white", "automargin": true, "zerolinewidth": 2}, "yaxis": {"gridcolor": "white", "linecolor": "white", "ticks": "", "title": {"standoff": 15}, "zerolinecolor": "white", "automargin": true, "zerolinewidth": 2}, "scene": {"xaxis": {"backgroundcolor": "#E5ECF6", "gridcolor": "white", "linecolor": "white", "showbackground": true, "ticks": "", "zerolinecolor": "white", "gridwidth": 2}, "yaxis": {"backgroundcolor": "#E5ECF6", "gridcolor": "white", "linecolor": "white", "showbackground": true, "ticks": "", "zerolinecolor": "white", "gridwidth": 2}, "zaxis": {"backgroundcolor": "#E5ECF6", "gridcolor": "white", "linecolor": "white", "showbackground": true, "ticks": "", "zerolinecolor": "white", "gridwidth": 2}}, "shapedefaults": {"line": {"color": "#2a3f5f"}}, "annotationdefaults": {"arrowcolor": "#2a3f5f", "arrowhead": 0, "arrowwidth": 1}, "geo": {"bgcolor": "white", "landcolor": "#E5ECF6", "subunitcolor": "white", "showland": true, "showlakes": true, "lakecolor": "white"}, "title": {"x": 0.05}, "mapbox": {"style": "light"}}}}}