{"data": [{"z": [[19.056882858276367, 1.341098427772522, -4.479642868041992, -0.2863532304763794, -0.5056545734405518, 4.09513521194458, -7.045145511627197, 0.20475934445858002, -0.5039358139038086, -0.7091083526611328, 2.5510332584381104, 0.9058976173400879, -3.217249631881714, -0.6646263003349304, -3.17158579826355, 1.7235629558563232, -0.21155524253845215, 0.39949893951416016, -4.006916046142578, -8.197992324829102, 0.32723474502563477], [1.341098427772522, 21.30943489074707, -5.614099979400635, -3.8646748065948486, -0.4374450147151947, -4.8465704917907715, 4.049715995788574, 2.6262524127960205, -3.741142988204956, 1.1648993492126465, 0.9243329763412476, -2.8743746280670166, 0.11108457297086716, 3.726379632949829, -1.6025384664535522, 1.9977834224700928, 0.7120940685272217, -1.8019979000091553, 0.7862281799316406, -6.2769317626953125, -4.569639205932617], [-4.479642868041992, -5.614099979400635, 27.923511505126953, -2.3144659996032715, -11.838741302490234, 5.92935848236084, 4.029813289642334, 4.198398113250732, -3.188359260559082, -2.3338379859924316, -8.669976234436035, 1.3376539945602417, 3.6501412391662598, -1.691597580909729, -3.487989664077759, 1.9140352010726929, -0.9108222723007202, 7.581610202789307, -0.4305703639984131, 3.3177437782287598, 3.138458490371704], [-0.2863532304763794, -3.8646748065948486, -2.3144659996032715, 17.339582443237305, 5.197203636169434, -0.49192124605178833, -3.5801072120666504, 4.08046817779541, 1.863084316253662, 5.116844654083252, 0.9036338925361633, -0.3117503225803375, -0.6404253244400024, -4.020135402679443, 3.1694765090942383, -4.818703651428223, -6.558865070343018, 3.689063549041748, 3.10931396484375, 10.20688247680664, -2.20070219039917], [-0.5056545734405518, -0.4374450147151947, -11.838741302490234, 5.197203636169434, 16.510948181152344, -2.9203333854675293, 2.332670211791992, -1.357960820198059, 1.09007728099823, 2.086031675338745, -0.7647735476493835, 2.1944196224212646, -1.2265583276748657, 2.067336320877075, -0.7719319462776184, 2.030512571334839, 4.393243789672852, 1.6158291101455688, 0.2268056869506836, 6.943813323974609, 3.684911012649536], [4.09513521194458, -4.8465704917907715, 5.92935848236084, -0.49192124605178833, -2.9203333854675293, 13.031800270080566, 1.3758373260498047, -1.4831684827804565, -0.45206528902053833, -0.39788851141929626, -3.3789515495300293, -0.6103447675704956, 0.09952142834663391, -3.291534900665283, -0.16009971499443054, -0.3290136456489563, 5.553034782409668, 2.7270734310150146, -0.07836258411407471, -1.8483009338378906, 2.24080753326416], [-7.045145511627197, 4.049715995788574, 4.029813289642334, -3.5801072120666504, 2.332670211791992, 1.3758373260498047, 29.387651443481445, -3.248556137084961, 7.1084394454956055, 0.5208877921104431, -7.159085750579834, -8.789775848388672, 3.0189247131347656, 0.28711843490600586, -1.112654209136963, 4.187625885009766, 2.3605549335479736, 0.4660937786102295, 4.752482891082764, 5.6367034912109375, -3.0042717456817627], [0.20475934445858002, 2.6262524127960205, 4.198398113250732, 4.08046817779541, -1.357960820198059, -1.4831684827804565, -3.248556137084961, 21.731861114501953, -0.8843767046928406, -4.2373270988464355, 2.415426254272461, -2.1244313716888428, 4.612422943115234, -1.842437505722046, -0.5495614409446716, 0.5353038907051086, -3.123422384262085, 6.80295467376709, -2.2647833824157715, 5.746547698974609, -3.994396448135376], [-0.5039358139038086, -3.741142988204956, -3.188359260559082, 1.863084316253662, 1.09007728099823, -0.45206528902053833, 7.1084394454956055, -0.8843767046928406, 20.226266860961914, 6.6832146644592285, -4.0921525955200195, -3.554657459259033, -1.0687514543533325, 2.3938283920288086, -0.6731796860694885, 0.34726616740226746, -5.170960426330566, -2.2975292205810547, -1.4868944883346558, -1.383290410041809, -4.690502166748047], [-0.7091083526611328, 1.1648993492126465, -2.3338379859924316, 5.116844654083252, 2.086031675338745, -0.39788851141929626, 0.5208877921104431, -4.2373270988464355, 6.6832146644592285, 19.00452423095703, -7.918191909790039, 1.1105018854141235, 2.9033384323120117, 3.174957752227783, 7.0955424308776855, -1.799145221710205, -0.10493755340576172, 0.6691715717315674, 4.779423236846924, -0.08651447296142578, 0.9771403074264526], [2.5510332584381104, 0.9243329763412476, -8.669976234436035, 0.9036338925361633, -0.7647735476493835, -3.3789515495300293, -7.159085750579834, 2.415426254272461, -4.0921525955200195, -7.918191909790039, 25.262807846069336, -2.380291700363159, -4.528279781341553, -2.3611819744110107, 1.221440076828003, 4.741588592529297, -5.578680992126465, -3.167994260787964, 3.477163314819336, -2.5773541927337646, -7.874370574951172], [0.9058976173400879, -2.8743746280670166, 1.3376539945602417, -0.3117503225803375, 2.1944196224212646, -0.6103447675704956, -8.789775848388672, -2.1244313716888428, -3.554657459259033, 1.1105018854141235, -2.380291700363159, 23.510128021240234, 0.0030493850354105234, 1.7860902547836304, 5.770905494689941, -6.872653484344482, -2.5557913780212402, 0.5240268707275391, -2.721938371658325, -4.924242973327637, 3.8836288452148438], [-3.217249631881714, 0.11108457297086716, 3.6501412391662598, -0.6404253244400024, -1.2265583276748657, 0.09952142834663391, 3.0189247131347656, 4.612422943115234, -1.0687514543533325, 2.9033384323120117, -4.528279781341553, 0.0030493850354105234, 17.32158660888672, 1.1913942098617554, 4.405490875244141, 0.6468431949615479, 5.145655632019043, -3.3623995780944824, -1.2807135581970215, 4.215510368347168, -3.760864734649658], [-0.6646263003349304, 3.726379632949829, -1.691597580909729, -4.020135402679443, 2.067336320877075, -3.291534900665283, 0.28711843490600586, -1.842437505722046, 2.3938283920288086, 3.174957752227783, -2.3611819744110107, 1.7860902547836304, 1.1913942098617554, 19.431888580322266, 0.13060887157917023, -3.7350146770477295, 2.999025344848633, -2.682650327682495, 1.1432466506958008, 0.48336315155029297, 5.035824298858643], [-3.17158579826355, -1.6025384664535522, -3.487989664077759, 3.1694765090942383, -0.7719319462776184, -0.16009971499443054, -1.112654209136963, -0.5495614409446716, -0.6731796860694885, 7.0955424308776855, 1.221440076828003, 5.770905494689941, 4.405490875244141, 0.13060887157917023, 20.5891056060791, -3.4158387184143066, -1.579862356185913, -3.184941291809082, 2.206618070602417, 6.425133228302002, -4.494705677032471], [1.7235629558563232, 1.9977834224700928, 1.9140352010726929, -4.818703651428223, 2.030512571334839, -0.3290136456489563, 4.187625885009766, 0.5353038907051086, 0.34726616740226746, -1.799145221710205, 4.741588592529297, -6.872653484344482, 0.6468431949615479, -3.7350146770477295, -3.4158387184143066, 23.334529876708984, 5.082148551940918, 1.687333583831787, 1.8624775409698486, -2.7938363552093506, 1.8025387525558472], [-0.2115553915500641, 0.7120941281318665, -0.9108224511146545, -6.558865547180176, 4.393244743347168, 5.553034782409668, 2.3605542182922363, -3.1234233379364014, -5.170960426330566, -0.10493766516447067, -5.578680992126465, -2.5557916164398193, 5.145655632019043, 2.999025821685791, -1.5798627138137817, 5.082148551940918, 23.314361572265625, 2.6117160320281982, -1.1898621320724487, -0.8808901309967041, 4.278453826904297], [0.3994992673397064, -1.8019979000091553, 7.581610679626465, 3.6890640258789062, 1.6158289909362793, 2.7270736694335938, 0.46609383821487427, 6.80295467376709, -2.297529458999634, 0.669171154499054, -3.1679940223693848, 0.5240268707275391, -3.3624002933502197, -2.6826510429382324, -3.1849420070648193, 1.6873334646224976, 2.6117160320281982, 17.733980178833008, 0.5314428806304932, 2.140537738800049, 9.449010848999023], [-4.006916046142578, 0.7862288951873779, -0.4305706024169922, 3.109314203262329, 0.22680628299713135, -0.07836231589317322, 4.75248384475708, -2.2647836208343506, -1.4868940114974976, 4.779423236846924, 3.477163553237915, -2.7219388484954834, -1.2807133197784424, 1.1432464122772217, 2.206618070602417, 1.8624769449234009, -1.1898621320724487, 0.5314428806304932, 19.22784423828125, -0.7649781703948975, -3.5035767555236816], [-8.197991371154785, -6.2769317626953125, 3.3177430629730225, 10.20688247680664, 6.943812847137451, -1.8483012914657593, 5.636704921722412, 5.746547222137451, -1.3832907676696777, -0.086513951420784, -2.5773541927337646, -4.924242973327637, 4.215510845184326, 0.48336365818977356, 6.425134181976318, -2.7938361167907715, -0.8808901309967041, 2.140537738800049, -0.7649781703948975, 32.214019775390625, -2.771982431411743], [0.3272349238395691, -4.569639205932617, 3.138458490371704, -2.20070219039917, 3.684910774230957, 2.24080753326416, -3.0042715072631836, -3.994396448135376, -4.690502166748047, 0.9771406650543213, -7.874370574951172, 3.8836286067962646, -3.760864734649658, 5.035824298858643, -4.494706153869629, 1.8025391101837158, 4.278453826904297, 9.449010848999023, -3.5035760402679443, -2.771981716156006, 29.557926177978516]], "type": "heatmap"}], "layout": {"template": {"data": {"histogram2dcontour": [{"type": "histogram2dcontour", "colorbar": {"outlinewidth": 0, "ticks": ""}, "colorscale": [[0.0, "#0d0887"], [0.1111111111111111, "#46039f"], [0.2222222222222222, "#7201a8"], [0.3333333333333333, "#9c179e"], [0.4444444444444444, "#bd3786"], [0.5555555555555556, "#d8576b"], [0.6666666666666666, "#ed7953"], [0.7777777777777778, "#fb9f3a"], [0.8888888888888888, "#fdca26"], [1.0, "#f0f921"]]}], "choropleth": [{"type": "choropleth", "colorbar": {"outlinewidth": 0, "ticks": ""}}], "histogram2d": [{"type": "histogram2d", "colorbar": {"outlinewidth": 0, "ticks": ""}, "colorscale": [[0.0, "#0d0887"], [0.1111111111111111, "#46039f"], [0.2222222222222222, "#7201a8"], [0.3333333333333333, "#9c179e"], [0.4444444444444444, "#bd3786"], [0.5555555555555556, "#d8576b"], [0.6666666666666666, "#ed7953"], [0.7777777777777778, "#fb9f3a"], [0.8888888888888888, "#fdca26"], [1.0, "#f0f921"]]}], "heatmap": [{"type": "heatmap", "colorbar": {"outlinewidth": 0, "ticks": ""}, "colorscale": [[0.0, "#0d0887"], [0.1111111111111111, "#46039f"], [0.2222222222222222, "#7201a8"], [0.3333333333333333, "#9c179e"], [0.4444444444444444, "#bd3786"], [0.5555555555555556, "#d8576b"], [0.6666666666666666, "#ed7953"], [0.7777777777777778, "#fb9f3a"], [0.8888888888888888, "#fdca26"], [1.0, "#f0f921"]]}], "heatmapgl": [{"type": "heatmapgl", "colorbar": {"outlinewidth": 0, "ticks": ""}, "colorscale": [[0.0, "#0d0887"], [0.1111111111111111, "#46039f"], [0.2222222222222222, "#7201a8"], [0.3333333333333333, "#9c179e"], [0.4444444444444444, "#bd3786"], [0.5555555555555556, "#d8576b"], [0.6666666666666666, "#ed7953"], [0.7777777777777778, "#fb9f3a"], [0.8888888888888888, "#fdca26"], [1.0, "#f0f921"]]}], "contourcarpet": [{"type": "contourcarpet", "colorbar": {"outlinewidth": 0, "ticks": ""}}], "contour": [{"type": "contour", "colorbar": {"outlinewidth": 0, "ticks": ""}, "colorscale": [[0.0, "#0d0887"], [0.1111111111111111, "#46039f"], [0.2222222222222222, "#7201a8"], [0.3333333333333333, "#9c179e"], [0.4444444444444444, "#bd3786"], [0.5555555555555556, "#d8576b"], [0.6666666666666666, "#ed7953"], [0.7777777777777778, "#fb9f3a"], [0.8888888888888888, "#fdca26"], [1.0, "#f0f921"]]}], "surface": [{"type": "surface", "colorbar": {"outlinewidth": 0, "ticks": ""}, "colorscale": [[0.0, "#0d0887"], [0.1111111111111111, "#46039f"], [0.2222222222222222, "#7201a8"], [0.3333333333333333, "#9c179e"], [0.4444444444444444, "#bd3786"], [0.5555555555555556, "#d8576b"], [0.6666666666666666, "#ed7953"], [0.7777777777777778, "#fb9f3a"], [0.8888888888888888, "#fdca26"], [1.0, "#f0f921"]]}], "mesh3d": [{"type": "mesh3d", "colorbar": {"outlinewidth": 0, "ticks": ""}}], "scatter": [{"fillpattern": {"fillmode": "overlay", "size": 10, "solidity": 0.2}, "type": "scatter"}], "parcoords": [{"type": "parcoords", "line": {"colorbar": {"outlinewidth": 0, "ticks": ""}}}], "scatterpolargl": [{"type": "scatterpolargl", "marker": {"colorbar": {"outlinewidth": 0, "ticks": ""}}}], "bar": [{"error_x": {"color": "#2a3f5f"}, "error_y": {"color": "#2a3f5f"}, "marker": {"line": {"color": "#E5ECF6", "width": 0.5}, "pattern": {"fillmode": "overlay", "size": 10, "solidity": 0.2}}, "type": "bar"}], "scattergeo": [{"type": "scattergeo", "marker": {"colorbar": {"outlinewidth": 0, "ticks": ""}}}], "scatterpolar": [{"type": "scatterpolar", "marker": {"colorbar": {"outlinewidth": 0, "ticks": ""}}}], "histogram": [{"marker": {"pattern": {"fillmode": "overlay", "size": 10, "solidity": 0.2}}, "type": "histogram"}], "scattergl": [{"type": "scattergl", "marker": {"colorbar": {"outlinewidth": 0, "ticks": ""}}}], "scatter3d": [{"type": "scatter3d", "line": {"colorbar": {"outlinewidth": 0, "ticks": ""}}, "marker": {"colorbar": {"outlinewidth": 0, "ticks": ""}}}], "scattermapbox": [{"type": "scattermapbox", "marker": {"colorbar": {"outlinewidth": 0, "ticks": ""}}}], "scatterternary": [{"type": "scatterternary", "marker": {"colorbar": {"outlinewidth": 0, "ticks": ""}}}], "scattercarpet": [{"type": "scattercarpet", "marker": {"colorbar": {"outlinewidth": 0, "ticks": ""}}}], "carpet": [{"aaxis": {"endlinecolor": "#2a3f5f", "gridcolor": "white", "linecolor": "white", "minorgridcolor": "white", "startlinecolor": "#2a3f5f"}, "baxis": {"endlinecolor": "#2a3f5f", "gridcolor": "white", "linecolor": "white", "minorgridcolor": "white", "startlinecolor": "#2a3f5f"}, "type": "carpet"}], "table": [{"cells": {"fill": {"color": "#EBF0F8"}, "line": {"color": "white"}}, "header": {"fill": {"color": "#C8D4E3"}, "line": {"color": "white"}}, "type": "table"}], "barpolar": [{"marker": {"line": {"color": "#E5ECF6", "width": 0.5}, "pattern": {"fillmode": "overlay", "size": 10, "solidity": 0.2}}, "type": "barpolar"}], "pie": [{"automargin": true, "type": "pie"}]}, "layout": {"autotypenumbers": "strict", "colorway": ["#636efa", "#EF553B", "#00cc96", "#ab63fa", "#FFA15A", "#19d3f3", "#FF6692", "#B6E880", "#FF97FF", "#FECB52"], "font": {"color": "#2a3f5f"}, "hovermode": "closest", "hoverlabel": {"align": "left"}, "paper_bgcolor": "white", "plot_bgcolor": "#E5ECF6", "polar": {"bgcolor": "#E5ECF6", "angularaxis": {"gridcolor": "white", "linecolor": "white", "ticks": ""}, "radialaxis": {"gridcolor": "white", "linecolor": "white", "ticks": ""}}, "ternary": {"bgcolor": "#E5ECF6", "aaxis": {"gridcolor": "white", "linecolor": "white", "ticks": ""}, "baxis": {"gridcolor": "white", "linecolor": "white", "ticks": ""}, "caxis": {"gridcolor": "white", "linecolor": "white", "ticks": ""}}, "coloraxis": {"colorbar": {"outlinewidth": 0, "ticks": ""}}, "colorscale": {"sequential": [[0.0, "#0d0887"], [0.1111111111111111, "#46039f"], [0.2222222222222222, "#7201a8"], [0.3333333333333333, "#9c179e"], [0.4444444444444444, "#bd3786"], [0.5555555555555556, "#d8576b"], [0.6666666666666666, "#ed7953"], [0.7777777777777778, "#fb9f3a"], [0.8888888888888888, "#fdca26"], [1.0, "#f0f921"]], "sequentialminus": [[0.0, "#0d0887"], [0.1111111111111111, "#46039f"], [0.2222222222222222, "#7201a8"], [0.3333333333333333, "#9c179e"], [0.4444444444444444, "#bd3786"], [0.5555555555555556, "#d8576b"], [0.6666666666666666, "#ed7953"], [0.7777777777777778, "#fb9f3a"], [0.8888888888888888, "#fdca26"], [1.0, "#f0f921"]], "diverging": [[0, "#8e0152"], [0.1, "#c51b7d"], [0.2, "#de77ae"], [0.3, "#f1b6da"], [0.4, "#fde0ef"], [0.5, "#f7f7f7"], [0.6, "#e6f5d0"], [0.7, "#b8e186"], [0.8, "#7fbc41"], [0.9, "#4d9221"], [1, "#276419"]]}, "xaxis": {"gridcolor": "white", "linecolor": "white", "ticks": "", "title": {"standoff": 15}, "zerolinecolor": "white", "automargin": true, "zerolinewidth": 2}, "yaxis": {"gridcolor": "white", "linecolor": "white", "ticks": "", "title": {"standoff": 15}, "zerolinecolor": "white", "automargin": true, "zerolinewidth": 2}, "scene": {"xaxis": {"backgroundcolor": "#E5ECF6", "gridcolor": "white", "linecolor": "white", "showbackground": true, "ticks": "", "zerolinecolor": "white", "gridwidth": 2}, "yaxis": {"backgroundcolor": "#E5ECF6", "gridcolor": "white", "linecolor": "white", "showbackground": true, "ticks": "", "zerolinecolor": "white", "gridwidth": 2}, "zaxis": {"backgroundcolor": "#E5ECF6", "gridcolor": "white", "linecolor": "white", "showbackground": true, "ticks": "", "zerolinecolor": "white", "gridwidth": 2}}, "shapedefaults": {"line": {"color": "#2a3f5f"}}, "annotationdefaults": {"arrowcolor": "#2a3f5f", "arrowhead": 0, "arrowwidth": 1}, "geo": {"bgcolor": "white", "landcolor": "#E5ECF6", "subunitcolor": "white", "showland": true, "showlakes": true, "lakecolor": "white"}, "title": {"x": 0.05}, "mapbox": {"style": "light"}}}}}