{"data": [{"z": [[19.080841064453125, 1.315930724143982, -4.4984917640686035, -0.28475871682167053, -0.5182557106018066, 4.089521408081055, -7.058436870574951, 0.1689922958612442, -0.5175524950027466, -0.7269384264945984, 2.5364277362823486, 0.8979003429412842, -3.25541615486145, -0.6804808974266052, -3.18325138092041, 1.7002824544906616, -0.23666870594024658, 0.391599178314209, -4.0221099853515625, -8.214271545410156, 0.3461475372314453], [1.315930724143982, 21.3294620513916, -5.641350269317627, -3.877020835876465, -0.4445633590221405, -4.8766679763793945, 4.0386457443237305, 2.59234619140625, -3.7518398761749268, 1.1418441534042358, 0.9125313758850098, -2.893669605255127, 0.0682939663529396, 3.7085955142974854, -1.6175565719604492, 1.9813987016677856, 0.7015926837921143, -1.8272171020507812, 0.7732619047164917, -6.291895866394043, -4.575526237487793], [-4.4984917640686035, -5.641350269317627, 27.96571159362793, -2.3351008892059326, -11.885139465332031, 5.919588565826416, 4.026747226715088, 4.177253246307373, -3.208204746246338, -2.362046480178833, -8.696712493896484, 1.323130488395691, 3.6515305042266846, -1.7211354970932007, -3.5111076831817627, 1.8933161497116089, -0.9283875226974487, 7.576035499572754, -0.45908451080322266, 3.3084561824798584, 3.1407227516174316], [-0.28475871682167053, -3.877020835876465, -2.3351008892059326, 17.357589721679688, 5.192378997802734, -0.505733847618103, -3.596109628677368, 4.070089340209961, 1.8466686010360718, 5.121096611022949, 0.8915730118751526, -0.3357831835746765, -0.661502480506897, -4.043769359588623, 3.157907247543335, -4.864100933074951, -6.604885101318359, 3.6710383892059326, 3.0965638160705566, 10.196422576904297, -2.1951186656951904], [-0.5182557106018066, -0.4445633590221405, -11.885139465332031, 5.192378997802734, 16.54167938232422, -2.954108476638794, 2.323025941848755, -1.3798363208770752, 1.0697498321533203, 2.082227945327759, -0.7662404179573059, 2.1832048892974854, -1.2499463558197021, 2.047189712524414, -0.7913795113563538, 2.0124573707580566, 4.385682582855225, 1.6133553981781006, 0.22465109825134277, 6.9355010986328125, 3.7012763023376465], [4.089521408081055, -4.8766679763793945, 5.919588565826416, -0.505733847618103, -2.954108476638794, 13.072684288024902, 1.367599606513977, -1.5181910991668701, -0.4746323823928833, -0.39990079402923584, -3.39396595954895, -0.6312329173088074, 0.06093336269259453, -3.3254430294036865, -0.17167451977729797, -0.37503400444984436, 5.507286071777344, 2.7054028511047363, -0.0840187668800354, -1.8809860944747925, 2.2594852447509766], [-7.058436870574951, 4.0386457443237305, 4.026747226715088, -3.596109628677368, 2.323025941848755, 1.367599606513977, 29.44869041442871, -3.265101909637451, 7.095526218414307, 0.5174975395202637, -7.171519756317139, -8.82069206237793, 3.016052484512329, 0.2733329236507416, -1.1209754943847656, 4.182356357574463, 2.3507800102233887, 0.4519388675689697, 4.7488908767700195, 5.63042688369751, -2.9978833198547363], [0.1689922958612442, 2.59234619140625, 4.177253246307373, 4.070089340209961, -1.3798363208770752, -1.5181910991668701, -3.265101909637451, 21.773408889770508, -0.9309084415435791, -4.2404279708862305, 2.3955297470092773, -2.170342445373535, 4.602670669555664, -1.8593543767929077, -0.5711016654968262, 0.5258360505104065, -3.169708251953125, 6.794088363647461, -2.290419340133667, 5.733741283416748, -3.970918655395508], [-0.5175524950027466, -3.7518398761749268, -3.208204746246338, 1.8466686010360718, 1.0697498321533203, -0.4746323823928833, 7.095526218414307, -0.9309084415435791, 20.25301742553711, 6.665058135986328, -4.107314109802246, -3.5671846866607666, -1.0922168493270874, 2.366793155670166, -0.6949081420898438, 0.3173310458660126, -5.197533130645752, -2.3310651779174805, -1.5010716915130615, -1.408049464225769, -4.701593399047852], [-0.7269384264945984, 1.1418441534042358, -2.362046480178833, 5.121096611022949, 2.082227945327759, -0.39990079402923584, 0.5174975395202637, -4.2404279708862305, 6.665058135986328, 19.087438583374023, -7.938956260681152, 1.0941389799118042, 2.895545721054077, 3.182697057723999, 7.101572036743164, -1.8146861791610718, -0.13492047786712646, 0.6765220165252686, 4.793012619018555, -0.09120726585388184, 1.002467155456543], [2.5364277362823486, 0.9125313758850098, -8.696712493896484, 0.8915730118751526, -0.7662404179573059, -3.39396595954895, -7.171519756317139, 2.3955297470092773, -4.107314109802246, -7.938956260681152, 25.29006004333496, -2.388636827468872, -4.55847692489624, -2.3781497478485107, 1.2247424125671387, 4.72735595703125, -5.602270126342773, -3.1814980506896973, 3.478219985961914, -2.597747802734375, -7.878883361816406], [0.8979003429412842, -2.893669605255127, 1.323130488395691, -0.3357831835746765, 2.1832048892974854, -0.6312329173088074, -8.82069206237793, -2.170342445373535, -3.5671846866607666, 1.0941389799118042, -2.388636827468872, 23.52588653564453, -0.015740064904093742, 1.7705974578857422, 5.757288455963135, -6.911387920379639, -2.5848209857940674, 0.49729275703430176, -2.73968505859375, -4.947201251983643, 3.8838112354278564], [-3.25541615486145, 0.0682939663529396, 3.6515305042266846, -0.661502480506897, -1.2499463558197021, 0.06093336269259453, 3.016052484512329, 4.602670669555664, -1.0922168493270874, 2.895545721054077, -4.55847692489624, -0.015740064904093742, 17.360441207885742, 1.1745834350585938, 4.390595436096191, 0.6239843368530273, 5.127786636352539, -3.398499011993408, -1.3096685409545898, 4.21972131729126, -3.758862018585205], [-0.6804808974266052, 3.7085955142974854, -1.7211354970932007, -4.043769359588623, 2.047189712524414, -3.3254430294036865, 0.2733329236507416, -1.8593543767929077, 2.366793155670166, 3.182697057723999, -2.3781497478485107, 1.7705974578857422, 1.1745834350585938, 19.46883773803711, 0.12158447504043579, -3.749788522720337, 2.9686055183410645, -2.7094318866729736, 1.1386442184448242, 0.4694557189941406, 5.060184001922607], [-3.18325138092041, -1.6175565719604492, -3.5111076831817627, 3.157907247543335, -0.7913795113563538, -0.17167451977729797, -1.1209754943847656, -0.5711016654968262, -0.6949081420898438, 7.101572036743164, 1.2247424125671387, 5.757288455963135, 4.390595436096191, 0.12158447504043579, 20.61022186279297, -3.446847677230835, -1.6079111099243164, -3.2159976959228516, 2.198820114135742, 6.4164276123046875, -4.487297058105469], [1.7002824544906616, 1.9813987016677856, 1.8933161497116089, -4.864100933074951, 2.0124573707580566, -0.37503400444984436, 4.182356357574463, 0.5258360505104065, 0.3173310458660126, -1.8146861791610718, 4.72735595703125, -6.911387920379639, 0.6239843368530273, -3.749788522720337, -3.446847677230835, 23.3604679107666, 5.067471027374268, 1.67672598361969, 1.8543040752410889, -2.831920623779297, 1.822593331336975], [-0.23666851222515106, 0.7015926241874695, -0.9283875823020935, -6.604884624481201, 4.385682106018066, 5.507286071777344, 2.3507800102233887, -3.169708728790283, -5.1975321769714355, -0.13492034375667572, -5.602270126342773, -2.5848209857940674, 5.127787113189697, 2.9686055183410645, -1.6079111099243164, 5.067470073699951, 23.330799102783203, 2.575608015060425, -1.215101957321167, -0.8917312622070312, 4.283367156982422], [0.39159926772117615, -1.8272173404693604, 7.576035022735596, 3.6710381507873535, 1.6133553981781006, 2.7054026126861572, 0.4519389271736145, 6.794088363647461, -2.3310649394989014, 0.676521897315979, -3.1814980506896973, 0.49729204177856445, -3.398498773574829, -2.709432363510132, -3.2159969806671143, 1.67672598361969, 2.575608015060425, 17.77058982849121, 0.5204803943634033, 2.1157944202423096, 9.490607261657715], [-4.022109508514404, 0.7732628583908081, -0.4590846598148346, 3.0965640544891357, 0.22465144097805023, -0.08401858806610107, 4.748891353607178, -2.2904186248779297, -1.501071810722351, 4.793012619018555, 3.478219985961914, -2.739684820175171, -1.309668779373169, 1.1386438608169556, 2.198819637298584, 1.8543037176132202, -1.215101957321167, 0.5204803943634033, 19.276710510253906, -0.7910091876983643, -3.499325752258301], [-8.214271545410156, -6.291895866394043, 3.3084561824798584, 10.19642162322998, 6.935502052307129, -1.880985975265503, 5.630428791046143, 5.733741283416748, -1.40804922580719, -0.09120660275220871, -2.5977466106414795, -4.947201251983643, 4.21972131729126, 0.469456285238266, 6.416428089141846, -2.8319215774536133, -0.8917312622070312, 2.1157944202423096, -0.7910091876983643, 32.2537956237793, -2.775475025177002], [0.34614765644073486, -4.575526237487793, 3.1407225131988525, -2.1951189041137695, 3.7012758255004883, 2.2594852447509766, -2.9978837966918945, -3.9709184169769287, -4.701593399047852, 1.002467155456543, -7.87888240814209, 3.8838117122650146, -3.758861541748047, 5.060183525085449, -4.487296104431152, 1.8225929737091064, 4.283367156982422, 9.490606307983398, -3.499326229095459, -2.775475025177002, 29.557926177978516]], "type": "heatmap"}], "layout": {"template": {"data": {"histogram2dcontour": [{"type": "histogram2dcontour", "colorbar": {"outlinewidth": 0, "ticks": ""}, "colorscale": [[0.0, "#0d0887"], [0.1111111111111111, "#46039f"], [0.2222222222222222, "#7201a8"], [0.3333333333333333, "#9c179e"], [0.4444444444444444, "#bd3786"], [0.5555555555555556, "#d8576b"], [0.6666666666666666, "#ed7953"], [0.7777777777777778, "#fb9f3a"], [0.8888888888888888, "#fdca26"], [1.0, "#f0f921"]]}], "choropleth": [{"type": "choropleth", "colorbar": {"outlinewidth": 0, "ticks": ""}}], "histogram2d": [{"type": "histogram2d", "colorbar": {"outlinewidth": 0, "ticks": ""}, "colorscale": [[0.0, "#0d0887"], [0.1111111111111111, "#46039f"], [0.2222222222222222, "#7201a8"], [0.3333333333333333, "#9c179e"], [0.4444444444444444, "#bd3786"], [0.5555555555555556, "#d8576b"], [0.6666666666666666, "#ed7953"], [0.7777777777777778, "#fb9f3a"], [0.8888888888888888, "#fdca26"], [1.0, "#f0f921"]]}], "heatmap": [{"type": "heatmap", "colorbar": {"outlinewidth": 0, "ticks": ""}, "colorscale": [[0.0, "#0d0887"], [0.1111111111111111, "#46039f"], [0.2222222222222222, "#7201a8"], [0.3333333333333333, "#9c179e"], [0.4444444444444444, "#bd3786"], [0.5555555555555556, "#d8576b"], [0.6666666666666666, "#ed7953"], [0.7777777777777778, "#fb9f3a"], [0.8888888888888888, "#fdca26"], [1.0, "#f0f921"]]}], "heatmapgl": [{"type": "heatmapgl", "colorbar": {"outlinewidth": 0, "ticks": ""}, "colorscale": [[0.0, "#0d0887"], [0.1111111111111111, "#46039f"], [0.2222222222222222, "#7201a8"], [0.3333333333333333, "#9c179e"], [0.4444444444444444, "#bd3786"], [0.5555555555555556, "#d8576b"], [0.6666666666666666, "#ed7953"], [0.7777777777777778, "#fb9f3a"], [0.8888888888888888, "#fdca26"], [1.0, "#f0f921"]]}], "contourcarpet": [{"type": "contourcarpet", "colorbar": {"outlinewidth": 0, "ticks": ""}}], "contour": [{"type": "contour", "colorbar": {"outlinewidth": 0, "ticks": ""}, "colorscale": [[0.0, "#0d0887"], [0.1111111111111111, "#46039f"], [0.2222222222222222, "#7201a8"], [0.3333333333333333, "#9c179e"], [0.4444444444444444, "#bd3786"], [0.5555555555555556, "#d8576b"], [0.6666666666666666, "#ed7953"], [0.7777777777777778, "#fb9f3a"], [0.8888888888888888, "#fdca26"], [1.0, "#f0f921"]]}], "surface": [{"type": "surface", "colorbar": {"outlinewidth": 0, "ticks": ""}, "colorscale": [[0.0, "#0d0887"], [0.1111111111111111, "#46039f"], [0.2222222222222222, "#7201a8"], [0.3333333333333333, "#9c179e"], [0.4444444444444444, "#bd3786"], [0.5555555555555556, "#d8576b"], [0.6666666666666666, "#ed7953"], [0.7777777777777778, "#fb9f3a"], [0.8888888888888888, "#fdca26"], [1.0, "#f0f921"]]}], "mesh3d": [{"type": "mesh3d", "colorbar": {"outlinewidth": 0, "ticks": ""}}], "scatter": [{"fillpattern": {"fillmode": "overlay", "size": 10, "solidity": 0.2}, "type": "scatter"}], "parcoords": [{"type": "parcoords", "line": {"colorbar": {"outlinewidth": 0, "ticks": ""}}}], "scatterpolargl": [{"type": "scatterpolargl", "marker": {"colorbar": {"outlinewidth": 0, "ticks": ""}}}], "bar": [{"error_x": {"color": "#2a3f5f"}, "error_y": {"color": "#2a3f5f"}, "marker": {"line": {"color": "#E5ECF6", "width": 0.5}, "pattern": {"fillmode": "overlay", "size": 10, "solidity": 0.2}}, "type": "bar"}], "scattergeo": [{"type": "scattergeo", "marker": {"colorbar": {"outlinewidth": 0, "ticks": ""}}}], "scatterpolar": [{"type": "scatterpolar", "marker": {"colorbar": {"outlinewidth": 0, "ticks": ""}}}], "histogram": [{"marker": {"pattern": {"fillmode": "overlay", "size": 10, "solidity": 0.2}}, "type": "histogram"}], "scattergl": [{"type": "scattergl", "marker": {"colorbar": {"outlinewidth": 0, "ticks": ""}}}], "scatter3d": [{"type": "scatter3d", "line": {"colorbar": {"outlinewidth": 0, "ticks": ""}}, "marker": {"colorbar": {"outlinewidth": 0, "ticks": ""}}}], "scattermapbox": [{"type": "scattermapbox", "marker": {"colorbar": {"outlinewidth": 0, "ticks": ""}}}], "scatterternary": [{"type": "scatterternary", "marker": {"colorbar": {"outlinewidth": 0, "ticks": ""}}}], "scattercarpet": [{"type": "scattercarpet", "marker": {"colorbar": {"outlinewidth": 0, "ticks": ""}}}], "carpet": [{"aaxis": {"endlinecolor": "#2a3f5f", "gridcolor": "white", "linecolor": "white", "minorgridcolor": "white", "startlinecolor": "#2a3f5f"}, "baxis": {"endlinecolor": "#2a3f5f", "gridcolor": "white", "linecolor": "white", "minorgridcolor": "white", "startlinecolor": "#2a3f5f"}, "type": "carpet"}], "table": [{"cells": {"fill": {"color": "#EBF0F8"}, "line": {"color": "white"}}, "header": {"fill": {"color": "#C8D4E3"}, "line": {"color": "white"}}, "type": "table"}], "barpolar": [{"marker": {"line": {"color": "#E5ECF6", "width": 0.5}, "pattern": {"fillmode": "overlay", "size": 10, "solidity": 0.2}}, "type": "barpolar"}], "pie": [{"automargin": true, "type": "pie"}]}, "layout": {"autotypenumbers": "strict", "colorway": ["#636efa", "#EF553B", "#00cc96", "#ab63fa", "#FFA15A", "#19d3f3", "#FF6692", "#B6E880", "#FF97FF", "#FECB52"], "font": {"color": "#2a3f5f"}, "hovermode": "closest", "hoverlabel": {"align": "left"}, "paper_bgcolor": "white", "plot_bgcolor": "#E5ECF6", "polar": {"bgcolor": "#E5ECF6", "angularaxis": {"gridcolor": "white", "linecolor": "white", "ticks": ""}, "radialaxis": {"gridcolor": "white", "linecolor": "white", "ticks": ""}}, "ternary": {"bgcolor": "#E5ECF6", "aaxis": {"gridcolor": "white", "linecolor": "white", "ticks": ""}, "baxis": {"gridcolor": "white", "linecolor": "white", "ticks": ""}, "caxis": {"gridcolor": "white", "linecolor": "white", "ticks": ""}}, "coloraxis": {"colorbar": {"outlinewidth": 0, "ticks": ""}}, "colorscale": {"sequential": [[0.0, "#0d0887"], [0.1111111111111111, "#46039f"], [0.2222222222222222, "#7201a8"], [0.3333333333333333, "#9c179e"], [0.4444444444444444, "#bd3786"], [0.5555555555555556, "#d8576b"], [0.6666666666666666, "#ed7953"], [0.7777777777777778, "#fb9f3a"], [0.8888888888888888, "#fdca26"], [1.0, "#f0f921"]], "sequentialminus": [[0.0, "#0d0887"], [0.1111111111111111, "#46039f"], [0.2222222222222222, "#7201a8"], [0.3333333333333333, "#9c179e"], [0.4444444444444444, "#bd3786"], [0.5555555555555556, "#d8576b"], [0.6666666666666666, "#ed7953"], [0.7777777777777778, "#fb9f3a"], [0.8888888888888888, "#fdca26"], [1.0, "#f0f921"]], "diverging": [[0, "#8e0152"], [0.1, "#c51b7d"], [0.2, "#de77ae"], [0.3, "#f1b6da"], [0.4, "#fde0ef"], [0.5, "#f7f7f7"], [0.6, "#e6f5d0"], [0.7, "#b8e186"], [0.8, "#7fbc41"], [0.9, "#4d9221"], [1, "#276419"]]}, "xaxis": {"gridcolor": "white", "linecolor": "white", "ticks": "", "title": {"standoff": 15}, "zerolinecolor": "white", "automargin": true, "zerolinewidth": 2}, "yaxis": {"gridcolor": "white", "linecolor": "white", "ticks": "", "title": {"standoff": 15}, "zerolinecolor": "white", "automargin": true, "zerolinewidth": 2}, "scene": {"xaxis": {"backgroundcolor": "#E5ECF6", "gridcolor": "white", "linecolor": "white", "showbackground": true, "ticks": "", "zerolinecolor": "white", "gridwidth": 2}, "yaxis": {"backgroundcolor": "#E5ECF6", "gridcolor": "white", "linecolor": "white", "showbackground": true, "ticks": "", "zerolinecolor": "white", "gridwidth": 2}, "zaxis": {"backgroundcolor": "#E5ECF6", "gridcolor": "white", "linecolor": "white", "showbackground": true, "ticks": "", "zerolinecolor": "white", "gridwidth": 2}}, "shapedefaults": {"line": {"color": "#2a3f5f"}}, "annotationdefaults": {"arrowcolor": "#2a3f5f", "arrowhead": 0, "arrowwidth": 1}, "geo": {"bgcolor": "white", "landcolor": "#E5ECF6", "subunitcolor": "white", "showland": true, "showlakes": true, "lakecolor": "white"}, "title": {"x": 0.05}, "mapbox": {"style": "light"}}}}}