{"data": [{"z": [[19.071544647216797, 1.3207380771636963, -4.495738983154297, -0.28639546036720276, -0.51475989818573, 4.087912082672119, -7.05681037902832, 0.17611077427864075, -0.5169219374656677, -0.7224559187889099, 2.539155960083008, 0.8972956538200378, -3.247342348098755, -0.6793085336685181, -3.181518316268921, 1.703004240989685, -0.23117196559906006, 0.3931143283843994, -4.018413543701172, -8.211069107055664, 0.34380626678466797], [1.3207380771636963, 21.323122024536133, -5.637030124664307, -3.8730907440185547, -0.44306817650794983, -4.869871616363525, 4.040859222412109, 2.5998470783233643, -3.752431869506836, 1.148240566253662, 0.9127421379089355, -2.8888585567474365, 0.07653980702161789, 3.7123286724090576, -1.614165186882019, 1.9847171306610107, 0.7033979892730713, -1.821228265762329, 0.7765783071517944, -6.2873430252075195, -4.572303295135498], [-4.495738983154297, -5.637030124664307, 27.952783584594727, -2.330989360809326, -11.874308586120605, 5.920191287994385, 4.025601387023926, 4.180735111236572, -3.2044644355773926, -2.3545424938201904, -8.690716743469238, 1.3245360851287842, 3.649982452392578, -1.7172040939331055, -3.505227565765381, 1.8964835405349731, -0.9247725009918213, 7.5761847496032715, -0.4512556791305542, 3.3090219497680664, 3.1408705711364746], [-0.28639546036720276, -3.8730907440185547, -2.330989360809326, 17.35184669494629, 5.192317008972168, -0.5029968023300171, -3.5920467376708984, 4.070803165435791, 1.8472955226898193, 5.119630813598633, 0.8929755091667175, -0.33055606484413147, -0.6570655107498169, -4.040291786193848, 3.160081148147583, -4.854092121124268, -6.593466281890869, 3.674405574798584, 3.0983290672302246, 10.197956085205078, -2.194551944732666], [-0.51475989818573, -0.44306817650794983, -11.874308586120605, 5.192317008972168, 16.531185150146484, -2.946519613265991, 2.322410821914673, -1.3756052255630493, 1.0732256174087524, 2.0834639072418213, -0.764602780342102, 2.1848793029785156, -1.2455363273620605, 2.049696922302246, -0.7880364656448364, 2.015367269515991, 4.387065410614014, 1.61255943775177, 0.22509050369262695, 6.936589241027832, 3.6965928077697754], [4.087912082672119, -4.869871616363525, 5.920191287994385, -0.5029968023300171, -2.946519613265991, 13.060885429382324, 1.3671680688858032, -1.5115940570831299, -0.47092562913894653, -0.3996914327144623, -3.390129566192627, -0.6269846558570862, 0.06837476789951324, -3.3212013244628906, -0.17083443701267242, -0.3660983145236969, 5.517240524291992, 2.7107977867126465, -0.0825844407081604, -1.8744980096817017, 2.2555091381073], [-7.05681037902832, 4.040859222412109, 4.025601387023926, -3.5920467376708984, 2.322410821914673, 1.3671680688858032, 29.433208465576172, -3.261580228805542, 7.097397327423096, 0.5166959166526794, -7.169238090515137, -8.814155578613281, 3.0165436267852783, 0.2734959125518799, -1.1194771528244019, 4.1828083992004395, 2.3533458709716797, 0.456104040145874, 4.749375343322754, 5.631473541259766, -2.9988508224487305], [0.17611077427864075, 2.5998470783233643, 4.180735111236572, 4.070803165435791, -1.3756052255630493, -1.5115940570831299, -3.261580228805542, 21.761377334594727, -0.9210640788078308, -4.239215850830078, 2.3996713161468506, -2.1596665382385254, 4.603362083435059, -1.8574836254119873, -0.5666874051094055, 0.525667130947113, -3.1573104858398438, 6.796008586883545, -2.2836754322052, 5.735757827758789, -3.9770607948303223], [-0.5169219374656677, -3.752431869506836, -3.2044644355773926, 1.8472955226898193, 1.0732256174087524, -0.47092562913894653, 7.097397327423096, -0.9210640788078308, 20.244888305664062, 6.66998291015625, -4.10508394241333, -3.5660085678100586, -1.088891625404358, 2.370340585708618, -0.6887423992156982, 0.3246462941169739, -5.191965103149414, -2.322880983352661, -1.4970030784606934, -1.4021129608154297, -4.696799278259277], [-0.7224559187889099, 1.148240566253662, -2.3545424938201904, 5.119630813598633, 2.0834639072418213, -0.3996914327144623, 0.5166959166526794, -4.239215850830078, 6.66998291015625, 19.068086624145508, -7.9338250160217285, 1.0979714393615723, 2.8963451385498047, 3.1802408695220947, 7.098954677581787, -1.8113704919815063, -0.12503516674041748, 0.6748631000518799, 4.789949417114258, -0.08989787101745605, 0.9957852363586426], [2.539155960083008, 0.9127421379089355, -8.690716743469238, 0.8929755091667175, -0.764602780342102, -3.390129566192627, -7.169238090515137, 2.3996713161468506, -4.10508394241333, -7.9338250160217285, 25.282018661499023, -2.387216091156006, -4.551582336425781, -2.374950647354126, 1.2238324880599976, 4.72939395904541, -5.596828937530518, -3.1781044006347656, 3.477797508239746, -2.5939691066741943, -7.877120494842529], [0.8972956538200378, -2.8888585567474365, 1.3245360851287842, -0.33055606484413147, 2.1848793029785156, -0.6269846558570862, -8.814155578613281, -2.1596665382385254, -3.5660085678100586, 1.0979714393615723, -2.387216091156006, 23.51875877380371, -0.012043040245771408, 1.7726131677627563, 5.759896278381348, -6.903224945068359, -2.577423572540283, 0.502717137336731, -2.7354931831359863, -4.942531585693359, 3.8851938247680664], [-3.247342348098755, 0.07653980702161789, 3.649982452392578, -0.6570655107498169, -1.2455363273620605, 0.06837476789951324, 3.0165436267852783, 4.603362083435059, -1.088891625404358, 2.8963451385498047, -4.551582336425781, -0.012043040245771408, 17.34896469116211, 1.1751327514648438, 4.3934407234191895, 0.6259886622428894, 5.131833553314209, -3.3897781372070312, -1.301953911781311, 4.217291831970215, -3.758937358856201], [-0.6793085336685181, 3.7123286724090576, -1.7172040939331055, -4.040291786193848, 2.049696922302246, -3.3212013244628906, 0.2734959125518799, -1.8574836254119873, 2.370340585708618, 3.1802408695220947, -2.374950647354126, 1.7726131677627563, 1.1751327514648438, 19.456398010253906, 0.12166402488946915, -3.7498726844787598, 2.9752814769744873, -2.706538677215576, 1.1400766372680664, 0.4696536064147949, 5.055490970611572], [-3.181518316268921, -1.614165186882019, -3.505227565765381, 3.160081148147583, -0.7880364656448364, -0.17083443701267242, -1.1194771528244019, -0.5666874051094055, -0.6887423992156982, 7.098954677581787, 1.2238324880599976, 5.759896278381348, 4.3934407234191895, 0.12166402488946915, 20.60494613647461, -3.441598653793335, -1.5996479988098145, -3.208082675933838, 2.2002925872802734, 6.416707992553711, -4.489850044250488], [1.703004240989685, 1.9847171306610107, 1.8964835405349731, -4.854092121124268, 2.015367269515991, -0.3660983145236969, 4.1828083992004395, 0.525667130947113, 0.3246462941169739, -1.8113704919815063, 4.72939395904541, -6.903224945068359, 0.6259886622428894, -3.7498726844787598, -3.441598653793335, 23.35108184814453, 5.070115089416504, 1.6789394617080688, 1.8563865423202515, -2.8245396614074707, 1.8172065019607544], [-0.2311721295118332, 0.7033976316452026, -0.9247722029685974, -6.593466758728027, 4.387065887451172, 5.517240524291992, 2.353346586227417, -3.157310724258423, -5.191965103149414, -0.12503470480442047, -5.596828937530518, -2.577423572540283, 5.131833076477051, 2.975281238555908, -1.5996484756469727, 5.070114612579346, 23.329561233520508, 2.5864458084106445, -1.207523226737976, -0.8888719081878662, 4.282329559326172], [0.39311483502388, -1.82122802734375, 7.576184272766113, 3.674406051635742, 1.6125595569610596, 2.7107975482940674, 0.4561038315296173, 6.796008586883545, -2.322880983352661, 0.6748629212379456, -3.1781039237976074, 0.5027169585227966, -3.3897781372070312, -2.7065391540527344, -3.208082914352417, 1.6789394617080688, 2.5864458084106445, 17.762948989868164, 0.5239272117614746, 2.1205520629882812, 9.48005199432373], [-4.01841402053833, 0.7765790820121765, -0.4512556493282318, 3.098329544067383, 0.2250903695821762, -0.08258447796106339, 4.749375343322754, -2.283675193786621, -1.4970029592514038, 4.7899489402771, 3.477797269821167, -2.7354929447174072, -1.3019542694091797, 1.1400761604309082, 2.2002928256988525, 1.8563867807388306, -1.207523226737976, 0.5239272117614746, 19.26515007019043, -0.7850251197814941, -3.500741481781006], [-8.211069107055664, -6.287343502044678, 3.309021234512329, 10.197954177856445, 6.93658971786499, -1.874497413635254, 5.63147497177124, 5.735757350921631, -1.4021130800247192, -0.08989822119474411, -2.5939695835113525, -4.942529678344727, 4.217292308807373, 0.4696536064147949, 6.416707992553711, -2.824540138244629, -0.8888719081878662, 2.1205520629882812, -0.7850251197814941, 32.241703033447266, -2.773993968963623], [0.3438061475753784, -4.57230281829834, 3.140869617462158, -2.194551706314087, 3.696592330932617, 2.2555088996887207, -2.998852014541626, -3.9770612716674805, -4.696799278259277, 0.9957855939865112, -7.8771209716796875, 3.8851938247680664, -3.7589378356933594, 5.055490493774414, -4.489849090576172, 1.8172063827514648, 4.282329559326172, 9.480051040649414, -3.500741958618164, -2.7739925384521484, 29.557926177978516]], "type": "heatmap"}], "layout": {"template": {"data": {"histogram2dcontour": [{"type": "histogram2dcontour", "colorbar": {"outlinewidth": 0, "ticks": ""}, "colorscale": [[0.0, "#0d0887"], [0.1111111111111111, "#46039f"], [0.2222222222222222, "#7201a8"], [0.3333333333333333, "#9c179e"], [0.4444444444444444, "#bd3786"], [0.5555555555555556, "#d8576b"], [0.6666666666666666, "#ed7953"], [0.7777777777777778, "#fb9f3a"], [0.8888888888888888, "#fdca26"], [1.0, "#f0f921"]]}], "choropleth": [{"type": "choropleth", "colorbar": {"outlinewidth": 0, "ticks": ""}}], "histogram2d": [{"type": "histogram2d", "colorbar": {"outlinewidth": 0, "ticks": ""}, "colorscale": [[0.0, "#0d0887"], [0.1111111111111111, "#46039f"], [0.2222222222222222, "#7201a8"], [0.3333333333333333, "#9c179e"], [0.4444444444444444, "#bd3786"], [0.5555555555555556, "#d8576b"], [0.6666666666666666, "#ed7953"], [0.7777777777777778, "#fb9f3a"], [0.8888888888888888, "#fdca26"], [1.0, "#f0f921"]]}], "heatmap": [{"type": "heatmap", "colorbar": {"outlinewidth": 0, "ticks": ""}, "colorscale": [[0.0, "#0d0887"], [0.1111111111111111, "#46039f"], [0.2222222222222222, "#7201a8"], [0.3333333333333333, "#9c179e"], [0.4444444444444444, "#bd3786"], [0.5555555555555556, "#d8576b"], [0.6666666666666666, "#ed7953"], [0.7777777777777778, "#fb9f3a"], [0.8888888888888888, "#fdca26"], [1.0, "#f0f921"]]}], "heatmapgl": [{"type": "heatmapgl", "colorbar": {"outlinewidth": 0, "ticks": ""}, "colorscale": [[0.0, "#0d0887"], [0.1111111111111111, "#46039f"], [0.2222222222222222, "#7201a8"], [0.3333333333333333, "#9c179e"], [0.4444444444444444, "#bd3786"], [0.5555555555555556, "#d8576b"], [0.6666666666666666, "#ed7953"], [0.7777777777777778, "#fb9f3a"], [0.8888888888888888, "#fdca26"], [1.0, "#f0f921"]]}], "contourcarpet": [{"type": "contourcarpet", "colorbar": {"outlinewidth": 0, "ticks": ""}}], "contour": [{"type": "contour", "colorbar": {"outlinewidth": 0, "ticks": ""}, "colorscale": [[0.0, "#0d0887"], [0.1111111111111111, "#46039f"], [0.2222222222222222, "#7201a8"], [0.3333333333333333, "#9c179e"], [0.4444444444444444, "#bd3786"], [0.5555555555555556, "#d8576b"], [0.6666666666666666, "#ed7953"], [0.7777777777777778, "#fb9f3a"], [0.8888888888888888, "#fdca26"], [1.0, "#f0f921"]]}], "surface": [{"type": "surface", "colorbar": {"outlinewidth": 0, "ticks": ""}, "colorscale": [[0.0, "#0d0887"], [0.1111111111111111, "#46039f"], [0.2222222222222222, "#7201a8"], [0.3333333333333333, "#9c179e"], [0.4444444444444444, "#bd3786"], [0.5555555555555556, "#d8576b"], [0.6666666666666666, "#ed7953"], [0.7777777777777778, "#fb9f3a"], [0.8888888888888888, "#fdca26"], [1.0, "#f0f921"]]}], "mesh3d": [{"type": "mesh3d", "colorbar": {"outlinewidth": 0, "ticks": ""}}], "scatter": [{"fillpattern": {"fillmode": "overlay", "size": 10, "solidity": 0.2}, "type": "scatter"}], "parcoords": [{"type": "parcoords", "line": {"colorbar": {"outlinewidth": 0, "ticks": ""}}}], "scatterpolargl": [{"type": "scatterpolargl", "marker": {"colorbar": {"outlinewidth": 0, "ticks": ""}}}], "bar": [{"error_x": {"color": "#2a3f5f"}, "error_y": {"color": "#2a3f5f"}, "marker": {"line": {"color": "#E5ECF6", "width": 0.5}, "pattern": {"fillmode": "overlay", "size": 10, "solidity": 0.2}}, "type": "bar"}], "scattergeo": [{"type": "scattergeo", "marker": {"colorbar": {"outlinewidth": 0, "ticks": ""}}}], "scatterpolar": [{"type": "scatterpolar", "marker": {"colorbar": {"outlinewidth": 0, "ticks": ""}}}], "histogram": [{"marker": {"pattern": {"fillmode": "overlay", "size": 10, "solidity": 0.2}}, "type": "histogram"}], "scattergl": [{"type": "scattergl", "marker": {"colorbar": {"outlinewidth": 0, "ticks": ""}}}], "scatter3d": [{"type": "scatter3d", "line": {"colorbar": {"outlinewidth": 0, "ticks": ""}}, "marker": {"colorbar": {"outlinewidth": 0, "ticks": ""}}}], "scattermapbox": [{"type": "scattermapbox", "marker": {"colorbar": {"outlinewidth": 0, "ticks": ""}}}], "scatterternary": [{"type": "scatterternary", "marker": {"colorbar": {"outlinewidth": 0, "ticks": ""}}}], "scattercarpet": [{"type": "scattercarpet", "marker": {"colorbar": {"outlinewidth": 0, "ticks": ""}}}], "carpet": [{"aaxis": {"endlinecolor": "#2a3f5f", "gridcolor": "white", "linecolor": "white", "minorgridcolor": "white", "startlinecolor": "#2a3f5f"}, "baxis": {"endlinecolor": "#2a3f5f", "gridcolor": "white", "linecolor": "white", "minorgridcolor": "white", "startlinecolor": "#2a3f5f"}, "type": "carpet"}], "table": [{"cells": {"fill": {"color": "#EBF0F8"}, "line": {"color": "white"}}, "header": {"fill": {"color": "#C8D4E3"}, "line": {"color": "white"}}, "type": "table"}], "barpolar": [{"marker": {"line": {"color": "#E5ECF6", "width": 0.5}, "pattern": {"fillmode": "overlay", "size": 10, "solidity": 0.2}}, "type": "barpolar"}], "pie": [{"automargin": true, "type": "pie"}]}, "layout": {"autotypenumbers": "strict", "colorway": ["#636efa", "#EF553B", "#00cc96", "#ab63fa", "#FFA15A", "#19d3f3", "#FF6692", "#B6E880", "#FF97FF", "#FECB52"], "font": {"color": "#2a3f5f"}, "hovermode": "closest", "hoverlabel": {"align": "left"}, "paper_bgcolor": "white", "plot_bgcolor": "#E5ECF6", "polar": {"bgcolor": "#E5ECF6", "angularaxis": {"gridcolor": "white", "linecolor": "white", "ticks": ""}, "radialaxis": {"gridcolor": "white", "linecolor": "white", "ticks": ""}}, "ternary": {"bgcolor": "#E5ECF6", "aaxis": {"gridcolor": "white", "linecolor": "white", "ticks": ""}, "baxis": {"gridcolor": "white", "linecolor": "white", "ticks": ""}, "caxis": {"gridcolor": "white", "linecolor": "white", "ticks": ""}}, "coloraxis": {"colorbar": {"outlinewidth": 0, "ticks": ""}}, "colorscale": {"sequential": [[0.0, "#0d0887"], [0.1111111111111111, "#46039f"], [0.2222222222222222, "#7201a8"], [0.3333333333333333, "#9c179e"], [0.4444444444444444, "#bd3786"], [0.5555555555555556, "#d8576b"], [0.6666666666666666, "#ed7953"], [0.7777777777777778, "#fb9f3a"], [0.8888888888888888, "#fdca26"], [1.0, "#f0f921"]], "sequentialminus": [[0.0, "#0d0887"], [0.1111111111111111, "#46039f"], [0.2222222222222222, "#7201a8"], [0.3333333333333333, "#9c179e"], [0.4444444444444444, "#bd3786"], [0.5555555555555556, "#d8576b"], [0.6666666666666666, "#ed7953"], [0.7777777777777778, "#fb9f3a"], [0.8888888888888888, "#fdca26"], [1.0, "#f0f921"]], "diverging": [[0, "#8e0152"], [0.1, "#c51b7d"], [0.2, "#de77ae"], [0.3, "#f1b6da"], [0.4, "#fde0ef"], [0.5, "#f7f7f7"], [0.6, "#e6f5d0"], [0.7, "#b8e186"], [0.8, "#7fbc41"], [0.9, "#4d9221"], [1, "#276419"]]}, "xaxis": {"gridcolor": "white", "linecolor": "white", "ticks": "", "title": {"standoff": 15}, "zerolinecolor": "white", "automargin": true, "zerolinewidth": 2}, "yaxis": {"gridcolor": "white", "linecolor": "white", "ticks": "", "title": {"standoff": 15}, "zerolinecolor": "white", "automargin": true, "zerolinewidth": 2}, "scene": {"xaxis": {"backgroundcolor": "#E5ECF6", "gridcolor": "white", "linecolor": "white", "showbackground": true, "ticks": "", "zerolinecolor": "white", "gridwidth": 2}, "yaxis": {"backgroundcolor": "#E5ECF6", "gridcolor": "white", "linecolor": "white", "showbackground": true, "ticks": "", "zerolinecolor": "white", "gridwidth": 2}, "zaxis": {"backgroundcolor": "#E5ECF6", "gridcolor": "white", "linecolor": "white", "showbackground": true, "ticks": "", "zerolinecolor": "white", "gridwidth": 2}}, "shapedefaults": {"line": {"color": "#2a3f5f"}}, "annotationdefaults": {"arrowcolor": "#2a3f5f", "arrowhead": 0, "arrowwidth": 1}, "geo": {"bgcolor": "white", "landcolor": "#E5ECF6", "subunitcolor": "white", "showland": true, "showlakes": true, "lakecolor": "white"}, "title": {"x": 0.05}, "mapbox": {"style": "light"}}}}}