{"data": [{"z": [[19.488500595092773, 1.3348314762115479, -4.550244331359863, -0.199657142162323, -0.6352498531341553, 4.301364898681641, -7.137135982513428, 0.15192149579524994, -0.409833163022995, -0.7698037624359131, 2.588979721069336, 1.0250004529953003, -3.3013200759887695, -0.5983180999755859, -3.1382904052734375, 1.693419337272644, -0.23873209953308105, 0.4294792413711548, -4.060375213623047, -8.266833305358887, 0.28078675270080566], [1.3348314762115479, 21.748197555541992, -5.618811130523682, -3.9216413497924805, -0.46034228801727295, -4.881072521209717, 4.063000202178955, 2.545323133468628, -3.659494400024414, 1.0558135509490967, 0.9725443720817566, -2.9415500164031982, -0.0739741325378418, 3.7387912273406982, -1.7174896001815796, 2.0063998699188232, 0.8153743743896484, -1.922759771347046, 0.7872921228408813, -6.456625938415527, -4.707318305969238], [-4.550244331359863, -5.618811130523682, 28.487714767456055, -2.283071517944336, -12.216702461242676, 6.004030227661133, 4.094515800476074, 4.255697727203369, -3.1845781803131104, -2.5230205059051514, -8.779272079467773, 1.3616752624511719, 3.762320041656494, -1.7323317527770996, -3.672625780105591, 1.9053188562393188, -0.8834161758422852, 7.704547882080078, -0.5638424158096313, 3.3974127769470215, 3.0596303939819336], [-0.199657142162323, -3.9216413497924805, -2.283071517944336, 17.648000717163086, 5.300968647003174, -0.42136335372924805, -3.611295461654663, 4.204525947570801, 1.965020775794983, 5.218338966369629, 0.8853866457939148, -0.3732333481311798, -0.6656525135040283, -4.09435510635376, 3.2000439167022705, -4.9819159507751465, -6.714348793029785, 3.775026321411133, 3.165937900543213, 10.304227828979492, -2.275857925415039], [-0.6352498531341553, -0.46034228801727295, -12.216702461242676, 5.300968647003174, 16.929035186767578, -3.0628068447113037, 2.3036038875579834, -1.3468211889266968, 1.0362459421157837, 2.1098990440368652, -0.6837975382804871, 2.296818971633911, -1.3474100828170776, 1.9943526983261108, -0.8111140131950378, 2.032909870147705, 4.448857307434082, 1.727039098739624, 0.2633335590362549, 7.030919551849365, 3.7038187980651855], [4.301364898681641, -4.881072521209717, 6.004030227661133, -0.42136335372924805, -3.0628068447113037, 13.540153503417969, 1.4459912776947021, -1.5369502305984497, -0.4711849093437195, -0.3569878935813904, -3.367783784866333, -0.5908418893814087, 0.05849161371588707, -3.340644121170044, -0.09119469672441483, -0.3883606791496277, 5.58815336227417, 2.7734885215759277, -0.06395703554153442, -1.9474670886993408, 2.2966208457946777], [-7.137135982513428, 4.063000202178955, 4.094515800476074, -3.611295461654663, 2.3036038875579834, 1.4459912776947021, 29.8697509765625, -3.310702085494995, 7.133181571960449, 0.5578265190124512, -7.1978983879089355, -8.943140983581543, 3.068713665008545, 0.3001776933670044, -1.1141977310180664, 4.209603786468506, 2.3682851791381836, 0.4401988983154297, 4.736592769622803, 5.629671573638916, -3.001401662826538], [0.15192149579524994, 2.545323133468628, 4.255697727203369, 4.204525947570801, -1.3468211889266968, -1.5369502305984497, -3.310702085494995, 22.247486114501953, -0.9334880113601685, -4.144050598144531, 2.412158966064453, -2.3163018226623535, 4.731613636016846, -1.7704086303710938, -0.5779609084129333, 0.6046817898750305, -3.316555976867676, 6.995858192443848, -2.362476110458374, 5.811870574951172, -3.9056739807128906], [-0.409833163022995, -3.659494400024414, -3.1845781803131104, 1.965020775794983, 1.0362459421157837, -0.4711849093437195, 7.133181571960449, -0.9334880113601685, 20.709426879882812, 6.663082599639893, -4.084107875823975, -3.5293030738830566, -1.0813889503479004, 2.3992464542388916, -0.7388807535171509, 0.28472277522087097, -5.17824125289917, -2.3623046875, -1.47977876663208, -1.4688549041748047, -4.901400566101074], [-0.7698037624359131, 1.0558135509490967, -2.5230205059051514, 5.218338966369629, 2.1098990440368652, -0.3569878935813904, 0.5578265190124512, -4.144050598144531, 6.663082599639893, 19.613859176635742, -8.05783748626709, 1.0674582719802856, 2.974883794784546, 3.3412630558013916, 7.230222225189209, -1.6847147941589355, -0.20624589920043945, 0.8113396167755127, 4.927742004394531, -0.06135964393615723, 1.0967868566513062], [2.588979721069336, 0.9725443720817566, -8.779272079467773, 0.8853866457939148, -0.6837975382804871, -3.367783784866333, -7.1978983879089355, 2.412158966064453, -4.084107875823975, -8.05783748626709, 25.717668533325195, -2.4189605712890625, -4.6166605949401855, -2.4224002361297607, 1.300883412361145, 4.802035808563232, -5.659213066101074, -3.191678047180176, 3.578357219696045, -2.6879568099975586, -7.993616580963135], [1.0250004529953003, -2.9415500164031982, 1.3616752624511719, -0.3732333481311798, 2.296818971633911, -0.5908418893814087, -8.943140983581543, -2.3163018226623535, -3.5293030738830566, 1.0674582719802856, -2.4189605712890625, 24.068008422851562, -0.059008315205574036, 1.8366204500198364, 5.892375469207764, -6.942484378814697, -2.6223621368408203, 0.5026144981384277, -2.729853868484497, -5.032627105712891, 3.8612639904022217], [-3.3013200759887695, -0.0739741325378418, 3.762320041656494, -0.6656525135040283, -1.3474100828170776, 0.05849161371588707, 3.068713665008545, 4.731613636016846, -1.0813889503479004, 2.974883794784546, -4.6166605949401855, -0.059008315205574036, 17.797714233398438, 1.180903673171997, 4.4650983810424805, 0.6907450556755066, 5.220727920532227, -3.4510889053344727, -1.4288771152496338, 4.361191749572754, -3.800473213195801], [-0.5983180999755859, 3.7387912273406982, -1.7323317527770996, -4.09435510635376, 1.9943526983261108, -3.340644121170044, 0.3001776933670044, -1.7704086303710938, 2.3992464542388916, 3.3412630558013916, -2.4224002361297607, 1.8366204500198364, 1.180903673171997, 19.895811080932617, 0.1415320187807083, -3.6581192016601562, 2.9934608936309814, -2.597353935241699, 1.238511562347412, 0.5396862030029297, 5.1417365074157715], [-3.1382904052734375, -1.7174896001815796, -3.672625780105591, 3.2000439167022705, -0.8111140131950378, -0.09119469672441483, -1.1141977310180664, -0.5779609084129333, -0.7388807535171509, 7.230222225189209, 1.300883412361145, 5.892375469207764, 4.4650983810424805, 0.1415320187807083, 21.029455184936523, -3.391134262084961, -1.626704216003418, -3.2818732261657715, 2.203587770462036, 6.499953269958496, -4.5042643547058105], [1.693419337272644, 2.0063998699188232, 1.9053188562393188, -4.9819159507751465, 2.032909870147705, -0.3883606791496277, 4.209603786468506, 0.6046817898750305, 0.28472277522087097, -1.6847147941589355, 4.802035808563232, -6.942484378814697, 0.6907450556755066, -3.6581192016601562, -3.391134262084961, 23.808311462402344, 5.165927886962891, 1.822997808456421, 1.943854570388794, -2.862739324569702, 1.9140082597732544], [-0.2387324869632721, 0.8153740167617798, -0.8834164142608643, -6.714348316192627, 4.448856830596924, 5.58815336227417, 2.3682849407196045, -3.316554546356201, -5.17824125289917, -0.20624558627605438, -5.659213066101074, -2.622361421585083, 5.220728874206543, 2.9934606552124023, -1.6267046928405762, 5.165928363800049, 23.79827117919922, 2.618910312652588, -1.2370078563690186, -0.8742363452911377, 4.215117454528809], [0.4294793903827667, -1.9227606058120728, 7.704547882080078, 3.7750258445739746, 1.7270394563674927, 2.7734882831573486, 0.44019854068756104, 6.995858669281006, -2.362304449081421, 0.8113400936126709, -3.191678047180176, 0.5026145577430725, -3.45108962059021, -2.597353935241699, -3.2818729877471924, 1.8229979276657104, 2.618910312652588, 18.26608657836914, 0.5425815582275391, 2.1097705364227295, 9.699604034423828], [-4.060375213623047, 0.7872915863990784, -0.5638416409492493, 3.165938138961792, 0.2633335590362549, -0.06395728141069412, 4.7365922927856445, -2.3624768257141113, -1.4797793626785278, 4.927742004394531, 3.578356981277466, -2.729853868484497, -1.428877592086792, 1.2385116815567017, 2.203587532043457, 1.943854570388794, -1.2370078563690186, 0.5425815582275391, 19.70180892944336, -0.8424224853515625, -3.5438218116760254], [-8.26683521270752, -6.456625461578369, 3.397413730621338, 10.304228782653809, 7.030920028686523, -1.947466492652893, 5.629671573638916, 5.811870574951172, -1.4688547849655151, -0.06135964021086693, -2.687957286834717, -5.032626152038574, 4.361191749572754, 0.539686918258667, 6.4999542236328125, -2.8627400398254395, -0.8742363452911377, 2.1097705364227295, -0.8424224853515625, 32.79119110107422, -2.866150379180908], [0.2807866334915161, -4.707318305969238, 3.0596299171447754, -2.275858163833618, 3.7038192749023438, 2.2966208457946777, -3.00140118598938, -3.9056742191314697, -4.901400089263916, 1.0967868566513062, -7.993616580963135, 3.861264705657959, -3.8004727363586426, 5.141736030578613, -4.5042643547058105, 1.914008617401123, 4.215117454528809, 9.699604034423828, -3.543821334838867, -2.8661508560180664, 29.557926177978516]], "type": "heatmap"}], "layout": {"template": {"data": {"histogram2dcontour": [{"type": "histogram2dcontour", "colorbar": {"outlinewidth": 0, "ticks": ""}, "colorscale": [[0.0, "#0d0887"], [0.1111111111111111, "#46039f"], [0.2222222222222222, "#7201a8"], [0.3333333333333333, "#9c179e"], [0.4444444444444444, "#bd3786"], [0.5555555555555556, "#d8576b"], [0.6666666666666666, "#ed7953"], [0.7777777777777778, "#fb9f3a"], [0.8888888888888888, "#fdca26"], [1.0, "#f0f921"]]}], "choropleth": [{"type": "choropleth", "colorbar": {"outlinewidth": 0, "ticks": ""}}], "histogram2d": [{"type": "histogram2d", "colorbar": {"outlinewidth": 0, "ticks": ""}, "colorscale": [[0.0, "#0d0887"], [0.1111111111111111, "#46039f"], [0.2222222222222222, "#7201a8"], [0.3333333333333333, "#9c179e"], [0.4444444444444444, "#bd3786"], [0.5555555555555556, "#d8576b"], [0.6666666666666666, "#ed7953"], [0.7777777777777778, "#fb9f3a"], [0.8888888888888888, "#fdca26"], [1.0, "#f0f921"]]}], "heatmap": [{"type": "heatmap", "colorbar": {"outlinewidth": 0, "ticks": ""}, "colorscale": [[0.0, "#0d0887"], [0.1111111111111111, "#46039f"], [0.2222222222222222, "#7201a8"], [0.3333333333333333, "#9c179e"], [0.4444444444444444, "#bd3786"], [0.5555555555555556, "#d8576b"], [0.6666666666666666, "#ed7953"], [0.7777777777777778, "#fb9f3a"], [0.8888888888888888, "#fdca26"], [1.0, "#f0f921"]]}], "heatmapgl": [{"type": "heatmapgl", "colorbar": {"outlinewidth": 0, "ticks": ""}, "colorscale": [[0.0, "#0d0887"], [0.1111111111111111, "#46039f"], [0.2222222222222222, "#7201a8"], [0.3333333333333333, "#9c179e"], [0.4444444444444444, "#bd3786"], [0.5555555555555556, "#d8576b"], [0.6666666666666666, "#ed7953"], [0.7777777777777778, "#fb9f3a"], [0.8888888888888888, "#fdca26"], [1.0, "#f0f921"]]}], "contourcarpet": [{"type": "contourcarpet", "colorbar": {"outlinewidth": 0, "ticks": ""}}], "contour": [{"type": "contour", "colorbar": {"outlinewidth": 0, "ticks": ""}, "colorscale": [[0.0, "#0d0887"], [0.1111111111111111, "#46039f"], [0.2222222222222222, "#7201a8"], [0.3333333333333333, "#9c179e"], [0.4444444444444444, "#bd3786"], [0.5555555555555556, "#d8576b"], [0.6666666666666666, "#ed7953"], [0.7777777777777778, "#fb9f3a"], [0.8888888888888888, "#fdca26"], [1.0, "#f0f921"]]}], "surface": [{"type": "surface", "colorbar": {"outlinewidth": 0, "ticks": ""}, "colorscale": [[0.0, "#0d0887"], [0.1111111111111111, "#46039f"], [0.2222222222222222, "#7201a8"], [0.3333333333333333, "#9c179e"], [0.4444444444444444, "#bd3786"], [0.5555555555555556, "#d8576b"], [0.6666666666666666, "#ed7953"], [0.7777777777777778, "#fb9f3a"], [0.8888888888888888, "#fdca26"], [1.0, "#f0f921"]]}], "mesh3d": [{"type": "mesh3d", "colorbar": {"outlinewidth": 0, "ticks": ""}}], "scatter": [{"fillpattern": {"fillmode": "overlay", "size": 10, "solidity": 0.2}, "type": "scatter"}], "parcoords": [{"type": "parcoords", "line": {"colorbar": {"outlinewidth": 0, "ticks": ""}}}], "scatterpolargl": [{"type": "scatterpolargl", "marker": {"colorbar": {"outlinewidth": 0, "ticks": ""}}}], "bar": [{"error_x": {"color": "#2a3f5f"}, "error_y": {"color": "#2a3f5f"}, "marker": {"line": {"color": "#E5ECF6", "width": 0.5}, "pattern": {"fillmode": "overlay", "size": 10, "solidity": 0.2}}, "type": "bar"}], "scattergeo": [{"type": "scattergeo", "marker": {"colorbar": {"outlinewidth": 0, "ticks": ""}}}], "scatterpolar": [{"type": "scatterpolar", "marker": {"colorbar": {"outlinewidth": 0, "ticks": ""}}}], "histogram": [{"marker": {"pattern": {"fillmode": "overlay", "size": 10, "solidity": 0.2}}, "type": "histogram"}], "scattergl": [{"type": "scattergl", "marker": {"colorbar": {"outlinewidth": 0, "ticks": ""}}}], "scatter3d": [{"type": "scatter3d", "line": {"colorbar": {"outlinewidth": 0, "ticks": ""}}, "marker": {"colorbar": {"outlinewidth": 0, "ticks": ""}}}], "scattermapbox": [{"type": "scattermapbox", "marker": {"colorbar": {"outlinewidth": 0, "ticks": ""}}}], "scatterternary": [{"type": "scatterternary", "marker": {"colorbar": {"outlinewidth": 0, "ticks": ""}}}], "scattercarpet": [{"type": "scattercarpet", "marker": {"colorbar": {"outlinewidth": 0, "ticks": ""}}}], "carpet": [{"aaxis": {"endlinecolor": "#2a3f5f", "gridcolor": "white", "linecolor": "white", "minorgridcolor": "white", "startlinecolor": "#2a3f5f"}, "baxis": {"endlinecolor": "#2a3f5f", "gridcolor": "white", "linecolor": "white", "minorgridcolor": "white", "startlinecolor": "#2a3f5f"}, "type": "carpet"}], "table": [{"cells": {"fill": {"color": "#EBF0F8"}, "line": {"color": "white"}}, "header": {"fill": {"color": "#C8D4E3"}, "line": {"color": "white"}}, "type": "table"}], "barpolar": [{"marker": {"line": {"color": "#E5ECF6", "width": 0.5}, "pattern": {"fillmode": "overlay", "size": 10, "solidity": 0.2}}, "type": "barpolar"}], "pie": [{"automargin": true, "type": "pie"}]}, "layout": {"autotypenumbers": "strict", "colorway": ["#636efa", "#EF553B", "#00cc96", "#ab63fa", "#FFA15A", "#19d3f3", "#FF6692", "#B6E880", "#FF97FF", "#FECB52"], "font": {"color": "#2a3f5f"}, "hovermode": "closest", "hoverlabel": {"align": "left"}, "paper_bgcolor": "white", "plot_bgcolor": "#E5ECF6", "polar": {"bgcolor": "#E5ECF6", "angularaxis": {"gridcolor": "white", "linecolor": "white", "ticks": ""}, "radialaxis": {"gridcolor": "white", "linecolor": "white", "ticks": ""}}, "ternary": {"bgcolor": "#E5ECF6", "aaxis": {"gridcolor": "white", "linecolor": "white", "ticks": ""}, "baxis": {"gridcolor": "white", "linecolor": "white", "ticks": ""}, "caxis": {"gridcolor": "white", "linecolor": "white", "ticks": ""}}, "coloraxis": {"colorbar": {"outlinewidth": 0, "ticks": ""}}, "colorscale": {"sequential": [[0.0, "#0d0887"], [0.1111111111111111, "#46039f"], [0.2222222222222222, "#7201a8"], [0.3333333333333333, "#9c179e"], [0.4444444444444444, "#bd3786"], [0.5555555555555556, "#d8576b"], [0.6666666666666666, "#ed7953"], [0.7777777777777778, "#fb9f3a"], [0.8888888888888888, "#fdca26"], [1.0, "#f0f921"]], "sequentialminus": [[0.0, "#0d0887"], [0.1111111111111111, "#46039f"], [0.2222222222222222, "#7201a8"], [0.3333333333333333, "#9c179e"], [0.4444444444444444, "#bd3786"], [0.5555555555555556, "#d8576b"], [0.6666666666666666, "#ed7953"], [0.7777777777777778, "#fb9f3a"], [0.8888888888888888, "#fdca26"], [1.0, "#f0f921"]], "diverging": [[0, "#8e0152"], [0.1, "#c51b7d"], [0.2, "#de77ae"], [0.3, "#f1b6da"], [0.4, "#fde0ef"], [0.5, "#f7f7f7"], [0.6, "#e6f5d0"], [0.7, "#b8e186"], [0.8, "#7fbc41"], [0.9, "#4d9221"], [1, "#276419"]]}, "xaxis": {"gridcolor": "white", "linecolor": "white", "ticks": "", "title": {"standoff": 15}, "zerolinecolor": "white", "automargin": true, "zerolinewidth": 2}, "yaxis": {"gridcolor": "white", "linecolor": "white", "ticks": "", "title": {"standoff": 15}, "zerolinecolor": "white", "automargin": true, "zerolinewidth": 2}, "scene": {"xaxis": {"backgroundcolor": "#E5ECF6", "gridcolor": "white", "linecolor": "white", "showbackground": true, "ticks": "", "zerolinecolor": "white", "gridwidth": 2}, "yaxis": {"backgroundcolor": "#E5ECF6", "gridcolor": "white", "linecolor": "white", "showbackground": true, "ticks": "", "zerolinecolor": "white", "gridwidth": 2}, "zaxis": {"backgroundcolor": "#E5ECF6", "gridcolor": "white", "linecolor": "white", "showbackground": true, "ticks": "", "zerolinecolor": "white", "gridwidth": 2}}, "shapedefaults": {"line": {"color": "#2a3f5f"}}, "annotationdefaults": {"arrowcolor": "#2a3f5f", "arrowhead": 0, "arrowwidth": 1}, "geo": {"bgcolor": "white", "landcolor": "#E5ECF6", "subunitcolor": "white", "showland": true, "showlakes": true, "lakecolor": "white"}, "title": {"x": 0.05}, "mapbox": {"style": "light"}}}}}