{"data": [{"z": [[19.10617446899414, 1.305977463722229, -4.507805347442627, -0.2807132303714752, -0.525713324546814, 4.090882778167725, -7.0654706954956055, 0.1543085277080536, -0.519579291343689, -0.7341261506080627, 2.5326790809631348, 0.8996405005455017, -3.2713735103607178, -0.6843243837356567, -3.1858160495758057, 1.6888163089752197, -0.2423572540283203, 0.386887788772583, -4.0302228927612305, -8.218524932861328, 0.35135722160339355], [1.305977463722229, 21.353532791137695, -5.64790678024292, -3.8788185119628906, -0.4454675316810608, -4.88770866394043, 4.034694194793701, 2.5786824226379395, -3.7507436275482178, 1.1283173561096191, 0.9079028367996216, -2.9007303714752197, 0.044218648225069046, 3.703979969024658, -1.6263922452926636, 1.978285312652588, 0.7042725086212158, -1.8396109342575073, 0.7678945064544678, -6.301332473754883, -4.5840020179748535], [-4.507805347442627, -5.64790678024292, 28.007471084594727, -2.337458610534668, -11.908857345581055, 5.922591686248779, 4.031063556671143, 4.177203178405762, -3.2135307788848877, -2.376131772994995, -8.70872688293457, 1.322792887687683, 3.6594345569610596, -1.730247139930725, -3.521923780441284, 1.8909162282943726, -0.925705075263977, 7.5803680419921875, -0.4728555679321289, 3.31258225440979, 3.137218952178955], [-0.2807132303714752, -3.8788185119628906, -2.337458610534668, 17.3763427734375, 5.191731929779053, -0.5065445303916931, -3.6011605262756348, 4.070414066314697, 1.8445861339569092, 5.124726295471191, 0.8849782943725586, -0.3443605899810791, -0.6701489090919495, -4.054346084594727, 3.1546640396118164, -4.884625434875488, -6.622141361236572, 3.667299747467041, 3.096148729324341, 10.196110725402832, -2.1973161697387695], [-0.525713324546814, -0.4454675316810608, -11.908857345581055, 5.191731929779053, 16.571840286254883, -2.9712367057800293, 2.3191843032836914, -1.3889676332473755, 1.061513900756836, 2.0824484825134277, -0.7628905177116394, 2.1842334270477295, -1.2599202394485474, 2.042022228240967, -0.7986075282096863, 2.009197235107422, 4.389134407043457, 1.6153830289840698, 0.2269446849822998, 6.936500549316406, 3.709512710571289], [4.090882778167725, -4.88770866394043, 5.922591686248779, -0.5065445303916931, -2.9712367057800293, 13.10399341583252, 1.3677886724472046, -1.5303775072097778, -0.48190373182296753, -0.399524986743927, -3.396334171295166, -0.6395595073699951, 0.04637622460722923, -3.3398730754852295, -0.1731572449207306, -0.39426666498184204, 5.494421005249023, 2.6979448795318604, -0.08363115787506104, -1.8965214490890503, 2.2670085430145264], [-7.0654706954956055, 4.034694194793701, 4.031063556671143, -3.6011605262756348, 2.3191843032836914, 1.3677886724472046, 29.4843692779541, -3.271380662918091, 7.088858127593994, 0.5147240161895752, -7.175904750823975, -8.83736515045166, 3.018018960952759, 0.26873594522476196, -1.122642159461975, 4.178636074066162, 2.3473620414733887, 0.446294903755188, 4.746634483337402, 5.627468109130859, -2.994281768798828], [0.1543085277080536, 2.5786824226379395, 4.177203178405762, 4.070414066314697, -1.3889676332473755, -1.5303775072097778, -3.271380662918091, 21.80863380432129, -0.9483444094657898, -4.235510349273682, 2.386857509613037, -2.1902763843536377, 4.602899074554443, -1.8593851327896118, -0.577733039855957, 0.5268595218658447, -3.184123992919922, 6.797779560089111, -2.301870107650757, 5.731217384338379, -3.95906662940979], [-0.519579291343689, -3.7507436275482178, -3.2135307788848877, 1.8445861339569092, 1.061513900756836, -0.48190373182296753, 7.088858127593994, -0.9483444094657898, 20.283138275146484, 6.6559014320373535, -4.11246919631958, -3.56425142288208, -1.0996417999267578, 2.3591654300689697, -0.7043328881263733, 0.30725130438804626, -5.200404167175293, -2.346883535385132, -1.5061875581741333, -1.4145591259002686, -4.716401100158691], [-0.7341261506080627, 1.1283173561096191, -2.376131772994995, 5.124726295471191, 2.0824484825134277, -0.399524986743927, 0.5147240161895752, -4.235510349273682, 6.6559014320373535, 19.139389038085938, -7.94832706451416, 1.0855249166488647, 2.894005060195923, 3.1917917728424072, 7.1078410148620605, -1.815866470336914, -0.14670896530151367, 0.6822118759155273, 4.802349090576172, -0.09123492240905762, 1.0144511461257935], [2.5326790809631348, 0.9079028367996216, -8.70872688293457, 0.8849782943725586, -0.7628905177116394, -3.396334171295166, -7.175904750823975, 2.386857509613037, -4.11246919631958, -7.94832706451416, 25.315357208251953, -2.3913707733154297, -4.570506572723389, -2.3848061561584473, 1.2296617031097412, 4.723580360412598, -5.612102508544922, -3.186962127685547, 3.481961488723755, -2.6089625358581543, -7.884387969970703], [0.8996405005455017, -2.9007303714752197, 1.322792887687683, -0.3443605899810791, 2.1842334270477295, -0.6395595073699951, -8.83736515045166, -2.1902763843536377, -3.56425142288208, 1.0855249166488647, -2.3913707733154297, 23.552875518798828, -0.02413833700120449, 1.7666486501693726, 5.758265972137451, -6.928369998931885, -2.594010353088379, 0.4885770082473755, -2.745520830154419, -4.9543352127075195, 3.8798117637634277], [-3.2713735103607178, 0.044218648225069046, 3.6594345569610596, -0.6701489090919495, -1.2599202394485474, 0.04637622460722923, 3.018018960952759, 4.602899074554443, -1.0996417999267578, 2.894005060195923, -4.570506572723389, -0.02413833700120449, 17.386159896850586, 1.1668132543563843, 4.386371612548828, 0.6135538816452026, 5.12492036819458, -3.415083646774292, -1.323959469795227, 4.2262372970581055, -3.757948637008667], [-0.6843243837356567, 3.703979969024658, -1.730247139930725, -4.054346084594727, 2.042022228240967, -3.3398730754852295, 0.26873594522476196, -1.8593851327896118, 2.3591654300689697, 3.1917917728424072, -2.3848061561584473, 1.7666486501693726, 1.1668132543563843, 19.495040893554688, 0.11770044267177582, -3.7544541358947754, 2.9602127075195312, -2.7184829711914062, 1.1416780948638916, 0.4676847457885742, 5.0718994140625], [-3.1858160495758057, -1.6263922452926636, -3.521923780441284, 3.1546640396118164, -0.7986075282096863, -0.1731572449207306, -1.122642159461975, -0.577733039855957, -0.7043328881263733, 7.1078410148620605, 1.2296617031097412, 5.758265972137451, 4.386371612548828, 0.11770044267177582, 20.632654190063477, -3.4574294090270996, -1.616889238357544, -3.2291314601898193, 2.1974148750305176, 6.413594722747803, -4.4841413497924805], [1.6888163089752197, 1.978285312652588, 1.8909162282943726, -4.884625434875488, 2.009197235107422, -0.39426666498184204, 4.178636074066162, 0.5268595218658447, 0.30725130438804626, -1.815866470336914, 4.723580360412598, -6.928369998931885, 0.6135538816452026, -3.7544541358947754, -3.4574294090270996, 23.38170623779297, 5.064680576324463, 1.6754333972930908, 1.8535429239273071, -2.848104953765869, 1.8312129974365234], [-0.2423570603132248, 0.7042726874351501, -0.9257044792175293, -6.622141361236572, 4.389133930206299, 5.494421005249023, 2.3473618030548096, -3.1841237545013428, -5.200404644012451, -0.1467086225748062, -5.61210298538208, -2.5940093994140625, 5.12492036819458, 2.9602134227752686, -1.6168886423110962, 5.064680576324463, 23.362289428710938, 2.5662145614624023, -1.223097801208496, -0.89096999168396, 4.278652191162109], [0.386887788772583, -1.8396106958389282, 7.5803680419921875, 3.667300224304199, 1.6153827905654907, 2.6979455947875977, 0.4462943375110626, 6.797779083251953, -2.346883773803711, 0.6822119355201721, -3.186962127685547, 0.4885767996311188, -3.415083169937134, -2.7184834480285645, -3.2291314601898193, 1.6754333972930908, 2.5662145614624023, 17.798595428466797, 0.515927791595459, 2.1069610118865967, 9.513564109802246], [-4.030223369598389, 0.7678942680358887, -0.4728558659553528, 3.0961480140686035, 0.22694458067417145, -0.08363157510757446, 4.746634483337402, -2.3018693923950195, -1.5061872005462646, 4.802348613739014, 3.4819610118865967, -2.745521306991577, -1.3239595890045166, 1.1416782140731812, 2.1974148750305176, 1.8535431623458862, -1.223097801208496, 0.515927791595459, 19.305614471435547, -0.8004710674285889, -3.4997718334198], [-8.218524932861328, -6.301332950592041, 3.312582492828369, 10.196111679077148, 6.936500072479248, -1.8965208530426025, 5.627467155456543, 5.7312164306640625, -1.414559006690979, -0.09123506397008896, -2.6089630126953125, -4.954335689544678, 4.226237773895264, 0.4676845967769623, 6.413594722747803, -2.8481040000915527, -0.89096999168396, 2.1069610118865967, -0.8004710674285889, 32.28840255737305, -2.7827463150024414], [0.35135751962661743, -4.584002494812012, 3.137218952178955, -2.1973166465759277, 3.709512710571289, 2.2670087814331055, -2.9942827224731445, -3.959066867828369, -4.716400623321533, 1.0144505500793457, -7.884388446807861, 3.879812717437744, -3.757948875427246, 5.071899890899658, -4.484140396118164, 1.8312129974365234, 4.278653144836426, 9.51356315612793, -3.4997715950012207, -2.7827463150024414, 29.557926177978516]], "type": "heatmap"}], "layout": {"template": {"data": {"histogram2dcontour": [{"type": "histogram2dcontour", "colorbar": {"outlinewidth": 0, "ticks": ""}, "colorscale": [[0.0, "#0d0887"], [0.1111111111111111, "#46039f"], [0.2222222222222222, "#7201a8"], [0.3333333333333333, "#9c179e"], [0.4444444444444444, "#bd3786"], [0.5555555555555556, "#d8576b"], [0.6666666666666666, "#ed7953"], [0.7777777777777778, "#fb9f3a"], [0.8888888888888888, "#fdca26"], [1.0, "#f0f921"]]}], "choropleth": [{"type": "choropleth", "colorbar": {"outlinewidth": 0, "ticks": ""}}], "histogram2d": [{"type": "histogram2d", "colorbar": {"outlinewidth": 0, "ticks": ""}, "colorscale": [[0.0, "#0d0887"], [0.1111111111111111, "#46039f"], [0.2222222222222222, "#7201a8"], [0.3333333333333333, "#9c179e"], [0.4444444444444444, "#bd3786"], [0.5555555555555556, "#d8576b"], [0.6666666666666666, "#ed7953"], [0.7777777777777778, "#fb9f3a"], [0.8888888888888888, "#fdca26"], [1.0, "#f0f921"]]}], "heatmap": [{"type": "heatmap", "colorbar": {"outlinewidth": 0, "ticks": ""}, "colorscale": [[0.0, "#0d0887"], [0.1111111111111111, "#46039f"], [0.2222222222222222, "#7201a8"], [0.3333333333333333, "#9c179e"], [0.4444444444444444, "#bd3786"], [0.5555555555555556, "#d8576b"], [0.6666666666666666, "#ed7953"], [0.7777777777777778, "#fb9f3a"], [0.8888888888888888, "#fdca26"], [1.0, "#f0f921"]]}], "heatmapgl": [{"type": "heatmapgl", "colorbar": {"outlinewidth": 0, "ticks": ""}, "colorscale": [[0.0, "#0d0887"], [0.1111111111111111, "#46039f"], [0.2222222222222222, "#7201a8"], [0.3333333333333333, "#9c179e"], [0.4444444444444444, "#bd3786"], [0.5555555555555556, "#d8576b"], [0.6666666666666666, "#ed7953"], [0.7777777777777778, "#fb9f3a"], [0.8888888888888888, "#fdca26"], [1.0, "#f0f921"]]}], "contourcarpet": [{"type": "contourcarpet", "colorbar": {"outlinewidth": 0, "ticks": ""}}], "contour": [{"type": "contour", "colorbar": {"outlinewidth": 0, "ticks": ""}, "colorscale": [[0.0, "#0d0887"], [0.1111111111111111, "#46039f"], [0.2222222222222222, "#7201a8"], [0.3333333333333333, "#9c179e"], [0.4444444444444444, "#bd3786"], [0.5555555555555556, "#d8576b"], [0.6666666666666666, "#ed7953"], [0.7777777777777778, "#fb9f3a"], [0.8888888888888888, "#fdca26"], [1.0, "#f0f921"]]}], "surface": [{"type": "surface", "colorbar": {"outlinewidth": 0, "ticks": ""}, "colorscale": [[0.0, "#0d0887"], [0.1111111111111111, "#46039f"], [0.2222222222222222, "#7201a8"], [0.3333333333333333, "#9c179e"], [0.4444444444444444, "#bd3786"], [0.5555555555555556, "#d8576b"], [0.6666666666666666, "#ed7953"], [0.7777777777777778, "#fb9f3a"], [0.8888888888888888, "#fdca26"], [1.0, "#f0f921"]]}], "mesh3d": [{"type": "mesh3d", "colorbar": {"outlinewidth": 0, "ticks": ""}}], "scatter": [{"fillpattern": {"fillmode": "overlay", "size": 10, "solidity": 0.2}, "type": "scatter"}], "parcoords": [{"type": "parcoords", "line": {"colorbar": {"outlinewidth": 0, "ticks": ""}}}], "scatterpolargl": [{"type": "scatterpolargl", "marker": {"colorbar": {"outlinewidth": 0, "ticks": ""}}}], "bar": [{"error_x": {"color": "#2a3f5f"}, "error_y": {"color": "#2a3f5f"}, "marker": {"line": {"color": "#E5ECF6", "width": 0.5}, "pattern": {"fillmode": "overlay", "size": 10, "solidity": 0.2}}, "type": "bar"}], "scattergeo": [{"type": "scattergeo", "marker": {"colorbar": {"outlinewidth": 0, "ticks": ""}}}], "scatterpolar": [{"type": "scatterpolar", "marker": {"colorbar": {"outlinewidth": 0, "ticks": ""}}}], "histogram": [{"marker": {"pattern": {"fillmode": "overlay", "size": 10, "solidity": 0.2}}, "type": "histogram"}], "scattergl": [{"type": "scattergl", "marker": {"colorbar": {"outlinewidth": 0, "ticks": ""}}}], "scatter3d": [{"type": "scatter3d", "line": {"colorbar": {"outlinewidth": 0, "ticks": ""}}, "marker": {"colorbar": {"outlinewidth": 0, "ticks": ""}}}], "scattermapbox": [{"type": "scattermapbox", "marker": {"colorbar": {"outlinewidth": 0, "ticks": ""}}}], "scatterternary": [{"type": "scatterternary", "marker": {"colorbar": {"outlinewidth": 0, "ticks": ""}}}], "scattercarpet": [{"type": "scattercarpet", "marker": {"colorbar": {"outlinewidth": 0, "ticks": ""}}}], "carpet": [{"aaxis": {"endlinecolor": "#2a3f5f", "gridcolor": "white", "linecolor": "white", "minorgridcolor": "white", "startlinecolor": "#2a3f5f"}, "baxis": {"endlinecolor": "#2a3f5f", "gridcolor": "white", "linecolor": "white", "minorgridcolor": "white", "startlinecolor": "#2a3f5f"}, "type": "carpet"}], "table": [{"cells": {"fill": {"color": "#EBF0F8"}, "line": {"color": "white"}}, "header": {"fill": {"color": "#C8D4E3"}, "line": {"color": "white"}}, "type": "table"}], "barpolar": [{"marker": {"line": {"color": "#E5ECF6", "width": 0.5}, "pattern": {"fillmode": "overlay", "size": 10, "solidity": 0.2}}, "type": "barpolar"}], "pie": [{"automargin": true, "type": "pie"}]}, "layout": {"autotypenumbers": "strict", "colorway": ["#636efa", "#EF553B", "#00cc96", "#ab63fa", "#FFA15A", "#19d3f3", "#FF6692", "#B6E880", "#FF97FF", "#FECB52"], "font": {"color": "#2a3f5f"}, "hovermode": "closest", "hoverlabel": {"align": "left"}, "paper_bgcolor": "white", "plot_bgcolor": "#E5ECF6", "polar": {"bgcolor": "#E5ECF6", "angularaxis": {"gridcolor": "white", "linecolor": "white", "ticks": ""}, "radialaxis": {"gridcolor": "white", "linecolor": "white", "ticks": ""}}, "ternary": {"bgcolor": "#E5ECF6", "aaxis": {"gridcolor": "white", "linecolor": "white", "ticks": ""}, "baxis": {"gridcolor": "white", "linecolor": "white", "ticks": ""}, "caxis": {"gridcolor": "white", "linecolor": "white", "ticks": ""}}, "coloraxis": {"colorbar": {"outlinewidth": 0, "ticks": ""}}, "colorscale": {"sequential": [[0.0, "#0d0887"], [0.1111111111111111, "#46039f"], [0.2222222222222222, "#7201a8"], [0.3333333333333333, "#9c179e"], [0.4444444444444444, "#bd3786"], [0.5555555555555556, "#d8576b"], [0.6666666666666666, "#ed7953"], [0.7777777777777778, "#fb9f3a"], [0.8888888888888888, "#fdca26"], [1.0, "#f0f921"]], "sequentialminus": [[0.0, "#0d0887"], [0.1111111111111111, "#46039f"], [0.2222222222222222, "#7201a8"], [0.3333333333333333, "#9c179e"], [0.4444444444444444, "#bd3786"], [0.5555555555555556, "#d8576b"], [0.6666666666666666, "#ed7953"], [0.7777777777777778, "#fb9f3a"], [0.8888888888888888, "#fdca26"], [1.0, "#f0f921"]], "diverging": [[0, "#8e0152"], [0.1, "#c51b7d"], [0.2, "#de77ae"], [0.3, "#f1b6da"], [0.4, "#fde0ef"], [0.5, "#f7f7f7"], [0.6, "#e6f5d0"], [0.7, "#b8e186"], [0.8, "#7fbc41"], [0.9, "#4d9221"], [1, "#276419"]]}, "xaxis": {"gridcolor": "white", "linecolor": "white", "ticks": "", "title": {"standoff": 15}, "zerolinecolor": "white", "automargin": true, "zerolinewidth": 2}, "yaxis": {"gridcolor": "white", "linecolor": "white", "ticks": "", "title": {"standoff": 15}, "zerolinecolor": "white", "automargin": true, "zerolinewidth": 2}, "scene": {"xaxis": {"backgroundcolor": "#E5ECF6", "gridcolor": "white", "linecolor": "white", "showbackground": true, "ticks": "", "zerolinecolor": "white", "gridwidth": 2}, "yaxis": {"backgroundcolor": "#E5ECF6", "gridcolor": "white", "linecolor": "white", "showbackground": true, "ticks": "", "zerolinecolor": "white", "gridwidth": 2}, "zaxis": {"backgroundcolor": "#E5ECF6", "gridcolor": "white", "linecolor": "white", "showbackground": true, "ticks": "", "zerolinecolor": "white", "gridwidth": 2}}, "shapedefaults": {"line": {"color": "#2a3f5f"}}, "annotationdefaults": {"arrowcolor": "#2a3f5f", "arrowhead": 0, "arrowwidth": 1}, "geo": {"bgcolor": "white", "landcolor": "#E5ECF6", "subunitcolor": "white", "showland": true, "showlakes": true, "lakecolor": "white"}, "title": {"x": 0.05}, "mapbox": {"style": "light"}}}}}