{"data": [{"z": [[22.012760162353516, 1.5363863706588745, -5.97623872756958, -0.3850477933883667, -1.423886775970459, 5.18848991394043, -9.16717529296875, -0.791419267654419, 0.00921972282230854, -1.3339588642120361, 3.4203619956970215, 1.8466954231262207, -5.968420505523682, -0.7076346278190613, -4.0348992347717285, 1.0233181715011597, -1.24601149559021, -0.5015158653259277, -4.977134704589844, -10.714859008789062, 0.16572165489196777], [1.5363863706588745, 24.557031631469727, -7.408966541290283, -5.47952938079834, -1.1820359230041504, -5.917749404907227, 3.6821422576904297, 1.2778669595718384, -4.214991569519043, 0.2928870618343353, 1.96894109249115, -4.314271450042725, -1.9651001691818237, 4.2112579345703125, -3.2973408699035645, 2.618290662765503, 0.5823836326599121, -3.1529617309570312, 1.2508066892623901, -8.865121841430664, -4.6482462882995605], [-5.97623872756958, -7.408966541290283, 33.603363037109375, -2.394770383834839, -15.875078201293945, 7.543590068817139, 5.525026798248291, 5.665095329284668, -3.852881908416748, -2.2847299575805664, -12.118708610534668, 1.3682790994644165, 5.334073066711426, -1.9972645044326782, -4.583617210388184, 0.5306902527809143, -0.6835410594940186, 10.252842903137207, -1.4466931819915771, 3.9020214080810547, 3.3340165615081787], [-0.3850477933883667, -5.47952938079834, -2.394770383834839, 21.108949661254883, 5.888392925262451, -0.29952114820480347, -3.257672071456909, 5.989927291870117, 2.3977484703063965, 6.117916107177734, 0.7232972979545593, -1.3029942512512207, -0.7316554188728333, -5.048961162567139, 3.5105671882629395, -5.918076992034912, -8.694371223449707, 4.755909442901611, 3.032606840133667, 12.77714729309082, -2.9004099369049072], [-1.423886775970459, -1.1820359230041504, -15.875078201293945, 5.888392925262451, 19.836280822753906, -5.078308582305908, 1.3620938062667847, -2.171107292175293, 0.9138346910476685, 1.750491738319397, 0.6814523935317993, 2.193286895751953, -3.2983875274658203, 1.4554674625396729, -0.8029691576957703, 1.9484556913375854, 3.1305594444274902, 0.8237462639808655, 0.3580801486968994, 8.2759370803833, 4.1266093254089355], [5.18848991394043, -5.917749404907227, 7.543590068817139, -0.29952114820480347, -5.078308582305908, 16.81496238708496, 2.7093114852905273, -0.808167576789856, -0.7682754397392273, 0.8909704685211182, -5.0728440284729, -0.5698519349098206, 0.03221971169114113, -3.5567944049835205, -0.19893904030323029, -0.11040069907903671, 6.631032943725586, 4.020162105560303, -0.22064882516860962, -2.8977668285369873, 2.2013025283813477], [-9.16717529296875, 3.6821422576904297, 5.525026798248291, -3.257672071456909, 1.3620938062667847, 2.7093114852905273, 34.59967803955078, -2.4921538829803467, 7.220139503479004, 1.5834157466888428, -8.715471267700195, -11.075433731079102, 4.65337610244751, 0.3444843292236328, -0.9109134078025818, 5.669472694396973, 3.5367867946624756, 1.4874664545059204, 6.094874858856201, 7.0192952156066895, -3.412464141845703], [-0.791419267654419, 1.2778669595718384, 5.665095329284668, 5.989927291870117, -2.171107292175293, -0.808167576789856, -2.4921538829803467, 27.89741325378418, -1.0578266382217407, -2.190662145614624, 1.2895703315734863, -3.8494021892547607, 5.9354047775268555, -0.4683530032634735, -1.4981575012207031, 2.253429412841797, -3.797976493835449, 10.044576644897461, -2.9648990631103516, 7.588163375854492, -4.43358850479126], [0.00921972282230854, -4.214991569519043, -3.852881908416748, 2.3977484703063965, 0.9138346910476685, -0.7682754397392273, 7.220139503479004, -1.0578266382217407, 22.3557186126709, 6.640248775482178, -3.8943095207214355, -4.6623735427856445, -3.0664708614349365, 1.6858043670654297, -1.8260266780853271, -0.35404351353645325, -7.47563362121582, -2.486116886138916, -1.4709445238113403, -2.096667528152466, -4.634167671203613], [-1.3339588642120361, 0.2928870618343353, -2.2847299575805664, 6.117916107177734, 1.750491738319397, 0.8909704685211182, 1.5834157466888428, -2.190662145614624, 6.640248775482178, 23.917587280273438, -9.821418762207031, 1.0670932531356812, 4.8556318283081055, 5.651979923248291, 8.186163902282715, 0.2971215546131134, 0.5755094289779663, 1.84700345993042, 6.188179016113281, 0.5199544429779053, 0.9781363010406494], [3.4203619956970215, 1.96894109249115, -12.118708610534668, 0.7232972979545593, 0.6814523935317993, -5.0728440284729, -8.715471267700195, 1.2895703315734863, -3.8943095207214355, -9.821418762207031, 29.26009750366211, -3.5080697536468506, -7.574992656707764, -3.4557197093963623, 0.5081291794776917, 5.822205543518066, -7.588265419006348, -5.061315536499023, 4.260523796081543, -3.9355320930480957, -8.3782320022583], [1.8466954231262207, -4.314271450042725, 1.3682790994644165, -1.3029942512512207, 2.193286895751953, -0.5698519349098206, -11.075433731079102, -3.8494021892547607, -4.6623735427856445, 1.0670932531356812, -3.5080697536468506, 28.164804458618164, -0.8169978857040405, 2.6668105125427246, 7.7373528480529785, -8.497991561889648, -3.1776840686798096, 0.05928981304168701, -3.7965493202209473, -6.832568168640137, 4.444511890411377], [-5.968420505523682, -1.9651001691818237, 5.334073066711426, -0.7316554188728333, -3.2983875274658203, 0.03221971169114113, 4.65337610244751, 5.9354047775268555, -3.0664708614349365, 4.8556318283081055, -7.574992656707764, -0.8169978857040405, 21.468050003051758, 1.3649144172668457, 6.048037528991699, 0.5245653390884399, 6.186253070831299, -3.70704984664917, -2.0758535861968994, 6.441884994506836, -3.910909652709961], [-0.7076346278190613, 4.2112579345703125, -1.9972645044326782, -5.048961162567139, 1.4554674625396729, -3.5567944049835205, 0.3444843292236328, -0.4683530032634735, 1.6858043670654297, 5.651979923248291, -3.4557197093963623, 2.6668105125427246, 1.3649144172668457, 23.840980529785156, 0.22585904598236084, -2.4447550773620605, 3.519258499145508, -1.7821763753890991, 1.9232673645019531, 0.40607309341430664, 5.32999849319458], [-4.0348992347717285, -3.2973408699035645, -4.583617210388184, 3.5105671882629395, -0.8029691576957703, -0.19893904030323029, -0.9109134078025818, -1.4981575012207031, -1.8260266780853271, 8.186163902282715, 0.5081291794776917, 7.7373528480529785, 6.048037528991699, 0.22585904598236084, 24.989238739013672, -3.3346762657165527, -1.5865216255187988, -4.772222518920898, 2.027409791946411, 7.508257865905762, -4.518662452697754], [1.0233181715011597, 2.618290662765503, 0.5306902527809143, -5.918076992034912, 1.9484556913375854, -0.11040069907903671, 5.669472694396973, 2.253429412841797, -0.35404351353645325, 0.2971215546131134, 5.822205543518066, -8.497991561889648, 0.5245653390884399, -2.4447550773620605, -3.3346762657165527, 28.55563735961914, 6.32084846496582, 2.6962339878082275, 3.900684356689453, -3.2040889263153076, 1.868654727935791], [-1.2460120916366577, 0.5823830962181091, -0.683541476726532, -8.694372177124023, 3.130558967590332, 6.631032943725586, 3.5367865562438965, -3.797976493835449, -7.475632667541504, 0.5755096673965454, -7.588265895843506, -3.1776838302612305, 6.186253547668457, 3.5192577838897705, -1.5865219831466675, 6.320847988128662, 27.013195037841797, 2.6063590049743652, -1.2705273628234863, -1.188920497894287, 4.516775608062744], [-0.5015155673027039, -3.152961492538452, 10.25284194946289, 4.755908966064453, 0.8237461447715759, 4.020162105560303, 1.4874663352966309, 10.044577598571777, -2.486116886138916, 1.8470035791397095, -5.061315536499023, 0.05928937345743179, -3.707050323486328, -1.7821770906448364, -4.772222518920898, 2.6962339878082275, 2.6063590049743652, 22.383934020996094, 0.7009308338165283, 2.800541877746582, 10.417485237121582], [-4.977135181427002, 1.250807285308838, -1.4466930627822876, 3.032607078552246, 0.35808005928993225, -0.22064898908138275, 6.094874858856201, -2.964897871017456, -1.4709453582763672, 6.188178539276123, 4.260522365570068, -3.796548843383789, -2.0758535861968994, 1.923266887664795, 2.027409553527832, 3.900683641433716, -1.2705273628234863, 0.7009308338165283, 23.29555892944336, -1.9618866443634033, -3.790794849395752], [-10.714860916137695, -8.865121841430664, 3.902022361755371, 12.777148246765137, 8.275938034057617, -2.897766590118408, 7.019294738769531, 7.588164806365967, -2.096668004989624, 0.5199533104896545, -3.935533285140991, -6.832569122314453, 6.441885471343994, 0.4060727655887604, 7.5082573890686035, -3.2040882110595703, -1.188920497894287, 2.800541877746582, -1.9618866443634033, 38.897178649902344, -3.0932741165161133], [0.16572165489196777, -4.6482462882995605, 3.3340165615081787, -2.9004099369049072, 4.1266093254089355, 2.2013025283813477, -3.412463903427124, -4.433588981628418, -4.634167671203613, 0.9781361818313599, -8.3782320022583, 4.444511890411377, -3.91090989112854, 5.329998016357422, -4.518662452697754, 1.868654727935791, 4.516775131225586, 10.417484283447266, -3.7907958030700684, -3.0932741165161133, 29.557926177978516]], "type": "heatmap"}], "layout": {"template": {"data": {"histogram2dcontour": [{"type": "histogram2dcontour", "colorbar": {"outlinewidth": 0, "ticks": ""}, "colorscale": [[0.0, "#0d0887"], [0.1111111111111111, "#46039f"], [0.2222222222222222, "#7201a8"], [0.3333333333333333, "#9c179e"], [0.4444444444444444, "#bd3786"], [0.5555555555555556, "#d8576b"], [0.6666666666666666, "#ed7953"], [0.7777777777777778, "#fb9f3a"], [0.8888888888888888, "#fdca26"], [1.0, "#f0f921"]]}], "choropleth": [{"type": "choropleth", "colorbar": {"outlinewidth": 0, "ticks": ""}}], "histogram2d": [{"type": "histogram2d", "colorbar": {"outlinewidth": 0, "ticks": ""}, "colorscale": [[0.0, "#0d0887"], [0.1111111111111111, "#46039f"], [0.2222222222222222, "#7201a8"], [0.3333333333333333, "#9c179e"], [0.4444444444444444, "#bd3786"], [0.5555555555555556, "#d8576b"], [0.6666666666666666, "#ed7953"], [0.7777777777777778, "#fb9f3a"], [0.8888888888888888, "#fdca26"], [1.0, "#f0f921"]]}], "heatmap": [{"type": "heatmap", "colorbar": {"outlinewidth": 0, "ticks": ""}, "colorscale": [[0.0, "#0d0887"], [0.1111111111111111, "#46039f"], [0.2222222222222222, "#7201a8"], [0.3333333333333333, "#9c179e"], [0.4444444444444444, "#bd3786"], [0.5555555555555556, "#d8576b"], [0.6666666666666666, "#ed7953"], [0.7777777777777778, "#fb9f3a"], [0.8888888888888888, "#fdca26"], [1.0, "#f0f921"]]}], "heatmapgl": [{"type": "heatmapgl", "colorbar": {"outlinewidth": 0, "ticks": ""}, "colorscale": [[0.0, "#0d0887"], [0.1111111111111111, "#46039f"], [0.2222222222222222, "#7201a8"], [0.3333333333333333, "#9c179e"], [0.4444444444444444, "#bd3786"], [0.5555555555555556, "#d8576b"], [0.6666666666666666, "#ed7953"], [0.7777777777777778, "#fb9f3a"], [0.8888888888888888, "#fdca26"], [1.0, "#f0f921"]]}], "contourcarpet": [{"type": "contourcarpet", "colorbar": {"outlinewidth": 0, "ticks": ""}}], "contour": [{"type": "contour", "colorbar": {"outlinewidth": 0, "ticks": ""}, "colorscale": [[0.0, "#0d0887"], [0.1111111111111111, "#46039f"], [0.2222222222222222, "#7201a8"], [0.3333333333333333, "#9c179e"], [0.4444444444444444, "#bd3786"], [0.5555555555555556, "#d8576b"], [0.6666666666666666, "#ed7953"], [0.7777777777777778, "#fb9f3a"], [0.8888888888888888, "#fdca26"], [1.0, "#f0f921"]]}], "surface": [{"type": "surface", "colorbar": {"outlinewidth": 0, "ticks": ""}, "colorscale": [[0.0, "#0d0887"], [0.1111111111111111, "#46039f"], [0.2222222222222222, "#7201a8"], [0.3333333333333333, "#9c179e"], [0.4444444444444444, "#bd3786"], [0.5555555555555556, "#d8576b"], [0.6666666666666666, "#ed7953"], [0.7777777777777778, "#fb9f3a"], [0.8888888888888888, "#fdca26"], [1.0, "#f0f921"]]}], "mesh3d": [{"type": "mesh3d", "colorbar": {"outlinewidth": 0, "ticks": ""}}], "scatter": [{"fillpattern": {"fillmode": "overlay", "size": 10, "solidity": 0.2}, "type": "scatter"}], "parcoords": [{"type": "parcoords", "line": {"colorbar": {"outlinewidth": 0, "ticks": ""}}}], "scatterpolargl": [{"type": "scatterpolargl", "marker": {"colorbar": {"outlinewidth": 0, "ticks": ""}}}], "bar": [{"error_x": {"color": "#2a3f5f"}, "error_y": {"color": "#2a3f5f"}, "marker": {"line": {"color": "#E5ECF6", "width": 0.5}, "pattern": {"fillmode": "overlay", "size": 10, "solidity": 0.2}}, "type": "bar"}], "scattergeo": [{"type": "scattergeo", "marker": {"colorbar": {"outlinewidth": 0, "ticks": ""}}}], "scatterpolar": [{"type": "scatterpolar", "marker": {"colorbar": {"outlinewidth": 0, "ticks": ""}}}], "histogram": [{"marker": {"pattern": {"fillmode": "overlay", "size": 10, "solidity": 0.2}}, "type": "histogram"}], "scattergl": [{"type": "scattergl", "marker": {"colorbar": {"outlinewidth": 0, "ticks": ""}}}], "scatter3d": [{"type": "scatter3d", "line": {"colorbar": {"outlinewidth": 0, "ticks": ""}}, "marker": {"colorbar": {"outlinewidth": 0, "ticks": ""}}}], "scattermapbox": [{"type": "scattermapbox", "marker": {"colorbar": {"outlinewidth": 0, "ticks": ""}}}], "scatterternary": [{"type": "scatterternary", "marker": {"colorbar": {"outlinewidth": 0, "ticks": ""}}}], "scattercarpet": [{"type": "scattercarpet", "marker": {"colorbar": {"outlinewidth": 0, "ticks": ""}}}], "carpet": [{"aaxis": {"endlinecolor": "#2a3f5f", "gridcolor": "white", "linecolor": "white", "minorgridcolor": "white", "startlinecolor": "#2a3f5f"}, "baxis": {"endlinecolor": "#2a3f5f", "gridcolor": "white", "linecolor": "white", "minorgridcolor": "white", "startlinecolor": "#2a3f5f"}, "type": "carpet"}], "table": [{"cells": {"fill": {"color": "#EBF0F8"}, "line": {"color": "white"}}, "header": {"fill": {"color": "#C8D4E3"}, "line": {"color": "white"}}, "type": "table"}], "barpolar": [{"marker": {"line": {"color": "#E5ECF6", "width": 0.5}, "pattern": {"fillmode": "overlay", "size": 10, "solidity": 0.2}}, "type": "barpolar"}], "pie": [{"automargin": true, "type": "pie"}]}, "layout": {"autotypenumbers": "strict", "colorway": ["#636efa", "#EF553B", "#00cc96", "#ab63fa", "#FFA15A", "#19d3f3", "#FF6692", "#B6E880", "#FF97FF", "#FECB52"], "font": {"color": "#2a3f5f"}, "hovermode": "closest", "hoverlabel": {"align": "left"}, "paper_bgcolor": "white", "plot_bgcolor": "#E5ECF6", "polar": {"bgcolor": "#E5ECF6", "angularaxis": {"gridcolor": "white", "linecolor": "white", "ticks": ""}, "radialaxis": {"gridcolor": "white", "linecolor": "white", "ticks": ""}}, "ternary": {"bgcolor": "#E5ECF6", "aaxis": {"gridcolor": "white", "linecolor": "white", "ticks": ""}, "baxis": {"gridcolor": "white", "linecolor": "white", "ticks": ""}, "caxis": {"gridcolor": "white", "linecolor": "white", "ticks": ""}}, "coloraxis": {"colorbar": {"outlinewidth": 0, "ticks": ""}}, "colorscale": {"sequential": [[0.0, "#0d0887"], [0.1111111111111111, "#46039f"], [0.2222222222222222, "#7201a8"], [0.3333333333333333, "#9c179e"], [0.4444444444444444, "#bd3786"], [0.5555555555555556, "#d8576b"], [0.6666666666666666, "#ed7953"], [0.7777777777777778, "#fb9f3a"], [0.8888888888888888, "#fdca26"], [1.0, "#f0f921"]], "sequentialminus": [[0.0, "#0d0887"], [0.1111111111111111, "#46039f"], [0.2222222222222222, "#7201a8"], [0.3333333333333333, "#9c179e"], [0.4444444444444444, "#bd3786"], [0.5555555555555556, "#d8576b"], [0.6666666666666666, "#ed7953"], [0.7777777777777778, "#fb9f3a"], [0.8888888888888888, "#fdca26"], [1.0, "#f0f921"]], "diverging": [[0, "#8e0152"], [0.1, "#c51b7d"], [0.2, "#de77ae"], [0.3, "#f1b6da"], [0.4, "#fde0ef"], [0.5, "#f7f7f7"], [0.6, "#e6f5d0"], [0.7, "#b8e186"], [0.8, "#7fbc41"], [0.9, "#4d9221"], [1, "#276419"]]}, "xaxis": {"gridcolor": "white", "linecolor": "white", "ticks": "", "title": {"standoff": 15}, "zerolinecolor": "white", "automargin": true, "zerolinewidth": 2}, "yaxis": {"gridcolor": "white", "linecolor": "white", "ticks": "", "title": {"standoff": 15}, "zerolinecolor": "white", "automargin": true, "zerolinewidth": 2}, "scene": {"xaxis": {"backgroundcolor": "#E5ECF6", "gridcolor": "white", "linecolor": "white", "showbackground": true, "ticks": "", "zerolinecolor": "white", "gridwidth": 2}, "yaxis": {"backgroundcolor": "#E5ECF6", "gridcolor": "white", "linecolor": "white", "showbackground": true, "ticks": "", "zerolinecolor": "white", "gridwidth": 2}, "zaxis": {"backgroundcolor": "#E5ECF6", "gridcolor": "white", "linecolor": "white", "showbackground": true, "ticks": "", "zerolinecolor": "white", "gridwidth": 2}}, "shapedefaults": {"line": {"color": "#2a3f5f"}}, "annotationdefaults": {"arrowcolor": "#2a3f5f", "arrowhead": 0, "arrowwidth": 1}, "geo": {"bgcolor": "white", "landcolor": "#E5ECF6", "subunitcolor": "white", "showland": true, "showlakes": true, "lakecolor": "white"}, "title": {"x": 0.05}, "mapbox": {"style": "light"}}}}}