{"data": [{"z": [[19.054935455322266, 1.3527112007141113, -4.468865871429443, -0.2829760015010834, -0.49636948108673096, 4.100452423095703, -7.038876533508301, 0.2209421992301941, -0.49482813477516174, -0.7013882398605347, 2.5585951805114746, 0.911356508731842, -3.1969552040100098, -0.6546297073364258, -3.1628432273864746, 1.7367563247680664, -0.20027482509613037, 0.40191662311553955, -4.0032453536987305, -8.189887046813965, 0.31674933433532715], [1.3527112007141113, 21.309144973754883, -5.599148273468018, -3.8593509197235107, -0.4345141351222992, -4.833685398101807, 4.055479526519775, 2.639789581298828, -3.73319149017334, 1.171373724937439, 0.9310401082038879, -2.864713430404663, 0.1289922446012497, 3.737941265106201, -1.599100947380066, 2.0055558681488037, 0.7209713459014893, -1.7899342775344849, 0.7897297143936157, -6.270683765411377, -4.572319030761719], [-4.468865871429443, -5.599148273468018, 27.91387176513672, -2.3023836612701416, -11.820091247558594, 5.935649871826172, 4.034078598022461, 4.208559989929199, -3.180119276046753, -2.3227386474609375, -8.658916473388672, 1.3468172550201416, 3.653552770614624, -1.6761994361877441, -3.479482889175415, 1.9263744354248047, -0.9011192321777344, 7.585176467895508, -0.4205136299133301, 3.32397198677063, 3.135768175125122], [-0.2829760015010834, -3.8593509197235107, -2.3023836612701416, 17.341060638427734, 5.2022905349731445, -0.48245587944984436, -3.572619676589966, 4.0890421867370605, 1.8723682165145874, 5.116270542144775, 0.909822940826416, -0.2994953691959381, -0.629604160785675, -4.008586406707764, 3.1763086318969727, -4.796673774719238, -6.537775993347168, 3.6998605728149414, 3.112333059310913, 10.214662551879883, -2.2059919834136963], [-0.49636948108673096, -0.4345141351222992, -11.820091247558594, 5.2022905349731445, 16.511625289916992, -2.9055402278900146, 2.338555335998535, -1.3487367630004883, 1.0990548133850098, 2.0904879570007324, -0.7641438841819763, 2.203322649002075, -1.2149137258529663, 2.0813207626342773, -0.758802056312561, 2.044376850128174, 4.399994850158691, 1.6181442737579346, 0.2272353172302246, 6.947233200073242, 3.680452823638916], [4.100452423095703, -4.833685398101807, 5.935649871826172, -0.48245587944984436, -2.9055402278900146, 13.022248268127441, 1.3831229209899902, -1.4657864570617676, -0.4406525492668152, -0.3950318396091461, -3.3719286918640137, -0.5991017818450928, 0.11766021698713303, -3.274698495864868, -0.15255340933799744, -0.30588385462760925, 5.5748772621154785, 2.738070487976074, -0.07592415809631348, -1.8329801559448242, 2.233184814453125], [-7.038876533508301, 4.055479526519775, 4.034078598022461, -3.572619676589966, 2.338555335998535, 1.3831229209899902, 29.366899490356445, -3.23810076713562, 7.114035606384277, 0.5237122774124146, -7.153201103210449, -8.775775909423828, 3.023859977722168, 0.2950887382030487, -1.1087630987167358, 4.191764831542969, 2.3671324253082275, 0.4743521213531494, 4.757233619689941, 5.6414384841918945, -3.007889747619629], [0.2209421992301941, 2.639789581298828, 4.208559989929199, 4.0890421867370605, -1.3487367630004883, -1.4657864570617676, -3.23810076713562, 21.723941802978516, -0.865422785282135, -4.2303900718688965, 2.4227607250213623, -2.105013132095337, 4.621828556060791, -1.8317317962646484, -0.5393839478492737, 0.5435026288032532, -3.1043076515197754, 6.809482574462891, -2.255434274673462, 5.753505706787109, -4.002943515777588], [-0.49482813477516174, -3.73319149017334, -3.180119276046753, 1.8723682165145874, 1.0990548133850098, -0.4406525492668152, 7.114035606384277, -0.865422785282135, 20.22222328186035, 6.689610004425049, -4.083632946014404, -3.544499397277832, -1.054577350616455, 2.4068403244018555, -0.6659488677978516, 0.35779717564582825, -5.158581256866455, -2.2865562438964844, -1.4849638938903809, -1.3698970079421997, -4.691032409667969], [-0.7013882398605347, 1.171373724937439, -2.3227386474609375, 5.116270542144775, 2.0904879570007324, -0.3950318396091461, 0.5237122774124146, -4.2303900718688965, 6.689610004425049, 18.97846794128418, -7.910409927368164, 1.115684151649475, 2.909400463104248, 3.1758508682250977, 7.09616231918335, -1.7883055210113525, -0.09293115139007568, 0.6682775020599365, 4.7734270095825195, -0.08396673202514648, 0.966971755027771], [2.5585951805114746, 0.9310401082038879, -8.658916473388672, 0.909822940826416, -0.7641438841819763, -3.3719286918640137, -7.153201103210449, 2.4227607250213623, -4.083632946014404, -7.910409927368164, 25.259199142456055, -2.3749806880950928, -4.51397705078125, -2.353447437286377, 1.2211110591888428, 4.747923374176025, -5.568578243255615, -3.160371780395508, 3.4774413108825684, -2.566396713256836, -7.875426769256592], [0.911356508731842, -2.864713430404663, 1.3468172550201416, -0.2994953691959381, 2.203322649002075, -0.5991017818450928, -8.775775909423828, -2.105013132095337, -3.544499397277832, 1.115684151649475, -2.3749806880950928, 23.515172958374023, 0.013184311799705029, 1.7943494319915771, 5.780468940734863, -6.8522257804870605, -2.541043281555176, 0.5358470678329468, -2.7148897647857666, -4.913126468658447, 3.8791656494140625], [-3.1969552040100098, 0.1289922446012497, 3.653552770614624, -0.629604160785675, -1.2149137258529663, 0.11766021698713303, 3.023859977722168, 4.621828556060791, -1.054577350616455, 2.909400463104248, -4.51397705078125, 0.013184311799705029, 17.318885803222656, 1.2015095949172974, 4.41537618637085, 0.6626870036125183, 5.156886100769043, -3.344954490661621, -1.2699551582336426, 4.215900421142578, -3.7643959522247314], [-0.6546297073364258, 3.737941265106201, -1.6761994361877441, -4.008586406707764, 2.0813207626342773, -3.274698495864868, 0.2950887382030487, -1.8317317962646484, 2.4068403244018555, 3.1758508682250977, -2.353447437286377, 1.7943494319915771, 1.2015095949172974, 19.425621032714844, 0.1376897543668747, -3.7223763465881348, 3.013821840286255, -2.6702566146850586, 1.1434950828552246, 0.4929475784301758, 5.027362823486328], [-3.1628432273864746, -1.599100947380066, -3.479482889175415, 3.1763086318969727, -0.758802056312561, -0.15255340933799744, -1.1087630987167358, -0.5393839478492737, -0.6659488677978516, 7.09616231918335, 1.2211110591888428, 5.780468940734863, 4.41537618637085, 0.1376897543668747, 20.589736938476562, -3.397900342941284, -1.5668528079986572, -3.1716036796569824, 2.210106372833252, 6.430588722229004, -4.495321750640869], [1.7367563247680664, 2.0055558681488037, 1.9263744354248047, -4.796673774719238, 2.044376850128174, -0.30588385462760925, 4.191764831542969, 0.5435026288032532, 0.35779717564582825, -1.7883055210113525, 4.747923374176025, -6.8522257804870605, 0.6626870036125183, -3.7223763465881348, -3.397900342941284, 23.33392333984375, 5.093470096588135, 1.6959202289581299, 1.8661224842071533, -2.7755651473999023, 1.7965401411056519], [-0.2002747654914856, 0.720971405506134, -0.901119589805603, -6.537776470184326, 4.399994373321533, 5.57487678527832, 2.3671321868896484, -3.1043074131011963, -5.158580303192139, -0.09293103218078613, -5.568576812744141, -2.541043519973755, 5.156886100769043, 3.013822078704834, -1.566853404045105, 5.093470096588135, 23.31586265563965, 2.626821994781494, -1.1790578365325928, -0.8753719329833984, 4.27384090423584], [0.40191638469696045, -1.7899343967437744, 7.585176944732666, 3.6998608112335205, 1.6181443929672241, 2.738070249557495, 0.474351704120636, 6.809483528137207, -2.2865562438964844, 0.6682774424552917, -3.160372257232666, 0.5358471274375916, -3.344954013824463, -2.6702568531036377, -3.1716043949127197, 1.6959199905395508, 2.626821994781494, 17.72509765625, 0.5348358154296875, 2.1521074771881104, 9.434814453125], [-4.003245830535889, 0.7897297739982605, -0.42051365971565247, 3.112332582473755, 0.2272351086139679, -0.07592393457889557, 4.757233619689941, -2.255434036254883, -1.4849642515182495, 4.7734270095825195, 3.477440357208252, -2.714890241622925, -1.269954800605774, 1.1434954404830933, 2.2101058959960938, 1.8661226034164429, -1.1790578365325928, 0.5348358154296875, 19.21480941772461, -0.7572249174118042, -3.5057566165924072], [-8.189887046813965, -6.270683765411377, 3.3239712715148926, 10.214659690856934, 6.947233200073242, -1.8329806327819824, 5.641438007354736, 5.753505706787109, -1.3698968887329102, -0.0839669331908226, -2.5663976669311523, -4.913126468658447, 4.215900421142578, 0.49294736981391907, 6.43058967590332, -2.775564670562744, -0.8753719329833984, 2.1521074771881104, -0.7572249174118042, 32.20286178588867, -2.7740557193756104], [0.3167496919631958, -4.572319030761719, 3.135768175125122, -2.2059922218322754, 3.680453062057495, 2.233184814453125, -3.0078892707824707, -4.002943992614746, -4.691032886505127, 0.9669716358184814, -7.875426292419434, 3.8791661262512207, -3.7643959522247314, 5.027362823486328, -4.495321273803711, 1.7965400218963623, 4.27384090423584, 9.434814453125, -3.5057568550109863, -2.7740554809570312, 29.557926177978516]], "type": "heatmap"}], "layout": {"template": {"data": {"histogram2dcontour": [{"type": "histogram2dcontour", "colorbar": {"outlinewidth": 0, "ticks": ""}, "colorscale": [[0.0, "#0d0887"], [0.1111111111111111, "#46039f"], [0.2222222222222222, "#7201a8"], [0.3333333333333333, "#9c179e"], [0.4444444444444444, "#bd3786"], [0.5555555555555556, "#d8576b"], [0.6666666666666666, "#ed7953"], [0.7777777777777778, "#fb9f3a"], [0.8888888888888888, "#fdca26"], [1.0, "#f0f921"]]}], "choropleth": [{"type": "choropleth", "colorbar": {"outlinewidth": 0, "ticks": ""}}], "histogram2d": [{"type": "histogram2d", "colorbar": {"outlinewidth": 0, "ticks": ""}, "colorscale": [[0.0, "#0d0887"], [0.1111111111111111, "#46039f"], [0.2222222222222222, "#7201a8"], [0.3333333333333333, "#9c179e"], [0.4444444444444444, "#bd3786"], [0.5555555555555556, "#d8576b"], [0.6666666666666666, "#ed7953"], [0.7777777777777778, "#fb9f3a"], [0.8888888888888888, "#fdca26"], [1.0, "#f0f921"]]}], "heatmap": [{"type": "heatmap", "colorbar": {"outlinewidth": 0, "ticks": ""}, "colorscale": [[0.0, "#0d0887"], [0.1111111111111111, "#46039f"], [0.2222222222222222, "#7201a8"], [0.3333333333333333, "#9c179e"], [0.4444444444444444, "#bd3786"], [0.5555555555555556, "#d8576b"], [0.6666666666666666, "#ed7953"], [0.7777777777777778, "#fb9f3a"], [0.8888888888888888, "#fdca26"], [1.0, "#f0f921"]]}], "heatmapgl": [{"type": "heatmapgl", "colorbar": {"outlinewidth": 0, "ticks": ""}, "colorscale": [[0.0, "#0d0887"], [0.1111111111111111, "#46039f"], [0.2222222222222222, "#7201a8"], [0.3333333333333333, "#9c179e"], [0.4444444444444444, "#bd3786"], [0.5555555555555556, "#d8576b"], [0.6666666666666666, "#ed7953"], [0.7777777777777778, "#fb9f3a"], [0.8888888888888888, "#fdca26"], [1.0, "#f0f921"]]}], "contourcarpet": [{"type": "contourcarpet", "colorbar": {"outlinewidth": 0, "ticks": ""}}], "contour": [{"type": "contour", "colorbar": {"outlinewidth": 0, "ticks": ""}, "colorscale": [[0.0, "#0d0887"], [0.1111111111111111, "#46039f"], [0.2222222222222222, "#7201a8"], [0.3333333333333333, "#9c179e"], [0.4444444444444444, "#bd3786"], [0.5555555555555556, "#d8576b"], [0.6666666666666666, "#ed7953"], [0.7777777777777778, "#fb9f3a"], [0.8888888888888888, "#fdca26"], [1.0, "#f0f921"]]}], "surface": [{"type": "surface", "colorbar": {"outlinewidth": 0, "ticks": ""}, "colorscale": [[0.0, "#0d0887"], [0.1111111111111111, "#46039f"], [0.2222222222222222, "#7201a8"], [0.3333333333333333, "#9c179e"], [0.4444444444444444, "#bd3786"], [0.5555555555555556, "#d8576b"], [0.6666666666666666, "#ed7953"], [0.7777777777777778, "#fb9f3a"], [0.8888888888888888, "#fdca26"], [1.0, "#f0f921"]]}], "mesh3d": [{"type": "mesh3d", "colorbar": {"outlinewidth": 0, "ticks": ""}}], "scatter": [{"fillpattern": {"fillmode": "overlay", "size": 10, "solidity": 0.2}, "type": "scatter"}], "parcoords": [{"type": "parcoords", "line": {"colorbar": {"outlinewidth": 0, "ticks": ""}}}], "scatterpolargl": [{"type": "scatterpolargl", "marker": {"colorbar": {"outlinewidth": 0, "ticks": ""}}}], "bar": [{"error_x": {"color": "#2a3f5f"}, "error_y": {"color": "#2a3f5f"}, "marker": {"line": {"color": "#E5ECF6", "width": 0.5}, "pattern": {"fillmode": "overlay", "size": 10, "solidity": 0.2}}, "type": "bar"}], "scattergeo": [{"type": "scattergeo", "marker": {"colorbar": {"outlinewidth": 0, "ticks": ""}}}], "scatterpolar": [{"type": "scatterpolar", "marker": {"colorbar": {"outlinewidth": 0, "ticks": ""}}}], "histogram": [{"marker": {"pattern": {"fillmode": "overlay", "size": 10, "solidity": 0.2}}, "type": "histogram"}], "scattergl": [{"type": "scattergl", "marker": {"colorbar": {"outlinewidth": 0, "ticks": ""}}}], "scatter3d": [{"type": "scatter3d", "line": {"colorbar": {"outlinewidth": 0, "ticks": ""}}, "marker": {"colorbar": {"outlinewidth": 0, "ticks": ""}}}], "scattermapbox": [{"type": "scattermapbox", "marker": {"colorbar": {"outlinewidth": 0, "ticks": ""}}}], "scatterternary": [{"type": "scatterternary", "marker": {"colorbar": {"outlinewidth": 0, "ticks": ""}}}], "scattercarpet": [{"type": "scattercarpet", "marker": {"colorbar": {"outlinewidth": 0, "ticks": ""}}}], "carpet": [{"aaxis": {"endlinecolor": "#2a3f5f", "gridcolor": "white", "linecolor": "white", "minorgridcolor": "white", "startlinecolor": "#2a3f5f"}, "baxis": {"endlinecolor": "#2a3f5f", "gridcolor": "white", "linecolor": "white", "minorgridcolor": "white", "startlinecolor": "#2a3f5f"}, "type": "carpet"}], "table": [{"cells": {"fill": {"color": "#EBF0F8"}, "line": {"color": "white"}}, "header": {"fill": {"color": "#C8D4E3"}, "line": {"color": "white"}}, "type": "table"}], "barpolar": [{"marker": {"line": {"color": "#E5ECF6", "width": 0.5}, "pattern": {"fillmode": "overlay", "size": 10, "solidity": 0.2}}, "type": "barpolar"}], "pie": [{"automargin": true, "type": "pie"}]}, "layout": {"autotypenumbers": "strict", "colorway": ["#636efa", "#EF553B", "#00cc96", "#ab63fa", "#FFA15A", "#19d3f3", "#FF6692", "#B6E880", "#FF97FF", "#FECB52"], "font": {"color": "#2a3f5f"}, "hovermode": "closest", "hoverlabel": {"align": "left"}, "paper_bgcolor": "white", "plot_bgcolor": "#E5ECF6", "polar": {"bgcolor": "#E5ECF6", "angularaxis": {"gridcolor": "white", "linecolor": "white", "ticks": ""}, "radialaxis": {"gridcolor": "white", "linecolor": "white", "ticks": ""}}, "ternary": {"bgcolor": "#E5ECF6", "aaxis": {"gridcolor": "white", "linecolor": "white", "ticks": ""}, "baxis": {"gridcolor": "white", "linecolor": "white", "ticks": ""}, "caxis": {"gridcolor": "white", "linecolor": "white", "ticks": ""}}, "coloraxis": {"colorbar": {"outlinewidth": 0, "ticks": ""}}, "colorscale": {"sequential": [[0.0, "#0d0887"], [0.1111111111111111, "#46039f"], [0.2222222222222222, "#7201a8"], [0.3333333333333333, "#9c179e"], [0.4444444444444444, "#bd3786"], [0.5555555555555556, "#d8576b"], [0.6666666666666666, "#ed7953"], [0.7777777777777778, "#fb9f3a"], [0.8888888888888888, "#fdca26"], [1.0, "#f0f921"]], "sequentialminus": [[0.0, "#0d0887"], [0.1111111111111111, "#46039f"], [0.2222222222222222, "#7201a8"], [0.3333333333333333, "#9c179e"], [0.4444444444444444, "#bd3786"], [0.5555555555555556, "#d8576b"], [0.6666666666666666, "#ed7953"], [0.7777777777777778, "#fb9f3a"], [0.8888888888888888, "#fdca26"], [1.0, "#f0f921"]], "diverging": [[0, "#8e0152"], [0.1, "#c51b7d"], [0.2, "#de77ae"], [0.3, "#f1b6da"], [0.4, "#fde0ef"], [0.5, "#f7f7f7"], [0.6, "#e6f5d0"], [0.7, "#b8e186"], [0.8, "#7fbc41"], [0.9, "#4d9221"], [1, "#276419"]]}, "xaxis": {"gridcolor": "white", "linecolor": "white", "ticks": "", "title": {"standoff": 15}, "zerolinecolor": "white", "automargin": true, "zerolinewidth": 2}, "yaxis": {"gridcolor": "white", "linecolor": "white", "ticks": "", "title": {"standoff": 15}, "zerolinecolor": "white", "automargin": true, "zerolinewidth": 2}, "scene": {"xaxis": {"backgroundcolor": "#E5ECF6", "gridcolor": "white", "linecolor": "white", "showbackground": true, "ticks": "", "zerolinecolor": "white", "gridwidth": 2}, "yaxis": {"backgroundcolor": "#E5ECF6", "gridcolor": "white", "linecolor": "white", "showbackground": true, "ticks": "", "zerolinecolor": "white", "gridwidth": 2}, "zaxis": {"backgroundcolor": "#E5ECF6", "gridcolor": "white", "linecolor": "white", "showbackground": true, "ticks": "", "zerolinecolor": "white", "gridwidth": 2}}, "shapedefaults": {"line": {"color": "#2a3f5f"}}, "annotationdefaults": {"arrowcolor": "#2a3f5f", "arrowhead": 0, "arrowwidth": 1}, "geo": {"bgcolor": "white", "landcolor": "#E5ECF6", "subunitcolor": "white", "showland": true, "showlakes": true, "lakecolor": "white"}, "title": {"x": 0.05}, "mapbox": {"style": "light"}}}}}