{"data": [{"z": [[19.128969192504883, 1.3016350269317627, -4.513915061950684, -0.27701422572135925, -0.530418872833252, 4.0985612869262695, -7.074219703674316, 0.1492874026298523, -0.5146651864051819, -0.7392642498016357, 2.5323708057403564, 0.9046322703361511, -3.279417037963867, -0.6816659569740295, -3.1862480640411377, 1.6856439113616943, -0.2437993288040161, 0.3842806816101074, -4.0318756103515625, -8.217934608459473, 0.3492708206176758], [1.3016350269317627, 21.370052337646484, -5.652750492095947, -3.8835947513580322, -0.4441532492637634, -4.8918657302856445, 4.031352996826172, 2.569016933441162, -3.749107599258423, 1.1205463409423828, 0.9104768633842468, -2.9055075645446777, 0.03230670094490051, 3.7003800868988037, -1.6329540014266968, 1.973416805267334, 0.7054424285888672, -1.8465640544891357, 0.7639433145523071, -6.308154106140137, -4.590115547180176], [-4.513915061950684, -5.652750492095947, 28.030536651611328, -2.3361918926239014, -11.921582221984863, 5.924917697906494, 4.031674385070801, 4.176497936248779, -3.217609167098999, -2.387890338897705, -8.716588973999023, 1.3239710330963135, 3.664891481399536, -1.7342159748077393, -3.5301592350006104, 1.8896085023880005, -0.9249169826507568, 7.580875396728516, -0.4787369966506958, 3.3151838779449463, 3.136234760284424], [-0.27701422572135925, -3.8835947513580322, -2.3361918926239014, 17.388622283935547, 5.1930084228515625, -0.5027602910995483, -3.602827548980713, 4.073768615722656, 1.8478822708129883, 5.128052711486816, 0.8794658780097961, -0.3458802402019501, -0.6768913269042969, -4.060668468475342, 3.152599811553955, -4.894447326660156, -6.631158828735352, 3.668478012084961, 3.101663112640381, 10.196856498718262, -2.199504852294922], [-0.530418872833252, -0.4441532492637634, -11.921582221984863, 5.1930084228515625, 16.594013214111328, -2.9791693687438965, 2.3192784786224365, -1.3941819667816162, 1.0529496669769287, 2.0823259353637695, -0.7612701654434204, 2.1849629878997803, -1.266358494758606, 2.04071307182312, -0.8017848134040833, 2.01007080078125, 4.392342567443848, 1.6139392852783203, 0.22981548309326172, 6.938406944274902, 3.715681791305542], [4.0985612869262695, -4.8918657302856445, 5.924917697906494, -0.5027602910995483, -2.9791693687438965, 13.131930351257324, 1.3706409931182861, -1.530145525932312, -0.48671308159828186, -0.3994686007499695, -3.397603750228882, -0.639940083026886, 0.04309180751442909, -3.344304084777832, -0.1703331023454666, -0.39552536606788635, 5.49329948425293, 2.698085308074951, -0.0778626799583435, -1.9033769369125366, 2.2719504833221436], [-7.074219703674316, 4.031352996826172, 4.031674385070801, -3.602827548980713, 2.3192784786224365, 1.3706409931182861, 29.505422592163086, -3.275545835494995, 7.084778785705566, 0.5130157470703125, -7.181163311004639, -8.847979545593262, 3.019448757171631, 0.2686615586280823, -1.1244598627090454, 4.175587177276611, 2.343594789505005, 0.44284093379974365, 4.74288272857666, 5.624172687530518, -2.9929046630859375], [0.1492874026298523, 2.569016933441162, 4.176497936248779, 4.073768615722656, -1.3941819667816162, -1.530145525932312, -3.275545835494995, 21.834867477416992, -0.9585269689559937, -4.232466220855713, 2.382610559463501, -2.198681592941284, 4.604261875152588, -1.8594591617584229, -0.5823444724082947, 0.5336813926696777, -3.1913089752197266, 6.802659034729004, -2.3016440868377686, 5.732075214385986, -3.949669361114502], [-0.5146651864051819, -3.749107599258423, -3.217609167098999, 1.8478822708129883, 1.0529496669769287, -0.48671308159828186, 7.084778785705566, -0.9585269689559937, 20.306241989135742, 6.649148941040039, -4.111611366271973, -3.559767246246338, -1.100287675857544, 2.35522198677063, -0.7114710807800293, 0.30078086256980896, -5.2003936767578125, -2.3558568954467773, -1.5084930658340454, -1.419572114944458, -4.729570388793945], [-0.7392642498016357, 1.1205463409423828, -2.387890338897705, 5.128052711486816, 2.0823259353637695, -0.3994686007499695, 0.5130157470703125, -4.232466220855713, 6.649148941040039, 19.173925399780273, -7.956367015838623, 1.0799429416656494, 2.8913161754608154, 3.1954610347747803, 7.112438201904297, -1.8166608810424805, -0.15757393836975098, 0.6856138706207275, 4.811853408813477, -0.09105467796325684, 1.0254218578338623], [2.5323708057403564, 0.9104768633842468, -8.716588973999023, 0.8794658780097961, -0.7612701654434204, -3.397603750228882, -7.181163311004639, 2.382610559463501, -4.111611366271973, -7.956367015838623, 25.33429527282715, -2.3925228118896484, -4.578903675079346, -2.3889596462249756, 1.2310783863067627, 4.721164703369141, -5.6178693771362305, -3.187270164489746, 3.486825466156006, -2.6127078533172607, -7.88978910446167], [0.9046322703361511, -2.9055075645446777, 1.3239710330963135, -0.3458802402019501, 2.1849629878997803, -0.639940083026886, -8.847979545593262, -2.198681592941284, -3.559767246246338, 1.0799429416656494, -2.3925228118896484, 23.57753562927246, -0.029329197481274605, 1.7668570280075073, 5.761239528656006, -6.9340500831604, -2.5978548526763916, 0.48308539390563965, -2.744682788848877, -4.956906318664551, 3.875356674194336], [-3.279417037963867, 0.03230670094490051, 3.664891481399536, -0.6768913269042969, -1.266358494758606, 0.04309180751442909, 3.019448757171631, 4.604261875152588, -1.100287675857544, 2.8913161754608154, -4.578903675079346, -0.029329197481274605, 17.403627395629883, 1.1600544452667236, 4.381304740905762, 0.6106665134429932, 5.124641418457031, -3.4246344566345215, -1.329850673675537, 4.2288384437561035, -3.7591946125030518], [-0.6816659569740295, 3.7003800868988037, -1.7342159748077393, -4.060668468475342, 2.04071307182312, -3.344304084777832, 0.2686615586280823, -1.8594591617584229, 2.35522198677063, 3.1954610347747803, -2.3889596462249756, 1.7668570280075073, 1.1600544452667236, 19.512676239013672, 0.11812301725149155, -3.7542402744293213, 2.9563302993774414, -2.723651885986328, 1.1485068798065186, 0.46846628189086914, 5.0804338455200195], [-3.1862480640411377, -1.6329540014266968, -3.5301592350006104, 3.152599811553955, -0.8017848134040833, -0.1703331023454666, -1.1244598627090454, -0.5823444724082947, -0.7114710807800293, 7.112438201904297, 1.2310783863067627, 5.761239528656006, 4.381304740905762, 0.11812301725149155, 20.64353370666504, -3.461243152618408, -1.623295783996582, -3.2386817932128906, 2.197587013244629, 6.4141998291015625, -4.4812445640563965], [1.6856439113616943, 1.973416805267334, 1.8896085023880005, -4.894447326660156, 2.01007080078125, -0.39552536606788635, 4.175587177276611, 0.5336813926696777, 0.30078086256980896, -1.8166608810424805, 4.721164703369141, -6.9340500831604, 0.6106665134429932, -3.7542402744293213, -3.461243152618408, 23.401939392089844, 5.066208839416504, 1.6778204441070557, 1.857537031173706, -2.855757236480713, 1.8379524946212769], [-0.24379904568195343, 0.7054423689842224, -0.924916684627533, -6.63115930557251, 4.392342567443848, 5.493299961090088, 2.343594551086426, -3.1913094520568848, -5.200394153594971, -0.1575748473405838, -5.617868423461914, -2.5978548526763916, 5.124640941619873, 2.9563302993774414, -1.6232959032058716, 5.066208362579346, 23.383275985717773, 2.560297727584839, -1.222784399986267, -0.8911716938018799, 4.273805618286133], [0.3842809200286865, -1.8465638160705566, 7.580875873565674, 3.668478012084961, 1.6139392852783203, 2.698085069656372, 0.44284066557884216, 6.8026580810546875, -2.3558568954467773, 0.6856139302253723, -3.187270402908325, 0.48308560252189636, -3.4246346950531006, -2.723651647567749, -3.2386813163757324, 1.6778208017349243, 2.560297727584839, 17.81800079345703, 0.5181906223297119, 2.101597785949707, 9.525911331176758], [-4.0318756103515625, 0.7639436721801758, -0.47873684763908386, 3.101663827896118, 0.22981524467468262, -0.07786260545253754, 4.742882251739502, -2.3016443252563477, -1.508492112159729, 4.811853408813477, 3.486825942993164, -2.744683027267456, -1.329850673675537, 1.148506999015808, 2.197587251663208, 1.857536792755127, -1.222784399986267, 0.5181906223297119, 19.32659149169922, -0.8026580810546875, -3.502044200897217], [-8.217934608459473, -6.3081536293029785, 3.315183639526367, 10.196856498718262, 6.938406467437744, -1.9033770561218262, 5.624172687530518, 5.732074737548828, -1.419572114944458, -0.09105464071035385, -2.6127076148986816, -4.956906318664551, 4.228837966918945, 0.46846655011177063, 6.414199352264404, -2.8557567596435547, -0.8911716938018799, 2.101597785949707, -0.8026580810546875, 32.312110900878906, -2.7874057292938232], [0.34927111864089966, -4.590116500854492, 3.136234760284424, -2.199504852294922, 3.715682029724121, 2.2719500064849854, -2.9929041862487793, -3.9496686458587646, -4.729570388793945, 1.0254216194152832, -7.889788627624512, 3.875356674194336, -3.759194850921631, 5.080432891845703, -4.481244087219238, 1.8379530906677246, 4.273805618286133, 9.525911331176758, -3.502044200897217, -2.7874064445495605, 29.557926177978516]], "type": "heatmap"}], "layout": {"template": {"data": {"histogram2dcontour": [{"type": "histogram2dcontour", "colorbar": {"outlinewidth": 0, "ticks": ""}, "colorscale": [[0.0, "#0d0887"], [0.1111111111111111, "#46039f"], [0.2222222222222222, "#7201a8"], [0.3333333333333333, "#9c179e"], [0.4444444444444444, "#bd3786"], [0.5555555555555556, "#d8576b"], [0.6666666666666666, "#ed7953"], [0.7777777777777778, "#fb9f3a"], [0.8888888888888888, "#fdca26"], [1.0, "#f0f921"]]}], "choropleth": [{"type": "choropleth", "colorbar": {"outlinewidth": 0, "ticks": ""}}], "histogram2d": [{"type": "histogram2d", "colorbar": {"outlinewidth": 0, "ticks": ""}, "colorscale": [[0.0, "#0d0887"], [0.1111111111111111, "#46039f"], [0.2222222222222222, "#7201a8"], [0.3333333333333333, "#9c179e"], [0.4444444444444444, "#bd3786"], [0.5555555555555556, "#d8576b"], [0.6666666666666666, "#ed7953"], [0.7777777777777778, "#fb9f3a"], [0.8888888888888888, "#fdca26"], [1.0, "#f0f921"]]}], "heatmap": [{"type": "heatmap", "colorbar": {"outlinewidth": 0, "ticks": ""}, "colorscale": [[0.0, "#0d0887"], [0.1111111111111111, "#46039f"], [0.2222222222222222, "#7201a8"], [0.3333333333333333, "#9c179e"], [0.4444444444444444, "#bd3786"], [0.5555555555555556, "#d8576b"], [0.6666666666666666, "#ed7953"], [0.7777777777777778, "#fb9f3a"], [0.8888888888888888, "#fdca26"], [1.0, "#f0f921"]]}], "heatmapgl": [{"type": "heatmapgl", "colorbar": {"outlinewidth": 0, "ticks": ""}, "colorscale": [[0.0, "#0d0887"], [0.1111111111111111, "#46039f"], [0.2222222222222222, "#7201a8"], [0.3333333333333333, "#9c179e"], [0.4444444444444444, "#bd3786"], [0.5555555555555556, "#d8576b"], [0.6666666666666666, "#ed7953"], [0.7777777777777778, "#fb9f3a"], [0.8888888888888888, "#fdca26"], [1.0, "#f0f921"]]}], "contourcarpet": [{"type": "contourcarpet", "colorbar": {"outlinewidth": 0, "ticks": ""}}], "contour": [{"type": "contour", "colorbar": {"outlinewidth": 0, "ticks": ""}, "colorscale": [[0.0, "#0d0887"], [0.1111111111111111, "#46039f"], [0.2222222222222222, "#7201a8"], [0.3333333333333333, "#9c179e"], [0.4444444444444444, "#bd3786"], [0.5555555555555556, "#d8576b"], [0.6666666666666666, "#ed7953"], [0.7777777777777778, "#fb9f3a"], [0.8888888888888888, "#fdca26"], [1.0, "#f0f921"]]}], "surface": [{"type": "surface", "colorbar": {"outlinewidth": 0, "ticks": ""}, "colorscale": [[0.0, "#0d0887"], [0.1111111111111111, "#46039f"], [0.2222222222222222, "#7201a8"], [0.3333333333333333, "#9c179e"], [0.4444444444444444, "#bd3786"], [0.5555555555555556, "#d8576b"], [0.6666666666666666, "#ed7953"], [0.7777777777777778, "#fb9f3a"], [0.8888888888888888, "#fdca26"], [1.0, "#f0f921"]]}], "mesh3d": [{"type": "mesh3d", "colorbar": {"outlinewidth": 0, "ticks": ""}}], "scatter": [{"fillpattern": {"fillmode": "overlay", "size": 10, "solidity": 0.2}, "type": "scatter"}], "parcoords": [{"type": "parcoords", "line": {"colorbar": {"outlinewidth": 0, "ticks": ""}}}], "scatterpolargl": [{"type": "scatterpolargl", "marker": {"colorbar": {"outlinewidth": 0, "ticks": ""}}}], "bar": [{"error_x": {"color": "#2a3f5f"}, "error_y": {"color": "#2a3f5f"}, "marker": {"line": {"color": "#E5ECF6", "width": 0.5}, "pattern": {"fillmode": "overlay", "size": 10, "solidity": 0.2}}, "type": "bar"}], "scattergeo": [{"type": "scattergeo", "marker": {"colorbar": {"outlinewidth": 0, "ticks": ""}}}], "scatterpolar": [{"type": "scatterpolar", "marker": {"colorbar": {"outlinewidth": 0, "ticks": ""}}}], "histogram": [{"marker": {"pattern": {"fillmode": "overlay", "size": 10, "solidity": 0.2}}, "type": "histogram"}], "scattergl": [{"type": "scattergl", "marker": {"colorbar": {"outlinewidth": 0, "ticks": ""}}}], "scatter3d": [{"type": "scatter3d", "line": {"colorbar": {"outlinewidth": 0, "ticks": ""}}, "marker": {"colorbar": {"outlinewidth": 0, "ticks": ""}}}], "scattermapbox": [{"type": "scattermapbox", "marker": {"colorbar": {"outlinewidth": 0, "ticks": ""}}}], "scatterternary": [{"type": "scatterternary", "marker": {"colorbar": {"outlinewidth": 0, "ticks": ""}}}], "scattercarpet": [{"type": "scattercarpet", "marker": {"colorbar": {"outlinewidth": 0, "ticks": ""}}}], "carpet": [{"aaxis": {"endlinecolor": "#2a3f5f", "gridcolor": "white", "linecolor": "white", "minorgridcolor": "white", "startlinecolor": "#2a3f5f"}, "baxis": {"endlinecolor": "#2a3f5f", "gridcolor": "white", "linecolor": "white", "minorgridcolor": "white", "startlinecolor": "#2a3f5f"}, "type": "carpet"}], "table": [{"cells": {"fill": {"color": "#EBF0F8"}, "line": {"color": "white"}}, "header": {"fill": {"color": "#C8D4E3"}, "line": {"color": "white"}}, "type": "table"}], "barpolar": [{"marker": {"line": {"color": "#E5ECF6", "width": 0.5}, "pattern": {"fillmode": "overlay", "size": 10, "solidity": 0.2}}, "type": "barpolar"}], "pie": [{"automargin": true, "type": "pie"}]}, "layout": {"autotypenumbers": "strict", "colorway": ["#636efa", "#EF553B", "#00cc96", "#ab63fa", "#FFA15A", "#19d3f3", "#FF6692", "#B6E880", "#FF97FF", "#FECB52"], "font": {"color": "#2a3f5f"}, "hovermode": "closest", "hoverlabel": {"align": "left"}, "paper_bgcolor": "white", "plot_bgcolor": "#E5ECF6", "polar": {"bgcolor": "#E5ECF6", "angularaxis": {"gridcolor": "white", "linecolor": "white", "ticks": ""}, "radialaxis": {"gridcolor": "white", "linecolor": "white", "ticks": ""}}, "ternary": {"bgcolor": "#E5ECF6", "aaxis": {"gridcolor": "white", "linecolor": "white", "ticks": ""}, "baxis": {"gridcolor": "white", "linecolor": "white", "ticks": ""}, "caxis": {"gridcolor": "white", "linecolor": "white", "ticks": ""}}, "coloraxis": {"colorbar": {"outlinewidth": 0, "ticks": ""}}, "colorscale": {"sequential": [[0.0, "#0d0887"], [0.1111111111111111, "#46039f"], [0.2222222222222222, "#7201a8"], [0.3333333333333333, "#9c179e"], [0.4444444444444444, "#bd3786"], [0.5555555555555556, "#d8576b"], [0.6666666666666666, "#ed7953"], [0.7777777777777778, "#fb9f3a"], [0.8888888888888888, "#fdca26"], [1.0, "#f0f921"]], "sequentialminus": [[0.0, "#0d0887"], [0.1111111111111111, "#46039f"], [0.2222222222222222, "#7201a8"], [0.3333333333333333, "#9c179e"], [0.4444444444444444, "#bd3786"], [0.5555555555555556, "#d8576b"], [0.6666666666666666, "#ed7953"], [0.7777777777777778, "#fb9f3a"], [0.8888888888888888, "#fdca26"], [1.0, "#f0f921"]], "diverging": [[0, "#8e0152"], [0.1, "#c51b7d"], [0.2, "#de77ae"], [0.3, "#f1b6da"], [0.4, "#fde0ef"], [0.5, "#f7f7f7"], [0.6, "#e6f5d0"], [0.7, "#b8e186"], [0.8, "#7fbc41"], [0.9, "#4d9221"], [1, "#276419"]]}, "xaxis": {"gridcolor": "white", "linecolor": "white", "ticks": "", "title": {"standoff": 15}, "zerolinecolor": "white", "automargin": true, "zerolinewidth": 2}, "yaxis": {"gridcolor": "white", "linecolor": "white", "ticks": "", "title": {"standoff": 15}, "zerolinecolor": "white", "automargin": true, "zerolinewidth": 2}, "scene": {"xaxis": {"backgroundcolor": "#E5ECF6", "gridcolor": "white", "linecolor": "white", "showbackground": true, "ticks": "", "zerolinecolor": "white", "gridwidth": 2}, "yaxis": {"backgroundcolor": "#E5ECF6", "gridcolor": "white", "linecolor": "white", "showbackground": true, "ticks": "", "zerolinecolor": "white", "gridwidth": 2}, "zaxis": {"backgroundcolor": "#E5ECF6", "gridcolor": "white", "linecolor": "white", "showbackground": true, "ticks": "", "zerolinecolor": "white", "gridwidth": 2}}, "shapedefaults": {"line": {"color": "#2a3f5f"}}, "annotationdefaults": {"arrowcolor": "#2a3f5f", "arrowhead": 0, "arrowwidth": 1}, "geo": {"bgcolor": "white", "landcolor": "#E5ECF6", "subunitcolor": "white", "showland": true, "showlakes": true, "lakecolor": "white"}, "title": {"x": 0.05}, "mapbox": {"style": "light"}}}}}