{"data": [{"z": [[19.197006225585938, 1.2951412200927734, -4.529463291168213, -0.2653310000896454, -0.5538078546524048, 4.120702266693115, -7.085457801818848, 0.13965848088264465, -0.504777729511261, -0.7501553893089294, 2.5360617637634277, 0.9237504601478577, -3.29038667678833, -0.6749132871627808, -3.180783987045288, 1.6773560047149658, -0.24652409553527832, 0.386458158493042, -4.042693138122559, -8.218010902404785, 0.3399658203125], [1.2951412200927734, 21.429479598999023, -5.646798133850098, -3.8930094242095947, -0.44525644183158875, -4.894753932952881, 4.031035900115967, 2.557610511779785, -3.738478660583496, 1.1020292043685913, 0.9170779585838318, -2.9152514934539795, 0.0033880153205245733, 3.6944117546081543, -1.651183009147644, 1.9703398942947388, 0.7241714000701904, -1.8624048233032227, 0.7555104494094849, -6.330001354217529, -4.613067150115967], [-4.529463291168213, -5.646798133850098, 28.099157333374023, -2.3281869888305664, -11.963655471801758, 5.935141563415527, 4.040572166442871, 4.175912380218506, -3.2212116718292236, -2.41605544090271, -8.725688934326172, 1.3237297534942627, 3.680901288986206, -1.742724895477295, -3.5549497604370117, 1.8881577253341675, -0.9236447811126709, 7.591090679168701, -0.5053501129150391, 3.327192544937134, 3.124211549758911], [-0.2653310000896454, -3.8930094242095947, -2.3281869888305664, 17.422727584838867, 5.210195541381836, -0.48843061923980713, -3.6050422191619873, 4.088409423828125, 1.8579785823822021, 5.139223575592041, 0.8683039546012878, -0.3544934391975403, -0.6881047487258911, -4.075967311859131, 3.155883312225342, -4.91748571395874, -6.652146339416504, 3.6818296909332275, 3.114924907684326, 10.203872680664062, -2.208310127258301], [-0.5538078546524048, -0.44525644183158875, -11.963655471801758, 5.210195541381836, 16.64556312561035, -3.00278377532959, 2.3168046474456787, -1.3879036903381348, 1.0377427339553833, 2.0793802738189697, -0.7548270225524902, 2.20058012008667, -1.285474419593811, 2.0350911617279053, -0.8078135848045349, 2.0095770359039307, 4.400687217712402, 1.6301774978637695, 0.23338556289672852, 6.9520039558410645, 3.7216269969940186], [4.120702266693115, -4.894753932952881, 5.935141563415527, -0.48843061923980713, -3.00278377532959, 13.209073066711426, 1.3849304914474487, -1.5369430780410767, -0.49767303466796875, -0.3969714045524597, -3.39431095123291, -0.6457663774490356, 0.04415081441402435, -3.357168197631836, -0.15465977787971497, -0.4017409682273865, 5.498549461364746, 2.7085626125335693, -0.0739297866821289, -1.9196665287017822, 2.2822115421295166], [-7.085457801818848, 4.031035900115967, 4.040572166442871, -3.6050422191619873, 2.3168046474456787, 1.3849304914474487, 29.56436538696289, -3.2873833179473877, 7.083680629730225, 0.5185418128967285, -7.187689781188965, -8.865285873413086, 3.0288705825805664, 0.2713422179222107, -1.1253032684326172, 4.17738676071167, 2.3429806232452393, 0.44177377223968506, 4.734109401702881, 5.622941017150879, -2.9922685623168945], [0.13965848088264465, 2.557610511779785, 4.175912380218506, 4.088409423828125, -1.3879036903381348, -1.5369430780410767, -3.2873833179473877, 21.900978088378906, -0.9728472232818604, -4.215237617492676, 2.3815927505493164, -2.226112127304077, 4.61397647857666, -1.8463658094406128, -0.5853663682937622, 0.5417931079864502, -3.222749948501587, 6.823431015014648, -2.322783946990967, 5.738919258117676, -3.9322192668914795], [-0.504777729511261, -3.738478660583496, -3.2212116718292236, 1.8579785823822021, 1.0377427339553833, -0.49767303466796875, 7.083680629730225, -0.9728472232818604, 20.362329483032227, 6.63185453414917, -4.108161449432373, -3.552778482437134, -1.106355905532837, 2.3473236560821533, -0.7240606546401978, 0.2869948148727417, -5.1981706619262695, -2.369474411010742, -1.515539288520813, -1.4340152740478516, -4.762630939483643], [-0.7501553893089294, 1.1020292043685913, -2.41605544090271, 5.139223575592041, 2.0793802738189697, -0.3969714045524597, 0.5185418128967285, -4.215237617492676, 6.63185453414917, 19.26146125793457, -7.975877285003662, 1.0650811195373535, 2.898021936416626, 3.219453811645508, 7.129766464233398, -1.8030537366867065, -0.17823565006256104, 0.7046341896057129, 4.8259711265563965, -0.08832836151123047, 1.044158935546875], [2.5360617637634277, 0.9170779585838318, -8.725688934326172, 0.8683039546012878, -0.7548270225524902, -3.39431095123291, -7.187689781188965, 2.3815927505493164, -4.108161449432373, -7.975877285003662, 25.394420623779297, -2.394947052001953, -4.5894293785095215, -2.3997535705566406, 1.243615746498108, 4.7231621742248535, -5.634145259857178, -3.1849491596221924, 3.500067949295044, -2.624748706817627, -7.9075026512146], [0.9237504601478577, -2.9152514934539795, 1.3237297534942627, -0.3544934391975403, 2.20058012008667, -0.6457663774490356, -8.865285873413086, -2.226112127304077, -3.552778482437134, 1.0650811195373535, -2.394947052001953, 23.641252517700195, -0.03563537821173668, 1.7694116830825806, 5.779860973358154, -6.948625087738037, -2.610093593597412, 0.4771386384963989, -2.747544288635254, -4.968945503234863, 3.8675739765167236], [-3.29038667678833, 0.0033880153205245733, 3.680901288986206, -0.6881047487258911, -1.285474419593811, 0.04415081441402435, 3.0288705825805664, 4.61397647857666, -1.106355905532837, 2.898021936416626, -4.5894293785095215, -0.03563537821173668, 17.468961715698242, 1.1507246494293213, 4.384707927703857, 0.6118066310882568, 5.1319427490234375, -3.430394172668457, -1.3542908430099487, 4.2453413009643555, -3.7632360458374023], [-0.6749132871627808, 3.6944117546081543, -1.742724895477295, -4.075967311859131, 2.0350911617279053, -3.357168197631836, 0.2713422179222107, -1.8463658094406128, 2.3473236560821533, 3.219453811645508, -2.3997535705566406, 1.7694116830825806, 1.1507246494293213, 19.575210571289062, 0.12058506906032562, -3.7490744590759277, 2.946021556854248, -2.7183260917663574, 1.1566658020019531, 0.47743892669677734, 5.099306583404541], [-3.180783987045288, -1.651183009147644, -3.5549497604370117, 3.155883312225342, -0.8078135848045349, -0.15465977787971497, -1.1253032684326172, -0.5853663682937622, -0.7240606546401978, 7.129766464233398, 1.243615746498108, 5.779860973358154, 4.384707927703857, 0.12058506906032562, 20.699426651000977, -3.4578633308410645, -1.629199504852295, -3.248556613922119, 2.1944568157196045, 6.424771308898926, -4.476876258850098], [1.6773560047149658, 1.9703398942947388, 1.8881577253341675, -4.91748571395874, 2.0095770359039307, -0.4017409682273865, 4.17738676071167, 0.5417931079864502, 0.2869948148727417, -1.8030537366867065, 4.7231621742248535, -6.948625087738037, 0.6118066310882568, -3.7490744590759277, -3.4578633308410645, 23.4638671875, 5.071249008178711, 1.69486665725708, 1.8635954856872559, -2.86902117729187, 1.8566981554031372], [-0.2465241551399231, 0.7241703867912292, -0.923644483089447, -6.652145862579346, 4.400686740875244, 5.49854850769043, 2.3429808616638184, -3.222750425338745, -5.198171138763428, -0.17823536694049835, -5.6341447830200195, -2.610093832015991, 5.131943225860596, 2.946021556854248, -1.6291991472244263, 5.071248531341553, 23.44552993774414, 2.5605437755584717, -1.2321240901947021, -0.8922414779663086, 4.260891914367676], [0.38645800948143005, -1.8624050617218018, 7.591090679168701, 3.6818294525146484, 1.6301777362823486, 2.708561897277832, 0.44177350401878357, 6.82343053817749, -2.369474411010742, 0.7046338319778442, -3.1849489212036133, 0.4771386384963989, -3.430394411087036, -2.718325614929199, -3.2485568523406982, 1.6948668956756592, 2.5605437755584717, 17.886320114135742, 0.51275634765625, 2.0987370014190674, 9.556483268737793], [-4.042693138122559, 0.7555107474327087, -0.5053505897521973, 3.1149253845214844, 0.2333853393793106, -0.07392975687980652, 4.734109401702881, -2.322784662246704, -1.5155391693115234, 4.8259711265563965, 3.5000674724578857, -2.747544527053833, -1.3542906045913696, 1.156665563583374, 2.1944565773010254, 1.8635958433151245, -1.2321240901947021, 0.51275634765625, 19.37656021118164, -0.8141311407089233, -3.503509998321533], [-8.218011856079102, -6.330000877380371, 3.327192783355713, 10.203872680664062, 6.952003479003906, -1.919665813446045, 5.622941970825195, 5.738919734954834, -1.434015154838562, -0.0883287563920021, -2.6247494220733643, -4.9689459800720215, 4.2453413009643555, 0.4774383008480072, 6.424770355224609, -2.86902117729187, -0.8922414779663086, 2.0987370014190674, -0.8141311407089233, 32.381736755371094, -2.8013603687286377], [0.3399660587310791, -4.613067150115967, 3.1242117881774902, -2.2083098888397217, 3.7216267585754395, 2.2822110652923584, -2.9922678470611572, -3.9322197437286377, -4.762630462646484, 1.0441588163375854, -7.9075026512146, 3.867574453353882, -3.7632358074188232, 5.099306583404541, -4.476876258850098, 1.856697916984558, 4.260892391204834, 9.556483268737793, -3.503509521484375, -2.801360607147217, 29.557926177978516]], "type": "heatmap"}], "layout": {"template": {"data": {"histogram2dcontour": [{"type": "histogram2dcontour", "colorbar": {"outlinewidth": 0, "ticks": ""}, "colorscale": [[0.0, "#0d0887"], [0.1111111111111111, "#46039f"], [0.2222222222222222, "#7201a8"], [0.3333333333333333, "#9c179e"], [0.4444444444444444, "#bd3786"], [0.5555555555555556, "#d8576b"], [0.6666666666666666, "#ed7953"], [0.7777777777777778, "#fb9f3a"], [0.8888888888888888, "#fdca26"], [1.0, "#f0f921"]]}], "choropleth": [{"type": "choropleth", "colorbar": {"outlinewidth": 0, "ticks": ""}}], "histogram2d": [{"type": "histogram2d", "colorbar": {"outlinewidth": 0, "ticks": ""}, "colorscale": [[0.0, "#0d0887"], [0.1111111111111111, "#46039f"], [0.2222222222222222, "#7201a8"], [0.3333333333333333, "#9c179e"], [0.4444444444444444, "#bd3786"], [0.5555555555555556, "#d8576b"], [0.6666666666666666, "#ed7953"], [0.7777777777777778, "#fb9f3a"], [0.8888888888888888, "#fdca26"], [1.0, "#f0f921"]]}], "heatmap": [{"type": "heatmap", "colorbar": {"outlinewidth": 0, "ticks": ""}, "colorscale": [[0.0, "#0d0887"], [0.1111111111111111, "#46039f"], [0.2222222222222222, "#7201a8"], [0.3333333333333333, "#9c179e"], [0.4444444444444444, "#bd3786"], [0.5555555555555556, "#d8576b"], [0.6666666666666666, "#ed7953"], [0.7777777777777778, "#fb9f3a"], [0.8888888888888888, "#fdca26"], [1.0, "#f0f921"]]}], "heatmapgl": [{"type": "heatmapgl", "colorbar": {"outlinewidth": 0, "ticks": ""}, "colorscale": [[0.0, "#0d0887"], [0.1111111111111111, "#46039f"], [0.2222222222222222, "#7201a8"], [0.3333333333333333, "#9c179e"], [0.4444444444444444, "#bd3786"], [0.5555555555555556, "#d8576b"], [0.6666666666666666, "#ed7953"], [0.7777777777777778, "#fb9f3a"], [0.8888888888888888, "#fdca26"], [1.0, "#f0f921"]]}], "contourcarpet": [{"type": "contourcarpet", "colorbar": {"outlinewidth": 0, "ticks": ""}}], "contour": [{"type": "contour", "colorbar": {"outlinewidth": 0, "ticks": ""}, "colorscale": [[0.0, "#0d0887"], [0.1111111111111111, "#46039f"], [0.2222222222222222, "#7201a8"], [0.3333333333333333, "#9c179e"], [0.4444444444444444, "#bd3786"], [0.5555555555555556, "#d8576b"], [0.6666666666666666, "#ed7953"], [0.7777777777777778, "#fb9f3a"], [0.8888888888888888, "#fdca26"], [1.0, "#f0f921"]]}], "surface": [{"type": "surface", "colorbar": {"outlinewidth": 0, "ticks": ""}, "colorscale": [[0.0, "#0d0887"], [0.1111111111111111, "#46039f"], [0.2222222222222222, "#7201a8"], [0.3333333333333333, "#9c179e"], [0.4444444444444444, "#bd3786"], [0.5555555555555556, "#d8576b"], [0.6666666666666666, "#ed7953"], [0.7777777777777778, "#fb9f3a"], [0.8888888888888888, "#fdca26"], [1.0, "#f0f921"]]}], "mesh3d": [{"type": "mesh3d", "colorbar": {"outlinewidth": 0, "ticks": ""}}], "scatter": [{"fillpattern": {"fillmode": "overlay", "size": 10, "solidity": 0.2}, "type": "scatter"}], "parcoords": [{"type": "parcoords", "line": {"colorbar": {"outlinewidth": 0, "ticks": ""}}}], "scatterpolargl": [{"type": "scatterpolargl", "marker": {"colorbar": {"outlinewidth": 0, "ticks": ""}}}], "bar": [{"error_x": {"color": "#2a3f5f"}, "error_y": {"color": "#2a3f5f"}, "marker": {"line": {"color": "#E5ECF6", "width": 0.5}, "pattern": {"fillmode": "overlay", "size": 10, "solidity": 0.2}}, "type": "bar"}], "scattergeo": [{"type": "scattergeo", "marker": {"colorbar": {"outlinewidth": 0, "ticks": ""}}}], "scatterpolar": [{"type": "scatterpolar", "marker": {"colorbar": {"outlinewidth": 0, "ticks": ""}}}], "histogram": [{"marker": {"pattern": {"fillmode": "overlay", "size": 10, "solidity": 0.2}}, "type": "histogram"}], "scattergl": [{"type": "scattergl", "marker": {"colorbar": {"outlinewidth": 0, "ticks": ""}}}], "scatter3d": [{"type": "scatter3d", "line": {"colorbar": {"outlinewidth": 0, "ticks": ""}}, "marker": {"colorbar": {"outlinewidth": 0, "ticks": ""}}}], "scattermapbox": [{"type": "scattermapbox", "marker": {"colorbar": {"outlinewidth": 0, "ticks": ""}}}], "scatterternary": [{"type": "scatterternary", "marker": {"colorbar": {"outlinewidth": 0, "ticks": ""}}}], "scattercarpet": [{"type": "scattercarpet", "marker": {"colorbar": {"outlinewidth": 0, "ticks": ""}}}], "carpet": [{"aaxis": {"endlinecolor": "#2a3f5f", "gridcolor": "white", "linecolor": "white", "minorgridcolor": "white", "startlinecolor": "#2a3f5f"}, "baxis": {"endlinecolor": "#2a3f5f", "gridcolor": "white", "linecolor": "white", "minorgridcolor": "white", "startlinecolor": "#2a3f5f"}, "type": "carpet"}], "table": [{"cells": {"fill": {"color": "#EBF0F8"}, "line": {"color": "white"}}, "header": {"fill": {"color": "#C8D4E3"}, "line": {"color": "white"}}, "type": "table"}], "barpolar": [{"marker": {"line": {"color": "#E5ECF6", "width": 0.5}, "pattern": {"fillmode": "overlay", "size": 10, "solidity": 0.2}}, "type": "barpolar"}], "pie": [{"automargin": true, "type": "pie"}]}, "layout": {"autotypenumbers": "strict", "colorway": ["#636efa", "#EF553B", "#00cc96", "#ab63fa", "#FFA15A", "#19d3f3", "#FF6692", "#B6E880", "#FF97FF", "#FECB52"], "font": {"color": "#2a3f5f"}, "hovermode": "closest", "hoverlabel": {"align": "left"}, "paper_bgcolor": "white", "plot_bgcolor": "#E5ECF6", "polar": {"bgcolor": "#E5ECF6", "angularaxis": {"gridcolor": "white", "linecolor": "white", "ticks": ""}, "radialaxis": {"gridcolor": "white", "linecolor": "white", "ticks": ""}}, "ternary": {"bgcolor": "#E5ECF6", "aaxis": {"gridcolor": "white", "linecolor": "white", "ticks": ""}, "baxis": {"gridcolor": "white", "linecolor": "white", "ticks": ""}, "caxis": {"gridcolor": "white", "linecolor": "white", "ticks": ""}}, "coloraxis": {"colorbar": {"outlinewidth": 0, "ticks": ""}}, "colorscale": {"sequential": [[0.0, "#0d0887"], [0.1111111111111111, "#46039f"], [0.2222222222222222, "#7201a8"], [0.3333333333333333, "#9c179e"], [0.4444444444444444, "#bd3786"], [0.5555555555555556, "#d8576b"], [0.6666666666666666, "#ed7953"], [0.7777777777777778, "#fb9f3a"], [0.8888888888888888, "#fdca26"], [1.0, "#f0f921"]], "sequentialminus": [[0.0, "#0d0887"], [0.1111111111111111, "#46039f"], [0.2222222222222222, "#7201a8"], [0.3333333333333333, "#9c179e"], [0.4444444444444444, "#bd3786"], [0.5555555555555556, "#d8576b"], [0.6666666666666666, "#ed7953"], [0.7777777777777778, "#fb9f3a"], [0.8888888888888888, "#fdca26"], [1.0, "#f0f921"]], "diverging": [[0, "#8e0152"], [0.1, "#c51b7d"], [0.2, "#de77ae"], [0.3, "#f1b6da"], [0.4, "#fde0ef"], [0.5, "#f7f7f7"], [0.6, "#e6f5d0"], [0.7, "#b8e186"], [0.8, "#7fbc41"], [0.9, "#4d9221"], [1, "#276419"]]}, "xaxis": {"gridcolor": "white", "linecolor": "white", "ticks": "", "title": {"standoff": 15}, "zerolinecolor": "white", "automargin": true, "zerolinewidth": 2}, "yaxis": {"gridcolor": "white", "linecolor": "white", "ticks": "", "title": {"standoff": 15}, "zerolinecolor": "white", "automargin": true, "zerolinewidth": 2}, "scene": {"xaxis": {"backgroundcolor": "#E5ECF6", "gridcolor": "white", "linecolor": "white", "showbackground": true, "ticks": "", "zerolinecolor": "white", "gridwidth": 2}, "yaxis": {"backgroundcolor": "#E5ECF6", "gridcolor": "white", "linecolor": "white", "showbackground": true, "ticks": "", "zerolinecolor": "white", "gridwidth": 2}, "zaxis": {"backgroundcolor": "#E5ECF6", "gridcolor": "white", "linecolor": "white", "showbackground": true, "ticks": "", "zerolinecolor": "white", "gridwidth": 2}}, "shapedefaults": {"line": {"color": "#2a3f5f"}}, "annotationdefaults": {"arrowcolor": "#2a3f5f", "arrowhead": 0, "arrowwidth": 1}, "geo": {"bgcolor": "white", "landcolor": "#E5ECF6", "subunitcolor": "white", "showland": true, "showlakes": true, "lakecolor": "white"}, "title": {"x": 0.05}, "mapbox": {"style": "light"}}}}}