{"data": [{"z": [[19.055631637573242, 1.3501667976379395, -4.471733570098877, -0.28458690643310547, -0.49880239367485046, 4.098690986633301, -7.041738033294678, 0.21624287962913513, -0.49885162711143494, -0.7032376527786255, 2.5565025806427, 0.9094082713127136, -3.203754186630249, -0.6578359603881836, -3.165231227874756, 1.7335011959075928, -0.20295238494873047, 0.40140533447265625, -4.0047173500061035, -8.193010330200195, 0.3201277256011963], [1.3501667976379395, 21.309616088867188, -5.603016376495361, -3.8609092235565186, -0.43526947498321533, -4.838749885559082, 4.0529866218566895, 2.6358466148376465, -3.734893321990967, 1.16920804977417, 0.9289591908454895, -2.867382526397705, 0.12472276389598846, 3.734553337097168, -1.6009089946746826, 2.0034189224243164, 0.7198493480682373, -1.7930710315704346, 0.7894883155822754, -6.2724714279174805, -4.571981906890869], [-4.471733570098877, -5.603016376495361, 27.916242599487305, -2.30672287940979, -11.825899124145508, 5.934141635894775, 4.031240940093994, 4.204638957977295, -3.1824545860290527, -2.3250041007995605, -8.660909652709961, 1.343896746635437, 3.6518077850341797, -1.6819117069244385, -3.48272967338562, 1.9222332239151, -0.9038307666778564, 7.584218978881836, -0.42300963401794434, 3.322169065475464, 3.1362767219543457], [-0.28458690643310547, -3.8609092235565186, -2.30672287940979, 17.339038848876953, 5.201091289520264, -0.4871024191379547, -3.5769410133361816, 4.08568811416626, 1.8695743083953857, 5.11675500869751, 0.9080207943916321, -0.303970605134964, -0.632807731628418, -4.012275218963623, 3.1739916801452637, -4.8044586181640625, -6.543839931488037, 3.696132183074951, 3.1110870838165283, 10.211820602416992, -2.2042458057403564], [-0.49880239367485046, -0.43526947498321533, -11.825899124145508, 5.201091289520264, 16.510608673095703, -2.9096627235412598, 2.3374147415161133, -1.3505868911743164, 1.0957059860229492, 2.0891318321228027, -0.7636522650718689, 2.200789213180542, -1.2167755365371704, 2.076167345046997, -0.7623236179351807, 2.04036021232605, 4.398346900939941, 1.6183929443359375, 0.22767853736877441, 6.946690559387207, 3.6815178394317627], [4.098690986633301, -4.838749885559082, 5.934141635894775, -0.4871024191379547, -2.9096627235412598, 13.024624824523926, 1.379318118095398, -1.471694827079773, -0.44331255555152893, -0.39519622921943665, -3.37404465675354, -0.6029298305511475, 0.11209869384765625, -3.28084397315979, -0.15546801686286926, -0.31230664253234863, 5.568880081176758, 2.7351720333099365, -0.07630115747451782, -1.8380647897720337, 2.2363855838775635], [-7.041738033294678, 4.0529866218566895, 4.031240940093994, -3.5769410133361816, 2.3374147415161133, 1.379318118095398, 29.373029708862305, -3.2440314292907715, 7.111793518066406, 0.5232075452804565, -7.1554789543151855, -8.781785011291504, 3.020437479019165, 0.291163831949234, -1.1111289262771606, 4.188218593597412, 2.364215612411499, 0.47031211853027344, 4.7557878494262695, 5.639071941375732, -3.0059146881103516], [0.21624287962913513, 2.6358466148376465, 4.204638957977295, 4.08568811416626, -1.3505868911743164, -1.471694827079773, -3.2440314292907715, 21.72476577758789, -0.8706943988800049, -4.231720447540283, 2.421619176864624, -2.1114375591278076, 4.617683410644531, -1.8348870277404785, -0.5431777238845825, 0.5402931571006775, -3.1100778579711914, 6.80733060836792, -2.2590184211730957, 5.751300811767578, -4.000738620758057], [-0.49885162711143494, -3.734893321990967, -3.1824545860290527, 1.8695743083953857, 1.0957059860229492, -0.44331255555152893, 7.111793518066406, -0.8706943988800049, 20.222740173339844, 6.688053607940674, -4.085099697113037, -3.547816514968872, -1.0596503019332886, 2.4021670818328857, -0.6688477396965027, 0.3549864888191223, -5.161340236663818, -2.290741443634033, -1.4864810705184937, -1.3737473487854004, -4.6908769607543945], [-0.7032376527786255, 1.16920804977417, -2.3250041007995605, 5.11675500869751, 2.0891318321228027, -0.39519622921943665, 0.5232075452804565, -4.231720447540283, 6.688053607940674, 18.98530387878418, -7.913562297821045, 1.1143372058868408, 2.9082775115966797, 3.1759071350097656, 7.095495223999023, -1.7907369136810303, -0.09526121616363525, 0.6696218252182007, 4.775042533874512, -0.08436274528503418, 0.9699088335037231], [2.5565025806427, 0.9289591908454895, -8.660909652709961, 0.9080207943916321, -0.7636522650718689, -3.37404465675354, -7.1554789543151855, 2.421619176864624, -4.085099697113037, -7.913562297821045, 25.26151466369629, -2.376603364944458, -4.517841815948486, -2.355217218399048, 1.2218387126922607, 4.746829986572266, -5.570948600769043, -3.1617259979248047, 3.477583885192871, -2.5701866149902344, -7.8756232261657715], [0.9094082713127136, -2.867382526397705, 1.343896746635437, -0.303970605134964, 2.200789213180542, -0.6029298305511475, -8.781785011291504, -2.1114375591278076, -3.547816514968872, 1.1143372058868408, -2.376603364944458, 23.512187957763672, 0.009498585015535355, 1.7915188074111938, 5.77674674987793, -6.858788967132568, -2.5448265075683594, 0.5324420928955078, -2.7173471450805664, -4.916826248168945, 3.880784511566162], [-3.203754186630249, 0.12472276389598846, 3.6518077850341797, -0.632807731628418, -1.2167755365371704, 0.11209869384765625, 3.020437479019165, 4.617683410644531, -1.0596503019332886, 2.9082775115966797, -4.517841815948486, 0.009498585015535355, 17.318092346191406, 1.1981031894683838, 4.41179084777832, 0.6574302315711975, 5.153346061706543, -3.3500680923461914, -1.2723478078842163, 4.216434478759766, -3.7627153396606445], [-0.6578359603881836, 3.734553337097168, -1.6819117069244385, -4.012275218963623, 2.076167345046997, -3.28084397315979, 0.291163831949234, -1.8348870277404785, 2.4021670818328857, 3.1759071350097656, -2.355217218399048, 1.7915188074111938, 1.1981031894683838, 19.426799774169922, 0.13547103106975555, -3.7271687984466553, 3.009645938873291, -2.673421859741211, 1.14371657371521, 0.48959970474243164, 5.029962062835693], [-3.165231227874756, -1.6009089946746826, -3.48272967338562, 3.1739916801452637, -0.7623236179351807, -0.15546801686286926, -1.1111289262771606, -0.5431777238845825, -0.6688477396965027, 7.095495223999023, 1.2218387126922607, 5.77674674987793, 4.41179084777832, 0.13547103106975555, 20.588747024536133, -3.404035806655884, -1.5711734294891357, -3.175663709640503, 2.2086009979248047, 6.429001808166504, -4.494850158691406], [1.7335011959075928, 2.0034189224243164, 1.9222332239151, -4.8044586181640625, 2.04036021232605, -0.31230664253234863, 4.188218593597412, 0.5402931571006775, 0.3549864888191223, -1.7907369136810303, 4.746829986572266, -6.858788967132568, 0.6574302315711975, -3.7271687984466553, -3.404035806655884, 23.333335876464844, 5.09051513671875, 1.693537950515747, 1.864985704421997, -2.7811262607574463, 1.7987430095672607], [-0.20295244455337524, 0.7198489904403687, -0.9038307070732117, -6.543840408325195, 4.3983473777771, 5.5688796043396, 2.3642160892486572, -3.1100780963897705, -5.16133975982666, -0.09526102989912033, -5.570949077606201, -2.5448265075683594, 5.153345584869385, 3.009645700454712, -1.5711729526519775, 5.090514659881592, 23.316932678222656, 2.623006582260132, -1.1818368434906006, -0.8768112659454346, 4.274128437042236], [0.40140554308891296, -1.7930711507797241, 7.584219455718994, 3.696132183074951, 1.6183927059173584, 2.7351725101470947, 0.47031208872795105, 6.80733060836792, -2.2907416820526123, 0.6696218252182007, -3.1617257595062256, 0.5324418544769287, -3.3500685691833496, -2.673421859741211, -3.175663709640503, 1.6935380697250366, 2.623006582260132, 17.727828979492188, 0.5338230133056641, 2.149275779724121, 9.439719200134277], [-4.004716873168945, 0.7894880771636963, -0.4230099320411682, 3.1110870838165283, 0.22767814993858337, -0.07630125433206558, 4.755788326263428, -2.259018898010254, -1.486480951309204, 4.775042533874512, 3.477583408355713, -2.7173473834991455, -1.2723480463027954, 1.1437159776687622, 2.2086009979248047, 1.8649853467941284, -1.1818368434906006, 0.5338230133056641, 19.21806526184082, -0.7596312761306763, -3.5050950050354004], [-8.193010330200195, -6.272470951080322, 3.322169542312622, 10.21181869506836, 6.946691036224365, -1.8380647897720337, 5.639074802398682, 5.7513017654418945, -1.3737473487854004, -0.08436282724142075, -2.570185661315918, -4.916826248168945, 4.216434478759766, 0.4895993769168854, 6.429001331329346, -2.7811272144317627, -0.8768112659454346, 2.149275779724121, -0.7596312761306763, 32.20532989501953, -2.7733705043792725], [0.3201281428337097, -4.571981430053711, 3.1362767219543457, -2.2042455673217773, 3.6815178394317627, 2.2363858222961426, -3.0059149265289307, -4.000739574432373, -4.690877437591553, 0.9699088335037231, -7.87562370300293, 3.8807849884033203, -3.7627153396606445, 5.029962062835693, -4.494850158691406, 1.7987432479858398, 4.27412748336792, 9.439719200134277, -3.5050957202911377, -2.7733707427978516, 29.557926177978516]], "type": "heatmap"}], "layout": {"template": {"data": {"histogram2dcontour": [{"type": "histogram2dcontour", "colorbar": {"outlinewidth": 0, "ticks": ""}, "colorscale": [[0.0, "#0d0887"], [0.1111111111111111, "#46039f"], [0.2222222222222222, "#7201a8"], [0.3333333333333333, "#9c179e"], [0.4444444444444444, "#bd3786"], [0.5555555555555556, "#d8576b"], [0.6666666666666666, "#ed7953"], [0.7777777777777778, "#fb9f3a"], [0.8888888888888888, "#fdca26"], [1.0, "#f0f921"]]}], "choropleth": [{"type": "choropleth", "colorbar": {"outlinewidth": 0, "ticks": ""}}], "histogram2d": [{"type": "histogram2d", "colorbar": {"outlinewidth": 0, "ticks": ""}, "colorscale": [[0.0, "#0d0887"], [0.1111111111111111, "#46039f"], [0.2222222222222222, "#7201a8"], [0.3333333333333333, "#9c179e"], [0.4444444444444444, "#bd3786"], [0.5555555555555556, "#d8576b"], [0.6666666666666666, "#ed7953"], [0.7777777777777778, "#fb9f3a"], [0.8888888888888888, "#fdca26"], [1.0, "#f0f921"]]}], "heatmap": [{"type": "heatmap", "colorbar": {"outlinewidth": 0, "ticks": ""}, "colorscale": [[0.0, "#0d0887"], [0.1111111111111111, "#46039f"], [0.2222222222222222, "#7201a8"], [0.3333333333333333, "#9c179e"], [0.4444444444444444, "#bd3786"], [0.5555555555555556, "#d8576b"], [0.6666666666666666, "#ed7953"], [0.7777777777777778, "#fb9f3a"], [0.8888888888888888, "#fdca26"], [1.0, "#f0f921"]]}], "heatmapgl": [{"type": "heatmapgl", "colorbar": {"outlinewidth": 0, "ticks": ""}, "colorscale": [[0.0, "#0d0887"], [0.1111111111111111, "#46039f"], [0.2222222222222222, "#7201a8"], [0.3333333333333333, "#9c179e"], [0.4444444444444444, "#bd3786"], [0.5555555555555556, "#d8576b"], [0.6666666666666666, "#ed7953"], [0.7777777777777778, "#fb9f3a"], [0.8888888888888888, "#fdca26"], [1.0, "#f0f921"]]}], "contourcarpet": [{"type": "contourcarpet", "colorbar": {"outlinewidth": 0, "ticks": ""}}], "contour": [{"type": "contour", "colorbar": {"outlinewidth": 0, "ticks": ""}, "colorscale": [[0.0, "#0d0887"], [0.1111111111111111, "#46039f"], [0.2222222222222222, "#7201a8"], [0.3333333333333333, "#9c179e"], [0.4444444444444444, "#bd3786"], [0.5555555555555556, "#d8576b"], [0.6666666666666666, "#ed7953"], [0.7777777777777778, "#fb9f3a"], [0.8888888888888888, "#fdca26"], [1.0, "#f0f921"]]}], "surface": [{"type": "surface", "colorbar": {"outlinewidth": 0, "ticks": ""}, "colorscale": [[0.0, "#0d0887"], [0.1111111111111111, "#46039f"], [0.2222222222222222, "#7201a8"], [0.3333333333333333, "#9c179e"], [0.4444444444444444, "#bd3786"], [0.5555555555555556, "#d8576b"], [0.6666666666666666, "#ed7953"], [0.7777777777777778, "#fb9f3a"], [0.8888888888888888, "#fdca26"], [1.0, "#f0f921"]]}], "mesh3d": [{"type": "mesh3d", "colorbar": {"outlinewidth": 0, "ticks": ""}}], "scatter": [{"fillpattern": {"fillmode": "overlay", "size": 10, "solidity": 0.2}, "type": "scatter"}], "parcoords": [{"type": "parcoords", "line": {"colorbar": {"outlinewidth": 0, "ticks": ""}}}], "scatterpolargl": [{"type": "scatterpolargl", "marker": {"colorbar": {"outlinewidth": 0, "ticks": ""}}}], "bar": [{"error_x": {"color": "#2a3f5f"}, "error_y": {"color": "#2a3f5f"}, "marker": {"line": {"color": "#E5ECF6", "width": 0.5}, "pattern": {"fillmode": "overlay", "size": 10, "solidity": 0.2}}, "type": "bar"}], "scattergeo": [{"type": "scattergeo", "marker": {"colorbar": {"outlinewidth": 0, "ticks": ""}}}], "scatterpolar": [{"type": "scatterpolar", "marker": {"colorbar": {"outlinewidth": 0, "ticks": ""}}}], "histogram": [{"marker": {"pattern": {"fillmode": "overlay", "size": 10, "solidity": 0.2}}, "type": "histogram"}], "scattergl": [{"type": "scattergl", "marker": {"colorbar": {"outlinewidth": 0, "ticks": ""}}}], "scatter3d": [{"type": "scatter3d", "line": {"colorbar": {"outlinewidth": 0, "ticks": ""}}, "marker": {"colorbar": {"outlinewidth": 0, "ticks": ""}}}], "scattermapbox": [{"type": "scattermapbox", "marker": {"colorbar": {"outlinewidth": 0, "ticks": ""}}}], "scatterternary": [{"type": "scatterternary", "marker": {"colorbar": {"outlinewidth": 0, "ticks": ""}}}], "scattercarpet": [{"type": "scattercarpet", "marker": {"colorbar": {"outlinewidth": 0, "ticks": ""}}}], "carpet": [{"aaxis": {"endlinecolor": "#2a3f5f", "gridcolor": "white", "linecolor": "white", "minorgridcolor": "white", "startlinecolor": "#2a3f5f"}, "baxis": {"endlinecolor": "#2a3f5f", "gridcolor": "white", "linecolor": "white", "minorgridcolor": "white", "startlinecolor": "#2a3f5f"}, "type": "carpet"}], "table": [{"cells": {"fill": {"color": "#EBF0F8"}, "line": {"color": "white"}}, "header": {"fill": {"color": "#C8D4E3"}, "line": {"color": "white"}}, "type": "table"}], "barpolar": [{"marker": {"line": {"color": "#E5ECF6", "width": 0.5}, "pattern": {"fillmode": "overlay", "size": 10, "solidity": 0.2}}, "type": "barpolar"}], "pie": [{"automargin": true, "type": "pie"}]}, "layout": {"autotypenumbers": "strict", "colorway": ["#636efa", "#EF553B", "#00cc96", "#ab63fa", "#FFA15A", "#19d3f3", "#FF6692", "#B6E880", "#FF97FF", "#FECB52"], "font": {"color": "#2a3f5f"}, "hovermode": "closest", "hoverlabel": {"align": "left"}, "paper_bgcolor": "white", "plot_bgcolor": "#E5ECF6", "polar": {"bgcolor": "#E5ECF6", "angularaxis": {"gridcolor": "white", "linecolor": "white", "ticks": ""}, "radialaxis": {"gridcolor": "white", "linecolor": "white", "ticks": ""}}, "ternary": {"bgcolor": "#E5ECF6", "aaxis": {"gridcolor": "white", "linecolor": "white", "ticks": ""}, "baxis": {"gridcolor": "white", "linecolor": "white", "ticks": ""}, "caxis": {"gridcolor": "white", "linecolor": "white", "ticks": ""}}, "coloraxis": {"colorbar": {"outlinewidth": 0, "ticks": ""}}, "colorscale": {"sequential": [[0.0, "#0d0887"], [0.1111111111111111, "#46039f"], [0.2222222222222222, "#7201a8"], [0.3333333333333333, "#9c179e"], [0.4444444444444444, "#bd3786"], [0.5555555555555556, "#d8576b"], [0.6666666666666666, "#ed7953"], [0.7777777777777778, "#fb9f3a"], [0.8888888888888888, "#fdca26"], [1.0, "#f0f921"]], "sequentialminus": [[0.0, "#0d0887"], [0.1111111111111111, "#46039f"], [0.2222222222222222, "#7201a8"], [0.3333333333333333, "#9c179e"], [0.4444444444444444, "#bd3786"], [0.5555555555555556, "#d8576b"], [0.6666666666666666, "#ed7953"], [0.7777777777777778, "#fb9f3a"], [0.8888888888888888, "#fdca26"], [1.0, "#f0f921"]], "diverging": [[0, "#8e0152"], [0.1, "#c51b7d"], [0.2, "#de77ae"], [0.3, "#f1b6da"], [0.4, "#fde0ef"], [0.5, "#f7f7f7"], [0.6, "#e6f5d0"], [0.7, "#b8e186"], [0.8, "#7fbc41"], [0.9, "#4d9221"], [1, "#276419"]]}, "xaxis": {"gridcolor": "white", "linecolor": "white", "ticks": "", "title": {"standoff": 15}, "zerolinecolor": "white", "automargin": true, "zerolinewidth": 2}, "yaxis": {"gridcolor": "white", "linecolor": "white", "ticks": "", "title": {"standoff": 15}, "zerolinecolor": "white", "automargin": true, "zerolinewidth": 2}, "scene": {"xaxis": {"backgroundcolor": "#E5ECF6", "gridcolor": "white", "linecolor": "white", "showbackground": true, "ticks": "", "zerolinecolor": "white", "gridwidth": 2}, "yaxis": {"backgroundcolor": "#E5ECF6", "gridcolor": "white", "linecolor": "white", "showbackground": true, "ticks": "", "zerolinecolor": "white", "gridwidth": 2}, "zaxis": {"backgroundcolor": "#E5ECF6", "gridcolor": "white", "linecolor": "white", "showbackground": true, "ticks": "", "zerolinecolor": "white", "gridwidth": 2}}, "shapedefaults": {"line": {"color": "#2a3f5f"}}, "annotationdefaults": {"arrowcolor": "#2a3f5f", "arrowhead": 0, "arrowwidth": 1}, "geo": {"bgcolor": "white", "landcolor": "#E5ECF6", "subunitcolor": "white", "showland": true, "showlakes": true, "lakecolor": "white"}, "title": {"x": 0.05}, "mapbox": {"style": "light"}}}}}