{"data": [{"z": [[19.057451248168945, 1.3359928131103516, -4.482519149780273, -0.28600141406059265, -0.5072602033615112, 4.0928568840026855, -7.047142505645752, 0.19672100245952606, -0.5076637268066406, -0.7123998999595642, 2.5467569828033447, 0.9021097421646118, -3.2256243228912354, -0.6678705811500549, -3.173919677734375, 1.718950629234314, -0.21718990802764893, 0.3986837863922119, -4.012190818786621, -8.203160285949707, 0.33257222175598145], [1.3359928131103516, 21.311431884765625, -5.620692253112793, -3.866428852081299, -0.44030532240867615, -4.852663993835449, 4.047495365142822, 2.619506359100342, -3.743978500366211, 1.1614238023757935, 0.9209107756614685, -2.8777992725372314, 0.10391247272491455, 3.7243587970733643, -1.605499267578125, 1.9945003986358643, 0.7095153331756592, -1.8061819076538086, 0.7830746173858643, -6.278905391693115, -4.569815635681152], [-4.482519149780273, -5.620692253112793, 27.930326461791992, -2.3189799785614014, -11.84832763671875, 5.927368640899658, 4.028916358947754, 4.192867279052734, -3.1916770935058594, -2.3383829593658447, -8.674064636230469, 1.3348814249038696, 3.649533748626709, -1.6967564821243286, -3.4922797679901123, 1.9085572957992554, -0.9151661396026611, 7.580935478210449, -0.4384758472442627, 3.3145158290863037, 3.138646125793457], [-0.28600141406059265, -3.866428852081299, -2.3189799785614014, 17.34270668029785, 5.1967010498046875, -0.4947316348552704, -3.5837113857269287, 4.078494548797607, 1.8582748174667358, 5.118031978607178, 0.9017727971076965, -0.31670981645584106, -0.6432685852050781, -4.0233540534973145, 3.1675891876220703, -4.826504230499268, -6.567685127258301, 3.6854987144470215, 3.103832721710205, 10.204360961914062, -2.1993839740753174], [-0.5072602033615112, -0.44030532240867615, -11.84832763671875, 5.1967010498046875, 16.511524200439453, -2.9269025325775146, 2.3310720920562744, -1.3624330759048462, 1.0857235193252563, 2.084453821182251, -0.7646730542182922, 2.1910934448242188, -1.2308895587921143, 2.0625107288360596, -0.7752880454063416, 2.0259850025177, 4.390571594238281, 1.6152054071426392, 0.22528409957885742, 6.941390514373779, 3.687920331954956], [4.0928568840026855, -4.852663993835449, 5.927368640899658, -0.4947316348552704, -2.9269025325775146, 13.037477493286133, 1.3732258081436157, -1.49207603931427, -0.4576905071735382, -0.39744827151298523, -3.3830008506774902, -0.6149961352348328, 0.09089496731758118, -3.296647548675537, -0.16270563006401062, -0.3392639458179474, 5.542891502380371, 2.7225821018218994, -0.08294004201889038, -1.8551732301712036, 2.245037317276001], [-7.047142505645752, 4.047495365142822, 4.028916358947754, -3.5837113857269287, 2.3310720920562744, 1.3732258081436157, 29.39809226989746, -3.2522940635681152, 7.106362342834473, 0.5209181904792786, -7.161060810089111, -8.795538902282715, 3.0169613361358643, 0.28387969732284546, -1.1148484945297241, 4.186936855316162, 2.359272003173828, 0.46381592750549316, 4.751736164093018, 5.6359663009643555, -3.0034408569335938], [0.19672100245952606, 2.619506359100342, 4.192867279052734, 4.078494548797607, -1.3624330759048462, -1.49207603931427, -3.2522940635681152, 21.736942291259766, -0.8941707015037537, -4.237391471862793, 2.411644458770752, -2.1344192028045654, 4.609105110168457, -1.845621943473816, -0.5543693900108337, 0.5322411060333252, -3.1333141326904297, 6.80075740814209, -2.2733078002929688, 5.743271827697754, -3.9896199703216553], [-0.5076637268066406, -3.743978500366211, -3.1916770935058594, 1.8582748174667358, 1.0857235193252563, -0.4576905071735382, 7.106362342834473, -0.8941707015037537, 20.22789764404297, 6.680055618286133, -4.0947794914245605, -3.5584876537323, -1.0741376876831055, 2.3878512382507324, -0.6770731806755066, 0.3415422737598419, -5.177055358886719, -2.3036246299743652, -1.490838885307312, -1.3892951011657715, -4.691028594970703], [-0.7123998999595642, 1.1614238023757935, -2.3383829593658447, 5.118031978607178, 2.084453821182251, -0.39744827151298523, 0.5209181904792786, -4.237391471862793, 6.680055618286133, 19.018386840820312, -7.9220356941223145, 1.1068613529205322, 2.902576208114624, 3.1764023303985596, 7.096351146697998, -1.8013083934783936, -0.10954821109771729, 0.6716876029968262, 4.781013488769531, -0.08765101432800293, 0.9811227321624756], [2.5467569828033447, 0.9209107756614685, -8.674064636230469, 0.9017727971076965, -0.7646730542182922, -3.3830008506774902, -7.161060810089111, 2.411644458770752, -4.0947794914245605, -7.9220356941223145, 25.26634979248047, -2.3824994564056396, -4.53411340713501, -2.364809989929199, 1.2216331958770752, 4.739166736602783, -5.582366943359375, -3.169888734817505, 3.476977825164795, -2.5833969116210938, -7.874837875366211], [0.9021097421646118, -2.8777992725372314, 1.3348814249038696, -0.31670981645584106, 2.1910934448242188, -0.6149961352348328, -8.795538902282715, -2.1344192028045654, -3.5584876537323, 1.1068613529205322, -2.3824994564056396, 23.50884246826172, -0.0013989986618980765, 1.7828717231750488, 5.766727924346924, -6.880772113800049, -2.5618560314178467, 0.5188862085342407, -2.727677345275879, -4.929479122161865, 3.884629249572754], [-3.2256243228912354, 0.10391247272491455, 3.649533748626709, -0.6432685852050781, -1.2308895587921143, 0.09089496731758118, 3.0169613361358643, 4.609105110168457, -1.0741376876831055, 2.902576208114624, -4.53411340713501, -0.0013989986618980765, 17.327425003051758, 1.190576195716858, 4.403085231781006, 0.642440915107727, 5.141921043395996, -3.3690695762634277, -1.2881494760513306, 4.216126441955566, -3.7603344917297363], [-0.6678705811500549, 3.7243587970733643, -1.6967564821243286, -4.0233540534973145, 2.0625107288360596, -3.296647548675537, 0.28387969732284546, -1.845621943473816, 2.3878512382507324, 3.1764023303985596, -2.364809989929199, 1.7828717231750488, 1.190576195716858, 19.43949317932129, 0.1295274943113327, -3.736748218536377, 2.994591236114502, -2.6861419677734375, 1.1411261558532715, 0.48104000091552734, 5.039970397949219], [-3.173919677734375, -1.605499267578125, -3.4922797679901123, 3.1675891876220703, -0.7752880454063416, -0.16270563006401062, -1.1148484945297241, -0.5543693900108337, -0.6770731806755066, 7.096351146697998, 1.2216331958770752, 5.766727924346924, 4.403085231781006, 0.1295274943113327, 20.592283248901367, -3.4217653274536133, -1.5851573944091797, -3.190514087677002, 2.2032394409179688, 6.423431873321533, -4.493393421173096], [1.718950629234314, 1.9945003986358643, 1.9085572957992554, -4.826504230499268, 2.0259850025177, -0.3392639458179474, 4.186936855316162, 0.5322411060333252, 0.3415422737598419, -1.8013083934783936, 4.739166736602783, -6.880772113800049, 0.642440915107727, -3.736748218536377, -3.4217653274536133, 23.338214874267578, 5.078719139099121, 1.6860120296478271, 1.857234239578247, -2.800662040710449, 1.8066856861114502], [-0.21718989312648773, 0.7095151543617249, -0.9151663184165955, -6.567685127258301, 4.3905720710754395, 5.542890548706055, 2.3592724800109863, -3.1333136558532715, -5.1770548820495605, -0.10954799503087997, -5.582366943359375, -2.561856269836426, 5.141921043395996, 2.994591236114502, -1.5851575136184692, 5.078720569610596, 23.31562042236328, 2.6053109169006348, -1.1976537704467773, -0.8838608264923096, 4.2799530029296875], [0.3986838757991791, -1.8061821460723877, 7.580935001373291, 3.6854991912841797, 1.6152055263519287, 2.7225821018218994, 0.46381598711013794, 6.800756931304932, -2.303624391555786, 0.6716874837875366, -3.169889211654663, 0.5188865661621094, -3.3690690994262695, -2.6861417293548584, -3.190514087677002, 1.686011791229248, 2.6053109169006348, 17.740888595581055, 0.5264661312103271, 2.135308265686035, 9.456547737121582], [-4.012191295623779, 0.7830750942230225, -0.43847593665122986, 3.103832960128784, 0.22528454661369324, -0.08294003456830978, 4.751736164093018, -2.2733075618743896, -1.4908393621444702, 4.781013011932373, 3.4769771099090576, -2.727677583694458, -1.2881499528884888, 1.1411261558532715, 2.2032392024993896, 1.8572338819503784, -1.1976537704467773, 0.5264661312103271, 19.233919143676758, -0.772254228591919, -3.501434326171875], [-8.203160285949707, -6.278906345367432, 3.314516544342041, 10.204361915588379, 6.941391468048096, -1.8551732301712036, 5.635967254638672, 5.743271827697754, -1.3892955780029297, -0.0876506119966507, -2.583397150039673, -4.929478168487549, 4.216126441955566, 0.481040358543396, 6.423431873321533, -2.800661563873291, -0.8838608264923096, 2.135308265686035, -0.772254228591919, 32.21881866455078, -2.771277904510498], [0.3325725793838501, -4.569815635681152, 3.138646364212036, -2.1993842124938965, 3.687919855117798, 2.2450366020202637, -3.003441095352173, -3.9896204471588135, -4.691028118133545, 0.981122612953186, -7.874837398529053, 3.884629249572754, -3.7603344917297363, 5.039970397949219, -4.493393898010254, 1.8066856861114502, 4.2799530029296875, 9.456546783447266, -3.501434564590454, -2.7712783813476562, 29.557926177978516]], "type": "heatmap"}], "layout": {"template": {"data": {"histogram2dcontour": [{"type": "histogram2dcontour", "colorbar": {"outlinewidth": 0, "ticks": ""}, "colorscale": [[0.0, "#0d0887"], [0.1111111111111111, "#46039f"], [0.2222222222222222, "#7201a8"], [0.3333333333333333, "#9c179e"], [0.4444444444444444, "#bd3786"], [0.5555555555555556, "#d8576b"], [0.6666666666666666, "#ed7953"], [0.7777777777777778, "#fb9f3a"], [0.8888888888888888, "#fdca26"], [1.0, "#f0f921"]]}], "choropleth": [{"type": "choropleth", "colorbar": {"outlinewidth": 0, "ticks": ""}}], "histogram2d": [{"type": "histogram2d", "colorbar": {"outlinewidth": 0, "ticks": ""}, "colorscale": [[0.0, "#0d0887"], [0.1111111111111111, "#46039f"], [0.2222222222222222, "#7201a8"], [0.3333333333333333, "#9c179e"], [0.4444444444444444, "#bd3786"], [0.5555555555555556, "#d8576b"], [0.6666666666666666, "#ed7953"], [0.7777777777777778, "#fb9f3a"], [0.8888888888888888, "#fdca26"], [1.0, "#f0f921"]]}], "heatmap": [{"type": "heatmap", "colorbar": {"outlinewidth": 0, "ticks": ""}, "colorscale": [[0.0, "#0d0887"], [0.1111111111111111, "#46039f"], [0.2222222222222222, "#7201a8"], [0.3333333333333333, "#9c179e"], [0.4444444444444444, "#bd3786"], [0.5555555555555556, "#d8576b"], [0.6666666666666666, "#ed7953"], [0.7777777777777778, "#fb9f3a"], [0.8888888888888888, "#fdca26"], [1.0, "#f0f921"]]}], "heatmapgl": [{"type": "heatmapgl", "colorbar": {"outlinewidth": 0, "ticks": ""}, "colorscale": [[0.0, "#0d0887"], [0.1111111111111111, "#46039f"], [0.2222222222222222, "#7201a8"], [0.3333333333333333, "#9c179e"], [0.4444444444444444, "#bd3786"], [0.5555555555555556, "#d8576b"], [0.6666666666666666, "#ed7953"], [0.7777777777777778, "#fb9f3a"], [0.8888888888888888, "#fdca26"], [1.0, "#f0f921"]]}], "contourcarpet": [{"type": "contourcarpet", "colorbar": {"outlinewidth": 0, "ticks": ""}}], "contour": [{"type": "contour", "colorbar": {"outlinewidth": 0, "ticks": ""}, "colorscale": [[0.0, "#0d0887"], [0.1111111111111111, "#46039f"], [0.2222222222222222, "#7201a8"], [0.3333333333333333, "#9c179e"], [0.4444444444444444, "#bd3786"], [0.5555555555555556, "#d8576b"], [0.6666666666666666, "#ed7953"], [0.7777777777777778, "#fb9f3a"], [0.8888888888888888, "#fdca26"], [1.0, "#f0f921"]]}], "surface": [{"type": "surface", "colorbar": {"outlinewidth": 0, "ticks": ""}, "colorscale": [[0.0, "#0d0887"], [0.1111111111111111, "#46039f"], [0.2222222222222222, "#7201a8"], [0.3333333333333333, "#9c179e"], [0.4444444444444444, "#bd3786"], [0.5555555555555556, "#d8576b"], [0.6666666666666666, "#ed7953"], [0.7777777777777778, "#fb9f3a"], [0.8888888888888888, "#fdca26"], [1.0, "#f0f921"]]}], "mesh3d": [{"type": "mesh3d", "colorbar": {"outlinewidth": 0, "ticks": ""}}], "scatter": [{"fillpattern": {"fillmode": "overlay", "size": 10, "solidity": 0.2}, "type": "scatter"}], "parcoords": [{"type": "parcoords", "line": {"colorbar": {"outlinewidth": 0, "ticks": ""}}}], "scatterpolargl": [{"type": "scatterpolargl", "marker": {"colorbar": {"outlinewidth": 0, "ticks": ""}}}], "bar": [{"error_x": {"color": "#2a3f5f"}, "error_y": {"color": "#2a3f5f"}, "marker": {"line": {"color": "#E5ECF6", "width": 0.5}, "pattern": {"fillmode": "overlay", "size": 10, "solidity": 0.2}}, "type": "bar"}], "scattergeo": [{"type": "scattergeo", "marker": {"colorbar": {"outlinewidth": 0, "ticks": ""}}}], "scatterpolar": [{"type": "scatterpolar", "marker": {"colorbar": {"outlinewidth": 0, "ticks": ""}}}], "histogram": [{"marker": {"pattern": {"fillmode": "overlay", "size": 10, "solidity": 0.2}}, "type": "histogram"}], "scattergl": [{"type": "scattergl", "marker": {"colorbar": {"outlinewidth": 0, "ticks": ""}}}], "scatter3d": [{"type": "scatter3d", "line": {"colorbar": {"outlinewidth": 0, "ticks": ""}}, "marker": {"colorbar": {"outlinewidth": 0, "ticks": ""}}}], "scattermapbox": [{"type": "scattermapbox", "marker": {"colorbar": {"outlinewidth": 0, "ticks": ""}}}], "scatterternary": [{"type": "scatterternary", "marker": {"colorbar": {"outlinewidth": 0, "ticks": ""}}}], "scattercarpet": [{"type": "scattercarpet", "marker": {"colorbar": {"outlinewidth": 0, "ticks": ""}}}], "carpet": [{"aaxis": {"endlinecolor": "#2a3f5f", "gridcolor": "white", "linecolor": "white", "minorgridcolor": "white", "startlinecolor": "#2a3f5f"}, "baxis": {"endlinecolor": "#2a3f5f", "gridcolor": "white", "linecolor": "white", "minorgridcolor": "white", "startlinecolor": "#2a3f5f"}, "type": "carpet"}], "table": [{"cells": {"fill": {"color": "#EBF0F8"}, "line": {"color": "white"}}, "header": {"fill": {"color": "#C8D4E3"}, "line": {"color": "white"}}, "type": "table"}], "barpolar": [{"marker": {"line": {"color": "#E5ECF6", "width": 0.5}, "pattern": {"fillmode": "overlay", "size": 10, "solidity": 0.2}}, "type": "barpolar"}], "pie": [{"automargin": true, "type": "pie"}]}, "layout": {"autotypenumbers": "strict", "colorway": ["#636efa", "#EF553B", "#00cc96", "#ab63fa", "#FFA15A", "#19d3f3", "#FF6692", "#B6E880", "#FF97FF", "#FECB52"], "font": {"color": "#2a3f5f"}, "hovermode": "closest", "hoverlabel": {"align": "left"}, "paper_bgcolor": "white", "plot_bgcolor": "#E5ECF6", "polar": {"bgcolor": "#E5ECF6", "angularaxis": {"gridcolor": "white", "linecolor": "white", "ticks": ""}, "radialaxis": {"gridcolor": "white", "linecolor": "white", "ticks": ""}}, "ternary": {"bgcolor": "#E5ECF6", "aaxis": {"gridcolor": "white", "linecolor": "white", "ticks": ""}, "baxis": {"gridcolor": "white", "linecolor": "white", "ticks": ""}, "caxis": {"gridcolor": "white", "linecolor": "white", "ticks": ""}}, "coloraxis": {"colorbar": {"outlinewidth": 0, "ticks": ""}}, "colorscale": {"sequential": [[0.0, "#0d0887"], [0.1111111111111111, "#46039f"], [0.2222222222222222, "#7201a8"], [0.3333333333333333, "#9c179e"], [0.4444444444444444, "#bd3786"], [0.5555555555555556, "#d8576b"], [0.6666666666666666, "#ed7953"], [0.7777777777777778, "#fb9f3a"], [0.8888888888888888, "#fdca26"], [1.0, "#f0f921"]], "sequentialminus": [[0.0, "#0d0887"], [0.1111111111111111, "#46039f"], [0.2222222222222222, "#7201a8"], [0.3333333333333333, "#9c179e"], [0.4444444444444444, "#bd3786"], [0.5555555555555556, "#d8576b"], [0.6666666666666666, "#ed7953"], [0.7777777777777778, "#fb9f3a"], [0.8888888888888888, "#fdca26"], [1.0, "#f0f921"]], "diverging": [[0, "#8e0152"], [0.1, "#c51b7d"], [0.2, "#de77ae"], [0.3, "#f1b6da"], [0.4, "#fde0ef"], [0.5, "#f7f7f7"], [0.6, "#e6f5d0"], [0.7, "#b8e186"], [0.8, "#7fbc41"], [0.9, "#4d9221"], [1, "#276419"]]}, "xaxis": {"gridcolor": "white", "linecolor": "white", "ticks": "", "title": {"standoff": 15}, "zerolinecolor": "white", "automargin": true, "zerolinewidth": 2}, "yaxis": {"gridcolor": "white", "linecolor": "white", "ticks": "", "title": {"standoff": 15}, "zerolinecolor": "white", "automargin": true, "zerolinewidth": 2}, "scene": {"xaxis": {"backgroundcolor": "#E5ECF6", "gridcolor": "white", "linecolor": "white", "showbackground": true, "ticks": "", "zerolinecolor": "white", "gridwidth": 2}, "yaxis": {"backgroundcolor": "#E5ECF6", "gridcolor": "white", "linecolor": "white", "showbackground": true, "ticks": "", "zerolinecolor": "white", "gridwidth": 2}, "zaxis": {"backgroundcolor": "#E5ECF6", "gridcolor": "white", "linecolor": "white", "showbackground": true, "ticks": "", "zerolinecolor": "white", "gridwidth": 2}}, "shapedefaults": {"line": {"color": "#2a3f5f"}}, "annotationdefaults": {"arrowcolor": "#2a3f5f", "arrowhead": 0, "arrowwidth": 1}, "geo": {"bgcolor": "white", "landcolor": "#E5ECF6", "subunitcolor": "white", "showland": true, "showlakes": true, "lakecolor": "white"}, "title": {"x": 0.05}, "mapbox": {"style": "light"}}}}}