{"data": [{"z": [[19.155508041381836, 1.2958056926727295, -4.5216498374938965, -0.2715877592563629, -0.5366530418395996, 4.105551719665527, -7.0800323486328125, 0.140173077583313, -0.5128893852233887, -0.7458362579345703, 2.534944534301758, 0.9111732244491577, -3.283808469772339, -0.6804385185241699, -3.1849892139434814, 1.6811039447784424, -0.247145414352417, 0.38331139087677, -4.038995742797852, -8.217257499694824, 0.34984350204467773], [1.2958056926727295, 21.39636993408203, -5.650920391082764, -3.8856382369995117, -0.4439364969730377, -4.893186092376709, 4.031225681304932, 2.5622940063476562, -3.745443344116211, 1.1119179725646973, 0.9108512997627258, -2.9107158184051514, 0.020768068730831146, 3.6988236904144287, -1.6396293640136719, 1.9726649522781372, 0.7137713432312012, -1.8533978462219238, 0.759239673614502, -6.318993091583252, -4.599558353424072], [-4.5216498374938965, -5.650920391082764, 28.061622619628906, -2.332461357116699, -11.940251350402832, 5.928400993347168, 4.036710739135742, 4.172476291656494, -3.21826171875, -2.401411771774292, -8.721074104309082, 1.3240019083023071, 3.6755809783935547, -1.7381296157836914, -3.5397417545318604, 1.8882144689559937, -0.9255039691925049, 7.586080551147461, -0.49260520935058594, 3.3202919960021973, 3.131417751312256], [-0.2715877592563629, -3.8856382369995117, -2.332461357116699, 17.404632568359375, 5.199213027954102, -0.4982515573501587, -3.6025397777557373, 4.078423976898193, 1.8540598154067993, 5.134106636047363, 0.8733986616134644, -0.3506021499633789, -0.6815203428268433, -4.065244197845459, 3.154493808746338, -4.905619144439697, -6.640582084655762, 3.674628734588623, 3.1054346561431885, 10.199933052062988, -2.2052321434020996], [-0.5366530418395996, -0.4439364969730377, -11.940251350402832, 5.199213027954102, 16.61777687072754, -2.989063024520874, 2.3188159465789795, -1.3951148986816406, 1.0472995042800903, 2.081078052520752, -0.7573364973068237, 2.1897060871124268, -1.270393967628479, 2.0384511947631836, -0.8033085465431213, 2.0116848945617676, 4.396888732910156, 1.6207183599472046, 0.23106837272644043, 6.943490505218506, 3.7181787490844727], [4.105551719665527, -4.893186092376709, 5.928400993347168, -0.4982515573501587, -2.989063024520874, 13.161036491394043, 1.3738676309585571, -1.5399625301361084, -0.4927378296852112, -0.39965248107910156, -3.3973140716552734, -0.6446535587310791, 0.04387195408344269, -3.3493237495422363, -0.16258148849010468, -0.4046807885169983, 5.492434978485107, 2.699427366256714, -0.08090388774871826, -1.912100911140442, 2.276489734649658], [-7.0800323486328125, 4.031225681304932, 4.036710739135742, -3.6025397777557373, 2.3188159465789795, 1.3738676309585571, 29.530561447143555, -3.2761101722717285, 7.0833892822265625, 0.513418972492218, -7.18233060836792, -8.85555648803711, 3.024533987045288, 0.26878035068511963, -1.1231023073196411, 4.173376083374023, 2.3423545360565186, 0.4428107738494873, 4.7392659187316895, 5.623353004455566, -2.9913623332977295], [0.140173077583313, 2.5622940063476562, 4.172476291656494, 4.078423976898193, -1.3951148986816406, -1.5399625301361084, -3.2761101722717285, 21.85806655883789, -0.9675607681274414, -4.228060722351074, 2.382402181625366, -2.215111255645752, 4.609256744384766, -1.8579813241958618, -0.5864285826683044, 0.5343127250671387, -3.210054874420166, 6.810145854949951, -2.3142340183258057, 5.732440948486328, -3.93996000289917], [-0.5128893852233887, -3.745443344116211, -3.21826171875, 1.8540598154067993, 1.0472995042800903, -0.4927378296852112, 7.0833892822265625, -0.9675607681274414, 20.33517837524414, 6.640395641326904, -4.110739231109619, -3.5570740699768066, -1.0992177724838257, 2.3527328968048096, -0.7164131999015808, 0.29507604241371155, -5.197610855102539, -2.360167980194092, -1.5148733854293823, -1.4277634620666504, -4.744990348815918], [-0.7458362579345703, 1.1119179725646973, -2.401411771774292, 5.134106636047363, 2.081078052520752, -0.39965248107910156, 0.513418972492218, -4.228060722351074, 6.640395641326904, 19.21196746826172, -7.965796947479248, 1.073420763015747, 2.893681764602661, 3.2038216590881348, 7.120049476623535, -1.8144022226333618, -0.16923701763153076, 0.6935235261917114, 4.8172078132629395, -0.09114313125610352, 1.035961389541626], [2.534944534301758, 0.9108512997627258, -8.721074104309082, 0.8733986616134644, -0.7573364973068237, -3.3973140716552734, -7.18233060836792, 2.382402181625366, -4.110739231109619, -7.965796947479248, 25.36060905456543, -2.392362117767334, -4.581532001495361, -2.3934905529022217, 1.236718773841858, 4.7226057052612305, -5.624641418457031, -3.1878395080566406, 3.492500066757202, -2.6176512241363525, -7.897162437438965], [0.9111732244491577, -2.9107158184051514, 1.3240019083023071, -0.3506021499633789, 2.1897060871124268, -0.6446535587310791, -8.85555648803711, -2.215111255645752, -3.5570740699768066, 1.073420763015747, -2.392362117767334, 23.602724075317383, -0.030849440023303032, 1.7686121463775635, 5.77130651473999, -6.9428534507751465, -2.6046817302703857, 0.4802262783050537, -2.748347759246826, -4.962008476257324, 3.8724379539489746], [-3.283808469772339, 0.020768068730831146, 3.6755809783935547, -0.6815203428268433, -1.270393967628479, 0.04387195408344269, 3.024533987045288, 4.609256744384766, -1.0992177724838257, 2.893681764602661, -4.581532001495361, -0.030849440023303032, 17.440311431884766, 1.1594107151031494, 4.385347366333008, 0.6148387789726257, 5.131427764892578, -3.4235222339630127, -1.3406625986099243, 4.236112594604492, -3.7628748416900635], [-0.6804385185241699, 3.6988236904144287, -1.7381296157836914, -4.065244197845459, 2.0384511947631836, -3.3493237495422363, 0.26878035068511963, -1.8579813241958618, 2.3527328968048096, 3.2038216590881348, -2.3934905529022217, 1.7686121463775635, 1.1594107151031494, 19.538368225097656, 0.12019199132919312, -3.7525229454040527, 2.9517931938171387, -2.72048020362854, 1.1508121490478516, 0.4717421531677246, 5.088624477386475], [-3.1849892139434814, -1.6396293640136719, -3.5397417545318604, 3.154493808746338, -0.8033085465431213, -0.16258148849010468, -1.1231023073196411, -0.5864285826683044, -0.7164131999015808, 7.120049476623535, 1.236718773841858, 5.77130651473999, 4.385347366333008, 0.12019199132919312, 20.670169830322266, -3.4597344398498535, -1.6245956420898438, -3.24232816696167, 2.1948304176330566, 6.419830799102783, -4.481058597564697], [1.6811039447784424, 1.9726649522781372, 1.8882144689559937, -4.905619144439697, 2.0116848945617676, -0.4046807885169983, 4.173376083374023, 0.5343127250671387, 0.29507604241371155, -1.8144022226333618, 4.7226057052612305, -6.9428534507751465, 0.6148387789726257, -3.7525229454040527, -3.4597344398498535, 23.42569351196289, 5.066969871520996, 1.68440580368042, 1.8563284873962402, -2.8636038303375244, 1.8465100526809692], [-0.24714545905590057, 0.7137713432312012, -0.9255039691925049, -6.64058256149292, 4.396888256072998, 5.492434978485107, 2.3423542976379395, -3.2100541591644287, -5.197610855102539, -0.16923727095127106, -5.624640464782715, -2.6046812534332275, 5.131427764892578, 2.951793670654297, -1.624595046043396, 5.066969394683838, 23.41009521484375, 2.5601866245269775, -1.2302491664886475, -0.8910350799560547, 4.267963886260986], [0.38331159949302673, -1.8533978462219238, 7.586080551147461, 3.674628734588623, 1.6207183599472046, 2.699427604675293, 0.44281092286109924, 6.810145378112793, -2.360168218612671, 0.6935234665870667, -3.1878397464752197, 0.48022621870040894, -3.4235219955444336, -2.7204806804656982, -3.2423276901245117, 1.684406042098999, 2.5601866245269775, 17.84735870361328, 0.5124084949493408, 2.1003646850585938, 9.538650512695312], [-4.038995265960693, 0.759239137172699, -0.4926048815250397, 3.1054344177246094, 0.23106825351715088, -0.08090364933013916, 4.7392659187316895, -2.3142340183258057, -1.5148729085922241, 4.8172078132629395, 3.4925010204315186, -2.748347520828247, -1.3406625986099243, 1.1508119106292725, 2.1948304176330566, 1.8563286066055298, -1.2302491664886475, 0.5124084949493408, 19.346670150756836, -0.8100299835205078, -3.5014312267303467], [-8.217256546020508, -6.318992614746094, 3.3202922344207764, 10.199934005737305, 6.943489074707031, -1.9121007919311523, 5.623355388641357, 5.732440948486328, -1.4277634620666504, -0.09114295989274979, -2.617649793624878, -4.962009906768799, 4.236112594604492, 0.471741259098053, 6.419830799102783, -2.8636035919189453, -0.8910350799560547, 2.1003646850585938, -0.8100299835205078, 32.34252166748047, -2.7929458618164062], [0.34984350204467773, -4.5995588302612305, 3.1314172744750977, -2.2052321434020996, 3.7181787490844727, 2.2764902114868164, -2.9913625717163086, -3.93996000289917, -4.744990348815918, 1.035961389541626, -7.897162437438965, 3.8724381923675537, -3.7628743648529053, 5.088623523712158, -4.481058120727539, 1.8465099334716797, 4.267963409423828, 9.538650512695312, -3.5014309883117676, -2.7929463386535645, 29.557926177978516]], "type": "heatmap"}], "layout": {"template": {"data": {"histogram2dcontour": [{"type": "histogram2dcontour", "colorbar": {"outlinewidth": 0, "ticks": ""}, "colorscale": [[0.0, "#0d0887"], [0.1111111111111111, "#46039f"], [0.2222222222222222, "#7201a8"], [0.3333333333333333, "#9c179e"], [0.4444444444444444, "#bd3786"], [0.5555555555555556, "#d8576b"], [0.6666666666666666, "#ed7953"], [0.7777777777777778, "#fb9f3a"], [0.8888888888888888, "#fdca26"], [1.0, "#f0f921"]]}], "choropleth": [{"type": "choropleth", "colorbar": {"outlinewidth": 0, "ticks": ""}}], "histogram2d": [{"type": "histogram2d", "colorbar": {"outlinewidth": 0, "ticks": ""}, "colorscale": [[0.0, "#0d0887"], [0.1111111111111111, "#46039f"], [0.2222222222222222, "#7201a8"], [0.3333333333333333, "#9c179e"], [0.4444444444444444, "#bd3786"], [0.5555555555555556, "#d8576b"], [0.6666666666666666, "#ed7953"], [0.7777777777777778, "#fb9f3a"], [0.8888888888888888, "#fdca26"], [1.0, "#f0f921"]]}], "heatmap": [{"type": "heatmap", "colorbar": {"outlinewidth": 0, "ticks": ""}, "colorscale": [[0.0, "#0d0887"], [0.1111111111111111, "#46039f"], [0.2222222222222222, "#7201a8"], [0.3333333333333333, "#9c179e"], [0.4444444444444444, "#bd3786"], [0.5555555555555556, "#d8576b"], [0.6666666666666666, "#ed7953"], [0.7777777777777778, "#fb9f3a"], [0.8888888888888888, "#fdca26"], [1.0, "#f0f921"]]}], "heatmapgl": [{"type": "heatmapgl", "colorbar": {"outlinewidth": 0, "ticks": ""}, "colorscale": [[0.0, "#0d0887"], [0.1111111111111111, "#46039f"], [0.2222222222222222, "#7201a8"], [0.3333333333333333, "#9c179e"], [0.4444444444444444, "#bd3786"], [0.5555555555555556, "#d8576b"], [0.6666666666666666, "#ed7953"], [0.7777777777777778, "#fb9f3a"], [0.8888888888888888, "#fdca26"], [1.0, "#f0f921"]]}], "contourcarpet": [{"type": "contourcarpet", "colorbar": {"outlinewidth": 0, "ticks": ""}}], "contour": [{"type": "contour", "colorbar": {"outlinewidth": 0, "ticks": ""}, "colorscale": [[0.0, "#0d0887"], [0.1111111111111111, "#46039f"], [0.2222222222222222, "#7201a8"], [0.3333333333333333, "#9c179e"], [0.4444444444444444, "#bd3786"], [0.5555555555555556, "#d8576b"], [0.6666666666666666, "#ed7953"], [0.7777777777777778, "#fb9f3a"], [0.8888888888888888, "#fdca26"], [1.0, "#f0f921"]]}], "surface": [{"type": "surface", "colorbar": {"outlinewidth": 0, "ticks": ""}, "colorscale": [[0.0, "#0d0887"], [0.1111111111111111, "#46039f"], [0.2222222222222222, "#7201a8"], [0.3333333333333333, "#9c179e"], [0.4444444444444444, "#bd3786"], [0.5555555555555556, "#d8576b"], [0.6666666666666666, "#ed7953"], [0.7777777777777778, "#fb9f3a"], [0.8888888888888888, "#fdca26"], [1.0, "#f0f921"]]}], "mesh3d": [{"type": "mesh3d", "colorbar": {"outlinewidth": 0, "ticks": ""}}], "scatter": [{"fillpattern": {"fillmode": "overlay", "size": 10, "solidity": 0.2}, "type": "scatter"}], "parcoords": [{"type": "parcoords", "line": {"colorbar": {"outlinewidth": 0, "ticks": ""}}}], "scatterpolargl": [{"type": "scatterpolargl", "marker": {"colorbar": {"outlinewidth": 0, "ticks": ""}}}], "bar": [{"error_x": {"color": "#2a3f5f"}, "error_y": {"color": "#2a3f5f"}, "marker": {"line": {"color": "#E5ECF6", "width": 0.5}, "pattern": {"fillmode": "overlay", "size": 10, "solidity": 0.2}}, "type": "bar"}], "scattergeo": [{"type": "scattergeo", "marker": {"colorbar": {"outlinewidth": 0, "ticks": ""}}}], "scatterpolar": [{"type": "scatterpolar", "marker": {"colorbar": {"outlinewidth": 0, "ticks": ""}}}], "histogram": [{"marker": {"pattern": {"fillmode": "overlay", "size": 10, "solidity": 0.2}}, "type": "histogram"}], "scattergl": [{"type": "scattergl", "marker": {"colorbar": {"outlinewidth": 0, "ticks": ""}}}], "scatter3d": [{"type": "scatter3d", "line": {"colorbar": {"outlinewidth": 0, "ticks": ""}}, "marker": {"colorbar": {"outlinewidth": 0, "ticks": ""}}}], "scattermapbox": [{"type": "scattermapbox", "marker": {"colorbar": {"outlinewidth": 0, "ticks": ""}}}], "scatterternary": [{"type": "scatterternary", "marker": {"colorbar": {"outlinewidth": 0, "ticks": ""}}}], "scattercarpet": [{"type": "scattercarpet", "marker": {"colorbar": {"outlinewidth": 0, "ticks": ""}}}], "carpet": [{"aaxis": {"endlinecolor": "#2a3f5f", "gridcolor": "white", "linecolor": "white", "minorgridcolor": "white", "startlinecolor": "#2a3f5f"}, "baxis": {"endlinecolor": "#2a3f5f", "gridcolor": "white", "linecolor": "white", "minorgridcolor": "white", "startlinecolor": "#2a3f5f"}, "type": "carpet"}], "table": [{"cells": {"fill": {"color": "#EBF0F8"}, "line": {"color": "white"}}, "header": {"fill": {"color": "#C8D4E3"}, "line": {"color": "white"}}, "type": "table"}], "barpolar": [{"marker": {"line": {"color": "#E5ECF6", "width": 0.5}, "pattern": {"fillmode": "overlay", "size": 10, "solidity": 0.2}}, "type": "barpolar"}], "pie": [{"automargin": true, "type": "pie"}]}, "layout": {"autotypenumbers": "strict", "colorway": ["#636efa", "#EF553B", "#00cc96", "#ab63fa", "#FFA15A", "#19d3f3", "#FF6692", "#B6E880", "#FF97FF", "#FECB52"], "font": {"color": "#2a3f5f"}, "hovermode": "closest", "hoverlabel": {"align": "left"}, "paper_bgcolor": "white", "plot_bgcolor": "#E5ECF6", "polar": {"bgcolor": "#E5ECF6", "angularaxis": {"gridcolor": "white", "linecolor": "white", "ticks": ""}, "radialaxis": {"gridcolor": "white", "linecolor": "white", "ticks": ""}}, "ternary": {"bgcolor": "#E5ECF6", "aaxis": {"gridcolor": "white", "linecolor": "white", "ticks": ""}, "baxis": {"gridcolor": "white", "linecolor": "white", "ticks": ""}, "caxis": {"gridcolor": "white", "linecolor": "white", "ticks": ""}}, "coloraxis": {"colorbar": {"outlinewidth": 0, "ticks": ""}}, "colorscale": {"sequential": [[0.0, "#0d0887"], [0.1111111111111111, "#46039f"], [0.2222222222222222, "#7201a8"], [0.3333333333333333, "#9c179e"], [0.4444444444444444, "#bd3786"], [0.5555555555555556, "#d8576b"], [0.6666666666666666, "#ed7953"], [0.7777777777777778, "#fb9f3a"], [0.8888888888888888, "#fdca26"], [1.0, "#f0f921"]], "sequentialminus": [[0.0, "#0d0887"], [0.1111111111111111, "#46039f"], [0.2222222222222222, "#7201a8"], [0.3333333333333333, "#9c179e"], [0.4444444444444444, "#bd3786"], [0.5555555555555556, "#d8576b"], [0.6666666666666666, "#ed7953"], [0.7777777777777778, "#fb9f3a"], [0.8888888888888888, "#fdca26"], [1.0, "#f0f921"]], "diverging": [[0, "#8e0152"], [0.1, "#c51b7d"], [0.2, "#de77ae"], [0.3, "#f1b6da"], [0.4, "#fde0ef"], [0.5, "#f7f7f7"], [0.6, "#e6f5d0"], [0.7, "#b8e186"], [0.8, "#7fbc41"], [0.9, "#4d9221"], [1, "#276419"]]}, "xaxis": {"gridcolor": "white", "linecolor": "white", "ticks": "", "title": {"standoff": 15}, "zerolinecolor": "white", "automargin": true, "zerolinewidth": 2}, "yaxis": {"gridcolor": "white", "linecolor": "white", "ticks": "", "title": {"standoff": 15}, "zerolinecolor": "white", "automargin": true, "zerolinewidth": 2}, "scene": {"xaxis": {"backgroundcolor": "#E5ECF6", "gridcolor": "white", "linecolor": "white", "showbackground": true, "ticks": "", "zerolinecolor": "white", "gridwidth": 2}, "yaxis": {"backgroundcolor": "#E5ECF6", "gridcolor": "white", "linecolor": "white", "showbackground": true, "ticks": "", "zerolinecolor": "white", "gridwidth": 2}, "zaxis": {"backgroundcolor": "#E5ECF6", "gridcolor": "white", "linecolor": "white", "showbackground": true, "ticks": "", "zerolinecolor": "white", "gridwidth": 2}}, "shapedefaults": {"line": {"color": "#2a3f5f"}}, "annotationdefaults": {"arrowcolor": "#2a3f5f", "arrowhead": 0, "arrowwidth": 1}, "geo": {"bgcolor": "white", "landcolor": "#E5ECF6", "subunitcolor": "white", "showland": true, "showlakes": true, "lakecolor": "white"}, "title": {"x": 0.05}, "mapbox": {"style": "light"}}}}}