{"data": [{"z": [[19.321861267089844, 1.3108569383621216, -4.542290687561035, -0.23607425391674042, -0.5964081287384033, 4.196682453155518, -7.107723712921143, 0.13286516070365906, -0.4592977464199066, -0.7704490423202515, 2.5615732669830322, 0.9667302370071411, -3.292081594467163, -0.6475420594215393, -3.163651466369629, 1.6749804019927979, -0.2463369369506836, 0.4031963348388672, -4.049081802368164, -8.228789329528809, 0.3075535297393799], [1.3108569383621216, 21.562742233276367, -5.620273590087891, -3.91105318069458, -0.4392430782318115, -4.886514186859131, 4.037031650543213, 2.550180196762085, -3.7033469676971436, 1.0741990804672241, 0.9369178414344788, -2.9263577461242676, -0.027765890583395958, 3.6999945640563965, -1.676302194595337, 1.9796086549758911, 0.7676606178283691, -1.8916385173797607, 0.7590595483779907, -6.377458095550537, -4.659945011138916], [-4.542290687561035, -5.620273590087891, 28.26274871826172, -2.3079609870910645, -12.058330535888672, 5.963065147399902, 4.061854839324951, 4.197486400604248, -3.208129644393921, -2.47037410736084, -8.734203338623047, 1.3421308994293213, 3.721834659576416, -1.7344443798065186, -3.600008726119995, 1.9076697826385498, -0.9046410322189331, 7.632204055786133, -0.5358936786651611, 3.3603758811950684, 3.0908210277557373], [-0.23607425391674042, -3.91105318069458, -2.3079609870910645, 17.498090744018555, 5.254703044891357, -0.457285612821579, -3.614910840988159, 4.1255693435668945, 1.8913474082946777, 5.168323040008545, 0.8753853440284729, -0.36960265040397644, -0.6842989921569824, -4.089620590209961, 3.1740353107452393, -4.951897621154785, -6.685797691345215, 3.7172484397888184, 3.14096736907959, 10.233999252319336, -2.2281486988067627], [-0.5964081287384033, -0.4392430782318115, -12.058330535888672, 5.254703044891357, 16.76015281677246, -3.026956796646118, 2.309452533721924, -1.360601782798767, 1.0187710523605347, 2.082869291305542, -0.7278938889503479, 2.2504968643188477, -1.3081493377685547, 2.021836996078491, -0.8069896101951599, 2.018526792526245, 4.422706604003906, 1.6797209978103638, 0.2445073127746582, 6.984258651733398, 3.716566562652588], [4.196682453155518, -4.886514186859131, 5.963065147399902, -0.457285612821579, -3.026956796646118, 13.368070602416992, 1.4043151140213013, -1.5501116514205933, -0.4982057213783264, -0.38682517409324646, -3.3746306896209717, -0.6254441142082214, 0.05063842982053757, -3.3536646366119385, -0.11809485405683517, -0.39468857645988464, 5.527539253234863, 2.733334541320801, -0.07253438234329224, -1.9348931312561035, 2.297088384628296], [-7.107723712921143, 4.037031650543213, 4.061854839324951, -3.614910840988159, 2.309452533721924, 1.4043151140213013, 29.684017181396484, -3.3047051429748535, 7.089604377746582, 0.5249954462051392, -7.186652183532715, -8.89515209197998, 3.045305013656616, 0.27830782532691956, -1.1298104524612427, 4.18297815322876, 2.3376200199127197, 0.43467140197753906, 4.729442596435547, 5.624650001525879, -2.991523265838623], [0.13286516070365906, 2.550180196762085, 4.197486400604248, 4.1255693435668945, -1.360601782798767, -1.5501116514205933, -3.3047051429748535, 22.028839111328125, -0.9680852890014648, -4.192289352416992, 2.3942837715148926, -2.269639492034912, 4.650630950927734, -1.8099818229675293, -0.5824754238128662, 0.5594406723976135, -3.286356210708618, 6.880016326904297, -2.347107410430908, 5.763638019561768, -3.910989999771118], [-0.4592977464199066, -3.7033469676971436, -3.208129644393921, 1.8913474082946777, 1.0187710523605347, -0.4982057213783264, 7.089604377746582, -0.9680852890014648, 20.510147094726562, 6.622557640075684, -4.096292972564697, -3.530667543411255, -1.0892413854599, 2.361685037612915, -0.7337259650230408, 0.28115615248680115, -5.179945945739746, -2.3757190704345703, -1.4934433698654175, -1.4475533962249756, -4.836862087249756], [-0.7704490423202515, 1.0741990804672241, -2.47037410736084, 5.168323040008545, 2.082869291305542, -0.38682517409324646, 0.5249954462051392, -4.192289352416992, 6.622557640075684, 19.411598205566406, -8.012248992919922, 1.0598440170288086, 2.917492151260376, 3.265908718109131, 7.167969703674316, -1.763756275177002, -0.2144395112991333, 0.7472760677337646, 4.863542556762695, -0.08176040649414062, 1.0742228031158447], [2.5615732669830322, 0.9369178414344788, -8.734203338623047, 0.8753853440284729, -0.7278938889503479, -3.3746306896209717, -7.186652183532715, 2.3942837715148926, -4.096292972564697, -8.012248992919922, 25.52721405029297, -2.3965067863464355, -4.602817535400391, -2.4126758575439453, 1.2727519273757935, 4.749602794647217, -5.644940376281738, -3.183523178100586, 3.5348753929138184, -2.6576805114746094, -7.946203231811523], [0.9667302370071411, -2.9263577461242676, 1.3421308994293213, -0.36960265040397644, 2.2504968643188477, -0.6254441142082214, -8.89515209197998, -2.269639492034912, -3.530667543411255, 1.0598440170288086, -2.3965067863464355, 23.81821632385254, -0.04322655871510506, 1.793623685836792, 5.831111907958984, -6.9398345947265625, -2.6217994689941406, 0.48802101612091064, -2.732475519180298, -4.993900299072266, 3.8559811115264893], [-3.292081594467163, -0.027765890583395958, 3.721834659576416, -0.6842989921569824, -1.3081493377685547, 0.05063842982053757, 3.045305013656616, 4.650630950927734, -1.0892413854599, 2.917492151260376, -4.602817535400391, -0.04322655871510506, 17.6095027923584, 1.1560053825378418, 4.400350093841553, 0.6441291570663452, 5.161843776702881, -3.4365248680114746, -1.3877167701721191, 4.292570114135742, -3.7784171104431152], [-0.6475420594215393, 3.6999945640563965, -1.7344443798065186, -4.089620590209961, 2.021836996078491, -3.3536646366119385, 0.27830782532691956, -1.8099818229675293, 2.361685037612915, 3.265908718109131, -2.4126758575439453, 1.793623685836792, 1.1560053825378418, 19.708335876464844, 0.13124068081378937, -3.704787492752075, 2.9472227096557617, -2.665635824203491, 1.1905274391174316, 0.5014872550964355, 5.126256465911865], [-3.163651466369629, -1.676302194595337, -3.600008726119995, 3.1740353107452393, -0.8069896101951599, -0.11809485405683517, -1.1298104524612427, -0.5824754238128662, -0.7337259650230408, 7.167969703674316, 1.2727519273757935, 5.831111907958984, 4.400350093841553, 0.13124068081378937, 20.819931030273438, -3.429276466369629, -1.6366982460021973, -3.257248640060425, 2.194530725479126, 6.447517395019531, -4.484134674072266], [1.6749804019927979, 1.9796086549758911, 1.9076697826385498, -4.951897621154785, 2.018526792526245, -0.39468857645988464, 4.18297815322876, 0.5594406723976135, 0.28115615248680115, -1.763756275177002, 4.749602794647217, -6.9398345947265625, 0.6441291570663452, -3.704787492752075, -3.429276466369629, 23.606361389160156, 5.095621585845947, 1.7493985891342163, 1.892714500427246, -2.8739633560180664, 1.887632966041565], [-0.2463366836309433, 0.7676602005958557, -0.9046412110328674, -6.685797214508057, 4.422706604003906, 5.52754020690918, 2.337620496749878, -3.2863564491271973, -5.179946422576904, -0.2144397497177124, -5.644940376281738, -2.6217992305755615, 5.161843299865723, 2.947222948074341, -1.6366980075836182, 5.095622539520264, 23.56730079650879, 2.5750975608825684, -1.245652675628662, -0.8887426853179932, 4.238387584686279], [0.4031960666179657, -1.8916385173797607, 7.632204055786133, 3.7172484397888184, 1.6797209978103638, 2.7333340644836426, 0.4346713125705719, 6.880016803741455, -2.3757190704345703, 0.7472758889198303, -3.183522939682007, 0.4880216717720032, -3.4365246295928955, -2.6656360626220703, -3.2572476863861084, 1.7493987083435059, 2.5750975608825684, 18.040645599365234, 0.5198321342468262, 2.1018948554992676, 9.619904518127441], [-4.049081802368164, 0.7590593099594116, -0.535893976688385, 3.1409671306610107, 0.24450716376304626, -0.07253400981426239, 4.729442119598389, -2.3471076488494873, -1.4934438467025757, 4.863542556762695, 3.5348753929138184, -2.7324750423431396, -1.3877170085906982, 1.1905272006988525, 2.194530487060547, 1.8927143812179565, -1.245652675628662, 0.5198321342468262, 19.49187660217285, -0.8235270977020264, -3.525972366333008], [-8.228789329528809, -6.377458095550537, 3.3603765964508057, 10.23399829864502, 6.984259128570557, -1.9348928928375244, 5.624650001525879, 5.763638496398926, -1.4475538730621338, -0.08176041394472122, -2.6576805114746094, -4.993901252746582, 4.292569637298584, 0.5014868974685669, 6.4475178718566895, -2.873964786529541, -0.8887426853179932, 2.1018948554992676, -0.8235270977020264, 32.523155212402344, -2.8303442001342773], [0.30755358934402466, -4.659945011138916, 3.0908212661743164, -2.2281486988067627, 3.716566562652588, 2.297088146209717, -2.991523027420044, -3.9109902381896973, -4.836862087249756, 1.0742231607437134, -7.946203231811523, 3.8559813499450684, -3.778416633605957, 5.126255512237549, -4.484135150909424, 1.8876328468322754, 4.238386631011963, 9.619905471801758, -3.525972366333008, -2.8303446769714355, 29.557926177978516]], "type": "heatmap"}], "layout": {"template": {"data": {"histogram2dcontour": [{"type": "histogram2dcontour", "colorbar": {"outlinewidth": 0, "ticks": ""}, "colorscale": [[0.0, "#0d0887"], [0.1111111111111111, "#46039f"], [0.2222222222222222, "#7201a8"], [0.3333333333333333, "#9c179e"], [0.4444444444444444, "#bd3786"], [0.5555555555555556, "#d8576b"], [0.6666666666666666, "#ed7953"], [0.7777777777777778, "#fb9f3a"], [0.8888888888888888, "#fdca26"], [1.0, "#f0f921"]]}], "choropleth": [{"type": "choropleth", "colorbar": {"outlinewidth": 0, "ticks": ""}}], "histogram2d": [{"type": "histogram2d", "colorbar": {"outlinewidth": 0, "ticks": ""}, "colorscale": [[0.0, "#0d0887"], [0.1111111111111111, "#46039f"], [0.2222222222222222, "#7201a8"], [0.3333333333333333, "#9c179e"], [0.4444444444444444, "#bd3786"], [0.5555555555555556, "#d8576b"], [0.6666666666666666, "#ed7953"], [0.7777777777777778, "#fb9f3a"], [0.8888888888888888, "#fdca26"], [1.0, "#f0f921"]]}], "heatmap": [{"type": "heatmap", "colorbar": {"outlinewidth": 0, "ticks": ""}, "colorscale": [[0.0, "#0d0887"], [0.1111111111111111, "#46039f"], [0.2222222222222222, "#7201a8"], [0.3333333333333333, "#9c179e"], [0.4444444444444444, "#bd3786"], [0.5555555555555556, "#d8576b"], [0.6666666666666666, "#ed7953"], [0.7777777777777778, "#fb9f3a"], [0.8888888888888888, "#fdca26"], [1.0, "#f0f921"]]}], "heatmapgl": [{"type": "heatmapgl", "colorbar": {"outlinewidth": 0, "ticks": ""}, "colorscale": [[0.0, "#0d0887"], [0.1111111111111111, "#46039f"], [0.2222222222222222, "#7201a8"], [0.3333333333333333, "#9c179e"], [0.4444444444444444, "#bd3786"], [0.5555555555555556, "#d8576b"], [0.6666666666666666, "#ed7953"], [0.7777777777777778, "#fb9f3a"], [0.8888888888888888, "#fdca26"], [1.0, "#f0f921"]]}], "contourcarpet": [{"type": "contourcarpet", "colorbar": {"outlinewidth": 0, "ticks": ""}}], "contour": [{"type": "contour", "colorbar": {"outlinewidth": 0, "ticks": ""}, "colorscale": [[0.0, "#0d0887"], [0.1111111111111111, "#46039f"], [0.2222222222222222, "#7201a8"], [0.3333333333333333, "#9c179e"], [0.4444444444444444, "#bd3786"], [0.5555555555555556, "#d8576b"], [0.6666666666666666, "#ed7953"], [0.7777777777777778, "#fb9f3a"], [0.8888888888888888, "#fdca26"], [1.0, "#f0f921"]]}], "surface": [{"type": "surface", "colorbar": {"outlinewidth": 0, "ticks": ""}, "colorscale": [[0.0, "#0d0887"], [0.1111111111111111, "#46039f"], [0.2222222222222222, "#7201a8"], [0.3333333333333333, "#9c179e"], [0.4444444444444444, "#bd3786"], [0.5555555555555556, "#d8576b"], [0.6666666666666666, "#ed7953"], [0.7777777777777778, "#fb9f3a"], [0.8888888888888888, "#fdca26"], [1.0, "#f0f921"]]}], "mesh3d": [{"type": "mesh3d", "colorbar": {"outlinewidth": 0, "ticks": ""}}], "scatter": [{"fillpattern": {"fillmode": "overlay", "size": 10, "solidity": 0.2}, "type": "scatter"}], "parcoords": [{"type": "parcoords", "line": {"colorbar": {"outlinewidth": 0, "ticks": ""}}}], "scatterpolargl": [{"type": "scatterpolargl", "marker": {"colorbar": {"outlinewidth": 0, "ticks": ""}}}], "bar": [{"error_x": {"color": "#2a3f5f"}, "error_y": {"color": "#2a3f5f"}, "marker": {"line": {"color": "#E5ECF6", "width": 0.5}, "pattern": {"fillmode": "overlay", "size": 10, "solidity": 0.2}}, "type": "bar"}], "scattergeo": [{"type": "scattergeo", "marker": {"colorbar": {"outlinewidth": 0, "ticks": ""}}}], "scatterpolar": [{"type": "scatterpolar", "marker": {"colorbar": {"outlinewidth": 0, "ticks": ""}}}], "histogram": [{"marker": {"pattern": {"fillmode": "overlay", "size": 10, "solidity": 0.2}}, "type": "histogram"}], "scattergl": [{"type": "scattergl", "marker": {"colorbar": {"outlinewidth": 0, "ticks": ""}}}], "scatter3d": [{"type": "scatter3d", "line": {"colorbar": {"outlinewidth": 0, "ticks": ""}}, "marker": {"colorbar": {"outlinewidth": 0, "ticks": ""}}}], "scattermapbox": [{"type": "scattermapbox", "marker": {"colorbar": {"outlinewidth": 0, "ticks": ""}}}], "scatterternary": [{"type": "scatterternary", "marker": {"colorbar": {"outlinewidth": 0, "ticks": ""}}}], "scattercarpet": [{"type": "scattercarpet", "marker": {"colorbar": {"outlinewidth": 0, "ticks": ""}}}], "carpet": [{"aaxis": {"endlinecolor": "#2a3f5f", "gridcolor": "white", "linecolor": "white", "minorgridcolor": "white", "startlinecolor": "#2a3f5f"}, "baxis": {"endlinecolor": "#2a3f5f", "gridcolor": "white", "linecolor": "white", "minorgridcolor": "white", "startlinecolor": "#2a3f5f"}, "type": "carpet"}], "table": [{"cells": {"fill": {"color": "#EBF0F8"}, "line": {"color": "white"}}, "header": {"fill": {"color": "#C8D4E3"}, "line": {"color": "white"}}, "type": "table"}], "barpolar": [{"marker": {"line": {"color": "#E5ECF6", "width": 0.5}, "pattern": {"fillmode": "overlay", "size": 10, "solidity": 0.2}}, "type": "barpolar"}], "pie": [{"automargin": true, "type": "pie"}]}, "layout": {"autotypenumbers": "strict", "colorway": ["#636efa", "#EF553B", "#00cc96", "#ab63fa", "#FFA15A", "#19d3f3", "#FF6692", "#B6E880", "#FF97FF", "#FECB52"], "font": {"color": "#2a3f5f"}, "hovermode": "closest", "hoverlabel": {"align": "left"}, "paper_bgcolor": "white", "plot_bgcolor": "#E5ECF6", "polar": {"bgcolor": "#E5ECF6", "angularaxis": {"gridcolor": "white", "linecolor": "white", "ticks": ""}, "radialaxis": {"gridcolor": "white", "linecolor": "white", "ticks": ""}}, "ternary": {"bgcolor": "#E5ECF6", "aaxis": {"gridcolor": "white", "linecolor": "white", "ticks": ""}, "baxis": {"gridcolor": "white", "linecolor": "white", "ticks": ""}, "caxis": {"gridcolor": "white", "linecolor": "white", "ticks": ""}}, "coloraxis": {"colorbar": {"outlinewidth": 0, "ticks": ""}}, "colorscale": {"sequential": [[0.0, "#0d0887"], [0.1111111111111111, "#46039f"], [0.2222222222222222, "#7201a8"], [0.3333333333333333, "#9c179e"], [0.4444444444444444, "#bd3786"], [0.5555555555555556, "#d8576b"], [0.6666666666666666, "#ed7953"], [0.7777777777777778, "#fb9f3a"], [0.8888888888888888, "#fdca26"], [1.0, "#f0f921"]], "sequentialminus": [[0.0, "#0d0887"], [0.1111111111111111, "#46039f"], [0.2222222222222222, "#7201a8"], [0.3333333333333333, "#9c179e"], [0.4444444444444444, "#bd3786"], [0.5555555555555556, "#d8576b"], [0.6666666666666666, "#ed7953"], [0.7777777777777778, "#fb9f3a"], [0.8888888888888888, "#fdca26"], [1.0, "#f0f921"]], "diverging": [[0, "#8e0152"], [0.1, "#c51b7d"], [0.2, "#de77ae"], [0.3, "#f1b6da"], [0.4, "#fde0ef"], [0.5, "#f7f7f7"], [0.6, "#e6f5d0"], [0.7, "#b8e186"], [0.8, "#7fbc41"], [0.9, "#4d9221"], [1, "#276419"]]}, "xaxis": {"gridcolor": "white", "linecolor": "white", "ticks": "", "title": {"standoff": 15}, "zerolinecolor": "white", "automargin": true, "zerolinewidth": 2}, "yaxis": {"gridcolor": "white", "linecolor": "white", "ticks": "", "title": {"standoff": 15}, "zerolinecolor": "white", "automargin": true, "zerolinewidth": 2}, "scene": {"xaxis": {"backgroundcolor": "#E5ECF6", "gridcolor": "white", "linecolor": "white", "showbackground": true, "ticks": "", "zerolinecolor": "white", "gridwidth": 2}, "yaxis": {"backgroundcolor": "#E5ECF6", "gridcolor": "white", "linecolor": "white", "showbackground": true, "ticks": "", "zerolinecolor": "white", "gridwidth": 2}, "zaxis": {"backgroundcolor": "#E5ECF6", "gridcolor": "white", "linecolor": "white", "showbackground": true, "ticks": "", "zerolinecolor": "white", "gridwidth": 2}}, "shapedefaults": {"line": {"color": "#2a3f5f"}}, "annotationdefaults": {"arrowcolor": "#2a3f5f", "arrowhead": 0, "arrowwidth": 1}, "geo": {"bgcolor": "white", "landcolor": "#E5ECF6", "subunitcolor": "white", "showland": true, "showlakes": true, "lakecolor": "white"}, "title": {"x": 0.05}, "mapbox": {"style": "light"}}}}}