{"data": [{"z": [[20.014389038085938, 1.4382067918777466, -4.6212029457092285, -0.16016051173210144, -0.7520646452903748, 4.565505504608154, -7.422465801239014, 0.16478392481803894, -0.2684522867202759, -0.816804826259613, 2.772744655609131, 1.1704976558685303, -3.552612543106079, -0.5269528031349182, -3.200066566467285, 1.7096459865570068, -0.29257071018218994, 0.4374120235443115, -4.069974899291992, -8.61125659942627, 0.20951604843139648], [1.4382067918777466, 22.36512565612793, -5.732357978820801, -4.066058158874512, -0.5879237055778503, -4.989219665527344, 4.081025123596191, 2.490785598754883, -3.657841205596924, 1.0207470655441284, 1.1235119104385376, -3.1373050212860107, -0.3084120750427246, 3.8959109783172607, -1.8993116617202759, 2.162020444869995, 0.8345770835876465, -2.041579246520996, 0.8897733688354492, -6.846542835235596, -4.7841901779174805], [-4.6212029457092285, -5.732357978820801, 29.57259750366211, -2.291623592376709, -12.864651679992676, 6.247334957122803, 4.2734198570251465, 4.587370872497559, -3.184631586074829, -2.649247646331787, -9.233451843261719, 1.3964158296585083, 4.020115852355957, -1.7499735355377197, -3.9407293796539307, 1.8240463733673096, -0.8125699758529663, 8.128349304199219, -0.615329384803772, 3.468588352203369, 3.005305051803589], [-0.16016051173210144, -4.066058158874512, -2.291623592376709, 18.253202438354492, 5.542181491851807, -0.3964223861694336, -3.6309549808502197, 4.528779983520508, 2.167665481567383, 5.437262535095215, 0.9293683767318726, -0.48430508375167847, -0.6215775012969971, -4.193889141082764, 3.310385227203369, -5.119328498840332, -6.973644256591797, 3.97135329246521, 3.3017423152923584, 10.678314208984375, -2.4042277336120605], [-0.7520646452903748, -0.5879237055778503, -12.864651679992676, 5.542181491851807, 17.8347110748291, -3.3031437397003174, 2.254516363143921, -1.2477613687515259, 1.187703013420105, 2.290649652481079, -0.4499397575855255, 2.446293592453003, -1.4674973487854004, 2.036738872528076, -0.7053190469741821, 2.2190604209899902, 4.465512275695801, 1.867164134979248, 0.40081310272216797, 7.343890190124512, 3.701864719390869], [4.565505504608154, -4.989219665527344, 6.247334957122803, -0.3964223861694336, -3.3031437397003174, 14.039691925048828, 1.528098464012146, -1.5562632083892822, -0.4444821774959564, -0.2525756061077118, -3.522418737411499, -0.5822912454605103, 0.008725208230316639, -3.4509224891662598, -0.0665135458111763, -0.45565956830978394, 5.7105488777160645, 2.8950729370117188, 0.023167788982391357, -2.1048097610473633, 2.2998714447021484], [-7.422465801239014, 4.081025123596191, 4.2734198570251465, -3.6309549808502197, 2.254516363143921, 1.528098464012146, 30.677806854248047, -3.365227699279785, 7.249990940093994, 0.6080710887908936, -7.385464668273926, -9.315478324890137, 3.2302322387695312, 0.246540367603302, -1.059216856956482, 4.327790260314941, 2.4770188331604004, 0.4823591709136963, 4.8978681564331055, 5.7558746337890625, -3.046407461166382], [0.16478392481803894, 2.490785598754883, 4.587370872497559, 4.528779983520508, -1.2477613687515259, -1.5562632083892822, -3.365227699279785, 23.16294288635254, -0.7409875988960266, -3.9960520267486572, 2.3606841564178467, -2.5414657592773438, 5.022650718688965, -1.6542214155197144, -0.68827885389328, 0.8046107292175293, -3.4336090087890625, 7.506167888641357, -2.3376243114471436, 6.0593581199646, -3.939671277999878], [-0.2684522867202759, -3.657841205596924, -3.184631586074829, 2.167665481567383, 1.187703013420105, -0.4444821774959564, 7.249990940093994, -0.7409875988960266, 21.332439422607422, 6.8735527992248535, -4.067440509796143, -3.64422607421875, -1.167560338973999, 2.479915142059326, -0.7613330483436584, 0.3211360275745392, -5.4076313972473145, -2.272002696990967, -1.3381328582763672, -1.533539891242981, -4.999316215515137], [-0.816804826259613, 1.0207470655441284, -2.649247646331787, 5.437262535095215, 2.290649652481079, -0.2525756061077118, 0.6080710887908936, -3.9960520267486572, 6.8735527992248535, 20.40200424194336, -8.269854545593262, 1.0900030136108398, 3.205594539642334, 3.6217761039733887, 7.4717631340026855, -1.4765031337738037, -0.12252604961395264, 0.9603579044342041, 5.2552642822265625, 0.03834271430969238, 1.1465294361114502], [2.772744655609131, 1.1235119104385376, -9.233451843261719, 0.9293683767318726, -0.4499397575855255, -3.522418737411499, -7.385464668273926, 2.3606841564178467, -4.067440509796143, -8.269854545593262, 26.39254379272461, -2.599775552749634, -4.896205902099609, -2.502413272857666, 1.309184193611145, 5.014616012573242, -5.88103723526001, -3.3819308280944824, 3.7503879070281982, -2.844676971435547, -8.115440368652344], [1.1704976558685303, -3.1373050212860107, 1.3964158296585083, -0.48430508375167847, 2.446293592453003, -0.5822912454605103, -9.315478324890137, -2.5414657592773438, -3.64422607421875, 1.0900030136108398, -2.599775552749634, 24.7480411529541, -0.21442477405071259, 1.9366511106491089, 6.109679222106934, -7.140918731689453, -2.7231969833374023, 0.5468111038208008, -2.778761148452759, -5.302586555480957, 3.981837511062622], [-3.552612543106079, -0.3084120750427246, 4.020115852355957, -0.6215775012969971, -1.4674973487854004, 0.008725208230316639, 3.2302322387695312, 5.022650718688965, -1.167560338973999, 3.205594539642334, -4.896205902099609, -0.21442477405071259, 18.54450798034668, 1.1638619899749756, 4.720300674438477, 0.7201863527297974, 5.388118743896484, -3.5512475967407227, -1.5192103385925293, 4.687010765075684, -3.8860011100769043], [-0.5269528031349182, 3.8959109783172607, -1.7499735355377197, -4.193889141082764, 2.036738872528076, -3.4509224891662598, 0.246540367603302, -1.6542214155197144, 2.479915142059326, 3.6217761039733887, -2.502413272857666, 1.9366511106491089, 1.1638619899749756, 20.50853729248047, 0.1486073136329651, -3.5599002838134766, 3.0510199069976807, -2.4390032291412354, 1.4467077255249023, 0.5165843963623047, 5.201962471008301], [-3.200066566467285, -1.8993116617202759, -3.9407293796539307, 3.310385227203369, -0.7053190469741821, -0.0665135458111763, -1.059216856956482, -0.68827885389328, -0.7613330483436584, 7.4717631340026855, 1.309184193611145, 6.109679222106934, 4.720300674438477, 0.1486073136329651, 21.813182830810547, -3.3476388454437256, -1.6262056827545166, -3.4889659881591797, 2.277951717376709, 6.711918354034424, -4.557677745819092], [1.7096459865570068, 2.162020444869995, 1.8240463733673096, -5.119328498840332, 2.2190604209899902, -0.45565956830978394, 4.327790260314941, 0.8046107292175293, 0.3211360275745392, -1.4765031337738037, 5.014616012573242, -7.140918731689453, 0.7201863527297974, -3.5599002838134766, -3.3476388454437256, 24.51552391052246, 5.347410202026367, 2.032778024673462, 2.2765040397644043, -2.938478708267212, 1.9394683837890625], [-0.2925710678100586, 0.8345765471458435, -0.8125702738761902, -6.973644733428955, 4.465511798858643, 5.7105488777160645, 2.477018356323242, -3.4336090087890625, -5.4076313972473145, -0.12252633273601532, -5.881036758422852, -2.7231967449188232, 5.388120174407959, 3.0510194301605225, -1.6262056827545166, 5.347409725189209, 24.42768096923828, 2.6760425567626953, -1.1489896774291992, -0.914297342300415, 4.263899803161621], [0.43741166591644287, -2.041579246520996, 8.128349304199219, 3.9713540077209473, 1.867164134979248, 2.895073175430298, 0.48235949873924255, 7.506168365478516, -2.2720024585723877, 0.9603582620620728, -3.3819308280944824, 0.546811044216156, -3.5512471199035645, -2.4390034675598145, -3.4889657497406006, 2.032778024673462, 2.6760425567626953, 19.115955352783203, 0.7501065731048584, 2.1870498657226562, 9.929524421691895], [-4.069974899291992, 0.8897731304168701, -0.6153296828269958, 3.3017423152923584, 0.40081357955932617, 0.023168135434389114, 4.897867679595947, -2.3376243114471436, -1.338131070137024, 5.255263805389404, 3.7503879070281982, -2.7787604331970215, -1.5192102193832397, 1.4467074871063232, 2.277951240539551, 2.276503562927246, -1.1489896774291992, 0.7501065731048584, 20.540142059326172, -0.9507676362991333, -3.592104434967041], [-8.611257553100586, -6.846542835235596, 3.468587875366211, 10.678314208984375, 7.343890190124512, -2.104810953140259, 5.75587272644043, 6.0593581199646, -1.5335402488708496, 0.03834337741136551, -2.8446767330169678, -5.302587032318115, 4.687010288238525, 0.5165851712226868, 6.711918830871582, -2.9384782314300537, -0.914297342300415, 2.1870498657226562, -0.9507676362991333, 33.83866882324219, -2.9195244312286377], [0.20951616764068604, -4.7841901779174805, 3.0053048133850098, -2.4042277336120605, 3.7018651962280273, 2.2998719215393066, -3.046407699584961, -3.939671277999878, -4.9993157386779785, 1.1465297937393188, -8.115440368652344, 3.981837034225464, -3.886000633239746, 5.201963901519775, -4.55767822265625, 1.9394686222076416, 4.263899803161621, 9.929524421691895, -3.592104196548462, -2.919524669647217, 29.557926177978516]], "type": "heatmap"}], "layout": {"template": {"data": {"histogram2dcontour": [{"type": "histogram2dcontour", "colorbar": {"outlinewidth": 0, "ticks": ""}, "colorscale": [[0.0, "#0d0887"], [0.1111111111111111, "#46039f"], [0.2222222222222222, "#7201a8"], [0.3333333333333333, "#9c179e"], [0.4444444444444444, "#bd3786"], [0.5555555555555556, "#d8576b"], [0.6666666666666666, "#ed7953"], [0.7777777777777778, "#fb9f3a"], [0.8888888888888888, "#fdca26"], [1.0, "#f0f921"]]}], "choropleth": [{"type": "choropleth", "colorbar": {"outlinewidth": 0, "ticks": ""}}], "histogram2d": [{"type": "histogram2d", "colorbar": {"outlinewidth": 0, "ticks": ""}, "colorscale": [[0.0, "#0d0887"], [0.1111111111111111, "#46039f"], [0.2222222222222222, "#7201a8"], [0.3333333333333333, "#9c179e"], [0.4444444444444444, "#bd3786"], [0.5555555555555556, "#d8576b"], [0.6666666666666666, "#ed7953"], [0.7777777777777778, "#fb9f3a"], [0.8888888888888888, "#fdca26"], [1.0, "#f0f921"]]}], "heatmap": [{"type": "heatmap", "colorbar": {"outlinewidth": 0, "ticks": ""}, "colorscale": [[0.0, "#0d0887"], [0.1111111111111111, "#46039f"], [0.2222222222222222, "#7201a8"], [0.3333333333333333, "#9c179e"], [0.4444444444444444, "#bd3786"], [0.5555555555555556, "#d8576b"], [0.6666666666666666, "#ed7953"], [0.7777777777777778, "#fb9f3a"], [0.8888888888888888, "#fdca26"], [1.0, "#f0f921"]]}], "heatmapgl": [{"type": "heatmapgl", "colorbar": {"outlinewidth": 0, "ticks": ""}, "colorscale": [[0.0, "#0d0887"], [0.1111111111111111, "#46039f"], [0.2222222222222222, "#7201a8"], [0.3333333333333333, "#9c179e"], [0.4444444444444444, "#bd3786"], [0.5555555555555556, "#d8576b"], [0.6666666666666666, "#ed7953"], [0.7777777777777778, "#fb9f3a"], [0.8888888888888888, "#fdca26"], [1.0, "#f0f921"]]}], "contourcarpet": [{"type": "contourcarpet", "colorbar": {"outlinewidth": 0, "ticks": ""}}], "contour": [{"type": "contour", "colorbar": {"outlinewidth": 0, "ticks": ""}, "colorscale": [[0.0, "#0d0887"], [0.1111111111111111, "#46039f"], [0.2222222222222222, "#7201a8"], [0.3333333333333333, "#9c179e"], [0.4444444444444444, "#bd3786"], [0.5555555555555556, "#d8576b"], [0.6666666666666666, "#ed7953"], [0.7777777777777778, "#fb9f3a"], [0.8888888888888888, "#fdca26"], [1.0, "#f0f921"]]}], "surface": [{"type": "surface", "colorbar": {"outlinewidth": 0, "ticks": ""}, "colorscale": [[0.0, "#0d0887"], [0.1111111111111111, "#46039f"], [0.2222222222222222, "#7201a8"], [0.3333333333333333, "#9c179e"], [0.4444444444444444, "#bd3786"], [0.5555555555555556, "#d8576b"], [0.6666666666666666, "#ed7953"], [0.7777777777777778, "#fb9f3a"], [0.8888888888888888, "#fdca26"], [1.0, "#f0f921"]]}], "mesh3d": [{"type": "mesh3d", "colorbar": {"outlinewidth": 0, "ticks": ""}}], "scatter": [{"fillpattern": {"fillmode": "overlay", "size": 10, "solidity": 0.2}, "type": "scatter"}], "parcoords": [{"type": "parcoords", "line": {"colorbar": {"outlinewidth": 0, "ticks": ""}}}], "scatterpolargl": [{"type": "scatterpolargl", "marker": {"colorbar": {"outlinewidth": 0, "ticks": ""}}}], "bar": [{"error_x": {"color": "#2a3f5f"}, "error_y": {"color": "#2a3f5f"}, "marker": {"line": {"color": "#E5ECF6", "width": 0.5}, "pattern": {"fillmode": "overlay", "size": 10, "solidity": 0.2}}, "type": "bar"}], "scattergeo": [{"type": "scattergeo", "marker": {"colorbar": {"outlinewidth": 0, "ticks": ""}}}], "scatterpolar": [{"type": "scatterpolar", "marker": {"colorbar": {"outlinewidth": 0, "ticks": ""}}}], "histogram": [{"marker": {"pattern": {"fillmode": "overlay", "size": 10, "solidity": 0.2}}, "type": "histogram"}], "scattergl": [{"type": "scattergl", "marker": {"colorbar": {"outlinewidth": 0, "ticks": ""}}}], "scatter3d": [{"type": "scatter3d", "line": {"colorbar": {"outlinewidth": 0, "ticks": ""}}, "marker": {"colorbar": {"outlinewidth": 0, "ticks": ""}}}], "scattermapbox": [{"type": "scattermapbox", "marker": {"colorbar": {"outlinewidth": 0, "ticks": ""}}}], "scatterternary": [{"type": "scatterternary", "marker": {"colorbar": {"outlinewidth": 0, "ticks": ""}}}], "scattercarpet": [{"type": "scattercarpet", "marker": {"colorbar": {"outlinewidth": 0, "ticks": ""}}}], "carpet": [{"aaxis": {"endlinecolor": "#2a3f5f", "gridcolor": "white", "linecolor": "white", "minorgridcolor": "white", "startlinecolor": "#2a3f5f"}, "baxis": {"endlinecolor": "#2a3f5f", "gridcolor": "white", "linecolor": "white", "minorgridcolor": "white", "startlinecolor": "#2a3f5f"}, "type": "carpet"}], "table": [{"cells": {"fill": {"color": "#EBF0F8"}, "line": {"color": "white"}}, "header": {"fill": {"color": "#C8D4E3"}, "line": {"color": "white"}}, "type": "table"}], "barpolar": [{"marker": {"line": {"color": "#E5ECF6", "width": 0.5}, "pattern": {"fillmode": "overlay", "size": 10, "solidity": 0.2}}, "type": "barpolar"}], "pie": [{"automargin": true, "type": "pie"}]}, "layout": {"autotypenumbers": "strict", "colorway": ["#636efa", "#EF553B", "#00cc96", "#ab63fa", "#FFA15A", "#19d3f3", "#FF6692", "#B6E880", "#FF97FF", "#FECB52"], "font": {"color": "#2a3f5f"}, "hovermode": "closest", "hoverlabel": {"align": "left"}, "paper_bgcolor": "white", "plot_bgcolor": "#E5ECF6", "polar": {"bgcolor": "#E5ECF6", "angularaxis": {"gridcolor": "white", "linecolor": "white", "ticks": ""}, "radialaxis": {"gridcolor": "white", "linecolor": "white", "ticks": ""}}, "ternary": {"bgcolor": "#E5ECF6", "aaxis": {"gridcolor": "white", "linecolor": "white", "ticks": ""}, "baxis": {"gridcolor": "white", "linecolor": "white", "ticks": ""}, "caxis": {"gridcolor": "white", "linecolor": "white", "ticks": ""}}, "coloraxis": {"colorbar": {"outlinewidth": 0, "ticks": ""}}, "colorscale": {"sequential": [[0.0, "#0d0887"], [0.1111111111111111, "#46039f"], [0.2222222222222222, "#7201a8"], [0.3333333333333333, "#9c179e"], [0.4444444444444444, "#bd3786"], [0.5555555555555556, "#d8576b"], [0.6666666666666666, "#ed7953"], [0.7777777777777778, "#fb9f3a"], [0.8888888888888888, "#fdca26"], [1.0, "#f0f921"]], "sequentialminus": [[0.0, "#0d0887"], [0.1111111111111111, "#46039f"], [0.2222222222222222, "#7201a8"], [0.3333333333333333, "#9c179e"], [0.4444444444444444, "#bd3786"], [0.5555555555555556, "#d8576b"], [0.6666666666666666, "#ed7953"], [0.7777777777777778, "#fb9f3a"], [0.8888888888888888, "#fdca26"], [1.0, "#f0f921"]], "diverging": [[0, "#8e0152"], [0.1, "#c51b7d"], [0.2, "#de77ae"], [0.3, "#f1b6da"], [0.4, "#fde0ef"], [0.5, "#f7f7f7"], [0.6, "#e6f5d0"], [0.7, "#b8e186"], [0.8, "#7fbc41"], [0.9, "#4d9221"], [1, "#276419"]]}, "xaxis": {"gridcolor": "white", "linecolor": "white", "ticks": "", "title": {"standoff": 15}, "zerolinecolor": "white", "automargin": true, "zerolinewidth": 2}, "yaxis": {"gridcolor": "white", "linecolor": "white", "ticks": "", "title": {"standoff": 15}, "zerolinecolor": "white", "automargin": true, "zerolinewidth": 2}, "scene": {"xaxis": {"backgroundcolor": "#E5ECF6", "gridcolor": "white", "linecolor": "white", "showbackground": true, "ticks": "", "zerolinecolor": "white", "gridwidth": 2}, "yaxis": {"backgroundcolor": "#E5ECF6", "gridcolor": "white", "linecolor": "white", "showbackground": true, "ticks": "", "zerolinecolor": "white", "gridwidth": 2}, "zaxis": {"backgroundcolor": "#E5ECF6", "gridcolor": "white", "linecolor": "white", "showbackground": true, "ticks": "", "zerolinecolor": "white", "gridwidth": 2}}, "shapedefaults": {"line": {"color": "#2a3f5f"}}, "annotationdefaults": {"arrowcolor": "#2a3f5f", "arrowhead": 0, "arrowwidth": 1}, "geo": {"bgcolor": "white", "landcolor": "#E5ECF6", "subunitcolor": "white", "showland": true, "showlakes": true, "lakecolor": "white"}, "title": {"x": 0.05}, "mapbox": {"style": "light"}}}}}