{"data": [{"z": [[19.063974380493164, 1.3254597187042236, -4.490942478179932, -0.28715628385543823, -0.512629508972168, 4.086791038513184, -7.052332401275635, 0.18245939910411835, -0.5154804587364197, -0.7189449071884155, 2.540316343307495, 0.8990715742111206, -3.242478370666504, -0.6758792400360107, -3.1800076961517334, 1.7082051038742065, -0.2275780439376831, 0.3941924571990967, -4.016268730163574, -8.208012580871582, 0.3414580821990967], [1.3254597187042236, 21.316761016845703, -5.630918502807617, -3.871316432952881, -0.4432082772254944, -4.866857528686523, 4.043054103851318, 2.6066789627075195, -3.7483582496643066, 1.1524044275283813, 0.9155391454696655, -2.885333776473999, 0.08415016531944275, 3.7158689498901367, -1.6111595630645752, 1.9866454601287842, 0.7056064605712891, -1.8161042928695679, 0.7797316312789917, -6.284712791442871, -4.571393013000488], [-4.490942478179932, -5.630918502807617, 27.94654083251953, -2.3277432918548584, -11.86408805847168, 5.9219584465026855, 4.028009414672852, 4.187000274658203, -3.200491189956665, -2.3480098247528076, -8.686403274536133, 1.328468680381775, 3.6507480144500732, -1.7089006900787354, -3.500133752822876, 1.9012705087661743, -0.9205344915390015, 7.577420234680176, -0.4457669258117676, 3.310370683670044, 3.139517068862915], [-0.28715628385543823, -3.871316432952881, -2.3277432918548584, 17.345762252807617, 5.192328453063965, -0.5028674602508545, -3.5895566940307617, 4.072024822235107, 1.8503973484039307, 5.118886947631836, 0.8941168785095215, -0.3256012499332428, -0.6548228859901428, -4.033868312835693, 3.1612353324890137, -4.845534324645996, -6.586172103881836, 3.676520824432373, 3.10010027885437, 10.19947624206543, -2.1950979232788086], [-0.512629508972168, -0.4432082772254944, -11.86408805847168, 5.192328453063965, 16.5219783782959, -2.9415671825408936, 2.32694411277771, -1.372849941253662, 1.0775716304779053, 2.083275556564331, -0.764873743057251, 2.1855103969573975, -1.2409241199493408, 2.0533204078674316, -0.7850736379623413, 2.017674684524536, 4.387284278869629, 1.6116621494293213, 0.22440505027770996, 6.937129497528076, 3.693222761154175], [4.086791038513184, -4.866857528686523, 5.9219584465026855, -0.5028674602508545, -2.9415671825408936, 13.049184799194336, 1.369896411895752, -1.5056703090667725, -0.4675591289997101, -0.3999377489089966, -3.388575315475464, -0.6242335438728333, 0.07332900166511536, -3.315319776535034, -0.16992498934268951, -0.3596700131893158, 5.522719383239746, 2.7120132446289062, -0.08246380090713501, -1.8688268661499023, 2.252418279647827], [-7.052332401275635, 4.043054103851318, 4.028009414672852, -3.5895566940307617, 2.32694411277771, 1.369896411895752, 29.42031478881836, -3.258619785308838, 7.10164737701416, 0.5195649862289429, -7.166801929473877, -8.807244300842285, 3.0167956352233887, 0.2780091464519501, -1.118875503540039, 4.184786796569824, 2.355531692504883, 0.4579352140426636, 4.749762058258057, 5.63242244720459, -3.0011556148529053], [0.18245939910411835, 2.6066789627075195, 4.187000274658203, 4.072024822235107, -1.372849941253662, -1.5056703090667725, -3.258619785308838, 21.754037857055664, -0.912676215171814, -4.2388811111450195, 2.4020469188690186, -2.149536371231079, 4.60475492477417, -1.8538326025009155, -0.5620225071907043, 0.5283260941505432, -3.1480751037597656, 6.796103000640869, -2.279263973236084, 5.737723350524902, -3.982255697250366], [-0.5154804587364197, -3.7483582496643066, -3.200491189956665, 1.8503973484039307, 1.0775716304779053, -0.4675591289997101, 7.10164737701416, -0.912676215171814, 20.23582649230957, 6.672645092010498, -4.1032514572143555, -3.56308650970459, -1.0863059759140015, 2.3754777908325195, -0.6848043203353882, 0.33016666769981384, -5.189225673675537, -2.3183341026306152, -1.4946560859680176, -1.3995623588562012, -4.692987442016602], [-0.7189449071884155, 1.1524044275283813, -2.3480098247528076, 5.118886947631836, 2.083275556564331, -0.3999377489089966, 0.5195649862289429, -4.2388811111450195, 6.672645092010498, 19.04940414428711, -7.928760051727295, 1.1013035774230957, 2.898103713989258, 3.177980661392212, 7.0978569984436035, -1.809320092201233, -0.12007772922515869, 0.6724286079406738, 4.786283493041992, -0.08937859535217285, 0.9906803369522095], [2.540316343307495, 0.9155391454696655, -8.686403274536133, 0.8941168785095215, -0.764873743057251, -3.388575315475464, -7.166801929473877, 2.4020469188690186, -4.1032514572143555, -7.928760051727295, 25.273889541625977, -2.3860538005828857, -4.547262668609619, -2.371452808380127, 1.2237340211868286, 4.731739044189453, -5.592794418334961, -3.176360845565796, 3.4773945808410645, -2.5902910232543945, -7.8753557205200195], [0.8990715742111206, -2.885333776473999, 1.328468680381775, -0.3256012499332428, 2.1855103969573975, -0.6242335438728333, -8.807244300842285, -2.149536371231079, -3.56308650970459, 1.1013035774230957, -2.3860538005828857, 23.515308380126953, -0.0083461357280612, 1.7760311365127563, 5.7613844871521, -6.895875453948975, -2.572598457336426, 0.5074630975723267, -2.7325003147125244, -4.937758445739746, 3.8846046924591064], [-3.242478370666504, 0.08415016531944275, 3.6507480144500732, -0.6548228859901428, -1.2409241199493408, 0.07332900166511536, 3.0167956352233887, 4.60475492477417, -1.0863059759140015, 2.898103713989258, -4.547262668609619, -0.0083461357280612, 17.337631225585938, 1.1798021793365479, 4.395869255065918, 0.6295627355575562, 5.133087158203125, -3.3850924968719482, -1.2969063520431519, 4.214776515960693, -3.7578320503234863], [-0.6758792400360107, 3.7158689498901367, -1.7089006900787354, -4.033868312835693, 2.0533204078674316, -3.315319776535034, 0.2780091464519501, -1.8538326025009155, 2.3754777908325195, 3.177980661392212, -2.371452808380127, 1.7760311365127563, 1.1798021793365479, 19.449798583984375, 0.1254940927028656, -3.7465450763702393, 2.981228828430176, -2.70074462890625, 1.1398398876190186, 0.47273969650268555, 5.049779415130615], [-3.1800076961517334, -1.6111595630645752, -3.500133752822876, 3.1612353324890137, -0.7850736379623413, -0.16992498934268951, -1.118875503540039, -0.5620225071907043, -0.6848043203353882, 7.0978569984436035, 1.2237340211868286, 5.7613844871521, 4.395869255065918, 0.1254940927028656, 20.597713470458984, -3.4357974529266357, -1.5953240394592285, -3.203660488128662, 2.200626850128174, 6.418271064758301, -4.4918670654296875], [1.7082051038742065, 1.9866454601287842, 1.9012705087661743, -4.845534324645996, 2.017674684524536, -0.3596700131893158, 4.184786796569824, 0.5283260941505432, 0.33016666769981384, -1.809320092201233, 4.731739044189453, -6.895875453948975, 0.6295627355575562, -3.7465450763702393, -3.4357974529266357, 23.344738006591797, 5.071910858154297, 1.6795735359191895, 1.856180191040039, -2.817396640777588, 1.8135205507278442], [-0.2275783121585846, 0.7056062817573547, -0.9205343127250671, -6.586172103881836, 4.387284755706787, 5.522719383239746, 2.355532169342041, -3.1480753421783447, -5.189225673675537, -0.12007779628038406, -5.592794895172119, -2.572598457336426, 5.133087635040283, 2.9812285900115967, -1.595324993133545, 5.0719099044799805, 23.321626663208008, 2.5906238555908203, -1.204219102859497, -0.8878827095031738, 4.282700538635254], [0.394192636013031, -1.8161040544509888, 7.577420234680176, 3.676521062850952, 1.6116623878479004, 2.7120132446289062, 0.45793473720550537, 6.796103000640869, -2.3183341026306152, 0.6724289655685425, -3.176360845565796, 0.5074633359909058, -3.3850924968719482, -2.700744867324829, -3.203660011291504, 1.6795735359191895, 2.5906238555908203, 17.75153350830078, 0.5249357223510742, 2.125595808029175, 9.472491264343262], [-4.016269207000732, 0.7797313332557678, -0.4457666873931885, 3.100099802017212, 0.22440451383590698, -0.08246369659900665, 4.749762058258057, -2.2792646884918213, -1.4946563243865967, 4.786283016204834, 3.4773945808410645, -2.7325000762939453, -1.296906590461731, 1.139840006828308, 2.200627088546753, 1.8561804294586182, -1.204219102859497, 0.5249357223510742, 19.25406265258789, -0.781043291091919, -3.5013575553894043], [-8.208011627197266, -6.284712791442871, 3.310370683670044, 10.19947624206543, 6.937129974365234, -1.8688275814056396, 5.632424354553223, 5.7377238273620605, -1.399562120437622, -0.08937804400920868, -2.5902903079986572, -4.937758445739746, 4.214776515960693, 0.4727399945259094, 6.418271541595459, -2.817396879196167, -0.8878827095031738, 2.125595808029175, -0.781043291091919, 32.23204803466797, -2.7711827754974365], [0.3414584994316101, -4.571393013000488, 3.1395163536071777, -2.1950979232788086, 3.693222999572754, 2.252418041229248, -3.0011556148529053, -3.982255697250366, -4.69298791885376, 0.9906803369522095, -7.8753557205200195, 3.8846044540405273, -3.7578320503234863, 5.049779891967773, -4.491866588592529, 1.813520908355713, 4.28270149230957, 9.472490310668945, -3.5013575553894043, -2.771182060241699, 29.557926177978516]], "type": "heatmap"}], "layout": {"template": {"data": {"histogram2dcontour": [{"type": "histogram2dcontour", "colorbar": {"outlinewidth": 0, "ticks": ""}, "colorscale": [[0.0, "#0d0887"], [0.1111111111111111, "#46039f"], [0.2222222222222222, "#7201a8"], [0.3333333333333333, "#9c179e"], [0.4444444444444444, "#bd3786"], [0.5555555555555556, "#d8576b"], [0.6666666666666666, "#ed7953"], [0.7777777777777778, "#fb9f3a"], [0.8888888888888888, "#fdca26"], [1.0, "#f0f921"]]}], "choropleth": [{"type": "choropleth", "colorbar": {"outlinewidth": 0, "ticks": ""}}], "histogram2d": [{"type": "histogram2d", "colorbar": {"outlinewidth": 0, "ticks": ""}, "colorscale": [[0.0, "#0d0887"], [0.1111111111111111, "#46039f"], [0.2222222222222222, "#7201a8"], [0.3333333333333333, "#9c179e"], [0.4444444444444444, "#bd3786"], [0.5555555555555556, "#d8576b"], [0.6666666666666666, "#ed7953"], [0.7777777777777778, "#fb9f3a"], [0.8888888888888888, "#fdca26"], [1.0, "#f0f921"]]}], "heatmap": [{"type": "heatmap", "colorbar": {"outlinewidth": 0, "ticks": ""}, "colorscale": [[0.0, "#0d0887"], [0.1111111111111111, "#46039f"], [0.2222222222222222, "#7201a8"], [0.3333333333333333, "#9c179e"], [0.4444444444444444, "#bd3786"], [0.5555555555555556, "#d8576b"], [0.6666666666666666, "#ed7953"], [0.7777777777777778, "#fb9f3a"], [0.8888888888888888, "#fdca26"], [1.0, "#f0f921"]]}], "heatmapgl": [{"type": "heatmapgl", "colorbar": {"outlinewidth": 0, "ticks": ""}, "colorscale": [[0.0, "#0d0887"], [0.1111111111111111, "#46039f"], [0.2222222222222222, "#7201a8"], [0.3333333333333333, "#9c179e"], [0.4444444444444444, "#bd3786"], [0.5555555555555556, "#d8576b"], [0.6666666666666666, "#ed7953"], [0.7777777777777778, "#fb9f3a"], [0.8888888888888888, "#fdca26"], [1.0, "#f0f921"]]}], "contourcarpet": [{"type": "contourcarpet", "colorbar": {"outlinewidth": 0, "ticks": ""}}], "contour": [{"type": "contour", "colorbar": {"outlinewidth": 0, "ticks": ""}, "colorscale": [[0.0, "#0d0887"], [0.1111111111111111, "#46039f"], [0.2222222222222222, "#7201a8"], [0.3333333333333333, "#9c179e"], [0.4444444444444444, "#bd3786"], [0.5555555555555556, "#d8576b"], [0.6666666666666666, "#ed7953"], [0.7777777777777778, "#fb9f3a"], [0.8888888888888888, "#fdca26"], [1.0, "#f0f921"]]}], "surface": [{"type": "surface", "colorbar": {"outlinewidth": 0, "ticks": ""}, "colorscale": [[0.0, "#0d0887"], [0.1111111111111111, "#46039f"], [0.2222222222222222, "#7201a8"], [0.3333333333333333, "#9c179e"], [0.4444444444444444, "#bd3786"], [0.5555555555555556, "#d8576b"], [0.6666666666666666, "#ed7953"], [0.7777777777777778, "#fb9f3a"], [0.8888888888888888, "#fdca26"], [1.0, "#f0f921"]]}], "mesh3d": [{"type": "mesh3d", "colorbar": {"outlinewidth": 0, "ticks": ""}}], "scatter": [{"fillpattern": {"fillmode": "overlay", "size": 10, "solidity": 0.2}, "type": "scatter"}], "parcoords": [{"type": "parcoords", "line": {"colorbar": {"outlinewidth": 0, "ticks": ""}}}], "scatterpolargl": [{"type": "scatterpolargl", "marker": {"colorbar": {"outlinewidth": 0, "ticks": ""}}}], "bar": [{"error_x": {"color": "#2a3f5f"}, "error_y": {"color": "#2a3f5f"}, "marker": {"line": {"color": "#E5ECF6", "width": 0.5}, "pattern": {"fillmode": "overlay", "size": 10, "solidity": 0.2}}, "type": "bar"}], "scattergeo": [{"type": "scattergeo", "marker": {"colorbar": {"outlinewidth": 0, "ticks": ""}}}], "scatterpolar": [{"type": "scatterpolar", "marker": {"colorbar": {"outlinewidth": 0, "ticks": ""}}}], "histogram": [{"marker": {"pattern": {"fillmode": "overlay", "size": 10, "solidity": 0.2}}, "type": "histogram"}], "scattergl": [{"type": "scattergl", "marker": {"colorbar": {"outlinewidth": 0, "ticks": ""}}}], "scatter3d": [{"type": "scatter3d", "line": {"colorbar": {"outlinewidth": 0, "ticks": ""}}, "marker": {"colorbar": {"outlinewidth": 0, "ticks": ""}}}], "scattermapbox": [{"type": "scattermapbox", "marker": {"colorbar": {"outlinewidth": 0, "ticks": ""}}}], "scatterternary": [{"type": "scatterternary", "marker": {"colorbar": {"outlinewidth": 0, "ticks": ""}}}], "scattercarpet": [{"type": "scattercarpet", "marker": {"colorbar": {"outlinewidth": 0, "ticks": ""}}}], "carpet": [{"aaxis": {"endlinecolor": "#2a3f5f", "gridcolor": "white", "linecolor": "white", "minorgridcolor": "white", "startlinecolor": "#2a3f5f"}, "baxis": {"endlinecolor": "#2a3f5f", "gridcolor": "white", "linecolor": "white", "minorgridcolor": "white", "startlinecolor": "#2a3f5f"}, "type": "carpet"}], "table": [{"cells": {"fill": {"color": "#EBF0F8"}, "line": {"color": "white"}}, "header": {"fill": {"color": "#C8D4E3"}, "line": {"color": "white"}}, "type": "table"}], "barpolar": [{"marker": {"line": {"color": "#E5ECF6", "width": 0.5}, "pattern": {"fillmode": "overlay", "size": 10, "solidity": 0.2}}, "type": "barpolar"}], "pie": [{"automargin": true, "type": "pie"}]}, "layout": {"autotypenumbers": "strict", "colorway": ["#636efa", "#EF553B", "#00cc96", "#ab63fa", "#FFA15A", "#19d3f3", "#FF6692", "#B6E880", "#FF97FF", "#FECB52"], "font": {"color": "#2a3f5f"}, "hovermode": "closest", "hoverlabel": {"align": "left"}, "paper_bgcolor": "white", "plot_bgcolor": "#E5ECF6", "polar": {"bgcolor": "#E5ECF6", "angularaxis": {"gridcolor": "white", "linecolor": "white", "ticks": ""}, "radialaxis": {"gridcolor": "white", "linecolor": "white", "ticks": ""}}, "ternary": {"bgcolor": "#E5ECF6", "aaxis": {"gridcolor": "white", "linecolor": "white", "ticks": ""}, "baxis": {"gridcolor": "white", "linecolor": "white", "ticks": ""}, "caxis": {"gridcolor": "white", "linecolor": "white", "ticks": ""}}, "coloraxis": {"colorbar": {"outlinewidth": 0, "ticks": ""}}, "colorscale": {"sequential": [[0.0, "#0d0887"], [0.1111111111111111, "#46039f"], [0.2222222222222222, "#7201a8"], [0.3333333333333333, "#9c179e"], [0.4444444444444444, "#bd3786"], [0.5555555555555556, "#d8576b"], [0.6666666666666666, "#ed7953"], [0.7777777777777778, "#fb9f3a"], [0.8888888888888888, "#fdca26"], [1.0, "#f0f921"]], "sequentialminus": [[0.0, "#0d0887"], [0.1111111111111111, "#46039f"], [0.2222222222222222, "#7201a8"], [0.3333333333333333, "#9c179e"], [0.4444444444444444, "#bd3786"], [0.5555555555555556, "#d8576b"], [0.6666666666666666, "#ed7953"], [0.7777777777777778, "#fb9f3a"], [0.8888888888888888, "#fdca26"], [1.0, "#f0f921"]], "diverging": [[0, "#8e0152"], [0.1, "#c51b7d"], [0.2, "#de77ae"], [0.3, "#f1b6da"], [0.4, "#fde0ef"], [0.5, "#f7f7f7"], [0.6, "#e6f5d0"], [0.7, "#b8e186"], [0.8, "#7fbc41"], [0.9, "#4d9221"], [1, "#276419"]]}, "xaxis": {"gridcolor": "white", "linecolor": "white", "ticks": "", "title": {"standoff": 15}, "zerolinecolor": "white", "automargin": true, "zerolinewidth": 2}, "yaxis": {"gridcolor": "white", "linecolor": "white", "ticks": "", "title": {"standoff": 15}, "zerolinecolor": "white", "automargin": true, "zerolinewidth": 2}, "scene": {"xaxis": {"backgroundcolor": "#E5ECF6", "gridcolor": "white", "linecolor": "white", "showbackground": true, "ticks": "", "zerolinecolor": "white", "gridwidth": 2}, "yaxis": {"backgroundcolor": "#E5ECF6", "gridcolor": "white", "linecolor": "white", "showbackground": true, "ticks": "", "zerolinecolor": "white", "gridwidth": 2}, "zaxis": {"backgroundcolor": "#E5ECF6", "gridcolor": "white", "linecolor": "white", "showbackground": true, "ticks": "", "zerolinecolor": "white", "gridwidth": 2}}, "shapedefaults": {"line": {"color": "#2a3f5f"}}, "annotationdefaults": {"arrowcolor": "#2a3f5f", "arrowhead": 0, "arrowwidth": 1}, "geo": {"bgcolor": "white", "landcolor": "#E5ECF6", "subunitcolor": "white", "showland": true, "showlakes": true, "lakecolor": "white"}, "title": {"x": 0.05}, "mapbox": {"style": "light"}}}}}