{"data": [{"z": [[0.40575164556503296, -0.3421894609928131, 0.131324902176857, -0.15364596247673035, -1.157392978668213, -0.09762995690107346, 0.5876816511154175, -0.9769738912582397, 0.04833946377038956, 0.7978288531303406, 0.19170179963111877, -0.04667527601122856, 0.27055394649505615, -0.16440097987651825, 0.49669498205184937, -0.7092273235321045, 0.008243560791015625, -0.7851012945175171, 0.43349429965019226, 0.8231427073478699, -1.3692450523376465], [-0.3421894609928131, 2.307766914367676, -0.20188622176647186, 0.8661761283874512, 0.599166214466095, 0.8514189720153809, -0.09624782204627991, -0.8914169073104858, -0.3847353458404541, -0.15562887489795685, 0.8372679352760315, 0.5093578100204468, -0.29999029636383057, -1.2827997207641602, -0.3629228174686432, 1.3224220275878906, -0.17613306641578674, -1.3181447982788086, 1.9172948598861694, -0.7139977216720581, 0.5989601612091064], [0.131324902176857, -0.20188622176647186, 1.2393075227737427, 1.4180495738983154, -3.13376522064209, -0.6000194549560547, -0.32920411229133606, -0.4821559190750122, -0.9792837500572205, -0.27896755933761597, 1.2707107067108154, -0.1647389978170395, -1.370352864265442, 1.1694401502609253, -2.8451569080352783, 0.37415754795074463, 1.1820523738861084, 0.04431406781077385, 0.23758545517921448, -0.18985790014266968, 0.21733012795448303], [-0.15364596247673035, 0.8661761283874512, 1.4180495738983154, 2.635525703430176, -3.1045920848846436, -0.8311048150062561, -1.0685137510299683, -0.11914099007844925, -1.3905508518218994, -1.046844244003296, 1.8072781562805176, 0.22816146910190582, -1.9506785869598389, 1.3528908491134644, -4.970448017120361, 1.4835487604141235, 1.8933814764022827, 0.7912223935127258, 0.8068518042564392, -1.5503350496292114, 0.8865889310836792], [-1.157392978668213, 0.599166214466095, -3.13376522064209, -3.1045920848846436, 9.85245418548584, 1.2765960693359375, -0.6599200963973999, 3.7669169902801514, 2.2835702896118164, -1.236754059791565, -3.664767026901245, 0.3866533935070038, 2.6463077068328857, -1.8882046937942505, 5.34781551361084, 0.4381432831287384, -2.6173548698425293, 2.32364821434021, -2.1529674530029297, -1.41856050491333, 2.4821736812591553], [-0.09762995690107346, 0.8514189720153809, -0.6000194549560547, -0.8311048150062561, 1.2765960693359375, 1.09744393825531, 0.6450676321983337, -0.8129186630249023, 0.2811990976333618, 0.5609143376350403, -0.1557231843471527, 0.019614892080426216, 0.5422102808952332, -1.4194931983947754, 2.408646821975708, -0.008590814657509327, -1.1404536962509155, -1.74252450466156, 0.8050543069839478, 0.7447651624679565, 0.09356176853179932], [0.5876816511154175, -0.09624782204627991, -0.32920411229133606, -1.0685137510299683, -0.6599200963973999, 0.6450676321983337, 1.4509799480438232, -2.0327625274658203, 0.4053455591201782, 1.7203418016433716, 0.0018317211652174592, -0.09314041584730148, 0.9774031043052673, -1.308162808418274, 2.8723883628845215, -1.280309796333313, -0.9297723174095154, -2.436093330383301, 1.0930883884429932, 1.9444438219070435, -2.1635241508483887], [-0.9769738912582397, -0.8914169073104858, -0.4821559190750122, -0.11914099007844925, 3.7669169902801514, -0.8129186630249023, -2.0327625274658203, 4.326905727386475, 0.40830105543136597, -2.5582687854766846, -1.6319290399551392, -0.04884496331214905, -0.2744647264480591, 1.737780213356018, -1.7106252908706665, 1.1207195520401, 0.39528602361679077, 4.5363850593566895, -3.144256830215454, -2.5644943714141846, 3.397796392440796], [0.04833946377038956, -0.3847353458404541, -0.9792837500572205, -1.3905508518218994, 2.2835702896118164, 0.2811990976333618, 0.4053455591201782, 0.40830105543136597, 0.9218955636024475, 0.42525285482406616, -1.2132219076156616, 0.03508631885051727, 1.2833733558654785, -0.7380743026733398, 2.5333962440490723, -0.7381397485733032, -0.9342008233070374, 0.12329831719398499, -0.5137167572975159, 0.4498039186000824, -0.6203585267066956], [0.7978288531303406, -0.15562887489795685, -0.27896755933761597, -1.046844244003296, -1.236754059791565, 0.5609143376350403, 1.7203418016433716, -2.5582687854766846, 0.42525285482406616, 2.1185808181762695, 0.1353219449520111, -0.05318287014961243, 1.1315757036209106, -1.4264841079711914, 2.984011650085449, -1.5856034755706787, -0.8624048233032227, -2.7924869060516357, 1.4286762475967407, 2.2587740421295166, -2.9520862102508545], [0.19170179963111877, 0.8372679352760315, 1.2707107067108154, 1.8072781562805176, -3.664767026901245, -0.1557231843471527, 0.0018317211652174592, -1.6319290399551392, -1.2132219076156616, 0.1353219449520111, 1.9119938611984253, 0.045622557401657104, -1.4461816549301147, 0.38466328382492065, -2.742621898651123, 0.6699305772781372, 1.080000877380371, -1.2726725339889526, 1.561721682548523, -0.0038731019012629986, -0.219892680644989], [-0.04667527601122856, 0.5093578100204468, -0.1647389978170395, 0.22816146910190582, 0.3866533935070038, 0.019614892080426216, -0.09314041584730148, -0.04884496331214905, 0.03508631885051727, -0.05318287014961243, 0.045622557401657104, 0.22455339133739471, 0.11755552887916565, -0.2687344253063202, -0.20994365215301514, 0.2533157169818878, 0.06476017832756042, 0.06274856626987457, 0.4054693579673767, -0.36382490396499634, -0.14970971643924713], [0.27055394649505615, -0.29999029636383057, -1.370352864265442, -1.9506785869598389, 2.6463077068328857, 0.5422102808952332, 0.9774031043052673, -0.2744647264480591, 1.2833733558654785, 1.1315757036209106, -1.4461816549301147, 0.11755552887916565, 1.9737026691436768, -1.4642083644866943, 3.9675121307373047, -1.2722930908203125, -1.404545783996582, -0.6708300113677979, -0.04213424399495125, 1.0832663774490356, -1.6808847188949585], [-0.16440097987651825, -1.2827997207641602, 1.1694401502609253, 1.3528908491134644, -1.8882046937942505, -1.4194931983947754, -1.308162808418274, 1.737780213356018, -0.7380743026733398, -1.4264841079711914, 0.38466328382492065, -0.2687344253063202, -1.4642083644866943, 2.486513376235962, -4.014183521270752, 0.5210540890693665, 1.6586660146713257, 2.7131059169769287, -1.6834871768951416, -1.31278657913208, 1.3716983795166016], [0.49669498205184937, -0.3629228174686432, -2.8451569080352783, -4.970448017120361, 5.34781551361084, 2.408646821975708, 2.8723883628845215, -1.7106252908706665, 2.5333962440490723, 2.984011650085449, -2.742621898651123, -0.20994365215301514, 3.9675121307373047, -4.014183521270752, 10.666705131530762, -2.816007614135742, -4.124218463897705, -3.86649489402771, 0.36719125509262085, 3.7578678131103516, -2.7337002754211426], [-0.7092273235321045, 1.3224220275878906, 0.37415754795074463, 1.4835487604141235, 0.4381432831287384, -0.008590814657509327, -1.280309796333313, 1.1207195520401, -0.7381397485733032, -1.5856034755706787, 0.6699305772781372, 0.2533157169818878, -1.2722930908203125, 0.5210540890693665, -2.816007614135742, 1.8925786018371582, 0.7228238582611084, 1.113958477973938, 0.1273757964372635, -1.924146294593811, 2.4513027667999268], [0.008243560791015625, -0.17613306641578674, 1.1820523738861084, 1.8933814764022827, -2.6173548698425293, -1.1404536962509155, -0.9297723174095154, 0.39528602361679077, -0.9342008233070374, -0.8624048233032227, 1.080000877380371, 0.06476017832756042, -1.404545783996582, 1.6586660146713257, -4.124218463897705, 0.7228238582611084, 1.7228153944015503, 1.4539637565612793, -0.11693507432937622, -1.1868696212768555, 0.3792756199836731], [-0.7851012945175171, -1.3181447982788086, 0.04431406781077385, 0.7912223935127258, 2.32364821434021, -1.74252450466156, -2.436093330383301, 4.5363850593566895, 0.12329831719398499, -2.7924869060516357, -1.2726725339889526, 0.06274856626987457, -0.6708300113677979, 2.7131059169769287, -3.86649489402771, 1.113958477973938, 1.4539637565612793, 5.66359806060791, -3.3013153076171875, -3.143981695175171, 2.785935878753662], [0.43349429965019226, 1.9172948598861694, 0.23758545517921448, 0.8068518042564392, -2.1529674530029297, 0.8050543069839478, 1.0930883884429932, -3.144256830215454, -0.5137167572975159, 1.4286762475967407, 1.561721682548523, 0.4054693579673767, -0.04213424399495125, -1.6834871768951416, 0.36719125509262085, 0.1273757964372635, -0.11693507432937622, -3.3013153076171875, 3.1087136268615723, 0.9583467841148376, -1.922398567199707], [0.8231427073478699, -0.7139977216720581, -0.18985790014266968, -1.5503350496292114, -1.41856050491333, 0.7447651624679565, 1.9444438219070435, -2.5644943714141846, 0.4498039186000824, 2.2587740421295166, -0.0038731019012629986, -0.36382490396499634, 1.0832663774490356, -1.31278657913208, 3.7578678131103516, -1.924146294593811, -1.1868696212768555, -3.143981695175171, 0.9583467841148376, 2.871177911758423, -2.6580634117126465], [-1.3692450523376465, 0.5989601612091064, 0.21733012795448303, 0.8865889310836792, 2.4821736812591553, 0.09356176853179932, -2.1635241508483887, 3.397796392440796, -0.6203585267066956, -2.9520862102508545, -0.219892680644989, -0.14970971643924713, -1.6808847188949585, 1.3716983795166016, -2.7337002754211426, 2.4513027667999268, 0.3792756199836731, 2.785935878753662, -1.922398567199707, -2.6580634117126465, 5.236947536468506]], "type": "heatmap"}], "layout": {"template": {"data": {"histogram2dcontour": [{"type": "histogram2dcontour", "colorbar": {"outlinewidth": 0, "ticks": ""}, "colorscale": [[0.0, "#0d0887"], [0.1111111111111111, "#46039f"], [0.2222222222222222, "#7201a8"], [0.3333333333333333, "#9c179e"], [0.4444444444444444, "#bd3786"], [0.5555555555555556, "#d8576b"], [0.6666666666666666, "#ed7953"], [0.7777777777777778, "#fb9f3a"], [0.8888888888888888, "#fdca26"], [1.0, "#f0f921"]]}], "choropleth": [{"type": "choropleth", "colorbar": {"outlinewidth": 0, "ticks": ""}}], "histogram2d": [{"type": "histogram2d", "colorbar": {"outlinewidth": 0, "ticks": ""}, "colorscale": [[0.0, "#0d0887"], [0.1111111111111111, "#46039f"], [0.2222222222222222, "#7201a8"], [0.3333333333333333, "#9c179e"], [0.4444444444444444, "#bd3786"], [0.5555555555555556, "#d8576b"], [0.6666666666666666, "#ed7953"], [0.7777777777777778, "#fb9f3a"], [0.8888888888888888, "#fdca26"], [1.0, "#f0f921"]]}], "heatmap": [{"type": "heatmap", "colorbar": {"outlinewidth": 0, "ticks": ""}, "colorscale": [[0.0, "#0d0887"], [0.1111111111111111, "#46039f"], [0.2222222222222222, "#7201a8"], [0.3333333333333333, "#9c179e"], [0.4444444444444444, "#bd3786"], [0.5555555555555556, "#d8576b"], [0.6666666666666666, "#ed7953"], [0.7777777777777778, "#fb9f3a"], [0.8888888888888888, "#fdca26"], [1.0, "#f0f921"]]}], "heatmapgl": [{"type": "heatmapgl", "colorbar": {"outlinewidth": 0, "ticks": ""}, "colorscale": [[0.0, "#0d0887"], [0.1111111111111111, "#46039f"], [0.2222222222222222, "#7201a8"], [0.3333333333333333, "#9c179e"], [0.4444444444444444, "#bd3786"], [0.5555555555555556, "#d8576b"], [0.6666666666666666, "#ed7953"], [0.7777777777777778, "#fb9f3a"], [0.8888888888888888, "#fdca26"], [1.0, "#f0f921"]]}], "contourcarpet": [{"type": "contourcarpet", "colorbar": {"outlinewidth": 0, "ticks": ""}}], "contour": [{"type": "contour", "colorbar": {"outlinewidth": 0, "ticks": ""}, "colorscale": [[0.0, "#0d0887"], [0.1111111111111111, "#46039f"], [0.2222222222222222, "#7201a8"], [0.3333333333333333, "#9c179e"], [0.4444444444444444, "#bd3786"], [0.5555555555555556, "#d8576b"], [0.6666666666666666, "#ed7953"], [0.7777777777777778, "#fb9f3a"], [0.8888888888888888, "#fdca26"], [1.0, "#f0f921"]]}], "surface": [{"type": "surface", "colorbar": {"outlinewidth": 0, "ticks": ""}, "colorscale": [[0.0, "#0d0887"], [0.1111111111111111, "#46039f"], [0.2222222222222222, "#7201a8"], [0.3333333333333333, "#9c179e"], [0.4444444444444444, "#bd3786"], [0.5555555555555556, "#d8576b"], [0.6666666666666666, "#ed7953"], [0.7777777777777778, "#fb9f3a"], [0.8888888888888888, "#fdca26"], [1.0, "#f0f921"]]}], "mesh3d": [{"type": "mesh3d", "colorbar": {"outlinewidth": 0, "ticks": ""}}], "scatter": [{"fillpattern": {"fillmode": "overlay", "size": 10, "solidity": 0.2}, "type": "scatter"}], "parcoords": [{"type": "parcoords", "line": {"colorbar": {"outlinewidth": 0, "ticks": ""}}}], "scatterpolargl": [{"type": "scatterpolargl", "marker": {"colorbar": {"outlinewidth": 0, "ticks": ""}}}], "bar": [{"error_x": {"color": "#2a3f5f"}, "error_y": {"color": "#2a3f5f"}, "marker": {"line": {"color": "#E5ECF6", "width": 0.5}, "pattern": {"fillmode": "overlay", "size": 10, "solidity": 0.2}}, "type": "bar"}], "scattergeo": [{"type": "scattergeo", "marker": {"colorbar": {"outlinewidth": 0, "ticks": ""}}}], "scatterpolar": [{"type": "scatterpolar", "marker": {"colorbar": {"outlinewidth": 0, "ticks": ""}}}], "histogram": [{"marker": {"pattern": {"fillmode": "overlay", "size": 10, "solidity": 0.2}}, "type": "histogram"}], "scattergl": [{"type": "scattergl", "marker": {"colorbar": {"outlinewidth": 0, "ticks": ""}}}], "scatter3d": [{"type": "scatter3d", "line": {"colorbar": {"outlinewidth": 0, "ticks": ""}}, "marker": {"colorbar": {"outlinewidth": 0, "ticks": ""}}}], "scattermapbox": [{"type": "scattermapbox", "marker": {"colorbar": {"outlinewidth": 0, "ticks": ""}}}], "scatterternary": [{"type": "scatterternary", "marker": {"colorbar": {"outlinewidth": 0, "ticks": ""}}}], "scattercarpet": [{"type": "scattercarpet", "marker": {"colorbar": {"outlinewidth": 0, "ticks": ""}}}], "carpet": [{"aaxis": {"endlinecolor": "#2a3f5f", "gridcolor": "white", "linecolor": "white", "minorgridcolor": "white", "startlinecolor": "#2a3f5f"}, "baxis": {"endlinecolor": "#2a3f5f", "gridcolor": "white", "linecolor": "white", "minorgridcolor": "white", "startlinecolor": "#2a3f5f"}, "type": "carpet"}], "table": [{"cells": {"fill": {"color": "#EBF0F8"}, "line": {"color": "white"}}, "header": {"fill": {"color": "#C8D4E3"}, "line": {"color": "white"}}, "type": "table"}], "barpolar": [{"marker": {"line": {"color": "#E5ECF6", "width": 0.5}, "pattern": {"fillmode": "overlay", "size": 10, "solidity": 0.2}}, "type": "barpolar"}], "pie": [{"automargin": true, "type": "pie"}]}, "layout": {"autotypenumbers": "strict", "colorway": ["#636efa", "#EF553B", "#00cc96", "#ab63fa", "#FFA15A", "#19d3f3", "#FF6692", "#B6E880", "#FF97FF", "#FECB52"], "font": {"color": "#2a3f5f"}, "hovermode": "closest", "hoverlabel": {"align": "left"}, "paper_bgcolor": "white", "plot_bgcolor": "#E5ECF6", "polar": {"bgcolor": "#E5ECF6", "angularaxis": {"gridcolor": "white", "linecolor": "white", "ticks": ""}, "radialaxis": {"gridcolor": "white", "linecolor": "white", "ticks": ""}}, "ternary": {"bgcolor": "#E5ECF6", "aaxis": {"gridcolor": "white", "linecolor": "white", "ticks": ""}, "baxis": {"gridcolor": "white", "linecolor": "white", "ticks": ""}, "caxis": {"gridcolor": "white", "linecolor": "white", "ticks": ""}}, "coloraxis": {"colorbar": {"outlinewidth": 0, "ticks": ""}}, "colorscale": {"sequential": [[0.0, "#0d0887"], [0.1111111111111111, "#46039f"], [0.2222222222222222, "#7201a8"], [0.3333333333333333, "#9c179e"], [0.4444444444444444, "#bd3786"], [0.5555555555555556, "#d8576b"], [0.6666666666666666, "#ed7953"], [0.7777777777777778, "#fb9f3a"], [0.8888888888888888, "#fdca26"], [1.0, "#f0f921"]], "sequentialminus": [[0.0, "#0d0887"], [0.1111111111111111, "#46039f"], [0.2222222222222222, "#7201a8"], [0.3333333333333333, "#9c179e"], [0.4444444444444444, "#bd3786"], [0.5555555555555556, "#d8576b"], [0.6666666666666666, "#ed7953"], [0.7777777777777778, "#fb9f3a"], [0.8888888888888888, "#fdca26"], [1.0, "#f0f921"]], "diverging": [[0, "#8e0152"], [0.1, "#c51b7d"], [0.2, "#de77ae"], [0.3, "#f1b6da"], [0.4, "#fde0ef"], [0.5, "#f7f7f7"], [0.6, "#e6f5d0"], [0.7, "#b8e186"], [0.8, "#7fbc41"], [0.9, "#4d9221"], [1, "#276419"]]}, "xaxis": {"gridcolor": "white", "linecolor": "white", "ticks": "", "title": {"standoff": 15}, "zerolinecolor": "white", "automargin": true, "zerolinewidth": 2}, "yaxis": {"gridcolor": "white", "linecolor": "white", "ticks": "", "title": {"standoff": 15}, "zerolinecolor": "white", "automargin": true, "zerolinewidth": 2}, "scene": {"xaxis": {"backgroundcolor": "#E5ECF6", "gridcolor": "white", "linecolor": "white", "showbackground": true, "ticks": "", "zerolinecolor": "white", "gridwidth": 2}, "yaxis": {"backgroundcolor": "#E5ECF6", "gridcolor": "white", "linecolor": "white", "showbackground": true, "ticks": "", "zerolinecolor": "white", "gridwidth": 2}, "zaxis": {"backgroundcolor": "#E5ECF6", "gridcolor": "white", "linecolor": "white", "showbackground": true, "ticks": "", "zerolinecolor": "white", "gridwidth": 2}}, "shapedefaults": {"line": {"color": "#2a3f5f"}}, "annotationdefaults": {"arrowcolor": "#2a3f5f", "arrowhead": 0, "arrowwidth": 1}, "geo": {"bgcolor": "white", "landcolor": "#E5ECF6", "subunitcolor": "white", "showland": true, "showlakes": true, "lakecolor": "white"}, "title": {"x": 0.05}, "mapbox": {"style": "light"}}}}}