{"data": [{"z": [[19.995641708374023, 3.591855525970459, 4.649872303009033, -1.1266696453094482, -2.3273820877075195, 6.166862964630127, -0.45155975222587585, 4.783559322357178, -2.2848339080810547, 0.049471110105514526, -5.192927360534668, -0.39180228114128113, 4.483806133270264, 3.048922538757324, 3.234814167022705, -0.8754892349243164, 2.6809184551239014, 0.2958674430847168, -1.8096444606781006, 3.944647789001465, 6.5301432609558105], [3.591855525970459, 11.99515151977539, 1.1111007928848267, 0.16629618406295776, -1.8163714408874512, 4.1276373863220215, 2.367656946182251, 3.6125881671905518, 4.02119255065918, 0.8215548992156982, -3.1891276836395264, -0.6701907515525818, 0.2656781077384949, 5.372438430786133, -1.0091255903244019, 1.4103176593780518, -1.649993896484375, -3.922147035598755, -1.6203272342681885, 3.858779191970825, 9.264678001403809], [4.649872303009033, 1.1111007928848267, 35.35750198364258, 3.7247066497802734, 3.7475907802581787, 3.855072498321533, -2.3464503288269043, -0.7705873847007751, 2.2301862239837646, -5.572153091430664, -4.00792121887207, 2.9125523567199707, -5.186306476593018, -1.1963592767715454, 4.148979187011719, 3.3015716075897217, 10.5469970703125, -6.750245571136475, 1.9745640754699707, 1.5852031707763672, -3.2349464893341064], [-1.1266696453094482, 0.16629618406295776, 3.7247066497802734, 25.94339942932129, -3.774683713912964, -0.9083408117294312, 4.623978614807129, 5.033868312835693, -1.2559844255447388, -1.2470276355743408, 2.3046634197235107, -2.871314287185669, 4.762135028839111, -4.510106086730957, -0.8185918927192688, 8.351849555969238, -1.2370071411132812, 1.9645864963531494, -3.97884464263916, -2.598073959350586, -10.395586967468262], [-2.3273820877075195, -1.8163714408874512, 3.7475907802581787, -3.774683713912964, 38.823978424072266, -0.24131295084953308, 1.1707687377929688, -7.625617980957031, -0.6553342342376709, 10.746918678283691, 2.9600040912628174, -0.6246197819709778, 9.384673118591309, -0.44278571009635925, 2.9179999828338623, -14.869058609008789, -3.0542051792144775, 6.00239372253418, 0.44867515563964844, -10.77717399597168, 0.6949781179428101], [6.166862964630127, 4.1276373863220215, 3.855072498321533, -0.9083408117294312, -0.24131295084953308, 17.61231231689453, -1.9463708400726318, 1.7307841777801514, 5.305570125579834, 2.1705427169799805, -8.486071586608887, -0.7655357718467712, 4.268072605133057, 2.438415050506592, 2.5780975818634033, 4.248965263366699, 1.0592718124389648, -4.500362396240234, -2.625504970550537, -0.29320335388183594, 4.350183963775635], [-0.45155975222587585, 2.367656946182251, -2.3464503288269043, 4.623978614807129, 1.1707687377929688, -1.9463708400726318, 29.443500518798828, 4.964442253112793, -2.837049961090088, 0.9120192527770996, -2.7692904472351074, 2.453937292098999, 3.4806323051452637, 1.6120792627334595, 3.489412546157837, -4.60270881652832, 0.7762186527252197, -3.8707621097564697, -4.415992259979248, -5.73159122467041, 6.478246688842773], [4.783559322357178, 3.6125881671905518, -0.7705873847007751, 5.033868312835693, -7.625617980957031, 1.7307841777801514, 4.964442253112793, 22.126874923706055, -10.43710708618164, -2.573687791824341, 3.4463720321655273, 1.8929709196090698, 0.2945273518562317, 0.692963182926178, -3.4811348915100098, 10.624022483825684, -1.1097791194915771, -2.3648011684417725, 0.0392308235168457, -1.1826090812683105, -1.2185020446777344], [-2.2848339080810547, 4.02119255065918, 2.2301862239837646, -1.2559844255447388, -0.6553342342376709, 5.305570125579834, -2.837049961090088, -10.43710708618164, 42.95927810668945, -5.171079635620117, 0.0390329547226429, 3.051603317260742, -5.366346836090088, 9.212871551513672, 7.758002758026123, -0.7089184522628784, -0.5882735252380371, -8.528756141662598, -7.96823787689209, 6.580950736999512, -2.1797688007354736], [0.049471110105514526, 0.8215548992156982, -5.572153091430664, -1.2470276355743408, 10.746918678283691, 2.1705427169799805, 0.9120192527770996, -2.573687791824341, -5.171079635620117, 22.81386375427246, 5.765768051147461, 2.277599334716797, 2.0759389400482178, -1.6819093227386475, 0.49039021134376526, -6.658596038818359, -4.82383918762207, 2.0489370822906494, -3.7474710941314697, -6.772913932800293, -1.1380796432495117], [-5.192927360534668, -3.1891276836395264, -4.00792121887207, 2.3046634197235107, 2.9600040912628174, -8.486071586608887, -2.7692904472351074, 3.4463720321655273, 0.0390329547226429, 5.765768051147461, 26.401498794555664, 6.973838806152344, 0.050381459295749664, -2.61356520652771, -4.386063098907471, 5.228000164031982, 0.7590618133544922, 7.336197376251221, -4.411250114440918, 0.6111632585525513, -7.006040573120117], [-0.39180228114128113, -0.6701907515525818, 2.9125523567199707, -2.871314287185669, -0.6246197819709778, -0.7655357718467712, 2.453937292098999, 1.8929709196090698, 3.051603317260742, 2.277599334716797, 6.973838806152344, 16.312196731567383, -0.6459531188011169, 0.4738132655620575, 3.2009739875793457, 1.455819845199585, 1.840599536895752, -5.469978332519531, -0.2554588317871094, 2.304759979248047, -4.458082675933838], [4.483806133270264, 0.2656781077384949, -5.186306476593018, 4.762135028839111, 9.384673118591309, 4.268072605133057, 3.4806323051452637, 0.2945273518562317, -5.366346836090088, 2.0759389400482178, 0.050381459295749664, -0.6459531188011169, 25.828989028930664, -0.4868921637535095, -2.3969643115997314, -8.48572826385498, 0.9494414329528809, 4.403656482696533, 5.447845935821533, -1.0153653621673584, 7.243997573852539], [3.048922538757324, 5.372438430786133, -1.1963592767715454, -4.510106086730957, -0.44278571009635925, 2.438415050506592, 1.6120792627334595, 0.692963182926178, 9.212871551513672, -1.6819093227386475, -2.61356520652771, 0.4738132655620575, -0.4868921637535095, 18.483068466186523, 3.914478302001953, 3.9545135498046875, 1.911443829536438, -2.3517448902130127, -3.9987988471984863, 7.01272439956665, 7.932727336883545], [3.234814167022705, -1.0091255903244019, 4.148979187011719, -0.8185918927192688, 2.9179999828338623, 2.5780975818634033, 3.489412546157837, -3.4811348915100098, 7.758002758026123, 0.49039021134376526, -4.386063098907471, 3.2009739875793457, -2.3969643115997314, 3.914478302001953, 17.77252197265625, -3.750617265701294, 2.4187374114990234, 1.294238567352295, -0.4976680278778076, 1.1271510124206543, -6.8556108474731445], [-0.8754892349243164, 1.4103176593780518, 3.3015716075897217, 8.351849555969238, -14.869058609008789, 4.248965263366699, -4.60270881652832, 10.624022483825684, -0.7089184522628784, -6.658596038818359, 5.228000164031982, 1.455819845199585, -8.48572826385498, 3.9545135498046875, -3.750617265701294, 31.91377830505371, 2.243248462677002, -3.702436685562134, -5.897948265075684, -0.6875213384628296, -3.154998540878296], [2.6809182167053223, -1.649993658065796, 10.546996116638184, -1.2370063066482544, -3.0542044639587402, 1.0592719316482544, 0.7762189507484436, -1.1097794771194458, -0.5882737636566162, -4.823838710784912, 0.7590620517730713, 1.840599536895752, 0.9494428038597107, 1.9114439487457275, 2.4187378883361816, 2.243248224258423, 22.86159896850586, 5.072702884674072, -1.4939181804656982, 3.238205909729004, 5.424074172973633], [0.29586687684059143, -3.922146797180176, -6.750246047973633, 1.9645870923995972, 6.00239372253418, -4.500362396240234, -3.8707616329193115, -2.3648011684417725, -8.528755187988281, 2.0489368438720703, 7.336197853088379, -5.469978332519531, 4.403656482696533, -2.3517448902130127, 1.294238805770874, -3.7024362087249756, 5.072702884674072, 24.16050910949707, 1.501854658126831, -0.25661373138427734, -0.7535959482192993], [-1.8096446990966797, -1.6203272342681885, 1.9745638370513916, -3.97884464263916, 0.44867533445358276, -2.6255054473876953, -4.415992259979248, 0.039231076836586, -7.968238830566406, -3.7474710941314697, -4.411251068115234, -0.2554585337638855, 5.4478440284729, -3.998798370361328, -0.4976680278778076, -5.897948265075684, -1.4939181804656982, 1.501854658126831, 29.341819763183594, 4.439426422119141, -1.9732840061187744], [3.944647789001465, 3.8587799072265625, 1.5852025747299194, -2.598073720932007, -10.777174949645996, -0.29320359230041504, -5.73159122467041, -1.1826088428497314, 6.580950736999512, -6.772912979125977, 0.6111631393432617, 2.304759979248047, -1.0153651237487793, 7.012723445892334, 1.1271506547927856, -0.6875216364860535, 3.238205909729004, -0.25661373138427734, 4.439426422119141, 30.393991470336914, 6.354394912719727], [6.530143737792969, 9.264677047729492, -3.2349472045898438, -10.395587921142578, 0.6949784755706787, 4.350184440612793, 6.478246212005615, -1.2185020446777344, -2.1797683238983154, -1.1380794048309326, -7.006040573120117, -4.458082675933838, 7.243998050689697, 7.932727813720703, -6.855610370635986, -3.154998779296875, 5.424073696136475, -0.753596305847168, -1.9732847213745117, 6.354394912719727, 29.782493591308594]], "type": "heatmap"}], "layout": {"template": {"data": {"histogram2dcontour": [{"type": "histogram2dcontour", "colorbar": {"outlinewidth": 0, "ticks": ""}, "colorscale": [[0.0, "#0d0887"], [0.1111111111111111, "#46039f"], [0.2222222222222222, "#7201a8"], [0.3333333333333333, "#9c179e"], [0.4444444444444444, "#bd3786"], [0.5555555555555556, "#d8576b"], [0.6666666666666666, "#ed7953"], [0.7777777777777778, "#fb9f3a"], [0.8888888888888888, "#fdca26"], [1.0, "#f0f921"]]}], "choropleth": [{"type": "choropleth", "colorbar": {"outlinewidth": 0, "ticks": ""}}], "histogram2d": [{"type": "histogram2d", "colorbar": {"outlinewidth": 0, "ticks": ""}, "colorscale": [[0.0, "#0d0887"], [0.1111111111111111, "#46039f"], [0.2222222222222222, "#7201a8"], [0.3333333333333333, "#9c179e"], [0.4444444444444444, "#bd3786"], [0.5555555555555556, "#d8576b"], [0.6666666666666666, "#ed7953"], [0.7777777777777778, "#fb9f3a"], [0.8888888888888888, "#fdca26"], [1.0, "#f0f921"]]}], "heatmap": [{"type": "heatmap", "colorbar": {"outlinewidth": 0, "ticks": ""}, "colorscale": [[0.0, "#0d0887"], [0.1111111111111111, "#46039f"], [0.2222222222222222, "#7201a8"], [0.3333333333333333, "#9c179e"], [0.4444444444444444, "#bd3786"], [0.5555555555555556, "#d8576b"], [0.6666666666666666, "#ed7953"], [0.7777777777777778, "#fb9f3a"], [0.8888888888888888, "#fdca26"], [1.0, "#f0f921"]]}], "heatmapgl": [{"type": "heatmapgl", "colorbar": {"outlinewidth": 0, "ticks": ""}, "colorscale": [[0.0, "#0d0887"], [0.1111111111111111, "#46039f"], [0.2222222222222222, "#7201a8"], [0.3333333333333333, "#9c179e"], [0.4444444444444444, "#bd3786"], [0.5555555555555556, "#d8576b"], [0.6666666666666666, "#ed7953"], [0.7777777777777778, "#fb9f3a"], [0.8888888888888888, "#fdca26"], [1.0, "#f0f921"]]}], "contourcarpet": [{"type": "contourcarpet", "colorbar": {"outlinewidth": 0, "ticks": ""}}], "contour": [{"type": "contour", "colorbar": {"outlinewidth": 0, "ticks": ""}, "colorscale": [[0.0, "#0d0887"], [0.1111111111111111, "#46039f"], [0.2222222222222222, "#7201a8"], [0.3333333333333333, "#9c179e"], [0.4444444444444444, "#bd3786"], [0.5555555555555556, "#d8576b"], [0.6666666666666666, "#ed7953"], [0.7777777777777778, "#fb9f3a"], [0.8888888888888888, "#fdca26"], [1.0, "#f0f921"]]}], "surface": [{"type": "surface", "colorbar": {"outlinewidth": 0, "ticks": ""}, "colorscale": [[0.0, "#0d0887"], [0.1111111111111111, "#46039f"], [0.2222222222222222, "#7201a8"], [0.3333333333333333, "#9c179e"], [0.4444444444444444, "#bd3786"], [0.5555555555555556, "#d8576b"], [0.6666666666666666, "#ed7953"], [0.7777777777777778, "#fb9f3a"], [0.8888888888888888, "#fdca26"], [1.0, "#f0f921"]]}], "mesh3d": [{"type": "mesh3d", "colorbar": {"outlinewidth": 0, "ticks": ""}}], "scatter": [{"fillpattern": {"fillmode": "overlay", "size": 10, "solidity": 0.2}, "type": "scatter"}], "parcoords": [{"type": "parcoords", "line": {"colorbar": {"outlinewidth": 0, "ticks": ""}}}], "scatterpolargl": [{"type": "scatterpolargl", "marker": {"colorbar": {"outlinewidth": 0, "ticks": ""}}}], "bar": [{"error_x": {"color": "#2a3f5f"}, "error_y": {"color": "#2a3f5f"}, "marker": {"line": {"color": "#E5ECF6", "width": 0.5}, "pattern": {"fillmode": "overlay", "size": 10, "solidity": 0.2}}, "type": "bar"}], "scattergeo": [{"type": "scattergeo", "marker": {"colorbar": {"outlinewidth": 0, "ticks": ""}}}], "scatterpolar": [{"type": "scatterpolar", "marker": {"colorbar": {"outlinewidth": 0, "ticks": ""}}}], "histogram": [{"marker": {"pattern": {"fillmode": "overlay", "size": 10, "solidity": 0.2}}, "type": "histogram"}], "scattergl": [{"type": "scattergl", "marker": {"colorbar": {"outlinewidth": 0, "ticks": ""}}}], "scatter3d": [{"type": "scatter3d", "line": {"colorbar": {"outlinewidth": 0, "ticks": ""}}, "marker": {"colorbar": {"outlinewidth": 0, "ticks": ""}}}], "scattermapbox": [{"type": "scattermapbox", "marker": {"colorbar": {"outlinewidth": 0, "ticks": ""}}}], "scatterternary": [{"type": "scatterternary", "marker": {"colorbar": {"outlinewidth": 0, "ticks": ""}}}], "scattercarpet": [{"type": "scattercarpet", "marker": {"colorbar": {"outlinewidth": 0, "ticks": ""}}}], "carpet": [{"aaxis": {"endlinecolor": "#2a3f5f", "gridcolor": "white", "linecolor": "white", "minorgridcolor": "white", "startlinecolor": "#2a3f5f"}, "baxis": {"endlinecolor": "#2a3f5f", "gridcolor": "white", "linecolor": "white", "minorgridcolor": "white", "startlinecolor": "#2a3f5f"}, "type": "carpet"}], "table": [{"cells": {"fill": {"color": "#EBF0F8"}, "line": {"color": "white"}}, "header": {"fill": {"color": "#C8D4E3"}, "line": {"color": "white"}}, "type": "table"}], "barpolar": [{"marker": {"line": {"color": "#E5ECF6", "width": 0.5}, "pattern": {"fillmode": "overlay", "size": 10, "solidity": 0.2}}, "type": "barpolar"}], "pie": [{"automargin": true, "type": "pie"}]}, "layout": {"autotypenumbers": "strict", "colorway": ["#636efa", "#EF553B", "#00cc96", "#ab63fa", "#FFA15A", "#19d3f3", "#FF6692", "#B6E880", "#FF97FF", "#FECB52"], "font": {"color": "#2a3f5f"}, "hovermode": "closest", "hoverlabel": {"align": "left"}, "paper_bgcolor": "white", "plot_bgcolor": "#E5ECF6", "polar": {"bgcolor": "#E5ECF6", "angularaxis": {"gridcolor": "white", "linecolor": "white", "ticks": ""}, "radialaxis": {"gridcolor": "white", "linecolor": "white", "ticks": ""}}, "ternary": {"bgcolor": "#E5ECF6", "aaxis": {"gridcolor": "white", "linecolor": "white", "ticks": ""}, "baxis": {"gridcolor": "white", "linecolor": "white", "ticks": ""}, "caxis": {"gridcolor": "white", "linecolor": "white", "ticks": ""}}, "coloraxis": {"colorbar": {"outlinewidth": 0, "ticks": ""}}, "colorscale": {"sequential": [[0.0, "#0d0887"], [0.1111111111111111, "#46039f"], [0.2222222222222222, "#7201a8"], [0.3333333333333333, "#9c179e"], [0.4444444444444444, "#bd3786"], [0.5555555555555556, "#d8576b"], [0.6666666666666666, "#ed7953"], [0.7777777777777778, "#fb9f3a"], [0.8888888888888888, "#fdca26"], [1.0, "#f0f921"]], "sequentialminus": [[0.0, "#0d0887"], [0.1111111111111111, "#46039f"], [0.2222222222222222, "#7201a8"], [0.3333333333333333, "#9c179e"], [0.4444444444444444, "#bd3786"], [0.5555555555555556, "#d8576b"], [0.6666666666666666, "#ed7953"], [0.7777777777777778, "#fb9f3a"], [0.8888888888888888, "#fdca26"], [1.0, "#f0f921"]], "diverging": [[0, "#8e0152"], [0.1, "#c51b7d"], [0.2, "#de77ae"], [0.3, "#f1b6da"], [0.4, "#fde0ef"], [0.5, "#f7f7f7"], [0.6, "#e6f5d0"], [0.7, "#b8e186"], [0.8, "#7fbc41"], [0.9, "#4d9221"], [1, "#276419"]]}, "xaxis": {"gridcolor": "white", "linecolor": "white", "ticks": "", "title": {"standoff": 15}, "zerolinecolor": "white", "automargin": true, "zerolinewidth": 2}, "yaxis": {"gridcolor": "white", "linecolor": "white", "ticks": "", "title": {"standoff": 15}, "zerolinecolor": "white", "automargin": true, "zerolinewidth": 2}, "scene": {"xaxis": {"backgroundcolor": "#E5ECF6", "gridcolor": "white", "linecolor": "white", "showbackground": true, "ticks": "", "zerolinecolor": "white", "gridwidth": 2}, "yaxis": {"backgroundcolor": "#E5ECF6", "gridcolor": "white", "linecolor": "white", "showbackground": true, "ticks": "", "zerolinecolor": "white", "gridwidth": 2}, "zaxis": {"backgroundcolor": "#E5ECF6", "gridcolor": "white", "linecolor": "white", "showbackground": true, "ticks": "", "zerolinecolor": "white", "gridwidth": 2}}, "shapedefaults": {"line": {"color": "#2a3f5f"}}, "annotationdefaults": {"arrowcolor": "#2a3f5f", "arrowhead": 0, "arrowwidth": 1}, "geo": {"bgcolor": "white", "landcolor": "#E5ECF6", "subunitcolor": "white", "showland": true, "showlakes": true, "lakecolor": "white"}, "title": {"x": 0.05}, "mapbox": {"style": "light"}}}}}