{"data": [{"z": [[22.45807647705078, 3.9829885959625244, 3.8470592498779297, -2.936368703842163, -2.854039192199707, 6.9395647048950195, -1.2559709548950195, 5.5200066566467285, -4.067251682281494, -1.0152801275253296, -6.9045329093933105, -1.134751319885254, 5.273221969604492, 2.551488161087036, 2.697840690612793, -2.516209363937378, 2.831286668777466, 0.017712831497192383, -2.5519886016845703, 3.5272421836853027, 7.103600025177002], [3.9829885959625244, 14.050951957702637, 0.9217400550842285, -0.5730608701705933, -2.880390167236328, 4.739381313323975, 2.7528765201568604, 5.160733699798584, 3.1796531677246094, 0.32314014434814453, -5.121870517730713, -1.3280556201934814, 0.9942401051521301, 6.563338756561279, -1.2171382904052734, 0.4848693013191223, -2.15503191947937, -5.5662078857421875, -3.310281991958618, 3.9517388343811035, 10.261810302734375], [3.8470592498779297, 0.9217400550842285, 42.756675720214844, 5.288245677947998, 2.449953556060791, 3.9157230854034424, -3.623100996017456, -0.8452461361885071, 4.739806652069092, -8.5068941116333, -5.311801910400391, 2.987901210784912, -6.796568393707275, 1.0601494312286377, 5.303715229034424, 5.14531946182251, 13.61174201965332, -9.989110946655273, -0.6895673274993896, 3.362516403198242, -3.6722750663757324], [-2.936368703842163, -0.5730608701705933, 5.288245677947998, 30.51629066467285, -5.577733993530273, -1.5049047470092773, 4.461564064025879, 6.199963569641113, -2.695434093475342, -2.7186901569366455, 2.0495266914367676, -3.9956700801849365, 5.609759330749512, -5.448141574859619, -1.2827812433242798, 10.527525901794434, -3.0266919136047363, 0.5131063461303711, -5.816328048706055, -3.7026407718658447, -11.706608772277832], [-2.854039192199707, -2.880390167236328, 2.449953556060791, -5.577733993530273, 43.72706604003906, -0.8455914855003357, 2.3051416873931885, -9.280113220214844, -1.9888768196105957, 13.150248527526855, 4.894117832183838, 0.07831340283155441, 10.641095161437988, -1.988524317741394, 3.8167824745178223, -17.82708740234375, -4.20736026763916, 8.237783432006836, 1.3980939388275146, -13.717220306396484, 0.4345298111438751], [6.9395647048950195, 4.739381313323975, 3.9157230854034424, -1.5049047470092773, -0.8455914855003357, 20.227310180664062, -2.919524908065796, 3.4670350551605225, 3.905250310897827, 1.8025126457214355, -10.614331245422363, -1.8950414657592773, 5.387399196624756, 2.0766162872314453, 1.9844449758529663, 4.483798980712891, 0.7174341678619385, -5.649507522583008, -4.439780235290527, -1.9998669624328613, 4.667486190795898], [-1.2559709548950195, 2.7528765201568604, -3.623100996017456, 4.461564064025879, 2.3051416873931885, -2.919524908065796, 33.1002197265625, 5.354796409606934, -4.561532497406006, 0.7751400470733643, -4.357762813568115, 1.599534511566162, 3.690185546875, 0.020338011905550957, 2.661336660385132, -5.903604507446289, -1.0519523620605469, -5.12014102935791, -5.262054920196533, -8.975106239318848, 6.599621772766113], [5.5200066566467285, 5.160733699798584, -0.8452461361885071, 6.199963569641113, -9.280113220214844, 3.4670350551605225, 5.354796409606934, 28.85079574584961, -14.879931449890137, -3.04833722114563, 4.408013820648193, 2.108072519302368, 2.2784409523010254, 1.2852145433425903, -5.806166172027588, 12.73664665222168, -0.9766608476638794, -4.075368404388428, -2.62223219871521, -3.1900429725646973, -0.7483407258987427], [-4.067251682281494, 3.1796531677246094, 4.739806652069092, -2.695434093475342, -1.9888768196105957, 3.905250310897827, -4.561532497406006, -14.879931449890137, 51.09641647338867, -9.03124713897705, -1.7892870903015137, 2.1955854892730713, -8.728517532348633, 12.69617748260498, 10.06478214263916, -1.0680670738220215, -0.2199723720550537, -10.82719612121582, -8.417683601379395, 10.041254043579102, -2.3749911785125732], [-1.0152801275253296, 0.32314014434814453, -8.5068941116333, -2.7186901569366455, 13.150248527526855, 1.8025126457214355, 0.7751400470733643, -3.04833722114563, -9.03124713897705, 26.539304733276367, 7.581005096435547, 2.5081863403320312, 3.493989944458008, -4.77116584777832, 0.16696858406066895, -9.580595016479492, -7.915883541107178, 3.1744027137756348, -4.330920219421387, -10.886433601379395, -1.743165135383606], [-6.9045329093933105, -5.121870517730713, -5.311801910400391, 2.0495266914367676, 4.894117832183838, -10.614331245422363, -4.357762813568115, 4.408013820648193, -1.7892870903015137, 7.581005096435547, 32.292232513427734, 8.66511058807373, 2.053004503250122, -4.012609004974365, -5.362226486206055, 4.0894083976745605, 0.09466290473937988, 8.617387771606445, -5.264289855957031, -1.3076565265655518, -8.078872680664062], [-1.134751319885254, -1.3280556201934814, 2.987901210784912, -3.9956700801849365, 0.07831340283155441, -1.8950414657592773, 1.599534511566162, 2.108072519302368, 2.1955854892730713, 2.5081863403320312, 8.66511058807373, 17.738698959350586, 0.5881218910217285, 0.8412999510765076, 2.8047194480895996, 0.25197234749794006, 1.6244146823883057, -6.794158458709717, -1.2607529163360596, 2.1727120876312256, -4.503600597381592], [5.273221969604492, 0.9942401051521301, -6.796568393707275, 5.609759330749512, 10.641095161437988, 5.387399196624756, 3.690185546875, 2.2784409523010254, -8.728517532348633, 3.493989944458008, 2.053004503250122, 0.5881218910217285, 32.542484283447266, -0.5151000618934631, -2.387742757797241, -10.521692276000977, 1.374450445175171, 5.329586029052734, 5.799206733703613, -1.2242445945739746, 7.660898208618164], [2.551488161087036, 6.563338756561279, 1.0601494312286377, -5.448141574859619, -1.988524317741394, 2.0766162872314453, 0.020338011905550957, 1.2852145433425903, 12.69617748260498, -4.77116584777832, -4.012609004974365, 0.8412999510765076, -0.5151000618934631, 24.266071319580078, 5.036396503448486, 4.9034528732299805, 3.885582447052002, -4.884232521057129, -6.148726940155029, 10.598443984985352, 9.00730037689209], [2.697840690612793, -1.2171382904052734, 5.303715229034424, -1.2827812433242798, 3.8167824745178223, 1.9844449758529663, 2.661336660385132, -5.806166172027588, 10.06478214263916, 0.16696858406066895, -5.362226486206055, 2.8047194480895996, -2.387742757797241, 5.036396503448486, 22.157657623291016, -5.979708194732666, 2.8478386402130127, 1.68192720413208, -1.031822919845581, 2.5285792350769043, -7.501334190368652], [-2.516209363937378, 0.4848693013191223, 5.14531946182251, 10.527525901794434, -17.82708740234375, 4.483798980712891, -5.903604507446289, 12.73664665222168, -1.0680670738220215, -9.580595016479492, 4.0894083976745605, 0.25197234749794006, -10.521692276000977, 4.9034528732299805, -5.979708194732666, 36.70021438598633, 2.5666098594665527, -5.882227897644043, -7.804503917694092, -2.1148815155029297, -3.7191715240478516], [2.831286907196045, -2.15503191947937, 13.611741065979004, -3.0266923904418945, -4.207359790802002, 0.7174339890480042, -1.0519520044326782, -0.9766608476638794, -0.21997269988059998, -7.9158830642700195, 0.09466256946325302, 1.6244146823883057, 1.374450445175171, 3.88558292388916, 2.847838878631592, 2.566610097885132, 28.62450408935547, 4.998841285705566, -2.7702958583831787, 5.746181011199951, 6.373359680175781], [0.017712561413645744, -5.566208362579346, -9.989108085632324, 0.5131067037582397, 8.237784385681152, -5.649508953094482, -5.120140075683594, -4.075368881225586, -10.827198028564453, 3.1744027137756348, 8.617388725280762, -6.794158458709717, 5.329586029052734, -4.884232997894287, 1.6819275617599487, -5.882227897644043, 4.998841285705566, 28.475605010986328, 3.8451061248779297, -1.3501405715942383, -1.250109076499939], [-2.5519888401031494, -3.3102822303771973, -0.689567506313324, -5.816328048706055, 1.3980945348739624, -4.439781665802002, -5.262054443359375, -2.622231960296631, -8.417684555053711, -4.330920696258545, -5.264289379119873, -1.2607526779174805, 5.799208164215088, -6.148726940155029, -1.031822919845581, -7.804502487182617, -2.7702958583831787, 3.8451061248779297, 33.416107177734375, 5.213692665100098, -1.9987834692001343], [3.5272414684295654, 3.9517385959625244, 3.362516164779663, -3.7026400566101074, -13.717218399047852, -1.9998664855957031, -8.975107192993164, -3.1900432109832764, 10.041254043579102, -10.886436462402344, -1.3076562881469727, 2.1727123260498047, -1.2242448329925537, 10.598444938659668, 2.528578996658325, -2.114881753921509, 5.746181011199951, -1.3501405715942383, 5.213692665100098, 38.330631256103516, 6.856313705444336], [7.103599548339844, 10.261809349060059, -3.6722748279571533, -11.706609725952148, 0.43453001976013184, 4.667486190795898, 6.599623203277588, -0.7483415603637695, -2.3749918937683105, -1.7431647777557373, -8.078872680664062, -4.503600120544434, 7.660898208618164, 9.007298469543457, -7.5013346672058105, -3.7191715240478516, 6.373359680175781, -1.2501089572906494, -1.9987831115722656, 6.856313705444336, 29.782493591308594]], "type": "heatmap"}], "layout": {"template": {"data": {"histogram2dcontour": [{"type": "histogram2dcontour", "colorbar": {"outlinewidth": 0, "ticks": ""}, "colorscale": [[0.0, "#0d0887"], [0.1111111111111111, "#46039f"], [0.2222222222222222, "#7201a8"], [0.3333333333333333, "#9c179e"], [0.4444444444444444, "#bd3786"], [0.5555555555555556, "#d8576b"], [0.6666666666666666, "#ed7953"], [0.7777777777777778, "#fb9f3a"], [0.8888888888888888, "#fdca26"], [1.0, "#f0f921"]]}], "choropleth": [{"type": "choropleth", "colorbar": {"outlinewidth": 0, "ticks": ""}}], "histogram2d": [{"type": "histogram2d", "colorbar": {"outlinewidth": 0, "ticks": ""}, "colorscale": [[0.0, "#0d0887"], [0.1111111111111111, "#46039f"], [0.2222222222222222, "#7201a8"], [0.3333333333333333, "#9c179e"], [0.4444444444444444, "#bd3786"], [0.5555555555555556, "#d8576b"], [0.6666666666666666, "#ed7953"], [0.7777777777777778, "#fb9f3a"], [0.8888888888888888, "#fdca26"], [1.0, "#f0f921"]]}], "heatmap": [{"type": "heatmap", "colorbar": {"outlinewidth": 0, "ticks": ""}, "colorscale": [[0.0, "#0d0887"], [0.1111111111111111, "#46039f"], [0.2222222222222222, "#7201a8"], [0.3333333333333333, "#9c179e"], [0.4444444444444444, "#bd3786"], [0.5555555555555556, "#d8576b"], [0.6666666666666666, "#ed7953"], [0.7777777777777778, "#fb9f3a"], [0.8888888888888888, "#fdca26"], [1.0, "#f0f921"]]}], "heatmapgl": [{"type": "heatmapgl", "colorbar": {"outlinewidth": 0, "ticks": ""}, "colorscale": [[0.0, "#0d0887"], [0.1111111111111111, "#46039f"], [0.2222222222222222, "#7201a8"], [0.3333333333333333, "#9c179e"], [0.4444444444444444, "#bd3786"], [0.5555555555555556, "#d8576b"], [0.6666666666666666, "#ed7953"], [0.7777777777777778, "#fb9f3a"], [0.8888888888888888, "#fdca26"], [1.0, "#f0f921"]]}], "contourcarpet": [{"type": "contourcarpet", "colorbar": {"outlinewidth": 0, "ticks": ""}}], "contour": [{"type": "contour", "colorbar": {"outlinewidth": 0, "ticks": ""}, "colorscale": [[0.0, "#0d0887"], [0.1111111111111111, "#46039f"], [0.2222222222222222, "#7201a8"], [0.3333333333333333, "#9c179e"], [0.4444444444444444, "#bd3786"], [0.5555555555555556, "#d8576b"], [0.6666666666666666, "#ed7953"], [0.7777777777777778, "#fb9f3a"], [0.8888888888888888, "#fdca26"], [1.0, "#f0f921"]]}], "surface": [{"type": "surface", "colorbar": {"outlinewidth": 0, "ticks": ""}, "colorscale": [[0.0, "#0d0887"], [0.1111111111111111, "#46039f"], [0.2222222222222222, "#7201a8"], [0.3333333333333333, "#9c179e"], [0.4444444444444444, "#bd3786"], [0.5555555555555556, "#d8576b"], [0.6666666666666666, "#ed7953"], [0.7777777777777778, "#fb9f3a"], [0.8888888888888888, "#fdca26"], [1.0, "#f0f921"]]}], "mesh3d": [{"type": "mesh3d", "colorbar": {"outlinewidth": 0, "ticks": ""}}], "scatter": [{"fillpattern": {"fillmode": "overlay", "size": 10, "solidity": 0.2}, "type": "scatter"}], "parcoords": [{"type": "parcoords", "line": {"colorbar": {"outlinewidth": 0, "ticks": ""}}}], "scatterpolargl": [{"type": "scatterpolargl", "marker": {"colorbar": {"outlinewidth": 0, "ticks": ""}}}], "bar": [{"error_x": {"color": "#2a3f5f"}, "error_y": {"color": "#2a3f5f"}, "marker": {"line": {"color": "#E5ECF6", "width": 0.5}, "pattern": {"fillmode": "overlay", "size": 10, "solidity": 0.2}}, "type": "bar"}], "scattergeo": [{"type": "scattergeo", "marker": {"colorbar": {"outlinewidth": 0, "ticks": ""}}}], "scatterpolar": [{"type": "scatterpolar", "marker": {"colorbar": {"outlinewidth": 0, "ticks": ""}}}], "histogram": [{"marker": {"pattern": {"fillmode": "overlay", "size": 10, "solidity": 0.2}}, "type": "histogram"}], "scattergl": [{"type": "scattergl", "marker": {"colorbar": {"outlinewidth": 0, "ticks": ""}}}], "scatter3d": [{"type": "scatter3d", "line": {"colorbar": {"outlinewidth": 0, "ticks": ""}}, "marker": {"colorbar": {"outlinewidth": 0, "ticks": ""}}}], "scattermapbox": [{"type": "scattermapbox", "marker": {"colorbar": {"outlinewidth": 0, "ticks": ""}}}], "scatterternary": [{"type": "scatterternary", "marker": {"colorbar": {"outlinewidth": 0, "ticks": ""}}}], "scattercarpet": [{"type": "scattercarpet", "marker": {"colorbar": {"outlinewidth": 0, "ticks": ""}}}], "carpet": [{"aaxis": {"endlinecolor": "#2a3f5f", "gridcolor": "white", "linecolor": "white", "minorgridcolor": "white", "startlinecolor": "#2a3f5f"}, "baxis": {"endlinecolor": "#2a3f5f", "gridcolor": "white", "linecolor": "white", "minorgridcolor": "white", "startlinecolor": "#2a3f5f"}, "type": "carpet"}], "table": [{"cells": {"fill": {"color": "#EBF0F8"}, "line": {"color": "white"}}, "header": {"fill": {"color": "#C8D4E3"}, "line": {"color": "white"}}, "type": "table"}], "barpolar": [{"marker": {"line": {"color": "#E5ECF6", "width": 0.5}, "pattern": {"fillmode": "overlay", "size": 10, "solidity": 0.2}}, "type": "barpolar"}], "pie": [{"automargin": true, "type": "pie"}]}, "layout": {"autotypenumbers": "strict", "colorway": ["#636efa", "#EF553B", "#00cc96", "#ab63fa", "#FFA15A", "#19d3f3", "#FF6692", "#B6E880", "#FF97FF", "#FECB52"], "font": {"color": "#2a3f5f"}, "hovermode": "closest", "hoverlabel": {"align": "left"}, "paper_bgcolor": "white", "plot_bgcolor": "#E5ECF6", "polar": {"bgcolor": "#E5ECF6", "angularaxis": {"gridcolor": "white", "linecolor": "white", "ticks": ""}, "radialaxis": {"gridcolor": "white", "linecolor": "white", "ticks": ""}}, "ternary": {"bgcolor": "#E5ECF6", "aaxis": {"gridcolor": "white", "linecolor": "white", "ticks": ""}, "baxis": {"gridcolor": "white", "linecolor": "white", "ticks": ""}, "caxis": {"gridcolor": "white", "linecolor": "white", "ticks": ""}}, "coloraxis": {"colorbar": {"outlinewidth": 0, "ticks": ""}}, "colorscale": {"sequential": [[0.0, "#0d0887"], [0.1111111111111111, "#46039f"], [0.2222222222222222, "#7201a8"], [0.3333333333333333, "#9c179e"], [0.4444444444444444, "#bd3786"], [0.5555555555555556, "#d8576b"], [0.6666666666666666, "#ed7953"], [0.7777777777777778, "#fb9f3a"], [0.8888888888888888, "#fdca26"], [1.0, "#f0f921"]], "sequentialminus": [[0.0, "#0d0887"], [0.1111111111111111, "#46039f"], [0.2222222222222222, "#7201a8"], [0.3333333333333333, "#9c179e"], [0.4444444444444444, "#bd3786"], [0.5555555555555556, "#d8576b"], [0.6666666666666666, "#ed7953"], [0.7777777777777778, "#fb9f3a"], [0.8888888888888888, "#fdca26"], [1.0, "#f0f921"]], "diverging": [[0, "#8e0152"], [0.1, "#c51b7d"], [0.2, "#de77ae"], [0.3, "#f1b6da"], [0.4, "#fde0ef"], [0.5, "#f7f7f7"], [0.6, "#e6f5d0"], [0.7, "#b8e186"], [0.8, "#7fbc41"], [0.9, "#4d9221"], [1, "#276419"]]}, "xaxis": {"gridcolor": "white", "linecolor": "white", "ticks": "", "title": {"standoff": 15}, "zerolinecolor": "white", "automargin": true, "zerolinewidth": 2}, "yaxis": {"gridcolor": "white", "linecolor": "white", "ticks": "", "title": {"standoff": 15}, "zerolinecolor": "white", "automargin": true, "zerolinewidth": 2}, "scene": {"xaxis": {"backgroundcolor": "#E5ECF6", "gridcolor": "white", "linecolor": "white", "showbackground": true, "ticks": "", "zerolinecolor": "white", "gridwidth": 2}, "yaxis": {"backgroundcolor": "#E5ECF6", "gridcolor": "white", "linecolor": "white", "showbackground": true, "ticks": "", "zerolinecolor": "white", "gridwidth": 2}, "zaxis": {"backgroundcolor": "#E5ECF6", "gridcolor": "white", "linecolor": "white", "showbackground": true, "ticks": "", "zerolinecolor": "white", "gridwidth": 2}}, "shapedefaults": {"line": {"color": "#2a3f5f"}}, "annotationdefaults": {"arrowcolor": "#2a3f5f", "arrowhead": 0, "arrowwidth": 1}, "geo": {"bgcolor": "white", "landcolor": "#E5ECF6", "subunitcolor": "white", "showland": true, "showlakes": true, "lakecolor": "white"}, "title": {"x": 0.05}, "mapbox": {"style": "light"}}}}}