{"data": [{"z": [[20.316661834716797, 3.8359792232513428, 4.61923885345459, -1.24615478515625, -2.472754716873169, 6.314334869384766, -0.5004753470420837, 5.003063201904297, -2.3668954372406006, 0.013268780894577503, -5.309727191925049, -0.3388904631137848, 4.611318111419678, 3.1956706047058105, 3.26735520362854, -0.8157728910446167, 2.7565221786499023, 0.3040156364440918, -1.824984073638916, 4.0806427001953125, 6.637436866760254], [3.8359792232513428, 12.239925384521484, 1.1279457807540894, 0.00775227090343833, -1.9133448600769043, 4.194331645965576, 2.5033724308013916, 3.765230417251587, 4.018293380737305, 0.8113027215003967, -3.2877490520477295, -0.5194299221038818, 0.323032945394516, 5.57349157333374, -0.9867081046104431, 1.2968063354492188, -1.6332356929779053, -3.9457004070281982, -1.6869066953659058, 4.034835338592529, 9.423483848571777], [4.61923885345459, 1.1279457807540894, 36.110382080078125, 3.874741315841675, 3.6832077503204346, 3.9493417739868164, -2.423226833343506, -0.7314831018447876, 2.375438690185547, -5.655759334564209, -3.9512031078338623, 3.0079386234283447, -5.378267765045166, -1.116776466369629, 4.293863296508789, 3.4744186401367188, 10.868412971496582, -6.854467391967773, 1.8439416885375977, 1.7112836837768555, -3.324287176132202], [-1.24615478515625, 0.00775227090343833, 3.874741315841675, 26.46929931640625, -3.914827823638916, -0.9888103008270264, 4.691304683685303, 5.0729193687438965, -1.3381117582321167, -1.3297818899154663, 2.3484580516815186, -2.9635612964630127, 4.821663856506348, -4.664468765258789, -0.9460681676864624, 8.535927772521973, -1.4345791339874268, 1.9841976165771484, -4.063877105712891, -2.699693441390991, -10.543246269226074], [-2.472754716873169, -1.9133448600769043, 3.6832077503204346, -3.914827823638916, 39.301273345947266, -0.32858607172966003, 1.2206261157989502, -7.786187171936035, -0.671459436416626, 10.979350090026855, 3.087831735610962, -0.6180168390274048, 9.464434623718262, -0.5602772831916809, 2.9492549896240234, -15.207869529724121, -3.147777557373047, 6.1235761642456055, 0.4633316993713379, -11.01506519317627, 0.6592531800270081], [6.314334869384766, 4.194331645965576, 3.9493417739868164, -0.9888103008270264, -0.32858607172966003, 18.046037673950195, -2.046992540359497, 1.983436942100525, 5.242946624755859, 2.232022762298584, -8.700284004211426, -0.7768390774726868, 4.347512245178223, 2.5475094318389893, 2.52915620803833, 4.477951526641846, 1.0560460090637207, -4.61228609085083, -2.7104711532592773, -0.3896350860595703, 4.391524791717529], [-0.5004753470420837, 2.5033724308013916, -2.423226833343506, 4.691304683685303, 1.2206261157989502, -2.046992540359497, 29.8413143157959, 5.015499591827393, -2.9330601692199707, 0.9358721375465393, -2.8228659629821777, 2.4813764095306396, 3.5882418155670166, 1.5820266008377075, 3.420405626296997, -4.752596855163574, 0.745713472366333, -3.961780309677124, -4.518945217132568, -5.7837677001953125, 6.549374580383301], [5.003063201904297, 3.765230417251587, -0.7314831018447876, 5.0729193687438965, -7.786187171936035, 1.983436942100525, 5.015499591827393, 22.63720703125, -10.71906852722168, -2.594054937362671, 3.5324294567108154, 1.9906134605407715, 0.4027397632598877, 0.7419580221176147, -3.6200573444366455, 10.894646644592285, -1.0863702297210693, -2.4269886016845703, -0.09114575386047363, -1.3032748699188232, -1.1587718725204468], [-2.3668954372406006, 4.018293380737305, 2.375438690185547, -1.3381117582321167, -0.671459436416626, 5.242946624755859, -2.9330601692199707, -10.71906852722168, 43.65630340576172, -5.384434223175049, -0.002316015074029565, 3.0634734630584717, -5.507275104522705, 9.442660331726074, 7.970778942108154, -0.7654972076416016, -0.6390043497085571, -8.647972106933594, -7.982094764709473, 6.826174259185791, -2.195870876312256], [0.013268780894577503, 0.8113027215003967, -5.655759334564209, -1.3297818899154663, 10.979350090026855, 2.232022762298584, 0.9358721375465393, -2.594054937362671, -5.384434223175049, 23.166473388671875, 5.887648105621338, 2.3113303184509277, 2.1727607250213623, -1.792433500289917, 0.5193132162094116, -6.810080051422119, -5.025341033935547, 2.1144111156463623, -3.7809510231018066, -6.998234748840332, -1.1778171062469482], [-5.309727191925049, -3.2877490520477295, -3.9512031078338623, 2.3484580516815186, 3.087831735610962, -8.700284004211426, -2.8228659629821777, 3.5324294567108154, -0.002316015074029565, 5.887648105621338, 26.948781967163086, 7.164317607879639, 0.09795777499675751, -2.676994800567627, -4.40745210647583, 5.272387504577637, 0.7061150074005127, 7.491084098815918, -4.433739185333252, 0.4782447814941406, -7.159333229064941], [-0.3388904631137848, -0.5194299221038818, 3.0079386234283447, -2.9635612964630127, -0.6180168390274048, -0.7768390774726868, 2.4813764095306396, 1.9906134605407715, 3.0634734630584717, 2.3113303184509277, 7.164317607879639, 16.51297950744629, -0.5459815859794617, 0.6200687289237976, 3.2929799556732178, 1.4400975704193115, 1.8540520668029785, -5.5318922996521, -0.2606678009033203, 2.3928611278533936, -4.432616233825684], [4.611318111419678, 0.323032945394516, -5.378267765045166, 4.821663856506348, 9.464434623718262, 4.347512245178223, 3.5882418155670166, 0.4027397632598877, -5.507275104522705, 2.1727607250213623, 0.09795777499675751, -0.5459815859794617, 26.2930850982666, -0.492802232503891, -2.4425864219665527, -8.637953758239746, 0.9073300361633301, 4.4971160888671875, 5.49668025970459, -1.0270450115203857, 7.297359943389893], [3.1956706047058105, 5.57349157333374, -1.116776466369629, -4.664468765258789, -0.5602772831916809, 2.5475094318389893, 1.5820266008377075, 0.7419580221176147, 9.442660331726074, -1.792433500289917, -2.676994800567627, 0.6200687289237976, -0.492802232503891, 18.95625877380371, 4.069508075714111, 4.0611114501953125, 2.0873606204986572, -2.3608498573303223, -4.086868762969971, 7.2925286293029785, 8.064271926879883], [3.26735520362854, -0.9867081046104431, 4.293863296508789, -0.9460681676864624, 2.9492549896240234, 2.52915620803833, 3.420405626296997, -3.6200573444366455, 7.970778942108154, 0.5193132162094116, -4.40745210647583, 3.2929799556732178, -2.4425864219665527, 4.069508075714111, 18.093568801879883, -3.9979045391082764, 2.3999061584472656, 1.3713266849517822, -0.49942636489868164, 1.299154281616211, -6.901404857635498], [-0.8157728910446167, 1.2968063354492188, 3.4744186401367188, 8.535927772521973, -15.207869529724121, 4.477951526641846, -4.752596855163574, 10.894646644592285, -0.7654972076416016, -6.810080051422119, 5.272387504577637, 1.4400975704193115, -8.637953758239746, 4.0611114501953125, -3.9979045391082764, 32.50792694091797, 2.227482318878174, -3.7982800006866455, -6.022767066955566, -0.8078317642211914, -3.194584369659424], [2.7565221786499023, -1.6332354545593262, 10.868414878845215, -1.434578776359558, -3.147778272628784, 1.0560458898544312, 0.7457132935523987, -1.0863704681396484, -0.6390044093132019, -5.025341033935547, 0.7061150074005127, 1.8540525436401367, 0.9073299765586853, 2.087360382080078, 2.3999056816101074, 2.227482557296753, 23.24187469482422, 5.152933120727539, -1.5949311256408691, 3.3626718521118164, 5.522403240203857], [0.3040161430835724, -3.9457004070281982, -6.854466915130615, 1.984197735786438, 6.1235761642456055, -4.612285614013672, -3.9617795944213867, -2.426988363265991, -8.64797306060791, 2.114410638809204, 7.491084098815918, -5.5318922996521, 4.497116565704346, -2.360849618911743, 1.3713266849517822, -3.7982800006866455, 5.152933120727539, 24.573070526123047, 1.5672881603240967, -0.21263456344604492, -0.7879281044006348], [-1.8249843120574951, -1.6869066953659058, 1.8439414501190186, -4.063876152038574, 0.46333250403404236, -2.710470199584961, -4.518945693969727, -0.09114596992731094, -7.982094764709473, -3.7809510231018066, -4.43373966217041, -0.2606678009033203, 5.496681213378906, -4.0868682861328125, -0.4994255602359772, -6.022768497467041, -1.5949311256408691, 1.5672881603240967, 29.612178802490234, 4.520345211029053, -1.9722900390625], [4.080642223358154, 4.0348358154296875, 1.7112834453582764, -2.699693202972412, -11.015067100524902, -0.3896348476409912, -5.7837677001953125, -1.3032749891281128, 6.826174259185791, -6.998234748840332, 0.4782448410987854, 2.3928611278533936, -1.0270453691482544, 7.292529106140137, 1.2991548776626587, -0.8078311085700989, 3.3626718521118164, -0.21263456344604492, 4.520345211029053, 31.03131675720215, 6.417974948883057], [6.637436866760254, 9.423484802246094, -3.3242874145507812, -10.54324722290039, 0.6592528820037842, 4.391524791717529, 6.549373149871826, -1.1587715148925781, -2.195870876312256, -1.1778171062469482, -7.159332752227783, -4.432615756988525, 7.297360420227051, 8.064270973205566, -6.90140438079834, -3.194584369659424, 5.522402763366699, -0.7879279255867004, -1.972290277481079, 6.417974948883057, 29.782493591308594]], "type": "heatmap"}], "layout": {"template": {"data": {"histogram2dcontour": [{"type": "histogram2dcontour", "colorbar": {"outlinewidth": 0, "ticks": ""}, "colorscale": [[0.0, "#0d0887"], [0.1111111111111111, "#46039f"], [0.2222222222222222, "#7201a8"], [0.3333333333333333, "#9c179e"], [0.4444444444444444, "#bd3786"], [0.5555555555555556, "#d8576b"], [0.6666666666666666, "#ed7953"], [0.7777777777777778, "#fb9f3a"], [0.8888888888888888, "#fdca26"], [1.0, "#f0f921"]]}], "choropleth": [{"type": "choropleth", "colorbar": {"outlinewidth": 0, "ticks": ""}}], "histogram2d": [{"type": "histogram2d", "colorbar": {"outlinewidth": 0, "ticks": ""}, "colorscale": [[0.0, "#0d0887"], [0.1111111111111111, "#46039f"], [0.2222222222222222, "#7201a8"], [0.3333333333333333, "#9c179e"], [0.4444444444444444, "#bd3786"], [0.5555555555555556, "#d8576b"], [0.6666666666666666, "#ed7953"], [0.7777777777777778, "#fb9f3a"], [0.8888888888888888, "#fdca26"], [1.0, "#f0f921"]]}], "heatmap": [{"type": "heatmap", "colorbar": {"outlinewidth": 0, "ticks": ""}, "colorscale": [[0.0, "#0d0887"], [0.1111111111111111, "#46039f"], [0.2222222222222222, "#7201a8"], [0.3333333333333333, "#9c179e"], [0.4444444444444444, "#bd3786"], [0.5555555555555556, "#d8576b"], [0.6666666666666666, "#ed7953"], [0.7777777777777778, "#fb9f3a"], [0.8888888888888888, "#fdca26"], [1.0, "#f0f921"]]}], "heatmapgl": [{"type": "heatmapgl", "colorbar": {"outlinewidth": 0, "ticks": ""}, "colorscale": [[0.0, "#0d0887"], [0.1111111111111111, "#46039f"], [0.2222222222222222, "#7201a8"], [0.3333333333333333, "#9c179e"], [0.4444444444444444, "#bd3786"], [0.5555555555555556, "#d8576b"], [0.6666666666666666, "#ed7953"], [0.7777777777777778, "#fb9f3a"], [0.8888888888888888, "#fdca26"], [1.0, "#f0f921"]]}], "contourcarpet": [{"type": "contourcarpet", "colorbar": {"outlinewidth": 0, "ticks": ""}}], "contour": [{"type": "contour", "colorbar": {"outlinewidth": 0, "ticks": ""}, "colorscale": [[0.0, "#0d0887"], [0.1111111111111111, "#46039f"], [0.2222222222222222, "#7201a8"], [0.3333333333333333, "#9c179e"], [0.4444444444444444, "#bd3786"], [0.5555555555555556, "#d8576b"], [0.6666666666666666, "#ed7953"], [0.7777777777777778, "#fb9f3a"], [0.8888888888888888, "#fdca26"], [1.0, "#f0f921"]]}], "surface": [{"type": "surface", "colorbar": {"outlinewidth": 0, "ticks": ""}, "colorscale": [[0.0, "#0d0887"], [0.1111111111111111, "#46039f"], [0.2222222222222222, "#7201a8"], [0.3333333333333333, "#9c179e"], [0.4444444444444444, "#bd3786"], [0.5555555555555556, "#d8576b"], [0.6666666666666666, "#ed7953"], [0.7777777777777778, "#fb9f3a"], [0.8888888888888888, "#fdca26"], [1.0, "#f0f921"]]}], "mesh3d": [{"type": "mesh3d", "colorbar": {"outlinewidth": 0, "ticks": ""}}], "scatter": [{"fillpattern": {"fillmode": "overlay", "size": 10, "solidity": 0.2}, "type": "scatter"}], "parcoords": [{"type": "parcoords", "line": {"colorbar": {"outlinewidth": 0, "ticks": ""}}}], "scatterpolargl": [{"type": "scatterpolargl", "marker": {"colorbar": {"outlinewidth": 0, "ticks": ""}}}], "bar": [{"error_x": {"color": "#2a3f5f"}, "error_y": {"color": "#2a3f5f"}, "marker": {"line": {"color": "#E5ECF6", "width": 0.5}, "pattern": {"fillmode": "overlay", "size": 10, "solidity": 0.2}}, "type": "bar"}], "scattergeo": [{"type": "scattergeo", "marker": {"colorbar": {"outlinewidth": 0, "ticks": ""}}}], "scatterpolar": [{"type": "scatterpolar", "marker": {"colorbar": {"outlinewidth": 0, "ticks": ""}}}], "histogram": [{"marker": {"pattern": {"fillmode": "overlay", "size": 10, "solidity": 0.2}}, "type": "histogram"}], "scattergl": [{"type": "scattergl", "marker": {"colorbar": {"outlinewidth": 0, "ticks": ""}}}], "scatter3d": [{"type": "scatter3d", "line": {"colorbar": {"outlinewidth": 0, "ticks": ""}}, "marker": {"colorbar": {"outlinewidth": 0, "ticks": ""}}}], "scattermapbox": [{"type": "scattermapbox", "marker": {"colorbar": {"outlinewidth": 0, "ticks": ""}}}], "scatterternary": [{"type": "scatterternary", "marker": {"colorbar": {"outlinewidth": 0, "ticks": ""}}}], "scattercarpet": [{"type": "scattercarpet", "marker": {"colorbar": {"outlinewidth": 0, "ticks": ""}}}], "carpet": [{"aaxis": {"endlinecolor": "#2a3f5f", "gridcolor": "white", "linecolor": "white", "minorgridcolor": "white", "startlinecolor": "#2a3f5f"}, "baxis": {"endlinecolor": "#2a3f5f", "gridcolor": "white", "linecolor": "white", "minorgridcolor": "white", "startlinecolor": "#2a3f5f"}, "type": "carpet"}], "table": [{"cells": {"fill": {"color": "#EBF0F8"}, "line": {"color": "white"}}, "header": {"fill": {"color": "#C8D4E3"}, "line": {"color": "white"}}, "type": "table"}], "barpolar": [{"marker": {"line": {"color": "#E5ECF6", "width": 0.5}, "pattern": {"fillmode": "overlay", "size": 10, "solidity": 0.2}}, "type": "barpolar"}], "pie": [{"automargin": true, "type": "pie"}]}, "layout": {"autotypenumbers": "strict", "colorway": ["#636efa", "#EF553B", "#00cc96", "#ab63fa", "#FFA15A", "#19d3f3", "#FF6692", "#B6E880", "#FF97FF", "#FECB52"], "font": {"color": "#2a3f5f"}, "hovermode": "closest", "hoverlabel": {"align": "left"}, "paper_bgcolor": "white", "plot_bgcolor": "#E5ECF6", "polar": {"bgcolor": "#E5ECF6", "angularaxis": {"gridcolor": "white", "linecolor": "white", "ticks": ""}, "radialaxis": {"gridcolor": "white", "linecolor": "white", "ticks": ""}}, "ternary": {"bgcolor": "#E5ECF6", "aaxis": {"gridcolor": "white", "linecolor": "white", "ticks": ""}, "baxis": {"gridcolor": "white", "linecolor": "white", "ticks": ""}, "caxis": {"gridcolor": "white", "linecolor": "white", "ticks": ""}}, "coloraxis": {"colorbar": {"outlinewidth": 0, "ticks": ""}}, "colorscale": {"sequential": [[0.0, "#0d0887"], [0.1111111111111111, "#46039f"], [0.2222222222222222, "#7201a8"], [0.3333333333333333, "#9c179e"], [0.4444444444444444, "#bd3786"], [0.5555555555555556, "#d8576b"], [0.6666666666666666, "#ed7953"], [0.7777777777777778, "#fb9f3a"], [0.8888888888888888, "#fdca26"], [1.0, "#f0f921"]], "sequentialminus": [[0.0, "#0d0887"], [0.1111111111111111, "#46039f"], [0.2222222222222222, "#7201a8"], [0.3333333333333333, "#9c179e"], [0.4444444444444444, "#bd3786"], [0.5555555555555556, "#d8576b"], [0.6666666666666666, "#ed7953"], [0.7777777777777778, "#fb9f3a"], [0.8888888888888888, "#fdca26"], [1.0, "#f0f921"]], "diverging": [[0, "#8e0152"], [0.1, "#c51b7d"], [0.2, "#de77ae"], [0.3, "#f1b6da"], [0.4, "#fde0ef"], [0.5, "#f7f7f7"], [0.6, "#e6f5d0"], [0.7, "#b8e186"], [0.8, "#7fbc41"], [0.9, "#4d9221"], [1, "#276419"]]}, "xaxis": {"gridcolor": "white", "linecolor": "white", "ticks": "", "title": {"standoff": 15}, "zerolinecolor": "white", "automargin": true, "zerolinewidth": 2}, "yaxis": {"gridcolor": "white", "linecolor": "white", "ticks": "", "title": {"standoff": 15}, "zerolinecolor": "white", "automargin": true, "zerolinewidth": 2}, "scene": {"xaxis": {"backgroundcolor": "#E5ECF6", "gridcolor": "white", "linecolor": "white", "showbackground": true, "ticks": "", "zerolinecolor": "white", "gridwidth": 2}, "yaxis": {"backgroundcolor": "#E5ECF6", "gridcolor": "white", "linecolor": "white", "showbackground": true, "ticks": "", "zerolinecolor": "white", "gridwidth": 2}, "zaxis": {"backgroundcolor": "#E5ECF6", "gridcolor": "white", "linecolor": "white", "showbackground": true, "ticks": "", "zerolinecolor": "white", "gridwidth": 2}}, "shapedefaults": {"line": {"color": "#2a3f5f"}}, "annotationdefaults": {"arrowcolor": "#2a3f5f", "arrowhead": 0, "arrowwidth": 1}, "geo": {"bgcolor": "white", "landcolor": "#E5ECF6", "subunitcolor": "white", "showland": true, "showlakes": true, "lakecolor": "white"}, "title": {"x": 0.05}, "mapbox": {"style": "light"}}}}}