{"data": [{"z": [[19.535266876220703, 3.644962787628174, 4.904855251312256, -0.8125282526016235, -2.1705939769744873, 6.069507598876953, -0.3100874722003937, 4.805592060089111, -2.1487770080566406, 0.18954479694366455, -4.780905246734619, -0.2730112373828888, 4.464858055114746, 3.141103506088257, 3.3006205558776855, -0.5803466439247131, 2.742697238922119, 0.39361047744750977, -1.614058256149292, 3.8355350494384766, 6.407543659210205], [3.644962787628174, 11.98450756072998, 1.4464753866195679, 0.4626416862010956, -1.6988788843154907, 4.301489353179932, 2.5087289810180664, 3.765092372894287, 4.079960823059082, 1.0272064208984375, -2.8375742435455322, -0.3979058861732483, 0.4639011025428772, 5.363004684448242, -0.8115066289901733, 1.624847412109375, -1.3784414529800415, -3.722407817840576, -1.5739351511001587, 3.795187473297119, 9.13428783416748], [4.904855251312256, 1.4464753866195679, 34.734378814697266, 3.7449581623077393, 3.742171049118042, 4.07066011428833, -2.2663815021514893, -0.6389744877815247, 2.1458547115325928, -5.167506694793701, -3.889674425125122, 2.954988479614258, -4.8038859367370605, -1.0726085901260376, 4.24105978012085, 3.2558162212371826, 10.28711223602295, -6.485001564025879, 2.131819248199463, 1.737414836883545, -3.1259071826934814], [-0.8125282526016235, 0.4626416862010956, 3.7449581623077393, 25.44566535949707, -3.5984911918640137, -0.666868269443512, 4.725326061248779, 5.0784430503845215, -1.0643112659454346, -0.9623724222183228, 2.469090700149536, -2.6260907649993896, 4.815448760986328, -4.121872901916504, -0.6597961187362671, 8.164241790771484, -0.9315731525421143, 2.098140239715576, -3.7175097465515137, -2.2621400356292725, -10.208867073059082], [-2.1705939769744873, -1.6988788843154907, 3.742171049118042, -3.5984911918640137, 38.267974853515625, -0.15656118094921112, 1.0439103841781616, -7.488293647766113, -0.6088570356369019, 10.583091735839844, 2.8136982917785645, -0.6243605017662048, 9.288385391235352, -0.3309469521045685, 2.88258957862854, -14.576422691345215, -2.9935250282287598, 5.855559349060059, 0.3692042827606201, -10.43011474609375, 0.721542477607727], [6.069507598876953, 4.301489353179932, 4.07066011428833, -0.666868269443512, -0.15656118094921112, 17.234844207763672, -1.7440457344055176, 1.7646489143371582, 5.370160102844238, 2.272263765335083, -7.913727760314941, -0.5699792504310608, 4.231502532958984, 2.6028807163238525, 2.639918565750122, 4.31839656829834, 1.2749733924865723, -4.271432876586914, -2.3622970581054688, -0.056371450424194336, 4.278156757354736], [-0.3100874722003937, 2.5087289810180664, -2.2663815021514893, 4.725326061248779, 1.0439103841781616, -1.7440457344055176, 28.98571014404297, 5.108311653137207, -2.7879767417907715, 1.0555219650268555, -2.5404915809631348, 2.4577157497406006, 3.5879948139190674, 1.7810806035995483, 3.584559440612793, -4.344612121582031, 0.9415161609649658, -3.6163504123687744, -4.186635971069336, -5.371367931365967, 6.449043273925781], [4.805592060089111, 3.765092372894287, -0.6389744877815247, 5.0784430503845215, -7.488293647766113, 1.7646489143371582, 5.108311653137207, 21.660879135131836, -10.029218673706055, -2.376837968826294, 3.46274733543396, 1.985885739326477, 0.37648528814315796, 0.8909153938293457, -3.132416248321533, 10.458233833312988, -0.9826308488845825, -2.12738037109375, 0.15409570932388306, -0.8654341697692871, -1.1754257678985596], [-2.1487770080566406, 4.079960823059082, 2.1458547115325928, -1.0643112659454346, -0.6088570356369019, 5.370160102844238, -2.7879767417907715, -10.029218673706055, 42.1035270690918, -4.906757831573486, 0.11561686545610428, 3.016947031021118, -5.083037376403809, 8.975769996643066, 7.5767364501953125, -0.5125676393508911, -0.5099761486053467, -8.321805000305176, -7.863134860992432, 6.400427341461182, -2.149366855621338], [0.18954479694366455, 1.0272064208984375, -5.167506694793701, -0.9623724222183228, 10.583091735839844, 2.272263765335083, 1.0555219650268555, -2.376837968826294, -4.906757831573486, 22.645511627197266, 5.927881240844727, 2.425562858581543, 2.175140142440796, -1.3787686824798584, 0.5518512725830078, -6.266056060791016, -4.4800705909729, 2.1543099880218506, -3.4868526458740234, -6.3461785316467285, -1.0819629430770874], [-4.780905246734619, -2.8375742435455322, -3.889674425125122, 2.469090700149536, 2.8136982917785645, -7.913727760314941, -2.5404915809631348, 3.46274733543396, 0.11561686545610428, 5.927881240844727, 25.853967666625977, 6.996698379516602, 0.19385570287704468, -2.421644687652588, -4.160384178161621, 5.279092311859131, 0.907188892364502, 7.281188011169434, -4.381230354309082, 0.8996678590774536, -6.812970161437988], [-0.2730112373828888, -0.3979058861732483, 2.954988479614258, -2.6260907649993896, -0.6243605017662048, -0.5699792504310608, 2.4577157497406006, 1.985885739326477, 3.016947031021118, 2.425562858581543, 6.996698379516602, 16.146671295166016, -0.4830528199672699, 0.5867947936058044, 3.306107521057129, 1.6433271169662476, 1.9582737684249878, -5.161651611328125, -0.09357190132141113, 2.4156782627105713, -4.437481880187988], [4.464858055114746, 0.4639011025428772, -4.8038859367370605, 4.815448760986328, 9.288385391235352, 4.231502532958984, 3.5879948139190674, 0.37648528814315796, -5.083037376403809, 2.175140142440796, 0.19385570287704468, -0.4830528199672699, 25.3096866607666, -0.29329314827919006, -2.23976469039917, -8.170900344848633, 1.1327919960021973, 4.338345050811768, 5.3474907875061035, -0.8653937578201294, 7.214897155761719], [3.141103506088257, 5.363004684448242, -1.0726085901260376, -4.121872901916504, -0.3309469521045685, 2.6028807163238525, 1.7810806035995483, 0.8909153938293457, 8.975769996643066, -1.3787686824798584, -2.421644687652588, 0.5867947936058044, -0.29329314827919006, 18.067543029785156, 3.959428071975708, 3.9859282970428467, 1.9733474254608154, -2.1561331748962402, -3.8631110191345215, 6.862401962280273, 7.823166370391846], [3.3006205558776855, -0.8115066289901733, 4.24105978012085, -0.6597961187362671, 2.88258957862854, 2.639918565750122, 3.584559440612793, -3.132416248321533, 7.5767364501953125, 0.5518512725830078, -4.160384178161621, 3.306107521057129, -2.23976469039917, 3.959428071975708, 17.502450942993164, -3.4661874771118164, 2.5851330757141113, 1.3373444080352783, -0.409426212310791, 1.1021530628204346, -6.768387794494629], [-0.5803466439247131, 1.624847412109375, 3.2558162212371826, 8.164241790771484, -14.576422691345215, 4.31839656829834, -4.344612121582031, 10.458233833312988, -0.5125676393508911, -6.266056060791016, 5.279092311859131, 1.6433271169662476, -8.170900344848633, 3.9859282970428467, -3.4661874771118164, 31.24047088623047, 2.212799549102783, -3.543095350265503, -5.678215980529785, -0.4785388708114624, -3.125941276550293], [2.742696523666382, -1.3784416913986206, 10.28711223602295, -0.9315731525421143, -2.9935240745544434, 1.2749735116958618, 0.9415165185928345, -0.982630729675293, -0.5099761486053467, -4.480071544647217, 0.9071890711784363, 1.9582737684249878, 1.1327921152114868, 1.9733473062515259, 2.5851333141326904, 2.212799072265625, 22.40545654296875, 5.110635757446289, -1.3096894025802612, 3.326058864593506, 5.348114967346191], [0.39361047744750977, -3.722407817840576, -6.4850006103515625, 2.098140239715576, 5.855558395385742, -4.271433353424072, -3.616349935531616, -2.12738037109375, -8.321805000305176, 2.1543099880218506, 7.281188488006592, -5.161651134490967, 4.338345050811768, -2.1561336517333984, 1.3373439311981201, -3.543095588684082, 5.110635757446289, 23.711936950683594, 1.4225921630859375, -0.18837785720825195, -0.7003523707389832], [-1.6140578985214233, -1.5739351511001587, 2.1318187713623047, -3.7175097465515137, 0.36920425295829773, -2.3622968196868896, -4.186635971069336, 0.15409593284130096, -7.863133430480957, -3.4868521690368652, -4.38123083114624, -0.09357163310050964, 5.3474907875061035, -3.863110303878784, -0.4094270169734955, -5.678215980529785, -1.3096894025802612, 1.4225921630859375, 28.909500122070312, 4.349466323852539, -1.9575763940811157], [3.8355350494384766, 3.79518723487854, 1.7374147176742554, -2.2621402740478516, -10.43011474609375, -0.056372229009866714, -5.371367931365967, -0.8654336929321289, 6.40042781829834, -6.346177577972412, 0.8996677398681641, 2.415678024291992, -0.8653932809829712, 6.862402439117432, 1.1021531820297241, -0.4785393178462982, 3.326058864593506, -0.18837785720825195, 4.349466323852539, 29.627134323120117, 6.2450852394104], [6.407543659210205, 9.134286880493164, -3.1259071826934814, -10.208866119384766, 0.721542239189148, 4.278156757354736, 6.449042320251465, -1.1754255294799805, -2.149367094039917, -1.0819628238677979, -6.812970161437988, -4.437480926513672, 7.214897155761719, 7.823167324066162, -6.768387794494629, -3.125941276550293, 5.34811544418335, -0.700352668762207, -1.957576036453247, 6.245085716247559, 29.782493591308594]], "type": "heatmap"}], "layout": {"template": {"data": {"histogram2dcontour": [{"type": "histogram2dcontour", "colorbar": {"outlinewidth": 0, "ticks": ""}, "colorscale": [[0.0, "#0d0887"], [0.1111111111111111, "#46039f"], [0.2222222222222222, "#7201a8"], [0.3333333333333333, "#9c179e"], [0.4444444444444444, "#bd3786"], [0.5555555555555556, "#d8576b"], [0.6666666666666666, "#ed7953"], [0.7777777777777778, "#fb9f3a"], [0.8888888888888888, "#fdca26"], [1.0, "#f0f921"]]}], "choropleth": [{"type": "choropleth", "colorbar": {"outlinewidth": 0, "ticks": ""}}], "histogram2d": [{"type": "histogram2d", "colorbar": {"outlinewidth": 0, "ticks": ""}, "colorscale": [[0.0, "#0d0887"], [0.1111111111111111, "#46039f"], [0.2222222222222222, "#7201a8"], [0.3333333333333333, "#9c179e"], [0.4444444444444444, "#bd3786"], [0.5555555555555556, "#d8576b"], [0.6666666666666666, "#ed7953"], [0.7777777777777778, "#fb9f3a"], [0.8888888888888888, "#fdca26"], [1.0, "#f0f921"]]}], "heatmap": [{"type": "heatmap", "colorbar": {"outlinewidth": 0, "ticks": ""}, "colorscale": [[0.0, "#0d0887"], [0.1111111111111111, "#46039f"], [0.2222222222222222, "#7201a8"], [0.3333333333333333, "#9c179e"], [0.4444444444444444, "#bd3786"], [0.5555555555555556, "#d8576b"], [0.6666666666666666, "#ed7953"], [0.7777777777777778, "#fb9f3a"], [0.8888888888888888, "#fdca26"], [1.0, "#f0f921"]]}], "heatmapgl": [{"type": "heatmapgl", "colorbar": {"outlinewidth": 0, "ticks": ""}, "colorscale": [[0.0, "#0d0887"], [0.1111111111111111, "#46039f"], [0.2222222222222222, "#7201a8"], [0.3333333333333333, "#9c179e"], [0.4444444444444444, "#bd3786"], [0.5555555555555556, "#d8576b"], [0.6666666666666666, "#ed7953"], [0.7777777777777778, "#fb9f3a"], [0.8888888888888888, "#fdca26"], [1.0, "#f0f921"]]}], "contourcarpet": [{"type": "contourcarpet", "colorbar": {"outlinewidth": 0, "ticks": ""}}], "contour": [{"type": "contour", "colorbar": {"outlinewidth": 0, "ticks": ""}, "colorscale": [[0.0, "#0d0887"], [0.1111111111111111, "#46039f"], [0.2222222222222222, "#7201a8"], [0.3333333333333333, "#9c179e"], [0.4444444444444444, "#bd3786"], [0.5555555555555556, "#d8576b"], [0.6666666666666666, "#ed7953"], [0.7777777777777778, "#fb9f3a"], [0.8888888888888888, "#fdca26"], [1.0, "#f0f921"]]}], "surface": [{"type": "surface", "colorbar": {"outlinewidth": 0, "ticks": ""}, "colorscale": [[0.0, "#0d0887"], [0.1111111111111111, "#46039f"], [0.2222222222222222, "#7201a8"], [0.3333333333333333, "#9c179e"], [0.4444444444444444, "#bd3786"], [0.5555555555555556, "#d8576b"], [0.6666666666666666, "#ed7953"], [0.7777777777777778, "#fb9f3a"], [0.8888888888888888, "#fdca26"], [1.0, "#f0f921"]]}], "mesh3d": [{"type": "mesh3d", "colorbar": {"outlinewidth": 0, "ticks": ""}}], "scatter": [{"fillpattern": {"fillmode": "overlay", "size": 10, "solidity": 0.2}, "type": "scatter"}], "parcoords": [{"type": "parcoords", "line": {"colorbar": {"outlinewidth": 0, "ticks": ""}}}], "scatterpolargl": [{"type": "scatterpolargl", "marker": {"colorbar": {"outlinewidth": 0, "ticks": ""}}}], "bar": [{"error_x": {"color": "#2a3f5f"}, "error_y": {"color": "#2a3f5f"}, "marker": {"line": {"color": "#E5ECF6", "width": 0.5}, "pattern": {"fillmode": "overlay", "size": 10, "solidity": 0.2}}, "type": "bar"}], "scattergeo": [{"type": "scattergeo", "marker": {"colorbar": {"outlinewidth": 0, "ticks": ""}}}], "scatterpolar": [{"type": "scatterpolar", "marker": {"colorbar": {"outlinewidth": 0, "ticks": ""}}}], "histogram": [{"marker": {"pattern": {"fillmode": "overlay", "size": 10, "solidity": 0.2}}, "type": "histogram"}], "scattergl": [{"type": "scattergl", "marker": {"colorbar": {"outlinewidth": 0, "ticks": ""}}}], "scatter3d": [{"type": "scatter3d", "line": {"colorbar": {"outlinewidth": 0, "ticks": ""}}, "marker": {"colorbar": {"outlinewidth": 0, "ticks": ""}}}], "scattermapbox": [{"type": "scattermapbox", "marker": {"colorbar": {"outlinewidth": 0, "ticks": ""}}}], "scatterternary": [{"type": "scatterternary", "marker": {"colorbar": {"outlinewidth": 0, "ticks": ""}}}], "scattercarpet": [{"type": "scattercarpet", "marker": {"colorbar": {"outlinewidth": 0, "ticks": ""}}}], "carpet": [{"aaxis": {"endlinecolor": "#2a3f5f", "gridcolor": "white", "linecolor": "white", "minorgridcolor": "white", "startlinecolor": "#2a3f5f"}, "baxis": {"endlinecolor": "#2a3f5f", "gridcolor": "white", "linecolor": "white", "minorgridcolor": "white", "startlinecolor": "#2a3f5f"}, "type": "carpet"}], "table": [{"cells": {"fill": {"color": "#EBF0F8"}, "line": {"color": "white"}}, "header": {"fill": {"color": "#C8D4E3"}, "line": {"color": "white"}}, "type": "table"}], "barpolar": [{"marker": {"line": {"color": "#E5ECF6", "width": 0.5}, "pattern": {"fillmode": "overlay", "size": 10, "solidity": 0.2}}, "type": "barpolar"}], "pie": [{"automargin": true, "type": "pie"}]}, "layout": {"autotypenumbers": "strict", "colorway": ["#636efa", "#EF553B", "#00cc96", "#ab63fa", "#FFA15A", "#19d3f3", "#FF6692", "#B6E880", "#FF97FF", "#FECB52"], "font": {"color": "#2a3f5f"}, "hovermode": "closest", "hoverlabel": {"align": "left"}, "paper_bgcolor": "white", "plot_bgcolor": "#E5ECF6", "polar": {"bgcolor": "#E5ECF6", "angularaxis": {"gridcolor": "white", "linecolor": "white", "ticks": ""}, "radialaxis": {"gridcolor": "white", "linecolor": "white", "ticks": ""}}, "ternary": {"bgcolor": "#E5ECF6", "aaxis": {"gridcolor": "white", "linecolor": "white", "ticks": ""}, "baxis": {"gridcolor": "white", "linecolor": "white", "ticks": ""}, "caxis": {"gridcolor": "white", "linecolor": "white", "ticks": ""}}, "coloraxis": {"colorbar": {"outlinewidth": 0, "ticks": ""}}, "colorscale": {"sequential": [[0.0, "#0d0887"], [0.1111111111111111, "#46039f"], [0.2222222222222222, "#7201a8"], [0.3333333333333333, "#9c179e"], [0.4444444444444444, "#bd3786"], [0.5555555555555556, "#d8576b"], [0.6666666666666666, "#ed7953"], [0.7777777777777778, "#fb9f3a"], [0.8888888888888888, "#fdca26"], [1.0, "#f0f921"]], "sequentialminus": [[0.0, "#0d0887"], [0.1111111111111111, "#46039f"], [0.2222222222222222, "#7201a8"], [0.3333333333333333, "#9c179e"], [0.4444444444444444, "#bd3786"], [0.5555555555555556, "#d8576b"], [0.6666666666666666, "#ed7953"], [0.7777777777777778, "#fb9f3a"], [0.8888888888888888, "#fdca26"], [1.0, "#f0f921"]], "diverging": [[0, "#8e0152"], [0.1, "#c51b7d"], [0.2, "#de77ae"], [0.3, "#f1b6da"], [0.4, "#fde0ef"], [0.5, "#f7f7f7"], [0.6, "#e6f5d0"], [0.7, "#b8e186"], [0.8, "#7fbc41"], [0.9, "#4d9221"], [1, "#276419"]]}, "xaxis": {"gridcolor": "white", "linecolor": "white", "ticks": "", "title": {"standoff": 15}, "zerolinecolor": "white", "automargin": true, "zerolinewidth": 2}, "yaxis": {"gridcolor": "white", "linecolor": "white", "ticks": "", "title": {"standoff": 15}, "zerolinecolor": "white", "automargin": true, "zerolinewidth": 2}, "scene": {"xaxis": {"backgroundcolor": "#E5ECF6", "gridcolor": "white", "linecolor": "white", "showbackground": true, "ticks": "", "zerolinecolor": "white", "gridwidth": 2}, "yaxis": {"backgroundcolor": "#E5ECF6", "gridcolor": "white", "linecolor": "white", "showbackground": true, "ticks": "", "zerolinecolor": "white", "gridwidth": 2}, "zaxis": {"backgroundcolor": "#E5ECF6", "gridcolor": "white", "linecolor": "white", "showbackground": true, "ticks": "", "zerolinecolor": "white", "gridwidth": 2}}, "shapedefaults": {"line": {"color": "#2a3f5f"}}, "annotationdefaults": {"arrowcolor": "#2a3f5f", "arrowhead": 0, "arrowwidth": 1}, "geo": {"bgcolor": "white", "landcolor": "#E5ECF6", "subunitcolor": "white", "showland": true, "showlakes": true, "lakecolor": "white"}, "title": {"x": 0.05}, "mapbox": {"style": "light"}}}}}