{"data": [{"z": [[19.736370086669922, 3.659473419189453, 4.827376842498779, -1.0035209655761719, -2.2320210933685303, 6.102841377258301, -0.46312740445137024, 4.835226535797119, -2.1893832683563232, 0.10646943002939224, -4.921669006347656, -0.3356700539588928, 4.455811023712158, 3.1216444969177246, 3.2794487476348877, -0.7288342118263245, 2.711918830871582, 0.3788161277770996, -1.6747334003448486, 3.8852882385253906, 6.442413330078125], [3.659473419189453, 12.045882225036621, 1.3247178792953491, 0.3028416931629181, -1.7444931268692017, 4.237670421600342, 2.4325060844421387, 3.735398292541504, 4.0159687995910645, 0.929623007774353, -3.01100492477417, -0.5150262713432312, 0.3793283998966217, 5.393703460693359, -0.9014562964439392, 1.5574510097503662, -1.4865453243255615, -3.7902088165283203, -1.641225814819336, 3.8431615829467773, 9.22502326965332], [4.827376842498779, 1.3247178792953491, 34.97930145263672, 3.7401275634765625, 3.724334478378296, 3.980599880218506, -2.306069850921631, -0.6505200862884521, 2.185326337814331, -5.359729766845703, -3.961338520050049, 2.938594102859497, -4.936399936676025, -1.1313360929489136, 4.232407569885254, 3.2706034183502197, 10.419523239135742, -6.564929962158203, 2.0644021034240723, 1.7271618843078613, -3.1618127822875977], [-1.0035209655761719, 0.3028416931629181, 3.7401275634765625, 25.60955810546875, -3.634666681289673, -0.8471093773841858, 4.670759201049805, 5.014775276184082, -1.2018693685531616, -1.173720121383667, 2.3374876976013184, -2.7477595806121826, 4.780611991882324, -4.324467658996582, -0.757692813873291, 8.201767921447754, -1.1237618923187256, 2.031869411468506, -3.8626723289489746, -2.4623610973358154, -10.303589820861816], [-2.2320210933685303, -1.7444931268692017, 3.724334478378296, -3.634666681289673, 38.50664520263672, -0.157853364944458, 1.074130892753601, -7.534753799438477, -0.6342944502830505, 10.667454719543457, 2.889202356338501, -0.6037831902503967, 9.380599975585938, -0.39708563685417175, 2.891892910003662, -14.723669052124023, -2.979275703430176, 5.934117317199707, 0.4168713092803955, -10.570405960083008, 0.713350236415863], [6.102841377258301, 4.237670421600342, 3.980599880218506, -0.8471093773841858, -0.157853364944458, 17.29274559020996, -1.8744759559631348, 1.741396188735962, 5.304205417633057, 2.1936941146850586, -8.149371147155762, -0.6549034714698792, 4.236495018005371, 2.515552520751953, 2.601530075073242, 4.21318244934082, 1.160130262374878, -4.338537216186523, -2.4583706855773926, -0.16887307167053223, 4.300481796264648], [-0.46312740445137024, 2.4325060844421387, -2.306069850921631, 4.670759201049805, 1.074130892753601, -1.8744759559631348, 29.158933639526367, 5.070827007293701, -2.8143694400787354, 0.908764123916626, -2.653411388397217, 2.449819564819336, 3.5364887714385986, 1.6909900903701782, 3.531245470046997, -4.485131740570068, 0.8695354461669922, -3.7423017024993896, -4.291980266571045, -5.574647903442383, 6.439511299133301], [4.835226535797119, 3.735398292541504, -0.6505200862884521, 5.014775276184082, -7.534753799438477, 1.741396188735962, 5.070827007293701, 21.90631103515625, -10.222416877746582, -2.4224321842193604, 3.4515817165374756, 1.970324158668518, 0.3277662396430969, 0.7869142889976501, -3.2734644412994385, 10.518375396728516, -1.0024546384811401, -2.2067887783050537, 0.07437337934970856, -0.9954123497009277, -1.1929993629455566], [-2.1893832683563232, 4.0159687995910645, 2.185326337814331, -1.2018693685531616, -0.6342944502830505, 5.304205417633057, -2.8143694400787354, -10.222416877746582, 42.526161193847656, -5.0098981857299805, 0.09087400883436203, 3.057246685028076, -5.220618724822998, 9.067503929138184, 7.668178558349609, -0.6365897059440613, -0.5649068355560303, -8.42792797088623, -7.924859523773193, 6.447673797607422, -2.169593095779419], [0.10646943002939224, 0.929623007774353, -5.359729766845703, -1.173720121383667, 10.667454719543457, 2.1936941146850586, 0.908764123916626, -2.4224321842193604, -5.0098981857299805, 22.678754806518555, 5.8604736328125, 2.3756303787231445, 2.112715721130371, -1.529903769493103, 0.5255759358406067, -6.46518611907959, -4.618837833404541, 2.1241507530212402, -3.5894546508789062, -6.5028886795043945, -1.1128884553909302], [-4.921669006347656, -3.01100492477417, -3.961338520050049, 2.3374876976013184, 2.889202356338501, -8.149371147155762, -2.653411388397217, 3.4515817165374756, 0.09087400883436203, 5.8604736328125, 26.04115104675293, 6.988960266113281, 0.13294874131679535, -2.526468276977539, -4.265869140625, 5.21650505065918, 0.8294999599456787, 7.339465618133545, -4.43057107925415, 0.78244948387146, -6.881283760070801], [-0.3356700539588928, -0.5150262713432312, 2.938594102859497, -2.7477595806121826, -0.6037831902503967, -0.6549034714698792, 2.449819564819336, 1.970324158668518, 3.057246685028076, 2.3756303787231445, 6.988960266113281, 16.244924545288086, -0.5360284447669983, 0.5375210046768188, 3.2858357429504395, 1.5564864873886108, 1.9198428392410278, -5.2598876953125, -0.14447402954101562, 2.348245859146118, -4.453982830047607], [4.455811023712158, 0.3793283998966217, -4.936399936676025, 4.780611991882324, 9.380599975585938, 4.236495018005371, 3.5364887714385986, 0.3277662396430969, -5.220618724822998, 2.112715721130371, 0.13294874131679535, -0.5360284447669983, 25.584875106811523, -0.3990710377693176, -2.3260786533355713, -8.348355293273926, 1.0665020942687988, 4.375805377960205, 5.4008307456970215, -0.9444226026535034, 7.223188400268555], [3.1216444969177246, 5.393703460693359, -1.1313360929489136, -4.324467658996582, -0.39708563685417175, 2.515552520751953, 1.6909900903701782, 0.7869142889976501, 9.067503929138184, -1.529903769493103, -2.526468276977539, 0.5375210046768188, -0.3990710377693176, 18.186872482299805, 3.918818235397339, 3.9903371334075928, 1.935922384262085, -2.1987791061401367, -3.934912919998169, 6.953336715698242, 7.858541965484619], [3.2794487476348877, -0.9014562964439392, 4.232407569885254, -0.757692813873291, 2.891892910003662, 2.601530075073242, 3.531245470046997, -3.2734644412994385, 7.668178558349609, 0.5255759358406067, -4.265869140625, 3.2858357429504395, -2.3260786533355713, 3.918818235397339, 17.61587142944336, -3.63203763961792, 2.484529495239258, 1.3112945556640625, -0.48996710777282715, 1.1064949035644531, -6.810397624969482], [-0.7288342118263245, 1.5574510097503662, 3.2706034183502197, 8.201767921447754, -14.723669052124023, 4.21318244934082, -4.485131740570068, 10.518375396728516, -0.6365897059440613, -6.46518611907959, 5.21650505065918, 1.5564864873886108, -8.348355293273926, 3.9903371334075928, -3.63203763961792, 31.51556968688965, 2.196746587753296, -3.5910301208496094, -5.792322158813477, -0.5379184484481812, -3.131831169128418], [2.711918354034424, -1.486545443534851, 10.419522285461426, -1.1237620115280151, -2.9792754650115967, 1.1601303815841675, 0.8695356845855713, -1.0024547576904297, -0.5649068355560303, -4.618837833404541, 0.8294998407363892, 1.9198431968688965, 1.0665018558502197, 1.935922384262085, 2.4845292568206787, 2.196747064590454, 22.57082748413086, 5.134766101837158, -1.4199700355529785, 3.3072402477264404, 5.393052577972412], [0.3788161277770996, -3.7902092933654785, -6.564929485321045, 2.0318691730499268, 5.934118270874023, -4.33853816986084, -3.7423014640808105, -2.206789016723633, -8.42792797088623, 2.1241507530212402, 7.339466571807861, -5.259888172149658, 4.375805854797363, -2.1987791061401367, 1.3112951517105103, -3.5910298824310303, 5.134766101837158, 23.95975112915039, 1.471742868423462, -0.16585779190063477, -0.7243540287017822], [-1.6747336387634277, -1.6412256956100464, 2.064401865005493, -3.8626725673675537, 0.4168713688850403, -2.4583702087402344, -4.291980266571045, 0.0743735209107399, -7.924859046936035, -3.589454412460327, -4.43057107925415, -0.14447365701198578, 5.4008307456970215, -3.93491268157959, -0.48996686935424805, -5.792321681976318, -1.4199700355529785, 1.471742868423462, 29.055814743041992, 4.36170768737793, -1.9635224342346191], [3.8852884769439697, 3.8431618213653564, 1.7271630764007568, -2.4623610973358154, -10.570405960083008, -0.16887332499027252, -5.574648380279541, -0.9954125881195068, 6.4476728439331055, -6.502887725830078, 0.7824499011039734, 2.348245859146118, -0.9444220066070557, 6.9533371925354, 1.1064945459365845, -0.537918210029602, 3.3072402477264404, -0.16585779190063477, 4.36170768737793, 29.97805404663086, 6.29304313659668], [6.442414283752441, 9.22502326965332, -3.1618130207061768, -10.303590774536133, 0.7133498191833496, 4.300481796264648, 6.439510822296143, -1.1929991245269775, -2.16959285736084, -1.1128885746002197, -6.881283760070801, -4.453982353210449, 7.223188400268555, 7.858541965484619, -6.810397624969482, -3.1318306922912598, 5.393052101135254, -0.7243537902832031, -1.96352219581604, 6.2930426597595215, 29.782493591308594]], "type": "heatmap"}], "layout": {"template": {"data": {"histogram2dcontour": [{"type": "histogram2dcontour", "colorbar": {"outlinewidth": 0, "ticks": ""}, "colorscale": [[0.0, "#0d0887"], [0.1111111111111111, "#46039f"], [0.2222222222222222, "#7201a8"], [0.3333333333333333, "#9c179e"], [0.4444444444444444, "#bd3786"], [0.5555555555555556, "#d8576b"], [0.6666666666666666, "#ed7953"], [0.7777777777777778, "#fb9f3a"], [0.8888888888888888, "#fdca26"], [1.0, "#f0f921"]]}], "choropleth": [{"type": "choropleth", "colorbar": {"outlinewidth": 0, "ticks": ""}}], "histogram2d": [{"type": "histogram2d", "colorbar": {"outlinewidth": 0, "ticks": ""}, "colorscale": [[0.0, "#0d0887"], [0.1111111111111111, "#46039f"], [0.2222222222222222, "#7201a8"], [0.3333333333333333, "#9c179e"], [0.4444444444444444, "#bd3786"], [0.5555555555555556, "#d8576b"], [0.6666666666666666, "#ed7953"], [0.7777777777777778, "#fb9f3a"], [0.8888888888888888, "#fdca26"], [1.0, "#f0f921"]]}], "heatmap": [{"type": "heatmap", "colorbar": {"outlinewidth": 0, "ticks": ""}, "colorscale": [[0.0, "#0d0887"], [0.1111111111111111, "#46039f"], [0.2222222222222222, "#7201a8"], [0.3333333333333333, "#9c179e"], [0.4444444444444444, "#bd3786"], [0.5555555555555556, "#d8576b"], [0.6666666666666666, "#ed7953"], [0.7777777777777778, "#fb9f3a"], [0.8888888888888888, "#fdca26"], [1.0, "#f0f921"]]}], "heatmapgl": [{"type": "heatmapgl", "colorbar": {"outlinewidth": 0, "ticks": ""}, "colorscale": [[0.0, "#0d0887"], [0.1111111111111111, "#46039f"], [0.2222222222222222, "#7201a8"], [0.3333333333333333, "#9c179e"], [0.4444444444444444, "#bd3786"], [0.5555555555555556, "#d8576b"], [0.6666666666666666, "#ed7953"], [0.7777777777777778, "#fb9f3a"], [0.8888888888888888, "#fdca26"], [1.0, "#f0f921"]]}], "contourcarpet": [{"type": "contourcarpet", "colorbar": {"outlinewidth": 0, "ticks": ""}}], "contour": [{"type": "contour", "colorbar": {"outlinewidth": 0, "ticks": ""}, "colorscale": [[0.0, "#0d0887"], [0.1111111111111111, "#46039f"], [0.2222222222222222, "#7201a8"], [0.3333333333333333, "#9c179e"], [0.4444444444444444, "#bd3786"], [0.5555555555555556, "#d8576b"], [0.6666666666666666, "#ed7953"], [0.7777777777777778, "#fb9f3a"], [0.8888888888888888, "#fdca26"], [1.0, "#f0f921"]]}], "surface": [{"type": "surface", "colorbar": {"outlinewidth": 0, "ticks": ""}, "colorscale": [[0.0, "#0d0887"], [0.1111111111111111, "#46039f"], [0.2222222222222222, "#7201a8"], [0.3333333333333333, "#9c179e"], [0.4444444444444444, "#bd3786"], [0.5555555555555556, "#d8576b"], [0.6666666666666666, "#ed7953"], [0.7777777777777778, "#fb9f3a"], [0.8888888888888888, "#fdca26"], [1.0, "#f0f921"]]}], "mesh3d": [{"type": "mesh3d", "colorbar": {"outlinewidth": 0, "ticks": ""}}], "scatter": [{"fillpattern": {"fillmode": "overlay", "size": 10, "solidity": 0.2}, "type": "scatter"}], "parcoords": [{"type": "parcoords", "line": {"colorbar": {"outlinewidth": 0, "ticks": ""}}}], "scatterpolargl": [{"type": "scatterpolargl", "marker": {"colorbar": {"outlinewidth": 0, "ticks": ""}}}], "bar": [{"error_x": {"color": "#2a3f5f"}, "error_y": {"color": "#2a3f5f"}, "marker": {"line": {"color": "#E5ECF6", "width": 0.5}, "pattern": {"fillmode": "overlay", "size": 10, "solidity": 0.2}}, "type": "bar"}], "scattergeo": [{"type": "scattergeo", "marker": {"colorbar": {"outlinewidth": 0, "ticks": ""}}}], "scatterpolar": [{"type": "scatterpolar", "marker": {"colorbar": {"outlinewidth": 0, "ticks": ""}}}], "histogram": [{"marker": {"pattern": {"fillmode": "overlay", "size": 10, "solidity": 0.2}}, "type": "histogram"}], "scattergl": [{"type": "scattergl", "marker": {"colorbar": {"outlinewidth": 0, "ticks": ""}}}], "scatter3d": [{"type": "scatter3d", "line": {"colorbar": {"outlinewidth": 0, "ticks": ""}}, "marker": {"colorbar": {"outlinewidth": 0, "ticks": ""}}}], "scattermapbox": [{"type": "scattermapbox", "marker": {"colorbar": {"outlinewidth": 0, "ticks": ""}}}], "scatterternary": [{"type": "scatterternary", "marker": {"colorbar": {"outlinewidth": 0, "ticks": ""}}}], "scattercarpet": [{"type": "scattercarpet", "marker": {"colorbar": {"outlinewidth": 0, "ticks": ""}}}], "carpet": [{"aaxis": {"endlinecolor": "#2a3f5f", "gridcolor": "white", "linecolor": "white", "minorgridcolor": "white", "startlinecolor": "#2a3f5f"}, "baxis": {"endlinecolor": "#2a3f5f", "gridcolor": "white", "linecolor": "white", "minorgridcolor": "white", "startlinecolor": "#2a3f5f"}, "type": "carpet"}], "table": [{"cells": {"fill": {"color": "#EBF0F8"}, "line": {"color": "white"}}, "header": {"fill": {"color": "#C8D4E3"}, "line": {"color": "white"}}, "type": "table"}], "barpolar": [{"marker": {"line": {"color": "#E5ECF6", "width": 0.5}, "pattern": {"fillmode": "overlay", "size": 10, "solidity": 0.2}}, "type": "barpolar"}], "pie": [{"automargin": true, "type": "pie"}]}, "layout": {"autotypenumbers": "strict", "colorway": ["#636efa", "#EF553B", "#00cc96", "#ab63fa", "#FFA15A", "#19d3f3", "#FF6692", "#B6E880", "#FF97FF", "#FECB52"], "font": {"color": "#2a3f5f"}, "hovermode": "closest", "hoverlabel": {"align": "left"}, "paper_bgcolor": "white", "plot_bgcolor": "#E5ECF6", "polar": {"bgcolor": "#E5ECF6", "angularaxis": {"gridcolor": "white", "linecolor": "white", "ticks": ""}, "radialaxis": {"gridcolor": "white", "linecolor": "white", "ticks": ""}}, "ternary": {"bgcolor": "#E5ECF6", "aaxis": {"gridcolor": "white", "linecolor": "white", "ticks": ""}, "baxis": {"gridcolor": "white", "linecolor": "white", "ticks": ""}, "caxis": {"gridcolor": "white", "linecolor": "white", "ticks": ""}}, "coloraxis": {"colorbar": {"outlinewidth": 0, "ticks": ""}}, "colorscale": {"sequential": [[0.0, "#0d0887"], [0.1111111111111111, "#46039f"], [0.2222222222222222, "#7201a8"], [0.3333333333333333, "#9c179e"], [0.4444444444444444, "#bd3786"], [0.5555555555555556, "#d8576b"], [0.6666666666666666, "#ed7953"], [0.7777777777777778, "#fb9f3a"], [0.8888888888888888, "#fdca26"], [1.0, "#f0f921"]], "sequentialminus": [[0.0, "#0d0887"], [0.1111111111111111, "#46039f"], [0.2222222222222222, "#7201a8"], [0.3333333333333333, "#9c179e"], [0.4444444444444444, "#bd3786"], [0.5555555555555556, "#d8576b"], [0.6666666666666666, "#ed7953"], [0.7777777777777778, "#fb9f3a"], [0.8888888888888888, "#fdca26"], [1.0, "#f0f921"]], "diverging": [[0, "#8e0152"], [0.1, "#c51b7d"], [0.2, "#de77ae"], [0.3, "#f1b6da"], [0.4, "#fde0ef"], [0.5, "#f7f7f7"], [0.6, "#e6f5d0"], [0.7, "#b8e186"], [0.8, "#7fbc41"], [0.9, "#4d9221"], [1, "#276419"]]}, "xaxis": {"gridcolor": "white", "linecolor": "white", "ticks": "", "title": {"standoff": 15}, "zerolinecolor": "white", "automargin": true, "zerolinewidth": 2}, "yaxis": {"gridcolor": "white", "linecolor": "white", "ticks": "", "title": {"standoff": 15}, "zerolinecolor": "white", "automargin": true, "zerolinewidth": 2}, "scene": {"xaxis": {"backgroundcolor": "#E5ECF6", "gridcolor": "white", "linecolor": "white", "showbackground": true, "ticks": "", "zerolinecolor": "white", "gridwidth": 2}, "yaxis": {"backgroundcolor": "#E5ECF6", "gridcolor": "white", "linecolor": "white", "showbackground": true, "ticks": "", "zerolinecolor": "white", "gridwidth": 2}, "zaxis": {"backgroundcolor": "#E5ECF6", "gridcolor": "white", "linecolor": "white", "showbackground": true, "ticks": "", "zerolinecolor": "white", "gridwidth": 2}}, "shapedefaults": {"line": {"color": "#2a3f5f"}}, "annotationdefaults": {"arrowcolor": "#2a3f5f", "arrowhead": 0, "arrowwidth": 1}, "geo": {"bgcolor": "white", "landcolor": "#E5ECF6", "subunitcolor": "white", "showland": true, "showlakes": true, "lakecolor": "white"}, "title": {"x": 0.05}, "mapbox": {"style": "light"}}}}}