{"data": [{"z": [[19.061647415161133, 3.734658718109131, 5.173128128051758, -0.2406204640865326, -2.0195229053497314, 6.13065242767334, -0.09671275317668915, 5.003305912017822, -1.9766876697540283, 0.45196837186813354, -4.297544956207275, -0.0712919607758522, 4.486993312835693, 3.324310302734375, 3.4037656784057617, -0.002149084582924843, 2.8807199001312256, 0.47824788093566895, -1.3880352973937988, 3.733591079711914, 6.2444047927856445], [3.734658718109131, 11.981857299804688, 1.755038857460022, 0.7607959508895874, -1.5434720516204834, 4.45149040222168, 2.587817907333374, 3.9171202182769775, 4.2026686668396, 1.3285927772521973, -2.4024813175201416, -0.1618628054857254, 0.5861688256263733, 5.397791385650635, -0.538669228553772, 2.0273211002349854, -1.102464199066162, -3.4501333236694336, -1.4133633375167847, 3.74088716506958, 8.9719877243042], [5.173128128051758, 1.755038857460022, 33.728824615478516, 3.8083291053771973, 3.644573926925659, 4.032802104949951, -2.1310160160064697, -0.4401335120201111, 1.9619529247283936, -4.881003379821777, -3.7917637825012207, 2.8878536224365234, -4.319770812988281, -0.9437668919563293, 4.282040119171143, 3.270897626876831, 10.076011657714844, -5.957187175750732, 2.4439620971679688, 1.9984817504882812, -2.9659271240234375], [-0.2406204640865326, 0.7607959508895874, 3.8083291053771973, 24.627012252807617, -3.3683784008026123, -0.4243101179599762, 4.732219219207764, 5.054980278015137, -0.7254073023796082, -0.6543824672698975, 2.6540820598602295, -2.2843830585479736, 4.823808670043945, -3.690457582473755, -0.457381010055542, 7.903687953948975, -0.5562198758125305, 2.220980644226074, -3.4365875720977783, -1.9067835807800293, -9.96557903289795], [-2.0195229053497314, -1.5434720516204834, 3.644573926925659, -3.3683784008026123, 37.575286865234375, -0.05258723348379135, 1.030838131904602, -7.196622371673584, -0.6800477504730225, 10.407456398010254, 2.73808217048645, -0.5644317865371704, 9.14556884765625, -0.14892807602882385, 2.8166537284851074, -14.108001708984375, -2.862250328063965, 5.7168989181518555, 0.3576498031616211, -10.010353088378906, 0.8025137186050415], [6.13065242767334, 4.45149040222168, 4.032802104949951, -0.4243101179599762, -0.05258723348379135, 16.709196090698242, -1.4845305681228638, 1.7494388818740845, 5.513875961303711, 2.4444420337677, -7.284071445465088, -0.25026336312294006, 4.258588790893555, 2.839822769165039, 2.8415822982788086, 4.2246222496032715, 1.2532281875610352, -3.8967127799987793, -2.014817714691162, 0.3466041088104248, 4.268311023712158], [-0.09671275317668915, 2.587817907333374, -2.1310160160064697, 4.732219219207764, 1.030838131904602, -1.4845305681228638, 28.364246368408203, 5.203858375549316, -2.625607490539551, 1.20201575756073, -2.2335054874420166, 2.541088819503784, 3.5732781887054443, 1.9795068502426147, 3.715108871459961, -4.011762619018555, 1.0998785495758057, -3.312490463256836, -3.894929885864258, -5.044695854187012, 6.375488758087158], [5.003305912017822, 3.9171202182769775, -0.4401335120201111, 5.054980278015137, -7.196622371673584, 1.7494388818740845, 5.203858375549316, 21.140321731567383, -9.380372047424316, -1.9648947715759277, 3.467893123626709, 2.1447479724884033, 0.5279152989387512, 1.130420446395874, -2.634674072265625, 10.275068283081055, -0.7599272727966309, -1.8107693195343018, 0.3760449290275574, -0.44206762313842773, -1.1594502925872803], [-1.9766876697540283, 4.2026686668396, 1.9619529247283936, -0.7254073023796082, -0.6800477504730225, 5.513875961303711, -2.625607490539551, -9.380372047424316, 41.07654571533203, -4.549856662750244, 0.1428472250699997, 3.0450961589813232, -4.782801628112793, 8.685102462768555, 7.441799163818359, -0.2123657763004303, -0.3592233657836914, -8.103466033935547, -7.763540267944336, 6.153292655944824, -2.148080348968506], [0.45196837186813354, 1.3285927772521973, -4.881003379821777, -0.6543824672698975, 10.407456398010254, 2.4444420337677, 1.20201575756073, -1.9648947715759277, -4.549856662750244, 22.34885597229004, 6.037384986877441, 2.534588575363159, 2.3826255798339844, -1.0203200578689575, 0.6265259981155396, -5.671815872192383, -3.9532976150512695, 2.352504253387451, -3.184206962585449, -6.02471923828125, -0.9736160039901733], [-4.297544956207275, -2.4024813175201416, -3.7917637825012207, 2.6540820598602295, 2.73808217048645, -7.284071445465088, -2.2335054874420166, 3.467893123626709, 0.1428472250699997, 6.037384986877441, 24.992765426635742, 6.769006252288818, 0.47546258568763733, -2.29215407371521, -3.842233419418335, 5.353024482727051, 1.1236388683319092, 7.28987979888916, -4.280921459197998, 1.0897138118743896, -6.583129405975342], [-0.0712919607758522, -0.1618628054857254, 2.8878536224365234, -2.2843830585479736, -0.5644317865371704, -0.25026336312294006, 2.541088819503784, 2.1447479724884033, 3.0450961589813232, 2.534588575363159, 6.769006252288818, 15.886900901794434, -0.3131042718887329, 0.6001120805740356, 3.3843202590942383, 1.892252802848816, 2.1921305656433105, -4.823824405670166, 0.11480951309204102, 2.3993849754333496, -4.387423515319824], [4.486993312835693, 0.5861688256263733, -4.319770812988281, 4.823808670043945, 9.14556884765625, 4.258588790893555, 3.5732781887054443, 0.5279152989387512, -4.782801628112793, 2.3826255798339844, 0.47546258568763733, -0.3131042718887329, 24.565858840942383, -0.02246367745101452, -2.0125372409820557, -7.738371849060059, 1.2758069038391113, 4.313491344451904, 5.201076030731201, -0.6783261299133301, 7.112791538238525], [3.324310302734375, 5.397791385650635, -0.9437668919563293, -3.690457582473755, -0.14892807602882385, 2.839822769165039, 1.9795068502426147, 1.130420446395874, 8.685102462768555, -1.0203200578689575, -2.29215407371521, 0.6001120805740356, -0.02246367745101452, 17.418752670288086, 4.0215349197387695, 3.9916086196899414, 2.0296261310577393, -2.000760555267334, -3.750994920730591, 6.533707618713379, 7.636852264404297], [3.4037656784057617, -0.538669228553772, 4.282040119171143, -0.457381010055542, 2.8166537284851074, 2.8415822982788086, 3.715108871459961, -2.634674072265625, 7.441799163818359, 0.6265259981155396, -3.842233419418335, 3.3843202590942383, -2.0125372409820557, 4.0215349197387695, 17.13456916809082, -2.9945249557495117, 2.811532497406006, 1.3430273532867432, -0.3329780101776123, 0.9260177612304688, -6.642399311065674], [-0.002149084582924843, 2.0273211002349854, 3.270897626876831, 7.903687953948975, -14.108001708984375, 4.2246222496032715, -4.011762619018555, 10.275068283081055, -0.2123657763004303, -5.671815872192383, 5.353024482727051, 1.892252802848816, -7.738371849060059, 3.9916086196899414, -2.9945249557495117, 30.393287658691406, 2.1615610122680664, -3.1953072547912598, -5.425749778747559, -0.03136646747589111, -3.0288538932800293], [2.880718469619751, -1.1024643182754517, 10.076009750366211, -0.5562202334403992, -2.862250566482544, 1.2532281875610352, 1.0998784303665161, -0.7599272131919861, -0.359223335981369, -3.9532976150512695, 1.1236391067504883, 2.1921308040618896, 1.2758070230484009, 2.0296263694763184, 2.811532735824585, 2.1615610122680664, 21.641504287719727, 4.943019390106201, -1.133326530456543, 3.3397722244262695, 5.138455390930176], [0.47824826836586, -3.4501335620880127, -5.957187175750732, 2.2209808826446533, 5.716898441314697, -3.8967132568359375, -3.312490701675415, -1.8107695579528809, -8.103466987609863, 2.352504253387451, 7.28987979888916, -4.823823928833008, 4.313490867614746, -2.000760793685913, 1.3430269956588745, -3.195307731628418, 4.943019390106201, 23.10573959350586, 1.256791353225708, -0.28046417236328125, -0.6385495662689209], [-1.3880349397659302, -1.4133630990982056, 2.4439620971679688, -3.436587333679199, 0.35764941573143005, -2.014817476272583, -3.894930124282837, 0.3760449290275574, -7.763540267944336, -3.1842072010040283, -4.280921459197998, 0.11480939388275146, 5.201075553894043, -3.750995635986328, -0.33297839760780334, -5.425750255584717, -1.133326530456543, 1.256791353225708, 28.432353973388672, 4.313615798950195, -1.9495983123779297], [3.733591079711914, 3.74088716506958, 1.9984806776046753, -1.9067834615707397, -10.010351181030273, 0.346603661775589, -5.044696807861328, -0.44206732511520386, 6.153293132781982, -6.024719715118408, 1.0897138118743896, 2.3993849754333496, -0.6783265471458435, 6.533707141876221, 0.9260180592536926, -0.03136616200208664, 3.3397722244262695, -0.28046417236328125, 4.313615798950195, 28.491226196289062, 6.139807224273682], [6.2444047927856445, 8.9719877243042, -2.9659268856048584, -9.965579986572266, 0.8025140762329102, 4.268310546875, 6.375488758087158, -1.1594505310058594, -2.1480796337127686, -0.9736156463623047, -6.583128929138184, -4.387423515319824, 7.112790107727051, 7.63685417175293, -6.642398834228516, -3.0288538932800293, 5.138455867767334, -0.6385498046875, -1.9495983123779297, 6.139807224273682, 29.782493591308594]], "type": "heatmap"}], "layout": {"template": {"data": {"histogram2dcontour": [{"type": "histogram2dcontour", "colorbar": {"outlinewidth": 0, "ticks": ""}, "colorscale": [[0.0, "#0d0887"], [0.1111111111111111, "#46039f"], [0.2222222222222222, "#7201a8"], [0.3333333333333333, "#9c179e"], [0.4444444444444444, "#bd3786"], [0.5555555555555556, "#d8576b"], [0.6666666666666666, "#ed7953"], [0.7777777777777778, "#fb9f3a"], [0.8888888888888888, "#fdca26"], [1.0, "#f0f921"]]}], "choropleth": [{"type": "choropleth", "colorbar": {"outlinewidth": 0, "ticks": ""}}], "histogram2d": [{"type": "histogram2d", "colorbar": {"outlinewidth": 0, "ticks": ""}, "colorscale": [[0.0, "#0d0887"], [0.1111111111111111, "#46039f"], [0.2222222222222222, "#7201a8"], [0.3333333333333333, "#9c179e"], [0.4444444444444444, "#bd3786"], [0.5555555555555556, "#d8576b"], [0.6666666666666666, "#ed7953"], [0.7777777777777778, "#fb9f3a"], [0.8888888888888888, "#fdca26"], [1.0, "#f0f921"]]}], "heatmap": [{"type": "heatmap", "colorbar": {"outlinewidth": 0, "ticks": ""}, "colorscale": [[0.0, "#0d0887"], [0.1111111111111111, "#46039f"], [0.2222222222222222, "#7201a8"], [0.3333333333333333, "#9c179e"], [0.4444444444444444, "#bd3786"], [0.5555555555555556, "#d8576b"], [0.6666666666666666, "#ed7953"], [0.7777777777777778, "#fb9f3a"], [0.8888888888888888, "#fdca26"], [1.0, "#f0f921"]]}], "heatmapgl": [{"type": "heatmapgl", "colorbar": {"outlinewidth": 0, "ticks": ""}, "colorscale": [[0.0, "#0d0887"], [0.1111111111111111, "#46039f"], [0.2222222222222222, "#7201a8"], [0.3333333333333333, "#9c179e"], [0.4444444444444444, "#bd3786"], [0.5555555555555556, "#d8576b"], [0.6666666666666666, "#ed7953"], [0.7777777777777778, "#fb9f3a"], [0.8888888888888888, "#fdca26"], [1.0, "#f0f921"]]}], "contourcarpet": [{"type": "contourcarpet", "colorbar": {"outlinewidth": 0, "ticks": ""}}], "contour": [{"type": "contour", "colorbar": {"outlinewidth": 0, "ticks": ""}, "colorscale": [[0.0, "#0d0887"], [0.1111111111111111, "#46039f"], [0.2222222222222222, "#7201a8"], [0.3333333333333333, "#9c179e"], [0.4444444444444444, "#bd3786"], [0.5555555555555556, "#d8576b"], [0.6666666666666666, "#ed7953"], [0.7777777777777778, "#fb9f3a"], [0.8888888888888888, "#fdca26"], [1.0, "#f0f921"]]}], "surface": [{"type": "surface", "colorbar": {"outlinewidth": 0, "ticks": ""}, "colorscale": [[0.0, "#0d0887"], [0.1111111111111111, "#46039f"], [0.2222222222222222, "#7201a8"], [0.3333333333333333, "#9c179e"], [0.4444444444444444, "#bd3786"], [0.5555555555555556, "#d8576b"], [0.6666666666666666, "#ed7953"], [0.7777777777777778, "#fb9f3a"], [0.8888888888888888, "#fdca26"], [1.0, "#f0f921"]]}], "mesh3d": [{"type": "mesh3d", "colorbar": {"outlinewidth": 0, "ticks": ""}}], "scatter": [{"fillpattern": {"fillmode": "overlay", "size": 10, "solidity": 0.2}, "type": "scatter"}], "parcoords": [{"type": "parcoords", "line": {"colorbar": {"outlinewidth": 0, "ticks": ""}}}], "scatterpolargl": [{"type": "scatterpolargl", "marker": {"colorbar": {"outlinewidth": 0, "ticks": ""}}}], "bar": [{"error_x": {"color": "#2a3f5f"}, "error_y": {"color": "#2a3f5f"}, "marker": {"line": {"color": "#E5ECF6", "width": 0.5}, "pattern": {"fillmode": "overlay", "size": 10, "solidity": 0.2}}, "type": "bar"}], "scattergeo": [{"type": "scattergeo", "marker": {"colorbar": {"outlinewidth": 0, "ticks": ""}}}], "scatterpolar": [{"type": "scatterpolar", "marker": {"colorbar": {"outlinewidth": 0, "ticks": ""}}}], "histogram": [{"marker": {"pattern": {"fillmode": "overlay", "size": 10, "solidity": 0.2}}, "type": "histogram"}], "scattergl": [{"type": "scattergl", "marker": {"colorbar": {"outlinewidth": 0, "ticks": ""}}}], "scatter3d": [{"type": "scatter3d", "line": {"colorbar": {"outlinewidth": 0, "ticks": ""}}, "marker": {"colorbar": {"outlinewidth": 0, "ticks": ""}}}], "scattermapbox": [{"type": "scattermapbox", "marker": {"colorbar": {"outlinewidth": 0, "ticks": ""}}}], "scatterternary": [{"type": "scatterternary", "marker": {"colorbar": {"outlinewidth": 0, "ticks": ""}}}], "scattercarpet": [{"type": "scattercarpet", "marker": {"colorbar": {"outlinewidth": 0, "ticks": ""}}}], "carpet": [{"aaxis": {"endlinecolor": "#2a3f5f", "gridcolor": "white", "linecolor": "white", "minorgridcolor": "white", "startlinecolor": "#2a3f5f"}, "baxis": {"endlinecolor": "#2a3f5f", "gridcolor": "white", "linecolor": "white", "minorgridcolor": "white", "startlinecolor": "#2a3f5f"}, "type": "carpet"}], "table": [{"cells": {"fill": {"color": "#EBF0F8"}, "line": {"color": "white"}}, "header": {"fill": {"color": "#C8D4E3"}, "line": {"color": "white"}}, "type": "table"}], "barpolar": [{"marker": {"line": {"color": "#E5ECF6", "width": 0.5}, "pattern": {"fillmode": "overlay", "size": 10, "solidity": 0.2}}, "type": "barpolar"}], "pie": [{"automargin": true, "type": "pie"}]}, "layout": {"autotypenumbers": "strict", "colorway": ["#636efa", "#EF553B", "#00cc96", "#ab63fa", "#FFA15A", "#19d3f3", "#FF6692", "#B6E880", "#FF97FF", "#FECB52"], "font": {"color": "#2a3f5f"}, "hovermode": "closest", "hoverlabel": {"align": "left"}, "paper_bgcolor": "white", "plot_bgcolor": "#E5ECF6", "polar": {"bgcolor": "#E5ECF6", "angularaxis": {"gridcolor": "white", "linecolor": "white", "ticks": ""}, "radialaxis": {"gridcolor": "white", "linecolor": "white", "ticks": ""}}, "ternary": {"bgcolor": "#E5ECF6", "aaxis": {"gridcolor": "white", "linecolor": "white", "ticks": ""}, "baxis": {"gridcolor": "white", "linecolor": "white", "ticks": ""}, "caxis": {"gridcolor": "white", "linecolor": "white", "ticks": ""}}, "coloraxis": {"colorbar": {"outlinewidth": 0, "ticks": ""}}, "colorscale": {"sequential": [[0.0, "#0d0887"], [0.1111111111111111, "#46039f"], [0.2222222222222222, "#7201a8"], [0.3333333333333333, "#9c179e"], [0.4444444444444444, "#bd3786"], [0.5555555555555556, "#d8576b"], [0.6666666666666666, "#ed7953"], [0.7777777777777778, "#fb9f3a"], [0.8888888888888888, "#fdca26"], [1.0, "#f0f921"]], "sequentialminus": [[0.0, "#0d0887"], [0.1111111111111111, "#46039f"], [0.2222222222222222, "#7201a8"], [0.3333333333333333, "#9c179e"], [0.4444444444444444, "#bd3786"], [0.5555555555555556, "#d8576b"], [0.6666666666666666, "#ed7953"], [0.7777777777777778, "#fb9f3a"], [0.8888888888888888, "#fdca26"], [1.0, "#f0f921"]], "diverging": [[0, "#8e0152"], [0.1, "#c51b7d"], [0.2, "#de77ae"], [0.3, "#f1b6da"], [0.4, "#fde0ef"], [0.5, "#f7f7f7"], [0.6, "#e6f5d0"], [0.7, "#b8e186"], [0.8, "#7fbc41"], [0.9, "#4d9221"], [1, "#276419"]]}, "xaxis": {"gridcolor": "white", "linecolor": "white", "ticks": "", "title": {"standoff": 15}, "zerolinecolor": "white", "automargin": true, "zerolinewidth": 2}, "yaxis": {"gridcolor": "white", "linecolor": "white", "ticks": "", "title": {"standoff": 15}, "zerolinecolor": "white", "automargin": true, "zerolinewidth": 2}, "scene": {"xaxis": {"backgroundcolor": "#E5ECF6", "gridcolor": "white", "linecolor": "white", "showbackground": true, "ticks": "", "zerolinecolor": "white", "gridwidth": 2}, "yaxis": {"backgroundcolor": "#E5ECF6", "gridcolor": "white", "linecolor": "white", "showbackground": true, "ticks": "", "zerolinecolor": "white", "gridwidth": 2}, "zaxis": {"backgroundcolor": "#E5ECF6", "gridcolor": "white", "linecolor": "white", "showbackground": true, "ticks": "", "zerolinecolor": "white", "gridwidth": 2}}, "shapedefaults": {"line": {"color": "#2a3f5f"}}, "annotationdefaults": {"arrowcolor": "#2a3f5f", "arrowhead": 0, "arrowwidth": 1}, "geo": {"bgcolor": "white", "landcolor": "#E5ECF6", "subunitcolor": "white", "showland": true, "showlakes": true, "lakecolor": "white"}, "title": {"x": 0.05}, "mapbox": {"style": "light"}}}}}