{"data": [{"z": [[18.94426918029785, 3.7389981746673584, 5.282663345336914, -0.03662538900971413, -1.9149872064590454, 6.118358612060547, -0.001306937774643302, 5.033776760101318, -1.9119224548339844, 0.5588128566741943, -4.084667205810547, -0.024260442703962326, 4.459278106689453, 3.376657009124756, 3.5027904510498047, 0.1914220005273819, 2.9303526878356934, 0.5386643409729004, -1.2503482103347778, 3.825540542602539, 6.19473123550415], [3.7389981746673584, 11.82829761505127, 1.791428565979004, 0.9269721508026123, -1.448334813117981, 4.5325927734375, 2.7132959365844727, 3.885125160217285, 4.264558792114258, 1.3357974290847778, -2.2304599285125732, -0.13189378380775452, 0.5570197701454163, 5.266349792480469, -0.44967660307884216, 2.2060487270355225, -1.0231621265411377, -3.3900656700134277, -1.349671721458435, 3.7843241691589355, 8.911630630493164], [5.282663345336914, 1.791428565979004, 33.45269775390625, 3.810944080352783, 3.6512575149536133, 4.113685607910156, -2.001110553741455, -0.35197335481643677, 1.9920463562011719, -4.734142780303955, -3.6763956546783447, 2.895429849624634, -4.240451335906982, -0.9093261361122131, 4.3564019203186035, 3.2176766395568848, 10.00562572479248, -5.829659461975098, 2.529623508453369, 2.0696940422058105, -2.952045440673828], [-0.03662538900971413, 0.9269721508026123, 3.810944080352783, 24.468103408813477, -3.2700231075286865, -0.28393691778182983, 4.872530460357666, 5.116384029388428, -0.6231894493103027, -0.5014637112617493, 2.85170841217041, -2.135301351547241, 4.762964248657227, -3.5987086296081543, -0.32503363490104675, 7.908852577209473, -0.3729540705680847, 2.301603317260742, -3.343109130859375, -1.7068917751312256, -9.883918762207031], [-1.9149872064590454, -1.448334813117981, 3.6512575149536133, -3.2700231075286865, 37.3072509765625, 0.03902881219983101, 1.0078699588775635, -7.006585597991943, -0.685118556022644, 10.417773246765137, 2.749713182449341, -0.5145840644836426, 9.189879417419434, -0.057957570999860764, 2.8326292037963867, -13.934578895568848, -2.8112826347351074, 5.7080183029174805, 0.34665751457214355, -9.837714195251465, 0.8357794880867004], [6.118358612060547, 4.5325927734375, 4.113685607910156, -0.28393691778182983, 0.03902881219983101, 16.62090301513672, -1.2932310104370117, 1.7262519598007202, 5.534687042236328, 2.541064739227295, -7.049422740936279, -0.16530154645442963, 4.191661834716797, 2.8433244228363037, 2.903214693069458, 4.275207042694092, 1.3040348291397095, -3.8180885314941406, -1.8894643783569336, 0.4918406009674072, 4.2457122802734375], [-0.001306937774643302, 2.7132959365844727, -2.001110553741455, 4.872530460357666, 1.0078699588775635, -1.2932310104370117, 28.27988624572754, 5.3272223472595215, -2.5722663402557373, 1.3657572269439697, -1.982319951057434, 2.646362066268921, 3.5592286586761475, 2.1140828132629395, 3.851881504058838, -3.7885725498199463, 1.2832884788513184, -3.1535120010375977, -3.7814221382141113, -4.817492485046387, 6.345303535461426], [5.033776760101318, 3.885125160217285, -0.35197335481643677, 5.116384029388428, -7.006585597991943, 1.7262519598007202, 5.3272223472595215, 20.979703903198242, -9.148876190185547, -1.8678193092346191, 3.630028486251831, 2.1715004444122314, 0.47956135869026184, 1.1609241962432861, -2.5013086795806885, 10.245513916015625, -0.7136733531951904, -1.7168117761611938, 0.4800339937210083, -0.2503509521484375, -1.1759763956069946], [-1.9119224548339844, 4.264558792114258, 1.9920463562011719, -0.6231894493103027, -0.685118556022644, 5.534687042236328, -2.5722663402557373, -9.148876190185547, 40.80554962158203, -4.41546106338501, 0.1943666636943817, 3.074512243270874, -4.703791618347168, 8.671086311340332, 7.451041221618652, -0.12640658020973206, -0.2613494396209717, -8.034591674804688, -7.710483551025391, 6.1202192306518555, -2.1565091609954834], [0.5588128566741943, 1.3357974290847778, -4.734142780303955, -0.5014637112617493, 10.417773246765137, 2.541064739227295, 1.3657572269439697, -1.8678193092346191, -4.41546106338501, 22.244155883789062, 6.1472344398498535, 2.53393292427063, 2.3230271339416504, -0.9686235785484314, 0.6504417061805725, -5.436240196228027, -3.8617167472839355, 2.4120230674743652, -3.0318727493286133, -5.858344078063965, -0.9426032304763794], [-4.084667205810547, -2.2304599285125732, -3.6763956546783447, 2.85170841217041, 2.749713182449341, -7.049422740936279, -1.982319951057434, 3.630028486251831, 0.1943666636943817, 6.1472344398498535, 24.867156982421875, 6.759599685668945, 0.4922163486480713, -2.182875871658325, -3.7417449951171875, 5.485538482666016, 1.1851260662078857, 7.228412628173828, -4.2344584465026855, 1.2102959156036377, -6.5082879066467285], [-0.024260442703962326, -0.13189378380775452, 2.895429849624634, -2.135301351547241, -0.5145840644836426, -0.16530154645442963, 2.646362066268921, 2.1715004444122314, 3.074512243270874, 2.53393292427063, 6.759599685668945, 15.785869598388672, -0.3305341899394989, 0.6094880104064941, 3.4570255279541016, 1.9608535766601562, 2.2136566638946533, -4.664193153381348, 0.15781021118164062, 2.491203784942627, -4.358593463897705], [4.459278106689453, 0.5570197701454163, -4.240451335906982, 4.762964248657227, 9.189879417419434, 4.191661834716797, 3.5592286586761475, 0.47956135869026184, -4.703791618347168, 2.3230271339416504, 0.4922163486480713, -0.3305341899394989, 24.303848266601562, -0.003311872947961092, -1.9861574172973633, -7.665256977081299, 1.2617281675338745, 4.307746410369873, 5.180899620056152, -0.6333872079849243, 7.090386390686035], [3.376657009124756, 5.266349792480469, -0.9093261361122131, -3.5987086296081543, -0.057957570999860764, 2.8433244228363037, 2.1140828132629395, 1.1609241962432861, 8.671086311340332, -0.9686235785484314, -2.182875871658325, 0.6094880104064941, -0.003311872947961092, 17.220109939575195, 4.044872760772705, 3.945148468017578, 2.0506293773651123, -1.989900827407837, -3.6843440532684326, 6.505712032318115, 7.58384370803833], [3.5027904510498047, -0.44967660307884216, 4.3564019203186035, -0.32503363490104675, 2.8326292037963867, 2.903214693069458, 3.851881504058838, -2.5013086795806885, 7.451041221618652, 0.6504417061805725, -3.7417449951171875, 3.4570255279541016, -1.9861574172973633, 4.044872760772705, 17.11852264404297, -2.8177430629730225, 2.9167113304138184, 1.337463140487671, -0.31085205078125, 0.9934229850769043, -6.585577487945557], [0.1914220005273819, 2.2060487270355225, 3.2176766395568848, 7.908852577209473, -13.934578895568848, 4.275207042694092, -3.7885725498199463, 10.245513916015625, -0.12640658020973206, -5.436240196228027, 5.485538482666016, 1.9608535766601562, -7.665256977081299, 3.945148468017578, -2.8177430629730225, 30.19060707092285, 2.227680206298828, -3.089189291000366, -5.339252948760986, 0.15523982048034668, -2.9915518760681152], [2.9303512573242188, -1.0231622457504272, 10.005624771118164, -0.3729545474052429, -2.811282157897949, 1.3040353059768677, 1.2832890748977661, -0.7136728763580322, -0.2613489627838135, -3.8617162704467773, 1.1851258277893066, 2.2136566638946533, 1.261728048324585, 2.0506293773651123, 2.9167120456695557, 2.227679967880249, 21.455345153808594, 4.900271415710449, -1.0469779968261719, 3.411810874938965, 5.117110729217529], [0.5386645793914795, -3.390065908432007, -5.829659461975098, 2.301603317260742, 5.7080183029174805, -3.8180885314941406, -3.1535110473632812, -1.716812252998352, -8.034591674804688, 2.4120233058929443, 7.22841215133667, -4.6641926765441895, 4.307745933532715, -1.9899014234542847, 1.3374639749526978, -3.0891895294189453, 4.900271415710449, 22.931217193603516, 1.2679548263549805, -0.28182411193847656, -0.6463690996170044], [-1.2503479719161987, -1.3496718406677246, 2.52962327003479, -3.343108654022217, 0.34665805101394653, -1.8894641399383545, -3.7814228534698486, 0.4800340235233307, -7.710484027862549, -3.0318727493286133, -4.234457969665527, 0.15780992805957794, 5.180900573730469, -3.6843440532684326, -0.3108523488044739, -5.339253902435303, -1.0469779968261719, 1.2679548263549805, 28.30770492553711, 4.3288397789001465, -1.9434808492660522], [3.82554030418396, 3.7843246459960938, 2.0696938037872314, -1.7068912982940674, -9.837714195251465, 0.4918402135372162, -4.8174920082092285, -0.2503510117530823, 6.120218276977539, -5.858344078063965, 1.2102959156036377, 2.491204023361206, -0.6333876252174377, 6.505712985992432, 0.9934228658676147, 0.1552392989397049, 3.411810874938965, -0.28182411193847656, 4.3288397789001465, 28.334627151489258, 6.133379936218262], [6.194730758666992, 8.911629676818848, -2.952045202255249, -9.883916854858398, 0.8357791900634766, 4.245712757110596, 6.345304012298584, -1.175976037979126, -2.1565089225769043, -0.9426032304763794, -6.5082879066467285, -4.358593463897705, 7.090386867523193, 7.5838446617126465, -6.585577011108398, -2.991551637649536, 5.1171112060546875, -0.646369218826294, -1.9434804916381836, 6.1333794593811035, 29.782493591308594]], "type": "heatmap"}], "layout": {"template": {"data": {"histogram2dcontour": [{"type": "histogram2dcontour", "colorbar": {"outlinewidth": 0, "ticks": ""}, "colorscale": [[0.0, "#0d0887"], [0.1111111111111111, "#46039f"], [0.2222222222222222, "#7201a8"], [0.3333333333333333, "#9c179e"], [0.4444444444444444, "#bd3786"], [0.5555555555555556, "#d8576b"], [0.6666666666666666, "#ed7953"], [0.7777777777777778, "#fb9f3a"], [0.8888888888888888, "#fdca26"], [1.0, "#f0f921"]]}], "choropleth": [{"type": "choropleth", "colorbar": {"outlinewidth": 0, "ticks": ""}}], "histogram2d": [{"type": "histogram2d", "colorbar": {"outlinewidth": 0, "ticks": ""}, "colorscale": [[0.0, "#0d0887"], [0.1111111111111111, "#46039f"], [0.2222222222222222, "#7201a8"], [0.3333333333333333, "#9c179e"], [0.4444444444444444, "#bd3786"], [0.5555555555555556, "#d8576b"], [0.6666666666666666, "#ed7953"], [0.7777777777777778, "#fb9f3a"], [0.8888888888888888, "#fdca26"], [1.0, "#f0f921"]]}], "heatmap": [{"type": "heatmap", "colorbar": {"outlinewidth": 0, "ticks": ""}, "colorscale": [[0.0, "#0d0887"], [0.1111111111111111, "#46039f"], [0.2222222222222222, "#7201a8"], [0.3333333333333333, "#9c179e"], [0.4444444444444444, "#bd3786"], [0.5555555555555556, "#d8576b"], [0.6666666666666666, "#ed7953"], [0.7777777777777778, "#fb9f3a"], [0.8888888888888888, "#fdca26"], [1.0, "#f0f921"]]}], "heatmapgl": [{"type": "heatmapgl", "colorbar": {"outlinewidth": 0, "ticks": ""}, "colorscale": [[0.0, "#0d0887"], [0.1111111111111111, "#46039f"], [0.2222222222222222, "#7201a8"], [0.3333333333333333, "#9c179e"], [0.4444444444444444, "#bd3786"], [0.5555555555555556, "#d8576b"], [0.6666666666666666, "#ed7953"], [0.7777777777777778, "#fb9f3a"], [0.8888888888888888, "#fdca26"], [1.0, "#f0f921"]]}], "contourcarpet": [{"type": "contourcarpet", "colorbar": {"outlinewidth": 0, "ticks": ""}}], "contour": [{"type": "contour", "colorbar": {"outlinewidth": 0, "ticks": ""}, "colorscale": [[0.0, "#0d0887"], [0.1111111111111111, "#46039f"], [0.2222222222222222, "#7201a8"], [0.3333333333333333, "#9c179e"], [0.4444444444444444, "#bd3786"], [0.5555555555555556, "#d8576b"], [0.6666666666666666, "#ed7953"], [0.7777777777777778, "#fb9f3a"], [0.8888888888888888, "#fdca26"], [1.0, "#f0f921"]]}], "surface": [{"type": "surface", "colorbar": {"outlinewidth": 0, "ticks": ""}, "colorscale": [[0.0, "#0d0887"], [0.1111111111111111, "#46039f"], [0.2222222222222222, "#7201a8"], [0.3333333333333333, "#9c179e"], [0.4444444444444444, "#bd3786"], [0.5555555555555556, "#d8576b"], [0.6666666666666666, "#ed7953"], [0.7777777777777778, "#fb9f3a"], [0.8888888888888888, "#fdca26"], [1.0, "#f0f921"]]}], "mesh3d": [{"type": "mesh3d", "colorbar": {"outlinewidth": 0, "ticks": ""}}], "scatter": [{"fillpattern": {"fillmode": "overlay", "size": 10, "solidity": 0.2}, "type": "scatter"}], "parcoords": [{"type": "parcoords", "line": {"colorbar": {"outlinewidth": 0, "ticks": ""}}}], "scatterpolargl": [{"type": "scatterpolargl", "marker": {"colorbar": {"outlinewidth": 0, "ticks": ""}}}], "bar": [{"error_x": {"color": "#2a3f5f"}, "error_y": {"color": "#2a3f5f"}, "marker": {"line": {"color": "#E5ECF6", "width": 0.5}, "pattern": {"fillmode": "overlay", "size": 10, "solidity": 0.2}}, "type": "bar"}], "scattergeo": [{"type": "scattergeo", "marker": {"colorbar": {"outlinewidth": 0, "ticks": ""}}}], "scatterpolar": [{"type": "scatterpolar", "marker": {"colorbar": {"outlinewidth": 0, "ticks": ""}}}], "histogram": [{"marker": {"pattern": {"fillmode": "overlay", "size": 10, "solidity": 0.2}}, "type": "histogram"}], "scattergl": [{"type": "scattergl", "marker": {"colorbar": {"outlinewidth": 0, "ticks": ""}}}], "scatter3d": [{"type": "scatter3d", "line": {"colorbar": {"outlinewidth": 0, "ticks": ""}}, "marker": {"colorbar": {"outlinewidth": 0, "ticks": ""}}}], "scattermapbox": [{"type": "scattermapbox", "marker": {"colorbar": {"outlinewidth": 0, "ticks": ""}}}], "scatterternary": [{"type": "scatterternary", "marker": {"colorbar": {"outlinewidth": 0, "ticks": ""}}}], "scattercarpet": [{"type": "scattercarpet", "marker": {"colorbar": {"outlinewidth": 0, "ticks": ""}}}], "carpet": [{"aaxis": {"endlinecolor": "#2a3f5f", "gridcolor": "white", "linecolor": "white", "minorgridcolor": "white", "startlinecolor": "#2a3f5f"}, "baxis": {"endlinecolor": "#2a3f5f", "gridcolor": "white", "linecolor": "white", "minorgridcolor": "white", "startlinecolor": "#2a3f5f"}, "type": "carpet"}], "table": [{"cells": {"fill": {"color": "#EBF0F8"}, "line": {"color": "white"}}, "header": {"fill": {"color": "#C8D4E3"}, "line": {"color": "white"}}, "type": "table"}], "barpolar": [{"marker": {"line": {"color": "#E5ECF6", "width": 0.5}, "pattern": {"fillmode": "overlay", "size": 10, "solidity": 0.2}}, "type": "barpolar"}], "pie": [{"automargin": true, "type": "pie"}]}, "layout": {"autotypenumbers": "strict", "colorway": ["#636efa", "#EF553B", "#00cc96", "#ab63fa", "#FFA15A", "#19d3f3", "#FF6692", "#B6E880", "#FF97FF", "#FECB52"], "font": {"color": "#2a3f5f"}, "hovermode": "closest", "hoverlabel": {"align": "left"}, "paper_bgcolor": "white", "plot_bgcolor": "#E5ECF6", "polar": {"bgcolor": "#E5ECF6", "angularaxis": {"gridcolor": "white", "linecolor": "white", "ticks": ""}, "radialaxis": {"gridcolor": "white", "linecolor": "white", "ticks": ""}}, "ternary": {"bgcolor": "#E5ECF6", "aaxis": {"gridcolor": "white", "linecolor": "white", "ticks": ""}, "baxis": {"gridcolor": "white", "linecolor": "white", "ticks": ""}, "caxis": {"gridcolor": "white", "linecolor": "white", "ticks": ""}}, "coloraxis": {"colorbar": {"outlinewidth": 0, "ticks": ""}}, "colorscale": {"sequential": [[0.0, "#0d0887"], [0.1111111111111111, "#46039f"], [0.2222222222222222, "#7201a8"], [0.3333333333333333, "#9c179e"], [0.4444444444444444, "#bd3786"], [0.5555555555555556, "#d8576b"], [0.6666666666666666, "#ed7953"], [0.7777777777777778, "#fb9f3a"], [0.8888888888888888, "#fdca26"], [1.0, "#f0f921"]], "sequentialminus": [[0.0, "#0d0887"], [0.1111111111111111, "#46039f"], [0.2222222222222222, "#7201a8"], [0.3333333333333333, "#9c179e"], [0.4444444444444444, "#bd3786"], [0.5555555555555556, "#d8576b"], [0.6666666666666666, "#ed7953"], [0.7777777777777778, "#fb9f3a"], [0.8888888888888888, "#fdca26"], [1.0, "#f0f921"]], "diverging": [[0, "#8e0152"], [0.1, "#c51b7d"], [0.2, "#de77ae"], [0.3, "#f1b6da"], [0.4, "#fde0ef"], [0.5, "#f7f7f7"], [0.6, "#e6f5d0"], [0.7, "#b8e186"], [0.8, "#7fbc41"], [0.9, "#4d9221"], [1, "#276419"]]}, "xaxis": {"gridcolor": "white", "linecolor": "white", "ticks": "", "title": {"standoff": 15}, "zerolinecolor": "white", "automargin": true, "zerolinewidth": 2}, "yaxis": {"gridcolor": "white", "linecolor": "white", "ticks": "", "title": {"standoff": 15}, "zerolinecolor": "white", "automargin": true, "zerolinewidth": 2}, "scene": {"xaxis": {"backgroundcolor": "#E5ECF6", "gridcolor": "white", "linecolor": "white", "showbackground": true, "ticks": "", "zerolinecolor": "white", "gridwidth": 2}, "yaxis": {"backgroundcolor": "#E5ECF6", "gridcolor": "white", "linecolor": "white", "showbackground": true, "ticks": "", "zerolinecolor": "white", "gridwidth": 2}, "zaxis": {"backgroundcolor": "#E5ECF6", "gridcolor": "white", "linecolor": "white", "showbackground": true, "ticks": "", "zerolinecolor": "white", "gridwidth": 2}}, "shapedefaults": {"line": {"color": "#2a3f5f"}}, "annotationdefaults": {"arrowcolor": "#2a3f5f", "arrowhead": 0, "arrowwidth": 1}, "geo": {"bgcolor": "white", "landcolor": "#E5ECF6", "subunitcolor": "white", "showland": true, "showlakes": true, "lakecolor": "white"}, "title": {"x": 0.05}, "mapbox": {"style": "light"}}}}}