{"data": [{"z": [[18.99100112915039, 3.680030584335327, 5.200323104858398, -0.1503240168094635, -1.9275790452957153, 6.08856725692749, -0.08696870505809784, 5.00404691696167, -1.946478009223938, 0.5187603831291199, -4.2014265060424805, -0.027070829644799232, 4.476164817810059, 3.377525806427002, 3.454374313354492, 0.057224761694669724, 2.8950302600860596, 0.49085044860839844, -1.325791597366333, 3.8188745975494385, 6.211117744445801], [3.680030584335327, 11.91266918182373, 1.7501963376998901, 0.8792513608932495, -1.4721441268920898, 4.486889839172363, 2.667095899581909, 3.910726308822632, 4.220090866088867, 1.282028079032898, -2.34086012840271, -0.13855208456516266, 0.5754916071891785, 5.409792900085449, -0.5039006471633911, 2.155217409133911, -1.0469257831573486, -3.4053735733032227, -1.3958895206451416, 3.80855655670166, 8.958681106567383], [5.200323104858398, 1.7501963376998901, 33.53635787963867, 3.8048484325408936, 3.6486175060272217, 4.053278923034668, -2.0572140216827393, -0.43228334188461304, 1.9696874618530273, -4.883743762969971, -3.786144733428955, 2.884535312652588, -4.28578519821167, -0.9181693196296692, 4.274200439453125, 3.23461651802063, 10.056204795837402, -5.873998165130615, 2.4848899841308594, 2.0091004371643066, -2.9506936073303223], [-0.1503240168094635, 0.8792513608932495, 3.8048484325408936, 24.590673446655273, -3.3099586963653564, -0.3220621645450592, 4.807597637176514, 5.12623929977417, -0.6961069703102112, -0.5736563801765442, 2.742440938949585, -2.1494200229644775, 4.819787979125977, -3.581735372543335, -0.384185791015625, 7.952999591827393, -0.43880099058151245, 2.2740917205810547, -3.405526876449585, -1.7575114965438843, -9.920599937438965], [-1.9275790452957153, -1.4721441268920898, 3.6486175060272217, -3.3099586963653564, 37.44992446899414, 0.03705345839262009, 1.020364761352539, -7.080648899078369, -0.6823887228965759, 10.44966983795166, 2.750669002532959, -0.5214294791221619, 9.190375328063965, -0.09714728593826294, 2.8417978286743164, -14.019387245178223, -2.8252062797546387, 5.726593971252441, 0.3638029098510742, -9.911901473999023, 0.8235553503036499], [6.08856725692749, 4.486889839172363, 4.053278923034668, -0.3220621645450592, 0.03705345839262009, 16.65966796875, -1.3796175718307495, 1.7345317602157593, 5.491878032684326, 2.4904842376708984, -7.208436965942383, -0.17995016276836395, 4.229301929473877, 2.903289318084717, 2.871603012084961, 4.2966532707214355, 1.277768611907959, -3.8697314262390137, -1.9654929637908936, 0.41962480545043945, 4.26371955871582], [-0.08696870505809784, 2.667095899581909, -2.0572140216827393, 4.807597637176514, 1.020364761352539, -1.3796175718307495, 28.273958206176758, 5.27332878112793, -2.618732213973999, 1.2560368776321411, -2.10504150390625, 2.5814929008483887, 3.5539491176605225, 2.107027769088745, 3.769953966140747, -3.8581719398498535, 1.21370530128479, -3.192782402038574, -3.8297386169433594, -4.9705023765563965, 6.353521347045898], [5.00404691696167, 3.910726308822632, -0.43228334188461304, 5.12623929977417, -7.080648899078369, 1.7345317602157593, 5.27332878112793, 21.109546661376953, -9.282931327819824, -1.8971246480941772, 3.5200793743133545, 2.2129294872283936, 0.5267120003700256, 1.186592936515808, -2.5526809692382812, 10.270041465759277, -0.7031089067459106, -1.7578957080841064, 0.41776517033576965, -0.33648204803466797, -1.177012324333191], [-1.946478009223938, 4.220090866088867, 1.9696874618530273, -0.6961069703102112, -0.6823887228965759, 5.491878032684326, -2.618732213973999, -9.282931327819824, 40.95571517944336, -4.486382007598877, 0.17534233629703522, 3.0460264682769775, -4.765956878662109, 8.695542335510254, 7.438207149505615, -0.18782083690166473, -0.3339589834213257, -8.058380126953125, -7.7239227294921875, 6.15165901184082, -2.160094976425171], [0.5187603831291199, 1.282028079032898, -4.883743762969971, -0.5736563801765442, 10.44966983795166, 2.4904842376708984, 1.2560368776321411, -1.8971246480941772, -4.486382007598877, 22.28858757019043, 6.028824806213379, 2.5856268405914307, 2.378549098968506, -0.9696326851844788, 0.65646892786026, -5.5775065422058105, -3.914412260055542, 2.386363983154297, -3.130486249923706, -5.931687355041504, -0.9687305688858032], [-4.2014265060424805, -2.34086012840271, -3.786144733428955, 2.742440938949585, 2.750669002532959, -7.208436965942383, -2.10504150390625, 3.5200793743133545, 0.17534233629703522, 6.028824806213379, 24.87884521484375, 6.745795249938965, 0.5010392069816589, -2.2131173610687256, -3.8072831630706787, 5.388379096984863, 1.1413710117340088, 7.273537635803223, -4.278600692749023, 1.1930087804794312, -6.525965213775635], [-0.027070829644799232, -0.13855208456516266, 2.884535312652588, -2.1494200229644775, -0.5214294791221619, -0.17995016276836395, 2.5814929008483887, 2.2129294872283936, 3.0460264682769775, 2.5856268405914307, 6.745795249938965, 15.891170501708984, -0.2905738055706024, 0.6384199857711792, 3.438565969467163, 1.9656680822372437, 2.245126247406006, -4.74693489074707, 0.1101069450378418, 2.4130704402923584, -4.392147541046143], [4.476164817810059, 0.5754916071891785, -4.28578519821167, 4.819787979125977, 9.190375328063965, 4.229301929473877, 3.5539491176605225, 0.5267120003700256, -4.765956878662109, 2.378549098968506, 0.5010392069816589, -0.2905738055706024, 24.459144592285156, 0.011338721960783005, -1.9727495908737183, -7.67409086227417, 1.2893717288970947, 4.328159809112549, 5.184199810028076, -0.6187100410461426, 7.095920562744141], [3.377525806427002, 5.409792900085449, -0.9181693196296692, -3.581735372543335, -0.09714728593826294, 2.903289318084717, 2.107027769088745, 1.186592936515808, 8.695542335510254, -0.9696326851844788, -2.2131173610687256, 0.6384199857711792, 0.011338721960783005, 17.3813533782959, 4.067310810089111, 4.041396141052246, 2.084318161010742, -1.9561445713043213, -3.7340872287750244, 6.564858913421631, 7.620967388153076], [3.454374313354492, -0.5039006471633911, 4.274200439453125, -0.384185791015625, 2.8417978286743164, 2.871603012084961, 3.769953966140747, -2.5526809692382812, 7.438207149505615, 0.65646892786026, -3.8072831630706787, 3.438565969467163, -1.9727495908737183, 4.067310810089111, 17.122135162353516, -2.926800489425659, 2.8541667461395264, 1.3737049102783203, -0.3173750638961792, 1.023848533630371, -6.612217903137207], [0.057224761694669724, 2.155217409133911, 3.23461651802063, 7.952999591827393, -14.019387245178223, 4.2966532707214355, -3.8581719398498535, 10.270041465759277, -0.18782083690166473, -5.5775065422058105, 5.388379096984863, 1.9656680822372437, -7.67409086227417, 4.041396141052246, -2.926800489425659, 30.334228515625, 2.232119083404541, -3.11080265045166, -5.389451503753662, 0.07248985767364502, -3.0035037994384766], [2.8950302600860596, -1.0469261407852173, 10.056204795837402, -0.4388013184070587, -2.8252065181732178, 1.2777682542800903, 1.2137047052383423, -0.7031087875366211, -0.3339586853981018, -3.9144127368927, 1.1413711309432983, 2.245126247406006, 1.2893716096878052, 2.084318161010742, 2.8541665077209473, 2.232118844985962, 21.5545654296875, 4.923372745513916, -1.097853422164917, 3.39382004737854, 5.117465972900391], [0.49085018038749695, -3.4053735733032227, -5.873997688293457, 2.2740917205810547, 5.7265944480896, -3.869731903076172, -3.1927831172943115, -1.7578953504562378, -8.058379173278809, 2.386363983154297, 7.273538589477539, -4.74693489074707, 4.328159809112549, -1.9561445713043213, 1.373704195022583, -3.1108028888702393, 4.923372745513916, 23.033504486083984, 1.2538301944732666, -0.2264094352722168, -0.6338173151016235], [-1.3257917165756226, -1.3958896398544312, 2.4848904609680176, -3.405527353286743, 0.3638029098510742, -1.965493083000183, -3.8297386169433594, 0.41776540875434875, -7.723923206329346, -3.130486249923706, -4.278601169586182, 0.11010698974132538, 5.18419885635376, -3.734086751937866, -0.3173756003379822, -5.389451026916504, -1.097853422164917, 1.2538301944732666, 28.35721206665039, 4.291267395019531, -1.951019287109375], [3.8188745975494385, 3.808556318283081, 2.0091018676757812, -1.7575122117996216, -9.911901473999023, 0.41962486505508423, -4.9705023765563965, -0.3364815413951874, 6.151658535003662, -5.931687355041504, 1.1930091381072998, 2.4130711555480957, -0.6187102198600769, 6.564860820770264, 1.0238488912582397, 0.0724899098277092, 3.39382004737854, -0.2264094352722168, 4.291267395019531, 28.435932159423828, 6.13230037689209], [6.211117744445801, 8.958681106567383, -2.9506940841674805, -9.920598983764648, 0.8235557079315186, 4.26371955871582, 6.353520393371582, -1.1770117282867432, -2.1600944995880127, -0.9687309265136719, -6.525964736938477, -4.392148017883301, 7.095920562744141, 7.620965957641602, -6.612218856811523, -3.0035037994384766, 5.117465972900391, -0.6338173151016235, -1.9510188102722168, 6.132299423217773, 29.782493591308594]], "type": "heatmap"}], "layout": {"template": {"data": {"histogram2dcontour": [{"type": "histogram2dcontour", "colorbar": {"outlinewidth": 0, "ticks": ""}, "colorscale": [[0.0, "#0d0887"], [0.1111111111111111, "#46039f"], [0.2222222222222222, "#7201a8"], [0.3333333333333333, "#9c179e"], [0.4444444444444444, "#bd3786"], [0.5555555555555556, "#d8576b"], [0.6666666666666666, "#ed7953"], [0.7777777777777778, "#fb9f3a"], [0.8888888888888888, "#fdca26"], [1.0, "#f0f921"]]}], "choropleth": [{"type": "choropleth", "colorbar": {"outlinewidth": 0, "ticks": ""}}], "histogram2d": [{"type": "histogram2d", "colorbar": {"outlinewidth": 0, "ticks": ""}, "colorscale": [[0.0, "#0d0887"], [0.1111111111111111, "#46039f"], [0.2222222222222222, "#7201a8"], [0.3333333333333333, "#9c179e"], [0.4444444444444444, "#bd3786"], [0.5555555555555556, "#d8576b"], [0.6666666666666666, "#ed7953"], [0.7777777777777778, "#fb9f3a"], [0.8888888888888888, "#fdca26"], [1.0, "#f0f921"]]}], "heatmap": [{"type": "heatmap", "colorbar": {"outlinewidth": 0, "ticks": ""}, "colorscale": [[0.0, "#0d0887"], [0.1111111111111111, "#46039f"], [0.2222222222222222, "#7201a8"], [0.3333333333333333, "#9c179e"], [0.4444444444444444, "#bd3786"], [0.5555555555555556, "#d8576b"], [0.6666666666666666, "#ed7953"], [0.7777777777777778, "#fb9f3a"], [0.8888888888888888, "#fdca26"], [1.0, "#f0f921"]]}], "heatmapgl": [{"type": "heatmapgl", "colorbar": {"outlinewidth": 0, "ticks": ""}, "colorscale": [[0.0, "#0d0887"], [0.1111111111111111, "#46039f"], [0.2222222222222222, "#7201a8"], [0.3333333333333333, "#9c179e"], [0.4444444444444444, "#bd3786"], [0.5555555555555556, "#d8576b"], [0.6666666666666666, "#ed7953"], [0.7777777777777778, "#fb9f3a"], [0.8888888888888888, "#fdca26"], [1.0, "#f0f921"]]}], "contourcarpet": [{"type": "contourcarpet", "colorbar": {"outlinewidth": 0, "ticks": ""}}], "contour": [{"type": "contour", "colorbar": {"outlinewidth": 0, "ticks": ""}, "colorscale": [[0.0, "#0d0887"], [0.1111111111111111, "#46039f"], [0.2222222222222222, "#7201a8"], [0.3333333333333333, "#9c179e"], [0.4444444444444444, "#bd3786"], [0.5555555555555556, "#d8576b"], [0.6666666666666666, "#ed7953"], [0.7777777777777778, "#fb9f3a"], [0.8888888888888888, "#fdca26"], [1.0, "#f0f921"]]}], "surface": [{"type": "surface", "colorbar": {"outlinewidth": 0, "ticks": ""}, "colorscale": [[0.0, "#0d0887"], [0.1111111111111111, "#46039f"], [0.2222222222222222, "#7201a8"], [0.3333333333333333, "#9c179e"], [0.4444444444444444, "#bd3786"], [0.5555555555555556, "#d8576b"], [0.6666666666666666, "#ed7953"], [0.7777777777777778, "#fb9f3a"], [0.8888888888888888, "#fdca26"], [1.0, "#f0f921"]]}], "mesh3d": [{"type": "mesh3d", "colorbar": {"outlinewidth": 0, "ticks": ""}}], "scatter": [{"fillpattern": {"fillmode": "overlay", "size": 10, "solidity": 0.2}, "type": "scatter"}], "parcoords": [{"type": "parcoords", "line": {"colorbar": {"outlinewidth": 0, "ticks": ""}}}], "scatterpolargl": [{"type": "scatterpolargl", "marker": {"colorbar": {"outlinewidth": 0, "ticks": ""}}}], "bar": [{"error_x": {"color": "#2a3f5f"}, "error_y": {"color": "#2a3f5f"}, "marker": {"line": {"color": "#E5ECF6", "width": 0.5}, "pattern": {"fillmode": "overlay", "size": 10, "solidity": 0.2}}, "type": "bar"}], "scattergeo": [{"type": "scattergeo", "marker": {"colorbar": {"outlinewidth": 0, "ticks": ""}}}], "scatterpolar": [{"type": "scatterpolar", "marker": {"colorbar": {"outlinewidth": 0, "ticks": ""}}}], "histogram": [{"marker": {"pattern": {"fillmode": "overlay", "size": 10, "solidity": 0.2}}, "type": "histogram"}], "scattergl": [{"type": "scattergl", "marker": {"colorbar": {"outlinewidth": 0, "ticks": ""}}}], "scatter3d": [{"type": "scatter3d", "line": {"colorbar": {"outlinewidth": 0, "ticks": ""}}, "marker": {"colorbar": {"outlinewidth": 0, "ticks": ""}}}], "scattermapbox": [{"type": "scattermapbox", "marker": {"colorbar": {"outlinewidth": 0, "ticks": ""}}}], "scatterternary": [{"type": "scatterternary", "marker": {"colorbar": {"outlinewidth": 0, "ticks": ""}}}], "scattercarpet": [{"type": "scattercarpet", "marker": {"colorbar": {"outlinewidth": 0, "ticks": ""}}}], "carpet": [{"aaxis": {"endlinecolor": "#2a3f5f", "gridcolor": "white", "linecolor": "white", "minorgridcolor": "white", "startlinecolor": "#2a3f5f"}, "baxis": {"endlinecolor": "#2a3f5f", "gridcolor": "white", "linecolor": "white", "minorgridcolor": "white", "startlinecolor": "#2a3f5f"}, "type": "carpet"}], "table": [{"cells": {"fill": {"color": "#EBF0F8"}, "line": {"color": "white"}}, "header": {"fill": {"color": "#C8D4E3"}, "line": {"color": "white"}}, "type": "table"}], "barpolar": [{"marker": {"line": {"color": "#E5ECF6", "width": 0.5}, "pattern": {"fillmode": "overlay", "size": 10, "solidity": 0.2}}, "type": "barpolar"}], "pie": [{"automargin": true, "type": "pie"}]}, "layout": {"autotypenumbers": "strict", "colorway": ["#636efa", "#EF553B", "#00cc96", "#ab63fa", "#FFA15A", "#19d3f3", "#FF6692", "#B6E880", "#FF97FF", "#FECB52"], "font": {"color": "#2a3f5f"}, "hovermode": "closest", "hoverlabel": {"align": "left"}, "paper_bgcolor": "white", "plot_bgcolor": "#E5ECF6", "polar": {"bgcolor": "#E5ECF6", "angularaxis": {"gridcolor": "white", "linecolor": "white", "ticks": ""}, "radialaxis": {"gridcolor": "white", "linecolor": "white", "ticks": ""}}, "ternary": {"bgcolor": "#E5ECF6", "aaxis": {"gridcolor": "white", "linecolor": "white", "ticks": ""}, "baxis": {"gridcolor": "white", "linecolor": "white", "ticks": ""}, "caxis": {"gridcolor": "white", "linecolor": "white", "ticks": ""}}, "coloraxis": {"colorbar": {"outlinewidth": 0, "ticks": ""}}, "colorscale": {"sequential": [[0.0, "#0d0887"], [0.1111111111111111, "#46039f"], [0.2222222222222222, "#7201a8"], [0.3333333333333333, "#9c179e"], [0.4444444444444444, "#bd3786"], [0.5555555555555556, "#d8576b"], [0.6666666666666666, "#ed7953"], [0.7777777777777778, "#fb9f3a"], [0.8888888888888888, "#fdca26"], [1.0, "#f0f921"]], "sequentialminus": [[0.0, "#0d0887"], [0.1111111111111111, "#46039f"], [0.2222222222222222, "#7201a8"], [0.3333333333333333, "#9c179e"], [0.4444444444444444, "#bd3786"], [0.5555555555555556, "#d8576b"], [0.6666666666666666, "#ed7953"], [0.7777777777777778, "#fb9f3a"], [0.8888888888888888, "#fdca26"], [1.0, "#f0f921"]], "diverging": [[0, "#8e0152"], [0.1, "#c51b7d"], [0.2, "#de77ae"], [0.3, "#f1b6da"], [0.4, "#fde0ef"], [0.5, "#f7f7f7"], [0.6, "#e6f5d0"], [0.7, "#b8e186"], [0.8, "#7fbc41"], [0.9, "#4d9221"], [1, "#276419"]]}, "xaxis": {"gridcolor": "white", "linecolor": "white", "ticks": "", "title": {"standoff": 15}, "zerolinecolor": "white", "automargin": true, "zerolinewidth": 2}, "yaxis": {"gridcolor": "white", "linecolor": "white", "ticks": "", "title": {"standoff": 15}, "zerolinecolor": "white", "automargin": true, "zerolinewidth": 2}, "scene": {"xaxis": {"backgroundcolor": "#E5ECF6", "gridcolor": "white", "linecolor": "white", "showbackground": true, "ticks": "", "zerolinecolor": "white", "gridwidth": 2}, "yaxis": {"backgroundcolor": "#E5ECF6", "gridcolor": "white", "linecolor": "white", "showbackground": true, "ticks": "", "zerolinecolor": "white", "gridwidth": 2}, "zaxis": {"backgroundcolor": "#E5ECF6", "gridcolor": "white", "linecolor": "white", "showbackground": true, "ticks": "", "zerolinecolor": "white", "gridwidth": 2}}, "shapedefaults": {"line": {"color": "#2a3f5f"}}, "annotationdefaults": {"arrowcolor": "#2a3f5f", "arrowhead": 0, "arrowwidth": 1}, "geo": {"bgcolor": "white", "landcolor": "#E5ECF6", "subunitcolor": "white", "showland": true, "showlakes": true, "lakecolor": "white"}, "title": {"x": 0.05}, "mapbox": {"style": "light"}}}}}