{"data": [{"z": [[19.459341049194336, 3.70879864692688, 4.947751045227051, -0.6743334531784058, -2.098123788833618, 6.1051740646362305, -0.23075364530086517, 4.875730991363525, -2.0537846088409424, 0.29730090498924255, -4.648093223571777, -0.19033655524253845, 4.4937615394592285, 3.171213388442993, 3.3783674240112305, -0.4050644636154175, 2.782996892929077, 0.4203014373779297, -1.5932177305221558, 3.8024916648864746, 6.367465019226074], [3.70879864692688, 12.069738388061523, 1.4940577745437622, 0.5337705612182617, -1.6238625049591064, 4.3634867668151855, 2.5552260875701904, 3.836071014404297, 4.134622097015381, 1.1643677949905396, -2.7009294033050537, -0.3424944579601288, 0.511333167552948, 5.3983588218688965, -0.6512778997421265, 1.7558162212371826, -1.263000726699829, -3.58160662651062, -1.518733263015747, 3.7931039333343506, 9.121160507202148], [4.947751045227051, 1.4940577745437622, 34.32945251464844, 3.76326322555542, 3.7316575050354004, 4.046405792236328, -2.27512788772583, -0.6174736618995667, 2.0240509510040283, -5.133517265319824, -3.9254610538482666, 2.8305721282958984, -4.681006908416748, -1.0582945346832275, 4.20900821685791, 3.241084575653076, 10.174631118774414, -6.297610759735107, 2.2638614177703857, 1.8014936447143555, -3.071845054626465], [-0.6743334531784058, 0.5337705612182617, 3.76326322555542, 25.156997680664062, -3.495634078979492, -0.6534976363182068, 4.7369279861450195, 5.044465065002441, -0.9586289525032043, -0.9065704941749573, 2.456739902496338, -2.5671260356903076, 4.746274948120117, -4.003462314605713, -0.5684818029403687, 8.092551231384277, -0.9057832956314087, 2.123744249343872, -3.6181578636169434, -2.1891536712646484, -10.144157409667969], [-2.098123788833618, -1.6238625049591064, 3.7316575050354004, -3.495634078979492, 38.05341720581055, -0.07309005409479141, 1.0589931011199951, -7.340925216674805, -0.6365771889686584, 10.57409381866455, 2.8213188648223877, -0.5635958909988403, 9.249727249145508, -0.2516901195049286, 2.849609851837158, -14.402864456176758, -2.9252874851226807, 5.796451091766357, 0.3889200687408447, -10.253779411315918, 0.7492223381996155], [6.1051740646362305, 4.3634867668151855, 4.046405792236328, -0.6534976363182068, -0.07309005409479141, 17.076385498046875, -1.6695865392684937, 1.7131680250167847, 5.426697731018066, 2.3432323932647705, -7.789161682128906, -0.5183587670326233, 4.218819618225098, 2.616544485092163, 2.773618221282959, 4.233757019042969, 1.2245934009552002, -4.135102272033691, -2.2305023670196533, 0.03947019577026367, 4.2564191818237305], [-0.23075364530086517, 2.5552260875701904, -2.27512788772583, 4.7369279861450195, 1.0589931011199951, -1.6695865392684937, 28.754962921142578, 5.136855125427246, -2.7758305072784424, 1.0788573026657104, -2.486328125, 2.417506217956543, 3.569514274597168, 1.8158323764801025, 3.5983269214630127, -4.249978542327881, 0.9579534530639648, -3.502383232116699, -4.087123870849609, -5.331111907958984, 6.418722152709961], [4.875730991363525, 3.836071014404297, -0.6174736618995667, 5.044465065002441, -7.340925216674805, 1.7131680250167847, 5.136855125427246, 21.516633987426758, -9.826910972595215, -2.236567497253418, 3.4734108448028564, 2.0327231884002686, 0.41022756695747375, 0.9890350103378296, -2.9091641902923584, 10.397981643676758, -0.9320352077484131, -1.9990277290344238, 0.24044083058834076, -0.7246601581573486, -1.1666637659072876], [-2.0537846088409424, 4.134622097015381, 2.0240509510040283, -0.9586289525032043, -0.6365771889686584, 5.426697731018066, -2.7758305072784424, -9.826910972595215, 41.81504440307617, -4.836215972900391, 0.12951332330703735, 3.0336742401123047, -4.9767608642578125, 8.900917053222656, 7.505341529846191, -0.42954176664352417, -0.4581538438796997, -8.22852897644043, -7.838531494140625, 6.340652942657471, -2.12376070022583], [0.29730090498924255, 1.1643677949905396, -5.133517265319824, -0.9065704941749573, 10.57409381866455, 2.3432323932647705, 1.0788573026657104, -2.236567497253418, -4.836215972900391, 22.503610610961914, 5.9308953285217285, 2.3751678466796875, 2.1724040508270264, -1.2876535654067993, 0.5487608313560486, -6.084273338317871, -4.30910587310791, 2.2262203693389893, -3.3890209197998047, -6.28564453125, -1.0563424825668335], [-4.648093223571777, -2.7009294033050537, -3.9254610538482666, 2.456739902496338, 2.8213188648223877, -7.789161682128906, -2.486328125, 3.4734108448028564, 0.12951332330703735, 5.9308953285217285, 25.591964721679688, 6.9269843101501465, 0.21980561316013336, -2.3665971755981445, -4.083713531494141, 5.264330863952637, 0.9515945911407471, 7.296908855438232, -4.336003303527832, 1.016211748123169, -6.735896587371826], [-0.19033655524253845, -0.3424944579601288, 2.8305721282958984, -2.5671260356903076, -0.5635958909988403, -0.5183587670326233, 2.417506217956543, 2.0327231884002686, 3.0336742401123047, 2.3751678466796875, 6.9269843101501465, 16.030162811279297, -0.47782400250434875, 0.5684345364570618, 3.300290584564209, 1.7012683153152466, 1.9920939207077026, -5.053071975708008, -0.04458045959472656, 2.409555196762085, -4.412426471710205], [4.4937615394592285, 0.511333167552948, -4.681006908416748, 4.746274948120117, 9.249727249145508, 4.218819618225098, 3.569514274597168, 0.41022756695747375, -4.9767608642578125, 2.1724040508270264, 0.21980561316013336, -0.47782400250434875, 25.056049346923828, -0.22013749182224274, -2.177194356918335, -8.075898170471191, 1.1450895071029663, 4.323627471923828, 5.2997517585754395, -0.7661091089248657, 7.219813346862793], [3.171213388442993, 5.3983588218688965, -1.0582945346832275, -4.003462314605713, -0.2516901195049286, 2.616544485092163, 1.8158323764801025, 0.9890350103378296, 8.900917053222656, -1.2876535654067993, -2.3665971755981445, 0.5684345364570618, -0.22013749182224274, 17.86937141418457, 3.9158077239990234, 3.99552321434021, 1.9599283933639526, -2.0880703926086426, -3.790562152862549, 6.786962509155273, 7.780393123626709], [3.3783674240112305, -0.6512778997421265, 4.20900821685791, -0.5684818029403687, 2.849609851837158, 2.773618221282959, 3.5983269214630127, -2.9091641902923584, 7.505341529846191, 0.5487608313560486, -4.083713531494141, 3.300290584564209, -2.177194356918335, 3.9158077239990234, 17.359275817871094, -3.2412893772125244, 2.6424760818481445, 1.404271125793457, -0.37973129749298096, 1.0512070655822754, -6.730401039123535], [-0.4050644636154175, 1.7558162212371826, 3.241084575653076, 8.092551231384277, -14.402864456176758, 4.233757019042969, -4.249978542327881, 10.397981643676758, -0.42954176664352417, -6.084273338317871, 5.264330863952637, 1.7012683153152466, -8.075898170471191, 3.99552321434021, -3.2412893772125244, 31.011079788208008, 2.123776912689209, -3.3444504737854004, -5.571139335632324, -0.3120487928390503, -3.0913970470428467], [2.782996892929077, -1.2630009651184082, 10.174631118774414, -0.9057833552360535, -2.9252874851226807, 1.224593997001648, 0.9579536318778992, -0.9320353269577026, -0.4581535756587982, -4.30910587310791, 0.9515945315361023, 1.9920936822891235, 1.1450892686843872, 1.9599285125732422, 2.6424765586853027, 2.123776435852051, 22.162128448486328, 5.105031490325928, -1.2202608585357666, 3.318096876144409, 5.291417121887207], [0.4203016757965088, -3.581606864929199, -6.297609806060791, 2.123744487762451, 5.796451568603516, -4.13510274887085, -3.50238299369812, -1.9990278482437134, -8.228528022766113, 2.2262203693389893, 7.296908855438232, -5.053071975708008, 4.323627471923828, -2.0880701541900635, 1.404271125793457, -3.3444507122039795, 5.105031490325928, 23.578685760498047, 1.409712314605713, -0.1799778938293457, -0.6765953302383423], [-1.593218207359314, -1.518733263015747, 2.2638611793518066, -3.6181583404541016, 0.38892048597335815, -2.230502128601074, -4.087124347686768, 0.2404407560825348, -7.838530540466309, -3.3890204429626465, -4.336002826690674, -0.04458025470376015, 5.299751281738281, -3.790562868118286, -0.379731148481369, -5.571137428283691, -1.2202608585357666, 1.409712314605713, 28.806102752685547, 4.356930255889893, -1.9609503746032715], [3.8024914264678955, 3.7931041717529297, 1.8014947175979614, -2.1891536712646484, -10.25378131866455, 0.03947059437632561, -5.331112384796143, -0.7246593832969666, 6.3406524658203125, -6.28564453125, 1.0162115097045898, 2.409555196762085, -0.7661088705062866, 6.786962509155273, 1.0512065887451172, -0.312049001455307, 3.318096876144409, -0.1799778938293457, 4.356930255889893, 29.199586868286133, 6.197116374969482], [6.367465019226074, 9.121160507202148, -3.071845054626465, -10.144157409667969, 0.7492220401763916, 4.256418704986572, 6.418723106384277, -1.1666638851165771, -2.1237611770629883, -1.0563421249389648, -6.735896110534668, -4.412425994873047, 7.219813346862793, 7.780393123626709, -6.730401039123535, -3.0913968086242676, 5.291417598724365, -0.6765953302383423, -1.9609503746032715, 6.197116374969482, 29.782493591308594]], "type": "heatmap"}], "layout": {"template": {"data": {"histogram2dcontour": [{"type": "histogram2dcontour", "colorbar": {"outlinewidth": 0, "ticks": ""}, "colorscale": [[0.0, "#0d0887"], [0.1111111111111111, "#46039f"], [0.2222222222222222, "#7201a8"], [0.3333333333333333, "#9c179e"], [0.4444444444444444, "#bd3786"], [0.5555555555555556, "#d8576b"], [0.6666666666666666, "#ed7953"], [0.7777777777777778, "#fb9f3a"], [0.8888888888888888, "#fdca26"], [1.0, "#f0f921"]]}], "choropleth": [{"type": "choropleth", "colorbar": {"outlinewidth": 0, "ticks": ""}}], "histogram2d": [{"type": "histogram2d", "colorbar": {"outlinewidth": 0, "ticks": ""}, "colorscale": [[0.0, "#0d0887"], [0.1111111111111111, "#46039f"], [0.2222222222222222, "#7201a8"], [0.3333333333333333, "#9c179e"], [0.4444444444444444, "#bd3786"], [0.5555555555555556, "#d8576b"], [0.6666666666666666, "#ed7953"], [0.7777777777777778, "#fb9f3a"], [0.8888888888888888, "#fdca26"], [1.0, "#f0f921"]]}], "heatmap": [{"type": "heatmap", "colorbar": {"outlinewidth": 0, "ticks": ""}, "colorscale": [[0.0, "#0d0887"], [0.1111111111111111, "#46039f"], [0.2222222222222222, "#7201a8"], [0.3333333333333333, "#9c179e"], [0.4444444444444444, "#bd3786"], [0.5555555555555556, "#d8576b"], [0.6666666666666666, "#ed7953"], [0.7777777777777778, "#fb9f3a"], [0.8888888888888888, "#fdca26"], [1.0, "#f0f921"]]}], "heatmapgl": [{"type": "heatmapgl", "colorbar": {"outlinewidth": 0, "ticks": ""}, "colorscale": [[0.0, "#0d0887"], [0.1111111111111111, "#46039f"], [0.2222222222222222, "#7201a8"], [0.3333333333333333, "#9c179e"], [0.4444444444444444, "#bd3786"], [0.5555555555555556, "#d8576b"], [0.6666666666666666, "#ed7953"], [0.7777777777777778, "#fb9f3a"], [0.8888888888888888, "#fdca26"], [1.0, "#f0f921"]]}], "contourcarpet": [{"type": "contourcarpet", "colorbar": {"outlinewidth": 0, "ticks": ""}}], "contour": [{"type": "contour", "colorbar": {"outlinewidth": 0, "ticks": ""}, "colorscale": [[0.0, "#0d0887"], [0.1111111111111111, "#46039f"], [0.2222222222222222, "#7201a8"], [0.3333333333333333, "#9c179e"], [0.4444444444444444, "#bd3786"], [0.5555555555555556, "#d8576b"], [0.6666666666666666, "#ed7953"], [0.7777777777777778, "#fb9f3a"], [0.8888888888888888, "#fdca26"], [1.0, "#f0f921"]]}], "surface": [{"type": "surface", "colorbar": {"outlinewidth": 0, "ticks": ""}, "colorscale": [[0.0, "#0d0887"], [0.1111111111111111, "#46039f"], [0.2222222222222222, "#7201a8"], [0.3333333333333333, "#9c179e"], [0.4444444444444444, "#bd3786"], [0.5555555555555556, "#d8576b"], [0.6666666666666666, "#ed7953"], [0.7777777777777778, "#fb9f3a"], [0.8888888888888888, "#fdca26"], [1.0, "#f0f921"]]}], "mesh3d": [{"type": "mesh3d", "colorbar": {"outlinewidth": 0, "ticks": ""}}], "scatter": [{"fillpattern": {"fillmode": "overlay", "size": 10, "solidity": 0.2}, "type": "scatter"}], "parcoords": [{"type": "parcoords", "line": {"colorbar": {"outlinewidth": 0, "ticks": ""}}}], "scatterpolargl": [{"type": "scatterpolargl", "marker": {"colorbar": {"outlinewidth": 0, "ticks": ""}}}], "bar": [{"error_x": {"color": "#2a3f5f"}, "error_y": {"color": "#2a3f5f"}, "marker": {"line": {"color": "#E5ECF6", "width": 0.5}, "pattern": {"fillmode": "overlay", "size": 10, "solidity": 0.2}}, "type": "bar"}], "scattergeo": [{"type": "scattergeo", "marker": {"colorbar": {"outlinewidth": 0, "ticks": ""}}}], "scatterpolar": [{"type": "scatterpolar", "marker": {"colorbar": {"outlinewidth": 0, "ticks": ""}}}], "histogram": [{"marker": {"pattern": {"fillmode": "overlay", "size": 10, "solidity": 0.2}}, "type": "histogram"}], "scattergl": [{"type": "scattergl", "marker": {"colorbar": {"outlinewidth": 0, "ticks": ""}}}], "scatter3d": [{"type": "scatter3d", "line": {"colorbar": {"outlinewidth": 0, "ticks": ""}}, "marker": {"colorbar": {"outlinewidth": 0, "ticks": ""}}}], "scattermapbox": [{"type": "scattermapbox", "marker": {"colorbar": {"outlinewidth": 0, "ticks": ""}}}], "scatterternary": [{"type": "scatterternary", "marker": {"colorbar": {"outlinewidth": 0, "ticks": ""}}}], "scattercarpet": [{"type": "scattercarpet", "marker": {"colorbar": {"outlinewidth": 0, "ticks": ""}}}], "carpet": [{"aaxis": {"endlinecolor": "#2a3f5f", "gridcolor": "white", "linecolor": "white", "minorgridcolor": "white", "startlinecolor": "#2a3f5f"}, "baxis": {"endlinecolor": "#2a3f5f", "gridcolor": "white", "linecolor": "white", "minorgridcolor": "white", "startlinecolor": "#2a3f5f"}, "type": "carpet"}], "table": [{"cells": {"fill": {"color": "#EBF0F8"}, "line": {"color": "white"}}, "header": {"fill": {"color": "#C8D4E3"}, "line": {"color": "white"}}, "type": "table"}], "barpolar": [{"marker": {"line": {"color": "#E5ECF6", "width": 0.5}, "pattern": {"fillmode": "overlay", "size": 10, "solidity": 0.2}}, "type": "barpolar"}], "pie": [{"automargin": true, "type": "pie"}]}, "layout": {"autotypenumbers": "strict", "colorway": ["#636efa", "#EF553B", "#00cc96", "#ab63fa", "#FFA15A", "#19d3f3", "#FF6692", "#B6E880", "#FF97FF", "#FECB52"], "font": {"color": "#2a3f5f"}, "hovermode": "closest", "hoverlabel": {"align": "left"}, "paper_bgcolor": "white", "plot_bgcolor": "#E5ECF6", "polar": {"bgcolor": "#E5ECF6", "angularaxis": {"gridcolor": "white", "linecolor": "white", "ticks": ""}, "radialaxis": {"gridcolor": "white", "linecolor": "white", "ticks": ""}}, "ternary": {"bgcolor": "#E5ECF6", "aaxis": {"gridcolor": "white", "linecolor": "white", "ticks": ""}, "baxis": {"gridcolor": "white", "linecolor": "white", "ticks": ""}, "caxis": {"gridcolor": "white", "linecolor": "white", "ticks": ""}}, "coloraxis": {"colorbar": {"outlinewidth": 0, "ticks": ""}}, "colorscale": {"sequential": [[0.0, "#0d0887"], [0.1111111111111111, "#46039f"], [0.2222222222222222, "#7201a8"], [0.3333333333333333, "#9c179e"], [0.4444444444444444, "#bd3786"], [0.5555555555555556, "#d8576b"], [0.6666666666666666, "#ed7953"], [0.7777777777777778, "#fb9f3a"], [0.8888888888888888, "#fdca26"], [1.0, "#f0f921"]], "sequentialminus": [[0.0, "#0d0887"], [0.1111111111111111, "#46039f"], [0.2222222222222222, "#7201a8"], [0.3333333333333333, "#9c179e"], [0.4444444444444444, "#bd3786"], [0.5555555555555556, "#d8576b"], [0.6666666666666666, "#ed7953"], [0.7777777777777778, "#fb9f3a"], [0.8888888888888888, "#fdca26"], [1.0, "#f0f921"]], "diverging": [[0, "#8e0152"], [0.1, "#c51b7d"], [0.2, "#de77ae"], [0.3, "#f1b6da"], [0.4, "#fde0ef"], [0.5, "#f7f7f7"], [0.6, "#e6f5d0"], [0.7, "#b8e186"], [0.8, "#7fbc41"], [0.9, "#4d9221"], [1, "#276419"]]}, "xaxis": {"gridcolor": "white", "linecolor": "white", "ticks": "", "title": {"standoff": 15}, "zerolinecolor": "white", "automargin": true, "zerolinewidth": 2}, "yaxis": {"gridcolor": "white", "linecolor": "white", "ticks": "", "title": {"standoff": 15}, "zerolinecolor": "white", "automargin": true, "zerolinewidth": 2}, "scene": {"xaxis": {"backgroundcolor": "#E5ECF6", "gridcolor": "white", "linecolor": "white", "showbackground": true, "ticks": "", "zerolinecolor": "white", "gridwidth": 2}, "yaxis": {"backgroundcolor": "#E5ECF6", "gridcolor": "white", "linecolor": "white", "showbackground": true, "ticks": "", "zerolinecolor": "white", "gridwidth": 2}, "zaxis": {"backgroundcolor": "#E5ECF6", "gridcolor": "white", "linecolor": "white", "showbackground": true, "ticks": "", "zerolinecolor": "white", "gridwidth": 2}}, "shapedefaults": {"line": {"color": "#2a3f5f"}}, "annotationdefaults": {"arrowcolor": "#2a3f5f", "arrowhead": 0, "arrowwidth": 1}, "geo": {"bgcolor": "white", "landcolor": "#E5ECF6", "subunitcolor": "white", "showland": true, "showlakes": true, "lakecolor": "white"}, "title": {"x": 0.05}, "mapbox": {"style": "light"}}}}}