{"data": [{"z": [[19.147096633911133, 3.7089145183563232, 5.082797527313232, -0.34262698888778687, -2.0386159420013428, 6.121368408203125, -0.12082919478416443, 4.936879634857178, -2.0048182010650635, 0.4346071183681488, -4.4250030517578125, -0.10858916491270065, 4.46232795715332, 3.237602949142456, 3.3836324214935303, -0.08645424991846085, 2.8716907501220703, 0.4421544075012207, -1.4465975761413574, 3.764108657836914, 6.276426792144775], [3.7089145183563232, 12.013919830322266, 1.6676188707351685, 0.6526298522949219, -1.5516566038131714, 4.447606563568115, 2.624063014984131, 3.8609039783477783, 4.167610168457031, 1.304703950881958, -2.485807180404663, -0.24381563067436218, 0.4899510443210602, 5.396566390991211, -0.592484712600708, 1.9954015016555786, -1.127411961555481, -3.4655818939208984, -1.4362603425979614, 3.783207893371582, 9.042461395263672], [5.082797527313232, 1.6676188707351685, 33.827579498291016, 3.7630889415740967, 3.6690845489501953, 4.023904800415039, -2.166501522064209, -0.520581066608429, 1.9710345268249512, -4.936412811279297, -3.8377797603607178, 2.857079267501831, -4.4449005126953125, -1.0052286386489868, 4.245526313781738, 3.2652838230133057, 10.056095123291016, -6.050806999206543, 2.4157347679138184, 1.93754243850708, -2.999553680419922], [-0.34262698888778687, 0.6526298522949219, 3.7630889415740967, 24.70534896850586, -3.4158928394317627, -0.49353206157684326, 4.736246109008789, 5.014183044433594, -0.7951271533966064, -0.7509368062019348, 2.5839927196502686, -2.3961143493652344, 4.735393524169922, -3.8331727981567383, -0.5002504587173462, 7.913325786590576, -0.673987627029419, 2.2018284797668457, -3.4988667964935303, -2.0309033393859863, -10.036681175231934], [-2.0386159420013428, -1.5516566038131714, 3.6690845489501953, -3.4158928394317627, 37.67242431640625, -0.07435499131679535, 1.0065020322799683, -7.215324878692627, -0.6994284987449646, 10.435866355895996, 2.760392904281616, -0.5731762051582336, 9.171592712402344, -0.17461749911308289, 2.8009564876556396, -14.210275650024414, -2.8828377723693848, 5.738568305969238, 0.35814785957336426, -10.114694595336914, 0.779751181602478], [6.121368408203125, 4.447606563568115, 4.023904800415039, -0.49353206157684326, -0.07435499131679535, 16.831201553344727, -1.490702748298645, 1.7238149642944336, 5.493383407592773, 2.4535982608795166, -7.4014692306518555, -0.33009329438209534, 4.2058634757995605, 2.786912441253662, 2.8461146354675293, 4.262821674346924, 1.276671290397644, -3.916032075881958, -2.0732059478759766, 0.30373334884643555, 4.282944679260254], [-0.12082919478416443, 2.624063014984131, -2.166501522064209, 4.736246109008789, 1.0065020322799683, -1.490702748298645, 28.457340240478516, 5.209653854370117, -2.69010591506958, 1.1927284002304077, -2.2705934047698975, 2.507021903991699, 3.5524559020996094, 1.9568778276443481, 3.6978678703308105, -3.999967575073242, 1.1056041717529297, -3.317837715148926, -3.931563377380371, -5.08839225769043, 6.381126880645752], [4.936879634857178, 3.8609039783477783, -0.520581066608429, 5.014183044433594, -7.215324878692627, 1.7238149642944336, 5.209653854370117, 21.209705352783203, -9.507336616516113, -1.985456943511963, 3.4487087726593018, 2.101625919342041, 0.4479948878288269, 1.0604767799377441, -2.7041969299316406, 10.274933815002441, -0.8299498558044434, -1.8770420551300049, 0.3294913172721863, -0.48587894439697266, -1.17615807056427], [-2.0048182010650635, 4.167610168457031, 1.9710345268249512, -0.7951271533966064, -0.6994284987449646, 5.493383407592773, -2.69010591506958, -9.507336616516113, 41.254554748535156, -4.620962142944336, 0.10029394179582596, 3.0186080932617188, -4.83951997756958, 8.726731300354004, 7.436506271362305, -0.2632310688495636, -0.36369025707244873, -8.097506523132324, -7.801046848297119, 6.228963851928711, -2.132986307144165], [0.4346071183681488, 1.304703950881958, -4.936412811279297, -0.7509368062019348, 10.435866355895996, 2.4535982608795166, 1.1927284002304077, -1.985456943511963, -4.620962142944336, 22.50306510925293, 6.030920028686523, 2.5329558849334717, 2.274550199508667, -1.0991933345794678, 0.624921441078186, -5.769847869873047, -4.025875091552734, 2.3218019008636475, -3.273406744003296, -6.057271957397461, -0.9926787614822388], [-4.4250030517578125, -2.485807180404663, -3.8377797603607178, 2.5839927196502686, 2.760392904281616, -7.4014692306518555, -2.2705934047698975, 3.4487087726593018, 0.10029394179582596, 6.030920028686523, 25.103473663330078, 6.760190486907959, 0.3561907708644867, -2.3136379718780518, -3.9336113929748535, 5.352160930633545, 1.0616029500961304, 7.271486759185791, -4.295899391174316, 1.0756083726882935, -6.616626262664795], [-0.10858916491270065, -0.24381563067436218, 2.857079267501831, -2.3961143493652344, -0.5731762051582336, -0.33009329438209534, 2.507021903991699, 2.101625919342041, 3.0186080932617188, 2.5329558849334717, 6.760190486907959, 15.907829284667969, -0.39855971932411194, 0.5512998104095459, 3.330824613571167, 1.8503681421279907, 2.1323704719543457, -4.92841911315918, 0.05808758735656738, 2.422121047973633, -4.384434223175049], [4.46232795715332, 0.4899510443210602, -4.4449005126953125, 4.735393524169922, 9.171592712402344, 4.2058634757995605, 3.5524559020996094, 0.4479948878288269, -4.83951997756958, 2.274550199508667, 0.3561907708644867, -0.39855971932411194, 24.656982421875, -0.12689127027988434, -2.105175256729126, -7.8790459632873535, 1.194332242012024, 4.282358169555664, 5.211999416351318, -0.7270136475563049, 7.129539966583252], [3.237602949142456, 5.396566390991211, -1.0052286386489868, -3.8331727981567383, -0.17461749911308289, 2.786912441253662, 1.9568778276443481, 1.0604767799377441, 8.726731300354004, -1.0991933345794678, -2.3136379718780518, 0.5512998104095459, -0.12689127027988434, 17.529590606689453, 3.9689881801605225, 3.9855539798736572, 1.9455031156539917, -2.0556087493896484, -3.777622699737549, 6.570713520050049, 7.681613922119141], [3.3836324214935303, -0.592484712600708, 4.245526313781738, -0.5002504587173462, 2.8009564876556396, 2.8461146354675293, 3.6978678703308105, -2.7041969299316406, 7.436506271362305, 0.624921441078186, -3.9336113929748535, 3.330824613571167, -2.105175256729126, 3.9689881801605225, 17.142324447631836, -3.0702998638153076, 2.753154754638672, 1.3465285301208496, -0.33352339267730713, 0.9909121990203857, -6.665982246398926], [-0.08645424991846085, 1.9954015016555786, 3.2652838230133057, 7.913325786590576, -14.210275650024414, 4.262821674346924, -3.999967575073242, 10.274933815002441, -0.2632310688495636, -5.769847869873047, 5.352160930633545, 1.8503681421279907, -7.8790459632873535, 3.9855539798736572, -3.0702998638153076, 30.589351654052734, 2.151980400085449, -3.2265121936798096, -5.480903148651123, -0.08246505260467529, -3.0331838130950928], [2.8716907501220703, -1.1274118423461914, 10.0560941696167, -0.6739869713783264, -2.8828377723693848, 1.2766711711883545, 1.1056045293807983, -0.8299499750137329, -0.3636901378631592, -4.025874614715576, 1.06160306930542, 2.132370710372925, 1.1943328380584717, 1.9455032348632812, 2.75315523147583, 2.1519808769226074, 21.74478530883789, 5.015468597412109, -1.1728897094726562, 3.3249077796936035, 5.194270133972168], [0.4421551525592804, -3.4655821323394775, -6.050806522369385, 2.2018282413482666, 5.738567352294922, -3.9160327911376953, -3.3178367614746094, -1.8770419359207153, -8.097505569458008, 2.3218021392822266, 7.271486282348633, -4.92841911315918, 4.282358646392822, -2.0556085109710693, 1.3465286493301392, -3.226511240005493, 5.015468597412109, 23.2393798828125, 1.2928862571716309, -0.25901269912719727, -0.6422552466392517], [-1.4465975761413574, -1.436260461807251, 2.4157352447509766, -3.498866558074951, 0.35814768075942993, -2.0732057094573975, -3.9315638542175293, 0.3294910192489624, -7.801046848297119, -3.273406982421875, -4.295898914337158, 0.05808771401643753, 5.211997985839844, -3.777622699737549, -0.3335244357585907, -5.4809041023254395, -1.1728897094726562, 1.2928862571716309, 28.516372680664062, 4.313154220581055, -1.9610345363616943], [3.764108419418335, 3.783208131790161, 1.9375429153442383, -2.030902862548828, -10.114692687988281, 0.30373334884643555, -5.08839225769043, -0.48587918281555176, 6.228964328765869, -6.057271480560303, 1.075608491897583, 2.422121047973633, -0.7270134091377258, 6.570712566375732, 0.9909117817878723, -0.08246470242738724, 3.3249077796936035, -0.25901269912719727, 4.313154220581055, 28.711605072021484, 6.1657490730285645], [6.276426792144775, 9.042461395263672, -2.999553680419922, -10.036680221557617, 0.7797515392303467, 4.282945156097412, 6.38112735748291, -1.1761586666107178, -2.132986307144165, -0.9926788806915283, -6.616625785827637, -4.384434700012207, 7.129541397094727, 7.681613445281982, -6.665982246398926, -3.0331835746765137, 5.19426965713501, -0.6422551870346069, -1.9610347747802734, 6.165748596191406, 29.782493591308594]], "type": "heatmap"}], "layout": {"template": {"data": {"histogram2dcontour": [{"type": "histogram2dcontour", "colorbar": {"outlinewidth": 0, "ticks": ""}, "colorscale": [[0.0, "#0d0887"], [0.1111111111111111, "#46039f"], [0.2222222222222222, "#7201a8"], [0.3333333333333333, "#9c179e"], [0.4444444444444444, "#bd3786"], [0.5555555555555556, "#d8576b"], [0.6666666666666666, "#ed7953"], [0.7777777777777778, "#fb9f3a"], [0.8888888888888888, "#fdca26"], [1.0, "#f0f921"]]}], "choropleth": [{"type": "choropleth", "colorbar": {"outlinewidth": 0, "ticks": ""}}], "histogram2d": [{"type": "histogram2d", "colorbar": {"outlinewidth": 0, "ticks": ""}, "colorscale": [[0.0, "#0d0887"], [0.1111111111111111, "#46039f"], [0.2222222222222222, "#7201a8"], [0.3333333333333333, "#9c179e"], [0.4444444444444444, "#bd3786"], [0.5555555555555556, "#d8576b"], [0.6666666666666666, "#ed7953"], [0.7777777777777778, "#fb9f3a"], [0.8888888888888888, "#fdca26"], [1.0, "#f0f921"]]}], "heatmap": [{"type": "heatmap", "colorbar": {"outlinewidth": 0, "ticks": ""}, "colorscale": [[0.0, "#0d0887"], [0.1111111111111111, "#46039f"], [0.2222222222222222, "#7201a8"], [0.3333333333333333, "#9c179e"], [0.4444444444444444, "#bd3786"], [0.5555555555555556, "#d8576b"], [0.6666666666666666, "#ed7953"], [0.7777777777777778, "#fb9f3a"], [0.8888888888888888, "#fdca26"], [1.0, "#f0f921"]]}], "heatmapgl": [{"type": "heatmapgl", "colorbar": {"outlinewidth": 0, "ticks": ""}, "colorscale": [[0.0, "#0d0887"], [0.1111111111111111, "#46039f"], [0.2222222222222222, "#7201a8"], [0.3333333333333333, "#9c179e"], [0.4444444444444444, "#bd3786"], [0.5555555555555556, "#d8576b"], [0.6666666666666666, "#ed7953"], [0.7777777777777778, "#fb9f3a"], [0.8888888888888888, "#fdca26"], [1.0, "#f0f921"]]}], "contourcarpet": [{"type": "contourcarpet", "colorbar": {"outlinewidth": 0, "ticks": ""}}], "contour": [{"type": "contour", "colorbar": {"outlinewidth": 0, "ticks": ""}, "colorscale": [[0.0, "#0d0887"], [0.1111111111111111, "#46039f"], [0.2222222222222222, "#7201a8"], [0.3333333333333333, "#9c179e"], [0.4444444444444444, "#bd3786"], [0.5555555555555556, "#d8576b"], [0.6666666666666666, "#ed7953"], [0.7777777777777778, "#fb9f3a"], [0.8888888888888888, "#fdca26"], [1.0, "#f0f921"]]}], "surface": [{"type": "surface", "colorbar": {"outlinewidth": 0, "ticks": ""}, "colorscale": [[0.0, "#0d0887"], [0.1111111111111111, "#46039f"], [0.2222222222222222, "#7201a8"], [0.3333333333333333, "#9c179e"], [0.4444444444444444, "#bd3786"], [0.5555555555555556, "#d8576b"], [0.6666666666666666, "#ed7953"], [0.7777777777777778, "#fb9f3a"], [0.8888888888888888, "#fdca26"], [1.0, "#f0f921"]]}], "mesh3d": [{"type": "mesh3d", "colorbar": {"outlinewidth": 0, "ticks": ""}}], "scatter": [{"fillpattern": {"fillmode": "overlay", "size": 10, "solidity": 0.2}, "type": "scatter"}], "parcoords": [{"type": "parcoords", "line": {"colorbar": {"outlinewidth": 0, "ticks": ""}}}], "scatterpolargl": [{"type": "scatterpolargl", "marker": {"colorbar": {"outlinewidth": 0, "ticks": ""}}}], "bar": [{"error_x": {"color": "#2a3f5f"}, "error_y": {"color": "#2a3f5f"}, "marker": {"line": {"color": "#E5ECF6", "width": 0.5}, "pattern": {"fillmode": "overlay", "size": 10, "solidity": 0.2}}, "type": "bar"}], "scattergeo": [{"type": "scattergeo", "marker": {"colorbar": {"outlinewidth": 0, "ticks": ""}}}], "scatterpolar": [{"type": "scatterpolar", "marker": {"colorbar": {"outlinewidth": 0, "ticks": ""}}}], "histogram": [{"marker": {"pattern": {"fillmode": "overlay", "size": 10, "solidity": 0.2}}, "type": "histogram"}], "scattergl": [{"type": "scattergl", "marker": {"colorbar": {"outlinewidth": 0, "ticks": ""}}}], "scatter3d": [{"type": "scatter3d", "line": {"colorbar": {"outlinewidth": 0, "ticks": ""}}, "marker": {"colorbar": {"outlinewidth": 0, "ticks": ""}}}], "scattermapbox": [{"type": "scattermapbox", "marker": {"colorbar": {"outlinewidth": 0, "ticks": ""}}}], "scatterternary": [{"type": "scatterternary", "marker": {"colorbar": {"outlinewidth": 0, "ticks": ""}}}], "scattercarpet": [{"type": "scattercarpet", "marker": {"colorbar": {"outlinewidth": 0, "ticks": ""}}}], "carpet": [{"aaxis": {"endlinecolor": "#2a3f5f", "gridcolor": "white", "linecolor": "white", "minorgridcolor": "white", "startlinecolor": "#2a3f5f"}, "baxis": {"endlinecolor": "#2a3f5f", "gridcolor": "white", "linecolor": "white", "minorgridcolor": "white", "startlinecolor": "#2a3f5f"}, "type": "carpet"}], "table": [{"cells": {"fill": {"color": "#EBF0F8"}, "line": {"color": "white"}}, "header": {"fill": {"color": "#C8D4E3"}, "line": {"color": "white"}}, "type": "table"}], "barpolar": [{"marker": {"line": {"color": "#E5ECF6", "width": 0.5}, "pattern": {"fillmode": "overlay", "size": 10, "solidity": 0.2}}, "type": "barpolar"}], "pie": [{"automargin": true, "type": "pie"}]}, "layout": {"autotypenumbers": "strict", "colorway": ["#636efa", "#EF553B", "#00cc96", "#ab63fa", "#FFA15A", "#19d3f3", "#FF6692", "#B6E880", "#FF97FF", "#FECB52"], "font": {"color": "#2a3f5f"}, "hovermode": "closest", "hoverlabel": {"align": "left"}, "paper_bgcolor": "white", "plot_bgcolor": "#E5ECF6", "polar": {"bgcolor": "#E5ECF6", "angularaxis": {"gridcolor": "white", "linecolor": "white", "ticks": ""}, "radialaxis": {"gridcolor": "white", "linecolor": "white", "ticks": ""}}, "ternary": {"bgcolor": "#E5ECF6", "aaxis": {"gridcolor": "white", "linecolor": "white", "ticks": ""}, "baxis": {"gridcolor": "white", "linecolor": "white", "ticks": ""}, "caxis": {"gridcolor": "white", "linecolor": "white", "ticks": ""}}, "coloraxis": {"colorbar": {"outlinewidth": 0, "ticks": ""}}, "colorscale": {"sequential": [[0.0, "#0d0887"], [0.1111111111111111, "#46039f"], [0.2222222222222222, "#7201a8"], [0.3333333333333333, "#9c179e"], [0.4444444444444444, "#bd3786"], [0.5555555555555556, "#d8576b"], [0.6666666666666666, "#ed7953"], [0.7777777777777778, "#fb9f3a"], [0.8888888888888888, "#fdca26"], [1.0, "#f0f921"]], "sequentialminus": [[0.0, "#0d0887"], [0.1111111111111111, "#46039f"], [0.2222222222222222, "#7201a8"], [0.3333333333333333, "#9c179e"], [0.4444444444444444, "#bd3786"], [0.5555555555555556, "#d8576b"], [0.6666666666666666, "#ed7953"], [0.7777777777777778, "#fb9f3a"], [0.8888888888888888, "#fdca26"], [1.0, "#f0f921"]], "diverging": [[0, "#8e0152"], [0.1, "#c51b7d"], [0.2, "#de77ae"], [0.3, "#f1b6da"], [0.4, "#fde0ef"], [0.5, "#f7f7f7"], [0.6, "#e6f5d0"], [0.7, "#b8e186"], [0.8, "#7fbc41"], [0.9, "#4d9221"], [1, "#276419"]]}, "xaxis": {"gridcolor": "white", "linecolor": "white", "ticks": "", "title": {"standoff": 15}, "zerolinecolor": "white", "automargin": true, "zerolinewidth": 2}, "yaxis": {"gridcolor": "white", "linecolor": "white", "ticks": "", "title": {"standoff": 15}, "zerolinecolor": "white", "automargin": true, "zerolinewidth": 2}, "scene": {"xaxis": {"backgroundcolor": "#E5ECF6", "gridcolor": "white", "linecolor": "white", "showbackground": true, "ticks": "", "zerolinecolor": "white", "gridwidth": 2}, "yaxis": {"backgroundcolor": "#E5ECF6", "gridcolor": "white", "linecolor": "white", "showbackground": true, "ticks": "", "zerolinecolor": "white", "gridwidth": 2}, "zaxis": {"backgroundcolor": "#E5ECF6", "gridcolor": "white", "linecolor": "white", "showbackground": true, "ticks": "", "zerolinecolor": "white", "gridwidth": 2}}, "shapedefaults": {"line": {"color": "#2a3f5f"}}, "annotationdefaults": {"arrowcolor": "#2a3f5f", "arrowhead": 0, "arrowwidth": 1}, "geo": {"bgcolor": "white", "landcolor": "#E5ECF6", "subunitcolor": "white", "showland": true, "showlakes": true, "lakecolor": "white"}, "title": {"x": 0.05}, "mapbox": {"style": "light"}}}}}