{"data": [{"z": [[21.092697143554688, 3.840759754180908, 4.460610389709473, -1.802370548248291, -2.761578321456909, 6.495473384857178, -0.7822510004043579, 5.015425682067871, -2.6349971294403076, -0.25037360191345215, -5.822337627410889, -0.38295939564704895, 4.711302757263184, 3.087846279144287, 3.211184024810791, -1.4455742835998535, 2.7153735160827637, 0.18406081199645996, -2.1327409744262695, 4.227292060852051, 6.790567874908447], [3.840759754180908, 12.518526077270508, 0.9960544109344482, -0.33638978004455566, -2.144425630569458, 4.215015411376953, 2.381458044052124, 3.9472250938415527, 3.9043002128601074, 0.5917218327522278, -3.644211530685425, -0.563877284526825, 0.2878055274486542, 5.775772571563721, -1.226757287979126, 0.9524500370025635, -1.874859094619751, -4.421929836273193, -2.041722536087036, 4.079047679901123, 9.59621810913086], [4.460610389709473, 0.9960544109344482, 37.53983688354492, 3.8842318058013916, 3.761969804763794, 3.945050001144409, -2.5704007148742676, -0.7869909405708313, 2.621340751647949, -6.058963298797607, -4.111238956451416, 3.1721301078796387, -5.862821102142334, -1.0576722621917725, 4.5124287605285645, 3.438600778579712, 11.309087753295898, -7.428012371063232, 1.440934658050537, 1.5595612525939941, -3.4943737983703613], [-1.802370548248291, -0.33638978004455566, 3.8842318058013916, 27.32223892211914, -4.185860633850098, -1.328526258468628, 4.593204975128174, 5.109606742858887, -1.6076191663742065, -1.687029480934143, 2.181790351867676, -3.1542444229125977, 4.914662837982178, -5.080250263214111, -1.2915823459625244, 8.722460746765137, -1.8699795007705688, 1.682433843612671, -4.495657920837402, -3.116281747817993, -10.830702781677246], [-2.761578321456909, -2.144425630569458, 3.761969804763794, -4.185860633850098, 40.26530838012695, -0.5198670625686646, 1.396976351737976, -8.099431037902832, -0.7418035268783569, 11.291502952575684, 3.281392812728882, -0.6606901288032532, 9.657008171081543, -0.8048847913742065, 3.166978120803833, -15.913986206054688, -3.3258094787597656, 6.306536674499512, 0.4653615951538086, -11.648219108581543, 0.5517177581787109], [6.495473384857178, 4.215015411376953, 3.945050001144409, -1.328526258468628, -0.5198670625686646, 18.666799545288086, -2.3066885471343994, 2.1280972957611084, 5.095989227294922, 2.0354623794555664, -9.515218734741211, -0.92745041847229, 4.441011905670166, 2.495666027069092, 2.2963080406188965, 4.294286251068115, 0.8976781368255615, -5.116544723510742, -3.2913436889648438, -0.5960760116577148, 4.541769027709961], [-0.7822510004043579, 2.381458044052124, -2.5704007148742676, 4.593204975128174, 1.396976351737976, -2.3066885471343994, 30.654850006103516, 5.004271030426025, -3.125877857208252, 0.7703618407249451, -3.084524154663086, 2.4834768772125244, 3.6608762741088867, 1.2949364185333252, 3.2174417972564697, -5.172104835510254, 0.4142720699310303, -4.494082927703857, -4.8748273849487305, -6.424267768859863, 6.580870628356934], [5.015425682067871, 3.9472250938415527, -0.7869909405708313, 5.109606742858887, -8.099431037902832, 2.1280972957611084, 5.004271030426025, 23.89248275756836, -11.463075637817383, -2.8587944507598877, 3.680440664291382, 2.1142518520355225, 0.474740207195282, 0.8406902551651001, -4.2138214111328125, 11.193012237548828, -1.3031419515609741, -2.9542455673217773, -0.5040562152862549, -1.7625586986541748, -1.1390135288238525], [-2.6349971294403076, 3.9043002128601074, 2.621340751647949, -1.6076191663742065, -0.7418035268783569, 5.095989227294922, -3.125877857208252, -11.463075637817383, 44.907203674316406, -5.9974541664123535, -0.020894108340144157, 3.0299739837646484, -6.016078948974609, 9.802566528320312, 8.236734390258789, -0.9721725583076477, -0.7788451910018921, -9.045209884643555, -8.208349227905273, 7.008347511291504, -2.2638843059539795], [-0.25037360191345215, 0.5917218327522278, -6.058963298797607, -1.687029480934143, 11.291502952575684, 2.0354623794555664, 0.7703618407249451, -2.8587944507598877, -5.9974541664123535, 23.63124656677246, 5.918120384216309, 2.17519211769104, 2.2662642002105713, -2.1974499225616455, 0.4258202314376831, -7.584837436676025, -5.579285621643066, 1.896061658859253, -4.095326900482178, -7.648601531982422, -1.2882287502288818], [-5.822337627410889, -3.644211530685425, -4.111238956451416, 2.181790351867676, 3.281392812728882, -9.515218734741211, -3.084524154663086, 3.680440664291382, -0.020894108340144157, 5.918120384216309, 28.11358642578125, 7.465959548950195, 0.10045293718576431, -2.853956460952759, -4.645125389099121, 4.9464030265808105, 0.4971611499786377, 7.465096473693848, -4.6724982261657715, 0.18792307376861572, -7.416672229766846], [-0.38295939564704895, -0.563877284526825, 3.1721301078796387, -3.1542444229125977, -0.6606901288032532, -0.92745041847229, 2.4834768772125244, 2.1142518520355225, 3.0299739837646484, 2.17519211769104, 7.465959548950195, 16.852275848388672, -0.5469731688499451, 0.6328005790710449, 3.303718090057373, 1.2587945461273193, 1.7677327394485474, -5.971973896026611, -0.5504100322723389, 2.260960578918457, -4.4882612228393555], [4.711302757263184, 0.2878055274486542, -5.862821102142334, 4.914662837982178, 9.657008171081543, 4.441011905670166, 3.6608762741088867, 0.474740207195282, -6.016078948974609, 2.2662642002105713, 0.10045293718576431, -0.5469731688499451, 27.340450286865234, -0.7093462347984314, -2.534792900085449, -9.210938453674316, 0.7607223987579346, 4.585067272186279, 5.646683216094971, -1.1640326976776123, 7.334261417388916], [3.087846279144287, 5.775772571563721, -1.0576722621917725, -5.080250263214111, -0.8048847913742065, 2.495666027069092, 1.2949364185333252, 0.8406902551651001, 9.802566528320312, -2.1974499225616455, -2.853956460952759, 0.6328005790710449, -0.7093462347984314, 19.853063583374023, 4.096934795379639, 4.1768035888671875, 2.051058769226074, -2.7839419841766357, -4.438133239746094, 7.640404224395752, 8.238941192626953], [3.211184024810791, -1.226757287979126, 4.5124287605285645, -1.2915823459625244, 3.166978120803833, 2.2963080406188965, 3.2174417972564697, -4.2138214111328125, 8.236734390258789, 0.4258202314376831, -4.645125389099121, 3.303718090057373, -2.534792900085449, 4.096934795379639, 18.735515594482422, -4.709329605102539, 2.2953133583068848, 1.2340404987335205, -0.5759754180908203, 1.3682310581207275, -7.078848838806152], [-1.4455742835998535, 0.9524500370025635, 3.438600778579712, 8.722460746765137, -15.913986206054688, 4.294286251068115, -5.172104835510254, 11.193012237548828, -0.9721725583076477, -7.584837436676025, 4.9464030265808105, 1.2587945461273193, -9.210938453674316, 4.1768035888671875, -4.709329605102539, 33.43347930908203, 2.0809483528137207, -4.360895156860352, -6.5660505294799805, -1.2934443950653076, -3.2825064659118652], [2.7153728008270264, -1.8748586177825928, 11.309087753295898, -1.8699795007705688, -3.325809955596924, 0.8976778984069824, 0.41427233815193176, -1.3031415939331055, -0.7788453102111816, -5.579286575317383, 0.4971615672111511, 1.7677325010299683, 0.7607224583625793, 2.051058769226074, 2.2953131198883057, 2.0809485912323, 24.183622360229492, 5.214624881744385, -1.7788450717926025, 3.4556705951690674, 5.632316589355469], [0.18406106531620026, -4.421930313110352, -7.428011894226074, 1.6824336051940918, 6.3065361976623535, -5.1165452003479, -4.494082927703857, -2.9542455673217773, -9.045208930969238, 1.8960609436035156, 7.4650959968566895, -5.971974849700928, 4.5850677490234375, -2.7839419841766357, 1.2340394258499146, -4.36089563369751, 5.214624881744385, 25.205949783325195, 1.7794818878173828, -0.2495589256286621, -0.854439914226532], [-2.1327409744262695, -2.041722536087036, 1.4409345388412476, -4.495657920837402, 0.46536189317703247, -3.2913436889648438, -4.874827861785889, -0.5040563344955444, -8.20835018157959, -4.095327377319336, -4.6724982261657715, -0.550409734249115, 5.646684169769287, -4.438133239746094, -0.5759750604629517, -6.566051006317139, -1.7788450717926025, 1.7794818878173828, 30.157352447509766, 4.649832725524902, -2.0129759311676025], [4.227292060852051, 4.079047679901123, 1.5595623254776, -3.1162827014923096, -11.64822006225586, -0.5960764288902283, -6.424267292022705, -1.7625588178634644, 7.008347988128662, -7.648601531982422, 0.18792270123958588, 2.260960340499878, -1.164032220840454, 7.640403747558594, 1.3682314157485962, -1.293444275856018, 3.4556705951690674, -0.2495589256286621, 4.649832725524902, 32.421085357666016, 6.5416717529296875], [6.7905683517456055, 9.59621810913086, -3.4943737983703613, -10.83070182800293, 0.5517177581787109, 4.5417680740356445, 6.580870628356934, -1.1390125751495361, -2.2638840675354004, -1.2882282733917236, -7.416672706604004, -4.488261699676514, 7.334260940551758, 8.23894214630127, -7.078848838806152, -3.282506227493286, 5.632317066192627, -0.8544398546218872, -2.0129754543304443, 6.541672706604004, 29.782493591308594]], "type": "heatmap"}], "layout": {"template": {"data": {"histogram2dcontour": [{"type": "histogram2dcontour", "colorbar": {"outlinewidth": 0, "ticks": ""}, "colorscale": [[0.0, "#0d0887"], [0.1111111111111111, "#46039f"], [0.2222222222222222, "#7201a8"], [0.3333333333333333, "#9c179e"], [0.4444444444444444, "#bd3786"], [0.5555555555555556, "#d8576b"], [0.6666666666666666, "#ed7953"], [0.7777777777777778, "#fb9f3a"], [0.8888888888888888, "#fdca26"], [1.0, "#f0f921"]]}], "choropleth": [{"type": "choropleth", "colorbar": {"outlinewidth": 0, "ticks": ""}}], "histogram2d": [{"type": "histogram2d", "colorbar": {"outlinewidth": 0, "ticks": ""}, "colorscale": [[0.0, "#0d0887"], [0.1111111111111111, "#46039f"], [0.2222222222222222, "#7201a8"], [0.3333333333333333, "#9c179e"], [0.4444444444444444, "#bd3786"], [0.5555555555555556, "#d8576b"], [0.6666666666666666, "#ed7953"], [0.7777777777777778, "#fb9f3a"], [0.8888888888888888, "#fdca26"], [1.0, "#f0f921"]]}], "heatmap": [{"type": "heatmap", "colorbar": {"outlinewidth": 0, "ticks": ""}, "colorscale": [[0.0, "#0d0887"], [0.1111111111111111, "#46039f"], [0.2222222222222222, "#7201a8"], [0.3333333333333333, "#9c179e"], [0.4444444444444444, "#bd3786"], [0.5555555555555556, "#d8576b"], [0.6666666666666666, "#ed7953"], [0.7777777777777778, "#fb9f3a"], [0.8888888888888888, "#fdca26"], [1.0, "#f0f921"]]}], "heatmapgl": [{"type": "heatmapgl", "colorbar": {"outlinewidth": 0, "ticks": ""}, "colorscale": [[0.0, "#0d0887"], [0.1111111111111111, "#46039f"], [0.2222222222222222, "#7201a8"], [0.3333333333333333, "#9c179e"], [0.4444444444444444, "#bd3786"], [0.5555555555555556, "#d8576b"], [0.6666666666666666, "#ed7953"], [0.7777777777777778, "#fb9f3a"], [0.8888888888888888, "#fdca26"], [1.0, "#f0f921"]]}], "contourcarpet": [{"type": "contourcarpet", "colorbar": {"outlinewidth": 0, "ticks": ""}}], "contour": [{"type": "contour", "colorbar": {"outlinewidth": 0, "ticks": ""}, "colorscale": [[0.0, "#0d0887"], [0.1111111111111111, "#46039f"], [0.2222222222222222, "#7201a8"], [0.3333333333333333, "#9c179e"], [0.4444444444444444, "#bd3786"], [0.5555555555555556, "#d8576b"], [0.6666666666666666, "#ed7953"], [0.7777777777777778, "#fb9f3a"], [0.8888888888888888, "#fdca26"], [1.0, "#f0f921"]]}], "surface": [{"type": "surface", "colorbar": {"outlinewidth": 0, "ticks": ""}, "colorscale": [[0.0, "#0d0887"], [0.1111111111111111, "#46039f"], [0.2222222222222222, "#7201a8"], [0.3333333333333333, "#9c179e"], [0.4444444444444444, "#bd3786"], [0.5555555555555556, "#d8576b"], [0.6666666666666666, "#ed7953"], [0.7777777777777778, "#fb9f3a"], [0.8888888888888888, "#fdca26"], [1.0, "#f0f921"]]}], "mesh3d": [{"type": "mesh3d", "colorbar": {"outlinewidth": 0, "ticks": ""}}], "scatter": [{"fillpattern": {"fillmode": "overlay", "size": 10, "solidity": 0.2}, "type": "scatter"}], "parcoords": [{"type": "parcoords", "line": {"colorbar": {"outlinewidth": 0, "ticks": ""}}}], "scatterpolargl": [{"type": "scatterpolargl", "marker": {"colorbar": {"outlinewidth": 0, "ticks": ""}}}], "bar": [{"error_x": {"color": "#2a3f5f"}, "error_y": {"color": "#2a3f5f"}, "marker": {"line": {"color": "#E5ECF6", "width": 0.5}, "pattern": {"fillmode": "overlay", "size": 10, "solidity": 0.2}}, "type": "bar"}], "scattergeo": [{"type": "scattergeo", "marker": {"colorbar": {"outlinewidth": 0, "ticks": ""}}}], "scatterpolar": [{"type": "scatterpolar", "marker": {"colorbar": {"outlinewidth": 0, "ticks": ""}}}], "histogram": [{"marker": {"pattern": {"fillmode": "overlay", "size": 10, "solidity": 0.2}}, "type": "histogram"}], "scattergl": [{"type": "scattergl", "marker": {"colorbar": {"outlinewidth": 0, "ticks": ""}}}], "scatter3d": [{"type": "scatter3d", "line": {"colorbar": {"outlinewidth": 0, "ticks": ""}}, "marker": {"colorbar": {"outlinewidth": 0, "ticks": ""}}}], "scattermapbox": [{"type": "scattermapbox", "marker": {"colorbar": {"outlinewidth": 0, "ticks": ""}}}], "scatterternary": [{"type": "scatterternary", "marker": {"colorbar": {"outlinewidth": 0, "ticks": ""}}}], "scattercarpet": [{"type": "scattercarpet", "marker": {"colorbar": {"outlinewidth": 0, "ticks": ""}}}], "carpet": [{"aaxis": {"endlinecolor": "#2a3f5f", "gridcolor": "white", "linecolor": "white", "minorgridcolor": "white", "startlinecolor": "#2a3f5f"}, "baxis": {"endlinecolor": "#2a3f5f", "gridcolor": "white", "linecolor": "white", "minorgridcolor": "white", "startlinecolor": "#2a3f5f"}, "type": "carpet"}], "table": [{"cells": {"fill": {"color": "#EBF0F8"}, "line": {"color": "white"}}, "header": {"fill": {"color": "#C8D4E3"}, "line": {"color": "white"}}, "type": "table"}], "barpolar": [{"marker": {"line": {"color": "#E5ECF6", "width": 0.5}, "pattern": {"fillmode": "overlay", "size": 10, "solidity": 0.2}}, "type": "barpolar"}], "pie": [{"automargin": true, "type": "pie"}]}, "layout": {"autotypenumbers": "strict", "colorway": ["#636efa", "#EF553B", "#00cc96", "#ab63fa", "#FFA15A", "#19d3f3", "#FF6692", "#B6E880", "#FF97FF", "#FECB52"], "font": {"color": "#2a3f5f"}, "hovermode": "closest", "hoverlabel": {"align": "left"}, "paper_bgcolor": "white", "plot_bgcolor": "#E5ECF6", "polar": {"bgcolor": "#E5ECF6", "angularaxis": {"gridcolor": "white", "linecolor": "white", "ticks": ""}, "radialaxis": {"gridcolor": "white", "linecolor": "white", "ticks": ""}}, "ternary": {"bgcolor": "#E5ECF6", "aaxis": {"gridcolor": "white", "linecolor": "white", "ticks": ""}, "baxis": {"gridcolor": "white", "linecolor": "white", "ticks": ""}, "caxis": {"gridcolor": "white", "linecolor": "white", "ticks": ""}}, "coloraxis": {"colorbar": {"outlinewidth": 0, "ticks": ""}}, "colorscale": {"sequential": [[0.0, "#0d0887"], [0.1111111111111111, "#46039f"], [0.2222222222222222, "#7201a8"], [0.3333333333333333, "#9c179e"], [0.4444444444444444, "#bd3786"], [0.5555555555555556, "#d8576b"], [0.6666666666666666, "#ed7953"], [0.7777777777777778, "#fb9f3a"], [0.8888888888888888, "#fdca26"], [1.0, "#f0f921"]], "sequentialminus": [[0.0, "#0d0887"], [0.1111111111111111, "#46039f"], [0.2222222222222222, "#7201a8"], [0.3333333333333333, "#9c179e"], [0.4444444444444444, "#bd3786"], [0.5555555555555556, "#d8576b"], [0.6666666666666666, "#ed7953"], [0.7777777777777778, "#fb9f3a"], [0.8888888888888888, "#fdca26"], [1.0, "#f0f921"]], "diverging": [[0, "#8e0152"], [0.1, "#c51b7d"], [0.2, "#de77ae"], [0.3, "#f1b6da"], [0.4, "#fde0ef"], [0.5, "#f7f7f7"], [0.6, "#e6f5d0"], [0.7, "#b8e186"], [0.8, "#7fbc41"], [0.9, "#4d9221"], [1, "#276419"]]}, "xaxis": {"gridcolor": "white", "linecolor": "white", "ticks": "", "title": {"standoff": 15}, "zerolinecolor": "white", "automargin": true, "zerolinewidth": 2}, "yaxis": {"gridcolor": "white", "linecolor": "white", "ticks": "", "title": {"standoff": 15}, "zerolinecolor": "white", "automargin": true, "zerolinewidth": 2}, "scene": {"xaxis": {"backgroundcolor": "#E5ECF6", "gridcolor": "white", "linecolor": "white", "showbackground": true, "ticks": "", "zerolinecolor": "white", "gridwidth": 2}, "yaxis": {"backgroundcolor": "#E5ECF6", "gridcolor": "white", "linecolor": "white", "showbackground": true, "ticks": "", "zerolinecolor": "white", "gridwidth": 2}, "zaxis": {"backgroundcolor": "#E5ECF6", "gridcolor": "white", "linecolor": "white", "showbackground": true, "ticks": "", "zerolinecolor": "white", "gridwidth": 2}}, "shapedefaults": {"line": {"color": "#2a3f5f"}}, "annotationdefaults": {"arrowcolor": "#2a3f5f", "arrowhead": 0, "arrowwidth": 1}, "geo": {"bgcolor": "white", "landcolor": "#E5ECF6", "subunitcolor": "white", "showland": true, "showlakes": true, "lakecolor": "white"}, "title": {"x": 0.05}, "mapbox": {"style": "light"}}}}}