{"data": [{"z": [[18.803422927856445, 3.7531912326812744, 5.363656997680664, 0.11269716173410416, -1.860816478729248, 6.130395889282227, 0.024945979937911034, 5.055173397064209, -1.750895619392395, 0.6081969141960144, -4.009495735168457, 0.03254059702157974, 4.481040000915527, 3.3609530925750732, 3.534008741378784, 0.3608786463737488, 2.973339319229126, 0.504105806350708, -1.2185763120651245, 3.8113582134246826, 6.135346412658691], [3.7531912326812744, 11.91513442993164, 1.8370414972305298, 1.0713785886764526, -1.4090877771377563, 4.594651222229004, 2.712374210357666, 3.9374377727508545, 4.289425373077393, 1.4538246393203735, -2.1943838596343994, -0.10518384724855423, 0.6136265397071838, 5.316380500793457, -0.3328397274017334, 2.375936508178711, -0.8726993799209595, -3.2419209480285645, -1.279369831085205, 3.8768715858459473, 8.90136432647705], [5.363656997680664, 1.8370414972305298, 33.2205924987793, 3.8605895042419434, 3.6029834747314453, 4.177611827850342, -1.9714064598083496, -0.33156782388687134, 1.9411648511886597, -4.710309028625488, -3.706447124481201, 2.8559656143188477, -4.112298965454102, -0.8556334376335144, 4.425055027008057, 3.207226037979126, 9.981884956359863, -5.733536720275879, 2.5873258113861084, 2.1515660285949707, -2.904574155807495], [0.11269716173410416, 1.0713785886764526, 3.8605895042419434, 24.335491180419922, -3.2359611988067627, -0.13265226781368256, 4.876437664031982, 5.183108806610107, -0.5645117163658142, -0.35848909616470337, 2.8547370433807373, -2.0504329204559326, 4.777214050292969, -3.426994800567627, -0.18553905189037323, 7.991783142089844, -0.21533900499343872, 2.3576855659484863, -3.2981045246124268, -1.5523666143417358, -9.797674179077148], [-1.860816478729248, -1.4090877771377563, 3.6029834747314453, -3.2359611988067627, 37.13376998901367, 0.046821217983961105, 1.0449352264404297, -6.949058532714844, -0.695302426815033, 10.339922904968262, 2.7441580295562744, -0.4769456684589386, 9.147355079650879, -0.011144476942718029, 2.7882182598114014, -13.858433723449707, -2.8035647869110107, 5.639314651489258, 0.33951902389526367, -9.742630004882812, 0.869377613067627], [6.130395889282227, 4.594651222229004, 4.177611827850342, -0.13265226781368256, 0.046821217983961105, 16.628597259521484, -1.2231136560440063, 1.812809944152832, 5.61525821685791, 2.6694562435150146, -6.919112205505371, -0.05492781475186348, 4.266300678253174, 2.921980142593384, 3.03358793258667, 4.42832088470459, 1.4249768257141113, -3.739307165145874, -1.8170692920684814, 0.6303145885467529, 4.201193809509277], [0.024945979937911034, 2.712374210357666, -1.9714064598083496, 4.876437664031982, 1.0449352264404297, -1.2231136560440063, 28.108020782470703, 5.353311538696289, -2.507460117340088, 1.4166810512542725, -1.9549834728240967, 2.6845338344573975, 3.56416392326355, 2.1682686805725098, 3.893977403640747, -3.7223784923553467, 1.3568687438964844, -3.0577125549316406, -3.709669589996338, -4.742185115814209, 6.302338600158691], [5.055173397064209, 3.9374377727508545, -0.33156782388687134, 5.183108806610107, -6.949058532714844, 1.812809944152832, 5.353311538696289, 20.857269287109375, -8.983589172363281, -1.722185730934143, 3.5621378421783447, 2.1880366802215576, 0.5430735349655151, 1.1947240829467773, -2.3046140670776367, 10.294200897216797, -0.6014107465744019, -1.5979032516479492, 0.5496141910552979, -0.11170506477355957, -1.180729866027832], [-1.750895619392395, 4.289425373077393, 1.9411648511886597, -0.5645117163658142, -0.695302426815033, 5.61525821685791, -2.507460117340088, -8.983589172363281, 40.56884002685547, -4.320016860961914, 0.16557617485523224, 3.116886854171753, -4.593530654907227, 8.61761474609375, 7.450185298919678, -0.08260374516248703, -0.19555413722991943, -7.951591491699219, -7.708473205566406, 6.133995532989502, -2.115149736404419], [0.6081969141960144, 1.4538246393203735, -4.710309028625488, -0.35848909616470337, 10.339922904968262, 2.6694562435150146, 1.4166810512542725, -1.722185730934143, -4.320016860961914, 22.218172073364258, 6.104575157165527, 2.5747170448303223, 2.4089531898498535, -0.8796728849411011, 0.7386095523834229, -5.249217987060547, -3.6535558700561523, 2.4861795902252197, -2.9914348125457764, -5.673434257507324, -0.9195914268493652], [-4.009495735168457, -2.1943838596343994, -3.706447124481201, 2.8547370433807373, 2.7441580295562744, -6.919112205505371, -1.9549834728240967, 3.5621378421783447, 0.16557617485523224, 6.104575157165527, 24.55181312561035, 6.641777515411377, 0.534953236579895, -2.163904905319214, -3.687513589859009, 5.453265190124512, 1.2050474882125854, 7.1959710121154785, -4.249373435974121, 1.1524990797042847, -6.479796409606934], [0.03254059702157974, -0.10518384724855423, 2.8559656143188477, -2.0504329204559326, -0.4769456684589386, -0.05492781475186348, 2.6845338344573975, 2.1880366802215576, 3.116886854171753, 2.5747170448303223, 6.641777515411377, 15.731101036071777, -0.29714205861091614, 0.625680148601532, 3.514200448989868, 2.0816614627838135, 2.275707244873047, -4.596395015716553, 0.1876540184020996, 2.546072483062744, -4.334550857543945], [4.481040000915527, 0.6136265397071838, -4.112298965454102, 4.777214050292969, 9.147355079650879, 4.266300678253174, 3.56416392326355, 0.5430735349655151, -4.593530654907227, 2.4089531898498535, 0.534953236579895, -0.29714205861091614, 24.11707878112793, 0.07637643069028854, -1.9107707738876343, -7.442723751068115, 1.3283472061157227, 4.3101325035095215, 5.174937725067139, -0.5469475984573364, 7.07298469543457], [3.3609530925750732, 5.316380500793457, -0.8556334376335144, -3.426994800567627, -0.011144476942718029, 2.921980142593384, 2.1682686805725098, 1.1947240829467773, 8.61761474609375, -0.8796728849411011, -2.163904905319214, 0.625680148601532, 0.07637643069028854, 17.127714157104492, 4.070560932159424, 3.971447229385376, 2.1640307903289795, -1.938327670097351, -3.6178133487701416, 6.455061912536621, 7.540278911590576], [3.534008741378784, -0.3328397274017334, 4.425055027008057, -0.18553905189037323, 2.7882182598114014, 3.03358793258667, 3.893977403640747, -2.3046140670776367, 7.450185298919678, 0.7386095523834229, -3.687513589859009, 3.514200448989868, -1.9107707738876343, 4.070560932159424, 17.064802169799805, -2.6285030841827393, 3.061861038208008, 1.332007884979248, -0.2995467185974121, 1.006617784500122, -6.577742576599121], [0.3608786463737488, 2.375936508178711, 3.207226037979126, 7.991783142089844, -13.858433723449707, 4.42832088470459, -3.7223784923553467, 10.294200897216797, -0.08260374516248703, -5.249217987060547, 5.453265190124512, 2.0816614627838135, -7.442723751068115, 3.971447229385376, -2.6285030841827393, 30.14502716064453, 2.2912299633026123, -2.9678955078125, -5.261988162994385, 0.3301581144332886, -2.9643261432647705], [2.973339319229126, -0.8726995587348938, 9.98188304901123, -0.21533900499343872, -2.803565502166748, 1.4249762296676636, 1.3568692207336426, -0.6014108657836914, -0.19555413722991943, -3.6535556316375732, 1.205047845840454, 2.2757070064544678, 1.3283469676971436, 2.1640312671661377, 3.061861515045166, 2.2912306785583496, 21.37126350402832, 4.882990837097168, -0.9879336357116699, 3.473191261291504, 5.096451282501221], [0.5041062235832214, -3.2419209480285645, -5.733536720275879, 2.3576862812042236, 5.639314651489258, -3.739307165145874, -3.0577118396759033, -1.5979028940200806, -7.9515910148620605, 2.4861793518066406, 7.195971965789795, -4.596395015716553, 4.310132026672363, -1.938327431678772, 1.3320082426071167, -2.967895269393921, 4.882990837097168, 22.8248348236084, 1.2609221935272217, -0.24277591705322266, -0.61649489402771], [-1.218576431274414, -1.279369831085205, 2.5873262882232666, -3.298105001449585, 0.33951857686042786, -1.817069411277771, -3.7096691131591797, 0.5496142506599426, -7.708473205566406, -2.9914348125457764, -4.249373435974121, 0.18765392899513245, 5.1749372482299805, -3.6178131103515625, -0.2995469570159912, -5.261988162994385, -0.9879336357116699, 1.2609221935272217, 28.172039031982422, 4.300795555114746, -1.9352128505706787], [3.8113577365875244, 3.876871109008789, 2.151566505432129, -1.552366852760315, -9.742630004882812, 0.6303149461746216, -4.742185115814209, -0.11170513182878494, 6.133995056152344, -5.673434257507324, 1.1524989604949951, 2.546072244644165, -0.546947181224823, 6.455061435699463, 1.0066173076629639, 0.33015814423561096, 3.473191261291504, -0.24277591705322266, 4.300795555114746, 28.121976852416992, 6.1046600341796875], [6.13534688949585, 8.901365280151367, -2.904573917388916, -9.797674179077148, 0.8693773746490479, 4.201193332672119, 6.30233907699585, -1.1807303428649902, -2.11514949798584, -0.9195911884307861, -6.479796409606934, -4.3345513343811035, 7.072983741760254, 7.540279388427734, -6.577742099761963, -2.9643263816833496, 5.0964508056640625, -0.6164946556091309, -1.9352126121520996, 6.1046600341796875, 29.782493591308594]], "type": "heatmap"}], "layout": {"template": {"data": {"histogram2dcontour": [{"type": "histogram2dcontour", "colorbar": {"outlinewidth": 0, "ticks": ""}, "colorscale": [[0.0, "#0d0887"], [0.1111111111111111, "#46039f"], [0.2222222222222222, "#7201a8"], [0.3333333333333333, "#9c179e"], [0.4444444444444444, "#bd3786"], [0.5555555555555556, "#d8576b"], [0.6666666666666666, "#ed7953"], [0.7777777777777778, "#fb9f3a"], [0.8888888888888888, "#fdca26"], [1.0, "#f0f921"]]}], "choropleth": [{"type": "choropleth", "colorbar": {"outlinewidth": 0, "ticks": ""}}], "histogram2d": [{"type": "histogram2d", "colorbar": {"outlinewidth": 0, "ticks": ""}, "colorscale": [[0.0, "#0d0887"], [0.1111111111111111, "#46039f"], [0.2222222222222222, "#7201a8"], [0.3333333333333333, "#9c179e"], [0.4444444444444444, "#bd3786"], [0.5555555555555556, "#d8576b"], [0.6666666666666666, "#ed7953"], [0.7777777777777778, "#fb9f3a"], [0.8888888888888888, "#fdca26"], [1.0, "#f0f921"]]}], "heatmap": [{"type": "heatmap", "colorbar": {"outlinewidth": 0, "ticks": ""}, "colorscale": [[0.0, "#0d0887"], [0.1111111111111111, "#46039f"], [0.2222222222222222, "#7201a8"], [0.3333333333333333, "#9c179e"], [0.4444444444444444, "#bd3786"], [0.5555555555555556, "#d8576b"], [0.6666666666666666, "#ed7953"], [0.7777777777777778, "#fb9f3a"], [0.8888888888888888, "#fdca26"], [1.0, "#f0f921"]]}], "heatmapgl": [{"type": "heatmapgl", "colorbar": {"outlinewidth": 0, "ticks": ""}, "colorscale": [[0.0, "#0d0887"], [0.1111111111111111, "#46039f"], [0.2222222222222222, "#7201a8"], [0.3333333333333333, "#9c179e"], [0.4444444444444444, "#bd3786"], [0.5555555555555556, "#d8576b"], [0.6666666666666666, "#ed7953"], [0.7777777777777778, "#fb9f3a"], [0.8888888888888888, "#fdca26"], [1.0, "#f0f921"]]}], "contourcarpet": [{"type": "contourcarpet", "colorbar": {"outlinewidth": 0, "ticks": ""}}], "contour": [{"type": "contour", "colorbar": {"outlinewidth": 0, "ticks": ""}, "colorscale": [[0.0, "#0d0887"], [0.1111111111111111, "#46039f"], [0.2222222222222222, "#7201a8"], [0.3333333333333333, "#9c179e"], [0.4444444444444444, "#bd3786"], [0.5555555555555556, "#d8576b"], [0.6666666666666666, "#ed7953"], [0.7777777777777778, "#fb9f3a"], [0.8888888888888888, "#fdca26"], [1.0, "#f0f921"]]}], "surface": [{"type": "surface", "colorbar": {"outlinewidth": 0, "ticks": ""}, "colorscale": [[0.0, "#0d0887"], [0.1111111111111111, "#46039f"], [0.2222222222222222, "#7201a8"], [0.3333333333333333, "#9c179e"], [0.4444444444444444, "#bd3786"], [0.5555555555555556, "#d8576b"], [0.6666666666666666, "#ed7953"], [0.7777777777777778, "#fb9f3a"], [0.8888888888888888, "#fdca26"], [1.0, "#f0f921"]]}], "mesh3d": [{"type": "mesh3d", "colorbar": {"outlinewidth": 0, "ticks": ""}}], "scatter": [{"fillpattern": {"fillmode": "overlay", "size": 10, "solidity": 0.2}, "type": "scatter"}], "parcoords": [{"type": "parcoords", "line": {"colorbar": {"outlinewidth": 0, "ticks": ""}}}], "scatterpolargl": [{"type": "scatterpolargl", "marker": {"colorbar": {"outlinewidth": 0, "ticks": ""}}}], "bar": [{"error_x": {"color": "#2a3f5f"}, "error_y": {"color": "#2a3f5f"}, "marker": {"line": {"color": "#E5ECF6", "width": 0.5}, "pattern": {"fillmode": "overlay", "size": 10, "solidity": 0.2}}, "type": "bar"}], "scattergeo": [{"type": "scattergeo", "marker": {"colorbar": {"outlinewidth": 0, "ticks": ""}}}], "scatterpolar": [{"type": "scatterpolar", "marker": {"colorbar": {"outlinewidth": 0, "ticks": ""}}}], "histogram": [{"marker": {"pattern": {"fillmode": "overlay", "size": 10, "solidity": 0.2}}, "type": "histogram"}], "scattergl": [{"type": "scattergl", "marker": {"colorbar": {"outlinewidth": 0, "ticks": ""}}}], "scatter3d": [{"type": "scatter3d", "line": {"colorbar": {"outlinewidth": 0, "ticks": ""}}, "marker": {"colorbar": {"outlinewidth": 0, "ticks": ""}}}], "scattermapbox": [{"type": "scattermapbox", "marker": {"colorbar": {"outlinewidth": 0, "ticks": ""}}}], "scatterternary": [{"type": "scatterternary", "marker": {"colorbar": {"outlinewidth": 0, "ticks": ""}}}], "scattercarpet": [{"type": "scattercarpet", "marker": {"colorbar": {"outlinewidth": 0, "ticks": ""}}}], "carpet": [{"aaxis": {"endlinecolor": "#2a3f5f", "gridcolor": "white", "linecolor": "white", "minorgridcolor": "white", "startlinecolor": "#2a3f5f"}, "baxis": {"endlinecolor": "#2a3f5f", "gridcolor": "white", "linecolor": "white", "minorgridcolor": "white", "startlinecolor": "#2a3f5f"}, "type": "carpet"}], "table": [{"cells": {"fill": {"color": "#EBF0F8"}, "line": {"color": "white"}}, "header": {"fill": {"color": "#C8D4E3"}, "line": {"color": "white"}}, "type": "table"}], "barpolar": [{"marker": {"line": {"color": "#E5ECF6", "width": 0.5}, "pattern": {"fillmode": "overlay", "size": 10, "solidity": 0.2}}, "type": "barpolar"}], "pie": [{"automargin": true, "type": "pie"}]}, "layout": {"autotypenumbers": "strict", "colorway": ["#636efa", "#EF553B", "#00cc96", "#ab63fa", "#FFA15A", "#19d3f3", "#FF6692", "#B6E880", "#FF97FF", "#FECB52"], "font": {"color": "#2a3f5f"}, "hovermode": "closest", "hoverlabel": {"align": "left"}, "paper_bgcolor": "white", "plot_bgcolor": "#E5ECF6", "polar": {"bgcolor": "#E5ECF6", "angularaxis": {"gridcolor": "white", "linecolor": "white", "ticks": ""}, "radialaxis": {"gridcolor": "white", "linecolor": "white", "ticks": ""}}, "ternary": {"bgcolor": "#E5ECF6", "aaxis": {"gridcolor": "white", "linecolor": "white", "ticks": ""}, "baxis": {"gridcolor": "white", "linecolor": "white", "ticks": ""}, "caxis": {"gridcolor": "white", "linecolor": "white", "ticks": ""}}, "coloraxis": {"colorbar": {"outlinewidth": 0, "ticks": ""}}, "colorscale": {"sequential": [[0.0, "#0d0887"], [0.1111111111111111, "#46039f"], [0.2222222222222222, "#7201a8"], [0.3333333333333333, "#9c179e"], [0.4444444444444444, "#bd3786"], [0.5555555555555556, "#d8576b"], [0.6666666666666666, "#ed7953"], [0.7777777777777778, "#fb9f3a"], [0.8888888888888888, "#fdca26"], [1.0, "#f0f921"]], "sequentialminus": [[0.0, "#0d0887"], [0.1111111111111111, "#46039f"], [0.2222222222222222, "#7201a8"], [0.3333333333333333, "#9c179e"], [0.4444444444444444, "#bd3786"], [0.5555555555555556, "#d8576b"], [0.6666666666666666, "#ed7953"], [0.7777777777777778, "#fb9f3a"], [0.8888888888888888, "#fdca26"], [1.0, "#f0f921"]], "diverging": [[0, "#8e0152"], [0.1, "#c51b7d"], [0.2, "#de77ae"], [0.3, "#f1b6da"], [0.4, "#fde0ef"], [0.5, "#f7f7f7"], [0.6, "#e6f5d0"], [0.7, "#b8e186"], [0.8, "#7fbc41"], [0.9, "#4d9221"], [1, "#276419"]]}, "xaxis": {"gridcolor": "white", "linecolor": "white", "ticks": "", "title": {"standoff": 15}, "zerolinecolor": "white", "automargin": true, "zerolinewidth": 2}, "yaxis": {"gridcolor": "white", "linecolor": "white", "ticks": "", "title": {"standoff": 15}, "zerolinecolor": "white", "automargin": true, "zerolinewidth": 2}, "scene": {"xaxis": {"backgroundcolor": "#E5ECF6", "gridcolor": "white", "linecolor": "white", "showbackground": true, "ticks": "", "zerolinecolor": "white", "gridwidth": 2}, "yaxis": {"backgroundcolor": "#E5ECF6", "gridcolor": "white", "linecolor": "white", "showbackground": true, "ticks": "", "zerolinecolor": "white", "gridwidth": 2}, "zaxis": {"backgroundcolor": "#E5ECF6", "gridcolor": "white", "linecolor": "white", "showbackground": true, "ticks": "", "zerolinecolor": "white", "gridwidth": 2}}, "shapedefaults": {"line": {"color": "#2a3f5f"}}, "annotationdefaults": {"arrowcolor": "#2a3f5f", "arrowhead": 0, "arrowwidth": 1}, "geo": {"bgcolor": "white", "landcolor": "#E5ECF6", "subunitcolor": "white", "showland": true, "showlakes": true, "lakecolor": "white"}, "title": {"x": 0.05}, "mapbox": {"style": "light"}}}}}