{"data": [{"z": [[20.60873031616211, 3.796867609024048, 4.543360233306885, -1.5281400680541992, -2.5882797241210938, 6.26887321472168, -0.7331965565681458, 5.002845287322998, -2.4914376735687256, -0.16287529468536377, -5.536781311035156, -0.401370644569397, 4.643177509307861, 3.120516300201416, 3.235063076019287, -1.1792436838150024, 2.728017807006836, 0.2799081802368164, -1.941436767578125, 4.094043731689453, 6.6671342849731445], [3.796867609024048, 12.367918014526367, 1.036880373954773, -0.15047141909599304, -2.0400118827819824, 4.160009384155273, 2.435126304626465, 3.8634114265441895, 3.969749927520752, 0.7077550888061523, -3.4391493797302246, -0.5742690563201904, 0.24619874358177185, 5.635839939117432, -1.076574683189392, 1.1153998374938965, -1.7215526103973389, -4.15739631652832, -1.8567955493927002, 4.054903030395508, 9.512937545776367], [4.543360233306885, 1.036880373954773, 36.65463638305664, 3.869633674621582, 3.6840343475341797, 3.8826167583465576, -2.5185608863830566, -0.762980043888092, 2.4906399250030518, -5.926721572875977, -4.053588390350342, 3.0389819145202637, -5.6656694412231445, -1.126938819885254, 4.372701644897461, 3.461467981338501, 11.056123733520508, -7.105866432189941, 1.6785268783569336, 1.6470427513122559, -3.4117987155914307], [-1.5281400680541992, -0.15047141909599304, 3.869633674621582, 26.88038444519043, -4.08206033706665, -1.10753333568573, 4.66170597076416, 5.151279926300049, -1.48712158203125, -1.4677873849868774, 2.2731387615203857, -3.0857579708099365, 4.825952053070068, -4.842112064361572, -1.1572870016098022, 8.661118507385254, -1.5986725091934204, 1.7984867095947266, -4.262953281402588, -2.8993849754333496, -10.66132926940918], [-2.5882797241210938, -2.0400118827819824, 3.6840343475341797, -4.08206033706665, 39.726097106933594, -0.4244304895401001, 1.3103442192077637, -7.99583625793457, -0.7251582741737366, 11.109268188476562, 3.1686084270477295, -0.6497189402580261, 9.5413236618042, -0.7052486538887024, 3.035971164703369, -15.534412384033203, -3.236550807952881, 6.178820610046387, 0.4495227336883545, -11.305769920349121, 0.6158297061920166], [6.26887321472168, 4.160009384155273, 3.8826167583465576, -1.10753333568573, -0.4244304895401001, 18.300764083862305, -2.146273612976074, 2.036977767944336, 5.185853958129883, 2.1152961254119873, -9.07249927520752, -0.8881962299346924, 4.331254482269287, 2.5124096870422363, 2.378704309463501, 4.401026725769043, 1.002292275428772, -4.901615619659424, -2.9854249954223633, -0.5264127254486084, 4.461226940155029], [-0.7331965565681458, 2.435126304626465, -2.5185608863830566, 4.66170597076416, 1.3103442192077637, -2.146273612976074, 30.21084213256836, 5.026645660400391, -3.0814225673675537, 0.8114887475967407, -2.939182758331299, 2.404287815093994, 3.629162073135376, 1.4231641292572021, 3.31475567817688, -4.952224254608154, 0.6279222965240479, -4.246364116668701, -4.6657023429870605, -6.097929954528809, 6.553350925445557], [5.002845287322998, 3.8634114265441895, -0.762980043888092, 5.151279926300049, -7.99583625793457, 2.036977767944336, 5.026645660400391, 23.261383056640625, -11.070918083190918, -2.6945478916168213, 3.612302303314209, 2.0075221061706543, 0.3815537393093109, 0.7553563117980957, -3.88240647315979, 11.077953338623047, -1.1402497291564941, -2.6936001777648926, -0.3240528702735901, -1.5237350463867188, -1.142244577407837], [-2.4914376735687256, 3.969749927520752, 2.4906399250030518, -1.48712158203125, -0.7251582741737366, 5.185853958129883, -3.0814225673675537, -11.070918083190918, 44.21934127807617, -5.663213729858398, -0.059069931507110596, 3.0023694038391113, -5.791042327880859, 9.60010051727295, 8.106013298034668, -0.8467593193054199, -0.6550428867340088, -8.835794448852539, -8.08221435546875, 6.892049789428711, -2.2169227600097656], [-0.16287529468536377, 0.7077550888061523, -5.926721572875977, -1.4677873849868774, 11.109268188476562, 2.1152961254119873, 0.8114887475967407, -2.6945478916168213, -5.663213729858398, 23.39698600769043, 5.878145217895508, 2.230428457260132, 2.195730209350586, -1.9905011653900146, 0.47343742847442627, -7.184760570526123, -5.247508525848389, 1.9386942386627197, -3.956223964691162, -7.369204521179199, -1.2389204502105713], [-5.536781311035156, -3.4391493797302246, -4.053588390350342, 2.2731387615203857, 3.1686084270477295, -9.07249927520752, -2.939182758331299, 3.612302303314209, -0.059069931507110596, 5.878145217895508, 27.44437599182129, 7.266363620758057, 0.06516656279563904, -2.8283212184906006, -4.541293621063232, 5.146254062652588, 0.655569314956665, 7.4642181396484375, -4.546315670013428, 0.28499531745910645, -7.2665581703186035], [-0.401370644569397, -0.5742690563201904, 3.0389819145202637, -3.0857579708099365, -0.6497189402580261, -0.8881962299346924, 2.404287815093994, 2.0075221061706543, 3.0023694038391113, 2.230428457260132, 7.266363620758057, 16.608612060546875, -0.6051797270774841, 0.5662811398506165, 3.3015456199645996, 1.302481770515442, 1.84322988986969, -5.751893520355225, -0.3533642292022705, 2.2690505981445312, -4.479005813598633], [4.643177509307861, 0.24619874358177185, -5.6656694412231445, 4.825952053070068, 9.5413236618042, 4.331254482269287, 3.629162073135376, 0.3815537393093109, -5.791042327880859, 2.195730209350586, 0.06516656279563904, -0.6051797270774841, 26.704727172851562, -0.6391491293907166, -2.5457603931427, -8.934959411621094, 0.8172414302825928, 4.512128829956055, 5.5811028480529785, -1.149648666381836, 7.326837539672852], [3.120516300201416, 5.635839939117432, -1.126938819885254, -4.842112064361572, -0.7052486538887024, 2.5124096870422363, 1.4231641292572021, 0.7553563117980957, 9.60010051727295, -1.9905011653900146, -2.8283212184906006, 0.5662811398506165, -0.6391491293907166, 19.311378479003906, 4.109478950500488, 4.122541427612305, 2.0606770515441895, -2.596085548400879, -4.2230706214904785, 7.412744522094727, 8.131067276000977], [3.235063076019287, -1.076574683189392, 4.372701644897461, -1.1572870016098022, 3.035971164703369, 2.378704309463501, 3.31475567817688, -3.88240647315979, 8.106013298034668, 0.47343742847442627, -4.541293621063232, 3.3015456199645996, -2.5457603931427, 4.109478950500488, 18.379777908325195, -4.362738132476807, 2.3580193519592285, 1.2826554775238037, -0.5318399667739868, 1.3681421279907227, -6.95115852355957], [-1.1792436838150024, 1.1153998374938965, 3.461467981338501, 8.661118507385254, -15.534412384033203, 4.401026725769043, -4.952224254608154, 11.077953338623047, -0.8467593193054199, -7.184760570526123, 5.146254062652588, 1.302481770515442, -8.934959411621094, 4.122541427612305, -4.362738132476807, 32.91115188598633, 2.2010278701782227, -4.10006856918335, -6.328770637512207, -1.082038402557373, -3.247131109237671], [2.728017807006836, -1.7215523719787598, 11.056122779846191, -1.5986719131469727, -3.236550807952881, 1.0022923946380615, 0.6279223561286926, -1.1402498483657837, -0.6550426483154297, -5.2475080490112305, 0.655569314956665, 1.8432304859161377, 0.8172425627708435, 2.0606770515441895, 2.3580198287963867, 2.201028347015381, 23.67300033569336, 5.166712760925293, -1.6658313274383545, 3.382694721221924, 5.571178436279297], [0.2799081802368164, -4.15739631652832, -7.105866432189941, 1.7984868288040161, 6.1788201332092285, -4.901615619659424, -4.246363639831543, -2.6935997009277344, -8.835796356201172, 1.9386942386627197, 7.464219093322754, -5.751893043518066, 4.5121283531188965, -2.5960853099823, 1.2826553583145142, -4.100068092346191, 5.166712760925293, 24.84222984313965, 1.6346449851989746, -0.2751121520996094, -0.814906120300293], [-1.941436767578125, -1.8567956686019897, 1.6785268783569336, -4.262951850891113, 0.44952303171157837, -2.985424757003784, -4.6657023429870605, -0.32405292987823486, -8.082213401794434, -3.956224203109741, -4.546314716339111, -0.3533641993999481, 5.5811028480529785, -4.22307014465332, -0.5318401455879211, -6.328770637512207, -1.6658313274383545, 1.6346449851989746, 29.83462142944336, 4.590438365936279, -1.9828863143920898], [4.094043731689453, 4.05490255355835, 1.6470426321029663, -2.8993849754333496, -11.305768966674805, -0.5264124870300293, -6.097929954528809, -1.5237349271774292, 6.892049789428711, -7.369204998016357, 0.2849956452846527, 2.2690505981445312, -1.149648666381836, 7.412743091583252, 1.3681421279907227, -1.0820386409759521, 3.382694721221924, -0.2751121520996094, 4.590438365936279, 31.619426727294922, 6.466037273406982], [6.667134761810303, 9.512938499450684, -3.4117987155914307, -10.66132926940918, 0.615829348564148, 4.4612274169921875, 6.553351402282715, -1.1422450542449951, -2.2169229984283447, -1.2389206886291504, -7.266557693481445, -4.479006767272949, 7.326836585998535, 8.131067276000977, -6.951158046722412, -3.24713134765625, 5.571178913116455, -0.8149059414863586, -1.9828863143920898, 6.466037750244141, 29.782493591308594]], "type": "heatmap"}], "layout": {"template": {"data": {"histogram2dcontour": [{"type": "histogram2dcontour", "colorbar": {"outlinewidth": 0, "ticks": ""}, "colorscale": [[0.0, "#0d0887"], [0.1111111111111111, "#46039f"], [0.2222222222222222, "#7201a8"], [0.3333333333333333, "#9c179e"], [0.4444444444444444, "#bd3786"], [0.5555555555555556, "#d8576b"], [0.6666666666666666, "#ed7953"], [0.7777777777777778, "#fb9f3a"], [0.8888888888888888, "#fdca26"], [1.0, "#f0f921"]]}], "choropleth": [{"type": "choropleth", "colorbar": {"outlinewidth": 0, "ticks": ""}}], "histogram2d": [{"type": "histogram2d", "colorbar": {"outlinewidth": 0, "ticks": ""}, "colorscale": [[0.0, "#0d0887"], [0.1111111111111111, "#46039f"], [0.2222222222222222, "#7201a8"], [0.3333333333333333, "#9c179e"], [0.4444444444444444, "#bd3786"], [0.5555555555555556, "#d8576b"], [0.6666666666666666, "#ed7953"], [0.7777777777777778, "#fb9f3a"], [0.8888888888888888, "#fdca26"], [1.0, "#f0f921"]]}], "heatmap": [{"type": "heatmap", "colorbar": {"outlinewidth": 0, "ticks": ""}, "colorscale": [[0.0, "#0d0887"], [0.1111111111111111, "#46039f"], [0.2222222222222222, "#7201a8"], [0.3333333333333333, "#9c179e"], [0.4444444444444444, "#bd3786"], [0.5555555555555556, "#d8576b"], [0.6666666666666666, "#ed7953"], [0.7777777777777778, "#fb9f3a"], [0.8888888888888888, "#fdca26"], [1.0, "#f0f921"]]}], "heatmapgl": [{"type": "heatmapgl", "colorbar": {"outlinewidth": 0, "ticks": ""}, "colorscale": [[0.0, "#0d0887"], [0.1111111111111111, "#46039f"], [0.2222222222222222, "#7201a8"], [0.3333333333333333, "#9c179e"], [0.4444444444444444, "#bd3786"], [0.5555555555555556, "#d8576b"], [0.6666666666666666, "#ed7953"], [0.7777777777777778, "#fb9f3a"], [0.8888888888888888, "#fdca26"], [1.0, "#f0f921"]]}], "contourcarpet": [{"type": "contourcarpet", "colorbar": {"outlinewidth": 0, "ticks": ""}}], "contour": [{"type": "contour", "colorbar": {"outlinewidth": 0, "ticks": ""}, "colorscale": [[0.0, "#0d0887"], [0.1111111111111111, "#46039f"], [0.2222222222222222, "#7201a8"], [0.3333333333333333, "#9c179e"], [0.4444444444444444, "#bd3786"], [0.5555555555555556, "#d8576b"], [0.6666666666666666, "#ed7953"], [0.7777777777777778, "#fb9f3a"], [0.8888888888888888, "#fdca26"], [1.0, "#f0f921"]]}], "surface": [{"type": "surface", "colorbar": {"outlinewidth": 0, "ticks": ""}, "colorscale": [[0.0, "#0d0887"], [0.1111111111111111, "#46039f"], [0.2222222222222222, "#7201a8"], [0.3333333333333333, "#9c179e"], [0.4444444444444444, "#bd3786"], [0.5555555555555556, "#d8576b"], [0.6666666666666666, "#ed7953"], [0.7777777777777778, "#fb9f3a"], [0.8888888888888888, "#fdca26"], [1.0, "#f0f921"]]}], "mesh3d": [{"type": "mesh3d", "colorbar": {"outlinewidth": 0, "ticks": ""}}], "scatter": [{"fillpattern": {"fillmode": "overlay", "size": 10, "solidity": 0.2}, "type": "scatter"}], "parcoords": [{"type": "parcoords", "line": {"colorbar": {"outlinewidth": 0, "ticks": ""}}}], "scatterpolargl": [{"type": "scatterpolargl", "marker": {"colorbar": {"outlinewidth": 0, "ticks": ""}}}], "bar": [{"error_x": {"color": "#2a3f5f"}, "error_y": {"color": "#2a3f5f"}, "marker": {"line": {"color": "#E5ECF6", "width": 0.5}, "pattern": {"fillmode": "overlay", "size": 10, "solidity": 0.2}}, "type": "bar"}], "scattergeo": [{"type": "scattergeo", "marker": {"colorbar": {"outlinewidth": 0, "ticks": ""}}}], "scatterpolar": [{"type": "scatterpolar", "marker": {"colorbar": {"outlinewidth": 0, "ticks": ""}}}], "histogram": [{"marker": {"pattern": {"fillmode": "overlay", "size": 10, "solidity": 0.2}}, "type": "histogram"}], "scattergl": [{"type": "scattergl", "marker": {"colorbar": {"outlinewidth": 0, "ticks": ""}}}], "scatter3d": [{"type": "scatter3d", "line": {"colorbar": {"outlinewidth": 0, "ticks": ""}}, "marker": {"colorbar": {"outlinewidth": 0, "ticks": ""}}}], "scattermapbox": [{"type": "scattermapbox", "marker": {"colorbar": {"outlinewidth": 0, "ticks": ""}}}], "scatterternary": [{"type": "scatterternary", "marker": {"colorbar": {"outlinewidth": 0, "ticks": ""}}}], "scattercarpet": [{"type": "scattercarpet", "marker": {"colorbar": {"outlinewidth": 0, "ticks": ""}}}], "carpet": [{"aaxis": {"endlinecolor": "#2a3f5f", "gridcolor": "white", "linecolor": "white", "minorgridcolor": "white", "startlinecolor": "#2a3f5f"}, "baxis": {"endlinecolor": "#2a3f5f", "gridcolor": "white", "linecolor": "white", "minorgridcolor": "white", "startlinecolor": "#2a3f5f"}, "type": "carpet"}], "table": [{"cells": {"fill": {"color": "#EBF0F8"}, "line": {"color": "white"}}, "header": {"fill": {"color": "#C8D4E3"}, "line": {"color": "white"}}, "type": "table"}], "barpolar": [{"marker": {"line": {"color": "#E5ECF6", "width": 0.5}, "pattern": {"fillmode": "overlay", "size": 10, "solidity": 0.2}}, "type": "barpolar"}], "pie": [{"automargin": true, "type": "pie"}]}, "layout": {"autotypenumbers": "strict", "colorway": ["#636efa", "#EF553B", "#00cc96", "#ab63fa", "#FFA15A", "#19d3f3", "#FF6692", "#B6E880", "#FF97FF", "#FECB52"], "font": {"color": "#2a3f5f"}, "hovermode": "closest", "hoverlabel": {"align": "left"}, "paper_bgcolor": "white", "plot_bgcolor": "#E5ECF6", "polar": {"bgcolor": "#E5ECF6", "angularaxis": {"gridcolor": "white", "linecolor": "white", "ticks": ""}, "radialaxis": {"gridcolor": "white", "linecolor": "white", "ticks": ""}}, "ternary": {"bgcolor": "#E5ECF6", "aaxis": {"gridcolor": "white", "linecolor": "white", "ticks": ""}, "baxis": {"gridcolor": "white", "linecolor": "white", "ticks": ""}, "caxis": {"gridcolor": "white", "linecolor": "white", "ticks": ""}}, "coloraxis": {"colorbar": {"outlinewidth": 0, "ticks": ""}}, "colorscale": {"sequential": [[0.0, "#0d0887"], [0.1111111111111111, "#46039f"], [0.2222222222222222, "#7201a8"], [0.3333333333333333, "#9c179e"], [0.4444444444444444, "#bd3786"], [0.5555555555555556, "#d8576b"], [0.6666666666666666, "#ed7953"], [0.7777777777777778, "#fb9f3a"], [0.8888888888888888, "#fdca26"], [1.0, "#f0f921"]], "sequentialminus": [[0.0, "#0d0887"], [0.1111111111111111, "#46039f"], [0.2222222222222222, "#7201a8"], [0.3333333333333333, "#9c179e"], [0.4444444444444444, "#bd3786"], [0.5555555555555556, "#d8576b"], [0.6666666666666666, "#ed7953"], [0.7777777777777778, "#fb9f3a"], [0.8888888888888888, "#fdca26"], [1.0, "#f0f921"]], "diverging": [[0, "#8e0152"], [0.1, "#c51b7d"], [0.2, "#de77ae"], [0.3, "#f1b6da"], [0.4, "#fde0ef"], [0.5, "#f7f7f7"], [0.6, "#e6f5d0"], [0.7, "#b8e186"], [0.8, "#7fbc41"], [0.9, "#4d9221"], [1, "#276419"]]}, "xaxis": {"gridcolor": "white", "linecolor": "white", "ticks": "", "title": {"standoff": 15}, "zerolinecolor": "white", "automargin": true, "zerolinewidth": 2}, "yaxis": {"gridcolor": "white", "linecolor": "white", "ticks": "", "title": {"standoff": 15}, "zerolinecolor": "white", "automargin": true, "zerolinewidth": 2}, "scene": {"xaxis": {"backgroundcolor": "#E5ECF6", "gridcolor": "white", "linecolor": "white", "showbackground": true, "ticks": "", "zerolinecolor": "white", "gridwidth": 2}, "yaxis": {"backgroundcolor": "#E5ECF6", "gridcolor": "white", "linecolor": "white", "showbackground": true, "ticks": "", "zerolinecolor": "white", "gridwidth": 2}, "zaxis": {"backgroundcolor": "#E5ECF6", "gridcolor": "white", "linecolor": "white", "showbackground": true, "ticks": "", "zerolinecolor": "white", "gridwidth": 2}}, "shapedefaults": {"line": {"color": "#2a3f5f"}}, "annotationdefaults": {"arrowcolor": "#2a3f5f", "arrowhead": 0, "arrowwidth": 1}, "geo": {"bgcolor": "white", "landcolor": "#E5ECF6", "subunitcolor": "white", "showland": true, "showlakes": true, "lakecolor": "white"}, "title": {"x": 0.05}, "mapbox": {"style": "light"}}}}}