{"data": [{"z": [[19.27896499633789, 3.6799073219299316, 5.0283894538879395, -0.4341249167919159, -2.053380250930786, 6.156590938568115, -0.16192136704921722, 4.948730945587158, -2.061168909072876, 0.42504286766052246, -4.5114521980285645, -0.20019856095314026, 4.509373188018799, 3.2478809356689453, 3.4069905281066895, -0.13375212252140045, 2.8373448848724365, 0.45897746086120605, -1.4195774793624878, 3.825788736343384, 6.311422348022461], [3.6799073219299316, 11.95037841796875, 1.512472152709961, 0.6231018900871277, -1.562434196472168, 4.428328037261963, 2.64438533782959, 3.8265368938446045, 4.121296405792236, 1.1849881410598755, -2.6268937587738037, -0.3579581677913666, 0.5478160381317139, 5.330160617828369, -0.6422631144523621, 1.8806045055389404, -1.2195271253585815, -3.5365540981292725, -1.4113490581512451, 3.8277201652526855, 9.077088356018066], [5.0283894538879395, 1.512472152709961, 34.07035446166992, 3.8124749660491943, 3.6850674152374268, 4.048708915710449, -2.145458459854126, -0.542834997177124, 2.0240437984466553, -5.014369010925293, -3.8824355602264404, 2.836259365081787, -4.568323612213135, -1.0190154314041138, 4.278746604919434, 3.2666702270507812, 10.100622177124023, -6.201380252838135, 2.3340377807617188, 1.9278149604797363, -3.040065288543701], [-0.4341249167919159, 0.6231018900871277, 3.8124749660491943, 24.94432830810547, -3.430333137512207, -0.5269707441329956, 4.837205410003662, 5.061737537384033, -0.8636371493339539, -0.8019823431968689, 2.5633583068847656, -2.4668729305267334, 4.765225410461426, -3.897348642349243, -0.49717992544174194, 8.034524917602539, -0.7371253967285156, 2.122039794921875, -3.5425217151641846, -2.081541061401367, -10.079952239990234], [-2.053380250930786, -1.562434196472168, 3.6850674152374268, -3.430333137512207, 37.86476135253906, -0.0454360693693161, 1.0397582054138184, -7.249666213989258, -0.665681779384613, 10.546061515808105, 2.8065378665924072, -0.537013590335846, 9.224522590637207, -0.19121120870113373, 2.8255956172943115, -14.278152465820312, -2.8730435371398926, 5.792497158050537, 0.37839269638061523, -10.152567863464355, 0.7798296213150024], [6.156590938568115, 4.428328037261963, 4.048708915710449, -0.5269707441329956, -0.0454360693693161, 16.964374542236328, -1.493026614189148, 1.7715398073196411, 5.433475017547607, 2.438650131225586, -7.511340618133545, -0.4209969937801361, 4.254483222961426, 2.728672504425049, 2.7970216274261475, 4.319616794586182, 1.2845478057861328, -4.04695987701416, -2.0962576866149902, 0.23921561241149902, 4.2668867111206055], [-0.16192136704921722, 2.64438533782959, -2.145458459854126, 4.837205410003662, 1.0397582054138184, -1.493026614189148, 28.6964168548584, 5.229544639587402, -2.749950647354126, 1.2157725095748901, -2.331671714782715, 2.503797769546509, 3.590238571166992, 1.9326530694961548, 3.6755340099334717, -4.005956172943115, 1.155290126800537, -3.386185646057129, -3.9775450229644775, -5.132997512817383, 6.418591499328613], [4.948730945587158, 3.8265368938446045, -0.542834997177124, 5.061737537384033, -7.249666213989258, 1.7715398073196411, 5.229544639587402, 21.386524200439453, -9.628881454467773, -2.0632481575012207, 3.51576566696167, 2.0467376708984375, 0.47200149297714233, 1.0313160419464111, -2.752112627029419, 10.38577938079834, -0.8170750141143799, -1.9239308834075928, 0.3213762640953064, -0.5393731594085693, -1.163400411605835], [-2.061168909072876, 4.121296405792236, 2.0240437984466553, -0.8636371493339539, -0.665681779384613, 5.433475017547607, -2.749950647354126, -9.628881454467773, 41.55386734008789, -4.738699436187744, 0.10556918382644653, 3.043123245239258, -4.897918224334717, 8.813323974609375, 7.488511562347412, -0.3327869772911072, -0.39165663719177246, -8.18317699432373, -7.822511196136475, 6.268038272857666, -2.1460018157958984], [0.42504286766052246, 1.1849881410598755, -5.014369010925293, -0.8019823431968689, 10.546061515808105, 2.438650131225586, 1.2157725095748901, -2.0632481575012207, -4.738699436187744, 22.556737899780273, 6.023339748382568, 2.3992114067077637, 2.269355297088623, -1.1637223958969116, 0.6356392502784729, -5.845052242279053, -4.162566661834717, 2.258758306503296, -3.2790756225585938, -6.1334333419799805, -1.012062430381775], [-4.5114521980285645, -2.6268937587738037, -3.8824355602264404, 2.5633583068847656, 2.8065378665924072, -7.511340618133545, -2.331671714782715, 3.51576566696167, 0.10556918382644653, 6.023339748382568, 25.33984375, 6.815234184265137, 0.30134913325309753, -2.3602523803710938, -3.948431968688965, 5.40134334564209, 1.0434062480926514, 7.281081199645996, -4.297477722167969, 1.0077238082885742, -6.696414947509766], [-0.20019856095314026, -0.3579581677913666, 2.836259365081787, -2.4668729305267334, -0.537013590335846, -0.4209969937801361, 2.503797769546509, 2.0467376708984375, 3.043123245239258, 2.3992114067077637, 6.815234184265137, 15.917362213134766, -0.42392441630363464, 0.5648025870323181, 3.3413615226745605, 1.7975963354110718, 2.086632490158081, -4.983007431030273, 0.028146028518676758, 2.424264907836914, -4.374433994293213], [4.509373188018799, 0.5478160381317139, -4.568323612213135, 4.765225410461426, 9.224522590637207, 4.254483222961426, 3.590238571166992, 0.47200149297714233, -4.897918224334717, 2.269355297088623, 0.30134913325309753, -0.42392441630363464, 24.881532669067383, -0.15949104726314545, -2.1325600147247314, -7.937895774841309, 1.2016832828521729, 4.316684246063232, 5.273823261260986, -0.6765433549880981, 7.188181400299072], [3.2478809356689453, 5.330160617828369, -1.0190154314041138, -3.897348642349243, -0.19121120870113373, 2.728672504425049, 1.9326530694961548, 1.0313160419464111, 8.813323974609375, -1.1637223958969116, -2.3602523803710938, 0.5648025870323181, -0.15949104726314545, 17.668033599853516, 3.9732463359832764, 4.004408359527588, 1.948730707168579, -2.100339889526367, -3.779161214828491, 6.69083309173584, 7.713311195373535], [3.4069905281066895, -0.6422631144523621, 4.278746604919434, -0.49717992544174194, 2.8255956172943115, 2.7970216274261475, 3.6755340099334717, -2.752112627029419, 7.488511562347412, 0.6356392502784729, -3.948431968688965, 3.3413615226745605, -2.1325600147247314, 3.9732463359832764, 17.284467697143555, -3.137561798095703, 2.7372119426727295, 1.3564956188201904, -0.32209503650665283, 1.0607175827026367, -6.723658084869385], [-0.13375212252140045, 1.8806045055389404, 3.2666702270507812, 8.034524917602539, -14.278152465820312, 4.319616794586182, -4.005956172943115, 10.38577938079834, -0.3327869772911072, -5.845052242279053, 5.40134334564209, 1.7975963354110718, -7.937895774841309, 4.004408359527588, -3.137561798095703, 30.849422454833984, 2.1988730430603027, -3.311404228210449, -5.475163459777832, -0.14302635192871094, -3.0579540729522705], [2.837344169616699, -1.2195271253585815, 10.100621223449707, -0.7371249794960022, -2.8730435371398926, 1.2845481634140015, 1.1552908420562744, -0.8170746564865112, -0.3916569650173187, -4.162567138671875, 1.0434060096740723, 2.086632490158081, 1.2016829252243042, 1.948730707168579, 2.7372119426727295, 2.1988730430603027, 21.966751098632812, 5.023918151855469, -1.191527009010315, 3.3712451457977295, 5.263689041137695], [0.45897790789604187, -3.5365540981292725, -6.201379776000977, 2.122039794921875, 5.792497634887695, -4.04695987701416, -3.386186122894287, -1.9239311218261719, -8.183176040649414, 2.258758544921875, 7.281081676483154, -4.983006477355957, 4.316684246063232, -2.100339651107788, 1.3564956188201904, -3.3114051818847656, 5.023918151855469, 23.365949630737305, 1.3465979099273682, -0.21742534637451172, -0.6670675277709961], [-1.4195775985717773, -1.4113494157791138, 2.3340373039245605, -3.5425221920013428, 0.3783932626247406, -2.0962579250335693, -3.9775454998016357, 0.32137608528137207, -7.822510242462158, -3.2790756225585938, -4.297478199005127, 0.028145840391516685, 5.2738237380981445, -3.779160976409912, -0.32209542393684387, -5.47516393661499, -1.191527009010315, 1.3465979099273682, 28.659109115600586, 4.343902587890625, -1.9557795524597168], [3.825788736343384, 3.8277196884155273, 1.9278149604797363, -2.081541061401367, -10.152565956115723, 0.23921528458595276, -5.132997512817383, -0.5393726229667664, 6.268038272857666, -6.1334333419799805, 1.0077241659164429, 2.424264669418335, -0.6765432953834534, 6.69083309173584, 1.0607178211212158, -0.14302635192871094, 3.3712451457977295, -0.21742534637451172, 4.343902587890625, 29.035675048828125, 6.206206321716309], [6.311422348022461, 9.077089309692383, -3.040065288543701, -10.079952239990234, 0.779829740524292, 4.266886234283447, 6.4185919761657715, -1.1634008884429932, -2.1460013389587402, -1.0120620727539062, -6.696414947509766, -4.374434471130371, 7.188180923461914, 7.7133097648620605, -6.723658561706543, -3.0579543113708496, 5.263688564300537, -0.6670671701431274, -1.9557795524597168, 6.206206321716309, 29.782493591308594]], "type": "heatmap"}], "layout": {"template": {"data": {"histogram2dcontour": [{"type": "histogram2dcontour", "colorbar": {"outlinewidth": 0, "ticks": ""}, "colorscale": [[0.0, "#0d0887"], [0.1111111111111111, "#46039f"], [0.2222222222222222, "#7201a8"], [0.3333333333333333, "#9c179e"], [0.4444444444444444, "#bd3786"], [0.5555555555555556, "#d8576b"], [0.6666666666666666, "#ed7953"], [0.7777777777777778, "#fb9f3a"], [0.8888888888888888, "#fdca26"], [1.0, "#f0f921"]]}], "choropleth": [{"type": "choropleth", "colorbar": {"outlinewidth": 0, "ticks": ""}}], "histogram2d": [{"type": "histogram2d", "colorbar": {"outlinewidth": 0, "ticks": ""}, "colorscale": [[0.0, "#0d0887"], [0.1111111111111111, "#46039f"], [0.2222222222222222, "#7201a8"], [0.3333333333333333, "#9c179e"], [0.4444444444444444, "#bd3786"], [0.5555555555555556, "#d8576b"], [0.6666666666666666, "#ed7953"], [0.7777777777777778, "#fb9f3a"], [0.8888888888888888, "#fdca26"], [1.0, "#f0f921"]]}], "heatmap": [{"type": "heatmap", "colorbar": {"outlinewidth": 0, "ticks": ""}, "colorscale": [[0.0, "#0d0887"], [0.1111111111111111, "#46039f"], [0.2222222222222222, "#7201a8"], [0.3333333333333333, "#9c179e"], [0.4444444444444444, "#bd3786"], [0.5555555555555556, "#d8576b"], [0.6666666666666666, "#ed7953"], [0.7777777777777778, "#fb9f3a"], [0.8888888888888888, "#fdca26"], [1.0, "#f0f921"]]}], "heatmapgl": [{"type": "heatmapgl", "colorbar": {"outlinewidth": 0, "ticks": ""}, "colorscale": [[0.0, "#0d0887"], [0.1111111111111111, "#46039f"], [0.2222222222222222, "#7201a8"], [0.3333333333333333, "#9c179e"], [0.4444444444444444, "#bd3786"], [0.5555555555555556, "#d8576b"], [0.6666666666666666, "#ed7953"], [0.7777777777777778, "#fb9f3a"], [0.8888888888888888, "#fdca26"], [1.0, "#f0f921"]]}], "contourcarpet": [{"type": "contourcarpet", "colorbar": {"outlinewidth": 0, "ticks": ""}}], "contour": [{"type": "contour", "colorbar": {"outlinewidth": 0, "ticks": ""}, "colorscale": [[0.0, "#0d0887"], [0.1111111111111111, "#46039f"], [0.2222222222222222, "#7201a8"], [0.3333333333333333, "#9c179e"], [0.4444444444444444, "#bd3786"], [0.5555555555555556, "#d8576b"], [0.6666666666666666, "#ed7953"], [0.7777777777777778, "#fb9f3a"], [0.8888888888888888, "#fdca26"], [1.0, "#f0f921"]]}], "surface": [{"type": "surface", "colorbar": {"outlinewidth": 0, "ticks": ""}, "colorscale": [[0.0, "#0d0887"], [0.1111111111111111, "#46039f"], [0.2222222222222222, "#7201a8"], [0.3333333333333333, "#9c179e"], [0.4444444444444444, "#bd3786"], [0.5555555555555556, "#d8576b"], [0.6666666666666666, "#ed7953"], [0.7777777777777778, "#fb9f3a"], [0.8888888888888888, "#fdca26"], [1.0, "#f0f921"]]}], "mesh3d": [{"type": "mesh3d", "colorbar": {"outlinewidth": 0, "ticks": ""}}], "scatter": [{"fillpattern": {"fillmode": "overlay", "size": 10, "solidity": 0.2}, "type": "scatter"}], "parcoords": [{"type": "parcoords", "line": {"colorbar": {"outlinewidth": 0, "ticks": ""}}}], "scatterpolargl": [{"type": "scatterpolargl", "marker": {"colorbar": {"outlinewidth": 0, "ticks": ""}}}], "bar": [{"error_x": {"color": "#2a3f5f"}, "error_y": {"color": "#2a3f5f"}, "marker": {"line": {"color": "#E5ECF6", "width": 0.5}, "pattern": {"fillmode": "overlay", "size": 10, "solidity": 0.2}}, "type": "bar"}], "scattergeo": [{"type": "scattergeo", "marker": {"colorbar": {"outlinewidth": 0, "ticks": ""}}}], "scatterpolar": [{"type": "scatterpolar", "marker": {"colorbar": {"outlinewidth": 0, "ticks": ""}}}], "histogram": [{"marker": {"pattern": {"fillmode": "overlay", "size": 10, "solidity": 0.2}}, "type": "histogram"}], "scattergl": [{"type": "scattergl", "marker": {"colorbar": {"outlinewidth": 0, "ticks": ""}}}], "scatter3d": [{"type": "scatter3d", "line": {"colorbar": {"outlinewidth": 0, "ticks": ""}}, "marker": {"colorbar": {"outlinewidth": 0, "ticks": ""}}}], "scattermapbox": [{"type": "scattermapbox", "marker": {"colorbar": {"outlinewidth": 0, "ticks": ""}}}], "scatterternary": [{"type": "scatterternary", "marker": {"colorbar": {"outlinewidth": 0, "ticks": ""}}}], "scattercarpet": [{"type": "scattercarpet", "marker": {"colorbar": {"outlinewidth": 0, "ticks": ""}}}], "carpet": [{"aaxis": {"endlinecolor": "#2a3f5f", "gridcolor": "white", "linecolor": "white", "minorgridcolor": "white", "startlinecolor": "#2a3f5f"}, "baxis": {"endlinecolor": "#2a3f5f", "gridcolor": "white", "linecolor": "white", "minorgridcolor": "white", "startlinecolor": "#2a3f5f"}, "type": "carpet"}], "table": [{"cells": {"fill": {"color": "#EBF0F8"}, "line": {"color": "white"}}, "header": {"fill": {"color": "#C8D4E3"}, "line": {"color": "white"}}, "type": "table"}], "barpolar": [{"marker": {"line": {"color": "#E5ECF6", "width": 0.5}, "pattern": {"fillmode": "overlay", "size": 10, "solidity": 0.2}}, "type": "barpolar"}], "pie": [{"automargin": true, "type": "pie"}]}, "layout": {"autotypenumbers": "strict", "colorway": ["#636efa", "#EF553B", "#00cc96", "#ab63fa", "#FFA15A", "#19d3f3", "#FF6692", "#B6E880", "#FF97FF", "#FECB52"], "font": {"color": "#2a3f5f"}, "hovermode": "closest", "hoverlabel": {"align": "left"}, "paper_bgcolor": "white", "plot_bgcolor": "#E5ECF6", "polar": {"bgcolor": "#E5ECF6", "angularaxis": {"gridcolor": "white", "linecolor": "white", "ticks": ""}, "radialaxis": {"gridcolor": "white", "linecolor": "white", "ticks": ""}}, "ternary": {"bgcolor": "#E5ECF6", "aaxis": {"gridcolor": "white", "linecolor": "white", "ticks": ""}, "baxis": {"gridcolor": "white", "linecolor": "white", "ticks": ""}, "caxis": {"gridcolor": "white", "linecolor": "white", "ticks": ""}}, "coloraxis": {"colorbar": {"outlinewidth": 0, "ticks": ""}}, "colorscale": {"sequential": [[0.0, "#0d0887"], [0.1111111111111111, "#46039f"], [0.2222222222222222, "#7201a8"], [0.3333333333333333, "#9c179e"], [0.4444444444444444, "#bd3786"], [0.5555555555555556, "#d8576b"], [0.6666666666666666, "#ed7953"], [0.7777777777777778, "#fb9f3a"], [0.8888888888888888, "#fdca26"], [1.0, "#f0f921"]], "sequentialminus": [[0.0, "#0d0887"], [0.1111111111111111, "#46039f"], [0.2222222222222222, "#7201a8"], [0.3333333333333333, "#9c179e"], [0.4444444444444444, "#bd3786"], [0.5555555555555556, "#d8576b"], [0.6666666666666666, "#ed7953"], [0.7777777777777778, "#fb9f3a"], [0.8888888888888888, "#fdca26"], [1.0, "#f0f921"]], "diverging": [[0, "#8e0152"], [0.1, "#c51b7d"], [0.2, "#de77ae"], [0.3, "#f1b6da"], [0.4, "#fde0ef"], [0.5, "#f7f7f7"], [0.6, "#e6f5d0"], [0.7, "#b8e186"], [0.8, "#7fbc41"], [0.9, "#4d9221"], [1, "#276419"]]}, "xaxis": {"gridcolor": "white", "linecolor": "white", "ticks": "", "title": {"standoff": 15}, "zerolinecolor": "white", "automargin": true, "zerolinewidth": 2}, "yaxis": {"gridcolor": "white", "linecolor": "white", "ticks": "", "title": {"standoff": 15}, "zerolinecolor": "white", "automargin": true, "zerolinewidth": 2}, "scene": {"xaxis": {"backgroundcolor": "#E5ECF6", "gridcolor": "white", "linecolor": "white", "showbackground": true, "ticks": "", "zerolinecolor": "white", "gridwidth": 2}, "yaxis": {"backgroundcolor": "#E5ECF6", "gridcolor": "white", "linecolor": "white", "showbackground": true, "ticks": "", "zerolinecolor": "white", "gridwidth": 2}, "zaxis": {"backgroundcolor": "#E5ECF6", "gridcolor": "white", "linecolor": "white", "showbackground": true, "ticks": "", "zerolinecolor": "white", "gridwidth": 2}}, "shapedefaults": {"line": {"color": "#2a3f5f"}}, "annotationdefaults": {"arrowcolor": "#2a3f5f", "arrowhead": 0, "arrowwidth": 1}, "geo": {"bgcolor": "white", "landcolor": "#E5ECF6", "subunitcolor": "white", "showland": true, "showlakes": true, "lakecolor": "white"}, "title": {"x": 0.05}, "mapbox": {"style": "light"}}}}}