{"data": [{"z": [[21.961593627929688, 4.175912857055664, 4.133285999298096, -1.8298956155776978, -2.8671162128448486, 6.928420066833496, -0.7621233463287354, 5.311439514160156, -2.84671950340271, -0.011542800813913345, -5.860846996307373, -0.4109257459640503, 4.823781490325928, 3.234855890274048, 3.1927080154418945, -1.3426289558410645, 2.9845423698425293, 0.496746301651001, -2.0418810844421387, 4.541173934936523, 7.035018444061279], [4.175912857055664, 12.827503204345703, 0.6858011484146118, -0.22023196518421173, -2.2230234146118164, 4.521976470947266, 2.6215457916259766, 4.166299819946289, 3.848019599914551, 0.6186062693595886, -3.9007532596588135, -0.7586422562599182, 0.18484626710414886, 5.9449543952941895, -1.4335659742355347, 1.0323909521102905, -1.9555727243423462, -4.448077201843262, -2.0319056510925293, 4.032583236694336, 9.792509078979492], [4.133285999298096, 0.6858011484146118, 38.72681427001953, 4.075739860534668, 3.6534502506256104, 3.768303632736206, -3.0211281776428223, -1.0077292919158936, 2.7818689346313477, -6.629110813140869, -4.253236770629883, 3.1344821453094482, -6.335134506225586, -0.8656901121139526, 4.404637336730957, 3.635561466217041, 11.70079231262207, -7.991326332092285, 1.092794418334961, 1.7170233726501465, -3.6688947677612305], [-1.8298956155776978, -0.22023196518421173, 4.075739860534668, 28.647876739501953, -4.337320804595947, -1.170301079750061, 4.9147562980651855, 5.519359111785889, -1.733242154121399, -1.5479799509048462, 2.3750834465026855, -3.1949620246887207, 5.132362365722656, -5.144414901733398, -1.274556040763855, 9.373372077941895, -2.10685658454895, 1.6547727584838867, -4.6017279624938965, -3.1052818298339844, -11.010736465454102], [-2.8671162128448486, -2.2230234146118164, 3.6534502506256104, -4.337320804595947, 41.36301040649414, -0.5860242247581482, 1.7113583087921143, -8.219365119934082, -0.9685970544815063, 11.81385326385498, 3.7067291736602783, -0.5565891265869141, 10.031556129455566, -1.0767769813537598, 3.3262932300567627, -16.31446647644043, -3.3985629081726074, 6.765741348266602, 0.6732649803161621, -12.170001983642578, 0.5432040691375732], [6.928420066833496, 4.521976470947266, 3.768303632736206, -1.170301079750061, -0.5860242247581482, 19.35476303100586, -2.306920289993286, 2.5188801288604736, 5.054880142211914, 2.1995654106140137, -9.710856437683105, -1.0969464778900146, 4.526297569274902, 2.540112018585205, 2.2514684200286865, 4.526844501495361, 0.8997702598571777, -5.09192419052124, -3.4910619258880615, -0.7915892601013184, 4.67088508605957], [-0.7621233463287354, 2.6215457916259766, -3.0211281776428223, 4.9147562980651855, 1.7113583087921143, -2.306920289993286, 31.693422317504883, 5.130291938781738, -3.3171963691711426, 1.0137887001037598, -3.184938430786133, 2.4065425395965576, 3.7307021617889404, 1.0696306228637695, 3.1053476333618164, -5.074117183685303, 0.2584223747253418, -4.423823356628418, -4.803935527801514, -6.795552730560303, 6.7150983810424805], [5.311439514160156, 4.166299819946289, -1.0077292919158936, 5.519359111785889, -8.219365119934082, 2.5188801288604736, 5.130291938781738, 25.161331176757812, -12.404364585876465, -2.843593120574951, 4.05349063873291, 2.0434913635253906, 0.7239222526550293, 0.8611424565315247, -4.7958221435546875, 11.729572296142578, -1.3001471757888794, -2.9729552268981934, -0.6991738677024841, -2.1883814334869385, -1.0890271663665771], [-2.84671950340271, 3.848019599914551, 2.7818689346313477, -1.733242154121399, -0.9685970544815063, 5.054880142211914, -3.3171963691711426, -12.404364585876465, 46.6184196472168, -6.290726184844971, -0.2591901123523712, 2.9707324504852295, -6.557969093322754, 10.449849128723145, 8.624176979064941, -1.0576847791671753, -0.769985556602478, -9.285883903503418, -8.19529914855957, 7.756361484527588, -2.199099063873291], [-0.011542800813913345, 0.6186062693595886, -6.629110813140869, -1.5479799509048462, 11.81385326385498, 2.1995654106140137, 1.0137887001037598, -2.843593120574951, -6.290726184844971, 24.620656967163086, 6.426773548126221, 2.2511417865753174, 2.350964069366455, -2.5139012336730957, 0.4256206154823303, -7.80745267868042, -5.922948837280273, 2.3429365158081055, -3.8319802284240723, -8.219507217407227, -1.3564584255218506], [-5.860846996307373, -3.9007532596588135, -4.253236770629883, 2.3750834465026855, 3.7067291736602783, -9.710856437683105, -3.184938430786133, 4.05349063873291, -0.2591901123523712, 6.426773548126221, 29.364768981933594, 7.821164608001709, 0.32214152812957764, -2.9789021015167236, -4.79619836807251, 5.007727146148682, 0.6173741817474365, 7.880681991577148, -4.681090354919434, 0.0019049644470214844, -7.606179714202881], [-0.4109257459640503, -0.7586422562599182, 3.1344821453094482, -3.1949620246887207, -0.5565891265869141, -1.0969464778900146, 2.4065425395965576, 2.0434913635253906, 2.9707324504852295, 2.2511417865753174, 7.821164608001709, 17.088558197021484, -0.5448554158210754, 0.7114365100860596, 3.084444046020508, 1.185916781425476, 1.7182725667953491, -6.134782791137695, -0.6238493919372559, 2.367976665496826, -4.501638412475586], [4.823781490325928, 0.18484626710414886, -6.335134506225586, 5.132362365722656, 10.031556129455566, 4.526297569274902, 3.7307021617889404, 0.7239222526550293, -6.557969093322754, 2.350964069366455, 0.32214152812957764, -0.5448554158210754, 28.41594886779785, -0.9603778123855591, -2.713865280151367, -9.618254661560059, 0.671614408493042, 4.765518665313721, 5.765688896179199, -1.4093204736709595, 7.328828811645508], [3.234855890274048, 5.9449543952941895, -0.8656901121139526, -5.144414901733398, -1.0767769813537598, 2.540112018585205, 1.0696306228637695, 0.8611424565315247, 10.449849128723145, -2.5139012336730957, -2.9789021015167236, 0.7114365100860596, -0.9603778123855591, 20.8764705657959, 4.144443035125732, 4.489766597747803, 2.4202075004577637, -3.077352285385132, -4.746828556060791, 8.227468490600586, 8.433582305908203], [3.1927080154418945, -1.4335659742355347, 4.404637336730957, -1.274556040763855, 3.3262932300567627, 2.2514684200286865, 3.1053476333618164, -4.7958221435546875, 8.624176979064941, 0.4256206154823303, -4.79619836807251, 3.084444046020508, -2.713865280151367, 4.144443035125732, 19.448163986206055, -5.055270671844482, 2.217304229736328, 1.4776718616485596, -0.5852299928665161, 1.4539470672607422, -7.217621803283691], [-1.3426289558410645, 1.0323909521102905, 3.635561466217041, 9.373372077941895, -16.31446647644043, 4.526844501495361, -5.074117183685303, 11.729572296142578, -1.0576847791671753, -7.80745267868042, 5.007727146148682, 1.185916781425476, -9.618254661560059, 4.489766597747803, -5.055270671844482, 34.71651077270508, 2.211171865463257, -4.431471347808838, -6.417012691497803, -1.2947602272033691, -3.276146650314331], [2.9845430850982666, -1.955572247505188, 11.70079231262207, -2.10685658454895, -3.3985633850097656, 0.8997700810432434, 0.25842252373695374, -1.3001476526260376, -0.7699856162071228, -5.922948837280273, 0.6173740029335022, 1.7182726860046387, 0.6716140508651733, 2.4202072620391846, 2.21730375289917, 2.2111713886260986, 25.51549530029297, 5.447583198547363, -1.9571897983551025, 3.9289064407348633, 5.8978424072265625], [0.4967459738254547, -4.4480767250061035, -7.991326332092285, 1.6547737121582031, 6.765741348266602, -5.091925144195557, -4.423823356628418, -2.9729559421539307, -9.285883903503418, 2.3429365158081055, 7.880681991577148, -6.1347832679748535, 4.7655181884765625, -3.077352523803711, 1.4776724576950073, -4.43147087097168, 5.447583198547363, 26.268909454345703, 2.538583517074585, -0.273836612701416, -0.8783421516418457], [-2.0418813228607178, -2.0319056510925293, 1.0927947759628296, -4.6017279624938965, 0.6732646822929382, -3.491062641143799, -4.803935527801514, -0.6991738080978394, -8.195297241210938, -3.831979513168335, -4.681090354919434, -0.6238494515419006, 5.765688419342041, -4.746828079223633, -0.5852301120758057, -6.417012691497803, -1.9571897983551025, 2.538583517074585, 31.494672775268555, 5.102122783660889, -1.9427536725997925], [4.541173934936523, 4.0325822830200195, 1.7170228958129883, -3.105281352996826, -12.170002937316895, -0.7915889620780945, -6.795551776885986, -2.188380718231201, 7.756362438201904, -8.219507217407227, 0.001905011129565537, 2.367976665496826, -1.4093204736709595, 8.22746753692627, 1.4539473056793213, -1.2947604656219482, 3.9289064407348633, -0.273836612701416, 5.102122783660889, 33.98887252807617, 6.646939277648926], [7.035017967224121, 9.792510986328125, -3.6688942909240723, -11.010735511779785, 0.5432038307189941, 4.67088508605957, 6.715097427368164, -1.0890274047851562, -2.199098825454712, -1.3564586639404297, -7.606180191040039, -4.501638412475586, 7.328828811645508, 8.43358325958252, -7.217621803283691, -3.27614688873291, 5.8978424072265625, -0.8783420324325562, -1.9427540302276611, 6.646939277648926, 29.782493591308594]], "type": "heatmap"}], "layout": {"template": {"data": {"histogram2dcontour": [{"type": "histogram2dcontour", "colorbar": {"outlinewidth": 0, "ticks": ""}, "colorscale": [[0.0, "#0d0887"], [0.1111111111111111, "#46039f"], [0.2222222222222222, "#7201a8"], [0.3333333333333333, "#9c179e"], [0.4444444444444444, "#bd3786"], [0.5555555555555556, "#d8576b"], [0.6666666666666666, "#ed7953"], [0.7777777777777778, "#fb9f3a"], [0.8888888888888888, "#fdca26"], [1.0, "#f0f921"]]}], "choropleth": [{"type": "choropleth", "colorbar": {"outlinewidth": 0, "ticks": ""}}], "histogram2d": [{"type": "histogram2d", "colorbar": {"outlinewidth": 0, "ticks": ""}, "colorscale": [[0.0, "#0d0887"], [0.1111111111111111, "#46039f"], [0.2222222222222222, "#7201a8"], [0.3333333333333333, "#9c179e"], [0.4444444444444444, "#bd3786"], [0.5555555555555556, "#d8576b"], [0.6666666666666666, "#ed7953"], [0.7777777777777778, "#fb9f3a"], [0.8888888888888888, "#fdca26"], [1.0, "#f0f921"]]}], "heatmap": [{"type": "heatmap", "colorbar": {"outlinewidth": 0, "ticks": ""}, "colorscale": [[0.0, "#0d0887"], [0.1111111111111111, "#46039f"], [0.2222222222222222, "#7201a8"], [0.3333333333333333, "#9c179e"], [0.4444444444444444, "#bd3786"], [0.5555555555555556, "#d8576b"], [0.6666666666666666, "#ed7953"], [0.7777777777777778, "#fb9f3a"], [0.8888888888888888, "#fdca26"], [1.0, "#f0f921"]]}], "heatmapgl": [{"type": "heatmapgl", "colorbar": {"outlinewidth": 0, "ticks": ""}, "colorscale": [[0.0, "#0d0887"], [0.1111111111111111, "#46039f"], [0.2222222222222222, "#7201a8"], [0.3333333333333333, "#9c179e"], [0.4444444444444444, "#bd3786"], [0.5555555555555556, "#d8576b"], [0.6666666666666666, "#ed7953"], [0.7777777777777778, "#fb9f3a"], [0.8888888888888888, "#fdca26"], [1.0, "#f0f921"]]}], "contourcarpet": [{"type": "contourcarpet", "colorbar": {"outlinewidth": 0, "ticks": ""}}], "contour": [{"type": "contour", "colorbar": {"outlinewidth": 0, "ticks": ""}, "colorscale": [[0.0, "#0d0887"], [0.1111111111111111, "#46039f"], [0.2222222222222222, "#7201a8"], [0.3333333333333333, "#9c179e"], [0.4444444444444444, "#bd3786"], [0.5555555555555556, "#d8576b"], [0.6666666666666666, "#ed7953"], [0.7777777777777778, "#fb9f3a"], [0.8888888888888888, "#fdca26"], [1.0, "#f0f921"]]}], "surface": [{"type": "surface", "colorbar": {"outlinewidth": 0, "ticks": ""}, "colorscale": [[0.0, "#0d0887"], [0.1111111111111111, "#46039f"], [0.2222222222222222, "#7201a8"], [0.3333333333333333, "#9c179e"], [0.4444444444444444, "#bd3786"], [0.5555555555555556, "#d8576b"], [0.6666666666666666, "#ed7953"], [0.7777777777777778, "#fb9f3a"], [0.8888888888888888, "#fdca26"], [1.0, "#f0f921"]]}], "mesh3d": [{"type": "mesh3d", "colorbar": {"outlinewidth": 0, "ticks": ""}}], "scatter": [{"fillpattern": {"fillmode": "overlay", "size": 10, "solidity": 0.2}, "type": "scatter"}], "parcoords": [{"type": "parcoords", "line": {"colorbar": {"outlinewidth": 0, "ticks": ""}}}], "scatterpolargl": [{"type": "scatterpolargl", "marker": {"colorbar": {"outlinewidth": 0, "ticks": ""}}}], "bar": [{"error_x": {"color": "#2a3f5f"}, "error_y": {"color": "#2a3f5f"}, "marker": {"line": {"color": "#E5ECF6", "width": 0.5}, "pattern": {"fillmode": "overlay", "size": 10, "solidity": 0.2}}, "type": "bar"}], "scattergeo": [{"type": "scattergeo", "marker": {"colorbar": {"outlinewidth": 0, "ticks": ""}}}], "scatterpolar": [{"type": "scatterpolar", "marker": {"colorbar": {"outlinewidth": 0, "ticks": ""}}}], "histogram": [{"marker": {"pattern": {"fillmode": "overlay", "size": 10, "solidity": 0.2}}, "type": "histogram"}], "scattergl": [{"type": "scattergl", "marker": {"colorbar": {"outlinewidth": 0, "ticks": ""}}}], "scatter3d": [{"type": "scatter3d", "line": {"colorbar": {"outlinewidth": 0, "ticks": ""}}, "marker": {"colorbar": {"outlinewidth": 0, "ticks": ""}}}], "scattermapbox": [{"type": "scattermapbox", "marker": {"colorbar": {"outlinewidth": 0, "ticks": ""}}}], "scatterternary": [{"type": "scatterternary", "marker": {"colorbar": {"outlinewidth": 0, "ticks": ""}}}], "scattercarpet": [{"type": "scattercarpet", "marker": {"colorbar": {"outlinewidth": 0, "ticks": ""}}}], "carpet": [{"aaxis": {"endlinecolor": "#2a3f5f", "gridcolor": "white", "linecolor": "white", "minorgridcolor": "white", "startlinecolor": "#2a3f5f"}, "baxis": {"endlinecolor": "#2a3f5f", "gridcolor": "white", "linecolor": "white", "minorgridcolor": "white", "startlinecolor": "#2a3f5f"}, "type": "carpet"}], "table": [{"cells": {"fill": {"color": "#EBF0F8"}, "line": {"color": "white"}}, "header": {"fill": {"color": "#C8D4E3"}, "line": {"color": "white"}}, "type": "table"}], "barpolar": [{"marker": {"line": {"color": "#E5ECF6", "width": 0.5}, "pattern": {"fillmode": "overlay", "size": 10, "solidity": 0.2}}, "type": "barpolar"}], "pie": [{"automargin": true, "type": "pie"}]}, "layout": {"autotypenumbers": "strict", "colorway": ["#636efa", "#EF553B", "#00cc96", "#ab63fa", "#FFA15A", "#19d3f3", "#FF6692", "#B6E880", "#FF97FF", "#FECB52"], "font": {"color": "#2a3f5f"}, "hovermode": "closest", "hoverlabel": {"align": "left"}, "paper_bgcolor": "white", "plot_bgcolor": "#E5ECF6", "polar": {"bgcolor": "#E5ECF6", "angularaxis": {"gridcolor": "white", "linecolor": "white", "ticks": ""}, "radialaxis": {"gridcolor": "white", "linecolor": "white", "ticks": ""}}, "ternary": {"bgcolor": "#E5ECF6", "aaxis": {"gridcolor": "white", "linecolor": "white", "ticks": ""}, "baxis": {"gridcolor": "white", "linecolor": "white", "ticks": ""}, "caxis": {"gridcolor": "white", "linecolor": "white", "ticks": ""}}, "coloraxis": {"colorbar": {"outlinewidth": 0, "ticks": ""}}, "colorscale": {"sequential": [[0.0, "#0d0887"], [0.1111111111111111, "#46039f"], [0.2222222222222222, "#7201a8"], [0.3333333333333333, "#9c179e"], [0.4444444444444444, "#bd3786"], [0.5555555555555556, "#d8576b"], [0.6666666666666666, "#ed7953"], [0.7777777777777778, "#fb9f3a"], [0.8888888888888888, "#fdca26"], [1.0, "#f0f921"]], "sequentialminus": [[0.0, "#0d0887"], [0.1111111111111111, "#46039f"], [0.2222222222222222, "#7201a8"], [0.3333333333333333, "#9c179e"], [0.4444444444444444, "#bd3786"], [0.5555555555555556, "#d8576b"], [0.6666666666666666, "#ed7953"], [0.7777777777777778, "#fb9f3a"], [0.8888888888888888, "#fdca26"], [1.0, "#f0f921"]], "diverging": [[0, "#8e0152"], [0.1, "#c51b7d"], [0.2, "#de77ae"], [0.3, "#f1b6da"], [0.4, "#fde0ef"], [0.5, "#f7f7f7"], [0.6, "#e6f5d0"], [0.7, "#b8e186"], [0.8, "#7fbc41"], [0.9, "#4d9221"], [1, "#276419"]]}, "xaxis": {"gridcolor": "white", "linecolor": "white", "ticks": "", "title": {"standoff": 15}, "zerolinecolor": "white", "automargin": true, "zerolinewidth": 2}, "yaxis": {"gridcolor": "white", "linecolor": "white", "ticks": "", "title": {"standoff": 15}, "zerolinecolor": "white", "automargin": true, "zerolinewidth": 2}, "scene": {"xaxis": {"backgroundcolor": "#E5ECF6", "gridcolor": "white", "linecolor": "white", "showbackground": true, "ticks": "", "zerolinecolor": "white", "gridwidth": 2}, "yaxis": {"backgroundcolor": "#E5ECF6", "gridcolor": "white", "linecolor": "white", "showbackground": true, "ticks": "", "zerolinecolor": "white", "gridwidth": 2}, "zaxis": {"backgroundcolor": "#E5ECF6", "gridcolor": "white", "linecolor": "white", "showbackground": true, "ticks": "", "zerolinecolor": "white", "gridwidth": 2}}, "shapedefaults": {"line": {"color": "#2a3f5f"}}, "annotationdefaults": {"arrowcolor": "#2a3f5f", "arrowhead": 0, "arrowwidth": 1}, "geo": {"bgcolor": "white", "landcolor": "#E5ECF6", "subunitcolor": "white", "showland": true, "showlakes": true, "lakecolor": "white"}, "title": {"x": 0.05}, "mapbox": {"style": "light"}}}}}