{"data": [{"z": [[18.742280960083008, 3.7812461853027344, 5.437371730804443, 0.15167059004306793, -1.826073169708252, 6.094062805175781, 0.05238744989037514, 5.0789079666137695, -1.7129098176956177, 0.6295358538627625, -3.8993494510650635, 0.034347329288721085, 4.4611005783081055, 3.45170259475708, 3.5284624099731445, 0.40588584542274475, 3.0278120040893555, 0.5331108570098877, -1.152457594871521, 3.7878854274749756, 6.113629341125488], [3.7812461853027344, 11.91830825805664, 1.9017573595046997, 1.0733060836791992, -1.3930554389953613, 4.559471130371094, 2.7287368774414062, 3.9758553504943848, 4.330537796020508, 1.47346830368042, -2.0722365379333496, -0.06749196350574493, 0.6266698837280273, 5.360095024108887, -0.3697682023048401, 2.3719241619110107, -0.8530259132385254, -3.187495708465576, -1.2337357997894287, 3.8557846546173096, 8.901559829711914], [5.437371730804443, 1.9017573595046997, 33.19810104370117, 3.8760788440704346, 3.5860140323638916, 4.190504550933838, -1.929673194885254, -0.2598336935043335, 1.9520366191864014, -4.652073383331299, -3.5950493812561035, 2.8726351261138916, -4.044814586639404, -0.799429714679718, 4.409504413604736, 3.239591360092163, 9.917435646057129, -5.678023338317871, 2.6344919204711914, 2.185469150543213, -2.896151065826416], [0.15167059004306793, 1.0733060836791992, 3.8760788440704346, 24.228790283203125, -3.2249715328216553, -0.15319593250751495, 4.87949800491333, 5.210762023925781, -0.5212546586990356, -0.3760305345058441, 2.9132580757141113, -2.0207419395446777, 4.768086910247803, -3.348402738571167, -0.2023710310459137, 7.915335655212402, -0.1793581247329712, 2.3931758403778076, -3.221963882446289, -1.529052495956421, -9.764406204223633], [-1.826073169708252, -1.3930554389953613, 3.5860140323638916, -3.2249715328216553, 37.06544876098633, 0.0603036992251873, 1.063480019569397, -6.932260036468506, -0.7040314674377441, 10.32375431060791, 2.7377853393554688, -0.4634750485420227, 9.149179458618164, 0.013721322640776634, 2.8045494556427, -13.810585975646973, -2.756115198135376, 5.616021633148193, 0.321958065032959, -9.703919410705566, 0.8832178711891174], [6.094062805175781, 4.559471130371094, 4.190504550933838, -0.15319593250751495, 0.0603036992251873, 16.515106201171875, -1.1972615718841553, 1.8162639141082764, 5.667332649230957, 2.6000008583068848, -6.873862266540527, -0.03761906176805496, 4.250533580780029, 2.896371364593506, 2.971245288848877, 4.340655326843262, 1.379896640777588, -3.7025628089904785, -1.7746326923370361, 0.6034438610076904, 4.20205020904541], [0.05238744989037514, 2.7287368774414062, -1.929673194885254, 4.87949800491333, 1.063480019569397, -1.1972615718841553, 28.0419921875, 5.370441436767578, -2.4756839275360107, 1.4215344190597534, -1.8706642389297485, 2.7256879806518555, 3.5558063983917236, 2.2005975246429443, 3.8937551975250244, -3.7122011184692383, 1.4044382572174072, -2.997811794281006, -3.649651050567627, -4.716085433959961, 6.286785125732422], [5.0789079666137695, 3.9758553504943848, -0.2598336935043335, 5.210762023925781, -6.932260036468506, 1.8162639141082764, 5.370441436767578, 20.840850830078125, -8.897209167480469, -1.680953860282898, 3.6268928050994873, 2.187434673309326, 0.5626123547554016, 1.2524441480636597, -2.3067569732666016, 10.269440650939941, -0.596984326839447, -1.5238313674926758, 0.5951929092407227, -0.0526576042175293, -1.1709659099578857], [-1.7129098176956177, 4.330537796020508, 1.9520366191864014, -0.5212546586990356, -0.7040314674377441, 5.667332649230957, -2.4756839275360107, -8.897209167480469, 40.48271942138672, -4.259868621826172, 0.22184517979621887, 3.141683340072632, -4.552331924438477, 8.645310401916504, 7.428365707397461, -0.04546627402305603, -0.16810810565948486, -7.9039483070373535, -7.680388927459717, 6.148024082183838, -2.1028873920440674], [0.6295358538627625, 1.47346830368042, -4.652073383331299, -0.3760305345058441, 10.32375431060791, 2.6000008583068848, 1.4215344190597534, -1.680953860282898, -4.259868621826172, 22.12461280822754, 6.186751842498779, 2.5582125186920166, 2.404310941696167, -0.8210592269897461, 0.6751779317855835, -5.223344326019287, -3.6544718742370605, 2.5032079219818115, -2.9036741256713867, -5.662053108215332, -0.9136565923690796], [-3.8993494510650635, -2.0722365379333496, -3.5950493812561035, 2.9132580757141113, 2.7377853393554688, -6.873862266540527, -1.8706642389297485, 3.6268928050994873, 0.22184517979621887, 6.186751842498779, 24.643877029418945, 6.6787333488464355, 0.5732860565185547, -1.98991858959198, -3.6445980072021484, 5.5098137855529785, 1.2691630125045776, 7.203878402709961, -4.213459014892578, 1.2291851043701172, -6.441901206970215], [0.034347329288721085, -0.06749196350574493, 2.8726351261138916, -2.0207419395446777, -0.4634750485420227, -0.03761906176805496, 2.7256879806518555, 2.187434673309326, 3.141683340072632, 2.5582125186920166, 6.6787333488464355, 15.692232131958008, -0.29724159836769104, 0.6678494215011597, 3.4716198444366455, 2.067568302154541, 2.2909367084503174, -4.532285690307617, 0.23276472091674805, 2.553177833557129, -4.315919876098633], [4.4611005783081055, 0.6266698837280273, -4.044814586639404, 4.768086910247803, 9.149179458618164, 4.250533580780029, 3.5558063983917236, 0.5626123547554016, -4.552331924438477, 2.404310941696167, 0.5732860565185547, -0.29724159836769104, 24.018430709838867, 0.11450418829917908, -1.911028265953064, -7.435519218444824, 1.359059453010559, 4.328996658325195, 5.173192024230957, -0.5626806020736694, 7.050482749938965], [3.45170259475708, 5.360095024108887, -0.799429714679718, -3.348402738571167, 0.013721322640776634, 2.896371364593506, 2.2005975246429443, 1.2524441480636597, 8.645310401916504, -0.8210592269897461, -1.98991858959198, 0.6678494215011597, 0.11450418829917908, 17.175378799438477, 4.0867815017700195, 3.996816396713257, 2.220430612564087, -1.896178960800171, -3.5588979721069336, 6.449235439300537, 7.512598514556885], [3.5284624099731445, -0.3697682023048401, 4.409504413604736, -0.2023710310459137, 2.8045494556427, 2.971245288848877, 3.8937551975250244, -2.3067569732666016, 7.428365707397461, 0.6751779317855835, -3.6445980072021484, 3.4716198444366455, -1.911028265953064, 4.0867815017700195, 16.99192237854004, -2.631345510482788, 3.0424370765686035, 1.359179973602295, -0.27827274799346924, 0.9392795562744141, -6.573214530944824], [0.40588584542274475, 2.3719241619110107, 3.239591360092163, 7.915335655212402, -13.810585975646973, 4.340655326843262, -3.7122011184692383, 10.269440650939941, -0.04546627402305603, -5.223344326019287, 5.5098137855529785, 2.067568302154541, -7.435519218444824, 3.996816396713257, -2.631345510482788, 29.95863914489746, 2.249889612197876, -2.924624443054199, -5.192956924438477, 0.33297276496887207, -2.960239887237549], [3.0278120040893555, -0.8530260324478149, 9.917436599731445, -0.17935802042484283, -2.756115198135376, 1.379896640777588, 1.4044381380081177, -0.59698486328125, -0.16810829937458038, -3.6544718742370605, 1.2691630125045776, 2.2909364700317383, 1.3590601682662964, 2.220430374145508, 3.0424365997314453, 2.249889612197876, 21.290061950683594, 4.9127960205078125, -0.9161453247070312, 3.4632673263549805, 5.106837749481201], [0.5331105589866638, -3.1874961853027344, -5.6780242919921875, 2.3931756019592285, 5.616021156311035, -3.7025625705718994, -2.9978134632110596, -1.5238306522369385, -7.9039483070373535, 2.5032079219818115, 7.203877925872803, -4.532285213470459, 4.328996658325195, -1.896178960800171, 1.359179139137268, -2.924623727798462, 4.9127960205078125, 22.787248611450195, 1.232313632965088, -0.26473522186279297, -0.6003932952880859], [-1.1524574756622314, -1.2337357997894287, 2.6344921588897705, -3.2219643592834473, 0.3219585716724396, -1.7746326923370361, -3.6496503353118896, 0.5951931476593018, -7.680387496948242, -2.903674602508545, -4.21345853805542, 0.23276467621326447, 5.173193454742432, -3.5588974952697754, -0.27827322483062744, -5.192955493927002, -0.9161453247070312, 1.232313632965088, 28.13665771484375, 4.321280002593994, -1.9293462038040161], [3.7878854274749756, 3.855785369873047, 2.185469150543213, -1.529052734375, -9.703919410705566, 0.6034442186355591, -4.716085433959961, -0.05265740305185318, 6.148024082183838, -5.662052631378174, 1.2291852235794067, 2.553178071975708, -0.5626809000968933, 6.449235439300537, 0.9392793774604797, 0.33297252655029297, 3.4632673263549805, -0.26473522186279297, 4.321280002593994, 27.94583511352539, 6.065769672393799], [6.11362886428833, 8.901559829711914, -2.896150588989258, -9.76440715789795, 0.8832180500030518, 4.20205020904541, 6.286785125732422, -1.1709659099578857, -2.1028876304626465, -0.9136559963226318, -6.441901206970215, -4.315919876098633, 7.050482749938965, 7.512598037719727, -6.573214054107666, -2.9602396488189697, 5.106837272644043, -0.6003931760787964, -1.9293463230133057, 6.065769672393799, 29.782493591308594]], "type": "heatmap"}], "layout": {"template": {"data": {"histogram2dcontour": [{"type": "histogram2dcontour", "colorbar": {"outlinewidth": 0, "ticks": ""}, "colorscale": [[0.0, "#0d0887"], [0.1111111111111111, "#46039f"], [0.2222222222222222, "#7201a8"], [0.3333333333333333, "#9c179e"], [0.4444444444444444, "#bd3786"], [0.5555555555555556, "#d8576b"], [0.6666666666666666, "#ed7953"], [0.7777777777777778, "#fb9f3a"], [0.8888888888888888, "#fdca26"], [1.0, "#f0f921"]]}], "choropleth": [{"type": "choropleth", "colorbar": {"outlinewidth": 0, "ticks": ""}}], "histogram2d": [{"type": "histogram2d", "colorbar": {"outlinewidth": 0, "ticks": ""}, "colorscale": [[0.0, "#0d0887"], [0.1111111111111111, "#46039f"], [0.2222222222222222, "#7201a8"], [0.3333333333333333, "#9c179e"], [0.4444444444444444, "#bd3786"], [0.5555555555555556, "#d8576b"], [0.6666666666666666, "#ed7953"], [0.7777777777777778, "#fb9f3a"], [0.8888888888888888, "#fdca26"], [1.0, "#f0f921"]]}], "heatmap": [{"type": "heatmap", "colorbar": {"outlinewidth": 0, "ticks": ""}, "colorscale": [[0.0, "#0d0887"], [0.1111111111111111, "#46039f"], [0.2222222222222222, "#7201a8"], [0.3333333333333333, "#9c179e"], [0.4444444444444444, "#bd3786"], [0.5555555555555556, "#d8576b"], [0.6666666666666666, "#ed7953"], [0.7777777777777778, "#fb9f3a"], [0.8888888888888888, "#fdca26"], [1.0, "#f0f921"]]}], "heatmapgl": [{"type": "heatmapgl", "colorbar": {"outlinewidth": 0, "ticks": ""}, "colorscale": [[0.0, "#0d0887"], [0.1111111111111111, "#46039f"], [0.2222222222222222, "#7201a8"], [0.3333333333333333, "#9c179e"], [0.4444444444444444, "#bd3786"], [0.5555555555555556, "#d8576b"], [0.6666666666666666, "#ed7953"], [0.7777777777777778, "#fb9f3a"], [0.8888888888888888, "#fdca26"], [1.0, "#f0f921"]]}], "contourcarpet": [{"type": "contourcarpet", "colorbar": {"outlinewidth": 0, "ticks": ""}}], "contour": [{"type": "contour", "colorbar": {"outlinewidth": 0, "ticks": ""}, "colorscale": [[0.0, "#0d0887"], [0.1111111111111111, "#46039f"], [0.2222222222222222, "#7201a8"], [0.3333333333333333, "#9c179e"], [0.4444444444444444, "#bd3786"], [0.5555555555555556, "#d8576b"], [0.6666666666666666, "#ed7953"], [0.7777777777777778, "#fb9f3a"], [0.8888888888888888, "#fdca26"], [1.0, "#f0f921"]]}], "surface": [{"type": "surface", "colorbar": {"outlinewidth": 0, "ticks": ""}, "colorscale": [[0.0, "#0d0887"], [0.1111111111111111, "#46039f"], [0.2222222222222222, "#7201a8"], [0.3333333333333333, "#9c179e"], [0.4444444444444444, "#bd3786"], [0.5555555555555556, "#d8576b"], [0.6666666666666666, "#ed7953"], [0.7777777777777778, "#fb9f3a"], [0.8888888888888888, "#fdca26"], [1.0, "#f0f921"]]}], "mesh3d": [{"type": "mesh3d", "colorbar": {"outlinewidth": 0, "ticks": ""}}], "scatter": [{"fillpattern": {"fillmode": "overlay", "size": 10, "solidity": 0.2}, "type": "scatter"}], "parcoords": [{"type": "parcoords", "line": {"colorbar": {"outlinewidth": 0, "ticks": ""}}}], "scatterpolargl": [{"type": "scatterpolargl", "marker": {"colorbar": {"outlinewidth": 0, "ticks": ""}}}], "bar": [{"error_x": {"color": "#2a3f5f"}, "error_y": {"color": "#2a3f5f"}, "marker": {"line": {"color": "#E5ECF6", "width": 0.5}, "pattern": {"fillmode": "overlay", "size": 10, "solidity": 0.2}}, "type": "bar"}], "scattergeo": [{"type": "scattergeo", "marker": {"colorbar": {"outlinewidth": 0, "ticks": ""}}}], "scatterpolar": [{"type": "scatterpolar", "marker": {"colorbar": {"outlinewidth": 0, "ticks": ""}}}], "histogram": [{"marker": {"pattern": {"fillmode": "overlay", "size": 10, "solidity": 0.2}}, "type": "histogram"}], "scattergl": [{"type": "scattergl", "marker": {"colorbar": {"outlinewidth": 0, "ticks": ""}}}], "scatter3d": [{"type": "scatter3d", "line": {"colorbar": {"outlinewidth": 0, "ticks": ""}}, "marker": {"colorbar": {"outlinewidth": 0, "ticks": ""}}}], "scattermapbox": [{"type": "scattermapbox", "marker": {"colorbar": {"outlinewidth": 0, "ticks": ""}}}], "scatterternary": [{"type": "scatterternary", "marker": {"colorbar": {"outlinewidth": 0, "ticks": ""}}}], "scattercarpet": [{"type": "scattercarpet", "marker": {"colorbar": {"outlinewidth": 0, "ticks": ""}}}], "carpet": [{"aaxis": {"endlinecolor": "#2a3f5f", "gridcolor": "white", "linecolor": "white", "minorgridcolor": "white", "startlinecolor": "#2a3f5f"}, "baxis": {"endlinecolor": "#2a3f5f", "gridcolor": "white", "linecolor": "white", "minorgridcolor": "white", "startlinecolor": "#2a3f5f"}, "type": "carpet"}], "table": [{"cells": {"fill": {"color": "#EBF0F8"}, "line": {"color": "white"}}, "header": {"fill": {"color": "#C8D4E3"}, "line": {"color": "white"}}, "type": "table"}], "barpolar": [{"marker": {"line": {"color": "#E5ECF6", "width": 0.5}, "pattern": {"fillmode": "overlay", "size": 10, "solidity": 0.2}}, "type": "barpolar"}], "pie": [{"automargin": true, "type": "pie"}]}, "layout": {"autotypenumbers": "strict", "colorway": ["#636efa", "#EF553B", "#00cc96", "#ab63fa", "#FFA15A", "#19d3f3", "#FF6692", "#B6E880", "#FF97FF", "#FECB52"], "font": {"color": "#2a3f5f"}, "hovermode": "closest", "hoverlabel": {"align": "left"}, "paper_bgcolor": "white", "plot_bgcolor": "#E5ECF6", "polar": {"bgcolor": "#E5ECF6", "angularaxis": {"gridcolor": "white", "linecolor": "white", "ticks": ""}, "radialaxis": {"gridcolor": "white", "linecolor": "white", "ticks": ""}}, "ternary": {"bgcolor": "#E5ECF6", "aaxis": {"gridcolor": "white", "linecolor": "white", "ticks": ""}, "baxis": {"gridcolor": "white", "linecolor": "white", "ticks": ""}, "caxis": {"gridcolor": "white", "linecolor": "white", "ticks": ""}}, "coloraxis": {"colorbar": {"outlinewidth": 0, "ticks": ""}}, "colorscale": {"sequential": [[0.0, "#0d0887"], [0.1111111111111111, "#46039f"], [0.2222222222222222, "#7201a8"], [0.3333333333333333, "#9c179e"], [0.4444444444444444, "#bd3786"], [0.5555555555555556, "#d8576b"], [0.6666666666666666, "#ed7953"], [0.7777777777777778, "#fb9f3a"], [0.8888888888888888, "#fdca26"], [1.0, "#f0f921"]], "sequentialminus": [[0.0, "#0d0887"], [0.1111111111111111, "#46039f"], [0.2222222222222222, "#7201a8"], [0.3333333333333333, "#9c179e"], [0.4444444444444444, "#bd3786"], [0.5555555555555556, "#d8576b"], [0.6666666666666666, "#ed7953"], [0.7777777777777778, "#fb9f3a"], [0.8888888888888888, "#fdca26"], [1.0, "#f0f921"]], "diverging": [[0, "#8e0152"], [0.1, "#c51b7d"], [0.2, "#de77ae"], [0.3, "#f1b6da"], [0.4, "#fde0ef"], [0.5, "#f7f7f7"], [0.6, "#e6f5d0"], [0.7, "#b8e186"], [0.8, "#7fbc41"], [0.9, "#4d9221"], [1, "#276419"]]}, "xaxis": {"gridcolor": "white", "linecolor": "white", "ticks": "", "title": {"standoff": 15}, "zerolinecolor": "white", "automargin": true, "zerolinewidth": 2}, "yaxis": {"gridcolor": "white", "linecolor": "white", "ticks": "", "title": {"standoff": 15}, "zerolinecolor": "white", "automargin": true, "zerolinewidth": 2}, "scene": {"xaxis": {"backgroundcolor": "#E5ECF6", "gridcolor": "white", "linecolor": "white", "showbackground": true, "ticks": "", "zerolinecolor": "white", "gridwidth": 2}, "yaxis": {"backgroundcolor": "#E5ECF6", "gridcolor": "white", "linecolor": "white", "showbackground": true, "ticks": "", "zerolinecolor": "white", "gridwidth": 2}, "zaxis": {"backgroundcolor": "#E5ECF6", "gridcolor": "white", "linecolor": "white", "showbackground": true, "ticks": "", "zerolinecolor": "white", "gridwidth": 2}}, "shapedefaults": {"line": {"color": "#2a3f5f"}}, "annotationdefaults": {"arrowcolor": "#2a3f5f", "arrowhead": 0, "arrowwidth": 1}, "geo": {"bgcolor": "white", "landcolor": "#E5ECF6", "subunitcolor": "white", "showland": true, "showlakes": true, "lakecolor": "white"}, "title": {"x": 0.05}, "mapbox": {"style": "light"}}}}}