{"data": [{"z": [[18.82819366455078, 3.764314889907837, 5.271858215332031, 0.012461850419640541, -1.8919657468795776, 6.068946361541748, -0.037648171186447144, 5.019958019256592, -1.826005458831787, 0.5642505884170532, -4.094220161437988, -0.003635760862380266, 4.477205276489258, 3.3505630493164062, 3.4756581783294678, 0.21746298670768738, 2.9369215965270996, 0.49097347259521484, -1.226413607597351, 3.7860820293426514, 6.1567840576171875], [3.764314889907837, 11.962618827819824, 1.8422956466674805, 1.0122205018997192, -1.4535527229309082, 4.571578502655029, 2.694657564163208, 4.002262115478516, 4.3116326332092285, 1.4551033973693848, -2.2244162559509277, -0.04399805888533592, 0.6227881908416748, 5.3073272705078125, -0.41782450675964355, 2.27143931388855, -0.9142531156539917, -3.3578526973724365, -1.3448922634124756, 3.829827070236206, 8.913689613342285], [5.271858215332031, 1.8422956466674805, 33.273094177246094, 3.816326141357422, 3.626791000366211, 4.138056755065918, -2.015923500061035, -0.35149717330932617, 1.9778242111206055, -4.7447333335876465, -3.7406394481658936, 2.8707404136657715, -4.139853000640869, -0.9113507866859436, 4.362421989440918, 3.19356369972229, 10.001157760620117, -5.7817463874816895, 2.556154727935791, 2.093902587890625, -2.927467107772827], [0.012461850419640541, 1.0122205018997192, 3.816326141357422, 24.403446197509766, -3.2561497688293457, -0.21972034871578217, 4.851386070251465, 5.1502461433410645, -0.5914481282234192, -0.42821577191352844, 2.827899217605591, -2.086491823196411, 4.783502578735352, -3.5266199111938477, -0.29349133372306824, 7.913448810577393, -0.26392847299575806, 2.306189775466919, -3.2866997718811035, -1.6059619188308716, -9.823591232299805], [-1.8919657468795776, -1.4535527229309082, 3.626791000366211, -3.2561497688293457, 37.20513153076172, 0.026074346154928207, 1.0165339708328247, -6.985597133636475, -0.6982560157775879, 10.356474876403809, 2.7501840591430664, -0.49847108125686646, 9.145230293273926, -0.048701148480176926, 2.827181339263916, -13.893949508666992, -2.824460506439209, 5.666141033172607, 0.34491586685180664, -9.797986030578613, 0.8400736451148987], [6.068946361541748, 4.571578502655029, 4.138056755065918, -0.21972034871578217, 0.026074346154928207, 16.580846786499023, -1.3234119415283203, 1.7706832885742188, 5.579330921173096, 2.5717849731445312, -6.995070934295654, -0.10494884103536606, 4.233134746551514, 2.8379247188568115, 2.9338059425354004, 4.281060695648193, 1.3679873943328857, -3.7840042114257812, -1.8531392812728882, 0.5382790565490723, 4.20452356338501], [-0.037648171186447144, 2.694657564163208, -2.015923500061035, 4.851386070251465, 1.0165339708328247, -1.3234119415283203, 28.11330223083496, 5.310436725616455, -2.511796712875366, 1.3050501346588135, -1.9948523044586182, 2.638117790222168, 3.5568125247955322, 2.115464687347412, 3.8309452533721924, -3.8023853302001953, 1.3083117008209229, -3.107090711593628, -3.747079849243164, -4.811951160430908, 6.324102401733398], [5.019958019256592, 4.002262115478516, -0.35149717330932617, 5.1502461433410645, -6.985597133636475, 1.7706832885742188, 5.310436725616455, 20.946821212768555, -9.020612716674805, -1.75017511844635, 3.550814390182495, 2.2126669883728027, 0.5568526983261108, 1.1652817726135254, -2.4382030963897705, 10.22301959991455, -0.6510187387466431, -1.6951807737350464, 0.48548147082328796, -0.19343805313110352, -1.1740072965621948], [-1.826005458831787, 4.3116326332092285, 1.9778242111206055, -0.5914481282234192, -0.6982560157775879, 5.579330921173096, -2.511796712875366, -9.020612716674805, 40.6766357421875, -4.340764045715332, 0.17086173593997955, 3.1157867908477783, -4.620001316070557, 8.669029235839844, 7.449318885803223, -0.09291474521160126, -0.20612800121307373, -7.998317718505859, -7.732125759124756, 6.114013671875, -2.1251864433288574], [0.5642505884170532, 1.4551033973693848, -4.7447333335876465, -0.42821577191352844, 10.356474876403809, 2.5717849731445312, 1.3050501346588135, -1.75017511844635, -4.340764045715332, 22.244140625, 6.078545570373535, 2.582759141921997, 2.413140296936035, -0.930172860622406, 0.6725505590438843, -5.388908863067627, -3.7256200313568115, 2.4353878498077393, -3.0476012229919434, -5.791792869567871, -0.9416492581367493], [-4.094220161437988, -2.2244162559509277, -3.7406394481658936, 2.827899217605591, 2.7501840591430664, -6.995070934295654, -1.9948523044586182, 3.550814390182495, 0.17086173593997955, 6.078545570373535, 24.605121612548828, 6.678980827331543, 0.5371803641319275, -2.2023305892944336, -3.764009475708008, 5.4157867431640625, 1.1762990951538086, 7.17877197265625, -4.262971878051758, 1.121462345123291, -6.486087799072266], [-0.003635760862380266, -0.04399805888533592, 2.8707404136657715, -2.086491823196411, -0.49847108125686646, -0.10494884103536606, 2.638117790222168, 2.2126669883728027, 3.1157867908477783, 2.582759141921997, 6.678980827331543, 15.770644187927246, -0.2736853063106537, 0.6250501871109009, 3.4574921131134033, 1.9879636764526367, 2.2850027084350586, -4.626616954803467, 0.17551922798156738, 2.5187222957611084, -4.343411445617676], [4.477205276489258, 0.6227881908416748, -4.139853000640869, 4.783502578735352, 9.145230293273926, 4.233134746551514, 3.5568125247955322, 0.5568526983261108, -4.620001316070557, 2.413140296936035, 0.5371803641319275, -0.2736853063106537, 24.191253662109375, 0.06106918305158615, -1.9496711492538452, -7.564020156860352, 1.327157974243164, 4.282184600830078, 5.174022674560547, -0.5786808133125305, 7.085720539093018], [3.3505630493164062, 5.3073272705078125, -0.9113507866859436, -3.5266199111938477, -0.048701148480176926, 2.8379247188568115, 2.115464687347412, 1.1652817726135254, 8.669029235839844, -0.930172860622406, -2.2023305892944336, 0.6250501871109009, 0.06106918305158615, 17.179931640625, 4.020451545715332, 3.8870346546173096, 2.1048429012298584, -1.9741640090942383, -3.6497299671173096, 6.462189197540283, 7.563142776489258], [3.4756581783294678, -0.41782450675964355, 4.362421989440918, -0.29349133372306824, 2.827181339263916, 2.9338059425354004, 3.8309452533721924, -2.4382030963897705, 7.449318885803223, 0.6725505590438843, -3.764009475708008, 3.4574921131134033, -1.9496711492538452, 4.020451545715332, 17.05491828918457, -2.7714145183563232, 2.9600048065185547, 1.3041725158691406, -0.3329305648803711, 0.9339523315429688, -6.5853447914123535], [0.21746298670768738, 2.27143931388855, 3.19356369972229, 7.913448810577393, -13.893949508666992, 4.281060695648193, -3.8023853302001953, 10.22301959991455, -0.09291474521160126, -5.388908863067627, 5.4157867431640625, 1.9879636764526367, -7.564020156860352, 3.8870346546173096, -2.7714145183563232, 30.07024383544922, 2.2394957542419434, -3.0780043601989746, -5.307186603546143, 0.18445158004760742, -2.991492748260498], [2.936922073364258, -0.9142531156539917, 10.001157760620117, -0.26392829418182373, -2.82446026802063, 1.3679875135421753, 1.3083117008209229, -0.6510190963745117, -0.20612815022468567, -3.7256197929382324, 1.1762988567352295, 2.2850027084350586, 1.3271573781967163, 2.1048426628112793, 2.96000599861145, 2.2394957542419434, 21.472349166870117, 4.850371837615967, -1.0439932346343994, 3.416118860244751, 5.104813098907471], [0.4909736216068268, -3.357853651046753, -5.781745910644531, 2.306190252304077, 5.666140556335449, -3.7840042114257812, -3.107090473175049, -1.6951802968978882, -7.998317718505859, 2.43538761138916, 7.178773403167725, -4.626617431640625, 4.282184600830078, -1.9741636514663696, 1.3041728734970093, -3.0780043601989746, 4.850371837615967, 22.855567932128906, 1.2598481178283691, -0.2945270538330078, -0.637435793876648], [-1.226413607597351, -1.344892144203186, 2.556154489517212, -3.2866997718811035, 0.34491580724716187, -1.8531391620635986, -3.747080087661743, 0.4854816198348999, -7.732125759124756, -3.0476014614105225, -4.2629714012146, 0.1755199432373047, 5.1740217208862305, -3.6497297286987305, -0.33293113112449646, -5.307186126708984, -1.0439932346343994, 1.2598481178283691, 28.233245849609375, 4.3123908042907715, -1.9297715425491333], [3.786081552505493, 3.829826831817627, 2.093903064727783, -1.6059619188308716, -9.79798698425293, 0.5382790565490723, -4.811951637268066, -0.19343802332878113, 6.114013671875, -5.791792869567871, 1.1214627027511597, 2.5187220573425293, -0.5786808729171753, 6.462188720703125, 0.9339532256126404, 0.18445123732089996, 3.416118860244751, -0.2945270538330078, 4.3123908042907715, 28.17742919921875, 6.107094764709473], [6.1567840576171875, 8.913690567016602, -2.927466869354248, -9.823591232299805, 0.8400733470916748, 4.20452356338501, 6.324102878570557, -1.1740081310272217, -2.1251862049102783, -0.9416497945785522, -6.486087322235107, -4.343411922454834, 7.085719108581543, 7.563143253326416, -6.5853447914123535, -2.991492748260498, 5.1048126220703125, -0.6374358534812927, -1.9297716617584229, 6.107094764709473, 29.782493591308594]], "type": "heatmap"}], "layout": {"template": {"data": {"histogram2dcontour": [{"type": "histogram2dcontour", "colorbar": {"outlinewidth": 0, "ticks": ""}, "colorscale": [[0.0, "#0d0887"], [0.1111111111111111, "#46039f"], [0.2222222222222222, "#7201a8"], [0.3333333333333333, "#9c179e"], [0.4444444444444444, "#bd3786"], [0.5555555555555556, "#d8576b"], [0.6666666666666666, "#ed7953"], [0.7777777777777778, "#fb9f3a"], [0.8888888888888888, "#fdca26"], [1.0, "#f0f921"]]}], "choropleth": [{"type": "choropleth", "colorbar": {"outlinewidth": 0, "ticks": ""}}], "histogram2d": [{"type": "histogram2d", "colorbar": {"outlinewidth": 0, "ticks": ""}, "colorscale": [[0.0, "#0d0887"], [0.1111111111111111, "#46039f"], [0.2222222222222222, "#7201a8"], [0.3333333333333333, "#9c179e"], [0.4444444444444444, "#bd3786"], [0.5555555555555556, "#d8576b"], [0.6666666666666666, "#ed7953"], [0.7777777777777778, "#fb9f3a"], [0.8888888888888888, "#fdca26"], [1.0, "#f0f921"]]}], "heatmap": [{"type": "heatmap", "colorbar": {"outlinewidth": 0, "ticks": ""}, "colorscale": [[0.0, "#0d0887"], [0.1111111111111111, "#46039f"], [0.2222222222222222, "#7201a8"], [0.3333333333333333, "#9c179e"], [0.4444444444444444, "#bd3786"], [0.5555555555555556, "#d8576b"], [0.6666666666666666, "#ed7953"], [0.7777777777777778, "#fb9f3a"], [0.8888888888888888, "#fdca26"], [1.0, "#f0f921"]]}], "heatmapgl": [{"type": "heatmapgl", "colorbar": {"outlinewidth": 0, "ticks": ""}, "colorscale": [[0.0, "#0d0887"], [0.1111111111111111, "#46039f"], [0.2222222222222222, "#7201a8"], [0.3333333333333333, "#9c179e"], [0.4444444444444444, "#bd3786"], [0.5555555555555556, "#d8576b"], [0.6666666666666666, "#ed7953"], [0.7777777777777778, "#fb9f3a"], [0.8888888888888888, "#fdca26"], [1.0, "#f0f921"]]}], "contourcarpet": [{"type": "contourcarpet", "colorbar": {"outlinewidth": 0, "ticks": ""}}], "contour": [{"type": "contour", "colorbar": {"outlinewidth": 0, "ticks": ""}, "colorscale": [[0.0, "#0d0887"], [0.1111111111111111, "#46039f"], [0.2222222222222222, "#7201a8"], [0.3333333333333333, "#9c179e"], [0.4444444444444444, "#bd3786"], [0.5555555555555556, "#d8576b"], [0.6666666666666666, "#ed7953"], [0.7777777777777778, "#fb9f3a"], [0.8888888888888888, "#fdca26"], [1.0, "#f0f921"]]}], "surface": [{"type": "surface", "colorbar": {"outlinewidth": 0, "ticks": ""}, "colorscale": [[0.0, "#0d0887"], [0.1111111111111111, "#46039f"], [0.2222222222222222, "#7201a8"], [0.3333333333333333, "#9c179e"], [0.4444444444444444, "#bd3786"], [0.5555555555555556, "#d8576b"], [0.6666666666666666, "#ed7953"], [0.7777777777777778, "#fb9f3a"], [0.8888888888888888, "#fdca26"], [1.0, "#f0f921"]]}], "mesh3d": [{"type": "mesh3d", "colorbar": {"outlinewidth": 0, "ticks": ""}}], "scatter": [{"fillpattern": {"fillmode": "overlay", "size": 10, "solidity": 0.2}, "type": "scatter"}], "parcoords": [{"type": "parcoords", "line": {"colorbar": {"outlinewidth": 0, "ticks": ""}}}], "scatterpolargl": [{"type": "scatterpolargl", "marker": {"colorbar": {"outlinewidth": 0, "ticks": ""}}}], "bar": [{"error_x": {"color": "#2a3f5f"}, "error_y": {"color": "#2a3f5f"}, "marker": {"line": {"color": "#E5ECF6", "width": 0.5}, "pattern": {"fillmode": "overlay", "size": 10, "solidity": 0.2}}, "type": "bar"}], "scattergeo": [{"type": "scattergeo", "marker": {"colorbar": {"outlinewidth": 0, "ticks": ""}}}], "scatterpolar": [{"type": "scatterpolar", "marker": {"colorbar": {"outlinewidth": 0, "ticks": ""}}}], "histogram": [{"marker": {"pattern": {"fillmode": "overlay", "size": 10, "solidity": 0.2}}, "type": "histogram"}], "scattergl": [{"type": "scattergl", "marker": {"colorbar": {"outlinewidth": 0, "ticks": ""}}}], "scatter3d": [{"type": "scatter3d", "line": {"colorbar": {"outlinewidth": 0, "ticks": ""}}, "marker": {"colorbar": {"outlinewidth": 0, "ticks": ""}}}], "scattermapbox": [{"type": "scattermapbox", "marker": {"colorbar": {"outlinewidth": 0, "ticks": ""}}}], "scatterternary": [{"type": "scatterternary", "marker": {"colorbar": {"outlinewidth": 0, "ticks": ""}}}], "scattercarpet": [{"type": "scattercarpet", "marker": {"colorbar": {"outlinewidth": 0, "ticks": ""}}}], "carpet": [{"aaxis": {"endlinecolor": "#2a3f5f", "gridcolor": "white", "linecolor": "white", "minorgridcolor": "white", "startlinecolor": "#2a3f5f"}, "baxis": {"endlinecolor": "#2a3f5f", "gridcolor": "white", "linecolor": "white", "minorgridcolor": "white", "startlinecolor": "#2a3f5f"}, "type": "carpet"}], "table": [{"cells": {"fill": {"color": "#EBF0F8"}, "line": {"color": "white"}}, "header": {"fill": {"color": "#C8D4E3"}, "line": {"color": "white"}}, "type": "table"}], "barpolar": [{"marker": {"line": {"color": "#E5ECF6", "width": 0.5}, "pattern": {"fillmode": "overlay", "size": 10, "solidity": 0.2}}, "type": "barpolar"}], "pie": [{"automargin": true, "type": "pie"}]}, "layout": {"autotypenumbers": "strict", "colorway": ["#636efa", "#EF553B", "#00cc96", "#ab63fa", "#FFA15A", "#19d3f3", "#FF6692", "#B6E880", "#FF97FF", "#FECB52"], "font": {"color": "#2a3f5f"}, "hovermode": "closest", "hoverlabel": {"align": "left"}, "paper_bgcolor": "white", "plot_bgcolor": "#E5ECF6", "polar": {"bgcolor": "#E5ECF6", "angularaxis": {"gridcolor": "white", "linecolor": "white", "ticks": ""}, "radialaxis": {"gridcolor": "white", "linecolor": "white", "ticks": ""}}, "ternary": {"bgcolor": "#E5ECF6", "aaxis": {"gridcolor": "white", "linecolor": "white", "ticks": ""}, "baxis": {"gridcolor": "white", "linecolor": "white", "ticks": ""}, "caxis": {"gridcolor": "white", "linecolor": "white", "ticks": ""}}, "coloraxis": {"colorbar": {"outlinewidth": 0, "ticks": ""}}, "colorscale": {"sequential": [[0.0, "#0d0887"], [0.1111111111111111, "#46039f"], [0.2222222222222222, "#7201a8"], [0.3333333333333333, "#9c179e"], [0.4444444444444444, "#bd3786"], [0.5555555555555556, "#d8576b"], [0.6666666666666666, "#ed7953"], [0.7777777777777778, "#fb9f3a"], [0.8888888888888888, "#fdca26"], [1.0, "#f0f921"]], "sequentialminus": [[0.0, "#0d0887"], [0.1111111111111111, "#46039f"], [0.2222222222222222, "#7201a8"], [0.3333333333333333, "#9c179e"], [0.4444444444444444, "#bd3786"], [0.5555555555555556, "#d8576b"], [0.6666666666666666, "#ed7953"], [0.7777777777777778, "#fb9f3a"], [0.8888888888888888, "#fdca26"], [1.0, "#f0f921"]], "diverging": [[0, "#8e0152"], [0.1, "#c51b7d"], [0.2, "#de77ae"], [0.3, "#f1b6da"], [0.4, "#fde0ef"], [0.5, "#f7f7f7"], [0.6, "#e6f5d0"], [0.7, "#b8e186"], [0.8, "#7fbc41"], [0.9, "#4d9221"], [1, "#276419"]]}, "xaxis": {"gridcolor": "white", "linecolor": "white", "ticks": "", "title": {"standoff": 15}, "zerolinecolor": "white", "automargin": true, "zerolinewidth": 2}, "yaxis": {"gridcolor": "white", "linecolor": "white", "ticks": "", "title": {"standoff": 15}, "zerolinecolor": "white", "automargin": true, "zerolinewidth": 2}, "scene": {"xaxis": {"backgroundcolor": "#E5ECF6", "gridcolor": "white", "linecolor": "white", "showbackground": true, "ticks": "", "zerolinecolor": "white", "gridwidth": 2}, "yaxis": {"backgroundcolor": "#E5ECF6", "gridcolor": "white", "linecolor": "white", "showbackground": true, "ticks": "", "zerolinecolor": "white", "gridwidth": 2}, "zaxis": {"backgroundcolor": "#E5ECF6", "gridcolor": "white", "linecolor": "white", "showbackground": true, "ticks": "", "zerolinecolor": "white", "gridwidth": 2}}, "shapedefaults": {"line": {"color": "#2a3f5f"}}, "annotationdefaults": {"arrowcolor": "#2a3f5f", "arrowhead": 0, "arrowwidth": 1}, "geo": {"bgcolor": "white", "landcolor": "#E5ECF6", "subunitcolor": "white", "showland": true, "showlakes": true, "lakecolor": "white"}, "title": {"x": 0.05}, "mapbox": {"style": "light"}}}}}