{"data": [{"z": [[20.126745223999023, -11.384088516235352, -1.2798742055892944, -9.296858787536621, 3.7577009201049805, 6.836807727813721, -0.589205801486969, 3.2138988971710205, 4.092860221862793, -3.2748162746429443, 7.281761646270752, -1.4953339099884033, -0.46592965722084045, 4.979013919830322, -4.180877685546875, 5.752205848693848, -5.0651044845581055, 2.6663622856140137, -7.449713230133057, 2.008600950241089, 2.198305606842041], [-11.384088516235352, 32.103477478027344, 1.4864732027053833, 5.915093421936035, -0.3959514796733856, -1.2636511325836182, 0.332394540309906, 1.0781803131103516, -5.9949212074279785, 5.912088871002197, 1.141793131828308, 0.19855369627475739, 3.951310873031616, -9.416193008422852, 2.1775290966033936, 7.948564052581787, 2.494431495666504, -5.141556739807129, 12.587060928344727, 1.855024814605713, 5.530249118804932], [-1.2798742055892944, 1.4864732027053833, 15.387908935546875, -3.0342319011688232, 2.2956655025482178, 1.6784759759902954, -2.453723907470703, 0.3004257380962372, 4.665531635284424, -2.4319679737091064, -8.314170837402344, -5.796244144439697, 9.25989055633545, -0.31903061270713806, -4.601672172546387, 4.040011882781982, 1.124345064163208, 1.6846730709075928, 10.428601264953613, -1.6861999034881592, 7.023876667022705], [-9.296858787536621, 5.915093421936035, -3.0342319011688232, 36.898006439208984, 1.6677963733673096, -0.3210707902908325, 5.409274101257324, -1.6622436046600342, -6.563668727874756, 11.658164024353027, -2.9472320079803467, 9.0404634475708, -2.5546393394470215, -5.176453590393066, 9.32160758972168, -8.308586120605469, 9.466432571411133, -0.44652366638183594, -8.331405639648438, -4.693375110626221, -8.57480525970459], [3.7577009201049805, -0.3959514796733856, 2.2956655025482178, 1.6677963733673096, 22.77956771850586, 3.794808864593506, 7.7634406089782715, 0.5838881731033325, 0.7416378259658813, 3.902883768081665, -5.8401408195495605, 8.707868576049805, -0.18318764865398407, 0.5280748605728149, -6.305487155914307, 6.927565574645996, -5.716789245605469, 5.729103088378906, 2.8019938468933105, 1.3169682025909424, 2.1517093181610107], [6.836807727813721, -1.2636511325836182, 1.6784759759902954, -0.3210707902908325, 3.794808864593506, 34.4664192199707, -6.20731258392334, 12.22636604309082, 8.106439590454102, -0.28511837124824524, 10.34699821472168, -1.3078911304473877, -2.231510877609253, -6.424230098724365, -5.285218715667725, 10.293973922729492, 2.0674591064453125, -11.461311340332031, -1.22043776512146, -6.834301948547363, 0.14803695678710938], [-0.589205801486969, 0.332394540309906, -2.453723907470703, 5.409274101257324, 7.7634406089782715, -6.20731258392334, 18.04298973083496, -10.173497200012207, -2.9354355335235596, 4.160784721374512, -5.305687427520752, 6.306027412414551, 2.498976707458496, 2.150806427001953, -3.64852237701416, 4.618831634521484, -8.173188209533691, 1.5792889595031738, 3.3500823974609375, 3.4864234924316406, 3.600649118423462], [3.2138988971710205, 1.0781803131103516, 0.3004257380962372, -1.6622436046600342, 0.5838881731033325, 12.22636604309082, -10.173497200012207, 43.011878967285156, 5.291177749633789, 3.2266011238098145, -1.1362658739089966, 8.320887565612793, 2.7340524196624756, -6.027290344238281, 6.297794818878174, 9.524007797241211, 16.974716186523438, -2.9410080909729004, -3.8426830768585205, 1.2676489353179932, -7.027238845825195], [4.092860221862793, -5.9949212074279785, 4.665531635284424, -6.563668727874756, 0.7416378259658813, 8.106439590454102, -2.9354355335235596, 5.291177749633789, 22.3925838470459, 1.966614842414856, -5.614662170410156, -6.674850940704346, 2.433741331100464, -0.6443633437156677, -2.9679129123687744, 3.8049354553222656, -6.403087139129639, -4.861752510070801, -3.3978357315063477, -0.5170116424560547, 3.321444511413574], [-3.2748162746429443, 5.912088871002197, -2.4319679737091064, 11.658164024353027, 3.902883768081665, -0.28511837124824524, 4.160784721374512, 3.2266011238098145, 1.966614842414856, 24.892927169799805, -1.045271635055542, 6.9748311042785645, 0.6110406517982483, -1.4315181970596313, 6.6950225830078125, 1.5366854667663574, -3.496633291244507, -2.9255666732788086, -2.547091245651245, 4.632891654968262, 3.2948544025421143], [7.281761646270752, 1.141793131828308, -8.314170837402344, -2.9472320079803467, -5.8401408195495605, 10.34699821472168, -5.305687427520752, -1.1362658739089966, -5.614662170410156, -1.045271635055542, 27.745241165161133, -2.5231106281280518, -8.743526458740234, 1.554782748222351, -5.4695234298706055, 2.8235249519348145, -4.200421333312988, -6.432414531707764, -6.9700212478637695, -1.2875175476074219, 4.179133415222168], [-1.4953339099884033, 0.19855369627475739, -5.796244144439697, 9.0404634475708, 8.707868576049805, -1.3078911304473877, 6.306027412414551, 8.320887565612793, -6.674850940704346, 6.9748311042785645, -2.5231106281280518, 32.571590423583984, -4.033536434173584, -2.3383703231811523, -0.4295220375061035, -1.4365417957305908, 9.416864395141602, 7.48060417175293, -3.206773519515991, 7.636019706726074, -5.902933120727539], [-0.46592965722084045, 3.951310873031616, 9.25989055633545, -2.5546393394470215, -0.18318764865398407, -2.231510877609253, 2.498976707458496, 2.7340524196624756, 2.433741331100464, 0.6110406517982483, -8.743526458740234, -4.033536434173584, 32.92045974731445, -4.382789134979248, -2.9367992877960205, 7.307247638702393, -6.793516159057617, 0.07262372970581055, 9.132345199584961, -1.5033475160598755, -3.7247772216796875], [4.979013919830322, -9.416193008422852, -0.31903061270713806, -5.176453590393066, 0.5280748605728149, -6.424230098724365, 2.150806427001953, -6.027290344238281, -0.6443633437156677, -1.4315181970596313, 1.554782748222351, -2.3383703231811523, -4.382789134979248, 19.896705627441406, -5.113192558288574, -4.085670471191406, -7.31904411315918, 1.5975992679595947, 5.453792572021484, -3.3775110244750977, 1.4341955184936523], [-4.180877685546875, 2.1775290966033936, -4.601672172546387, 9.32160758972168, -6.305487155914307, -5.285218715667725, -3.64852237701416, 6.297794818878174, -2.9679129123687744, 6.6950225830078125, -5.4695234298706055, -0.4295220375061035, -2.9367992877960205, -5.113192558288574, 29.514352798461914, -6.5669941902160645, 4.170721054077148, 4.039523601531982, -11.937374114990234, 2.9689974784851074, -2.9340062141418457], [5.752205848693848, 7.948564052581787, 4.040011882781982, -8.308586120605469, 6.927565574645996, 10.293973922729492, 4.618831634521484, 9.524007797241211, 3.8049354553222656, 1.5366854667663574, 2.8235249519348145, -1.4365417957305908, 7.307247638702393, -4.085670471191406, -6.5669941902160645, 38.29180145263672, -4.457448482513428, -3.471064567565918, 6.303704261779785, 2.580160617828369, 5.9602370262146], [-5.0651044845581055, 2.494431257247925, 1.1243449449539185, 9.466431617736816, -5.716789722442627, 2.06745982170105, -8.173188209533691, 16.974716186523438, -6.403088092803955, -3.496633768081665, -4.2004218101501465, 9.416865348815918, -6.793515205383301, -7.31904411315918, 4.170720100402832, -4.4574480056762695, 32.47863006591797, 2.3090615272521973, -5.988555908203125, -4.779153347015381, -4.601446151733398], [2.6663620471954346, -5.141557216644287, 1.6846729516983032, -0.4465234577655792, 5.729104518890381, -11.461309432983398, 1.5792887210845947, -2.9410088062286377, -4.861754417419434, -2.9255664348602295, -6.432414531707764, 7.480603218078613, 0.07262282818555832, 1.5975990295410156, 4.039524078369141, -3.4710638523101807, 2.3090615272521973, 22.600162506103516, -3.864262580871582, 7.610891342163086, -4.82065486907959], [-7.449713706970215, 12.58705997467041, 10.428601264953613, -8.331405639648438, 2.8019938468933105, -1.2204370498657227, 3.3500821590423584, -3.842681646347046, -3.397836208343506, -2.5470917224884033, -6.9700212478637695, -3.2067737579345703, 9.132345199584961, 5.453792572021484, -11.937373161315918, 6.303704261779785, -5.988555908203125, -3.864262580871582, 32.81243133544922, 2.7696824073791504, 3.70491099357605], [2.008600950241089, 1.8550249338150024, -1.6861999034881592, -4.6933746337890625, 1.3169677257537842, -6.8343024253845215, 3.4864234924316406, 1.2676485776901245, -0.5170119404792786, 4.63289213180542, -1.28751802444458, 7.636019229888916, -1.5033478736877441, -3.3775110244750977, 2.9689977169036865, 2.5801596641540527, -4.779153347015381, 7.610891342163086, 2.7696824073791504, 19.189672470092773, -1.8887678384780884], [2.198305368423462, 5.530249118804932, 7.023876667022705, -8.57480525970459, 2.1517090797424316, 0.14803695678710938, 3.6006486415863037, -7.027239799499512, 3.321444272994995, 3.2948544025421143, 4.179134368896484, -5.902933120727539, -3.7247772216796875, 1.4341955184936523, -2.934006690979004, 5.960236549377441, -4.60144567489624, -4.82065486907959, 3.704911708831787, -1.8887673616409302, 31.017045974731445]], "type": "heatmap"}], "layout": {"template": {"data": {"histogram2dcontour": [{"type": "histogram2dcontour", "colorbar": {"outlinewidth": 0, "ticks": ""}, "colorscale": [[0.0, "#0d0887"], [0.1111111111111111, "#46039f"], [0.2222222222222222, "#7201a8"], [0.3333333333333333, "#9c179e"], [0.4444444444444444, "#bd3786"], [0.5555555555555556, "#d8576b"], [0.6666666666666666, "#ed7953"], [0.7777777777777778, "#fb9f3a"], [0.8888888888888888, "#fdca26"], [1.0, "#f0f921"]]}], "choropleth": [{"type": "choropleth", "colorbar": {"outlinewidth": 0, "ticks": ""}}], "histogram2d": [{"type": "histogram2d", "colorbar": {"outlinewidth": 0, "ticks": ""}, "colorscale": [[0.0, "#0d0887"], [0.1111111111111111, "#46039f"], [0.2222222222222222, "#7201a8"], [0.3333333333333333, "#9c179e"], [0.4444444444444444, "#bd3786"], [0.5555555555555556, "#d8576b"], [0.6666666666666666, "#ed7953"], [0.7777777777777778, "#fb9f3a"], [0.8888888888888888, "#fdca26"], [1.0, "#f0f921"]]}], "heatmap": [{"type": "heatmap", "colorbar": {"outlinewidth": 0, "ticks": ""}, "colorscale": [[0.0, "#0d0887"], [0.1111111111111111, "#46039f"], [0.2222222222222222, "#7201a8"], [0.3333333333333333, "#9c179e"], [0.4444444444444444, "#bd3786"], [0.5555555555555556, "#d8576b"], [0.6666666666666666, "#ed7953"], [0.7777777777777778, "#fb9f3a"], [0.8888888888888888, "#fdca26"], [1.0, "#f0f921"]]}], "heatmapgl": [{"type": "heatmapgl", "colorbar": {"outlinewidth": 0, "ticks": ""}, "colorscale": [[0.0, "#0d0887"], [0.1111111111111111, "#46039f"], [0.2222222222222222, "#7201a8"], [0.3333333333333333, "#9c179e"], [0.4444444444444444, "#bd3786"], [0.5555555555555556, "#d8576b"], [0.6666666666666666, "#ed7953"], [0.7777777777777778, "#fb9f3a"], [0.8888888888888888, "#fdca26"], [1.0, "#f0f921"]]}], "contourcarpet": [{"type": "contourcarpet", "colorbar": {"outlinewidth": 0, "ticks": ""}}], "contour": [{"type": "contour", "colorbar": {"outlinewidth": 0, "ticks": ""}, "colorscale": [[0.0, "#0d0887"], [0.1111111111111111, "#46039f"], [0.2222222222222222, "#7201a8"], [0.3333333333333333, "#9c179e"], [0.4444444444444444, "#bd3786"], [0.5555555555555556, "#d8576b"], [0.6666666666666666, "#ed7953"], [0.7777777777777778, "#fb9f3a"], [0.8888888888888888, "#fdca26"], [1.0, "#f0f921"]]}], "surface": [{"type": "surface", "colorbar": {"outlinewidth": 0, "ticks": ""}, "colorscale": [[0.0, "#0d0887"], [0.1111111111111111, "#46039f"], [0.2222222222222222, "#7201a8"], [0.3333333333333333, "#9c179e"], [0.4444444444444444, "#bd3786"], [0.5555555555555556, "#d8576b"], [0.6666666666666666, "#ed7953"], [0.7777777777777778, "#fb9f3a"], [0.8888888888888888, "#fdca26"], [1.0, "#f0f921"]]}], "mesh3d": [{"type": "mesh3d", "colorbar": {"outlinewidth": 0, "ticks": ""}}], "scatter": [{"fillpattern": {"fillmode": "overlay", "size": 10, "solidity": 0.2}, "type": "scatter"}], "parcoords": [{"type": "parcoords", "line": {"colorbar": {"outlinewidth": 0, "ticks": ""}}}], "scatterpolargl": [{"type": "scatterpolargl", "marker": {"colorbar": {"outlinewidth": 0, "ticks": ""}}}], "bar": [{"error_x": {"color": "#2a3f5f"}, "error_y": {"color": "#2a3f5f"}, "marker": {"line": {"color": "#E5ECF6", "width": 0.5}, "pattern": {"fillmode": "overlay", "size": 10, "solidity": 0.2}}, "type": "bar"}], "scattergeo": [{"type": "scattergeo", "marker": {"colorbar": {"outlinewidth": 0, "ticks": ""}}}], "scatterpolar": [{"type": "scatterpolar", "marker": {"colorbar": {"outlinewidth": 0, "ticks": ""}}}], "histogram": [{"marker": {"pattern": {"fillmode": "overlay", "size": 10, "solidity": 0.2}}, "type": "histogram"}], "scattergl": [{"type": "scattergl", "marker": {"colorbar": {"outlinewidth": 0, "ticks": ""}}}], "scatter3d": [{"type": "scatter3d", "line": {"colorbar": {"outlinewidth": 0, "ticks": ""}}, "marker": {"colorbar": {"outlinewidth": 0, "ticks": ""}}}], "scattermapbox": [{"type": "scattermapbox", "marker": {"colorbar": {"outlinewidth": 0, "ticks": ""}}}], "scatterternary": [{"type": "scatterternary", "marker": {"colorbar": {"outlinewidth": 0, "ticks": ""}}}], "scattercarpet": [{"type": "scattercarpet", "marker": {"colorbar": {"outlinewidth": 0, "ticks": ""}}}], "carpet": [{"aaxis": {"endlinecolor": "#2a3f5f", "gridcolor": "white", "linecolor": "white", "minorgridcolor": "white", "startlinecolor": "#2a3f5f"}, "baxis": {"endlinecolor": "#2a3f5f", "gridcolor": "white", "linecolor": "white", "minorgridcolor": "white", "startlinecolor": "#2a3f5f"}, "type": "carpet"}], "table": [{"cells": {"fill": {"color": "#EBF0F8"}, "line": {"color": "white"}}, "header": {"fill": {"color": "#C8D4E3"}, "line": {"color": "white"}}, "type": "table"}], "barpolar": [{"marker": {"line": {"color": "#E5ECF6", "width": 0.5}, "pattern": {"fillmode": "overlay", "size": 10, "solidity": 0.2}}, "type": "barpolar"}], "pie": [{"automargin": true, "type": "pie"}]}, "layout": {"autotypenumbers": "strict", "colorway": ["#636efa", "#EF553B", "#00cc96", "#ab63fa", "#FFA15A", "#19d3f3", "#FF6692", "#B6E880", "#FF97FF", "#FECB52"], "font": {"color": "#2a3f5f"}, "hovermode": "closest", "hoverlabel": {"align": "left"}, "paper_bgcolor": "white", "plot_bgcolor": "#E5ECF6", "polar": {"bgcolor": "#E5ECF6", "angularaxis": {"gridcolor": "white", "linecolor": "white", "ticks": ""}, "radialaxis": {"gridcolor": "white", "linecolor": "white", "ticks": ""}}, "ternary": {"bgcolor": "#E5ECF6", "aaxis": {"gridcolor": "white", "linecolor": "white", "ticks": ""}, "baxis": {"gridcolor": "white", "linecolor": "white", "ticks": ""}, "caxis": {"gridcolor": "white", "linecolor": "white", "ticks": ""}}, "coloraxis": {"colorbar": {"outlinewidth": 0, "ticks": ""}}, "colorscale": {"sequential": [[0.0, "#0d0887"], [0.1111111111111111, "#46039f"], [0.2222222222222222, "#7201a8"], [0.3333333333333333, "#9c179e"], [0.4444444444444444, "#bd3786"], [0.5555555555555556, "#d8576b"], [0.6666666666666666, "#ed7953"], [0.7777777777777778, "#fb9f3a"], [0.8888888888888888, "#fdca26"], [1.0, "#f0f921"]], "sequentialminus": [[0.0, "#0d0887"], [0.1111111111111111, "#46039f"], [0.2222222222222222, "#7201a8"], [0.3333333333333333, "#9c179e"], [0.4444444444444444, "#bd3786"], [0.5555555555555556, "#d8576b"], [0.6666666666666666, "#ed7953"], [0.7777777777777778, "#fb9f3a"], [0.8888888888888888, "#fdca26"], [1.0, "#f0f921"]], "diverging": [[0, "#8e0152"], [0.1, "#c51b7d"], [0.2, "#de77ae"], [0.3, "#f1b6da"], [0.4, "#fde0ef"], [0.5, "#f7f7f7"], [0.6, "#e6f5d0"], [0.7, "#b8e186"], [0.8, "#7fbc41"], [0.9, "#4d9221"], [1, "#276419"]]}, "xaxis": {"gridcolor": "white", "linecolor": "white", "ticks": "", "title": {"standoff": 15}, "zerolinecolor": "white", "automargin": true, "zerolinewidth": 2}, "yaxis": {"gridcolor": "white", "linecolor": "white", "ticks": "", "title": {"standoff": 15}, "zerolinecolor": "white", "automargin": true, "zerolinewidth": 2}, "scene": {"xaxis": {"backgroundcolor": "#E5ECF6", "gridcolor": "white", "linecolor": "white", "showbackground": true, "ticks": "", "zerolinecolor": "white", "gridwidth": 2}, "yaxis": {"backgroundcolor": "#E5ECF6", "gridcolor": "white", "linecolor": "white", "showbackground": true, "ticks": "", "zerolinecolor": "white", "gridwidth": 2}, "zaxis": {"backgroundcolor": "#E5ECF6", "gridcolor": "white", "linecolor": "white", "showbackground": true, "ticks": "", "zerolinecolor": "white", "gridwidth": 2}}, "shapedefaults": {"line": {"color": "#2a3f5f"}}, "annotationdefaults": {"arrowcolor": "#2a3f5f", "arrowhead": 0, "arrowwidth": 1}, "geo": {"bgcolor": "white", "landcolor": "#E5ECF6", "subunitcolor": "white", "showland": true, "showlakes": true, "lakecolor": "white"}, "title": {"x": 0.05}, "mapbox": {"style": "light"}}}}}