{"data": [{"z": [[27.86148452758789, 3.759675979614258, -6.201603889465332, -3.9794392585754395, -3.3527307510375977, -4.151074409484863, 0.21876031160354614, 3.7398664951324463, 10.197937965393066, -2.2205960750579834, 1.9021493196487427, -6.158435821533203, -0.06573225557804108, -1.6055878400802612, -0.08899589627981186, -0.9341225624084473, 8.008587837219238, 6.096863746643066, -0.9823737144470215, -5.815367221832275, 6.527983665466309], [3.759675979614258, 8.875925064086914, -0.7062617540359497, -0.8107990026473999, -2.200390100479126, -3.198411464691162, -0.5121089816093445, -1.6040407419204712, 1.4409148693084717, 1.3958637714385986, -0.7224557995796204, 3.4355244636535645, 0.026788506656885147, 0.4270112216472626, -2.097717523574829, 0.1185438260436058, 4.125490665435791, 1.6730172634124756, 1.9274662733078003, -2.630679130554199, -0.28359630703926086], [-6.201603889465332, -0.7062617540359497, 32.58354568481445, -1.913557767868042, 3.873832941055298, -4.146317481994629, -2.0311050415039062, -0.8461092114448547, -4.865891933441162, 1.2694838047027588, 2.6883010864257812, -4.808035850524902, 3.7750155925750732, -0.12069401890039444, 8.285304069519043, -7.138311386108398, -1.535398244857788, 4.497260570526123, 0.679513692855835, 3.708146095275879, 2.555879592895508], [-3.9794392585754395, -0.8107990026473999, -1.913557767868042, 22.358055114746094, -1.3423876762390137, 1.385251522064209, -1.397472858428955, -2.2624828815460205, 0.8879415392875671, 1.6529415845870972, -1.3810662031173706, -1.5281729698181152, -3.5425283908843994, 0.09036196768283844, -3.0153141021728516, 1.88593327999115, -3.474881172180176, -0.526397705078125, 5.618544101715088, 0.8480132818222046, 1.3736165761947632], [-3.3527307510375977, -2.200390100479126, 3.873832941055298, -1.3423876762390137, 26.91876792907715, 2.228092670440674, 1.702160120010376, 0.7914914488792419, 1.084708571434021, -2.6723005771636963, 6.4552741050720215, -4.003067970275879, 2.703447103500366, -7.68398904800415, -3.0740582942962646, -4.84787654876709, -0.4317812919616699, -0.26583296060562134, 2.824425220489502, 5.973605155944824, -5.425410270690918], [-4.151074409484863, -3.198411464691162, -4.146317481994629, 1.385251522064209, 2.228092670440674, 17.25786781311035, 0.6479365229606628, 1.741854190826416, -2.764707088470459, 4.529767990112305, 1.2456337213516235, 5.390113830566406, 1.3643677234649658, -4.512957572937012, 2.4665932655334473, -1.8879244327545166, -2.3103156089782715, -1.8860461711883545, 3.146057367324829, -0.9330774545669556, -2.2730202674865723], [0.21876031160354614, -0.5121089816093445, -2.0311050415039062, -1.397472858428955, 1.702160120010376, 0.6479365229606628, 26.14720916748047, 3.762212038040161, -7.38460636138916, -4.416675090789795, 4.223723411560059, -0.9050262570381165, 3.8256747722625732, -1.2659305334091187, -1.6273916959762573, -0.871160089969635, 2.371155261993408, 2.4413959980010986, -1.1206578016281128, -2.0868773460388184, -10.294234275817871], [3.7398664951324463, -1.6040407419204712, -0.8461092114448547, -2.2624828815460205, 0.7914914488792419, 1.741854190826416, 3.762212038040161, 28.366945266723633, 4.013169288635254, -9.574275016784668, 3.708702325820923, 3.5269484519958496, -3.287184000015259, 0.15490660071372986, -1.4163589477539062, 2.3768155574798584, -0.5080513954162598, -0.4879746437072754, -4.431516647338867, -0.012180328369140625, -3.8605117797851562], [10.197937965393066, 1.4409148693084717, -4.865891933441162, 0.8879415392875671, 1.084708571434021, -2.764707088470459, -7.38460636138916, 4.013169288635254, 29.934890747070312, -5.2470927238464355, 0.704791784286499, -6.680889129638672, 1.9602742195129395, 0.8218798041343689, -2.667755365371704, -0.09752745181322098, -1.6832480430603027, -4.801294326782227, 3.887007474899292, 1.368340253829956, 1.0586930513381958], [-2.2205960750579834, 1.3958637714385986, 1.2694838047027588, 1.6529415845870972, -2.6723005771636963, 4.529767990112305, -4.416675090789795, -9.574275016784668, -5.2470927238464355, 21.225326538085938, -1.4275904893875122, 7.242488861083984, 1.195111870765686, -1.3307267427444458, 0.4806668758392334, 0.05178820714354515, -1.6293140649795532, -2.2905726432800293, -3.3334548473358154, 4.529553413391113, 3.2226204872131348], [1.9021493196487427, -0.7224557995796204, 2.6883010864257812, -1.3810662031173706, 6.4552741050720215, 1.2456337213516235, 4.223723411560059, 3.708702325820923, 0.704791784286499, -1.4275904893875122, 29.117860794067383, -3.2085728645324707, 8.60064697265625, 4.806177616119385, -2.8048722743988037, -0.45662567019462585, 4.934431552886963, 4.732635498046875, -9.162666320800781, -4.133536338806152, 1.2147501707077026], [-6.158435821533203, 3.4355244636535645, -4.808035850524902, -1.5281729698181152, -4.003067970275879, 5.390113830566406, -0.9050262570381165, 3.5269484519958496, -6.680889129638672, 7.242488861083984, -3.2085728645324707, 21.018434524536133, -4.180444240570068, 2.435302734375, 2.341461420059204, 2.7038261890411377, 1.2998125553131104, -7.474063873291016, -5.487613677978516, 1.6763644218444824, -1.250711441040039], [-0.06573225557804108, 0.026788506656885147, 3.7750155925750732, -3.5425283908843994, 2.703447103500366, 1.3643677234649658, 3.8256747722625732, -3.287184000015259, 1.9602742195129395, 1.195111870765686, 8.60064697265625, -4.180444240570068, 18.99859619140625, 2.3252832889556885, 1.266461968421936, 1.6100929975509644, 1.5255203247070312, -3.1885509490966797, -1.7681972980499268, -3.909907817840576, -3.2181601524353027], [-1.6055878400802612, 0.4270112216472626, -0.12069401890039444, 0.09036196768283844, -7.68398904800415, -4.512957572937012, -1.2659305334091187, 0.15490660071372986, 0.8218798041343689, -1.3307267427444458, 4.806177616119385, 2.435302734375, 2.3252832889556885, 19.88679313659668, -1.246996521949768, 4.136192321777344, -1.7244091033935547, -8.710247039794922, -2.020033121109009, -2.348606586456299, 4.617292881011963], [-0.08899589627981186, -2.097717523574829, 8.285304069519043, -3.0153141021728516, -3.0740582942962646, 2.4665932655334473, -1.6273916959762573, -1.4163589477539062, -2.667755365371704, 0.4806668758392334, -2.8048722743988037, 2.341461420059204, 1.266461968421936, -1.246996521949768, 21.109052658081055, -1.4450924396514893, 0.5046141147613525, 0.25270628929138184, -5.10197639465332, 0.9028915166854858, -5.048799514770508], [-0.9341225624084473, 0.1185438260436058, -7.138311386108398, 1.88593327999115, -4.84787654876709, -1.8879244327545166, -0.871160089969635, 2.3768155574798584, -0.09752745181322098, 0.05178820714354515, -0.45662567019462585, 2.7038261890411377, 1.6100929975509644, 4.136192321777344, -1.4450924396514893, 16.02082061767578, 0.6517979502677917, 3.1056294441223145, 2.388969898223877, -2.6796822547912598, -1.6162797212600708], [8.008586883544922, 4.125490665435791, -1.5353978872299194, -3.474881649017334, -0.4317813217639923, -2.3103158473968506, 2.371155023574829, -0.5080516934394836, -1.6832482814788818, -1.6293140649795532, 4.934432506561279, 1.2998124361038208, 1.5255204439163208, -1.7244091033935547, 0.5046141743659973, 0.6517975926399231, 22.615833282470703, 12.150213241577148, -1.9622259140014648, -4.533769607543945, 3.816664695739746], [6.096864223480225, 1.673017144203186, 4.497261047363281, -0.5263977646827698, -0.2658326029777527, -1.8860461711883545, 2.441396474838257, -0.4879750907421112, -4.801294326782227, -2.2905733585357666, 4.732635498046875, -7.474062919616699, -3.1885509490966797, -8.710247039794922, 0.2527064085006714, 3.105628490447998, 12.150213241577148, 32.165611267089844, 2.7188262939453125, -2.0984878540039062, -1.3990505933761597], [-0.9823741316795349, 1.9274663925170898, 0.6795138120651245, 5.618545055389404, 2.824425220489502, 3.146056652069092, -1.1206568479537964, -4.431517601013184, 3.8870065212249756, -3.3334548473358154, -9.162667274475098, -5.487614631652832, -1.7681975364685059, -2.020033121109009, -5.101975917816162, 2.388969659805298, -1.9622259140014648, 2.7188262939453125, 26.327289581298828, -3.7045018672943115, -3.4590067863464355], [-5.815366744995117, -2.630679130554199, 3.708146333694458, 0.848013162612915, 5.973604679107666, -0.9330778121948242, -2.0868773460388184, -0.012180203571915627, 1.368340015411377, 4.529553413391113, -4.133536338806152, 1.6763643026351929, -3.909907817840576, -2.3486063480377197, 0.9028910994529724, -2.679682731628418, -4.533769607543945, -2.0984878540039062, -3.7045018672943115, 26.799144744873047, -0.6560891270637512], [6.527984619140625, -0.2835962772369385, 2.555879592895508, 1.373617172241211, -5.425410747528076, -2.2730209827423096, -10.294235229492188, -3.8605120182037354, 1.058692216873169, 3.222620964050293, 1.2147505283355713, -1.25071120262146, -3.2181601524353027, 4.617292404174805, -5.048799514770508, -1.6162798404693604, 3.816664695739746, -1.3990509510040283, -3.4590063095092773, -0.6560893058776855, 25.940195083618164]], "type": "heatmap"}], "layout": {"template": {"data": {"histogram2dcontour": [{"type": "histogram2dcontour", "colorbar": {"outlinewidth": 0, "ticks": ""}, "colorscale": [[0.0, "#0d0887"], [0.1111111111111111, "#46039f"], [0.2222222222222222, "#7201a8"], [0.3333333333333333, "#9c179e"], [0.4444444444444444, "#bd3786"], [0.5555555555555556, "#d8576b"], [0.6666666666666666, "#ed7953"], [0.7777777777777778, "#fb9f3a"], [0.8888888888888888, "#fdca26"], [1.0, "#f0f921"]]}], "choropleth": [{"type": "choropleth", "colorbar": {"outlinewidth": 0, "ticks": ""}}], "histogram2d": [{"type": "histogram2d", "colorbar": {"outlinewidth": 0, "ticks": ""}, "colorscale": [[0.0, "#0d0887"], [0.1111111111111111, "#46039f"], [0.2222222222222222, "#7201a8"], [0.3333333333333333, "#9c179e"], [0.4444444444444444, "#bd3786"], [0.5555555555555556, "#d8576b"], [0.6666666666666666, "#ed7953"], [0.7777777777777778, "#fb9f3a"], [0.8888888888888888, "#fdca26"], [1.0, "#f0f921"]]}], "heatmap": [{"type": "heatmap", "colorbar": {"outlinewidth": 0, "ticks": ""}, "colorscale": [[0.0, "#0d0887"], [0.1111111111111111, "#46039f"], [0.2222222222222222, "#7201a8"], [0.3333333333333333, "#9c179e"], [0.4444444444444444, "#bd3786"], [0.5555555555555556, "#d8576b"], [0.6666666666666666, "#ed7953"], [0.7777777777777778, "#fb9f3a"], [0.8888888888888888, "#fdca26"], [1.0, "#f0f921"]]}], "heatmapgl": [{"type": "heatmapgl", "colorbar": {"outlinewidth": 0, "ticks": ""}, "colorscale": [[0.0, "#0d0887"], [0.1111111111111111, "#46039f"], [0.2222222222222222, "#7201a8"], [0.3333333333333333, "#9c179e"], [0.4444444444444444, "#bd3786"], [0.5555555555555556, "#d8576b"], [0.6666666666666666, "#ed7953"], [0.7777777777777778, "#fb9f3a"], [0.8888888888888888, "#fdca26"], [1.0, "#f0f921"]]}], "contourcarpet": [{"type": "contourcarpet", "colorbar": {"outlinewidth": 0, "ticks": ""}}], "contour": [{"type": "contour", "colorbar": {"outlinewidth": 0, "ticks": ""}, "colorscale": [[0.0, "#0d0887"], [0.1111111111111111, "#46039f"], [0.2222222222222222, "#7201a8"], [0.3333333333333333, "#9c179e"], [0.4444444444444444, "#bd3786"], [0.5555555555555556, "#d8576b"], [0.6666666666666666, "#ed7953"], [0.7777777777777778, "#fb9f3a"], [0.8888888888888888, "#fdca26"], [1.0, "#f0f921"]]}], "surface": [{"type": "surface", "colorbar": {"outlinewidth": 0, "ticks": ""}, "colorscale": [[0.0, "#0d0887"], [0.1111111111111111, "#46039f"], [0.2222222222222222, "#7201a8"], [0.3333333333333333, "#9c179e"], [0.4444444444444444, "#bd3786"], [0.5555555555555556, "#d8576b"], [0.6666666666666666, "#ed7953"], [0.7777777777777778, "#fb9f3a"], [0.8888888888888888, "#fdca26"], [1.0, "#f0f921"]]}], "mesh3d": [{"type": "mesh3d", "colorbar": {"outlinewidth": 0, "ticks": ""}}], "scatter": [{"fillpattern": {"fillmode": "overlay", "size": 10, "solidity": 0.2}, "type": "scatter"}], "parcoords": [{"type": "parcoords", "line": {"colorbar": {"outlinewidth": 0, "ticks": ""}}}], "scatterpolargl": [{"type": "scatterpolargl", "marker": {"colorbar": {"outlinewidth": 0, "ticks": ""}}}], "bar": [{"error_x": {"color": "#2a3f5f"}, "error_y": {"color": "#2a3f5f"}, "marker": {"line": {"color": "#E5ECF6", "width": 0.5}, "pattern": {"fillmode": "overlay", "size": 10, "solidity": 0.2}}, "type": "bar"}], "scattergeo": [{"type": "scattergeo", "marker": {"colorbar": {"outlinewidth": 0, "ticks": ""}}}], "scatterpolar": [{"type": "scatterpolar", "marker": {"colorbar": {"outlinewidth": 0, "ticks": ""}}}], "histogram": [{"marker": {"pattern": {"fillmode": "overlay", "size": 10, "solidity": 0.2}}, "type": "histogram"}], "scattergl": [{"type": "scattergl", "marker": {"colorbar": {"outlinewidth": 0, "ticks": ""}}}], "scatter3d": [{"type": "scatter3d", "line": {"colorbar": {"outlinewidth": 0, "ticks": ""}}, "marker": {"colorbar": {"outlinewidth": 0, "ticks": ""}}}], "scattermapbox": [{"type": "scattermapbox", "marker": {"colorbar": {"outlinewidth": 0, "ticks": ""}}}], "scatterternary": [{"type": "scatterternary", "marker": {"colorbar": {"outlinewidth": 0, "ticks": ""}}}], "scattercarpet": [{"type": "scattercarpet", "marker": {"colorbar": {"outlinewidth": 0, "ticks": ""}}}], "carpet": [{"aaxis": {"endlinecolor": "#2a3f5f", "gridcolor": "white", "linecolor": "white", "minorgridcolor": "white", "startlinecolor": "#2a3f5f"}, "baxis": {"endlinecolor": "#2a3f5f", "gridcolor": "white", "linecolor": "white", "minorgridcolor": "white", "startlinecolor": "#2a3f5f"}, "type": "carpet"}], "table": [{"cells": {"fill": {"color": "#EBF0F8"}, "line": {"color": "white"}}, "header": {"fill": {"color": "#C8D4E3"}, "line": {"color": "white"}}, "type": "table"}], "barpolar": [{"marker": {"line": {"color": "#E5ECF6", "width": 0.5}, "pattern": {"fillmode": "overlay", "size": 10, "solidity": 0.2}}, "type": "barpolar"}], "pie": [{"automargin": true, "type": "pie"}]}, "layout": {"autotypenumbers": "strict", "colorway": ["#636efa", "#EF553B", "#00cc96", "#ab63fa", "#FFA15A", "#19d3f3", "#FF6692", "#B6E880", "#FF97FF", "#FECB52"], "font": {"color": "#2a3f5f"}, "hovermode": "closest", "hoverlabel": {"align": "left"}, "paper_bgcolor": "white", "plot_bgcolor": "#E5ECF6", "polar": {"bgcolor": "#E5ECF6", "angularaxis": {"gridcolor": "white", "linecolor": "white", "ticks": ""}, "radialaxis": {"gridcolor": "white", "linecolor": "white", "ticks": ""}}, "ternary": {"bgcolor": "#E5ECF6", "aaxis": {"gridcolor": "white", "linecolor": "white", "ticks": ""}, "baxis": {"gridcolor": "white", "linecolor": "white", "ticks": ""}, "caxis": {"gridcolor": "white", "linecolor": "white", "ticks": ""}}, "coloraxis": {"colorbar": {"outlinewidth": 0, "ticks": ""}}, "colorscale": {"sequential": [[0.0, "#0d0887"], [0.1111111111111111, "#46039f"], [0.2222222222222222, "#7201a8"], [0.3333333333333333, "#9c179e"], [0.4444444444444444, "#bd3786"], [0.5555555555555556, "#d8576b"], [0.6666666666666666, "#ed7953"], [0.7777777777777778, "#fb9f3a"], [0.8888888888888888, "#fdca26"], [1.0, "#f0f921"]], "sequentialminus": [[0.0, "#0d0887"], [0.1111111111111111, "#46039f"], [0.2222222222222222, "#7201a8"], [0.3333333333333333, "#9c179e"], [0.4444444444444444, "#bd3786"], [0.5555555555555556, "#d8576b"], [0.6666666666666666, "#ed7953"], [0.7777777777777778, "#fb9f3a"], [0.8888888888888888, "#fdca26"], [1.0, "#f0f921"]], "diverging": [[0, "#8e0152"], [0.1, "#c51b7d"], [0.2, "#de77ae"], [0.3, "#f1b6da"], [0.4, "#fde0ef"], [0.5, "#f7f7f7"], [0.6, "#e6f5d0"], [0.7, "#b8e186"], [0.8, "#7fbc41"], [0.9, "#4d9221"], [1, "#276419"]]}, "xaxis": {"gridcolor": "white", "linecolor": "white", "ticks": "", "title": {"standoff": 15}, "zerolinecolor": "white", "automargin": true, "zerolinewidth": 2}, "yaxis": {"gridcolor": "white", "linecolor": "white", "ticks": "", "title": {"standoff": 15}, "zerolinecolor": "white", "automargin": true, "zerolinewidth": 2}, "scene": {"xaxis": {"backgroundcolor": "#E5ECF6", "gridcolor": "white", "linecolor": "white", "showbackground": true, "ticks": "", "zerolinecolor": "white", "gridwidth": 2}, "yaxis": {"backgroundcolor": "#E5ECF6", "gridcolor": "white", "linecolor": "white", "showbackground": true, "ticks": "", "zerolinecolor": "white", "gridwidth": 2}, "zaxis": {"backgroundcolor": "#E5ECF6", "gridcolor": "white", "linecolor": "white", "showbackground": true, "ticks": "", "zerolinecolor": "white", "gridwidth": 2}}, "shapedefaults": {"line": {"color": "#2a3f5f"}}, "annotationdefaults": {"arrowcolor": "#2a3f5f", "arrowhead": 0, "arrowwidth": 1}, "geo": {"bgcolor": "white", "landcolor": "#E5ECF6", "subunitcolor": "white", "showland": true, "showlakes": true, "lakecolor": "white"}, "title": {"x": 0.05}, "mapbox": {"style": "light"}}}}}