{"data": [{"z": [[27.585596084594727, 3.7291104793548584, -6.138153553009033, -3.879599094390869, -3.284177780151367, -4.1294121742248535, 0.2683078646659851, 3.6987831592559814, 10.124679565429688, -2.164536952972412, 1.8922882080078125, -6.015669822692871, 0.05060381069779396, -1.530103325843811, -0.07493717223405838, -0.8569229245185852, 7.941794395446777, 6.070840358734131, -0.9560568332672119, -5.769338130950928, 6.457007884979248], [3.7291104793548584, 8.684660911560059, -0.645729124546051, -0.77335125207901, -2.122670888900757, -3.0967698097229004, -0.5057079195976257, -1.5298832654953003, 1.4607454538345337, 1.3672581911087036, -0.7456443905830383, 3.3979601860046387, 0.028461065143346786, 0.39183950424194336, -2.0613439083099365, 0.15632383525371552, 4.157235145568848, 1.6838834285736084, 1.912381649017334, -2.5474133491516113, -0.24845848977565765], [-6.138153553009033, -0.645729124546051, 32.3722038269043, -1.886017918586731, 3.8335001468658447, -4.00073766708374, -2.0319082736968994, -0.8501012325286865, -4.853411674499512, 1.2770329713821411, 2.5874412059783936, -4.683919906616211, 3.7418296337127686, -0.08661087602376938, 8.277300834655762, -7.01647424697876, -1.5328409671783447, 4.478814125061035, 0.7038583159446716, 3.7515270709991455, 2.5376689434051514], [-3.879599094390869, -0.77335125207901, -1.886017918586731, 22.143558502197266, -1.2746531963348389, 1.4112528562545776, -1.3742386102676392, -2.2276668548583984, 0.9149919152259827, 1.6746309995651245, -1.3893613815307617, -1.5115913152694702, -3.481412887573242, 0.134468212723732, -2.942166328430176, 1.910122275352478, -3.3746800422668457, -0.46363091468811035, 5.571223258972168, 0.8908641338348389, 1.3920694589614868], [-3.284177780151367, -2.122670888900757, 3.8335001468658447, -1.2746531963348389, 26.633750915527344, 2.238834857940674, 1.6765689849853516, 0.8318406343460083, 1.1047523021697998, -2.5809590816497803, 6.407888412475586, -3.8497560024261475, 2.7310850620269775, -7.5254807472229, -2.9766910076141357, -4.764283180236816, -0.39267492294311523, -0.18530619144439697, 2.8639135360717773, 5.900473594665527, -5.407885551452637], [-4.1294121742248535, -3.0967698097229004, -4.00073766708374, 1.4112528562545776, 2.238834857940674, 17.10287857055664, 0.7069776654243469, 1.7472540140151978, -2.7238290309906006, 4.547154903411865, 1.2573692798614502, 5.368663787841797, 1.401017665863037, -4.503606796264648, 2.470832586288452, -1.786786675453186, -2.228423595428467, -1.8676555156707764, 3.1172080039978027, -0.8583965301513672, -2.310513973236084], [0.2683078646659851, -0.5057079195976257, -2.0319082736968994, -1.3742386102676392, 1.6765689849853516, 0.7069776654243469, 25.886573791503906, 3.735031843185425, -7.3078107833862305, -4.355244159698486, 4.160244464874268, -0.8437772393226624, 3.8220856189727783, -1.182685375213623, -1.5999679565429688, -0.790300190448761, 2.374427318572998, 2.439354658126831, -1.0929826498031616, -2.0297036170959473, -10.245047569274902], [3.6987831592559814, -1.5298832654953003, -0.8501012325286865, -2.2276668548583984, 0.8318406343460083, 1.7472540140151978, 3.735031843185425, 28.12931251525879, 3.9386281967163086, -9.492494583129883, 3.652904748916626, 3.5437755584716797, -3.2008020877838135, 0.2550804913043976, -1.4263708591461182, 2.42110013961792, -0.49416232109069824, -0.5110635757446289, -4.412136077880859, -0.012674808502197266, -3.830293893814087], [10.124679565429688, 1.4607454538345337, -4.853411674499512, 0.9149919152259827, 1.1047523021697998, -2.7238290309906006, -7.3078107833862305, 3.9386281967163086, 29.71809196472168, -5.231302738189697, 0.6597407460212708, -6.635693073272705, 1.9985854625701904, 0.9217003583908081, -2.6399595737457275, -0.012833485379815102, -1.6841553449630737, -4.737351417541504, 3.868541717529297, 1.373133897781372, 1.0612553358078003], [-2.164536952972412, 1.3672581911087036, 1.2770329713821411, 1.6746309995651245, -2.5809590816497803, 4.547154903411865, -4.355244159698486, -9.492494583129883, -5.231302738189697, 20.92453384399414, -1.4564303159713745, 7.16520881652832, 1.1560570001602173, -1.246519923210144, 0.4053763747215271, 0.026739472523331642, -1.6328405141830444, -2.2359743118286133, -3.363863229751587, 4.44519567489624, 3.2694003582000732], [1.8922882080078125, -0.7456443905830383, 2.5874412059783936, -1.3893613815307617, 6.407888412475586, 1.2573692798614502, 4.160244464874268, 3.652904748916626, 0.6597407460212708, -1.4564303159713745, 28.89753532409668, -3.1797444820404053, 8.515315055847168, 4.838535308837891, -2.817056179046631, -0.42762795090675354, 4.84396505355835, 4.689250946044922, -9.125364303588867, -4.112101078033447, 1.25859797000885], [-6.015669822692871, 3.3979601860046387, -4.683919906616211, -1.5115913152694702, -3.8497560024261475, 5.368663787841797, -0.8437772393226624, 3.5437755584716797, -6.635693073272705, 7.16520881652832, -3.1797444820404053, 20.739892959594727, -4.090576171875, 2.4082229137420654, 2.2788901329040527, 2.6945080757141113, 1.297645092010498, -7.345936298370361, -5.520439624786377, 1.7516865730285645, -1.2532920837402344], [0.05060381069779396, 0.028461065143346786, 3.7418296337127686, -3.481412887573242, 2.7310850620269775, 1.401017665863037, 3.8220856189727783, -3.2008020877838135, 1.9985854625701904, 1.1560570001602173, 8.515315055847168, -4.090576171875, 18.770689010620117, 2.3916096687316895, 1.2779655456542969, 1.622771978378296, 1.5344161987304688, -3.097363233566284, -1.7146358489990234, -3.8349697589874268, -3.18755841255188], [-1.530103325843811, 0.39183950424194336, -0.08661087602376938, 0.134468212723732, -7.5254807472229, -4.503606796264648, -1.182685375213623, 0.2550804913043976, 0.9217003583908081, -1.246519923210144, 4.838535308837891, 2.4082229137420654, 2.3916096687316895, 19.686721801757812, -1.1719623804092407, 4.128118515014648, -1.6698553562164307, -8.595026969909668, -1.9951986074447632, -2.2255327701568604, 4.534211158752441], [-0.07493717223405838, -2.0613439083099365, 8.277300834655762, -2.942166328430176, -2.9766910076141357, 2.470832586288452, -1.5999679565429688, -1.4263708591461182, -2.6399595737457275, 0.4053763747215271, -2.817056179046631, 2.2788901329040527, 1.2779655456542969, -1.1719623804092407, 20.82564353942871, -1.4474191665649414, 0.4824090003967285, 0.33400940895080566, -5.059026718139648, 0.9099153280258179, -5.010525226593018], [-0.8569229245185852, 0.15632383525371552, -7.01647424697876, 1.910122275352478, -4.764283180236816, -1.786786675453186, -0.790300190448761, 2.42110013961792, -0.012833485379815102, 0.026739472523331642, -0.42762795090675354, 2.6945080757141113, 1.622771978378296, 4.128118515014648, -1.4474191665649414, 15.880800247192383, 0.7129993438720703, 3.1471920013427734, 2.338611602783203, -2.590672492980957, -1.589261531829834], [7.9417948722839355, 4.157235622406006, -1.532841682434082, -3.374680280685425, -0.3926747441291809, -2.2284233570098877, 2.374427556991577, -0.4941626489162445, -1.6841551065444946, -1.6328401565551758, 4.843964576721191, 1.2976449728012085, 1.5344164371490479, -1.669854760169983, 0.482408732175827, 0.7129990458488464, 22.378353118896484, 12.04587459564209, -1.9048597812652588, -4.486958980560303, 3.807713508605957], [6.070839881896973, 1.683883547782898, 4.478815078735352, -0.46363067626953125, -0.18530601263046265, -1.8676550388336182, 2.439354181289673, -0.5110638737678528, -4.737351417541504, -2.2359743118286133, 4.689250946044922, -7.345936298370361, -3.097363233566284, -8.595026969909668, 0.33400988578796387, 3.1471917629241943, 12.04587459564209, 31.856632232666016, 2.7449116706848145, -2.0790176391601562, -1.4445159435272217], [-0.9560564756393433, 1.9123815298080444, 0.7038583755493164, 5.571224212646484, 2.8639140129089355, 3.1172077655792236, -1.0929816961288452, -4.412136554718018, 3.8685412406921387, -3.3638627529144287, -9.125364303588867, -5.520440101623535, -1.7146358489990234, -1.9951989650726318, -5.059027671813965, 2.338611602783203, -1.9048597812652588, 2.7449116706848145, 26.138294219970703, -3.6956450939178467, -3.4181761741638184], [-5.769338130950928, -2.5474131107330322, 3.751528024673462, 0.8908635973930359, 5.9004740715026855, -0.858396589756012, -2.029703378677368, -0.012674114666879177, 1.3731342554092407, 4.445194244384766, -4.112101078033447, 1.7516871690750122, -3.8349697589874268, -2.2255330085754395, 0.9099151492118835, -2.5906734466552734, -4.486958980560303, -2.0790176391601562, -3.6956450939178467, 26.469764709472656, -0.6515004634857178], [6.457007884979248, -0.2484579086303711, 2.5376687049865723, 1.3920693397521973, -5.407885551452637, -2.3105132579803467, -10.245047569274902, -3.830293893814087, 1.061255931854248, 3.269400119781494, 1.2585978507995605, -1.2532925605773926, -3.187558650970459, 4.534211158752441, -5.010525226593018, -1.5892620086669922, 3.807713508605957, -1.4445164203643799, -3.4181761741638184, -0.6515001058578491, 25.940195083618164]], "type": "heatmap"}], "layout": {"template": {"data": {"histogram2dcontour": [{"type": "histogram2dcontour", "colorbar": {"outlinewidth": 0, "ticks": ""}, "colorscale": [[0.0, "#0d0887"], [0.1111111111111111, "#46039f"], [0.2222222222222222, "#7201a8"], [0.3333333333333333, "#9c179e"], [0.4444444444444444, "#bd3786"], [0.5555555555555556, "#d8576b"], [0.6666666666666666, "#ed7953"], [0.7777777777777778, "#fb9f3a"], [0.8888888888888888, "#fdca26"], [1.0, "#f0f921"]]}], "choropleth": [{"type": "choropleth", "colorbar": {"outlinewidth": 0, "ticks": ""}}], "histogram2d": [{"type": "histogram2d", "colorbar": {"outlinewidth": 0, "ticks": ""}, "colorscale": [[0.0, "#0d0887"], [0.1111111111111111, "#46039f"], [0.2222222222222222, "#7201a8"], [0.3333333333333333, "#9c179e"], [0.4444444444444444, "#bd3786"], [0.5555555555555556, "#d8576b"], [0.6666666666666666, "#ed7953"], [0.7777777777777778, "#fb9f3a"], [0.8888888888888888, "#fdca26"], [1.0, "#f0f921"]]}], "heatmap": [{"type": "heatmap", "colorbar": {"outlinewidth": 0, "ticks": ""}, "colorscale": [[0.0, "#0d0887"], [0.1111111111111111, "#46039f"], [0.2222222222222222, "#7201a8"], [0.3333333333333333, "#9c179e"], [0.4444444444444444, "#bd3786"], [0.5555555555555556, "#d8576b"], [0.6666666666666666, "#ed7953"], [0.7777777777777778, "#fb9f3a"], [0.8888888888888888, "#fdca26"], [1.0, "#f0f921"]]}], "heatmapgl": [{"type": "heatmapgl", "colorbar": {"outlinewidth": 0, "ticks": ""}, "colorscale": [[0.0, "#0d0887"], [0.1111111111111111, "#46039f"], [0.2222222222222222, "#7201a8"], [0.3333333333333333, "#9c179e"], [0.4444444444444444, "#bd3786"], [0.5555555555555556, "#d8576b"], [0.6666666666666666, "#ed7953"], [0.7777777777777778, "#fb9f3a"], [0.8888888888888888, "#fdca26"], [1.0, "#f0f921"]]}], "contourcarpet": [{"type": "contourcarpet", "colorbar": {"outlinewidth": 0, "ticks": ""}}], "contour": [{"type": "contour", "colorbar": {"outlinewidth": 0, "ticks": ""}, "colorscale": [[0.0, "#0d0887"], [0.1111111111111111, "#46039f"], [0.2222222222222222, "#7201a8"], [0.3333333333333333, "#9c179e"], [0.4444444444444444, "#bd3786"], [0.5555555555555556, "#d8576b"], [0.6666666666666666, "#ed7953"], [0.7777777777777778, "#fb9f3a"], [0.8888888888888888, "#fdca26"], [1.0, "#f0f921"]]}], "surface": [{"type": "surface", "colorbar": {"outlinewidth": 0, "ticks": ""}, "colorscale": [[0.0, "#0d0887"], [0.1111111111111111, "#46039f"], [0.2222222222222222, "#7201a8"], [0.3333333333333333, "#9c179e"], [0.4444444444444444, "#bd3786"], [0.5555555555555556, "#d8576b"], [0.6666666666666666, "#ed7953"], [0.7777777777777778, "#fb9f3a"], [0.8888888888888888, "#fdca26"], [1.0, "#f0f921"]]}], "mesh3d": [{"type": "mesh3d", "colorbar": {"outlinewidth": 0, "ticks": ""}}], "scatter": [{"fillpattern": {"fillmode": "overlay", "size": 10, "solidity": 0.2}, "type": "scatter"}], "parcoords": [{"type": "parcoords", "line": {"colorbar": {"outlinewidth": 0, "ticks": ""}}}], "scatterpolargl": [{"type": "scatterpolargl", "marker": {"colorbar": {"outlinewidth": 0, "ticks": ""}}}], "bar": [{"error_x": {"color": "#2a3f5f"}, "error_y": {"color": "#2a3f5f"}, "marker": {"line": {"color": "#E5ECF6", "width": 0.5}, "pattern": {"fillmode": "overlay", "size": 10, "solidity": 0.2}}, "type": "bar"}], "scattergeo": [{"type": "scattergeo", "marker": {"colorbar": {"outlinewidth": 0, "ticks": ""}}}], "scatterpolar": [{"type": "scatterpolar", "marker": {"colorbar": {"outlinewidth": 0, "ticks": ""}}}], "histogram": [{"marker": {"pattern": {"fillmode": "overlay", "size": 10, "solidity": 0.2}}, "type": "histogram"}], "scattergl": [{"type": "scattergl", "marker": {"colorbar": {"outlinewidth": 0, "ticks": ""}}}], "scatter3d": [{"type": "scatter3d", "line": {"colorbar": {"outlinewidth": 0, "ticks": ""}}, "marker": {"colorbar": {"outlinewidth": 0, "ticks": ""}}}], "scattermapbox": [{"type": "scattermapbox", "marker": {"colorbar": {"outlinewidth": 0, "ticks": ""}}}], "scatterternary": [{"type": "scatterternary", "marker": {"colorbar": {"outlinewidth": 0, "ticks": ""}}}], "scattercarpet": [{"type": "scattercarpet", "marker": {"colorbar": {"outlinewidth": 0, "ticks": ""}}}], "carpet": [{"aaxis": {"endlinecolor": "#2a3f5f", "gridcolor": "white", "linecolor": "white", "minorgridcolor": "white", "startlinecolor": "#2a3f5f"}, "baxis": {"endlinecolor": "#2a3f5f", "gridcolor": "white", "linecolor": "white", "minorgridcolor": "white", "startlinecolor": "#2a3f5f"}, "type": "carpet"}], "table": [{"cells": {"fill": {"color": "#EBF0F8"}, "line": {"color": "white"}}, "header": {"fill": {"color": "#C8D4E3"}, "line": {"color": "white"}}, "type": "table"}], "barpolar": [{"marker": {"line": {"color": "#E5ECF6", "width": 0.5}, "pattern": {"fillmode": "overlay", "size": 10, "solidity": 0.2}}, "type": "barpolar"}], "pie": [{"automargin": true, "type": "pie"}]}, "layout": {"autotypenumbers": "strict", "colorway": ["#636efa", "#EF553B", "#00cc96", "#ab63fa", "#FFA15A", "#19d3f3", "#FF6692", "#B6E880", "#FF97FF", "#FECB52"], "font": {"color": "#2a3f5f"}, "hovermode": "closest", "hoverlabel": {"align": "left"}, "paper_bgcolor": "white", "plot_bgcolor": "#E5ECF6", "polar": {"bgcolor": "#E5ECF6", "angularaxis": {"gridcolor": "white", "linecolor": "white", "ticks": ""}, "radialaxis": {"gridcolor": "white", "linecolor": "white", "ticks": ""}}, "ternary": {"bgcolor": "#E5ECF6", "aaxis": {"gridcolor": "white", "linecolor": "white", "ticks": ""}, "baxis": {"gridcolor": "white", "linecolor": "white", "ticks": ""}, "caxis": {"gridcolor": "white", "linecolor": "white", "ticks": ""}}, "coloraxis": {"colorbar": {"outlinewidth": 0, "ticks": ""}}, "colorscale": {"sequential": [[0.0, "#0d0887"], [0.1111111111111111, "#46039f"], [0.2222222222222222, "#7201a8"], [0.3333333333333333, "#9c179e"], [0.4444444444444444, "#bd3786"], [0.5555555555555556, "#d8576b"], [0.6666666666666666, "#ed7953"], [0.7777777777777778, "#fb9f3a"], [0.8888888888888888, "#fdca26"], [1.0, "#f0f921"]], "sequentialminus": [[0.0, "#0d0887"], [0.1111111111111111, "#46039f"], [0.2222222222222222, "#7201a8"], [0.3333333333333333, "#9c179e"], [0.4444444444444444, "#bd3786"], [0.5555555555555556, "#d8576b"], [0.6666666666666666, "#ed7953"], [0.7777777777777778, "#fb9f3a"], [0.8888888888888888, "#fdca26"], [1.0, "#f0f921"]], "diverging": [[0, "#8e0152"], [0.1, "#c51b7d"], [0.2, "#de77ae"], [0.3, "#f1b6da"], [0.4, "#fde0ef"], [0.5, "#f7f7f7"], [0.6, "#e6f5d0"], [0.7, "#b8e186"], [0.8, "#7fbc41"], [0.9, "#4d9221"], [1, "#276419"]]}, "xaxis": {"gridcolor": "white", "linecolor": "white", "ticks": "", "title": {"standoff": 15}, "zerolinecolor": "white", "automargin": true, "zerolinewidth": 2}, "yaxis": {"gridcolor": "white", "linecolor": "white", "ticks": "", "title": {"standoff": 15}, "zerolinecolor": "white", "automargin": true, "zerolinewidth": 2}, "scene": {"xaxis": {"backgroundcolor": "#E5ECF6", "gridcolor": "white", "linecolor": "white", "showbackground": true, "ticks": "", "zerolinecolor": "white", "gridwidth": 2}, "yaxis": {"backgroundcolor": "#E5ECF6", "gridcolor": "white", "linecolor": "white", "showbackground": true, "ticks": "", "zerolinecolor": "white", "gridwidth": 2}, "zaxis": {"backgroundcolor": "#E5ECF6", "gridcolor": "white", "linecolor": "white", "showbackground": true, "ticks": "", "zerolinecolor": "white", "gridwidth": 2}}, "shapedefaults": {"line": {"color": "#2a3f5f"}}, "annotationdefaults": {"arrowcolor": "#2a3f5f", "arrowhead": 0, "arrowwidth": 1}, "geo": {"bgcolor": "white", "landcolor": "#E5ECF6", "subunitcolor": "white", "showland": true, "showlakes": true, "lakecolor": "white"}, "title": {"x": 0.05}, "mapbox": {"style": "light"}}}}}