{"data": [{"z": [[27.62580108642578, 3.7213196754455566, -6.154948711395264, -3.912595510482788, -3.303528070449829, -4.144311428070068, 0.2563161849975586, 3.696653366088867, 10.127401351928711, -2.178849220275879, 1.895979404449463, -6.0397868156433105, 0.01969161443412304, -1.5479364395141602, -0.0869687870144844, -0.8842438459396362, 7.946278095245361, 6.067570209503174, -0.9721853733062744, -5.787525177001953, 6.473608493804932], [3.7213196754455566, 8.720519065856934, -0.6539794206619263, -0.7891620397567749, -2.148758888244629, -3.1130824089050293, -0.510816216468811, -1.5504266023635864, 1.4516236782073975, 1.370532512664795, -0.7411975860595703, 3.3966381549835205, 0.024325676262378693, 0.3825768232345581, -2.0699355602264404, 0.1499122679233551, 4.152711868286133, 1.678349494934082, 1.9078001976013184, -2.568281650543213, -0.25730231404304504], [-6.154948711395264, -0.6539794206619263, 32.40556716918945, -1.898727297782898, 3.8285837173461914, -4.029968738555908, -2.0364019870758057, -0.8645689487457275, -4.8635149002075195, 1.2690380811691284, 2.603926658630371, -4.715184211730957, 3.74139666557312, -0.10466057807207108, 8.27005672454834, -7.043031215667725, -1.544713020324707, 4.475657939910889, 0.6909373998641968, 3.7399823665618896, 2.5422871112823486], [-3.912595510482788, -0.7891620397567749, -1.898727297782898, 22.152599334716797, -1.2978004217147827, 1.3880279064178467, -1.3875126838684082, -2.2497429847717285, 0.8924698233604431, 1.6584051847457886, -1.3916652202606201, -1.5272785425186157, -3.505620002746582, 0.11185848712921143, -2.9724273681640625, 1.887168049812317, -3.4081990718841553, -0.4878978729248047, 5.567785263061523, 0.8724995851516724, 1.389430046081543], [-3.303528070449829, -2.148758888244629, 3.8285837173461914, -1.2978004217147827, 26.6729736328125, 2.216843605041504, 1.676103949546814, 0.816274881362915, 1.0940133333206177, -2.604123115539551, 6.416428089141846, -3.8908345699310303, 2.7188024520874023, -7.55426549911499, -2.9980483055114746, -4.7921624183654785, -0.4076589345932007, -0.20957380533218384, 2.85457181930542, 5.901514053344727, -5.409627437591553], [-4.144311428070068, -3.1130824089050293, -4.029968738555908, 1.3880279064178467, 2.216843605041504, 17.104631423950195, 0.6955182552337646, 1.7302223443984985, -2.7377829551696777, 4.5348029136657715, 1.2595829963684082, 5.355545997619629, 1.381689190864563, -4.529594421386719, 2.4539122581481934, -1.8112510442733765, -2.245481014251709, -1.8823223114013672, 3.1087136268615723, -0.8890886306762695, -2.300422430038452], [0.2563161849975586, -0.510816216468811, -2.0364019870758057, -1.3875126838684082, 1.676103949546814, 0.6955182552337646, 25.92264175415039, 3.731172800064087, -7.325664520263672, -4.371438503265381, 4.16740083694458, -0.8608666658401489, 3.817025661468506, -1.1970126628875732, -1.6035621166229248, -0.8127085566520691, 2.372056484222412, 2.4354844093322754, -1.1041723489761353, -2.0469322204589844, -10.251259803771973], [3.696653366088867, -1.5504266023635864, -0.8645689487457275, -2.2497429847717285, 0.816274881362915, 1.7302223443984985, 3.731172800064087, 28.15633201599121, 3.943443536758423, -9.5223970413208, 3.661370038986206, 3.5282680988311768, -3.2339396476745605, 0.24045336246490479, -1.4474774599075317, 2.400081157684326, -0.5080380439758301, -0.5165309906005859, -4.428075790405273, -0.030112743377685547, -3.828512668609619], [10.127401351928711, 1.4516236782073975, -4.8635149002075195, 0.8924698233604431, 1.0940133333206177, -2.7377829551696777, -7.325664520263672, 3.943443536758423, 29.74388313293457, -5.248420715332031, 0.6640801429748535, -6.656850814819336, 1.977587103843689, 0.901617169380188, -2.663177728652954, -0.04694518819451332, -1.697757601737976, -4.759041786193848, 3.8586525917053223, 1.3595290184020996, 1.0650546550750732], [-2.178849220275879, 1.370532512664795, 1.2690380811691284, 1.6584051847457886, -2.604123115539551, 4.5348029136657715, -4.371438503265381, -9.5223970413208, -5.248420715332031, 20.963817596435547, -1.451677918434143, 7.158679485321045, 1.1507433652877808, -1.2707059383392334, 0.4037465453147888, 0.01994304358959198, -1.6460232734680176, -2.2527880668640137, -3.36934232711792, 4.440432071685791, 3.266174077987671], [1.895979404449463, -0.7411975860595703, 2.603926658630371, -1.3916652202606201, 6.416428089141846, 1.2595829963684082, 4.16740083694458, 3.661370038986206, 0.6640801429748535, -1.451677918434143, 28.93212127685547, -3.1909115314483643, 8.525505065917969, 4.8334856033325195, -2.8116157054901123, -0.4355026185512543, 4.857987880706787, 4.696348667144775, -9.133625030517578, -4.1201491355896, 1.2520556449890137], [-6.0397868156433105, 3.3966381549835205, -4.715184211730957, -1.5272785425186157, -3.8908345699310303, 5.355545997619629, -0.8608666658401489, 3.5282680988311768, -6.656850814819336, 7.158679485321045, -3.1909115314483643, 20.762319564819336, -4.120720386505127, 2.4005329608917236, 2.2730445861816406, 2.684410810470581, 1.2794394493103027, -7.382608413696289, -5.525328636169434, 1.717728614807129, -1.244316577911377], [0.01969161443412304, 0.024325676262378693, 3.74139666557312, -3.505620002746582, 2.7188024520874023, 1.381689190864563, 3.817025661468506, -3.2339396476745605, 1.977587103843689, 1.1507433652877808, 8.525505065917969, -4.120720386505127, 18.79047393798828, 2.3688626289367676, 1.2622182369232178, 1.604384183883667, 1.5140047073364258, -3.1252822875976562, -1.7352664470672607, -3.860173225402832, -3.1894147396087646], [-1.5479364395141602, 0.3825768232345581, -0.10466057807207108, 0.11185848712921143, -7.55426549911499, -4.529594421386719, -1.1970126628875732, 0.24045336246490479, 0.901617169380188, -1.2707059383392334, 4.8334856033325195, 2.4005329608917236, 2.3688626289367676, 19.69679069519043, -1.194459319114685, 4.112967491149902, -1.6898363828659058, -8.624260902404785, -2.007969379425049, -2.263009548187256, 4.541823387145996], [-0.0869687870144844, -2.0699355602264404, 8.27005672454834, -2.9724273681640625, -2.9980483055114746, 2.4539122581481934, -1.6035621166229248, -1.4474774599075317, -2.663177728652954, 0.4037465453147888, -2.8116157054901123, 2.2730445861816406, 1.2622182369232178, -1.194459319114685, 20.85317611694336, -1.4701834917068481, 0.47516703605651855, 0.314298152923584, -5.08333158493042, 0.8936135768890381, -5.013881683349609], [-0.8842438459396362, 0.1499122679233551, -7.043031215667725, 1.887168049812317, -4.7921624183654785, -1.8112510442733765, -0.8127085566520691, 2.400081157684326, -0.04694518819451332, 0.01994304358959198, -0.4355026185512543, 2.684410810470581, 1.604384183883667, 4.112967491149902, -1.4701834917068481, 15.883624076843262, 0.6878783106803894, 3.1240553855895996, 2.33489990234375, -2.614825487136841, -1.5913066864013672], [7.946277618408203, 4.152712821960449, -1.5447136163711548, -3.408198356628418, -0.4076586663722992, -2.245481252670288, 2.372056722640991, -0.5080385208129883, -1.6977570056915283, -1.6460235118865967, 4.857987403869629, 1.2794395685195923, 1.5140049457550049, -1.6898367404937744, 0.4751668870449066, 0.6878783702850342, 22.418439865112305, 12.059791564941406, -1.9277005195617676, -4.513110160827637, 3.813333511352539], [6.067570686340332, 1.6783498525619507, 4.475658416748047, -0.4878981113433838, -0.20957329869270325, -1.8823223114013672, 2.4354846477508545, -0.5165308713912964, -4.759042263031006, -2.252789258956909, 4.696348667144775, -7.382607460021973, -3.1252825260162354, -8.624260902404785, 0.31429851055145264, 3.1240553855895996, 12.059791564941406, 31.89453887939453, 2.730717658996582, -2.0955729484558105, -1.4373341798782349], [-0.9721851944923401, 1.9078009128570557, 0.6909376978874207, 5.567785739898682, 2.854572296142578, 3.1087124347686768, -1.1041725873947144, -4.428075313568115, 3.8586528301239014, -3.369342803955078, -9.133625030517578, -5.525328159332275, -1.7352663278579712, -2.0079691410064697, -5.083331108093262, 2.33489990234375, -1.9277005195617676, 2.730717658996582, 26.167171478271484, -3.7014126777648926, -3.4226975440979004], [-5.787524700164795, -2.568281412124634, 3.7399821281433105, 0.8724989891052246, 5.90151309967041, -0.8890885710716248, -2.0469319820404053, -0.030112089589238167, 1.3595292568206787, 4.440432548522949, -4.120148658752441, 1.7177278995513916, -3.8601737022399902, -2.263009548187256, 0.8936135768890381, -2.6148250102996826, -4.513110160827637, -2.0955729484558105, -3.7014126777648926, 26.51063346862793, -0.6450844407081604], [6.473608493804932, -0.25730228424072266, 2.5422866344451904, 1.3894305229187012, -5.4096269607543945, -2.300421714782715, -10.251258850097656, -3.8285133838653564, 1.0650548934936523, 3.266173839569092, 1.2520558834075928, -1.2443172931671143, -3.1894147396087646, 4.541823387145996, -5.013881206512451, -1.5913066864013672, 3.813333034515381, -1.4373340606689453, -3.4226975440979004, -0.6450847387313843, 25.940195083618164]], "type": "heatmap"}], "layout": {"template": {"data": {"histogram2dcontour": [{"type": "histogram2dcontour", "colorbar": {"outlinewidth": 0, "ticks": ""}, "colorscale": [[0.0, "#0d0887"], [0.1111111111111111, "#46039f"], [0.2222222222222222, "#7201a8"], [0.3333333333333333, "#9c179e"], [0.4444444444444444, "#bd3786"], [0.5555555555555556, "#d8576b"], [0.6666666666666666, "#ed7953"], [0.7777777777777778, "#fb9f3a"], [0.8888888888888888, "#fdca26"], [1.0, "#f0f921"]]}], "choropleth": [{"type": "choropleth", "colorbar": {"outlinewidth": 0, "ticks": ""}}], "histogram2d": [{"type": "histogram2d", "colorbar": {"outlinewidth": 0, "ticks": ""}, "colorscale": [[0.0, "#0d0887"], [0.1111111111111111, "#46039f"], [0.2222222222222222, "#7201a8"], [0.3333333333333333, "#9c179e"], [0.4444444444444444, "#bd3786"], [0.5555555555555556, "#d8576b"], [0.6666666666666666, "#ed7953"], [0.7777777777777778, "#fb9f3a"], [0.8888888888888888, "#fdca26"], [1.0, "#f0f921"]]}], "heatmap": [{"type": "heatmap", "colorbar": {"outlinewidth": 0, "ticks": ""}, "colorscale": [[0.0, "#0d0887"], [0.1111111111111111, "#46039f"], [0.2222222222222222, "#7201a8"], [0.3333333333333333, "#9c179e"], [0.4444444444444444, "#bd3786"], [0.5555555555555556, "#d8576b"], [0.6666666666666666, "#ed7953"], [0.7777777777777778, "#fb9f3a"], [0.8888888888888888, "#fdca26"], [1.0, "#f0f921"]]}], "heatmapgl": [{"type": "heatmapgl", "colorbar": {"outlinewidth": 0, "ticks": ""}, "colorscale": [[0.0, "#0d0887"], [0.1111111111111111, "#46039f"], [0.2222222222222222, "#7201a8"], [0.3333333333333333, "#9c179e"], [0.4444444444444444, "#bd3786"], [0.5555555555555556, "#d8576b"], [0.6666666666666666, "#ed7953"], [0.7777777777777778, "#fb9f3a"], [0.8888888888888888, "#fdca26"], [1.0, "#f0f921"]]}], "contourcarpet": [{"type": "contourcarpet", "colorbar": {"outlinewidth": 0, "ticks": ""}}], "contour": [{"type": "contour", "colorbar": {"outlinewidth": 0, "ticks": ""}, "colorscale": [[0.0, "#0d0887"], [0.1111111111111111, "#46039f"], [0.2222222222222222, "#7201a8"], [0.3333333333333333, "#9c179e"], [0.4444444444444444, "#bd3786"], [0.5555555555555556, "#d8576b"], [0.6666666666666666, "#ed7953"], [0.7777777777777778, "#fb9f3a"], [0.8888888888888888, "#fdca26"], [1.0, "#f0f921"]]}], "surface": [{"type": "surface", "colorbar": {"outlinewidth": 0, "ticks": ""}, "colorscale": [[0.0, "#0d0887"], [0.1111111111111111, "#46039f"], [0.2222222222222222, "#7201a8"], [0.3333333333333333, "#9c179e"], [0.4444444444444444, "#bd3786"], [0.5555555555555556, "#d8576b"], [0.6666666666666666, "#ed7953"], [0.7777777777777778, "#fb9f3a"], [0.8888888888888888, "#fdca26"], [1.0, "#f0f921"]]}], "mesh3d": [{"type": "mesh3d", "colorbar": {"outlinewidth": 0, "ticks": ""}}], "scatter": [{"fillpattern": {"fillmode": "overlay", "size": 10, "solidity": 0.2}, "type": "scatter"}], "parcoords": [{"type": "parcoords", "line": {"colorbar": {"outlinewidth": 0, "ticks": ""}}}], "scatterpolargl": [{"type": "scatterpolargl", "marker": {"colorbar": {"outlinewidth": 0, "ticks": ""}}}], "bar": [{"error_x": {"color": "#2a3f5f"}, "error_y": {"color": "#2a3f5f"}, "marker": {"line": {"color": "#E5ECF6", "width": 0.5}, "pattern": {"fillmode": "overlay", "size": 10, "solidity": 0.2}}, "type": "bar"}], "scattergeo": [{"type": "scattergeo", "marker": {"colorbar": {"outlinewidth": 0, "ticks": ""}}}], "scatterpolar": [{"type": "scatterpolar", "marker": {"colorbar": {"outlinewidth": 0, "ticks": ""}}}], "histogram": [{"marker": {"pattern": {"fillmode": "overlay", "size": 10, "solidity": 0.2}}, "type": "histogram"}], "scattergl": [{"type": "scattergl", "marker": {"colorbar": {"outlinewidth": 0, "ticks": ""}}}], "scatter3d": [{"type": "scatter3d", "line": {"colorbar": {"outlinewidth": 0, "ticks": ""}}, "marker": {"colorbar": {"outlinewidth": 0, "ticks": ""}}}], "scattermapbox": [{"type": "scattermapbox", "marker": {"colorbar": {"outlinewidth": 0, "ticks": ""}}}], "scatterternary": [{"type": "scatterternary", "marker": {"colorbar": {"outlinewidth": 0, "ticks": ""}}}], "scattercarpet": [{"type": "scattercarpet", "marker": {"colorbar": {"outlinewidth": 0, "ticks": ""}}}], "carpet": [{"aaxis": {"endlinecolor": "#2a3f5f", "gridcolor": "white", "linecolor": "white", "minorgridcolor": "white", "startlinecolor": "#2a3f5f"}, "baxis": {"endlinecolor": "#2a3f5f", "gridcolor": "white", "linecolor": "white", "minorgridcolor": "white", "startlinecolor": "#2a3f5f"}, "type": "carpet"}], "table": [{"cells": {"fill": {"color": "#EBF0F8"}, "line": {"color": "white"}}, "header": {"fill": {"color": "#C8D4E3"}, "line": {"color": "white"}}, "type": "table"}], "barpolar": [{"marker": {"line": {"color": "#E5ECF6", "width": 0.5}, "pattern": {"fillmode": "overlay", "size": 10, "solidity": 0.2}}, "type": "barpolar"}], "pie": [{"automargin": true, "type": "pie"}]}, "layout": {"autotypenumbers": "strict", "colorway": ["#636efa", "#EF553B", "#00cc96", "#ab63fa", "#FFA15A", "#19d3f3", "#FF6692", "#B6E880", "#FF97FF", "#FECB52"], "font": {"color": "#2a3f5f"}, "hovermode": "closest", "hoverlabel": {"align": "left"}, "paper_bgcolor": "white", "plot_bgcolor": "#E5ECF6", "polar": {"bgcolor": "#E5ECF6", "angularaxis": {"gridcolor": "white", "linecolor": "white", "ticks": ""}, "radialaxis": {"gridcolor": "white", "linecolor": "white", "ticks": ""}}, "ternary": {"bgcolor": "#E5ECF6", "aaxis": {"gridcolor": "white", "linecolor": "white", "ticks": ""}, "baxis": {"gridcolor": "white", "linecolor": "white", "ticks": ""}, "caxis": {"gridcolor": "white", "linecolor": "white", "ticks": ""}}, "coloraxis": {"colorbar": {"outlinewidth": 0, "ticks": ""}}, "colorscale": {"sequential": [[0.0, "#0d0887"], [0.1111111111111111, "#46039f"], [0.2222222222222222, "#7201a8"], [0.3333333333333333, "#9c179e"], [0.4444444444444444, "#bd3786"], [0.5555555555555556, "#d8576b"], [0.6666666666666666, "#ed7953"], [0.7777777777777778, "#fb9f3a"], [0.8888888888888888, "#fdca26"], [1.0, "#f0f921"]], "sequentialminus": [[0.0, "#0d0887"], [0.1111111111111111, "#46039f"], [0.2222222222222222, "#7201a8"], [0.3333333333333333, "#9c179e"], [0.4444444444444444, "#bd3786"], [0.5555555555555556, "#d8576b"], [0.6666666666666666, "#ed7953"], [0.7777777777777778, "#fb9f3a"], [0.8888888888888888, "#fdca26"], [1.0, "#f0f921"]], "diverging": [[0, "#8e0152"], [0.1, "#c51b7d"], [0.2, "#de77ae"], [0.3, "#f1b6da"], [0.4, "#fde0ef"], [0.5, "#f7f7f7"], [0.6, "#e6f5d0"], [0.7, "#b8e186"], [0.8, "#7fbc41"], [0.9, "#4d9221"], [1, "#276419"]]}, "xaxis": {"gridcolor": "white", "linecolor": "white", "ticks": "", "title": {"standoff": 15}, "zerolinecolor": "white", "automargin": true, "zerolinewidth": 2}, "yaxis": {"gridcolor": "white", "linecolor": "white", "ticks": "", "title": {"standoff": 15}, "zerolinecolor": "white", "automargin": true, "zerolinewidth": 2}, "scene": {"xaxis": {"backgroundcolor": "#E5ECF6", "gridcolor": "white", "linecolor": "white", "showbackground": true, "ticks": "", "zerolinecolor": "white", "gridwidth": 2}, "yaxis": {"backgroundcolor": "#E5ECF6", "gridcolor": "white", "linecolor": "white", "showbackground": true, "ticks": "", "zerolinecolor": "white", "gridwidth": 2}, "zaxis": {"backgroundcolor": "#E5ECF6", "gridcolor": "white", "linecolor": "white", "showbackground": true, "ticks": "", "zerolinecolor": "white", "gridwidth": 2}}, "shapedefaults": {"line": {"color": "#2a3f5f"}}, "annotationdefaults": {"arrowcolor": "#2a3f5f", "arrowhead": 0, "arrowwidth": 1}, "geo": {"bgcolor": "white", "landcolor": "#E5ECF6", "subunitcolor": "white", "showland": true, "showlakes": true, "lakecolor": "white"}, "title": {"x": 0.05}, "mapbox": {"style": "light"}}}}}