{"data": [{"z": [[27.565351486206055, 3.745419502258301, -6.1142683029174805, -3.842336654663086, -3.2587168216705322, -4.108083724975586, 0.2860676646232605, 3.708920478820801, 10.134237289428711, -2.148890733718872, 1.892712950706482, -5.989866256713867, 0.08989392220973969, -1.5095114707946777, -0.05051787570118904, -0.8215746283531189, 7.944413661956787, 6.0830278396606445, -0.9339648485183716, -5.747090816497803, 6.439202785491943], [3.745419502258301, 8.6701021194458, -0.6290746927261353, -0.7506077289581299, -2.098781108856201, -3.075561285018921, -0.49861598014831543, -1.5032885074615479, 1.4822157621383667, 1.3743653297424316, -0.7431511878967285, 3.4089457988739014, 0.04592490568757057, 0.40656888484954834, -2.044307231903076, 0.17267470061779022, 4.167663097381592, 1.6951340436935425, 1.9191973209381104, -2.525580883026123, -0.2452356517314911], [-6.1142683029174805, -0.6290746927261353, 32.357540130615234, -1.8624883890151978, 3.8499948978424072, -3.9652748107910156, -2.0239949226379395, -0.8229598999023438, -4.831923484802246, 1.2895140647888184, 2.577885389328003, -4.651271343231201, 3.7511937618255615, -0.06081865727901459, 8.29560375213623, -6.982776165008545, -1.51448655128479, 4.491036891937256, 0.7202977538108826, 3.770848274230957, 2.5316543579101562], [-3.842336654663086, -0.7506077289581299, -1.8624883890151978, 22.156524658203125, -1.2505614757537842, 1.4400023221969604, -1.3565611839294434, -2.2006289958953857, 0.9451467990875244, 1.6971371173858643, -1.3847107887268066, -1.4848734140396118, -3.4539034366607666, 0.16446486115455627, -2.8990654945373535, 1.9488779306411743, -3.3380777835845947, -0.43137121200561523, 5.5826263427734375, 0.9118366241455078, 1.3938305377960205], [-3.2587168216705322, -2.098781108856201, 3.8499948978424072, -1.2505614757537842, 26.617294311523438, 2.2712454795837402, 1.6832468509674072, 0.8573780655860901, 1.12297523021698, -2.550628185272217, 6.4099040031433105, -3.8107388019561768, 2.7540130615234375, -7.500821113586426, -2.9454429149627686, -4.7332844734191895, -0.3694159984588623, -0.1524890661239624, 2.874570369720459, 5.913027286529541, -5.409810543060303], [-4.108083724975586, -3.075561285018921, -3.9652748107910156, 1.4400023221969604, 2.2712454795837402, 17.121679306030273, 0.7221261262893677, 1.7745258808135986, -2.702626943588257, 4.565298557281494, 1.256890892982483, 5.392237663269043, 1.4324023723602295, -4.474073886871338, 2.495905637741089, -1.7575957775115967, -2.20699143409729, -1.8505606651306152, 3.129727363586426, -0.819275975227356, -2.320523977279663], [0.2860676646232605, -0.49861598014831543, -2.0239949226379395, -1.3565611839294434, 1.6832468509674072, 0.7221261262893677, 25.86363410949707, 3.7460711002349854, -7.285154819488525, -4.3383965492248535, 4.161084175109863, -0.8256266117095947, 3.8348162174224854, -1.1686787605285645, -1.5989526510238647, -0.7697299122810364, 2.3809332847595215, 2.451601505279541, -1.0814982652664185, -2.0101091861724854, -10.241278648376465], [3.708920478820801, -1.5032885074615479, -0.8229598999023438, -2.2006289958953857, 0.8573780655860901, 1.7745258808135986, 3.7460711002349854, 28.118135452270508, 3.9391801357269287, -9.457916259765625, 3.6487998962402344, 3.5614428520202637, -3.160215139389038, 0.26974475383758545, -1.3939628601074219, 2.4517762660980225, -0.474398136138916, -0.4968600273132324, -4.3909173011779785, 0.012371063232421875, -3.837399959564209], [10.134237289428711, 1.4822157621383667, -4.831923484802246, 0.9451467990875244, 1.12297523021698, -2.702626943588257, -7.285154819488525, 3.9391801357269287, 29.705665588378906, -5.204902172088623, 0.6615759134292603, -6.611881732940674, 2.0258193016052246, 0.9488742351531982, -2.6045174598693848, 0.03278784826397896, -1.6626101732254028, -4.7060770988464355, 3.881991386413574, 1.3914458751678467, 1.0568546056747437], [-2.148890733718872, 1.3743653297424316, 1.2895140647888184, 1.6971371173858643, -2.550628185272217, 4.565298557281494, -4.3383965492248535, -9.457916259765625, -5.204902172088623, 20.900127410888672, -1.456886649131775, 7.181031703948975, 1.1703649759292603, -1.2150604724884033, 0.41144007444381714, 0.043025191873311996, -1.613845944404602, -2.215277671813965, -3.352229595184326, 4.461432933807373, 3.268669605255127], [1.892712950706482, -0.7431511878967285, 2.577885389328003, -1.3847107887268066, 6.4099040031433105, 1.256890892982483, 4.161084175109863, 3.6487998962402344, 0.6615759134292603, -1.456886649131775, 28.875181198120117, -3.170992136001587, 8.514457702636719, 4.844415187835693, -2.8184897899627686, -0.42114144563674927, 4.837420463562012, 4.688976287841797, -9.118515014648438, -4.097451210021973, 1.263055443763733], [-5.989866256713867, 3.4089457988739014, -4.651271343231201, -1.4848734140396118, -3.8107388019561768, 5.392237663269043, -0.8256266117095947, 3.5614428520202637, -6.611881732940674, 7.181031703948975, -3.170992136001587, 20.737979888916016, -4.05804443359375, 2.4268689155578613, 2.2895593643188477, 2.715430736541748, 1.3217918872833252, -7.307086944580078, -5.508010387420654, 1.7940547466278076, -1.2617666721343994], [0.08989392220973969, 0.04592490568757057, 3.7511937618255615, -3.4539034366607666, 2.7540130615234375, 1.4324023723602295, 3.8348162174224854, -3.160215139389038, 2.0258193016052246, 1.1703649759292603, 8.514457702636719, -4.05804443359375, 18.775014877319336, 2.419013500213623, 1.3050795793533325, 1.6478499174118042, 1.564127802848816, -3.06007719039917, -1.692423701286316, -3.8022212982177734, -3.190657615661621], [-1.5095114707946777, 0.40656888484954834, -0.06081865727901459, 0.16446486115455627, -7.500821113586426, -4.474073886871338, -1.1686787605285645, 0.26974475383758545, 0.9488742351531982, -1.2150604724884033, 4.844415187835693, 2.4268689155578613, 2.419013500213623, 19.698989868164062, -1.143024206161499, 4.1517133712768555, -1.6461360454559326, -8.56419563293457, -1.978442907333374, -2.1835169792175293, 4.529658317565918], [-0.05051787570118904, -2.044307231903076, 8.29560375213623, -2.8990654945373535, -2.9454429149627686, 2.495905637741089, -1.5989526510238647, -1.3939628601074219, -2.6045174598693848, 0.41144007444381714, -2.8184897899627686, 2.2895593643188477, 1.3050795793533325, -1.143024206161499, 20.817127227783203, -1.4096142053604126, 0.497159481048584, 0.3594400882720947, -5.025750160217285, 0.9315357208251953, -5.011229038238525], [-0.8215746283531189, 0.17267470061779022, -6.982776165008545, 1.9488779306411743, -4.7332844734191895, -1.7575957775115967, -0.7697299122810364, 2.4517762660980225, 0.03278784826397896, 0.043025191873311996, -0.42114144563674927, 2.715430736541748, 1.6478499174118042, 4.1517133712768555, -1.4096142053604126, 15.904911041259766, 0.7439427971839905, 3.178868293762207, 2.351752996444702, -2.557892322540283, -1.5887138843536377], [7.944413661956787, 4.167663097381592, -1.5144870281219482, -3.3380773067474365, -0.36941608786582947, -2.20699143409729, 2.3809328079223633, -0.47439801692962646, -1.662610650062561, -1.6138466596603394, 4.8374199867248535, 1.3217922449111938, 1.5641276836395264, -1.646135687828064, 0.4971594214439392, 0.7439424991607666, 22.350980758666992, 12.039041519165039, -1.882192850112915, -4.454789161682129, 3.8023624420166016], [6.083028316497803, 1.6951340436935425, 4.491037368774414, -0.4313702881336212, -0.15248920023441315, -1.8505605459213257, 2.4516022205352783, -0.4968607425689697, -4.7060770988464355, -2.215278148651123, 4.688976287841797, -7.307086944580078, -3.060076951980591, -8.564196586608887, 0.35944023728370667, 3.178868055343628, 12.039041519165039, 31.834331512451172, 2.761719226837158, -2.052642822265625, -1.4530563354492188], [-0.933964729309082, 1.9191967248916626, 0.7202978730201721, 5.5826263427734375, 2.874570369720459, 3.1297271251678467, -1.081498146057129, -4.3909173011779785, 3.881990909576416, -3.3522284030914307, -9.118514060974121, -5.508009910583496, -1.692423701286316, -1.9784424304962158, -5.025750160217285, 2.351752758026123, -1.882192850112915, 2.761719226837158, 26.118789672851562, -3.686873435974121, -3.4167776107788086], [-5.7470903396606445, -2.525581121444702, 3.7708475589752197, 0.9118358492851257, 5.913026809692383, -0.8192759156227112, -2.0101096630096436, 0.012371362186968327, 1.3914453983306885, 4.461432933807373, -4.097451210021973, 1.794055461883545, -3.8022212982177734, -2.1835169792175293, 0.9315356612205505, -2.557892322540283, -4.454789161682129, -2.052642822265625, -3.686873435974121, 26.45238494873047, -0.6604970693588257], [6.439202308654785, -0.24523568153381348, 2.5316543579101562, 1.3938302993774414, -5.409810543060303, -2.320523500442505, -10.241279602050781, -3.837399482727051, 1.0568547248840332, 3.268670082092285, 1.2630550861358643, -1.2617661952972412, -3.190657377243042, 4.529658317565918, -5.011228561401367, -1.588714361190796, 3.8023617267608643, -1.453056812286377, -3.4167771339416504, -0.6604969501495361, 25.940195083618164]], "type": "heatmap"}], "layout": {"template": {"data": {"histogram2dcontour": [{"type": "histogram2dcontour", "colorbar": {"outlinewidth": 0, "ticks": ""}, "colorscale": [[0.0, "#0d0887"], [0.1111111111111111, "#46039f"], [0.2222222222222222, "#7201a8"], [0.3333333333333333, "#9c179e"], [0.4444444444444444, "#bd3786"], [0.5555555555555556, "#d8576b"], [0.6666666666666666, "#ed7953"], [0.7777777777777778, "#fb9f3a"], [0.8888888888888888, "#fdca26"], [1.0, "#f0f921"]]}], "choropleth": [{"type": "choropleth", "colorbar": {"outlinewidth": 0, "ticks": ""}}], "histogram2d": [{"type": "histogram2d", "colorbar": {"outlinewidth": 0, "ticks": ""}, "colorscale": [[0.0, "#0d0887"], [0.1111111111111111, "#46039f"], [0.2222222222222222, "#7201a8"], [0.3333333333333333, "#9c179e"], [0.4444444444444444, "#bd3786"], [0.5555555555555556, "#d8576b"], [0.6666666666666666, "#ed7953"], [0.7777777777777778, "#fb9f3a"], [0.8888888888888888, "#fdca26"], [1.0, "#f0f921"]]}], "heatmap": [{"type": "heatmap", "colorbar": {"outlinewidth": 0, "ticks": ""}, "colorscale": [[0.0, "#0d0887"], [0.1111111111111111, "#46039f"], [0.2222222222222222, "#7201a8"], [0.3333333333333333, "#9c179e"], [0.4444444444444444, "#bd3786"], [0.5555555555555556, "#d8576b"], [0.6666666666666666, "#ed7953"], [0.7777777777777778, "#fb9f3a"], [0.8888888888888888, "#fdca26"], [1.0, "#f0f921"]]}], "heatmapgl": [{"type": "heatmapgl", "colorbar": {"outlinewidth": 0, "ticks": ""}, "colorscale": [[0.0, "#0d0887"], [0.1111111111111111, "#46039f"], [0.2222222222222222, "#7201a8"], [0.3333333333333333, "#9c179e"], [0.4444444444444444, "#bd3786"], [0.5555555555555556, "#d8576b"], [0.6666666666666666, "#ed7953"], [0.7777777777777778, "#fb9f3a"], [0.8888888888888888, "#fdca26"], [1.0, "#f0f921"]]}], "contourcarpet": [{"type": "contourcarpet", "colorbar": {"outlinewidth": 0, "ticks": ""}}], "contour": [{"type": "contour", "colorbar": {"outlinewidth": 0, "ticks": ""}, "colorscale": [[0.0, "#0d0887"], [0.1111111111111111, "#46039f"], [0.2222222222222222, "#7201a8"], [0.3333333333333333, "#9c179e"], [0.4444444444444444, "#bd3786"], [0.5555555555555556, "#d8576b"], [0.6666666666666666, "#ed7953"], [0.7777777777777778, "#fb9f3a"], [0.8888888888888888, "#fdca26"], [1.0, "#f0f921"]]}], "surface": [{"type": "surface", "colorbar": {"outlinewidth": 0, "ticks": ""}, "colorscale": [[0.0, "#0d0887"], [0.1111111111111111, "#46039f"], [0.2222222222222222, "#7201a8"], [0.3333333333333333, "#9c179e"], [0.4444444444444444, "#bd3786"], [0.5555555555555556, "#d8576b"], [0.6666666666666666, "#ed7953"], [0.7777777777777778, "#fb9f3a"], [0.8888888888888888, "#fdca26"], [1.0, "#f0f921"]]}], "mesh3d": [{"type": "mesh3d", "colorbar": {"outlinewidth": 0, "ticks": ""}}], "scatter": [{"fillpattern": {"fillmode": "overlay", "size": 10, "solidity": 0.2}, "type": "scatter"}], "parcoords": [{"type": "parcoords", "line": {"colorbar": {"outlinewidth": 0, "ticks": ""}}}], "scatterpolargl": [{"type": "scatterpolargl", "marker": {"colorbar": {"outlinewidth": 0, "ticks": ""}}}], "bar": [{"error_x": {"color": "#2a3f5f"}, "error_y": {"color": "#2a3f5f"}, "marker": {"line": {"color": "#E5ECF6", "width": 0.5}, "pattern": {"fillmode": "overlay", "size": 10, "solidity": 0.2}}, "type": "bar"}], "scattergeo": [{"type": "scattergeo", "marker": {"colorbar": {"outlinewidth": 0, "ticks": ""}}}], "scatterpolar": [{"type": "scatterpolar", "marker": {"colorbar": {"outlinewidth": 0, "ticks": ""}}}], "histogram": [{"marker": {"pattern": {"fillmode": "overlay", "size": 10, "solidity": 0.2}}, "type": "histogram"}], "scattergl": [{"type": "scattergl", "marker": {"colorbar": {"outlinewidth": 0, "ticks": ""}}}], "scatter3d": [{"type": "scatter3d", "line": {"colorbar": {"outlinewidth": 0, "ticks": ""}}, "marker": {"colorbar": {"outlinewidth": 0, "ticks": ""}}}], "scattermapbox": [{"type": "scattermapbox", "marker": {"colorbar": {"outlinewidth": 0, "ticks": ""}}}], "scatterternary": [{"type": "scatterternary", "marker": {"colorbar": {"outlinewidth": 0, "ticks": ""}}}], "scattercarpet": [{"type": "scattercarpet", "marker": {"colorbar": {"outlinewidth": 0, "ticks": ""}}}], "carpet": [{"aaxis": {"endlinecolor": "#2a3f5f", "gridcolor": "white", "linecolor": "white", "minorgridcolor": "white", "startlinecolor": "#2a3f5f"}, "baxis": {"endlinecolor": "#2a3f5f", "gridcolor": "white", "linecolor": "white", "minorgridcolor": "white", "startlinecolor": "#2a3f5f"}, "type": "carpet"}], "table": [{"cells": {"fill": {"color": "#EBF0F8"}, "line": {"color": "white"}}, "header": {"fill": {"color": "#C8D4E3"}, "line": {"color": "white"}}, "type": "table"}], "barpolar": [{"marker": {"line": {"color": "#E5ECF6", "width": 0.5}, "pattern": {"fillmode": "overlay", "size": 10, "solidity": 0.2}}, "type": "barpolar"}], "pie": [{"automargin": true, "type": "pie"}]}, "layout": {"autotypenumbers": "strict", "colorway": ["#636efa", "#EF553B", "#00cc96", "#ab63fa", "#FFA15A", "#19d3f3", "#FF6692", "#B6E880", "#FF97FF", "#FECB52"], "font": {"color": "#2a3f5f"}, "hovermode": "closest", "hoverlabel": {"align": "left"}, "paper_bgcolor": "white", "plot_bgcolor": "#E5ECF6", "polar": {"bgcolor": "#E5ECF6", "angularaxis": {"gridcolor": "white", "linecolor": "white", "ticks": ""}, "radialaxis": {"gridcolor": "white", "linecolor": "white", "ticks": ""}}, "ternary": {"bgcolor": "#E5ECF6", "aaxis": {"gridcolor": "white", "linecolor": "white", "ticks": ""}, "baxis": {"gridcolor": "white", "linecolor": "white", "ticks": ""}, "caxis": {"gridcolor": "white", "linecolor": "white", "ticks": ""}}, "coloraxis": {"colorbar": {"outlinewidth": 0, "ticks": ""}}, "colorscale": {"sequential": [[0.0, "#0d0887"], [0.1111111111111111, "#46039f"], [0.2222222222222222, "#7201a8"], [0.3333333333333333, "#9c179e"], [0.4444444444444444, "#bd3786"], [0.5555555555555556, "#d8576b"], [0.6666666666666666, "#ed7953"], [0.7777777777777778, "#fb9f3a"], [0.8888888888888888, "#fdca26"], [1.0, "#f0f921"]], "sequentialminus": [[0.0, "#0d0887"], [0.1111111111111111, "#46039f"], [0.2222222222222222, "#7201a8"], [0.3333333333333333, "#9c179e"], [0.4444444444444444, "#bd3786"], [0.5555555555555556, "#d8576b"], [0.6666666666666666, "#ed7953"], [0.7777777777777778, "#fb9f3a"], [0.8888888888888888, "#fdca26"], [1.0, "#f0f921"]], "diverging": [[0, "#8e0152"], [0.1, "#c51b7d"], [0.2, "#de77ae"], [0.3, "#f1b6da"], [0.4, "#fde0ef"], [0.5, "#f7f7f7"], [0.6, "#e6f5d0"], [0.7, "#b8e186"], [0.8, "#7fbc41"], [0.9, "#4d9221"], [1, "#276419"]]}, "xaxis": {"gridcolor": "white", "linecolor": "white", "ticks": "", "title": {"standoff": 15}, "zerolinecolor": "white", "automargin": true, "zerolinewidth": 2}, "yaxis": {"gridcolor": "white", "linecolor": "white", "ticks": "", "title": {"standoff": 15}, "zerolinecolor": "white", "automargin": true, "zerolinewidth": 2}, "scene": {"xaxis": {"backgroundcolor": "#E5ECF6", "gridcolor": "white", "linecolor": "white", "showbackground": true, "ticks": "", "zerolinecolor": "white", "gridwidth": 2}, "yaxis": {"backgroundcolor": "#E5ECF6", "gridcolor": "white", "linecolor": "white", "showbackground": true, "ticks": "", "zerolinecolor": "white", "gridwidth": 2}, "zaxis": {"backgroundcolor": "#E5ECF6", "gridcolor": "white", "linecolor": "white", "showbackground": true, "ticks": "", "zerolinecolor": "white", "gridwidth": 2}}, "shapedefaults": {"line": {"color": "#2a3f5f"}}, "annotationdefaults": {"arrowcolor": "#2a3f5f", "arrowhead": 0, "arrowwidth": 1}, "geo": {"bgcolor": "white", "landcolor": "#E5ECF6", "subunitcolor": "white", "showland": true, "showlakes": true, "lakecolor": "white"}, "title": {"x": 0.05}, "mapbox": {"style": "light"}}}}}