{"data": [{"z": [[27.68684959411621, 3.722372531890869, -6.170121192932129, -3.9386017322540283, -3.3241794109344482, -4.151684761047363, 0.2435251921415329, 3.7008767127990723, 10.140581130981445, -2.1934971809387207, 1.8961549997329712, -6.071194171905518, -0.00960923545062542, -1.565961241722107, -0.0947800800204277, -0.9055488705635071, 7.9573893547058105, 6.069333553314209, -0.9844924211502075, -5.79917049407959, 6.493672847747803], [3.722372531890869, 8.767898559570312, -0.6682227253913879, -0.8051979541778564, -2.1722660064697266, -3.1347062587738037, -0.5134503841400146, -1.5725927352905273, 1.4479957818984985, 1.3787686824798584, -0.7379941344261169, 3.4025306701660156, 0.027008522301912308, 0.38422730565071106, -2.074643850326538, 0.14521250128746033, 4.144242286682129, 1.6744105815887451, 1.905773639678955, -2.5910849571228027, -0.2695939838886261], [-6.170121192932129, -0.6682227253913879, 32.45134353637695, -1.9105253219604492, 3.829857349395752, -4.061264514923096, -2.036695957183838, -0.8690009713172913, -4.8664445877075195, 1.263143539428711, 2.6219446659088135, -4.742014408111572, 3.7448952198028564, -0.11875280737876892, 8.267293930053711, -7.068126678466797, -1.5504193305969238, 4.477204322814941, 0.679414689540863, 3.7311477661132812, 2.544947624206543], [-3.9386017322540283, -0.8051979541778564, -1.9105253219604492, 22.18598175048828, -1.3127727508544922, 1.3763232231140137, -1.3946374654769897, -2.263349771499634, 0.879905104637146, 1.6434231996536255, -1.3931115865707397, -1.5400936603546143, -3.52028489112854, 0.09956899285316467, -3.0033953189849854, 1.8729603290557861, -3.43727445602417, -0.5038025379180908, 5.571142673492432, 0.858128547668457, 1.3875304460525513], [-3.3241794109344482, -2.1722660064697266, 3.829857349395752, -1.3127727508544922, 26.72901153564453, 2.208096504211426, 1.6775383949279785, 0.8059220910072327, 1.0896985530853271, -2.6248979568481445, 6.424559116363525, -3.925349235534668, 2.7141826152801514, -7.585061073303223, -3.0233895778656006, -4.819267272949219, -0.4225105047225952, -0.22842997312545776, 2.8456692695617676, 5.9130377769470215, -5.412900447845459], [-4.151684761047363, -3.1347062587738037, -4.061264514923096, 1.3763232231140137, 2.208096504211426, 17.13459014892578, 0.6838933229446411, 1.725623369216919, -2.745131254196167, 4.52762508392334, 1.2559270858764648, 5.355169296264648, 1.370239019393921, -4.540297985076904, 2.448105573654175, -1.8317806720733643, -2.2654805183410645, -1.890233039855957, 3.1094064712524414, -0.9091702699661255, -2.2912893295288086], [0.2435251921415329, -0.5134503841400146, -2.036695957183838, -1.3946374654769897, 1.6775383949279785, 0.6838933229446411, 25.974838256835938, 3.730694055557251, -7.342531681060791, -4.386258602142334, 4.177190780639648, -0.8758439421653748, 3.8158464431762695, -1.2142690420150757, -1.6051326990127563, -0.8318668007850647, 2.370026111602783, 2.4334919452667236, -1.111242651939392, -2.0569090843200684, -10.260794639587402], [3.7008767127990723, -1.5725927352905273, -0.8690009713172913, -2.263349771499634, 0.8059220910072327, 1.725623369216919, 3.730694055557251, 28.202041625976562, 3.956869602203369, -9.54900074005127, 3.6691408157348633, 3.518594264984131, -3.2580511569976807, 0.22068701684474945, -1.4587550163269043, 2.384648084640503, -0.517042875289917, -0.5130476951599121, -4.43941068649292, -0.03509855270385742, -3.830670118331909], [10.140581130981445, 1.4479957818984985, -4.8664445877075195, 0.879905104637146, 1.0896985530853271, -2.745131254196167, -7.342531681060791, 3.956869602203369, 29.78974151611328, -5.259037017822266, 0.6720994710922241, -6.669868469238281, 1.9693865776062012, 0.8812988996505737, -2.679105758666992, -0.06714589893817902, -1.701127290725708, -4.773800373077393, 3.8578813076019287, 1.357814908027649, 1.0623013973236084], [-2.1934971809387207, 1.3787686824798584, 1.263143539428711, 1.6434231996536255, -2.6248979568481445, 4.52762508392334, -4.386258602142334, -9.54900074005127, -5.259037017822266, 21.023351669311523, -1.4447884559631348, 7.166653156280518, 1.1511999368667603, -1.2921863794326782, 0.41079020500183105, 0.02226756140589714, -1.6509941816329956, -2.2666032314300537, -3.369168758392334, 4.445495128631592, 3.2575924396514893], [1.8961549997329712, -0.7379941344261169, 2.6219446659088135, -1.3931115865707397, 6.424559116363525, 1.2559270858764648, 4.177190780639648, 3.6691408157348633, 0.6720994710922241, -1.4447884559631348, 28.97722816467285, -3.1969404220581055, 8.540144920349121, 4.827102184295654, -2.808626413345337, -0.4452294409275055, 4.875486850738525, 4.70512580871582, -9.144363403320312, -4.128409385681152, 1.2445799112319946], [-6.071194171905518, 3.4025306701660156, -4.742014408111572, -1.5400936603546143, -3.925349235534668, 5.355169296264648, -0.8758439421653748, 3.518594264984131, -6.669868469238281, 7.166653156280518, -3.1969404220581055, 20.813875198364258, -4.14332389831543, 2.4018688201904297, 2.280216693878174, 2.6848504543304443, 1.2749011516571045, -7.414787769317627, -5.524611949920654, 1.692570686340332, -1.2415162324905396], [-0.00960923545062542, 0.027008522301912308, 3.7448952198028564, -3.52028489112854, 2.7141826152801514, 1.370239019393921, 3.8158464431762695, -3.2580511569976807, 1.9693865776062012, 1.1511999368667603, 8.540144920349121, -4.14332389831543, 18.83326530456543, 2.3563547134399414, 1.2494630813598633, 1.59702467918396, 1.5067318677902222, -3.1472811698913574, -1.7524094581604004, -3.8837170600891113, -3.1955134868621826], [-1.565961241722107, 0.38422730565071106, -0.11875280737876892, 0.09956899285316467, -7.585061073303223, -4.540297985076904, -1.2142690420150757, 0.22068701684474945, 0.8812988996505737, -1.2921863794326782, 4.827102184295654, 2.4018688201904297, 2.3563547134399414, 19.73310661315918, -1.2158554792404175, 4.103598594665527, -1.7058706283569336, -8.648451805114746, -2.0183796882629395, -2.291900634765625, 4.555367469787598], [-0.0947800800204277, -2.074643850326538, 8.267293930053711, -3.0033953189849854, -3.0233895778656006, 2.448105573654175, -1.6051326990127563, -1.4587550163269043, -2.679105758666992, 0.41079020500183105, -2.808626413345337, 2.280216693878174, 1.2494630813598633, -1.2158554792404175, 20.90379524230957, -1.477225422859192, 0.47399330139160156, 0.2941117286682129, -5.1040802001953125, 0.8852742314338684, -5.022611141204834], [-0.9055488705635071, 0.14521250128746033, -7.068126678466797, 1.8729603290557861, -4.819267272949219, -1.8317806720733643, -0.8318668007850647, 2.384648084640503, -0.06714589893817902, 0.02226756140589714, -0.4452294409275055, 2.6848504543304443, 1.59702467918396, 4.103598594665527, -1.477225422859192, 15.91174030303955, 0.6700835824012756, 3.1132569313049316, 2.340602397918701, -2.6333718299865723, -1.5994105339050293], [7.957389831542969, 4.144242286682129, -1.5504190921783447, -3.437274932861328, -0.4225102961063385, -2.2654805183410645, 2.370025634765625, -0.5170424580574036, -1.7011263370513916, -1.650993824005127, 4.875485897064209, 1.2749011516571045, 1.5067319869995117, -1.705870270729065, 0.47399401664733887, 0.6700836420059204, 22.46892547607422, 12.082294464111328, -1.9466452598571777, -4.530596733093262, 3.8165619373321533], [6.069333076477051, 1.6744104623794556, 4.477203845977783, -0.5038020610809326, -0.22843000292778015, -1.8902333974838257, 2.4334921836853027, -0.5130481123924255, -4.773800373077393, -2.266603708267212, 4.705125331878662, -7.414787292480469, -3.1472809314727783, -8.648451805114746, 0.294111967086792, 3.1132571697235107, 12.082294464111328, 31.959442138671875, 2.7204551696777344, -2.1035962104797363, -1.4275696277618408], [-0.9844923615455627, 1.9057738780975342, 0.6794151663780212, 5.571141719818115, 2.845668315887451, 3.1094064712524414, -1.1112432479858398, -4.43941068649292, 3.8578810691833496, -3.369168758392334, -9.144363403320312, -5.52461051940918, -1.7524093389511108, -2.0183801651000977, -5.1040802001953125, 2.340602397918701, -1.9466452598571777, 2.7204551696777344, 26.2081298828125, -3.704456090927124, -3.429100275039673], [-5.799170970916748, -2.5910847187042236, 3.731147527694702, 0.8581291437149048, 5.91303825378418, -0.9091700911521912, -2.0569090843200684, -0.03509873151779175, 1.357814073562622, 4.44549560546875, -4.128408908843994, 1.692571759223938, -3.8837170600891113, -2.291901111602783, 0.8852741718292236, -2.6333720684051514, -4.530596733093262, -2.1035962104797363, -3.704456090927124, 26.5772762298584, -0.6428061723709106], [6.493672847747803, -0.2695937156677246, 2.544947862625122, 1.3875303268432617, -5.412900924682617, -2.291289806365967, -10.260793685913086, -3.83066987991333, 1.0623016357421875, 3.2575926780700684, 1.2445802688598633, -1.241516351699829, -3.1955137252807617, 4.555367469787598, -5.022611141204834, -1.5994110107421875, 3.8165619373321533, -1.42756986618042, -3.4290997982025146, -0.6428055763244629, 25.940195083618164]], "type": "heatmap"}], "layout": {"template": {"data": {"histogram2dcontour": [{"type": "histogram2dcontour", "colorbar": {"outlinewidth": 0, "ticks": ""}, "colorscale": [[0.0, "#0d0887"], [0.1111111111111111, "#46039f"], [0.2222222222222222, "#7201a8"], [0.3333333333333333, "#9c179e"], [0.4444444444444444, "#bd3786"], [0.5555555555555556, "#d8576b"], [0.6666666666666666, "#ed7953"], [0.7777777777777778, "#fb9f3a"], [0.8888888888888888, "#fdca26"], [1.0, "#f0f921"]]}], "choropleth": [{"type": "choropleth", "colorbar": {"outlinewidth": 0, "ticks": ""}}], "histogram2d": [{"type": "histogram2d", "colorbar": {"outlinewidth": 0, "ticks": ""}, "colorscale": [[0.0, "#0d0887"], [0.1111111111111111, "#46039f"], [0.2222222222222222, "#7201a8"], [0.3333333333333333, "#9c179e"], [0.4444444444444444, "#bd3786"], [0.5555555555555556, "#d8576b"], [0.6666666666666666, "#ed7953"], [0.7777777777777778, "#fb9f3a"], [0.8888888888888888, "#fdca26"], [1.0, "#f0f921"]]}], "heatmap": [{"type": "heatmap", "colorbar": {"outlinewidth": 0, "ticks": ""}, "colorscale": [[0.0, "#0d0887"], [0.1111111111111111, "#46039f"], [0.2222222222222222, "#7201a8"], [0.3333333333333333, "#9c179e"], [0.4444444444444444, "#bd3786"], [0.5555555555555556, "#d8576b"], [0.6666666666666666, "#ed7953"], [0.7777777777777778, "#fb9f3a"], [0.8888888888888888, "#fdca26"], [1.0, "#f0f921"]]}], "heatmapgl": [{"type": "heatmapgl", "colorbar": {"outlinewidth": 0, "ticks": ""}, "colorscale": [[0.0, "#0d0887"], [0.1111111111111111, "#46039f"], [0.2222222222222222, "#7201a8"], [0.3333333333333333, "#9c179e"], [0.4444444444444444, "#bd3786"], [0.5555555555555556, "#d8576b"], [0.6666666666666666, "#ed7953"], [0.7777777777777778, "#fb9f3a"], [0.8888888888888888, "#fdca26"], [1.0, "#f0f921"]]}], "contourcarpet": [{"type": "contourcarpet", "colorbar": {"outlinewidth": 0, "ticks": ""}}], "contour": [{"type": "contour", "colorbar": {"outlinewidth": 0, "ticks": ""}, "colorscale": [[0.0, "#0d0887"], [0.1111111111111111, "#46039f"], [0.2222222222222222, "#7201a8"], [0.3333333333333333, "#9c179e"], [0.4444444444444444, "#bd3786"], [0.5555555555555556, "#d8576b"], [0.6666666666666666, "#ed7953"], [0.7777777777777778, "#fb9f3a"], [0.8888888888888888, "#fdca26"], [1.0, "#f0f921"]]}], "surface": [{"type": "surface", "colorbar": {"outlinewidth": 0, "ticks": ""}, "colorscale": [[0.0, "#0d0887"], [0.1111111111111111, "#46039f"], [0.2222222222222222, "#7201a8"], [0.3333333333333333, "#9c179e"], [0.4444444444444444, "#bd3786"], [0.5555555555555556, "#d8576b"], [0.6666666666666666, "#ed7953"], [0.7777777777777778, "#fb9f3a"], [0.8888888888888888, "#fdca26"], [1.0, "#f0f921"]]}], "mesh3d": [{"type": "mesh3d", "colorbar": {"outlinewidth": 0, "ticks": ""}}], "scatter": [{"fillpattern": {"fillmode": "overlay", "size": 10, "solidity": 0.2}, "type": "scatter"}], "parcoords": [{"type": "parcoords", "line": {"colorbar": {"outlinewidth": 0, "ticks": ""}}}], "scatterpolargl": [{"type": "scatterpolargl", "marker": {"colorbar": {"outlinewidth": 0, "ticks": ""}}}], "bar": [{"error_x": {"color": "#2a3f5f"}, "error_y": {"color": "#2a3f5f"}, "marker": {"line": {"color": "#E5ECF6", "width": 0.5}, "pattern": {"fillmode": "overlay", "size": 10, "solidity": 0.2}}, "type": "bar"}], "scattergeo": [{"type": "scattergeo", "marker": {"colorbar": {"outlinewidth": 0, "ticks": ""}}}], "scatterpolar": [{"type": "scatterpolar", "marker": {"colorbar": {"outlinewidth": 0, "ticks": ""}}}], "histogram": [{"marker": {"pattern": {"fillmode": "overlay", "size": 10, "solidity": 0.2}}, "type": "histogram"}], "scattergl": [{"type": "scattergl", "marker": {"colorbar": {"outlinewidth": 0, "ticks": ""}}}], "scatter3d": [{"type": "scatter3d", "line": {"colorbar": {"outlinewidth": 0, "ticks": ""}}, "marker": {"colorbar": {"outlinewidth": 0, "ticks": ""}}}], "scattermapbox": [{"type": "scattermapbox", "marker": {"colorbar": {"outlinewidth": 0, "ticks": ""}}}], "scatterternary": [{"type": "scatterternary", "marker": {"colorbar": {"outlinewidth": 0, "ticks": ""}}}], "scattercarpet": [{"type": "scattercarpet", "marker": {"colorbar": {"outlinewidth": 0, "ticks": ""}}}], "carpet": [{"aaxis": {"endlinecolor": "#2a3f5f", "gridcolor": "white", "linecolor": "white", "minorgridcolor": "white", "startlinecolor": "#2a3f5f"}, "baxis": {"endlinecolor": "#2a3f5f", "gridcolor": "white", "linecolor": "white", "minorgridcolor": "white", "startlinecolor": "#2a3f5f"}, "type": "carpet"}], "table": [{"cells": {"fill": {"color": "#EBF0F8"}, "line": {"color": "white"}}, "header": {"fill": {"color": "#C8D4E3"}, "line": {"color": "white"}}, "type": "table"}], "barpolar": [{"marker": {"line": {"color": "#E5ECF6", "width": 0.5}, "pattern": {"fillmode": "overlay", "size": 10, "solidity": 0.2}}, "type": "barpolar"}], "pie": [{"automargin": true, "type": "pie"}]}, "layout": {"autotypenumbers": "strict", "colorway": ["#636efa", "#EF553B", "#00cc96", "#ab63fa", "#FFA15A", "#19d3f3", "#FF6692", "#B6E880", "#FF97FF", "#FECB52"], "font": {"color": "#2a3f5f"}, "hovermode": "closest", "hoverlabel": {"align": "left"}, "paper_bgcolor": "white", "plot_bgcolor": "#E5ECF6", "polar": {"bgcolor": "#E5ECF6", "angularaxis": {"gridcolor": "white", "linecolor": "white", "ticks": ""}, "radialaxis": {"gridcolor": "white", "linecolor": "white", "ticks": ""}}, "ternary": {"bgcolor": "#E5ECF6", "aaxis": {"gridcolor": "white", "linecolor": "white", "ticks": ""}, "baxis": {"gridcolor": "white", "linecolor": "white", "ticks": ""}, "caxis": {"gridcolor": "white", "linecolor": "white", "ticks": ""}}, "coloraxis": {"colorbar": {"outlinewidth": 0, "ticks": ""}}, "colorscale": {"sequential": [[0.0, "#0d0887"], [0.1111111111111111, "#46039f"], [0.2222222222222222, "#7201a8"], [0.3333333333333333, "#9c179e"], [0.4444444444444444, "#bd3786"], [0.5555555555555556, "#d8576b"], [0.6666666666666666, "#ed7953"], [0.7777777777777778, "#fb9f3a"], [0.8888888888888888, "#fdca26"], [1.0, "#f0f921"]], "sequentialminus": [[0.0, "#0d0887"], [0.1111111111111111, "#46039f"], [0.2222222222222222, "#7201a8"], [0.3333333333333333, "#9c179e"], [0.4444444444444444, "#bd3786"], [0.5555555555555556, "#d8576b"], [0.6666666666666666, "#ed7953"], [0.7777777777777778, "#fb9f3a"], [0.8888888888888888, "#fdca26"], [1.0, "#f0f921"]], "diverging": [[0, "#8e0152"], [0.1, "#c51b7d"], [0.2, "#de77ae"], [0.3, "#f1b6da"], [0.4, "#fde0ef"], [0.5, "#f7f7f7"], [0.6, "#e6f5d0"], [0.7, "#b8e186"], [0.8, "#7fbc41"], [0.9, "#4d9221"], [1, "#276419"]]}, "xaxis": {"gridcolor": "white", "linecolor": "white", "ticks": "", "title": {"standoff": 15}, "zerolinecolor": "white", "automargin": true, "zerolinewidth": 2}, "yaxis": {"gridcolor": "white", "linecolor": "white", "ticks": "", "title": {"standoff": 15}, "zerolinecolor": "white", "automargin": true, "zerolinewidth": 2}, "scene": {"xaxis": {"backgroundcolor": "#E5ECF6", "gridcolor": "white", "linecolor": "white", "showbackground": true, "ticks": "", "zerolinecolor": "white", "gridwidth": 2}, "yaxis": {"backgroundcolor": "#E5ECF6", "gridcolor": "white", "linecolor": "white", "showbackground": true, "ticks": "", "zerolinecolor": "white", "gridwidth": 2}, "zaxis": {"backgroundcolor": "#E5ECF6", "gridcolor": "white", "linecolor": "white", "showbackground": true, "ticks": "", "zerolinecolor": "white", "gridwidth": 2}}, "shapedefaults": {"line": {"color": "#2a3f5f"}}, "annotationdefaults": {"arrowcolor": "#2a3f5f", "arrowhead": 0, "arrowwidth": 1}, "geo": {"bgcolor": "white", "landcolor": "#E5ECF6", "subunitcolor": "white", "showland": true, "showlakes": true, "lakecolor": "white"}, "title": {"x": 0.05}, "mapbox": {"style": "light"}}}}}