{"data": [{"z": [[27.59290313720703, 3.727557897567749, -6.140772342681885, -3.888049364089966, -3.289459466934204, -4.131385326385498, 0.26571959257125854, 3.6987757682800293, 10.124357223510742, -2.168269395828247, 1.8934880495071411, -6.01953649520874, 0.04486674442887306, -1.5339640378952026, -0.0785994678735733, -0.8626890182495117, 7.942259788513184, 6.070333957672119, -0.9588091373443604, -5.772831916809082, 6.460075378417969], [3.727557897567749, 8.691598892211914, -0.647169291973114, -0.7742495536804199, -2.127960205078125, -3.1003904342651367, -0.5070664882659912, -1.5344206094741821, 1.4595162868499756, 1.3679174184799194, -0.7443254590034485, 3.396655559539795, 0.028427666053175926, 0.38819506764411926, -2.0638318061828613, 0.1536841094493866, 4.157320022583008, 1.683425784111023, 1.9121116399765015, -2.552785873413086, -0.2503446042537689], [-6.140772342681885, -0.647169291973114, 32.37733459472656, -1.8905961513519287, 3.831080436706543, -4.0079545974731445, -2.0329771041870117, -0.853498101234436, -4.857022762298584, 1.275187611579895, 2.59035325050354, -4.691671371459961, 3.7402822971343994, -0.0912618488073349, 8.274084091186523, -7.022988796234131, -1.5373220443725586, 4.477484703063965, 0.6996650099754333, 3.7475953102111816, 2.5387256145477295], [-3.888049364089966, -0.7742495536804199, -1.8905961513519287, 22.139848709106445, -1.2814103364944458, 1.405339241027832, -1.3770256042480469, -2.235121011734009, 0.9067737460136414, 1.6699416637420654, -1.389981985092163, -1.517020583152771, -3.4876208305358887, 0.1274571567773819, -2.952388048171997, 1.9018535614013672, -3.3839316368103027, -0.4696495532989502, 5.568240165710449, 0.887804388999939, 1.3917148113250732], [-3.289459466934204, -2.127960205078125, 3.831080436706543, -1.2814103364944458, 26.639053344726562, 2.234135150909424, 1.6756678819656372, 0.8269314169883728, 1.1013691425323486, -2.588158130645752, 6.408512115478516, -3.8595094680786133, 2.7268080711364746, -7.530908584594727, -2.9849348068237305, -4.769297122955322, -0.3982563018798828, -0.19174259901046753, 2.861937999725342, 5.90261173248291, -5.40707540512085], [-4.131385326385498, -3.1003904342651367, -4.0079545974731445, 1.405339241027832, 2.234135150909424, 17.099042892456055, 0.7037219405174255, 1.742950677871704, -2.7281715869903564, 4.54213285446167, 1.2576682567596436, 5.363731384277344, 1.3950737714767456, -4.510259628295898, 2.465381622314453, -1.7937343120574951, -2.2333950996398926, -1.8705475330352783, 3.114098072052002, -0.8663930892944336, -2.308182716369629], [0.26571959257125854, -0.5070664882659912, -2.0329771041870117, -1.3770256042480469, 1.6756678819656372, 0.7037219405174255, 25.892467498779297, 3.7340049743652344, -7.311300277709961, -4.358498573303223, 4.161483287811279, -0.8476588129997253, 3.8203914165496826, -1.185861349105835, -1.6011301279067993, -0.7961357831954956, 2.374504804611206, 2.438044548034668, -1.0958633422851562, -2.034104347229004, -10.245689392089844], [3.6987757682800293, -1.5344206094741821, -0.853498101234436, -2.235121011734009, 0.8269314169883728, 1.742950677871704, 3.7340049743652344, 28.134061813354492, 3.939892530441284, -9.49892520904541, 3.6553235054016113, 3.539990186691284, -3.2066843509674072, 0.2522760331630707, -1.4330648183822632, 2.4154086112976074, -0.49753308296203613, -0.5121712684631348, -4.416186332702637, -0.014927387237548828, -3.8301587104797363], [10.124357223510742, 1.4595162868499756, -4.857022762298584, 0.9067737460136414, 1.1013691425323486, -2.7281715869903564, -7.311300277709961, 3.939892530441284, 29.721641540527344, -5.236507892608643, 0.6601148843765259, -6.640078544616699, 1.9934391975402832, 0.9162176251411438, -2.6480138301849365, -0.022335635498166084, -1.6888819932937622, -4.743070602416992, 3.8651134967803955, 1.36815345287323, 1.0622462034225464], [-2.168269395828247, 1.3679174184799194, 1.275187611579895, 1.6699416637420654, -2.588158130645752, 4.54213285446167, -4.358498573303223, -9.49892520904541, -5.236507892608643, 20.931316375732422, -1.4553827047348022, 7.162126064300537, 1.1541980504989624, -1.2542665004730225, 0.4041937291622162, 0.023578627035021782, -1.6380369663238525, -2.2397007942199707, -3.3666629791259766, 4.442190170288086, 3.2685909271240234], [1.8934880495071411, -0.7443254590034485, 2.59035325050354, -1.389981985092163, 6.408512115478516, 1.2576682567596436, 4.161483287811279, 3.6553235054016113, 0.6601148843765259, -1.4553827047348022, 28.90341567993164, -3.181955337524414, 8.516757011413574, 4.837139129638672, -2.8163928985595703, -0.429044634103775, 4.846094131469727, 4.690275192260742, -9.126846313476562, -4.1153411865234375, 1.2571332454681396], [-6.01953649520874, 3.396655559539795, -4.691671371459961, -1.517020583152771, -3.8595094680786133, 5.363731384277344, -0.8476588129997253, 3.539990186691284, -6.640078544616699, 7.162126064300537, -3.181955337524414, 20.74053955078125, -4.097285747528076, 2.4044744968414307, 2.2767629623413086, 2.6895411014556885, 1.291600227355957, -7.354671478271484, -5.5235395431518555, 1.7432591915130615, -1.2502628564834595], [0.04486674442887306, 0.028427666053175926, 3.7402822971343994, -3.4876208305358887, 2.7268080711364746, 1.3950737714767456, 3.8203914165496826, -3.2066843509674072, 1.9934391975402832, 1.1541980504989624, 8.516757011413574, -4.097285747528076, 18.773561477661133, 2.3865833282470703, 1.2725502252578735, 1.618320107460022, 1.5276126861572266, -3.1036505699157715, -1.719172477722168, -3.841136932373047, -3.1881773471832275], [-1.5339640378952026, 0.38819506764411926, -0.0912618488073349, 0.1274571567773819, -7.530908584594727, -4.510259628295898, -1.185861349105835, 0.2522760331630707, 0.9162176251411438, -1.2542665004730225, 4.837139129638672, 2.4044744968414307, 2.3865833282470703, 19.685420989990234, -1.178571343421936, 4.124056816101074, -1.6759593486785889, -8.601449966430664, -1.9987618923187256, -2.231443405151367, 4.535920143127441], [-0.0785994678735733, -2.0638318061828613, 8.274084091186523, -2.952388048171997, -2.9849348068237305, 2.465381622314453, -1.6011301279067993, -1.4330648183822632, -2.6480138301849365, 0.4041937291622162, -2.8163928985595703, 2.2767629623413086, 1.2725502252578735, -1.178571343421936, 20.82845687866211, -1.4551855325698853, 0.4790215492248535, 0.3287205696105957, -5.06670618057251, 0.9058935046195984, -5.009836196899414], [-0.8626890182495117, 0.1536841094493866, -7.022988796234131, 1.9018535614013672, -4.769297122955322, -1.7937343120574951, -0.7961357831954956, 2.4154086112976074, -0.022335635498166084, 0.023578627035021782, -0.429044634103775, 2.6895411014556885, 1.618320107460022, 4.124056816101074, -1.4551855325698853, 15.877642631530762, 0.7065744400024414, 3.142026901245117, 2.335909128189087, -2.5969057083129883, -1.5886192321777344], [7.942259788513184, 4.157320022583008, -1.5373218059539795, -3.3839316368103027, -0.39825692772865295, -2.2333943843841553, 2.374505043029785, -0.4975332021713257, -1.6888819932937622, -1.6380374431610107, 4.84609317779541, 1.2916004657745361, 1.5276128053665161, -1.6759593486785889, 0.4790213704109192, 0.706574559211731, 22.384845733642578, 12.047162055969238, -1.9112484455108643, -4.495127201080322, 3.808835506439209], [6.070333003997803, 1.6834254264831543, 4.477484703063965, -0.4696495532989502, -0.19174231588840485, -1.8705476522445679, 2.438044548034668, -0.5121712684631348, -4.74307107925415, -2.239701271057129, 4.690275192260742, -7.354671955108643, -3.1036505699157715, -8.601449966430664, 0.3287205100059509, 3.142026901245117, 12.047162055969238, 31.862937927246094, 2.7413439750671387, -2.0839052200317383, -1.4431166648864746], [-0.9588092565536499, 1.9121116399765015, 0.6996649503707886, 5.568240642547607, 2.8619384765625, 3.1140968799591064, -1.0958631038665771, -4.4161858558654785, 3.865114450454712, -3.366663932800293, -9.126847267150879, -5.5235395431518555, -1.7191725969314575, -1.9987622499465942, -5.06670618057251, 2.3359086513519287, -1.9112484455108643, 2.7413439750671387, 26.14297103881836, -3.6974101066589355, -3.4187755584716797], [-5.772831916809082, -2.552785873413086, 3.7475955486297607, 0.8878053426742554, 5.902612209320068, -0.8663928508758545, -2.034104585647583, -0.014927155338227749, 1.3681532144546509, 4.442189693450928, -4.115341663360596, 1.7432588338851929, -3.841137170791626, -2.231443166732788, 0.9058936238288879, -2.59690523147583, -4.495127201080322, -2.0839052200317383, -3.6974101066589355, 26.476932525634766, -0.6497792601585388], [6.4600749015808105, -0.25034451484680176, 2.5387258529663086, 1.391714096069336, -5.407075881958008, -2.308183193206787, -10.245689392089844, -3.830158233642578, 1.062246561050415, 3.2685906887054443, 1.2571330070495605, -1.2502634525299072, -3.1881773471832275, 4.535920143127441, -5.009836673736572, -1.5886189937591553, 3.808835983276367, -1.443115472793579, -3.4187755584716797, -0.6497788429260254, 25.940195083618164]], "type": "heatmap"}], "layout": {"template": {"data": {"histogram2dcontour": [{"type": "histogram2dcontour", "colorbar": {"outlinewidth": 0, "ticks": ""}, "colorscale": [[0.0, "#0d0887"], [0.1111111111111111, "#46039f"], [0.2222222222222222, "#7201a8"], [0.3333333333333333, "#9c179e"], [0.4444444444444444, "#bd3786"], [0.5555555555555556, "#d8576b"], [0.6666666666666666, "#ed7953"], [0.7777777777777778, "#fb9f3a"], [0.8888888888888888, "#fdca26"], [1.0, "#f0f921"]]}], "choropleth": [{"type": "choropleth", "colorbar": {"outlinewidth": 0, "ticks": ""}}], "histogram2d": [{"type": "histogram2d", "colorbar": {"outlinewidth": 0, "ticks": ""}, "colorscale": [[0.0, "#0d0887"], [0.1111111111111111, "#46039f"], [0.2222222222222222, "#7201a8"], [0.3333333333333333, "#9c179e"], [0.4444444444444444, "#bd3786"], [0.5555555555555556, "#d8576b"], [0.6666666666666666, "#ed7953"], [0.7777777777777778, "#fb9f3a"], [0.8888888888888888, "#fdca26"], [1.0, "#f0f921"]]}], "heatmap": [{"type": "heatmap", "colorbar": {"outlinewidth": 0, "ticks": ""}, "colorscale": [[0.0, "#0d0887"], [0.1111111111111111, "#46039f"], [0.2222222222222222, "#7201a8"], [0.3333333333333333, "#9c179e"], [0.4444444444444444, "#bd3786"], [0.5555555555555556, "#d8576b"], [0.6666666666666666, "#ed7953"], [0.7777777777777778, "#fb9f3a"], [0.8888888888888888, "#fdca26"], [1.0, "#f0f921"]]}], "heatmapgl": [{"type": "heatmapgl", "colorbar": {"outlinewidth": 0, "ticks": ""}, "colorscale": [[0.0, "#0d0887"], [0.1111111111111111, "#46039f"], [0.2222222222222222, "#7201a8"], [0.3333333333333333, "#9c179e"], [0.4444444444444444, "#bd3786"], [0.5555555555555556, "#d8576b"], [0.6666666666666666, "#ed7953"], [0.7777777777777778, "#fb9f3a"], [0.8888888888888888, "#fdca26"], [1.0, "#f0f921"]]}], "contourcarpet": [{"type": "contourcarpet", "colorbar": {"outlinewidth": 0, "ticks": ""}}], "contour": [{"type": "contour", "colorbar": {"outlinewidth": 0, "ticks": ""}, "colorscale": [[0.0, "#0d0887"], [0.1111111111111111, "#46039f"], [0.2222222222222222, "#7201a8"], [0.3333333333333333, "#9c179e"], [0.4444444444444444, "#bd3786"], [0.5555555555555556, "#d8576b"], [0.6666666666666666, "#ed7953"], [0.7777777777777778, "#fb9f3a"], [0.8888888888888888, "#fdca26"], [1.0, "#f0f921"]]}], "surface": [{"type": "surface", "colorbar": {"outlinewidth": 0, "ticks": ""}, "colorscale": [[0.0, "#0d0887"], [0.1111111111111111, "#46039f"], [0.2222222222222222, "#7201a8"], [0.3333333333333333, "#9c179e"], [0.4444444444444444, "#bd3786"], [0.5555555555555556, "#d8576b"], [0.6666666666666666, "#ed7953"], [0.7777777777777778, "#fb9f3a"], [0.8888888888888888, "#fdca26"], [1.0, "#f0f921"]]}], "mesh3d": [{"type": "mesh3d", "colorbar": {"outlinewidth": 0, "ticks": ""}}], "scatter": [{"fillpattern": {"fillmode": "overlay", "size": 10, "solidity": 0.2}, "type": "scatter"}], "parcoords": [{"type": "parcoords", "line": {"colorbar": {"outlinewidth": 0, "ticks": ""}}}], "scatterpolargl": [{"type": "scatterpolargl", "marker": {"colorbar": {"outlinewidth": 0, "ticks": ""}}}], "bar": [{"error_x": {"color": "#2a3f5f"}, "error_y": {"color": "#2a3f5f"}, "marker": {"line": {"color": "#E5ECF6", "width": 0.5}, "pattern": {"fillmode": "overlay", "size": 10, "solidity": 0.2}}, "type": "bar"}], "scattergeo": [{"type": "scattergeo", "marker": {"colorbar": {"outlinewidth": 0, "ticks": ""}}}], "scatterpolar": [{"type": "scatterpolar", "marker": {"colorbar": {"outlinewidth": 0, "ticks": ""}}}], "histogram": [{"marker": {"pattern": {"fillmode": "overlay", "size": 10, "solidity": 0.2}}, "type": "histogram"}], "scattergl": [{"type": "scattergl", "marker": {"colorbar": {"outlinewidth": 0, "ticks": ""}}}], "scatter3d": [{"type": "scatter3d", "line": {"colorbar": {"outlinewidth": 0, "ticks": ""}}, "marker": {"colorbar": {"outlinewidth": 0, "ticks": ""}}}], "scattermapbox": [{"type": "scattermapbox", "marker": {"colorbar": {"outlinewidth": 0, "ticks": ""}}}], "scatterternary": [{"type": "scatterternary", "marker": {"colorbar": {"outlinewidth": 0, "ticks": ""}}}], "scattercarpet": [{"type": "scattercarpet", "marker": {"colorbar": {"outlinewidth": 0, "ticks": ""}}}], "carpet": [{"aaxis": {"endlinecolor": "#2a3f5f", "gridcolor": "white", "linecolor": "white", "minorgridcolor": "white", "startlinecolor": "#2a3f5f"}, "baxis": {"endlinecolor": "#2a3f5f", "gridcolor": "white", "linecolor": "white", "minorgridcolor": "white", "startlinecolor": "#2a3f5f"}, "type": "carpet"}], "table": [{"cells": {"fill": {"color": "#EBF0F8"}, "line": {"color": "white"}}, "header": {"fill": {"color": "#C8D4E3"}, "line": {"color": "white"}}, "type": "table"}], "barpolar": [{"marker": {"line": {"color": "#E5ECF6", "width": 0.5}, "pattern": {"fillmode": "overlay", "size": 10, "solidity": 0.2}}, "type": "barpolar"}], "pie": [{"automargin": true, "type": "pie"}]}, "layout": {"autotypenumbers": "strict", "colorway": ["#636efa", "#EF553B", "#00cc96", "#ab63fa", "#FFA15A", "#19d3f3", "#FF6692", "#B6E880", "#FF97FF", "#FECB52"], "font": {"color": "#2a3f5f"}, "hovermode": "closest", "hoverlabel": {"align": "left"}, "paper_bgcolor": "white", "plot_bgcolor": "#E5ECF6", "polar": {"bgcolor": "#E5ECF6", "angularaxis": {"gridcolor": "white", "linecolor": "white", "ticks": ""}, "radialaxis": {"gridcolor": "white", "linecolor": "white", "ticks": ""}}, "ternary": {"bgcolor": "#E5ECF6", "aaxis": {"gridcolor": "white", "linecolor": "white", "ticks": ""}, "baxis": {"gridcolor": "white", "linecolor": "white", "ticks": ""}, "caxis": {"gridcolor": "white", "linecolor": "white", "ticks": ""}}, "coloraxis": {"colorbar": {"outlinewidth": 0, "ticks": ""}}, "colorscale": {"sequential": [[0.0, "#0d0887"], [0.1111111111111111, "#46039f"], [0.2222222222222222, "#7201a8"], [0.3333333333333333, "#9c179e"], [0.4444444444444444, "#bd3786"], [0.5555555555555556, "#d8576b"], [0.6666666666666666, "#ed7953"], [0.7777777777777778, "#fb9f3a"], [0.8888888888888888, "#fdca26"], [1.0, "#f0f921"]], "sequentialminus": [[0.0, "#0d0887"], [0.1111111111111111, "#46039f"], [0.2222222222222222, "#7201a8"], [0.3333333333333333, "#9c179e"], [0.4444444444444444, "#bd3786"], [0.5555555555555556, "#d8576b"], [0.6666666666666666, "#ed7953"], [0.7777777777777778, "#fb9f3a"], [0.8888888888888888, "#fdca26"], [1.0, "#f0f921"]], "diverging": [[0, "#8e0152"], [0.1, "#c51b7d"], [0.2, "#de77ae"], [0.3, "#f1b6da"], [0.4, "#fde0ef"], [0.5, "#f7f7f7"], [0.6, "#e6f5d0"], [0.7, "#b8e186"], [0.8, "#7fbc41"], [0.9, "#4d9221"], [1, "#276419"]]}, "xaxis": {"gridcolor": "white", "linecolor": "white", "ticks": "", "title": {"standoff": 15}, "zerolinecolor": "white", "automargin": true, "zerolinewidth": 2}, "yaxis": {"gridcolor": "white", "linecolor": "white", "ticks": "", "title": {"standoff": 15}, "zerolinecolor": "white", "automargin": true, "zerolinewidth": 2}, "scene": {"xaxis": {"backgroundcolor": "#E5ECF6", "gridcolor": "white", "linecolor": "white", "showbackground": true, "ticks": "", "zerolinecolor": "white", "gridwidth": 2}, "yaxis": {"backgroundcolor": "#E5ECF6", "gridcolor": "white", "linecolor": "white", "showbackground": true, "ticks": "", "zerolinecolor": "white", "gridwidth": 2}, "zaxis": {"backgroundcolor": "#E5ECF6", "gridcolor": "white", "linecolor": "white", "showbackground": true, "ticks": "", "zerolinecolor": "white", "gridwidth": 2}}, "shapedefaults": {"line": {"color": "#2a3f5f"}}, "annotationdefaults": {"arrowcolor": "#2a3f5f", "arrowhead": 0, "arrowwidth": 1}, "geo": {"bgcolor": "white", "landcolor": "#E5ECF6", "subunitcolor": "white", "showland": true, "showlakes": true, "lakecolor": "white"}, "title": {"x": 0.05}, "mapbox": {"style": "light"}}}}}