{"data": [{"z": [[27.963823318481445, 3.784440279006958, -6.219456672668457, -4.006431579589844, -3.365419387817383, -4.1474199295043945, 0.20025579631328583, 3.7737178802490234, 10.236329078674316, -2.235826015472412, 1.8991690874099731, -6.19933557510376, -0.08901485055685043, -1.620625615119934, -0.08962908387184143, -0.9330586791038513, 8.037801742553711, 6.110707759857178, -0.9772075414657593, -5.828825950622559, 6.545337677001953], [3.784440279006958, 8.955161094665527, -0.7152156233787537, -0.7848688960075378, -2.220564603805542, -3.208617687225342, -0.5087487697601318, -1.6113325357437134, 1.465518593788147, 1.4204009771347046, -0.7130659222602844, 3.4715654850006104, 0.031040027737617493, 0.4556030035018921, -2.101881742477417, 0.12645970284938812, 4.128498554229736, 1.6886019706726074, 1.9523804187774658, -2.6274988651275635, -0.2957419753074646], [-6.219456672668457, -0.7152156233787537, 32.664005279541016, -1.9148893356323242, 3.902149200439453, -4.1784281730651855, -2.031249523162842, -0.8295531868934631, -4.858774185180664, 1.2755730152130127, 2.7298269271850586, -4.848708152770996, 3.7969181537628174, -0.1168312206864357, 8.297767639160156, -7.173455715179443, -1.5182876586914062, 4.512186050415039, 0.676732063293457, 3.6955621242523193, 2.5613489151000977], [-4.006431579589844, -0.7848688960075378, -1.9148893356323242, 22.460222244262695, -1.3470847606658936, 1.4017750024795532, -1.4060378074645996, -2.251701831817627, 0.9043342471122742, 1.6671347618103027, -1.3688381910324097, -1.5289908647537231, -3.5378024578094482, 0.08742393553256989, -3.023090124130249, 1.9044452905654907, -3.485306739807129, -0.536351203918457, 5.6482343673706055, 0.847461462020874, 1.3614935874938965], [-3.365419387817383, -2.220564603805542, 3.902149200439453, -1.3470847606658936, 27.023174285888672, 2.2491369247436523, 1.7222633361816406, 0.7741830348968506, 1.0861355066299438, -2.690234899520874, 6.46089506149292, -4.039134502410889, 2.6988258361816406, -7.741520404815674, -3.1020543575286865, -4.847044467926025, -0.43361401557922363, -0.28288155794143677, 2.819976568222046, 6.015672206878662, -5.4349493980407715], [-4.1474199295043945, -3.208617687225342, -4.1784281730651855, 1.4017750024795532, 2.2491369247436523, 17.366426467895508, 0.6317265629768372, 1.7587497234344482, -2.7627525329589844, 4.545241832733154, 1.2363145351409912, 5.4176716804504395, 1.380544900894165, -4.480924606323242, 2.4897875785827637, -1.8986432552337646, -2.3288416862487793, -1.8780953884124756, 3.174239158630371, -0.9273549318313599, -2.271040201187134], [0.20025579631328583, -0.5087487697601318, -2.031249523162842, -1.4060378074645996, 1.7222633361816406, 0.6317265629768372, 26.24650764465332, 3.78083872795105, -7.410892963409424, -4.433223247528076, 4.250412464141846, -0.920264720916748, 3.8336281776428223, -1.2875831127166748, -1.6378148794174194, -0.8927251696586609, 2.3688833713531494, 2.452272415161133, -1.1282398700714111, -2.1017260551452637, -10.313812255859375], [3.7737178802490234, -1.6113325357437134, -0.8295531868934631, -2.251701831817627, 0.7741830348968506, 1.7587497234344482, 3.78083872795105, 28.466236114501953, 4.056114673614502, -9.5888671875, 3.730766534805298, 3.536036968231201, -3.299670457839966, 0.11068948358297348, -1.391482949256897, 2.377149820327759, -0.4990653991699219, -0.46288251876831055, -4.427402019500732, 0.008054494857788086, -3.877380132675171], [10.236329078674316, 1.465518593788147, -4.858774185180664, 0.9043342471122742, 1.0861355066299438, -2.7627525329589844, -7.410892963409424, 4.056114673614502, 30.032428741455078, -5.227316856384277, 0.7259742021560669, -6.684847831726074, 1.9606257677078247, 0.7928172945976257, -2.651845693588257, -0.09885190427303314, -1.6626193523406982, -4.804320335388184, 3.914313316345215, 1.3827027082443237, 1.048230767250061], [-2.235826015472412, 1.4204009771347046, 1.2755730152130127, 1.6671347618103027, -2.690234899520874, 4.545241832733154, -4.433223247528076, -9.5888671875, -5.227316856384277, 21.33650779724121, -1.420279622077942, 7.286849498748779, 1.2216825485229492, -1.3445576429367065, 0.5205867290496826, 0.07199594378471375, -1.6062474250793457, -2.2962965965270996, -3.3173301219940186, 4.585075378417969, 3.2040019035339355], [1.8991690874099731, -0.7130659222602844, 2.7298269271850586, -1.3688381910324097, 6.46089506149292, 1.2363145351409912, 4.250412464141846, 3.730766534805298, 0.7259742021560669, -1.420279622077942, 29.20478630065918, -3.2160394191741943, 8.632492065429688, 4.79301118850708, -2.8029510974884033, -0.46499019861221313, 4.970380783081055, 4.750303268432617, -9.178962707519531, -4.142977237701416, 1.2008111476898193], [-6.19933557510376, 3.4715654850006104, -4.848708152770996, -1.5289908647537231, -4.039134502410889, 5.4176716804504395, -0.920264720916748, 3.536036968231201, -6.684847831726074, 7.286849498748779, -3.2160394191741943, 21.121671676635742, -4.198215484619141, 2.46390438079834, 2.3762168884277344, 2.718919515609741, 1.3150768280029297, -7.508866310119629, -5.478470325469971, 1.6701369285583496, -1.2560838460922241], [-0.08901485055685043, 0.031040027737617493, 3.7969181537628174, -3.5378024578094482, 2.6988258361816406, 1.380544900894165, 3.8336281776428223, -3.299670457839966, 1.9606257677078247, 1.2216825485229492, 8.632492065429688, -4.198215484619141, 19.103992462158203, 2.3133323192596436, 1.276991367340088, 1.623534083366394, 1.5496411323547363, -3.2080578804016113, -1.7793231010437012, -3.923102855682373, -3.228787899017334], [-1.620625615119934, 0.4556030035018921, -0.1168312206864357, 0.08742393553256989, -7.741520404815674, -4.480924606323242, -1.2875831127166748, 0.11068948358297348, 0.7928172945976257, -1.3445576429367065, 4.79301118850708, 2.46390438079834, 2.3133323192596436, 19.986553192138672, -1.2544746398925781, 4.166341304779053, -1.7320106029510498, -8.747934341430664, -2.0171897411346436, -2.3659019470214844, 4.650494575500488], [-0.08962908387184143, -2.101881742477417, 8.297767639160156, -3.023090124130249, -3.1020543575286865, 2.4897875785827637, -1.6378148794174194, -1.391482949256897, -2.651845693588257, 0.5205867290496826, -2.8029510974884033, 2.3762168884277344, 1.276991367340088, -1.2544746398925781, 21.219406127929688, -1.4278067350387573, 0.5187547206878662, 0.2339341640472412, -5.1087965965271, 0.9207695126533508, -5.0656232833862305], [-0.9330586791038513, 0.12645970284938812, -7.173455715179443, 1.9044452905654907, -4.847044467926025, -1.8986432552337646, -0.8927251696586609, 2.377149820327759, -0.09885190427303314, 0.07199594378471375, -0.46499019861221313, 2.718919515609741, 1.623534083366394, 4.166341304779053, -1.4278067350387573, 16.091535568237305, 0.647453248500824, 3.1121327877044678, 2.413707733154297, -2.688676357269287, -1.623887062072754], [8.037801742553711, 4.128498554229736, -1.5182875394821167, -3.485307216644287, -0.4336142838001251, -2.3288414478302, 2.3688833713531494, -0.49906566739082336, -1.6626194715499878, -1.6062474250793457, 4.9703803062438965, 1.3150770664215088, 1.5496408939361572, -1.7320104837417603, 0.5187544226646423, 0.6474530696868896, 22.70083236694336, 12.185155868530273, -1.9663341045379639, -4.527639865875244, 3.816312789916992], [6.110707759857178, 1.688602089881897, 4.512186050415039, -0.5363500118255615, -0.28288164734840393, -1.878095269203186, 2.4522721767425537, -0.46288275718688965, -4.804320335388184, -2.2962963581085205, 4.750302791595459, -7.508866310119629, -3.2080581188201904, -8.747933387756348, 0.2339344173669815, 3.112133502960205, 12.185155868530273, 32.27903747558594, 2.7165699005126953, -2.095306396484375, -1.3904846906661987], [-0.9772074818611145, 1.9523805379867554, 0.676732063293457, 5.648233413696289, 2.819976568222046, 3.1742396354675293, -1.1282403469085693, -4.427401542663574, 3.914313554763794, -3.3173298835754395, -9.178962707519531, -5.478471279144287, -1.7793234586715698, -2.0171897411346436, -5.108796119689941, 2.413707971572876, -1.9663341045379639, 2.7165699005126953, 26.3958740234375, -3.700443983078003, -3.4730069637298584], [-5.828827381134033, -2.6274983882904053, 3.6955621242523193, 0.847461462020874, 6.015672206878662, -0.927355170249939, -2.101726531982422, 0.008054191246628761, 1.3827027082443237, 4.585076808929443, -4.142976760864258, 1.6701372861862183, -3.9231033325195312, -2.3659021854400635, 0.9207696318626404, -2.688676595687866, -4.527639865875244, -2.095306396484375, -3.700443983078003, 26.937911987304688, -0.6717339158058167], [6.545337677001953, -0.2957417964935303, 2.5613489151000977, 1.3614935874938965, -5.43494987487793, -2.271040201187134, -10.313810348510742, -3.877380132675171, 1.0482301712036133, 3.2040023803710938, 1.200810432434082, -1.2560837268829346, -3.228787660598755, 4.650494575500488, -5.065622806549072, -1.6238865852355957, 3.816311836242676, -1.3904845714569092, -3.4730067253112793, -0.6717338562011719, 25.940195083618164]], "type": "heatmap"}], "layout": {"template": {"data": {"histogram2dcontour": [{"type": "histogram2dcontour", "colorbar": {"outlinewidth": 0, "ticks": ""}, "colorscale": [[0.0, "#0d0887"], [0.1111111111111111, "#46039f"], [0.2222222222222222, "#7201a8"], [0.3333333333333333, "#9c179e"], [0.4444444444444444, "#bd3786"], [0.5555555555555556, "#d8576b"], [0.6666666666666666, "#ed7953"], [0.7777777777777778, "#fb9f3a"], [0.8888888888888888, "#fdca26"], [1.0, "#f0f921"]]}], "choropleth": [{"type": "choropleth", "colorbar": {"outlinewidth": 0, "ticks": ""}}], "histogram2d": [{"type": "histogram2d", "colorbar": {"outlinewidth": 0, "ticks": ""}, "colorscale": [[0.0, "#0d0887"], [0.1111111111111111, "#46039f"], [0.2222222222222222, "#7201a8"], [0.3333333333333333, "#9c179e"], [0.4444444444444444, "#bd3786"], [0.5555555555555556, "#d8576b"], [0.6666666666666666, "#ed7953"], [0.7777777777777778, "#fb9f3a"], [0.8888888888888888, "#fdca26"], [1.0, "#f0f921"]]}], "heatmap": [{"type": "heatmap", "colorbar": {"outlinewidth": 0, "ticks": ""}, "colorscale": [[0.0, "#0d0887"], [0.1111111111111111, "#46039f"], [0.2222222222222222, "#7201a8"], [0.3333333333333333, "#9c179e"], [0.4444444444444444, "#bd3786"], [0.5555555555555556, "#d8576b"], [0.6666666666666666, "#ed7953"], [0.7777777777777778, "#fb9f3a"], [0.8888888888888888, "#fdca26"], [1.0, "#f0f921"]]}], "heatmapgl": [{"type": "heatmapgl", "colorbar": {"outlinewidth": 0, "ticks": ""}, "colorscale": [[0.0, "#0d0887"], [0.1111111111111111, "#46039f"], [0.2222222222222222, "#7201a8"], [0.3333333333333333, "#9c179e"], [0.4444444444444444, "#bd3786"], [0.5555555555555556, "#d8576b"], [0.6666666666666666, "#ed7953"], [0.7777777777777778, "#fb9f3a"], [0.8888888888888888, "#fdca26"], [1.0, "#f0f921"]]}], "contourcarpet": [{"type": "contourcarpet", "colorbar": {"outlinewidth": 0, "ticks": ""}}], "contour": [{"type": "contour", "colorbar": {"outlinewidth": 0, "ticks": ""}, "colorscale": [[0.0, "#0d0887"], [0.1111111111111111, "#46039f"], [0.2222222222222222, "#7201a8"], [0.3333333333333333, "#9c179e"], [0.4444444444444444, "#bd3786"], [0.5555555555555556, "#d8576b"], [0.6666666666666666, "#ed7953"], [0.7777777777777778, "#fb9f3a"], [0.8888888888888888, "#fdca26"], [1.0, "#f0f921"]]}], "surface": [{"type": "surface", "colorbar": {"outlinewidth": 0, "ticks": ""}, "colorscale": [[0.0, "#0d0887"], [0.1111111111111111, "#46039f"], [0.2222222222222222, "#7201a8"], [0.3333333333333333, "#9c179e"], [0.4444444444444444, "#bd3786"], [0.5555555555555556, "#d8576b"], [0.6666666666666666, "#ed7953"], [0.7777777777777778, "#fb9f3a"], [0.8888888888888888, "#fdca26"], [1.0, "#f0f921"]]}], "mesh3d": [{"type": "mesh3d", "colorbar": {"outlinewidth": 0, "ticks": ""}}], "scatter": [{"fillpattern": {"fillmode": "overlay", "size": 10, "solidity": 0.2}, "type": "scatter"}], "parcoords": [{"type": "parcoords", "line": {"colorbar": {"outlinewidth": 0, "ticks": ""}}}], "scatterpolargl": [{"type": "scatterpolargl", "marker": {"colorbar": {"outlinewidth": 0, "ticks": ""}}}], "bar": [{"error_x": {"color": "#2a3f5f"}, "error_y": {"color": "#2a3f5f"}, "marker": {"line": {"color": "#E5ECF6", "width": 0.5}, "pattern": {"fillmode": "overlay", "size": 10, "solidity": 0.2}}, "type": "bar"}], "scattergeo": [{"type": "scattergeo", "marker": {"colorbar": {"outlinewidth": 0, "ticks": ""}}}], "scatterpolar": [{"type": "scatterpolar", "marker": {"colorbar": {"outlinewidth": 0, "ticks": ""}}}], "histogram": [{"marker": {"pattern": {"fillmode": "overlay", "size": 10, "solidity": 0.2}}, "type": "histogram"}], "scattergl": [{"type": "scattergl", "marker": {"colorbar": {"outlinewidth": 0, "ticks": ""}}}], "scatter3d": [{"type": "scatter3d", "line": {"colorbar": {"outlinewidth": 0, "ticks": ""}}, "marker": {"colorbar": {"outlinewidth": 0, "ticks": ""}}}], "scattermapbox": [{"type": "scattermapbox", "marker": {"colorbar": {"outlinewidth": 0, "ticks": ""}}}], "scatterternary": [{"type": "scatterternary", "marker": {"colorbar": {"outlinewidth": 0, "ticks": ""}}}], "scattercarpet": [{"type": "scattercarpet", "marker": {"colorbar": {"outlinewidth": 0, "ticks": ""}}}], "carpet": [{"aaxis": {"endlinecolor": "#2a3f5f", "gridcolor": "white", "linecolor": "white", "minorgridcolor": "white", "startlinecolor": "#2a3f5f"}, "baxis": {"endlinecolor": "#2a3f5f", "gridcolor": "white", "linecolor": "white", "minorgridcolor": "white", "startlinecolor": "#2a3f5f"}, "type": "carpet"}], "table": [{"cells": {"fill": {"color": "#EBF0F8"}, "line": {"color": "white"}}, "header": {"fill": {"color": "#C8D4E3"}, "line": {"color": "white"}}, "type": "table"}], "barpolar": [{"marker": {"line": {"color": "#E5ECF6", "width": 0.5}, "pattern": {"fillmode": "overlay", "size": 10, "solidity": 0.2}}, "type": "barpolar"}], "pie": [{"automargin": true, "type": "pie"}]}, "layout": {"autotypenumbers": "strict", "colorway": ["#636efa", "#EF553B", "#00cc96", "#ab63fa", "#FFA15A", "#19d3f3", "#FF6692", "#B6E880", "#FF97FF", "#FECB52"], "font": {"color": "#2a3f5f"}, "hovermode": "closest", "hoverlabel": {"align": "left"}, "paper_bgcolor": "white", "plot_bgcolor": "#E5ECF6", "polar": {"bgcolor": "#E5ECF6", "angularaxis": {"gridcolor": "white", "linecolor": "white", "ticks": ""}, "radialaxis": {"gridcolor": "white", "linecolor": "white", "ticks": ""}}, "ternary": {"bgcolor": "#E5ECF6", "aaxis": {"gridcolor": "white", "linecolor": "white", "ticks": ""}, "baxis": {"gridcolor": "white", "linecolor": "white", "ticks": ""}, "caxis": {"gridcolor": "white", "linecolor": "white", "ticks": ""}}, "coloraxis": {"colorbar": {"outlinewidth": 0, "ticks": ""}}, "colorscale": {"sequential": [[0.0, "#0d0887"], [0.1111111111111111, "#46039f"], [0.2222222222222222, "#7201a8"], [0.3333333333333333, "#9c179e"], [0.4444444444444444, "#bd3786"], [0.5555555555555556, "#d8576b"], [0.6666666666666666, "#ed7953"], [0.7777777777777778, "#fb9f3a"], [0.8888888888888888, "#fdca26"], [1.0, "#f0f921"]], "sequentialminus": [[0.0, "#0d0887"], [0.1111111111111111, "#46039f"], [0.2222222222222222, "#7201a8"], [0.3333333333333333, "#9c179e"], [0.4444444444444444, "#bd3786"], [0.5555555555555556, "#d8576b"], [0.6666666666666666, "#ed7953"], [0.7777777777777778, "#fb9f3a"], [0.8888888888888888, "#fdca26"], [1.0, "#f0f921"]], "diverging": [[0, "#8e0152"], [0.1, "#c51b7d"], [0.2, "#de77ae"], [0.3, "#f1b6da"], [0.4, "#fde0ef"], [0.5, "#f7f7f7"], [0.6, "#e6f5d0"], [0.7, "#b8e186"], [0.8, "#7fbc41"], [0.9, "#4d9221"], [1, "#276419"]]}, "xaxis": {"gridcolor": "white", "linecolor": "white", "ticks": "", "title": {"standoff": 15}, "zerolinecolor": "white", "automargin": true, "zerolinewidth": 2}, "yaxis": {"gridcolor": "white", "linecolor": "white", "ticks": "", "title": {"standoff": 15}, "zerolinecolor": "white", "automargin": true, "zerolinewidth": 2}, "scene": {"xaxis": {"backgroundcolor": "#E5ECF6", "gridcolor": "white", "linecolor": "white", "showbackground": true, "ticks": "", "zerolinecolor": "white", "gridwidth": 2}, "yaxis": {"backgroundcolor": "#E5ECF6", "gridcolor": "white", "linecolor": "white", "showbackground": true, "ticks": "", "zerolinecolor": "white", "gridwidth": 2}, "zaxis": {"backgroundcolor": "#E5ECF6", "gridcolor": "white", "linecolor": "white", "showbackground": true, "ticks": "", "zerolinecolor": "white", "gridwidth": 2}}, "shapedefaults": {"line": {"color": "#2a3f5f"}}, "annotationdefaults": {"arrowcolor": "#2a3f5f", "arrowhead": 0, "arrowwidth": 1}, "geo": {"bgcolor": "white", "landcolor": "#E5ECF6", "subunitcolor": "white", "showland": true, "showlakes": true, "lakecolor": "white"}, "title": {"x": 0.05}, "mapbox": {"style": "light"}}}}}