{"data": [{"z": [[32.55569839477539, 4.003015518188477, -6.869044780731201, -5.467919826507568, -4.026410102844238, -4.484119415283203, 0.4275824725627899, 4.979408264160156, 12.443660736083984, -3.471468210220337, 2.722635507583618, -7.391469955444336, -0.8833886384963989, -2.363952875137329, 0.06794115155935287, -2.7024776935577393, 9.773927688598633, 7.49297571182251, -1.6106879711151123, -7.483572006225586, 7.4094719886779785], [4.003015518188477, 10.474720001220703, -2.1040663719177246, -1.0010097026824951, -4.713014602661133, -4.0860676765441895, -1.2958003282546997, -2.3912172317504883, 1.8007349967956543, 1.5777485370635986, -2.0784361362457275, 4.6148834228515625, -1.5580600500106812, 0.7160124182701111, -3.0252552032470703, 0.3531557321548462, 3.870216131210327, 0.9563901424407959, 2.436779022216797, -3.5825061798095703, 0.2022785246372223], [-6.869044780731201, -2.1040663719177246, 36.8693733215332, -3.158519744873047, 4.942121982574463, -6.17203950881958, -0.5445974469184875, 0.10697513818740845, -5.064724922180176, 1.4916797876358032, 6.384177207946777, -7.855006694793701, 5.966066837310791, -1.4226425886154175, 9.26025390625, -9.29273509979248, -0.13575220108032227, 6.396847724914551, -0.22455745935440063, 3.2739450931549072, 2.759891986846924], [-5.467919826507568, -1.0010097026824951, -3.158519744873047, 24.887847900390625, -3.1174333095550537, 0.1502133011817932, -3.23746919631958, -2.161234140396118, 1.75313138961792, 1.4626137018203735, -2.122549057006836, -0.7226942181587219, -5.374550819396973, -0.05820995941758156, -3.8200700283050537, 2.545992136001587, -5.691096305847168, -2.767143964767456, 7.832312107086182, 1.0906779766082764, 1.188529372215271], [-4.026410102844238, -4.713014602661133, 4.942121982574463, -3.1174333095550537, 30.78506088256836, 0.9837732911109924, 3.2832984924316406, 0.11637043952941895, 0.444131076335907, -4.303926944732666, 6.690768241882324, -7.424246311187744, 3.2775933742523193, -9.997981071472168, -3.802678346633911, -6.998509407043457, -0.39599311351776123, 0.20712244510650635, 1.7196685075759888, 6.727778434753418, -5.628537654876709], [-4.484119415283203, -4.0860676765441895, -6.17203950881958, 0.1502133011817932, 0.9837732911109924, 17.6701717376709, 0.11352783441543579, 0.5749154686927795, -3.567976474761963, 4.939183235168457, 0.08143161982297897, 5.4693779945373535, 0.80512535572052, -5.687836170196533, 2.3074593544006348, -3.3524274826049805, -3.086883306503296, -3.0639309883117676, 2.488577127456665, -1.9300134181976318, -1.5549564361572266], [0.4275824725627899, -1.2958003282546997, -0.5445974469184875, -3.23746919631958, 3.2832984924316406, 0.11352783441543579, 29.364871978759766, 4.197843074798584, -8.84281063079834, -5.161143779754639, 6.492570400238037, -2.8614306449890137, 5.282999515533447, -2.2365939617156982, -1.4440609216690063, -2.3151910305023193, 3.8963499069213867, 4.488245010375977, -2.6805176734924316, -2.7842869758605957, -10.529326438903809], [4.979408264160156, -2.3912172317504883, 0.10697513818740845, -2.161234140396118, 0.11637043952941895, 0.5749154686927795, 4.197843074798584, 33.07975387573242, 6.844997882843018, -11.201394081115723, 6.672492504119873, 3.7875821590423584, -3.809290647506714, -0.3795037865638733, -0.3971782922744751, 1.962907314300537, 0.19591712951660156, 0.37853145599365234, -3.4530880451202393, -0.2409229278564453, -4.366628646850586], [12.443660736083984, 1.8007349967956543, -5.064724922180176, 1.75313138961792, 0.444131076335907, -3.567976474761963, -8.84281063079834, 6.844997882843018, 35.05536651611328, -5.8790974617004395, 2.9249484539031982, -6.736958026885986, 1.231571912765503, -0.29566261172294617, -2.7104694843292236, -0.9423427581787109, -1.6684792041778564, -5.6788458824157715, 5.272113800048828, 1.5222151279449463, 1.0617282390594482], [-3.471468210220337, 1.5777485370635986, 1.4916797876358032, 1.4626137018203735, -4.303926944732666, 4.939183235168457, -5.161143779754639, -11.201394081115723, -5.8790974617004395, 25.553224563598633, -0.5409858226776123, 9.332588195800781, 2.0348169803619385, -2.8142406940460205, 1.7521421909332275, 0.07283104211091995, -1.3411074876785278, -3.322543144226074, -2.7611141204833984, 5.810891151428223, 3.216956853866577], [2.722635507583618, -2.0784361362457275, 6.384177207946777, -2.122549057006836, 6.690768241882324, 0.08143161982297897, 6.492570400238037, 6.672492504119873, 2.9249484539031982, -0.5409858226776123, 34.729007720947266, -4.470052242279053, 11.375990867614746, 3.3123555183410645, -0.7291312217712402, -2.059900999069214, 7.45556640625, 6.905668258666992, -9.151481628417969, -4.867786884307861, 0.45058128237724304], [-7.391469955444336, 4.6148834228515625, -7.855006694793701, -0.7226942181587219, -7.424246311187744, 5.4693779945373535, -2.8614306449890137, 3.7875821590423584, -6.736958026885986, 9.332588195800781, -4.470052242279053, 25.78446388244629, -6.287482738494873, 3.501818895339966, 3.0476856231689453, 4.119684219360352, 0.2956278324127197, -10.552656173706055, -4.401511192321777, 1.629979133605957, -1.1016929149627686], [-0.8833886384963989, -1.5580600500106812, 5.966066837310791, -5.374550819396973, 3.2775933742523193, 0.80512535572052, 5.282999515533447, -3.809290647506714, 1.231571912765503, 2.0348169803619385, 11.375990867614746, -6.287482738494873, 22.322776794433594, 1.2341976165771484, 2.082897901535034, 0.38939714431762695, 2.142037868499756, -2.845715045928955, -3.7093095779418945, -4.657236099243164, -3.4215269088745117], [-2.363952875137329, 0.7160124182701111, -1.4226425886154175, -0.05820995941758156, -9.997981071472168, -5.687836170196533, -2.2365939617156982, -0.3795037865638733, -0.29566261172294617, -2.8142406940460205, 3.3123555183410645, 3.501818895339966, 1.2341976165771484, 22.340267181396484, -1.8166394233703613, 4.3372673988342285, -3.6574807167053223, -11.51352596282959, -2.3625078201293945, -3.874502658843994, 5.157327175140381], [0.06794115155935287, -3.0252552032470703, 9.26025390625, -3.8200700283050537, -3.802678346633911, 2.3074593544006348, -1.4440609216690063, -0.3971782922744751, -2.7104694843292236, 1.7521421909332275, -0.7291312217712402, 3.0476856231689453, 2.082897901535034, -1.8166394233703613, 24.318603515625, -2.1752305030822754, 1.1862306594848633, -0.010352134704589844, -6.241342544555664, 0.9064193964004517, -5.194873332977295], [-2.7024776935577393, 0.3531557321548462, -9.29273509979248, 2.545992136001587, -6.998509407043457, -3.3524274826049805, -2.3151910305023193, 1.962907314300537, -0.9423427581787109, 0.07283104211091995, -2.059900999069214, 4.119684219360352, 0.38939714431762695, 4.3372673988342285, -2.1752305030822754, 18.074115753173828, -0.8916898369789124, 1.070368766784668, 4.110386848449707, -2.523876428604126, -1.9018008708953857], [9.773927688598633, 3.8702163696289062, -0.1357523500919342, -5.691094398498535, -0.39599311351776123, -3.086883544921875, 3.896350145339966, 0.1959172636270523, -1.6684788465499878, -1.341106653213501, 7.455565929412842, 0.2956278622150421, 2.1420376300811768, -3.6574807167053223, 1.1862304210662842, -0.8916897177696228, 26.497901916503906, 15.6475191116333, -2.3306729793548584, -5.847095966339111, 3.972437620162964], [7.492975234985352, 0.9563899040222168, 6.396848201751709, -2.767143726348877, 0.20712220668792725, -3.0639309883117676, 4.488244533538818, 0.37853264808654785, -5.67884635925293, -3.322543144226074, 6.905667781829834, -10.552656173706055, -2.845714807510376, -11.51352596282959, -0.010351846925914288, 1.0703688859939575, 15.6475191116333, 37.68611145019531, 2.2108893394470215, -3.0476222038269043, -0.9725525379180908], [-1.6106882095336914, 2.436779260635376, -0.2245577722787857, 7.832311630249023, 1.7196686267852783, 2.488577365875244, -2.68051815032959, -3.4530889987945557, 5.272113800048828, -2.7611138820648193, -9.151481628417969, -4.401510238647461, -3.7093093395233154, -2.36250901222229, -6.241343975067139, 4.110387802124023, -2.3306729793548584, 2.2108893394470215, 30.99742317199707, -2.9792885780334473, -3.751315116882324], [-7.483570575714111, -3.582505702972412, 3.273944854736328, 1.090678095817566, 6.72777795791626, -1.9300131797790527, -2.7842869758605957, -0.24092261493206024, 1.5222158432006836, 5.8108906745910645, -4.867786884307861, 1.6299798488616943, -4.657236099243164, -3.8745014667510986, 0.9064190983772278, -2.5238759517669678, -5.847095966339111, -3.0476222038269043, -2.9792885780334473, 30.82907485961914, -0.9647448062896729], [7.40947151184082, 0.20227861404418945, 2.759891986846924, 1.1885294914245605, -5.628536701202393, -1.5549569129943848, -10.529327392578125, -4.366628170013428, 1.0617280006408691, 3.216956615447998, 0.45058131217956543, -1.1016929149627686, -3.4215269088745117, 5.157327175140381, -5.194872856140137, -1.9018006324768066, 3.9724373817443848, -0.9725520610809326, -3.7513155937194824, -0.9647446870803833, 25.940195083618164]], "type": "heatmap"}], "layout": {"template": {"data": {"histogram2dcontour": [{"type": "histogram2dcontour", "colorbar": {"outlinewidth": 0, "ticks": ""}, "colorscale": [[0.0, "#0d0887"], [0.1111111111111111, "#46039f"], [0.2222222222222222, "#7201a8"], [0.3333333333333333, "#9c179e"], [0.4444444444444444, "#bd3786"], [0.5555555555555556, "#d8576b"], [0.6666666666666666, "#ed7953"], [0.7777777777777778, "#fb9f3a"], [0.8888888888888888, "#fdca26"], [1.0, "#f0f921"]]}], "choropleth": [{"type": "choropleth", "colorbar": {"outlinewidth": 0, "ticks": ""}}], "histogram2d": [{"type": "histogram2d", "colorbar": {"outlinewidth": 0, "ticks": ""}, "colorscale": [[0.0, "#0d0887"], [0.1111111111111111, "#46039f"], [0.2222222222222222, "#7201a8"], [0.3333333333333333, "#9c179e"], [0.4444444444444444, "#bd3786"], [0.5555555555555556, "#d8576b"], [0.6666666666666666, "#ed7953"], [0.7777777777777778, "#fb9f3a"], [0.8888888888888888, "#fdca26"], [1.0, "#f0f921"]]}], "heatmap": [{"type": "heatmap", "colorbar": {"outlinewidth": 0, "ticks": ""}, "colorscale": [[0.0, "#0d0887"], [0.1111111111111111, "#46039f"], [0.2222222222222222, "#7201a8"], [0.3333333333333333, "#9c179e"], [0.4444444444444444, "#bd3786"], [0.5555555555555556, "#d8576b"], [0.6666666666666666, "#ed7953"], [0.7777777777777778, "#fb9f3a"], [0.8888888888888888, "#fdca26"], [1.0, "#f0f921"]]}], "heatmapgl": [{"type": "heatmapgl", "colorbar": {"outlinewidth": 0, "ticks": ""}, "colorscale": [[0.0, "#0d0887"], [0.1111111111111111, "#46039f"], [0.2222222222222222, "#7201a8"], [0.3333333333333333, "#9c179e"], [0.4444444444444444, "#bd3786"], [0.5555555555555556, "#d8576b"], [0.6666666666666666, "#ed7953"], [0.7777777777777778, "#fb9f3a"], [0.8888888888888888, "#fdca26"], [1.0, "#f0f921"]]}], "contourcarpet": [{"type": "contourcarpet", "colorbar": {"outlinewidth": 0, "ticks": ""}}], "contour": [{"type": "contour", "colorbar": {"outlinewidth": 0, "ticks": ""}, "colorscale": [[0.0, "#0d0887"], [0.1111111111111111, "#46039f"], [0.2222222222222222, "#7201a8"], [0.3333333333333333, "#9c179e"], [0.4444444444444444, "#bd3786"], [0.5555555555555556, "#d8576b"], [0.6666666666666666, "#ed7953"], [0.7777777777777778, "#fb9f3a"], [0.8888888888888888, "#fdca26"], [1.0, "#f0f921"]]}], "surface": [{"type": "surface", "colorbar": {"outlinewidth": 0, "ticks": ""}, "colorscale": [[0.0, "#0d0887"], [0.1111111111111111, "#46039f"], [0.2222222222222222, "#7201a8"], [0.3333333333333333, "#9c179e"], [0.4444444444444444, "#bd3786"], [0.5555555555555556, "#d8576b"], [0.6666666666666666, "#ed7953"], [0.7777777777777778, "#fb9f3a"], [0.8888888888888888, "#fdca26"], [1.0, "#f0f921"]]}], "mesh3d": [{"type": "mesh3d", "colorbar": {"outlinewidth": 0, "ticks": ""}}], "scatter": [{"fillpattern": {"fillmode": "overlay", "size": 10, "solidity": 0.2}, "type": "scatter"}], "parcoords": [{"type": "parcoords", "line": {"colorbar": {"outlinewidth": 0, "ticks": ""}}}], "scatterpolargl": [{"type": "scatterpolargl", "marker": {"colorbar": {"outlinewidth": 0, "ticks": ""}}}], "bar": [{"error_x": {"color": "#2a3f5f"}, "error_y": {"color": "#2a3f5f"}, "marker": {"line": {"color": "#E5ECF6", "width": 0.5}, "pattern": {"fillmode": "overlay", "size": 10, "solidity": 0.2}}, "type": "bar"}], "scattergeo": [{"type": "scattergeo", "marker": {"colorbar": {"outlinewidth": 0, "ticks": ""}}}], "scatterpolar": [{"type": "scatterpolar", "marker": {"colorbar": {"outlinewidth": 0, "ticks": ""}}}], "histogram": [{"marker": {"pattern": {"fillmode": "overlay", "size": 10, "solidity": 0.2}}, "type": "histogram"}], "scattergl": [{"type": "scattergl", "marker": {"colorbar": {"outlinewidth": 0, "ticks": ""}}}], "scatter3d": [{"type": "scatter3d", "line": {"colorbar": {"outlinewidth": 0, "ticks": ""}}, "marker": {"colorbar": {"outlinewidth": 0, "ticks": ""}}}], "scattermapbox": [{"type": "scattermapbox", "marker": {"colorbar": {"outlinewidth": 0, "ticks": ""}}}], "scatterternary": [{"type": "scatterternary", "marker": {"colorbar": {"outlinewidth": 0, "ticks": ""}}}], "scattercarpet": [{"type": "scattercarpet", "marker": {"colorbar": {"outlinewidth": 0, "ticks": ""}}}], "carpet": [{"aaxis": {"endlinecolor": "#2a3f5f", "gridcolor": "white", "linecolor": "white", "minorgridcolor": "white", "startlinecolor": "#2a3f5f"}, "baxis": {"endlinecolor": "#2a3f5f", "gridcolor": "white", "linecolor": "white", "minorgridcolor": "white", "startlinecolor": "#2a3f5f"}, "type": "carpet"}], "table": [{"cells": {"fill": {"color": "#EBF0F8"}, "line": {"color": "white"}}, "header": {"fill": {"color": "#C8D4E3"}, "line": {"color": "white"}}, "type": "table"}], "barpolar": [{"marker": {"line": {"color": "#E5ECF6", "width": 0.5}, "pattern": {"fillmode": "overlay", "size": 10, "solidity": 0.2}}, "type": "barpolar"}], "pie": [{"automargin": true, "type": "pie"}]}, "layout": {"autotypenumbers": "strict", "colorway": ["#636efa", "#EF553B", "#00cc96", "#ab63fa", "#FFA15A", "#19d3f3", "#FF6692", "#B6E880", "#FF97FF", "#FECB52"], "font": {"color": "#2a3f5f"}, "hovermode": "closest", "hoverlabel": {"align": "left"}, "paper_bgcolor": "white", "plot_bgcolor": "#E5ECF6", "polar": {"bgcolor": "#E5ECF6", "angularaxis": {"gridcolor": "white", "linecolor": "white", "ticks": ""}, "radialaxis": {"gridcolor": "white", "linecolor": "white", "ticks": ""}}, "ternary": {"bgcolor": "#E5ECF6", "aaxis": {"gridcolor": "white", "linecolor": "white", "ticks": ""}, "baxis": {"gridcolor": "white", "linecolor": "white", "ticks": ""}, "caxis": {"gridcolor": "white", "linecolor": "white", "ticks": ""}}, "coloraxis": {"colorbar": {"outlinewidth": 0, "ticks": ""}}, "colorscale": {"sequential": [[0.0, "#0d0887"], [0.1111111111111111, "#46039f"], [0.2222222222222222, "#7201a8"], [0.3333333333333333, "#9c179e"], [0.4444444444444444, "#bd3786"], [0.5555555555555556, "#d8576b"], [0.6666666666666666, "#ed7953"], [0.7777777777777778, "#fb9f3a"], [0.8888888888888888, "#fdca26"], [1.0, "#f0f921"]], "sequentialminus": [[0.0, "#0d0887"], [0.1111111111111111, "#46039f"], [0.2222222222222222, "#7201a8"], [0.3333333333333333, "#9c179e"], [0.4444444444444444, "#bd3786"], [0.5555555555555556, "#d8576b"], [0.6666666666666666, "#ed7953"], [0.7777777777777778, "#fb9f3a"], [0.8888888888888888, "#fdca26"], [1.0, "#f0f921"]], "diverging": [[0, "#8e0152"], [0.1, "#c51b7d"], [0.2, "#de77ae"], [0.3, "#f1b6da"], [0.4, "#fde0ef"], [0.5, "#f7f7f7"], [0.6, "#e6f5d0"], [0.7, "#b8e186"], [0.8, "#7fbc41"], [0.9, "#4d9221"], [1, "#276419"]]}, "xaxis": {"gridcolor": "white", "linecolor": "white", "ticks": "", "title": {"standoff": 15}, "zerolinecolor": "white", "automargin": true, "zerolinewidth": 2}, "yaxis": {"gridcolor": "white", "linecolor": "white", "ticks": "", "title": {"standoff": 15}, "zerolinecolor": "white", "automargin": true, "zerolinewidth": 2}, "scene": {"xaxis": {"backgroundcolor": "#E5ECF6", "gridcolor": "white", "linecolor": "white", "showbackground": true, "ticks": "", "zerolinecolor": "white", "gridwidth": 2}, "yaxis": {"backgroundcolor": "#E5ECF6", "gridcolor": "white", "linecolor": "white", "showbackground": true, "ticks": "", "zerolinecolor": "white", "gridwidth": 2}, "zaxis": {"backgroundcolor": "#E5ECF6", "gridcolor": "white", "linecolor": "white", "showbackground": true, "ticks": "", "zerolinecolor": "white", "gridwidth": 2}}, "shapedefaults": {"line": {"color": "#2a3f5f"}}, "annotationdefaults": {"arrowcolor": "#2a3f5f", "arrowhead": 0, "arrowwidth": 1}, "geo": {"bgcolor": "white", "landcolor": "#E5ECF6", "subunitcolor": "white", "showland": true, "showlakes": true, "lakecolor": "white"}, "title": {"x": 0.05}, "mapbox": {"style": "light"}}}}}