{"data": [{"z": [[27.570663452148438, 3.7392001152038574, -6.121913909912109, -3.853102445602417, -3.2663040161132812, -4.115027904510498, 0.28069359064102173, 3.705481767654419, 10.129776000976562, -2.154524326324463, 1.8929171562194824, -5.997549057006836, 0.0782705619931221, -1.516571044921875, -0.059580326080322266, -0.8326185345649719, 7.94334602355957, 6.079033851623535, -0.9410520792007446, -5.754045009613037, 6.4448628425598145], [3.7392001152038574, 8.672863960266113, -0.6347272396087646, -0.7582746744155884, -2.1074728965759277, -3.081777811050415, -0.5009934306144714, -1.5125356912612915, 1.474657416343689, 1.3712786436080933, -0.7433074116706848, 3.404458522796631, 0.03998706489801407, 0.40090763568878174, -2.0504345893859863, 0.16705729067325592, 4.164289951324463, 1.6911957263946533, 1.9164314270019531, -2.532174825668335, -0.2451414167881012], [-6.121913909912109, -0.6347272396087646, 32.36064529418945, -1.8700839281082153, 3.8438942432403564, -3.976313352584839, -2.0264759063720703, -0.8322193622589111, -4.8398942947387695, 1.2848237752914429, 2.5811045169830322, -4.661799907684326, 3.7478585243225098, -0.06962541490793228, 8.288372993469238, -6.992529392242432, -1.5210211277008057, 4.485915660858154, 0.714631974697113, 3.7646570205688477, 2.533615827560425], [-3.853102445602417, -0.7582746744155884, -1.8700839281082153, 22.151487350463867, -1.2571132183074951, 1.4310071468353271, -1.362196683883667, -2.2098217010498047, 0.9351738095283508, 1.6888608932495117, -1.3857420682907104, -1.4938464164733887, -3.462716817855835, 0.15291783213615417, -2.914214611053467, 1.937804102897644, -3.3503599166870117, -0.4431912899017334, 5.578930854797363, 0.9048713445663452, 1.3931413888931274], [-3.2663040161132812, -2.1074728965759277, 3.8438942432403564, -1.2571132183074951, 26.620237350463867, 2.2591447830200195, 1.6811991930007935, 0.8482361435890198, 1.1157768964767456, -2.5615434646606445, 6.408990859985352, -3.821742296218872, 2.745979070663452, -7.508927822113037, -2.956238031387329, -4.742743968963623, -0.377810001373291, -0.16377156972885132, 2.8718109130859375, 5.909070014953613, -5.408668518066406], [-4.115027904510498, -3.081777811050415, -3.976313352584839, 1.4310071468353271, 2.2591447830200195, 17.11370277404785, 0.7170212268829346, 1.7645199298858643, -2.710158109664917, 4.558892726898193, 1.257736086845398, 5.384666442871094, 1.4225465059280396, -4.484502792358398, 2.4867465496063232, -1.7661449909210205, -2.2137506008148193, -1.8562275171279907, 3.125084638595581, -0.8314980268478394, -2.3171236515045166], [0.28069359064102173, -0.5009934306144714, -2.0264759063720703, -1.362196683883667, 1.6811991930007935, 0.7170212268829346, 25.869140625, 3.742483615875244, -7.2918524742126465, -4.343677520751953, 4.160502910614014, -0.8314883708953857, 3.83075213432312, -1.1726773977279663, -1.5988553762435913, -0.7762898206710815, 2.379206895828247, 2.4480514526367188, -1.0854029655456543, -2.0165247917175293, -10.24226188659668], [3.705481767654419, -1.5125356912612915, -0.8322193622589111, -2.2098217010498047, 0.8482361435890198, 1.7645199298858643, 3.742483615875244, 28.120058059692383, 3.938394069671631, -9.469529151916504, 3.6504321098327637, 3.556267738342285, -3.1729063987731934, 0.2658770680427551, -1.4055976867675781, 2.4423165321350098, -0.48099851608276367, -0.5016293525695801, -4.398081302642822, 0.005053043365478516, -3.8348512649536133], [10.129776000976562, 1.474657416343689, -4.8398942947387695, 0.9351738095283508, 1.1157768964767456, -2.710158109664917, -7.2918524742126465, 3.938394069671631, 29.70734405517578, -5.215129375457764, 0.6609282493591309, -6.620021343231201, 2.016364812850952, 0.9395462274551392, -2.617499589920044, 0.01919339969754219, -1.670973539352417, -4.716875076293945, 3.8768415451049805, 1.3851277828216553, 1.0586837530136108], [-2.154524326324463, 1.3712786436080933, 1.2848237752914429, 1.6888608932495117, -2.5615434646606445, 4.558892726898193, -4.343677520751953, -9.469529151916504, -5.215129375457764, 20.906213760375977, -1.456517219543457, 7.175464153289795, 1.165136694908142, -1.225175142288208, 0.40834587812423706, 0.03706492856144905, -1.6206918954849243, -2.223419666290283, -3.357391357421875, 4.455154895782471, 3.269737482070923], [1.8929171562194824, -0.7433074116706848, 2.5811045169830322, -1.3857420682907104, 6.408990859985352, 1.257736086845398, 4.160502910614014, 3.6504321098327637, 0.6609282493591309, -1.456517219543457, 28.881126403808594, -3.173104763031006, 8.514947891235352, 4.8430328369140625, -2.817415952682495, -0.4219379127025604, 4.838864803314209, 4.68867826461792, -9.12007999420166, -4.101551055908203, 1.2615574598312378], [-5.997549057006836, 3.404458522796631, -4.661799907684326, -1.4938464164733887, -3.821742296218872, 5.384666442871094, -0.8314883708953857, 3.556267738342285, -6.620021343231201, 7.175464153289795, -3.173104763031006, 20.737083435058594, -4.068057060241699, 2.4188475608825684, 2.285707950592041, 2.708033561706543, 1.3132152557373047, -7.320072174072266, -5.512773513793945, 1.7805595397949219, -1.2593955993652344], [0.0782705619931221, 0.03998706489801407, 3.7478585243225098, -3.462716817855835, 2.745979070663452, 1.4225465059280396, 3.83075213432312, -3.1729063987731934, 2.016364812850952, 1.165136694908142, 8.514947891235352, -4.068057060241699, 18.77224349975586, 2.409731149673462, 1.2958004474639893, 1.6401458978652954, 1.5541369915008545, -3.0723447799682617, -1.6995445489883423, -3.811919689178467, -3.189603328704834], [-1.516571044921875, 0.40090763568878174, -0.06962541490793228, 0.15291783213615417, -7.508927822113037, -4.484502792358398, -1.1726773977279663, 0.2658770680427551, 0.9395462274551392, -1.225175142288208, 4.8430328369140625, 2.4188475608825684, 2.409731149673462, 19.690841674804688, -1.1530091762542725, 4.144489288330078, -1.653483271598816, -8.576045036315918, -1.9847264289855957, -2.196800708770752, 4.5304036140441895], [-0.059580326080322266, -2.0504345893859863, 8.288372993469238, -2.914214611053467, -2.956238031387329, 2.4867465496063232, -1.5988553762435913, -1.4055976867675781, -2.617499589920044, 0.40834587812423706, -2.817415952682495, 2.285707950592041, 1.2958004474639893, -1.1530091762542725, 20.816909790039062, -1.423034429550171, 0.4916989803314209, 0.3507404327392578, -5.03804874420166, 0.9249719977378845, -5.010861396789551], [-0.8326185345649719, 0.16705729067325592, -6.992529392242432, 1.937804102897644, -4.742743968963623, -1.7661449909210205, -0.7762898206710815, 2.4423165321350098, 0.01919339969754219, 0.03706492856144905, -0.4219379127025604, 2.708033561706543, 1.6401458978652954, 4.144489288330078, -1.423034429550171, 15.897781372070312, 0.7347937226295471, 3.168058395385742, 2.347172260284424, -2.5674619674682617, -1.5879582166671753], [7.943347454071045, 4.164289951324463, -1.5210212469100952, -3.3503599166870117, -0.3778100609779358, -2.2137508392333984, 2.379207134246826, -0.4809984266757965, -1.6709730625152588, -1.6206914186477661, 4.838864803314209, 1.313215732574463, 1.5541369915008545, -1.6534831523895264, 0.49169906973838806, 0.7347936034202576, 22.357786178588867, 12.039936065673828, -1.889632225036621, -4.464894771575928, 3.8041272163391113], [6.079033374786377, 1.6911957263946533, 4.485915184020996, -0.4431910812854767, -0.1637711524963379, -1.8562277555465698, 2.4480512142181396, -0.5016289353370667, -4.716875076293945, -2.223419666290283, 4.688678741455078, -7.320071697235107, -3.072345018386841, -8.576045989990234, 0.35074013471603394, 3.168058156967163, 12.039936065673828, 31.837989807128906, 2.7547264099121094, -2.0621399879455566, -1.4505711793899536], [-0.9410519003868103, 1.9164317846298218, 0.7146322131156921, 5.578929901123047, 2.8718113899230957, 3.125084638595581, -1.0854030847549438, -4.398081302642822, 3.8768413066864014, -3.3573927879333496, -9.120080947875977, -5.512774467468262, -1.6995446681976318, -1.9847266674041748, -5.038049697875977, 2.347172498703003, -1.889632225036621, 2.7547264099121094, 26.12310028076172, -3.6897950172424316, -3.416823387145996], [-5.754045486450195, -2.532174825668335, 3.7646570205688477, 0.9048716425895691, 5.9090704917907715, -0.8314979076385498, -2.0165250301361084, 0.005052544176578522, 1.3851275444030762, 4.4551544189453125, -4.101550579071045, 1.7805603742599487, -3.811919689178467, -2.196800708770752, 0.9249720573425293, -2.5674612522125244, -4.464894771575928, -2.0621399879455566, -3.6897950172424316, 26.45564079284668, -0.6579555869102478], [6.444864273071289, -0.24514150619506836, 2.533616065979004, 1.393141269683838, -5.408668518066406, -2.3171236515045166, -10.242260932922363, -3.834850788116455, 1.058682918548584, 3.269737720489502, 1.2615571022033691, -1.2593953609466553, -3.189603090286255, 4.5304036140441895, -5.010860919952393, -1.5879583358764648, 3.8041272163391113, -1.4505717754364014, -3.4168238639831543, -0.6579556465148926, 25.940195083618164]], "type": "heatmap"}], "layout": {"template": {"data": {"histogram2dcontour": [{"type": "histogram2dcontour", "colorbar": {"outlinewidth": 0, "ticks": ""}, "colorscale": [[0.0, "#0d0887"], [0.1111111111111111, "#46039f"], [0.2222222222222222, "#7201a8"], [0.3333333333333333, "#9c179e"], [0.4444444444444444, "#bd3786"], [0.5555555555555556, "#d8576b"], [0.6666666666666666, "#ed7953"], [0.7777777777777778, "#fb9f3a"], [0.8888888888888888, "#fdca26"], [1.0, "#f0f921"]]}], "choropleth": [{"type": "choropleth", "colorbar": {"outlinewidth": 0, "ticks": ""}}], "histogram2d": [{"type": "histogram2d", "colorbar": {"outlinewidth": 0, "ticks": ""}, "colorscale": [[0.0, "#0d0887"], [0.1111111111111111, "#46039f"], [0.2222222222222222, "#7201a8"], [0.3333333333333333, "#9c179e"], [0.4444444444444444, "#bd3786"], [0.5555555555555556, "#d8576b"], [0.6666666666666666, "#ed7953"], [0.7777777777777778, "#fb9f3a"], [0.8888888888888888, "#fdca26"], [1.0, "#f0f921"]]}], "heatmap": [{"type": "heatmap", "colorbar": {"outlinewidth": 0, "ticks": ""}, "colorscale": [[0.0, "#0d0887"], [0.1111111111111111, "#46039f"], [0.2222222222222222, "#7201a8"], [0.3333333333333333, "#9c179e"], [0.4444444444444444, "#bd3786"], [0.5555555555555556, "#d8576b"], [0.6666666666666666, "#ed7953"], [0.7777777777777778, "#fb9f3a"], [0.8888888888888888, "#fdca26"], [1.0, "#f0f921"]]}], "heatmapgl": [{"type": "heatmapgl", "colorbar": {"outlinewidth": 0, "ticks": ""}, "colorscale": [[0.0, "#0d0887"], [0.1111111111111111, "#46039f"], [0.2222222222222222, "#7201a8"], [0.3333333333333333, "#9c179e"], [0.4444444444444444, "#bd3786"], [0.5555555555555556, "#d8576b"], [0.6666666666666666, "#ed7953"], [0.7777777777777778, "#fb9f3a"], [0.8888888888888888, "#fdca26"], [1.0, "#f0f921"]]}], "contourcarpet": [{"type": "contourcarpet", "colorbar": {"outlinewidth": 0, "ticks": ""}}], "contour": [{"type": "contour", "colorbar": {"outlinewidth": 0, "ticks": ""}, "colorscale": [[0.0, "#0d0887"], [0.1111111111111111, "#46039f"], [0.2222222222222222, "#7201a8"], [0.3333333333333333, "#9c179e"], [0.4444444444444444, "#bd3786"], [0.5555555555555556, "#d8576b"], [0.6666666666666666, "#ed7953"], [0.7777777777777778, "#fb9f3a"], [0.8888888888888888, "#fdca26"], [1.0, "#f0f921"]]}], "surface": [{"type": "surface", "colorbar": {"outlinewidth": 0, "ticks": ""}, "colorscale": [[0.0, "#0d0887"], [0.1111111111111111, "#46039f"], [0.2222222222222222, "#7201a8"], [0.3333333333333333, "#9c179e"], [0.4444444444444444, "#bd3786"], [0.5555555555555556, "#d8576b"], [0.6666666666666666, "#ed7953"], [0.7777777777777778, "#fb9f3a"], [0.8888888888888888, "#fdca26"], [1.0, "#f0f921"]]}], "mesh3d": [{"type": "mesh3d", "colorbar": {"outlinewidth": 0, "ticks": ""}}], "scatter": [{"fillpattern": {"fillmode": "overlay", "size": 10, "solidity": 0.2}, "type": "scatter"}], "parcoords": [{"type": "parcoords", "line": {"colorbar": {"outlinewidth": 0, "ticks": ""}}}], "scatterpolargl": [{"type": "scatterpolargl", "marker": {"colorbar": {"outlinewidth": 0, "ticks": ""}}}], "bar": [{"error_x": {"color": "#2a3f5f"}, "error_y": {"color": "#2a3f5f"}, "marker": {"line": {"color": "#E5ECF6", "width": 0.5}, "pattern": {"fillmode": "overlay", "size": 10, "solidity": 0.2}}, "type": "bar"}], "scattergeo": [{"type": "scattergeo", "marker": {"colorbar": {"outlinewidth": 0, "ticks": ""}}}], "scatterpolar": [{"type": "scatterpolar", "marker": {"colorbar": {"outlinewidth": 0, "ticks": ""}}}], "histogram": [{"marker": {"pattern": {"fillmode": "overlay", "size": 10, "solidity": 0.2}}, "type": "histogram"}], "scattergl": [{"type": "scattergl", "marker": {"colorbar": {"outlinewidth": 0, "ticks": ""}}}], "scatter3d": [{"type": "scatter3d", "line": {"colorbar": {"outlinewidth": 0, "ticks": ""}}, "marker": {"colorbar": {"outlinewidth": 0, "ticks": ""}}}], "scattermapbox": [{"type": "scattermapbox", "marker": {"colorbar": {"outlinewidth": 0, "ticks": ""}}}], "scatterternary": [{"type": "scatterternary", "marker": {"colorbar": {"outlinewidth": 0, "ticks": ""}}}], "scattercarpet": [{"type": "scattercarpet", "marker": {"colorbar": {"outlinewidth": 0, "ticks": ""}}}], "carpet": [{"aaxis": {"endlinecolor": "#2a3f5f", "gridcolor": "white", "linecolor": "white", "minorgridcolor": "white", "startlinecolor": "#2a3f5f"}, "baxis": {"endlinecolor": "#2a3f5f", "gridcolor": "white", "linecolor": "white", "minorgridcolor": "white", "startlinecolor": "#2a3f5f"}, "type": "carpet"}], "table": [{"cells": {"fill": {"color": "#EBF0F8"}, "line": {"color": "white"}}, "header": {"fill": {"color": "#C8D4E3"}, "line": {"color": "white"}}, "type": "table"}], "barpolar": [{"marker": {"line": {"color": "#E5ECF6", "width": 0.5}, "pattern": {"fillmode": "overlay", "size": 10, "solidity": 0.2}}, "type": "barpolar"}], "pie": [{"automargin": true, "type": "pie"}]}, "layout": {"autotypenumbers": "strict", "colorway": ["#636efa", "#EF553B", "#00cc96", "#ab63fa", "#FFA15A", "#19d3f3", "#FF6692", "#B6E880", "#FF97FF", "#FECB52"], "font": {"color": "#2a3f5f"}, "hovermode": "closest", "hoverlabel": {"align": "left"}, "paper_bgcolor": "white", "plot_bgcolor": "#E5ECF6", "polar": {"bgcolor": "#E5ECF6", "angularaxis": {"gridcolor": "white", "linecolor": "white", "ticks": ""}, "radialaxis": {"gridcolor": "white", "linecolor": "white", "ticks": ""}}, "ternary": {"bgcolor": "#E5ECF6", "aaxis": {"gridcolor": "white", "linecolor": "white", "ticks": ""}, "baxis": {"gridcolor": "white", "linecolor": "white", "ticks": ""}, "caxis": {"gridcolor": "white", "linecolor": "white", "ticks": ""}}, "coloraxis": {"colorbar": {"outlinewidth": 0, "ticks": ""}}, "colorscale": {"sequential": [[0.0, "#0d0887"], [0.1111111111111111, "#46039f"], [0.2222222222222222, "#7201a8"], [0.3333333333333333, "#9c179e"], [0.4444444444444444, "#bd3786"], [0.5555555555555556, "#d8576b"], [0.6666666666666666, "#ed7953"], [0.7777777777777778, "#fb9f3a"], [0.8888888888888888, "#fdca26"], [1.0, "#f0f921"]], "sequentialminus": [[0.0, "#0d0887"], [0.1111111111111111, "#46039f"], [0.2222222222222222, "#7201a8"], [0.3333333333333333, "#9c179e"], [0.4444444444444444, "#bd3786"], [0.5555555555555556, "#d8576b"], [0.6666666666666666, "#ed7953"], [0.7777777777777778, "#fb9f3a"], [0.8888888888888888, "#fdca26"], [1.0, "#f0f921"]], "diverging": [[0, "#8e0152"], [0.1, "#c51b7d"], [0.2, "#de77ae"], [0.3, "#f1b6da"], [0.4, "#fde0ef"], [0.5, "#f7f7f7"], [0.6, "#e6f5d0"], [0.7, "#b8e186"], [0.8, "#7fbc41"], [0.9, "#4d9221"], [1, "#276419"]]}, "xaxis": {"gridcolor": "white", "linecolor": "white", "ticks": "", "title": {"standoff": 15}, "zerolinecolor": "white", "automargin": true, "zerolinewidth": 2}, "yaxis": {"gridcolor": "white", "linecolor": "white", "ticks": "", "title": {"standoff": 15}, "zerolinecolor": "white", "automargin": true, "zerolinewidth": 2}, "scene": {"xaxis": {"backgroundcolor": "#E5ECF6", "gridcolor": "white", "linecolor": "white", "showbackground": true, "ticks": "", "zerolinecolor": "white", "gridwidth": 2}, "yaxis": {"backgroundcolor": "#E5ECF6", "gridcolor": "white", "linecolor": "white", "showbackground": true, "ticks": "", "zerolinecolor": "white", "gridwidth": 2}, "zaxis": {"backgroundcolor": "#E5ECF6", "gridcolor": "white", "linecolor": "white", "showbackground": true, "ticks": "", "zerolinecolor": "white", "gridwidth": 2}}, "shapedefaults": {"line": {"color": "#2a3f5f"}}, "annotationdefaults": {"arrowcolor": "#2a3f5f", "arrowhead": 0, "arrowwidth": 1}, "geo": {"bgcolor": "white", "landcolor": "#E5ECF6", "subunitcolor": "white", "showland": true, "showlakes": true, "lakecolor": "white"}, "title": {"x": 0.05}, "mapbox": {"style": "light"}}}}}