{"data": [{"z": [[27.716123580932617, 3.729098320007324, -6.172499656677246, -3.950347423553467, -3.3293817043304443, -4.150753974914551, 0.24028122425079346, 3.707073211669922, 10.149931907653809, -2.1978037357330322, 1.8968722820281982, -6.0842084884643555, -0.017776528373360634, -1.5712045431137085, -0.09432856738567352, -0.9116629362106323, 7.96576452255249, 6.074160099029541, -0.9843370914459229, -5.803566932678223, 6.497213840484619], [3.729098320007324, 8.788582801818848, -0.6711844205856323, -0.8039060235023499, -2.175311326980591, -3.143547773361206, -0.5118146538734436, -1.576331377029419, 1.4502161741256714, 1.3800779581069946, -0.738069474697113, 3.409929037094116, 0.027432451024651527, 0.38843652606010437, -2.0771524906158447, 0.14171640574932098, 4.142926216125488, 1.6752535104751587, 1.9091403484344482, -2.5979504585266113, -0.2753482460975647], [-6.172499656677246, -0.6711844205856323, 32.47320556640625, -1.9121320247650146, 3.834733009338379, -4.0742268562316895, -2.037100315093994, -0.8671167492866516, -4.863636493682861, 1.260153889656067, 2.631828546524048, -4.7487897872924805, 3.748138189315796, -0.1215481385588646, 8.267911911010742, -7.078892707824707, -1.5490810871124268, 4.477597713470459, 0.6789024472236633, 3.726816177368164, 2.546311616897583], [-3.950347423553467, -0.8039060235023499, -1.9121320247650146, 22.203514099121094, -1.3194178342819214, 1.3726035356521606, -1.395568609237671, -2.267582654953003, 0.8775834441184998, 1.640341877937317, -1.3921186923980713, -1.5392383337020874, -3.525592803955078, 0.09085754305124283, -3.0125861167907715, 1.870669960975647, -3.4462368488311768, -0.5107345581054688, 5.574796676635742, 0.8491082191467285, 1.38431715965271], [-3.3293817043304443, -2.175311326980591, 3.834733009338379, -1.3194178342819214, 26.7584285736084, 2.2091317176818848, 1.6801199913024902, 0.8026723265647888, 1.0876777172088623, -2.6349434852600098, 6.42621374130249, -3.9370827674865723, 2.709930658340454, -7.59951639175415, -3.0336976051330566, -4.8256635665893555, -0.4262676239013672, -0.23786389827728271, 2.840928077697754, 5.918887138366699, -5.4142374992370605], [-4.150753974914551, -3.143547773361206, -4.0742268562316895, 1.3726035356521606, 2.2091317176818848, 17.154516220092773, 0.6787731647491455, 1.7265956401824951, -2.7459089756011963, 4.52554988861084, 1.2546470165252686, 5.362314701080322, 1.3667923212051392, -4.542094707489014, 2.449258327484131, -1.8420442342758179, -2.2737231254577637, -1.892789363861084, 3.113274574279785, -0.9166220426559448, -2.289078712463379], [0.24028122425079346, -0.5118146538734436, -2.037100315093994, -1.395568609237671, 1.6801199913024902, 0.6787731647491455, 26.00212860107422, 3.7340080738067627, -7.348031044006348, -4.391689777374268, 4.183233737945557, -0.8791850805282593, 3.817622184753418, -1.2232252359390259, -1.606841802597046, -0.8390468955039978, 2.3696932792663574, 2.433377742767334, -1.1136962175369263, -2.061345338821411, -10.266471862792969], [3.707073211669922, -1.576331377029419, -0.8671167492866516, -2.267582654953003, 0.8026723265647888, 1.7265956401824951, 3.7340080738067627, 28.22518539428711, 3.9644508361816406, -9.558585166931152, 3.6755266189575195, 3.5186431407928467, -3.2662768363952637, 0.2097739279270172, -1.4589060544967651, 2.379815101623535, -0.5184600353240967, -0.5110988616943359, -4.44136381149292, -0.03564906120300293, -3.8345422744750977], [10.149931907653809, 1.4502161741256714, -4.863636493682861, 0.8775834441184998, 1.0876777172088623, -2.7459089756011963, -7.348031044006348, 3.9644508361816406, 29.812868118286133, -5.263149738311768, 0.6784150004386902, -6.671249866485596, 1.96860671043396, 0.8710134029388428, -2.685807466506958, -0.07309399545192719, -1.6996349096298218, -4.77863883972168, 3.859715461730957, 1.3607410192489624, 1.0616085529327393], [-2.1978037357330322, 1.3800779581069946, 1.260153889656067, 1.640341877937317, -2.6349434852600098, 4.52554988861084, -4.391689777374268, -9.558585166931152, -5.263149738311768, 21.054773330688477, -1.4427481889724731, 7.177448272705078, 1.1542448997497559, -1.3012515306472778, 0.4164193272590637, 0.021521372720599174, -1.6520904302597046, -2.275683879852295, -3.3681092262268066, 4.454679012298584, 3.2549257278442383], [1.8968722820281982, -0.738069474697113, 2.631828546524048, -1.3921186923980713, 6.42621374130249, 1.2546470165252686, 4.183233737945557, 3.6755266189575195, 0.6784150004386902, -1.4427481889724731, 28.997522354125977, -3.1954550743103027, 8.549172401428223, 4.825324058532715, -2.8079402446746826, -0.4470592439174652, 4.883594036102295, 4.709273338317871, -9.146787643432617, -4.130724906921387, 1.240174412727356], [-6.0842084884643555, 3.409929037094116, -4.7487897872924805, -1.5392383337020874, -3.9370827674865723, 5.362314701080322, -0.8791850805282593, 3.5186431407928467, -6.671249866485596, 7.177448272705078, -3.1954550743103027, 20.84935188293457, -4.149419784545898, 2.407177209854126, 2.2899272441864014, 2.688549280166626, 1.2800633907318115, -7.423328399658203, -5.517698287963867, 1.6908202171325684, -1.2429039478302002], [-0.017776528373360634, 0.027432451024651527, 3.748138189315796, -3.525592803955078, 2.709930658340454, 1.3667923212051392, 3.817622184753418, -3.2662768363952637, 1.96860671043396, 1.1542448997497559, 8.549172401428223, -4.149419784545898, 18.854202270507812, 2.3502562046051025, 1.246231198310852, 1.594653606414795, 1.5058320760726929, -3.158069133758545, -1.7575269937515259, -3.89013934135437, -3.198362112045288], [-1.5712045431137085, 0.38843652606010437, -0.1215481385588646, 0.09085754305124283, -7.59951639175415, -4.542094707489014, -1.2232252359390259, 0.2097739279270172, 0.8710134029388428, -1.3012515306472778, 4.825324058532715, 2.407177209854126, 2.3502562046051025, 19.752851486206055, -1.2237436771392822, 4.104792594909668, -1.7120378017425537, -8.65932846069336, -2.020944356918335, -2.306166887283325, 4.5639543533325195], [-0.09432856738567352, -2.0771524906158447, 8.267911911010742, -3.0125861167907715, -3.0336976051330566, 2.449258327484131, -1.606841802597046, -1.4589060544967651, -2.685807466506958, 0.4164193272590637, -2.8079402446746826, 2.2899272441864014, 1.246231198310852, -1.2237436771392822, 20.932384490966797, -1.4777940511703491, 0.47641801834106445, 0.2830314636230469, -5.109642028808594, 0.8867826461791992, -5.025028705596924], [-0.9116629362106323, 0.14171640574932098, -7.078892707824707, 1.870669960975647, -4.8256635665893555, -1.8420442342758179, -0.8390468955039978, 2.379815101623535, -0.07309399545192719, 0.021521372720599174, -0.4470592439174652, 2.688549280166626, 1.594653606414795, 4.104792594909668, -1.4777940511703491, 15.926728248596191, 0.6654187440872192, 3.1081948280334473, 2.3466553688049316, -2.6424007415771484, -1.6015077829360962], [7.965764999389648, 4.14292573928833, -1.5490810871124268, -3.4462368488311768, -0.4262678623199463, -2.2737231254577637, 2.3696930408477783, -0.518459677696228, -1.6996351480484009, -1.6520888805389404, 4.883594512939453, 1.280063509941101, 1.5058317184448242, -1.712037444114685, 0.4764181077480316, 0.6654185056686401, 22.493202209472656, 12.092310905456543, -1.951367974281311, -4.535312175750732, 3.817216396331787], [6.074159622192383, 1.6752537488937378, 4.477597236633301, -0.5107347369194031, -0.23786389827728271, -1.8927890062332153, 2.433377742767334, -0.5110989212989807, -4.778637886047363, -2.275683641433716, 4.709273815155029, -7.423327445983887, -3.158069372177124, -8.65932846069336, 0.2830314338207245, 3.108194589614868, 12.092310905456543, 31.988000869750977, 2.7182321548461914, -2.106332302093506, -1.4226340055465698], [-0.9843370914459229, 1.9091401100158691, 0.6789021492004395, 5.574796676635742, 2.840928077697754, 3.1132750511169434, -1.1136959791183472, -4.441364765167236, 3.8597159385681152, -3.3681094646453857, -9.146787643432617, -5.517698764801025, -1.7575271129608154, -2.020944356918335, -5.109642505645752, 2.3466553688049316, -1.951367974281311, 2.7182321548461914, 26.225303649902344, -3.705404043197632, -3.432297945022583], [-5.803567409515381, -2.5979506969451904, 3.726815938949585, 0.8491086363792419, 5.918886661529541, -0.9166222214698792, -2.061345100402832, -0.0356493704020977, 1.3607412576675415, 4.454679489135742, -4.130724906921387, 1.6908198595046997, -3.89013934135437, -2.3061673641204834, 0.8867828845977783, -2.6424009799957275, -4.535312175750732, -2.106332302093506, -3.705404043197632, 26.610660552978516, -0.645115315914154], [6.497213363647461, -0.2753481864929199, 2.546311855316162, 1.384317398071289, -5.414238452911377, -2.289079189300537, -10.266471862792969, -3.8345420360565186, 1.0616083145141602, 3.2549257278442383, 1.2401745319366455, -1.242903709411621, -3.198362112045288, 4.5639543533325195, -5.025029182434082, -1.6015079021453857, 3.8172152042388916, -1.4226338863372803, -3.4322988986968994, -0.6451148986816406, 25.940195083618164]], "type": "heatmap"}], "layout": {"template": {"data": {"histogram2dcontour": [{"type": "histogram2dcontour", "colorbar": {"outlinewidth": 0, "ticks": ""}, "colorscale": [[0.0, "#0d0887"], [0.1111111111111111, "#46039f"], [0.2222222222222222, "#7201a8"], [0.3333333333333333, "#9c179e"], [0.4444444444444444, "#bd3786"], [0.5555555555555556, "#d8576b"], [0.6666666666666666, "#ed7953"], [0.7777777777777778, "#fb9f3a"], [0.8888888888888888, "#fdca26"], [1.0, "#f0f921"]]}], "choropleth": [{"type": "choropleth", "colorbar": {"outlinewidth": 0, "ticks": ""}}], "histogram2d": [{"type": "histogram2d", "colorbar": {"outlinewidth": 0, "ticks": ""}, "colorscale": [[0.0, "#0d0887"], [0.1111111111111111, "#46039f"], [0.2222222222222222, "#7201a8"], [0.3333333333333333, "#9c179e"], [0.4444444444444444, "#bd3786"], [0.5555555555555556, "#d8576b"], [0.6666666666666666, "#ed7953"], [0.7777777777777778, "#fb9f3a"], [0.8888888888888888, "#fdca26"], [1.0, "#f0f921"]]}], "heatmap": [{"type": "heatmap", "colorbar": {"outlinewidth": 0, "ticks": ""}, "colorscale": [[0.0, "#0d0887"], [0.1111111111111111, "#46039f"], [0.2222222222222222, "#7201a8"], [0.3333333333333333, "#9c179e"], [0.4444444444444444, "#bd3786"], [0.5555555555555556, "#d8576b"], [0.6666666666666666, "#ed7953"], [0.7777777777777778, "#fb9f3a"], [0.8888888888888888, "#fdca26"], [1.0, "#f0f921"]]}], "heatmapgl": [{"type": "heatmapgl", "colorbar": {"outlinewidth": 0, "ticks": ""}, "colorscale": [[0.0, "#0d0887"], [0.1111111111111111, "#46039f"], [0.2222222222222222, "#7201a8"], [0.3333333333333333, "#9c179e"], [0.4444444444444444, "#bd3786"], [0.5555555555555556, "#d8576b"], [0.6666666666666666, "#ed7953"], [0.7777777777777778, "#fb9f3a"], [0.8888888888888888, "#fdca26"], [1.0, "#f0f921"]]}], "contourcarpet": [{"type": "contourcarpet", "colorbar": {"outlinewidth": 0, "ticks": ""}}], "contour": [{"type": "contour", "colorbar": {"outlinewidth": 0, "ticks": ""}, "colorscale": [[0.0, "#0d0887"], [0.1111111111111111, "#46039f"], [0.2222222222222222, "#7201a8"], [0.3333333333333333, "#9c179e"], [0.4444444444444444, "#bd3786"], [0.5555555555555556, "#d8576b"], [0.6666666666666666, "#ed7953"], [0.7777777777777778, "#fb9f3a"], [0.8888888888888888, "#fdca26"], [1.0, "#f0f921"]]}], "surface": [{"type": "surface", "colorbar": {"outlinewidth": 0, "ticks": ""}, "colorscale": [[0.0, "#0d0887"], [0.1111111111111111, "#46039f"], [0.2222222222222222, "#7201a8"], [0.3333333333333333, "#9c179e"], [0.4444444444444444, "#bd3786"], [0.5555555555555556, "#d8576b"], [0.6666666666666666, "#ed7953"], [0.7777777777777778, "#fb9f3a"], [0.8888888888888888, "#fdca26"], [1.0, "#f0f921"]]}], "mesh3d": [{"type": "mesh3d", "colorbar": {"outlinewidth": 0, "ticks": ""}}], "scatter": [{"fillpattern": {"fillmode": "overlay", "size": 10, "solidity": 0.2}, "type": "scatter"}], "parcoords": [{"type": "parcoords", "line": {"colorbar": {"outlinewidth": 0, "ticks": ""}}}], "scatterpolargl": [{"type": "scatterpolargl", "marker": {"colorbar": {"outlinewidth": 0, "ticks": ""}}}], "bar": [{"error_x": {"color": "#2a3f5f"}, "error_y": {"color": "#2a3f5f"}, "marker": {"line": {"color": "#E5ECF6", "width": 0.5}, "pattern": {"fillmode": "overlay", "size": 10, "solidity": 0.2}}, "type": "bar"}], "scattergeo": [{"type": "scattergeo", "marker": {"colorbar": {"outlinewidth": 0, "ticks": ""}}}], "scatterpolar": [{"type": "scatterpolar", "marker": {"colorbar": {"outlinewidth": 0, "ticks": ""}}}], "histogram": [{"marker": {"pattern": {"fillmode": "overlay", "size": 10, "solidity": 0.2}}, "type": "histogram"}], "scattergl": [{"type": "scattergl", "marker": {"colorbar": {"outlinewidth": 0, "ticks": ""}}}], "scatter3d": [{"type": "scatter3d", "line": {"colorbar": {"outlinewidth": 0, "ticks": ""}}, "marker": {"colorbar": {"outlinewidth": 0, "ticks": ""}}}], "scattermapbox": [{"type": "scattermapbox", "marker": {"colorbar": {"outlinewidth": 0, "ticks": ""}}}], "scatterternary": [{"type": "scatterternary", "marker": {"colorbar": {"outlinewidth": 0, "ticks": ""}}}], "scattercarpet": [{"type": "scattercarpet", "marker": {"colorbar": {"outlinewidth": 0, "ticks": ""}}}], "carpet": [{"aaxis": {"endlinecolor": "#2a3f5f", "gridcolor": "white", "linecolor": "white", "minorgridcolor": "white", "startlinecolor": "#2a3f5f"}, "baxis": {"endlinecolor": "#2a3f5f", "gridcolor": "white", "linecolor": "white", "minorgridcolor": "white", "startlinecolor": "#2a3f5f"}, "type": "carpet"}], "table": [{"cells": {"fill": {"color": "#EBF0F8"}, "line": {"color": "white"}}, "header": {"fill": {"color": "#C8D4E3"}, "line": {"color": "white"}}, "type": "table"}], "barpolar": [{"marker": {"line": {"color": "#E5ECF6", "width": 0.5}, "pattern": {"fillmode": "overlay", "size": 10, "solidity": 0.2}}, "type": "barpolar"}], "pie": [{"automargin": true, "type": "pie"}]}, "layout": {"autotypenumbers": "strict", "colorway": ["#636efa", "#EF553B", "#00cc96", "#ab63fa", "#FFA15A", "#19d3f3", "#FF6692", "#B6E880", "#FF97FF", "#FECB52"], "font": {"color": "#2a3f5f"}, "hovermode": "closest", "hoverlabel": {"align": "left"}, "paper_bgcolor": "white", "plot_bgcolor": "#E5ECF6", "polar": {"bgcolor": "#E5ECF6", "angularaxis": {"gridcolor": "white", "linecolor": "white", "ticks": ""}, "radialaxis": {"gridcolor": "white", "linecolor": "white", "ticks": ""}}, "ternary": {"bgcolor": "#E5ECF6", "aaxis": {"gridcolor": "white", "linecolor": "white", "ticks": ""}, "baxis": {"gridcolor": "white", "linecolor": "white", "ticks": ""}, "caxis": {"gridcolor": "white", "linecolor": "white", "ticks": ""}}, "coloraxis": {"colorbar": {"outlinewidth": 0, "ticks": ""}}, "colorscale": {"sequential": [[0.0, "#0d0887"], [0.1111111111111111, "#46039f"], [0.2222222222222222, "#7201a8"], [0.3333333333333333, "#9c179e"], [0.4444444444444444, "#bd3786"], [0.5555555555555556, "#d8576b"], [0.6666666666666666, "#ed7953"], [0.7777777777777778, "#fb9f3a"], [0.8888888888888888, "#fdca26"], [1.0, "#f0f921"]], "sequentialminus": [[0.0, "#0d0887"], [0.1111111111111111, "#46039f"], [0.2222222222222222, "#7201a8"], [0.3333333333333333, "#9c179e"], [0.4444444444444444, "#bd3786"], [0.5555555555555556, "#d8576b"], [0.6666666666666666, "#ed7953"], [0.7777777777777778, "#fb9f3a"], [0.8888888888888888, "#fdca26"], [1.0, "#f0f921"]], "diverging": [[0, "#8e0152"], [0.1, "#c51b7d"], [0.2, "#de77ae"], [0.3, "#f1b6da"], [0.4, "#fde0ef"], [0.5, "#f7f7f7"], [0.6, "#e6f5d0"], [0.7, "#b8e186"], [0.8, "#7fbc41"], [0.9, "#4d9221"], [1, "#276419"]]}, "xaxis": {"gridcolor": "white", "linecolor": "white", "ticks": "", "title": {"standoff": 15}, "zerolinecolor": "white", "automargin": true, "zerolinewidth": 2}, "yaxis": {"gridcolor": "white", "linecolor": "white", "ticks": "", "title": {"standoff": 15}, "zerolinecolor": "white", "automargin": true, "zerolinewidth": 2}, "scene": {"xaxis": {"backgroundcolor": "#E5ECF6", "gridcolor": "white", "linecolor": "white", "showbackground": true, "ticks": "", "zerolinecolor": "white", "gridwidth": 2}, "yaxis": {"backgroundcolor": "#E5ECF6", "gridcolor": "white", "linecolor": "white", "showbackground": true, "ticks": "", "zerolinecolor": "white", "gridwidth": 2}, "zaxis": {"backgroundcolor": "#E5ECF6", "gridcolor": "white", "linecolor": "white", "showbackground": true, "ticks": "", "zerolinecolor": "white", "gridwidth": 2}}, "shapedefaults": {"line": {"color": "#2a3f5f"}}, "annotationdefaults": {"arrowcolor": "#2a3f5f", "arrowhead": 0, "arrowwidth": 1}, "geo": {"bgcolor": "white", "landcolor": "#E5ECF6", "subunitcolor": "white", "showland": true, "showlakes": true, "lakecolor": "white"}, "title": {"x": 0.05}, "mapbox": {"style": "light"}}}}}