{"data": [{"z": [[27.643537521362305, 3.720463752746582, -6.160735130310059, -3.9207193851470947, -3.3115673065185547, -4.14870023727417, 0.2520284652709961, 3.6974363327026367, 10.128545761108398, -2.1826090812683105, 1.8958014249801636, -6.049306392669678, 0.010614843107759953, -1.552916169166565, -0.0900585800409317, -0.8950709104537964, 7.948533058166504, 6.067553997039795, -0.9756708145141602, -5.7926435470581055, 6.481139659881592], [3.720463752746582, 8.731507301330566, -0.6594536304473877, -0.7917106747627258, -2.1548380851745605, -3.1183688640594482, -0.5105369091033936, -1.556963562965393, 1.4510557651519775, 1.3703598976135254, -0.7419569492340088, 3.397644281387329, 0.024253398180007935, 0.38219010829925537, -2.0725228786468506, 0.1471375972032547, 4.149510860443115, 1.6772345304489136, 1.909337043762207, -2.574291229248047, -0.26097220182418823], [-6.160735130310059, -0.6594536304473877, 32.41554260253906, -1.904870867729187, 3.8281192779541016, -4.039609432220459, -2.0363500118255615, -0.8697097897529602, -4.866364479064941, 1.266627550125122, 2.6084392070770264, -4.7227959632873535, 3.7413110733032227, -0.10972458869218826, 8.26861572265625, -7.053329944610596, -1.5469093322753906, 4.475851058959961, 0.6868155598640442, 3.735793352127075, 2.5444998741149902], [-3.9207193851470947, -0.7917106747627258, -1.904870867729187, 22.160924911499023, -1.3010780811309814, 1.3851666450500488, -1.390256643295288, -2.253549098968506, 0.8880682587623596, 1.6545789241790771, -1.3925145864486694, -1.534338355064392, -3.508655309677124, 0.1093541756272316, -2.981931686401367, 1.878487229347229, -3.4169633388519287, -0.4926891326904297, 5.568981170654297, 0.8652317523956299, 1.3892353773117065], [-3.3115673065185547, -2.1548380851745605, 3.8281192779541016, -1.3010780811309814, 26.687856674194336, 2.213423490524292, 1.6765917539596558, 0.8106081485748291, 1.094958782196045, -2.6118876934051514, 6.417447090148926, -3.899022340774536, 2.7163538932800293, -7.562798023223877, -3.0077531337738037, -4.801421642303467, -0.41434335708618164, -0.21361994743347168, 2.85121488571167, 5.902413368225098, -5.410254001617432], [-4.14870023727417, -3.1183688640594482, -4.039609432220459, 1.3851666450500488, 2.213423490524292, 17.113462448120117, 0.694047212600708, 1.7273496389389038, -2.7406179904937744, 4.532626152038574, 1.2571138143539429, 5.354757308959961, 1.3775041103363037, -4.534490585327148, 2.4522318840026855, -1.8185499906539917, -2.251072406768799, -1.8860127925872803, 3.109602212905884, -0.8947383165359497, -2.297672748565674], [0.2520284652709961, -0.5105369091033936, -2.0363500118255615, -1.390256643295288, 1.6765917539596558, 0.694047212600708, 25.93705940246582, 3.731174945831299, -7.331570625305176, -4.374361515045166, 4.1700029373168945, -0.8651533126831055, 3.8174915313720703, -1.1994251012802124, -1.6022696495056152, -0.8157862424850464, 2.3721935749053955, 2.4361677169799805, -1.1059153079986572, -2.0492827892303467, -10.253739356994629], [3.6974363327026367, -1.556963562965393, -0.8697097897529602, -2.253549098968506, 0.8106081485748291, 1.7273496389389038, 3.731174945831299, 28.167997360229492, 3.9483015537261963, -9.531335830688477, 3.6633803844451904, 3.526130437850952, -3.2420358657836914, 0.23568925261497498, -1.4511610269546509, 2.3905177116394043, -0.5124855041503906, -0.5149025917053223, -4.4315409660339355, -0.03395438194274902, -3.828115224838257], [10.128545761108398, 1.4510557651519775, -4.866364479064941, 0.8880682587623596, 1.094958782196045, -2.7406179904937744, -7.331570625305176, 3.9483015537261963, 29.75727653503418, -5.25184965133667, 0.6671552658081055, -6.659646511077881, 1.9755775928497314, 0.8960976004600525, -2.6686675548553467, -0.055609796196222305, -1.6996939182281494, -4.760979652404785, 3.8608224391937256, 1.3578450679779053, 1.0633130073547363], [-2.1826090812683105, 1.3703598976135254, 1.266627550125122, 1.6545789241790771, -2.6118876934051514, 4.532626152038574, -4.374361515045166, -9.531335830688477, -5.25184965133667, 20.980533599853516, -1.44973623752594, 7.160350322723389, 1.1500308513641357, -1.2765761613845825, 0.40587735176086426, 0.018752912059426308, -1.647698163986206, -2.256507635116577, -3.368743896484375, 4.441535949707031, 3.2639782428741455], [1.8958014249801636, -0.7419569492340088, 2.6084392070770264, -1.3925145864486694, 6.417447090148926, 1.2571138143539429, 4.1700029373168945, 3.6633803844451904, 0.6671552658081055, -1.44973623752594, 28.94399642944336, -3.1912996768951416, 8.52939224243164, 4.832365989685059, -2.810415267944336, -0.43826204538345337, 4.862122535705566, 4.699453353881836, -9.13589859008789, -4.123824596405029, 1.2501531839370728], [-6.049306392669678, 3.397644281387329, -4.7227959632873535, -1.534338355064392, -3.899022340774536, 5.354757308959961, -0.8651533126831055, 3.526130437850952, -6.659646511077881, 7.160350322723389, -3.1912996768951416, 20.77675437927246, -4.127242088317871, 2.401195764541626, 2.275862693786621, 2.68184494972229, 1.2779991626739502, -7.391478538513184, -5.526544570922852, 1.7077815532684326, -1.244695782661438], [0.010614843107759953, 0.024253398180007935, 3.7413110733032227, -3.508655309677124, 2.7163538932800293, 1.3775041103363037, 3.8174915313720703, -3.2420358657836914, 1.9755775928497314, 1.1500308513641357, 8.52939224243164, -4.127242088317871, 18.801509857177734, 2.3651530742645264, 1.2575238943099976, 1.6007663011550903, 1.5109226703643799, -3.1297600269317627, -1.7397059202194214, -3.8684029579162598, -3.1909797191619873], [-1.552916169166565, 0.38219010829925537, -0.10972458869218826, 0.1093541756272316, -7.562798023223877, -4.534490585327148, -1.1994251012802124, 0.23568925261497498, 0.8960976004600525, -1.2765761613845825, 4.832365989685059, 2.401195764541626, 2.3651530742645264, 19.7071475982666, -1.2006702423095703, 4.109499931335449, -1.6954350471496582, -8.63160228729248, -2.0094285011291504, -2.2711031436920166, 4.544543266296387], [-0.0900585800409317, -2.0725228786468506, 8.26861572265625, -2.981931686401367, -3.0077531337738037, 2.4522318840026855, -1.6022696495056152, -1.4511610269546509, -2.6686675548553467, 0.40587735176086426, -2.810415267944336, 2.275862693786621, 1.2575238943099976, -1.2006702423095703, 20.86757469177246, -1.4762269258499146, 0.4751739501953125, 0.30923891067504883, -5.089326858520508, 0.8919510245323181, -5.016850471496582], [-0.8950709104537964, 0.1471375972032547, -7.053329944610596, 1.878487229347229, -4.801421642303467, -1.8185499906539917, -0.8157862424850464, 2.3905177116394043, -0.055609796196222305, 0.018752912059426308, -0.43826204538345337, 2.68184494972229, 1.6007663011550903, 4.109499931335449, -1.4762269258499146, 15.88318920135498, 0.6820062398910522, 3.1196296215057373, 2.333552837371826, -2.622823715209961, -1.5919111967086792], [7.94853401184082, 4.149510860443115, -1.5469095706939697, -3.416963577270508, -0.41434353590011597, -2.251072406768799, 2.3721938133239746, -0.5124852061271667, -1.6996937990188599, -1.6476982831954956, 4.862123489379883, 1.2779994010925293, 1.5109224319458008, -1.6954354047775269, 0.47517338395118713, 0.682006299495697, 22.43191909790039, 12.065042495727539, -1.9322954416275024, -4.5186614990234375, 3.8150901794433594], [6.067554473876953, 1.6772347688674927, 4.475851535797119, -0.49268925189971924, -0.21362031996250153, -1.8860126733779907, 2.436167001724243, -0.5149027705192566, -4.760979652404785, -2.2565083503723145, 4.699452877044678, -7.391477584838867, -3.129760503768921, -8.63160228729248, 0.30923861265182495, 3.119629144668579, 12.065042495727539, 31.912355422973633, 2.728705883026123, -2.0991158485412598, -1.4367858171463013], [-0.9756708741188049, 1.909336805343628, 0.686815619468689, 5.568980693817139, 2.851214647293091, 3.1096010208129883, -1.1059149503707886, -4.431540489196777, 3.8608224391937256, -3.3687427043914795, -9.135899543762207, -5.526544570922852, -1.739706039428711, -2.0094282627105713, -5.089327335357666, 2.3335530757904053, -1.9322954416275024, 2.728705883026123, 26.178516387939453, -3.7021162509918213, -3.4236857891082764], [-5.792644500732422, -2.574291229248047, 3.7357938289642334, 0.8652322292327881, 5.9024152755737305, -0.8947384357452393, -2.0492827892303467, -0.033954475075006485, 1.3578455448150635, 4.441535472869873, -4.123824596405029, 1.7077827453613281, -3.8684027194976807, -2.2711033821105957, 0.891950786113739, -2.622823476791382, -4.5186614990234375, -2.0991158485412598, -3.7021162509918213, 26.526844024658203, -0.6438474655151367], [6.48114013671875, -0.2609724998474121, 2.544499397277832, 1.3892359733581543, -5.410253524780273, -2.297672748565674, -10.253740310668945, -3.8281149864196777, 1.0633139610290527, 3.2639784812927246, 1.2501530647277832, -1.2446959018707275, -3.1909797191619873, 4.5445427894592285, -5.016850471496582, -1.5919113159179688, 3.815089702606201, -1.436786413192749, -3.423685312271118, -0.6438472270965576, 25.940195083618164]], "type": "heatmap"}], "layout": {"template": {"data": {"histogram2dcontour": [{"type": "histogram2dcontour", "colorbar": {"outlinewidth": 0, "ticks": ""}, "colorscale": [[0.0, "#0d0887"], [0.1111111111111111, "#46039f"], [0.2222222222222222, "#7201a8"], [0.3333333333333333, "#9c179e"], [0.4444444444444444, "#bd3786"], [0.5555555555555556, "#d8576b"], [0.6666666666666666, "#ed7953"], [0.7777777777777778, "#fb9f3a"], [0.8888888888888888, "#fdca26"], [1.0, "#f0f921"]]}], "choropleth": [{"type": "choropleth", "colorbar": {"outlinewidth": 0, "ticks": ""}}], "histogram2d": [{"type": "histogram2d", "colorbar": {"outlinewidth": 0, "ticks": ""}, "colorscale": [[0.0, "#0d0887"], [0.1111111111111111, "#46039f"], [0.2222222222222222, "#7201a8"], [0.3333333333333333, "#9c179e"], [0.4444444444444444, "#bd3786"], [0.5555555555555556, "#d8576b"], [0.6666666666666666, "#ed7953"], [0.7777777777777778, "#fb9f3a"], [0.8888888888888888, "#fdca26"], [1.0, "#f0f921"]]}], "heatmap": [{"type": "heatmap", "colorbar": {"outlinewidth": 0, "ticks": ""}, "colorscale": [[0.0, "#0d0887"], [0.1111111111111111, "#46039f"], [0.2222222222222222, "#7201a8"], [0.3333333333333333, "#9c179e"], [0.4444444444444444, "#bd3786"], [0.5555555555555556, "#d8576b"], [0.6666666666666666, "#ed7953"], [0.7777777777777778, "#fb9f3a"], [0.8888888888888888, "#fdca26"], [1.0, "#f0f921"]]}], "heatmapgl": [{"type": "heatmapgl", "colorbar": {"outlinewidth": 0, "ticks": ""}, "colorscale": [[0.0, "#0d0887"], [0.1111111111111111, "#46039f"], [0.2222222222222222, "#7201a8"], [0.3333333333333333, "#9c179e"], [0.4444444444444444, "#bd3786"], [0.5555555555555556, "#d8576b"], [0.6666666666666666, "#ed7953"], [0.7777777777777778, "#fb9f3a"], [0.8888888888888888, "#fdca26"], [1.0, "#f0f921"]]}], "contourcarpet": [{"type": "contourcarpet", "colorbar": {"outlinewidth": 0, "ticks": ""}}], "contour": [{"type": "contour", "colorbar": {"outlinewidth": 0, "ticks": ""}, "colorscale": [[0.0, "#0d0887"], [0.1111111111111111, "#46039f"], [0.2222222222222222, "#7201a8"], [0.3333333333333333, "#9c179e"], [0.4444444444444444, "#bd3786"], [0.5555555555555556, "#d8576b"], [0.6666666666666666, "#ed7953"], [0.7777777777777778, "#fb9f3a"], [0.8888888888888888, "#fdca26"], [1.0, "#f0f921"]]}], "surface": [{"type": "surface", "colorbar": {"outlinewidth": 0, "ticks": ""}, "colorscale": [[0.0, "#0d0887"], [0.1111111111111111, "#46039f"], [0.2222222222222222, "#7201a8"], [0.3333333333333333, "#9c179e"], [0.4444444444444444, "#bd3786"], [0.5555555555555556, "#d8576b"], [0.6666666666666666, "#ed7953"], [0.7777777777777778, "#fb9f3a"], [0.8888888888888888, "#fdca26"], [1.0, "#f0f921"]]}], "mesh3d": [{"type": "mesh3d", "colorbar": {"outlinewidth": 0, "ticks": ""}}], "scatter": [{"fillpattern": {"fillmode": "overlay", "size": 10, "solidity": 0.2}, "type": "scatter"}], "parcoords": [{"type": "parcoords", "line": {"colorbar": {"outlinewidth": 0, "ticks": ""}}}], "scatterpolargl": [{"type": "scatterpolargl", "marker": {"colorbar": {"outlinewidth": 0, "ticks": ""}}}], "bar": [{"error_x": {"color": "#2a3f5f"}, "error_y": {"color": "#2a3f5f"}, "marker": {"line": {"color": "#E5ECF6", "width": 0.5}, "pattern": {"fillmode": "overlay", "size": 10, "solidity": 0.2}}, "type": "bar"}], "scattergeo": [{"type": "scattergeo", "marker": {"colorbar": {"outlinewidth": 0, "ticks": ""}}}], "scatterpolar": [{"type": "scatterpolar", "marker": {"colorbar": {"outlinewidth": 0, "ticks": ""}}}], "histogram": [{"marker": {"pattern": {"fillmode": "overlay", "size": 10, "solidity": 0.2}}, "type": "histogram"}], "scattergl": [{"type": "scattergl", "marker": {"colorbar": {"outlinewidth": 0, "ticks": ""}}}], "scatter3d": [{"type": "scatter3d", "line": {"colorbar": {"outlinewidth": 0, "ticks": ""}}, "marker": {"colorbar": {"outlinewidth": 0, "ticks": ""}}}], "scattermapbox": [{"type": "scattermapbox", "marker": {"colorbar": {"outlinewidth": 0, "ticks": ""}}}], "scatterternary": [{"type": "scatterternary", "marker": {"colorbar": {"outlinewidth": 0, "ticks": ""}}}], "scattercarpet": [{"type": "scattercarpet", "marker": {"colorbar": {"outlinewidth": 0, "ticks": ""}}}], "carpet": [{"aaxis": {"endlinecolor": "#2a3f5f", "gridcolor": "white", "linecolor": "white", "minorgridcolor": "white", "startlinecolor": "#2a3f5f"}, "baxis": {"endlinecolor": "#2a3f5f", "gridcolor": "white", "linecolor": "white", "minorgridcolor": "white", "startlinecolor": "#2a3f5f"}, "type": "carpet"}], "table": [{"cells": {"fill": {"color": "#EBF0F8"}, "line": {"color": "white"}}, "header": {"fill": {"color": "#C8D4E3"}, "line": {"color": "white"}}, "type": "table"}], "barpolar": [{"marker": {"line": {"color": "#E5ECF6", "width": 0.5}, "pattern": {"fillmode": "overlay", "size": 10, "solidity": 0.2}}, "type": "barpolar"}], "pie": [{"automargin": true, "type": "pie"}]}, "layout": {"autotypenumbers": "strict", "colorway": ["#636efa", "#EF553B", "#00cc96", "#ab63fa", "#FFA15A", "#19d3f3", "#FF6692", "#B6E880", "#FF97FF", "#FECB52"], "font": {"color": "#2a3f5f"}, "hovermode": "closest", "hoverlabel": {"align": "left"}, "paper_bgcolor": "white", "plot_bgcolor": "#E5ECF6", "polar": {"bgcolor": "#E5ECF6", "angularaxis": {"gridcolor": "white", "linecolor": "white", "ticks": ""}, "radialaxis": {"gridcolor": "white", "linecolor": "white", "ticks": ""}}, "ternary": {"bgcolor": "#E5ECF6", "aaxis": {"gridcolor": "white", "linecolor": "white", "ticks": ""}, "baxis": {"gridcolor": "white", "linecolor": "white", "ticks": ""}, "caxis": {"gridcolor": "white", "linecolor": "white", "ticks": ""}}, "coloraxis": {"colorbar": {"outlinewidth": 0, "ticks": ""}}, "colorscale": {"sequential": [[0.0, "#0d0887"], [0.1111111111111111, "#46039f"], [0.2222222222222222, "#7201a8"], [0.3333333333333333, "#9c179e"], [0.4444444444444444, "#bd3786"], [0.5555555555555556, "#d8576b"], [0.6666666666666666, "#ed7953"], [0.7777777777777778, "#fb9f3a"], [0.8888888888888888, "#fdca26"], [1.0, "#f0f921"]], "sequentialminus": [[0.0, "#0d0887"], [0.1111111111111111, "#46039f"], [0.2222222222222222, "#7201a8"], [0.3333333333333333, "#9c179e"], [0.4444444444444444, "#bd3786"], [0.5555555555555556, "#d8576b"], [0.6666666666666666, "#ed7953"], [0.7777777777777778, "#fb9f3a"], [0.8888888888888888, "#fdca26"], [1.0, "#f0f921"]], "diverging": [[0, "#8e0152"], [0.1, "#c51b7d"], [0.2, "#de77ae"], [0.3, "#f1b6da"], [0.4, "#fde0ef"], [0.5, "#f7f7f7"], [0.6, "#e6f5d0"], [0.7, "#b8e186"], [0.8, "#7fbc41"], [0.9, "#4d9221"], [1, "#276419"]]}, "xaxis": {"gridcolor": "white", "linecolor": "white", "ticks": "", "title": {"standoff": 15}, "zerolinecolor": "white", "automargin": true, "zerolinewidth": 2}, "yaxis": {"gridcolor": "white", "linecolor": "white", "ticks": "", "title": {"standoff": 15}, "zerolinecolor": "white", "automargin": true, "zerolinewidth": 2}, "scene": {"xaxis": {"backgroundcolor": "#E5ECF6", "gridcolor": "white", "linecolor": "white", "showbackground": true, "ticks": "", "zerolinecolor": "white", "gridwidth": 2}, "yaxis": {"backgroundcolor": "#E5ECF6", "gridcolor": "white", "linecolor": "white", "showbackground": true, "ticks": "", "zerolinecolor": "white", "gridwidth": 2}, "zaxis": {"backgroundcolor": "#E5ECF6", "gridcolor": "white", "linecolor": "white", "showbackground": true, "ticks": "", "zerolinecolor": "white", "gridwidth": 2}}, "shapedefaults": {"line": {"color": "#2a3f5f"}}, "annotationdefaults": {"arrowcolor": "#2a3f5f", "arrowhead": 0, "arrowwidth": 1}, "geo": {"bgcolor": "white", "landcolor": "#E5ECF6", "subunitcolor": "white", "showland": true, "showlakes": true, "lakecolor": "white"}, "title": {"x": 0.05}, "mapbox": {"style": "light"}}}}}