{"data": [{"z": [[27.581893920898438, 3.731553554534912, -6.134392738342285, -3.872925043106079, -3.2793376445770264, -4.125521659851074, 0.27178481221199036, 3.700349807739258, 10.126215934753418, -2.1619513034820557, 1.892267107963562, -6.0116119384765625, 0.05770859867334366, -1.5258499383926392, -0.07141236215829849, -0.8507747650146484, 7.941991806030273, 6.072749614715576, -0.9524073600769043, -5.765186309814453, 6.454575061798096], [3.731553554534912, 8.682639122009277, -0.6420274376869202, -0.7712416648864746, -2.1197080612182617, -3.092679500579834, -0.5042737126350403, -1.5259854793548584, 1.4649698734283447, 1.369202733039856, -0.7443337440490723, 3.3986072540283203, 0.03182664141058922, 0.3930109143257141, -2.058610439300537, 0.15930499136447906, 4.159490585327148, 1.68559730052948, 1.91257905960083, -2.5444579124450684, -0.24774160981178284], [-6.134392738342285, -0.6420274376869202, 32.368465423583984, -1.8829442262649536, 3.836033582687378, -3.9936020374298096, -2.030050754547119, -0.8467441201210022, -4.849900722503662, 1.279738426208496, 2.5859081745147705, -4.680565357208252, 3.7422614097595215, -0.08305314928293228, 8.279073715209961, -7.010456562042236, -1.530472755432129, 4.480027198791504, 0.7063562870025635, 3.7542948722839355, 2.5374205112457275], [-3.872925043106079, -0.7712416648864746, -1.8829442262649536, 22.143693923950195, -1.2695924043655396, 1.4147435426712036, -1.3704558610916138, -2.22426176071167, 0.9208258986473083, 1.6789480447769165, -1.3882488012313843, -1.5075300931930542, -3.477592945098877, 0.1391867697238922, -2.9364516735076904, 1.9151291847229004, -3.3687870502471924, -0.45783209800720215, 5.572883129119873, 0.8928186893463135, 1.3930044174194336], [-3.2793376445770264, -2.1197080612182617, 3.836033582687378, -1.2695924043655396, 26.62953758239746, 2.242550849914551, 1.6783112287521362, 0.8354521989822388, 1.109182357788086, -2.5763845443725586, 6.408048152923584, -3.842618703842163, 2.734714984893799, -7.5219621658325195, -2.9709432125091553, -4.759771347045898, -0.38906383514404297, -0.1802835464477539, 2.8664891719818115, 5.902532577514648, -5.408028602600098], [-4.125521659851074, -3.092679500579834, -3.9936020374298096, 1.4147435426712036, 2.242550849914551, 17.104114532470703, 0.7101641297340393, 1.7506158351898193, -2.7203357219696045, 4.550774574279785, 1.2582412958145142, 5.372065544128418, 1.406059741973877, -4.500586986541748, 2.4742910861968994, -1.7809598445892334, -2.2244975566864014, -1.8651916980743408, 3.1187331676483154, -0.8526840209960938, -2.311800718307495], [0.27178481221199036, -0.5042737126350403, -2.030050754547119, -1.3704558610916138, 1.6783112287521362, 0.7101641297340393, 25.881547927856445, 3.7373435497283936, -7.302213191986084, -4.35114860534668, 4.160261154174805, -0.8414367437362671, 3.824592351913452, -1.1793040037155151, -1.5993192195892334, -0.7856807112693787, 2.376159429550171, 2.4427030086517334, -1.0908762216567993, -2.026333808898926, -10.244220733642578], [3.700349807739258, -1.5259854793548584, -0.8467441201210022, -2.22426176071167, 0.8354521989822388, 1.7506158351898193, 3.7373435497283936, 28.126564025878906, 3.939422845840454, -9.485201835632324, 3.652169942855835, 3.546056032180786, -3.1943600177764893, 0.25787004828453064, -1.4218716621398926, 2.4255993366241455, -0.4912889003753662, -0.5088992118835449, -4.407984733581543, -0.007744550704956055, -3.8318817615509033], [10.126215934753418, 1.4649698734283447, -4.849900722503662, 0.9208258986473083, 1.109182357788086, -2.7203357219696045, -7.302213191986084, 3.939422845840454, 29.71611976623535, -5.224685192108154, 0.6606968641281128, -6.632789134979248, 2.002701997756958, 0.9266676902770996, -2.634305715560913, -0.00475533539429307, -1.6803609132766724, -4.729593276977539, 3.870931625366211, 1.374819040298462, 1.0599102973937988], [-2.1619513034820557, 1.369202733039856, 1.279738426208496, 1.6789480447769165, -2.5763845443725586, 4.550774574279785, -4.35114860534668, -9.485201835632324, -5.224685192108154, 20.920122146606445, -1.456472635269165, 7.167422771453857, 1.1587880849838257, -1.2422027587890625, 0.40641507506370544, 0.030568115413188934, -1.629753589630127, -2.2327218055725098, -3.3612589836120605, 4.448698043823242, 3.2681283950805664], [1.892267107963562, -0.7443337440490723, 2.5859081745147705, -1.3882488012313843, 6.408048152923584, 1.2582412958145142, 4.160261154174805, 3.652169942855835, 0.6606968641281128, -1.456472635269165, 28.892717361450195, -3.178730010986328, 8.51477336883545, 4.8396220207214355, -2.816666841506958, -0.4257509410381317, 4.842576026916504, 4.689016342163086, -9.123766899108887, -4.109570026397705, 1.2594940662384033], [-6.0116119384765625, 3.3986072540283203, -4.680565357208252, -1.5075300931930542, -3.842618703842163, 5.372065544128418, -0.8414367437362671, 3.546056032180786, -6.632789134979248, 7.167422771453857, -3.178730010986328, 20.736160278320312, -4.087244510650635, 2.4095640182495117, 2.278156042098999, 2.696380138397217, 1.3001370429992676, -7.340505599975586, -5.518473148345947, 1.757066249847412, -1.2533701658248901], [0.05770859867334366, 0.03182664141058922, 3.7422614097595215, -3.477592945098877, 2.734714984893799, 1.406059741973877, 3.824592351913452, -3.1943600177764893, 2.002701997756958, 1.1587880849838257, 8.51477336883545, -4.087244510650635, 18.769813537597656, 2.3962602615356445, 1.2814711332321167, 1.6261157989501953, 1.5381042957305908, -3.0924479961395264, -1.7109596729278564, -3.8297572135925293, -3.18782901763916], [-1.5258499383926392, 0.3930109143257141, -0.08305314928293228, 0.1391867697238922, -7.5219621658325195, -4.500586986541748, -1.1793040037155151, 0.25787004828453064, 0.9266676902770996, -1.2422027587890625, 4.8396220207214355, 2.4095640182495117, 2.3962602615356445, 19.685510635375977, -1.167718529701233, 4.131755828857422, -1.6661720275878906, -8.591119766235352, -1.9929008483886719, -2.2174363136291504, 4.53190279006958], [-0.07141236215829849, -2.058610439300537, 8.279073715209961, -2.9364516735076904, -2.9709432125091553, 2.4742910861968994, -1.5993192195892334, -1.4218716621398926, -2.634305715560913, 0.40641507506370544, -2.816666841506958, 2.278156042098999, 1.2814711332321167, -1.167718529701233, 20.82138442993164, -1.4426194429397583, 0.4846043586730957, 0.33713221549987793, -5.054368495941162, 0.9139557480812073, -5.01102876663208], [-0.8507747650146484, 0.15930499136447906, -7.010456562042236, 1.9151291847229004, -4.759771347045898, -1.7809598445892334, -0.7856807112693787, 2.4255993366241455, -0.00475533539429307, 0.030568115413188934, -0.4257509410381317, 2.696380138397217, 1.6261157989501953, 4.131755828857422, -1.4426194429397583, 15.883530616760254, 0.7180846929550171, 3.151719093322754, 2.3404664993286133, -2.5844874382019043, -1.5876885652542114], [7.941991329193115, 4.159490585327148, -1.530472755432129, -3.3687868118286133, -0.3890640139579773, -2.2244982719421387, 2.376159429550171, -0.49128901958465576, -1.6803607940673828, -1.6297537088394165, 4.842576026916504, 1.3001372814178467, 1.5381040573120117, -1.6661723852157593, 0.4846039414405823, 0.7180846333503723, 22.372055053710938, 12.043556213378906, -1.9009649753570557, -4.481810569763184, 3.8067667484283447], [6.072750568389893, 1.68559730052948, 4.480027675628662, -0.4578322768211365, -0.1802832931280136, -1.8651920557022095, 2.4427030086517334, -0.5088990926742554, -4.729592800140381, -2.232722282409668, 4.689015865325928, -7.340505123138428, -3.0924482345581055, -8.591118812561035, 0.33713239431381226, 3.151718854904175, 12.043556213378906, 31.850849151611328, 2.747596263885498, -2.0752387046813965, -1.4466172456741333], [-0.9524070024490356, 1.91257905960083, 0.706356406211853, 5.572883129119873, 2.8664889335632324, 3.1187310218811035, -1.0908758640289307, -4.407985210418701, 3.870931386947632, -3.3612585067749023, -9.123767852783203, -5.5184736251831055, -1.7109596729278564, -1.9929014444351196, -5.05436897277832, 2.3404664993286133, -1.9009649753570557, 2.747596263885498, 26.134017944335938, -3.6945440769195557, -3.418043851852417], [-5.765185356140137, -2.5444579124450684, 3.7542946338653564, 0.8928179144859314, 5.90253210067749, -0.8526838421821594, -2.026334047317505, -0.0077443914487957954, 1.3748198747634888, 4.448699474334717, -4.109570026397705, 1.7570663690567017, -3.8297572135925293, -2.2174360752105713, 0.9139559268951416, -2.5844879150390625, -4.481810569763184, -2.0752387046813965, -3.6945440769195557, 26.464786529541016, -0.6524275541305542], [6.454575061798096, -0.2477414608001709, 2.5374202728271484, 1.3930044174194336, -5.408029079437256, -2.311800241470337, -10.244222640991211, -3.8318819999694824, 1.0599102973937988, 3.2681288719177246, 1.2594938278198242, -1.2533705234527588, -3.18782901763916, 4.53190279006958, -5.011027812957764, -1.587688684463501, 3.806766986846924, -1.4466166496276855, -3.418044328689575, -0.6524275541305542, 25.940195083618164]], "type": "heatmap"}], "layout": {"template": {"data": {"histogram2dcontour": [{"type": "histogram2dcontour", "colorbar": {"outlinewidth": 0, "ticks": ""}, "colorscale": [[0.0, "#0d0887"], [0.1111111111111111, "#46039f"], [0.2222222222222222, "#7201a8"], [0.3333333333333333, "#9c179e"], [0.4444444444444444, "#bd3786"], [0.5555555555555556, "#d8576b"], [0.6666666666666666, "#ed7953"], [0.7777777777777778, "#fb9f3a"], [0.8888888888888888, "#fdca26"], [1.0, "#f0f921"]]}], "choropleth": [{"type": "choropleth", "colorbar": {"outlinewidth": 0, "ticks": ""}}], "histogram2d": [{"type": "histogram2d", "colorbar": {"outlinewidth": 0, "ticks": ""}, "colorscale": [[0.0, "#0d0887"], [0.1111111111111111, "#46039f"], [0.2222222222222222, "#7201a8"], [0.3333333333333333, "#9c179e"], [0.4444444444444444, "#bd3786"], [0.5555555555555556, "#d8576b"], [0.6666666666666666, "#ed7953"], [0.7777777777777778, "#fb9f3a"], [0.8888888888888888, "#fdca26"], [1.0, "#f0f921"]]}], "heatmap": [{"type": "heatmap", "colorbar": {"outlinewidth": 0, "ticks": ""}, "colorscale": [[0.0, "#0d0887"], [0.1111111111111111, "#46039f"], [0.2222222222222222, "#7201a8"], [0.3333333333333333, "#9c179e"], [0.4444444444444444, "#bd3786"], [0.5555555555555556, "#d8576b"], [0.6666666666666666, "#ed7953"], [0.7777777777777778, "#fb9f3a"], [0.8888888888888888, "#fdca26"], [1.0, "#f0f921"]]}], "heatmapgl": [{"type": "heatmapgl", "colorbar": {"outlinewidth": 0, "ticks": ""}, "colorscale": [[0.0, "#0d0887"], [0.1111111111111111, "#46039f"], [0.2222222222222222, "#7201a8"], [0.3333333333333333, "#9c179e"], [0.4444444444444444, "#bd3786"], [0.5555555555555556, "#d8576b"], [0.6666666666666666, "#ed7953"], [0.7777777777777778, "#fb9f3a"], [0.8888888888888888, "#fdca26"], [1.0, "#f0f921"]]}], "contourcarpet": [{"type": "contourcarpet", "colorbar": {"outlinewidth": 0, "ticks": ""}}], "contour": [{"type": "contour", "colorbar": {"outlinewidth": 0, "ticks": ""}, "colorscale": [[0.0, "#0d0887"], [0.1111111111111111, "#46039f"], [0.2222222222222222, "#7201a8"], [0.3333333333333333, "#9c179e"], [0.4444444444444444, "#bd3786"], [0.5555555555555556, "#d8576b"], [0.6666666666666666, "#ed7953"], [0.7777777777777778, "#fb9f3a"], [0.8888888888888888, "#fdca26"], [1.0, "#f0f921"]]}], "surface": [{"type": "surface", "colorbar": {"outlinewidth": 0, "ticks": ""}, "colorscale": [[0.0, "#0d0887"], [0.1111111111111111, "#46039f"], [0.2222222222222222, "#7201a8"], [0.3333333333333333, "#9c179e"], [0.4444444444444444, "#bd3786"], [0.5555555555555556, "#d8576b"], [0.6666666666666666, "#ed7953"], [0.7777777777777778, "#fb9f3a"], [0.8888888888888888, "#fdca26"], [1.0, "#f0f921"]]}], "mesh3d": [{"type": "mesh3d", "colorbar": {"outlinewidth": 0, "ticks": ""}}], "scatter": [{"fillpattern": {"fillmode": "overlay", "size": 10, "solidity": 0.2}, "type": "scatter"}], "parcoords": [{"type": "parcoords", "line": {"colorbar": {"outlinewidth": 0, "ticks": ""}}}], "scatterpolargl": [{"type": "scatterpolargl", "marker": {"colorbar": {"outlinewidth": 0, "ticks": ""}}}], "bar": [{"error_x": {"color": "#2a3f5f"}, "error_y": {"color": "#2a3f5f"}, "marker": {"line": {"color": "#E5ECF6", "width": 0.5}, "pattern": {"fillmode": "overlay", "size": 10, "solidity": 0.2}}, "type": "bar"}], "scattergeo": [{"type": "scattergeo", "marker": {"colorbar": {"outlinewidth": 0, "ticks": ""}}}], "scatterpolar": [{"type": "scatterpolar", "marker": {"colorbar": {"outlinewidth": 0, "ticks": ""}}}], "histogram": [{"marker": {"pattern": {"fillmode": "overlay", "size": 10, "solidity": 0.2}}, "type": "histogram"}], "scattergl": [{"type": "scattergl", "marker": {"colorbar": {"outlinewidth": 0, "ticks": ""}}}], "scatter3d": [{"type": "scatter3d", "line": {"colorbar": {"outlinewidth": 0, "ticks": ""}}, "marker": {"colorbar": {"outlinewidth": 0, "ticks": ""}}}], "scattermapbox": [{"type": "scattermapbox", "marker": {"colorbar": {"outlinewidth": 0, "ticks": ""}}}], "scatterternary": [{"type": "scatterternary", "marker": {"colorbar": {"outlinewidth": 0, "ticks": ""}}}], "scattercarpet": [{"type": "scattercarpet", "marker": {"colorbar": {"outlinewidth": 0, "ticks": ""}}}], "carpet": [{"aaxis": {"endlinecolor": "#2a3f5f", "gridcolor": "white", "linecolor": "white", "minorgridcolor": "white", "startlinecolor": "#2a3f5f"}, "baxis": {"endlinecolor": "#2a3f5f", "gridcolor": "white", "linecolor": "white", "minorgridcolor": "white", "startlinecolor": "#2a3f5f"}, "type": "carpet"}], "table": [{"cells": {"fill": {"color": "#EBF0F8"}, "line": {"color": "white"}}, "header": {"fill": {"color": "#C8D4E3"}, "line": {"color": "white"}}, "type": "table"}], "barpolar": [{"marker": {"line": {"color": "#E5ECF6", "width": 0.5}, "pattern": {"fillmode": "overlay", "size": 10, "solidity": 0.2}}, "type": "barpolar"}], "pie": [{"automargin": true, "type": "pie"}]}, "layout": {"autotypenumbers": "strict", "colorway": ["#636efa", "#EF553B", "#00cc96", "#ab63fa", "#FFA15A", "#19d3f3", "#FF6692", "#B6E880", "#FF97FF", "#FECB52"], "font": {"color": "#2a3f5f"}, "hovermode": "closest", "hoverlabel": {"align": "left"}, "paper_bgcolor": "white", "plot_bgcolor": "#E5ECF6", "polar": {"bgcolor": "#E5ECF6", "angularaxis": {"gridcolor": "white", "linecolor": "white", "ticks": ""}, "radialaxis": {"gridcolor": "white", "linecolor": "white", "ticks": ""}}, "ternary": {"bgcolor": "#E5ECF6", "aaxis": {"gridcolor": "white", "linecolor": "white", "ticks": ""}, "baxis": {"gridcolor": "white", "linecolor": "white", "ticks": ""}, "caxis": {"gridcolor": "white", "linecolor": "white", "ticks": ""}}, "coloraxis": {"colorbar": {"outlinewidth": 0, "ticks": ""}}, "colorscale": {"sequential": [[0.0, "#0d0887"], [0.1111111111111111, "#46039f"], [0.2222222222222222, "#7201a8"], [0.3333333333333333, "#9c179e"], [0.4444444444444444, "#bd3786"], [0.5555555555555556, "#d8576b"], [0.6666666666666666, "#ed7953"], [0.7777777777777778, "#fb9f3a"], [0.8888888888888888, "#fdca26"], [1.0, "#f0f921"]], "sequentialminus": [[0.0, "#0d0887"], [0.1111111111111111, "#46039f"], [0.2222222222222222, "#7201a8"], [0.3333333333333333, "#9c179e"], [0.4444444444444444, "#bd3786"], [0.5555555555555556, "#d8576b"], [0.6666666666666666, "#ed7953"], [0.7777777777777778, "#fb9f3a"], [0.8888888888888888, "#fdca26"], [1.0, "#f0f921"]], "diverging": [[0, "#8e0152"], [0.1, "#c51b7d"], [0.2, "#de77ae"], [0.3, "#f1b6da"], [0.4, "#fde0ef"], [0.5, "#f7f7f7"], [0.6, "#e6f5d0"], [0.7, "#b8e186"], [0.8, "#7fbc41"], [0.9, "#4d9221"], [1, "#276419"]]}, "xaxis": {"gridcolor": "white", "linecolor": "white", "ticks": "", "title": {"standoff": 15}, "zerolinecolor": "white", "automargin": true, "zerolinewidth": 2}, "yaxis": {"gridcolor": "white", "linecolor": "white", "ticks": "", "title": {"standoff": 15}, "zerolinecolor": "white", "automargin": true, "zerolinewidth": 2}, "scene": {"xaxis": {"backgroundcolor": "#E5ECF6", "gridcolor": "white", "linecolor": "white", "showbackground": true, "ticks": "", "zerolinecolor": "white", "gridwidth": 2}, "yaxis": {"backgroundcolor": "#E5ECF6", "gridcolor": "white", "linecolor": "white", "showbackground": true, "ticks": "", "zerolinecolor": "white", "gridwidth": 2}, "zaxis": {"backgroundcolor": "#E5ECF6", "gridcolor": "white", "linecolor": "white", "showbackground": true, "ticks": "", "zerolinecolor": "white", "gridwidth": 2}}, "shapedefaults": {"line": {"color": "#2a3f5f"}}, "annotationdefaults": {"arrowcolor": "#2a3f5f", "arrowhead": 0, "arrowwidth": 1}, "geo": {"bgcolor": "white", "landcolor": "#E5ECF6", "subunitcolor": "white", "showland": true, "showlakes": true, "lakecolor": "white"}, "title": {"x": 0.05}, "mapbox": {"style": "light"}}}}}