{"data": [{"z": [[29.0750732421875, 3.9118282794952393, -6.4148030281066895, -4.202928066253662, -3.4686996936798096, -4.2539544105529785, 0.09759876132011414, 4.069465637207031, 10.648627281188965, -2.5346035957336426, 1.9683064222335815, -6.550326824188232, -0.3946850001811981, -1.7646981477737427, -0.0815497636795044, -1.1970561742782593, 8.377229690551758, 6.380643367767334, -0.9670596122741699, -6.16439151763916, 6.722149848937988], [3.9118282794952393, 9.524555206298828, -0.8815861344337463, -0.6916518211364746, -2.7420856952667236, -3.269915819168091, -0.5909345746040344, -1.6458982229232788, 1.6870137453079224, 1.6039906740188599, -0.7096715569496155, 3.78633189201355, -0.043891750276088715, 0.5687636733055115, -2.1539273262023926, 0.2763419449329376, 4.232233047485352, 1.6698569059371948, 2.175166368484497, -2.7908856868743896, -0.3400859534740448], [-6.4148030281066895, -0.8815861344337463, 33.58269500732422, -2.0520286560058594, 4.177748203277588, -4.477982521057129, -1.872307300567627, -0.6536547541618347, -4.906770706176758, 1.2746944427490234, 3.3348286151885986, -5.3584885597229, 4.11640739440918, -0.2550387382507324, 8.404155731201172, -7.592616558074951, -1.311264991760254, 4.8043694496154785, 0.5487258434295654, 3.618884563446045, 2.605797052383423], [-4.202928066253662, -0.6916518211364746, -2.0520286560058594, 23.296340942382812, -1.444589376449585, 1.3669617176055908, -1.7179101705551147, -2.1183693408966064, 1.17755126953125, 1.7128498554229736, -1.4156898260116577, -1.4531159400939941, -3.8605782985687256, 0.1558661162853241, -3.106872797012329, 2.043731927871704, -3.803331136703491, -0.8492105007171631, 6.107629776000977, 0.8401038646697998, 1.2935535907745361], [-3.4686996936798096, -2.7420856952667236, 4.177748203277588, -1.444589376449585, 27.991907119750977, 2.1274054050445557, 1.9332785606384277, 0.6765762567520142, 1.061653971672058, -2.8945999145507812, 6.618494987487793, -4.6119279861450195, 2.815221071243286, -8.335948944091797, -3.339556932449341, -5.186168670654297, -0.42418432235717773, -0.21654576063156128, 2.7462992668151855, 6.3659868240356445, -5.5130720138549805], [-4.2539544105529785, -3.269915819168091, -4.477982521057129, 1.3669617176055908, 2.1274054050445557, 17.999439239501953, 0.5508609414100647, 1.7919918298721313, -2.7945446968078613, 4.787546634674072, 1.1682454347610474, 5.5895843505859375, 1.4428819417953491, -4.611111640930176, 2.71513295173645, -2.1013691425323486, -2.4689714908599854, -2.0376815795898438, 3.2957518100738525, -0.9072525501251221, -2.2610480785369873], [0.09759876132011414, -0.5909345746040344, -1.872307300567627, -1.7179101705551147, 1.9332785606384277, 0.5508609414100647, 27.036602020263672, 3.904017448425293, -7.777892112731934, -4.612626075744629, 4.64649772644043, -1.1963720321655273, 3.9906809329986572, -1.4655215740203857, -1.7048648595809937, -1.2110211849212646, 2.495532751083374, 2.655687093734741, -1.417942762374878, -2.2622783184051514, -10.420679092407227], [4.069465637207031, -1.6458982229232788, -0.6536547541618347, -2.1183693408966064, 0.6765762567520142, 1.7919918298721313, 3.904017448425293, 29.45623779296875, 4.519989013671875, -9.91136360168457, 4.0694169998168945, 3.627087354660034, -3.5249955654144287, -0.06477975845336914, -1.170443058013916, 2.3129899501800537, -0.4030029773712158, -0.18641281127929688, -4.282160758972168, -0.012911081314086914, -4.025622844696045], [10.648627281188965, 1.6870137453079224, -4.906770706176758, 1.17755126953125, 1.061653971672058, -2.7945446968078613, -7.777892112731934, 4.519989013671875, 31.043935775756836, -5.389164924621582, 0.953208863735199, -6.803212642669678, 1.7330127954483032, 0.5859949588775635, -2.7073984146118164, -0.2843513488769531, -1.6612880229949951, -4.955718994140625, 4.203426837921143, 1.4569170475006104, 1.0325816869735718], [-2.5346035957336426, 1.6039906740188599, 1.2746944427490234, 1.7128498554229736, -2.8945999145507812, 4.787546634674072, -4.612626075744629, -9.91136360168457, -5.389164924621582, 22.3247013092041, -1.347407579421997, 7.801306247711182, 1.4093997478485107, -1.4513036012649536, 0.8135965466499329, 0.18244977295398712, -1.5655746459960938, -2.5392627716064453, -3.2503674030303955, 4.950150012969971, 3.1468446254730225], [1.9683064222335815, -0.7096715569496155, 3.3348286151885986, -1.4156898260116577, 6.618494987487793, 1.1682454347610474, 4.64649772644043, 4.0694169998168945, 0.953208863735199, -1.347407579421997, 30.21685028076172, -3.418001413345337, 9.058446884155273, 4.731032848358154, -2.651637077331543, -0.6784543395042419, 5.389100551605225, 5.150204658508301, -9.368339538574219, -4.250820159912109, 1.088474988937378], [-6.550326824188232, 3.78633189201355, -5.3584885597229, -1.4531159400939941, -4.6119279861450195, 5.5895843505859375, -1.1963720321655273, 3.627087354660034, -6.803212642669678, 7.801306247711182, -3.418001413345337, 22.274818420410156, -4.511428356170654, 2.782489538192749, 2.752192974090576, 3.01603627204895, 1.2350621223449707, -8.094694137573242, -5.366764545440674, 1.6310372352600098, -1.300004243850708], [-0.3946850001811981, -0.043891750276088715, 4.11640739440918, -3.8605782985687256, 2.815221071243286, 1.4428819417953491, 3.9906809329986572, -3.5249955654144287, 1.7330127954483032, 1.4093997478485107, 9.058446884155273, -4.511428356170654, 19.852249145507812, 2.2467000484466553, 1.3255231380462646, 1.570404291152954, 1.5748074054718018, -3.325205087661743, -2.1561975479125977, -4.154059410095215, -3.302971363067627], [-1.7646981477737427, 0.5687636733055115, -0.2550387382507324, 0.1558661162853241, -8.335948944091797, -4.611111640930176, -1.4655215740203857, -0.06477975845336914, 0.5859949588775635, -1.4513036012649536, 4.731032848358154, 2.782489538192749, 2.2467000484466553, 20.808008193969727, -1.2294610738754272, 4.257213592529297, -2.0047850608825684, -9.321517944335938, -2.0446155071258545, -2.718461751937866, 4.7755818367004395], [-0.0815497636795044, -2.1539273262023926, 8.404155731201172, -3.106872797012329, -3.339556932449341, 2.71513295173645, -1.7048648595809937, -1.170443058013916, -2.7073984146118164, 0.8135965466499329, -2.651637077331543, 2.752192974090576, 1.3255231380462646, -1.2294610738754272, 22.084718704223633, -1.4560291767120361, 0.5493764877319336, 0.06846237182617188, -5.319937705993652, 0.9936674237251282, -5.111246585845947], [-1.1970561742782593, 0.2763419449329376, -7.592616558074951, 2.043731927871704, -5.186168670654297, -2.1013691425323486, -1.2110211849212646, 2.3129899501800537, -0.2843513488769531, 0.18244977295398712, -0.6784543395042419, 3.01603627204895, 1.570404291152954, 4.257213592529297, -1.4560291767120361, 16.62444305419922, 0.44666969776153564, 2.8095955848693848, 2.6384024620056152, -2.782386302947998, -1.7283927202224731], [8.377229690551758, 4.232233047485352, -1.3112648725509644, -3.803330659866333, -0.42418405413627625, -2.4689712524414062, 2.495532274246216, -0.40300291776657104, -1.6612869501113892, -1.5655741691589355, 5.389100074768066, 1.2350621223449707, 1.5748072862625122, -2.0047855377197266, 0.5493769645690918, 0.4466699957847595, 23.51789093017578, 12.778772354125977, -2.0354833602905273, -4.731168746948242, 3.8519227504730225], [6.380642890930176, 1.6698564291000366, 4.804368495941162, -0.8492104411125183, -0.21654607355594635, -2.0376815795898438, 2.6556878089904785, -0.1864129900932312, -4.955719470977783, -2.5392630100250244, 5.150204181671143, -8.094695091247559, -3.325204849243164, -9.32151985168457, 0.06846223026514053, 2.809596300125122, 12.778772354125977, 33.43126678466797, 2.6134910583496094, -2.1928319931030273, -1.3368725776672363], [-0.9670591950416565, 2.175166130065918, 0.548725962638855, 6.107629776000977, 2.7462987899780273, 3.2957520484924316, -1.4179433584213257, -4.28216028213501, 4.203426361083984, -3.2503669261932373, -9.368339538574219, -5.366764068603516, -2.1561975479125977, -2.0446152687072754, -5.319937229156494, 2.638401985168457, -2.0354833602905273, 2.6134910583496094, 27.33933448791504, -3.622393846511841, -3.537442922592163], [-6.164391994476318, -2.7908852100372314, 3.618884563446045, 0.8401039242744446, 6.365986347198486, -0.907252311706543, -2.262277841567993, -0.012911299243569374, 1.4569170475006104, 4.950150489807129, -4.250820159912109, 1.6310367584228516, -4.154059410095215, -2.718461036682129, 0.9936676621437073, -2.7823870182037354, -4.731168746948242, -2.1928319931030273, -3.622393846511841, 28.05600357055664, -0.774343729019165], [6.722149848937988, -0.3400857448577881, 2.6057968139648438, 1.2935523986816406, -5.5130720138549805, -2.261047840118408, -10.420679092407227, -4.025623321533203, 1.0325827598571777, 3.1468453407287598, 1.088474988937378, -1.300004005432129, -3.302971363067627, 4.7755818367004395, -5.111246585845947, -1.7283926010131836, 3.8519225120544434, -1.3368721008300781, -3.5374436378479004, -0.7743436098098755, 25.940195083618164]], "type": "heatmap"}], "layout": {"template": {"data": {"histogram2dcontour": [{"type": "histogram2dcontour", "colorbar": {"outlinewidth": 0, "ticks": ""}, "colorscale": [[0.0, "#0d0887"], [0.1111111111111111, "#46039f"], [0.2222222222222222, "#7201a8"], [0.3333333333333333, "#9c179e"], [0.4444444444444444, "#bd3786"], [0.5555555555555556, "#d8576b"], [0.6666666666666666, "#ed7953"], [0.7777777777777778, "#fb9f3a"], [0.8888888888888888, "#fdca26"], [1.0, "#f0f921"]]}], "choropleth": [{"type": "choropleth", "colorbar": {"outlinewidth": 0, "ticks": ""}}], "histogram2d": [{"type": "histogram2d", "colorbar": {"outlinewidth": 0, "ticks": ""}, "colorscale": [[0.0, "#0d0887"], [0.1111111111111111, "#46039f"], [0.2222222222222222, "#7201a8"], [0.3333333333333333, "#9c179e"], [0.4444444444444444, "#bd3786"], [0.5555555555555556, "#d8576b"], [0.6666666666666666, "#ed7953"], [0.7777777777777778, "#fb9f3a"], [0.8888888888888888, "#fdca26"], [1.0, "#f0f921"]]}], "heatmap": [{"type": "heatmap", "colorbar": {"outlinewidth": 0, "ticks": ""}, "colorscale": [[0.0, "#0d0887"], [0.1111111111111111, "#46039f"], [0.2222222222222222, "#7201a8"], [0.3333333333333333, "#9c179e"], [0.4444444444444444, "#bd3786"], [0.5555555555555556, "#d8576b"], [0.6666666666666666, "#ed7953"], [0.7777777777777778, "#fb9f3a"], [0.8888888888888888, "#fdca26"], [1.0, "#f0f921"]]}], "heatmapgl": [{"type": "heatmapgl", "colorbar": {"outlinewidth": 0, "ticks": ""}, "colorscale": [[0.0, "#0d0887"], [0.1111111111111111, "#46039f"], [0.2222222222222222, "#7201a8"], [0.3333333333333333, "#9c179e"], [0.4444444444444444, "#bd3786"], [0.5555555555555556, "#d8576b"], [0.6666666666666666, "#ed7953"], [0.7777777777777778, "#fb9f3a"], [0.8888888888888888, "#fdca26"], [1.0, "#f0f921"]]}], "contourcarpet": [{"type": "contourcarpet", "colorbar": {"outlinewidth": 0, "ticks": ""}}], "contour": [{"type": "contour", "colorbar": {"outlinewidth": 0, "ticks": ""}, "colorscale": [[0.0, "#0d0887"], [0.1111111111111111, "#46039f"], [0.2222222222222222, "#7201a8"], [0.3333333333333333, "#9c179e"], [0.4444444444444444, "#bd3786"], [0.5555555555555556, "#d8576b"], [0.6666666666666666, "#ed7953"], [0.7777777777777778, "#fb9f3a"], [0.8888888888888888, "#fdca26"], [1.0, "#f0f921"]]}], "surface": [{"type": "surface", "colorbar": {"outlinewidth": 0, "ticks": ""}, "colorscale": [[0.0, "#0d0887"], [0.1111111111111111, "#46039f"], [0.2222222222222222, "#7201a8"], [0.3333333333333333, "#9c179e"], [0.4444444444444444, "#bd3786"], [0.5555555555555556, "#d8576b"], [0.6666666666666666, "#ed7953"], [0.7777777777777778, "#fb9f3a"], [0.8888888888888888, "#fdca26"], [1.0, "#f0f921"]]}], "mesh3d": [{"type": "mesh3d", "colorbar": {"outlinewidth": 0, "ticks": ""}}], "scatter": [{"fillpattern": {"fillmode": "overlay", "size": 10, "solidity": 0.2}, "type": "scatter"}], "parcoords": [{"type": "parcoords", "line": {"colorbar": {"outlinewidth": 0, "ticks": ""}}}], "scatterpolargl": [{"type": "scatterpolargl", "marker": {"colorbar": {"outlinewidth": 0, "ticks": ""}}}], "bar": [{"error_x": {"color": "#2a3f5f"}, "error_y": {"color": "#2a3f5f"}, "marker": {"line": {"color": "#E5ECF6", "width": 0.5}, "pattern": {"fillmode": "overlay", "size": 10, "solidity": 0.2}}, "type": "bar"}], "scattergeo": [{"type": "scattergeo", "marker": {"colorbar": {"outlinewidth": 0, "ticks": ""}}}], "scatterpolar": [{"type": "scatterpolar", "marker": {"colorbar": {"outlinewidth": 0, "ticks": ""}}}], "histogram": [{"marker": {"pattern": {"fillmode": "overlay", "size": 10, "solidity": 0.2}}, "type": "histogram"}], "scattergl": [{"type": "scattergl", "marker": {"colorbar": {"outlinewidth": 0, "ticks": ""}}}], "scatter3d": [{"type": "scatter3d", "line": {"colorbar": {"outlinewidth": 0, "ticks": ""}}, "marker": {"colorbar": {"outlinewidth": 0, "ticks": ""}}}], "scattermapbox": [{"type": "scattermapbox", "marker": {"colorbar": {"outlinewidth": 0, "ticks": ""}}}], "scatterternary": [{"type": "scatterternary", "marker": {"colorbar": {"outlinewidth": 0, "ticks": ""}}}], "scattercarpet": [{"type": "scattercarpet", "marker": {"colorbar": {"outlinewidth": 0, "ticks": ""}}}], "carpet": [{"aaxis": {"endlinecolor": "#2a3f5f", "gridcolor": "white", "linecolor": "white", "minorgridcolor": "white", "startlinecolor": "#2a3f5f"}, "baxis": {"endlinecolor": "#2a3f5f", "gridcolor": "white", "linecolor": "white", "minorgridcolor": "white", "startlinecolor": "#2a3f5f"}, "type": "carpet"}], "table": [{"cells": {"fill": {"color": "#EBF0F8"}, "line": {"color": "white"}}, "header": {"fill": {"color": "#C8D4E3"}, "line": {"color": "white"}}, "type": "table"}], "barpolar": [{"marker": {"line": {"color": "#E5ECF6", "width": 0.5}, "pattern": {"fillmode": "overlay", "size": 10, "solidity": 0.2}}, "type": "barpolar"}], "pie": [{"automargin": true, "type": "pie"}]}, "layout": {"autotypenumbers": "strict", "colorway": ["#636efa", "#EF553B", "#00cc96", "#ab63fa", "#FFA15A", "#19d3f3", "#FF6692", "#B6E880", "#FF97FF", "#FECB52"], "font": {"color": "#2a3f5f"}, "hovermode": "closest", "hoverlabel": {"align": "left"}, "paper_bgcolor": "white", "plot_bgcolor": "#E5ECF6", "polar": {"bgcolor": "#E5ECF6", "angularaxis": {"gridcolor": "white", "linecolor": "white", "ticks": ""}, "radialaxis": {"gridcolor": "white", "linecolor": "white", "ticks": ""}}, "ternary": {"bgcolor": "#E5ECF6", "aaxis": {"gridcolor": "white", "linecolor": "white", "ticks": ""}, "baxis": {"gridcolor": "white", "linecolor": "white", "ticks": ""}, "caxis": {"gridcolor": "white", "linecolor": "white", "ticks": ""}}, "coloraxis": {"colorbar": {"outlinewidth": 0, "ticks": ""}}, "colorscale": {"sequential": [[0.0, "#0d0887"], [0.1111111111111111, "#46039f"], [0.2222222222222222, "#7201a8"], [0.3333333333333333, "#9c179e"], [0.4444444444444444, "#bd3786"], [0.5555555555555556, "#d8576b"], [0.6666666666666666, "#ed7953"], [0.7777777777777778, "#fb9f3a"], [0.8888888888888888, "#fdca26"], [1.0, "#f0f921"]], "sequentialminus": [[0.0, "#0d0887"], [0.1111111111111111, "#46039f"], [0.2222222222222222, "#7201a8"], [0.3333333333333333, "#9c179e"], [0.4444444444444444, "#bd3786"], [0.5555555555555556, "#d8576b"], [0.6666666666666666, "#ed7953"], [0.7777777777777778, "#fb9f3a"], [0.8888888888888888, "#fdca26"], [1.0, "#f0f921"]], "diverging": [[0, "#8e0152"], [0.1, "#c51b7d"], [0.2, "#de77ae"], [0.3, "#f1b6da"], [0.4, "#fde0ef"], [0.5, "#f7f7f7"], [0.6, "#e6f5d0"], [0.7, "#b8e186"], [0.8, "#7fbc41"], [0.9, "#4d9221"], [1, "#276419"]]}, "xaxis": {"gridcolor": "white", "linecolor": "white", "ticks": "", "title": {"standoff": 15}, "zerolinecolor": "white", "automargin": true, "zerolinewidth": 2}, "yaxis": {"gridcolor": "white", "linecolor": "white", "ticks": "", "title": {"standoff": 15}, "zerolinecolor": "white", "automargin": true, "zerolinewidth": 2}, "scene": {"xaxis": {"backgroundcolor": "#E5ECF6", "gridcolor": "white", "linecolor": "white", "showbackground": true, "ticks": "", "zerolinecolor": "white", "gridwidth": 2}, "yaxis": {"backgroundcolor": "#E5ECF6", "gridcolor": "white", "linecolor": "white", "showbackground": true, "ticks": "", "zerolinecolor": "white", "gridwidth": 2}, "zaxis": {"backgroundcolor": "#E5ECF6", "gridcolor": "white", "linecolor": "white", "showbackground": true, "ticks": "", "zerolinecolor": "white", "gridwidth": 2}}, "shapedefaults": {"line": {"color": "#2a3f5f"}}, "annotationdefaults": {"arrowcolor": "#2a3f5f", "arrowhead": 0, "arrowwidth": 1}, "geo": {"bgcolor": "white", "landcolor": "#E5ECF6", "subunitcolor": "white", "showland": true, "showlakes": true, "lakecolor": "white"}, "title": {"x": 0.05}, "mapbox": {"style": "light"}}}}}