{"data": [{"z": [[27.7506160736084, 3.735548973083496, -6.18003511428833, -3.9601433277130127, -3.334975242614746, -4.153003215789795, 0.23573702573776245, 3.712460994720459, 10.159514427185059, -2.2029495239257812, 1.898322343826294, -6.103933334350586, -0.030798044055700302, -1.5759809017181396, -0.09354928880929947, -0.9178498983383179, 7.975710868835449, 6.077818870544434, -0.9847317934036255, -5.807703971862793, 6.504528045654297], [3.735548973083496, 8.815169334411621, -0.6783437728881836, -0.8069685697555542, -2.183035373687744, -3.1549484729766846, -0.5093687176704407, -1.5832760334014893, 1.448623538017273, 1.385434865951538, -0.7352182865142822, 3.414004325866699, 0.030609192326664925, 0.39826759696006775, -2.079263687133789, 0.14061719179153442, 4.138408660888672, 1.6753058433532715, 1.914948582649231, -2.607370376586914, -0.28201743960380554], [-6.18003511428833, -0.6783437728881836, 32.499813079833984, -1.9157109260559082, 3.84153151512146, -4.088835716247559, -2.0360074043273926, -0.8633878827095032, -4.863956928253174, 1.2604182958602905, 2.6444640159606934, -4.76298189163208, 3.7520718574523926, -0.12145071476697922, 8.269515991210938, -7.090956687927246, -1.5460598468780518, 4.481664180755615, 0.6788661479949951, 3.7179975509643555, 2.549696922302246], [-3.9601433277130127, -0.8069685697555542, -1.9157109260559082, 22.229223251342773, -1.3260908126831055, 1.375211238861084, -1.3924568891525269, -2.2701642513275146, 0.8742719292640686, 1.640688419342041, -1.3900055885314941, -1.5399960279464722, -3.531248092651367, 0.09044880419969559, -3.018930673599243, 1.8694101572036743, -3.454200029373169, -0.5156233310699463, 5.580479145050049, 0.8453946113586426, 1.3819189071655273], [-3.334975242614746, -2.183035373687744, 3.84153151512146, -1.3260908126831055, 26.793781280517578, 2.2142441272735596, 1.6859112977981567, 0.7984316945075989, 1.0850722789764404, -2.6469058990478516, 6.431191444396973, -3.9553451538085938, 2.704613208770752, -7.619164943695068, -3.0460405349731445, -4.833047389984131, -0.4306025505065918, -0.24759584665298462, 2.8373348712921143, 5.932155132293701, -5.415329456329346], [-4.153003215789795, -3.1549484729766846, -4.088835716247559, 1.375211238861084, 2.2142441272735596, 17.181011199951172, 0.6748150587081909, 1.7301048040390015, -2.7496018409729004, 4.527565956115723, 1.2513340711593628, 5.365817546844482, 1.3643558025360107, -4.539745330810547, 2.4506709575653076, -1.8505139350891113, -2.282367467880249, -1.8913673162460327, 3.122154712677002, -0.9223581552505493, -2.2859630584716797], [0.23573702573776245, -0.5093687176704407, -2.0360074043273926, -1.3924568891525269, 1.6859112977981567, 0.6748150587081909, 26.037521362304688, 3.739490270614624, -7.354227066040039, -4.397093772888184, 4.191519737243652, -0.884791374206543, 3.821073293685913, -1.2322242259979248, -1.6101582050323486, -0.8449281454086304, 2.3689334392547607, 2.436356544494629, -1.1137834787368774, -2.067056655883789, -10.273947715759277], [3.712460994720459, -1.5832760334014893, -0.8633878827095032, -2.2701642513275146, 0.7984316945075989, 1.7301048040390015, 3.739490270614624, 28.25664710998535, 3.9751360416412354, -9.56319808959961, 3.6827051639556885, 3.5166125297546387, -3.2743284702301025, 0.1969304084777832, -1.4523123502731323, 2.3802554607391357, -0.518042802810669, -0.5073761940002441, -4.441042900085449, -0.034336090087890625, -3.8399817943573], [10.159514427185059, 1.448623538017273, -4.863956928253174, 0.8742719292640686, 1.0850722789764404, -2.7496018409729004, -7.354227066040039, 3.9751360416412354, 29.839893341064453, -5.2580413818359375, 0.6853052377700806, -6.676354885101318, 1.9644280672073364, 0.8597427606582642, -2.683053493499756, -0.07756103575229645, -1.696563720703125, -4.784148693084717, 3.8656272888183594, 1.3576911687850952, 1.0614577531814575], [-2.2029495239257812, 1.385434865951538, 1.2604182958602905, 1.640688419342041, -2.6469058990478516, 4.527565956115723, -4.397093772888184, -9.56319808959961, -5.2580413818359375, 21.094924926757812, -1.4390424489974976, 7.1894989013671875, 1.1626700162887573, -1.3062872886657715, 0.4303860664367676, 0.03169089928269386, -1.6458072662353516, -2.2765514850616455, -3.3564376831054688, 4.469959259033203, 3.245060920715332], [1.898322343826294, -0.7352182865142822, 2.6444640159606934, -1.3900055885314941, 6.431191444396973, 1.2513340711593628, 4.191519737243652, 3.6827051639556885, 0.6853052377700806, -1.4390424489974976, 29.022184371948242, -3.196092128753662, 8.558761596679688, 4.821776390075684, -2.8061418533325195, -0.4491488039493561, 4.894268989562988, 4.7133893966674805, -9.147558212280273, -4.135139465332031, 1.2348628044128418], [-6.103933334350586, 3.414004325866699, -4.76298189163208, -1.5399960279464722, -3.9553451538085938, 5.365817546844482, -0.884791374206543, 3.5166125297546387, -6.676354885101318, 7.1894989013671875, -3.196092128753662, 20.8831729888916, -4.15963077545166, 2.410961151123047, 2.2962989807128906, 2.689495086669922, 1.285264492034912, -7.437563419342041, -5.513522148132324, 1.6795294284820557, -1.24217689037323], [-0.030798044055700302, 0.030609192326664925, 3.7520718574523926, -3.531248092651367, 2.704613208770752, 1.3643558025360107, 3.821073293685913, -3.2743284702301025, 1.9644280672073364, 1.1626700162887573, 8.558761596679688, -4.15963077545166, 18.88319206237793, 2.3460285663604736, 1.2476388216018677, 1.597504734992981, 1.5076185464859009, -3.1671504974365234, -1.7619869709014893, -3.9001545906066895, -3.202462673187256], [-1.5759809017181396, 0.39826759696006775, -0.12145071476697922, 0.09044880419969559, -7.619164943695068, -4.539745330810547, -1.2322242259979248, 0.1969304084777832, 0.8597427606582642, -1.3062872886657715, 4.821776390075684, 2.410961151123047, 2.3460285663604736, 19.783533096313477, -1.2294833660125732, 4.109064102172852, -1.714026689529419, -8.671032905578613, -2.019303321838379, -2.3162918090820312, 4.574572563171387], [-0.09354928880929947, -2.079263687133789, 8.269515991210938, -3.018930673599243, -3.0460405349731445, 2.4506709575653076, -1.6101582050323486, -1.4523123502731323, -2.683053493499756, 0.4303860664367676, -2.8061418533325195, 2.2962989807128906, 1.2476388216018677, -1.2294833660125732, 20.9693546295166, -1.4724515676498413, 0.4829599857330322, 0.27471494674682617, -5.1115522384643555, 0.8856699466705322, -5.031723976135254], [-0.9178498983383179, 0.14061719179153442, -7.090956687927246, 1.8694101572036743, -4.833047389984131, -1.8505139350891113, -0.8449281454086304, 2.3802554607391357, -0.07756103575229645, 0.03169089928269386, -0.4491488039493561, 2.689495086669922, 1.597504734992981, 4.109064102172852, -1.4724515676498413, 15.951512336730957, 0.6630553007125854, 3.1095728874206543, 2.3563232421875, -2.6570327281951904, -1.6057440042495728], [7.975710391998291, 4.138408660888672, -1.546059489250183, -3.4542007446289062, -0.4306027293205261, -2.282367467880249, 2.3689334392547607, -0.5180425047874451, -1.6965646743774414, -1.6458072662353516, 4.8942694664001465, 1.285264253616333, 1.5076186656951904, -1.7140272855758667, 0.48295992612838745, 0.663055419921875, 22.521385192871094, 12.10516357421875, -1.9525574445724487, -4.538011074066162, 3.817373752593994], [6.077818393707275, 1.6753062009811401, 4.481664180755615, -0.5156227350234985, -0.24759593605995178, -1.8913674354553223, 2.4363558292388916, -0.5073772668838501, -4.784148693084717, -2.276552200317383, 4.713389873504639, -7.437562465667725, -3.1671502590179443, -8.671032905578613, 0.2747146189212799, 3.1095733642578125, 12.10516357421875, 32.029090881347656, 2.7192025184631348, -2.1054186820983887, -1.4174230098724365], [-0.9847315549850464, 1.9149484634399414, 0.6788654327392578, 5.580479145050049, 2.8373348712921143, 3.122154474258423, -1.113783836364746, -4.441042423248291, 3.8656277656555176, -3.356437921524048, -9.14755630493164, -5.513522148132324, -1.7619869709014893, -2.0193042755126953, -5.111550331115723, 2.356323719024658, -1.9525574445724487, 2.7192025184631348, 26.248157501220703, -3.706674337387085, -3.437840461730957], [-5.807703495025635, -2.607370138168335, 3.7179980278015137, 0.8453946709632874, 5.932155132293701, -0.9223580360412598, -2.06705641746521, -0.03433574363589287, 1.3576910495758057, 4.4699602127075195, -4.135140895843506, 1.679528832435608, -3.9001548290252686, -2.3162920475006104, 0.8856702446937561, -2.6570334434509277, -4.538011074066162, -2.1054186820983887, -3.706674337387085, 26.651927947998047, -0.6447794437408447], [6.5045270919799805, -0.28201794624328613, 2.549696922302246, 1.3819189071655273, -5.415329456329346, -2.2859630584716797, -10.273946762084961, -3.8399810791015625, 1.061457633972168, 3.2450613975524902, 1.2348618507385254, -1.242175817489624, -3.202462911605835, 4.574572563171387, -5.031723499298096, -1.6057441234588623, 3.8173739910125732, -1.417423963546753, -3.4378409385681152, -0.6447799205780029, 25.940195083618164]], "type": "heatmap"}], "layout": {"template": {"data": {"histogram2dcontour": [{"type": "histogram2dcontour", "colorbar": {"outlinewidth": 0, "ticks": ""}, "colorscale": [[0.0, "#0d0887"], [0.1111111111111111, "#46039f"], [0.2222222222222222, "#7201a8"], [0.3333333333333333, "#9c179e"], [0.4444444444444444, "#bd3786"], [0.5555555555555556, "#d8576b"], [0.6666666666666666, "#ed7953"], [0.7777777777777778, "#fb9f3a"], [0.8888888888888888, "#fdca26"], [1.0, "#f0f921"]]}], "choropleth": [{"type": "choropleth", "colorbar": {"outlinewidth": 0, "ticks": ""}}], "histogram2d": [{"type": "histogram2d", "colorbar": {"outlinewidth": 0, "ticks": ""}, "colorscale": [[0.0, "#0d0887"], [0.1111111111111111, "#46039f"], [0.2222222222222222, "#7201a8"], [0.3333333333333333, "#9c179e"], [0.4444444444444444, "#bd3786"], [0.5555555555555556, "#d8576b"], [0.6666666666666666, "#ed7953"], [0.7777777777777778, "#fb9f3a"], [0.8888888888888888, "#fdca26"], [1.0, "#f0f921"]]}], "heatmap": [{"type": "heatmap", "colorbar": {"outlinewidth": 0, "ticks": ""}, "colorscale": [[0.0, "#0d0887"], [0.1111111111111111, "#46039f"], [0.2222222222222222, "#7201a8"], [0.3333333333333333, "#9c179e"], [0.4444444444444444, "#bd3786"], [0.5555555555555556, "#d8576b"], [0.6666666666666666, "#ed7953"], [0.7777777777777778, "#fb9f3a"], [0.8888888888888888, "#fdca26"], [1.0, "#f0f921"]]}], "heatmapgl": [{"type": "heatmapgl", "colorbar": {"outlinewidth": 0, "ticks": ""}, "colorscale": [[0.0, "#0d0887"], [0.1111111111111111, "#46039f"], [0.2222222222222222, "#7201a8"], [0.3333333333333333, "#9c179e"], [0.4444444444444444, "#bd3786"], [0.5555555555555556, "#d8576b"], [0.6666666666666666, "#ed7953"], [0.7777777777777778, "#fb9f3a"], [0.8888888888888888, "#fdca26"], [1.0, "#f0f921"]]}], "contourcarpet": [{"type": "contourcarpet", "colorbar": {"outlinewidth": 0, "ticks": ""}}], "contour": [{"type": "contour", "colorbar": {"outlinewidth": 0, "ticks": ""}, "colorscale": [[0.0, "#0d0887"], [0.1111111111111111, "#46039f"], [0.2222222222222222, "#7201a8"], [0.3333333333333333, "#9c179e"], [0.4444444444444444, "#bd3786"], [0.5555555555555556, "#d8576b"], [0.6666666666666666, "#ed7953"], [0.7777777777777778, "#fb9f3a"], [0.8888888888888888, "#fdca26"], [1.0, "#f0f921"]]}], "surface": [{"type": "surface", "colorbar": {"outlinewidth": 0, "ticks": ""}, "colorscale": [[0.0, "#0d0887"], [0.1111111111111111, "#46039f"], [0.2222222222222222, "#7201a8"], [0.3333333333333333, "#9c179e"], [0.4444444444444444, "#bd3786"], [0.5555555555555556, "#d8576b"], [0.6666666666666666, "#ed7953"], [0.7777777777777778, "#fb9f3a"], [0.8888888888888888, "#fdca26"], [1.0, "#f0f921"]]}], "mesh3d": [{"type": "mesh3d", "colorbar": {"outlinewidth": 0, "ticks": ""}}], "scatter": [{"fillpattern": {"fillmode": "overlay", "size": 10, "solidity": 0.2}, "type": "scatter"}], "parcoords": [{"type": "parcoords", "line": {"colorbar": {"outlinewidth": 0, "ticks": ""}}}], "scatterpolargl": [{"type": "scatterpolargl", "marker": {"colorbar": {"outlinewidth": 0, "ticks": ""}}}], "bar": [{"error_x": {"color": "#2a3f5f"}, "error_y": {"color": "#2a3f5f"}, "marker": {"line": {"color": "#E5ECF6", "width": 0.5}, "pattern": {"fillmode": "overlay", "size": 10, "solidity": 0.2}}, "type": "bar"}], "scattergeo": [{"type": "scattergeo", "marker": {"colorbar": {"outlinewidth": 0, "ticks": ""}}}], "scatterpolar": [{"type": "scatterpolar", "marker": {"colorbar": {"outlinewidth": 0, "ticks": ""}}}], "histogram": [{"marker": {"pattern": {"fillmode": "overlay", "size": 10, "solidity": 0.2}}, "type": "histogram"}], "scattergl": [{"type": "scattergl", "marker": {"colorbar": {"outlinewidth": 0, "ticks": ""}}}], "scatter3d": [{"type": "scatter3d", "line": {"colorbar": {"outlinewidth": 0, "ticks": ""}}, "marker": {"colorbar": {"outlinewidth": 0, "ticks": ""}}}], "scattermapbox": [{"type": "scattermapbox", "marker": {"colorbar": {"outlinewidth": 0, "ticks": ""}}}], "scatterternary": [{"type": "scatterternary", "marker": {"colorbar": {"outlinewidth": 0, "ticks": ""}}}], "scattercarpet": [{"type": "scattercarpet", "marker": {"colorbar": {"outlinewidth": 0, "ticks": ""}}}], "carpet": [{"aaxis": {"endlinecolor": "#2a3f5f", "gridcolor": "white", "linecolor": "white", "minorgridcolor": "white", "startlinecolor": "#2a3f5f"}, "baxis": {"endlinecolor": "#2a3f5f", "gridcolor": "white", "linecolor": "white", "minorgridcolor": "white", "startlinecolor": "#2a3f5f"}, "type": "carpet"}], "table": [{"cells": {"fill": {"color": "#EBF0F8"}, "line": {"color": "white"}}, "header": {"fill": {"color": "#C8D4E3"}, "line": {"color": "white"}}, "type": "table"}], "barpolar": [{"marker": {"line": {"color": "#E5ECF6", "width": 0.5}, "pattern": {"fillmode": "overlay", "size": 10, "solidity": 0.2}}, "type": "barpolar"}], "pie": [{"automargin": true, "type": "pie"}]}, "layout": {"autotypenumbers": "strict", "colorway": ["#636efa", "#EF553B", "#00cc96", "#ab63fa", "#FFA15A", "#19d3f3", "#FF6692", "#B6E880", "#FF97FF", "#FECB52"], "font": {"color": "#2a3f5f"}, "hovermode": "closest", "hoverlabel": {"align": "left"}, "paper_bgcolor": "white", "plot_bgcolor": "#E5ECF6", "polar": {"bgcolor": "#E5ECF6", "angularaxis": {"gridcolor": "white", "linecolor": "white", "ticks": ""}, "radialaxis": {"gridcolor": "white", "linecolor": "white", "ticks": ""}}, "ternary": {"bgcolor": "#E5ECF6", "aaxis": {"gridcolor": "white", "linecolor": "white", "ticks": ""}, "baxis": {"gridcolor": "white", "linecolor": "white", "ticks": ""}, "caxis": {"gridcolor": "white", "linecolor": "white", "ticks": ""}}, "coloraxis": {"colorbar": {"outlinewidth": 0, "ticks": ""}}, "colorscale": {"sequential": [[0.0, "#0d0887"], [0.1111111111111111, "#46039f"], [0.2222222222222222, "#7201a8"], [0.3333333333333333, "#9c179e"], [0.4444444444444444, "#bd3786"], [0.5555555555555556, "#d8576b"], [0.6666666666666666, "#ed7953"], [0.7777777777777778, "#fb9f3a"], [0.8888888888888888, "#fdca26"], [1.0, "#f0f921"]], "sequentialminus": [[0.0, "#0d0887"], [0.1111111111111111, "#46039f"], [0.2222222222222222, "#7201a8"], [0.3333333333333333, "#9c179e"], [0.4444444444444444, "#bd3786"], [0.5555555555555556, "#d8576b"], [0.6666666666666666, "#ed7953"], [0.7777777777777778, "#fb9f3a"], [0.8888888888888888, "#fdca26"], [1.0, "#f0f921"]], "diverging": [[0, "#8e0152"], [0.1, "#c51b7d"], [0.2, "#de77ae"], [0.3, "#f1b6da"], [0.4, "#fde0ef"], [0.5, "#f7f7f7"], [0.6, "#e6f5d0"], [0.7, "#b8e186"], [0.8, "#7fbc41"], [0.9, "#4d9221"], [1, "#276419"]]}, "xaxis": {"gridcolor": "white", "linecolor": "white", "ticks": "", "title": {"standoff": 15}, "zerolinecolor": "white", "automargin": true, "zerolinewidth": 2}, "yaxis": {"gridcolor": "white", "linecolor": "white", "ticks": "", "title": {"standoff": 15}, "zerolinecolor": "white", "automargin": true, "zerolinewidth": 2}, "scene": {"xaxis": {"backgroundcolor": "#E5ECF6", "gridcolor": "white", "linecolor": "white", "showbackground": true, "ticks": "", "zerolinecolor": "white", "gridwidth": 2}, "yaxis": {"backgroundcolor": "#E5ECF6", "gridcolor": "white", "linecolor": "white", "showbackground": true, "ticks": "", "zerolinecolor": "white", "gridwidth": 2}, "zaxis": {"backgroundcolor": "#E5ECF6", "gridcolor": "white", "linecolor": "white", "showbackground": true, "ticks": "", "zerolinecolor": "white", "gridwidth": 2}}, "shapedefaults": {"line": {"color": "#2a3f5f"}}, "annotationdefaults": {"arrowcolor": "#2a3f5f", "arrowhead": 0, "arrowwidth": 1}, "geo": {"bgcolor": "white", "landcolor": "#E5ECF6", "subunitcolor": "white", "showland": true, "showlakes": true, "lakecolor": "white"}, "title": {"x": 0.05}, "mapbox": {"style": "light"}}}}}