{"data": [{"z": [[27.563716888427734, 3.749664545059204, -6.10830545425415, -3.832280158996582, -3.252293586730957, -4.102285385131836, 0.2906585931777954, 3.7122256755828857, 10.137462615966797, -2.14530348777771, 1.8928823471069336, -5.983842372894287, 0.1004374697804451, -1.504715919494629, -0.04435761272907257, -0.8127739429473877, 7.9461517333984375, 6.0872483253479, -0.9285368919372559, -5.741045951843262, 6.434820175170898], [3.749664545059204, 8.669222831726074, -0.6247027516365051, -0.744551420211792, -2.0945727825164795, -3.0694258213043213, -0.49650782346725464, -1.4970592260360718, 1.4883657693862915, 1.3767335414886475, -0.7415697574615479, 3.4131360054016113, 0.050987742841243744, 0.4113626480102539, -2.040532112121582, 0.17744244635105133, 4.170812129974365, 1.6986396312713623, 1.9211771488189697, -2.520404815673828, -0.2442142814397812], [-6.10830545425415, -0.6247027516365051, 32.356834411621094, -1.8558968305587769, 3.854069232940674, -3.9552063941955566, -2.0216856002807617, -0.8158799409866333, -4.826127052307129, 1.2933276891708374, 2.575950860977173, -4.642391681671143, 3.7546005249023438, -0.054278984665870667, 8.3005952835083, -6.973512649536133, -1.5079543590545654, 4.495109558105469, 0.7241997718811035, 3.7768168449401855, 2.5298521518707275], [-3.832280158996582, -0.744551420211792, -1.8558968305587769, 22.162839889526367, -1.2437775135040283, 1.4482148885726929, -1.351175308227539, -2.1936235427856445, 0.9531416296958923, 1.703649878501892, -1.3840012550354004, -1.477531909942627, -3.446336030960083, 0.17162559926509857, -2.8891472816467285, 1.9597907066345215, -3.3282358646392822, -0.4233677387237549, 5.586071968078613, 0.9179184436798096, 1.3939785957336426], [-3.252293586730957, -2.0945727825164795, 3.854069232940674, -1.2437775135040283, 26.615680694580078, 2.278874158859253, 1.6863492727279663, 0.8633015751838684, 1.1272985935211182, -2.5432751178741455, 6.410766124725342, -3.8006229400634766, 2.7606420516967773, -7.496311187744141, -2.9386301040649414, -4.726601600646973, -0.3633079528808594, -0.14378011226654053, 2.877103805541992, 5.917105674743652, -5.410651206970215], [-4.102285385131836, -3.0694258213043213, -3.9552063941955566, 1.4482148885726929, 2.278874158859253, 17.1321964263916, 0.72672039270401, 1.782307744026184, -2.696350574493408, 4.5714311599731445, 1.2564560174942017, 5.400620460510254, 1.4420982599258423, -4.465619087219238, 2.503033399581909, -1.748757004737854, -2.200800895690918, -1.8461027145385742, 3.1339197158813477, -0.8063243627548218, -2.323251724243164], [0.2906585931777954, -0.49650782346725464, -2.0216856002807617, -1.351175308227539, 1.6863492727279663, 0.72672039270401, 25.860557556152344, 3.7495100498199463, -7.279481887817383, -4.334475517272949, 4.161811351776123, -0.8207024335861206, 3.8387513160705566, -1.1653910875320435, -1.5985522270202637, -0.764331579208374, 2.3831534385681152, 2.4558324813842773, -1.0779131650924683, -2.0051016807556152, -10.240781784057617], [3.7122256755828857, -1.4970592260360718, -0.8158799409866333, -2.1936235427856445, 0.8633015751838684, 1.782307744026184, 3.7495100498199463, 28.116992950439453, 3.93971586227417, -9.450078010559082, 3.6477785110473633, 3.5668535232543945, -3.150228500366211, 0.2728451192378998, -1.3869497776031494, 2.4598488807678223, -0.46947240829467773, -0.4923887252807617, -4.386660575866699, 0.020247459411621094, -3.839393377304077], [10.137462615966797, 1.4883657693862915, -4.826127052307129, 0.9531416296958923, 1.1272985935211182, -2.696350574493408, -7.279481887817383, 3.93971586227417, 29.70359230041504, -5.198263168334961, 0.6616743803024292, -6.605917453765869, 2.0325441360473633, 0.9550266265869141, -2.596910238265991, 0.044702187180519104, -1.65763521194458, -4.69864559173584, 3.884657382965088, 1.3971413373947144, 1.0556632280349731], [-2.14530348777771, 1.3767335414886475, 1.2933276891708374, 1.703649878501892, -2.5432751178741455, 4.5714311599731445, -4.334475517272949, -9.450078010559082, -5.198263168334961, 20.89629554748535, -1.4569209814071655, 7.186334133148193, 1.1744440793991089, -1.206868290901184, 0.4132419526576996, 0.04821052402257919, -1.6072622537612915, -2.2093825340270996, -3.348568916320801, 4.466843605041504, 3.268110513687134], [1.8928823471069336, -0.7415697574615479, 2.575950860977173, -1.3840012550354004, 6.410766124725342, 1.2564560174942017, 4.161811351776123, 3.6477785110473633, 0.6616743803024292, -1.4569209814071655, 28.871257781982422, -3.169088125228882, 8.515164375305176, 4.845706939697266, -2.819079637527466, -0.4197441637516022, 4.8366289138793945, 4.689547061920166, -9.117645263671875, -4.093090534210205, 1.2642858028411865], [-5.983842372894287, 3.4131360054016113, -4.642391681671143, -1.477531909942627, -3.8006229400634766, 5.400620460510254, -0.8207024335861206, 3.5668535232543945, -6.605917453765869, 7.186334133148193, -3.169088125228882, 20.741920471191406, -4.048935890197754, 2.4313178062438965, 2.2930757999420166, 2.7226736545562744, 1.3292713165283203, -7.296975135803223, -5.5040507316589355, 1.8068256378173828, -1.2657169103622437], [0.1004374697804451, 0.050987742841243744, 3.7546005249023438, -3.446336030960083, 2.7606420516967773, 1.4420982599258423, 3.8387513160705566, -3.150228500366211, 2.0325441360473633, 1.1744440793991089, 8.515164375305176, -4.048935890197754, 18.77885627746582, 2.4263904094696045, 1.3118976354599, 1.6549067497253418, 1.5728627443313599, -3.0501279830932617, -1.6873091459274292, -3.792969226837158, -3.192081928253174], [-1.504715919494629, 0.4113626480102539, -0.054278984665870667, 0.17162559926509857, -7.496311187744141, -4.465619087219238, -1.1653910875320435, 0.2728451192378998, 0.9550266265869141, -1.206868290901184, 4.845706939697266, 2.4313178062438965, 2.4263904094696045, 19.703975677490234, -1.136529564857483, 4.158229351043701, -1.6401243209838867, -8.55743408203125, -1.9748257398605347, -2.1727519035339355, 4.528684616088867], [-0.04435761272907257, -2.040532112121582, 8.3005952835083, -2.8891472816467285, -2.9386301040649414, 2.503033399581909, -1.5985522270202637, -1.3869497776031494, -2.596910238265991, 0.4132419526576996, -2.819079637527466, 2.2930757999420166, 1.3118976354599, -1.136529564857483, 20.81655502319336, -1.4004000425338745, 0.5019598007202148, 0.36545324325561523, -5.019083499908447, 0.9378577470779419, -5.011563777923584], [-0.8127739429473877, 0.17744244635105133, -6.973512649536133, 1.9597907066345215, -4.726601600646973, -1.748757004737854, -0.764331579208374, 2.4598488807678223, 0.044702187180519104, 0.04821052402257919, -0.4197441637516022, 2.7226736545562744, 1.6549067497253418, 4.158229351043701, -1.4004000425338745, 15.914657592773438, 0.75347501039505, 3.1878602504730225, 2.355609655380249, -2.5479531288146973, -1.5885491371154785], [7.9461517333984375, 4.170812606811523, -1.507955551147461, -3.3282363414764404, -0.363307923078537, -2.200800657272339, 2.383152961730957, -0.46947231888771057, -1.6576340198516846, -1.6072622537612915, 4.836629390716553, 1.3292714357376099, 1.5728625059127808, -1.6401242017745972, 0.5019593834877014, 0.7534753084182739, 22.346683502197266, 12.038548469543457, -1.8764512538909912, -4.445529937744141, 3.801318883895874], [6.0872483253479, 1.6986393928527832, 4.495109558105469, -0.4233684539794922, -0.14378008246421814, -1.8461029529571533, 2.455831527709961, -0.49238938093185425, -4.69864559173584, -2.209383487701416, 4.689548015594482, -7.296976089477539, -3.050128221511841, -8.557435035705566, 0.36545267701148987, 3.1878607273101807, 12.038548469543457, 31.831790924072266, 2.765401840209961, -2.044948101043701, -1.4558690786361694], [-0.9285367727279663, 1.9211773872375488, 0.7241995334625244, 5.586071968078613, 2.877103805541992, 3.1339197158813477, -1.077913761138916, -4.386661052703857, 3.884657621383667, -3.3485701084136963, -9.117644309997559, -5.504051685333252, -1.68730890750885, -1.9748247861862183, -5.019082546234131, 2.3556089401245117, -1.8764512538909912, 2.765401840209961, 26.115325927734375, -3.6846601963043213, -3.416100263595581], [-5.741044521331787, -2.52040433883667, 3.776817798614502, 0.9179180264472961, 5.917104721069336, -0.8063239455223083, -2.0051019191741943, 0.020247386768460274, 1.397141695022583, 4.466843605041504, -4.093090534210205, 1.8068263530731201, -3.792968988418579, -2.1727521419525146, 0.9378578066825867, -2.5479531288146973, -4.445529937744141, -2.044948101043701, -3.6846601963043213, 26.45400047302246, -0.6635221242904663], [6.434820175170898, -0.24421405792236328, 2.5298521518707275, 1.3939776420593262, -5.410651206970215, -2.3232510089874268, -10.24078369140625, -3.839392900466919, 1.0556628704071045, 3.268110513687134, 1.2642862796783447, -1.2657170295715332, -3.1920816898345947, 4.528685092926025, -5.011564254760742, -1.5885491371154785, 3.8013181686401367, -1.4558701515197754, -3.41610050201416, -0.6635216474533081, 25.940195083618164]], "type": "heatmap"}], "layout": {"template": {"data": {"histogram2dcontour": [{"type": "histogram2dcontour", "colorbar": {"outlinewidth": 0, "ticks": ""}, "colorscale": [[0.0, "#0d0887"], [0.1111111111111111, "#46039f"], [0.2222222222222222, "#7201a8"], [0.3333333333333333, "#9c179e"], [0.4444444444444444, "#bd3786"], [0.5555555555555556, "#d8576b"], [0.6666666666666666, "#ed7953"], [0.7777777777777778, "#fb9f3a"], [0.8888888888888888, "#fdca26"], [1.0, "#f0f921"]]}], "choropleth": [{"type": "choropleth", "colorbar": {"outlinewidth": 0, "ticks": ""}}], "histogram2d": [{"type": "histogram2d", "colorbar": {"outlinewidth": 0, "ticks": ""}, "colorscale": [[0.0, "#0d0887"], [0.1111111111111111, "#46039f"], [0.2222222222222222, "#7201a8"], [0.3333333333333333, "#9c179e"], [0.4444444444444444, "#bd3786"], [0.5555555555555556, "#d8576b"], [0.6666666666666666, "#ed7953"], [0.7777777777777778, "#fb9f3a"], [0.8888888888888888, "#fdca26"], [1.0, "#f0f921"]]}], "heatmap": [{"type": "heatmap", "colorbar": {"outlinewidth": 0, "ticks": ""}, "colorscale": [[0.0, "#0d0887"], [0.1111111111111111, "#46039f"], [0.2222222222222222, "#7201a8"], [0.3333333333333333, "#9c179e"], [0.4444444444444444, "#bd3786"], [0.5555555555555556, "#d8576b"], [0.6666666666666666, "#ed7953"], [0.7777777777777778, "#fb9f3a"], [0.8888888888888888, "#fdca26"], [1.0, "#f0f921"]]}], "heatmapgl": [{"type": "heatmapgl", "colorbar": {"outlinewidth": 0, "ticks": ""}, "colorscale": [[0.0, "#0d0887"], [0.1111111111111111, "#46039f"], [0.2222222222222222, "#7201a8"], [0.3333333333333333, "#9c179e"], [0.4444444444444444, "#bd3786"], [0.5555555555555556, "#d8576b"], [0.6666666666666666, "#ed7953"], [0.7777777777777778, "#fb9f3a"], [0.8888888888888888, "#fdca26"], [1.0, "#f0f921"]]}], "contourcarpet": [{"type": "contourcarpet", "colorbar": {"outlinewidth": 0, "ticks": ""}}], "contour": [{"type": "contour", "colorbar": {"outlinewidth": 0, "ticks": ""}, "colorscale": [[0.0, "#0d0887"], [0.1111111111111111, "#46039f"], [0.2222222222222222, "#7201a8"], [0.3333333333333333, "#9c179e"], [0.4444444444444444, "#bd3786"], [0.5555555555555556, "#d8576b"], [0.6666666666666666, "#ed7953"], [0.7777777777777778, "#fb9f3a"], [0.8888888888888888, "#fdca26"], [1.0, "#f0f921"]]}], "surface": [{"type": "surface", "colorbar": {"outlinewidth": 0, "ticks": ""}, "colorscale": [[0.0, "#0d0887"], [0.1111111111111111, "#46039f"], [0.2222222222222222, "#7201a8"], [0.3333333333333333, "#9c179e"], [0.4444444444444444, "#bd3786"], [0.5555555555555556, "#d8576b"], [0.6666666666666666, "#ed7953"], [0.7777777777777778, "#fb9f3a"], [0.8888888888888888, "#fdca26"], [1.0, "#f0f921"]]}], "mesh3d": [{"type": "mesh3d", "colorbar": {"outlinewidth": 0, "ticks": ""}}], "scatter": [{"fillpattern": {"fillmode": "overlay", "size": 10, "solidity": 0.2}, "type": "scatter"}], "parcoords": [{"type": "parcoords", "line": {"colorbar": {"outlinewidth": 0, "ticks": ""}}}], "scatterpolargl": [{"type": "scatterpolargl", "marker": {"colorbar": {"outlinewidth": 0, "ticks": ""}}}], "bar": [{"error_x": {"color": "#2a3f5f"}, "error_y": {"color": "#2a3f5f"}, "marker": {"line": {"color": "#E5ECF6", "width": 0.5}, "pattern": {"fillmode": "overlay", "size": 10, "solidity": 0.2}}, "type": "bar"}], "scattergeo": [{"type": "scattergeo", "marker": {"colorbar": {"outlinewidth": 0, "ticks": ""}}}], "scatterpolar": [{"type": "scatterpolar", "marker": {"colorbar": {"outlinewidth": 0, "ticks": ""}}}], "histogram": [{"marker": {"pattern": {"fillmode": "overlay", "size": 10, "solidity": 0.2}}, "type": "histogram"}], "scattergl": [{"type": "scattergl", "marker": {"colorbar": {"outlinewidth": 0, "ticks": ""}}}], "scatter3d": [{"type": "scatter3d", "line": {"colorbar": {"outlinewidth": 0, "ticks": ""}}, "marker": {"colorbar": {"outlinewidth": 0, "ticks": ""}}}], "scattermapbox": [{"type": "scattermapbox", "marker": {"colorbar": {"outlinewidth": 0, "ticks": ""}}}], "scatterternary": [{"type": "scatterternary", "marker": {"colorbar": {"outlinewidth": 0, "ticks": ""}}}], "scattercarpet": [{"type": "scattercarpet", "marker": {"colorbar": {"outlinewidth": 0, "ticks": ""}}}], "carpet": [{"aaxis": {"endlinecolor": "#2a3f5f", "gridcolor": "white", "linecolor": "white", "minorgridcolor": "white", "startlinecolor": "#2a3f5f"}, "baxis": {"endlinecolor": "#2a3f5f", "gridcolor": "white", "linecolor": "white", "minorgridcolor": "white", "startlinecolor": "#2a3f5f"}, "type": "carpet"}], "table": [{"cells": {"fill": {"color": "#EBF0F8"}, "line": {"color": "white"}}, "header": {"fill": {"color": "#C8D4E3"}, "line": {"color": "white"}}, "type": "table"}], "barpolar": [{"marker": {"line": {"color": "#E5ECF6", "width": 0.5}, "pattern": {"fillmode": "overlay", "size": 10, "solidity": 0.2}}, "type": "barpolar"}], "pie": [{"automargin": true, "type": "pie"}]}, "layout": {"autotypenumbers": "strict", "colorway": ["#636efa", "#EF553B", "#00cc96", "#ab63fa", "#FFA15A", "#19d3f3", "#FF6692", "#B6E880", "#FF97FF", "#FECB52"], "font": {"color": "#2a3f5f"}, "hovermode": "closest", "hoverlabel": {"align": "left"}, "paper_bgcolor": "white", "plot_bgcolor": "#E5ECF6", "polar": {"bgcolor": "#E5ECF6", "angularaxis": {"gridcolor": "white", "linecolor": "white", "ticks": ""}, "radialaxis": {"gridcolor": "white", "linecolor": "white", "ticks": ""}}, "ternary": {"bgcolor": "#E5ECF6", "aaxis": {"gridcolor": "white", "linecolor": "white", "ticks": ""}, "baxis": {"gridcolor": "white", "linecolor": "white", "ticks": ""}, "caxis": {"gridcolor": "white", "linecolor": "white", "ticks": ""}}, "coloraxis": {"colorbar": {"outlinewidth": 0, "ticks": ""}}, "colorscale": {"sequential": [[0.0, "#0d0887"], [0.1111111111111111, "#46039f"], [0.2222222222222222, "#7201a8"], [0.3333333333333333, "#9c179e"], [0.4444444444444444, "#bd3786"], [0.5555555555555556, "#d8576b"], [0.6666666666666666, "#ed7953"], [0.7777777777777778, "#fb9f3a"], [0.8888888888888888, "#fdca26"], [1.0, "#f0f921"]], "sequentialminus": [[0.0, "#0d0887"], [0.1111111111111111, "#46039f"], [0.2222222222222222, "#7201a8"], [0.3333333333333333, "#9c179e"], [0.4444444444444444, "#bd3786"], [0.5555555555555556, "#d8576b"], [0.6666666666666666, "#ed7953"], [0.7777777777777778, "#fb9f3a"], [0.8888888888888888, "#fdca26"], [1.0, "#f0f921"]], "diverging": [[0, "#8e0152"], [0.1, "#c51b7d"], [0.2, "#de77ae"], [0.3, "#f1b6da"], [0.4, "#fde0ef"], [0.5, "#f7f7f7"], [0.6, "#e6f5d0"], [0.7, "#b8e186"], [0.8, "#7fbc41"], [0.9, "#4d9221"], [1, "#276419"]]}, "xaxis": {"gridcolor": "white", "linecolor": "white", "ticks": "", "title": {"standoff": 15}, "zerolinecolor": "white", "automargin": true, "zerolinewidth": 2}, "yaxis": {"gridcolor": "white", "linecolor": "white", "ticks": "", "title": {"standoff": 15}, "zerolinecolor": "white", "automargin": true, "zerolinewidth": 2}, "scene": {"xaxis": {"backgroundcolor": "#E5ECF6", "gridcolor": "white", "linecolor": "white", "showbackground": true, "ticks": "", "zerolinecolor": "white", "gridwidth": 2}, "yaxis": {"backgroundcolor": "#E5ECF6", "gridcolor": "white", "linecolor": "white", "showbackground": true, "ticks": "", "zerolinecolor": "white", "gridwidth": 2}, "zaxis": {"backgroundcolor": "#E5ECF6", "gridcolor": "white", "linecolor": "white", "showbackground": true, "ticks": "", "zerolinecolor": "white", "gridwidth": 2}}, "shapedefaults": {"line": {"color": "#2a3f5f"}}, "annotationdefaults": {"arrowcolor": "#2a3f5f", "arrowhead": 0, "arrowwidth": 1}, "geo": {"bgcolor": "white", "landcolor": "#E5ECF6", "subunitcolor": "white", "showland": true, "showlakes": true, "lakecolor": "white"}, "title": {"x": 0.05}, "mapbox": {"style": "light"}}}}}