{"data": [{"z": [[28.207365036010742, 3.7962963581085205, -6.264736175537109, -4.03596305847168, -3.370323419570923, -4.154852867126465, 0.16983434557914734, 3.841029644012451, 10.316252708435059, -2.273848533630371, 1.8988189697265625, -6.276561260223389, -0.14548009634017944, -1.6455157995224, -0.07068660110235214, -0.9591430425643921, 8.105685234069824, 6.1626877784729, -0.9576499462127686, -5.893453121185303, 6.586727619171143], [3.7962963581085205, 9.077961921691895, -0.7640127539634705, -0.7848920226097107, -2.319612741470337, -3.237332344055176, -0.5093586444854736, -1.6543774604797363, 1.5051422119140625, 1.4623537063598633, -0.6977338790893555, 3.5425806045532227, 0.024873726069927216, 0.47777095437049866, -2.1229865550994873, 0.13413938879966736, 4.13142204284668, 1.6880062818527222, 1.9848376512527466, -2.6569223403930664, -0.30614373087882996], [-6.264736175537109, -0.7640127539634705, 32.84964370727539, -1.9501045942306519, 3.981214761734009, -4.254700183868408, -2.0098698139190674, -0.805679976940155, -4.869583606719971, 1.2788689136505127, 2.8365864753723145, -4.915639877319336, 3.8595006465911865, -0.11792411655187607, 8.328073501586914, -7.247805118560791, -1.4852571487426758, 4.55205774307251, 0.6650865077972412, 3.674778938293457, 2.5815699100494385], [-4.03596305847168, -0.7848920226097107, -1.9501045942306519, 22.656383514404297, -1.3572733402252197, 1.416304588317871, -1.4406474828720093, -2.2180888652801514, 0.9524688124656677, 1.708902359008789, -1.357060432434082, -1.5245110988616943, -3.5758111476898193, 0.11710578203201294, -2.992358684539795, 1.9430484771728516, -3.540435791015625, -0.5822758674621582, 5.732788562774658, 0.8394904136657715, 1.3454627990722656], [-3.370323419570923, -2.319612741470337, 3.981214761734009, -1.3572733402252197, 27.2735538482666, 2.265226125717163, 1.7838226556777954, 0.7486327290534973, 1.0913187265396118, -2.7192389965057373, 6.489444732666016, -4.094578742980957, 2.7193851470947266, -7.869165420532227, -3.135991334915161, -4.886142253875732, -0.43704354763031006, -0.2800291180610657, 2.825878620147705, 6.117617607116699, -5.463008403778076], [-4.154852867126465, -3.237332344055176, -4.254700183868408, 1.416304588317871, 2.265226125717163, 17.542560577392578, 0.6046079397201538, 1.7720420360565186, -2.7673144340515137, 4.604383945465088, 1.225986123085022, 5.481311798095703, 1.4073554277420044, -4.4768195152282715, 2.551121711730957, -1.9263660907745361, -2.3684091567993164, -1.8958141803741455, 3.22601318359375, -0.9277791976928711, -2.263546943664551], [0.16983434557914734, -0.5093586444854736, -2.0098698139190674, -1.4406474828720093, 1.7838226556777954, 0.6046079397201538, 26.438879013061523, 3.833185911178589, -7.46858024597168, -4.456846714019775, 4.327759265899658, -0.9359585046768188, 3.8677985668182373, -1.317254900932312, -1.6575231552124023, -0.9302615523338318, 2.3902008533477783, 2.4904818534851074, -1.1652042865753174, -2.1241302490234375, -10.354984283447266], [3.841029644012451, -1.6543774604797363, -0.805679976940155, -2.2180888652801514, 0.7486327290534973, 1.7720420360565186, 3.833185911178589, 28.67781639099121, 4.1422624588012695, -9.63321304321289, 3.786339521408081, 3.5826127529144287, -3.3399658203125, 0.046156082302331924, -1.3264187574386597, 2.3831827640533447, -0.47049975395202637, -0.414520263671875, -4.396538734436035, 0.012893438339233398, -3.908442258834839], [10.316252708435059, 1.5051422119140625, -4.869583606719971, 0.9524688124656677, 1.0913187265396118, -2.7673144340515137, -7.46858024597168, 4.1422624588012695, 30.240846633911133, -5.210494041442871, 0.763596773147583, -6.684706687927246, 1.9382529258728027, 0.752326488494873, -2.6181094646453857, -0.10006103664636612, -1.642805814743042, -4.8192853927612305, 3.9848644733428955, 1.402010202407837, 1.0329482555389404], [-2.273848533630371, 1.4623537063598633, 1.2788689136505127, 1.708902359008789, -2.7192389965057373, 4.604383945465088, -4.456846714019775, -9.63321304321289, -5.210494041442871, 21.5654296875, -1.420208215713501, 7.421505928039551, 1.2801604270935059, -1.341575026512146, 0.6057772040367126, 0.11991115659475327, -1.5755019187927246, -2.3228797912597656, -3.2817022800445557, 4.6929192543029785, 3.179635524749756], [1.8988189697265625, -0.6977338790893555, 2.8365864753723145, -1.357060432434082, 6.489444732666016, 1.225986123085022, 4.327759265899658, 3.786339521408081, 0.763596773147583, -1.420208215713501, 29.408105850219727, -3.23803448677063, 8.71528434753418, 4.780410289764404, -2.7978668212890625, -0.48812711238861084, 5.050844669342041, 4.809955596923828, -9.218435287475586, -4.1756720542907715, 1.172635555267334], [-6.276561260223389, 3.5425806045532227, -4.915639877319336, -1.5245110988616943, -4.094578742980957, 5.481311798095703, -0.9359585046768188, 3.5826127529144287, -6.684706687927246, 7.421505928039551, -3.23803448677063, 21.425382614135742, -4.216063976287842, 2.546931028366089, 2.492877960205078, 2.8079638481140137, 1.3566713333129883, -7.601799011230469, -5.439464092254639, 1.6708452701568604, -1.2956361770629883], [-0.14548009634017944, 0.024873726069927216, 3.8595006465911865, -3.5758111476898193, 2.7193851470947266, 1.4073554277420044, 3.8677985668182373, -3.3399658203125, 1.9382529258728027, 1.2801604270935059, 8.71528434753418, -4.216063976287842, 19.30989646911621, 2.305314540863037, 1.3114006519317627, 1.6410315036773682, 1.573913812637329, -3.232856512069702, -1.8256266117095947, -3.972975254058838, -3.251871347427368], [-1.6455157995224, 0.47777095437049866, -0.11792411655187607, 0.11710578203201294, -7.869165420532227, -4.4768195152282715, -1.317254900932312, 0.046156082302331924, 0.752326488494873, -1.341575026512146, 4.780410289764404, 2.546931028366089, 2.305314540863037, 20.211078643798828, -1.2433384656906128, 4.2039265632629395, -1.775570273399353, -8.849807739257812, -1.985291838645935, -2.422628402709961, 4.692683696746826], [-0.07068660110235214, -2.1229865550994873, 8.328073501586914, -2.992358684539795, -3.135991334915161, 2.551121711730957, -1.6575231552124023, -1.3264187574386597, -2.6181094646453857, 0.6057772040367126, -2.7978668212890625, 2.492877960205078, 1.3114006519317627, -1.2433384656906128, 21.46221351623535, -1.3713489770889282, 0.5432016849517822, 0.20351076126098633, -5.098877906799316, 0.9338688850402832, -5.088914394378662], [-0.9591430425643921, 0.13413938879966736, -7.247805118560791, 1.9430484771728516, -4.886142253875732, -1.9263660907745361, -0.9302615523338318, 2.3831827640533447, -0.10006103664636612, 0.11991115659475327, -0.48812711238861084, 2.8079638481140137, 1.6410315036773682, 4.2039265632629395, -1.3713489770889282, 16.2554988861084, 0.6289553046226501, 3.0820257663726807, 2.479048490524292, -2.710914134979248, -1.6579300165176392], [8.105685234069824, 4.131422519683838, -1.4852575063705444, -3.540436267852783, -0.43704351782798767, -2.3684093952178955, 2.390200614929199, -0.47049853205680847, -1.6428050994873047, -1.5755025148391724, 5.050845146179199, 1.3566714525222778, 1.5739136934280396, -1.7755701541900635, 0.5432014465332031, 0.6289554238319397, 22.87281036376953, 12.279546737670898, -1.9803720712661743, -4.547461032867432, 3.8159875869750977], [6.162688255310059, 1.6880062818527222, 4.552058219909668, -0.5822756886482239, -0.28002968430519104, -1.8958144187927246, 2.490481376647949, -0.4145194888114929, -4.819285869598389, -2.3228800296783447, 4.809955596923828, -7.601799964904785, -3.232856035232544, -8.849808692932129, 0.2035103291273117, 3.0820255279541016, 12.279546737670898, 32.52437973022461, 2.7101502418518066, -2.0945982933044434, -1.3762353658676147], [-0.9576501250267029, 1.9848378896713257, 0.665086567401886, 5.7327880859375, 2.825878858566284, 3.22601318359375, -1.1652040481567383, -4.396538734436035, 3.9848647117614746, -3.2817018032073975, -9.218435287475586, -5.439464569091797, -1.8256261348724365, -1.985291838645935, -5.098878383636475, 2.47904896736145, -1.9803720712661743, 2.7101502418518066, 26.571880340576172, -3.691932201385498, -3.4894299507141113], [-5.893453598022461, -2.6569221019744873, 3.6747796535491943, 0.8394899964332581, 6.117618560791016, -0.927779495716095, -2.1241295337677, 0.012893703766167164, 1.4020099639892578, 4.6929192543029785, -4.1756720542907715, 1.6708444356918335, -3.972975492477417, -2.422628164291382, 0.9338687062263489, -2.710913896560669, -4.547461032867432, -2.0945982933044434, -3.691932201385498, 27.21773910522461, -0.6903718113899231], [6.586728572845459, -0.30614376068115234, 2.5815696716308594, 1.3454627990722656, -5.463007926940918, -2.263547420501709, -10.354986190795898, -3.908442258834839, 1.0329480171203613, 3.1796364784240723, 1.172635555267334, -1.2956359386444092, -3.251871347427368, 4.692684173583984, -5.088914394378662, -1.6579303741455078, 3.815988063812256, -1.376235008239746, -3.4894299507141113, -0.6903717517852783, 25.940195083618164]], "type": "heatmap"}], "layout": {"template": {"data": {"histogram2dcontour": [{"type": "histogram2dcontour", "colorbar": {"outlinewidth": 0, "ticks": ""}, "colorscale": [[0.0, "#0d0887"], [0.1111111111111111, "#46039f"], [0.2222222222222222, "#7201a8"], [0.3333333333333333, "#9c179e"], [0.4444444444444444, "#bd3786"], [0.5555555555555556, "#d8576b"], [0.6666666666666666, "#ed7953"], [0.7777777777777778, "#fb9f3a"], [0.8888888888888888, "#fdca26"], [1.0, "#f0f921"]]}], "choropleth": [{"type": "choropleth", "colorbar": {"outlinewidth": 0, "ticks": ""}}], "histogram2d": [{"type": "histogram2d", "colorbar": {"outlinewidth": 0, "ticks": ""}, "colorscale": [[0.0, "#0d0887"], [0.1111111111111111, "#46039f"], [0.2222222222222222, "#7201a8"], [0.3333333333333333, "#9c179e"], [0.4444444444444444, "#bd3786"], [0.5555555555555556, "#d8576b"], [0.6666666666666666, "#ed7953"], [0.7777777777777778, "#fb9f3a"], [0.8888888888888888, "#fdca26"], [1.0, "#f0f921"]]}], "heatmap": [{"type": "heatmap", "colorbar": {"outlinewidth": 0, "ticks": ""}, "colorscale": [[0.0, "#0d0887"], [0.1111111111111111, "#46039f"], [0.2222222222222222, "#7201a8"], [0.3333333333333333, "#9c179e"], [0.4444444444444444, "#bd3786"], [0.5555555555555556, "#d8576b"], [0.6666666666666666, "#ed7953"], [0.7777777777777778, "#fb9f3a"], [0.8888888888888888, "#fdca26"], [1.0, "#f0f921"]]}], "heatmapgl": [{"type": "heatmapgl", "colorbar": {"outlinewidth": 0, "ticks": ""}, "colorscale": [[0.0, "#0d0887"], [0.1111111111111111, "#46039f"], [0.2222222222222222, "#7201a8"], [0.3333333333333333, "#9c179e"], [0.4444444444444444, "#bd3786"], [0.5555555555555556, "#d8576b"], [0.6666666666666666, "#ed7953"], [0.7777777777777778, "#fb9f3a"], [0.8888888888888888, "#fdca26"], [1.0, "#f0f921"]]}], "contourcarpet": [{"type": "contourcarpet", "colorbar": {"outlinewidth": 0, "ticks": ""}}], "contour": [{"type": "contour", "colorbar": {"outlinewidth": 0, "ticks": ""}, "colorscale": [[0.0, "#0d0887"], [0.1111111111111111, "#46039f"], [0.2222222222222222, "#7201a8"], [0.3333333333333333, "#9c179e"], [0.4444444444444444, "#bd3786"], [0.5555555555555556, "#d8576b"], [0.6666666666666666, "#ed7953"], [0.7777777777777778, "#fb9f3a"], [0.8888888888888888, "#fdca26"], [1.0, "#f0f921"]]}], "surface": [{"type": "surface", "colorbar": {"outlinewidth": 0, "ticks": ""}, "colorscale": [[0.0, "#0d0887"], [0.1111111111111111, "#46039f"], [0.2222222222222222, "#7201a8"], [0.3333333333333333, "#9c179e"], [0.4444444444444444, "#bd3786"], [0.5555555555555556, "#d8576b"], [0.6666666666666666, "#ed7953"], [0.7777777777777778, "#fb9f3a"], [0.8888888888888888, "#fdca26"], [1.0, "#f0f921"]]}], "mesh3d": [{"type": "mesh3d", "colorbar": {"outlinewidth": 0, "ticks": ""}}], "scatter": [{"fillpattern": {"fillmode": "overlay", "size": 10, "solidity": 0.2}, "type": "scatter"}], "parcoords": [{"type": "parcoords", "line": {"colorbar": {"outlinewidth": 0, "ticks": ""}}}], "scatterpolargl": [{"type": "scatterpolargl", "marker": {"colorbar": {"outlinewidth": 0, "ticks": ""}}}], "bar": [{"error_x": {"color": "#2a3f5f"}, "error_y": {"color": "#2a3f5f"}, "marker": {"line": {"color": "#E5ECF6", "width": 0.5}, "pattern": {"fillmode": "overlay", "size": 10, "solidity": 0.2}}, "type": "bar"}], "scattergeo": [{"type": "scattergeo", "marker": {"colorbar": {"outlinewidth": 0, "ticks": ""}}}], "scatterpolar": [{"type": "scatterpolar", "marker": {"colorbar": {"outlinewidth": 0, "ticks": ""}}}], "histogram": [{"marker": {"pattern": {"fillmode": "overlay", "size": 10, "solidity": 0.2}}, "type": "histogram"}], "scattergl": [{"type": "scattergl", "marker": {"colorbar": {"outlinewidth": 0, "ticks": ""}}}], "scatter3d": [{"type": "scatter3d", "line": {"colorbar": {"outlinewidth": 0, "ticks": ""}}, "marker": {"colorbar": {"outlinewidth": 0, "ticks": ""}}}], "scattermapbox": [{"type": "scattermapbox", "marker": {"colorbar": {"outlinewidth": 0, "ticks": ""}}}], "scatterternary": [{"type": "scatterternary", "marker": {"colorbar": {"outlinewidth": 0, "ticks": ""}}}], "scattercarpet": [{"type": "scattercarpet", "marker": {"colorbar": {"outlinewidth": 0, "ticks": ""}}}], "carpet": [{"aaxis": {"endlinecolor": "#2a3f5f", "gridcolor": "white", "linecolor": "white", "minorgridcolor": "white", "startlinecolor": "#2a3f5f"}, "baxis": {"endlinecolor": "#2a3f5f", "gridcolor": "white", "linecolor": "white", "minorgridcolor": "white", "startlinecolor": "#2a3f5f"}, "type": "carpet"}], "table": [{"cells": {"fill": {"color": "#EBF0F8"}, "line": {"color": "white"}}, "header": {"fill": {"color": "#C8D4E3"}, "line": {"color": "white"}}, "type": "table"}], "barpolar": [{"marker": {"line": {"color": "#E5ECF6", "width": 0.5}, "pattern": {"fillmode": "overlay", "size": 10, "solidity": 0.2}}, "type": "barpolar"}], "pie": [{"automargin": true, "type": "pie"}]}, "layout": {"autotypenumbers": "strict", "colorway": ["#636efa", "#EF553B", "#00cc96", "#ab63fa", "#FFA15A", "#19d3f3", "#FF6692", "#B6E880", "#FF97FF", "#FECB52"], "font": {"color": "#2a3f5f"}, "hovermode": "closest", "hoverlabel": {"align": "left"}, "paper_bgcolor": "white", "plot_bgcolor": "#E5ECF6", "polar": {"bgcolor": "#E5ECF6", "angularaxis": {"gridcolor": "white", "linecolor": "white", "ticks": ""}, "radialaxis": {"gridcolor": "white", "linecolor": "white", "ticks": ""}}, "ternary": {"bgcolor": "#E5ECF6", "aaxis": {"gridcolor": "white", "linecolor": "white", "ticks": ""}, "baxis": {"gridcolor": "white", "linecolor": "white", "ticks": ""}, "caxis": {"gridcolor": "white", "linecolor": "white", "ticks": ""}}, "coloraxis": {"colorbar": {"outlinewidth": 0, "ticks": ""}}, "colorscale": {"sequential": [[0.0, "#0d0887"], [0.1111111111111111, "#46039f"], [0.2222222222222222, "#7201a8"], [0.3333333333333333, "#9c179e"], [0.4444444444444444, "#bd3786"], [0.5555555555555556, "#d8576b"], [0.6666666666666666, "#ed7953"], [0.7777777777777778, "#fb9f3a"], [0.8888888888888888, "#fdca26"], [1.0, "#f0f921"]], "sequentialminus": [[0.0, "#0d0887"], [0.1111111111111111, "#46039f"], [0.2222222222222222, "#7201a8"], [0.3333333333333333, "#9c179e"], [0.4444444444444444, "#bd3786"], [0.5555555555555556, "#d8576b"], [0.6666666666666666, "#ed7953"], [0.7777777777777778, "#fb9f3a"], [0.8888888888888888, "#fdca26"], [1.0, "#f0f921"]], "diverging": [[0, "#8e0152"], [0.1, "#c51b7d"], [0.2, "#de77ae"], [0.3, "#f1b6da"], [0.4, "#fde0ef"], [0.5, "#f7f7f7"], [0.6, "#e6f5d0"], [0.7, "#b8e186"], [0.8, "#7fbc41"], [0.9, "#4d9221"], [1, "#276419"]]}, "xaxis": {"gridcolor": "white", "linecolor": "white", "ticks": "", "title": {"standoff": 15}, "zerolinecolor": "white", "automargin": true, "zerolinewidth": 2}, "yaxis": {"gridcolor": "white", "linecolor": "white", "ticks": "", "title": {"standoff": 15}, "zerolinecolor": "white", "automargin": true, "zerolinewidth": 2}, "scene": {"xaxis": {"backgroundcolor": "#E5ECF6", "gridcolor": "white", "linecolor": "white", "showbackground": true, "ticks": "", "zerolinecolor": "white", "gridwidth": 2}, "yaxis": {"backgroundcolor": "#E5ECF6", "gridcolor": "white", "linecolor": "white", "showbackground": true, "ticks": "", "zerolinecolor": "white", "gridwidth": 2}, "zaxis": {"backgroundcolor": "#E5ECF6", "gridcolor": "white", "linecolor": "white", "showbackground": true, "ticks": "", "zerolinecolor": "white", "gridwidth": 2}}, "shapedefaults": {"line": {"color": "#2a3f5f"}}, "annotationdefaults": {"arrowcolor": "#2a3f5f", "arrowhead": 0, "arrowwidth": 1}, "geo": {"bgcolor": "white", "landcolor": "#E5ECF6", "subunitcolor": "white", "showland": true, "showlakes": true, "lakecolor": "white"}, "title": {"x": 0.05}, "mapbox": {"style": "light"}}}}}