{"data": [{"z": [[27.564586639404297, 3.7460241317749023, -6.112100601196289, -3.8381922245025635, -3.2555837631225586, -4.106164455413818, 0.2881116569042206, 3.7097980976104736, 10.135453224182129, -2.1483771800994873, 1.8929142951965332, -5.987428665161133, 0.0933687835931778, -1.5076828002929688, -0.04797207936644554, -0.8178701400756836, 7.945070266723633, 6.084719181060791, -0.9319281578063965, -5.744813442230225, 6.437304496765137], [3.7460241317749023, 8.6699800491333, -0.6275497674942017, -0.7486673593521118, -2.0980234146118164, -3.0730113983154297, -0.49740535020828247, -1.5014551877975464, 1.4844393730163574, 1.3753254413604736, -0.7419940233230591, 3.4108009338378906, 0.04786456748843193, 0.40703800320625305, -2.0433597564697266, 0.1746150702238083, 4.168532371520996, 1.6959079504013062, 1.9196206331253052, -2.523296594619751, -0.24520130455493927], [-6.112100601196289, -0.6275497674942017, 32.35721206665039, -1.860158085823059, 3.8516390323638916, -3.961888551712036, -2.0227534770965576, -0.8210573196411133, -4.830113887786865, 1.290750503540039, 2.5773987770080566, -4.647548198699951, 3.7521321773529053, -0.058611929416656494, 8.297198295593262, -6.9788103103637695, -1.5116169452667236, 4.4925007820129395, 0.7219024300575256, 3.7731549739837646, 2.5310568809509277], [-3.8381922245025635, -0.7486673593521118, -1.860158085823059, 22.158584594726562, -1.247504472732544, 1.4427876472473145, -1.3541028499603271, -2.1983132362365723, 0.9474664926528931, 1.6990153789520264, -1.3841798305511475, -1.4817352294921875, -3.451749563217163, 0.16694220900535583, -2.8952512741088867, 1.9537314176559448, -3.334150791168213, -0.42856836318969727, 5.584087371826172, 0.9139328002929688, 1.394040822982788], [-3.2555837631225586, -2.0980234146118164, 3.8516390323638916, -1.247504472732544, 26.616914749145508, 2.273439884185791, 1.6848547458648682, 0.8593891263008118, 1.1237906217575073, -2.5479483604431152, 6.410513401031494, -3.8059046268463135, 2.756375551223755, -7.499070167541504, -2.94209885597229, -4.731017112731934, -0.36709022521972656, -0.14858949184417725, 2.875866413116455, 5.915252685546875, -5.410313606262207], [-4.106164455413818, -3.0730113983154297, -3.961888551712036, 1.4427876472473145, 2.273439884185791, 17.12473487854004, 0.7239052653312683, 1.776710867881775, -2.70023775100708, 4.567209720611572, 1.2575618028640747, 5.395632743835449, 1.4360027313232422, -4.471944808959961, 2.4984633922576904, -1.7542341947555542, -2.2043919563293457, -1.8490545749664307, 3.1309409141540527, -0.8144004344940186, -2.32173752784729], [0.2881116569042206, -0.49740535020828247, -2.0227534770965576, -1.3541028499603271, 1.6848547458648682, 0.7239052653312683, 25.862228393554688, 3.74743390083313, -7.282618045806885, -4.336385726928711, 4.161479949951172, -0.8234686851501465, 3.836418390274048, -1.1670928001403809, -1.5988249778747559, -0.7668894529342651, 2.382350444793701, 2.4537200927734375, -1.0798120498657227, -2.0081589221954346, -10.24120044708252], [3.7097980976104736, -1.5014551877975464, -0.8210573196411133, -2.1983132362365723, 0.8593891263008118, 1.776710867881775, 3.74743390083313, 28.116973876953125, 3.9387879371643066, -9.455904006958008, 3.648569107055664, 3.5637826919555664, -3.157508373260498, 0.27071353793144226, -1.3917608261108398, 2.4554216861724854, -0.4727346897125244, -0.4956846237182617, -4.389535903930664, 0.015682220458984375, -3.8377978801727295], [10.135453224182129, 1.4844393730163574, -4.830113887786865, 0.9474664926528931, 1.1237906217575073, -2.70023775100708, -7.282618045806885, 3.9387879371643066, 29.704111099243164, -5.203564643859863, 0.6616989374160767, -6.609699249267578, 2.027167797088623, 0.9509915709495544, -2.602139711380005, 0.037613965570926666, -1.6609408855438232, -4.704050540924072, 3.8828036785125732, 1.3935374021530151, 1.0568774938583374], [-2.1483771800994873, 1.3753254413604736, 1.290750503540039, 1.6990153789520264, -2.5479483604431152, 4.567209720611572, -4.336385726928711, -9.455904006958008, -5.203564643859863, 20.898555755615234, -1.4569915533065796, 7.183198928833008, 1.171402931213379, -1.2130595445632935, 0.41155022382736206, 0.045012690126895905, -1.6110637187957764, -2.213373899459839, -3.3512449264526367, 4.46364688873291, 3.2684874534606934], [1.8929142951965332, -0.7419940233230591, 2.5773987770080566, -1.3841798305511475, 6.410513401031494, 1.2575618028640747, 4.161479949951172, 3.648569107055664, 0.6616989374160767, -1.4569915533065796, 28.873567581176758, -3.170112371444702, 8.514814376831055, 4.845215320587158, -2.818598985671997, -0.42003294825553894, 4.837120056152344, 4.689087867736816, -9.117881774902344, -4.095525741577148, 1.2634271383285522], [-5.987428665161133, 3.4108009338378906, -4.647548198699951, -1.4817352294921875, -3.8059046268463135, 5.395632743835449, -0.8234686851501465, 3.5637826919555664, -6.609699249267578, 7.183198928833008, -3.170112371444702, 20.740690231323242, -4.054685115814209, 2.4286715984344482, 2.291130781173706, 2.7191579341888428, 1.3252825736999512, -7.302593231201172, -5.505899429321289, 1.7995023727416992, -1.2634384632110596], [0.0933687835931778, 0.04786456748843193, 3.7521321773529053, -3.451749563217163, 2.756375551223755, 1.4360027313232422, 3.836418390274048, -3.157508373260498, 2.027167797088623, 1.171402931213379, 8.514814376831055, -4.054685115814209, 18.775611877441406, 2.4218475818634033, 1.3074369430541992, 1.6505815982818604, 1.567075490951538, -3.0572619438171387, -1.690811276435852, -3.7981972694396973, -3.190655469894409], [-1.5076828002929688, 0.40703800320625305, -0.058611929416656494, 0.16694220900535583, -7.499070167541504, -4.471944808959961, -1.1670928001403809, 0.27071353793144226, 0.9509915709495544, -1.2130595445632935, 4.845215320587158, 2.4286715984344482, 2.4218475818634033, 19.699941635131836, -1.1401748657226562, 4.1537766456604, -1.6436570882797241, -8.561883926391602, -1.9771523475646973, -2.1790049076080322, 4.528742790222168], [-0.04797207936644554, -2.0433597564697266, 8.297198295593262, -2.8952512741088867, -2.94209885597229, 2.4984633922576904, -1.5988249778747559, -1.3917608261108398, -2.602139711380005, 0.41155022382736206, -2.818598985671997, 2.291130781173706, 1.3074369430541992, -1.1401748657226562, 20.816730499267578, -1.4057073593139648, 0.4992814064025879, 0.3613736629486084, -5.023176193237305, 0.9341810941696167, -5.010858535766602], [-0.8178701400756836, 0.1746150702238083, -6.9788103103637695, 1.9537314176559448, -4.731017112731934, -1.7542341947555542, -0.7668894529342651, 2.4554216861724854, 0.037613965570926666, 0.045012690126895905, -0.42003294825553894, 2.7191579341888428, 1.6505815982818604, 4.1537766456604, -1.4057073593139648, 15.910120964050293, 0.7480491399765015, 3.1824522018432617, 2.3537180423736572, -2.553492546081543, -1.5891093015670776], [7.945070743560791, 4.168532371520996, -1.5116175413131714, -3.334151029586792, -0.3670901656150818, -2.204392671585083, 2.3823509216308594, -0.4727350175380707, -1.6609402894973755, -1.611063838005066, 4.837120532989502, 1.325282096862793, 1.5670753717422485, -1.6436572074890137, 0.49928146600723267, 0.7480493783950806, 22.34938621520996, 12.038820266723633, -1.8797156810760498, -4.450918674468994, 3.8018171787261963], [6.084718227386475, 1.6959081888198853, 4.492501735687256, -0.4285675585269928, -0.148589625954628, -1.8490543365478516, 2.4537198543548584, -0.49568429589271545, -4.704050540924072, -2.2133731842041016, 4.6890869140625, -7.3025922775268555, -3.0572617053985596, -8.561884880065918, 0.36137333512306213, 3.18245267868042, 12.038820266723633, 31.83336639404297, 2.763277530670166, -2.0497279167175293, -1.4538617134094238], [-0.9319279193878174, 1.9196206331253052, 0.7219027280807495, 5.584088325500488, 2.875866651535034, 3.1309409141540527, -1.0798118114471436, -4.389535903930664, 3.882803440093994, -3.3512446880340576, -9.117879867553711, -5.505899906158447, -1.690811038017273, -1.97715163230896, -5.023176193237305, 2.3537180423736572, -1.8797156810760498, 2.763277530670166, 26.117570877075195, -3.6859688758850098, -3.4166741371154785], [-5.744813442230225, -2.5232961177825928, 3.7731542587280273, 0.9139330387115479, 5.9152512550354, -0.8144003748893738, -2.0081591606140137, 0.01568259671330452, 1.3935374021530151, 4.46364688873291, -4.095524787902832, 1.7995015382766724, -3.7981972694396973, -2.1790049076080322, 0.934180736541748, -2.553492784500122, -4.450918674468994, -2.0497279167175293, -3.6859688758850098, 26.45342254638672, -0.6621476411819458], [6.43730354309082, -0.24520158767700195, 2.5310564041137695, 1.3940410614013672, -5.410313606262207, -2.321737289428711, -10.24120044708252, -3.8377978801727295, 1.0568780899047852, 3.2684874534606934, 1.2634270191192627, -1.2634391784667969, -3.1906557083129883, 4.528742790222168, -5.010858535766602, -1.589109182357788, 3.8018174171447754, -1.4538609981536865, -3.4166736602783203, -0.6621476411819458, 25.940195083618164]], "type": "heatmap"}], "layout": {"template": {"data": {"histogram2dcontour": [{"type": "histogram2dcontour", "colorbar": {"outlinewidth": 0, "ticks": ""}, "colorscale": [[0.0, "#0d0887"], [0.1111111111111111, "#46039f"], [0.2222222222222222, "#7201a8"], [0.3333333333333333, "#9c179e"], [0.4444444444444444, "#bd3786"], [0.5555555555555556, "#d8576b"], [0.6666666666666666, "#ed7953"], [0.7777777777777778, "#fb9f3a"], [0.8888888888888888, "#fdca26"], [1.0, "#f0f921"]]}], "choropleth": [{"type": "choropleth", "colorbar": {"outlinewidth": 0, "ticks": ""}}], "histogram2d": [{"type": "histogram2d", "colorbar": {"outlinewidth": 0, "ticks": ""}, "colorscale": [[0.0, "#0d0887"], [0.1111111111111111, "#46039f"], [0.2222222222222222, "#7201a8"], [0.3333333333333333, "#9c179e"], [0.4444444444444444, "#bd3786"], [0.5555555555555556, "#d8576b"], [0.6666666666666666, "#ed7953"], [0.7777777777777778, "#fb9f3a"], [0.8888888888888888, "#fdca26"], [1.0, "#f0f921"]]}], "heatmap": [{"type": "heatmap", "colorbar": {"outlinewidth": 0, "ticks": ""}, "colorscale": [[0.0, "#0d0887"], [0.1111111111111111, "#46039f"], [0.2222222222222222, "#7201a8"], [0.3333333333333333, "#9c179e"], [0.4444444444444444, "#bd3786"], [0.5555555555555556, "#d8576b"], [0.6666666666666666, "#ed7953"], [0.7777777777777778, "#fb9f3a"], [0.8888888888888888, "#fdca26"], [1.0, "#f0f921"]]}], "heatmapgl": [{"type": "heatmapgl", "colorbar": {"outlinewidth": 0, "ticks": ""}, "colorscale": [[0.0, "#0d0887"], [0.1111111111111111, "#46039f"], [0.2222222222222222, "#7201a8"], [0.3333333333333333, "#9c179e"], [0.4444444444444444, "#bd3786"], [0.5555555555555556, "#d8576b"], [0.6666666666666666, "#ed7953"], [0.7777777777777778, "#fb9f3a"], [0.8888888888888888, "#fdca26"], [1.0, "#f0f921"]]}], "contourcarpet": [{"type": "contourcarpet", "colorbar": {"outlinewidth": 0, "ticks": ""}}], "contour": [{"type": "contour", "colorbar": {"outlinewidth": 0, "ticks": ""}, "colorscale": [[0.0, "#0d0887"], [0.1111111111111111, "#46039f"], [0.2222222222222222, "#7201a8"], [0.3333333333333333, "#9c179e"], [0.4444444444444444, "#bd3786"], [0.5555555555555556, "#d8576b"], [0.6666666666666666, "#ed7953"], [0.7777777777777778, "#fb9f3a"], [0.8888888888888888, "#fdca26"], [1.0, "#f0f921"]]}], "surface": [{"type": "surface", "colorbar": {"outlinewidth": 0, "ticks": ""}, "colorscale": [[0.0, "#0d0887"], [0.1111111111111111, "#46039f"], [0.2222222222222222, "#7201a8"], [0.3333333333333333, "#9c179e"], [0.4444444444444444, "#bd3786"], [0.5555555555555556, "#d8576b"], [0.6666666666666666, "#ed7953"], [0.7777777777777778, "#fb9f3a"], [0.8888888888888888, "#fdca26"], [1.0, "#f0f921"]]}], "mesh3d": [{"type": "mesh3d", "colorbar": {"outlinewidth": 0, "ticks": ""}}], "scatter": [{"fillpattern": {"fillmode": "overlay", "size": 10, "solidity": 0.2}, "type": "scatter"}], "parcoords": [{"type": "parcoords", "line": {"colorbar": {"outlinewidth": 0, "ticks": ""}}}], "scatterpolargl": [{"type": "scatterpolargl", "marker": {"colorbar": {"outlinewidth": 0, "ticks": ""}}}], "bar": [{"error_x": {"color": "#2a3f5f"}, "error_y": {"color": "#2a3f5f"}, "marker": {"line": {"color": "#E5ECF6", "width": 0.5}, "pattern": {"fillmode": "overlay", "size": 10, "solidity": 0.2}}, "type": "bar"}], "scattergeo": [{"type": "scattergeo", "marker": {"colorbar": {"outlinewidth": 0, "ticks": ""}}}], "scatterpolar": [{"type": "scatterpolar", "marker": {"colorbar": {"outlinewidth": 0, "ticks": ""}}}], "histogram": [{"marker": {"pattern": {"fillmode": "overlay", "size": 10, "solidity": 0.2}}, "type": "histogram"}], "scattergl": [{"type": "scattergl", "marker": {"colorbar": {"outlinewidth": 0, "ticks": ""}}}], "scatter3d": [{"type": "scatter3d", "line": {"colorbar": {"outlinewidth": 0, "ticks": ""}}, "marker": {"colorbar": {"outlinewidth": 0, "ticks": ""}}}], "scattermapbox": [{"type": "scattermapbox", "marker": {"colorbar": {"outlinewidth": 0, "ticks": ""}}}], "scatterternary": [{"type": "scatterternary", "marker": {"colorbar": {"outlinewidth": 0, "ticks": ""}}}], "scattercarpet": [{"type": "scattercarpet", "marker": {"colorbar": {"outlinewidth": 0, "ticks": ""}}}], "carpet": [{"aaxis": {"endlinecolor": "#2a3f5f", "gridcolor": "white", "linecolor": "white", "minorgridcolor": "white", "startlinecolor": "#2a3f5f"}, "baxis": {"endlinecolor": "#2a3f5f", "gridcolor": "white", "linecolor": "white", "minorgridcolor": "white", "startlinecolor": "#2a3f5f"}, "type": "carpet"}], "table": [{"cells": {"fill": {"color": "#EBF0F8"}, "line": {"color": "white"}}, "header": {"fill": {"color": "#C8D4E3"}, "line": {"color": "white"}}, "type": "table"}], "barpolar": [{"marker": {"line": {"color": "#E5ECF6", "width": 0.5}, "pattern": {"fillmode": "overlay", "size": 10, "solidity": 0.2}}, "type": "barpolar"}], "pie": [{"automargin": true, "type": "pie"}]}, "layout": {"autotypenumbers": "strict", "colorway": ["#636efa", "#EF553B", "#00cc96", "#ab63fa", "#FFA15A", "#19d3f3", "#FF6692", "#B6E880", "#FF97FF", "#FECB52"], "font": {"color": "#2a3f5f"}, "hovermode": "closest", "hoverlabel": {"align": "left"}, "paper_bgcolor": "white", "plot_bgcolor": "#E5ECF6", "polar": {"bgcolor": "#E5ECF6", "angularaxis": {"gridcolor": "white", "linecolor": "white", "ticks": ""}, "radialaxis": {"gridcolor": "white", "linecolor": "white", "ticks": ""}}, "ternary": {"bgcolor": "#E5ECF6", "aaxis": {"gridcolor": "white", "linecolor": "white", "ticks": ""}, "baxis": {"gridcolor": "white", "linecolor": "white", "ticks": ""}, "caxis": {"gridcolor": "white", "linecolor": "white", "ticks": ""}}, "coloraxis": {"colorbar": {"outlinewidth": 0, "ticks": ""}}, "colorscale": {"sequential": [[0.0, "#0d0887"], [0.1111111111111111, "#46039f"], [0.2222222222222222, "#7201a8"], [0.3333333333333333, "#9c179e"], [0.4444444444444444, "#bd3786"], [0.5555555555555556, "#d8576b"], [0.6666666666666666, "#ed7953"], [0.7777777777777778, "#fb9f3a"], [0.8888888888888888, "#fdca26"], [1.0, "#f0f921"]], "sequentialminus": [[0.0, "#0d0887"], [0.1111111111111111, "#46039f"], [0.2222222222222222, "#7201a8"], [0.3333333333333333, "#9c179e"], [0.4444444444444444, "#bd3786"], [0.5555555555555556, "#d8576b"], [0.6666666666666666, "#ed7953"], [0.7777777777777778, "#fb9f3a"], [0.8888888888888888, "#fdca26"], [1.0, "#f0f921"]], "diverging": [[0, "#8e0152"], [0.1, "#c51b7d"], [0.2, "#de77ae"], [0.3, "#f1b6da"], [0.4, "#fde0ef"], [0.5, "#f7f7f7"], [0.6, "#e6f5d0"], [0.7, "#b8e186"], [0.8, "#7fbc41"], [0.9, "#4d9221"], [1, "#276419"]]}, "xaxis": {"gridcolor": "white", "linecolor": "white", "ticks": "", "title": {"standoff": 15}, "zerolinecolor": "white", "automargin": true, "zerolinewidth": 2}, "yaxis": {"gridcolor": "white", "linecolor": "white", "ticks": "", "title": {"standoff": 15}, "zerolinecolor": "white", "automargin": true, "zerolinewidth": 2}, "scene": {"xaxis": {"backgroundcolor": "#E5ECF6", "gridcolor": "white", "linecolor": "white", "showbackground": true, "ticks": "", "zerolinecolor": "white", "gridwidth": 2}, "yaxis": {"backgroundcolor": "#E5ECF6", "gridcolor": "white", "linecolor": "white", "showbackground": true, "ticks": "", "zerolinecolor": "white", "gridwidth": 2}, "zaxis": {"backgroundcolor": "#E5ECF6", "gridcolor": "white", "linecolor": "white", "showbackground": true, "ticks": "", "zerolinecolor": "white", "gridwidth": 2}}, "shapedefaults": {"line": {"color": "#2a3f5f"}}, "annotationdefaults": {"arrowcolor": "#2a3f5f", "arrowhead": 0, "arrowwidth": 1}, "geo": {"bgcolor": "white", "landcolor": "#E5ECF6", "subunitcolor": "white", "showland": true, "showlakes": true, "lakecolor": "white"}, "title": {"x": 0.05}, "mapbox": {"style": "light"}}}}}