{"data": [{"z": [[27.614959716796875, 3.72402024269104, -6.148721694946289, -3.9004383087158203, -3.299225091934204, -4.139665603637695, 0.2596486210823059, 3.698481321334839, 10.127357482910156, -2.175002098083496, 1.8958138227462769, -6.03229284286499, 0.029366150498390198, -1.5429575443267822, -0.08346690982580185, -0.8781308531761169, 7.945853233337402, 6.06871223449707, -0.9664080142974854, -5.782884120941162, 6.4680376052856445], [3.72402024269104, 8.708115577697754, -0.6511389017105103, -0.7831958532333374, -2.1414005756378174, -3.107759952545166, -0.5096837282180786, -1.5450189113616943, 1.455446720123291, 1.3688538074493408, -0.7441307902336121, 3.3968334197998047, 0.02374580129981041, 0.384259432554245, -2.068310260772705, 0.15007945895195007, 4.154776096343994, 1.6796461343765259, 1.90946626663208, -2.563340425491333, -0.252829909324646], [-6.148721694946289, -0.6511389017105103, 32.396671295166016, -1.8948333263397217, 3.8287174701690674, -4.020857810974121, -2.0353147983551025, -0.8609469532966614, -4.858313083648682, 1.2716701030731201, 2.5999391078948975, -4.705708026885986, 3.7406187057495117, -0.10027099400758743, 8.272019386291504, -7.035384654998779, -1.5409202575683594, 4.476146221160889, 0.6952656507492065, 3.7414159774780273, 2.540180206298828], [-3.9004383087158203, -0.7831958532333374, -1.8948333263397217, 22.14902687072754, -1.292136311531067, 1.3926290273666382, -1.384613037109375, -2.242948293685913, 0.8982630372047424, 1.6634308099746704, -1.390701174736023, -1.5231455564498901, -3.498563051223755, 0.11605525761842728, -2.9649078845977783, 1.8908569812774658, -3.3997111320495605, -0.48333263397216797, 5.569675445556641, 0.877730131149292, 1.389693021774292], [-3.299225091934204, -2.1414005756378174, 3.8287174701690674, -1.292136311531067, 26.659170150756836, 2.223447561264038, 1.6750438213348389, 0.8181333541870117, 1.0967772006988525, -2.602327823638916, 6.414129257202148, -3.878918170928955, 2.721383571624756, -7.545084476470947, -2.9950191974639893, -4.784564018249512, -0.4050137996673584, -0.2041637897491455, 2.855651617050171, 5.900579452514648, -5.407853603363037], [-4.139665603637695, -3.107759952545166, -4.020857810974121, 1.3926290273666382, 2.223447561264038, 17.099233627319336, 0.6977245211601257, 1.733844518661499, -2.7339558601379395, 4.537228584289551, 1.26039719581604, 5.3576812744140625, 1.3856300115585327, -4.525453567504883, 2.456544876098633, -1.8059754371643066, -2.240464210510254, -1.878925085067749, 3.109534740447998, -0.8845280408859253, -2.3031845092773438], [0.2596486210823059, -0.5096837282180786, -2.0353147983551025, -1.384613037109375, 1.6750438213348389, 0.6977245211601257, 25.91019630432129, 3.731065273284912, -7.320472717285156, -4.366458415985107, 4.165224552154541, -0.8569204807281494, 3.8178858757019043, -1.1932568550109863, -1.6015570163726807, -0.8068665266036987, 2.3734331130981445, 2.435760259628296, -1.1012581586837769, -2.0419063568115234, -10.248635292053223], [3.698481321334839, -1.5450189113616943, -0.8609469532966614, -2.242948293685913, 0.8181333541870117, 1.733844518661499, 3.731065273284912, 28.14639663696289, 3.942002296447754, -9.515819549560547, 3.659630298614502, 3.532898187637329, -3.225614070892334, 0.2453719526529312, -1.443237543106079, 2.4027419090270996, -0.5047159194946289, -0.5156769752502441, -4.423705101013184, -0.026398420333862305, -3.827955484390259], [10.127357482910156, 1.455446720123291, -4.858313083648682, 0.8982630372047424, 1.0967772006988525, -2.7339558601379395, -7.320472717285156, 3.942002296447754, 29.736116409301758, -5.2442474365234375, 0.6641359925270081, -6.649808883666992, 1.9833357334136963, 0.9053698182106018, -2.6571342945098877, -0.03945058956742287, -1.6937661170959473, -4.753544330596924, 3.862531900405884, 1.3622667789459229, 1.063504934310913], [-2.175002098083496, 1.3688538074493408, 1.2716701030731201, 1.6634308099746704, -2.602327823638916, 4.537228584289551, -4.366458415985107, -9.515819549560547, -5.2442474365234375, 20.952152252197266, -1.4537652730941772, 7.160648345947266, 1.1508740186691284, -1.266761302947998, 0.4034358859062195, 0.020050691440701485, -1.6432735919952393, -2.2498703002929688, -3.3690450191497803, 4.4398674964904785, 3.2674806118011475], [1.8958138227462769, -0.7441307902336121, 2.5999391078948975, -1.390701174736023, 6.414129257202148, 1.26039719581604, 4.165224552154541, 3.659630298614502, 0.6641359925270081, -1.4537652730941772, 28.920944213867188, -3.1873600482940674, 8.522494316101074, 4.834619522094727, -2.812520742416382, -0.4327564835548401, 4.853724956512451, 4.694368839263916, -9.130563735961914, -4.119823455810547, 1.2538843154907227], [-6.03229284286499, 3.3968334197998047, -4.705708026885986, -1.5231455564498901, -3.878918170928955, 5.3576812744140625, -0.8569204807281494, 3.532898187637329, -6.649808883666992, 7.160648345947266, -3.1873600482940674, 20.754968643188477, -4.113168716430664, 2.402087450027466, 2.273442506790161, 2.6857049465179443, 1.2840845584869385, -7.372128963470459, -5.523338317871094, 1.725330114364624, -1.2477957010269165], [0.029366150498390198, 0.02374580129981041, 3.7406187057495117, -3.498563051223755, 2.721383571624756, 1.3856300115585327, 3.8178858757019043, -3.225614070892334, 1.9833357334136963, 1.1508740186691284, 8.522494316101074, -4.113168716430664, 18.782087326049805, 2.3749756813049316, 1.2649586200714111, 1.6076264381408691, 1.5184502601623535, -3.1189568042755127, -1.7288777828216553, -3.8562045097351074, -3.1883249282836914], [-1.5429575443267822, 0.384259432554245, -0.10027099400758743, 0.11605525761842728, -7.545084476470947, -4.525453567504883, -1.1932568550109863, 0.2453719526529312, 0.9053698182106018, -1.266761302947998, 4.834619522094727, 2.402087450027466, 2.3749756813049316, 19.688695907592773, -1.1891599893569946, 4.11684513092041, -1.68701171875, -8.617355346679688, -2.002901554107666, -2.251919984817505, 4.538563251495361], [-0.08346690982580185, -2.068310260772705, 8.272019386291504, -2.9649078845977783, -2.9950191974639893, 2.456544876098633, -1.6015570163726807, -1.443237543106079, -2.6571342945098877, 0.4034358859062195, -2.812520742416382, 2.273442506790161, 1.2649586200714111, -1.1891599893569946, 20.84177589416504, -1.4686814546585083, 0.4763965606689453, 0.3189566135406494, -5.077384948730469, 0.8960931301116943, -5.013060092926025], [-0.8781308531761169, 0.15007945895195007, -7.035384654998779, 1.8908569812774658, -4.784564018249512, -1.8059754371643066, -0.8068665266036987, 2.4027419090270996, -0.03945058956742287, 0.020050691440701485, -0.4327564835548401, 2.6857049465179443, 1.6076264381408691, 4.11684513092041, -1.4686814546585083, 15.876367568969727, 0.694142758846283, 3.127908229827881, 2.334517240524292, -2.611952066421509, -1.588283658027649], [7.945852279663086, 4.154775619506836, -1.5409204959869385, -3.3997113704681396, -0.40501412749290466, -2.240464687347412, 2.3734333515167236, -0.5047159790992737, -1.6937657594680786, -1.6432735919952393, 4.853724956512451, 1.2840845584869385, 1.5184504985809326, -1.6870112419128418, 0.4763965606689453, 0.6941431164741516, 22.40555763244629, 12.054959297180176, -1.9212210178375244, -4.50780725479126, 3.811917304992676], [6.0687127113342285, 1.679646372795105, 4.476146697998047, -0.4833330810070038, -0.20416316390037537, -1.8789253234863281, 2.435760259628296, -0.5156768560409546, -4.753544330596924, -2.2498703002929688, 4.694368839263916, -7.372129917144775, -3.1189568042755127, -8.617356300354004, 0.31895628571510315, 3.1279079914093018, 12.054959297180176, 31.880943298339844, 2.7336435317993164, -2.0931811332702637, -1.4384747743606567], [-0.966407835483551, 1.9094659090042114, 0.6952654123306274, 5.569675445556641, 2.855651617050171, 3.109534502029419, -1.101258397102356, -4.423705577850342, 3.8625316619873047, -3.369044780731201, -9.130563735961914, -5.523339748382568, -1.7288782596588135, -2.0029008388519287, -5.0773844718933105, 2.334517002105713, -1.9212210178375244, 2.7336435317993164, 26.158336639404297, -3.700608968734741, -3.4209110736846924], [-5.782883644104004, -2.563340425491333, 3.7414166927337646, 0.8777295351028442, 5.900580883026123, -0.8845278024673462, -2.0419058799743652, -0.026398487389087677, 1.362267017364502, 4.4398674964904785, -4.1198225021362305, 1.725330114364624, -3.8562047481536865, -2.251919984817505, 0.8960930705070496, -2.611952304840088, -4.50780725479126, -2.0931811332702637, -3.700608968734741, 26.49443817138672, -0.6463505029678345], [6.4680376052856445, -0.25282979011535645, 2.54017972946167, 1.389693260192871, -5.407853603363037, -2.303185224533081, -10.248634338378906, -3.827955722808838, 1.0635051727294922, 3.2674803733825684, 1.2538843154907227, -1.2477953433990479, -3.1883246898651123, 4.5385637283325195, -5.013059616088867, -1.5882840156555176, 3.811917781829834, -1.4384751319885254, -3.4209108352661133, -0.6463505029678345, 25.940195083618164]], "type": "heatmap"}], "layout": {"template": {"data": {"histogram2dcontour": [{"type": "histogram2dcontour", "colorbar": {"outlinewidth": 0, "ticks": ""}, "colorscale": [[0.0, "#0d0887"], [0.1111111111111111, "#46039f"], [0.2222222222222222, "#7201a8"], [0.3333333333333333, "#9c179e"], [0.4444444444444444, "#bd3786"], [0.5555555555555556, "#d8576b"], [0.6666666666666666, "#ed7953"], [0.7777777777777778, "#fb9f3a"], [0.8888888888888888, "#fdca26"], [1.0, "#f0f921"]]}], "choropleth": [{"type": "choropleth", "colorbar": {"outlinewidth": 0, "ticks": ""}}], "histogram2d": [{"type": "histogram2d", "colorbar": {"outlinewidth": 0, "ticks": ""}, "colorscale": [[0.0, "#0d0887"], [0.1111111111111111, "#46039f"], [0.2222222222222222, "#7201a8"], [0.3333333333333333, "#9c179e"], [0.4444444444444444, "#bd3786"], [0.5555555555555556, "#d8576b"], [0.6666666666666666, "#ed7953"], [0.7777777777777778, "#fb9f3a"], [0.8888888888888888, "#fdca26"], [1.0, "#f0f921"]]}], "heatmap": [{"type": "heatmap", "colorbar": {"outlinewidth": 0, "ticks": ""}, "colorscale": [[0.0, "#0d0887"], [0.1111111111111111, "#46039f"], [0.2222222222222222, "#7201a8"], [0.3333333333333333, "#9c179e"], [0.4444444444444444, "#bd3786"], [0.5555555555555556, "#d8576b"], [0.6666666666666666, "#ed7953"], [0.7777777777777778, "#fb9f3a"], [0.8888888888888888, "#fdca26"], [1.0, "#f0f921"]]}], "heatmapgl": [{"type": "heatmapgl", "colorbar": {"outlinewidth": 0, "ticks": ""}, "colorscale": [[0.0, "#0d0887"], [0.1111111111111111, "#46039f"], [0.2222222222222222, "#7201a8"], [0.3333333333333333, "#9c179e"], [0.4444444444444444, "#bd3786"], [0.5555555555555556, "#d8576b"], [0.6666666666666666, "#ed7953"], [0.7777777777777778, "#fb9f3a"], [0.8888888888888888, "#fdca26"], [1.0, "#f0f921"]]}], "contourcarpet": [{"type": "contourcarpet", "colorbar": {"outlinewidth": 0, "ticks": ""}}], "contour": [{"type": "contour", "colorbar": {"outlinewidth": 0, "ticks": ""}, "colorscale": [[0.0, "#0d0887"], [0.1111111111111111, "#46039f"], [0.2222222222222222, "#7201a8"], [0.3333333333333333, "#9c179e"], [0.4444444444444444, "#bd3786"], [0.5555555555555556, "#d8576b"], [0.6666666666666666, "#ed7953"], [0.7777777777777778, "#fb9f3a"], [0.8888888888888888, "#fdca26"], [1.0, "#f0f921"]]}], "surface": [{"type": "surface", "colorbar": {"outlinewidth": 0, "ticks": ""}, "colorscale": [[0.0, "#0d0887"], [0.1111111111111111, "#46039f"], [0.2222222222222222, "#7201a8"], [0.3333333333333333, "#9c179e"], [0.4444444444444444, "#bd3786"], [0.5555555555555556, "#d8576b"], [0.6666666666666666, "#ed7953"], [0.7777777777777778, "#fb9f3a"], [0.8888888888888888, "#fdca26"], [1.0, "#f0f921"]]}], "mesh3d": [{"type": "mesh3d", "colorbar": {"outlinewidth": 0, "ticks": ""}}], "scatter": [{"fillpattern": {"fillmode": "overlay", "size": 10, "solidity": 0.2}, "type": "scatter"}], "parcoords": [{"type": "parcoords", "line": {"colorbar": {"outlinewidth": 0, "ticks": ""}}}], "scatterpolargl": [{"type": "scatterpolargl", "marker": {"colorbar": {"outlinewidth": 0, "ticks": ""}}}], "bar": [{"error_x": {"color": "#2a3f5f"}, "error_y": {"color": "#2a3f5f"}, "marker": {"line": {"color": "#E5ECF6", "width": 0.5}, "pattern": {"fillmode": "overlay", "size": 10, "solidity": 0.2}}, "type": "bar"}], "scattergeo": [{"type": "scattergeo", "marker": {"colorbar": {"outlinewidth": 0, "ticks": ""}}}], "scatterpolar": [{"type": "scatterpolar", "marker": {"colorbar": {"outlinewidth": 0, "ticks": ""}}}], "histogram": [{"marker": {"pattern": {"fillmode": "overlay", "size": 10, "solidity": 0.2}}, "type": "histogram"}], "scattergl": [{"type": "scattergl", "marker": {"colorbar": {"outlinewidth": 0, "ticks": ""}}}], "scatter3d": [{"type": "scatter3d", "line": {"colorbar": {"outlinewidth": 0, "ticks": ""}}, "marker": {"colorbar": {"outlinewidth": 0, "ticks": ""}}}], "scattermapbox": [{"type": "scattermapbox", "marker": {"colorbar": {"outlinewidth": 0, "ticks": ""}}}], "scatterternary": [{"type": "scatterternary", "marker": {"colorbar": {"outlinewidth": 0, "ticks": ""}}}], "scattercarpet": [{"type": "scattercarpet", "marker": {"colorbar": {"outlinewidth": 0, "ticks": ""}}}], "carpet": [{"aaxis": {"endlinecolor": "#2a3f5f", "gridcolor": "white", "linecolor": "white", "minorgridcolor": "white", "startlinecolor": "#2a3f5f"}, "baxis": {"endlinecolor": "#2a3f5f", "gridcolor": "white", "linecolor": "white", "minorgridcolor": "white", "startlinecolor": "#2a3f5f"}, "type": "carpet"}], "table": [{"cells": {"fill": {"color": "#EBF0F8"}, "line": {"color": "white"}}, "header": {"fill": {"color": "#C8D4E3"}, "line": {"color": "white"}}, "type": "table"}], "barpolar": [{"marker": {"line": {"color": "#E5ECF6", "width": 0.5}, "pattern": {"fillmode": "overlay", "size": 10, "solidity": 0.2}}, "type": "barpolar"}], "pie": [{"automargin": true, "type": "pie"}]}, "layout": {"autotypenumbers": "strict", "colorway": ["#636efa", "#EF553B", "#00cc96", "#ab63fa", "#FFA15A", "#19d3f3", "#FF6692", "#B6E880", "#FF97FF", "#FECB52"], "font": {"color": "#2a3f5f"}, "hovermode": "closest", "hoverlabel": {"align": "left"}, "paper_bgcolor": "white", "plot_bgcolor": "#E5ECF6", "polar": {"bgcolor": "#E5ECF6", "angularaxis": {"gridcolor": "white", "linecolor": "white", "ticks": ""}, "radialaxis": {"gridcolor": "white", "linecolor": "white", "ticks": ""}}, "ternary": {"bgcolor": "#E5ECF6", "aaxis": {"gridcolor": "white", "linecolor": "white", "ticks": ""}, "baxis": {"gridcolor": "white", "linecolor": "white", "ticks": ""}, "caxis": {"gridcolor": "white", "linecolor": "white", "ticks": ""}}, "coloraxis": {"colorbar": {"outlinewidth": 0, "ticks": ""}}, "colorscale": {"sequential": [[0.0, "#0d0887"], [0.1111111111111111, "#46039f"], [0.2222222222222222, "#7201a8"], [0.3333333333333333, "#9c179e"], [0.4444444444444444, "#bd3786"], [0.5555555555555556, "#d8576b"], [0.6666666666666666, "#ed7953"], [0.7777777777777778, "#fb9f3a"], [0.8888888888888888, "#fdca26"], [1.0, "#f0f921"]], "sequentialminus": [[0.0, "#0d0887"], [0.1111111111111111, "#46039f"], [0.2222222222222222, "#7201a8"], [0.3333333333333333, "#9c179e"], [0.4444444444444444, "#bd3786"], [0.5555555555555556, "#d8576b"], [0.6666666666666666, "#ed7953"], [0.7777777777777778, "#fb9f3a"], [0.8888888888888888, "#fdca26"], [1.0, "#f0f921"]], "diverging": [[0, "#8e0152"], [0.1, "#c51b7d"], [0.2, "#de77ae"], [0.3, "#f1b6da"], [0.4, "#fde0ef"], [0.5, "#f7f7f7"], [0.6, "#e6f5d0"], [0.7, "#b8e186"], [0.8, "#7fbc41"], [0.9, "#4d9221"], [1, "#276419"]]}, "xaxis": {"gridcolor": "white", "linecolor": "white", "ticks": "", "title": {"standoff": 15}, "zerolinecolor": "white", "automargin": true, "zerolinewidth": 2}, "yaxis": {"gridcolor": "white", "linecolor": "white", "ticks": "", "title": {"standoff": 15}, "zerolinecolor": "white", "automargin": true, "zerolinewidth": 2}, "scene": {"xaxis": {"backgroundcolor": "#E5ECF6", "gridcolor": "white", "linecolor": "white", "showbackground": true, "ticks": "", "zerolinecolor": "white", "gridwidth": 2}, "yaxis": {"backgroundcolor": "#E5ECF6", "gridcolor": "white", "linecolor": "white", "showbackground": true, "ticks": "", "zerolinecolor": "white", "gridwidth": 2}, "zaxis": {"backgroundcolor": "#E5ECF6", "gridcolor": "white", "linecolor": "white", "showbackground": true, "ticks": "", "zerolinecolor": "white", "gridwidth": 2}}, "shapedefaults": {"line": {"color": "#2a3f5f"}}, "annotationdefaults": {"arrowcolor": "#2a3f5f", "arrowhead": 0, "arrowwidth": 1}, "geo": {"bgcolor": "white", "landcolor": "#E5ECF6", "subunitcolor": "white", "showland": true, "showlakes": true, "lakecolor": "white"}, "title": {"x": 0.05}, "mapbox": {"style": "light"}}}}}