{"data": [{"z": [[27.79698371887207, 3.744961977005005, -6.188170909881592, -3.9728667736053467, -3.344412326812744, -4.150810241699219, 0.22968071699142456, 3.723686695098877, 10.176919937133789, -2.210178852081299, 1.9008923768997192, -6.1287031173706055, -0.044979218393564224, -1.5911399126052856, -0.09304897487163544, -0.9247610569000244, 7.989419937133789, 6.086588382720947, -0.9845712184906006, -5.811152458190918, 6.515077590942383], [3.744961977005005, 8.845187187194824, -0.6861539483070374, -0.8094235062599182, -2.189793109893799, -3.1749107837677, -0.5114040374755859, -1.5897176265716553, 1.4454076290130615, 1.390852689743042, -0.7296674251556396, 3.4215450286865234, 0.03115677461028099, 0.4115322232246399, -2.0837976932525635, 0.13665299117565155, 4.135058403015137, 1.677164077758789, 1.9206304550170898, -2.615799903869629, -0.28492510318756104], [-6.188170909881592, -0.6861539483070374, 32.53428268432617, -1.914674997329712, 3.85355544090271, -4.115135192871094, -2.0354807376861572, -0.8542034029960632, -4.86618709564209, 1.2628564834594727, 2.6602823734283447, -4.786491394042969, 3.76100492477417, -0.12327966839075089, 8.278284072875977, -7.111778736114502, -1.5462357997894287, 4.489592552185059, 0.6780999898910522, 3.7151684761047363, 2.551996946334839], [-3.9728667736053467, -0.8094235062599182, -1.914674997329712, 22.27214813232422, -1.3320566415786743, 1.3747351169586182, -1.395358920097351, -2.269564390182495, 0.8732104897499084, 1.6428310871124268, -1.387730598449707, -1.5396288633346558, -3.535057306289673, 0.08563245832920074, -3.0186123847961426, 1.8719983100891113, -3.465803623199463, -0.5179779529571533, 5.590266227722168, 0.8401072025299072, 1.378462314605713], [-3.344412326812744, -2.189793109893799, 3.85355544090271, -1.3320566415786743, 26.84397315979004, 2.21795654296875, 1.6925833225250244, 0.7950597405433655, 1.0796294212341309, -2.6576223373413086, 6.439289093017578, -3.9821488857269287, 2.7014222145080566, -7.645322799682617, -3.0571911334991455, -4.843134880065918, -0.4296290874481201, -0.2565574049949646, 2.830000877380371, 5.947826385498047, -5.418317794799805], [-4.150810241699219, -3.1749107837677, -4.115135192871094, 1.3747351169586182, 2.21795654296875, 17.210670471191406, 0.6601186394691467, 1.7345256805419922, -2.758344888687134, 4.5249247550964355, 1.247822642326355, 5.3728108406066895, 1.3643274307250977, -4.527002811431885, 2.455084800720215, -1.8682646751403809, -2.2993054389953613, -1.888733983039856, 3.130504608154297, -0.9306646585464478, -2.278172492980957], [0.22968071699142456, -0.5114040374755859, -2.0354807376861572, -1.395358920097351, 1.6925833225250244, 0.6601186394691467, 26.083030700683594, 3.7479207515716553, -7.364971160888672, -4.4070916175842285, 4.204631805419922, -0.8946359753608704, 3.822272777557373, -1.2460016012191772, -1.6167607307434082, -0.8571390509605408, 2.3688206672668457, 2.4384472370147705, -1.1187635660171509, -2.078889846801758, -10.283400535583496], [3.723686695098877, -1.5897176265716553, -0.8542034029960632, -2.269564390182495, 0.7950597405433655, 1.7345256805419922, 3.7479207515716553, 28.30225372314453, 3.9886419773101807, -9.568144798278809, 3.6917762756347656, 3.51757550239563, -3.2788496017456055, 0.18014967441558838, -1.4370704889297485, 2.379239559173584, -0.5152769088745117, -0.5015802383422852, -4.439401149749756, -0.023817062377929688, -3.8477466106414795], [10.176919937133789, 1.4454076290130615, -4.86618709564209, 0.8732104897499084, 1.0796294212341309, -2.758344888687134, -7.364971160888672, 3.9886419773101807, 29.876192092895508, -5.255792140960693, 0.6908731460571289, -6.682950973510742, 1.9631454944610596, 0.8407121300697327, -2.67476749420166, -0.08825595676898956, -1.6941601037979126, -4.795624732971191, 3.8727428913116455, 1.3651987314224243, 1.0607657432556152], [-2.210178852081299, 1.390852689743042, 1.2628564834594727, 1.6428310871124268, -2.6576223373413086, 4.5249247550964355, -4.4070916175842285, -9.568144798278809, -5.255792140960693, 21.148576736450195, -1.4358110427856445, 7.206796169281006, 1.174521565437317, -1.3192486763000488, 0.45012691617012024, 0.03912532702088356, -1.6441948413848877, -2.281805992126465, -3.347318649291992, 4.494198799133301, 3.235391855239868], [1.9008923768997192, -0.7296674251556396, 2.6602823734283447, -1.387730598449707, 6.439289093017578, 1.247822642326355, 4.204631805419922, 3.6917762756347656, 0.6908731460571289, -1.4358110427856445, 29.061443328857422, -3.204965591430664, 8.57547378540039, 4.813569068908691, -2.806295871734619, -0.45550936460494995, 4.910429954528809, 4.720297336578369, -9.155624389648438, -4.134775638580322, 1.2282052040100098], [-6.1287031173706055, 3.4215450286865234, -4.786491394042969, -1.5396288633346558, -3.9821488857269287, 5.3728108406066895, -0.8946359753608704, 3.51757550239563, -6.682950973510742, 7.206796169281006, -3.204965591430664, 20.93413543701172, -4.172786712646484, 2.419264793395996, 2.3112070560455322, 2.691288471221924, 1.2854039669036865, -7.455763816833496, -5.504144191741943, 1.675093173980713, -1.2404611110687256], [-0.044979218393564224, 0.03115677461028099, 3.76100492477417, -3.535057306289673, 2.7014222145080566, 1.3643274307250977, 3.822272777557373, -3.2788496017456055, 1.9631454944610596, 1.174521565437317, 8.57547378540039, -4.172786712646484, 18.934158325195312, 2.334095001220703, 1.2565832138061523, 1.602907657623291, 1.5145384073257446, -3.175637722015381, -1.764514446258545, -3.9027042388916016, -3.2088468074798584], [-1.5911399126052856, 0.4115322232246399, -0.12327966839075089, 0.08563245832920074, -7.645322799682617, -4.527002811431885, -1.2460016012191772, 0.18014967441558838, 0.8407121300697327, -1.3192486763000488, 4.813569068908691, 2.419264793395996, 2.334095001220703, 19.82389259338379, -1.2402673959732056, 4.116672515869141, -1.72035551071167, -8.685600280761719, -2.0213382244110107, -2.3322134017944336, 4.594898700714111], [-0.09304897487163544, -2.0837976932525635, 8.278284072875977, -3.0186123847961426, -3.0571911334991455, 2.455084800720215, -1.6167607307434082, -1.4370704889297485, -2.67476749420166, 0.45012691617012024, -2.806295871734619, 2.3112070560455322, 1.2565832138061523, -1.2402673959732056, 21.028942108154297, -1.4586946964263916, 0.49103379249572754, 0.2674572467803955, -5.107517242431641, 0.8921212553977966, -5.040613174438477], [-0.9247610569000244, 0.13665299117565155, -7.111778736114502, 1.8719983100891113, -4.843134880065918, -1.8682646751403809, -0.8571390509605408, 2.379239559173584, -0.08825595676898956, 0.03912532702088356, -0.45550936460494995, 2.691288471221924, 1.602907657623291, 4.116672515869141, -1.4586946964263916, 15.979216575622559, 0.6556172966957092, 3.1084232330322266, 2.3682544231414795, -2.6658761501312256, -1.6106590032577515], [7.989418983459473, 4.135058403015137, -1.5462355613708496, -3.465803384780884, -0.42962920665740967, -2.299304962158203, 2.3688204288482666, -0.5152765512466431, -1.6941595077514648, -1.6441947221755981, 4.910429000854492, 1.285403847694397, 1.5145390033721924, -1.7203556299209595, 0.4910341203212738, 0.655617356300354, 22.55944061279297, 12.12366008758545, -1.9602785110473633, -4.539675712585449, 3.8165223598480225], [6.0865888595581055, 1.6771637201309204, 4.4895920753479, -0.5179780125617981, -0.2565571367740631, -1.8887338638305664, 2.4384469985961914, -0.5015808939933777, -4.795624732971191, -2.281806230545044, 4.720296859741211, -7.455763816833496, -3.1756372451782227, -8.685602188110352, 0.26745739579200745, 3.1084229946136475, 12.12366008758545, 32.091854095458984, 2.7209973335266113, -2.1005749702453613, -1.4089319705963135], [-0.9845710396766663, 1.9206304550170898, 0.6781008839607239, 5.590265274047852, 2.830000877380371, 3.130504608154297, -1.1187632083892822, -4.439400672912598, 3.872743606567383, -3.3473188877105713, -9.155624389648438, -5.504144191741943, -1.7645145654678345, -2.0213379859924316, -5.107517719268799, 2.3682544231414795, -1.9602785110473633, 2.7209973335266113, 26.279876708984375, -3.7072701454162598, -3.4457719326019287], [-5.81115198135376, -2.615800142288208, 3.7151682376861572, 0.8401075601577759, 5.947826385498047, -0.9306648373603821, -2.078889846801758, -0.02381804771721363, 1.3651986122131348, 4.494198799133301, -4.1347761154174805, 1.675093412399292, -3.9027040004730225, -2.3322134017944336, 0.8921213746070862, -2.6658761501312256, -4.539675712585449, -2.1005749702453613, -3.7072701454162598, 26.715179443359375, -0.6495711207389832], [6.515077114105225, -0.2849249839782715, 2.551997184753418, 1.3784618377685547, -5.418318271636963, -2.2781729698181152, -10.283401489257812, -3.8477466106414795, 1.0607657432556152, 3.235391616821289, 1.228205680847168, -1.2404606342315674, -3.2088468074798584, 4.594898700714111, -5.040613651275635, -1.610659122467041, 3.8165218830108643, -1.4089322090148926, -3.4457719326019287, -0.6495708227157593, 25.940195083618164]], "type": "heatmap"}], "layout": {"template": {"data": {"histogram2dcontour": [{"type": "histogram2dcontour", "colorbar": {"outlinewidth": 0, "ticks": ""}, "colorscale": [[0.0, "#0d0887"], [0.1111111111111111, "#46039f"], [0.2222222222222222, "#7201a8"], [0.3333333333333333, "#9c179e"], [0.4444444444444444, "#bd3786"], [0.5555555555555556, "#d8576b"], [0.6666666666666666, "#ed7953"], [0.7777777777777778, "#fb9f3a"], [0.8888888888888888, "#fdca26"], [1.0, "#f0f921"]]}], "choropleth": [{"type": "choropleth", "colorbar": {"outlinewidth": 0, "ticks": ""}}], "histogram2d": [{"type": "histogram2d", "colorbar": {"outlinewidth": 0, "ticks": ""}, "colorscale": [[0.0, "#0d0887"], [0.1111111111111111, "#46039f"], [0.2222222222222222, "#7201a8"], [0.3333333333333333, "#9c179e"], [0.4444444444444444, "#bd3786"], [0.5555555555555556, "#d8576b"], [0.6666666666666666, "#ed7953"], [0.7777777777777778, "#fb9f3a"], [0.8888888888888888, "#fdca26"], [1.0, "#f0f921"]]}], "heatmap": [{"type": "heatmap", "colorbar": {"outlinewidth": 0, "ticks": ""}, "colorscale": [[0.0, "#0d0887"], [0.1111111111111111, "#46039f"], [0.2222222222222222, "#7201a8"], [0.3333333333333333, "#9c179e"], [0.4444444444444444, "#bd3786"], [0.5555555555555556, "#d8576b"], [0.6666666666666666, "#ed7953"], [0.7777777777777778, "#fb9f3a"], [0.8888888888888888, "#fdca26"], [1.0, "#f0f921"]]}], "heatmapgl": [{"type": "heatmapgl", "colorbar": {"outlinewidth": 0, "ticks": ""}, "colorscale": [[0.0, "#0d0887"], [0.1111111111111111, "#46039f"], [0.2222222222222222, "#7201a8"], [0.3333333333333333, "#9c179e"], [0.4444444444444444, "#bd3786"], [0.5555555555555556, "#d8576b"], [0.6666666666666666, "#ed7953"], [0.7777777777777778, "#fb9f3a"], [0.8888888888888888, "#fdca26"], [1.0, "#f0f921"]]}], "contourcarpet": [{"type": "contourcarpet", "colorbar": {"outlinewidth": 0, "ticks": ""}}], "contour": [{"type": "contour", "colorbar": {"outlinewidth": 0, "ticks": ""}, "colorscale": [[0.0, "#0d0887"], [0.1111111111111111, "#46039f"], [0.2222222222222222, "#7201a8"], [0.3333333333333333, "#9c179e"], [0.4444444444444444, "#bd3786"], [0.5555555555555556, "#d8576b"], [0.6666666666666666, "#ed7953"], [0.7777777777777778, "#fb9f3a"], [0.8888888888888888, "#fdca26"], [1.0, "#f0f921"]]}], "surface": [{"type": "surface", "colorbar": {"outlinewidth": 0, "ticks": ""}, "colorscale": [[0.0, "#0d0887"], [0.1111111111111111, "#46039f"], [0.2222222222222222, "#7201a8"], [0.3333333333333333, "#9c179e"], [0.4444444444444444, "#bd3786"], [0.5555555555555556, "#d8576b"], [0.6666666666666666, "#ed7953"], [0.7777777777777778, "#fb9f3a"], [0.8888888888888888, "#fdca26"], [1.0, "#f0f921"]]}], "mesh3d": [{"type": "mesh3d", "colorbar": {"outlinewidth": 0, "ticks": ""}}], "scatter": [{"fillpattern": {"fillmode": "overlay", "size": 10, "solidity": 0.2}, "type": "scatter"}], "parcoords": [{"type": "parcoords", "line": {"colorbar": {"outlinewidth": 0, "ticks": ""}}}], "scatterpolargl": [{"type": "scatterpolargl", "marker": {"colorbar": {"outlinewidth": 0, "ticks": ""}}}], "bar": [{"error_x": {"color": "#2a3f5f"}, "error_y": {"color": "#2a3f5f"}, "marker": {"line": {"color": "#E5ECF6", "width": 0.5}, "pattern": {"fillmode": "overlay", "size": 10, "solidity": 0.2}}, "type": "bar"}], "scattergeo": [{"type": "scattergeo", "marker": {"colorbar": {"outlinewidth": 0, "ticks": ""}}}], "scatterpolar": [{"type": "scatterpolar", "marker": {"colorbar": {"outlinewidth": 0, "ticks": ""}}}], "histogram": [{"marker": {"pattern": {"fillmode": "overlay", "size": 10, "solidity": 0.2}}, "type": "histogram"}], "scattergl": [{"type": "scattergl", "marker": {"colorbar": {"outlinewidth": 0, "ticks": ""}}}], "scatter3d": [{"type": "scatter3d", "line": {"colorbar": {"outlinewidth": 0, "ticks": ""}}, "marker": {"colorbar": {"outlinewidth": 0, "ticks": ""}}}], "scattermapbox": [{"type": "scattermapbox", "marker": {"colorbar": {"outlinewidth": 0, "ticks": ""}}}], "scatterternary": [{"type": "scatterternary", "marker": {"colorbar": {"outlinewidth": 0, "ticks": ""}}}], "scattercarpet": [{"type": "scattercarpet", "marker": {"colorbar": {"outlinewidth": 0, "ticks": ""}}}], "carpet": [{"aaxis": {"endlinecolor": "#2a3f5f", "gridcolor": "white", "linecolor": "white", "minorgridcolor": "white", "startlinecolor": "#2a3f5f"}, "baxis": {"endlinecolor": "#2a3f5f", "gridcolor": "white", "linecolor": "white", "minorgridcolor": "white", "startlinecolor": "#2a3f5f"}, "type": "carpet"}], "table": [{"cells": {"fill": {"color": "#EBF0F8"}, "line": {"color": "white"}}, "header": {"fill": {"color": "#C8D4E3"}, "line": {"color": "white"}}, "type": "table"}], "barpolar": [{"marker": {"line": {"color": "#E5ECF6", "width": 0.5}, "pattern": {"fillmode": "overlay", "size": 10, "solidity": 0.2}}, "type": "barpolar"}], "pie": [{"automargin": true, "type": "pie"}]}, "layout": {"autotypenumbers": "strict", "colorway": ["#636efa", "#EF553B", "#00cc96", "#ab63fa", "#FFA15A", "#19d3f3", "#FF6692", "#B6E880", "#FF97FF", "#FECB52"], "font": {"color": "#2a3f5f"}, "hovermode": "closest", "hoverlabel": {"align": "left"}, "paper_bgcolor": "white", "plot_bgcolor": "#E5ECF6", "polar": {"bgcolor": "#E5ECF6", "angularaxis": {"gridcolor": "white", "linecolor": "white", "ticks": ""}, "radialaxis": {"gridcolor": "white", "linecolor": "white", "ticks": ""}}, "ternary": {"bgcolor": "#E5ECF6", "aaxis": {"gridcolor": "white", "linecolor": "white", "ticks": ""}, "baxis": {"gridcolor": "white", "linecolor": "white", "ticks": ""}, "caxis": {"gridcolor": "white", "linecolor": "white", "ticks": ""}}, "coloraxis": {"colorbar": {"outlinewidth": 0, "ticks": ""}}, "colorscale": {"sequential": [[0.0, "#0d0887"], [0.1111111111111111, "#46039f"], [0.2222222222222222, "#7201a8"], [0.3333333333333333, "#9c179e"], [0.4444444444444444, "#bd3786"], [0.5555555555555556, "#d8576b"], [0.6666666666666666, "#ed7953"], [0.7777777777777778, "#fb9f3a"], [0.8888888888888888, "#fdca26"], [1.0, "#f0f921"]], "sequentialminus": [[0.0, "#0d0887"], [0.1111111111111111, "#46039f"], [0.2222222222222222, "#7201a8"], [0.3333333333333333, "#9c179e"], [0.4444444444444444, "#bd3786"], [0.5555555555555556, "#d8576b"], [0.6666666666666666, "#ed7953"], [0.7777777777777778, "#fb9f3a"], [0.8888888888888888, "#fdca26"], [1.0, "#f0f921"]], "diverging": [[0, "#8e0152"], [0.1, "#c51b7d"], [0.2, "#de77ae"], [0.3, "#f1b6da"], [0.4, "#fde0ef"], [0.5, "#f7f7f7"], [0.6, "#e6f5d0"], [0.7, "#b8e186"], [0.8, "#7fbc41"], [0.9, "#4d9221"], [1, "#276419"]]}, "xaxis": {"gridcolor": "white", "linecolor": "white", "ticks": "", "title": {"standoff": 15}, "zerolinecolor": "white", "automargin": true, "zerolinewidth": 2}, "yaxis": {"gridcolor": "white", "linecolor": "white", "ticks": "", "title": {"standoff": 15}, "zerolinecolor": "white", "automargin": true, "zerolinewidth": 2}, "scene": {"xaxis": {"backgroundcolor": "#E5ECF6", "gridcolor": "white", "linecolor": "white", "showbackground": true, "ticks": "", "zerolinecolor": "white", "gridwidth": 2}, "yaxis": {"backgroundcolor": "#E5ECF6", "gridcolor": "white", "linecolor": "white", "showbackground": true, "ticks": "", "zerolinecolor": "white", "gridwidth": 2}, "zaxis": {"backgroundcolor": "#E5ECF6", "gridcolor": "white", "linecolor": "white", "showbackground": true, "ticks": "", "zerolinecolor": "white", "gridwidth": 2}}, "shapedefaults": {"line": {"color": "#2a3f5f"}}, "annotationdefaults": {"arrowcolor": "#2a3f5f", "arrowhead": 0, "arrowwidth": 1}, "geo": {"bgcolor": "white", "landcolor": "#E5ECF6", "subunitcolor": "white", "showland": true, "showlakes": true, "lakecolor": "white"}, "title": {"x": 0.05}, "mapbox": {"style": "light"}}}}}