{"data": [{"z": [[27.577777862548828, 3.73525071144104, -6.129225254058838, -3.867501974105835, -3.2764928340911865, -4.121230602264404, 0.27571552991867065, 3.7016942501068115, 10.127439498901367, -2.1587791442871094, 1.8928757905960083, -6.0064921379089355, 0.06319691985845566, -1.5236963033676147, -0.06701423972845078, -0.8454849123954773, 7.942837715148926, 6.07501745223999, -0.9489892721176147, -5.761452674865723, 6.45082950592041], [3.73525071144104, 8.679993629455566, -0.6407819986343384, -0.7668424844741821, -2.1154966354370117, -3.088778495788574, -0.5031266212463379, -1.521381139755249, 1.4684664011001587, 1.3710218667984009, -0.7439094185829163, 3.4008877277374268, 0.03414313495159149, 0.3954804837703705, -2.054426431655884, 0.16197775304317474, 4.161027908325195, 1.6873793601989746, 1.9143108129501343, -2.5413174629211426, -0.24779202044010162], [-6.129225254058838, -0.6407819986343384, 32.36539840698242, -1.8792815208435059, 3.839167833328247, -3.988760232925415, -2.0289242267608643, -0.8431989550590515, -4.847640037536621, 1.2819424867630005, 2.5843396186828613, -4.6753764152526855, 3.743476629257202, -0.07830172032117844, 8.282391548156738, -7.006114959716797, -1.5280559062957764, 4.481980323791504, 0.7080780267715454, 3.756345272064209, 2.5361924171447754], [-3.867501974105835, -0.7668424844741821, -1.8792815208435059, 22.144742965698242, -1.2671645879745483, 1.4193103313446045, -1.3678170442581177, -2.220531702041626, 0.9242898225784302, 1.6823049783706665, -1.3875690698623657, -1.5039480924606323, -3.4735758304595947, 0.1428333818912506, -2.928750514984131, 1.9210861921310425, -3.3640899658203125, -0.45447659492492676, 5.57388973236084, 0.8965780735015869, 1.3926092386245728], [-3.2764928340911865, -2.1154966354370117, 3.839167833328247, -1.2671645879745483, 26.627397537231445, 2.2480599880218506, 1.6795222759246826, 0.8394221067428589, 1.1119226217269897, -2.570242166519165, 6.408449649810791, -3.8376526832580566, 2.738027811050415, -7.517816066741943, -2.9663913249969482, -4.75334358215332, -0.3858078718185425, -0.17426598072052002, 2.86729097366333, 5.904162406921387, -5.408599853515625], [-4.121230602264404, -3.088778495788574, -3.988760232925415, 1.4193103313446045, 2.2480599880218506, 17.10645866394043, 0.711552619934082, 1.7543139457702637, -2.717529058456421, 4.553309917449951, 1.2584166526794434, 5.375177383422852, 1.4105913639068604, -4.494728088378906, 2.478003978729248, -1.7774908542633057, -2.2214808464050293, -1.8629586696624756, 3.1199560165405273, -0.8484294414520264, -2.31331205368042], [0.27571552991867065, -0.5031266212463379, -2.0289242267608643, -1.3678170442581177, 1.6795222759246826, 0.711552619934082, 25.877504348754883, 3.7387235164642334, -7.29925537109375, -4.3491530418396, 4.160966873168945, -0.8387054204940796, 3.8265433311462402, -1.17771577835083, -1.5988621711730957, -0.782597541809082, 2.3776004314422607, 2.444157361984253, -1.0892244577407837, -2.023465871810913, -10.243968963623047], [3.7016942501068115, -1.521381139755249, -0.8431989550590515, -2.220531702041626, 0.8394221067428589, 1.7543139457702637, 3.7387235164642334, 28.123584747314453, 3.9388861656188965, -9.480879783630371, 3.651486396789551, 3.5486223697662354, -3.189910888671875, 0.25979241728782654, -1.4173622131347656, 2.429692029953003, -0.48885607719421387, -0.5078096389770508, -4.406499862670898, -0.0065631866455078125, -3.8319170475006104], [10.127439498901367, 1.4684664011001587, -4.847640037536621, 0.9242898225784302, 1.1119226217269897, -2.717529058456421, -7.29925537109375, 3.9388861656188965, 29.713253021240234, -5.221032619476318, 0.6604767441749573, -6.62935209274292, 2.00616192817688, 0.9314781427383423, -2.6284005641937256, 0.000593152828514576, -1.67704176902771, -4.726413726806641, 3.872530698776245, 1.3767567873001099, 1.059513807296753], [-2.1587791442871094, 1.3710218667984009, 1.2819424867630005, 1.6823049783706665, -2.570242166519165, 4.553309917449951, -4.3491530418396, -9.480879783630371, -5.221032619476318, 20.915576934814453, -1.4562902450561523, 7.169514179229736, 1.1602846384048462, -1.236773133277893, 0.40744659304618835, 0.032290268689394, -1.6270533800125122, -2.229224681854248, -3.3603458404541016, 4.449509620666504, 3.268714427947998], [1.8928757905960083, -0.7439094185829163, 2.5843396186828613, -1.3875690698623657, 6.408449649810791, 1.2584166526794434, 4.160966873168945, 3.651486396789551, 0.6604767441749573, -1.4562902450561523, 28.888935089111328, -3.176567554473877, 8.51456069946289, 4.841209888458252, -2.8167810440063477, -0.4250437021255493, 4.84136962890625, 4.688730716705322, -9.123224258422852, -4.107712745666504, 1.2602195739746094], [-6.0064921379089355, 3.4008877277374268, -4.6753764152526855, -1.5039480924606323, -3.8376526832580566, 5.375177383422852, -0.8387054204940796, 3.5486223697662354, -6.62935209274292, 7.169514179229736, -3.176567554473877, 20.735069274902344, -4.082117557525635, 2.4132721424102783, 2.2802045345306396, 2.698601245880127, 1.3034186363220215, -7.3352437019348145, -5.517958641052246, 1.7623379230499268, -1.2549588680267334], [0.06319691985845566, 0.03414313495159149, 3.743476629257202, -3.4735758304595947, 2.738027811050415, 1.4105913639068604, 3.8265433311462402, -3.189910888671875, 2.00616192817688, 1.1602846384048462, 8.51456069946289, -4.082117557525635, 18.768665313720703, 2.4007158279418945, 1.2853718996047974, 1.6294841766357422, 1.541694164276123, -3.0870521068573, -1.708917498588562, -3.8258306980133057, -3.1877152919769287], [-1.5236963033676147, 0.3954804837703705, -0.07830172032117844, 0.1428333818912506, -7.517816066741943, -4.494728088378906, -1.17771577835083, 0.25979241728782654, 0.9314781427383423, -1.236773133277893, 4.841209888458252, 2.4132721424102783, 2.4007158279418945, 19.689403533935547, -1.1630165576934814, 4.136016845703125, -1.6631600856781006, -8.585332870483398, -1.9898343086242676, -2.2124722003936768, 4.532061576843262], [-0.06701423972845078, -2.054426431655884, 8.282391548156738, -2.928750514984131, -2.9663913249969482, 2.478003978729248, -1.5988621711730957, -1.4173622131347656, -2.6284005641937256, 0.40744659304618835, -2.8167810440063477, 2.2802045345306396, 1.2853718996047974, -1.1630165576934814, 20.819835662841797, -1.4377557039260864, 0.48680591583251953, 0.34185099601745605, -5.049700736999512, 0.9153981804847717, -5.0110907554626465], [-0.8454849123954773, 0.16197775304317474, -7.006114959716797, 1.9210861921310425, -4.75334358215332, -1.7774908542633057, -0.782597541809082, 2.429692029953003, 0.000593152828514576, 0.032290268689394, -0.4250437021255493, 2.698601245880127, 1.6294841766357422, 4.136016845703125, -1.4377557039260864, 15.885886192321777, 0.7217330932617188, 3.1559412479400635, 2.341439962387085, -2.5817925930023193, -1.5877572298049927], [7.942836761474609, 4.161027908325195, -1.5280554294586182, -3.3640904426574707, -0.38580796122550964, -2.2214810848236084, 2.3775997161865234, -0.48885565996170044, -1.6770403385162354, -1.6270534992218018, 4.841368675231934, 1.3034192323684692, 1.5416940450668335, -1.6631603240966797, 0.486805260181427, 0.7217335104942322, 22.36780548095703, 12.042631149291992, -1.8985345363616943, -4.478513717651367, 3.8060121536254883], [6.075016975402832, 1.6873793601989746, 4.4819793701171875, -0.45447683334350586, -0.17426571249961853, -1.8629589080810547, 2.444157600402832, -0.5078092217445374, -4.726413726806641, -2.229224443435669, 4.688730239868164, -7.335244655609131, -3.087053060531616, -8.585332870483398, 0.34185105562210083, 3.1559410095214844, 12.042631149291992, 31.8472843170166, 2.749122142791748, -2.072364330291748, -1.4474340677261353], [-0.9489889144897461, 1.9143109321594238, 0.7080780267715454, 5.573889255523682, 2.8672924041748047, 3.119955062866211, -1.089224100112915, -4.406499862670898, 3.8725314140319824, -3.3603460788726807, -9.123224258422852, -5.517959117889404, -1.708917498588562, -1.9898347854614258, -5.0497002601623535, 2.341439723968506, -1.8985345363616943, 2.749122142791748, 26.130298614501953, -3.693831443786621, -3.416994333267212], [-5.761453151702881, -2.5413174629211426, 3.756344795227051, 0.8965778946876526, 5.9041619300842285, -0.848429799079895, -2.023465871810913, -0.0065632713958621025, 1.3767575025558472, 4.449509620666504, -4.1077141761779785, 1.7623382806777954, -3.8258302211761475, -2.2124719619750977, 0.915398120880127, -2.581792116165161, -4.478513717651367, -2.072364330291748, -3.693831443786621, 26.45992660522461, -0.6528871655464172], [6.45082950592041, -0.24779176712036133, 2.5361926555633545, 1.392608642578125, -5.408599376678467, -2.313312530517578, -10.243968963623047, -3.8319168090820312, 1.0595149993896484, 3.26871395111084, 1.2602195739746094, -1.2549593448638916, -3.1877150535583496, 4.532061576843262, -5.011091232299805, -1.587756872177124, 3.8060121536254883, -1.447434902191162, -3.416994571685791, -0.652887225151062, 25.940195083618164]], "type": "heatmap"}], "layout": {"template": {"data": {"histogram2dcontour": [{"type": "histogram2dcontour", "colorbar": {"outlinewidth": 0, "ticks": ""}, "colorscale": [[0.0, "#0d0887"], [0.1111111111111111, "#46039f"], [0.2222222222222222, "#7201a8"], [0.3333333333333333, "#9c179e"], [0.4444444444444444, "#bd3786"], [0.5555555555555556, "#d8576b"], [0.6666666666666666, "#ed7953"], [0.7777777777777778, "#fb9f3a"], [0.8888888888888888, "#fdca26"], [1.0, "#f0f921"]]}], "choropleth": [{"type": "choropleth", "colorbar": {"outlinewidth": 0, "ticks": ""}}], "histogram2d": [{"type": "histogram2d", "colorbar": {"outlinewidth": 0, "ticks": ""}, "colorscale": [[0.0, "#0d0887"], [0.1111111111111111, "#46039f"], [0.2222222222222222, "#7201a8"], [0.3333333333333333, "#9c179e"], [0.4444444444444444, "#bd3786"], [0.5555555555555556, "#d8576b"], [0.6666666666666666, "#ed7953"], [0.7777777777777778, "#fb9f3a"], [0.8888888888888888, "#fdca26"], [1.0, "#f0f921"]]}], "heatmap": [{"type": "heatmap", "colorbar": {"outlinewidth": 0, "ticks": ""}, "colorscale": [[0.0, "#0d0887"], [0.1111111111111111, "#46039f"], [0.2222222222222222, "#7201a8"], [0.3333333333333333, "#9c179e"], [0.4444444444444444, "#bd3786"], [0.5555555555555556, "#d8576b"], [0.6666666666666666, "#ed7953"], [0.7777777777777778, "#fb9f3a"], [0.8888888888888888, "#fdca26"], [1.0, "#f0f921"]]}], "heatmapgl": [{"type": "heatmapgl", "colorbar": {"outlinewidth": 0, "ticks": ""}, "colorscale": [[0.0, "#0d0887"], [0.1111111111111111, "#46039f"], [0.2222222222222222, "#7201a8"], [0.3333333333333333, "#9c179e"], [0.4444444444444444, "#bd3786"], [0.5555555555555556, "#d8576b"], [0.6666666666666666, "#ed7953"], [0.7777777777777778, "#fb9f3a"], [0.8888888888888888, "#fdca26"], [1.0, "#f0f921"]]}], "contourcarpet": [{"type": "contourcarpet", "colorbar": {"outlinewidth": 0, "ticks": ""}}], "contour": [{"type": "contour", "colorbar": {"outlinewidth": 0, "ticks": ""}, "colorscale": [[0.0, "#0d0887"], [0.1111111111111111, "#46039f"], [0.2222222222222222, "#7201a8"], [0.3333333333333333, "#9c179e"], [0.4444444444444444, "#bd3786"], [0.5555555555555556, "#d8576b"], [0.6666666666666666, "#ed7953"], [0.7777777777777778, "#fb9f3a"], [0.8888888888888888, "#fdca26"], [1.0, "#f0f921"]]}], "surface": [{"type": "surface", "colorbar": {"outlinewidth": 0, "ticks": ""}, "colorscale": [[0.0, "#0d0887"], [0.1111111111111111, "#46039f"], [0.2222222222222222, "#7201a8"], [0.3333333333333333, "#9c179e"], [0.4444444444444444, "#bd3786"], [0.5555555555555556, "#d8576b"], [0.6666666666666666, "#ed7953"], [0.7777777777777778, "#fb9f3a"], [0.8888888888888888, "#fdca26"], [1.0, "#f0f921"]]}], "mesh3d": [{"type": "mesh3d", "colorbar": {"outlinewidth": 0, "ticks": ""}}], "scatter": [{"fillpattern": {"fillmode": "overlay", "size": 10, "solidity": 0.2}, "type": "scatter"}], "parcoords": [{"type": "parcoords", "line": {"colorbar": {"outlinewidth": 0, "ticks": ""}}}], "scatterpolargl": [{"type": "scatterpolargl", "marker": {"colorbar": {"outlinewidth": 0, "ticks": ""}}}], "bar": [{"error_x": {"color": "#2a3f5f"}, "error_y": {"color": "#2a3f5f"}, "marker": {"line": {"color": "#E5ECF6", "width": 0.5}, "pattern": {"fillmode": "overlay", "size": 10, "solidity": 0.2}}, "type": "bar"}], "scattergeo": [{"type": "scattergeo", "marker": {"colorbar": {"outlinewidth": 0, "ticks": ""}}}], "scatterpolar": [{"type": "scatterpolar", "marker": {"colorbar": {"outlinewidth": 0, "ticks": ""}}}], "histogram": [{"marker": {"pattern": {"fillmode": "overlay", "size": 10, "solidity": 0.2}}, "type": "histogram"}], "scattergl": [{"type": "scattergl", "marker": {"colorbar": {"outlinewidth": 0, "ticks": ""}}}], "scatter3d": [{"type": "scatter3d", "line": {"colorbar": {"outlinewidth": 0, "ticks": ""}}, "marker": {"colorbar": {"outlinewidth": 0, "ticks": ""}}}], "scattermapbox": [{"type": "scattermapbox", "marker": {"colorbar": {"outlinewidth": 0, "ticks": ""}}}], "scatterternary": [{"type": "scatterternary", "marker": {"colorbar": {"outlinewidth": 0, "ticks": ""}}}], "scattercarpet": [{"type": "scattercarpet", "marker": {"colorbar": {"outlinewidth": 0, "ticks": ""}}}], "carpet": [{"aaxis": {"endlinecolor": "#2a3f5f", "gridcolor": "white", "linecolor": "white", "minorgridcolor": "white", "startlinecolor": "#2a3f5f"}, "baxis": {"endlinecolor": "#2a3f5f", "gridcolor": "white", "linecolor": "white", "minorgridcolor": "white", "startlinecolor": "#2a3f5f"}, "type": "carpet"}], "table": [{"cells": {"fill": {"color": "#EBF0F8"}, "line": {"color": "white"}}, "header": {"fill": {"color": "#C8D4E3"}, "line": {"color": "white"}}, "type": "table"}], "barpolar": [{"marker": {"line": {"color": "#E5ECF6", "width": 0.5}, "pattern": {"fillmode": "overlay", "size": 10, "solidity": 0.2}}, "type": "barpolar"}], "pie": [{"automargin": true, "type": "pie"}]}, "layout": {"autotypenumbers": "strict", "colorway": ["#636efa", "#EF553B", "#00cc96", "#ab63fa", "#FFA15A", "#19d3f3", "#FF6692", "#B6E880", "#FF97FF", "#FECB52"], "font": {"color": "#2a3f5f"}, "hovermode": "closest", "hoverlabel": {"align": "left"}, "paper_bgcolor": "white", "plot_bgcolor": "#E5ECF6", "polar": {"bgcolor": "#E5ECF6", "angularaxis": {"gridcolor": "white", "linecolor": "white", "ticks": ""}, "radialaxis": {"gridcolor": "white", "linecolor": "white", "ticks": ""}}, "ternary": {"bgcolor": "#E5ECF6", "aaxis": {"gridcolor": "white", "linecolor": "white", "ticks": ""}, "baxis": {"gridcolor": "white", "linecolor": "white", "ticks": ""}, "caxis": {"gridcolor": "white", "linecolor": "white", "ticks": ""}}, "coloraxis": {"colorbar": {"outlinewidth": 0, "ticks": ""}}, "colorscale": {"sequential": [[0.0, "#0d0887"], [0.1111111111111111, "#46039f"], [0.2222222222222222, "#7201a8"], [0.3333333333333333, "#9c179e"], [0.4444444444444444, "#bd3786"], [0.5555555555555556, "#d8576b"], [0.6666666666666666, "#ed7953"], [0.7777777777777778, "#fb9f3a"], [0.8888888888888888, "#fdca26"], [1.0, "#f0f921"]], "sequentialminus": [[0.0, "#0d0887"], [0.1111111111111111, "#46039f"], [0.2222222222222222, "#7201a8"], [0.3333333333333333, "#9c179e"], [0.4444444444444444, "#bd3786"], [0.5555555555555556, "#d8576b"], [0.6666666666666666, "#ed7953"], [0.7777777777777778, "#fb9f3a"], [0.8888888888888888, "#fdca26"], [1.0, "#f0f921"]], "diverging": [[0, "#8e0152"], [0.1, "#c51b7d"], [0.2, "#de77ae"], [0.3, "#f1b6da"], [0.4, "#fde0ef"], [0.5, "#f7f7f7"], [0.6, "#e6f5d0"], [0.7, "#b8e186"], [0.8, "#7fbc41"], [0.9, "#4d9221"], [1, "#276419"]]}, "xaxis": {"gridcolor": "white", "linecolor": "white", "ticks": "", "title": {"standoff": 15}, "zerolinecolor": "white", "automargin": true, "zerolinewidth": 2}, "yaxis": {"gridcolor": "white", "linecolor": "white", "ticks": "", "title": {"standoff": 15}, "zerolinecolor": "white", "automargin": true, "zerolinewidth": 2}, "scene": {"xaxis": {"backgroundcolor": "#E5ECF6", "gridcolor": "white", "linecolor": "white", "showbackground": true, "ticks": "", "zerolinecolor": "white", "gridwidth": 2}, "yaxis": {"backgroundcolor": "#E5ECF6", "gridcolor": "white", "linecolor": "white", "showbackground": true, "ticks": "", "zerolinecolor": "white", "gridwidth": 2}, "zaxis": {"backgroundcolor": "#E5ECF6", "gridcolor": "white", "linecolor": "white", "showbackground": true, "ticks": "", "zerolinecolor": "white", "gridwidth": 2}}, "shapedefaults": {"line": {"color": "#2a3f5f"}}, "annotationdefaults": {"arrowcolor": "#2a3f5f", "arrowhead": 0, "arrowwidth": 1}, "geo": {"bgcolor": "white", "landcolor": "#E5ECF6", "subunitcolor": "white", "showland": true, "showlakes": true, "lakecolor": "white"}, "title": {"x": 0.05}, "mapbox": {"style": "light"}}}}}