{"data": [{"z": [[27.566404342651367, 3.744028091430664, -6.1161651611328125, -3.844618558883667, -3.2604880332946777, -4.1092352867126465, 0.28483933210372925, 3.7079787254333496, 10.133055686950684, -2.150367259979248, 1.8928698301315308, -5.992213249206543, 0.08727969974279404, -1.5114569664001465, -0.052973102778196335, -0.8250235915184021, 7.944258689880371, 6.082417011260986, -0.93564772605896, -5.748839855194092, 6.440380096435547], [3.744028091430664, 8.671175003051758, -0.6305557489395142, -0.7515431046485901, -2.100778579711914, -3.0767035484313965, -0.49898892641067505, -1.50583016872406, 1.4805822372436523, 1.3738038539886475, -0.7430825233459473, 3.407315254211426, 0.04437408596277237, 0.40505415201187134, -2.045698881149292, 0.17061756551265717, 4.16677713394165, 1.694311261177063, 1.9187774658203125, -2.527451753616333, -0.24516592919826508], [-6.1161651611328125, -0.6305557489395142, 32.35795211791992, -1.8647342920303345, 3.848172903060913, -3.9679601192474365, -2.024521589279175, -0.8261631727218628, -4.834783554077148, 1.2886852025985718, 2.578840494155884, -4.655533790588379, 3.75016450881958, -0.06374485045671463, 8.294028282165527, -6.986410617828369, -1.5165963172912598, 4.489681243896484, 0.7190834283828735, 3.7691922187805176, 2.5321853160858154], [-3.844618558883667, -0.7515431046485901, -1.8647342920303345, 22.156288146972656, -1.2526477575302124, 1.438637375831604, -1.3579691648483276, -2.202627182006836, 0.942503035068512, 1.6957796812057495, -1.3848700523376465, -1.4881596565246582, -3.455165147781372, 0.1610897034406662, -2.9026479721069336, 1.9453685283660889, -3.3416991233825684, -0.4348447322845459, 5.582129955291748, 0.9114350080490112, 1.3934937715530396], [-3.2604880332946777, -2.100778579711914, 3.848172903060913, -1.2526477575302124, 26.61773109436035, 2.268080234527588, 1.682376742362976, 0.8544251322746277, 1.1203818321228027, -2.5537965297698975, 6.409524440765381, -3.8141331672668457, 2.7523303031921387, -7.503166675567627, -2.9487247467041016, -4.735672950744629, -0.37187695503234863, -0.15578949451446533, 2.873650074005127, 5.912575721740723, -5.409588813781738], [-4.1092352867126465, -3.0767035484313965, -3.9679601192474365, 1.438637375831604, 2.268080234527588, 17.120615005493164, 0.721265435218811, 1.7714354991912842, -2.70465087890625, 4.564346790313721, 1.2574645280838013, 5.389817237854004, 1.4306060075759888, -4.477169513702393, 2.494396448135376, -1.7600888013839722, -2.2089498043060303, -1.8520950078964233, 3.1290948390960693, -0.8218125104904175, -2.3197433948516846], [0.28483933210372925, -0.49898892641067505, -2.024521589279175, -1.3579691648483276, 1.682376742362976, 0.721265435218811, 25.865461349487305, 3.744920253753662, -7.287059783935547, -4.339529037475586, 4.160801410675049, -0.8275867700576782, 3.8337743282318115, -1.1698811054229736, -1.59914231300354, -0.7712748646736145, 2.3807313442230225, 2.451186418533325, -1.082210898399353, -2.011732578277588, -10.241372108459473], [3.7079787254333496, -1.50583016872406, -0.8261631727218628, -2.202627182006836, 0.8544251322746277, 1.7714354991912842, 3.744920253753662, 28.11814308166504, 3.9388532638549805, -9.461514472961426, 3.649225950241089, 3.5598976612091064, -3.163578987121582, 0.2689346671104431, -1.3970767259597778, 2.4480345249176025, -0.47620129585266113, -0.49811792373657227, -4.393087387084961, 0.010720252990722656, -3.836472272872925], [10.133055686950684, 1.4805822372436523, -4.834783554077148, 0.942503035068512, 1.1203818321228027, -2.70465087890625, -7.287059783935547, 3.9388532638549805, 29.705602645874023, -5.207657814025879, 0.6612385511398315, -6.614788055419922, 2.023169994354248, 0.9463110566139221, -2.608194589614868, 0.027425529435276985, -1.6654105186462402, -4.709181785583496, 3.8805902004241943, 1.390120029449463, 1.0575532913208008], [-2.150367259979248, 1.3738038539886475, 1.2886852025985718, 1.6957796812057495, -2.5537965297698975, 4.564346790313721, -4.339529037475586, -9.461514472961426, -5.207657814025879, 20.901376724243164, -1.4571025371551514, 7.178786277770996, 1.168827772140503, -1.2169207334518433, 0.4108482301235199, 0.04132450371980667, -1.615562915802002, -2.2167768478393555, -3.3528687953948975, 4.459862232208252, 3.269120216369629], [1.8928698301315308, -0.7430825233459473, 2.578840494155884, -1.3848700523376465, 6.409524440765381, 1.2574645280838013, 4.160801410675049, 3.649225950241089, 0.6612385511398315, -1.4571025371551514, 28.8768367767334, -3.1714038848876953, 8.51457691192627, 4.844206809997559, -2.818422317504883, -0.4213273823261261, 4.83788537979126, 4.688947677612305, -9.118861198425293, -4.098567485809326, 1.2625831365585327], [-5.992213249206543, 3.407315254211426, -4.655533790588379, -1.4881596565246582, -3.8141331672668457, 5.389817237854004, -0.8275867700576782, 3.5598976612091064, -6.614788055419922, 7.178786277770996, -3.1714038848876953, 20.73577308654785, -4.061253547668457, 2.423591375350952, 2.2882699966430664, 2.7118265628814697, 1.3185639381408691, -7.311496734619141, -5.509618759155273, 1.789505958557129, -1.2607084512710571], [0.08727969974279404, 0.04437408596277237, 3.75016450881958, -3.455165147781372, 2.7523303031921387, 1.4306060075759888, 3.8337743282318115, -3.163578987121582, 2.023169994354248, 1.168827772140503, 8.51457691192627, -4.061253547668457, 18.77469253540039, 2.4172723293304443, 1.3026193380355835, 1.645180583000183, 1.5615310668945312, -3.06276798248291, -1.6940233707427979, -3.8044862747192383, -3.1901776790618896], [-1.5114569664001465, 0.40505415201187134, -0.06374485045671463, 0.1610897034406662, -7.503166675567627, -4.477169513702393, -1.1698811054229736, 0.2689346671104431, 0.9463110566139221, -1.2169207334518433, 4.844206809997559, 2.423591375350952, 2.4172723293304443, 19.696575164794922, -1.1446901559829712, 4.149960517883301, -1.64858078956604, -8.56779670715332, -1.979637622833252, -2.186514377593994, 4.5292768478393555], [-0.052973102778196335, -2.045698881149292, 8.294028282165527, -2.9026479721069336, -2.9487247467041016, 2.494396448135376, -1.59914231300354, -1.3970767259597778, -2.608194589614868, 0.4108482301235199, -2.818422317504883, 2.2882699966430664, 1.3026193380355835, -1.1446901559829712, 20.817670822143555, -1.4128947257995605, 0.4960942268371582, 0.35729241371154785, -5.028558254241943, 0.9295150637626648, -5.010429859161377], [-0.8250235915184021, 0.17061756551265717, -6.986410617828369, 1.9453685283660889, -4.735672950744629, -1.7600888013839722, -0.7712748646736145, 2.4480345249176025, 0.027425529435276985, 0.04132450371980667, -0.4213273823261261, 2.7118265628814697, 1.645180583000183, 4.149960517883301, -1.4128947257995605, 15.900888442993164, 0.7410659790039062, 3.17539119720459, 2.3502326011657715, -2.5610716342926025, -1.5878968238830566], [7.944260120391846, 4.166776657104492, -1.5165965557098389, -3.3416991233825684, -0.371876984834671, -2.208949565887451, 2.3807313442230225, -0.4762016236782074, -1.6654094457626343, -1.6155623197555542, 4.837885856628418, 1.3185640573501587, 1.5615308284759521, -1.648580551147461, 0.4960945248603821, 0.7410659193992615, 22.35247039794922, 12.039010047912598, -1.8844348192214966, -4.457759857177734, 3.802671194076538], [6.0824174880981445, 1.694311261177063, 4.489682197570801, -0.4348449110984802, -0.15578946471214294, -1.8520948886871338, 2.451186180114746, -0.4981176257133484, -4.709181785583496, -2.2167770862579346, 4.688948631286621, -7.311496257781982, -3.062767744064331, -8.56779670715332, 0.3572922348976135, 3.175391674041748, 12.039010047912598, 31.83523941040039, 2.759880542755127, -2.0550341606140137, -1.4528340101242065], [-0.935647189617157, 1.918777585029602, 0.7190835475921631, 5.582129001617432, 2.8736507892608643, 3.1290948390960693, -1.0822104215621948, -4.393086910247803, 3.8805902004241943, -3.35286808013916, -9.11886215209961, -5.509617805480957, -1.6940232515335083, -1.9796380996704102, -5.028558254241943, 2.3502326011657715, -1.8844348192214966, 2.759880542755127, 26.119861602783203, -3.687434434890747, -3.4165830612182617], [-5.748840808868408, -2.527451753616333, 3.7691924571990967, 0.9114358425140381, 5.912575721740723, -0.8218123912811279, -2.011732578277588, 0.010720014572143555, 1.390120029449463, 4.459863185882568, -4.098567485809326, 1.7895063161849976, -3.804486036300659, -2.186513900756836, 0.9295147061347961, -2.5610711574554443, -4.457759857177734, -2.0550341606140137, -3.687434434890747, 26.45410919189453, -0.6600632667541504], [6.440381050109863, -0.24516582489013672, 2.5321855545043945, 1.39349365234375, -5.40958833694458, -2.3197426795959473, -10.241373062133789, -3.836472272872925, 1.0575535297393799, 3.2691195011138916, 1.2625830173492432, -1.2607078552246094, -3.1901776790618896, 4.529276371002197, -5.010429859161377, -1.5878968238830566, 3.802671432495117, -1.4528346061706543, -3.4165825843811035, -0.6600635051727295, 25.940195083618164]], "type": "heatmap"}], "layout": {"template": {"data": {"histogram2dcontour": [{"type": "histogram2dcontour", "colorbar": {"outlinewidth": 0, "ticks": ""}, "colorscale": [[0.0, "#0d0887"], [0.1111111111111111, "#46039f"], [0.2222222222222222, "#7201a8"], [0.3333333333333333, "#9c179e"], [0.4444444444444444, "#bd3786"], [0.5555555555555556, "#d8576b"], [0.6666666666666666, "#ed7953"], [0.7777777777777778, "#fb9f3a"], [0.8888888888888888, "#fdca26"], [1.0, "#f0f921"]]}], "choropleth": [{"type": "choropleth", "colorbar": {"outlinewidth": 0, "ticks": ""}}], "histogram2d": [{"type": "histogram2d", "colorbar": {"outlinewidth": 0, "ticks": ""}, "colorscale": [[0.0, "#0d0887"], [0.1111111111111111, "#46039f"], [0.2222222222222222, "#7201a8"], [0.3333333333333333, "#9c179e"], [0.4444444444444444, "#bd3786"], [0.5555555555555556, "#d8576b"], [0.6666666666666666, "#ed7953"], [0.7777777777777778, "#fb9f3a"], [0.8888888888888888, "#fdca26"], [1.0, "#f0f921"]]}], "heatmap": [{"type": "heatmap", "colorbar": {"outlinewidth": 0, "ticks": ""}, "colorscale": [[0.0, "#0d0887"], [0.1111111111111111, "#46039f"], [0.2222222222222222, "#7201a8"], [0.3333333333333333, "#9c179e"], [0.4444444444444444, "#bd3786"], [0.5555555555555556, "#d8576b"], [0.6666666666666666, "#ed7953"], [0.7777777777777778, "#fb9f3a"], [0.8888888888888888, "#fdca26"], [1.0, "#f0f921"]]}], "heatmapgl": [{"type": "heatmapgl", "colorbar": {"outlinewidth": 0, "ticks": ""}, "colorscale": [[0.0, "#0d0887"], [0.1111111111111111, "#46039f"], [0.2222222222222222, "#7201a8"], [0.3333333333333333, "#9c179e"], [0.4444444444444444, "#bd3786"], [0.5555555555555556, "#d8576b"], [0.6666666666666666, "#ed7953"], [0.7777777777777778, "#fb9f3a"], [0.8888888888888888, "#fdca26"], [1.0, "#f0f921"]]}], "contourcarpet": [{"type": "contourcarpet", "colorbar": {"outlinewidth": 0, "ticks": ""}}], "contour": [{"type": "contour", "colorbar": {"outlinewidth": 0, "ticks": ""}, "colorscale": [[0.0, "#0d0887"], [0.1111111111111111, "#46039f"], [0.2222222222222222, "#7201a8"], [0.3333333333333333, "#9c179e"], [0.4444444444444444, "#bd3786"], [0.5555555555555556, "#d8576b"], [0.6666666666666666, "#ed7953"], [0.7777777777777778, "#fb9f3a"], [0.8888888888888888, "#fdca26"], [1.0, "#f0f921"]]}], "surface": [{"type": "surface", "colorbar": {"outlinewidth": 0, "ticks": ""}, "colorscale": [[0.0, "#0d0887"], [0.1111111111111111, "#46039f"], [0.2222222222222222, "#7201a8"], [0.3333333333333333, "#9c179e"], [0.4444444444444444, "#bd3786"], [0.5555555555555556, "#d8576b"], [0.6666666666666666, "#ed7953"], [0.7777777777777778, "#fb9f3a"], [0.8888888888888888, "#fdca26"], [1.0, "#f0f921"]]}], "mesh3d": [{"type": "mesh3d", "colorbar": {"outlinewidth": 0, "ticks": ""}}], "scatter": [{"fillpattern": {"fillmode": "overlay", "size": 10, "solidity": 0.2}, "type": "scatter"}], "parcoords": [{"type": "parcoords", "line": {"colorbar": {"outlinewidth": 0, "ticks": ""}}}], "scatterpolargl": [{"type": "scatterpolargl", "marker": {"colorbar": {"outlinewidth": 0, "ticks": ""}}}], "bar": [{"error_x": {"color": "#2a3f5f"}, "error_y": {"color": "#2a3f5f"}, "marker": {"line": {"color": "#E5ECF6", "width": 0.5}, "pattern": {"fillmode": "overlay", "size": 10, "solidity": 0.2}}, "type": "bar"}], "scattergeo": [{"type": "scattergeo", "marker": {"colorbar": {"outlinewidth": 0, "ticks": ""}}}], "scatterpolar": [{"type": "scatterpolar", "marker": {"colorbar": {"outlinewidth": 0, "ticks": ""}}}], "histogram": [{"marker": {"pattern": {"fillmode": "overlay", "size": 10, "solidity": 0.2}}, "type": "histogram"}], "scattergl": [{"type": "scattergl", "marker": {"colorbar": {"outlinewidth": 0, "ticks": ""}}}], "scatter3d": [{"type": "scatter3d", "line": {"colorbar": {"outlinewidth": 0, "ticks": ""}}, "marker": {"colorbar": {"outlinewidth": 0, "ticks": ""}}}], "scattermapbox": [{"type": "scattermapbox", "marker": {"colorbar": {"outlinewidth": 0, "ticks": ""}}}], "scatterternary": [{"type": "scatterternary", "marker": {"colorbar": {"outlinewidth": 0, "ticks": ""}}}], "scattercarpet": [{"type": "scattercarpet", "marker": {"colorbar": {"outlinewidth": 0, "ticks": ""}}}], "carpet": [{"aaxis": {"endlinecolor": "#2a3f5f", "gridcolor": "white", "linecolor": "white", "minorgridcolor": "white", "startlinecolor": "#2a3f5f"}, "baxis": {"endlinecolor": "#2a3f5f", "gridcolor": "white", "linecolor": "white", "minorgridcolor": "white", "startlinecolor": "#2a3f5f"}, "type": "carpet"}], "table": [{"cells": {"fill": {"color": "#EBF0F8"}, "line": {"color": "white"}}, "header": {"fill": {"color": "#C8D4E3"}, "line": {"color": "white"}}, "type": "table"}], "barpolar": [{"marker": {"line": {"color": "#E5ECF6", "width": 0.5}, "pattern": {"fillmode": "overlay", "size": 10, "solidity": 0.2}}, "type": "barpolar"}], "pie": [{"automargin": true, "type": "pie"}]}, "layout": {"autotypenumbers": "strict", "colorway": ["#636efa", "#EF553B", "#00cc96", "#ab63fa", "#FFA15A", "#19d3f3", "#FF6692", "#B6E880", "#FF97FF", "#FECB52"], "font": {"color": "#2a3f5f"}, "hovermode": "closest", "hoverlabel": {"align": "left"}, "paper_bgcolor": "white", "plot_bgcolor": "#E5ECF6", "polar": {"bgcolor": "#E5ECF6", "angularaxis": {"gridcolor": "white", "linecolor": "white", "ticks": ""}, "radialaxis": {"gridcolor": "white", "linecolor": "white", "ticks": ""}}, "ternary": {"bgcolor": "#E5ECF6", "aaxis": {"gridcolor": "white", "linecolor": "white", "ticks": ""}, "baxis": {"gridcolor": "white", "linecolor": "white", "ticks": ""}, "caxis": {"gridcolor": "white", "linecolor": "white", "ticks": ""}}, "coloraxis": {"colorbar": {"outlinewidth": 0, "ticks": ""}}, "colorscale": {"sequential": [[0.0, "#0d0887"], [0.1111111111111111, "#46039f"], [0.2222222222222222, "#7201a8"], [0.3333333333333333, "#9c179e"], [0.4444444444444444, "#bd3786"], [0.5555555555555556, "#d8576b"], [0.6666666666666666, "#ed7953"], [0.7777777777777778, "#fb9f3a"], [0.8888888888888888, "#fdca26"], [1.0, "#f0f921"]], "sequentialminus": [[0.0, "#0d0887"], [0.1111111111111111, "#46039f"], [0.2222222222222222, "#7201a8"], [0.3333333333333333, "#9c179e"], [0.4444444444444444, "#bd3786"], [0.5555555555555556, "#d8576b"], [0.6666666666666666, "#ed7953"], [0.7777777777777778, "#fb9f3a"], [0.8888888888888888, "#fdca26"], [1.0, "#f0f921"]], "diverging": [[0, "#8e0152"], [0.1, "#c51b7d"], [0.2, "#de77ae"], [0.3, "#f1b6da"], [0.4, "#fde0ef"], [0.5, "#f7f7f7"], [0.6, "#e6f5d0"], [0.7, "#b8e186"], [0.8, "#7fbc41"], [0.9, "#4d9221"], [1, "#276419"]]}, "xaxis": {"gridcolor": "white", "linecolor": "white", "ticks": "", "title": {"standoff": 15}, "zerolinecolor": "white", "automargin": true, "zerolinewidth": 2}, "yaxis": {"gridcolor": "white", "linecolor": "white", "ticks": "", "title": {"standoff": 15}, "zerolinecolor": "white", "automargin": true, "zerolinewidth": 2}, "scene": {"xaxis": {"backgroundcolor": "#E5ECF6", "gridcolor": "white", "linecolor": "white", "showbackground": true, "ticks": "", "zerolinecolor": "white", "gridwidth": 2}, "yaxis": {"backgroundcolor": "#E5ECF6", "gridcolor": "white", "linecolor": "white", "showbackground": true, "ticks": "", "zerolinecolor": "white", "gridwidth": 2}, "zaxis": {"backgroundcolor": "#E5ECF6", "gridcolor": "white", "linecolor": "white", "showbackground": true, "ticks": "", "zerolinecolor": "white", "gridwidth": 2}}, "shapedefaults": {"line": {"color": "#2a3f5f"}}, "annotationdefaults": {"arrowcolor": "#2a3f5f", "arrowhead": 0, "arrowwidth": 1}, "geo": {"bgcolor": "white", "landcolor": "#E5ECF6", "subunitcolor": "white", "showland": true, "showlakes": true, "lakecolor": "white"}, "title": {"x": 0.05}, "mapbox": {"style": "light"}}}}}