{"data": [{"z": [[27.602558135986328, 3.723843812942505, -6.145696640014648, -3.8954758644104004, -3.293383836746216, -4.135511875152588, 0.2627110183238983, 3.6974058151245117, 10.124324798583984, -2.17213773727417, 1.894561529159546, -6.0261311531066895, 0.037692345678806305, -1.5374337434768677, -0.08320378512144089, -0.8703973889350891, 7.942981719970703, 6.069170951843262, -0.9637418985366821, -5.777178764343262, 6.464493751525879], [3.723843812942505, 8.696490287780762, -0.6513691544532776, -0.7804359197616577, -2.1361613273620605, -3.104872465133667, -0.5084625482559204, -1.5424814224243164, 1.4547078609466553, 1.3665601015090942, -0.7437549829483032, 3.3950581550598145, 0.02483469806611538, 0.3850584030151367, -2.0670387744903564, 0.1500953882932663, 4.155055999755859, 1.6798986196517944, 1.9086357355117798, -2.5598597526550293, -0.2500183880329132], [-6.145696640014648, -0.6513691544532776, 32.38584899902344, -1.8919613361358643, 3.8332443237304688, -4.0120463371276855, -2.033116340637207, -0.8556579351425171, -4.8583292961120605, 1.27164888381958, 2.595482587814331, -4.699329376220703, 3.740821599960327, -0.09425462782382965, 8.270950317382812, -7.028038024902344, -1.538252592086792, 4.478312015533447, 0.6972912549972534, 3.7454802989959717, 2.540069103240967], [-3.8954758644104004, -0.7804359197616577, -1.8919613361358643, 22.143760681152344, -1.2850114107131958, 1.4005311727523804, -1.3798714876174927, -2.2387540340423584, 0.9028788208961487, 1.665224552154541, -1.3906059265136719, -1.5190811157226562, -3.4936912059783936, 0.12335127592086792, -2.9611055850982666, 1.8989455699920654, -3.390197277069092, -0.4748673439025879, 5.568850517272949, 0.8825453519821167, 1.3907957077026367], [-3.293383836746216, -2.1361613273620605, 3.8332443237304688, -1.2850114107131958, 26.649654388427734, 2.229685068130493, 1.6779974699020386, 0.824591875076294, 1.10102379322052, -2.5926952362060547, 6.4132819175720215, -3.8674705028533936, 2.725900411605835, -7.539259433746338, -2.9891228675842285, -4.775249481201172, -0.3994131088256836, -0.1955857276916504, 2.8592967987060547, 5.9020586013793945, -5.408488750457764], [-4.135511875152588, -3.104872465133667, -4.0120463371276855, 1.4005311727523804, 2.229685068130493, 17.104198455810547, 0.7022567987442017, 1.7395039796829224, -2.729898691177368, 4.540316581726074, 1.2588191032409668, 5.362549781799316, 1.3926587104797363, -4.515439510345459, 2.462153673171997, -1.7977560758590698, -2.236116409301758, -1.873868703842163, 3.112639904022217, -0.8712036609649658, -2.306201696395874], [0.2627110183238983, -0.5084625482559204, -2.033116340637207, -1.3798714876174927, 1.6779974699020386, 0.7022567987442017, 25.900165557861328, 3.7335727214813232, -7.314639091491699, -4.362397193908691, 4.163718223571777, -0.8518983721733093, 3.820106267929077, -1.188669204711914, -1.6002376079559326, -0.799921452999115, 2.375138759613037, 2.437859535217285, -1.0985075235366821, -2.0377840995788574, -10.24734878540039], [3.6974058151245117, -1.5424814224243164, -0.8556579351425171, -2.2387540340423584, 0.824591875076294, 1.7395039796829224, 3.7335727214813232, 28.13956069946289, 3.9409894943237305, -9.506599426269531, 3.6577322483062744, 3.536315679550171, -3.214951515197754, 0.24831922352313995, -1.4386303424835205, 2.411423921585083, -0.4989039897918701, -0.5136737823486328, -4.419244766235352, -0.019185304641723633, -3.829589605331421], [10.124324798583984, 1.4547078609466553, -4.8583292961120605, 0.9028788208961487, 1.10102379322052, -2.729898691177368, -7.314639091491699, 3.9409894943237305, 29.728139877319336, -5.24193811416626, 0.6618152260780334, -6.645323753356934, 1.9882272481918335, 0.9118863344192505, -2.6532163619995117, -0.028457118198275566, -1.6900432109832764, -4.746476173400879, 3.863973617553711, 1.3666971921920776, 1.0628465414047241], [-2.17213773727417, 1.3665601015090942, 1.27164888381958, 1.665224552154541, -2.5926952362060547, 4.540316581726074, -4.362397193908691, -9.506599426269531, -5.24193811416626, 20.940370559692383, -1.453845500946045, 7.160722732543945, 1.152283787727356, -1.2588516473770142, 0.40314003825187683, 0.0206083282828331, -1.640857458114624, -2.244729518890381, -3.36950421333313, 4.440648078918457, 3.2685046195983887], [1.894561529159546, -0.7437549829483032, 2.595482587814331, -1.3906059265136719, 6.4132819175720215, 1.2588191032409668, 4.163718223571777, 3.6577322483062744, 0.6618152260780334, -1.453845500946045, 28.91203498840332, -3.1862611770629883, 8.519817352294922, 4.836507797241211, -2.814300060272217, -0.4312557578086853, 4.850581645965576, 4.692422866821289, -9.129095077514648, -4.115596771240234, 1.2559248208999634], [-6.0261311531066895, 3.3950581550598145, -4.699329376220703, -1.5190811157226562, -3.8674705028533936, 5.362549781799316, -0.8518983721733093, 3.536315679550171, -6.645323753356934, 7.160722732543945, -3.1862611770629883, 20.747726440429688, -4.106055736541748, 2.405085325241089, 2.274557590484619, 2.6884946823120117, 1.2872231006622314, -7.361751556396484, -5.522712707519531, 1.7357664108276367, -1.2489495277404785], [0.037692345678806305, 0.02483469806611538, 3.740821599960327, -3.4936912059783936, 2.725900411605835, 1.3926587104797363, 3.820106267929077, -3.214951515197754, 1.9882272481918335, 1.152283787727356, 8.519817352294922, -4.106055736541748, 18.777362823486328, 2.380544900894165, 1.2679826021194458, 1.6127458810806274, 1.5235583782196045, -3.1096620559692383, -1.7246651649475098, -3.846515417098999, -3.188100814819336], [-1.5374337434768677, 0.3850584030151367, -0.09425462782382965, 0.12335127592086792, -7.539259433746338, -4.515439510345459, -1.188669204711914, 0.24831922352313995, 0.9118863344192505, -1.2588516473770142, 4.836507797241211, 2.405085325241089, 2.380544900894165, 19.688068389892578, -1.1833391189575195, 4.122046947479248, -1.6811702251434326, -8.608001708984375, -1.9998517036437988, -2.2411513328552246, 4.536706924438477], [-0.08320378512144089, -2.0670387744903564, 8.270950317382812, -2.9611055850982666, -2.9891228675842285, 2.462153673171997, -1.6002376079559326, -1.4386303424835205, -2.6532163619995117, 0.40314003825187683, -2.814300060272217, 2.274557590484619, 1.2679826021194458, -1.1833391189575195, 20.832111358642578, -1.462792158126831, 0.4773521423339844, 0.32418346405029297, -5.074073791503906, 0.901373565196991, -5.0117034912109375], [-0.8703973889350891, 0.1500953882932663, -7.028038024902344, 1.8989455699920654, -4.775249481201172, -1.7977560758590698, -0.799921452999115, 2.411423921585083, -0.028457118198275566, 0.0206083282828331, -0.4312557578086853, 2.6884946823120117, 1.6127458810806274, 4.122046947479248, -1.462792158126831, 15.879733085632324, 0.7004300951957703, 3.136422634124756, 2.335808038711548, -2.6028494834899902, -1.5892431735992432], [7.942981243133545, 4.155055522918701, -1.5382521152496338, -3.3901968002319336, -0.39941343665122986, -2.236116647720337, 2.375138998031616, -0.49890440702438354, -1.6900429725646973, -1.6408569812774658, 4.850581169128418, 1.2872231006622314, 1.523558259010315, -1.6811705827713013, 0.47735220193862915, 0.700430691242218, 22.394010543823242, 12.050760269165039, -1.9173836708068848, -4.501130104064941, 3.809513807296753], [6.069170951843262, 1.6798985004425049, 4.478312015533447, -0.4748677909374237, -0.19558584690093994, -1.8738689422607422, 2.4378585815429688, -0.5136732459068298, -4.746476650238037, -2.244729518890381, 4.692422866821289, -7.361750602722168, -3.1096620559692383, -8.608002662658691, 0.3241835832595825, 3.1364223957061768, 12.050760269165039, 31.87179183959961, 2.737809181213379, -2.0865297317504883, -1.4415582418441772], [-0.9637415409088135, 1.9086359739303589, 0.6972916126251221, 5.568851470947266, 2.859297037124634, 3.112640380859375, -1.0985065698623657, -4.419244766235352, 3.863973379135132, -3.36950421333313, -9.129095077514648, -5.522713661193848, -1.7246651649475098, -1.9998513460159302, -5.074073791503906, 2.3358078002929688, -1.9173836708068848, 2.737809181213379, 26.149168014526367, -3.6986899375915527, -3.4197657108306885], [-5.7771782875061035, -2.55985951423645, 3.7454798221588135, 0.8825451731681824, 5.902059555053711, -0.871203601360321, -2.0377845764160156, -0.019185101613402367, 1.3666971921920776, 4.440648078918457, -4.115596294403076, 1.7357655763626099, -3.8465158939361572, -2.2411510944366455, 0.9013740420341492, -2.602848768234253, -4.501130104064941, -2.0865297317504883, -3.6986899375915527, 26.486339569091797, -0.6479159593582153], [6.464494228363037, -0.250018835067749, 2.540069103240967, 1.3907952308654785, -5.4084882736206055, -2.306201934814453, -10.24734878540039, -3.829589366912842, 1.0628466606140137, 3.2685046195983887, 1.2559247016906738, -1.2489488124847412, -3.1881003379821777, 4.536706924438477, -5.0117034912109375, -1.589242935180664, 3.809514045715332, -1.4415583610534668, -3.4197654724121094, -0.6479158401489258, 25.940195083618164]], "type": "heatmap"}], "layout": {"template": {"data": {"histogram2dcontour": [{"type": "histogram2dcontour", "colorbar": {"outlinewidth": 0, "ticks": ""}, "colorscale": [[0.0, "#0d0887"], [0.1111111111111111, "#46039f"], [0.2222222222222222, "#7201a8"], [0.3333333333333333, "#9c179e"], [0.4444444444444444, "#bd3786"], [0.5555555555555556, "#d8576b"], [0.6666666666666666, "#ed7953"], [0.7777777777777778, "#fb9f3a"], [0.8888888888888888, "#fdca26"], [1.0, "#f0f921"]]}], "choropleth": [{"type": "choropleth", "colorbar": {"outlinewidth": 0, "ticks": ""}}], "histogram2d": [{"type": "histogram2d", "colorbar": {"outlinewidth": 0, "ticks": ""}, "colorscale": [[0.0, "#0d0887"], [0.1111111111111111, "#46039f"], [0.2222222222222222, "#7201a8"], [0.3333333333333333, "#9c179e"], [0.4444444444444444, "#bd3786"], [0.5555555555555556, "#d8576b"], [0.6666666666666666, "#ed7953"], [0.7777777777777778, "#fb9f3a"], [0.8888888888888888, "#fdca26"], [1.0, "#f0f921"]]}], "heatmap": [{"type": "heatmap", "colorbar": {"outlinewidth": 0, "ticks": ""}, "colorscale": [[0.0, "#0d0887"], [0.1111111111111111, "#46039f"], [0.2222222222222222, "#7201a8"], [0.3333333333333333, "#9c179e"], [0.4444444444444444, "#bd3786"], [0.5555555555555556, "#d8576b"], [0.6666666666666666, "#ed7953"], [0.7777777777777778, "#fb9f3a"], [0.8888888888888888, "#fdca26"], [1.0, "#f0f921"]]}], "heatmapgl": [{"type": "heatmapgl", "colorbar": {"outlinewidth": 0, "ticks": ""}, "colorscale": [[0.0, "#0d0887"], [0.1111111111111111, "#46039f"], [0.2222222222222222, "#7201a8"], [0.3333333333333333, "#9c179e"], [0.4444444444444444, "#bd3786"], [0.5555555555555556, "#d8576b"], [0.6666666666666666, "#ed7953"], [0.7777777777777778, "#fb9f3a"], [0.8888888888888888, "#fdca26"], [1.0, "#f0f921"]]}], "contourcarpet": [{"type": "contourcarpet", "colorbar": {"outlinewidth": 0, "ticks": ""}}], "contour": [{"type": "contour", "colorbar": {"outlinewidth": 0, "ticks": ""}, "colorscale": [[0.0, "#0d0887"], [0.1111111111111111, "#46039f"], [0.2222222222222222, "#7201a8"], [0.3333333333333333, "#9c179e"], [0.4444444444444444, "#bd3786"], [0.5555555555555556, "#d8576b"], [0.6666666666666666, "#ed7953"], [0.7777777777777778, "#fb9f3a"], [0.8888888888888888, "#fdca26"], [1.0, "#f0f921"]]}], "surface": [{"type": "surface", "colorbar": {"outlinewidth": 0, "ticks": ""}, "colorscale": [[0.0, "#0d0887"], [0.1111111111111111, "#46039f"], [0.2222222222222222, "#7201a8"], [0.3333333333333333, "#9c179e"], [0.4444444444444444, "#bd3786"], [0.5555555555555556, "#d8576b"], [0.6666666666666666, "#ed7953"], [0.7777777777777778, "#fb9f3a"], [0.8888888888888888, "#fdca26"], [1.0, "#f0f921"]]}], "mesh3d": [{"type": "mesh3d", "colorbar": {"outlinewidth": 0, "ticks": ""}}], "scatter": [{"fillpattern": {"fillmode": "overlay", "size": 10, "solidity": 0.2}, "type": "scatter"}], "parcoords": [{"type": "parcoords", "line": {"colorbar": {"outlinewidth": 0, "ticks": ""}}}], "scatterpolargl": [{"type": "scatterpolargl", "marker": {"colorbar": {"outlinewidth": 0, "ticks": ""}}}], "bar": [{"error_x": {"color": "#2a3f5f"}, "error_y": {"color": "#2a3f5f"}, "marker": {"line": {"color": "#E5ECF6", "width": 0.5}, "pattern": {"fillmode": "overlay", "size": 10, "solidity": 0.2}}, "type": "bar"}], "scattergeo": [{"type": "scattergeo", "marker": {"colorbar": {"outlinewidth": 0, "ticks": ""}}}], "scatterpolar": [{"type": "scatterpolar", "marker": {"colorbar": {"outlinewidth": 0, "ticks": ""}}}], "histogram": [{"marker": {"pattern": {"fillmode": "overlay", "size": 10, "solidity": 0.2}}, "type": "histogram"}], "scattergl": [{"type": "scattergl", "marker": {"colorbar": {"outlinewidth": 0, "ticks": ""}}}], "scatter3d": [{"type": "scatter3d", "line": {"colorbar": {"outlinewidth": 0, "ticks": ""}}, "marker": {"colorbar": {"outlinewidth": 0, "ticks": ""}}}], "scattermapbox": [{"type": "scattermapbox", "marker": {"colorbar": {"outlinewidth": 0, "ticks": ""}}}], "scatterternary": [{"type": "scatterternary", "marker": {"colorbar": {"outlinewidth": 0, "ticks": ""}}}], "scattercarpet": [{"type": "scattercarpet", "marker": {"colorbar": {"outlinewidth": 0, "ticks": ""}}}], "carpet": [{"aaxis": {"endlinecolor": "#2a3f5f", "gridcolor": "white", "linecolor": "white", "minorgridcolor": "white", "startlinecolor": "#2a3f5f"}, "baxis": {"endlinecolor": "#2a3f5f", "gridcolor": "white", "linecolor": "white", "minorgridcolor": "white", "startlinecolor": "#2a3f5f"}, "type": "carpet"}], "table": [{"cells": {"fill": {"color": "#EBF0F8"}, "line": {"color": "white"}}, "header": {"fill": {"color": "#C8D4E3"}, "line": {"color": "white"}}, "type": "table"}], "barpolar": [{"marker": {"line": {"color": "#E5ECF6", "width": 0.5}, "pattern": {"fillmode": "overlay", "size": 10, "solidity": 0.2}}, "type": "barpolar"}], "pie": [{"automargin": true, "type": "pie"}]}, "layout": {"autotypenumbers": "strict", "colorway": ["#636efa", "#EF553B", "#00cc96", "#ab63fa", "#FFA15A", "#19d3f3", "#FF6692", "#B6E880", "#FF97FF", "#FECB52"], "font": {"color": "#2a3f5f"}, "hovermode": "closest", "hoverlabel": {"align": "left"}, "paper_bgcolor": "white", "plot_bgcolor": "#E5ECF6", "polar": {"bgcolor": "#E5ECF6", "angularaxis": {"gridcolor": "white", "linecolor": "white", "ticks": ""}, "radialaxis": {"gridcolor": "white", "linecolor": "white", "ticks": ""}}, "ternary": {"bgcolor": "#E5ECF6", "aaxis": {"gridcolor": "white", "linecolor": "white", "ticks": ""}, "baxis": {"gridcolor": "white", "linecolor": "white", "ticks": ""}, "caxis": {"gridcolor": "white", "linecolor": "white", "ticks": ""}}, "coloraxis": {"colorbar": {"outlinewidth": 0, "ticks": ""}}, "colorscale": {"sequential": [[0.0, "#0d0887"], [0.1111111111111111, "#46039f"], [0.2222222222222222, "#7201a8"], [0.3333333333333333, "#9c179e"], [0.4444444444444444, "#bd3786"], [0.5555555555555556, "#d8576b"], [0.6666666666666666, "#ed7953"], [0.7777777777777778, "#fb9f3a"], [0.8888888888888888, "#fdca26"], [1.0, "#f0f921"]], "sequentialminus": [[0.0, "#0d0887"], [0.1111111111111111, "#46039f"], [0.2222222222222222, "#7201a8"], [0.3333333333333333, "#9c179e"], [0.4444444444444444, "#bd3786"], [0.5555555555555556, "#d8576b"], [0.6666666666666666, "#ed7953"], [0.7777777777777778, "#fb9f3a"], [0.8888888888888888, "#fdca26"], [1.0, "#f0f921"]], "diverging": [[0, "#8e0152"], [0.1, "#c51b7d"], [0.2, "#de77ae"], [0.3, "#f1b6da"], [0.4, "#fde0ef"], [0.5, "#f7f7f7"], [0.6, "#e6f5d0"], [0.7, "#b8e186"], [0.8, "#7fbc41"], [0.9, "#4d9221"], [1, "#276419"]]}, "xaxis": {"gridcolor": "white", "linecolor": "white", "ticks": "", "title": {"standoff": 15}, "zerolinecolor": "white", "automargin": true, "zerolinewidth": 2}, "yaxis": {"gridcolor": "white", "linecolor": "white", "ticks": "", "title": {"standoff": 15}, "zerolinecolor": "white", "automargin": true, "zerolinewidth": 2}, "scene": {"xaxis": {"backgroundcolor": "#E5ECF6", "gridcolor": "white", "linecolor": "white", "showbackground": true, "ticks": "", "zerolinecolor": "white", "gridwidth": 2}, "yaxis": {"backgroundcolor": "#E5ECF6", "gridcolor": "white", "linecolor": "white", "showbackground": true, "ticks": "", "zerolinecolor": "white", "gridwidth": 2}, "zaxis": {"backgroundcolor": "#E5ECF6", "gridcolor": "white", "linecolor": "white", "showbackground": true, "ticks": "", "zerolinecolor": "white", "gridwidth": 2}}, "shapedefaults": {"line": {"color": "#2a3f5f"}}, "annotationdefaults": {"arrowcolor": "#2a3f5f", "arrowhead": 0, "arrowwidth": 1}, "geo": {"bgcolor": "white", "landcolor": "#E5ECF6", "subunitcolor": "white", "showland": true, "showlakes": true, "lakecolor": "white"}, "title": {"x": 0.05}, "mapbox": {"style": "light"}}}}}