{"data": [{"z": [[27.568742752075195, 3.7403552532196045, -6.119039535522461, -3.8484318256378174, -3.2629170417785645, -4.112714767456055, 0.2831500768661499, 3.7066359519958496, 10.131349563598633, -2.1522393226623535, 1.8926806449890137, -5.99500846862793, 0.08232396095991135, -1.5138767957687378, -0.05631823092699051, -0.8293226361274719, 7.943814277648926, 6.0806427001953125, -0.9380601644515991, -5.751835346221924, 6.44264554977417], [3.7403552532196045, 8.671088218688965, -0.6325981020927429, -0.7560199499130249, -2.1047797203063965, -3.0799977779388428, -0.4998602569103241, -1.5102944374084473, 1.4768481254577637, 1.3720260858535767, -0.74310702085495, 3.405303955078125, 0.041403837502002716, 0.40243101119995117, -2.049163579940796, 0.16803982853889465, 4.165398597717285, 1.6923882961273193, 1.917403221130371, -2.5295419692993164, -0.2449740618467331], [-6.119039535522461, -0.6325981020927429, 32.35929489135742, -1.8673721551895142, 3.8469371795654297, -3.9721310138702393, -2.0251095294952393, -0.8287109136581421, -4.837311744689941, 1.287076711654663, 2.579838752746582, -4.658380508422852, 3.7490146160125732, -0.06662877649068832, 8.290843963623047, -6.989902019500732, -1.5185177326202393, 4.487680435180664, 0.7175662517547607, 3.7663915157318115, 2.532644033432007], [-3.8484318256378174, -0.7560199499130249, -1.8673721551895142, 22.154258728027344, -1.2563579082489014, 1.434503197669983, -1.3591924905776978, -2.2061893939971924, 0.9396646022796631, 1.693363904953003, -1.3851834535598755, -1.4900087118148804, -3.4591381549835205, 0.15778867900371552, -2.908470630645752, 1.9404007196426392, -3.3453166484832764, -0.43858981132507324, 5.580787658691406, 0.9080221652984619, 1.3934712409973145], [-3.2629170417785645, -2.1047797203063965, 3.8469371795654297, -1.2563579082489014, 26.619104385375977, 2.2642178535461426, 1.682473063468933, 0.8516092896461487, 1.1189749240875244, -2.5566680431365967, 6.409557819366455, -3.8177201747894287, 2.748908281326294, -7.505945682525635, -2.9515979290008545, -4.7385478019714355, -0.3743436336517334, -0.15947657823562622, 2.8728833198547363, 5.909817218780518, -5.409557342529297], [-4.112714767456055, -3.0799977779388428, -3.9721310138702393, 1.434503197669983, 2.2642178535461426, 17.116575241088867, 0.7189329266548157, 1.7680829763412476, -2.7073147296905518, 4.561727046966553, 1.2573622465133667, 5.387385845184326, 1.426134705543518, -4.481070518493652, 2.490293502807617, -1.76370108127594, -2.2111077308654785, -1.8543883562088013, 3.127338409423828, -0.8275301456451416, -2.3183813095092773], [0.2831500768661499, -0.4998602569103241, -2.0251095294952393, -1.3591924905776978, 1.682473063468933, 0.7189329266548157, 25.867368698120117, 3.744191884994507, -7.288909912109375, -4.341349124908447, 4.160844326019287, -0.8292436003684998, 3.832587242126465, -1.17147958278656, -1.5989505052566528, -0.7730728983879089, 2.3803558349609375, 2.4499917030334473, -1.0831636190414429, -2.014364719390869, -10.242164611816406], [3.7066359519958496, -1.5102944374084473, -0.8287109136581421, -2.2061893939971924, 0.8516092896461487, 1.7680829763412476, 3.744191884994507, 28.11914825439453, 3.9390370845794678, -9.464652061462402, 3.649573802947998, 3.5581979751586914, -3.1685667037963867, 0.267200231552124, -1.401105523109436, 2.4445269107818604, -0.4784975051879883, -0.5000238418579102, -4.394846439361572, 0.007197856903076172, -3.835785388946533], [10.131349563598633, 1.4768481254577637, -4.837311744689941, 0.9396646022796631, 1.1189749240875244, -2.7073147296905518, -7.288909912109375, 3.9390370845794678, 29.70703125, -5.210405349731445, 0.6609209775924683, -6.617397785186768, 2.0199079513549805, 0.9425027966499329, -2.6128664016723633, 0.022281378507614136, -1.6677736043930054, -4.712771892547607, 3.87925124168396, 1.3873920440673828, 1.057633399963379], [-2.1522393226623535, 1.3720260858535767, 1.287076711654663, 1.693363904953003, -2.5566680431365967, 4.561727046966553, -4.341349124908447, -9.464652061462402, -5.210405349731445, 20.903995513916016, -1.4570362567901611, 7.177546501159668, 1.167253017425537, -1.2211004495620728, 0.41000357270240784, 0.03932681307196617, -1.6173094511032104, -2.2196903228759766, -3.354043960571289, 4.457891464233398, 3.2691543102264404], [1.8926806449890137, -0.74310702085495, 2.579838752746582, -1.3851834535598755, 6.409557819366455, 1.2573622465133667, 4.160844326019287, 3.649573802947998, 0.6609209775924683, -1.4570362567901611, 28.878982543945312, -3.1726202964782715, 8.514524459838867, 4.843502998352051, -2.8181610107421875, -0.42205262184143066, 4.83832311630249, 4.68890905380249, -9.119183540344238, -4.100542068481445, 1.2623958587646484], [-5.99500846862793, 3.405303955078125, -4.658380508422852, -1.4900087118148804, -3.8177201747894287, 5.387385845184326, -0.8292436003684998, 3.5581979751586914, -6.617397785186768, 7.177546501159668, -3.1726202964782715, 20.737056732177734, -4.064815044403076, 2.42197322845459, 2.2867372035980225, 2.7092952728271484, 1.316420316696167, -7.315523147583008, -5.510377883911133, 1.7847850322723389, -1.2599796056747437], [0.08232396095991135, 0.041403837502002716, 3.7490146160125732, -3.4591381549835205, 2.748908281326294, 1.426134705543518, 3.832587242126465, -3.1685667037963867, 2.0199079513549805, 1.167253017425537, 8.514524459838867, -4.064815044403076, 18.772621154785156, 2.4139249324798584, 1.2987995147705078, 1.6421071290969849, 1.5577828884124756, -3.0681233406066895, -1.6966395378112793, -3.8087387084960938, -3.189570188522339], [-1.5138767957687378, 0.40243101119995117, -0.06662877649068832, 0.15778867900371552, -7.505945682525635, -4.481070518493652, -1.17147958278656, 0.267200231552124, 0.9425027966499329, -1.2211004495620728, 4.843502998352051, 2.42197322845459, 2.4139249324798584, 19.69405746459961, -1.1488373279571533, 4.14695930480957, -1.6513147354125977, -8.571548461914062, -1.981332540512085, -2.1914868354797363, 4.529715538024902], [-0.05631823092699051, -2.049163579940796, 8.290843963623047, -2.908470630645752, -2.9515979290008545, 2.490293502807617, -1.5989505052566528, -1.401105523109436, -2.6128664016723633, 0.41000357270240784, -2.8181610107421875, 2.2867372035980225, 1.2987995147705078, -1.1488373279571533, 20.816913604736328, -1.4190694093704224, 0.49406862258911133, 0.3537566661834717, -5.03318977355957, 0.9268687963485718, -5.010498523712158], [-0.8293226361274719, 0.16803982853889465, -6.989902019500732, 1.9404007196426392, -4.7385478019714355, -1.76370108127594, -0.7730728983879089, 2.4445269107818604, 0.022281378507614136, 0.03932681307196617, -0.42205262184143066, 2.7092952728271484, 1.6421071290969849, 4.14695930480957, -1.4190694093704224, 15.897290229797363, 0.7377687692642212, 3.171110153198242, 2.348738193511963, -2.5652832984924316, -1.5880143642425537], [7.943813323974609, 4.165398597717285, -1.5185179710388184, -3.3453166484832764, -0.3743436634540558, -2.2111082077026367, 2.3803553581237793, -0.4784969687461853, -1.667773962020874, -1.6173102855682373, 4.83832311630249, 1.3164201974868774, 1.5577834844589233, -1.6513150930404663, 0.4940688908100128, 0.7377689480781555, 22.355178833007812, 12.039379119873047, -1.8863136768341064, -4.461241245269775, 3.8033523559570312], [6.0806427001953125, 1.6923882961273193, 4.487679958343506, -0.43859007954597473, -0.15947654843330383, -1.8543885946273804, 2.449991464614868, -0.5000239014625549, -4.712772369384766, -2.2196898460388184, 4.68890905380249, -7.315523147583008, -3.0681238174438477, -8.571547508239746, 0.3537564277648926, 3.171109676361084, 12.039379119873047, 31.836315155029297, 2.7578063011169434, -2.058828830718994, -1.4515721797943115], [-0.9380602240562439, 1.9174034595489502, 0.7175660729408264, 5.5807881355285645, 2.872882127761841, 3.127338409423828, -1.0831637382507324, -4.3948469161987305, 3.8792507648468018, -3.3540432453155518, -9.119184494018555, -5.510376453399658, -1.6966395378112793, -1.9813326597213745, -5.033191204071045, 2.348737955093384, -1.8863136768341064, 2.7578063011169434, 26.12162208557129, -3.6885533332824707, -3.4165430068969727], [-5.75183629989624, -2.529541015625, 3.7663915157318115, 0.9080228209495544, 5.909816741943359, -0.8275298476219177, -2.01436448097229, 0.0071983966045081615, 1.3873918056488037, 4.457890510559082, -4.100542068481445, 1.7847858667373657, -3.808739185333252, -2.191486358642578, 0.9268684387207031, -2.56528377532959, -4.461241245269775, -2.058828830718994, -3.6885533332824707, 26.453899383544922, -0.6585232019424438], [6.4426445960998535, -0.24497413635253906, 2.532644271850586, 1.3934707641601562, -5.409557342529297, -2.31838059425354, -10.242165565490723, -3.835785388946533, 1.057633638381958, 3.2691545486450195, 1.2623958587646484, -1.2599780559539795, -3.1895699501037598, 4.529715061187744, -5.010498523712158, -1.5880143642425537, 3.8033523559570312, -1.4515719413757324, -3.4165427684783936, -0.6585232019424438, 25.940195083618164]], "type": "heatmap"}], "layout": {"template": {"data": {"histogram2dcontour": [{"type": "histogram2dcontour", "colorbar": {"outlinewidth": 0, "ticks": ""}, "colorscale": [[0.0, "#0d0887"], [0.1111111111111111, "#46039f"], [0.2222222222222222, "#7201a8"], [0.3333333333333333, "#9c179e"], [0.4444444444444444, "#bd3786"], [0.5555555555555556, "#d8576b"], [0.6666666666666666, "#ed7953"], [0.7777777777777778, "#fb9f3a"], [0.8888888888888888, "#fdca26"], [1.0, "#f0f921"]]}], "choropleth": [{"type": "choropleth", "colorbar": {"outlinewidth": 0, "ticks": ""}}], "histogram2d": [{"type": "histogram2d", "colorbar": {"outlinewidth": 0, "ticks": ""}, "colorscale": [[0.0, "#0d0887"], [0.1111111111111111, "#46039f"], [0.2222222222222222, "#7201a8"], [0.3333333333333333, "#9c179e"], [0.4444444444444444, "#bd3786"], [0.5555555555555556, "#d8576b"], [0.6666666666666666, "#ed7953"], [0.7777777777777778, "#fb9f3a"], [0.8888888888888888, "#fdca26"], [1.0, "#f0f921"]]}], "heatmap": [{"type": "heatmap", "colorbar": {"outlinewidth": 0, "ticks": ""}, "colorscale": [[0.0, "#0d0887"], [0.1111111111111111, "#46039f"], [0.2222222222222222, "#7201a8"], [0.3333333333333333, "#9c179e"], [0.4444444444444444, "#bd3786"], [0.5555555555555556, "#d8576b"], [0.6666666666666666, "#ed7953"], [0.7777777777777778, "#fb9f3a"], [0.8888888888888888, "#fdca26"], [1.0, "#f0f921"]]}], "heatmapgl": [{"type": "heatmapgl", "colorbar": {"outlinewidth": 0, "ticks": ""}, "colorscale": [[0.0, "#0d0887"], [0.1111111111111111, "#46039f"], [0.2222222222222222, "#7201a8"], [0.3333333333333333, "#9c179e"], [0.4444444444444444, "#bd3786"], [0.5555555555555556, "#d8576b"], [0.6666666666666666, "#ed7953"], [0.7777777777777778, "#fb9f3a"], [0.8888888888888888, "#fdca26"], [1.0, "#f0f921"]]}], "contourcarpet": [{"type": "contourcarpet", "colorbar": {"outlinewidth": 0, "ticks": ""}}], "contour": [{"type": "contour", "colorbar": {"outlinewidth": 0, "ticks": ""}, "colorscale": [[0.0, "#0d0887"], [0.1111111111111111, "#46039f"], [0.2222222222222222, "#7201a8"], [0.3333333333333333, "#9c179e"], [0.4444444444444444, "#bd3786"], [0.5555555555555556, "#d8576b"], [0.6666666666666666, "#ed7953"], [0.7777777777777778, "#fb9f3a"], [0.8888888888888888, "#fdca26"], [1.0, "#f0f921"]]}], "surface": [{"type": "surface", "colorbar": {"outlinewidth": 0, "ticks": ""}, "colorscale": [[0.0, "#0d0887"], [0.1111111111111111, "#46039f"], [0.2222222222222222, "#7201a8"], [0.3333333333333333, "#9c179e"], [0.4444444444444444, "#bd3786"], [0.5555555555555556, "#d8576b"], [0.6666666666666666, "#ed7953"], [0.7777777777777778, "#fb9f3a"], [0.8888888888888888, "#fdca26"], [1.0, "#f0f921"]]}], "mesh3d": [{"type": "mesh3d", "colorbar": {"outlinewidth": 0, "ticks": ""}}], "scatter": [{"fillpattern": {"fillmode": "overlay", "size": 10, "solidity": 0.2}, "type": "scatter"}], "parcoords": [{"type": "parcoords", "line": {"colorbar": {"outlinewidth": 0, "ticks": ""}}}], "scatterpolargl": [{"type": "scatterpolargl", "marker": {"colorbar": {"outlinewidth": 0, "ticks": ""}}}], "bar": [{"error_x": {"color": "#2a3f5f"}, "error_y": {"color": "#2a3f5f"}, "marker": {"line": {"color": "#E5ECF6", "width": 0.5}, "pattern": {"fillmode": "overlay", "size": 10, "solidity": 0.2}}, "type": "bar"}], "scattergeo": [{"type": "scattergeo", "marker": {"colorbar": {"outlinewidth": 0, "ticks": ""}}}], "scatterpolar": [{"type": "scatterpolar", "marker": {"colorbar": {"outlinewidth": 0, "ticks": ""}}}], "histogram": [{"marker": {"pattern": {"fillmode": "overlay", "size": 10, "solidity": 0.2}}, "type": "histogram"}], "scattergl": [{"type": "scattergl", "marker": {"colorbar": {"outlinewidth": 0, "ticks": ""}}}], "scatter3d": [{"type": "scatter3d", "line": {"colorbar": {"outlinewidth": 0, "ticks": ""}}, "marker": {"colorbar": {"outlinewidth": 0, "ticks": ""}}}], "scattermapbox": [{"type": "scattermapbox", "marker": {"colorbar": {"outlinewidth": 0, "ticks": ""}}}], "scatterternary": [{"type": "scatterternary", "marker": {"colorbar": {"outlinewidth": 0, "ticks": ""}}}], "scattercarpet": [{"type": "scattercarpet", "marker": {"colorbar": {"outlinewidth": 0, "ticks": ""}}}], "carpet": [{"aaxis": {"endlinecolor": "#2a3f5f", "gridcolor": "white", "linecolor": "white", "minorgridcolor": "white", "startlinecolor": "#2a3f5f"}, "baxis": {"endlinecolor": "#2a3f5f", "gridcolor": "white", "linecolor": "white", "minorgridcolor": "white", "startlinecolor": "#2a3f5f"}, "type": "carpet"}], "table": [{"cells": {"fill": {"color": "#EBF0F8"}, "line": {"color": "white"}}, "header": {"fill": {"color": "#C8D4E3"}, "line": {"color": "white"}}, "type": "table"}], "barpolar": [{"marker": {"line": {"color": "#E5ECF6", "width": 0.5}, "pattern": {"fillmode": "overlay", "size": 10, "solidity": 0.2}}, "type": "barpolar"}], "pie": [{"automargin": true, "type": "pie"}]}, "layout": {"autotypenumbers": "strict", "colorway": ["#636efa", "#EF553B", "#00cc96", "#ab63fa", "#FFA15A", "#19d3f3", "#FF6692", "#B6E880", "#FF97FF", "#FECB52"], "font": {"color": "#2a3f5f"}, "hovermode": "closest", "hoverlabel": {"align": "left"}, "paper_bgcolor": "white", "plot_bgcolor": "#E5ECF6", "polar": {"bgcolor": "#E5ECF6", "angularaxis": {"gridcolor": "white", "linecolor": "white", "ticks": ""}, "radialaxis": {"gridcolor": "white", "linecolor": "white", "ticks": ""}}, "ternary": {"bgcolor": "#E5ECF6", "aaxis": {"gridcolor": "white", "linecolor": "white", "ticks": ""}, "baxis": {"gridcolor": "white", "linecolor": "white", "ticks": ""}, "caxis": {"gridcolor": "white", "linecolor": "white", "ticks": ""}}, "coloraxis": {"colorbar": {"outlinewidth": 0, "ticks": ""}}, "colorscale": {"sequential": [[0.0, "#0d0887"], [0.1111111111111111, "#46039f"], [0.2222222222222222, "#7201a8"], [0.3333333333333333, "#9c179e"], [0.4444444444444444, "#bd3786"], [0.5555555555555556, "#d8576b"], [0.6666666666666666, "#ed7953"], [0.7777777777777778, "#fb9f3a"], [0.8888888888888888, "#fdca26"], [1.0, "#f0f921"]], "sequentialminus": [[0.0, "#0d0887"], [0.1111111111111111, "#46039f"], [0.2222222222222222, "#7201a8"], [0.3333333333333333, "#9c179e"], [0.4444444444444444, "#bd3786"], [0.5555555555555556, "#d8576b"], [0.6666666666666666, "#ed7953"], [0.7777777777777778, "#fb9f3a"], [0.8888888888888888, "#fdca26"], [1.0, "#f0f921"]], "diverging": [[0, "#8e0152"], [0.1, "#c51b7d"], [0.2, "#de77ae"], [0.3, "#f1b6da"], [0.4, "#fde0ef"], [0.5, "#f7f7f7"], [0.6, "#e6f5d0"], [0.7, "#b8e186"], [0.8, "#7fbc41"], [0.9, "#4d9221"], [1, "#276419"]]}, "xaxis": {"gridcolor": "white", "linecolor": "white", "ticks": "", "title": {"standoff": 15}, "zerolinecolor": "white", "automargin": true, "zerolinewidth": 2}, "yaxis": {"gridcolor": "white", "linecolor": "white", "ticks": "", "title": {"standoff": 15}, "zerolinecolor": "white", "automargin": true, "zerolinewidth": 2}, "scene": {"xaxis": {"backgroundcolor": "#E5ECF6", "gridcolor": "white", "linecolor": "white", "showbackground": true, "ticks": "", "zerolinecolor": "white", "gridwidth": 2}, "yaxis": {"backgroundcolor": "#E5ECF6", "gridcolor": "white", "linecolor": "white", "showbackground": true, "ticks": "", "zerolinecolor": "white", "gridwidth": 2}, "zaxis": {"backgroundcolor": "#E5ECF6", "gridcolor": "white", "linecolor": "white", "showbackground": true, "ticks": "", "zerolinecolor": "white", "gridwidth": 2}}, "shapedefaults": {"line": {"color": "#2a3f5f"}}, "annotationdefaults": {"arrowcolor": "#2a3f5f", "arrowhead": 0, "arrowwidth": 1}, "geo": {"bgcolor": "white", "landcolor": "#E5ECF6", "subunitcolor": "white", "showland": true, "showlakes": true, "lakecolor": "white"}, "title": {"x": 0.05}, "mapbox": {"style": "light"}}}}}