{"data": [{"z": [[27.574419021606445, 3.7359092235565186, -6.127665042877197, -3.8620212078094482, -3.2722833156585693, -4.119644641876221, 0.27720528841018677, 3.7029106616973877, 10.127798080444336, -2.157984495162964, 1.8924264907836914, -6.003536224365234, 0.06853083521127701, -1.520965576171875, -0.06441818922758102, -0.8397498726844788, 7.942958831787109, 6.076044082641602, -0.9462319612503052, -5.7593536376953125, 6.448866367340088], [3.7359092235565186, 8.677000999450684, -0.6389071345329285, -0.7639748454093933, -2.112057685852051, -3.0859384536743164, -0.5029460191726685, -1.518312692642212, 1.470107078552246, 1.3703882694244385, -0.7444006204605103, 3.4017672538757324, 0.03653434291481972, 0.3971424400806427, -2.0530004501342773, 0.16399119794368744, 4.161818504333496, 1.6885734796524048, 1.915412187576294, -2.537975311279297, -0.24647510051727295], [-6.127665042877197, -0.6389071345329285, 32.36249542236328, -1.877102017402649, 3.841196060180664, -3.985074043273926, -2.028451681137085, -0.8387660384178162, -4.845696926116943, 1.2826447486877441, 2.5826191902160645, -4.670634746551514, 3.7444071769714355, -0.07689201831817627, 8.284242630004883, -7.002263069152832, -1.5258700847625732, 4.483092308044434, 0.709861159324646, 3.7583837509155273, 2.5358214378356934], [-3.8620212078094482, -0.7639748454093933, -1.877102017402649, 22.147281646728516, -1.263363242149353, 1.423782229423523, -1.366518259048462, -2.2161190509796143, 0.9288014769554138, 1.684688687324524, -1.387048363685608, -1.4998130798339844, -3.469425678253174, 0.14577196538448334, -2.9230499267578125, 1.9274165630340576, -3.358792543411255, -0.45006394386291504, 5.575748920440674, 0.9000508785247803, 1.3929933309555054], [-3.2722833156585693, -2.112057685852051, 3.841196060180664, -1.263363242149353, 26.624156951904297, 2.252065896987915, 1.6801784038543701, 0.8432593941688538, 1.113761067390442, -2.566796064376831, 6.408581733703613, -3.8324475288391113, 2.7403833866119385, -7.515199184417725, -2.9626829624176025, -4.747392654418945, -0.3830779790878296, -0.17037588357925415, 2.8689494132995605, 5.905327796936035, -5.408663272857666], [-4.119644641876221, -3.0859384536743164, -3.985074043273926, 1.423782229423523, 2.252065896987915, 17.108673095703125, 0.7129790782928467, 1.7587023973464966, -2.7144956588745117, 4.555461883544922, 1.257725477218628, 5.3784661293029785, 1.4149025678634644, -4.4923481941223145, 2.4816434383392334, -1.7727030515670776, -2.2183191776275635, -1.8604899644851685, 3.1218721866607666, -0.8416813611984253, -2.31490421295166], [0.27720528841018677, -0.5029460191726685, -2.028451681137085, -1.366518259048462, 1.6801784038543701, 0.7129790782928467, 25.873870849609375, 3.740157127380371, -7.2965497970581055, -4.3475847244262695, 4.1605658531188965, -0.8359424471855164, 3.8280255794525146, -1.175913691520691, -1.5990612506866455, -0.7808122634887695, 2.378227949142456, 2.445157051086426, -1.0879732370376587, -2.021712303161621, -10.24348258972168], [3.7029106616973877, -1.518312692642212, -0.8387660384178162, -2.2161190509796143, 0.8432593941688538, 1.7587023973464966, 3.740157127380371, 28.122892379760742, 3.9393277168273926, -9.476109504699707, 3.6512506008148193, 3.551438808441162, -3.182361364364624, 0.26203811168670654, -1.4122058153152466, 2.435074806213379, -0.48522448539733887, -0.5052433013916016, -4.402472019195557, -0.002289295196533203, -3.833331346511841], [10.127798080444336, 1.470107078552246, -4.845696926116943, 0.9288014769554138, 1.113761067390442, -2.7144956588745117, -7.2965497970581055, 3.9393277168273926, 29.71100616455078, -5.219269275665283, 0.660362720489502, -6.625091552734375, 2.010559320449829, 0.9334551095962524, -2.6243903636932373, 0.007318906951695681, -1.6753888130187988, -4.722894668579102, 3.8747003078460693, 1.3800705671310425, 1.059091329574585], [-2.157984495162964, 1.3703882694244385, 1.2826447486877441, 1.684688687324524, -2.566796064376831, 4.555461883544922, -4.3475847244262695, -9.476109504699707, -5.219269275665283, 20.911731719970703, -1.4564483165740967, 7.17220401763916, 1.1619869470596313, -1.2327860593795776, 0.40780800580978394, 0.03378208726644516, -1.6246540546417236, -2.226961374282837, -3.3588504791259766, 4.450597763061523, 3.2691216468811035], [1.8924264907836914, -0.7444006204605103, 2.5826191902160645, -1.387048363685608, 6.408581733703613, 1.257725477218628, 4.1605658531188965, 3.6512506008148193, 0.660362720489502, -1.4564483165740967, 28.885812759399414, -3.1750588417053223, 8.514689445495605, 4.841416835784912, -2.817152500152588, -0.4243287444114685, 4.8400797843933105, 4.688780784606934, -9.121711730957031, -4.105456352233887, 1.2608329057693481], [-6.003536224365234, 3.4017672538757324, -4.670634746551514, -1.4998130798339844, -3.8324475288391113, 5.3784661293029785, -0.8359424471855164, 3.551438808441162, -6.625091552734375, 7.17220401763916, -3.1750588417053223, 20.735776901245117, -4.076324939727783, 2.414496421813965, 2.282687187194824, 2.7018697261810303, 1.3067572116851807, -7.329837799072266, -5.516357421875, 1.7697725296020508, -1.2563507556915283], [0.06853083521127701, 0.03653434291481972, 3.7444071769714355, -3.469425678253174, 2.7403833866119385, 1.4149025678634644, 3.8280255794525146, -3.182361364364624, 2.010559320449829, 1.1619869470596313, 8.514689445495605, -4.076324939727783, 18.76995277404785, 2.4039413928985596, 1.2897922992706299, 1.6334501504898071, 1.5461955070495605, -3.0814781188964844, -1.70537269115448, -3.8203086853027344, -3.188427686691284], [-1.520965576171875, 0.3971424400806427, -0.07689201831817627, 0.14577196538448334, -7.515199184417725, -4.4923481941223145, -1.175913691520691, 0.26203811168670654, 0.9334551095962524, -1.2327860593795776, 4.841416835784912, 2.414496421813965, 2.4039413928985596, 19.68813705444336, -1.1583887338638306, 4.138007640838623, -1.659963607788086, -8.581991195678711, -1.9884679317474365, -2.207023859024048, 4.530742645263672], [-0.06441818922758102, -2.0530004501342773, 8.284242630004883, -2.9230499267578125, -2.9626829624176025, 2.4816434383392334, -1.5990612506866455, -1.4122058153152466, -2.6243903636932373, 0.40780800580978394, -2.817152500152588, 2.282687187194824, 1.2897922992706299, -1.1583887338638306, 20.818967819213867, -1.4318585395812988, 0.4884912967681885, 0.34491825103759766, -5.044816017150879, 0.919127345085144, -5.01082706451416], [-0.8397498726844788, 0.16399119794368744, -7.002263069152832, 1.9274165630340576, -4.747392654418945, -1.7727030515670776, -0.7808122634887695, 2.435074806213379, 0.007318906951695681, 0.03378208726644516, -0.4243287444114685, 2.7018697261810303, 1.6334501504898071, 4.138007640838623, -1.4318585395812988, 15.890449523925781, 0.7265861630439758, 3.16097092628479, 2.3444621562957764, -2.576725482940674, -1.5877423286437988], [7.942959308624268, 4.161818504333496, -1.5258700847625732, -3.3587920665740967, -0.3830777704715729, -2.2183194160461426, 2.378227710723877, -0.4852238893508911, -1.6753889322280884, -1.6246545314788818, 4.8400797843933105, 1.3067570924758911, 1.546195387840271, -1.659963607788086, 0.488491415977478, 0.7265858054161072, 22.364519119262695, 12.041871070861816, -1.894808053970337, -4.4743804931640625, 3.805515766143799], [6.076043128967285, 1.688572883605957, 4.483092308044434, -0.450064092874527, -0.1703759729862213, -1.8604902029037476, 2.4451565742492676, -0.5052431225776672, -4.722894191741943, -2.226962089538574, 4.688780784606934, -7.329837799072266, -3.0814778804779053, -8.581992149353027, 0.3449186086654663, 3.160970687866211, 12.041871070861816, 31.843387603759766, 2.7514219284057617, -2.06878662109375, -1.4481998682022095], [-0.9462323784828186, 1.9154118299484253, 0.7098616361618042, 5.575749397277832, 2.8689498901367188, 3.1218714714050293, -1.0879719257354736, -4.402472019195557, 3.8747005462646484, -3.3588502407073975, -9.121709823608398, -5.516357421875, -1.7053730487823486, -1.9884682893753052, -5.044816017150879, 2.3444619178771973, -1.894808053970337, 2.7514219284057617, 26.127368927001953, -3.6921639442443848, -3.4172756671905518], [-5.759352684020996, -2.537975311279297, 3.7583839893341064, 0.9000505208969116, 5.905328750610352, -0.8416815400123596, -2.0217125415802, -0.0022888598032295704, 1.380069613456726, 4.450597286224365, -4.1054558753967285, 1.7697712182998657, -3.8203089237213135, -2.2070233821868896, 0.9191271662712097, -2.576725959777832, -4.4743804931640625, -2.06878662109375, -3.6921639442443848, 26.457782745361328, -0.6545734405517578], [6.448866367340088, -0.2464749813079834, 2.535820960998535, 1.3929939270019531, -5.408663749694824, -2.31490421295166, -10.24348258972168, -3.8333311080932617, 1.0590918064117432, 3.2691221237182617, 1.2608320713043213, -1.2563507556915283, -3.188427686691284, 4.530742645263672, -5.01082706451416, -1.5877430438995361, 3.8055148124694824, -1.44819974899292, -3.417275905609131, -0.6545733213424683, 25.940195083618164]], "type": "heatmap"}], "layout": {"template": {"data": {"histogram2dcontour": [{"type": "histogram2dcontour", "colorbar": {"outlinewidth": 0, "ticks": ""}, "colorscale": [[0.0, "#0d0887"], [0.1111111111111111, "#46039f"], [0.2222222222222222, "#7201a8"], [0.3333333333333333, "#9c179e"], [0.4444444444444444, "#bd3786"], [0.5555555555555556, "#d8576b"], [0.6666666666666666, "#ed7953"], [0.7777777777777778, "#fb9f3a"], [0.8888888888888888, "#fdca26"], [1.0, "#f0f921"]]}], "choropleth": [{"type": "choropleth", "colorbar": {"outlinewidth": 0, "ticks": ""}}], "histogram2d": [{"type": "histogram2d", "colorbar": {"outlinewidth": 0, "ticks": ""}, "colorscale": [[0.0, "#0d0887"], [0.1111111111111111, "#46039f"], [0.2222222222222222, "#7201a8"], [0.3333333333333333, "#9c179e"], [0.4444444444444444, "#bd3786"], [0.5555555555555556, "#d8576b"], [0.6666666666666666, "#ed7953"], [0.7777777777777778, "#fb9f3a"], [0.8888888888888888, "#fdca26"], [1.0, "#f0f921"]]}], "heatmap": [{"type": "heatmap", "colorbar": {"outlinewidth": 0, "ticks": ""}, "colorscale": [[0.0, "#0d0887"], [0.1111111111111111, "#46039f"], [0.2222222222222222, "#7201a8"], [0.3333333333333333, "#9c179e"], [0.4444444444444444, "#bd3786"], [0.5555555555555556, "#d8576b"], [0.6666666666666666, "#ed7953"], [0.7777777777777778, "#fb9f3a"], [0.8888888888888888, "#fdca26"], [1.0, "#f0f921"]]}], "heatmapgl": [{"type": "heatmapgl", "colorbar": {"outlinewidth": 0, "ticks": ""}, "colorscale": [[0.0, "#0d0887"], [0.1111111111111111, "#46039f"], [0.2222222222222222, "#7201a8"], [0.3333333333333333, "#9c179e"], [0.4444444444444444, "#bd3786"], [0.5555555555555556, "#d8576b"], [0.6666666666666666, "#ed7953"], [0.7777777777777778, "#fb9f3a"], [0.8888888888888888, "#fdca26"], [1.0, "#f0f921"]]}], "contourcarpet": [{"type": "contourcarpet", "colorbar": {"outlinewidth": 0, "ticks": ""}}], "contour": [{"type": "contour", "colorbar": {"outlinewidth": 0, "ticks": ""}, "colorscale": [[0.0, "#0d0887"], [0.1111111111111111, "#46039f"], [0.2222222222222222, "#7201a8"], [0.3333333333333333, "#9c179e"], [0.4444444444444444, "#bd3786"], [0.5555555555555556, "#d8576b"], [0.6666666666666666, "#ed7953"], [0.7777777777777778, "#fb9f3a"], [0.8888888888888888, "#fdca26"], [1.0, "#f0f921"]]}], "surface": [{"type": "surface", "colorbar": {"outlinewidth": 0, "ticks": ""}, "colorscale": [[0.0, "#0d0887"], [0.1111111111111111, "#46039f"], [0.2222222222222222, "#7201a8"], [0.3333333333333333, "#9c179e"], [0.4444444444444444, "#bd3786"], [0.5555555555555556, "#d8576b"], [0.6666666666666666, "#ed7953"], [0.7777777777777778, "#fb9f3a"], [0.8888888888888888, "#fdca26"], [1.0, "#f0f921"]]}], "mesh3d": [{"type": "mesh3d", "colorbar": {"outlinewidth": 0, "ticks": ""}}], "scatter": [{"fillpattern": {"fillmode": "overlay", "size": 10, "solidity": 0.2}, "type": "scatter"}], "parcoords": [{"type": "parcoords", "line": {"colorbar": {"outlinewidth": 0, "ticks": ""}}}], "scatterpolargl": [{"type": "scatterpolargl", "marker": {"colorbar": {"outlinewidth": 0, "ticks": ""}}}], "bar": [{"error_x": {"color": "#2a3f5f"}, "error_y": {"color": "#2a3f5f"}, "marker": {"line": {"color": "#E5ECF6", "width": 0.5}, "pattern": {"fillmode": "overlay", "size": 10, "solidity": 0.2}}, "type": "bar"}], "scattergeo": [{"type": "scattergeo", "marker": {"colorbar": {"outlinewidth": 0, "ticks": ""}}}], "scatterpolar": [{"type": "scatterpolar", "marker": {"colorbar": {"outlinewidth": 0, "ticks": ""}}}], "histogram": [{"marker": {"pattern": {"fillmode": "overlay", "size": 10, "solidity": 0.2}}, "type": "histogram"}], "scattergl": [{"type": "scattergl", "marker": {"colorbar": {"outlinewidth": 0, "ticks": ""}}}], "scatter3d": [{"type": "scatter3d", "line": {"colorbar": {"outlinewidth": 0, "ticks": ""}}, "marker": {"colorbar": {"outlinewidth": 0, "ticks": ""}}}], "scattermapbox": [{"type": "scattermapbox", "marker": {"colorbar": {"outlinewidth": 0, "ticks": ""}}}], "scatterternary": [{"type": "scatterternary", "marker": {"colorbar": {"outlinewidth": 0, "ticks": ""}}}], "scattercarpet": [{"type": "scattercarpet", "marker": {"colorbar": {"outlinewidth": 0, "ticks": ""}}}], "carpet": [{"aaxis": {"endlinecolor": "#2a3f5f", "gridcolor": "white", "linecolor": "white", "minorgridcolor": "white", "startlinecolor": "#2a3f5f"}, "baxis": {"endlinecolor": "#2a3f5f", "gridcolor": "white", "linecolor": "white", "minorgridcolor": "white", "startlinecolor": "#2a3f5f"}, "type": "carpet"}], "table": [{"cells": {"fill": {"color": "#EBF0F8"}, "line": {"color": "white"}}, "header": {"fill": {"color": "#C8D4E3"}, "line": {"color": "white"}}, "type": "table"}], "barpolar": [{"marker": {"line": {"color": "#E5ECF6", "width": 0.5}, "pattern": {"fillmode": "overlay", "size": 10, "solidity": 0.2}}, "type": "barpolar"}], "pie": [{"automargin": true, "type": "pie"}]}, "layout": {"autotypenumbers": "strict", "colorway": ["#636efa", "#EF553B", "#00cc96", "#ab63fa", "#FFA15A", "#19d3f3", "#FF6692", "#B6E880", "#FF97FF", "#FECB52"], "font": {"color": "#2a3f5f"}, "hovermode": "closest", "hoverlabel": {"align": "left"}, "paper_bgcolor": "white", "plot_bgcolor": "#E5ECF6", "polar": {"bgcolor": "#E5ECF6", "angularaxis": {"gridcolor": "white", "linecolor": "white", "ticks": ""}, "radialaxis": {"gridcolor": "white", "linecolor": "white", "ticks": ""}}, "ternary": {"bgcolor": "#E5ECF6", "aaxis": {"gridcolor": "white", "linecolor": "white", "ticks": ""}, "baxis": {"gridcolor": "white", "linecolor": "white", "ticks": ""}, "caxis": {"gridcolor": "white", "linecolor": "white", "ticks": ""}}, "coloraxis": {"colorbar": {"outlinewidth": 0, "ticks": ""}}, "colorscale": {"sequential": [[0.0, "#0d0887"], [0.1111111111111111, "#46039f"], [0.2222222222222222, "#7201a8"], [0.3333333333333333, "#9c179e"], [0.4444444444444444, "#bd3786"], [0.5555555555555556, "#d8576b"], [0.6666666666666666, "#ed7953"], [0.7777777777777778, "#fb9f3a"], [0.8888888888888888, "#fdca26"], [1.0, "#f0f921"]], "sequentialminus": [[0.0, "#0d0887"], [0.1111111111111111, "#46039f"], [0.2222222222222222, "#7201a8"], [0.3333333333333333, "#9c179e"], [0.4444444444444444, "#bd3786"], [0.5555555555555556, "#d8576b"], [0.6666666666666666, "#ed7953"], [0.7777777777777778, "#fb9f3a"], [0.8888888888888888, "#fdca26"], [1.0, "#f0f921"]], "diverging": [[0, "#8e0152"], [0.1, "#c51b7d"], [0.2, "#de77ae"], [0.3, "#f1b6da"], [0.4, "#fde0ef"], [0.5, "#f7f7f7"], [0.6, "#e6f5d0"], [0.7, "#b8e186"], [0.8, "#7fbc41"], [0.9, "#4d9221"], [1, "#276419"]]}, "xaxis": {"gridcolor": "white", "linecolor": "white", "ticks": "", "title": {"standoff": 15}, "zerolinecolor": "white", "automargin": true, "zerolinewidth": 2}, "yaxis": {"gridcolor": "white", "linecolor": "white", "ticks": "", "title": {"standoff": 15}, "zerolinecolor": "white", "automargin": true, "zerolinewidth": 2}, "scene": {"xaxis": {"backgroundcolor": "#E5ECF6", "gridcolor": "white", "linecolor": "white", "showbackground": true, "ticks": "", "zerolinecolor": "white", "gridwidth": 2}, "yaxis": {"backgroundcolor": "#E5ECF6", "gridcolor": "white", "linecolor": "white", "showbackground": true, "ticks": "", "zerolinecolor": "white", "gridwidth": 2}, "zaxis": {"backgroundcolor": "#E5ECF6", "gridcolor": "white", "linecolor": "white", "showbackground": true, "ticks": "", "zerolinecolor": "white", "gridwidth": 2}}, "shapedefaults": {"line": {"color": "#2a3f5f"}}, "annotationdefaults": {"arrowcolor": "#2a3f5f", "arrowhead": 0, "arrowwidth": 1}, "geo": {"bgcolor": "white", "landcolor": "#E5ECF6", "subunitcolor": "white", "showland": true, "showlakes": true, "lakecolor": "white"}, "title": {"x": 0.05}, "mapbox": {"style": "light"}}}}}