{"data": [{"z": [[18.77009391784668, 1.4039530754089355, 4.3384833335876465, 0.7703524231910706, -2.961169719696045, -3.8089468479156494, -1.2479100227355957, 0.7993397116661072, 1.5515680313110352, 3.6046383380889893, 0.4892486035823822, -3.314271926879883, 4.061570644378662, -0.5728408098220825, 2.1403350830078125, -2.111926317214966, 5.782188415527344, -2.38104248046875, 2.086317539215088, -0.6255826950073242, 6.797184944152832], [1.4039530754089355, 10.851095199584961, -0.3965005874633789, 0.12287432700395584, 2.646866798400879, 2.4187510013580322, 1.352753758430481, -1.846977710723877, 0.4993862509727478, -1.9902516603469849, 1.8987849950790405, 3.207711696624756, -2.888451099395752, 5.147547245025635, -0.9826136231422424, 0.36279547214508057, 2.9301085472106934, 1.913161277770996, 3.182982921600342, -1.772760033607483, 0.8883519172668457], [4.3384833335876465, -0.3965005874633789, 19.010272979736328, 4.966867446899414, -1.1085554361343384, -4.36766242980957, 5.848457336425781, 0.7355852127075195, -1.0499837398529053, 3.1874043941497803, -0.9588674306869507, -3.6062214374542236, -1.673850417137146, -0.41080042719841003, -0.8572163581848145, 1.2112643718719482, 2.2344865798950195, -1.919940710067749, 2.1077685356140137, 5.144878387451172, 2.1492645740509033], [0.7703524231910706, 0.12287432700395584, 4.966867446899414, 14.637939453125, 1.4246978759765625, -0.19957499206066132, 4.434503078460693, 2.0296950340270996, -0.26134583353996277, 0.9947904348373413, -1.3513844013214111, 2.683223247528076, 0.6689069271087646, -1.915929913520813, 2.4596738815307617, 4.522984981536865, -0.4478449821472168, -0.4658438563346863, -0.6319683790206909, 4.696958065032959, 2.178542375564575], [-2.961169719696045, 2.646866798400879, -1.1085554361343384, 1.4246978759765625, 19.915538787841797, 5.708126068115234, 2.1703639030456543, 1.2218555212020874, -2.7475249767303467, 1.6153384447097778, 4.7434587478637695, 3.7233808040618896, -2.1539623737335205, -1.2179136276245117, -0.4904407262802124, -0.9263085722923279, 3.145280599594116, 5.219356060028076, 2.694319725036621, -1.897078514099121, 4.6390275955200195], [-3.8089468479156494, 2.4187510013580322, -4.36766242980957, -0.19957499206066132, 5.708126068115234, 13.277351379394531, 0.9350920915603638, 0.4436543881893158, 3.315589666366577, -0.29313924908638, 2.095471143722534, 4.681703090667725, -2.3313896656036377, 0.3920668959617615, 1.2049388885498047, 1.2702302932739258, -4.065752983093262, 6.530477046966553, 0.3112146854400635, -0.19879096746444702, 0.064994215965271], [-1.2479100227355957, 1.352753758430481, 5.848457336425781, 4.434503078460693, 2.1703639030456543, 0.9350920915603638, 16.18866729736328, 3.7967193126678467, -1.1532949209213257, 1.8197076320648193, 2.069413900375366, -0.07598665356636047, -2.5457396507263184, -3.0077779293060303, -0.14147865772247314, -4.364678382873535, 4.431907653808594, -2.035998821258545, -1.1564395427703857, 4.72218132019043, 2.053988456726074], [0.7993397116661072, -1.846977710723877, 0.7355852127075195, 2.0296950340270996, 1.2218555212020874, 0.4436543881893158, 3.7967193126678467, 13.516284942626953, -0.48637694120407104, -0.7996963262557983, 0.5961546897888184, 3.1031060218811035, 1.9708614349365234, -2.786963939666748, 0.06397472321987152, -2.582797050476074, 2.407228708267212, 2.970275640487671, 3.188689947128296, 1.003174066543579, 0.9350898861885071], [1.5515680313110352, 0.4993862509727478, -1.0499837398529053, -0.26134583353996277, -2.7475249767303467, 3.315589666366577, -1.1532949209213257, -0.48637694120407104, 13.191704750061035, -0.9754512310028076, -0.6567452549934387, 2.163801908493042, 3.7064661979675293, 2.4871482849121094, 1.7150706052780151, -0.46768900752067566, -0.6304545402526855, -0.07724589109420776, -1.8897316455841064, -0.3698142170906067, -1.4276421070098877], [3.6046383380889893, -1.9902516603469849, 3.1874043941497803, 0.9947904348373413, 1.6153384447097778, -0.29313924908638, 1.8197076320648193, -0.7996963262557983, -0.9754512310028076, 10.38875675201416, -0.8137995600700378, -2.6245787143707275, 1.3666622638702393, -0.6062281727790833, 2.40150785446167, 0.23149487376213074, 3.957826614379883, 2.8377861976623535, 1.6713428497314453, 4.124656677246094, 3.42926287651062], [0.4892486035823822, 1.8987849950790405, -0.9588674306869507, -1.3513844013214111, 4.7434587478637695, 2.095471143722534, 2.069413900375366, 0.5961546897888184, -0.6567452549934387, -0.8137995600700378, 15.629716873168945, 3.5896835327148438, 0.7302157282829285, 7.167617321014404, -1.351389765739441, -1.242619276046753, 5.029752731323242, 1.7063360214233398, -1.0036702156066895, -3.961120128631592, -2.895616292953491], [-3.314271926879883, 3.207711696624756, -3.6062214374542236, 2.683223247528076, 3.7233808040618896, 4.681703090667725, -0.07598665356636047, 3.1031060218811035, 2.163801908493042, -2.6245787143707275, 3.5896835327148438, 23.537710189819336, -1.3642194271087646, 4.235972881317139, -2.8155364990234375, -0.31394651532173157, -0.8906729221343994, 1.968189001083374, 3.0951387882232666, 0.3050455152988434, 1.4932751655578613], [4.061570644378662, -2.888451099395752, -1.673850417137146, 0.6689069271087646, -2.1539623737335205, -2.3313896656036377, -2.5457396507263184, 1.9708614349365234, 3.7064661979675293, 1.3666622638702393, 0.7302157282829285, -1.3642194271087646, 12.631950378417969, 0.05033827945590019, 2.7693440914154053, 3.253314733505249, 3.5188636779785156, -1.3931456804275513, -1.8360278606414795, 0.23512393236160278, 2.6237940788269043], [-0.5728408098220825, 5.147547245025635, -0.41080042719841003, -1.915929913520813, -1.2179136276245117, 0.3920668959617615, -3.0077779293060303, -2.786963939666748, 2.4871482849121094, -0.6062281727790833, 7.167617321014404, 4.235972881317139, 0.05033827945590019, 17.1369686126709, 1.6796293258666992, 5.092177867889404, -0.6355550289154053, 1.980252742767334, 3.6900131702423096, 0.24680691957473755, 1.96015465259552], [2.1403350830078125, -0.9826136231422424, -0.8572163581848145, 2.4596738815307617, -0.4904407262802124, 1.2049388885498047, -0.14147865772247314, 0.06397472321987152, 1.7150706052780151, 2.40150785446167, -1.351389765739441, -2.8155364990234375, 2.7693440914154053, 1.6796293258666992, 9.884778022766113, 5.3359150886535645, 0.4006519019603729, 0.7056460380554199, -1.8991055488586426, 2.6532161235809326, 1.234126329421997], [-2.111926317214966, 0.36279547214508057, 1.2112643718719482, 4.522984981536865, -0.9263085722923279, 1.2702302932739258, -4.364678382873535, -2.582797050476074, -0.46768900752067566, 0.23149487376213074, -1.242619276046753, -0.31394651532173157, 3.253314733505249, 5.092177867889404, 5.3359150886535645, 19.503677368164062, -6.218686580657959, -0.7073628902435303, -0.7236673831939697, 2.844578981399536, 1.26455819606781], [5.782187461853027, 2.930107593536377, 2.2344870567321777, -0.4478447139263153, 3.1452808380126953, -4.0657525062561035, 4.431908130645752, 2.407228708267212, -0.6304543018341064, 3.957826614379883, 5.029752731323242, -0.8906729221343994, 3.5188634395599365, -0.63555508852005, 0.40065187215805054, -6.218686580657959, 22.36246109008789, -1.9279069900512695, 1.7618154287338257, -2.1544036865234375, -0.34070727229118347], [-2.381042718887329, 1.9131613969802856, -1.9199408292770386, -0.4658438265323639, 5.219355583190918, 6.5304765701293945, -2.035998582839966, 2.970275640487671, -0.07724601775407791, 2.8377861976623535, 1.7063363790512085, 1.9681894779205322, -1.3931456804275513, 1.980252742767334, 0.7056457996368408, -0.7073633074760437, -1.9279069900512695, 14.234766960144043, 2.0150833129882812, 1.409400224685669, 2.255943775177002], [2.086317539215088, 3.1829826831817627, 2.107769012451172, -0.63196861743927, 2.6943202018737793, 0.3112146556377411, -1.1564393043518066, 3.188689708709717, -1.8897312879562378, 1.6713428497314453, -1.0036702156066895, 3.0951390266418457, -1.8360278606414795, 3.6900134086608887, -1.899105429649353, -0.7236671447753906, 1.7618154287338257, 2.0150833129882812, 14.564461708068848, 1.1655094623565674, 2.9309816360473633], [-0.6255826354026794, -1.7727601528167725, 5.144878387451172, 4.696958065032959, -1.8970786333084106, -0.19879063963890076, 4.7221808433532715, 1.0031743049621582, -0.36981406807899475, 4.124657154083252, -3.961120367050171, 0.30504563450813293, 0.23512399196624756, 0.24680687487125397, 2.6532161235809326, 2.844578981399536, -2.1544036865234375, 1.409400224685669, 1.1655094623565674, 12.794812202453613, 5.799535274505615], [6.797184467315674, 0.8883519172668457, 2.1492648124694824, 2.178542375564575, 4.639027118682861, 0.06499415636062622, 2.053987979888916, 0.9350898265838623, -1.4276424646377563, 3.42926287651062, -2.8956165313720703, 1.4932754039764404, 2.6237940788269043, 1.9601547718048096, 1.2341262102127075, 1.2645580768585205, -0.3407071828842163, 2.255943775177002, 2.9309816360473633, 5.799535274505615, 17.648818969726562]], "type": "heatmap"}], "layout": {"template": {"data": {"histogram2dcontour": [{"type": "histogram2dcontour", "colorbar": {"outlinewidth": 0, "ticks": ""}, "colorscale": [[0.0, "#0d0887"], [0.1111111111111111, "#46039f"], [0.2222222222222222, "#7201a8"], [0.3333333333333333, "#9c179e"], [0.4444444444444444, "#bd3786"], [0.5555555555555556, "#d8576b"], [0.6666666666666666, "#ed7953"], [0.7777777777777778, "#fb9f3a"], [0.8888888888888888, "#fdca26"], [1.0, "#f0f921"]]}], "choropleth": [{"type": "choropleth", "colorbar": {"outlinewidth": 0, "ticks": ""}}], "histogram2d": [{"type": "histogram2d", "colorbar": {"outlinewidth": 0, "ticks": ""}, "colorscale": [[0.0, "#0d0887"], [0.1111111111111111, "#46039f"], [0.2222222222222222, "#7201a8"], [0.3333333333333333, "#9c179e"], [0.4444444444444444, "#bd3786"], [0.5555555555555556, "#d8576b"], [0.6666666666666666, "#ed7953"], [0.7777777777777778, "#fb9f3a"], [0.8888888888888888, "#fdca26"], [1.0, "#f0f921"]]}], "heatmap": [{"type": "heatmap", "colorbar": {"outlinewidth": 0, "ticks": ""}, "colorscale": [[0.0, "#0d0887"], [0.1111111111111111, "#46039f"], [0.2222222222222222, "#7201a8"], [0.3333333333333333, "#9c179e"], [0.4444444444444444, "#bd3786"], [0.5555555555555556, "#d8576b"], [0.6666666666666666, "#ed7953"], [0.7777777777777778, "#fb9f3a"], [0.8888888888888888, "#fdca26"], [1.0, "#f0f921"]]}], "heatmapgl": [{"type": "heatmapgl", "colorbar": {"outlinewidth": 0, "ticks": ""}, "colorscale": [[0.0, "#0d0887"], [0.1111111111111111, "#46039f"], [0.2222222222222222, "#7201a8"], [0.3333333333333333, "#9c179e"], [0.4444444444444444, "#bd3786"], [0.5555555555555556, "#d8576b"], [0.6666666666666666, "#ed7953"], [0.7777777777777778, "#fb9f3a"], [0.8888888888888888, "#fdca26"], [1.0, "#f0f921"]]}], "contourcarpet": [{"type": "contourcarpet", "colorbar": {"outlinewidth": 0, "ticks": ""}}], "contour": [{"type": "contour", "colorbar": {"outlinewidth": 0, "ticks": ""}, "colorscale": [[0.0, "#0d0887"], [0.1111111111111111, "#46039f"], [0.2222222222222222, "#7201a8"], [0.3333333333333333, "#9c179e"], [0.4444444444444444, "#bd3786"], [0.5555555555555556, "#d8576b"], [0.6666666666666666, "#ed7953"], [0.7777777777777778, "#fb9f3a"], [0.8888888888888888, "#fdca26"], [1.0, "#f0f921"]]}], "surface": [{"type": "surface", "colorbar": {"outlinewidth": 0, "ticks": ""}, "colorscale": [[0.0, "#0d0887"], [0.1111111111111111, "#46039f"], [0.2222222222222222, "#7201a8"], [0.3333333333333333, "#9c179e"], [0.4444444444444444, "#bd3786"], [0.5555555555555556, "#d8576b"], [0.6666666666666666, "#ed7953"], [0.7777777777777778, "#fb9f3a"], [0.8888888888888888, "#fdca26"], [1.0, "#f0f921"]]}], "mesh3d": [{"type": "mesh3d", "colorbar": {"outlinewidth": 0, "ticks": ""}}], "scatter": [{"fillpattern": {"fillmode": "overlay", "size": 10, "solidity": 0.2}, "type": "scatter"}], "parcoords": [{"type": "parcoords", "line": {"colorbar": {"outlinewidth": 0, "ticks": ""}}}], "scatterpolargl": [{"type": "scatterpolargl", "marker": {"colorbar": {"outlinewidth": 0, "ticks": ""}}}], "bar": [{"error_x": {"color": "#2a3f5f"}, "error_y": {"color": "#2a3f5f"}, "marker": {"line": {"color": "#E5ECF6", "width": 0.5}, "pattern": {"fillmode": "overlay", "size": 10, "solidity": 0.2}}, "type": "bar"}], "scattergeo": [{"type": "scattergeo", "marker": {"colorbar": {"outlinewidth": 0, "ticks": ""}}}], "scatterpolar": [{"type": "scatterpolar", "marker": {"colorbar": {"outlinewidth": 0, "ticks": ""}}}], "histogram": [{"marker": {"pattern": {"fillmode": "overlay", "size": 10, "solidity": 0.2}}, "type": "histogram"}], "scattergl": [{"type": "scattergl", "marker": {"colorbar": {"outlinewidth": 0, "ticks": ""}}}], "scatter3d": [{"type": "scatter3d", "line": {"colorbar": {"outlinewidth": 0, "ticks": ""}}, "marker": {"colorbar": {"outlinewidth": 0, "ticks": ""}}}], "scattermapbox": [{"type": "scattermapbox", "marker": {"colorbar": {"outlinewidth": 0, "ticks": ""}}}], "scatterternary": [{"type": "scatterternary", "marker": {"colorbar": {"outlinewidth": 0, "ticks": ""}}}], "scattercarpet": [{"type": "scattercarpet", "marker": {"colorbar": {"outlinewidth": 0, "ticks": ""}}}], "carpet": [{"aaxis": {"endlinecolor": "#2a3f5f", "gridcolor": "white", "linecolor": "white", "minorgridcolor": "white", "startlinecolor": "#2a3f5f"}, "baxis": {"endlinecolor": "#2a3f5f", "gridcolor": "white", "linecolor": "white", "minorgridcolor": "white", "startlinecolor": "#2a3f5f"}, "type": "carpet"}], "table": [{"cells": {"fill": {"color": "#EBF0F8"}, "line": {"color": "white"}}, "header": {"fill": {"color": "#C8D4E3"}, "line": {"color": "white"}}, "type": "table"}], "barpolar": [{"marker": {"line": {"color": "#E5ECF6", "width": 0.5}, "pattern": {"fillmode": "overlay", "size": 10, "solidity": 0.2}}, "type": "barpolar"}], "pie": [{"automargin": true, "type": "pie"}]}, "layout": {"autotypenumbers": "strict", "colorway": ["#636efa", "#EF553B", "#00cc96", "#ab63fa", "#FFA15A", "#19d3f3", "#FF6692", "#B6E880", "#FF97FF", "#FECB52"], "font": {"color": "#2a3f5f"}, "hovermode": "closest", "hoverlabel": {"align": "left"}, "paper_bgcolor": "white", "plot_bgcolor": "#E5ECF6", "polar": {"bgcolor": "#E5ECF6", "angularaxis": {"gridcolor": "white", "linecolor": "white", "ticks": ""}, "radialaxis": {"gridcolor": "white", "linecolor": "white", "ticks": ""}}, "ternary": {"bgcolor": "#E5ECF6", "aaxis": {"gridcolor": "white", "linecolor": "white", "ticks": ""}, "baxis": {"gridcolor": "white", "linecolor": "white", "ticks": ""}, "caxis": {"gridcolor": "white", "linecolor": "white", "ticks": ""}}, "coloraxis": {"colorbar": {"outlinewidth": 0, "ticks": ""}}, "colorscale": {"sequential": [[0.0, "#0d0887"], [0.1111111111111111, "#46039f"], [0.2222222222222222, "#7201a8"], [0.3333333333333333, "#9c179e"], [0.4444444444444444, "#bd3786"], [0.5555555555555556, "#d8576b"], [0.6666666666666666, "#ed7953"], [0.7777777777777778, "#fb9f3a"], [0.8888888888888888, "#fdca26"], [1.0, "#f0f921"]], "sequentialminus": [[0.0, "#0d0887"], [0.1111111111111111, "#46039f"], [0.2222222222222222, "#7201a8"], [0.3333333333333333, "#9c179e"], [0.4444444444444444, "#bd3786"], [0.5555555555555556, "#d8576b"], [0.6666666666666666, "#ed7953"], [0.7777777777777778, "#fb9f3a"], [0.8888888888888888, "#fdca26"], [1.0, "#f0f921"]], "diverging": [[0, "#8e0152"], [0.1, "#c51b7d"], [0.2, "#de77ae"], [0.3, "#f1b6da"], [0.4, "#fde0ef"], [0.5, "#f7f7f7"], [0.6, "#e6f5d0"], [0.7, "#b8e186"], [0.8, "#7fbc41"], [0.9, "#4d9221"], [1, "#276419"]]}, "xaxis": {"gridcolor": "white", "linecolor": "white", "ticks": "", "title": {"standoff": 15}, "zerolinecolor": "white", "automargin": true, "zerolinewidth": 2}, "yaxis": {"gridcolor": "white", "linecolor": "white", "ticks": "", "title": {"standoff": 15}, "zerolinecolor": "white", "automargin": true, "zerolinewidth": 2}, "scene": {"xaxis": {"backgroundcolor": "#E5ECF6", "gridcolor": "white", "linecolor": "white", "showbackground": true, "ticks": "", "zerolinecolor": "white", "gridwidth": 2}, "yaxis": {"backgroundcolor": "#E5ECF6", "gridcolor": "white", "linecolor": "white", "showbackground": true, "ticks": "", "zerolinecolor": "white", "gridwidth": 2}, "zaxis": {"backgroundcolor": "#E5ECF6", "gridcolor": "white", "linecolor": "white", "showbackground": true, "ticks": "", "zerolinecolor": "white", "gridwidth": 2}}, "shapedefaults": {"line": {"color": "#2a3f5f"}}, "annotationdefaults": {"arrowcolor": "#2a3f5f", "arrowhead": 0, "arrowwidth": 1}, "geo": {"bgcolor": "white", "landcolor": "#E5ECF6", "subunitcolor": "white", "showland": true, "showlakes": true, "lakecolor": "white"}, "title": {"x": 0.05}, "mapbox": {"style": "light"}}}}}