{"data": [{"z": [[12.553529739379883, 0.49012014269828796, 4.106932640075684, 0.21735228598117828, -1.927077054977417, -2.8655269145965576, 0.49196597933769226, 0.9856138825416565, 1.267935037612915, 3.538881301879883, 0.6542320847511292, -3.388237237930298, 3.611788511276245, -0.12189487367868423, 1.8898258209228516, -1.5161211490631104, 4.827230453491211, -0.9059230089187622, 2.1518354415893555, 1.1096549034118652, 5.523486137390137], [0.49012014269828796, 8.617474555969238, -0.2826015055179596, 0.05025254935026169, 2.4946811199188232, 2.246896266937256, 1.5482025146484375, -1.294188141822815, 0.7067392468452454, -1.1389397382736206, 1.6049563884735107, 2.434823989868164, -2.1358959674835205, 3.8971660137176514, -0.5400677919387817, 0.3696848452091217, 2.343677520751953, 1.4597729444503784, 2.912846088409424, -0.8387532234191895, 0.41414833068847656], [4.106932640075684, -0.2826015055179596, 14.366558074951172, 4.716419219970703, -0.5397207140922546, -3.2042367458343506, 4.382140636444092, 0.7099880576133728, -0.45213019847869873, 2.887058973312378, -1.0941743850708008, -2.6602141857147217, -1.1288254261016846, -0.58330237865448, -0.33444899320602417, 1.2820879220962524, 1.8931260108947754, -1.4609463214874268, 2.4591140747070312, 4.259005546569824, 2.1805193424224854], [0.21735228598117828, 0.05025254935026169, 4.716419219970703, 10.936677932739258, 1.4721225500106812, 0.33111071586608887, 4.085069179534912, 1.7516990900039673, -0.21598973870277405, 0.9137999415397644, -0.4449792206287384, 1.9437307119369507, 0.6784656047821045, -1.3076249361038208, 2.1382927894592285, 3.6679627895355225, -0.36606335639953613, 0.23205381631851196, -0.7756726741790771, 4.057394027709961, 1.599487543106079], [-1.927077054977417, 2.4946811199188232, -0.5397207140922546, 1.4721225500106812, 16.111915588378906, 4.773362159729004, 2.096278667449951, 1.1952612400054932, -1.4795235395431519, 1.553899884223938, 3.9327778816223145, 3.617011547088623, -1.7719929218292236, -0.1440879851579666, 0.06208321452140808, -0.5505915880203247, 2.666677236557007, 4.185927867889404, 2.5515594482421875, -1.2273597717285156, 4.4525346755981445], [-2.8655269145965576, 2.246896266937256, -3.2042367458343506, 0.33111071586608887, 4.773362159729004, 10.694074630737305, 1.1636615991592407, 0.5527512431144714, 2.714071750640869, 0.18781042098999023, 1.2582082748413086, 4.14271879196167, -1.7755746841430664, 0.6819607615470886, 1.3073266744613647, 0.971487820148468, -2.7683603763580322, 5.154891014099121, 0.8127527236938477, 0.38456660509109497, 0.450838565826416], [0.49196597933769226, 1.5482025146484375, 4.382140636444092, 4.085069179534912, 2.096278667449951, 1.1636615991592407, 11.704042434692383, 2.9717445373535156, -0.7144857048988342, 1.508150339126587, 1.7909942865371704, 0.8174707293510437, -1.7325330972671509, -2.769444465637207, 0.20791050791740417, -3.2976975440979004, 3.4690701961517334, -1.338566541671753, -0.25412285327911377, 3.408613681793213, 1.7466994524002075], [0.9856138825416565, -1.294188141822815, 0.7099880576133728, 1.7516990900039673, 1.1952612400054932, 0.5527512431144714, 2.9717445373535156, 11.437551498413086, -0.5682975649833679, -0.5912619829177856, 0.331712543964386, 2.470637321472168, 1.6436123847961426, -2.286548614501953, 0.16339930891990662, -1.9396581649780273, 2.226186752319336, 2.794130802154541, 2.7525100708007812, 1.1663706302642822, 0.8415660858154297], [1.267935037612915, 0.7067392468452454, -0.45213019847869873, -0.21598973870277405, -1.4795235395431519, 2.714071750640869, -0.7144857048988342, -0.5682975649833679, 9.985593795776367, -0.06678611040115356, -0.4492236375808716, 1.4044512510299683, 3.277651309967041, 1.9735034704208374, 1.6365306377410889, 0.19166947901248932, 0.18756043910980225, 0.7551071047782898, -1.4569263458251953, 0.7065636515617371, -1.1566873788833618], [3.538881301879883, -1.1389397382736206, 2.887058973312378, 0.9137999415397644, 1.553899884223938, 0.18781042098999023, 1.508150339126587, -0.5912619829177856, -0.06678611040115356, 8.57021713256836, -0.5332010984420776, -1.674059271812439, 1.261238694190979, 0.33058029413223267, 2.65633487701416, 0.7343981266021729, 3.8043131828308105, 2.6943564414978027, 1.3441162109375, 3.5740199089050293, 3.5210559368133545], [0.6542320847511292, 1.6049563884735107, -1.0941743850708008, -0.4449792206287384, 3.9327778816223145, 1.2582082748413086, 1.7909942865371704, 0.331712543964386, -0.4492236375808716, -0.5332010984420776, 11.480128288269043, 3.123178243637085, 0.818845272064209, 5.376639366149902, -0.518252968788147, -0.894392192363739, 3.9308512210845947, 1.18256676197052, -0.45864057540893555, -2.753481149673462, -1.9076964855194092], [-3.388237237930298, 2.434823989868164, -2.6602141857147217, 1.9437307119369507, 3.617011547088623, 4.14271879196167, 0.8174707293510437, 2.470637321472168, 1.4044512510299683, -1.674059271812439, 3.123178243637085, 18.291765213012695, -0.9628595113754272, 3.461533546447754, -2.0148282051086426, -0.011534529738128185, -0.5536127090454102, 2.065626621246338, 2.5864956378936768, 1.2617621421813965, 1.104785680770874], [3.611788511276245, -2.1358959674835205, -1.1288254261016846, 0.6784656047821045, -1.7719929218292236, -1.7755746841430664, -1.7325330972671509, 1.6436123847961426, 3.277651309967041, 1.261238694190979, 0.818845272064209, -0.9628595113754272, 10.319329261779785, 0.6509049534797668, 2.5098862648010254, 3.07246994972229, 3.224489212036133, -1.092079758644104, -1.5009031295776367, 0.49062085151672363, 2.649639129638672], [-0.12189487367868423, 3.8971660137176514, -0.58330237865448, -1.3076249361038208, -0.1440879851579666, 0.6819607615470886, -2.769444465637207, -2.286548614501953, 1.9735034704208374, 0.33058029413223267, 5.376639366149902, 3.461533546447754, 0.6509049534797668, 13.554048538208008, 1.7117886543273926, 4.432711124420166, -0.462527871131897, 1.7534881830215454, 3.2139222621917725, 0.5785951614379883, 2.208981990814209], [1.8898258209228516, -0.5400677919387817, -0.33444899320602417, 2.1382927894592285, 0.06208321452140808, 1.3073266744613647, 0.20791050791740417, 0.16339930891990662, 1.6365306377410889, 2.65633487701416, -0.518252968788147, -2.0148282051086426, 2.5098862648010254, 1.7117886543273926, 8.06226921081543, 4.577060699462891, 0.7161264419555664, 0.9070882797241211, -1.3377659320831299, 2.469722270965576, 1.0093004703521729], [-1.5161211490631104, 0.3696848452091217, 1.2820879220962524, 3.6679627895355225, -0.5505915880203247, 0.971487820148468, -3.2976975440979004, -1.9396581649780273, 0.19166947901248932, 0.7343981266021729, -0.894392192363739, -0.011534529738128185, 3.07246994972229, 4.432711124420166, 4.577060699462891, 16.349414825439453, -5.078888893127441, -0.8946385383605957, -0.5510592460632324, 2.193234443664551, 1.4164737462997437], [4.827230453491211, 2.343677282333374, 1.8931264877319336, -0.3660634458065033, 2.6666769981384277, -2.7683606147766113, 3.4690701961517334, 2.226187229156494, 0.18756011128425598, 3.8043136596679688, 3.9308509826660156, -0.5536123514175415, 3.224489212036133, -0.46252813935279846, 0.716126024723053, -5.078888416290283, 18.271869659423828, -0.9678176641464233, 1.6871329545974731, -1.5319472551345825, -0.29879483580589294], [-0.9059228897094727, 1.459773063659668, -1.460945963859558, 0.23205386102199554, 4.185927867889404, 5.154890537261963, -1.3385661840438843, 2.794130563735962, 0.7551071047782898, 2.694356679916382, 1.182566523551941, 2.065626621246338, -1.0920798778533936, 1.7534881830215454, 0.9070881605148315, -0.8946385383605957, -0.9678176641464233, 11.030784606933594, 2.273075819015503, 0.8143670558929443, 2.185084104537964], [2.1518356800079346, 2.912846326828003, 2.459113836288452, -0.7756727933883667, 2.5515594482421875, 0.8127528429031372, -0.25412288308143616, 2.7525103092193604, -1.4569263458251953, 1.3441160917282104, -0.4586407244205475, 2.5864956378936768, -1.5009033679962158, 3.2139225006103516, -1.3377656936645508, -0.5510591268539429, 1.6871329545974731, 2.273075819015503, 11.46692180633545, 1.0730217695236206, 2.8230793476104736], [1.1096547842025757, -0.8387531042098999, 4.259005069732666, 4.057394027709961, -1.2273597717285156, 0.3845667541027069, 3.408613443374634, 1.1663708686828613, 0.706563413143158, 3.5740201473236084, -2.753481388092041, 1.261762261390686, 0.4906209707260132, 0.5785950422286987, 2.469722270965576, 2.19323468208313, -1.5319472551345825, 0.8143670558929443, 1.0730217695236206, 9.671174049377441, 5.555150032043457], [5.523487091064453, 0.414148211479187, 2.1805193424224854, 1.5994874238967896, 4.4525346755981445, 0.4508386254310608, 1.7466990947723389, 0.8415660262107849, -1.1566870212554932, 3.5210554599761963, -1.9076964855194092, 1.1047855615615845, 2.649639129638672, 2.208981990814209, 1.0093004703521729, 1.4164737462997437, -0.29879480600357056, 2.1850838661193848, 2.8230793476104736, 5.555150032043457, 17.648818969726562]], "type": "heatmap"}], "layout": {"template": {"data": {"histogram2dcontour": [{"type": "histogram2dcontour", "colorbar": {"outlinewidth": 0, "ticks": ""}, "colorscale": [[0.0, "#0d0887"], [0.1111111111111111, "#46039f"], [0.2222222222222222, "#7201a8"], [0.3333333333333333, "#9c179e"], [0.4444444444444444, "#bd3786"], [0.5555555555555556, "#d8576b"], [0.6666666666666666, "#ed7953"], [0.7777777777777778, "#fb9f3a"], [0.8888888888888888, "#fdca26"], [1.0, "#f0f921"]]}], "choropleth": [{"type": "choropleth", "colorbar": {"outlinewidth": 0, "ticks": ""}}], "histogram2d": [{"type": "histogram2d", "colorbar": {"outlinewidth": 0, "ticks": ""}, "colorscale": [[0.0, "#0d0887"], [0.1111111111111111, "#46039f"], [0.2222222222222222, "#7201a8"], [0.3333333333333333, "#9c179e"], [0.4444444444444444, "#bd3786"], [0.5555555555555556, "#d8576b"], [0.6666666666666666, "#ed7953"], [0.7777777777777778, "#fb9f3a"], [0.8888888888888888, "#fdca26"], [1.0, "#f0f921"]]}], "heatmap": [{"type": "heatmap", "colorbar": {"outlinewidth": 0, "ticks": ""}, "colorscale": [[0.0, "#0d0887"], [0.1111111111111111, "#46039f"], [0.2222222222222222, "#7201a8"], [0.3333333333333333, "#9c179e"], [0.4444444444444444, "#bd3786"], [0.5555555555555556, "#d8576b"], [0.6666666666666666, "#ed7953"], [0.7777777777777778, "#fb9f3a"], [0.8888888888888888, "#fdca26"], [1.0, "#f0f921"]]}], "heatmapgl": [{"type": "heatmapgl", "colorbar": {"outlinewidth": 0, "ticks": ""}, "colorscale": [[0.0, "#0d0887"], [0.1111111111111111, "#46039f"], [0.2222222222222222, "#7201a8"], [0.3333333333333333, "#9c179e"], [0.4444444444444444, "#bd3786"], [0.5555555555555556, "#d8576b"], [0.6666666666666666, "#ed7953"], [0.7777777777777778, "#fb9f3a"], [0.8888888888888888, "#fdca26"], [1.0, "#f0f921"]]}], "contourcarpet": [{"type": "contourcarpet", "colorbar": {"outlinewidth": 0, "ticks": ""}}], "contour": [{"type": "contour", "colorbar": {"outlinewidth": 0, "ticks": ""}, "colorscale": [[0.0, "#0d0887"], [0.1111111111111111, "#46039f"], [0.2222222222222222, "#7201a8"], [0.3333333333333333, "#9c179e"], [0.4444444444444444, "#bd3786"], [0.5555555555555556, "#d8576b"], [0.6666666666666666, "#ed7953"], [0.7777777777777778, "#fb9f3a"], [0.8888888888888888, "#fdca26"], [1.0, "#f0f921"]]}], "surface": [{"type": "surface", "colorbar": {"outlinewidth": 0, "ticks": ""}, "colorscale": [[0.0, "#0d0887"], [0.1111111111111111, "#46039f"], [0.2222222222222222, "#7201a8"], [0.3333333333333333, "#9c179e"], [0.4444444444444444, "#bd3786"], [0.5555555555555556, "#d8576b"], [0.6666666666666666, "#ed7953"], [0.7777777777777778, "#fb9f3a"], [0.8888888888888888, "#fdca26"], [1.0, "#f0f921"]]}], "mesh3d": [{"type": "mesh3d", "colorbar": {"outlinewidth": 0, "ticks": ""}}], "scatter": [{"fillpattern": {"fillmode": "overlay", "size": 10, "solidity": 0.2}, "type": "scatter"}], "parcoords": [{"type": "parcoords", "line": {"colorbar": {"outlinewidth": 0, "ticks": ""}}}], "scatterpolargl": [{"type": "scatterpolargl", "marker": {"colorbar": {"outlinewidth": 0, "ticks": ""}}}], "bar": [{"error_x": {"color": "#2a3f5f"}, "error_y": {"color": "#2a3f5f"}, "marker": {"line": {"color": "#E5ECF6", "width": 0.5}, "pattern": {"fillmode": "overlay", "size": 10, "solidity": 0.2}}, "type": "bar"}], "scattergeo": [{"type": "scattergeo", "marker": {"colorbar": {"outlinewidth": 0, "ticks": ""}}}], "scatterpolar": [{"type": "scatterpolar", "marker": {"colorbar": {"outlinewidth": 0, "ticks": ""}}}], "histogram": [{"marker": {"pattern": {"fillmode": "overlay", "size": 10, "solidity": 0.2}}, "type": "histogram"}], "scattergl": [{"type": "scattergl", "marker": {"colorbar": {"outlinewidth": 0, "ticks": ""}}}], "scatter3d": [{"type": "scatter3d", "line": {"colorbar": {"outlinewidth": 0, "ticks": ""}}, "marker": {"colorbar": {"outlinewidth": 0, "ticks": ""}}}], "scattermapbox": [{"type": "scattermapbox", "marker": {"colorbar": {"outlinewidth": 0, "ticks": ""}}}], "scatterternary": [{"type": "scatterternary", "marker": {"colorbar": {"outlinewidth": 0, "ticks": ""}}}], "scattercarpet": [{"type": "scattercarpet", "marker": {"colorbar": {"outlinewidth": 0, "ticks": ""}}}], "carpet": [{"aaxis": {"endlinecolor": "#2a3f5f", "gridcolor": "white", "linecolor": "white", "minorgridcolor": "white", "startlinecolor": "#2a3f5f"}, "baxis": {"endlinecolor": "#2a3f5f", "gridcolor": "white", "linecolor": "white", "minorgridcolor": "white", "startlinecolor": "#2a3f5f"}, "type": "carpet"}], "table": [{"cells": {"fill": {"color": "#EBF0F8"}, "line": {"color": "white"}}, "header": {"fill": {"color": "#C8D4E3"}, "line": {"color": "white"}}, "type": "table"}], "barpolar": [{"marker": {"line": {"color": "#E5ECF6", "width": 0.5}, "pattern": {"fillmode": "overlay", "size": 10, "solidity": 0.2}}, "type": "barpolar"}], "pie": [{"automargin": true, "type": "pie"}]}, "layout": {"autotypenumbers": "strict", "colorway": ["#636efa", "#EF553B", "#00cc96", "#ab63fa", "#FFA15A", "#19d3f3", "#FF6692", "#B6E880", "#FF97FF", "#FECB52"], "font": {"color": "#2a3f5f"}, "hovermode": "closest", "hoverlabel": {"align": "left"}, "paper_bgcolor": "white", "plot_bgcolor": "#E5ECF6", "polar": {"bgcolor": "#E5ECF6", "angularaxis": {"gridcolor": "white", "linecolor": "white", "ticks": ""}, "radialaxis": {"gridcolor": "white", "linecolor": "white", "ticks": ""}}, "ternary": {"bgcolor": "#E5ECF6", "aaxis": {"gridcolor": "white", "linecolor": "white", "ticks": ""}, "baxis": {"gridcolor": "white", "linecolor": "white", "ticks": ""}, "caxis": {"gridcolor": "white", "linecolor": "white", "ticks": ""}}, "coloraxis": {"colorbar": {"outlinewidth": 0, "ticks": ""}}, "colorscale": {"sequential": [[0.0, "#0d0887"], [0.1111111111111111, "#46039f"], [0.2222222222222222, "#7201a8"], [0.3333333333333333, "#9c179e"], [0.4444444444444444, "#bd3786"], [0.5555555555555556, "#d8576b"], [0.6666666666666666, "#ed7953"], [0.7777777777777778, "#fb9f3a"], [0.8888888888888888, "#fdca26"], [1.0, "#f0f921"]], "sequentialminus": [[0.0, "#0d0887"], [0.1111111111111111, "#46039f"], [0.2222222222222222, "#7201a8"], [0.3333333333333333, "#9c179e"], [0.4444444444444444, "#bd3786"], [0.5555555555555556, "#d8576b"], [0.6666666666666666, "#ed7953"], [0.7777777777777778, "#fb9f3a"], [0.8888888888888888, "#fdca26"], [1.0, "#f0f921"]], "diverging": [[0, "#8e0152"], [0.1, "#c51b7d"], [0.2, "#de77ae"], [0.3, "#f1b6da"], [0.4, "#fde0ef"], [0.5, "#f7f7f7"], [0.6, "#e6f5d0"], [0.7, "#b8e186"], [0.8, "#7fbc41"], [0.9, "#4d9221"], [1, "#276419"]]}, "xaxis": {"gridcolor": "white", "linecolor": "white", "ticks": "", "title": {"standoff": 15}, "zerolinecolor": "white", "automargin": true, "zerolinewidth": 2}, "yaxis": {"gridcolor": "white", "linecolor": "white", "ticks": "", "title": {"standoff": 15}, "zerolinecolor": "white", "automargin": true, "zerolinewidth": 2}, "scene": {"xaxis": {"backgroundcolor": "#E5ECF6", "gridcolor": "white", "linecolor": "white", "showbackground": true, "ticks": "", "zerolinecolor": "white", "gridwidth": 2}, "yaxis": {"backgroundcolor": "#E5ECF6", "gridcolor": "white", "linecolor": "white", "showbackground": true, "ticks": "", "zerolinecolor": "white", "gridwidth": 2}, "zaxis": {"backgroundcolor": "#E5ECF6", "gridcolor": "white", "linecolor": "white", "showbackground": true, "ticks": "", "zerolinecolor": "white", "gridwidth": 2}}, "shapedefaults": {"line": {"color": "#2a3f5f"}}, "annotationdefaults": {"arrowcolor": "#2a3f5f", "arrowhead": 0, "arrowwidth": 1}, "geo": {"bgcolor": "white", "landcolor": "#E5ECF6", "subunitcolor": "white", "showland": true, "showlakes": true, "lakecolor": "white"}, "title": {"x": 0.05}, "mapbox": {"style": "light"}}}}}