{"data": [{"z": [[29.452768325805664, 4.314014911651611, 4.261197566986084, 2.04313063621521, -4.7033185958862305, -5.6277995109558105, -4.223201751708984, -0.24601556360721588, 0.39354604482650757, 2.228271245956421, 0.660982072353363, -3.512275457382202, 4.6059370040893555, -1.9283218383789062, 2.861142158508301, -4.13560152053833, 7.242302894592285, -5.497547149658203, 1.9936987161636353, -5.852499485015869, 8.15090274810791], [4.314014911651611, 16.363487243652344, -0.05955073609948158, 0.5364189147949219, 2.946312665939331, 2.5603365898132324, 0.7167932391166687, -3.4000980854034424, -1.1115487813949585, -3.8107032775878906, 3.6762514114379883, 5.375722885131836, -4.487878799438477, 7.405083656311035, -1.169617772102356, 0.565973699092865, 3.733721971511841, 3.5328569412231445, 2.8761768341064453, -4.124329090118408, 1.9453754425048828], [4.261197566986084, -0.05955073609948158, 30.282630920410156, 3.7001888751983643, -2.9311022758483887, -6.971607208251953, 9.51066780090332, 0.1497470587491989, -1.9342516660690308, 2.5355074405670166, 0.9720107316970825, -6.024395942687988, -2.6483559608459473, 0.18416675925254822, -1.8710322380065918, 1.607035517692566, 2.7218737602233887, -2.5008740425109863, -0.45191240310668945, 7.425171375274658, 2.027665138244629], [2.04313063621521, 0.5364189147949219, 3.7001888751983643, 22.403152465820312, 0.9394187331199646, -0.7594366073608398, 3.8412489891052246, 2.409348249435425, -1.5747263431549072, 1.5424950122833252, -3.789454221725464, 4.733296871185303, 0.4426301121711731, -3.3523988723754883, 2.736499547958374, 4.8709635734558105, -0.973557710647583, -2.625913143157959, 0.2806282043457031, 4.066805839538574, 2.963376045227051], [-4.7033185958862305, 2.946312665939331, -2.9311022758483887, 0.9394187331199646, 26.94464683532715, 7.400027751922607, 1.96780526638031, 0.8166192173957825, -5.39244270324707, 1.2644482851028442, 5.782918930053711, 3.751814126968384, -3.280336380004883, -3.6725544929504395, -1.3946435451507568, -1.4167457818984985, 4.298424243927002, 7.105401515960693, 2.190291404724121, -3.197356700897217, 5.040946960449219], [-5.6277995109558105, 2.5603365898132324, -6.971607208251953, -0.7594366073608398, 7.400027751922607, 18.492359161376953, -0.703046977519989, -0.23669558763504028, 4.016765117645264, -0.8741698265075684, 3.586091995239258, 5.836121082305908, -3.3463363647460938, -0.5673629641532898, 1.1214995384216309, 1.6041432619094849, -6.581740379333496, 8.942678451538086, 0.23972845077514648, -1.6918281316757202, -0.9673348665237427], [-4.223201751708984, 0.7167932391166687, 9.51066780090332, 3.8412489891052246, 1.96780526638031, -0.703046977519989, 27.165019989013672, 5.751895904541016, -1.2175060510635376, 2.3577003479003906, 2.8128161430358887, -2.4913196563720703, -4.375819206237793, -3.227694511413574, -1.1232788562774658, -7.003077030181885, 6.144606590270996, -3.308894634246826, -4.8718671798706055, 7.23504638671875, 2.7157199382781982], [-0.24601556360721588, -3.4000980854034424, 0.1497470587491989, 2.409348249435425, 0.8166192173957825, -0.23669558763504028, 5.751895904541016, 17.584199905395508, -0.13502460718154907, -0.8500478863716125, 0.4161868691444397, 3.7610392570495605, 2.713413715362549, -4.122557640075684, -0.4840700626373291, -4.447472095489502, 2.439995288848877, 2.7537481784820557, 3.725750207901001, 0.06178063154220581, 0.7948570251464844], [0.39354604482650757, -1.1115487813949585, -1.9342516660690308, -1.5747263431549072, -5.39244270324707, 4.016765117645264, -1.2175060510635376, -0.13502460718154907, 18.693086624145508, -3.2232751846313477, -2.0380477905273438, 3.2819528579711914, 4.583946228027344, 2.9268958568573, 1.6204497814178467, -3.508155345916748, -2.255563497543335, -2.869626998901367, -2.967508554458618, -3.0577592849731445, -2.2326385974884033], [2.228271245956421, -3.8107032775878906, 2.5355074405670166, 1.5424950122833252, 1.2644482851028442, -0.8741698265075684, 2.3577003479003906, -0.8500478863716125, -3.2232751846313477, 15.71572494506836, -1.3028587102890015, -5.279684066772461, 1.7409535646438599, -1.8780872821807861, 0.6373108625411987, -0.7926410436630249, 3.9381303787231445, 3.7058792114257812, 3.5469515323638916, 5.501574516296387, 2.409623384475708], [0.660982072353363, 3.6762514114379883, 0.9720107316970825, -3.789454221725464, 5.782918930053711, 3.586091995239258, 2.8128161430358887, 0.4161868691444397, -2.0380477905273438, -1.3028587102890015, 23.963520050048828, 3.9871788024902344, 0.4218708574771881, 10.624871253967285, -2.901029109954834, -1.8476475477218628, 7.125429153442383, 2.92378568649292, -2.7705183029174805, -6.419761657714844, -3.7539196014404297], [-3.512275457382202, 5.375722885131836, -6.024395942687988, 4.733296871185303, 3.751814126968384, 5.836121082305908, -2.4913196563720703, 3.7610392570495605, 3.2819528579711914, -5.279684066772461, 3.9871788024902344, 33.63501739501953, -2.4777672290802, 5.175578594207764, -4.253483295440674, -1.550995945930481, -2.0400278568267822, 1.0466394424438477, 4.061073303222656, -3.136220932006836, 2.0240964889526367], [4.6059370040893555, -4.487878799438477, -2.6483559608459473, 0.4426301121711731, -3.280336380004883, -3.3463363647460938, -4.375819206237793, 2.713413715362549, 4.583946228027344, 1.7409535646438599, 0.4218708574771881, -2.4777672290802, 16.39870834350586, -0.9271801710128784, 2.9656341075897217, 3.4907777309417725, 3.7160849571228027, -2.4158780574798584, -2.043332099914551, -0.25843632221221924, 2.3510961532592773], [-1.9283218383789062, 7.405083656311035, 0.18416675925254822, -3.3523988723754883, -3.6725544929504395, -0.5673629641532898, -3.227694511413574, -4.122557640075684, 2.9268958568573, -1.8780872821807861, 10.624871253967285, 5.175578594207764, -0.9271801710128784, 23.55380630493164, 1.6813039779663086, 6.915809154510498, -1.4300971031188965, 2.717284679412842, 3.9879798889160156, 0.34367334842681885, 1.5559550523757935], [2.861142158508301, -1.169617772102356, -1.8710322380065918, 2.736499547958374, -1.3946435451507568, 1.1214995384216309, -1.1232788562774658, -0.4840700626373291, 1.6204497814178467, 0.6373108625411987, -2.901029109954834, -4.253483295440674, 2.9656341075897217, 1.6813039779663086, 13.525047302246094, 7.050326824188232, 0.041962653398513794, 0.3993873596191406, -3.926729679107666, 2.8027706146240234, 1.7599486112594604], [-4.13560152053833, 0.565973699092865, 1.607035517692566, 4.8709635734558105, -1.4167457818984985, 1.6041432619094849, -7.003077030181885, -4.447472095489502, -3.508155345916748, -0.7926410436630249, -1.8476475477218628, -1.550995945930481, 3.4907777309417725, 6.915809154510498, 7.050326824188232, 26.248729705810547, -8.154006958007812, 1.0783922672271729, -0.9576873779296875, 5.5070600509643555, 1.0724270343780518], [7.242302894592285, 3.7337210178375244, 2.7218730449676514, -0.9735570549964905, 4.298423767089844, -6.581740379333496, 6.144607067108154, 2.439995288848877, -2.255563974380493, 3.9381299018859863, 7.125429153442383, -2.0400285720825195, 3.716085195541382, -1.430098056793213, 0.0419626347720623, -8.154006958007812, 29.83797264099121, -3.82177472114563, 1.3763986825942993, -3.4271607398986816, -0.7924633026123047], [-5.497546672821045, 3.5328567028045654, -2.500873327255249, -2.6259138584136963, 7.105401992797852, 8.942678451538086, -3.308894157409668, 2.753748655319214, -2.869626522064209, 3.7058794498443604, 2.923785924911499, 1.0466394424438477, -2.4158775806427, 2.7172844409942627, 0.399387389421463, 1.0783920288085938, -3.82177472114563, 21.142744064331055, 1.4995031356811523, 4.331026077270508, 2.438225746154785], [1.993699073791504, 2.8761773109436035, -0.4519123435020447, 0.2806288003921509, 2.190291404724121, 0.23972804844379425, -4.8718671798706055, 3.725750207901001, -2.9675090312957764, 3.5469515323638916, -2.7705183029174805, 4.061073303222656, -2.043332099914551, 3.9879796504974365, -3.926729917526245, -0.9576871395111084, 1.3763986825942993, 1.4995031356811523, 22.677234649658203, 1.3652265071868896, 2.2027671337127686], [-5.8525004386901855, -4.124329090118408, 7.425171375274658, 4.066805839538574, -3.197357177734375, -1.6918282508850098, 7.235045433044434, 0.06178046017885208, -3.0577595233917236, 5.501574516296387, -6.419761657714844, -3.136220932006836, -0.25843656063079834, 0.3436731994152069, 2.8027710914611816, 5.5070600509643555, -3.4271607398986816, 4.331026077270508, 1.3652265071868896, 21.784320831298828, 5.847783088684082], [8.15090274810791, 1.9453753232955933, 2.02766489982605, 2.963376045227051, 5.040946960449219, -0.9673349261283875, 2.7157199382781982, 0.7948570251464844, -2.2326385974884033, 2.409623146057129, -3.7539191246032715, 2.0240964889526367, 2.3510961532592773, 1.5559552907943726, 1.7599486112594604, 1.0724270343780518, -0.7924636602401733, 2.438225507736206, 2.2027668952941895, 5.847783088684082, 17.648818969726562]], "type": "heatmap"}], "layout": {"template": {"data": {"histogram2dcontour": [{"type": "histogram2dcontour", "colorbar": {"outlinewidth": 0, "ticks": ""}, "colorscale": [[0.0, "#0d0887"], [0.1111111111111111, "#46039f"], [0.2222222222222222, "#7201a8"], [0.3333333333333333, "#9c179e"], [0.4444444444444444, "#bd3786"], [0.5555555555555556, "#d8576b"], [0.6666666666666666, "#ed7953"], [0.7777777777777778, "#fb9f3a"], [0.8888888888888888, "#fdca26"], [1.0, "#f0f921"]]}], "choropleth": [{"type": "choropleth", "colorbar": {"outlinewidth": 0, "ticks": ""}}], "histogram2d": [{"type": "histogram2d", "colorbar": {"outlinewidth": 0, "ticks": ""}, "colorscale": [[0.0, "#0d0887"], [0.1111111111111111, "#46039f"], [0.2222222222222222, "#7201a8"], [0.3333333333333333, "#9c179e"], [0.4444444444444444, "#bd3786"], [0.5555555555555556, "#d8576b"], [0.6666666666666666, "#ed7953"], [0.7777777777777778, "#fb9f3a"], [0.8888888888888888, "#fdca26"], [1.0, "#f0f921"]]}], "heatmap": [{"type": "heatmap", "colorbar": {"outlinewidth": 0, "ticks": ""}, "colorscale": [[0.0, "#0d0887"], [0.1111111111111111, "#46039f"], [0.2222222222222222, "#7201a8"], [0.3333333333333333, "#9c179e"], [0.4444444444444444, "#bd3786"], [0.5555555555555556, "#d8576b"], [0.6666666666666666, "#ed7953"], [0.7777777777777778, "#fb9f3a"], [0.8888888888888888, "#fdca26"], [1.0, "#f0f921"]]}], "heatmapgl": [{"type": "heatmapgl", "colorbar": {"outlinewidth": 0, "ticks": ""}, "colorscale": [[0.0, "#0d0887"], [0.1111111111111111, "#46039f"], [0.2222222222222222, "#7201a8"], [0.3333333333333333, "#9c179e"], [0.4444444444444444, "#bd3786"], [0.5555555555555556, "#d8576b"], [0.6666666666666666, "#ed7953"], [0.7777777777777778, "#fb9f3a"], [0.8888888888888888, "#fdca26"], [1.0, "#f0f921"]]}], "contourcarpet": [{"type": "contourcarpet", "colorbar": {"outlinewidth": 0, "ticks": ""}}], "contour": [{"type": "contour", "colorbar": {"outlinewidth": 0, "ticks": ""}, "colorscale": [[0.0, "#0d0887"], [0.1111111111111111, "#46039f"], [0.2222222222222222, "#7201a8"], [0.3333333333333333, "#9c179e"], [0.4444444444444444, "#bd3786"], [0.5555555555555556, "#d8576b"], [0.6666666666666666, "#ed7953"], [0.7777777777777778, "#fb9f3a"], [0.8888888888888888, "#fdca26"], [1.0, "#f0f921"]]}], "surface": [{"type": "surface", "colorbar": {"outlinewidth": 0, "ticks": ""}, "colorscale": [[0.0, "#0d0887"], [0.1111111111111111, "#46039f"], [0.2222222222222222, "#7201a8"], [0.3333333333333333, "#9c179e"], [0.4444444444444444, "#bd3786"], [0.5555555555555556, "#d8576b"], [0.6666666666666666, "#ed7953"], [0.7777777777777778, "#fb9f3a"], [0.8888888888888888, "#fdca26"], [1.0, "#f0f921"]]}], "mesh3d": [{"type": "mesh3d", "colorbar": {"outlinewidth": 0, "ticks": ""}}], "scatter": [{"fillpattern": {"fillmode": "overlay", "size": 10, "solidity": 0.2}, "type": "scatter"}], "parcoords": [{"type": "parcoords", "line": {"colorbar": {"outlinewidth": 0, "ticks": ""}}}], "scatterpolargl": [{"type": "scatterpolargl", "marker": {"colorbar": {"outlinewidth": 0, "ticks": ""}}}], "bar": [{"error_x": {"color": "#2a3f5f"}, "error_y": {"color": "#2a3f5f"}, "marker": {"line": {"color": "#E5ECF6", "width": 0.5}, "pattern": {"fillmode": "overlay", "size": 10, "solidity": 0.2}}, "type": "bar"}], "scattergeo": [{"type": "scattergeo", "marker": {"colorbar": {"outlinewidth": 0, "ticks": ""}}}], "scatterpolar": [{"type": "scatterpolar", "marker": {"colorbar": {"outlinewidth": 0, "ticks": ""}}}], "histogram": [{"marker": {"pattern": {"fillmode": "overlay", "size": 10, "solidity": 0.2}}, "type": "histogram"}], "scattergl": [{"type": "scattergl", "marker": {"colorbar": {"outlinewidth": 0, "ticks": ""}}}], "scatter3d": [{"type": "scatter3d", "line": {"colorbar": {"outlinewidth": 0, "ticks": ""}}, "marker": {"colorbar": {"outlinewidth": 0, "ticks": ""}}}], "scattermapbox": [{"type": "scattermapbox", "marker": {"colorbar": {"outlinewidth": 0, "ticks": ""}}}], "scatterternary": [{"type": "scatterternary", "marker": {"colorbar": {"outlinewidth": 0, "ticks": ""}}}], "scattercarpet": [{"type": "scattercarpet", "marker": {"colorbar": {"outlinewidth": 0, "ticks": ""}}}], "carpet": [{"aaxis": {"endlinecolor": "#2a3f5f", "gridcolor": "white", "linecolor": "white", "minorgridcolor": "white", "startlinecolor": "#2a3f5f"}, "baxis": {"endlinecolor": "#2a3f5f", "gridcolor": "white", "linecolor": "white", "minorgridcolor": "white", "startlinecolor": "#2a3f5f"}, "type": "carpet"}], "table": [{"cells": {"fill": {"color": "#EBF0F8"}, "line": {"color": "white"}}, "header": {"fill": {"color": "#C8D4E3"}, "line": {"color": "white"}}, "type": "table"}], "barpolar": [{"marker": {"line": {"color": "#E5ECF6", "width": 0.5}, "pattern": {"fillmode": "overlay", "size": 10, "solidity": 0.2}}, "type": "barpolar"}], "pie": [{"automargin": true, "type": "pie"}]}, "layout": {"autotypenumbers": "strict", "colorway": ["#636efa", "#EF553B", "#00cc96", "#ab63fa", "#FFA15A", "#19d3f3", "#FF6692", "#B6E880", "#FF97FF", "#FECB52"], "font": {"color": "#2a3f5f"}, "hovermode": "closest", "hoverlabel": {"align": "left"}, "paper_bgcolor": "white", "plot_bgcolor": "#E5ECF6", "polar": {"bgcolor": "#E5ECF6", "angularaxis": {"gridcolor": "white", "linecolor": "white", "ticks": ""}, "radialaxis": {"gridcolor": "white", "linecolor": "white", "ticks": ""}}, "ternary": {"bgcolor": "#E5ECF6", "aaxis": {"gridcolor": "white", "linecolor": "white", "ticks": ""}, "baxis": {"gridcolor": "white", "linecolor": "white", "ticks": ""}, "caxis": {"gridcolor": "white", "linecolor": "white", "ticks": ""}}, "coloraxis": {"colorbar": {"outlinewidth": 0, "ticks": ""}}, "colorscale": {"sequential": [[0.0, "#0d0887"], [0.1111111111111111, "#46039f"], [0.2222222222222222, "#7201a8"], [0.3333333333333333, "#9c179e"], [0.4444444444444444, "#bd3786"], [0.5555555555555556, "#d8576b"], [0.6666666666666666, "#ed7953"], [0.7777777777777778, "#fb9f3a"], [0.8888888888888888, "#fdca26"], [1.0, "#f0f921"]], "sequentialminus": [[0.0, "#0d0887"], [0.1111111111111111, "#46039f"], [0.2222222222222222, "#7201a8"], [0.3333333333333333, "#9c179e"], [0.4444444444444444, "#bd3786"], [0.5555555555555556, "#d8576b"], [0.6666666666666666, "#ed7953"], [0.7777777777777778, "#fb9f3a"], [0.8888888888888888, "#fdca26"], [1.0, "#f0f921"]], "diverging": [[0, "#8e0152"], [0.1, "#c51b7d"], [0.2, "#de77ae"], [0.3, "#f1b6da"], [0.4, "#fde0ef"], [0.5, "#f7f7f7"], [0.6, "#e6f5d0"], [0.7, "#b8e186"], [0.8, "#7fbc41"], [0.9, "#4d9221"], [1, "#276419"]]}, "xaxis": {"gridcolor": "white", "linecolor": "white", "ticks": "", "title": {"standoff": 15}, "zerolinecolor": "white", "automargin": true, "zerolinewidth": 2}, "yaxis": {"gridcolor": "white", "linecolor": "white", "ticks": "", "title": {"standoff": 15}, "zerolinecolor": "white", "automargin": true, "zerolinewidth": 2}, "scene": {"xaxis": {"backgroundcolor": "#E5ECF6", "gridcolor": "white", "linecolor": "white", "showbackground": true, "ticks": "", "zerolinecolor": "white", "gridwidth": 2}, "yaxis": {"backgroundcolor": "#E5ECF6", "gridcolor": "white", "linecolor": "white", "showbackground": true, "ticks": "", "zerolinecolor": "white", "gridwidth": 2}, "zaxis": {"backgroundcolor": "#E5ECF6", "gridcolor": "white", "linecolor": "white", "showbackground": true, "ticks": "", "zerolinecolor": "white", "gridwidth": 2}}, "shapedefaults": {"line": {"color": "#2a3f5f"}}, "annotationdefaults": {"arrowcolor": "#2a3f5f", "arrowhead": 0, "arrowwidth": 1}, "geo": {"bgcolor": "white", "landcolor": "#E5ECF6", "subunitcolor": "white", "showland": true, "showlakes": true, "lakecolor": "white"}, "title": {"x": 0.05}, "mapbox": {"style": "light"}}}}}