{"data": [{"z": [[10.890703201293945, 0.31408417224884033, 3.98649263381958, 0.3347901403903961, -1.6985312700271606, -2.6066396236419678, 0.9595593810081482, 1.2354809045791626, 1.5174070596694946, 3.7453219890594482, 0.4552319645881653, -3.0125622749328613, 3.3933534622192383, 0.20854336023330688, 1.889929175376892, -1.246209979057312, 4.66231632232666, -0.6371749639511108, 2.2096316814422607, 1.4944748878479004, 5.229968070983887], [0.31408417224884033, 7.966893672943115, -0.3792418837547302, 0.032980188727378845, 2.332826852798462, 2.192840576171875, 1.5844563245773315, -1.155089259147644, 0.741928219795227, -1.075453519821167, 1.2966505289077759, 2.21665358543396, -1.8688578605651855, 3.45963454246521, -0.44072404503822327, 0.3780008554458618, 2.246035575866699, 1.3317523002624512, 2.7248833179473877, -0.6519759297370911, 0.22031080722808838], [3.98649263381958, -0.3792418837547302, 13.063538551330566, 4.451773166656494, -0.09540186077356339, -2.834256172180176, 4.105648994445801, 0.9110965728759766, -0.27022114396095276, 2.955294370651245, -1.056159496307373, -2.295804262161255, -0.8287568092346191, -0.5072253346443176, -0.11904973536729813, 1.4248168468475342, 1.881636619567871, -1.1658799648284912, 2.3117666244506836, 4.045191287994385, 2.2522506713867188], [0.3347901403903961, 0.032980188727378845, 4.451773166656494, 9.86400318145752, 1.5239976644515991, 0.3153155446052551, 3.7846925258636475, 1.7222806215286255, -0.015160247683525085, 0.9311251640319824, -0.38373756408691406, 1.954914927482605, 0.8025946617126465, -1.192226529121399, 1.9961992502212524, 3.5109987258911133, -0.2908782958984375, 0.4641813635826111, -0.6659608483314514, 3.7000555992126465, 1.4808963537216187], [-1.6985312700271606, 2.332826852798462, -0.09540186077356339, 1.5239976644515991, 14.954333305358887, 4.4267144203186035, 2.1369009017944336, 1.3023663759231567, -1.1072107553482056, 1.5459996461868286, 3.567023515701294, 3.6938061714172363, -1.665520429611206, 0.26060059666633606, 0.300045371055603, -0.282146692276001, 2.503040313720703, 3.9779021739959717, 2.564012289047241, -0.9295459985733032, 4.263800144195557], [-2.6066396236419678, 2.192840576171875, -2.834256172180176, 0.3153155446052551, 4.4267144203186035, 9.814038276672363, 1.2115401029586792, 0.620693027973175, 2.4003243446350098, 0.3103440999984741, 1.0063928365707397, 3.8295323848724365, -1.5856608152389526, 0.6915808916091919, 1.2239549160003662, 0.8222220540046692, -2.384392261505127, 4.678692817687988, 0.8651297092437744, 0.47654590010643005, 0.4128352403640747], [0.9595593810081482, 1.5844563245773315, 4.105648994445801, 3.7846925258636475, 2.1369009017944336, 1.2115401029586792, 10.54319953918457, 2.9387784004211426, -0.6095168590545654, 1.3859437704086304, 1.771779179573059, 1.167486548423767, -1.3840281963348389, -2.475895643234253, 0.39016494154930115, -2.7972428798675537, 3.2610392570495605, -0.9880693554878235, -0.08688521385192871, 3.087104082107544, 1.6438556909561157], [1.2354809045791626, -1.155089259147644, 0.9110965728759766, 1.7222806215286255, 1.3023663759231567, 0.620693027973175, 2.9387784004211426, 10.957295417785645, -0.4255561828613281, -0.3214482367038727, 0.30148112773895264, 2.5048322677612305, 1.593976616859436, -1.9407991170883179, 0.3947499990463257, -1.6450899839401245, 2.246997117996216, 2.765800714492798, 2.7355570793151855, 1.2894916534423828, 0.9208239912986755], [1.5174070596694946, 0.741928219795227, -0.27022114396095276, -0.015160247683525085, -1.1072107553482056, 2.4003243446350098, -0.6095168590545654, -0.4255561828613281, 9.022904396057129, 0.2674224078655243, -0.37468910217285156, 1.34574556350708, 2.9850828647613525, 1.8249424695968628, 1.6006702184677124, 0.5020486116409302, 0.3293025493621826, 0.975832998752594, -1.303511381149292, 0.850205659866333, -1.0080900192260742], [3.7453219890594482, -1.075453519821167, 2.955294370651245, 0.9311251640319824, 1.5459996461868286, 0.3103440999984741, 1.3859437704086304, -0.3214482367038727, 0.2674224078655243, 8.055185317993164, -0.411448210477829, -1.268663763999939, 1.2453641891479492, 0.5801822543144226, 2.6285316944122314, 0.9361317753791809, 3.683530330657959, 2.6111090183258057, 1.190329670906067, 3.418203115463257, 3.5586369037628174], [0.4552319645881653, 1.2966505289077759, -1.056159496307373, -0.38373756408691406, 3.567023515701294, 1.0063928365707397, 1.771779179573059, 0.30148112773895264, -0.37468910217285156, -0.411448210477829, 10.367159843444824, 2.7798945903778076, 0.7716428637504578, 4.8082756996154785, -0.2985287606716156, -0.7361495494842529, 3.4742400646209717, 1.040439248085022, -0.40241503715515137, -2.4695143699645996, -1.9044008255004883], [-3.0125622749328613, 2.21665358543396, -2.295804262161255, 1.954914927482605, 3.6938061714172363, 3.8295323848724365, 1.167486548423767, 2.5048322677612305, 1.34574556350708, -1.268663763999939, 2.7798945903778076, 17.016969680786133, -0.7990198135375977, 3.3691258430480957, -1.6367543935775757, 0.08588436245918274, -0.32088327407836914, 2.074007511138916, 2.4783778190612793, 1.4327747821807861, 1.2712477445602417], [3.3933534622192383, -1.8688578605651855, -0.8287568092346191, 0.8025946617126465, -1.665520429611206, -1.5856608152389526, -1.3840281963348389, 1.593976616859436, 2.9850828647613525, 1.2453641891479492, 0.7716428637504578, -0.7990198135375977, 9.593088150024414, 0.7941901087760925, 2.4130966663360596, 3.024721384048462, 3.0914113521575928, -0.9398976564407349, -1.3591017723083496, 0.6561800837516785, 2.592780351638794], [0.20854336023330688, 3.45963454246521, -0.5072253346443176, -1.192226529121399, 0.26060059666633606, 0.6915808916091919, -2.475895643234253, -1.9407991170883179, 1.8249424695968628, 0.5801822543144226, 4.8082756996154785, 3.3691258430480957, 0.7941901087760925, 12.55768871307373, 1.751074194908142, 4.25436544418335, -0.27197062969207764, 1.7250794172286987, 2.8292980194091797, 0.6517457962036133, 2.3765053749084473], [1.889929175376892, -0.44072404503822327, -0.11904973536729813, 1.9961992502212524, 0.300045371055603, 1.2239549160003662, 0.39016494154930115, 0.3947499990463257, 1.6006702184677124, 2.6285316944122314, -0.2985287606716156, -1.6367543935775757, 2.4130966663360596, 1.751074194908142, 7.534567832946777, 4.3430376052856445, 0.8116365671157837, 1.0355103015899658, -1.1978988647460938, 2.4024224281311035, 0.9714350700378418], [-1.246209979057312, 0.3780008554458618, 1.4248168468475342, 3.5109987258911133, -0.282146692276001, 0.8222220540046692, -2.7972428798675537, -1.6450899839401245, 0.5020486116409302, 0.9361317753791809, -0.7361495494842529, 0.08588436245918274, 3.024721384048462, 4.25436544418335, 4.3430376052856445, 15.49866771697998, -4.529422760009766, -0.7681217193603516, -0.5082597732543945, 2.166013479232788, 1.5349864959716797], [4.662317276000977, 2.2460360527038574, 1.881636619567871, -0.2908782362937927, 2.503040075302124, -2.3843915462493896, 3.2610397338867188, 2.2469968795776367, 0.3293024003505707, 3.68353009223938, 3.474240303039551, -0.32088273763656616, 3.0914111137390137, -0.27197033166885376, 0.8116362690925598, -4.529422760009766, 16.951187133789062, -0.6450639367103577, 1.574366569519043, -1.2911913394927979, -0.23299017548561096], [-0.6371749043464661, 1.3317525386810303, -1.1658799648284912, 0.46418148279190063, 3.977902412414551, 4.678692817687988, -0.9880696535110474, 2.7658004760742188, 0.9758330583572388, 2.6111090183258057, 1.0404391288757324, 2.074007749557495, -0.9398980140686035, 1.7250792980194092, 1.0355098247528076, -0.7681213021278381, -0.6450639367103577, 10.377089500427246, 2.1812968254089355, 0.8664456009864807, 2.096554756164551], [2.2096316814422607, 2.7248833179473877, 2.3117659091949463, -0.6659611463546753, 2.5640125274658203, 0.865129828453064, -0.08688526600599289, 2.7355573177337646, -1.303511142730713, 1.1903295516967773, -0.40241530537605286, 2.4783778190612793, -1.35910165309906, 2.8292980194091797, -1.1978988647460938, -0.5082597732543945, 1.574366569519043, 2.1812968254089355, 10.500920295715332, 1.054977297782898, 2.7009079456329346], [1.4944747686386108, -0.6519760489463806, 4.045191287994385, 3.7000560760498047, -0.929546058177948, 0.4765462577342987, 3.087104082107544, 1.2894916534423828, 0.8502060174942017, 3.418203115463257, -2.4695143699645996, 1.432774543762207, 0.6561801433563232, 0.6517458558082581, 2.4024226665496826, 2.166013479232788, -1.2911913394927979, 0.8664456009864807, 1.054977297782898, 8.757054328918457, 5.400372505187988], [5.229968070983887, 0.22031065821647644, 2.252250909805298, 1.4808963537216187, 4.263800621032715, 0.4128350019454956, 1.643855333328247, 0.9208240509033203, -1.0080900192260742, 3.5586373805999756, -1.9044007062911987, 1.2712478637695312, 2.592780113220215, 2.3765058517456055, 0.9714352488517761, 1.5349863767623901, -0.23299013078212738, 2.096554756164551, 2.7009081840515137, 5.400372505187988, 17.648818969726562]], "type": "heatmap"}], "layout": {"template": {"data": {"histogram2dcontour": [{"type": "histogram2dcontour", "colorbar": {"outlinewidth": 0, "ticks": ""}, "colorscale": [[0.0, "#0d0887"], [0.1111111111111111, "#46039f"], [0.2222222222222222, "#7201a8"], [0.3333333333333333, "#9c179e"], [0.4444444444444444, "#bd3786"], [0.5555555555555556, "#d8576b"], [0.6666666666666666, "#ed7953"], [0.7777777777777778, "#fb9f3a"], [0.8888888888888888, "#fdca26"], [1.0, "#f0f921"]]}], "choropleth": [{"type": "choropleth", "colorbar": {"outlinewidth": 0, "ticks": ""}}], "histogram2d": [{"type": "histogram2d", "colorbar": {"outlinewidth": 0, "ticks": ""}, "colorscale": [[0.0, "#0d0887"], [0.1111111111111111, "#46039f"], [0.2222222222222222, "#7201a8"], [0.3333333333333333, "#9c179e"], [0.4444444444444444, "#bd3786"], [0.5555555555555556, "#d8576b"], [0.6666666666666666, "#ed7953"], [0.7777777777777778, "#fb9f3a"], [0.8888888888888888, "#fdca26"], [1.0, "#f0f921"]]}], "heatmap": [{"type": "heatmap", "colorbar": {"outlinewidth": 0, "ticks": ""}, "colorscale": [[0.0, "#0d0887"], [0.1111111111111111, "#46039f"], [0.2222222222222222, "#7201a8"], [0.3333333333333333, "#9c179e"], [0.4444444444444444, "#bd3786"], [0.5555555555555556, "#d8576b"], [0.6666666666666666, "#ed7953"], [0.7777777777777778, "#fb9f3a"], [0.8888888888888888, "#fdca26"], [1.0, "#f0f921"]]}], "heatmapgl": [{"type": "heatmapgl", "colorbar": {"outlinewidth": 0, "ticks": ""}, "colorscale": [[0.0, "#0d0887"], [0.1111111111111111, "#46039f"], [0.2222222222222222, "#7201a8"], [0.3333333333333333, "#9c179e"], [0.4444444444444444, "#bd3786"], [0.5555555555555556, "#d8576b"], [0.6666666666666666, "#ed7953"], [0.7777777777777778, "#fb9f3a"], [0.8888888888888888, "#fdca26"], [1.0, "#f0f921"]]}], "contourcarpet": [{"type": "contourcarpet", "colorbar": {"outlinewidth": 0, "ticks": ""}}], "contour": [{"type": "contour", "colorbar": {"outlinewidth": 0, "ticks": ""}, "colorscale": [[0.0, "#0d0887"], [0.1111111111111111, "#46039f"], [0.2222222222222222, "#7201a8"], [0.3333333333333333, "#9c179e"], [0.4444444444444444, "#bd3786"], [0.5555555555555556, "#d8576b"], [0.6666666666666666, "#ed7953"], [0.7777777777777778, "#fb9f3a"], [0.8888888888888888, "#fdca26"], [1.0, "#f0f921"]]}], "surface": [{"type": "surface", "colorbar": {"outlinewidth": 0, "ticks": ""}, "colorscale": [[0.0, "#0d0887"], [0.1111111111111111, "#46039f"], [0.2222222222222222, "#7201a8"], [0.3333333333333333, "#9c179e"], [0.4444444444444444, "#bd3786"], [0.5555555555555556, "#d8576b"], [0.6666666666666666, "#ed7953"], [0.7777777777777778, "#fb9f3a"], [0.8888888888888888, "#fdca26"], [1.0, "#f0f921"]]}], "mesh3d": [{"type": "mesh3d", "colorbar": {"outlinewidth": 0, "ticks": ""}}], "scatter": [{"fillpattern": {"fillmode": "overlay", "size": 10, "solidity": 0.2}, "type": "scatter"}], "parcoords": [{"type": "parcoords", "line": {"colorbar": {"outlinewidth": 0, "ticks": ""}}}], "scatterpolargl": [{"type": "scatterpolargl", "marker": {"colorbar": {"outlinewidth": 0, "ticks": ""}}}], "bar": [{"error_x": {"color": "#2a3f5f"}, "error_y": {"color": "#2a3f5f"}, "marker": {"line": {"color": "#E5ECF6", "width": 0.5}, "pattern": {"fillmode": "overlay", "size": 10, "solidity": 0.2}}, "type": "bar"}], "scattergeo": [{"type": "scattergeo", "marker": {"colorbar": {"outlinewidth": 0, "ticks": ""}}}], "scatterpolar": [{"type": "scatterpolar", "marker": {"colorbar": {"outlinewidth": 0, "ticks": ""}}}], "histogram": [{"marker": {"pattern": {"fillmode": "overlay", "size": 10, "solidity": 0.2}}, "type": "histogram"}], "scattergl": [{"type": "scattergl", "marker": {"colorbar": {"outlinewidth": 0, "ticks": ""}}}], "scatter3d": [{"type": "scatter3d", "line": {"colorbar": {"outlinewidth": 0, "ticks": ""}}, "marker": {"colorbar": {"outlinewidth": 0, "ticks": ""}}}], "scattermapbox": [{"type": "scattermapbox", "marker": {"colorbar": {"outlinewidth": 0, "ticks": ""}}}], "scatterternary": [{"type": "scatterternary", "marker": {"colorbar": {"outlinewidth": 0, "ticks": ""}}}], "scattercarpet": [{"type": "scattercarpet", "marker": {"colorbar": {"outlinewidth": 0, "ticks": ""}}}], "carpet": [{"aaxis": {"endlinecolor": "#2a3f5f", "gridcolor": "white", "linecolor": "white", "minorgridcolor": "white", "startlinecolor": "#2a3f5f"}, "baxis": {"endlinecolor": "#2a3f5f", "gridcolor": "white", "linecolor": "white", "minorgridcolor": "white", "startlinecolor": "#2a3f5f"}, "type": "carpet"}], "table": [{"cells": {"fill": {"color": "#EBF0F8"}, "line": {"color": "white"}}, "header": {"fill": {"color": "#C8D4E3"}, "line": {"color": "white"}}, "type": "table"}], "barpolar": [{"marker": {"line": {"color": "#E5ECF6", "width": 0.5}, "pattern": {"fillmode": "overlay", "size": 10, "solidity": 0.2}}, "type": "barpolar"}], "pie": [{"automargin": true, "type": "pie"}]}, "layout": {"autotypenumbers": "strict", "colorway": ["#636efa", "#EF553B", "#00cc96", "#ab63fa", "#FFA15A", "#19d3f3", "#FF6692", "#B6E880", "#FF97FF", "#FECB52"], "font": {"color": "#2a3f5f"}, "hovermode": "closest", "hoverlabel": {"align": "left"}, "paper_bgcolor": "white", "plot_bgcolor": "#E5ECF6", "polar": {"bgcolor": "#E5ECF6", "angularaxis": {"gridcolor": "white", "linecolor": "white", "ticks": ""}, "radialaxis": {"gridcolor": "white", "linecolor": "white", "ticks": ""}}, "ternary": {"bgcolor": "#E5ECF6", "aaxis": {"gridcolor": "white", "linecolor": "white", "ticks": ""}, "baxis": {"gridcolor": "white", "linecolor": "white", "ticks": ""}, "caxis": {"gridcolor": "white", "linecolor": "white", "ticks": ""}}, "coloraxis": {"colorbar": {"outlinewidth": 0, "ticks": ""}}, "colorscale": {"sequential": [[0.0, "#0d0887"], [0.1111111111111111, "#46039f"], [0.2222222222222222, "#7201a8"], [0.3333333333333333, "#9c179e"], [0.4444444444444444, "#bd3786"], [0.5555555555555556, "#d8576b"], [0.6666666666666666, "#ed7953"], [0.7777777777777778, "#fb9f3a"], [0.8888888888888888, "#fdca26"], [1.0, "#f0f921"]], "sequentialminus": [[0.0, "#0d0887"], [0.1111111111111111, "#46039f"], [0.2222222222222222, "#7201a8"], [0.3333333333333333, "#9c179e"], [0.4444444444444444, "#bd3786"], [0.5555555555555556, "#d8576b"], [0.6666666666666666, "#ed7953"], [0.7777777777777778, "#fb9f3a"], [0.8888888888888888, "#fdca26"], [1.0, "#f0f921"]], "diverging": [[0, "#8e0152"], [0.1, "#c51b7d"], [0.2, "#de77ae"], [0.3, "#f1b6da"], [0.4, "#fde0ef"], [0.5, "#f7f7f7"], [0.6, "#e6f5d0"], [0.7, "#b8e186"], [0.8, "#7fbc41"], [0.9, "#4d9221"], [1, "#276419"]]}, "xaxis": {"gridcolor": "white", "linecolor": "white", "ticks": "", "title": {"standoff": 15}, "zerolinecolor": "white", "automargin": true, "zerolinewidth": 2}, "yaxis": {"gridcolor": "white", "linecolor": "white", "ticks": "", "title": {"standoff": 15}, "zerolinecolor": "white", "automargin": true, "zerolinewidth": 2}, "scene": {"xaxis": {"backgroundcolor": "#E5ECF6", "gridcolor": "white", "linecolor": "white", "showbackground": true, "ticks": "", "zerolinecolor": "white", "gridwidth": 2}, "yaxis": {"backgroundcolor": "#E5ECF6", "gridcolor": "white", "linecolor": "white", "showbackground": true, "ticks": "", "zerolinecolor": "white", "gridwidth": 2}, "zaxis": {"backgroundcolor": "#E5ECF6", "gridcolor": "white", "linecolor": "white", "showbackground": true, "ticks": "", "zerolinecolor": "white", "gridwidth": 2}}, "shapedefaults": {"line": {"color": "#2a3f5f"}}, "annotationdefaults": {"arrowcolor": "#2a3f5f", "arrowhead": 0, "arrowwidth": 1}, "geo": {"bgcolor": "white", "landcolor": "#E5ECF6", "subunitcolor": "white", "showland": true, "showlakes": true, "lakecolor": "white"}, "title": {"x": 0.05}, "mapbox": {"style": "light"}}}}}