{"data": [{"z": [[8.407134056091309, 0.2805745601654053, 3.5822501182556152, 0.25681018829345703, -1.3645069599151611, -1.8445857763290405, 1.3235833644866943, 1.1600253582000732, 1.5345003604888916, 2.981224298477173, 0.5175609588623047, -2.429359197616577, 2.950876474380493, 0.3853066563606262, 1.706024408340454, -0.9493686556816101, 4.1298298835754395, -0.1705494225025177, 2.1108455657958984, 1.8029887676239014, 4.501026630401611], [0.2805745601654053, 6.864034175872803, -0.23702973127365112, 0.23548828065395355, 2.165459156036377, 1.9040223360061646, 1.4831427335739136, -0.7765529155731201, 0.6057115793228149, -0.6802485585212708, 0.9557522535324097, 1.8502613306045532, -1.5667202472686768, 2.787343978881836, -0.13670478761196136, 0.2729368209838867, 1.977853536605835, 1.1724257469177246, 2.399921178817749, -0.23383909463882446, 0.09284555912017822], [3.5822501182556152, -0.23702973127365112, 10.654696464538574, 4.043187618255615, 0.47493088245391846, -1.9620492458343506, 3.355478286743164, 0.9415318369865417, -0.025752108544111252, 2.799609422683716, -0.8074556589126587, -1.7508130073547363, -0.29572194814682007, -0.3811933100223541, 0.2898990213871002, 1.462463140487671, 1.894446849822998, -0.4905071258544922, 2.310058116912842, 3.642225503921509, 2.4712934494018555], [0.25681018829345703, 0.23548828065395355, 4.043187618255615, 8.26009464263916, 1.6216022968292236, 0.6095287203788757, 3.3503177165985107, 1.709191918373108, 0.3800358176231384, 1.0009962320327759, 0.1421440690755844, 1.8744512796401978, 0.9666305184364319, -0.7003814578056335, 1.949121356010437, 3.0063600540161133, -0.02642238140106201, 0.826464831829071, -0.27776676416397095, 3.2480857372283936, 1.1158748865127563], [-1.3645069599151611, 2.165459156036377, 0.47493088245391846, 1.6216022968292236, 12.332358360290527, 4.107346534729004, 1.9520463943481445, 1.2056019306182861, -0.5450217127799988, 1.2697622776031494, 3.328688621520996, 3.499882459640503, -1.6711448431015015, 0.9021230936050415, 0.3465959131717682, -0.04200850427150726, 2.2044825553894043, 3.3043131828308105, 2.4561476707458496, -0.27691876888275146, 3.6970298290252686], [-1.8445857763290405, 1.9040223360061646, -1.9620492458343506, 0.6095287203788757, 4.107346534729004, 8.524650573730469, 1.1971474885940552, 0.7671897411346436, 2.0405945777893066, 0.5636377334594727, 0.7573596835136414, 3.4388668537139893, -1.279209017753601, 0.7985867857933044, 1.2040257453918457, 0.7854862809181213, -1.4490976333618164, 3.87015700340271, 1.217127799987793, 0.910442054271698, 0.6067922115325928], [1.3235833644866943, 1.4831427335739136, 3.355478286743164, 3.3503177165985107, 1.9520463943481445, 1.1971474885940552, 8.257184982299805, 2.4684081077575684, -0.3859536945819855, 1.0634465217590332, 1.5729291439056396, 1.4920934438705444, -0.8344715237617493, -2.057347297668457, 0.419064998626709, -2.2802507877349854, 2.7028675079345703, -0.4622637629508972, 0.29512321949005127, 2.5022993087768555, 1.407781958580017], [1.1600253582000732, -0.7765529155731201, 0.9415318369865417, 1.709191918373108, 1.2056019306182861, 0.7671897411346436, 2.4684081077575684, 9.73586368560791, -0.3296794593334198, -0.33988431096076965, 0.14641469717025757, 2.300248146057129, 1.3495535850524902, -1.547296166419983, 0.34596654772758484, -1.4978692531585693, 2.0549774169921875, 2.4573168754577637, 2.508437156677246, 1.3743927478790283, 0.905285120010376], [1.5345003604888916, 0.6057115793228149, -0.025752108544111252, 0.3800358176231384, -0.5450217127799988, 2.0405945777893066, -0.3859536945819855, -0.3296794593334198, 7.267321586608887, 0.5899213552474976, -0.3492826521396637, 1.1733776330947876, 2.662977695465088, 1.255520224571228, 1.4390864372253418, 0.5887883901596069, 0.7349402904510498, 0.949582576751709, -0.8024123907089233, 1.2910468578338623, -0.8682113289833069], [2.981224298477173, -0.6802485585212708, 2.799609422683716, 1.0009962320327759, 1.2697622776031494, 0.5636377334594727, 1.0634465217590332, -0.33988431096076965, 0.5899213552474976, 6.900172233581543, -0.23005959391593933, -0.6979446411132812, 1.3403717279434204, 0.9664224982261658, 2.4704365730285645, 0.7845392823219299, 3.239403247833252, 2.460041046142578, 1.0158299207687378, 3.0009779930114746, 3.2998359203338623], [0.5175609588623047, 0.9557522535324097, -0.8074556589126587, 0.1421440690755844, 3.328688621520996, 0.7573596835136414, 1.5729291439056396, 0.14641469717025757, -0.3492826521396637, -0.23005959391593933, 8.226574897766113, 2.355638027191162, 0.9163618683815002, 3.7869982719421387, 0.14880797266960144, -0.5004799962043762, 2.9512338638305664, 0.8681831359863281, -0.1813664436340332, -1.5537340641021729, -1.2905471324920654], [-2.429359197616577, 1.8502613306045532, -1.7508130073547363, 1.8744512796401978, 3.499882459640503, 3.4388668537139893, 1.4920934438705444, 2.300248146057129, 1.1733776330947876, -0.6979446411132812, 2.355638027191162, 14.0272855758667, -0.5710043907165527, 2.6084773540496826, -1.043766736984253, -0.10259661078453064, 0.033660888671875, 1.6158593893051147, 2.1021616458892822, 1.6310150623321533, 1.2949937582015991], [2.950876474380493, -1.5667202472686768, -0.29572194814682007, 0.9666305184364319, -1.6711448431015015, -1.279209017753601, -0.8344715237617493, 1.3495535850524902, 2.662977695465088, 1.3403717279434204, 0.9163618683815002, -0.5710043907165527, 8.06457233428955, 1.1561589241027832, 2.153925895690918, 2.7786355018615723, 2.8062376976013184, -0.713787317276001, -1.183780550956726, 0.8719820976257324, 2.359489917755127], [0.3853066563606262, 2.787343978881836, -0.3811933100223541, -0.7003814578056335, 0.9021230936050415, 0.7985867857933044, -2.057347297668457, -1.547296166419983, 1.255520224571228, 0.9664224982261658, 3.7869982719421387, 2.6084773540496826, 1.1561589241027832, 10.339165687561035, 1.770769715309143, 3.5939645767211914, 0.0315394401550293, 1.5755932331085205, 2.4665608406066895, 0.9089809656143188, 2.6485519409179688], [1.706024408340454, -0.13670478761196136, 0.2898990213871002, 1.949121356010437, 0.3465959131717682, 1.2040257453918457, 0.419064998626709, 0.34596654772758484, 1.4390864372253418, 2.4704365730285645, 0.14880797266960144, -1.043766736984253, 2.153925895690918, 1.770769715309143, 6.409201145172119, 3.711827278137207, 0.9623832106590271, 1.016050934791565, -0.711622416973114, 2.2098305225372314, 0.9481534957885742], [-0.9493686556816101, 0.2729368209838867, 1.462463140487671, 3.0063600540161133, -0.04200850427150726, 0.7854862809181213, -2.2802507877349854, -1.4978692531585693, 0.5887883901596069, 0.7845392823219299, -0.5004799962043762, -0.10259661078453064, 2.7786355018615723, 3.5939645767211914, 3.711827278137207, 13.176850318908691, -3.7755188941955566, -0.8583910465240479, -0.48947620391845703, 1.9382065534591675, 1.7069880962371826], [4.129829406738281, 1.9778534173965454, 1.8944467306137085, -0.026422642171382904, 2.2044827938079834, -1.4490978717803955, 2.7028675079345703, 2.0549774169921875, 0.7349403500556946, 3.239403009414673, 2.9512341022491455, 0.033660613000392914, 2.8062374591827393, 0.031539831310510635, 0.9623833298683167, -3.775519609451294, 14.557573318481445, -0.05340993404388428, 1.42918860912323, -0.6197429895401001, 0.0719473734498024], [-0.17054931819438934, 1.1724259853363037, -0.4905073046684265, 0.826464831829071, 3.304314136505127, 3.870156764984131, -0.46226373314857483, 2.4573168754577637, 0.9495826363563538, 2.460041046142578, 0.8681831955909729, 1.6158592700958252, -0.713787317276001, 1.5755932331085205, 1.0160510540008545, -0.858391284942627, -0.05340993404388428, 8.630722045898438, 2.0452966690063477, 0.7991276979446411, 1.9336705207824707], [2.1108458042144775, 2.399921178817749, 2.310058116912842, -0.2777668237686157, 2.456148386001587, 1.217127799987793, 0.2951231598854065, 2.508437156677246, -0.8024124503135681, 1.0158300399780273, -0.18136653304100037, 2.1021616458892822, -1.183780550956726, 2.4665608406066895, -0.7116225361824036, -0.48947620391845703, 1.42918860912323, 2.0452966690063477, 8.811386108398438, 1.08089017868042, 2.4518401622772217], [1.8029886484146118, -0.23383904993534088, 3.6422252655029297, 3.2480857372283936, -0.27691879868507385, 0.9104424715042114, 2.5022995471954346, 1.3743926286697388, 1.2910473346710205, 3.0009777545928955, -1.5537339448928833, 1.6310150623321533, 0.8719820976257324, 0.9089809060096741, 2.2098309993743896, 1.9382069110870361, -0.6197429895401001, 0.7991276979446411, 1.08089017868042, 7.3036980628967285, 5.028869152069092], [4.501026630401611, 0.09284549951553345, 2.4712932109832764, 1.115875005722046, 3.697030782699585, 0.6067923307418823, 1.4077820777893066, 0.9052850604057312, -0.8682112693786621, 3.299835681915283, -1.2905471324920654, 1.2949938774108887, 2.359489917755127, 2.6485519409179688, 0.9481534361839294, 1.7069880962371826, 0.07194730639457703, 1.9336705207824707, 2.451840400695801, 5.02886962890625, 17.648818969726562]], "type": "heatmap"}], "layout": {"template": {"data": {"histogram2dcontour": [{"type": "histogram2dcontour", "colorbar": {"outlinewidth": 0, "ticks": ""}, "colorscale": [[0.0, "#0d0887"], [0.1111111111111111, "#46039f"], [0.2222222222222222, "#7201a8"], [0.3333333333333333, "#9c179e"], [0.4444444444444444, "#bd3786"], [0.5555555555555556, "#d8576b"], [0.6666666666666666, "#ed7953"], [0.7777777777777778, "#fb9f3a"], [0.8888888888888888, "#fdca26"], [1.0, "#f0f921"]]}], "choropleth": [{"type": "choropleth", "colorbar": {"outlinewidth": 0, "ticks": ""}}], "histogram2d": [{"type": "histogram2d", "colorbar": {"outlinewidth": 0, "ticks": ""}, "colorscale": [[0.0, "#0d0887"], [0.1111111111111111, "#46039f"], [0.2222222222222222, "#7201a8"], [0.3333333333333333, "#9c179e"], [0.4444444444444444, "#bd3786"], [0.5555555555555556, "#d8576b"], [0.6666666666666666, "#ed7953"], [0.7777777777777778, "#fb9f3a"], [0.8888888888888888, "#fdca26"], [1.0, "#f0f921"]]}], "heatmap": [{"type": "heatmap", "colorbar": {"outlinewidth": 0, "ticks": ""}, "colorscale": [[0.0, "#0d0887"], [0.1111111111111111, "#46039f"], [0.2222222222222222, "#7201a8"], [0.3333333333333333, "#9c179e"], [0.4444444444444444, "#bd3786"], [0.5555555555555556, "#d8576b"], [0.6666666666666666, "#ed7953"], [0.7777777777777778, "#fb9f3a"], [0.8888888888888888, "#fdca26"], [1.0, "#f0f921"]]}], "heatmapgl": [{"type": "heatmapgl", "colorbar": {"outlinewidth": 0, "ticks": ""}, "colorscale": [[0.0, "#0d0887"], [0.1111111111111111, "#46039f"], [0.2222222222222222, "#7201a8"], [0.3333333333333333, "#9c179e"], [0.4444444444444444, "#bd3786"], [0.5555555555555556, "#d8576b"], [0.6666666666666666, "#ed7953"], [0.7777777777777778, "#fb9f3a"], [0.8888888888888888, "#fdca26"], [1.0, "#f0f921"]]}], "contourcarpet": [{"type": "contourcarpet", "colorbar": {"outlinewidth": 0, "ticks": ""}}], "contour": [{"type": "contour", "colorbar": {"outlinewidth": 0, "ticks": ""}, "colorscale": [[0.0, "#0d0887"], [0.1111111111111111, "#46039f"], [0.2222222222222222, "#7201a8"], [0.3333333333333333, "#9c179e"], [0.4444444444444444, "#bd3786"], [0.5555555555555556, "#d8576b"], [0.6666666666666666, "#ed7953"], [0.7777777777777778, "#fb9f3a"], [0.8888888888888888, "#fdca26"], [1.0, "#f0f921"]]}], "surface": [{"type": "surface", "colorbar": {"outlinewidth": 0, "ticks": ""}, "colorscale": [[0.0, "#0d0887"], [0.1111111111111111, "#46039f"], [0.2222222222222222, "#7201a8"], [0.3333333333333333, "#9c179e"], [0.4444444444444444, "#bd3786"], [0.5555555555555556, "#d8576b"], [0.6666666666666666, "#ed7953"], [0.7777777777777778, "#fb9f3a"], [0.8888888888888888, "#fdca26"], [1.0, "#f0f921"]]}], "mesh3d": [{"type": "mesh3d", "colorbar": {"outlinewidth": 0, "ticks": ""}}], "scatter": [{"fillpattern": {"fillmode": "overlay", "size": 10, "solidity": 0.2}, "type": "scatter"}], "parcoords": [{"type": "parcoords", "line": {"colorbar": {"outlinewidth": 0, "ticks": ""}}}], "scatterpolargl": [{"type": "scatterpolargl", "marker": {"colorbar": {"outlinewidth": 0, "ticks": ""}}}], "bar": [{"error_x": {"color": "#2a3f5f"}, "error_y": {"color": "#2a3f5f"}, "marker": {"line": {"color": "#E5ECF6", "width": 0.5}, "pattern": {"fillmode": "overlay", "size": 10, "solidity": 0.2}}, "type": "bar"}], "scattergeo": [{"type": "scattergeo", "marker": {"colorbar": {"outlinewidth": 0, "ticks": ""}}}], "scatterpolar": [{"type": "scatterpolar", "marker": {"colorbar": {"outlinewidth": 0, "ticks": ""}}}], "histogram": [{"marker": {"pattern": {"fillmode": "overlay", "size": 10, "solidity": 0.2}}, "type": "histogram"}], "scattergl": [{"type": "scattergl", "marker": {"colorbar": {"outlinewidth": 0, "ticks": ""}}}], "scatter3d": [{"type": "scatter3d", "line": {"colorbar": {"outlinewidth": 0, "ticks": ""}}, "marker": {"colorbar": {"outlinewidth": 0, "ticks": ""}}}], "scattermapbox": [{"type": "scattermapbox", "marker": {"colorbar": {"outlinewidth": 0, "ticks": ""}}}], "scatterternary": [{"type": "scatterternary", "marker": {"colorbar": {"outlinewidth": 0, "ticks": ""}}}], "scattercarpet": [{"type": "scattercarpet", "marker": {"colorbar": {"outlinewidth": 0, "ticks": ""}}}], "carpet": [{"aaxis": {"endlinecolor": "#2a3f5f", "gridcolor": "white", "linecolor": "white", "minorgridcolor": "white", "startlinecolor": "#2a3f5f"}, "baxis": {"endlinecolor": "#2a3f5f", "gridcolor": "white", "linecolor": "white", "minorgridcolor": "white", "startlinecolor": "#2a3f5f"}, "type": "carpet"}], "table": [{"cells": {"fill": {"color": "#EBF0F8"}, "line": {"color": "white"}}, "header": {"fill": {"color": "#C8D4E3"}, "line": {"color": "white"}}, "type": "table"}], "barpolar": [{"marker": {"line": {"color": "#E5ECF6", "width": 0.5}, "pattern": {"fillmode": "overlay", "size": 10, "solidity": 0.2}}, "type": "barpolar"}], "pie": [{"automargin": true, "type": "pie"}]}, "layout": {"autotypenumbers": "strict", "colorway": ["#636efa", "#EF553B", "#00cc96", "#ab63fa", "#FFA15A", "#19d3f3", "#FF6692", "#B6E880", "#FF97FF", "#FECB52"], "font": {"color": "#2a3f5f"}, "hovermode": "closest", "hoverlabel": {"align": "left"}, "paper_bgcolor": "white", "plot_bgcolor": "#E5ECF6", "polar": {"bgcolor": "#E5ECF6", "angularaxis": {"gridcolor": "white", "linecolor": "white", "ticks": ""}, "radialaxis": {"gridcolor": "white", "linecolor": "white", "ticks": ""}}, "ternary": {"bgcolor": "#E5ECF6", "aaxis": {"gridcolor": "white", "linecolor": "white", "ticks": ""}, "baxis": {"gridcolor": "white", "linecolor": "white", "ticks": ""}, "caxis": {"gridcolor": "white", "linecolor": "white", "ticks": ""}}, "coloraxis": {"colorbar": {"outlinewidth": 0, "ticks": ""}}, "colorscale": {"sequential": [[0.0, "#0d0887"], [0.1111111111111111, "#46039f"], [0.2222222222222222, "#7201a8"], [0.3333333333333333, "#9c179e"], [0.4444444444444444, "#bd3786"], [0.5555555555555556, "#d8576b"], [0.6666666666666666, "#ed7953"], [0.7777777777777778, "#fb9f3a"], [0.8888888888888888, "#fdca26"], [1.0, "#f0f921"]], "sequentialminus": [[0.0, "#0d0887"], [0.1111111111111111, "#46039f"], [0.2222222222222222, "#7201a8"], [0.3333333333333333, "#9c179e"], [0.4444444444444444, "#bd3786"], [0.5555555555555556, "#d8576b"], [0.6666666666666666, "#ed7953"], [0.7777777777777778, "#fb9f3a"], [0.8888888888888888, "#fdca26"], [1.0, "#f0f921"]], "diverging": [[0, "#8e0152"], [0.1, "#c51b7d"], [0.2, "#de77ae"], [0.3, "#f1b6da"], [0.4, "#fde0ef"], [0.5, "#f7f7f7"], [0.6, "#e6f5d0"], [0.7, "#b8e186"], [0.8, "#7fbc41"], [0.9, "#4d9221"], [1, "#276419"]]}, "xaxis": {"gridcolor": "white", "linecolor": "white", "ticks": "", "title": {"standoff": 15}, "zerolinecolor": "white", "automargin": true, "zerolinewidth": 2}, "yaxis": {"gridcolor": "white", "linecolor": "white", "ticks": "", "title": {"standoff": 15}, "zerolinecolor": "white", "automargin": true, "zerolinewidth": 2}, "scene": {"xaxis": {"backgroundcolor": "#E5ECF6", "gridcolor": "white", "linecolor": "white", "showbackground": true, "ticks": "", "zerolinecolor": "white", "gridwidth": 2}, "yaxis": {"backgroundcolor": "#E5ECF6", "gridcolor": "white", "linecolor": "white", "showbackground": true, "ticks": "", "zerolinecolor": "white", "gridwidth": 2}, "zaxis": {"backgroundcolor": "#E5ECF6", "gridcolor": "white", "linecolor": "white", "showbackground": true, "ticks": "", "zerolinecolor": "white", "gridwidth": 2}}, "shapedefaults": {"line": {"color": "#2a3f5f"}}, "annotationdefaults": {"arrowcolor": "#2a3f5f", "arrowhead": 0, "arrowwidth": 1}, "geo": {"bgcolor": "white", "landcolor": "#E5ECF6", "subunitcolor": "white", "showland": true, "showlakes": true, "lakecolor": "white"}, "title": {"x": 0.05}, "mapbox": {"style": "light"}}}}}