{"data": [{"z": [[20.883628845214844, 1.9122600555419922, 4.596866607666016, 1.1150403022766113, -3.141591787338257, -3.662916421890259, -1.8577643632888794, 0.6447685360908508, 1.5007867813110352, 3.4850850105285645, 0.2954074740409851, -3.08554744720459, 4.399824142456055, -0.4236944913864136, 2.340604305267334, -2.565727949142456, 5.9870805740356445, -2.821204423904419, 2.15468168258667, -1.319236159324646, 7.140851974487305], [1.9122600555419922, 11.915290832519531, -0.10759258270263672, 0.15365363657474518, 2.943354845046997, 2.82327938079834, 1.3715513944625854, -1.943899393081665, 0.3101702332496643, -2.061866521835327, 2.1377010345458984, 3.6886680126190186, -3.024290084838867, 5.778317928314209, -0.7710577845573425, 0.4057738780975342, 3.0353879928588867, 2.2888429164886475, 3.230573892593384, -1.9774532318115234, 1.1607513427734375], [4.596866607666016, -0.10759258270263672, 20.814912796020508, 5.012247085571289, -1.402165174484253, -4.6803717613220215, 6.343600749969482, 0.6095335483551025, -1.2170486450195312, 3.252883195877075, -0.7326063513755798, -3.8458752632141113, -1.8499928712844849, -0.36642685532569885, -1.0558123588562012, 1.189243197441101, 2.2381036281585693, -2.00484561920166, 1.8646268844604492, 5.464824676513672, 2.1896920204162598], [1.1150403022766113, 0.15365363657474518, 5.012247085571289, 16.05626106262207, 1.5398739576339722, -0.04161728173494339, 4.573174953460693, 2.229804754257202, -0.3858894407749176, 1.1989283561706543, -1.7441167831420898, 3.1065781116485596, 0.7035682797431946, -2.0313720703125, 2.64087176322937, 4.670749664306641, -0.4713709354400635, -0.6855543851852417, -0.4947679042816162, 4.797198295593262, 2.4881529808044434], [-3.141591787338257, 2.943354845046997, -1.402165174484253, 1.5398739576339722, 21.309267044067383, 6.173523902893066, 2.270763397216797, 1.2552930116653442, -3.1888675689697266, 1.740373969078064, 5.020349025726318, 3.802027463912964, -2.226956844329834, -1.559136986732483, -0.5885411500930786, -0.975322961807251, 3.2329933643341064, 5.649667739868164, 2.8496062755584717, -1.9672162532806396, 4.88333797454834], [-3.662916421890259, 2.82327938079834, -4.6803717613220215, -0.04161728173494339, 6.173523902893066, 14.395181655883789, 0.6524636745452881, 0.4283748269081116, 3.4507088661193848, -0.17594867944717407, 2.414910078048706, 5.209424018859863, -2.435758352279663, 0.4032987654209137, 1.4085444211959839, 1.4642364978790283, -4.4144110679626465, 7.062944412231445, 0.47563815116882324, -0.39080536365509033, 0.07887458801269531], [-1.8577643632888794, 1.3715513944625854, 6.343600749969482, 4.573174953460693, 2.270763397216797, 0.6524636745452881, 18.05445671081543, 4.161454200744629, -1.236748218536377, 2.026587724685669, 2.2704567909240723, -0.4007590413093567, -2.8476905822753906, -3.1355717182159424, -0.3179072439670563, -4.716135025024414, 4.880626678466797, -2.203514814376831, -1.6622645854949951, 5.101922035217285, 2.259888172149658], [0.6447685360908508, -1.943899393081665, 0.6095335483551025, 2.229804754257202, 1.2552930116653442, 0.4283748269081116, 4.161454200744629, 14.154833793640137, -0.47704026103019714, -0.7699571847915649, 0.5502798557281494, 3.1646227836608887, 2.1407809257507324, -2.922006368637085, 0.011399106122553349, -2.717108726501465, 2.5012340545654297, 3.128811836242676, 3.363245725631714, 0.9943530559539795, 1.0336980819702148], [1.5007867813110352, 0.3101702332496643, -1.2170486450195312, -0.3858894407749176, -3.1888675689697266, 3.4507088661193848, -1.236748218536377, -0.47704026103019714, 14.249969482421875, -1.3020671606063843, -0.7669386267662048, 2.539886474609375, 3.846933126449585, 2.7966091632843018, 1.7123805284500122, -0.8175491094589233, -0.8908300399780273, -0.4400513172149658, -1.9127196073532104, -0.8453044295310974, -1.4770259857177734], [3.4850850105285645, -2.061866521835327, 3.252883195877075, 1.1989283561706543, 1.740373969078064, -0.17594867944717407, 2.026587724685669, -0.7699571847915649, -1.3020671606063843, 11.467501640319824, -0.8378483653068542, -3.0582849979400635, 1.4603767395019531, -0.8051725625991821, 2.3550827503204346, 0.35851624608039856, 4.069062232971191, 3.1386241912841797, 2.008456230163574, 4.432773590087891, 3.3743157386779785], [0.2954074740409851, 2.1377010345458984, -0.7326063513755798, -1.7441167831420898, 5.020349025726318, 2.414910078048706, 2.2704567909240723, 0.5502798557281494, -0.7669386267662048, -0.8378483653068542, 17.1079044342041, 3.669663190841675, 0.6740331649780273, 7.549653053283691, -1.5909513235092163, -1.3371467590332031, 5.272335052490234, 1.9098063707351685, -1.174243450164795, -4.365809440612793, -3.2111048698425293], [-3.08554744720459, 3.6886680126190186, -3.8458752632141113, 3.1065781116485596, 3.802027463912964, 5.209424018859863, -0.4007590413093567, 3.1646227836608887, 2.539886474609375, -3.0582849979400635, 3.669663190841675, 25.357032775878906, -1.4988569021224976, 4.616000652313232, -2.9960923194885254, -0.4362363815307617, -1.1091523170471191, 2.051974058151245, 3.248678684234619, -0.0921182632446289, 1.7067350149154663], [4.399824142456055, -3.024290084838867, -1.8499928712844849, 0.7035682797431946, -2.226956844329834, -2.435758352279663, -2.8476905822753906, 2.1407809257507324, 3.846933126449585, 1.4603767395019531, 0.6740331649780273, -1.4988569021224976, 13.272217750549316, -0.12269645184278488, 2.8817718029022217, 3.352930784225464, 3.6083199977874756, -1.5387310981750488, -1.8034411668777466, 0.1684545874595642, 2.716602325439453], [-0.4236944913864136, 5.778317928314209, -0.36642685532569885, -2.0313720703125, -1.559136986732483, 0.4032987654209137, -3.1355717182159424, -2.922006368637085, 2.7966091632843018, -0.8051725625991821, 7.549653053283691, 4.616000652313232, -0.12269645184278488, 18.435108184814453, 1.7866638898849487, 5.371360778808594, -0.8418686389923096, 2.1342687606811523, 3.812406063079834, 0.17246603965759277, 2.1085386276245117], [2.340604305267334, -0.7710577845573425, -1.0558123588562012, 2.64087176322937, -0.5885411500930786, 1.4085444211959839, -0.3179072439670563, 0.011399106122553349, 1.7123805284500122, 2.3550827503204346, -1.5909513235092163, -2.9960923194885254, 2.8817718029022217, 1.7866638898849487, 10.5067777633667, 5.7131733894348145, 0.27910616993904114, 0.7483150959014893, -2.0341672897338867, 2.7865090370178223, 1.326978325843811], [-2.565727949142456, 0.4057738780975342, 1.189243197441101, 4.670749664306641, -0.975322961807251, 1.4642364978790283, -4.716135025024414, -2.717108726501465, -0.8175491094589233, 0.35851624608039856, -1.3371467590332031, -0.4362363815307617, 3.352930784225464, 5.371360778808594, 5.7131733894348145, 20.867116928100586, -6.778438568115234, -0.34676599502563477, -0.4440908432006836, 3.3382492065429688, 1.1217292547225952], [5.987079620361328, 3.035388231277466, 2.2381033897399902, -0.4713709354400635, 3.2329936027526855, -4.414412975311279, 4.880627632141113, 2.5012335777282715, -0.8908300995826721, 4.06906270980835, 5.272336006164551, -1.1091524362564087, 3.6083197593688965, -0.8418684601783752, 0.2791060209274292, -6.778437614440918, 23.501968383789062, -2.3216214179992676, 1.757931113243103, -2.5279479026794434, -0.5057968497276306], [-2.821204423904419, 2.2888433933258057, -2.004845380783081, -0.6855543255805969, 5.6496686935424805, 7.062943935394287, -2.203514814376831, 3.1288115978240967, -0.44005125761032104, 3.1386241912841797, 1.9098063707351685, 2.051973581314087, -1.538731336593628, 2.1342687606811523, 0.7483152151107788, -0.34676554799079895, -2.3216214179992676, 15.452698707580566, 2.168938636779785, 1.8507312536239624, 2.376559257507324], [2.15468168258667, 3.2305734157562256, 1.8646271228790283, -0.49476778507232666, 2.849606513977051, 0.47563809156417847, -1.6622647047042847, 3.3632454872131348, -1.9127197265625, 2.008456230163574, -1.174243450164795, 3.2486789226531982, -1.8034409284591675, 3.812406063079834, -2.0341672897338867, -0.44409069418907166, 1.757931113243103, 2.168938636779785, 15.97681999206543, 1.3474586009979248, 2.835496664047241], [-1.3192366361618042, -1.9774532318115234, 5.464825630187988, 4.797198295593262, -1.9672160148620605, -0.39080551266670227, 5.101922988891602, 0.9943531155586243, -0.8453043699264526, 4.432773590087891, -4.365809440612793, -0.09211800992488861, 0.1684546321630478, 0.17246609926223755, 2.7865095138549805, 3.338249444961548, -2.5279479026794434, 1.8507312536239624, 1.3474586009979248, 14.213203430175781, 6.007004737854004], [7.140852928161621, 1.160751223564148, 2.1896920204162598, 2.4881529808044434, 4.883338451385498, 0.07887446880340576, 2.259887456893921, 1.0336980819702148, -1.4770264625549316, 3.3743157386779785, -3.211104393005371, 1.7067354917526245, 2.716602087020874, 2.1085383892059326, 1.3269784450531006, 1.1217293739318848, -0.5057969093322754, 2.376559257507324, 2.835496664047241, 6.007005214691162, 17.648818969726562]], "type": "heatmap"}], "layout": {"template": {"data": {"histogram2dcontour": [{"type": "histogram2dcontour", "colorbar": {"outlinewidth": 0, "ticks": ""}, "colorscale": [[0.0, "#0d0887"], [0.1111111111111111, "#46039f"], [0.2222222222222222, "#7201a8"], [0.3333333333333333, "#9c179e"], [0.4444444444444444, "#bd3786"], [0.5555555555555556, "#d8576b"], [0.6666666666666666, "#ed7953"], [0.7777777777777778, "#fb9f3a"], [0.8888888888888888, "#fdca26"], [1.0, "#f0f921"]]}], "choropleth": [{"type": "choropleth", "colorbar": {"outlinewidth": 0, "ticks": ""}}], "histogram2d": [{"type": "histogram2d", "colorbar": {"outlinewidth": 0, "ticks": ""}, "colorscale": [[0.0, "#0d0887"], [0.1111111111111111, "#46039f"], [0.2222222222222222, "#7201a8"], [0.3333333333333333, "#9c179e"], [0.4444444444444444, "#bd3786"], [0.5555555555555556, "#d8576b"], [0.6666666666666666, "#ed7953"], [0.7777777777777778, "#fb9f3a"], [0.8888888888888888, "#fdca26"], [1.0, "#f0f921"]]}], "heatmap": [{"type": "heatmap", "colorbar": {"outlinewidth": 0, "ticks": ""}, "colorscale": [[0.0, "#0d0887"], [0.1111111111111111, "#46039f"], [0.2222222222222222, "#7201a8"], [0.3333333333333333, "#9c179e"], [0.4444444444444444, "#bd3786"], [0.5555555555555556, "#d8576b"], [0.6666666666666666, "#ed7953"], [0.7777777777777778, "#fb9f3a"], [0.8888888888888888, "#fdca26"], [1.0, "#f0f921"]]}], "heatmapgl": [{"type": "heatmapgl", "colorbar": {"outlinewidth": 0, "ticks": ""}, "colorscale": [[0.0, "#0d0887"], [0.1111111111111111, "#46039f"], [0.2222222222222222, "#7201a8"], [0.3333333333333333, "#9c179e"], [0.4444444444444444, "#bd3786"], [0.5555555555555556, "#d8576b"], [0.6666666666666666, "#ed7953"], [0.7777777777777778, "#fb9f3a"], [0.8888888888888888, "#fdca26"], [1.0, "#f0f921"]]}], "contourcarpet": [{"type": "contourcarpet", "colorbar": {"outlinewidth": 0, "ticks": ""}}], "contour": [{"type": "contour", "colorbar": {"outlinewidth": 0, "ticks": ""}, "colorscale": [[0.0, "#0d0887"], [0.1111111111111111, "#46039f"], [0.2222222222222222, "#7201a8"], [0.3333333333333333, "#9c179e"], [0.4444444444444444, "#bd3786"], [0.5555555555555556, "#d8576b"], [0.6666666666666666, "#ed7953"], [0.7777777777777778, "#fb9f3a"], [0.8888888888888888, "#fdca26"], [1.0, "#f0f921"]]}], "surface": [{"type": "surface", "colorbar": {"outlinewidth": 0, "ticks": ""}, "colorscale": [[0.0, "#0d0887"], [0.1111111111111111, "#46039f"], [0.2222222222222222, "#7201a8"], [0.3333333333333333, "#9c179e"], [0.4444444444444444, "#bd3786"], [0.5555555555555556, "#d8576b"], [0.6666666666666666, "#ed7953"], [0.7777777777777778, "#fb9f3a"], [0.8888888888888888, "#fdca26"], [1.0, "#f0f921"]]}], "mesh3d": [{"type": "mesh3d", "colorbar": {"outlinewidth": 0, "ticks": ""}}], "scatter": [{"fillpattern": {"fillmode": "overlay", "size": 10, "solidity": 0.2}, "type": "scatter"}], "parcoords": [{"type": "parcoords", "line": {"colorbar": {"outlinewidth": 0, "ticks": ""}}}], "scatterpolargl": [{"type": "scatterpolargl", "marker": {"colorbar": {"outlinewidth": 0, "ticks": ""}}}], "bar": [{"error_x": {"color": "#2a3f5f"}, "error_y": {"color": "#2a3f5f"}, "marker": {"line": {"color": "#E5ECF6", "width": 0.5}, "pattern": {"fillmode": "overlay", "size": 10, "solidity": 0.2}}, "type": "bar"}], "scattergeo": [{"type": "scattergeo", "marker": {"colorbar": {"outlinewidth": 0, "ticks": ""}}}], "scatterpolar": [{"type": "scatterpolar", "marker": {"colorbar": {"outlinewidth": 0, "ticks": ""}}}], "histogram": [{"marker": {"pattern": {"fillmode": "overlay", "size": 10, "solidity": 0.2}}, "type": "histogram"}], "scattergl": [{"type": "scattergl", "marker": {"colorbar": {"outlinewidth": 0, "ticks": ""}}}], "scatter3d": [{"type": "scatter3d", "line": {"colorbar": {"outlinewidth": 0, "ticks": ""}}, "marker": {"colorbar": {"outlinewidth": 0, "ticks": ""}}}], "scattermapbox": [{"type": "scattermapbox", "marker": {"colorbar": {"outlinewidth": 0, "ticks": ""}}}], "scatterternary": [{"type": "scatterternary", "marker": {"colorbar": {"outlinewidth": 0, "ticks": ""}}}], "scattercarpet": [{"type": "scattercarpet", "marker": {"colorbar": {"outlinewidth": 0, "ticks": ""}}}], "carpet": [{"aaxis": {"endlinecolor": "#2a3f5f", "gridcolor": "white", "linecolor": "white", "minorgridcolor": "white", "startlinecolor": "#2a3f5f"}, "baxis": {"endlinecolor": "#2a3f5f", "gridcolor": "white", "linecolor": "white", "minorgridcolor": "white", "startlinecolor": "#2a3f5f"}, "type": "carpet"}], "table": [{"cells": {"fill": {"color": "#EBF0F8"}, "line": {"color": "white"}}, "header": {"fill": {"color": "#C8D4E3"}, "line": {"color": "white"}}, "type": "table"}], "barpolar": [{"marker": {"line": {"color": "#E5ECF6", "width": 0.5}, "pattern": {"fillmode": "overlay", "size": 10, "solidity": 0.2}}, "type": "barpolar"}], "pie": [{"automargin": true, "type": "pie"}]}, "layout": {"autotypenumbers": "strict", "colorway": ["#636efa", "#EF553B", "#00cc96", "#ab63fa", "#FFA15A", "#19d3f3", "#FF6692", "#B6E880", "#FF97FF", "#FECB52"], "font": {"color": "#2a3f5f"}, "hovermode": "closest", "hoverlabel": {"align": "left"}, "paper_bgcolor": "white", "plot_bgcolor": "#E5ECF6", "polar": {"bgcolor": "#E5ECF6", "angularaxis": {"gridcolor": "white", "linecolor": "white", "ticks": ""}, "radialaxis": {"gridcolor": "white", "linecolor": "white", "ticks": ""}}, "ternary": {"bgcolor": "#E5ECF6", "aaxis": {"gridcolor": "white", "linecolor": "white", "ticks": ""}, "baxis": {"gridcolor": "white", "linecolor": "white", "ticks": ""}, "caxis": {"gridcolor": "white", "linecolor": "white", "ticks": ""}}, "coloraxis": {"colorbar": {"outlinewidth": 0, "ticks": ""}}, "colorscale": {"sequential": [[0.0, "#0d0887"], [0.1111111111111111, "#46039f"], [0.2222222222222222, "#7201a8"], [0.3333333333333333, "#9c179e"], [0.4444444444444444, "#bd3786"], [0.5555555555555556, "#d8576b"], [0.6666666666666666, "#ed7953"], [0.7777777777777778, "#fb9f3a"], [0.8888888888888888, "#fdca26"], [1.0, "#f0f921"]], "sequentialminus": [[0.0, "#0d0887"], [0.1111111111111111, "#46039f"], [0.2222222222222222, "#7201a8"], [0.3333333333333333, "#9c179e"], [0.4444444444444444, "#bd3786"], [0.5555555555555556, "#d8576b"], [0.6666666666666666, "#ed7953"], [0.7777777777777778, "#fb9f3a"], [0.8888888888888888, "#fdca26"], [1.0, "#f0f921"]], "diverging": [[0, "#8e0152"], [0.1, "#c51b7d"], [0.2, "#de77ae"], [0.3, "#f1b6da"], [0.4, "#fde0ef"], [0.5, "#f7f7f7"], [0.6, "#e6f5d0"], [0.7, "#b8e186"], [0.8, "#7fbc41"], [0.9, "#4d9221"], [1, "#276419"]]}, "xaxis": {"gridcolor": "white", "linecolor": "white", "ticks": "", "title": {"standoff": 15}, "zerolinecolor": "white", "automargin": true, "zerolinewidth": 2}, "yaxis": {"gridcolor": "white", "linecolor": "white", "ticks": "", "title": {"standoff": 15}, "zerolinecolor": "white", "automargin": true, "zerolinewidth": 2}, "scene": {"xaxis": {"backgroundcolor": "#E5ECF6", "gridcolor": "white", "linecolor": "white", "showbackground": true, "ticks": "", "zerolinecolor": "white", "gridwidth": 2}, "yaxis": {"backgroundcolor": "#E5ECF6", "gridcolor": "white", "linecolor": "white", "showbackground": true, "ticks": "", "zerolinecolor": "white", "gridwidth": 2}, "zaxis": {"backgroundcolor": "#E5ECF6", "gridcolor": "white", "linecolor": "white", "showbackground": true, "ticks": "", "zerolinecolor": "white", "gridwidth": 2}}, "shapedefaults": {"line": {"color": "#2a3f5f"}}, "annotationdefaults": {"arrowcolor": "#2a3f5f", "arrowhead": 0, "arrowwidth": 1}, "geo": {"bgcolor": "white", "landcolor": "#E5ECF6", "subunitcolor": "white", "showland": true, "showlakes": true, "lakecolor": "white"}, "title": {"x": 0.05}, "mapbox": {"style": "light"}}}}}