{"data": [{"z": [[7.82816219329834, 0.2381374090909958, 3.4733753204345703, 0.30816012620925903, -1.1664284467697144, -1.7584123611450195, 1.346481204032898, 1.0970560312271118, 1.5645911693572998, 3.069457769393921, 0.5398645997047424, -2.2132036685943604, 2.8554916381835938, 0.4540930688381195, 1.7514991760253906, -0.8301717042922974, 4.080726623535156, -0.02022285759449005, 2.1662206649780273, 1.8138923645019531, 4.271063804626465], [0.2381374090909958, 6.516334533691406, -0.25233790278434753, 0.3157234489917755, 2.140915870666504, 1.8025929927825928, 1.303877830505371, -0.7474270462989807, 0.6179254651069641, -0.5070925951004028, 0.7888813614845276, 1.8005011081695557, -1.4426349401474, 2.5229945182800293, 0.008808143436908722, 0.3545888066291809, 1.8479000329971313, 1.114984154701233, 2.3689827919006348, -0.10815365612506866, -0.07109349966049194], [3.4733753204345703, -0.25233790278434753, 9.966806411743164, 3.865499258041382, 0.5800269842147827, -1.823127269744873, 3.212064504623413, 0.9118388295173645, 0.005214413162320852, 2.703341245651245, -0.6854720115661621, -1.6066391468048096, -0.18244868516921997, -0.32392746210098267, 0.3399738371372223, 1.471482753753662, 1.8826489448547363, -0.35821378231048584, 2.257178783416748, 3.409438133239746, 2.5005760192871094], [0.30816012620925903, 0.3157234489917755, 3.865499258041382, 7.862795829772949, 1.651650071144104, 0.6068793535232544, 3.1613502502441406, 1.6411545276641846, 0.5448127388954163, 1.0372083187103271, 0.2513025999069214, 1.9097323417663574, 0.9584207534790039, -0.6045339107513428, 1.9512547254562378, 2.938709020614624, 0.005078434944152832, 0.9745066165924072, -0.11419552564620972, 3.096839427947998, 0.9993724226951599], [-1.1664284467697144, 2.140915870666504, 0.5800269842147827, 1.651650071144104, 11.598811149597168, 3.8708276748657227, 1.9773427248001099, 1.122847080230713, -0.48941153287887573, 1.259950876235962, 3.1545562744140625, 3.3942394256591797, -1.681990623474121, 1.1622467041015625, 0.4376565217971802, 0.025853771716356277, 2.0599231719970703, 3.1804630756378174, 2.528669595718384, -0.17723357677459717, 3.5736513137817383], [-1.7584123611450195, 1.8025929927825928, -1.823127269744873, 0.6068793535232544, 3.8708276748657227, 8.002212524414062, 1.233960747718811, 0.6767975091934204, 1.8773493766784668, 0.5797962546348572, 0.5871086120605469, 3.224637031555176, -1.2129977941513062, 0.8081525564193726, 1.1755410432815552, 0.6823498606681824, -1.241870641708374, 3.5657670497894287, 1.305039882659912, 0.9335305094718933, 0.5285409688949585], [1.346481204032898, 1.303877830505371, 3.212064504623413, 3.1613502502441406, 1.9773427248001099, 1.233960747718811, 7.732221603393555, 2.3968162536621094, -0.3467409014701843, 1.0636405944824219, 1.5241750478744507, 1.673543095588684, -0.6294280886650085, -1.9125953912734985, 0.5439518690109253, -2.026125907897949, 2.5752604007720947, -0.1879938840866089, 0.4567764401435852, 2.361812114715576, 1.3843936920166016], [1.0970560312271118, -0.7474270462989807, 0.9118388295173645, 1.6411545276641846, 1.122847080230713, 0.6767975091934204, 2.3968162536621094, 9.40165901184082, -0.27628886699676514, -0.3324143886566162, 0.05593334138393402, 2.3371055126190186, 1.175175428390503, -1.3706893920898438, 0.33450761437416077, -1.4433567523956299, 1.9732885360717773, 2.3120265007019043, 2.482389450073242, 1.2395925521850586, 0.7075886726379395], [1.5645911693572998, 0.6179254651069641, 0.005214413162320852, 0.5448127388954163, -0.48941153287887573, 1.8773493766784668, -0.3467409014701843, -0.27628886699676514, 6.732662677764893, 0.8115915656089783, -0.3731803297996521, 1.1094821691513062, 2.4436275959014893, 1.1056361198425293, 1.5089960098266602, 0.7191987037658691, 0.7645671963691711, 0.9560654163360596, -0.5571988821029663, 1.3602805137634277, -0.8812322616577148], [3.069457769393921, -0.5070925951004028, 2.703341245651245, 1.0372083187103271, 1.259950876235962, 0.5797962546348572, 1.0636405944824219, -0.3324143886566162, 0.8115915656089783, 6.679732799530029, -0.16861771047115326, -0.4397229254245758, 1.172594666481018, 1.2170650959014893, 2.3952465057373047, 0.9081438183784485, 3.2074999809265137, 2.392026424407959, 1.0351895093917847, 2.8979196548461914, 3.248748779296875], [0.5398645997047424, 0.7888813614845276, -0.6854720115661621, 0.2513025999069214, 3.1545562744140625, 0.5871086120605469, 1.5241750478744507, 0.05593334138393402, -0.3731803297996521, -0.16861771047115326, 7.601402759552002, 2.2545790672302246, 0.8501831889152527, 3.418614625930786, 0.22886693477630615, -0.46043846011161804, 2.754268169403076, 0.7940509915351868, -0.09000539779663086, -1.3891971111297607, -1.1692090034484863], [-2.2132036685943604, 1.8005011081695557, -1.6066391468048096, 1.9097323417663574, 3.3942394256591797, 3.224637031555176, 1.673543095588684, 2.3371055126190186, 1.1094821691513062, -0.4397229254245758, 2.2545790672302246, 13.277119636535645, -0.5969671010971069, 2.500584602355957, -0.8039036393165588, -0.10900147259235382, 0.06813955307006836, 1.4855988025665283, 2.04516863822937, 1.6281085014343262, 1.2352430820465088], [2.8554916381835938, -1.4426349401474, -0.18244868516921997, 0.9584207534790039, -1.681990623474121, -1.2129977941513062, -0.6294280886650085, 1.175175428390503, 2.4436275959014893, 1.172594666481018, 0.8501831889152527, -0.5969671010971069, 7.49179220199585, 1.221712589263916, 2.0935840606689453, 2.572868824005127, 2.6499135494232178, -0.7649427056312561, -1.096469521522522, 0.8330419063568115, 2.286877393722534], [0.4540930688381195, 2.5229945182800293, -0.32392746210098267, -0.6045339107513428, 1.1622467041015625, 0.8081525564193726, -1.9125953912734985, -1.3706893920898438, 1.1056361198425293, 1.2170650959014893, 3.418614625930786, 2.500584602355957, 1.221712589263916, 9.807414054870605, 1.8443717956542969, 3.497661828994751, 0.023302078247070312, 1.5622249841690063, 2.361189603805542, 1.0031077861785889, 2.8212857246398926], [1.7514991760253906, 0.008808143436908722, 0.3399738371372223, 1.9512547254562378, 0.4376565217971802, 1.1755410432815552, 0.5439518690109253, 0.33450761437416077, 1.5089960098266602, 2.3952465057373047, 0.22886693477630615, -0.8039036393165588, 2.0935840606689453, 1.8443717956542969, 6.118865013122559, 3.5455353260040283, 0.9488793015480042, 0.9989064931869507, -0.638055682182312, 2.130552291870117, 0.8952595591545105], [-0.8301717042922974, 0.3545888066291809, 1.471482753753662, 2.938709020614624, 0.025853771716356277, 0.6823498606681824, -2.026125907897949, -1.4433567523956299, 0.7191987037658691, 0.9081438183784485, -0.46043846011161804, -0.10900147259235382, 2.572868824005127, 3.497661828994751, 3.5455353260040283, 12.628880500793457, -3.5731444358825684, -0.967025637626648, -0.41340088844299316, 1.8309178352355957, 1.6701960563659668], [4.080727577209473, 1.8479002714157104, 1.8826488256454468, 0.005078223999589682, 2.0599231719970703, -1.241870641708374, 2.5752604007720947, 1.973288655281067, 0.764566957950592, 3.2075002193450928, 2.7542684078216553, 0.06813966482877731, 2.649913787841797, 0.023302020505070686, 0.9488792419433594, -3.5731446743011475, 13.812454223632812, 0.05081772804260254, 1.3503224849700928, -0.574494481086731, 0.1080937385559082], [-0.02022278681397438, 1.1149839162826538, -0.3582138121128082, 0.9745065569877625, 3.1804630756378174, 3.5657670497894287, -0.18799372017383575, 2.312026262283325, 0.9560656547546387, 2.392026662826538, 0.7940508723258972, 1.4855986833572388, -0.7649425864219666, 1.5622248649597168, 0.9989066123962402, -0.9670257568359375, 0.05081772804260254, 8.114900588989258, 2.054994821548462, 0.8115770816802979, 1.8459861278533936], [2.1662206649780273, 2.3689825534820557, 2.257179021835327, -0.1141955554485321, 2.528669595718384, 1.3050397634506226, 0.4567764699459076, 2.482389211654663, -0.5571988821029663, 1.0351896286010742, -0.09000504016876221, 2.04516863822937, -1.0964694023132324, 2.361189603805542, -0.6380555629730225, -0.4134005308151245, 1.3503224849700928, 2.054994821548462, 8.332098007202148, 1.1489177942276, 2.4411630630493164], [1.8138923645019531, -0.10815373808145523, 3.409437894821167, 3.09683895111084, -0.17723344266414642, 0.9335307478904724, 2.3618123531341553, 1.2395927906036377, 1.3602807521820068, 2.8979201316833496, -1.3891971111297607, 1.6281086206436157, 0.8330419063568115, 1.0031076669692993, 2.130552291870117, 1.8309180736541748, -0.574494481086731, 0.8115770816802979, 1.1489177942276, 6.861236572265625, 4.924197673797607], [4.271063804626465, -0.07109349966049194, 2.5005762577056885, 0.9993724822998047, 3.5736515522003174, 0.5285409092903137, 1.384393572807312, 0.7075886726379395, -0.8812320232391357, 3.248748540878296, -1.1692090034484863, 1.2352430820465088, 2.286877393722534, 2.8212857246398926, 0.8952596187591553, 1.6701960563659668, 0.10809385776519775, 1.8459858894348145, 2.4411630630493164, 4.924198627471924, 17.648818969726562]], "type": "heatmap"}], "layout": {"template": {"data": {"histogram2dcontour": [{"type": "histogram2dcontour", "colorbar": {"outlinewidth": 0, "ticks": ""}, "colorscale": [[0.0, "#0d0887"], [0.1111111111111111, "#46039f"], [0.2222222222222222, "#7201a8"], [0.3333333333333333, "#9c179e"], [0.4444444444444444, "#bd3786"], [0.5555555555555556, "#d8576b"], [0.6666666666666666, "#ed7953"], [0.7777777777777778, "#fb9f3a"], [0.8888888888888888, "#fdca26"], [1.0, "#f0f921"]]}], "choropleth": [{"type": "choropleth", "colorbar": {"outlinewidth": 0, "ticks": ""}}], "histogram2d": [{"type": "histogram2d", "colorbar": {"outlinewidth": 0, "ticks": ""}, "colorscale": [[0.0, "#0d0887"], [0.1111111111111111, "#46039f"], [0.2222222222222222, "#7201a8"], [0.3333333333333333, "#9c179e"], [0.4444444444444444, "#bd3786"], [0.5555555555555556, "#d8576b"], [0.6666666666666666, "#ed7953"], [0.7777777777777778, "#fb9f3a"], [0.8888888888888888, "#fdca26"], [1.0, "#f0f921"]]}], "heatmap": [{"type": "heatmap", "colorbar": {"outlinewidth": 0, "ticks": ""}, "colorscale": [[0.0, "#0d0887"], [0.1111111111111111, "#46039f"], [0.2222222222222222, "#7201a8"], [0.3333333333333333, "#9c179e"], [0.4444444444444444, "#bd3786"], [0.5555555555555556, "#d8576b"], [0.6666666666666666, "#ed7953"], [0.7777777777777778, "#fb9f3a"], [0.8888888888888888, "#fdca26"], [1.0, "#f0f921"]]}], "heatmapgl": [{"type": "heatmapgl", "colorbar": {"outlinewidth": 0, "ticks": ""}, "colorscale": [[0.0, "#0d0887"], [0.1111111111111111, "#46039f"], [0.2222222222222222, "#7201a8"], [0.3333333333333333, "#9c179e"], [0.4444444444444444, "#bd3786"], [0.5555555555555556, "#d8576b"], [0.6666666666666666, "#ed7953"], [0.7777777777777778, "#fb9f3a"], [0.8888888888888888, "#fdca26"], [1.0, "#f0f921"]]}], "contourcarpet": [{"type": "contourcarpet", "colorbar": {"outlinewidth": 0, "ticks": ""}}], "contour": [{"type": "contour", "colorbar": {"outlinewidth": 0, "ticks": ""}, "colorscale": [[0.0, "#0d0887"], [0.1111111111111111, "#46039f"], [0.2222222222222222, "#7201a8"], [0.3333333333333333, "#9c179e"], [0.4444444444444444, "#bd3786"], [0.5555555555555556, "#d8576b"], [0.6666666666666666, "#ed7953"], [0.7777777777777778, "#fb9f3a"], [0.8888888888888888, "#fdca26"], [1.0, "#f0f921"]]}], "surface": [{"type": "surface", "colorbar": {"outlinewidth": 0, "ticks": ""}, "colorscale": [[0.0, "#0d0887"], [0.1111111111111111, "#46039f"], [0.2222222222222222, "#7201a8"], [0.3333333333333333, "#9c179e"], [0.4444444444444444, "#bd3786"], [0.5555555555555556, "#d8576b"], [0.6666666666666666, "#ed7953"], [0.7777777777777778, "#fb9f3a"], [0.8888888888888888, "#fdca26"], [1.0, "#f0f921"]]}], "mesh3d": [{"type": "mesh3d", "colorbar": {"outlinewidth": 0, "ticks": ""}}], "scatter": [{"fillpattern": {"fillmode": "overlay", "size": 10, "solidity": 0.2}, "type": "scatter"}], "parcoords": [{"type": "parcoords", "line": {"colorbar": {"outlinewidth": 0, "ticks": ""}}}], "scatterpolargl": [{"type": "scatterpolargl", "marker": {"colorbar": {"outlinewidth": 0, "ticks": ""}}}], "bar": [{"error_x": {"color": "#2a3f5f"}, "error_y": {"color": "#2a3f5f"}, "marker": {"line": {"color": "#E5ECF6", "width": 0.5}, "pattern": {"fillmode": "overlay", "size": 10, "solidity": 0.2}}, "type": "bar"}], "scattergeo": [{"type": "scattergeo", "marker": {"colorbar": {"outlinewidth": 0, "ticks": ""}}}], "scatterpolar": [{"type": "scatterpolar", "marker": {"colorbar": {"outlinewidth": 0, "ticks": ""}}}], "histogram": [{"marker": {"pattern": {"fillmode": "overlay", "size": 10, "solidity": 0.2}}, "type": "histogram"}], "scattergl": [{"type": "scattergl", "marker": {"colorbar": {"outlinewidth": 0, "ticks": ""}}}], "scatter3d": [{"type": "scatter3d", "line": {"colorbar": {"outlinewidth": 0, "ticks": ""}}, "marker": {"colorbar": {"outlinewidth": 0, "ticks": ""}}}], "scattermapbox": [{"type": "scattermapbox", "marker": {"colorbar": {"outlinewidth": 0, "ticks": ""}}}], "scatterternary": [{"type": "scatterternary", "marker": {"colorbar": {"outlinewidth": 0, "ticks": ""}}}], "scattercarpet": [{"type": "scattercarpet", "marker": {"colorbar": {"outlinewidth": 0, "ticks": ""}}}], "carpet": [{"aaxis": {"endlinecolor": "#2a3f5f", "gridcolor": "white", "linecolor": "white", "minorgridcolor": "white", "startlinecolor": "#2a3f5f"}, "baxis": {"endlinecolor": "#2a3f5f", "gridcolor": "white", "linecolor": "white", "minorgridcolor": "white", "startlinecolor": "#2a3f5f"}, "type": "carpet"}], "table": [{"cells": {"fill": {"color": "#EBF0F8"}, "line": {"color": "white"}}, "header": {"fill": {"color": "#C8D4E3"}, "line": {"color": "white"}}, "type": "table"}], "barpolar": [{"marker": {"line": {"color": "#E5ECF6", "width": 0.5}, "pattern": {"fillmode": "overlay", "size": 10, "solidity": 0.2}}, "type": "barpolar"}], "pie": [{"automargin": true, "type": "pie"}]}, "layout": {"autotypenumbers": "strict", "colorway": ["#636efa", "#EF553B", "#00cc96", "#ab63fa", "#FFA15A", "#19d3f3", "#FF6692", "#B6E880", "#FF97FF", "#FECB52"], "font": {"color": "#2a3f5f"}, "hovermode": "closest", "hoverlabel": {"align": "left"}, "paper_bgcolor": "white", "plot_bgcolor": "#E5ECF6", "polar": {"bgcolor": "#E5ECF6", "angularaxis": {"gridcolor": "white", "linecolor": "white", "ticks": ""}, "radialaxis": {"gridcolor": "white", "linecolor": "white", "ticks": ""}}, "ternary": {"bgcolor": "#E5ECF6", "aaxis": {"gridcolor": "white", "linecolor": "white", "ticks": ""}, "baxis": {"gridcolor": "white", "linecolor": "white", "ticks": ""}, "caxis": {"gridcolor": "white", "linecolor": "white", "ticks": ""}}, "coloraxis": {"colorbar": {"outlinewidth": 0, "ticks": ""}}, "colorscale": {"sequential": [[0.0, "#0d0887"], [0.1111111111111111, "#46039f"], [0.2222222222222222, "#7201a8"], [0.3333333333333333, "#9c179e"], [0.4444444444444444, "#bd3786"], [0.5555555555555556, "#d8576b"], [0.6666666666666666, "#ed7953"], [0.7777777777777778, "#fb9f3a"], [0.8888888888888888, "#fdca26"], [1.0, "#f0f921"]], "sequentialminus": [[0.0, "#0d0887"], [0.1111111111111111, "#46039f"], [0.2222222222222222, "#7201a8"], [0.3333333333333333, "#9c179e"], [0.4444444444444444, "#bd3786"], [0.5555555555555556, "#d8576b"], [0.6666666666666666, "#ed7953"], [0.7777777777777778, "#fb9f3a"], [0.8888888888888888, "#fdca26"], [1.0, "#f0f921"]], "diverging": [[0, "#8e0152"], [0.1, "#c51b7d"], [0.2, "#de77ae"], [0.3, "#f1b6da"], [0.4, "#fde0ef"], [0.5, "#f7f7f7"], [0.6, "#e6f5d0"], [0.7, "#b8e186"], [0.8, "#7fbc41"], [0.9, "#4d9221"], [1, "#276419"]]}, "xaxis": {"gridcolor": "white", "linecolor": "white", "ticks": "", "title": {"standoff": 15}, "zerolinecolor": "white", "automargin": true, "zerolinewidth": 2}, "yaxis": {"gridcolor": "white", "linecolor": "white", "ticks": "", "title": {"standoff": 15}, "zerolinecolor": "white", "automargin": true, "zerolinewidth": 2}, "scene": {"xaxis": {"backgroundcolor": "#E5ECF6", "gridcolor": "white", "linecolor": "white", "showbackground": true, "ticks": "", "zerolinecolor": "white", "gridwidth": 2}, "yaxis": {"backgroundcolor": "#E5ECF6", "gridcolor": "white", "linecolor": "white", "showbackground": true, "ticks": "", "zerolinecolor": "white", "gridwidth": 2}, "zaxis": {"backgroundcolor": "#E5ECF6", "gridcolor": "white", "linecolor": "white", "showbackground": true, "ticks": "", "zerolinecolor": "white", "gridwidth": 2}}, "shapedefaults": {"line": {"color": "#2a3f5f"}}, "annotationdefaults": {"arrowcolor": "#2a3f5f", "arrowhead": 0, "arrowwidth": 1}, "geo": {"bgcolor": "white", "landcolor": "#E5ECF6", "subunitcolor": "white", "showland": true, "showlakes": true, "lakecolor": "white"}, "title": {"x": 0.05}, "mapbox": {"style": "light"}}}}}