{"data": [{"z": [[7.9330596923828125, 0.2352750301361084, 3.4022655487060547, 0.33074089884757996, -1.3268133401870728, -1.8680247068405151, 1.297122597694397, 1.071346402168274, 1.5455201864242554, 2.9591543674468994, 0.5120350122451782, -2.2803995609283447, 2.7831435203552246, 0.42281585931777954, 1.7518824338912964, -0.7804635167121887, 4.081852436065674, -0.09216682612895966, 2.15817928314209, 1.7490097284317017, 4.303935527801514], [0.2352750301361084, 6.7278733253479, -0.3178112804889679, 0.3035394847393036, 2.0323870182037354, 1.8787704706192017, 1.4171419143676758, -0.8707940578460693, 0.5016942024230957, -0.5678419470787048, 0.783420205116272, 1.7332044839859009, -1.5587213039398193, 2.6207408905029297, -0.18004031479358673, 0.3247581720352173, 2.006809711456299, 1.1062171459197998, 2.33213472366333, -0.20437213778495789, -0.05023062229156494], [3.4022655487060547, -0.3178112804889679, 10.09243106842041, 3.855717658996582, 0.45116257667541504, -1.9848886728286743, 3.172909736633301, 0.8325279951095581, -0.05190831050276756, 2.6500940322875977, -0.7437562942504883, -1.6309493780136108, -0.2946717441082001, -0.4679000675678253, 0.3090486526489258, 1.3794177770614624, 1.8217501640319824, -0.5225714445114136, 2.2019667625427246, 3.3838279247283936, 2.347769260406494], [0.33074089884757996, 0.3035394847393036, 3.855717658996582, 8.003572463989258, 1.5642673969268799, 0.6094843149185181, 3.1455559730529785, 1.6021504402160645, 0.44395843148231506, 1.04398775100708, 0.210936039686203, 1.9012644290924072, 0.9442704916000366, -0.5984552502632141, 1.8321802616119385, 2.9534049034118652, -0.06735110282897949, 0.9420647025108337, -0.2679526209831238, 3.072767496109009, 1.0844001770019531], [-1.3268133401870728, 2.0323870182037354, 0.45116257667541504, 1.5642673969268799, 11.792169570922852, 3.894188404083252, 1.9364145994186401, 1.029973030090332, -0.5995028614997864, 1.2196639776229858, 3.156437635421753, 3.4549672603607178, -1.7591280937194824, 1.0619858503341675, 0.35698771476745605, -0.026299571618437767, 2.041048765182495, 3.156625270843506, 2.479569911956787, -0.22133171558380127, 3.5611588954925537], [-1.8680247068405151, 1.8787704706192017, -1.9848886728286743, 0.6094843149185181, 3.894188404083252, 8.12161922454834, 1.148868203163147, 0.682948648929596, 1.9055843353271484, 0.5595029592514038, 0.6507174372673035, 3.271470546722412, -1.260754108428955, 0.8058780431747437, 1.1070609092712402, 0.733660876750946, -1.3726956844329834, 3.690180778503418, 1.2420378923416138, 0.871721625328064, 0.5142006874084473], [1.297122597694397, 1.4171419143676758, 3.172909736633301, 3.1455559730529785, 1.9364145994186401, 1.148868203163147, 7.758778095245361, 2.352897882461548, -0.4154541790485382, 1.0186731815338135, 1.5248481035232544, 1.6219875812530518, -0.7446760535240173, -2.01151704788208, 0.47363144159317017, -2.2246744632720947, 2.5455784797668457, -0.4221734404563904, 0.28901204466819763, 2.3289315700531006, 1.334864854812622], [1.071346402168274, -0.8707940578460693, 0.8325279951095581, 1.6021504402160645, 1.029973030090332, 0.682948648929596, 2.352897882461548, 9.470109939575195, -0.31349581480026245, -0.4575525224208832, 0.028347741812467575, 2.2959916591644287, 1.1643881797790527, -1.4706898927688599, 0.2918892800807953, -1.5210362672805786, 1.921722173690796, 2.3623294830322266, 2.4221935272216797, 1.2078425884246826, 0.7838026285171509], [1.5455201864242554, 0.5016942024230957, -0.05190831050276756, 0.44395843148231506, -0.5995028614997864, 1.9055843353271484, -0.4154541790485382, -0.31349581480026245, 6.964409351348877, 0.7480496764183044, -0.34773483872413635, 1.1573328971862793, 2.4392037391662598, 1.1763830184936523, 1.3896926641464233, 0.6636934876441956, 0.6322091817855835, 0.8851785659790039, -0.7166779041290283, 1.216598629951477, -1.004950761795044], [2.9591543674468994, -0.5678419470787048, 2.6500940322875977, 1.04398775100708, 1.2196639776229858, 0.5595029592514038, 1.0186731815338135, -0.4575525224208832, 0.7480496764183044, 6.729078769683838, -0.18808016180992126, -0.4598971903324127, 1.2704170942306519, 1.1648389101028442, 2.43489408493042, 0.9027747511863708, 3.2756550312042236, 2.4103660583496094, 1.0212324857711792, 2.961477279663086, 3.207484483718872], [0.5120350122451782, 0.783420205116272, -0.7437562942504883, 0.210936039686203, 3.156437635421753, 0.6507174372673035, 1.5248481035232544, 0.028347741812467575, -0.34773483872413635, -0.18808016180992126, 7.846319198608398, 2.2931971549987793, 0.8544450998306274, 3.521336317062378, 0.17612403631210327, -0.5355024933815002, 2.795623779296875, 0.8121641874313354, -0.18371236324310303, -1.4955867528915405, -1.2683755159378052], [-2.2803995609283447, 1.7332044839859009, -1.6309493780136108, 1.9012644290924072, 3.4549672603607178, 3.271470546722412, 1.6219875812530518, 2.2959916591644287, 1.1573328971862793, -0.4598971903324127, 2.2931971549987793, 13.706029891967773, -0.5784093141555786, 2.69256591796875, -0.7983577251434326, -0.038277044892311096, 0.12579131126403809, 1.6064167022705078, 2.116502285003662, 1.6326820850372314, 1.3434020280838013], [2.7831435203552246, -1.5587213039398193, -0.2946717441082001, 0.9442704916000366, -1.7591280937194824, -1.260754108428955, -0.7446760535240173, 1.1643881797790527, 2.4392037391662598, 1.2704170942306519, 0.8544450998306274, -0.5784093141555786, 7.719461441040039, 1.138516902923584, 2.02950382232666, 2.6138203144073486, 2.6818599700927734, -0.7016971111297607, -1.143188238143921, 0.8334776163101196, 2.2022671699523926], [0.42281585931777954, 2.6207408905029297, -0.4679000675678253, -0.5984552502632141, 1.0619858503341675, 0.8058780431747437, -2.01151704788208, -1.4706898927688599, 1.1763830184936523, 1.1648389101028442, 3.521336317062378, 2.69256591796875, 1.138516902923584, 9.985637664794922, 1.8491238355636597, 3.5804712772369385, 0.09176087379455566, 1.5791289806365967, 2.389328956604004, 0.9443637728691101, 2.8009519577026367], [1.7518824338912964, -0.18004031479358673, 0.3090486526489258, 1.8321802616119385, 0.35698771476745605, 1.1070609092712402, 0.47363144159317017, 0.2918892800807953, 1.3896926641464233, 2.43489408493042, 0.17612403631210327, -0.7983577251434326, 2.02950382232666, 1.8491238355636597, 6.119147777557373, 3.5689101219177246, 0.9129517078399658, 1.0166759490966797, -0.6032951474189758, 2.13675594329834, 0.9319424033164978], [-0.7804635167121887, 0.3247581720352173, 1.3794177770614624, 2.9534049034118652, -0.026299571618437767, 0.733660876750946, -2.2246744632720947, -1.5210362672805786, 0.6636934876441956, 0.9027747511863708, -0.5355024933815002, -0.038277044892311096, 2.6138203144073486, 3.5804712772369385, 3.5689101219177246, 12.852642059326172, -3.6091742515563965, -0.9091973304748535, -0.46688079833984375, 1.8457515239715576, 1.837052345275879], [4.081851959228516, 2.006809949874878, 1.821750283241272, -0.06735092401504517, 2.041049003601074, -1.3726956844329834, 2.5455782413482666, 1.9217220544815063, 0.6322091817855835, 3.275655508041382, 2.795623779296875, 0.12579184770584106, 2.6818597316741943, 0.0917607992887497, 0.912951648235321, -3.6091744899749756, 14.034774780273438, -0.007485151290893555, 1.3439650535583496, -0.6919669508934021, 0.1359880268573761], [-0.09216701239347458, 1.1062172651290894, -0.5225714445114136, 0.942064642906189, 3.1566247940063477, 3.6901795864105225, -0.42217350006103516, 2.3623292446136475, 0.8851785659790039, 2.4103660583496094, 0.8121640086174011, 1.606416940689087, -0.7016969323158264, 1.5791288614273071, 1.0166759490966797, -0.9091971516609192, -0.007485151290893555, 8.337209701538086, 2.0547003746032715, 0.8400403261184692, 1.884425163269043], [2.1581790447235107, 2.33213472366333, 2.2019667625427246, -0.26795241236686707, 2.479569435119629, 1.2420380115509033, 0.2890118956565857, 2.4221935272216797, -0.7166779041290283, 1.0212323665618896, -0.18371231853961945, 2.116502285003662, -1.1431883573532104, 2.389328956604004, -0.603295087814331, -0.4668806493282318, 1.3439650535583496, 2.0547003746032715, 8.490142822265625, 1.1182324886322021, 2.5671041011810303], [1.7490094900131226, -0.2043720930814743, 3.3838276863098145, 3.072767496109009, -0.22133183479309082, 0.8717213869094849, 2.3289315700531006, 1.2078427076339722, 1.216598629951477, 2.961477518081665, -1.4955867528915405, 1.6326820850372314, 0.8334775567054749, 0.9443638920783997, 2.13675594329834, 1.845751404762268, -0.6919669508934021, 0.8400403261184692, 1.1182324886322021, 6.9628496170043945, 4.933680534362793], [4.3039350509643555, -0.050230562686920166, 2.3477697372436523, 1.0844001770019531, 3.5611588954925537, 0.5142008066177368, 1.334864854812622, 0.7838028073310852, -1.004951000213623, 3.207484722137451, -1.268375039100647, 1.3434017896652222, 2.2022671699523926, 2.8009519577026367, 0.931942343711853, 1.8370522260665894, 0.1359880268573761, 1.884425401687622, 2.567103862762451, 4.933680534362793, 17.648818969726562]], "type": "heatmap"}], "layout": {"template": {"data": {"histogram2dcontour": [{"type": "histogram2dcontour", "colorbar": {"outlinewidth": 0, "ticks": ""}, "colorscale": [[0.0, "#0d0887"], [0.1111111111111111, "#46039f"], [0.2222222222222222, "#7201a8"], [0.3333333333333333, "#9c179e"], [0.4444444444444444, "#bd3786"], [0.5555555555555556, "#d8576b"], [0.6666666666666666, "#ed7953"], [0.7777777777777778, "#fb9f3a"], [0.8888888888888888, "#fdca26"], [1.0, "#f0f921"]]}], "choropleth": [{"type": "choropleth", "colorbar": {"outlinewidth": 0, "ticks": ""}}], "histogram2d": [{"type": "histogram2d", "colorbar": {"outlinewidth": 0, "ticks": ""}, "colorscale": [[0.0, "#0d0887"], [0.1111111111111111, "#46039f"], [0.2222222222222222, "#7201a8"], [0.3333333333333333, "#9c179e"], [0.4444444444444444, "#bd3786"], [0.5555555555555556, "#d8576b"], [0.6666666666666666, "#ed7953"], [0.7777777777777778, "#fb9f3a"], [0.8888888888888888, "#fdca26"], [1.0, "#f0f921"]]}], "heatmap": [{"type": "heatmap", "colorbar": {"outlinewidth": 0, "ticks": ""}, "colorscale": [[0.0, "#0d0887"], [0.1111111111111111, "#46039f"], [0.2222222222222222, "#7201a8"], [0.3333333333333333, "#9c179e"], [0.4444444444444444, "#bd3786"], [0.5555555555555556, "#d8576b"], [0.6666666666666666, "#ed7953"], [0.7777777777777778, "#fb9f3a"], [0.8888888888888888, "#fdca26"], [1.0, "#f0f921"]]}], "heatmapgl": [{"type": "heatmapgl", "colorbar": {"outlinewidth": 0, "ticks": ""}, "colorscale": [[0.0, "#0d0887"], [0.1111111111111111, "#46039f"], [0.2222222222222222, "#7201a8"], [0.3333333333333333, "#9c179e"], [0.4444444444444444, "#bd3786"], [0.5555555555555556, "#d8576b"], [0.6666666666666666, "#ed7953"], [0.7777777777777778, "#fb9f3a"], [0.8888888888888888, "#fdca26"], [1.0, "#f0f921"]]}], "contourcarpet": [{"type": "contourcarpet", "colorbar": {"outlinewidth": 0, "ticks": ""}}], "contour": [{"type": "contour", "colorbar": {"outlinewidth": 0, "ticks": ""}, "colorscale": [[0.0, "#0d0887"], [0.1111111111111111, "#46039f"], [0.2222222222222222, "#7201a8"], [0.3333333333333333, "#9c179e"], [0.4444444444444444, "#bd3786"], [0.5555555555555556, "#d8576b"], [0.6666666666666666, "#ed7953"], [0.7777777777777778, "#fb9f3a"], [0.8888888888888888, "#fdca26"], [1.0, "#f0f921"]]}], "surface": [{"type": "surface", "colorbar": {"outlinewidth": 0, "ticks": ""}, "colorscale": [[0.0, "#0d0887"], [0.1111111111111111, "#46039f"], [0.2222222222222222, "#7201a8"], [0.3333333333333333, "#9c179e"], [0.4444444444444444, "#bd3786"], [0.5555555555555556, "#d8576b"], [0.6666666666666666, "#ed7953"], [0.7777777777777778, "#fb9f3a"], [0.8888888888888888, "#fdca26"], [1.0, "#f0f921"]]}], "mesh3d": [{"type": "mesh3d", "colorbar": {"outlinewidth": 0, "ticks": ""}}], "scatter": [{"fillpattern": {"fillmode": "overlay", "size": 10, "solidity": 0.2}, "type": "scatter"}], "parcoords": [{"type": "parcoords", "line": {"colorbar": {"outlinewidth": 0, "ticks": ""}}}], "scatterpolargl": [{"type": "scatterpolargl", "marker": {"colorbar": {"outlinewidth": 0, "ticks": ""}}}], "bar": [{"error_x": {"color": "#2a3f5f"}, "error_y": {"color": "#2a3f5f"}, "marker": {"line": {"color": "#E5ECF6", "width": 0.5}, "pattern": {"fillmode": "overlay", "size": 10, "solidity": 0.2}}, "type": "bar"}], "scattergeo": [{"type": "scattergeo", "marker": {"colorbar": {"outlinewidth": 0, "ticks": ""}}}], "scatterpolar": [{"type": "scatterpolar", "marker": {"colorbar": {"outlinewidth": 0, "ticks": ""}}}], "histogram": [{"marker": {"pattern": {"fillmode": "overlay", "size": 10, "solidity": 0.2}}, "type": "histogram"}], "scattergl": [{"type": "scattergl", "marker": {"colorbar": {"outlinewidth": 0, "ticks": ""}}}], "scatter3d": [{"type": "scatter3d", "line": {"colorbar": {"outlinewidth": 0, "ticks": ""}}, "marker": {"colorbar": {"outlinewidth": 0, "ticks": ""}}}], "scattermapbox": [{"type": "scattermapbox", "marker": {"colorbar": {"outlinewidth": 0, "ticks": ""}}}], "scatterternary": [{"type": "scatterternary", "marker": {"colorbar": {"outlinewidth": 0, "ticks": ""}}}], "scattercarpet": [{"type": "scattercarpet", "marker": {"colorbar": {"outlinewidth": 0, "ticks": ""}}}], "carpet": [{"aaxis": {"endlinecolor": "#2a3f5f", "gridcolor": "white", "linecolor": "white", "minorgridcolor": "white", "startlinecolor": "#2a3f5f"}, "baxis": {"endlinecolor": "#2a3f5f", "gridcolor": "white", "linecolor": "white", "minorgridcolor": "white", "startlinecolor": "#2a3f5f"}, "type": "carpet"}], "table": [{"cells": {"fill": {"color": "#EBF0F8"}, "line": {"color": "white"}}, "header": {"fill": {"color": "#C8D4E3"}, "line": {"color": "white"}}, "type": "table"}], "barpolar": [{"marker": {"line": {"color": "#E5ECF6", "width": 0.5}, "pattern": {"fillmode": "overlay", "size": 10, "solidity": 0.2}}, "type": "barpolar"}], "pie": [{"automargin": true, "type": "pie"}]}, "layout": {"autotypenumbers": "strict", "colorway": ["#636efa", "#EF553B", "#00cc96", "#ab63fa", "#FFA15A", "#19d3f3", "#FF6692", "#B6E880", "#FF97FF", "#FECB52"], "font": {"color": "#2a3f5f"}, "hovermode": "closest", "hoverlabel": {"align": "left"}, "paper_bgcolor": "white", "plot_bgcolor": "#E5ECF6", "polar": {"bgcolor": "#E5ECF6", "angularaxis": {"gridcolor": "white", "linecolor": "white", "ticks": ""}, "radialaxis": {"gridcolor": "white", "linecolor": "white", "ticks": ""}}, "ternary": {"bgcolor": "#E5ECF6", "aaxis": {"gridcolor": "white", "linecolor": "white", "ticks": ""}, "baxis": {"gridcolor": "white", "linecolor": "white", "ticks": ""}, "caxis": {"gridcolor": "white", "linecolor": "white", "ticks": ""}}, "coloraxis": {"colorbar": {"outlinewidth": 0, "ticks": ""}}, "colorscale": {"sequential": [[0.0, "#0d0887"], [0.1111111111111111, "#46039f"], [0.2222222222222222, "#7201a8"], [0.3333333333333333, "#9c179e"], [0.4444444444444444, "#bd3786"], [0.5555555555555556, "#d8576b"], [0.6666666666666666, "#ed7953"], [0.7777777777777778, "#fb9f3a"], [0.8888888888888888, "#fdca26"], [1.0, "#f0f921"]], "sequentialminus": [[0.0, "#0d0887"], [0.1111111111111111, "#46039f"], [0.2222222222222222, "#7201a8"], [0.3333333333333333, "#9c179e"], [0.4444444444444444, "#bd3786"], [0.5555555555555556, "#d8576b"], [0.6666666666666666, "#ed7953"], [0.7777777777777778, "#fb9f3a"], [0.8888888888888888, "#fdca26"], [1.0, "#f0f921"]], "diverging": [[0, "#8e0152"], [0.1, "#c51b7d"], [0.2, "#de77ae"], [0.3, "#f1b6da"], [0.4, "#fde0ef"], [0.5, "#f7f7f7"], [0.6, "#e6f5d0"], [0.7, "#b8e186"], [0.8, "#7fbc41"], [0.9, "#4d9221"], [1, "#276419"]]}, "xaxis": {"gridcolor": "white", "linecolor": "white", "ticks": "", "title": {"standoff": 15}, "zerolinecolor": "white", "automargin": true, "zerolinewidth": 2}, "yaxis": {"gridcolor": "white", "linecolor": "white", "ticks": "", "title": {"standoff": 15}, "zerolinecolor": "white", "automargin": true, "zerolinewidth": 2}, "scene": {"xaxis": {"backgroundcolor": "#E5ECF6", "gridcolor": "white", "linecolor": "white", "showbackground": true, "ticks": "", "zerolinecolor": "white", "gridwidth": 2}, "yaxis": {"backgroundcolor": "#E5ECF6", "gridcolor": "white", "linecolor": "white", "showbackground": true, "ticks": "", "zerolinecolor": "white", "gridwidth": 2}, "zaxis": {"backgroundcolor": "#E5ECF6", "gridcolor": "white", "linecolor": "white", "showbackground": true, "ticks": "", "zerolinecolor": "white", "gridwidth": 2}}, "shapedefaults": {"line": {"color": "#2a3f5f"}}, "annotationdefaults": {"arrowcolor": "#2a3f5f", "arrowhead": 0, "arrowwidth": 1}, "geo": {"bgcolor": "white", "landcolor": "#E5ECF6", "subunitcolor": "white", "showland": true, "showlakes": true, "lakecolor": "white"}, "title": {"x": 0.05}, "mapbox": {"style": "light"}}}}}