{"data": [{"z": [[9.225992202758789, 0.16349723935127258, 3.8205668926239014, 0.2901390790939331, -1.4533993005752563, -2.1970930099487305, 1.2725430727005005, 1.1511554718017578, 1.571075439453125, 3.3300535678863525, 0.4613351821899414, -2.7793376445770264, 3.0970656871795654, 0.3745653033256531, 1.7656291723251343, -0.9700255990028381, 4.255937576293945, -0.33747100830078125, 2.074204206466675, 1.641577959060669, 4.6933183670043945], [0.16349723935127258, 7.3163886070251465, -0.3527386784553528, 0.10918808728456497, 2.151240825653076, 2.0082082748413086, 1.502284049987793, -0.922135591506958, 0.580906093120575, -0.7831074595451355, 1.1368175745010376, 1.939525842666626, -1.799133062362671, 3.0278542041778564, -0.2531068027019501, 0.34823817014694214, 2.0414822101593018, 1.15730619430542, 2.511435031890869, -0.496979683637619, -0.04773998260498047], [3.8205668926239014, -0.3527386784553528, 11.687045097351074, 4.260796546936035, 0.21088267862796783, -2.400690793991089, 3.7052388191223145, 0.9146707057952881, -0.11318254470825195, 2.834474802017212, -0.9660892486572266, -1.9964383840560913, -0.55924391746521, -0.35703974962234497, 0.15115125477313995, 1.505662202835083, 1.8231027126312256, -0.7873432636260986, 2.3594586849212646, 3.7706222534179688, 2.384990930557251], [0.2901390790939331, 0.10918808728456497, 4.260796546936035, 8.925678253173828, 1.5613844394683838, 0.4310545325279236, 3.548795223236084, 1.6959558725357056, 0.2554764449596405, 0.8902933597564697, -0.1555282324552536, 1.8442046642303467, 0.8446760177612305, -0.8951090574264526, 1.9577114582061768, 3.283320188522339, -0.20912909507751465, 0.7391526699066162, -0.5363878607749939, 3.3708648681640625, 1.3791543245315552], [-1.4533993005752563, 2.151240825653076, 0.21088267862796783, 1.5613844394683838, 13.501261711120605, 4.204957962036133, 1.9855091571807861, 1.13895845413208, -0.8312037587165833, 1.3006900548934937, 3.2024407386779785, 3.531378984451294, -1.6930912733078003, 0.616623044013977, 0.3230714797973633, -0.17705710232257843, 2.2453575134277344, 3.486426830291748, 2.444023609161377, -0.693865180015564, 4.096047401428223], [-2.1970930099487305, 2.0082082748413086, -2.400690793991089, 0.4310545325279236, 4.204957962036133, 9.12382984161377, 1.1986216306686401, 0.6487631797790527, 2.219393491744995, 0.419490784406662, 0.8621422648429871, 3.5860209465026855, -1.4789142608642578, 0.8248662352561951, 1.1861213445663452, 0.8042030334472656, -1.934523344039917, 4.171817302703857, 0.992070198059082, 0.6856058835983276, 0.5368756055831909], [1.2725430727005005, 1.502284049987793, 3.7052388191223145, 3.548795223236084, 1.9855091571807861, 1.1986216306686401, 9.294106483459473, 2.6144676208496094, -0.5303163528442383, 1.1361573934555054, 1.6140227317810059, 1.3833063840866089, -1.1323378086090088, -2.3215749263763428, 0.43136799335479736, -2.533961772918701, 2.9216713905334473, -0.7525917887687683, 0.1593601107597351, 2.7531394958496094, 1.5616787672042847], [1.1511554718017578, -0.922135591506958, 0.9146707057952881, 1.6959558725357056, 1.13895845413208, 0.6487631797790527, 2.6144676208496094, 10.18773365020752, -0.46029379963874817, -0.41108909249305725, 0.12585444748401642, 2.3391332626342773, 1.4084994792938232, -1.760589361190796, 0.34918221831321716, -1.6483867168426514, 2.033815383911133, 2.54249906539917, 2.5497817993164062, 1.328131079673767, 0.958775520324707], [1.571075439453125, 0.580906093120575, -0.11318254470825195, 0.2554764449596405, -0.8312037587165833, 2.219393491744995, -0.5303163528442383, -0.46029379963874817, 8.097012519836426, 0.40680503845214844, -0.3915209174156189, 1.3358827829360962, 2.7228198051452637, 1.4763745069503784, 1.608582854270935, 0.6576852202415466, 0.5173443555831909, 0.9076817631721497, -1.0614429712295532, 1.058088779449463, -0.9562962055206299], [3.3300535678863525, -0.7831074595451355, 2.834474802017212, 0.8902933597564697, 1.3006900548934937, 0.419490784406662, 1.1361573934555054, -0.41108909249305725, 0.40680503845214844, 7.338837623596191, -0.4176574945449829, -0.9643827676773071, 1.2325425148010254, 0.7569478750228882, 2.463606357574463, 0.9432469606399536, 3.357067584991455, 2.462527275085449, 1.0105514526367188, 3.126459836959839, 3.4421401023864746], [0.4613351821899414, 1.1368175745010376, -0.9660892486572266, -0.1555282324552536, 3.2024407386779785, 0.8621422648429871, 1.6140227317810059, 0.12585444748401642, -0.3915209174156189, -0.4176574945449829, 9.146702766418457, 2.6498210430145264, 0.7183108329772949, 4.161777496337891, -0.04000663384795189, -0.6442548036575317, 3.1243534088134766, 0.833570122718811, -0.3098849058151245, -2.0669171810150146, -1.7494633197784424], [-2.7793376445770264, 1.939525842666626, -1.9964383840560913, 1.8442046642303467, 3.531378984451294, 3.5860209465026855, 1.3833063840866089, 2.3391332626342773, 1.3358827829360962, -0.9643827676773071, 2.6498210430145264, 15.320950508117676, -0.6956382989883423, 3.053532600402832, -1.3280930519104004, 0.08021138608455658, -0.25096964836120605, 1.8575704097747803, 2.300809860229492, 1.519882082939148, 1.1603150367736816], [3.0970656871795654, -1.799133062362671, -0.55924391746521, 0.8446760177612305, -1.6930912733078003, -1.4789142608642578, -1.1323378086090088, 1.4084994792938232, 2.7228198051452637, 1.2325425148010254, 0.7183108329772949, -0.6956382989883423, 8.685648918151855, 0.9635540246963501, 2.271785259246826, 2.781787395477295, 2.845794677734375, -0.8773502111434937, -1.1889193058013916, 0.7030354142189026, 2.438291072845459], [0.3745653033256531, 3.0278542041778564, -0.35703974962234497, -0.8951090574264526, 0.616623044013977, 0.8248662352561951, -2.3215749263763428, -1.760589361190796, 1.4763745069503784, 0.7569478750228882, 4.161777496337891, 3.053532600402832, 0.9635540246963501, 11.456274032592773, 1.822096824645996, 3.9822065830230713, -0.1841062307357788, 1.6889492273330688, 2.5983896255493164, 0.7796499133110046, 2.7637217044830322], [1.7656291723251343, -0.2531068027019501, 0.15115125477313995, 1.9577114582061768, 0.3230714797973633, 1.1861213445663452, 0.43136799335479736, 0.34918221831321716, 1.608582854270935, 2.463606357574463, -0.04000663384795189, -1.3280930519104004, 2.271785259246826, 1.822096824645996, 6.858108997344971, 3.9901750087738037, 0.8996385931968689, 1.026119351387024, -0.9648754596710205, 2.280667781829834, 0.9486870765686035], [-0.9700255990028381, 0.34823817014694214, 1.505662202835083, 3.283320188522339, -0.17705710232257843, 0.8042030334472656, -2.533961772918701, -1.6483867168426514, 0.6576852202415466, 0.9432469606399536, -0.6442548036575317, 0.08021138608455658, 2.781787395477295, 3.9822065830230713, 3.9901750087738037, 14.304533004760742, -4.127104759216309, -0.8901029825210571, -0.525092601776123, 1.983262300491333, 1.6697947978973389], [4.255937576293945, 2.0414822101593018, 1.8231030702590942, -0.20912925899028778, 2.2453577518463135, -1.9345232248306274, 2.9216713905334473, 2.0338151454925537, 0.517344057559967, 3.357067823410034, 3.1243534088134766, -0.25096985697746277, 2.845794200897217, -0.18410612642765045, 0.8996386528015137, -4.127105712890625, 15.46479320526123, -0.3806178569793701, 1.4313626289367676, -1.056844711303711, -0.1153959333896637], [-0.337471067905426, 1.1573060750961304, -0.7873432636260986, 0.7391523718833923, 3.4864273071289062, 4.171817302703857, -0.7525917291641235, 2.542499303817749, 0.9076815247535706, 2.462527275085449, 0.8335700631141663, 1.8575702905654907, -0.8773502707481384, 1.6889492273330688, 1.0261188745498657, -0.8901029229164124, -0.3806178569793701, 9.284063339233398, 2.0208797454833984, 0.7998074889183044, 2.0903303623199463], [2.074204206466675, 2.511435031890869, 2.3594586849212646, -0.5363879203796387, 2.444023609161377, 0.9920702576637268, 0.1593598872423172, 2.5497817993164062, -1.0614430904388428, 1.0105516910552979, -0.3098849654197693, 2.3008100986480713, -1.188919186592102, 2.5983893871307373, -0.9648755192756653, -0.5250922441482544, 1.4313626289367676, 2.0208797454833984, 9.472874641418457, 1.0587211847305298, 2.5256786346435547], [1.641577959060669, -0.4969795048236847, 3.770622730255127, 3.3708651065826416, -0.6938653588294983, 0.6856060028076172, 2.7531397342681885, 1.328131079673767, 1.058089017868042, 3.1264595985412598, -2.0669169425964355, 1.519882082939148, 0.7030353546142578, 0.7796498537063599, 2.280667781829834, 1.9832621812820435, -1.056844711303711, 0.7998074889183044, 1.0587211847305298, 7.784832954406738, 5.151668548583984], [4.693317890167236, -0.04773998260498047, 2.384991407394409, 1.3791544437408447, 4.096048355102539, 0.5368756651878357, 1.5616791248321533, 0.9587755799293518, -0.9562959671020508, 3.4421398639678955, -1.7494630813598633, 1.1603153944015503, 2.438291311264038, 2.763721466064453, 0.948686957359314, 1.6697947978973389, -0.11539575457572937, 2.0903306007385254, 2.5256786346435547, 5.151668548583984, 17.648818969726562]], "type": "heatmap"}], "layout": {"template": {"data": {"histogram2dcontour": [{"type": "histogram2dcontour", "colorbar": {"outlinewidth": 0, "ticks": ""}, "colorscale": [[0.0, "#0d0887"], [0.1111111111111111, "#46039f"], [0.2222222222222222, "#7201a8"], [0.3333333333333333, "#9c179e"], [0.4444444444444444, "#bd3786"], [0.5555555555555556, "#d8576b"], [0.6666666666666666, "#ed7953"], [0.7777777777777778, "#fb9f3a"], [0.8888888888888888, "#fdca26"], [1.0, "#f0f921"]]}], "choropleth": [{"type": "choropleth", "colorbar": {"outlinewidth": 0, "ticks": ""}}], "histogram2d": [{"type": "histogram2d", "colorbar": {"outlinewidth": 0, "ticks": ""}, "colorscale": [[0.0, "#0d0887"], [0.1111111111111111, "#46039f"], [0.2222222222222222, "#7201a8"], [0.3333333333333333, "#9c179e"], [0.4444444444444444, "#bd3786"], [0.5555555555555556, "#d8576b"], [0.6666666666666666, "#ed7953"], [0.7777777777777778, "#fb9f3a"], [0.8888888888888888, "#fdca26"], [1.0, "#f0f921"]]}], "heatmap": [{"type": "heatmap", "colorbar": {"outlinewidth": 0, "ticks": ""}, "colorscale": [[0.0, "#0d0887"], [0.1111111111111111, "#46039f"], [0.2222222222222222, "#7201a8"], [0.3333333333333333, "#9c179e"], [0.4444444444444444, "#bd3786"], [0.5555555555555556, "#d8576b"], [0.6666666666666666, "#ed7953"], [0.7777777777777778, "#fb9f3a"], [0.8888888888888888, "#fdca26"], [1.0, "#f0f921"]]}], "heatmapgl": [{"type": "heatmapgl", "colorbar": {"outlinewidth": 0, "ticks": ""}, "colorscale": [[0.0, "#0d0887"], [0.1111111111111111, "#46039f"], [0.2222222222222222, "#7201a8"], [0.3333333333333333, "#9c179e"], [0.4444444444444444, "#bd3786"], [0.5555555555555556, "#d8576b"], [0.6666666666666666, "#ed7953"], [0.7777777777777778, "#fb9f3a"], [0.8888888888888888, "#fdca26"], [1.0, "#f0f921"]]}], "contourcarpet": [{"type": "contourcarpet", "colorbar": {"outlinewidth": 0, "ticks": ""}}], "contour": [{"type": "contour", "colorbar": {"outlinewidth": 0, "ticks": ""}, "colorscale": [[0.0, "#0d0887"], [0.1111111111111111, "#46039f"], [0.2222222222222222, "#7201a8"], [0.3333333333333333, "#9c179e"], [0.4444444444444444, "#bd3786"], [0.5555555555555556, "#d8576b"], [0.6666666666666666, "#ed7953"], [0.7777777777777778, "#fb9f3a"], [0.8888888888888888, "#fdca26"], [1.0, "#f0f921"]]}], "surface": [{"type": "surface", "colorbar": {"outlinewidth": 0, "ticks": ""}, "colorscale": [[0.0, "#0d0887"], [0.1111111111111111, "#46039f"], [0.2222222222222222, "#7201a8"], [0.3333333333333333, "#9c179e"], [0.4444444444444444, "#bd3786"], [0.5555555555555556, "#d8576b"], [0.6666666666666666, "#ed7953"], [0.7777777777777778, "#fb9f3a"], [0.8888888888888888, "#fdca26"], [1.0, "#f0f921"]]}], "mesh3d": [{"type": "mesh3d", "colorbar": {"outlinewidth": 0, "ticks": ""}}], "scatter": [{"fillpattern": {"fillmode": "overlay", "size": 10, "solidity": 0.2}, "type": "scatter"}], "parcoords": [{"type": "parcoords", "line": {"colorbar": {"outlinewidth": 0, "ticks": ""}}}], "scatterpolargl": [{"type": "scatterpolargl", "marker": {"colorbar": {"outlinewidth": 0, "ticks": ""}}}], "bar": [{"error_x": {"color": "#2a3f5f"}, "error_y": {"color": "#2a3f5f"}, "marker": {"line": {"color": "#E5ECF6", "width": 0.5}, "pattern": {"fillmode": "overlay", "size": 10, "solidity": 0.2}}, "type": "bar"}], "scattergeo": [{"type": "scattergeo", "marker": {"colorbar": {"outlinewidth": 0, "ticks": ""}}}], "scatterpolar": [{"type": "scatterpolar", "marker": {"colorbar": {"outlinewidth": 0, "ticks": ""}}}], "histogram": [{"marker": {"pattern": {"fillmode": "overlay", "size": 10, "solidity": 0.2}}, "type": "histogram"}], "scattergl": [{"type": "scattergl", "marker": {"colorbar": {"outlinewidth": 0, "ticks": ""}}}], "scatter3d": [{"type": "scatter3d", "line": {"colorbar": {"outlinewidth": 0, "ticks": ""}}, "marker": {"colorbar": {"outlinewidth": 0, "ticks": ""}}}], "scattermapbox": [{"type": "scattermapbox", "marker": {"colorbar": {"outlinewidth": 0, "ticks": ""}}}], "scatterternary": [{"type": "scatterternary", "marker": {"colorbar": {"outlinewidth": 0, "ticks": ""}}}], "scattercarpet": [{"type": "scattercarpet", "marker": {"colorbar": {"outlinewidth": 0, "ticks": ""}}}], "carpet": [{"aaxis": {"endlinecolor": "#2a3f5f", "gridcolor": "white", "linecolor": "white", "minorgridcolor": "white", "startlinecolor": "#2a3f5f"}, "baxis": {"endlinecolor": "#2a3f5f", "gridcolor": "white", "linecolor": "white", "minorgridcolor": "white", "startlinecolor": "#2a3f5f"}, "type": "carpet"}], "table": [{"cells": {"fill": {"color": "#EBF0F8"}, "line": {"color": "white"}}, "header": {"fill": {"color": "#C8D4E3"}, "line": {"color": "white"}}, "type": "table"}], "barpolar": [{"marker": {"line": {"color": "#E5ECF6", "width": 0.5}, "pattern": {"fillmode": "overlay", "size": 10, "solidity": 0.2}}, "type": "barpolar"}], "pie": [{"automargin": true, "type": "pie"}]}, "layout": {"autotypenumbers": "strict", "colorway": ["#636efa", "#EF553B", "#00cc96", "#ab63fa", "#FFA15A", "#19d3f3", "#FF6692", "#B6E880", "#FF97FF", "#FECB52"], "font": {"color": "#2a3f5f"}, "hovermode": "closest", "hoverlabel": {"align": "left"}, "paper_bgcolor": "white", "plot_bgcolor": "#E5ECF6", "polar": {"bgcolor": "#E5ECF6", "angularaxis": {"gridcolor": "white", "linecolor": "white", "ticks": ""}, "radialaxis": {"gridcolor": "white", "linecolor": "white", "ticks": ""}}, "ternary": {"bgcolor": "#E5ECF6", "aaxis": {"gridcolor": "white", "linecolor": "white", "ticks": ""}, "baxis": {"gridcolor": "white", "linecolor": "white", "ticks": ""}, "caxis": {"gridcolor": "white", "linecolor": "white", "ticks": ""}}, "coloraxis": {"colorbar": {"outlinewidth": 0, "ticks": ""}}, "colorscale": {"sequential": [[0.0, "#0d0887"], [0.1111111111111111, "#46039f"], [0.2222222222222222, "#7201a8"], [0.3333333333333333, "#9c179e"], [0.4444444444444444, "#bd3786"], [0.5555555555555556, "#d8576b"], [0.6666666666666666, "#ed7953"], [0.7777777777777778, "#fb9f3a"], [0.8888888888888888, "#fdca26"], [1.0, "#f0f921"]], "sequentialminus": [[0.0, "#0d0887"], [0.1111111111111111, "#46039f"], [0.2222222222222222, "#7201a8"], [0.3333333333333333, "#9c179e"], [0.4444444444444444, "#bd3786"], [0.5555555555555556, "#d8576b"], [0.6666666666666666, "#ed7953"], [0.7777777777777778, "#fb9f3a"], [0.8888888888888888, "#fdca26"], [1.0, "#f0f921"]], "diverging": [[0, "#8e0152"], [0.1, "#c51b7d"], [0.2, "#de77ae"], [0.3, "#f1b6da"], [0.4, "#fde0ef"], [0.5, "#f7f7f7"], [0.6, "#e6f5d0"], [0.7, "#b8e186"], [0.8, "#7fbc41"], [0.9, "#4d9221"], [1, "#276419"]]}, "xaxis": {"gridcolor": "white", "linecolor": "white", "ticks": "", "title": {"standoff": 15}, "zerolinecolor": "white", "automargin": true, "zerolinewidth": 2}, "yaxis": {"gridcolor": "white", "linecolor": "white", "ticks": "", "title": {"standoff": 15}, "zerolinecolor": "white", "automargin": true, "zerolinewidth": 2}, "scene": {"xaxis": {"backgroundcolor": "#E5ECF6", "gridcolor": "white", "linecolor": "white", "showbackground": true, "ticks": "", "zerolinecolor": "white", "gridwidth": 2}, "yaxis": {"backgroundcolor": "#E5ECF6", "gridcolor": "white", "linecolor": "white", "showbackground": true, "ticks": "", "zerolinecolor": "white", "gridwidth": 2}, "zaxis": {"backgroundcolor": "#E5ECF6", "gridcolor": "white", "linecolor": "white", "showbackground": true, "ticks": "", "zerolinecolor": "white", "gridwidth": 2}}, "shapedefaults": {"line": {"color": "#2a3f5f"}}, "annotationdefaults": {"arrowcolor": "#2a3f5f", "arrowhead": 0, "arrowwidth": 1}, "geo": {"bgcolor": "white", "landcolor": "#E5ECF6", "subunitcolor": "white", "showland": true, "showlakes": true, "lakecolor": "white"}, "title": {"x": 0.05}, "mapbox": {"style": "light"}}}}}