{"data": [{"z": [[9.759503364562988, 0.25680482387542725, 3.9242398738861084, 0.2301226705312729, -1.4880563020706177, -2.2067160606384277, 1.1791505813598633, 1.191332459449768, 1.5204073190689087, 3.2896885871887207, 0.5227848291397095, -2.715322971343994, 3.310079336166382, 0.2462952733039856, 1.9212024211883545, -1.1071373224258423, 4.4782023429870605, -0.3775823712348938, 2.217772960662842, 1.7048735618591309, 4.924253940582275], [0.25680482387542725, 7.550663471221924, -0.3077130913734436, 0.11718717962503433, 2.2972235679626465, 2.067169666290283, 1.5370540618896484, -0.9222928285598755, 0.6723772883415222, -0.8215291500091553, 1.2680163383483887, 2.14064621925354, -1.8106404542922974, 3.2154338359832764, -0.22448277473449707, 0.4011029005050659, 2.174314022064209, 1.3058722019195557, 2.6627378463745117, -0.39071035385131836, 0.11422514915466309], [3.9242398738861084, -0.3077130913734436, 12.023998260498047, 4.314352035522461, 0.1527126133441925, -2.5098483562469482, 3.741603136062622, 0.8849706649780273, -0.1522732675075531, 2.922050952911377, -0.998927652835846, -2.0319342613220215, -0.7004714012145996, -0.47933611273765564, 0.12226609885692596, 1.402766466140747, 1.805168628692627, -0.858323335647583, 2.418097972869873, 3.8434953689575195, 2.3598389625549316], [0.2301226705312729, 0.11718717962503433, 4.314352035522461, 9.22319221496582, 1.5526036024093628, 0.37498438358306885, 3.6125903129577637, 1.6441675424575806, 0.14254255592823029, 0.9496740102767944, -0.1697198897600174, 1.8574090003967285, 0.8402122259140015, -1.065659761428833, 1.994017243385315, 3.2984440326690674, -0.21883165836334229, 0.6272175312042236, -0.4714975357055664, 3.558375358581543, 1.2901993989944458], [-1.4880563020706177, 2.2972235679626465, 0.1527126133441925, 1.5526036024093628, 13.997496604919434, 4.315212726593018, 1.9602837562561035, 1.1100051403045654, -0.8662594556808472, 1.4159224033355713, 3.3975367546081543, 3.6166698932647705, -1.633116364479065, 0.43274202942848206, 0.39579376578330994, -0.2275412678718567, 2.3867971897125244, 3.701381206512451, 2.577484607696533, -0.6058638095855713, 4.133636474609375], [-2.2067160606384277, 2.067169666290283, -2.5098483562469482, 0.37498438358306885, 4.315212726593018, 9.359213829040527, 1.114225149154663, 0.661875307559967, 2.2480268478393555, 0.38751715421676636, 0.9698859453201294, 3.720235586166382, -1.506312370300293, 0.7348737120628357, 1.2602025270462036, 0.8112594485282898, -1.9933991432189941, 4.334682464599609, 1.0272064208984375, 0.6633917093276978, 0.484042763710022], [1.1791505813598633, 1.5370540618896484, 3.741603136062622, 3.6125903129577637, 1.9602837562561035, 1.114225149154663, 9.591294288635254, 2.6154325008392334, -0.5400564074516296, 1.2770599126815796, 1.6049679517745972, 1.2370530366897583, -1.3056278228759766, -2.459486722946167, 0.3457967936992645, -2.6523633003234863, 2.9023070335388184, -0.8430702686309814, 0.09533843398094177, 2.749046564102173, 1.4800448417663574], [1.191332459449768, -0.9222928285598755, 0.8849706649780273, 1.6441675424575806, 1.1100051403045654, 0.661875307559967, 2.6154325008392334, 10.35673713684082, -0.5200334787368774, -0.47439828515052795, 0.12890148162841797, 2.335541248321533, 1.4446991682052612, -1.893181562423706, 0.310001015663147, -1.7199981212615967, 2.0554251670837402, 2.563326358795166, 2.644314765930176, 1.250824213027954, 0.922663688659668], [1.5204073190689087, 0.6723772883415222, -0.1522732675075531, 0.14254255592823029, -0.8662594556808472, 2.2480268478393555, -0.5400564074516296, -0.5200334787368774, 8.288214683532715, 0.3130035996437073, -0.4677811563014984, 1.3200618028640747, 2.8826568126678467, 1.466008186340332, 1.601769208908081, 0.5063481330871582, 0.4983944892883301, 0.9291983246803284, -1.0633254051208496, 1.0501610040664673, -0.9085792303085327], [3.2896885871887207, -0.8215291500091553, 2.922050952911377, 0.9496740102767944, 1.4159224033355713, 0.38751715421676636, 1.2770599126815796, -0.47439828515052795, 0.3130035996437073, 7.634624004364014, -0.36865514516830444, -1.0689150094985962, 1.2124773263931274, 0.6854650974273682, 2.642008066177368, 0.8850346803665161, 3.431553363800049, 2.5972511768341064, 1.1890677213668823, 3.325533390045166, 3.3889522552490234], [0.5227848291397095, 1.2680163383483887, -0.998927652835846, -0.1697198897600174, 3.3975367546081543, 0.9698859453201294, 1.6049679517745972, 0.12890148162841797, -0.4677811563014984, -0.36865514516830444, 9.42115592956543, 2.6636605262756348, 0.7064669728279114, 4.356431484222412, -0.09840777516365051, -0.7007274031639099, 3.23355770111084, 0.943597674369812, -0.31744062900543213, -2.0968923568725586, -1.6528172492980957], [-2.715322971343994, 2.14064621925354, -2.0319342613220215, 1.8574090003967285, 3.6166698932647705, 3.720235586166382, 1.2370530366897583, 2.335541248321533, 1.3200618028640747, -1.0689150094985962, 2.6636605262756348, 15.811923027038574, -0.64607834815979, 3.128507375717163, -1.3542687892913818, -0.029979584738612175, -0.1978299617767334, 1.9391893148422241, 2.4285812377929688, 1.563736081123352, 1.4024600982666016], [3.310079336166382, -1.8106404542922974, -0.7004714012145996, 0.8402122259140015, -1.633116364479065, -1.506312370300293, -1.3056278228759766, 1.4446991682052612, 2.8826568126678467, 1.2124773263931274, 0.7064669728279114, -0.64607834815979, 8.910524368286133, 0.8432819843292236, 2.324589490890503, 2.8276824951171875, 2.890104293823242, -0.8584942817687988, -1.2331969738006592, 0.7083792686462402, 2.518646717071533], [0.2462952733039856, 3.2154338359832764, -0.47933611273765564, -1.065659761428833, 0.43274202942848206, 0.7348737120628357, -2.459486722946167, -1.893181562423706, 1.466008186340332, 0.6854650974273682, 4.356431484222412, 3.128507375717163, 0.8432819843292236, 11.55293083190918, 1.746383547782898, 3.9343135356903076, -0.33448970317840576, 1.6521985530853271, 2.703545570373535, 0.7026896476745605, 2.5373339653015137], [1.9212024211883545, -0.22448277473449707, 0.12226609885692596, 1.994017243385315, 0.39579376578330994, 1.2602025270462036, 0.3457967936992645, 0.310001015663147, 1.601769208908081, 2.642008066177368, -0.09840777516365051, -1.3542687892913818, 2.324589490890503, 1.746383547782898, 7.180124282836914, 4.1148786544799805, 0.8914923667907715, 1.0907446146011353, -0.8989328145980835, 2.376729726791382, 1.0264060497283936], [-1.1071373224258423, 0.4011029005050659, 1.402766466140747, 3.2984440326690674, -0.2275412678718567, 0.8112594485282898, -2.6523633003234863, -1.7199981212615967, 0.5063481330871582, 0.8850346803665161, -0.7007274031639099, -0.029979584738612175, 2.8276824951171875, 3.9343135356903076, 4.1148786544799805, 14.53115463256836, -4.281414985656738, -0.8673756122589111, -0.4328169822692871, 2.0144176483154297, 1.5731098651885986], [4.478201866149902, 2.17431378364563, 1.8051683902740479, -0.21883197128772736, 2.3867971897125244, -1.9933991432189941, 2.9023070335388184, 2.0554251670837402, 0.49839478731155396, 3.431553363800049, 3.2335572242736816, -0.1978301703929901, 2.890104055404663, -0.33448949456214905, 0.891492486000061, -4.28141450881958, 15.903602600097656, -0.4401068687438965, 1.5658595561981201, -0.9998297691345215, -0.12643860280513763], [-0.37758246064186096, 1.3058722019195557, -0.8583230376243591, 0.6272175908088684, 3.7013821601867676, 4.334682464599609, -0.8430702090263367, 2.563326597213745, 0.9291983246803284, 2.5972506999969482, 0.9435979127883911, 1.9391896724700928, -0.8584944009780884, 1.6521984338760376, 1.0907444953918457, -0.8673757910728455, -0.4401068687438965, 9.59376335144043, 2.173004150390625, 0.9032813310623169, 2.138930082321167], [2.2177727222442627, 2.662738084793091, 2.418097972869873, -0.4714977741241455, 2.577484607696533, 1.0272061824798584, 0.09533850103616714, 2.644314765930176, -1.0633254051208496, 1.1890674829483032, -0.3174404799938202, 2.4285812377929688, -1.2331970930099487, 2.703545331954956, -0.8989327549934387, -0.4328172504901886, 1.5658595561981201, 2.173004150390625, 9.932255744934082, 1.1103254556655884, 2.658266305923462], [1.70487380027771, -0.3907100558280945, 3.8434951305389404, 3.558375120162964, -0.6058637499809265, 0.6633920073509216, 2.749046802520752, 1.250824213027954, 1.0501611232757568, 3.325533151626587, -2.0968923568725586, 1.5637359619140625, 0.7083792686462402, 0.7026895880699158, 2.376729965209961, 2.0144176483154297, -0.9998297691345215, 0.9032813310623169, 1.1103254556655884, 8.192713737487793, 5.2247748374938965], [4.924253940582275, 0.11422514915466309, 2.3598389625549316, 1.2901992797851562, 4.133636474609375, 0.484042763710022, 1.480045199394226, 0.9226638078689575, -0.9085792303085327, 3.3889527320861816, -1.6528176069259644, 1.402459740638733, 2.518646717071533, 2.5373339653015137, 1.0264060497283936, 1.5731099843978882, -0.1264386773109436, 2.138930082321167, 2.658266305923462, 5.2247748374938965, 17.648818969726562]], "type": "heatmap"}], "layout": {"template": {"data": {"histogram2dcontour": [{"type": "histogram2dcontour", "colorbar": {"outlinewidth": 0, "ticks": ""}, "colorscale": [[0.0, "#0d0887"], [0.1111111111111111, "#46039f"], [0.2222222222222222, "#7201a8"], [0.3333333333333333, "#9c179e"], [0.4444444444444444, "#bd3786"], [0.5555555555555556, "#d8576b"], [0.6666666666666666, "#ed7953"], [0.7777777777777778, "#fb9f3a"], [0.8888888888888888, "#fdca26"], [1.0, "#f0f921"]]}], "choropleth": [{"type": "choropleth", "colorbar": {"outlinewidth": 0, "ticks": ""}}], "histogram2d": [{"type": "histogram2d", "colorbar": {"outlinewidth": 0, "ticks": ""}, "colorscale": [[0.0, "#0d0887"], [0.1111111111111111, "#46039f"], [0.2222222222222222, "#7201a8"], [0.3333333333333333, "#9c179e"], [0.4444444444444444, "#bd3786"], [0.5555555555555556, "#d8576b"], [0.6666666666666666, "#ed7953"], [0.7777777777777778, "#fb9f3a"], [0.8888888888888888, "#fdca26"], [1.0, "#f0f921"]]}], "heatmap": [{"type": "heatmap", "colorbar": {"outlinewidth": 0, "ticks": ""}, "colorscale": [[0.0, "#0d0887"], [0.1111111111111111, "#46039f"], [0.2222222222222222, "#7201a8"], [0.3333333333333333, "#9c179e"], [0.4444444444444444, "#bd3786"], [0.5555555555555556, "#d8576b"], [0.6666666666666666, "#ed7953"], [0.7777777777777778, "#fb9f3a"], [0.8888888888888888, "#fdca26"], [1.0, "#f0f921"]]}], "heatmapgl": [{"type": "heatmapgl", "colorbar": {"outlinewidth": 0, "ticks": ""}, "colorscale": [[0.0, "#0d0887"], [0.1111111111111111, "#46039f"], [0.2222222222222222, "#7201a8"], [0.3333333333333333, "#9c179e"], [0.4444444444444444, "#bd3786"], [0.5555555555555556, "#d8576b"], [0.6666666666666666, "#ed7953"], [0.7777777777777778, "#fb9f3a"], [0.8888888888888888, "#fdca26"], [1.0, "#f0f921"]]}], "contourcarpet": [{"type": "contourcarpet", "colorbar": {"outlinewidth": 0, "ticks": ""}}], "contour": [{"type": "contour", "colorbar": {"outlinewidth": 0, "ticks": ""}, "colorscale": [[0.0, "#0d0887"], [0.1111111111111111, "#46039f"], [0.2222222222222222, "#7201a8"], [0.3333333333333333, "#9c179e"], [0.4444444444444444, "#bd3786"], [0.5555555555555556, "#d8576b"], [0.6666666666666666, "#ed7953"], [0.7777777777777778, "#fb9f3a"], [0.8888888888888888, "#fdca26"], [1.0, "#f0f921"]]}], "surface": [{"type": "surface", "colorbar": {"outlinewidth": 0, "ticks": ""}, "colorscale": [[0.0, "#0d0887"], [0.1111111111111111, "#46039f"], [0.2222222222222222, "#7201a8"], [0.3333333333333333, "#9c179e"], [0.4444444444444444, "#bd3786"], [0.5555555555555556, "#d8576b"], [0.6666666666666666, "#ed7953"], [0.7777777777777778, "#fb9f3a"], [0.8888888888888888, "#fdca26"], [1.0, "#f0f921"]]}], "mesh3d": [{"type": "mesh3d", "colorbar": {"outlinewidth": 0, "ticks": ""}}], "scatter": [{"fillpattern": {"fillmode": "overlay", "size": 10, "solidity": 0.2}, "type": "scatter"}], "parcoords": [{"type": "parcoords", "line": {"colorbar": {"outlinewidth": 0, "ticks": ""}}}], "scatterpolargl": [{"type": "scatterpolargl", "marker": {"colorbar": {"outlinewidth": 0, "ticks": ""}}}], "bar": [{"error_x": {"color": "#2a3f5f"}, "error_y": {"color": "#2a3f5f"}, "marker": {"line": {"color": "#E5ECF6", "width": 0.5}, "pattern": {"fillmode": "overlay", "size": 10, "solidity": 0.2}}, "type": "bar"}], "scattergeo": [{"type": "scattergeo", "marker": {"colorbar": {"outlinewidth": 0, "ticks": ""}}}], "scatterpolar": [{"type": "scatterpolar", "marker": {"colorbar": {"outlinewidth": 0, "ticks": ""}}}], "histogram": [{"marker": {"pattern": {"fillmode": "overlay", "size": 10, "solidity": 0.2}}, "type": "histogram"}], "scattergl": [{"type": "scattergl", "marker": {"colorbar": {"outlinewidth": 0, "ticks": ""}}}], "scatter3d": [{"type": "scatter3d", "line": {"colorbar": {"outlinewidth": 0, "ticks": ""}}, "marker": {"colorbar": {"outlinewidth": 0, "ticks": ""}}}], "scattermapbox": [{"type": "scattermapbox", "marker": {"colorbar": {"outlinewidth": 0, "ticks": ""}}}], "scatterternary": [{"type": "scatterternary", "marker": {"colorbar": {"outlinewidth": 0, "ticks": ""}}}], "scattercarpet": [{"type": "scattercarpet", "marker": {"colorbar": {"outlinewidth": 0, "ticks": ""}}}], "carpet": [{"aaxis": {"endlinecolor": "#2a3f5f", "gridcolor": "white", "linecolor": "white", "minorgridcolor": "white", "startlinecolor": "#2a3f5f"}, "baxis": {"endlinecolor": "#2a3f5f", "gridcolor": "white", "linecolor": "white", "minorgridcolor": "white", "startlinecolor": "#2a3f5f"}, "type": "carpet"}], "table": [{"cells": {"fill": {"color": "#EBF0F8"}, "line": {"color": "white"}}, "header": {"fill": {"color": "#C8D4E3"}, "line": {"color": "white"}}, "type": "table"}], "barpolar": [{"marker": {"line": {"color": "#E5ECF6", "width": 0.5}, "pattern": {"fillmode": "overlay", "size": 10, "solidity": 0.2}}, "type": "barpolar"}], "pie": [{"automargin": true, "type": "pie"}]}, "layout": {"autotypenumbers": "strict", "colorway": ["#636efa", "#EF553B", "#00cc96", "#ab63fa", "#FFA15A", "#19d3f3", "#FF6692", "#B6E880", "#FF97FF", "#FECB52"], "font": {"color": "#2a3f5f"}, "hovermode": "closest", "hoverlabel": {"align": "left"}, "paper_bgcolor": "white", "plot_bgcolor": "#E5ECF6", "polar": {"bgcolor": "#E5ECF6", "angularaxis": {"gridcolor": "white", "linecolor": "white", "ticks": ""}, "radialaxis": {"gridcolor": "white", "linecolor": "white", "ticks": ""}}, "ternary": {"bgcolor": "#E5ECF6", "aaxis": {"gridcolor": "white", "linecolor": "white", "ticks": ""}, "baxis": {"gridcolor": "white", "linecolor": "white", "ticks": ""}, "caxis": {"gridcolor": "white", "linecolor": "white", "ticks": ""}}, "coloraxis": {"colorbar": {"outlinewidth": 0, "ticks": ""}}, "colorscale": {"sequential": [[0.0, "#0d0887"], [0.1111111111111111, "#46039f"], [0.2222222222222222, "#7201a8"], [0.3333333333333333, "#9c179e"], [0.4444444444444444, "#bd3786"], [0.5555555555555556, "#d8576b"], [0.6666666666666666, "#ed7953"], [0.7777777777777778, "#fb9f3a"], [0.8888888888888888, "#fdca26"], [1.0, "#f0f921"]], "sequentialminus": [[0.0, "#0d0887"], [0.1111111111111111, "#46039f"], [0.2222222222222222, "#7201a8"], [0.3333333333333333, "#9c179e"], [0.4444444444444444, "#bd3786"], [0.5555555555555556, "#d8576b"], [0.6666666666666666, "#ed7953"], [0.7777777777777778, "#fb9f3a"], [0.8888888888888888, "#fdca26"], [1.0, "#f0f921"]], "diverging": [[0, "#8e0152"], [0.1, "#c51b7d"], [0.2, "#de77ae"], [0.3, "#f1b6da"], [0.4, "#fde0ef"], [0.5, "#f7f7f7"], [0.6, "#e6f5d0"], [0.7, "#b8e186"], [0.8, "#7fbc41"], [0.9, "#4d9221"], [1, "#276419"]]}, "xaxis": {"gridcolor": "white", "linecolor": "white", "ticks": "", "title": {"standoff": 15}, "zerolinecolor": "white", "automargin": true, "zerolinewidth": 2}, "yaxis": {"gridcolor": "white", "linecolor": "white", "ticks": "", "title": {"standoff": 15}, "zerolinecolor": "white", "automargin": true, "zerolinewidth": 2}, "scene": {"xaxis": {"backgroundcolor": "#E5ECF6", "gridcolor": "white", "linecolor": "white", "showbackground": true, "ticks": "", "zerolinecolor": "white", "gridwidth": 2}, "yaxis": {"backgroundcolor": "#E5ECF6", "gridcolor": "white", "linecolor": "white", "showbackground": true, "ticks": "", "zerolinecolor": "white", "gridwidth": 2}, "zaxis": {"backgroundcolor": "#E5ECF6", "gridcolor": "white", "linecolor": "white", "showbackground": true, "ticks": "", "zerolinecolor": "white", "gridwidth": 2}}, "shapedefaults": {"line": {"color": "#2a3f5f"}}, "annotationdefaults": {"arrowcolor": "#2a3f5f", "arrowhead": 0, "arrowwidth": 1}, "geo": {"bgcolor": "white", "landcolor": "#E5ECF6", "subunitcolor": "white", "showland": true, "showlakes": true, "lakecolor": "white"}, "title": {"x": 0.05}, "mapbox": {"style": "light"}}}}}