{"data": [{"z": [[27.556089401245117, 3.9097557067871094, 4.560993671417236, 1.9623939990997314, -3.9237687587738037, -4.754057884216309, -3.578127145767212, 0.3790920078754425, 0.8153825998306274, 2.741878032684326, 0.5870492458343506, -3.1407599449157715, 4.493551731109619, -1.3616290092468262, 2.7297494411468506, -3.660017728805542, 7.075313568115234, -4.789323329925537, 2.0827794075012207, -4.303360939025879, 8.0746488571167], [3.9097557067871094, 15.646483421325684, -0.024721017107367516, 0.4950196146965027, 2.9261622428894043, 2.9463565349578857, 0.9353676438331604, -2.9108285903930664, -0.7318875193595886, -3.2436881065368652, 3.289034605026245, 4.836573600769043, -4.005839824676514, 7.1899566650390625, -0.9261824488639832, 0.6780056357383728, 3.6847968101501465, 3.2245476245880127, 3.0171632766723633, -3.383327007293701, 1.6714990139007568], [4.560993671417236, -0.024721017107367516, 27.868623733520508, 4.153193473815918, -2.6863842010498047, -6.366785526275635, 8.748641967773438, 0.16124315559864044, -1.925594449043274, 2.7552568912506104, 0.44939863681793213, -5.401456356048584, -2.439234495162964, -0.007821781560778618, -1.5228066444396973, 1.5549811124801636, 2.6519246101379395, -2.3257970809936523, 0.22004079818725586, 6.999610424041748, 2.046128988265991], [1.9623939990997314, 0.4950196146965027, 4.153193473815918, 20.690813064575195, 1.181145429611206, -0.4592795670032501, 4.032383441925049, 2.5436594486236572, -1.106071949005127, 1.4372116327285767, -3.1802029609680176, 4.336853981018066, 0.5388273000717163, -3.0938684940338135, 2.8585264682769775, 4.994017124176025, -0.8612990379333496, -1.9320183992385864, 0.06799197196960449, 4.422475814819336, 2.8312854766845703], [-3.9237687587738037, 2.9261622428894043, -2.6863842010498047, 1.181145429611206, 25.55825424194336, 7.056118011474609, 1.9674863815307617, 1.0259642601013184, -4.626938343048096, 1.4567322731018066, 5.639221668243408, 3.909087657928467, -3.0175392627716064, -3.1016159057617188, -0.9863259792327881, -1.2576696872711182, 4.109116554260254, 6.739418029785156, 2.5868101119995117, -2.85127592086792, 5.144156455993652], [-4.754057884216309, 2.9463565349578857, -6.366785526275635, -0.4592795670032501, 7.056118011474609, 17.422836303710938, -0.392889142036438, -0.018724575638771057, 3.872352123260498, -0.6959007382392883, 3.3179945945739746, 5.80903959274292, -3.1054229736328125, -0.1614380180835724, 1.4173815250396729, 1.6345032453536987, -5.8079633712768555, 8.437077522277832, 0.3288896083831787, -1.3953857421875, -0.5298014879226685], [-3.578127145767212, 0.9353676438331604, 8.748641967773438, 4.032383441925049, 1.9674863815307617, -0.392889142036438, 24.78289031982422, 5.1658220291137695, -1.2537354230880737, 2.4670445919036865, 2.760119915008545, -1.8872606754302979, -3.801668643951416, -3.1511919498443604, -0.8303262591362, -6.212502956390381, 5.918349742889404, -2.7894375324249268, -3.9290692806243896, 6.716480731964111, 2.6731393337249756], [0.3790920078754425, -2.9108285903930664, 0.16124315559864044, 2.5436594486236572, 1.0259642601013184, -0.018724575638771057, 5.1658220291137695, 16.622865676879883, -0.19089777767658234, -0.8165261149406433, 0.44367465376853943, 3.8231287002563477, 2.5380866527557373, -3.756730556488037, -0.23884911835193634, -3.8039865493774414, 2.5266199111938477, 2.902822494506836, 3.7628819942474365, 0.2687099277973175, 1.0222052335739136], [0.8153825998306274, -0.7318875193595886, -1.925594449043274, -1.106071949005127, -4.626938343048096, 3.872352123260498, -1.2537354230880737, -0.19089777767658234, 17.686635971069336, -2.5061473846435547, -1.5313441753387451, 3.1559906005859375, 4.331099510192871, 2.8423938751220703, 1.7286489009857178, -2.6460416316986084, -1.7555885314941406, -2.108417510986328, -2.517427921295166, -2.3309884071350098, -1.887967824935913], [2.741878032684326, -3.2436881065368652, 2.7552568912506104, 1.4372116327285767, 1.4567322731018066, -0.6959007382392883, 2.4670445919036865, -0.8165261149406433, -2.5061473846435547, 14.638385772705078, -1.191894292831421, -4.4872331619262695, 1.6596407890319824, -1.5930657386779785, 1.4040995836257935, -0.3147643208503723, 4.086755275726318, 3.646857738494873, 3.10307240486145, 5.075689792633057, 2.742971420288086], [0.5870492458343506, 3.289034605026245, 0.44939863681793213, -3.1802029609680176, 5.639221668243408, 3.3179945945739746, 2.760119915008545, 0.44367465376853943, -1.5313441753387451, -1.191894292831421, 22.151865005493164, 3.9618027210235596, 0.528684139251709, 9.684762954711914, -2.402440071105957, -1.5333778858184814, 6.587985515594482, 2.741213798522949, -2.2078700065612793, -5.816140174865723, -3.7206568717956543], [-3.1407599449157715, 4.836573600769043, -5.401456356048584, 4.336853981018066, 3.909087657928467, 5.80903959274292, -1.8872606754302979, 3.8231287002563477, 3.1559906005859375, -4.4872331619262695, 3.9618027210235596, 31.715599060058594, -2.170936107635498, 5.0805158615112305, -3.8238296508789062, -1.2670241594314575, -1.5868148803710938, 1.4261183738708496, 3.9871582984924316, -2.278876543045044, 1.9675508737564087], [4.493551731109619, -4.005839824676514, -2.439234495162964, 0.5388273000717163, -3.0175392627716064, -3.1054229736328125, -3.801668643951416, 2.5380866527557373, 4.331099510192871, 1.6596407890319824, 0.528684139251709, -2.170936107635498, 15.642589569091797, -0.7981038689613342, 3.114086151123047, 3.4883978366851807, 3.739811420440674, -2.015536308288574, -2.031184196472168, -0.11501353979110718, 2.495490789413452], [-1.3616290092468262, 7.1899566650390625, -0.007821781560778618, -3.0938684940338135, -3.1016159057617188, -0.1614380180835724, -3.1511919498443604, -3.756730556488037, 2.8423938751220703, -1.5930657386779785, 9.684762954711914, 5.0805158615112305, -0.7981038689613342, 22.35508155822754, 1.885567307472229, 6.561981201171875, -1.2785720825195312, 2.669125556945801, 4.138889312744141, 0.44192636013031006, 1.719452142715454], [2.7297494411468506, -0.9261824488639832, -1.5228066444396973, 2.8585264682769775, -0.9863259792327881, 1.4173815250396729, -0.8303262591362, -0.23884911835193634, 1.7286489009857178, 1.4040995836257935, -2.402440071105957, -3.8238296508789062, 3.114086151123047, 1.885567307472229, 12.953242301940918, 6.839775085449219, 0.25538867712020874, 0.7010188102722168, -3.2036216259002686, 3.0593249797821045, 1.7348978519439697], [-3.660017728805542, 0.6780056357383728, 1.5549811124801636, 4.994017124176025, -1.2576696872711182, 1.6345032453536987, -6.212502956390381, -3.8039865493774414, -2.6460416316986084, -0.3147643208503723, -1.5333778858184814, -1.2670241594314575, 3.4883978366851807, 6.561981201171875, 6.839775085449219, 25.01223373413086, -7.654959201812744, 0.7641391754150391, -0.6887412071228027, 5.037996292114258, 1.10615873336792], [7.075314044952393, 3.6847970485687256, 2.6519246101379395, -0.8612991571426392, 4.109117031097412, -5.807963848114014, 5.918349742889404, 2.5266199111938477, -1.7555886507034302, 4.08675479888916, 6.587985515594482, -1.5868154764175415, 3.7398111820220947, -1.2785720825195312, 0.2553885877132416, -7.654959201812744, 28.275541305541992, -3.248626232147217, 1.5946333408355713, -3.0745646953582764, -0.6549398303031921], [-4.789322853088379, 3.224547863006592, -2.3257970809936523, -1.932018518447876, 6.739418983459473, 8.437079429626465, -2.7894372940063477, 2.902822494506836, -2.1084177494049072, 3.646857500076294, 2.741213083267212, 1.4261181354522705, -2.015535831451416, 2.66912579536438, 0.7010189294815063, 0.7641392946243286, -3.248626232147217, 19.869537353515625, 1.7823288440704346, 3.6720521450042725, 2.444082736968994], [2.0827791690826416, 3.0171635150909424, 0.22004088759422302, 0.06799214333295822, 2.5868101119995117, 0.3288894593715668, -3.9290692806243896, 3.7628822326660156, -2.517427921295166, 3.103072166442871, -2.2078697681427, 3.9871578216552734, -2.031184196472168, 4.138889312744141, -3.2036221027374268, -0.6887413263320923, 1.5946333408355713, 1.7823288440704346, 20.81522560119629, 1.251901626586914, 2.417421340942383], [-4.303361892700195, -3.383327007293701, 6.999610424041748, 4.422475337982178, -2.851276159286499, -1.3953858613967896, 6.716480255126953, 0.2687099277973175, -2.330988645553589, 5.075689792633057, -5.816140174865723, -2.2788760662078857, -0.11501357704401016, 0.4419265389442444, 3.0593252182006836, 5.0379958152771, -3.0745646953582764, 3.6720521450042725, 1.251901626586914, 19.70215606689453, 6.1005539894104], [8.0746488571167, 1.6714988946914673, 2.0461292266845703, 2.8312854766845703, 5.144156455993652, -0.5298013091087341, 2.6731395721435547, 1.0222055912017822, -1.8879677057266235, 2.742971420288086, -3.7206568717956543, 1.9675509929656982, 2.495490789413452, 1.7194520235061646, 1.7348978519439697, 1.1061586141586304, -0.6549400091171265, 2.4440829753875732, 2.417421579360962, 6.100554466247559, 17.648818969726562]], "type": "heatmap"}], "layout": {"template": {"data": {"histogram2dcontour": [{"type": "histogram2dcontour", "colorbar": {"outlinewidth": 0, "ticks": ""}, "colorscale": [[0.0, "#0d0887"], [0.1111111111111111, "#46039f"], [0.2222222222222222, "#7201a8"], [0.3333333333333333, "#9c179e"], [0.4444444444444444, "#bd3786"], [0.5555555555555556, "#d8576b"], [0.6666666666666666, "#ed7953"], [0.7777777777777778, "#fb9f3a"], [0.8888888888888888, "#fdca26"], [1.0, "#f0f921"]]}], "choropleth": [{"type": "choropleth", "colorbar": {"outlinewidth": 0, "ticks": ""}}], "histogram2d": [{"type": "histogram2d", "colorbar": {"outlinewidth": 0, "ticks": ""}, "colorscale": [[0.0, "#0d0887"], [0.1111111111111111, "#46039f"], [0.2222222222222222, "#7201a8"], [0.3333333333333333, "#9c179e"], [0.4444444444444444, "#bd3786"], [0.5555555555555556, "#d8576b"], [0.6666666666666666, "#ed7953"], [0.7777777777777778, "#fb9f3a"], [0.8888888888888888, "#fdca26"], [1.0, "#f0f921"]]}], "heatmap": [{"type": "heatmap", "colorbar": {"outlinewidth": 0, "ticks": ""}, "colorscale": [[0.0, "#0d0887"], [0.1111111111111111, "#46039f"], [0.2222222222222222, "#7201a8"], [0.3333333333333333, "#9c179e"], [0.4444444444444444, "#bd3786"], [0.5555555555555556, "#d8576b"], [0.6666666666666666, "#ed7953"], [0.7777777777777778, "#fb9f3a"], [0.8888888888888888, "#fdca26"], [1.0, "#f0f921"]]}], "heatmapgl": [{"type": "heatmapgl", "colorbar": {"outlinewidth": 0, "ticks": ""}, "colorscale": [[0.0, "#0d0887"], [0.1111111111111111, "#46039f"], [0.2222222222222222, "#7201a8"], [0.3333333333333333, "#9c179e"], [0.4444444444444444, "#bd3786"], [0.5555555555555556, "#d8576b"], [0.6666666666666666, "#ed7953"], [0.7777777777777778, "#fb9f3a"], [0.8888888888888888, "#fdca26"], [1.0, "#f0f921"]]}], "contourcarpet": [{"type": "contourcarpet", "colorbar": {"outlinewidth": 0, "ticks": ""}}], "contour": [{"type": "contour", "colorbar": {"outlinewidth": 0, "ticks": ""}, "colorscale": [[0.0, "#0d0887"], [0.1111111111111111, "#46039f"], [0.2222222222222222, "#7201a8"], [0.3333333333333333, "#9c179e"], [0.4444444444444444, "#bd3786"], [0.5555555555555556, "#d8576b"], [0.6666666666666666, "#ed7953"], [0.7777777777777778, "#fb9f3a"], [0.8888888888888888, "#fdca26"], [1.0, "#f0f921"]]}], "surface": [{"type": "surface", "colorbar": {"outlinewidth": 0, "ticks": ""}, "colorscale": [[0.0, "#0d0887"], [0.1111111111111111, "#46039f"], [0.2222222222222222, "#7201a8"], [0.3333333333333333, "#9c179e"], [0.4444444444444444, "#bd3786"], [0.5555555555555556, "#d8576b"], [0.6666666666666666, "#ed7953"], [0.7777777777777778, "#fb9f3a"], [0.8888888888888888, "#fdca26"], [1.0, "#f0f921"]]}], "mesh3d": [{"type": "mesh3d", "colorbar": {"outlinewidth": 0, "ticks": ""}}], "scatter": [{"fillpattern": {"fillmode": "overlay", "size": 10, "solidity": 0.2}, "type": "scatter"}], "parcoords": [{"type": "parcoords", "line": {"colorbar": {"outlinewidth": 0, "ticks": ""}}}], "scatterpolargl": [{"type": "scatterpolargl", "marker": {"colorbar": {"outlinewidth": 0, "ticks": ""}}}], "bar": [{"error_x": {"color": "#2a3f5f"}, "error_y": {"color": "#2a3f5f"}, "marker": {"line": {"color": "#E5ECF6", "width": 0.5}, "pattern": {"fillmode": "overlay", "size": 10, "solidity": 0.2}}, "type": "bar"}], "scattergeo": [{"type": "scattergeo", "marker": {"colorbar": {"outlinewidth": 0, "ticks": ""}}}], "scatterpolar": [{"type": "scatterpolar", "marker": {"colorbar": {"outlinewidth": 0, "ticks": ""}}}], "histogram": [{"marker": {"pattern": {"fillmode": "overlay", "size": 10, "solidity": 0.2}}, "type": "histogram"}], "scattergl": [{"type": "scattergl", "marker": {"colorbar": {"outlinewidth": 0, "ticks": ""}}}], "scatter3d": [{"type": "scatter3d", "line": {"colorbar": {"outlinewidth": 0, "ticks": ""}}, "marker": {"colorbar": {"outlinewidth": 0, "ticks": ""}}}], "scattermapbox": [{"type": "scattermapbox", "marker": {"colorbar": {"outlinewidth": 0, "ticks": ""}}}], "scatterternary": [{"type": "scatterternary", "marker": {"colorbar": {"outlinewidth": 0, "ticks": ""}}}], "scattercarpet": [{"type": "scattercarpet", "marker": {"colorbar": {"outlinewidth": 0, "ticks": ""}}}], "carpet": [{"aaxis": {"endlinecolor": "#2a3f5f", "gridcolor": "white", "linecolor": "white", "minorgridcolor": "white", "startlinecolor": "#2a3f5f"}, "baxis": {"endlinecolor": "#2a3f5f", "gridcolor": "white", "linecolor": "white", "minorgridcolor": "white", "startlinecolor": "#2a3f5f"}, "type": "carpet"}], "table": [{"cells": {"fill": {"color": "#EBF0F8"}, "line": {"color": "white"}}, "header": {"fill": {"color": "#C8D4E3"}, "line": {"color": "white"}}, "type": "table"}], "barpolar": [{"marker": {"line": {"color": "#E5ECF6", "width": 0.5}, "pattern": {"fillmode": "overlay", "size": 10, "solidity": 0.2}}, "type": "barpolar"}], "pie": [{"automargin": true, "type": "pie"}]}, "layout": {"autotypenumbers": "strict", "colorway": ["#636efa", "#EF553B", "#00cc96", "#ab63fa", "#FFA15A", "#19d3f3", "#FF6692", "#B6E880", "#FF97FF", "#FECB52"], "font": {"color": "#2a3f5f"}, "hovermode": "closest", "hoverlabel": {"align": "left"}, "paper_bgcolor": "white", "plot_bgcolor": "#E5ECF6", "polar": {"bgcolor": "#E5ECF6", "angularaxis": {"gridcolor": "white", "linecolor": "white", "ticks": ""}, "radialaxis": {"gridcolor": "white", "linecolor": "white", "ticks": ""}}, "ternary": {"bgcolor": "#E5ECF6", "aaxis": {"gridcolor": "white", "linecolor": "white", "ticks": ""}, "baxis": {"gridcolor": "white", "linecolor": "white", "ticks": ""}, "caxis": {"gridcolor": "white", "linecolor": "white", "ticks": ""}}, "coloraxis": {"colorbar": {"outlinewidth": 0, "ticks": ""}}, "colorscale": {"sequential": [[0.0, "#0d0887"], [0.1111111111111111, "#46039f"], [0.2222222222222222, "#7201a8"], [0.3333333333333333, "#9c179e"], [0.4444444444444444, "#bd3786"], [0.5555555555555556, "#d8576b"], [0.6666666666666666, "#ed7953"], [0.7777777777777778, "#fb9f3a"], [0.8888888888888888, "#fdca26"], [1.0, "#f0f921"]], "sequentialminus": [[0.0, "#0d0887"], [0.1111111111111111, "#46039f"], [0.2222222222222222, "#7201a8"], [0.3333333333333333, "#9c179e"], [0.4444444444444444, "#bd3786"], [0.5555555555555556, "#d8576b"], [0.6666666666666666, "#ed7953"], [0.7777777777777778, "#fb9f3a"], [0.8888888888888888, "#fdca26"], [1.0, "#f0f921"]], "diverging": [[0, "#8e0152"], [0.1, "#c51b7d"], [0.2, "#de77ae"], [0.3, "#f1b6da"], [0.4, "#fde0ef"], [0.5, "#f7f7f7"], [0.6, "#e6f5d0"], [0.7, "#b8e186"], [0.8, "#7fbc41"], [0.9, "#4d9221"], [1, "#276419"]]}, "xaxis": {"gridcolor": "white", "linecolor": "white", "ticks": "", "title": {"standoff": 15}, "zerolinecolor": "white", "automargin": true, "zerolinewidth": 2}, "yaxis": {"gridcolor": "white", "linecolor": "white", "ticks": "", "title": {"standoff": 15}, "zerolinecolor": "white", "automargin": true, "zerolinewidth": 2}, "scene": {"xaxis": {"backgroundcolor": "#E5ECF6", "gridcolor": "white", "linecolor": "white", "showbackground": true, "ticks": "", "zerolinecolor": "white", "gridwidth": 2}, "yaxis": {"backgroundcolor": "#E5ECF6", "gridcolor": "white", "linecolor": "white", "showbackground": true, "ticks": "", "zerolinecolor": "white", "gridwidth": 2}, "zaxis": {"backgroundcolor": "#E5ECF6", "gridcolor": "white", "linecolor": "white", "showbackground": true, "ticks": "", "zerolinecolor": "white", "gridwidth": 2}}, "shapedefaults": {"line": {"color": "#2a3f5f"}}, "annotationdefaults": {"arrowcolor": "#2a3f5f", "arrowhead": 0, "arrowwidth": 1}, "geo": {"bgcolor": "white", "landcolor": "#E5ECF6", "subunitcolor": "white", "showland": true, "showlakes": true, "lakecolor": "white"}, "title": {"x": 0.05}, "mapbox": {"style": "light"}}}}}