{"data": [{"z": [[8.896153450012207, 0.22951295971870422, 3.7327723503112793, 0.3503968119621277, -1.337032437324524, -1.8202097415924072, 1.1792807579040527, 1.1052296161651611, 1.500024437904358, 3.156278133392334, 0.4666711688041687, -2.492324113845825, 3.100801706314087, 0.4323824942111969, 1.836643099784851, -0.9628152251243591, 4.266678810119629, -0.2649479806423187, 2.147435188293457, 1.8481645584106445, 4.696413993835449], [0.22951295971870422, 6.91580867767334, -0.30194091796875, 0.2613638937473297, 2.149181842803955, 1.949316382408142, 1.5103087425231934, -0.9100608825683594, 0.6245373487472534, -0.6978374719619751, 0.9366247057914734, 1.8900011777877808, -1.6412526369094849, 2.923393726348877, -0.20934069156646729, 0.3423168361186981, 2.0005059242248535, 1.1358814239501953, 2.4982404708862305, -0.3703715205192566, 0.014055490493774414], [3.7327723503112793, -0.30194091796875, 10.986124038696289, 4.13284969329834, 0.3429037928581238, -2.1444647312164307, 3.4571800231933594, 0.8444104194641113, -0.06696423143148422, 2.785959243774414, -0.8737044334411621, -1.8681669235229492, -0.37180376052856445, -0.4327399432659149, 0.2981482148170471, 1.4932518005371094, 1.8984427452087402, -0.6483901739120483, 2.31313419342041, 3.6791768074035645, 2.4513797760009766], [0.3503968119621277, 0.2613638937473297, 4.13284969329834, 8.592355728149414, 1.6383256912231445, 0.5988875031471252, 3.357205867767334, 1.6545894145965576, 0.3051457107067108, 1.049002766609192, 0.06108436360955238, 1.8973978757858276, 0.9754239320755005, -0.6799129843711853, 1.9672316312789917, 3.0808041095733643, -0.1056673526763916, 0.7662668228149414, -0.36520636081695557, 3.350008010864258, 1.3230137825012207], [-1.337032437324524, 2.149181842803955, 0.3429037928581238, 1.6383256912231445, 12.684534072875977, 4.130906105041504, 1.8890384435653687, 1.1003855466842651, -0.64543616771698, 1.3083316087722778, 3.264596700668335, 3.4891326427459717, -1.705098271369934, 0.8139235377311707, 0.35783493518829346, -0.06945271044969559, 2.155561923980713, 3.3855221271514893, 2.491358757019043, -0.3731163740158081, 3.799759864807129], [-1.8202097415924072, 1.949316382408142, -2.1444647312164307, 0.5988875031471252, 4.130906105041504, 8.770773887634277, 1.129570484161377, 0.7139008641242981, 2.0579662322998047, 0.532471239566803, 0.7689908146858215, 3.4655020236968994, -1.3086873292922974, 0.8255012035369873, 1.1807118654251099, 0.7647275328636169, -1.6515058279037476, 3.963702440261841, 1.116180181503296, 0.8623511791229248, 0.6831984519958496], [1.1792807579040527, 1.5103087425231934, 3.4571800231933594, 3.357205867767334, 1.8890384435653687, 1.129570484161377, 8.607163429260254, 2.444167375564575, -0.500333309173584, 1.0608139038085938, 1.5781006813049316, 1.4376496076583862, -0.929774284362793, -2.195960283279419, 0.4655407965183258, -2.3637917041778564, 2.7392172813415527, -0.5534268021583557, 0.3267265856266022, 2.585400104522705, 1.3769358396530151], [1.1052296161651611, -0.9100608825683594, 0.8444104194641113, 1.6545894145965576, 1.1003855466842651, 0.7139008641242981, 2.444167375564575, 9.874860763549805, -0.3902877867221832, -0.41126057505607605, 0.08581270277500153, 2.2485780715942383, 1.3400460481643677, -1.669362187385559, 0.34380781650543213, -1.5988816022872925, 1.9889525175094604, 2.4495255947113037, 2.4764699935913086, 1.328866720199585, 0.7479132413864136], [1.500024437904358, 0.6245373487472534, -0.06696423143148422, 0.3051457107067108, -0.64543616771698, 2.0579662322998047, -0.500333309173584, -0.3902877867221832, 7.506952285766602, 0.6122645139694214, -0.37295278906822205, 1.2017005681991577, 2.6731295585632324, 1.3309011459350586, 1.5428186655044556, 0.5920743942260742, 0.5584352016448975, 0.894782304763794, -0.8353192806243896, 1.2598817348480225, -0.9449269771575928], [3.156278133392334, -0.6978374719619751, 2.785959243774414, 1.049002766609192, 1.3083316087722778, 0.532471239566803, 1.0608139038085938, -0.41126057505607605, 0.6122645139694214, 7.177785873413086, -0.31220579147338867, -0.7401893138885498, 1.3088711500167847, 1.0222554206848145, 2.555995225906372, 0.8609068393707275, 3.3424220085144043, 2.487117052078247, 1.078783392906189, 3.103604793548584, 3.384314775466919], [0.4666711688041687, 0.9366247057914734, -0.8737044334411621, 0.06108436360955238, 3.264596700668335, 0.7689908146858215, 1.5781006813049316, 0.08581270277500153, -0.37295278906822205, -0.31220579147338867, 8.518357276916504, 2.3769233226776123, 0.8585516214370728, 3.8904900550842285, 0.04828110709786415, -0.5771989822387695, 2.902881622314453, 0.8865059614181519, -0.24656105041503906, -1.7312724590301514, -1.3954508304595947], [-2.492324113845825, 1.8900011777877808, -1.8681669235229492, 1.8973978757858276, 3.4891326427459717, 3.4655020236968994, 1.4376496076583862, 2.2485780715942383, 1.2017005681991577, -0.7401893138885498, 2.3769233226776123, 14.43478775024414, -0.6631492972373962, 2.785759687423706, -1.0416674613952637, -0.003524438012391329, -0.0555417537689209, 1.6407138109207153, 2.180988311767578, 1.6483924388885498, 1.2372777462005615], [3.100801706314087, -1.6412526369094849, -0.37180376052856445, 0.9754239320755005, -1.705098271369934, -1.3086873292922974, -0.929774284362793, 1.3400460481643677, 2.6731295585632324, 1.3088711500167847, 0.8585516214370728, -0.6631492972373962, 8.242870330810547, 1.1130679845809937, 2.170658588409424, 2.811178684234619, 2.7972488403320312, -0.7560837268829346, -1.1576125621795654, 0.7962953448295593, 2.409811496734619], [0.4323824942111969, 2.923393726348877, -0.4327399432659149, -0.6799129843711853, 0.8139235377311707, 0.8255012035369873, -2.195960283279419, -1.669362187385559, 1.3309011459350586, 1.0222554206848145, 3.8904900550842285, 2.785759687423706, 1.1130679845809937, 10.70284366607666, 1.8831530809402466, 3.7438790798187256, -0.033255815505981445, 1.6129133701324463, 2.57774019241333, 0.8638927340507507, 2.7045812606811523], [1.836643099784851, -0.20934069156646729, 0.2981482148170471, 1.9672316312789917, 0.35783493518829346, 1.1807118654251099, 0.4655407965183258, 0.34380781650543213, 1.5428186655044556, 2.555995225906372, 0.04828110709786415, -1.0416674613952637, 2.170658588409424, 1.8831530809402466, 6.623997688293457, 3.841526746749878, 0.9282063841819763, 1.0455584526062012, -0.7364110946655273, 2.2534589767456055, 1.0233162641525269], [-0.9628152251243591, 0.3423168361186981, 1.4932518005371094, 3.0808041095733643, -0.06945271044969559, 0.7647275328636169, -2.3637917041778564, -1.5988816022872925, 0.5920743942260742, 0.8609068393707275, -0.5771989822387695, -0.003524438012391329, 2.811178684234619, 3.7438790798187256, 3.841526746749878, 13.52304744720459, -3.9258036613464355, -0.8266705274581909, -0.4492912292480469, 1.99355149269104, 1.7602252960205078], [4.266679286956787, 2.0005061626434326, 1.8984426259994507, -0.10566732287406921, 2.155561923980713, -1.651505947113037, 2.7392172813415527, 1.988952398300171, 0.5584350824356079, 3.3424220085144043, 2.902881145477295, -0.05554120987653732, 2.7972488403320312, -0.03325609862804413, 0.9282063245773315, -3.9258038997650146, 14.772852897644043, -0.23586660623550415, 1.4358707666397095, -0.7833826541900635, -0.01031291950494051], [-0.26494795083999634, 1.1358816623687744, -0.6483902931213379, 0.7662668824195862, 3.38552188873291, 3.9637019634246826, -0.5534266829490662, 2.449525833129883, 0.8947822451591492, 2.487116813659668, 0.8865060210227966, 1.6407138109207153, -0.7560837268829346, 1.6129133701324463, 1.0455585718154907, -0.8266707062721252, -0.23586660623550415, 8.839468002319336, 2.0955536365509033, 0.8372685313224792, 1.944042444229126], [2.147434949874878, 2.4982404708862305, 2.31313419342041, -0.3652065396308899, 2.4913582801818848, 1.1161800622940063, 0.32672661542892456, 2.4764699935913086, -0.8353191614151001, 1.078783631324768, -0.24656103551387787, 2.1809885501861572, -1.1576123237609863, 2.57774019241333, -0.7364110946655273, -0.44929105043411255, 1.4358707666397095, 2.0955536365509033, 9.101364135742188, 1.1624287366867065, 2.5771520137786865], [1.8481645584106445, -0.3703714907169342, 3.6791765689849854, 3.350008249282837, -0.3731163442134857, 0.8623513579368591, 2.585400104522705, 1.3288664817810059, 1.2598813772201538, 3.1036040782928467, -1.7312724590301514, 1.6483924388885498, 0.7962952852249146, 0.8638927936553955, 2.2534592151641846, 1.9935516119003296, -0.7833826541900635, 0.8372685313224792, 1.1624287366867065, 7.467350959777832, 5.088841438293457], [4.696413993835449, 0.014055609703063965, 2.4513800144195557, 1.3230136632919312, 3.7997591495513916, 0.6831983923912048, 1.3769360780715942, 0.7479132413864136, -0.9449270367622375, 3.384314775466919, -1.3954508304595947, 1.2372775077819824, 2.4098119735717773, 2.7045810222625732, 1.0233162641525269, 1.7602252960205078, -0.010312795639038086, 1.944042444229126, 2.5771517753601074, 5.088841438293457, 17.648818969726562]], "type": "heatmap"}], "layout": {"template": {"data": {"histogram2dcontour": [{"type": "histogram2dcontour", "colorbar": {"outlinewidth": 0, "ticks": ""}, "colorscale": [[0.0, "#0d0887"], [0.1111111111111111, "#46039f"], [0.2222222222222222, "#7201a8"], [0.3333333333333333, "#9c179e"], [0.4444444444444444, "#bd3786"], [0.5555555555555556, "#d8576b"], [0.6666666666666666, "#ed7953"], [0.7777777777777778, "#fb9f3a"], [0.8888888888888888, "#fdca26"], [1.0, "#f0f921"]]}], "choropleth": [{"type": "choropleth", "colorbar": {"outlinewidth": 0, "ticks": ""}}], "histogram2d": [{"type": "histogram2d", "colorbar": {"outlinewidth": 0, "ticks": ""}, "colorscale": [[0.0, "#0d0887"], [0.1111111111111111, "#46039f"], [0.2222222222222222, "#7201a8"], [0.3333333333333333, "#9c179e"], [0.4444444444444444, "#bd3786"], [0.5555555555555556, "#d8576b"], [0.6666666666666666, "#ed7953"], [0.7777777777777778, "#fb9f3a"], [0.8888888888888888, "#fdca26"], [1.0, "#f0f921"]]}], "heatmap": [{"type": "heatmap", "colorbar": {"outlinewidth": 0, "ticks": ""}, "colorscale": [[0.0, "#0d0887"], [0.1111111111111111, "#46039f"], [0.2222222222222222, "#7201a8"], [0.3333333333333333, "#9c179e"], [0.4444444444444444, "#bd3786"], [0.5555555555555556, "#d8576b"], [0.6666666666666666, "#ed7953"], [0.7777777777777778, "#fb9f3a"], [0.8888888888888888, "#fdca26"], [1.0, "#f0f921"]]}], "heatmapgl": [{"type": "heatmapgl", "colorbar": {"outlinewidth": 0, "ticks": ""}, "colorscale": [[0.0, "#0d0887"], [0.1111111111111111, "#46039f"], [0.2222222222222222, "#7201a8"], [0.3333333333333333, "#9c179e"], [0.4444444444444444, "#bd3786"], [0.5555555555555556, "#d8576b"], [0.6666666666666666, "#ed7953"], [0.7777777777777778, "#fb9f3a"], [0.8888888888888888, "#fdca26"], [1.0, "#f0f921"]]}], "contourcarpet": [{"type": "contourcarpet", "colorbar": {"outlinewidth": 0, "ticks": ""}}], "contour": [{"type": "contour", "colorbar": {"outlinewidth": 0, "ticks": ""}, "colorscale": [[0.0, "#0d0887"], [0.1111111111111111, "#46039f"], [0.2222222222222222, "#7201a8"], [0.3333333333333333, "#9c179e"], [0.4444444444444444, "#bd3786"], [0.5555555555555556, "#d8576b"], [0.6666666666666666, "#ed7953"], [0.7777777777777778, "#fb9f3a"], [0.8888888888888888, "#fdca26"], [1.0, "#f0f921"]]}], "surface": [{"type": "surface", "colorbar": {"outlinewidth": 0, "ticks": ""}, "colorscale": [[0.0, "#0d0887"], [0.1111111111111111, "#46039f"], [0.2222222222222222, "#7201a8"], [0.3333333333333333, "#9c179e"], [0.4444444444444444, "#bd3786"], [0.5555555555555556, "#d8576b"], [0.6666666666666666, "#ed7953"], [0.7777777777777778, "#fb9f3a"], [0.8888888888888888, "#fdca26"], [1.0, "#f0f921"]]}], "mesh3d": [{"type": "mesh3d", "colorbar": {"outlinewidth": 0, "ticks": ""}}], "scatter": [{"fillpattern": {"fillmode": "overlay", "size": 10, "solidity": 0.2}, "type": "scatter"}], "parcoords": [{"type": "parcoords", "line": {"colorbar": {"outlinewidth": 0, "ticks": ""}}}], "scatterpolargl": [{"type": "scatterpolargl", "marker": {"colorbar": {"outlinewidth": 0, "ticks": ""}}}], "bar": [{"error_x": {"color": "#2a3f5f"}, "error_y": {"color": "#2a3f5f"}, "marker": {"line": {"color": "#E5ECF6", "width": 0.5}, "pattern": {"fillmode": "overlay", "size": 10, "solidity": 0.2}}, "type": "bar"}], "scattergeo": [{"type": "scattergeo", "marker": {"colorbar": {"outlinewidth": 0, "ticks": ""}}}], "scatterpolar": [{"type": "scatterpolar", "marker": {"colorbar": {"outlinewidth": 0, "ticks": ""}}}], "histogram": [{"marker": {"pattern": {"fillmode": "overlay", "size": 10, "solidity": 0.2}}, "type": "histogram"}], "scattergl": [{"type": "scattergl", "marker": {"colorbar": {"outlinewidth": 0, "ticks": ""}}}], "scatter3d": [{"type": "scatter3d", "line": {"colorbar": {"outlinewidth": 0, "ticks": ""}}, "marker": {"colorbar": {"outlinewidth": 0, "ticks": ""}}}], "scattermapbox": [{"type": "scattermapbox", "marker": {"colorbar": {"outlinewidth": 0, "ticks": ""}}}], "scatterternary": [{"type": "scatterternary", "marker": {"colorbar": {"outlinewidth": 0, "ticks": ""}}}], "scattercarpet": [{"type": "scattercarpet", "marker": {"colorbar": {"outlinewidth": 0, "ticks": ""}}}], "carpet": [{"aaxis": {"endlinecolor": "#2a3f5f", "gridcolor": "white", "linecolor": "white", "minorgridcolor": "white", "startlinecolor": "#2a3f5f"}, "baxis": {"endlinecolor": "#2a3f5f", "gridcolor": "white", "linecolor": "white", "minorgridcolor": "white", "startlinecolor": "#2a3f5f"}, "type": "carpet"}], "table": [{"cells": {"fill": {"color": "#EBF0F8"}, "line": {"color": "white"}}, "header": {"fill": {"color": "#C8D4E3"}, "line": {"color": "white"}}, "type": "table"}], "barpolar": [{"marker": {"line": {"color": "#E5ECF6", "width": 0.5}, "pattern": {"fillmode": "overlay", "size": 10, "solidity": 0.2}}, "type": "barpolar"}], "pie": [{"automargin": true, "type": "pie"}]}, "layout": {"autotypenumbers": "strict", "colorway": ["#636efa", "#EF553B", "#00cc96", "#ab63fa", "#FFA15A", "#19d3f3", "#FF6692", "#B6E880", "#FF97FF", "#FECB52"], "font": {"color": "#2a3f5f"}, "hovermode": "closest", "hoverlabel": {"align": "left"}, "paper_bgcolor": "white", "plot_bgcolor": "#E5ECF6", "polar": {"bgcolor": "#E5ECF6", "angularaxis": {"gridcolor": "white", "linecolor": "white", "ticks": ""}, "radialaxis": {"gridcolor": "white", "linecolor": "white", "ticks": ""}}, "ternary": {"bgcolor": "#E5ECF6", "aaxis": {"gridcolor": "white", "linecolor": "white", "ticks": ""}, "baxis": {"gridcolor": "white", "linecolor": "white", "ticks": ""}, "caxis": {"gridcolor": "white", "linecolor": "white", "ticks": ""}}, "coloraxis": {"colorbar": {"outlinewidth": 0, "ticks": ""}}, "colorscale": {"sequential": [[0.0, "#0d0887"], [0.1111111111111111, "#46039f"], [0.2222222222222222, "#7201a8"], [0.3333333333333333, "#9c179e"], [0.4444444444444444, "#bd3786"], [0.5555555555555556, "#d8576b"], [0.6666666666666666, "#ed7953"], [0.7777777777777778, "#fb9f3a"], [0.8888888888888888, "#fdca26"], [1.0, "#f0f921"]], "sequentialminus": [[0.0, "#0d0887"], [0.1111111111111111, "#46039f"], [0.2222222222222222, "#7201a8"], [0.3333333333333333, "#9c179e"], [0.4444444444444444, "#bd3786"], [0.5555555555555556, "#d8576b"], [0.6666666666666666, "#ed7953"], [0.7777777777777778, "#fb9f3a"], [0.8888888888888888, "#fdca26"], [1.0, "#f0f921"]], "diverging": [[0, "#8e0152"], [0.1, "#c51b7d"], [0.2, "#de77ae"], [0.3, "#f1b6da"], [0.4, "#fde0ef"], [0.5, "#f7f7f7"], [0.6, "#e6f5d0"], [0.7, "#b8e186"], [0.8, "#7fbc41"], [0.9, "#4d9221"], [1, "#276419"]]}, "xaxis": {"gridcolor": "white", "linecolor": "white", "ticks": "", "title": {"standoff": 15}, "zerolinecolor": "white", "automargin": true, "zerolinewidth": 2}, "yaxis": {"gridcolor": "white", "linecolor": "white", "ticks": "", "title": {"standoff": 15}, "zerolinecolor": "white", "automargin": true, "zerolinewidth": 2}, "scene": {"xaxis": {"backgroundcolor": "#E5ECF6", "gridcolor": "white", "linecolor": "white", "showbackground": true, "ticks": "", "zerolinecolor": "white", "gridwidth": 2}, "yaxis": {"backgroundcolor": "#E5ECF6", "gridcolor": "white", "linecolor": "white", "showbackground": true, "ticks": "", "zerolinecolor": "white", "gridwidth": 2}, "zaxis": {"backgroundcolor": "#E5ECF6", "gridcolor": "white", "linecolor": "white", "showbackground": true, "ticks": "", "zerolinecolor": "white", "gridwidth": 2}}, "shapedefaults": {"line": {"color": "#2a3f5f"}}, "annotationdefaults": {"arrowcolor": "#2a3f5f", "arrowhead": 0, "arrowwidth": 1}, "geo": {"bgcolor": "white", "landcolor": "#E5ECF6", "subunitcolor": "white", "showland": true, "showlakes": true, "lakecolor": "white"}, "title": {"x": 0.05}, "mapbox": {"style": "light"}}}}}