{"data": [{"z": [[8.192220687866211, 0.2644064724445343, 3.5195579528808594, 0.23450329899787903, -1.3289731740951538, -1.8451982736587524, 1.3413341045379639, 1.172954797744751, 1.6100785732269287, 3.0867059230804443, 0.5082579255104065, -2.344808578491211, 2.844538450241089, 0.39750781655311584, 1.7021535634994507, -0.8880138993263245, 4.031776428222656, -0.1950281709432602, 2.173407793045044, 1.669255256652832, 4.371024131774902], [0.2644064724445343, 6.811067581176758, -0.269491970539093, 0.30220526456832886, 2.093641757965088, 1.8874863386154175, 1.3656387329101562, -0.8373810648918152, 0.6096324324607849, -0.6390641331672668, 0.8369285464286804, 1.8149679899215698, -1.5904337167739868, 2.6672263145446777, -0.11239517480134964, 0.2954740524291992, 1.9786720275878906, 1.0734901428222656, 2.3312301635742188, -0.3273911476135254, 0.011920154094696045], [3.5195579528808594, -0.269491970539093, 10.317940711975098, 3.9708497524261475, 0.4087079167366028, -1.9768438339233398, 3.260589122772217, 0.8775638937950134, -0.0394517257809639, 2.6266891956329346, -0.7794485688209534, -1.7183785438537598, -0.3054206371307373, -0.461014986038208, 0.2407863736152649, 1.3816065788269043, 1.82566237449646, -0.5566565990447998, 2.204911708831787, 3.4526596069335938, 2.361065149307251], [0.23450329899787903, 0.30220526456832886, 3.9708497524261475, 8.104389190673828, 1.5901743173599243, 0.5509209036827087, 3.2700583934783936, 1.6108272075653076, 0.40757930278778076, 0.9959105253219604, 0.16151440143585205, 1.851324439048767, 0.9081867337226868, -0.7034123539924622, 1.9608629941940308, 2.9967122077941895, -0.07000267505645752, 0.8673281073570251, -0.2934888005256653, 3.1621479988098145, 1.0950976610183716], [-1.3289731740951538, 2.093641757965088, 0.4087079167366028, 1.5901743173599243, 12.069321632385254, 3.979835033416748, 1.9356220960617065, 1.1434156894683838, -0.5634669661521912, 1.2190041542053223, 3.139029026031494, 3.4224624633789062, -1.7636741399765015, 0.9413025379180908, 0.46813735365867615, -0.10215888917446136, 2.121062755584717, 3.247384548187256, 2.426255702972412, -0.29583585262298584, 3.7345728874206543], [-1.8451982736587524, 1.8874863386154175, -1.9768438339233398, 0.5509209036827087, 3.979835033416748, 8.304662704467773, 1.173997402191162, 0.7238220572471619, 1.988640308380127, 0.5569846034049988, 0.6713386178016663, 3.381956100463867, -1.3169915676116943, 0.7978743314743042, 1.162878155708313, 0.7204517126083374, -1.4458229541778564, 3.7149436473846436, 1.2596672773361206, 0.7905441522598267, 0.5581921339035034], [1.3413341045379639, 1.3656387329101562, 3.260589122772217, 3.2700583934783936, 1.9356220960617065, 1.173997402191162, 8.033780097961426, 2.3994140625, -0.3900209367275238, 0.9736823439598083, 1.5240105390548706, 1.5708132982254028, -0.8185899257659912, -2.0404417514801025, 0.4596629738807678, -2.263928174972534, 2.650235652923584, -0.4021260738372803, 0.27580127120018005, 2.393557071685791, 1.3951725959777832], [1.172954797744751, -0.8373810648918152, 0.8775638937950134, 1.6108272075653076, 1.1434156894683838, 0.7238220572471619, 2.3994140625, 9.628175735473633, -0.2620430886745453, -0.438139408826828, 0.009073206223547459, 2.298860788345337, 1.234660267829895, -1.4904885292053223, 0.36614692211151123, -1.492578148841858, 1.983985424041748, 2.425433397293091, 2.4525833129882812, 1.2351036071777344, 0.9345211386680603], [1.6100785732269287, 0.6096324324607849, -0.0394517257809639, 0.40757930278778076, -0.5634669661521912, 1.988640308380127, -0.3900209367275238, -0.2620430886745453, 7.020613193511963, 0.6513631939888, -0.459246963262558, 1.1619715690612793, 2.491107225418091, 1.1892871856689453, 1.5260947942733765, 0.6357622742652893, 0.7220943570137024, 0.9528002738952637, -0.7990007400512695, 1.2628059387207031, -0.7654982805252075], [3.0867059230804443, -0.6390641331672668, 2.6266891956329346, 0.9959105253219604, 1.2190041542053223, 0.5569846034049988, 0.9736823439598083, -0.438139408826828, 0.6513631939888, 6.8039870262146, -0.2611851394176483, -0.5650771260261536, 1.1517432928085327, 1.0130499601364136, 2.4625585079193115, 0.8400875926017761, 3.244105577468872, 2.319003105163574, 0.9894980192184448, 2.900693893432617, 3.3199663162231445], [0.5082579255104065, 0.8369285464286804, -0.7794485688209534, 0.16151440143585205, 3.139029026031494, 0.6713386178016663, 1.5240105390548706, 0.009073206223547459, -0.459246963262558, -0.2611851394176483, 7.977856159210205, 2.293064832687378, 0.8049548864364624, 3.5737457275390625, 0.17061330378055573, -0.608659029006958, 2.8417675495147705, 0.737762451171875, -0.2751590609550476, -1.6021668910980225, -1.2738581895828247], [-2.344808578491211, 1.8149679899215698, -1.7183785438537598, 1.851324439048767, 3.4224624633789062, 3.381956100463867, 1.5708132982254028, 2.298860788345337, 1.1619715690612793, -0.5650771260261536, 2.293064832687378, 13.881763458251953, -0.6056987047195435, 2.5828747749328613, -0.9033631086349487, -0.09390963613986969, 0.030524253845214844, 1.5911365747451782, 2.079925775527954, 1.575257658958435, 1.3009414672851562], [2.844538450241089, -1.5904337167739868, -0.3054206371307373, 0.9081867337226868, -1.7636741399765015, -1.3169915676116943, -0.8185899257659912, 1.234660267829895, 2.491107225418091, 1.1517432928085327, 0.8049548864364624, -0.6056987047195435, 7.819802761077881, 1.0667991638183594, 2.140932321548462, 2.5970752239227295, 2.684412956237793, -0.7691471576690674, -1.1938279867172241, 0.7795834541320801, 2.280142307281494], [0.39750781655311584, 2.6672263145446777, -0.461014986038208, -0.7034123539924622, 0.9413025379180908, 0.7978743314743042, -2.0404417514801025, -1.4904885292053223, 1.1892871856689453, 1.0130499601364136, 3.5737457275390625, 2.5828747749328613, 1.0667991638183594, 10.090758323669434, 1.7956496477127075, 3.5347323417663574, -0.01634204387664795, 1.4921622276306152, 2.385207414627075, 0.8051019310951233, 2.688236713409424], [1.7021535634994507, -0.11239517480134964, 0.2407863736152649, 1.9608629941940308, 0.46813735365867615, 1.162878155708313, 0.4596629738807678, 0.36614692211151123, 1.5260947942733765, 2.4625585079193115, 0.17061330378055573, -0.9033631086349487, 2.140932321548462, 1.7956496477127075, 6.3890275955200195, 3.699479103088379, 1.0037853717803955, 1.0935012102127075, -0.669879674911499, 2.2470951080322266, 0.9041701555252075], [-0.8880138993263245, 0.2954740524291992, 1.3816065788269043, 2.9967122077941895, -0.10215888917446136, 0.7204517126083374, -2.263928174972534, -1.492578148841858, 0.6357622742652893, 0.8400875926017761, -0.608659029006958, -0.09390963613986969, 2.5970752239227295, 3.5347323417663574, 3.699479103088379, 12.997796058654785, -3.659986734390259, -0.9069786071777344, -0.4839920997619629, 1.8199518918991089, 1.6786575317382812], [4.0317769050598145, 1.9786723852157593, 1.8256620168685913, -0.07000260800123215, 2.1210625171661377, -1.445822834968567, 2.650235176086426, 1.983985424041748, 0.7220940589904785, 3.244105577468872, 2.8417670726776123, 0.03052380122244358, 2.684412717819214, -0.016342317685484886, 1.0037853717803955, -3.659986734390259, 14.228269577026367, -0.04493933916091919, 1.3679347038269043, -0.7185962200164795, -0.006238540168851614], [-0.19502806663513184, 1.0734902620315552, -0.5566565990447998, 0.8673281073570251, 3.247384786605835, 3.7149438858032227, -0.4021260738372803, 2.425433397293091, 0.9528001546859741, 2.319003105163574, 0.7377622723579407, 1.5911366939544678, -0.7691472172737122, 1.4921622276306152, 1.093501329421997, -0.9069787263870239, -0.04493933916091919, 8.470491409301758, 2.0255789756774902, 0.8073239326477051, 1.8961505889892578], [2.173407793045044, 2.3312301635742188, 2.204911470413208, -0.29348859190940857, 2.426255702972412, 1.2596672773361206, 0.27580130100250244, 2.4525833129882812, -0.7990007996559143, 0.9894978404045105, -0.27515915036201477, 2.079926013946533, -1.1938278675079346, 2.385207414627075, -0.6698796153068542, -0.48399198055267334, 1.3679347038269043, 2.0255789756774902, 8.631502151489258, 1.056847095489502, 2.5162038803100586], [1.6692551374435425, -0.3273911774158478, 3.4526591300964355, 3.1621482372283936, -0.29583585262298584, 0.7905442714691162, 2.393556833267212, 1.235103726387024, 1.2628059387207031, 2.9006943702697754, -1.6021668910980225, 1.5752575397491455, 0.7795833945274353, 0.8051019310951233, 2.2470953464508057, 1.8199516534805298, -0.7185962200164795, 0.8073239326477051, 1.056847095489502, 7.061603546142578, 4.894245624542236], [4.371024131774902, 0.011920034885406494, 2.36106538772583, 1.095097541809082, 3.734572649002075, 0.5581923127174377, 1.3951724767684937, 0.9345210790634155, -0.7654983997344971, 3.3199660778045654, -1.2738579511642456, 1.3009415864944458, 2.280142068862915, 2.6882364749908447, 0.9041702151298523, 1.6786574125289917, -0.006238460540771484, 1.8961502313613892, 2.5162038803100586, 4.894245624542236, 17.648818969726562]], "type": "heatmap"}], "layout": {"template": {"data": {"histogram2dcontour": [{"type": "histogram2dcontour", "colorbar": {"outlinewidth": 0, "ticks": ""}, "colorscale": [[0.0, "#0d0887"], [0.1111111111111111, "#46039f"], [0.2222222222222222, "#7201a8"], [0.3333333333333333, "#9c179e"], [0.4444444444444444, "#bd3786"], [0.5555555555555556, "#d8576b"], [0.6666666666666666, "#ed7953"], [0.7777777777777778, "#fb9f3a"], [0.8888888888888888, "#fdca26"], [1.0, "#f0f921"]]}], "choropleth": [{"type": "choropleth", "colorbar": {"outlinewidth": 0, "ticks": ""}}], "histogram2d": [{"type": "histogram2d", "colorbar": {"outlinewidth": 0, "ticks": ""}, "colorscale": [[0.0, "#0d0887"], [0.1111111111111111, "#46039f"], [0.2222222222222222, "#7201a8"], [0.3333333333333333, "#9c179e"], [0.4444444444444444, "#bd3786"], [0.5555555555555556, "#d8576b"], [0.6666666666666666, "#ed7953"], [0.7777777777777778, "#fb9f3a"], [0.8888888888888888, "#fdca26"], [1.0, "#f0f921"]]}], "heatmap": [{"type": "heatmap", "colorbar": {"outlinewidth": 0, "ticks": ""}, "colorscale": [[0.0, "#0d0887"], [0.1111111111111111, "#46039f"], [0.2222222222222222, "#7201a8"], [0.3333333333333333, "#9c179e"], [0.4444444444444444, "#bd3786"], [0.5555555555555556, "#d8576b"], [0.6666666666666666, "#ed7953"], [0.7777777777777778, "#fb9f3a"], [0.8888888888888888, "#fdca26"], [1.0, "#f0f921"]]}], "heatmapgl": [{"type": "heatmapgl", "colorbar": {"outlinewidth": 0, "ticks": ""}, "colorscale": [[0.0, "#0d0887"], [0.1111111111111111, "#46039f"], [0.2222222222222222, "#7201a8"], [0.3333333333333333, "#9c179e"], [0.4444444444444444, "#bd3786"], [0.5555555555555556, "#d8576b"], [0.6666666666666666, "#ed7953"], [0.7777777777777778, "#fb9f3a"], [0.8888888888888888, "#fdca26"], [1.0, "#f0f921"]]}], "contourcarpet": [{"type": "contourcarpet", "colorbar": {"outlinewidth": 0, "ticks": ""}}], "contour": [{"type": "contour", "colorbar": {"outlinewidth": 0, "ticks": ""}, "colorscale": [[0.0, "#0d0887"], [0.1111111111111111, "#46039f"], [0.2222222222222222, "#7201a8"], [0.3333333333333333, "#9c179e"], [0.4444444444444444, "#bd3786"], [0.5555555555555556, "#d8576b"], [0.6666666666666666, "#ed7953"], [0.7777777777777778, "#fb9f3a"], [0.8888888888888888, "#fdca26"], [1.0, "#f0f921"]]}], "surface": [{"type": "surface", "colorbar": {"outlinewidth": 0, "ticks": ""}, "colorscale": [[0.0, "#0d0887"], [0.1111111111111111, "#46039f"], [0.2222222222222222, "#7201a8"], [0.3333333333333333, "#9c179e"], [0.4444444444444444, "#bd3786"], [0.5555555555555556, "#d8576b"], [0.6666666666666666, "#ed7953"], [0.7777777777777778, "#fb9f3a"], [0.8888888888888888, "#fdca26"], [1.0, "#f0f921"]]}], "mesh3d": [{"type": "mesh3d", "colorbar": {"outlinewidth": 0, "ticks": ""}}], "scatter": [{"fillpattern": {"fillmode": "overlay", "size": 10, "solidity": 0.2}, "type": "scatter"}], "parcoords": [{"type": "parcoords", "line": {"colorbar": {"outlinewidth": 0, "ticks": ""}}}], "scatterpolargl": [{"type": "scatterpolargl", "marker": {"colorbar": {"outlinewidth": 0, "ticks": ""}}}], "bar": [{"error_x": {"color": "#2a3f5f"}, "error_y": {"color": "#2a3f5f"}, "marker": {"line": {"color": "#E5ECF6", "width": 0.5}, "pattern": {"fillmode": "overlay", "size": 10, "solidity": 0.2}}, "type": "bar"}], "scattergeo": [{"type": "scattergeo", "marker": {"colorbar": {"outlinewidth": 0, "ticks": ""}}}], "scatterpolar": [{"type": "scatterpolar", "marker": {"colorbar": {"outlinewidth": 0, "ticks": ""}}}], "histogram": [{"marker": {"pattern": {"fillmode": "overlay", "size": 10, "solidity": 0.2}}, "type": "histogram"}], "scattergl": [{"type": "scattergl", "marker": {"colorbar": {"outlinewidth": 0, "ticks": ""}}}], "scatter3d": [{"type": "scatter3d", "line": {"colorbar": {"outlinewidth": 0, "ticks": ""}}, "marker": {"colorbar": {"outlinewidth": 0, "ticks": ""}}}], "scattermapbox": [{"type": "scattermapbox", "marker": {"colorbar": {"outlinewidth": 0, "ticks": ""}}}], "scatterternary": [{"type": "scatterternary", "marker": {"colorbar": {"outlinewidth": 0, "ticks": ""}}}], "scattercarpet": [{"type": "scattercarpet", "marker": {"colorbar": {"outlinewidth": 0, "ticks": ""}}}], "carpet": [{"aaxis": {"endlinecolor": "#2a3f5f", "gridcolor": "white", "linecolor": "white", "minorgridcolor": "white", "startlinecolor": "#2a3f5f"}, "baxis": {"endlinecolor": "#2a3f5f", "gridcolor": "white", "linecolor": "white", "minorgridcolor": "white", "startlinecolor": "#2a3f5f"}, "type": "carpet"}], "table": [{"cells": {"fill": {"color": "#EBF0F8"}, "line": {"color": "white"}}, "header": {"fill": {"color": "#C8D4E3"}, "line": {"color": "white"}}, "type": "table"}], "barpolar": [{"marker": {"line": {"color": "#E5ECF6", "width": 0.5}, "pattern": {"fillmode": "overlay", "size": 10, "solidity": 0.2}}, "type": "barpolar"}], "pie": [{"automargin": true, "type": "pie"}]}, "layout": {"autotypenumbers": "strict", "colorway": ["#636efa", "#EF553B", "#00cc96", "#ab63fa", "#FFA15A", "#19d3f3", "#FF6692", "#B6E880", "#FF97FF", "#FECB52"], "font": {"color": "#2a3f5f"}, "hovermode": "closest", "hoverlabel": {"align": "left"}, "paper_bgcolor": "white", "plot_bgcolor": "#E5ECF6", "polar": {"bgcolor": "#E5ECF6", "angularaxis": {"gridcolor": "white", "linecolor": "white", "ticks": ""}, "radialaxis": {"gridcolor": "white", "linecolor": "white", "ticks": ""}}, "ternary": {"bgcolor": "#E5ECF6", "aaxis": {"gridcolor": "white", "linecolor": "white", "ticks": ""}, "baxis": {"gridcolor": "white", "linecolor": "white", "ticks": ""}, "caxis": {"gridcolor": "white", "linecolor": "white", "ticks": ""}}, "coloraxis": {"colorbar": {"outlinewidth": 0, "ticks": ""}}, "colorscale": {"sequential": [[0.0, "#0d0887"], [0.1111111111111111, "#46039f"], [0.2222222222222222, "#7201a8"], [0.3333333333333333, "#9c179e"], [0.4444444444444444, "#bd3786"], [0.5555555555555556, "#d8576b"], [0.6666666666666666, "#ed7953"], [0.7777777777777778, "#fb9f3a"], [0.8888888888888888, "#fdca26"], [1.0, "#f0f921"]], "sequentialminus": [[0.0, "#0d0887"], [0.1111111111111111, "#46039f"], [0.2222222222222222, "#7201a8"], [0.3333333333333333, "#9c179e"], [0.4444444444444444, "#bd3786"], [0.5555555555555556, "#d8576b"], [0.6666666666666666, "#ed7953"], [0.7777777777777778, "#fb9f3a"], [0.8888888888888888, "#fdca26"], [1.0, "#f0f921"]], "diverging": [[0, "#8e0152"], [0.1, "#c51b7d"], [0.2, "#de77ae"], [0.3, "#f1b6da"], [0.4, "#fde0ef"], [0.5, "#f7f7f7"], [0.6, "#e6f5d0"], [0.7, "#b8e186"], [0.8, "#7fbc41"], [0.9, "#4d9221"], [1, "#276419"]]}, "xaxis": {"gridcolor": "white", "linecolor": "white", "ticks": "", "title": {"standoff": 15}, "zerolinecolor": "white", "automargin": true, "zerolinewidth": 2}, "yaxis": {"gridcolor": "white", "linecolor": "white", "ticks": "", "title": {"standoff": 15}, "zerolinecolor": "white", "automargin": true, "zerolinewidth": 2}, "scene": {"xaxis": {"backgroundcolor": "#E5ECF6", "gridcolor": "white", "linecolor": "white", "showbackground": true, "ticks": "", "zerolinecolor": "white", "gridwidth": 2}, "yaxis": {"backgroundcolor": "#E5ECF6", "gridcolor": "white", "linecolor": "white", "showbackground": true, "ticks": "", "zerolinecolor": "white", "gridwidth": 2}, "zaxis": {"backgroundcolor": "#E5ECF6", "gridcolor": "white", "linecolor": "white", "showbackground": true, "ticks": "", "zerolinecolor": "white", "gridwidth": 2}}, "shapedefaults": {"line": {"color": "#2a3f5f"}}, "annotationdefaults": {"arrowcolor": "#2a3f5f", "arrowhead": 0, "arrowwidth": 1}, "geo": {"bgcolor": "white", "landcolor": "#E5ECF6", "subunitcolor": "white", "showland": true, "showlakes": true, "lakecolor": "white"}, "title": {"x": 0.05}, "mapbox": {"style": "light"}}}}}