{"data": [{"z": [[13.564764022827148, 0.5718355178833008, 4.397698879241943, 0.30419182777404785, -1.8883363008499146, -2.9460322856903076, 0.3724895715713501, 0.9614264965057373, 1.5244470834732056, 3.754795551300049, 0.5988717675209045, -3.4621427059173584, 3.799212694168091, 0.05122176557779312, 1.9919911623001099, -1.4008723497390747, 5.1220293045043945, -1.1267198324203491, 2.145318031311035, 1.0209311246871948, 5.838369369506836], [0.5718355178833008, 9.11345386505127, -0.19556377828121185, 0.10106988996267319, 2.6514265537261963, 2.3961613178253174, 1.6102232933044434, -1.3127048015594482, 0.6080568432807922, -1.1269890069961548, 1.6235334873199463, 2.4691240787506104, -2.1253809928894043, 4.208823204040527, -0.5419248342514038, 0.49250859022140503, 2.4685418605804443, 1.5113333463668823, 3.0750205516815186, -0.8593149185180664, 0.4379301071166992], [4.397698879241943, -0.19556377828121185, 15.182225227355957, 4.8904924392700195, -0.4547961354255676, -3.3896677494049072, 4.704959392547607, 0.9381791949272156, -0.45348191261291504, 3.191574811935425, -1.0229169130325317, -2.626063585281372, -1.076272964477539, -0.33403074741363525, -0.23968535661697388, 1.4248387813568115, 2.1036620140075684, -1.5034656524658203, 2.6177520751953125, 4.574648857116699, 2.329631805419922], [0.30419182777404785, 0.10106988996267319, 4.8904924392700195, 11.513335227966309, 1.5656745433807373, 0.3184601068496704, 4.1978278160095215, 1.8610206842422485, -0.13501225411891937, 0.9335123896598816, -0.5040505528450012, 2.0107686519622803, 0.7923699617385864, -1.3819454908370972, 2.233297109603882, 4.003681182861328, -0.28638482093811035, 0.1935967206954956, -0.7762042284011841, 4.282605171203613, 1.6215882301330566], [-1.8883363008499146, 2.6514265537261963, -0.4547961354255676, 1.5656745433807373, 17.02463722229004, 5.117056846618652, 2.165215253829956, 1.3045300245285034, -1.5609155893325806, 1.6822892427444458, 4.199256420135498, 3.7952513694763184, -1.6276395320892334, -0.13038770854473114, 0.16824644804000854, -0.41845741868019104, 2.858475685119629, 4.377745628356934, 2.7474608421325684, -1.1656298637390137, 4.5621657371521], [-2.9460322856903076, 2.3961613178253174, -3.3896677494049072, 0.3184601068496704, 5.117056846618652, 11.196308135986328, 1.1612157821655273, 0.647502601146698, 2.933826208114624, 0.20325498282909393, 1.4216779470443726, 4.308989524841309, -1.7208539247512817, 0.8211654424667358, 1.425365686416626, 1.2051897048950195, -2.9549503326416016, 5.417233467102051, 0.895054817199707, 0.3967002034187317, 0.4523446559906006], [0.3724895715713501, 1.6102232933044434, 4.704959392547607, 4.1978278160095215, 2.165215253829956, 1.1612157821655273, 12.334432601928711, 3.2061314582824707, -0.8363081216812134, 1.565096139907837, 1.9304449558258057, 0.8436924815177917, -1.7933300733566284, -2.8659257888793945, 0.17563848197460175, -3.402632236480713, 3.692460298538208, -1.4742459058761597, -0.37930893898010254, 3.6713430881500244, 1.750767469406128], [0.9614264965057373, -1.3127048015594482, 0.9381791949272156, 1.8610206842422485, 1.3045300245285034, 0.647502601146698, 3.2061314582824707, 11.822253227233887, -0.5574666261672974, -0.5429055094718933, 0.4929830729961395, 2.6788058280944824, 1.8614180088043213, -2.205688953399658, 0.29535946249961853, -1.9759958982467651, 2.3929219245910645, 2.9201507568359375, 2.903923988342285, 1.341208577156067, 0.9422882795333862], [1.5244470834732056, 0.6080568432807922, -0.45348191261291504, -0.13501225411891937, -1.5609155893325806, 2.933826208114624, -0.8363081216812134, -0.5574666261672974, 10.555378913879395, -0.18819862604141235, -0.35957857966423035, 1.6155153512954712, 3.3717498779296875, 2.0232484340667725, 1.6599910259246826, 0.1657707542181015, 0.18761003017425537, 0.6261845827102661, -1.5340090990066528, 0.5903486609458923, -1.2101298570632935], [3.754795551300049, -1.1269890069961548, 3.191574811935425, 0.9335123896598816, 1.6822892427444458, 0.20325498282909393, 1.565096139907837, -0.5429055094718933, -0.18819862604141235, 8.908961296081543, -0.49827778339385986, -1.6269629001617432, 1.4430750608444214, 0.1903771460056305, 2.6273353099823, 0.8102011680603027, 3.9349091053009033, 2.6602988243103027, 1.3713399171829224, 3.7149202823638916, 3.5161123275756836], [0.5988717675209045, 1.6235334873199463, -1.0229169130325317, -0.5040505528450012, 4.199256420135498, 1.4216779470443726, 1.9304449558258057, 0.4929830729961395, -0.35957857966423035, -0.49827778339385986, 12.053972244262695, 3.251370906829834, 0.85111403465271, 5.63844108581543, -0.5676687955856323, -0.8468542695045471, 4.100016117095947, 1.2481321096420288, -0.4611046314239502, -2.846498727798462, -2.0660905838012695], [-3.4621427059173584, 2.4691240787506104, -2.626063585281372, 2.0107686519622803, 3.7952513694763184, 4.308989524841309, 0.8436924815177917, 2.6788058280944824, 1.6155153512954712, -1.6269629001617432, 3.251370906829834, 19.304916381835938, -0.8354595303535461, 3.7972121238708496, -1.9721224308013916, 0.08946000039577484, -0.5417361259460449, 2.1790952682495117, 2.8010635375976562, 1.3063476085662842, 1.243072748184204], [3.799212694168091, -2.1253809928894043, -1.076272964477539, 0.7923699617385864, -1.6276395320892334, -1.7208539247512817, -1.7933300733566284, 1.8614180088043213, 3.3717498779296875, 1.4430750608444214, 0.85111403465271, -0.8354595303535461, 10.891901969909668, 0.778994083404541, 2.767641544342041, 3.240445137023926, 3.4223127365112305, -1.0078814029693604, -1.4036924839019775, 0.6886368989944458, 2.9073710441589355], [0.05122176557779312, 4.208823204040527, -0.33403074741363525, -1.3819454908370972, -0.13038770854473114, 0.8211654424667358, -2.8659257888793945, -2.205688953399658, 2.0232484340667725, 0.1903771460056305, 5.63844108581543, 3.7972121238708496, 0.778994083404541, 14.30888557434082, 1.9199740886688232, 4.696622848510742, -0.3710825443267822, 1.7611364126205444, 3.3914132118225098, 0.6436260342597961, 2.3330657482147217], [1.9919911623001099, -0.5419248342514038, -0.23968535661697388, 2.233297109603882, 0.16824644804000854, 1.425365686416626, 0.17563848197460175, 0.29535946249961853, 1.6599910259246826, 2.6273353099823, -0.5676687955856323, -1.9721224308013916, 2.767641544342041, 1.9199740886688232, 8.582964897155762, 4.9169392585754395, 0.7835468053817749, 0.9819104671478271, -1.293185830116272, 2.738312244415283, 1.2050747871398926], [-1.4008723497390747, 0.49250859022140503, 1.4248387813568115, 4.003681182861328, -0.41845741868019104, 1.2051897048950195, -3.402632236480713, -1.9759958982467651, 0.1657707542181015, 0.8102011680603027, -0.8468542695045471, 0.08946000039577484, 3.240445137023926, 4.696622848510742, 4.9169392585754395, 17.074148178100586, -5.145595073699951, -0.8983433246612549, -0.5252285003662109, 2.4448301792144775, 1.5289041996002197], [5.1220293045043945, 2.4685420989990234, 2.103661298751831, -0.2863845229148865, 2.858475685119629, -2.9549505710601807, 3.692460298538208, 2.3929221630096436, 0.18761011958122253, 3.934908866882324, 4.100015640258789, -0.5417367815971375, 3.4223124980926514, -0.3710828125476837, 0.7835466861724854, -5.145595073699951, 18.963275909423828, -1.1697778701782227, 1.743438720703125, -1.470048189163208, -0.219781756401062], [-1.1267203092575073, 1.5113331079483032, -1.5034652948379517, 0.19359678030014038, 4.377746105194092, 5.417232513427734, -1.4742459058761597, 2.9201509952545166, 0.6261846423149109, 2.660299062728882, 1.2481321096420288, 2.1790952682495117, -1.0078812837600708, 1.7611362934112549, 0.9819105267524719, -0.8983429074287415, -1.1697778701782227, 11.471965789794922, 2.2542319297790527, 1.0002055168151855, 2.1894145011901855], [2.145317792892456, 3.0750205516815186, 2.6177523136138916, -0.7762043476104736, 2.747460126876831, 0.8950547575950623, -0.37930917739868164, 2.9039242267608643, -1.5340088605880737, 1.3713397979736328, -0.46110451221466064, 2.8010637760162354, -1.403692603111267, 3.3914132118225098, -1.2931855916976929, -0.5252282619476318, 1.743438720703125, 2.2542319297790527, 12.004981994628906, 1.2064894437789917, 2.861976146697998], [1.0209311246871948, -0.8593149185180664, 4.574648380279541, 4.282604694366455, -1.1656297445297241, 0.39670026302337646, 3.6713428497314453, 1.341208577156067, 0.5903488397598267, 3.7149202823638916, -2.846498727798462, 1.3063474893569946, 0.6886370182037354, 0.6436260342597961, 2.738312005996704, 2.4448299407958984, -1.470048189163208, 1.0002055168151855, 1.2064894437789917, 10.298973083496094, 5.736993789672852], [5.838369369506836, 0.43793022632598877, 2.329632043838501, 1.621588110923767, 4.5621657371521, 0.45234453678131104, 1.750767469406128, 0.9422882795333862, -1.2101296186447144, 3.5161125659942627, -2.0660910606384277, 1.2430728673934937, 2.9073712825775146, 2.3330657482147217, 1.2050747871398926, 1.5289041996002197, -0.21978171169757843, 2.1894145011901855, 2.861976146697998, 5.736992835998535, 17.648818969726562]], "type": "heatmap"}], "layout": {"template": {"data": {"histogram2dcontour": [{"type": "histogram2dcontour", "colorbar": {"outlinewidth": 0, "ticks": ""}, "colorscale": [[0.0, "#0d0887"], [0.1111111111111111, "#46039f"], [0.2222222222222222, "#7201a8"], [0.3333333333333333, "#9c179e"], [0.4444444444444444, "#bd3786"], [0.5555555555555556, "#d8576b"], [0.6666666666666666, "#ed7953"], [0.7777777777777778, "#fb9f3a"], [0.8888888888888888, "#fdca26"], [1.0, "#f0f921"]]}], "choropleth": [{"type": "choropleth", "colorbar": {"outlinewidth": 0, "ticks": ""}}], "histogram2d": [{"type": "histogram2d", "colorbar": {"outlinewidth": 0, "ticks": ""}, "colorscale": [[0.0, "#0d0887"], [0.1111111111111111, "#46039f"], [0.2222222222222222, "#7201a8"], [0.3333333333333333, "#9c179e"], [0.4444444444444444, "#bd3786"], [0.5555555555555556, "#d8576b"], [0.6666666666666666, "#ed7953"], [0.7777777777777778, "#fb9f3a"], [0.8888888888888888, "#fdca26"], [1.0, "#f0f921"]]}], "heatmap": [{"type": "heatmap", "colorbar": {"outlinewidth": 0, "ticks": ""}, "colorscale": [[0.0, "#0d0887"], [0.1111111111111111, "#46039f"], [0.2222222222222222, "#7201a8"], [0.3333333333333333, "#9c179e"], [0.4444444444444444, "#bd3786"], [0.5555555555555556, "#d8576b"], [0.6666666666666666, "#ed7953"], [0.7777777777777778, "#fb9f3a"], [0.8888888888888888, "#fdca26"], [1.0, "#f0f921"]]}], "heatmapgl": [{"type": "heatmapgl", "colorbar": {"outlinewidth": 0, "ticks": ""}, "colorscale": [[0.0, "#0d0887"], [0.1111111111111111, "#46039f"], [0.2222222222222222, "#7201a8"], [0.3333333333333333, "#9c179e"], [0.4444444444444444, "#bd3786"], [0.5555555555555556, "#d8576b"], [0.6666666666666666, "#ed7953"], [0.7777777777777778, "#fb9f3a"], [0.8888888888888888, "#fdca26"], [1.0, "#f0f921"]]}], "contourcarpet": [{"type": "contourcarpet", "colorbar": {"outlinewidth": 0, "ticks": ""}}], "contour": [{"type": "contour", "colorbar": {"outlinewidth": 0, "ticks": ""}, "colorscale": [[0.0, "#0d0887"], [0.1111111111111111, "#46039f"], [0.2222222222222222, "#7201a8"], [0.3333333333333333, "#9c179e"], [0.4444444444444444, "#bd3786"], [0.5555555555555556, "#d8576b"], [0.6666666666666666, "#ed7953"], [0.7777777777777778, "#fb9f3a"], [0.8888888888888888, "#fdca26"], [1.0, "#f0f921"]]}], "surface": [{"type": "surface", "colorbar": {"outlinewidth": 0, "ticks": ""}, "colorscale": [[0.0, "#0d0887"], [0.1111111111111111, "#46039f"], [0.2222222222222222, "#7201a8"], [0.3333333333333333, "#9c179e"], [0.4444444444444444, "#bd3786"], [0.5555555555555556, "#d8576b"], [0.6666666666666666, "#ed7953"], [0.7777777777777778, "#fb9f3a"], [0.8888888888888888, "#fdca26"], [1.0, "#f0f921"]]}], "mesh3d": [{"type": "mesh3d", "colorbar": {"outlinewidth": 0, "ticks": ""}}], "scatter": [{"fillpattern": {"fillmode": "overlay", "size": 10, "solidity": 0.2}, "type": "scatter"}], "parcoords": [{"type": "parcoords", "line": {"colorbar": {"outlinewidth": 0, "ticks": ""}}}], "scatterpolargl": [{"type": "scatterpolargl", "marker": {"colorbar": {"outlinewidth": 0, "ticks": ""}}}], "bar": [{"error_x": {"color": "#2a3f5f"}, "error_y": {"color": "#2a3f5f"}, "marker": {"line": {"color": "#E5ECF6", "width": 0.5}, "pattern": {"fillmode": "overlay", "size": 10, "solidity": 0.2}}, "type": "bar"}], "scattergeo": [{"type": "scattergeo", "marker": {"colorbar": {"outlinewidth": 0, "ticks": ""}}}], "scatterpolar": [{"type": "scatterpolar", "marker": {"colorbar": {"outlinewidth": 0, "ticks": ""}}}], "histogram": [{"marker": {"pattern": {"fillmode": "overlay", "size": 10, "solidity": 0.2}}, "type": "histogram"}], "scattergl": [{"type": "scattergl", "marker": {"colorbar": {"outlinewidth": 0, "ticks": ""}}}], "scatter3d": [{"type": "scatter3d", "line": {"colorbar": {"outlinewidth": 0, "ticks": ""}}, "marker": {"colorbar": {"outlinewidth": 0, "ticks": ""}}}], "scattermapbox": [{"type": "scattermapbox", "marker": {"colorbar": {"outlinewidth": 0, "ticks": ""}}}], "scatterternary": [{"type": "scatterternary", "marker": {"colorbar": {"outlinewidth": 0, "ticks": ""}}}], "scattercarpet": [{"type": "scattercarpet", "marker": {"colorbar": {"outlinewidth": 0, "ticks": ""}}}], "carpet": [{"aaxis": {"endlinecolor": "#2a3f5f", "gridcolor": "white", "linecolor": "white", "minorgridcolor": "white", "startlinecolor": "#2a3f5f"}, "baxis": {"endlinecolor": "#2a3f5f", "gridcolor": "white", "linecolor": "white", "minorgridcolor": "white", "startlinecolor": "#2a3f5f"}, "type": "carpet"}], "table": [{"cells": {"fill": {"color": "#EBF0F8"}, "line": {"color": "white"}}, "header": {"fill": {"color": "#C8D4E3"}, "line": {"color": "white"}}, "type": "table"}], "barpolar": [{"marker": {"line": {"color": "#E5ECF6", "width": 0.5}, "pattern": {"fillmode": "overlay", "size": 10, "solidity": 0.2}}, "type": "barpolar"}], "pie": [{"automargin": true, "type": "pie"}]}, "layout": {"autotypenumbers": "strict", "colorway": ["#636efa", "#EF553B", "#00cc96", "#ab63fa", "#FFA15A", "#19d3f3", "#FF6692", "#B6E880", "#FF97FF", "#FECB52"], "font": {"color": "#2a3f5f"}, "hovermode": "closest", "hoverlabel": {"align": "left"}, "paper_bgcolor": "white", "plot_bgcolor": "#E5ECF6", "polar": {"bgcolor": "#E5ECF6", "angularaxis": {"gridcolor": "white", "linecolor": "white", "ticks": ""}, "radialaxis": {"gridcolor": "white", "linecolor": "white", "ticks": ""}}, "ternary": {"bgcolor": "#E5ECF6", "aaxis": {"gridcolor": "white", "linecolor": "white", "ticks": ""}, "baxis": {"gridcolor": "white", "linecolor": "white", "ticks": ""}, "caxis": {"gridcolor": "white", "linecolor": "white", "ticks": ""}}, "coloraxis": {"colorbar": {"outlinewidth": 0, "ticks": ""}}, "colorscale": {"sequential": [[0.0, "#0d0887"], [0.1111111111111111, "#46039f"], [0.2222222222222222, "#7201a8"], [0.3333333333333333, "#9c179e"], [0.4444444444444444, "#bd3786"], [0.5555555555555556, "#d8576b"], [0.6666666666666666, "#ed7953"], [0.7777777777777778, "#fb9f3a"], [0.8888888888888888, "#fdca26"], [1.0, "#f0f921"]], "sequentialminus": [[0.0, "#0d0887"], [0.1111111111111111, "#46039f"], [0.2222222222222222, "#7201a8"], [0.3333333333333333, "#9c179e"], [0.4444444444444444, "#bd3786"], [0.5555555555555556, "#d8576b"], [0.6666666666666666, "#ed7953"], [0.7777777777777778, "#fb9f3a"], [0.8888888888888888, "#fdca26"], [1.0, "#f0f921"]], "diverging": [[0, "#8e0152"], [0.1, "#c51b7d"], [0.2, "#de77ae"], [0.3, "#f1b6da"], [0.4, "#fde0ef"], [0.5, "#f7f7f7"], [0.6, "#e6f5d0"], [0.7, "#b8e186"], [0.8, "#7fbc41"], [0.9, "#4d9221"], [1, "#276419"]]}, "xaxis": {"gridcolor": "white", "linecolor": "white", "ticks": "", "title": {"standoff": 15}, "zerolinecolor": "white", "automargin": true, "zerolinewidth": 2}, "yaxis": {"gridcolor": "white", "linecolor": "white", "ticks": "", "title": {"standoff": 15}, "zerolinecolor": "white", "automargin": true, "zerolinewidth": 2}, "scene": {"xaxis": {"backgroundcolor": "#E5ECF6", "gridcolor": "white", "linecolor": "white", "showbackground": true, "ticks": "", "zerolinecolor": "white", "gridwidth": 2}, "yaxis": {"backgroundcolor": "#E5ECF6", "gridcolor": "white", "linecolor": "white", "showbackground": true, "ticks": "", "zerolinecolor": "white", "gridwidth": 2}, "zaxis": {"backgroundcolor": "#E5ECF6", "gridcolor": "white", "linecolor": "white", "showbackground": true, "ticks": "", "zerolinecolor": "white", "gridwidth": 2}}, "shapedefaults": {"line": {"color": "#2a3f5f"}}, "annotationdefaults": {"arrowcolor": "#2a3f5f", "arrowhead": 0, "arrowwidth": 1}, "geo": {"bgcolor": "white", "landcolor": "#E5ECF6", "subunitcolor": "white", "showland": true, "showlakes": true, "lakecolor": "white"}, "title": {"x": 0.05}, "mapbox": {"style": "light"}}}}}