{"data": [{"z": [[11.556230545043945, 0.46784502267837524, 4.146708965301514, 0.24263063073158264, -1.7487493753433228, -2.6682779788970947, 0.7787469029426575, 1.1052876710891724, 1.461930751800537, 3.6840877532958984, 0.5038825273513794, -3.170071840286255, 3.4769656658172607, 0.02075718156993389, 1.9801568984985352, -1.3285632133483887, 4.761782169342041, -0.9548174738883972, 2.1730213165283203, 1.2810146808624268, 5.312860488891602], [0.46784502267837524, 8.435994148254395, -0.30661988258361816, 0.11092216521501541, 2.5408167839050293, 2.3003063201904297, 1.4741953611373901, -1.1950950622558594, 0.7055081725120544, -1.0892282724380493, 1.4602843523025513, 2.354156494140625, -1.9965155124664307, 3.692413568496704, -0.4404025077819824, 0.49334901571273804, 2.329979181289673, 1.4208240509033203, 2.8972949981689453, -0.7694571018218994, 0.3094367980957031], [4.146708965301514, -0.30661988258361816, 13.713203430175781, 4.57776403427124, -0.2529948353767395, -2.922057628631592, 4.173898220062256, 0.9161415696144104, -0.44052228331565857, 2.998898506164551, -1.1931688785552979, -2.3574817180633545, -0.99698406457901, -0.4561907947063446, -0.15830212831497192, 1.3375264406204224, 1.978729248046875, -1.2552653551101685, 2.4507522583007812, 4.101998805999756, 2.349611759185791], [0.24263063073158264, 0.11092216521501541, 4.57776403427124, 10.464666366577148, 1.6316955089569092, 0.4101439416408539, 3.9488563537597656, 1.767495036125183, 0.04724123701453209, 0.9741883873939514, -0.42810750007629395, 1.9916868209838867, 0.75642329454422, -1.1995145082473755, 2.1291239261627197, 3.669300079345703, -0.33882904052734375, 0.39241504669189453, -0.7369497418403625, 3.8544187545776367, 1.6245391368865967], [-1.7487493753433228, 2.5408167839050293, -0.2529948353767395, 1.6316955089569092, 15.669877052307129, 4.747636318206787, 2.1535611152648926, 1.2798041105270386, -1.2226070165634155, 1.5885182619094849, 3.7331912517547607, 3.7450790405273438, -1.7255347967147827, 0.17082461714744568, 0.2905149459838867, -0.33521485328674316, 2.6215462684631348, 4.080498218536377, 2.598721981048584, -1.1023507118225098, 4.357680797576904], [-2.6682779788970947, 2.3003063201904297, -2.922057628631592, 0.4101439416408539, 4.747636318206787, 10.330585479736328, 1.224107027053833, 0.6806724071502686, 2.623652935028076, 0.3659090995788574, 1.1369810104370117, 4.024304389953613, -1.6693018674850464, 0.7802290320396423, 1.3151686191558838, 1.006945252418518, -2.5276870727539062, 4.958691120147705, 0.9171171188354492, 0.4878804683685303, 0.567631721496582], [0.7787469029426575, 1.4741953611373901, 4.173898220062256, 3.9488563537597656, 2.1535611152648926, 1.224107027053833, 11.088175773620605, 2.979520559310913, -0.6893430352210999, 1.4142895936965942, 1.7241507768630981, 1.0683461427688599, -1.6280250549316406, -2.6444783210754395, 0.296395868062973, -3.1091978549957275, 3.3982605934143066, -1.1218516826629639, -0.17826390266418457, 3.2078707218170166, 1.702338457107544], [1.1052876710891724, -1.1950950622558594, 0.9161415696144104, 1.767495036125183, 1.2798041105270386, 0.6806724071502686, 2.979520559310913, 11.191435813903809, -0.5654755234718323, -0.4563941955566406, 0.2696106731891632, 2.5591647624969482, 1.649317979812622, -2.079031229019165, 0.33645763993263245, -1.877244472503662, 2.2831220626831055, 2.8127574920654297, 2.7318952083587646, 1.2289512157440186, 0.9481005668640137], [1.461930751800537, 0.7055081725120544, -0.44052228331565857, 0.04724123701453209, -1.2226070165634155, 2.623652935028076, -0.6893430352210999, -0.5654755234718323, 9.568827629089355, 0.14833290874958038, -0.3797357976436615, 1.4318671226501465, 3.0972437858581543, 1.8794243335723877, 1.6839628219604492, 0.3725637197494507, 0.2650008201599121, 0.8287901878356934, -1.3512922525405884, 0.806265652179718, -1.110196828842163], [3.6840877532958984, -1.0892282724380493, 2.998898506164551, 0.9741883873939514, 1.5885182619094849, 0.3659090995788574, 1.4142895936965942, -0.4563941955566406, 0.14833290874958038, 8.249826431274414, -0.5113280415534973, -1.3030099868774414, 1.2350926399230957, 0.4418032765388489, 2.7195351123809814, 0.7899506688117981, 3.8071863651275635, 2.6477651596069336, 1.195230484008789, 3.425640344619751, 3.5677437782287598], [0.5038825273513794, 1.4602843523025513, -1.1931688785552979, -0.42810750007629395, 3.7331912517547607, 1.1369810104370117, 1.7241507768630981, 0.2696106731891632, -0.3797357976436615, -0.5113280415534973, 10.826571464538574, 2.979940891265869, 0.7752872109413147, 5.022394180297852, -0.43738651275634766, -0.8123449683189392, 3.6793596744537354, 1.1131511926651, -0.48088228702545166, -2.6593048572540283, -2.0223870277404785], [-3.170071840286255, 2.354156494140625, -2.3574817180633545, 1.9916868209838867, 3.7450790405273438, 4.024304389953613, 1.0683461427688599, 2.5591647624969482, 1.4318671226501465, -1.3030099868774414, 2.979940891265869, 17.750099182128906, -0.878182053565979, 3.539846897125244, -1.7276837825775146, 0.06606948375701904, -0.33481478691101074, 2.0122439861297607, 2.5676732063293457, 1.3391749858856201, 1.2390468120574951], [3.4769656658172607, -1.9965155124664307, -0.99698406457901, 0.75642329454422, -1.7255347967147827, -1.6693018674850464, -1.6280250549316406, 1.649317979812622, 3.0972437858581543, 1.2350926399230957, 0.7752872109413147, -0.878182053565979, 9.902003288269043, 0.6966941952705383, 2.408888816833496, 3.024172306060791, 3.0759899616241455, -0.9610497951507568, -1.4919989109039307, 0.5380772948265076, 2.6157474517822266], [0.02075718156993389, 3.692413568496704, -0.4561907947063446, -1.1995145082473755, 0.17082461714744568, 0.7802290320396423, -2.6444783210754395, -2.079031229019165, 1.8794243335723877, 0.4418032765388489, 5.022394180297852, 3.539846897125244, 0.6966941952705383, 13.090747833251953, 1.8131682872772217, 4.352995872497559, -0.30170130729675293, 1.7452162504196167, 3.061007261276245, 0.5878703594207764, 2.33660888671875], [1.9801568984985352, -0.4404025077819824, -0.15830212831497192, 2.1291239261627197, 0.2905149459838867, 1.3151686191558838, 0.296395868062973, 0.33645763993263245, 1.6839628219604492, 2.7195351123809814, -0.43738651275634766, -1.7276837825775146, 2.408888816833496, 1.8131682872772217, 7.879461765289307, 4.468111038208008, 0.8369913101196289, 0.9543311595916748, -1.2229795455932617, 2.4075210094451904, 1.0817641019821167], [-1.3285632133483887, 0.49334901571273804, 1.3375264406204224, 3.669300079345703, -0.33521485328674316, 1.006945252418518, -3.1091978549957275, -1.877244472503662, 0.3725637197494507, 0.7899506688117981, -0.8123449683189392, 0.06606948375701904, 3.024172306060791, 4.352995872497559, 4.468111038208008, 15.885932922363281, -4.802384376525879, -0.8240790367126465, -0.5616424083709717, 2.1560487747192383, 1.4969464540481567], [4.761781692504883, 2.3299789428710938, 1.9787286520004272, -0.33882924914360046, 2.621546506881714, -2.5276870727539062, 3.3982605934143066, 2.2831223011016846, 0.2650008499622345, 3.8071863651275635, 3.6793601512908936, -0.3348150849342346, 3.0759902000427246, -0.301701158285141, 0.8369911313056946, -4.802383899688721, 17.592239379882812, -0.8351889848709106, 1.629744529724121, -1.431622862815857, -0.24050503969192505], [-0.9548172950744629, 1.4208240509033203, -1.255265712738037, 0.3924151360988617, 4.080497741699219, 4.958691120147705, -1.121851921081543, 2.8127572536468506, 0.8287900686264038, 2.6477649211883545, 1.1131514310836792, 2.0122437477111816, -0.9610495567321777, 1.7452160120010376, 0.9543309807777405, -0.8240792751312256, -0.8351889848709106, 10.699800491333008, 2.161647081375122, 0.8794080018997192, 1.9959510564804077], [2.173020839691162, 2.8972949981689453, 2.4507522583007812, -0.7369496822357178, 2.598722219467163, 0.9171171188354492, -0.17826402187347412, 2.7318952083587646, -1.3512921333312988, 1.1952307224273682, -0.4808824360370636, 2.567673444747925, -1.4919987916946411, 3.061007022857666, -1.2229795455932617, -0.5616427659988403, 1.629744529724121, 2.161647081375122, 11.011125564575195, 0.987837553024292, 2.7396650314331055], [1.2810146808624268, -0.7694569230079651, 4.101999282836914, 3.8544187545776367, -1.1023508310317993, 0.4878804683685303, 3.2078707218170166, 1.228951096534729, 0.8062657713890076, 3.42564058303833, -2.6593048572540283, 1.3391751050949097, 0.5380769968032837, 0.5878702998161316, 2.4075210094451904, 2.1560492515563965, -1.431622862815857, 0.8794080018997192, 0.987837553024292, 9.066790580749512, 5.376555442810059], [5.312860488891602, 0.30943670868873596, 2.349611520767212, 1.6245390176773071, 4.357679843902588, 0.5676318407058716, 1.7023383378982544, 0.9481003880500793, -1.1101973056793213, 3.567744016647339, -2.0223875045776367, 1.2390468120574951, 2.6157474517822266, 2.336608648300171, 1.0817641019821167, 1.4969463348388672, -0.24050506949424744, 1.9959511756896973, 2.7396650314331055, 5.3765549659729, 17.648818969726562]], "type": "heatmap"}], "layout": {"template": {"data": {"histogram2dcontour": [{"type": "histogram2dcontour", "colorbar": {"outlinewidth": 0, "ticks": ""}, "colorscale": [[0.0, "#0d0887"], [0.1111111111111111, "#46039f"], [0.2222222222222222, "#7201a8"], [0.3333333333333333, "#9c179e"], [0.4444444444444444, "#bd3786"], [0.5555555555555556, "#d8576b"], [0.6666666666666666, "#ed7953"], [0.7777777777777778, "#fb9f3a"], [0.8888888888888888, "#fdca26"], [1.0, "#f0f921"]]}], "choropleth": [{"type": "choropleth", "colorbar": {"outlinewidth": 0, "ticks": ""}}], "histogram2d": [{"type": "histogram2d", "colorbar": {"outlinewidth": 0, "ticks": ""}, "colorscale": [[0.0, "#0d0887"], [0.1111111111111111, "#46039f"], [0.2222222222222222, "#7201a8"], [0.3333333333333333, "#9c179e"], [0.4444444444444444, "#bd3786"], [0.5555555555555556, "#d8576b"], [0.6666666666666666, "#ed7953"], [0.7777777777777778, "#fb9f3a"], [0.8888888888888888, "#fdca26"], [1.0, "#f0f921"]]}], "heatmap": [{"type": "heatmap", "colorbar": {"outlinewidth": 0, "ticks": ""}, "colorscale": [[0.0, "#0d0887"], [0.1111111111111111, "#46039f"], [0.2222222222222222, "#7201a8"], [0.3333333333333333, "#9c179e"], [0.4444444444444444, "#bd3786"], [0.5555555555555556, "#d8576b"], [0.6666666666666666, "#ed7953"], [0.7777777777777778, "#fb9f3a"], [0.8888888888888888, "#fdca26"], [1.0, "#f0f921"]]}], "heatmapgl": [{"type": "heatmapgl", "colorbar": {"outlinewidth": 0, "ticks": ""}, "colorscale": [[0.0, "#0d0887"], [0.1111111111111111, "#46039f"], [0.2222222222222222, "#7201a8"], [0.3333333333333333, "#9c179e"], [0.4444444444444444, "#bd3786"], [0.5555555555555556, "#d8576b"], [0.6666666666666666, "#ed7953"], [0.7777777777777778, "#fb9f3a"], [0.8888888888888888, "#fdca26"], [1.0, "#f0f921"]]}], "contourcarpet": [{"type": "contourcarpet", "colorbar": {"outlinewidth": 0, "ticks": ""}}], "contour": [{"type": "contour", "colorbar": {"outlinewidth": 0, "ticks": ""}, "colorscale": [[0.0, "#0d0887"], [0.1111111111111111, "#46039f"], [0.2222222222222222, "#7201a8"], [0.3333333333333333, "#9c179e"], [0.4444444444444444, "#bd3786"], [0.5555555555555556, "#d8576b"], [0.6666666666666666, "#ed7953"], [0.7777777777777778, "#fb9f3a"], [0.8888888888888888, "#fdca26"], [1.0, "#f0f921"]]}], "surface": [{"type": "surface", "colorbar": {"outlinewidth": 0, "ticks": ""}, "colorscale": [[0.0, "#0d0887"], [0.1111111111111111, "#46039f"], [0.2222222222222222, "#7201a8"], [0.3333333333333333, "#9c179e"], [0.4444444444444444, "#bd3786"], [0.5555555555555556, "#d8576b"], [0.6666666666666666, "#ed7953"], [0.7777777777777778, "#fb9f3a"], [0.8888888888888888, "#fdca26"], [1.0, "#f0f921"]]}], "mesh3d": [{"type": "mesh3d", "colorbar": {"outlinewidth": 0, "ticks": ""}}], "scatter": [{"fillpattern": {"fillmode": "overlay", "size": 10, "solidity": 0.2}, "type": "scatter"}], "parcoords": [{"type": "parcoords", "line": {"colorbar": {"outlinewidth": 0, "ticks": ""}}}], "scatterpolargl": [{"type": "scatterpolargl", "marker": {"colorbar": {"outlinewidth": 0, "ticks": ""}}}], "bar": [{"error_x": {"color": "#2a3f5f"}, "error_y": {"color": "#2a3f5f"}, "marker": {"line": {"color": "#E5ECF6", "width": 0.5}, "pattern": {"fillmode": "overlay", "size": 10, "solidity": 0.2}}, "type": "bar"}], "scattergeo": [{"type": "scattergeo", "marker": {"colorbar": {"outlinewidth": 0, "ticks": ""}}}], "scatterpolar": [{"type": "scatterpolar", "marker": {"colorbar": {"outlinewidth": 0, "ticks": ""}}}], "histogram": [{"marker": {"pattern": {"fillmode": "overlay", "size": 10, "solidity": 0.2}}, "type": "histogram"}], "scattergl": [{"type": "scattergl", "marker": {"colorbar": {"outlinewidth": 0, "ticks": ""}}}], "scatter3d": [{"type": "scatter3d", "line": {"colorbar": {"outlinewidth": 0, "ticks": ""}}, "marker": {"colorbar": {"outlinewidth": 0, "ticks": ""}}}], "scattermapbox": [{"type": "scattermapbox", "marker": {"colorbar": {"outlinewidth": 0, "ticks": ""}}}], "scatterternary": [{"type": "scatterternary", "marker": {"colorbar": {"outlinewidth": 0, "ticks": ""}}}], "scattercarpet": [{"type": "scattercarpet", "marker": {"colorbar": {"outlinewidth": 0, "ticks": ""}}}], "carpet": [{"aaxis": {"endlinecolor": "#2a3f5f", "gridcolor": "white", "linecolor": "white", "minorgridcolor": "white", "startlinecolor": "#2a3f5f"}, "baxis": {"endlinecolor": "#2a3f5f", "gridcolor": "white", "linecolor": "white", "minorgridcolor": "white", "startlinecolor": "#2a3f5f"}, "type": "carpet"}], "table": [{"cells": {"fill": {"color": "#EBF0F8"}, "line": {"color": "white"}}, "header": {"fill": {"color": "#C8D4E3"}, "line": {"color": "white"}}, "type": "table"}], "barpolar": [{"marker": {"line": {"color": "#E5ECF6", "width": 0.5}, "pattern": {"fillmode": "overlay", "size": 10, "solidity": 0.2}}, "type": "barpolar"}], "pie": [{"automargin": true, "type": "pie"}]}, "layout": {"autotypenumbers": "strict", "colorway": ["#636efa", "#EF553B", "#00cc96", "#ab63fa", "#FFA15A", "#19d3f3", "#FF6692", "#B6E880", "#FF97FF", "#FECB52"], "font": {"color": "#2a3f5f"}, "hovermode": "closest", "hoverlabel": {"align": "left"}, "paper_bgcolor": "white", "plot_bgcolor": "#E5ECF6", "polar": {"bgcolor": "#E5ECF6", "angularaxis": {"gridcolor": "white", "linecolor": "white", "ticks": ""}, "radialaxis": {"gridcolor": "white", "linecolor": "white", "ticks": ""}}, "ternary": {"bgcolor": "#E5ECF6", "aaxis": {"gridcolor": "white", "linecolor": "white", "ticks": ""}, "baxis": {"gridcolor": "white", "linecolor": "white", "ticks": ""}, "caxis": {"gridcolor": "white", "linecolor": "white", "ticks": ""}}, "coloraxis": {"colorbar": {"outlinewidth": 0, "ticks": ""}}, "colorscale": {"sequential": [[0.0, "#0d0887"], [0.1111111111111111, "#46039f"], [0.2222222222222222, "#7201a8"], [0.3333333333333333, "#9c179e"], [0.4444444444444444, "#bd3786"], [0.5555555555555556, "#d8576b"], [0.6666666666666666, "#ed7953"], [0.7777777777777778, "#fb9f3a"], [0.8888888888888888, "#fdca26"], [1.0, "#f0f921"]], "sequentialminus": [[0.0, "#0d0887"], [0.1111111111111111, "#46039f"], [0.2222222222222222, "#7201a8"], [0.3333333333333333, "#9c179e"], [0.4444444444444444, "#bd3786"], [0.5555555555555556, "#d8576b"], [0.6666666666666666, "#ed7953"], [0.7777777777777778, "#fb9f3a"], [0.8888888888888888, "#fdca26"], [1.0, "#f0f921"]], "diverging": [[0, "#8e0152"], [0.1, "#c51b7d"], [0.2, "#de77ae"], [0.3, "#f1b6da"], [0.4, "#fde0ef"], [0.5, "#f7f7f7"], [0.6, "#e6f5d0"], [0.7, "#b8e186"], [0.8, "#7fbc41"], [0.9, "#4d9221"], [1, "#276419"]]}, "xaxis": {"gridcolor": "white", "linecolor": "white", "ticks": "", "title": {"standoff": 15}, "zerolinecolor": "white", "automargin": true, "zerolinewidth": 2}, "yaxis": {"gridcolor": "white", "linecolor": "white", "ticks": "", "title": {"standoff": 15}, "zerolinecolor": "white", "automargin": true, "zerolinewidth": 2}, "scene": {"xaxis": {"backgroundcolor": "#E5ECF6", "gridcolor": "white", "linecolor": "white", "showbackground": true, "ticks": "", "zerolinecolor": "white", "gridwidth": 2}, "yaxis": {"backgroundcolor": "#E5ECF6", "gridcolor": "white", "linecolor": "white", "showbackground": true, "ticks": "", "zerolinecolor": "white", "gridwidth": 2}, "zaxis": {"backgroundcolor": "#E5ECF6", "gridcolor": "white", "linecolor": "white", "showbackground": true, "ticks": "", "zerolinecolor": "white", "gridwidth": 2}}, "shapedefaults": {"line": {"color": "#2a3f5f"}}, "annotationdefaults": {"arrowcolor": "#2a3f5f", "arrowhead": 0, "arrowwidth": 1}, "geo": {"bgcolor": "white", "landcolor": "#E5ECF6", "subunitcolor": "white", "showland": true, "showlakes": true, "lakecolor": "white"}, "title": {"x": 0.05}, "mapbox": {"style": "light"}}}}}