{"data": [{"z": [[23.187023162841797, 2.2620835304260254, 4.861496448516846, 1.3697073459625244, -3.4636425971984863, -3.775136947631836, -2.383110284805298, 0.4011703431606293, 1.2355471849441528, 3.328321695327759, 0.4216475188732147, -3.1725919246673584, 4.4898362159729, -0.5633732676506042, 2.507169485092163, -2.9176387786865234, 6.452357769012451, -3.5380747318267822, 2.142833709716797, -2.2980990409851074, 7.491325378417969], [2.2620835304260254, 12.759459495544434, -0.14827945828437805, 0.15373840928077698, 2.861806631088257, 2.879775047302246, 1.1124564409255981, -2.394909381866455, 0.12459812313318253, -2.4507718086242676, 2.439796209335327, 3.9326584339141846, -3.2294697761535645, 6.175127983093262, -0.8159710764884949, 0.47841334342956543, 3.2380690574645996, 2.490992307662964, 3.3657238483428955, -2.296280860900879, 1.0863146781921387], [4.861496448516846, -0.14827945828437805, 22.99372100830078, 4.9263997077941895, -1.6886802911758423, -5.0934343338012695, 6.967999458312988, 0.45654934644699097, -1.4514071941375732, 3.187723159790039, -0.3481956422328949, -4.273221492767334, -1.8991225957870483, -0.2478652000427246, -1.09557044506073, 1.4130334854125977, 2.5266642570495605, -1.9788424968719482, 1.4458487033843994, 5.9819512367248535, 2.2401723861694336], [1.3697073459625244, 0.15373840928077698, 4.9263997077941895, 17.47381591796875, 1.3487104177474976, -0.09113922715187073, 4.4495158195495605, 2.33646821975708, -0.540151059627533, 1.2931028604507446, -2.151287078857422, 3.4261276721954346, 0.708855152130127, -2.355987548828125, 2.742013692855835, 4.9071478843688965, -0.5009982585906982, -1.0563644170761108, -0.26990199089050293, 4.7859649658203125, 2.5843615531921387], [-3.4636425971984863, 2.861806631088257, -1.6886802911758423, 1.3487104177474976, 22.57399559020996, 6.49330997467041, 2.2165770530700684, 1.1711045503616333, -3.5587799549102783, 1.7160357236862183, 5.302785873413086, 3.8724498748779297, -2.425985097885132, -1.8987733125686646, -0.6996329426765442, -1.0208407640457153, 3.6104602813720703, 6.038300514221191, 2.841522693634033, -2.150926113128662, 4.940039157867432], [-3.775136947631836, 2.879775047302246, -5.0934343338012695, -0.09113922715187073, 6.49330997467041, 15.32665729522705, 0.3180101215839386, 0.2933107912540436, 3.755868673324585, -0.3412967920303345, 2.7188127040863037, 5.493427753448486, -2.6308350563049316, 0.3087145984172821, 1.5052058696746826, 1.55503249168396, -4.674057960510254, 7.353267669677734, 0.4470515251159668, -0.7284581065177917, -0.008580565452575684], [-2.383110284805298, 1.1124564409255981, 6.967999458312988, 4.4495158195495605, 2.2165770530700684, 0.3180101215839386, 20.0412654876709, 4.497111797332764, -1.2334463596343994, 2.1272194385528564, 2.3177201747894287, -0.9161554574966431, -3.029571771621704, -3.167954683303833, -0.49293485283851624, -5.136265754699707, 5.234289169311523, -2.385378360748291, -2.225476026535034, 5.5733747482299805, 2.4059505462646484], [0.4011703431606293, -2.394909381866455, 0.45654934644699097, 2.33646821975708, 1.1711045503616333, 0.2933107912540436, 4.497111797332764, 14.92055606842041, -0.45423373579978943, -0.8252826929092407, 0.5627730488777161, 3.3039591312408447, 2.304705858230591, -3.271510601043701, -0.023666029796004295, -2.9015393257141113, 2.6218161582946777, 3.094451427459717, 3.4983274936676025, 0.8417453765869141, 0.8920176029205322], [1.2355471849441528, 0.12459812313318253, -1.4514071941375732, -0.540151059627533, -3.5587799549102783, 3.755868673324585, -1.2334463596343994, -0.45423373579978943, 15.354884147644043, -1.6547272205352783, -0.9164965748786926, 2.7734220027923584, 4.054769515991211, 2.938600540161133, 1.7136921882629395, -1.174147129058838, -1.056335687637329, -0.808956503868103, -1.967745065689087, -1.2010823488235474, -1.550500750541687], [3.328321695327759, -2.4507718086242676, 3.187723159790039, 1.2931028604507446, 1.7160357236862183, -0.3412967920303345, 2.1272194385528564, -0.8252826929092407, -1.6547272205352783, 12.376971244812012, -0.9615500569343567, -3.424811840057373, 1.5857475996017456, -0.9450547695159912, 2.070739269256592, 0.23281054198741913, 4.157516956329346, 3.2927494049072266, 2.312169075012207, 4.631280899047852, 3.2114944458007812], [0.4216475188732147, 2.439796209335327, -0.3481956422328949, -2.151287078857422, 5.302785873413086, 2.7188127040863037, 2.3177201747894287, 0.5627730488777161, -0.9164965748786926, -0.9615500569343567, 18.68940544128418, 3.823457717895508, 0.7164037823677063, 8.314613342285156, -1.7928643226623535, -1.2632591724395752, 5.751219749450684, 2.1595640182495117, -1.4219424724578857, -4.678310394287109, -3.364940643310547], [-3.1725919246673584, 3.9326584339141846, -4.273221492767334, 3.4261276721954346, 3.8724498748779297, 5.493427753448486, -0.9161554574966431, 3.3039591312408447, 2.7734220027923584, -3.424811840057373, 3.823457717895508, 27.340404510498047, -1.589573621749878, 4.829461097717285, -3.1532795429229736, -0.5930445194244385, -1.050856351852417, 1.9672232866287231, 3.5977354049682617, -0.6832846999168396, 1.8353755474090576], [4.4898362159729, -3.2294697761535645, -1.8991225957870483, 0.708855152130127, -2.425985097885132, -2.6308350563049316, -3.029571771621704, 2.304705858230591, 4.054769515991211, 1.5857475996017456, 0.7164037823677063, -1.589573621749878, 13.982522964477539, -0.21633927524089813, 3.0230183601379395, 3.4524409770965576, 3.7743277549743652, -1.6157677173614502, -1.7649835348129272, 0.17503058910369873, 2.739569664001465], [-0.5633732676506042, 6.175127983093262, -0.2478652000427246, -2.355987548828125, -1.8987733125686646, 0.3087145984172821, -3.167954683303833, -3.271510601043701, 2.938600540161133, -0.9450547695159912, 8.314613342285156, 4.829461097717285, -0.21633927524089813, 19.916095733642578, 1.9178897142410278, 5.841251373291016, -0.6949665546417236, 2.3646047115325928, 4.234929084777832, 0.3351970314979553, 2.010974645614624], [2.507169485092163, -0.8159710764884949, -1.09557044506073, 2.742013692855835, -0.6996329426765442, 1.5052058696746826, -0.49293485283851624, -0.023666029796004295, 1.7136921882629395, 2.070739269256592, -1.7928643226623535, -3.1532795429229736, 3.0230183601379395, 1.9178897142410278, 11.249637603759766, 6.060367584228516, 0.3957175016403198, 0.8272292613983154, -2.287637948989868, 2.9440231323242188, 1.5218771696090698], [-2.9176387786865234, 0.47841334342956543, 1.4130334854125977, 4.9071478843688965, -1.0208407640457153, 1.55503249168396, -5.136265754699707, -2.9015393257141113, -1.174147129058838, 0.23281054198741913, -1.2632591724395752, -0.5930445194244385, 3.4524409770965576, 5.841251373291016, 6.060367584228516, 22.267953872680664, -6.873044967651367, -0.03714919090270996, -0.34431958198547363, 3.931391954421997, 1.0735912322998047], [6.452356338500977, 3.2380692958831787, 2.5266642570495605, -0.5009987354278564, 3.6104605197906494, -4.674057483673096, 5.234289169311523, 2.6218159198760986, -1.0563360452651978, 4.157516956329346, 5.751219749450684, -1.050856590270996, 3.7743277549743652, -0.6949670314788818, 0.39571747183799744, -6.873044967651367, 25.174938201904297, -2.433262348175049, 1.8575140237808228, -2.5287675857543945, -0.3803284168243408], [-3.538074493408203, 2.490992784500122, -1.9788426160812378, -1.0563645362854004, 6.038300514221191, 7.353267192840576, -2.3853776454925537, 3.094451427459717, -0.8089568614959717, 3.2927494049072266, 2.1595640182495117, 1.9672226905822754, -1.6157675981521606, 2.3646047115325928, 0.8272294998168945, -0.037149444222450256, -2.433262348175049, 16.915420532226562, 2.2311809062957764, 2.5673229694366455, 2.447906970977783], [2.1428334712982178, 3.3657236099243164, 1.445848822593689, -0.26990213990211487, 2.841522216796875, 0.44705161452293396, -2.2254762649536133, 3.4983274936676025, -1.967745304107666, 2.3121695518493652, -1.4219425916671753, 3.5977354049682617, -1.7649836540222168, 4.234929084777832, -2.287637710571289, -0.34431982040405273, 1.8575140237808228, 2.2311809062957764, 17.365514755249023, 1.3811861276626587, 2.8405041694641113], [-2.29809832572937, -2.296281099319458, 5.981951713562012, 4.785964488983154, -2.150926113128662, -0.7284576892852783, 5.573375225067139, 0.8417454361915588, -1.201082706451416, 4.63128137588501, -4.678310871124268, -0.68328458070755, 0.17503070831298828, 0.3351972997188568, 2.9440231323242188, 3.931391954421997, -2.5287675857543945, 2.5673229694366455, 1.3811861276626587, 15.88297176361084, 6.042242527008057], [7.491325855255127, 1.0863147974014282, 2.2401723861694336, 2.5843610763549805, 4.940039157867432, -0.008580565452575684, 2.4059505462646484, 0.892017662525177, -1.5505011081695557, 3.211493968963623, -3.364940643310547, 1.8353757858276367, 2.739569664001465, 2.010974645614624, 1.5218771696090698, 1.0735911130905151, -0.3803284764289856, 2.447906970977783, 2.8405039310455322, 6.042242527008057, 17.648818969726562]], "type": "heatmap"}], "layout": {"template": {"data": {"histogram2dcontour": [{"type": "histogram2dcontour", "colorbar": {"outlinewidth": 0, "ticks": ""}, "colorscale": [[0.0, "#0d0887"], [0.1111111111111111, "#46039f"], [0.2222222222222222, "#7201a8"], [0.3333333333333333, "#9c179e"], [0.4444444444444444, "#bd3786"], [0.5555555555555556, "#d8576b"], [0.6666666666666666, "#ed7953"], [0.7777777777777778, "#fb9f3a"], [0.8888888888888888, "#fdca26"], [1.0, "#f0f921"]]}], "choropleth": [{"type": "choropleth", "colorbar": {"outlinewidth": 0, "ticks": ""}}], "histogram2d": [{"type": "histogram2d", "colorbar": {"outlinewidth": 0, "ticks": ""}, "colorscale": [[0.0, "#0d0887"], [0.1111111111111111, "#46039f"], [0.2222222222222222, "#7201a8"], [0.3333333333333333, "#9c179e"], [0.4444444444444444, "#bd3786"], [0.5555555555555556, "#d8576b"], [0.6666666666666666, "#ed7953"], [0.7777777777777778, "#fb9f3a"], [0.8888888888888888, "#fdca26"], [1.0, "#f0f921"]]}], "heatmap": [{"type": "heatmap", "colorbar": {"outlinewidth": 0, "ticks": ""}, "colorscale": [[0.0, "#0d0887"], [0.1111111111111111, "#46039f"], [0.2222222222222222, "#7201a8"], [0.3333333333333333, "#9c179e"], [0.4444444444444444, "#bd3786"], [0.5555555555555556, "#d8576b"], [0.6666666666666666, "#ed7953"], [0.7777777777777778, "#fb9f3a"], [0.8888888888888888, "#fdca26"], [1.0, "#f0f921"]]}], "heatmapgl": [{"type": "heatmapgl", "colorbar": {"outlinewidth": 0, "ticks": ""}, "colorscale": [[0.0, "#0d0887"], [0.1111111111111111, "#46039f"], [0.2222222222222222, "#7201a8"], [0.3333333333333333, "#9c179e"], [0.4444444444444444, "#bd3786"], [0.5555555555555556, "#d8576b"], [0.6666666666666666, "#ed7953"], [0.7777777777777778, "#fb9f3a"], [0.8888888888888888, "#fdca26"], [1.0, "#f0f921"]]}], "contourcarpet": [{"type": "contourcarpet", "colorbar": {"outlinewidth": 0, "ticks": ""}}], "contour": [{"type": "contour", "colorbar": {"outlinewidth": 0, "ticks": ""}, "colorscale": [[0.0, "#0d0887"], [0.1111111111111111, "#46039f"], [0.2222222222222222, "#7201a8"], [0.3333333333333333, "#9c179e"], [0.4444444444444444, "#bd3786"], [0.5555555555555556, "#d8576b"], [0.6666666666666666, "#ed7953"], [0.7777777777777778, "#fb9f3a"], [0.8888888888888888, "#fdca26"], [1.0, "#f0f921"]]}], "surface": [{"type": "surface", "colorbar": {"outlinewidth": 0, "ticks": ""}, "colorscale": [[0.0, "#0d0887"], [0.1111111111111111, "#46039f"], [0.2222222222222222, "#7201a8"], [0.3333333333333333, "#9c179e"], [0.4444444444444444, "#bd3786"], [0.5555555555555556, "#d8576b"], [0.6666666666666666, "#ed7953"], [0.7777777777777778, "#fb9f3a"], [0.8888888888888888, "#fdca26"], [1.0, "#f0f921"]]}], "mesh3d": [{"type": "mesh3d", "colorbar": {"outlinewidth": 0, "ticks": ""}}], "scatter": [{"fillpattern": {"fillmode": "overlay", "size": 10, "solidity": 0.2}, "type": "scatter"}], "parcoords": [{"type": "parcoords", "line": {"colorbar": {"outlinewidth": 0, "ticks": ""}}}], "scatterpolargl": [{"type": "scatterpolargl", "marker": {"colorbar": {"outlinewidth": 0, "ticks": ""}}}], "bar": [{"error_x": {"color": "#2a3f5f"}, "error_y": {"color": "#2a3f5f"}, "marker": {"line": {"color": "#E5ECF6", "width": 0.5}, "pattern": {"fillmode": "overlay", "size": 10, "solidity": 0.2}}, "type": "bar"}], "scattergeo": [{"type": "scattergeo", "marker": {"colorbar": {"outlinewidth": 0, "ticks": ""}}}], "scatterpolar": [{"type": "scatterpolar", "marker": {"colorbar": {"outlinewidth": 0, "ticks": ""}}}], "histogram": [{"marker": {"pattern": {"fillmode": "overlay", "size": 10, "solidity": 0.2}}, "type": "histogram"}], "scattergl": [{"type": "scattergl", "marker": {"colorbar": {"outlinewidth": 0, "ticks": ""}}}], "scatter3d": [{"type": "scatter3d", "line": {"colorbar": {"outlinewidth": 0, "ticks": ""}}, "marker": {"colorbar": {"outlinewidth": 0, "ticks": ""}}}], "scattermapbox": [{"type": "scattermapbox", "marker": {"colorbar": {"outlinewidth": 0, "ticks": ""}}}], "scatterternary": [{"type": "scatterternary", "marker": {"colorbar": {"outlinewidth": 0, "ticks": ""}}}], "scattercarpet": [{"type": "scattercarpet", "marker": {"colorbar": {"outlinewidth": 0, "ticks": ""}}}], "carpet": [{"aaxis": {"endlinecolor": "#2a3f5f", "gridcolor": "white", "linecolor": "white", "minorgridcolor": "white", "startlinecolor": "#2a3f5f"}, "baxis": {"endlinecolor": "#2a3f5f", "gridcolor": "white", "linecolor": "white", "minorgridcolor": "white", "startlinecolor": "#2a3f5f"}, "type": "carpet"}], "table": [{"cells": {"fill": {"color": "#EBF0F8"}, "line": {"color": "white"}}, "header": {"fill": {"color": "#C8D4E3"}, "line": {"color": "white"}}, "type": "table"}], "barpolar": [{"marker": {"line": {"color": "#E5ECF6", "width": 0.5}, "pattern": {"fillmode": "overlay", "size": 10, "solidity": 0.2}}, "type": "barpolar"}], "pie": [{"automargin": true, "type": "pie"}]}, "layout": {"autotypenumbers": "strict", "colorway": ["#636efa", "#EF553B", "#00cc96", "#ab63fa", "#FFA15A", "#19d3f3", "#FF6692", "#B6E880", "#FF97FF", "#FECB52"], "font": {"color": "#2a3f5f"}, "hovermode": "closest", "hoverlabel": {"align": "left"}, "paper_bgcolor": "white", "plot_bgcolor": "#E5ECF6", "polar": {"bgcolor": "#E5ECF6", "angularaxis": {"gridcolor": "white", "linecolor": "white", "ticks": ""}, "radialaxis": {"gridcolor": "white", "linecolor": "white", "ticks": ""}}, "ternary": {"bgcolor": "#E5ECF6", "aaxis": {"gridcolor": "white", "linecolor": "white", "ticks": ""}, "baxis": {"gridcolor": "white", "linecolor": "white", "ticks": ""}, "caxis": {"gridcolor": "white", "linecolor": "white", "ticks": ""}}, "coloraxis": {"colorbar": {"outlinewidth": 0, "ticks": ""}}, "colorscale": {"sequential": [[0.0, "#0d0887"], [0.1111111111111111, "#46039f"], [0.2222222222222222, "#7201a8"], [0.3333333333333333, "#9c179e"], [0.4444444444444444, "#bd3786"], [0.5555555555555556, "#d8576b"], [0.6666666666666666, "#ed7953"], [0.7777777777777778, "#fb9f3a"], [0.8888888888888888, "#fdca26"], [1.0, "#f0f921"]], "sequentialminus": [[0.0, "#0d0887"], [0.1111111111111111, "#46039f"], [0.2222222222222222, "#7201a8"], [0.3333333333333333, "#9c179e"], [0.4444444444444444, "#bd3786"], [0.5555555555555556, "#d8576b"], [0.6666666666666666, "#ed7953"], [0.7777777777777778, "#fb9f3a"], [0.8888888888888888, "#fdca26"], [1.0, "#f0f921"]], "diverging": [[0, "#8e0152"], [0.1, "#c51b7d"], [0.2, "#de77ae"], [0.3, "#f1b6da"], [0.4, "#fde0ef"], [0.5, "#f7f7f7"], [0.6, "#e6f5d0"], [0.7, "#b8e186"], [0.8, "#7fbc41"], [0.9, "#4d9221"], [1, "#276419"]]}, "xaxis": {"gridcolor": "white", "linecolor": "white", "ticks": "", "title": {"standoff": 15}, "zerolinecolor": "white", "automargin": true, "zerolinewidth": 2}, "yaxis": {"gridcolor": "white", "linecolor": "white", "ticks": "", "title": {"standoff": 15}, "zerolinecolor": "white", "automargin": true, "zerolinewidth": 2}, "scene": {"xaxis": {"backgroundcolor": "#E5ECF6", "gridcolor": "white", "linecolor": "white", "showbackground": true, "ticks": "", "zerolinecolor": "white", "gridwidth": 2}, "yaxis": {"backgroundcolor": "#E5ECF6", "gridcolor": "white", "linecolor": "white", "showbackground": true, "ticks": "", "zerolinecolor": "white", "gridwidth": 2}, "zaxis": {"backgroundcolor": "#E5ECF6", "gridcolor": "white", "linecolor": "white", "showbackground": true, "ticks": "", "zerolinecolor": "white", "gridwidth": 2}}, "shapedefaults": {"line": {"color": "#2a3f5f"}}, "annotationdefaults": {"arrowcolor": "#2a3f5f", "arrowhead": 0, "arrowwidth": 1}, "geo": {"bgcolor": "white", "landcolor": "#E5ECF6", "subunitcolor": "white", "showland": true, "showlakes": true, "lakecolor": "white"}, "title": {"x": 0.05}, "mapbox": {"style": "light"}}}}}