{"data": [{"z": [[15.120549201965332, 0.7655463814735413, 4.335634708404541, 0.4438421130180359, -2.034330368041992, -2.9903743267059326, 0.08143392205238342, 1.0919982194900513, 1.5771046876907349, 3.666962146759033, 0.5672107338905334, -3.481473445892334, 3.942359685897827, -0.1748884916305542, 2.1341326236724854, -1.7288899421691895, 5.182662010192871, -1.3590705394744873, 2.013620376586914, 0.6414726972579956, 6.233442783355713], [0.7655463814735413, 9.627421379089355, -0.2950097322463989, 0.09117230027914047, 2.8243257999420166, 2.592439889907837, 1.5314967632293701, -1.429234504699707, 0.6150804758071899, -1.3806122541427612, 1.7621580362319946, 2.5850613117218018, -2.352062225341797, 4.369756698608398, -0.5059799551963806, 0.4794948697090149, 2.742403268814087, 1.617187738418579, 3.1296472549438477, -1.017514944076538, 0.521135151386261], [4.335634708404541, -0.2950097322463989, 16.25625991821289, 4.9662299156188965, -0.5662171840667725, -3.606045722961426, 5.064784526824951, 0.9191329479217529, -0.5685989260673523, 3.206369161605835, -1.1219545602798462, -2.9534640312194824, -1.2416646480560303, -0.33026590943336487, -0.3230483829975128, 1.3020144701004028, 2.164478302001953, -1.6045277118682861, 2.541550636291504, 4.8470048904418945, 2.2877068519592285], [0.4438421130180359, 0.09117230027914047, 4.9662299156188965, 12.459290504455566, 1.6135135889053345, 0.2738898992538452, 4.264906406402588, 1.9400064945220947, -0.19073359668254852, 0.9834581613540649, -0.7063780426979065, 2.133366823196411, 0.7563877105712891, -1.7149930000305176, 2.438932180404663, 4.149512767791748, -0.36846137046813965, 0.012887239456176758, -0.8339481353759766, 4.45872688293457, 1.7089200019836426], [-2.034330368041992, 2.8243257999420166, -0.5662171840667725, 1.6135135889053345, 18.11562728881836, 5.457681655883789, 2.220205307006836, 1.3625500202178955, -1.8788962364196777, 1.7216906547546387, 4.384587287902832, 3.9403133392333984, -1.70280122756958, -0.4616984724998474, 0.10625921934843063, -0.58967524766922, 3.0157456398010254, 4.712653160095215, 2.752589464187622, -1.2767854928970337, 4.715449333190918], [-2.9903743267059326, 2.592439889907837, -3.606045722961426, 0.2738898992538452, 5.457681655883789, 11.987825393676758, 1.1840769052505493, 0.7793633341789246, 3.1135928630828857, 0.1998533010482788, 1.6783703565597534, 4.606490612030029, -1.8063994646072388, 0.8187909722328186, 1.5361301898956299, 1.3057701587677002, -3.1288387775421143, 5.879077434539795, 0.8005595207214355, 0.2871105670928955, 0.5623043775558472], [0.08143392205238342, 1.5314967632293701, 5.064784526824951, 4.264906406402588, 2.220205307006836, 1.1840769052505493, 13.574865341186523, 3.417283773422241, -0.8894635438919067, 1.6934233903884888, 1.9605287313461304, 0.6282721161842346, -2.0757505893707275, -2.794865608215332, 0.14049096405506134, -3.6757922172546387, 4.018216133117676, -1.6952691078186035, -0.4583582878112793, 3.989421844482422, 2.0057623386383057], [1.0919982194900513, -1.429234504699707, 0.9191329479217529, 1.9400064945220947, 1.3625500202178955, 0.7793633341789246, 3.417283773422241, 12.421138763427734, -0.43926718831062317, -0.5630510449409485, 0.6360996961593628, 2.906937599182129, 1.8840229511260986, -2.3554370403289795, 0.3307097852230072, -2.056709051132202, 2.492664337158203, 2.999978542327881, 3.0425796508789062, 1.2517673969268799, 1.015264868736267], [1.5771046876907349, 0.6150804758071899, -0.5685989260673523, -0.19073359668254852, -1.8788962364196777, 3.1135928630828857, -0.8894635438919067, -0.43926718831062317, 11.29848861694336, -0.3528819978237152, -0.46094125509262085, 1.7947025299072266, 3.5695834159851074, 2.268291473388672, 1.7404353618621826, 0.1522226333618164, -0.1262037754058838, 0.568693995475769, -1.6004981994628906, 0.37766289710998535, -1.1840596199035645], [3.666962146759033, -1.3806122541427612, 3.206369161605835, 0.9834581613540649, 1.7216906547546387, 0.1998533010482788, 1.6934233903884888, -0.5630510449409485, -0.3528819978237152, 9.551849365234375, -0.4512808620929718, -2.135136842727661, 1.420644760131836, -0.007331990636885166, 2.8269004821777344, 0.7160540223121643, 3.9777584075927734, 2.8066811561584473, 1.4934003353118896, 4.0909833908081055, 3.4696383476257324], [0.5672107338905334, 1.7621580362319946, -1.1219545602798462, -0.7063780426979065, 4.384587287902832, 1.6783703565597534, 1.9605287313461304, 0.6360996961593628, -0.46094125509262085, -0.4512808620929718, 13.14041805267334, 3.3624508380889893, 0.8674641847610474, 6.203043460845947, -0.7220900654792786, -0.9963204860687256, 4.511692047119141, 1.3532739877700806, -0.5942009687423706, -3.202435255050659, -2.352757453918457], [-3.481473445892334, 2.5850613117218018, -2.9534640312194824, 2.133366823196411, 3.9403133392333984, 4.606490612030029, 0.6282721161842346, 2.906937599182129, 1.7947025299072266, -2.135136842727661, 3.3624508380889893, 20.556610107421875, -0.9531814455986023, 3.909287691116333, -2.128925085067749, 0.030055394396185875, -0.67838454246521, 2.2213001251220703, 2.7899885177612305, 1.1054691076278687, 1.3947596549987793], [3.942359685897827, -2.352062225341797, -1.2416646480560303, 0.7563877105712891, -1.70280122756958, -1.8063994646072388, -2.0757505893707275, 1.8840229511260986, 3.5695834159851074, 1.420644760131836, 0.8674641847610474, -0.9531814455986023, 11.372515678405762, 0.5391039252281189, 2.77262020111084, 3.2468957901000977, 3.505291223526001, -1.1516649723052979, -1.575765609741211, 0.5683004260063171, 2.8131840229034424], [-0.1748884916305542, 4.369756698608398, -0.33026590943336487, -1.7149930000305176, -0.4616984724998474, 0.8187909722328186, -2.794865608215332, -2.3554370403289795, 2.268291473388672, -0.007331990636885166, 6.203043460845947, 3.909287691116333, 0.5391039252281189, 15.083502769470215, 1.9120467901229858, 4.855894088745117, -0.43222665786743164, 1.7785820960998535, 3.4871888160705566, 0.5757161378860474, 2.0557239055633545], [2.1341326236724854, -0.5059799551963806, -0.3230483829975128, 2.438932180404663, 0.10625921934843063, 1.5361301898956299, 0.14049096405506134, 0.3307097852230072, 1.7404353618621826, 2.8269004821777344, -0.7220900654792786, -2.128925085067749, 2.77262020111084, 1.9120467901229858, 9.075584411621094, 5.14503288269043, 0.7610211968421936, 0.9924190044403076, -1.4154177904129028, 2.9148101806640625, 1.3185549974441528], [-1.7288899421691895, 0.4794948697090149, 1.3020144701004028, 4.149512767791748, -0.58967524766922, 1.3057701587677002, -3.6757922172546387, -2.056709051132202, 0.1522226333618164, 0.7160540223121643, -0.9963204860687256, 0.030055394396185875, 3.2468957901000977, 4.855894088745117, 5.14503288269043, 17.904794692993164, -5.577157497406006, -0.7244555950164795, -0.5208802223205566, 2.587273359298706, 1.4544317722320557], [5.182662487030029, 2.742403030395508, 2.164478302001953, -0.3684614300727844, 3.0157456398010254, -3.1288387775421143, 4.018216133117676, 2.4926648139953613, -0.12620344758033752, 3.9777581691741943, 4.511692523956299, -0.6783848404884338, 3.5052919387817383, -0.43222659826278687, 0.761021077632904, -5.577157974243164, 20.058433532714844, -1.377673864364624, 1.733731746673584, -1.565603256225586, -0.30673012137413025], [-1.3590704202651978, 1.6171876192092896, -1.6045278310775757, 0.012887496501207352, 4.712654113769531, 5.879077434539795, -1.6952688694000244, 2.999979019165039, 0.568693995475769, 2.8066811561584473, 1.353273868560791, 2.2213003635406494, -1.151665210723877, 1.7785820960998535, 0.9924188256263733, -0.7244557738304138, -1.377673864364624, 12.233964920043945, 2.1940529346466064, 1.0670266151428223, 2.2436892986297607], [2.013620615005493, 3.1296472549438477, 2.541550874710083, -0.8339481949806213, 2.752589702606201, 0.8005595207214355, -0.4583582580089569, 3.0425798892974854, -1.6004984378814697, 1.4934006929397583, -0.5942011475563049, 2.7899880409240723, -1.5757657289505005, 3.4871890544891357, -1.4154177904129028, -0.5208802223205566, 1.733731746673584, 2.1940529346466064, 12.734283447265625, 1.2825325727462769, 2.89976167678833], [0.641472578048706, -1.0175148248672485, 4.8470048904418945, 4.458725929260254, -1.2767858505249023, 0.28711068630218506, 3.9894216060638428, 1.2517672777175903, 0.3776627480983734, 4.0909833908081055, -3.202434778213501, 1.105468988418579, 0.5683004856109619, 0.5757160186767578, 2.9148104190826416, 2.587273597717285, -1.565603256225586, 1.0670266151428223, 1.2825325727462769, 11.084904670715332, 5.877583980560303], [6.233442783355713, 0.5211350917816162, 2.2877066135406494, 1.7089200019836426, 4.715448379516602, 0.5623046159744263, 2.0057623386383057, 1.0152649879455566, -1.184059500694275, 3.4696381092071533, -2.352757453918457, 1.3947595357894897, 2.8131837844848633, 2.0557236671447754, 1.3185548782348633, 1.4544315338134766, -0.3067302703857422, 2.2436892986297607, 2.89976167678833, 5.877583980560303, 17.648818969726562]], "type": "heatmap"}], "layout": {"template": {"data": {"histogram2dcontour": [{"type": "histogram2dcontour", "colorbar": {"outlinewidth": 0, "ticks": ""}, "colorscale": [[0.0, "#0d0887"], [0.1111111111111111, "#46039f"], [0.2222222222222222, "#7201a8"], [0.3333333333333333, "#9c179e"], [0.4444444444444444, "#bd3786"], [0.5555555555555556, "#d8576b"], [0.6666666666666666, "#ed7953"], [0.7777777777777778, "#fb9f3a"], [0.8888888888888888, "#fdca26"], [1.0, "#f0f921"]]}], "choropleth": [{"type": "choropleth", "colorbar": {"outlinewidth": 0, "ticks": ""}}], "histogram2d": [{"type": "histogram2d", "colorbar": {"outlinewidth": 0, "ticks": ""}, "colorscale": [[0.0, "#0d0887"], [0.1111111111111111, "#46039f"], [0.2222222222222222, "#7201a8"], [0.3333333333333333, "#9c179e"], [0.4444444444444444, "#bd3786"], [0.5555555555555556, "#d8576b"], [0.6666666666666666, "#ed7953"], [0.7777777777777778, "#fb9f3a"], [0.8888888888888888, "#fdca26"], [1.0, "#f0f921"]]}], "heatmap": [{"type": "heatmap", "colorbar": {"outlinewidth": 0, "ticks": ""}, "colorscale": [[0.0, "#0d0887"], [0.1111111111111111, "#46039f"], [0.2222222222222222, "#7201a8"], [0.3333333333333333, "#9c179e"], [0.4444444444444444, "#bd3786"], [0.5555555555555556, "#d8576b"], [0.6666666666666666, "#ed7953"], [0.7777777777777778, "#fb9f3a"], [0.8888888888888888, "#fdca26"], [1.0, "#f0f921"]]}], "heatmapgl": [{"type": "heatmapgl", "colorbar": {"outlinewidth": 0, "ticks": ""}, "colorscale": [[0.0, "#0d0887"], [0.1111111111111111, "#46039f"], [0.2222222222222222, "#7201a8"], [0.3333333333333333, "#9c179e"], [0.4444444444444444, "#bd3786"], [0.5555555555555556, "#d8576b"], [0.6666666666666666, "#ed7953"], [0.7777777777777778, "#fb9f3a"], [0.8888888888888888, "#fdca26"], [1.0, "#f0f921"]]}], "contourcarpet": [{"type": "contourcarpet", "colorbar": {"outlinewidth": 0, "ticks": ""}}], "contour": [{"type": "contour", "colorbar": {"outlinewidth": 0, "ticks": ""}, "colorscale": [[0.0, "#0d0887"], [0.1111111111111111, "#46039f"], [0.2222222222222222, "#7201a8"], [0.3333333333333333, "#9c179e"], [0.4444444444444444, "#bd3786"], [0.5555555555555556, "#d8576b"], [0.6666666666666666, "#ed7953"], [0.7777777777777778, "#fb9f3a"], [0.8888888888888888, "#fdca26"], [1.0, "#f0f921"]]}], "surface": [{"type": "surface", "colorbar": {"outlinewidth": 0, "ticks": ""}, "colorscale": [[0.0, "#0d0887"], [0.1111111111111111, "#46039f"], [0.2222222222222222, "#7201a8"], [0.3333333333333333, "#9c179e"], [0.4444444444444444, "#bd3786"], [0.5555555555555556, "#d8576b"], [0.6666666666666666, "#ed7953"], [0.7777777777777778, "#fb9f3a"], [0.8888888888888888, "#fdca26"], [1.0, "#f0f921"]]}], "mesh3d": [{"type": "mesh3d", "colorbar": {"outlinewidth": 0, "ticks": ""}}], "scatter": [{"fillpattern": {"fillmode": "overlay", "size": 10, "solidity": 0.2}, "type": "scatter"}], "parcoords": [{"type": "parcoords", "line": {"colorbar": {"outlinewidth": 0, "ticks": ""}}}], "scatterpolargl": [{"type": "scatterpolargl", "marker": {"colorbar": {"outlinewidth": 0, "ticks": ""}}}], "bar": [{"error_x": {"color": "#2a3f5f"}, "error_y": {"color": "#2a3f5f"}, "marker": {"line": {"color": "#E5ECF6", "width": 0.5}, "pattern": {"fillmode": "overlay", "size": 10, "solidity": 0.2}}, "type": "bar"}], "scattergeo": [{"type": "scattergeo", "marker": {"colorbar": {"outlinewidth": 0, "ticks": ""}}}], "scatterpolar": [{"type": "scatterpolar", "marker": {"colorbar": {"outlinewidth": 0, "ticks": ""}}}], "histogram": [{"marker": {"pattern": {"fillmode": "overlay", "size": 10, "solidity": 0.2}}, "type": "histogram"}], "scattergl": [{"type": "scattergl", "marker": {"colorbar": {"outlinewidth": 0, "ticks": ""}}}], "scatter3d": [{"type": "scatter3d", "line": {"colorbar": {"outlinewidth": 0, "ticks": ""}}, "marker": {"colorbar": {"outlinewidth": 0, "ticks": ""}}}], "scattermapbox": [{"type": "scattermapbox", "marker": {"colorbar": {"outlinewidth": 0, "ticks": ""}}}], "scatterternary": [{"type": "scatterternary", "marker": {"colorbar": {"outlinewidth": 0, "ticks": ""}}}], "scattercarpet": [{"type": "scattercarpet", "marker": {"colorbar": {"outlinewidth": 0, "ticks": ""}}}], "carpet": [{"aaxis": {"endlinecolor": "#2a3f5f", "gridcolor": "white", "linecolor": "white", "minorgridcolor": "white", "startlinecolor": "#2a3f5f"}, "baxis": {"endlinecolor": "#2a3f5f", "gridcolor": "white", "linecolor": "white", "minorgridcolor": "white", "startlinecolor": "#2a3f5f"}, "type": "carpet"}], "table": [{"cells": {"fill": {"color": "#EBF0F8"}, "line": {"color": "white"}}, "header": {"fill": {"color": "#C8D4E3"}, "line": {"color": "white"}}, "type": "table"}], "barpolar": [{"marker": {"line": {"color": "#E5ECF6", "width": 0.5}, "pattern": {"fillmode": "overlay", "size": 10, "solidity": 0.2}}, "type": "barpolar"}], "pie": [{"automargin": true, "type": "pie"}]}, "layout": {"autotypenumbers": "strict", "colorway": ["#636efa", "#EF553B", "#00cc96", "#ab63fa", "#FFA15A", "#19d3f3", "#FF6692", "#B6E880", "#FF97FF", "#FECB52"], "font": {"color": "#2a3f5f"}, "hovermode": "closest", "hoverlabel": {"align": "left"}, "paper_bgcolor": "white", "plot_bgcolor": "#E5ECF6", "polar": {"bgcolor": "#E5ECF6", "angularaxis": {"gridcolor": "white", "linecolor": "white", "ticks": ""}, "radialaxis": {"gridcolor": "white", "linecolor": "white", "ticks": ""}}, "ternary": {"bgcolor": "#E5ECF6", "aaxis": {"gridcolor": "white", "linecolor": "white", "ticks": ""}, "baxis": {"gridcolor": "white", "linecolor": "white", "ticks": ""}, "caxis": {"gridcolor": "white", "linecolor": "white", "ticks": ""}}, "coloraxis": {"colorbar": {"outlinewidth": 0, "ticks": ""}}, "colorscale": {"sequential": [[0.0, "#0d0887"], [0.1111111111111111, "#46039f"], [0.2222222222222222, "#7201a8"], [0.3333333333333333, "#9c179e"], [0.4444444444444444, "#bd3786"], [0.5555555555555556, "#d8576b"], [0.6666666666666666, "#ed7953"], [0.7777777777777778, "#fb9f3a"], [0.8888888888888888, "#fdca26"], [1.0, "#f0f921"]], "sequentialminus": [[0.0, "#0d0887"], [0.1111111111111111, "#46039f"], [0.2222222222222222, "#7201a8"], [0.3333333333333333, "#9c179e"], [0.4444444444444444, "#bd3786"], [0.5555555555555556, "#d8576b"], [0.6666666666666666, "#ed7953"], [0.7777777777777778, "#fb9f3a"], [0.8888888888888888, "#fdca26"], [1.0, "#f0f921"]], "diverging": [[0, "#8e0152"], [0.1, "#c51b7d"], [0.2, "#de77ae"], [0.3, "#f1b6da"], [0.4, "#fde0ef"], [0.5, "#f7f7f7"], [0.6, "#e6f5d0"], [0.7, "#b8e186"], [0.8, "#7fbc41"], [0.9, "#4d9221"], [1, "#276419"]]}, "xaxis": {"gridcolor": "white", "linecolor": "white", "ticks": "", "title": {"standoff": 15}, "zerolinecolor": "white", "automargin": true, "zerolinewidth": 2}, "yaxis": {"gridcolor": "white", "linecolor": "white", "ticks": "", "title": {"standoff": 15}, "zerolinecolor": "white", "automargin": true, "zerolinewidth": 2}, "scene": {"xaxis": {"backgroundcolor": "#E5ECF6", "gridcolor": "white", "linecolor": "white", "showbackground": true, "ticks": "", "zerolinecolor": "white", "gridwidth": 2}, "yaxis": {"backgroundcolor": "#E5ECF6", "gridcolor": "white", "linecolor": "white", "showbackground": true, "ticks": "", "zerolinecolor": "white", "gridwidth": 2}, "zaxis": {"backgroundcolor": "#E5ECF6", "gridcolor": "white", "linecolor": "white", "showbackground": true, "ticks": "", "zerolinecolor": "white", "gridwidth": 2}}, "shapedefaults": {"line": {"color": "#2a3f5f"}}, "annotationdefaults": {"arrowcolor": "#2a3f5f", "arrowhead": 0, "arrowwidth": 1}, "geo": {"bgcolor": "white", "landcolor": "#E5ECF6", "subunitcolor": "white", "showland": true, "showlakes": true, "lakecolor": "white"}, "title": {"x": 0.05}, "mapbox": {"style": "light"}}}}}