{"data": [{"z": [[16.97264862060547, 1.071959137916565, 4.429019927978516, 0.5192663669586182, -2.5053229331970215, -3.431187152862549, -0.29495832324028015, 0.8006331920623779, 1.5275427103042603, 3.7801191806793213, 0.404874324798584, -3.420180082321167, 4.025053977966309, -0.37740975618362427, 2.1111514568328857, -1.949447751045227, 5.4380316734313965, -1.8677887916564941, 2.181286334991455, 0.08894997835159302, 6.547826766967773], [1.071959137916565, 10.088186264038086, -0.2789972722530365, 0.06727036088705063, 2.6806254386901855, 2.4993896484375, 1.473812460899353, -1.661839485168457, 0.5041502714157104, -1.7241519689559937, 1.8301090002059937, 2.966041088104248, -2.5779776573181152, 4.691880702972412, -0.7242541909217834, 0.41619059443473816, 2.798387050628662, 1.7249095439910889, 3.1577372550964355, -1.4233145713806152, 0.6746886968612671], [4.429019927978516, -0.2789972722530365, 17.570276260375977, 4.9161200523376465, -0.9559313058853149, -4.06810188293457, 5.41111421585083, 0.7930936813354492, -0.8120483160018921, 3.202442169189453, -1.0502289533615112, -3.3222665786743164, -1.5440757274627686, -0.5638667345046997, -0.6419392228126526, 1.2377899885177612, 2.061257839202881, -1.8898169994354248, 2.3385555744171143, 4.844877243041992, 2.1156718730926514], [0.5192663669586182, 0.06727036088705063, 4.9161200523376465, 13.292806625366211, 1.4325164556503296, 0.09253335744142532, 4.356479644775391, 1.873128890991211, -0.37112799286842346, 0.7914276719093323, -1.13114333152771, 2.228031635284424, 0.644554078578949, -1.8984841108322144, 2.3685503005981445, 4.2467827796936035, -0.5044457912445068, -0.2610551714897156, -0.7248059511184692, 4.600914001464844, 1.9138588905334473], [-2.5053229331970215, 2.6806254386901855, -0.9559313058853149, 1.4325164556503296, 18.834348678588867, 5.523609161376953, 2.1322684288024902, 1.2828117609024048, -2.226158380508423, 1.6742440462112427, 4.588707447052002, 3.8588814735412598, -1.959445834159851, -0.9061459898948669, -0.2215154469013214, -0.8344748616218567, 3.0189390182495117, 4.792254447937012, 2.7832272052764893, -1.6837948560714722, 4.560868740081787], [-3.431187152862549, 2.4993896484375, -4.06810188293457, 0.09253335744142532, 5.523609161376953, 12.591182708740234, 0.9964675307273865, 0.6243847012519836, 3.308241128921509, 0.038569334894418716, 1.9307371377944946, 4.654952526092529, -2.0672061443328857, 0.5921952724456787, 1.3343255519866943, 1.3199635744094849, -3.6527116298675537, 6.1019673347473145, 0.6352400779724121, 0.01749950647354126, 0.22311615943908691], [-0.29495832324028015, 1.473812460899353, 5.41111421585083, 4.356479644775391, 2.1322684288024902, 0.9964675307273865, 14.574724197387695, 3.6567819118499756, -1.000174880027771, 1.6758817434310913, 1.9110462665557861, 0.36616888642311096, -2.310549259185791, -2.9013731479644775, 0.04834684729576111, -4.021884918212891, 4.1535234451293945, -1.7912733554840088, -0.7378860712051392, 4.281723499298096, 2.2111940383911133], [0.8006331920623779, -1.661839485168457, 0.7930936813354492, 1.873128890991211, 1.2828117609024048, 0.6243847012519836, 3.6567819118499756, 12.99533462524414, -0.4597494304180145, -0.7319234013557434, 0.5502892136573792, 2.8838157653808594, 1.9708846807479858, -2.5709962844848633, 0.1662382185459137, -2.325552225112915, 2.411728858947754, 3.093738555908203, 3.1207594871520996, 1.218409538269043, 0.9663351774215698], [1.5275427103042603, 0.5041502714157104, -0.8120483160018921, -0.37112799286842346, -2.226158380508423, 3.308241128921509, -1.000174880027771, -0.4597494304180145, 12.10916805267334, -0.7057698965072632, -0.6078987717628479, 1.912548542022705, 3.670741558074951, 2.3689777851104736, 1.7326898574829102, -0.20611795783042908, -0.3295161724090576, 0.3134872019290924, -1.683392882347107, 0.1049964427947998, -1.2666187286376953], [3.7801191806793213, -1.7241519689559937, 3.202442169189453, 0.7914276719093323, 1.6742440462112427, 0.038569334894418716, 1.6758817434310913, -0.7319234013557434, -0.7057698965072632, 9.869054794311523, -0.6072146892547607, -2.512495279312134, 1.3806976079940796, -0.35446596145629883, 2.4871394634246826, 0.395999014377594, 3.8946566581726074, 2.8208470344543457, 1.6153391599655151, 4.098990440368652, 3.508153200149536], [0.404874324798584, 1.8301090002059937, -1.0502289533615112, -1.13114333152771, 4.588707447052002, 1.9307371377944946, 1.9110462665557861, 0.5502892136573792, -0.6078987717628479, -0.6072146892547607, 14.451241493225098, 3.361255407333374, 0.8009685277938843, 6.5134968757629395, -1.06014084815979, -1.085810661315918, 4.636087417602539, 1.505513072013855, -0.6212871074676514, -3.4832561016082764, -2.7241909503936768], [-3.420180082321167, 2.966041088104248, -3.3222665786743164, 2.228031635284424, 3.8588814735412598, 4.654952526092529, 0.36616888642311096, 2.8838157653808594, 1.912548542022705, -2.512495279312134, 3.361255407333374, 21.75346565246582, -1.1244783401489258, 3.9752328395843506, -2.4907279014587402, -0.055767305195331573, -0.795074462890625, 2.1581945419311523, 2.918020486831665, 0.8128403425216675, 1.4439131021499634], [4.025053977966309, -2.5779776573181152, -1.5440757274627686, 0.644554078578949, -1.959445834159851, -2.0672061443328857, -2.310549259185791, 1.9708846807479858, 3.670741558074951, 1.3806976079940796, 0.8009685277938843, -1.1244783401489258, 11.976545333862305, 0.2736383080482483, 2.7907447814941406, 3.2375576496124268, 3.559122323989868, -1.3167834281921387, -1.611071228981018, 0.3895663022994995, 2.6573333740234375], [-0.37740975618362427, 4.691880702972412, -0.5638667345046997, -1.8984841108322144, -0.9061459898948669, 0.5921952724456787, -2.9013731479644775, -2.5709962844848633, 2.3689777851104736, -0.35446596145629883, 6.5134968757629395, 3.9752328395843506, 0.2736383080482483, 16.03923797607422, 1.7446115016937256, 4.9301323890686035, -0.6535594463348389, 1.8423676490783691, 3.6354596614837646, 0.33930492401123047, 1.9988973140716553], [2.1111514568328857, -0.7242541909217834, -0.6419392228126526, 2.3685503005981445, -0.2215154469013214, 1.3343255519866943, 0.04834684729576111, 0.1662382185459137, 1.7326898574829102, 2.4871394634246826, -1.06014084815979, -2.4907279014587402, 2.7907447814941406, 1.7446115016937256, 9.403493881225586, 5.191018104553223, 0.556609570980072, 0.9104175567626953, -1.6743903160095215, 2.7787582874298096, 1.2987335920333862], [-1.949447751045227, 0.41619059443473816, 1.2377899885177612, 4.2467827796936035, -0.8344748616218567, 1.3199635744094849, -4.021884918212891, -2.325552225112915, -0.20611795783042908, 0.395999014377594, -1.085810661315918, -0.055767305195331573, 3.2375576496124268, 4.9301323890686035, 5.191018104553223, 18.444787979125977, -5.980343818664551, -0.8229966163635254, -0.6169602870941162, 2.6339964866638184, 1.3842300176620483], [5.438031196594238, 2.798387289047241, 2.06125807762146, -0.5044457912445068, 3.0189387798309326, -3.6527113914489746, 4.1535234451293945, 2.411728858947754, -0.32951605319976807, 3.8946568965911865, 4.636087417602539, -0.7950740456581116, 3.559122085571289, -0.6535587310791016, 0.556609570980072, -5.980342864990234, 21.07574462890625, -1.682133674621582, 1.8804280757904053, -1.9123401641845703, -0.3923400938510895], [-1.8677887916564941, 1.7249095439910889, -1.8898169994354248, -0.2610551416873932, 4.79225492477417, 6.1019673347473145, -1.7912734746932983, 3.093738555908203, 0.31348717212677, 2.8208470344543457, 1.5055129528045654, 2.1581950187683105, -1.3167836666107178, 1.8423676490783691, 0.910417377948761, -0.822996973991394, -1.682133674621582, 13.040506362915039, 2.167717456817627, 1.1179884672164917, 2.287097930908203], [2.181286334991455, 3.1577374935150146, 2.3385555744171143, -0.7248057723045349, 2.7832272052764893, 0.6352397799491882, -0.7378860712051392, 3.1207594871520996, -1.683392882347107, 1.615338921546936, -0.6212872862815857, 2.918020486831665, -1.611071228981018, 3.6354594230651855, -1.6743903160095215, -0.616960346698761, 1.8804280757904053, 2.167717456817627, 13.655455589294434, 1.3876049518585205, 2.887507915496826], [0.08894984424114227, -1.4233146905899048, 4.844877243041992, 4.600914478302002, -1.6837947368621826, 0.017499694600701332, 4.281722545623779, 1.2184094190597534, 0.10499659180641174, 4.098989963531494, -3.4832561016082764, 0.8128404021263123, 0.3895663619041443, 0.33930498361587524, 2.7787582874298096, 2.6339964866638184, -1.9123401641845703, 1.1179884672164917, 1.3876049518585205, 11.809739112854004, 5.801581382751465], [6.547825336456299, 0.6746885776519775, 2.1156718730926514, 1.9138590097427368, 4.560868740081787, 0.22311609983444214, 2.2111940383911133, 0.9663350582122803, -1.2666184902191162, 3.508152961730957, -2.7241907119750977, 1.4439127445220947, 2.6573333740234375, 1.9988973140716553, 1.2987335920333862, 1.3842298984527588, -0.39234021306037903, 2.287097454071045, 2.887507915496826, 5.801581382751465, 17.648818969726562]], "type": "heatmap"}], "layout": {"template": {"data": {"histogram2dcontour": [{"type": "histogram2dcontour", "colorbar": {"outlinewidth": 0, "ticks": ""}, "colorscale": [[0.0, "#0d0887"], [0.1111111111111111, "#46039f"], [0.2222222222222222, "#7201a8"], [0.3333333333333333, "#9c179e"], [0.4444444444444444, "#bd3786"], [0.5555555555555556, "#d8576b"], [0.6666666666666666, "#ed7953"], [0.7777777777777778, "#fb9f3a"], [0.8888888888888888, "#fdca26"], [1.0, "#f0f921"]]}], "choropleth": [{"type": "choropleth", "colorbar": {"outlinewidth": 0, "ticks": ""}}], "histogram2d": [{"type": "histogram2d", "colorbar": {"outlinewidth": 0, "ticks": ""}, "colorscale": [[0.0, "#0d0887"], [0.1111111111111111, "#46039f"], [0.2222222222222222, "#7201a8"], [0.3333333333333333, "#9c179e"], [0.4444444444444444, "#bd3786"], [0.5555555555555556, "#d8576b"], [0.6666666666666666, "#ed7953"], [0.7777777777777778, "#fb9f3a"], [0.8888888888888888, "#fdca26"], [1.0, "#f0f921"]]}], "heatmap": [{"type": "heatmap", "colorbar": {"outlinewidth": 0, "ticks": ""}, "colorscale": [[0.0, "#0d0887"], [0.1111111111111111, "#46039f"], [0.2222222222222222, "#7201a8"], [0.3333333333333333, "#9c179e"], [0.4444444444444444, "#bd3786"], [0.5555555555555556, "#d8576b"], [0.6666666666666666, "#ed7953"], [0.7777777777777778, "#fb9f3a"], [0.8888888888888888, "#fdca26"], [1.0, "#f0f921"]]}], "heatmapgl": [{"type": "heatmapgl", "colorbar": {"outlinewidth": 0, "ticks": ""}, "colorscale": [[0.0, "#0d0887"], [0.1111111111111111, "#46039f"], [0.2222222222222222, "#7201a8"], [0.3333333333333333, "#9c179e"], [0.4444444444444444, "#bd3786"], [0.5555555555555556, "#d8576b"], [0.6666666666666666, "#ed7953"], [0.7777777777777778, "#fb9f3a"], [0.8888888888888888, "#fdca26"], [1.0, "#f0f921"]]}], "contourcarpet": [{"type": "contourcarpet", "colorbar": {"outlinewidth": 0, "ticks": ""}}], "contour": [{"type": "contour", "colorbar": {"outlinewidth": 0, "ticks": ""}, "colorscale": [[0.0, "#0d0887"], [0.1111111111111111, "#46039f"], [0.2222222222222222, "#7201a8"], [0.3333333333333333, "#9c179e"], [0.4444444444444444, "#bd3786"], [0.5555555555555556, "#d8576b"], [0.6666666666666666, "#ed7953"], [0.7777777777777778, "#fb9f3a"], [0.8888888888888888, "#fdca26"], [1.0, "#f0f921"]]}], "surface": [{"type": "surface", "colorbar": {"outlinewidth": 0, "ticks": ""}, "colorscale": [[0.0, "#0d0887"], [0.1111111111111111, "#46039f"], [0.2222222222222222, "#7201a8"], [0.3333333333333333, "#9c179e"], [0.4444444444444444, "#bd3786"], [0.5555555555555556, "#d8576b"], [0.6666666666666666, "#ed7953"], [0.7777777777777778, "#fb9f3a"], [0.8888888888888888, "#fdca26"], [1.0, "#f0f921"]]}], "mesh3d": [{"type": "mesh3d", "colorbar": {"outlinewidth": 0, "ticks": ""}}], "scatter": [{"fillpattern": {"fillmode": "overlay", "size": 10, "solidity": 0.2}, "type": "scatter"}], "parcoords": [{"type": "parcoords", "line": {"colorbar": {"outlinewidth": 0, "ticks": ""}}}], "scatterpolargl": [{"type": "scatterpolargl", "marker": {"colorbar": {"outlinewidth": 0, "ticks": ""}}}], "bar": [{"error_x": {"color": "#2a3f5f"}, "error_y": {"color": "#2a3f5f"}, "marker": {"line": {"color": "#E5ECF6", "width": 0.5}, "pattern": {"fillmode": "overlay", "size": 10, "solidity": 0.2}}, "type": "bar"}], "scattergeo": [{"type": "scattergeo", "marker": {"colorbar": {"outlinewidth": 0, "ticks": ""}}}], "scatterpolar": [{"type": "scatterpolar", "marker": {"colorbar": {"outlinewidth": 0, "ticks": ""}}}], "histogram": [{"marker": {"pattern": {"fillmode": "overlay", "size": 10, "solidity": 0.2}}, "type": "histogram"}], "scattergl": [{"type": "scattergl", "marker": {"colorbar": {"outlinewidth": 0, "ticks": ""}}}], "scatter3d": [{"type": "scatter3d", "line": {"colorbar": {"outlinewidth": 0, "ticks": ""}}, "marker": {"colorbar": {"outlinewidth": 0, "ticks": ""}}}], "scattermapbox": [{"type": "scattermapbox", "marker": {"colorbar": {"outlinewidth": 0, "ticks": ""}}}], "scatterternary": [{"type": "scatterternary", "marker": {"colorbar": {"outlinewidth": 0, "ticks": ""}}}], "scattercarpet": [{"type": "scattercarpet", "marker": {"colorbar": {"outlinewidth": 0, "ticks": ""}}}], "carpet": [{"aaxis": {"endlinecolor": "#2a3f5f", "gridcolor": "white", "linecolor": "white", "minorgridcolor": "white", "startlinecolor": "#2a3f5f"}, "baxis": {"endlinecolor": "#2a3f5f", "gridcolor": "white", "linecolor": "white", "minorgridcolor": "white", "startlinecolor": "#2a3f5f"}, "type": "carpet"}], "table": [{"cells": {"fill": {"color": "#EBF0F8"}, "line": {"color": "white"}}, "header": {"fill": {"color": "#C8D4E3"}, "line": {"color": "white"}}, "type": "table"}], "barpolar": [{"marker": {"line": {"color": "#E5ECF6", "width": 0.5}, "pattern": {"fillmode": "overlay", "size": 10, "solidity": 0.2}}, "type": "barpolar"}], "pie": [{"automargin": true, "type": "pie"}]}, "layout": {"autotypenumbers": "strict", "colorway": ["#636efa", "#EF553B", "#00cc96", "#ab63fa", "#FFA15A", "#19d3f3", "#FF6692", "#B6E880", "#FF97FF", "#FECB52"], "font": {"color": "#2a3f5f"}, "hovermode": "closest", "hoverlabel": {"align": "left"}, "paper_bgcolor": "white", "plot_bgcolor": "#E5ECF6", "polar": {"bgcolor": "#E5ECF6", "angularaxis": {"gridcolor": "white", "linecolor": "white", "ticks": ""}, "radialaxis": {"gridcolor": "white", "linecolor": "white", "ticks": ""}}, "ternary": {"bgcolor": "#E5ECF6", "aaxis": {"gridcolor": "white", "linecolor": "white", "ticks": ""}, "baxis": {"gridcolor": "white", "linecolor": "white", "ticks": ""}, "caxis": {"gridcolor": "white", "linecolor": "white", "ticks": ""}}, "coloraxis": {"colorbar": {"outlinewidth": 0, "ticks": ""}}, "colorscale": {"sequential": [[0.0, "#0d0887"], [0.1111111111111111, "#46039f"], [0.2222222222222222, "#7201a8"], [0.3333333333333333, "#9c179e"], [0.4444444444444444, "#bd3786"], [0.5555555555555556, "#d8576b"], [0.6666666666666666, "#ed7953"], [0.7777777777777778, "#fb9f3a"], [0.8888888888888888, "#fdca26"], [1.0, "#f0f921"]], "sequentialminus": [[0.0, "#0d0887"], [0.1111111111111111, "#46039f"], [0.2222222222222222, "#7201a8"], [0.3333333333333333, "#9c179e"], [0.4444444444444444, "#bd3786"], [0.5555555555555556, "#d8576b"], [0.6666666666666666, "#ed7953"], [0.7777777777777778, "#fb9f3a"], [0.8888888888888888, "#fdca26"], [1.0, "#f0f921"]], "diverging": [[0, "#8e0152"], [0.1, "#c51b7d"], [0.2, "#de77ae"], [0.3, "#f1b6da"], [0.4, "#fde0ef"], [0.5, "#f7f7f7"], [0.6, "#e6f5d0"], [0.7, "#b8e186"], [0.8, "#7fbc41"], [0.9, "#4d9221"], [1, "#276419"]]}, "xaxis": {"gridcolor": "white", "linecolor": "white", "ticks": "", "title": {"standoff": 15}, "zerolinecolor": "white", "automargin": true, "zerolinewidth": 2}, "yaxis": {"gridcolor": "white", "linecolor": "white", "ticks": "", "title": {"standoff": 15}, "zerolinecolor": "white", "automargin": true, "zerolinewidth": 2}, "scene": {"xaxis": {"backgroundcolor": "#E5ECF6", "gridcolor": "white", "linecolor": "white", "showbackground": true, "ticks": "", "zerolinecolor": "white", "gridwidth": 2}, "yaxis": {"backgroundcolor": "#E5ECF6", "gridcolor": "white", "linecolor": "white", "showbackground": true, "ticks": "", "zerolinecolor": "white", "gridwidth": 2}, "zaxis": {"backgroundcolor": "#E5ECF6", "gridcolor": "white", "linecolor": "white", "showbackground": true, "ticks": "", "zerolinecolor": "white", "gridwidth": 2}}, "shapedefaults": {"line": {"color": "#2a3f5f"}}, "annotationdefaults": {"arrowcolor": "#2a3f5f", "arrowhead": 0, "arrowwidth": 1}, "geo": {"bgcolor": "white", "landcolor": "#E5ECF6", "subunitcolor": "white", "showland": true, "showlakes": true, "lakecolor": "white"}, "title": {"x": 0.05}, "mapbox": {"style": "light"}}}}}