{"data": [{"z": [[10.146564483642578, 0.2565080225467682, 3.743405342102051, 0.325852632522583, -1.5658906698226929, -2.4746241569519043, 1.2042909860610962, 1.1560591459274292, 1.5350697040557861, 3.4599525928497314, 0.395454078912735, -2.9385173320770264, 3.273698568344116, 0.13707904517650604, 1.8688924312591553, -1.1936731338500977, 4.397657871246338, -0.55821692943573, 2.1662726402282715, 1.6371630430221558, 5.074263572692871], [0.2565080225467682, 7.756730079650879, -0.39807307720184326, 0.08334089815616608, 2.2811038494110107, 2.115990400314331, 1.4402416944503784, -1.016904354095459, 0.7033376693725586, -0.948935866355896, 1.1924638748168945, 2.124060869216919, -1.8347917795181274, 3.2781496047973633, -0.35510677099227905, 0.3252454102039337, 2.074587345123291, 1.2661864757537842, 2.556123971939087, -0.5647472143173218, 0.21601271629333496], [3.743405342102051, -0.39807307720184326, 12.345658302307129, 4.344420433044434, -0.01026844047009945, -2.6474857330322266, 3.8447320461273193, 0.9084813594818115, -0.25789299607276917, 2.7831268310546875, -1.013269305229187, -2.237391471862793, -0.7455546855926514, -0.5967875719070435, -0.06587304174900055, 1.4562128782272339, 1.814877986907959, -0.9779956340789795, 2.3316171169281006, 3.897038698196411, 2.146892786026001], [0.325852632522583, 0.08334089815616608, 4.344420433044434, 9.519689559936523, 1.5430389642715454, 0.42744818329811096, 3.722200393676758, 1.7384449243545532, 0.09433615952730179, 0.9883896112442017, -0.18659433722496033, 1.8432610034942627, 0.7986019849777222, -1.124790906906128, 1.9577659368515015, 3.3701696395874023, -0.31262922286987305, 0.5821884274482727, -0.5883067846298218, 3.6495237350463867, 1.4324076175689697], [-1.5658906698226929, 2.2811038494110107, -0.01026844047009945, 1.5430389642715454, 14.22951889038086, 4.3419270515441895, 2.002458333969116, 1.2271149158477783, -1.0100352764129639, 1.4121085405349731, 3.4817285537719727, 3.532144784927368, -1.6797806024551392, 0.2765960991382599, 0.3093772530555725, -0.2834673523902893, 2.3110532760620117, 3.6971840858459473, 2.4416768550872803, -0.7468292713165283, 4.151949882507324], [-2.4746241569519043, 2.115990400314331, -2.6474857330322266, 0.42744818329811096, 4.3419270515441895, 9.508517265319824, 1.2379887104034424, 0.6624079942703247, 2.342991828918457, 0.42140358686447144, 1.0291236639022827, 3.7303993701934814, -1.5089619159698486, 0.7488148808479309, 1.3032101392745972, 0.8675335645675659, -2.1968300342559814, 4.435221195220947, 0.9779682159423828, 0.6564226746559143, 0.42307066917419434], [1.2042909860610962, 1.4402416944503784, 3.8447320461273193, 3.722200393676758, 2.002458333969116, 1.2379887104034424, 9.854711532592773, 2.743220567703247, -0.6152390837669373, 1.1932790279388428, 1.67973792552948, 1.2254630327224731, -1.333292841911316, -2.5135903358459473, 0.3108302652835846, -2.7377207279205322, 3.1073389053344727, -0.9110757112503052, 0.023363322019577026, 2.889350175857544, 1.633756160736084], [1.1560591459274292, -1.016904354095459, 0.9084813594818115, 1.7384449243545532, 1.2271149158477783, 0.6624079942703247, 2.743220567703247, 10.580745697021484, -0.4313410520553589, -0.5138567090034485, 0.23515847325325012, 2.402768135070801, 1.6160950660705566, -1.9668633937835693, 0.37137460708618164, -1.7265539169311523, 2.155139446258545, 2.672741174697876, 2.610142230987549, 1.3480497598648071, 0.9571020603179932], [1.5350697040557861, 0.7033376693725586, -0.25789299607276917, 0.09433615952730179, -1.0100352764129639, 2.342991828918457, -0.6152390837669373, -0.4313410520553589, 8.551867485046387, 0.27013206481933594, -0.33309030532836914, 1.3337088823318481, 2.8903255462646484, 1.5408766269683838, 1.5201009511947632, 0.4856986403465271, 0.4025834798812866, 0.9054343104362488, -1.186859130859375, 0.9491559267044067, -0.9945993423461914], [3.4599525928497314, -0.948935866355896, 2.7831268310546875, 0.9883896112442017, 1.4121085405349731, 0.42140358686447144, 1.1932790279388428, -0.5138567090034485, 0.27013206481933594, 7.697467803955078, -0.4173819124698639, -1.1675480604171753, 1.2266874313354492, 0.5187109112739563, 2.5721654891967773, 0.763243556022644, 3.476672410964966, 2.5484061241149902, 1.129733681678772, 3.269462823867798, 3.495149612426758], [0.395454078912735, 1.1924638748168945, -1.013269305229187, -0.18659433722496033, 3.4817285537719727, 1.0291236639022827, 1.67973792552948, 0.23515847325325012, -0.33309030532836914, -0.4173819124698639, 9.89252758026123, 2.8029537200927734, 0.7527957558631897, 4.574969291687012, -0.15915453433990479, -0.6642982959747314, 3.384294033050537, 0.988709568977356, -0.3222290277481079, -2.2379465103149414, -1.7674099206924438], [-2.9385173320770264, 2.124060869216919, -2.237391471862793, 1.8432610034942627, 3.532144784927368, 3.7303993701934814, 1.2254630327224731, 2.402768135070801, 1.3337088823318481, -1.1675480604171753, 2.8029537200927734, 16.322086334228516, -0.7022663950920105, 3.1540098190307617, -1.5167878866195679, 0.07529520988464355, -0.2773885726928711, 1.93625009059906, 2.415178060531616, 1.4899975061416626, 1.142277717590332], [3.273698568344116, -1.8347917795181274, -0.7455546855926514, 0.7986019849777222, -1.6797806024551392, -1.5089619159698486, -1.333292841911316, 1.6160950660705566, 2.8903255462646484, 1.2266874313354492, 0.7527957558631897, -0.7022663950920105, 9.188640594482422, 0.8336021900177002, 2.3776988983154297, 2.92976975440979, 2.933175563812256, -0.8958530426025391, -1.3295937776565552, 0.6620009541511536, 2.5073418617248535], [0.13707904517650604, 3.2781496047973633, -0.5967875719070435, -1.124790906906128, 0.2765960991382599, 0.7488148808479309, -2.5135903358459473, -1.9668633937835693, 1.5408766269683838, 0.5187109112739563, 4.574969291687012, 3.1540098190307617, 0.8336021900177002, 11.849763870239258, 1.6822625398635864, 3.9985084533691406, -0.3530389070510864, 1.6436071395874023, 2.6601362228393555, 0.65422523021698, 2.4808907508850098], [1.8688924312591553, -0.35510677099227905, -0.06587304174900055, 1.9577659368515015, 0.3093772530555725, 1.3032101392745972, 0.3108302652835846, 0.37137460708618164, 1.5201009511947632, 2.5721654891967773, -0.15915453433990479, -1.5167878866195679, 2.3776988983154297, 1.6822625398635864, 7.27908182144165, 4.17244815826416, 0.7944984436035156, 1.0411388874053955, -1.0881881713867188, 2.332347869873047, 1.030238151550293], [-1.1936731338500977, 0.3252454102039337, 1.4562128782272339, 3.3701696395874023, -0.2834673523902893, 0.8675335645675659, -2.7377207279205322, -1.7265539169311523, 0.4856986403465271, 0.763243556022644, -0.6642982959747314, 0.07529520988464355, 2.92976975440979, 3.9985084533691406, 4.17244815826416, 14.828189849853516, -4.422807216644287, -0.8728165626525879, -0.5800075531005859, 2.0220394134521484, 1.6127111911773682], [4.397657871246338, 2.074586868286133, 1.8148784637451172, -0.3126290738582611, 2.3110527992248535, -2.1968295574188232, 3.1073386669158936, 2.155139207839966, 0.40258336067199707, 3.4766721725463867, 3.384294271469116, -0.2773888111114502, 2.933175563812256, -0.3530385196208954, 0.7944985032081604, -4.422806739807129, 16.208587646484375, -0.618172287940979, 1.4734220504760742, -1.1265392303466797, -0.231968954205513], [-0.5582169890403748, 1.2661867141723633, -0.9779955148696899, 0.5821883678436279, 3.697183847427368, 4.4352216720581055, -0.9110752940177917, 2.672741651535034, 0.905434250831604, 2.5484061241149902, 0.9887099266052246, 1.9362505674362183, -0.8958532214164734, 1.6436073780059814, 1.0411392450332642, -0.8728165626525879, -0.618172287940979, 9.897819519042969, 2.11856746673584, 0.842241108417511, 2.087273120880127], [2.1662726402282715, 2.556123971939087, 2.331617593765259, -0.5883069634437561, 2.4416768550872803, 0.977968156337738, 0.023363305255770683, 2.610142469406128, -1.1868590116500854, 1.1297335624694824, -0.3222290873527527, 2.415178060531616, -1.3295938968658447, 2.6601362228393555, -1.0881881713867188, -0.5800073742866516, 1.4734220504760742, 2.11856746673584, 10.067302703857422, 1.0010945796966553, 2.630614995956421], [1.6371631622314453, -0.5647472143173218, 3.8970389366149902, 3.6495237350463867, -0.7468293905258179, 0.6564226150512695, 2.889350414276123, 1.3480497598648071, 0.9491559267044067, 3.269463062286377, -2.2379469871520996, 1.4899975061416626, 0.6620009541511536, 0.65422523021698, 2.332348108291626, 2.0220391750335693, -1.1265392303466797, 0.842241108417511, 1.0010945796966553, 8.42238712310791, 5.442331314086914], [5.074263572692871, 0.21601268649101257, 2.14689302444458, 1.4324078559875488, 4.151948928833008, 0.42307066917419434, 1.633756160736084, 0.9571022391319275, -0.9945991039276123, 3.495149850845337, -1.767410159111023, 1.142277479171753, 2.5073418617248535, 2.4808905124664307, 1.030238151550293, 1.6127111911773682, -0.2319689691066742, 2.087273359298706, 2.630614757537842, 5.442331314086914, 17.648818969726562]], "type": "heatmap"}], "layout": {"template": {"data": {"histogram2dcontour": [{"type": "histogram2dcontour", "colorbar": {"outlinewidth": 0, "ticks": ""}, "colorscale": [[0.0, "#0d0887"], [0.1111111111111111, "#46039f"], [0.2222222222222222, "#7201a8"], [0.3333333333333333, "#9c179e"], [0.4444444444444444, "#bd3786"], [0.5555555555555556, "#d8576b"], [0.6666666666666666, "#ed7953"], [0.7777777777777778, "#fb9f3a"], [0.8888888888888888, "#fdca26"], [1.0, "#f0f921"]]}], "choropleth": [{"type": "choropleth", "colorbar": {"outlinewidth": 0, "ticks": ""}}], "histogram2d": [{"type": "histogram2d", "colorbar": {"outlinewidth": 0, "ticks": ""}, "colorscale": [[0.0, "#0d0887"], [0.1111111111111111, "#46039f"], [0.2222222222222222, "#7201a8"], [0.3333333333333333, "#9c179e"], [0.4444444444444444, "#bd3786"], [0.5555555555555556, "#d8576b"], [0.6666666666666666, "#ed7953"], [0.7777777777777778, "#fb9f3a"], [0.8888888888888888, "#fdca26"], [1.0, "#f0f921"]]}], "heatmap": [{"type": "heatmap", "colorbar": {"outlinewidth": 0, "ticks": ""}, "colorscale": [[0.0, "#0d0887"], [0.1111111111111111, "#46039f"], [0.2222222222222222, "#7201a8"], [0.3333333333333333, "#9c179e"], [0.4444444444444444, "#bd3786"], [0.5555555555555556, "#d8576b"], [0.6666666666666666, "#ed7953"], [0.7777777777777778, "#fb9f3a"], [0.8888888888888888, "#fdca26"], [1.0, "#f0f921"]]}], "heatmapgl": [{"type": "heatmapgl", "colorbar": {"outlinewidth": 0, "ticks": ""}, "colorscale": [[0.0, "#0d0887"], [0.1111111111111111, "#46039f"], [0.2222222222222222, "#7201a8"], [0.3333333333333333, "#9c179e"], [0.4444444444444444, "#bd3786"], [0.5555555555555556, "#d8576b"], [0.6666666666666666, "#ed7953"], [0.7777777777777778, "#fb9f3a"], [0.8888888888888888, "#fdca26"], [1.0, "#f0f921"]]}], "contourcarpet": [{"type": "contourcarpet", "colorbar": {"outlinewidth": 0, "ticks": ""}}], "contour": [{"type": "contour", "colorbar": {"outlinewidth": 0, "ticks": ""}, "colorscale": [[0.0, "#0d0887"], [0.1111111111111111, "#46039f"], [0.2222222222222222, "#7201a8"], [0.3333333333333333, "#9c179e"], [0.4444444444444444, "#bd3786"], [0.5555555555555556, "#d8576b"], [0.6666666666666666, "#ed7953"], [0.7777777777777778, "#fb9f3a"], [0.8888888888888888, "#fdca26"], [1.0, "#f0f921"]]}], "surface": [{"type": "surface", "colorbar": {"outlinewidth": 0, "ticks": ""}, "colorscale": [[0.0, "#0d0887"], [0.1111111111111111, "#46039f"], [0.2222222222222222, "#7201a8"], [0.3333333333333333, "#9c179e"], [0.4444444444444444, "#bd3786"], [0.5555555555555556, "#d8576b"], [0.6666666666666666, "#ed7953"], [0.7777777777777778, "#fb9f3a"], [0.8888888888888888, "#fdca26"], [1.0, "#f0f921"]]}], "mesh3d": [{"type": "mesh3d", "colorbar": {"outlinewidth": 0, "ticks": ""}}], "scatter": [{"fillpattern": {"fillmode": "overlay", "size": 10, "solidity": 0.2}, "type": "scatter"}], "parcoords": [{"type": "parcoords", "line": {"colorbar": {"outlinewidth": 0, "ticks": ""}}}], "scatterpolargl": [{"type": "scatterpolargl", "marker": {"colorbar": {"outlinewidth": 0, "ticks": ""}}}], "bar": [{"error_x": {"color": "#2a3f5f"}, "error_y": {"color": "#2a3f5f"}, "marker": {"line": {"color": "#E5ECF6", "width": 0.5}, "pattern": {"fillmode": "overlay", "size": 10, "solidity": 0.2}}, "type": "bar"}], "scattergeo": [{"type": "scattergeo", "marker": {"colorbar": {"outlinewidth": 0, "ticks": ""}}}], "scatterpolar": [{"type": "scatterpolar", "marker": {"colorbar": {"outlinewidth": 0, "ticks": ""}}}], "histogram": [{"marker": {"pattern": {"fillmode": "overlay", "size": 10, "solidity": 0.2}}, "type": "histogram"}], "scattergl": [{"type": "scattergl", "marker": {"colorbar": {"outlinewidth": 0, "ticks": ""}}}], "scatter3d": [{"type": "scatter3d", "line": {"colorbar": {"outlinewidth": 0, "ticks": ""}}, "marker": {"colorbar": {"outlinewidth": 0, "ticks": ""}}}], "scattermapbox": [{"type": "scattermapbox", "marker": {"colorbar": {"outlinewidth": 0, "ticks": ""}}}], "scatterternary": [{"type": "scatterternary", "marker": {"colorbar": {"outlinewidth": 0, "ticks": ""}}}], "scattercarpet": [{"type": "scattercarpet", "marker": {"colorbar": {"outlinewidth": 0, "ticks": ""}}}], "carpet": [{"aaxis": {"endlinecolor": "#2a3f5f", "gridcolor": "white", "linecolor": "white", "minorgridcolor": "white", "startlinecolor": "#2a3f5f"}, "baxis": {"endlinecolor": "#2a3f5f", "gridcolor": "white", "linecolor": "white", "minorgridcolor": "white", "startlinecolor": "#2a3f5f"}, "type": "carpet"}], "table": [{"cells": {"fill": {"color": "#EBF0F8"}, "line": {"color": "white"}}, "header": {"fill": {"color": "#C8D4E3"}, "line": {"color": "white"}}, "type": "table"}], "barpolar": [{"marker": {"line": {"color": "#E5ECF6", "width": 0.5}, "pattern": {"fillmode": "overlay", "size": 10, "solidity": 0.2}}, "type": "barpolar"}], "pie": [{"automargin": true, "type": "pie"}]}, "layout": {"autotypenumbers": "strict", "colorway": ["#636efa", "#EF553B", "#00cc96", "#ab63fa", "#FFA15A", "#19d3f3", "#FF6692", "#B6E880", "#FF97FF", "#FECB52"], "font": {"color": "#2a3f5f"}, "hovermode": "closest", "hoverlabel": {"align": "left"}, "paper_bgcolor": "white", "plot_bgcolor": "#E5ECF6", "polar": {"bgcolor": "#E5ECF6", "angularaxis": {"gridcolor": "white", "linecolor": "white", "ticks": ""}, "radialaxis": {"gridcolor": "white", "linecolor": "white", "ticks": ""}}, "ternary": {"bgcolor": "#E5ECF6", "aaxis": {"gridcolor": "white", "linecolor": "white", "ticks": ""}, "baxis": {"gridcolor": "white", "linecolor": "white", "ticks": ""}, "caxis": {"gridcolor": "white", "linecolor": "white", "ticks": ""}}, "coloraxis": {"colorbar": {"outlinewidth": 0, "ticks": ""}}, "colorscale": {"sequential": [[0.0, "#0d0887"], [0.1111111111111111, "#46039f"], [0.2222222222222222, "#7201a8"], [0.3333333333333333, "#9c179e"], [0.4444444444444444, "#bd3786"], [0.5555555555555556, "#d8576b"], [0.6666666666666666, "#ed7953"], [0.7777777777777778, "#fb9f3a"], [0.8888888888888888, "#fdca26"], [1.0, "#f0f921"]], "sequentialminus": [[0.0, "#0d0887"], [0.1111111111111111, "#46039f"], [0.2222222222222222, "#7201a8"], [0.3333333333333333, "#9c179e"], [0.4444444444444444, "#bd3786"], [0.5555555555555556, "#d8576b"], [0.6666666666666666, "#ed7953"], [0.7777777777777778, "#fb9f3a"], [0.8888888888888888, "#fdca26"], [1.0, "#f0f921"]], "diverging": [[0, "#8e0152"], [0.1, "#c51b7d"], [0.2, "#de77ae"], [0.3, "#f1b6da"], [0.4, "#fde0ef"], [0.5, "#f7f7f7"], [0.6, "#e6f5d0"], [0.7, "#b8e186"], [0.8, "#7fbc41"], [0.9, "#4d9221"], [1, "#276419"]]}, "xaxis": {"gridcolor": "white", "linecolor": "white", "ticks": "", "title": {"standoff": 15}, "zerolinecolor": "white", "automargin": true, "zerolinewidth": 2}, "yaxis": {"gridcolor": "white", "linecolor": "white", "ticks": "", "title": {"standoff": 15}, "zerolinecolor": "white", "automargin": true, "zerolinewidth": 2}, "scene": {"xaxis": {"backgroundcolor": "#E5ECF6", "gridcolor": "white", "linecolor": "white", "showbackground": true, "ticks": "", "zerolinecolor": "white", "gridwidth": 2}, "yaxis": {"backgroundcolor": "#E5ECF6", "gridcolor": "white", "linecolor": "white", "showbackground": true, "ticks": "", "zerolinecolor": "white", "gridwidth": 2}, "zaxis": {"backgroundcolor": "#E5ECF6", "gridcolor": "white", "linecolor": "white", "showbackground": true, "ticks": "", "zerolinecolor": "white", "gridwidth": 2}}, "shapedefaults": {"line": {"color": "#2a3f5f"}}, "annotationdefaults": {"arrowcolor": "#2a3f5f", "arrowhead": 0, "arrowwidth": 1}, "geo": {"bgcolor": "white", "landcolor": "#E5ECF6", "subunitcolor": "white", "showland": true, "showlakes": true, "lakecolor": "white"}, "title": {"x": 0.05}, "mapbox": {"style": "light"}}}}}