{"data": [{"z": [[20.442337036132812, 5.7906012535095215, -0.15833039581775665, 0.27651116251945496, 1.1439604759216309, -2.7176895141601562, -5.377562522888184, -0.5029624104499817, -0.9772322773933411, 2.121056318283081, 8.129829406738281, -5.55565881729126, 2.358794689178467, 0.836101233959198, 1.6184906959533691, -0.198958158493042, -4.073406219482422, 3.5214686393737793, 0.0021064281463623047, 2.619744300842285, 0.46274533867836], [5.7906012535095215, 22.545696258544922, 1.2778517007827759, 0.7766502499580383, 2.8752574920654297, 5.46262788772583, 0.5074766278266907, -0.2087486833333969, -6.167699337005615, 2.5110838413238525, 3.6143617630004883, -2.9655282497406006, -0.02581707201898098, 7.717929840087891, -3.3770055770874023, 3.1836087703704834, -2.7203850746154785, -2.2686924934387207, -2.9672698974609375, 3.1411385536193848, -0.3947102129459381], [-0.15833039581775665, 1.2778517007827759, 13.267409324645996, 2.7900052070617676, 0.6499823331832886, 1.3185328245162964, -1.6864538192749023, -2.2064130306243896, 5.905218124389648, 1.3300493955612183, 0.8154729604721069, -1.689461350440979, -2.691694974899292, -0.3435882031917572, 3.4302620887756348, 2.120997667312622, -0.7056976556777954, -2.621136426925659, -0.8430531620979309, -1.367346167564392, -2.4862513542175293], [0.27651116251945496, 0.7766502499580383, 2.7900052070617676, 13.863110542297363, 2.0201375484466553, 4.509572505950928, 0.03704536333680153, 1.67130708694458, 2.4905502796173096, 2.4963839054107666, -0.9490987062454224, -0.5863828063011169, 4.1894330978393555, 2.448298931121826, 0.16064710915088654, -0.1648009568452835, 2.1704277992248535, -0.8275406360626221, 1.4172179698944092, -3.2859721183776855, -4.9529500007629395], [1.1439604759216309, 2.8752574920654297, 0.6499823331832886, 2.0201375484466553, 33.44721603393555, -1.5686925649642944, 0.8245745897293091, -6.290200710296631, -1.8960118293762207, -4.745632171630859, -2.1506638526916504, 3.465059518814087, 7.574116230010986, 7.15313196182251, 1.8451662063598633, 6.124665260314941, 0.1418689489364624, 0.6952557563781738, 7.770788192749023, 5.764970302581787, -9.095101356506348], [-2.7176895141601562, 5.46262788772583, 1.3185328245162964, 4.509572505950928, -1.5686925649642944, 25.77202033996582, 3.117793321609497, 2.9869439601898193, -3.1814205646514893, -3.163522243499756, -5.227044582366943, 1.9226843118667603, -0.6632305979728699, 2.5740745067596436, -9.953987121582031, 0.46392685174942017, 5.062111854553223, -3.5658228397369385, -1.7969547510147095, -1.263896107673645, -3.380134105682373], [-5.377562522888184, 0.5074766278266907, -1.6864538192749023, 0.03704536333680153, 0.8245745897293091, 3.117793321609497, 19.826337814331055, -1.164797067642212, 0.4215352237224579, 0.14105236530303955, -1.6454678773880005, 4.941657543182373, -5.469518184661865, 2.2267537117004395, 2.315763235092163, 2.8950412273406982, 5.155969619750977, 2.442981004714966, -1.267531394958496, 1.3690173625946045, 4.762653350830078], [-0.5029624104499817, -0.2087486833333969, -2.2064130306243896, 1.67130708694458, -6.290200710296631, 2.9869439601898193, -1.164797067642212, 19.72096061706543, -1.7633079290390015, 2.051424503326416, 2.994194984436035, 1.6095589399337769, 3.662606954574585, -1.6801508665084839, 6.059322834014893, -4.018093585968018, 1.511228322982788, 0.9376640319824219, -6.700906276702881, 2.538534641265869, 1.6857709884643555], [-0.9772322773933411, -6.167699337005615, 5.905218124389648, 2.4905502796173096, -1.8960118293762207, -3.1814205646514893, 0.4215352237224579, -1.7633079290390015, 23.954421997070312, 11.554438591003418, 0.024562612175941467, -5.746127128601074, 0.1364356279373169, 0.5292223691940308, -1.198047161102295, -2.195467948913574, -2.857377767562866, 2.770921468734741, 4.35683536529541, -1.2761712074279785, 5.363221168518066], [2.121056318283081, 2.5110838413238525, 1.3300493955612183, 2.4963839054107666, -4.745632171630859, -3.163522243499756, 0.14105236530303955, 2.051424503326416, 11.554438591003418, 34.03801345825195, 4.70639181137085, -1.2082113027572632, -1.5617865324020386, 4.746497631072998, -7.0526556968688965, 0.20115819573402405, -0.2884059548377991, 1.924555778503418, 4.387692928314209, -0.27672719955444336, 6.618991851806641], [8.129829406738281, 3.6143617630004883, 0.8154729604721069, -0.9490987062454224, -2.1506638526916504, -5.227044582366943, -1.6454678773880005, 2.994194984436035, 0.024562612175941467, 4.70639181137085, 24.922096252441406, -5.162400722503662, 0.9509066343307495, 2.8615386486053467, 7.103675842285156, -0.9340615272521973, -1.1009482145309448, 2.774536609649658, 1.9065930843353271, 4.40932559967041, 4.051765441894531], [-5.55565881729126, -2.9655282497406006, -1.689461350440979, -0.5863828063011169, 3.465059518814087, 1.9226843118667603, 4.941657543182373, 1.6095589399337769, -5.746127128601074, -1.2082113027572632, -5.162400722503662, 20.95965576171875, -2.155212163925171, -1.4908039569854736, 7.890472412109375, 6.26636266708374, 6.634437561035156, 0.05509185791015625, 4.051512241363525, 4.036340713500977, -2.8158750534057617], [2.358794689178467, -0.02581707201898098, -2.691694974899292, 4.1894330978393555, 7.574116230010986, -0.6632305979728699, -5.469518184661865, 3.662606954574585, 0.1364356279373169, -1.5617865324020386, 0.9509066343307495, -2.155212163925171, 23.762218475341797, -1.7061004638671875, -2.9874162673950195, 4.683364391326904, -2.1550803184509277, -4.633557319641113, 3.129847764968872, -2.4319143295288086, -0.08314085751771927], [0.836101233959198, 7.717929840087891, -0.3435882031917572, 2.448298931121826, 7.15313196182251, 2.5740745067596436, 2.2267537117004395, -1.6801508665084839, 0.5292223691940308, 4.746497631072998, 2.8615386486053467, -1.4908039569854736, -1.7061004638671875, 23.53299331665039, -6.546402454376221, 0.2499064952135086, 2.7121875286102295, -1.2939763069152832, 3.386467933654785, 4.592199325561523, -0.3655889630317688], [1.6184906959533691, -3.3770055770874023, 3.4302620887756348, 0.16064710915088654, 1.8451662063598633, -9.953987121582031, 2.315763235092163, 6.059322834014893, -1.198047161102295, -7.0526556968688965, 7.103675842285156, 7.890472412109375, -2.9874162673950195, -6.546402454376221, 26.932064056396484, 2.037383794784546, 1.442686676979065, 3.2574241161346436, -3.162083387374878, 3.827486991882324, -2.2815678119659424], [-0.198958158493042, 3.1836087703704834, 2.120997667312622, -0.1648009568452835, 6.124665260314941, 0.46392685174942017, 2.8950412273406982, -4.018093585968018, -2.195467948913574, 0.20115819573402405, -0.9340615272521973, 6.26636266708374, 4.683364391326904, 0.2499064952135086, 2.037383794784546, 20.91875648498535, 3.971245050430298, -2.9258370399475098, -4.037627220153809, 2.3943214416503906, 1.883985996246338], [-4.0734052658081055, -2.7203855514526367, -0.7056975364685059, 2.1704275608062744, 0.14186857640743256, 5.062112331390381, 5.155969619750977, 1.5112285614013672, -2.857377767562866, -0.2884061634540558, -1.1009488105773926, 6.634437084197998, -2.1550800800323486, 2.7121880054473877, 1.4426871538162231, 3.971245288848877, 16.808677673339844, 2.8355369567871094, 0.2021336555480957, 1.072939157485962, -0.16232848167419434], [3.5214691162109375, -2.268693208694458, -2.6211366653442383, -0.8275403380393982, 0.6952555179595947, -3.5658233165740967, 2.442981004714966, 0.9376640915870667, 2.770920991897583, 1.924555778503418, 2.7745361328125, 0.05509170517325401, -4.633555889129639, -1.2939754724502563, 3.2574236392974854, -2.9258368015289307, 2.8355369567871094, 21.784835815429688, 4.4177398681640625, -1.757827639579773, -2.0312469005584717], [0.002106161555275321, -2.9672696590423584, -0.843052864074707, 1.4172178506851196, 7.770787715911865, -1.7969547510147095, -1.2675312757492065, -6.700906276702881, 4.35683536529541, 4.387691974639893, 1.9065937995910645, 4.051512718200684, 3.129848003387451, 3.386467456817627, -3.162083148956299, -4.03762674331665, 0.2021336555480957, 4.4177398681640625, 24.3798828125, -0.5789053440093994, 1.6805691719055176], [2.619744300842285, 3.141139268875122, -1.3673462867736816, -3.2859714031219482, 5.764970779418945, -1.2638967037200928, 1.3690173625946045, 2.53853440284729, -1.2761714458465576, -0.2767272889614105, 4.409325122833252, 4.036340236663818, -2.4319143295288086, 4.592198848724365, 3.827486991882324, 2.3943214416503906, 1.072939157485962, -1.757827639579773, -0.5789053440093994, 21.312408447265625, -3.6561031341552734], [0.46274495124816895, -0.39470982551574707, -2.4862513542175293, -4.9529500007629395, -9.095101356506348, -3.380134105682373, 4.762653350830078, 1.6857709884643555, 5.36322021484375, 6.618991851806641, 4.051764488220215, -2.815875291824341, -0.08314037322998047, -0.36558860540390015, -2.2815678119659424, 1.883986234664917, -0.16232848167419434, -2.031247138977051, 1.6805689334869385, -3.6561028957366943, 22.918807983398438]], "type": "heatmap"}], "layout": {"template": {"data": {"histogram2dcontour": [{"type": "histogram2dcontour", "colorbar": {"outlinewidth": 0, "ticks": ""}, "colorscale": [[0.0, "#0d0887"], [0.1111111111111111, "#46039f"], [0.2222222222222222, "#7201a8"], [0.3333333333333333, "#9c179e"], [0.4444444444444444, "#bd3786"], [0.5555555555555556, "#d8576b"], [0.6666666666666666, "#ed7953"], [0.7777777777777778, "#fb9f3a"], [0.8888888888888888, "#fdca26"], [1.0, "#f0f921"]]}], "choropleth": [{"type": "choropleth", "colorbar": {"outlinewidth": 0, "ticks": ""}}], "histogram2d": [{"type": "histogram2d", "colorbar": {"outlinewidth": 0, "ticks": ""}, "colorscale": [[0.0, "#0d0887"], [0.1111111111111111, "#46039f"], [0.2222222222222222, "#7201a8"], [0.3333333333333333, "#9c179e"], [0.4444444444444444, "#bd3786"], [0.5555555555555556, "#d8576b"], [0.6666666666666666, "#ed7953"], [0.7777777777777778, "#fb9f3a"], [0.8888888888888888, "#fdca26"], [1.0, "#f0f921"]]}], "heatmap": [{"type": "heatmap", "colorbar": {"outlinewidth": 0, "ticks": ""}, "colorscale": [[0.0, "#0d0887"], [0.1111111111111111, "#46039f"], [0.2222222222222222, "#7201a8"], [0.3333333333333333, "#9c179e"], [0.4444444444444444, "#bd3786"], [0.5555555555555556, "#d8576b"], [0.6666666666666666, "#ed7953"], [0.7777777777777778, "#fb9f3a"], [0.8888888888888888, "#fdca26"], [1.0, "#f0f921"]]}], "heatmapgl": [{"type": "heatmapgl", "colorbar": {"outlinewidth": 0, "ticks": ""}, "colorscale": [[0.0, "#0d0887"], [0.1111111111111111, "#46039f"], [0.2222222222222222, "#7201a8"], [0.3333333333333333, "#9c179e"], [0.4444444444444444, "#bd3786"], [0.5555555555555556, "#d8576b"], [0.6666666666666666, "#ed7953"], [0.7777777777777778, "#fb9f3a"], [0.8888888888888888, "#fdca26"], [1.0, "#f0f921"]]}], "contourcarpet": [{"type": "contourcarpet", "colorbar": {"outlinewidth": 0, "ticks": ""}}], "contour": [{"type": "contour", "colorbar": {"outlinewidth": 0, "ticks": ""}, "colorscale": [[0.0, "#0d0887"], [0.1111111111111111, "#46039f"], [0.2222222222222222, "#7201a8"], [0.3333333333333333, "#9c179e"], [0.4444444444444444, "#bd3786"], [0.5555555555555556, "#d8576b"], [0.6666666666666666, "#ed7953"], [0.7777777777777778, "#fb9f3a"], [0.8888888888888888, "#fdca26"], [1.0, "#f0f921"]]}], "surface": [{"type": "surface", "colorbar": {"outlinewidth": 0, "ticks": ""}, "colorscale": [[0.0, "#0d0887"], [0.1111111111111111, "#46039f"], [0.2222222222222222, "#7201a8"], [0.3333333333333333, "#9c179e"], [0.4444444444444444, "#bd3786"], [0.5555555555555556, "#d8576b"], [0.6666666666666666, "#ed7953"], [0.7777777777777778, "#fb9f3a"], [0.8888888888888888, "#fdca26"], [1.0, "#f0f921"]]}], "mesh3d": [{"type": "mesh3d", "colorbar": {"outlinewidth": 0, "ticks": ""}}], "scatter": [{"fillpattern": {"fillmode": "overlay", "size": 10, "solidity": 0.2}, "type": "scatter"}], "parcoords": [{"type": "parcoords", "line": {"colorbar": {"outlinewidth": 0, "ticks": ""}}}], "scatterpolargl": [{"type": "scatterpolargl", "marker": {"colorbar": {"outlinewidth": 0, "ticks": ""}}}], "bar": [{"error_x": {"color": "#2a3f5f"}, "error_y": {"color": "#2a3f5f"}, "marker": {"line": {"color": "#E5ECF6", "width": 0.5}, "pattern": {"fillmode": "overlay", "size": 10, "solidity": 0.2}}, "type": "bar"}], "scattergeo": [{"type": "scattergeo", "marker": {"colorbar": {"outlinewidth": 0, "ticks": ""}}}], "scatterpolar": [{"type": "scatterpolar", "marker": {"colorbar": {"outlinewidth": 0, "ticks": ""}}}], "histogram": [{"marker": {"pattern": {"fillmode": "overlay", "size": 10, "solidity": 0.2}}, "type": "histogram"}], "scattergl": [{"type": "scattergl", "marker": {"colorbar": {"outlinewidth": 0, "ticks": ""}}}], "scatter3d": [{"type": "scatter3d", "line": {"colorbar": {"outlinewidth": 0, "ticks": ""}}, "marker": {"colorbar": {"outlinewidth": 0, "ticks": ""}}}], "scattermapbox": [{"type": "scattermapbox", "marker": {"colorbar": {"outlinewidth": 0, "ticks": ""}}}], "scatterternary": [{"type": "scatterternary", "marker": {"colorbar": {"outlinewidth": 0, "ticks": ""}}}], "scattercarpet": [{"type": "scattercarpet", "marker": {"colorbar": {"outlinewidth": 0, "ticks": ""}}}], "carpet": [{"aaxis": {"endlinecolor": "#2a3f5f", "gridcolor": "white", "linecolor": "white", "minorgridcolor": "white", "startlinecolor": "#2a3f5f"}, "baxis": {"endlinecolor": "#2a3f5f", "gridcolor": "white", "linecolor": "white", "minorgridcolor": "white", "startlinecolor": "#2a3f5f"}, "type": "carpet"}], "table": [{"cells": {"fill": {"color": "#EBF0F8"}, "line": {"color": "white"}}, "header": {"fill": {"color": "#C8D4E3"}, "line": {"color": "white"}}, "type": "table"}], "barpolar": [{"marker": {"line": {"color": "#E5ECF6", "width": 0.5}, "pattern": {"fillmode": "overlay", "size": 10, "solidity": 0.2}}, "type": "barpolar"}], "pie": [{"automargin": true, "type": "pie"}]}, "layout": {"autotypenumbers": "strict", "colorway": ["#636efa", "#EF553B", "#00cc96", "#ab63fa", "#FFA15A", "#19d3f3", "#FF6692", "#B6E880", "#FF97FF", "#FECB52"], "font": {"color": "#2a3f5f"}, "hovermode": "closest", "hoverlabel": {"align": "left"}, "paper_bgcolor": "white", "plot_bgcolor": "#E5ECF6", "polar": {"bgcolor": "#E5ECF6", "angularaxis": {"gridcolor": "white", "linecolor": "white", "ticks": ""}, "radialaxis": {"gridcolor": "white", "linecolor": "white", "ticks": ""}}, "ternary": {"bgcolor": "#E5ECF6", "aaxis": {"gridcolor": "white", "linecolor": "white", "ticks": ""}, "baxis": {"gridcolor": "white", "linecolor": "white", "ticks": ""}, "caxis": {"gridcolor": "white", "linecolor": "white", "ticks": ""}}, "coloraxis": {"colorbar": {"outlinewidth": 0, "ticks": ""}}, "colorscale": {"sequential": [[0.0, "#0d0887"], [0.1111111111111111, "#46039f"], [0.2222222222222222, "#7201a8"], [0.3333333333333333, "#9c179e"], [0.4444444444444444, "#bd3786"], [0.5555555555555556, "#d8576b"], [0.6666666666666666, "#ed7953"], [0.7777777777777778, "#fb9f3a"], [0.8888888888888888, "#fdca26"], [1.0, "#f0f921"]], "sequentialminus": [[0.0, "#0d0887"], [0.1111111111111111, "#46039f"], [0.2222222222222222, "#7201a8"], [0.3333333333333333, "#9c179e"], [0.4444444444444444, "#bd3786"], [0.5555555555555556, "#d8576b"], [0.6666666666666666, "#ed7953"], [0.7777777777777778, "#fb9f3a"], [0.8888888888888888, "#fdca26"], [1.0, "#f0f921"]], "diverging": [[0, "#8e0152"], [0.1, "#c51b7d"], [0.2, "#de77ae"], [0.3, "#f1b6da"], [0.4, "#fde0ef"], [0.5, "#f7f7f7"], [0.6, "#e6f5d0"], [0.7, "#b8e186"], [0.8, "#7fbc41"], [0.9, "#4d9221"], [1, "#276419"]]}, "xaxis": {"gridcolor": "white", "linecolor": "white", "ticks": "", "title": {"standoff": 15}, "zerolinecolor": "white", "automargin": true, "zerolinewidth": 2}, "yaxis": {"gridcolor": "white", "linecolor": "white", "ticks": "", "title": {"standoff": 15}, "zerolinecolor": "white", "automargin": true, "zerolinewidth": 2}, "scene": {"xaxis": {"backgroundcolor": "#E5ECF6", "gridcolor": "white", "linecolor": "white", "showbackground": true, "ticks": "", "zerolinecolor": "white", "gridwidth": 2}, "yaxis": {"backgroundcolor": "#E5ECF6", "gridcolor": "white", "linecolor": "white", "showbackground": true, "ticks": "", "zerolinecolor": "white", "gridwidth": 2}, "zaxis": {"backgroundcolor": "#E5ECF6", "gridcolor": "white", "linecolor": "white", "showbackground": true, "ticks": "", "zerolinecolor": "white", "gridwidth": 2}}, "shapedefaults": {"line": {"color": "#2a3f5f"}}, "annotationdefaults": {"arrowcolor": "#2a3f5f", "arrowhead": 0, "arrowwidth": 1}, "geo": {"bgcolor": "white", "landcolor": "#E5ECF6", "subunitcolor": "white", "showland": true, "showlakes": true, "lakecolor": "white"}, "title": {"x": 0.05}, "mapbox": {"style": "light"}}}}}