{"data": [{"z": [[21.264619827270508, 5.593883037567139, -0.6686962246894836, -0.4504832625389099, 0.6463466882705688, -3.539447069168091, -6.235450744628906, -0.8648335337638855, -1.3425689935684204, 1.8810937404632568, 8.32322883605957, -6.55286169052124, 2.0285608768463135, 0.2727319002151489, 1.6775076389312744, -0.46172377467155457, -4.562666416168213, 3.515991687774658, -0.4777672290802002, 2.221437454223633, 0.656691312789917], [5.593883037567139, 23.52114486694336, 0.8693636059761047, 0.19391651451587677, 2.965885639190674, 5.333219051361084, 0.0595705583691597, -0.5905296802520752, -7.180366039276123, 2.348038911819458, 3.6412534713745117, -3.558323860168457, -0.5616421699523926, 7.834819316864014, -3.848172426223755, 3.2459182739257812, -2.946058511734009, -2.6718931198120117, -3.7050232887268066, 2.707458972930908, -0.2980893552303314], [-0.6686962246894836, 0.8693636059761047, 13.621808052062988, 2.7738187313079834, 0.49228984117507935, 1.0226134061813354, -2.1158485412597656, -2.8236708641052246, 6.205322265625, 1.1222182512283325, 0.18413212895393372, -2.0898542404174805, -3.445786476135254, -0.7030113935470581, 3.409079074859619, 1.9606873989105225, -1.0261716842651367, -2.9072630405426025, -1.3079301118850708, -1.9329017400741577, -2.6996006965637207], [-0.4504832625389099, 0.19391651451587677, 2.7738187313079834, 14.286019325256348, 1.9658160209655762, 4.461401462554932, -0.4717968702316284, 1.3915884494781494, 2.40520977973938, 2.21073842048645, -1.604753017425537, -1.2193390130996704, 3.6966562271118164, 2.333510637283325, -0.20310764014720917, -0.8846161961555481, 2.0119807720184326, -0.9948036074638367, 1.0573062896728516, -4.154585838317871, -5.282865047454834], [0.6463466882705688, 2.965885639190674, 0.49228984117507935, 1.9658160209655762, 34.9342155456543, -1.4131120443344116, 0.5088781118392944, -6.550718784332275, -2.0406010150909424, -4.942872047424316, -2.257540464401245, 3.376878499984741, 7.8063225746154785, 7.499451637268066, 1.557059645652771, 6.32326602935791, 0.13890254497528076, 0.5412886142730713, 8.009916305541992, 6.030821800231934, -9.302501678466797], [-3.539447069168091, 5.333219051361084, 1.0226134061813354, 4.461401462554932, -1.4131120443344116, 27.056381225585938, 2.8183462619781494, 2.711698055267334, -3.8902742862701416, -3.4624626636505127, -5.728548049926758, 1.6583287715911865, -1.338255524635315, 2.700373888015747, -11.015081405639648, 0.0859302207827568, 5.407787799835205, -4.104129791259766, -1.910035252571106, -1.6604515314102173, -3.5065085887908936], [-6.235450744628906, 0.0595705583691597, -2.1158485412597656, -0.4717968702316284, 0.5088781118392944, 2.8183462619781494, 20.67534828186035, -1.7227078676223755, 0.3362300395965576, -0.19400663673877716, -2.112844944000244, 4.8354949951171875, -6.614880084991455, 1.8541887998580933, 2.212742567062378, 2.661220073699951, 5.263210773468018, 2.2471041679382324, -1.9746760129928589, 0.9517285823822021, 4.866243362426758], [-0.8648335337638855, -0.5905296802520752, -2.8236708641052246, 1.3915884494781494, -6.550718784332275, 2.711698055267334, -1.7227078676223755, 20.814931869506836, -2.1432337760925293, 1.8928766250610352, 3.464263677597046, 1.0663281679153442, 3.6438350677490234, -1.8222904205322266, 6.384456157684326, -4.792337894439697, 1.710917592048645, 0.9947793483734131, -7.300917625427246, 2.4057648181915283, 1.702962040901184], [-1.3425689935684204, -7.180366039276123, 6.205322265625, 2.40520977973938, -2.0406010150909424, -3.8902742862701416, 0.3362300395965576, -2.1432337760925293, 25.494922637939453, 12.262496948242188, -0.6516844034194946, -6.3448686599731445, -0.22034487128257751, 0.17140702903270721, -1.5168603658676147, -2.6025846004486084, -3.273526668548584, 3.0055785179138184, 4.230175971984863, -1.8411084413528442, 5.378934860229492], [1.8810937404632568, 2.348038911819458, 1.1222182512283325, 2.21073842048645, -4.942872047424316, -3.4624626636505127, -0.19400663673877716, 1.8928766250610352, 12.262496948242188, 35.9718017578125, 4.774538516998291, -1.5774654150009155, -1.5865305662155151, 4.924339294433594, -8.059467315673828, 0.11061099916696548, -0.2397376298904419, 2.0559964179992676, 4.542227745056152, -0.7933955192565918, 6.781615734100342], [8.32322883605957, 3.6412534713745117, 0.18413212895393372, -1.604753017425537, -2.257540464401245, -5.728548049926758, -2.112844944000244, 3.464263677597046, -0.6516844034194946, 4.774538516998291, 26.853818893432617, -5.819758415222168, 0.9476191401481628, 2.672377586364746, 7.612699508666992, -1.3407692909240723, -0.9865953922271729, 2.6524436473846436, 1.765833854675293, 4.850059986114502, 4.2617998123168945], [-6.55286169052124, -3.558323860168457, -2.0898542404174805, -1.2193390130996704, 3.376878499984741, 1.6583287715911865, 4.8354949951171875, 1.0663281679153442, -6.3448686599731445, -1.5774654150009155, -5.819758415222168, 21.61895751953125, -2.955838441848755, -1.9208924770355225, 7.934712886810303, 6.297333240509033, 6.701727867126465, -0.638239860534668, 3.6927053928375244, 3.8977839946746826, -2.8929879665374756], [2.0285608768463135, -0.5616421699523926, -3.445786476135254, 3.6966562271118164, 7.8063225746154785, -1.338255524635315, -6.614880084991455, 3.6438350677490234, -0.22034487128257751, -1.5865305662155151, 0.9476191401481628, -2.955838441848755, 24.76494789123535, -2.160325765609741, -3.656078338623047, 4.383182525634766, -2.522277593612671, -5.126113414764404, 3.079810619354248, -3.1270174980163574, 0.038046978414058685], [0.2727319002151489, 7.834819316864014, -0.7030113935470581, 2.333510637283325, 7.499451637268066, 2.700373888015747, 1.8541887998580933, -1.8222904205322266, 0.17140702903270721, 4.924339294433594, 2.672377586364746, -1.9208924770355225, -2.160325765609741, 24.340145111083984, -7.368220806121826, -0.11347806453704834, 2.7901766300201416, -1.626481533050537, 3.093860149383545, 4.350882053375244, -0.46409904956817627], [1.6775076389312744, -3.848172426223755, 3.409079074859619, -0.20310764014720917, 1.557059645652771, -11.015081405639648, 2.212742567062378, 6.384456157684326, -1.5168603658676147, -8.059467315673828, 7.612699508666992, 7.934712886810303, -3.656078338623047, -7.368220806121826, 28.65066146850586, 1.7826297283172607, 1.1721266508102417, 3.062243700027466, -3.8837437629699707, 4.0637922286987305, -2.2825028896331787], [-0.46172377467155457, 3.2459182739257812, 1.9606873989105225, -0.8846161961555481, 6.32326602935791, 0.0859302207827568, 2.661220073699951, -4.792337894439697, -2.6025846004486084, 0.11061099916696548, -1.3407692909240723, 6.297333240509033, 4.383182525634766, -0.11347806453704834, 1.7826297283172607, 22.067241668701172, 3.966867446899414, -3.3160958290100098, -4.791498184204102, 2.113887310028076, 2.1551241874694824], [-4.562666893005371, -2.946058750152588, -1.0261716842651367, 2.0119807720184326, 0.13890251517295837, 5.407787322998047, 5.263211727142334, 1.7109172344207764, -3.2735259532928467, -0.23973757028579712, -0.9865951538085938, 6.701727390289307, -2.52227783203125, 2.7901766300201416, 1.1721254587173462, 3.966867446899414, 17.568077087402344, 2.9185104370117188, 0.03613400459289551, 1.096051812171936, -0.09979063272476196], [3.515991449356079, -2.671894073486328, -2.9072632789611816, -0.9948034882545471, 0.5412882566452026, -4.104129314422607, 2.2471039295196533, 0.9947800040245056, 3.0055785179138184, 2.0559964179992676, 2.6524441242218018, -0.6382393836975098, -5.126113414764404, -1.6264816522598267, 3.062243938446045, -3.3160953521728516, 2.9185104370117188, 23.329940795898438, 4.365453720092773, -2.5210537910461426, -2.057252883911133], [-0.47776758670806885, -3.7050230503082275, -1.3079298734664917, 1.0573060512542725, 8.009916305541992, -1.9100353717803955, -1.9746758937835693, -7.300917148590088, 4.230174541473389, 4.5422282218933105, 1.7658337354660034, 3.692704439163208, 3.079810380935669, 3.093860149383545, -3.8837432861328125, -4.791497707366943, 0.03613400459289551, 4.365453720092773, 25.460599899291992, -1.1091461181640625, 1.6164220571517944], [2.2214369773864746, 2.707458972930908, -1.9329019784927368, -4.154585838317871, 6.030821800231934, -1.6604505777359009, 0.9517289996147156, 2.405764579772949, -1.8411085605621338, -0.7933958768844604, 4.8500590324401855, 3.8977839946746826, -3.1270172595977783, 4.350882053375244, 4.0637922286987305, 2.113887310028076, 1.096051812171936, -2.5210537910461426, -1.1091461181640625, 22.462764739990234, -3.7491679191589355], [0.656691312789917, -0.29808950424194336, -2.6996006965637207, -5.282864570617676, -9.302501678466797, -3.5065083503723145, 4.866243839263916, 1.7029619216918945, 5.378934860229492, 6.781615257263184, 4.261799335479736, -2.8929882049560547, 0.038046836853027344, -0.4640994668006897, -2.2825028896331787, 2.1551239490509033, -0.09979057312011719, -2.0572526454925537, 1.616422414779663, -3.7491672039031982, 22.918807983398438]], "type": "heatmap"}], "layout": {"template": {"data": {"histogram2dcontour": [{"type": "histogram2dcontour", "colorbar": {"outlinewidth": 0, "ticks": ""}, "colorscale": [[0.0, "#0d0887"], [0.1111111111111111, "#46039f"], [0.2222222222222222, "#7201a8"], [0.3333333333333333, "#9c179e"], [0.4444444444444444, "#bd3786"], [0.5555555555555556, "#d8576b"], [0.6666666666666666, "#ed7953"], [0.7777777777777778, "#fb9f3a"], [0.8888888888888888, "#fdca26"], [1.0, "#f0f921"]]}], "choropleth": [{"type": "choropleth", "colorbar": {"outlinewidth": 0, "ticks": ""}}], "histogram2d": [{"type": "histogram2d", "colorbar": {"outlinewidth": 0, "ticks": ""}, "colorscale": [[0.0, "#0d0887"], [0.1111111111111111, "#46039f"], [0.2222222222222222, "#7201a8"], [0.3333333333333333, "#9c179e"], [0.4444444444444444, "#bd3786"], [0.5555555555555556, "#d8576b"], [0.6666666666666666, "#ed7953"], [0.7777777777777778, "#fb9f3a"], [0.8888888888888888, "#fdca26"], [1.0, "#f0f921"]]}], "heatmap": [{"type": "heatmap", "colorbar": {"outlinewidth": 0, "ticks": ""}, "colorscale": [[0.0, "#0d0887"], [0.1111111111111111, "#46039f"], [0.2222222222222222, "#7201a8"], [0.3333333333333333, "#9c179e"], [0.4444444444444444, "#bd3786"], [0.5555555555555556, "#d8576b"], [0.6666666666666666, "#ed7953"], [0.7777777777777778, "#fb9f3a"], [0.8888888888888888, "#fdca26"], [1.0, "#f0f921"]]}], "heatmapgl": [{"type": "heatmapgl", "colorbar": {"outlinewidth": 0, "ticks": ""}, "colorscale": [[0.0, "#0d0887"], [0.1111111111111111, "#46039f"], [0.2222222222222222, "#7201a8"], [0.3333333333333333, "#9c179e"], [0.4444444444444444, "#bd3786"], [0.5555555555555556, "#d8576b"], [0.6666666666666666, "#ed7953"], [0.7777777777777778, "#fb9f3a"], [0.8888888888888888, "#fdca26"], [1.0, "#f0f921"]]}], "contourcarpet": [{"type": "contourcarpet", "colorbar": {"outlinewidth": 0, "ticks": ""}}], "contour": [{"type": "contour", "colorbar": {"outlinewidth": 0, "ticks": ""}, "colorscale": [[0.0, "#0d0887"], [0.1111111111111111, "#46039f"], [0.2222222222222222, "#7201a8"], [0.3333333333333333, "#9c179e"], [0.4444444444444444, "#bd3786"], [0.5555555555555556, "#d8576b"], [0.6666666666666666, "#ed7953"], [0.7777777777777778, "#fb9f3a"], [0.8888888888888888, "#fdca26"], [1.0, "#f0f921"]]}], "surface": [{"type": "surface", "colorbar": {"outlinewidth": 0, "ticks": ""}, "colorscale": [[0.0, "#0d0887"], [0.1111111111111111, "#46039f"], [0.2222222222222222, "#7201a8"], [0.3333333333333333, "#9c179e"], [0.4444444444444444, "#bd3786"], [0.5555555555555556, "#d8576b"], [0.6666666666666666, "#ed7953"], [0.7777777777777778, "#fb9f3a"], [0.8888888888888888, "#fdca26"], [1.0, "#f0f921"]]}], "mesh3d": [{"type": "mesh3d", "colorbar": {"outlinewidth": 0, "ticks": ""}}], "scatter": [{"fillpattern": {"fillmode": "overlay", "size": 10, "solidity": 0.2}, "type": "scatter"}], "parcoords": [{"type": "parcoords", "line": {"colorbar": {"outlinewidth": 0, "ticks": ""}}}], "scatterpolargl": [{"type": "scatterpolargl", "marker": {"colorbar": {"outlinewidth": 0, "ticks": ""}}}], "bar": [{"error_x": {"color": "#2a3f5f"}, "error_y": {"color": "#2a3f5f"}, "marker": {"line": {"color": "#E5ECF6", "width": 0.5}, "pattern": {"fillmode": "overlay", "size": 10, "solidity": 0.2}}, "type": "bar"}], "scattergeo": [{"type": "scattergeo", "marker": {"colorbar": {"outlinewidth": 0, "ticks": ""}}}], "scatterpolar": [{"type": "scatterpolar", "marker": {"colorbar": {"outlinewidth": 0, "ticks": ""}}}], "histogram": [{"marker": {"pattern": {"fillmode": "overlay", "size": 10, "solidity": 0.2}}, "type": "histogram"}], "scattergl": [{"type": "scattergl", "marker": {"colorbar": {"outlinewidth": 0, "ticks": ""}}}], "scatter3d": [{"type": "scatter3d", "line": {"colorbar": {"outlinewidth": 0, "ticks": ""}}, "marker": {"colorbar": {"outlinewidth": 0, "ticks": ""}}}], "scattermapbox": [{"type": "scattermapbox", "marker": {"colorbar": {"outlinewidth": 0, "ticks": ""}}}], "scatterternary": [{"type": "scatterternary", "marker": {"colorbar": {"outlinewidth": 0, "ticks": ""}}}], "scattercarpet": [{"type": "scattercarpet", "marker": {"colorbar": {"outlinewidth": 0, "ticks": ""}}}], "carpet": [{"aaxis": {"endlinecolor": "#2a3f5f", "gridcolor": "white", "linecolor": "white", "minorgridcolor": "white", "startlinecolor": "#2a3f5f"}, "baxis": {"endlinecolor": "#2a3f5f", "gridcolor": "white", "linecolor": "white", "minorgridcolor": "white", "startlinecolor": "#2a3f5f"}, "type": "carpet"}], "table": [{"cells": {"fill": {"color": "#EBF0F8"}, "line": {"color": "white"}}, "header": {"fill": {"color": "#C8D4E3"}, "line": {"color": "white"}}, "type": "table"}], "barpolar": [{"marker": {"line": {"color": "#E5ECF6", "width": 0.5}, "pattern": {"fillmode": "overlay", "size": 10, "solidity": 0.2}}, "type": "barpolar"}], "pie": [{"automargin": true, "type": "pie"}]}, "layout": {"autotypenumbers": "strict", "colorway": ["#636efa", "#EF553B", "#00cc96", "#ab63fa", "#FFA15A", "#19d3f3", "#FF6692", "#B6E880", "#FF97FF", "#FECB52"], "font": {"color": "#2a3f5f"}, "hovermode": "closest", "hoverlabel": {"align": "left"}, "paper_bgcolor": "white", "plot_bgcolor": "#E5ECF6", "polar": {"bgcolor": "#E5ECF6", "angularaxis": {"gridcolor": "white", "linecolor": "white", "ticks": ""}, "radialaxis": {"gridcolor": "white", "linecolor": "white", "ticks": ""}}, "ternary": {"bgcolor": "#E5ECF6", "aaxis": {"gridcolor": "white", "linecolor": "white", "ticks": ""}, "baxis": {"gridcolor": "white", "linecolor": "white", "ticks": ""}, "caxis": {"gridcolor": "white", "linecolor": "white", "ticks": ""}}, "coloraxis": {"colorbar": {"outlinewidth": 0, "ticks": ""}}, "colorscale": {"sequential": [[0.0, "#0d0887"], [0.1111111111111111, "#46039f"], [0.2222222222222222, "#7201a8"], [0.3333333333333333, "#9c179e"], [0.4444444444444444, "#bd3786"], [0.5555555555555556, "#d8576b"], [0.6666666666666666, "#ed7953"], [0.7777777777777778, "#fb9f3a"], [0.8888888888888888, "#fdca26"], [1.0, "#f0f921"]], "sequentialminus": [[0.0, "#0d0887"], [0.1111111111111111, "#46039f"], [0.2222222222222222, "#7201a8"], [0.3333333333333333, "#9c179e"], [0.4444444444444444, "#bd3786"], [0.5555555555555556, "#d8576b"], [0.6666666666666666, "#ed7953"], [0.7777777777777778, "#fb9f3a"], [0.8888888888888888, "#fdca26"], [1.0, "#f0f921"]], "diverging": [[0, "#8e0152"], [0.1, "#c51b7d"], [0.2, "#de77ae"], [0.3, "#f1b6da"], [0.4, "#fde0ef"], [0.5, "#f7f7f7"], [0.6, "#e6f5d0"], [0.7, "#b8e186"], [0.8, "#7fbc41"], [0.9, "#4d9221"], [1, "#276419"]]}, "xaxis": {"gridcolor": "white", "linecolor": "white", "ticks": "", "title": {"standoff": 15}, "zerolinecolor": "white", "automargin": true, "zerolinewidth": 2}, "yaxis": {"gridcolor": "white", "linecolor": "white", "ticks": "", "title": {"standoff": 15}, "zerolinecolor": "white", "automargin": true, "zerolinewidth": 2}, "scene": {"xaxis": {"backgroundcolor": "#E5ECF6", "gridcolor": "white", "linecolor": "white", "showbackground": true, "ticks": "", "zerolinecolor": "white", "gridwidth": 2}, "yaxis": {"backgroundcolor": "#E5ECF6", "gridcolor": "white", "linecolor": "white", "showbackground": true, "ticks": "", "zerolinecolor": "white", "gridwidth": 2}, "zaxis": {"backgroundcolor": "#E5ECF6", "gridcolor": "white", "linecolor": "white", "showbackground": true, "ticks": "", "zerolinecolor": "white", "gridwidth": 2}}, "shapedefaults": {"line": {"color": "#2a3f5f"}}, "annotationdefaults": {"arrowcolor": "#2a3f5f", "arrowhead": 0, "arrowwidth": 1}, "geo": {"bgcolor": "white", "landcolor": "#E5ECF6", "subunitcolor": "white", "showland": true, "showlakes": true, "lakecolor": "white"}, "title": {"x": 0.05}, "mapbox": {"style": "light"}}}}}