{"data": [{"z": [[20.5844783782959, 5.797806262969971, -0.18436972796916962, 0.24936549365520477, 1.1425938606262207, -2.7331175804138184, -5.440467834472656, -0.5210660099983215, -0.9673294425010681, 2.0972108840942383, 8.212601661682129, -5.618122577667236, 2.3555803298950195, 0.8018143177032471, 1.617946743965149, -0.15366485714912415, -4.117187023162842, 3.50254487991333, -0.0164644718170166, 2.611234426498413, 0.47922462224960327], [5.797806262969971, 22.60003662109375, 1.209312081336975, 0.7049552202224731, 2.8665337562561035, 5.422317981719971, 0.4284898638725281, -0.23634888231754303, -6.224727153778076, 2.425934076309204, 3.6607377529144287, -3.0236401557922363, -0.10237868875265121, 7.667652606964111, -3.4562911987304688, 3.2248175144195557, -2.774271011352539, -2.290957450866699, -3.086871862411499, 3.029852867126465, -0.37277889251708984], [-0.18436972796916962, 1.209312081336975, 13.283656120300293, 2.773045301437378, 0.6090993285179138, 1.2773874998092651, -1.734117031097412, -2.2463173866271973, 5.937528610229492, 1.2766355276107788, 0.7780757546424866, -1.724844217300415, -2.7737271785736084, -0.4068584144115448, 3.430251359939575, 2.126208543777466, -0.7299222946166992, -2.6563832759857178, -0.9278050065040588, -1.4356188774108887, -2.4913203716278076], [0.24936549365520477, 0.7049552202224731, 2.773045301437378, 13.916938781738281, 1.9969522953033447, 4.5453715324401855, -0.033869821578264236, 1.626811146736145, 2.5076634883880615, 2.42384672164917, -0.9858123064041138, -0.624321699142456, 4.128234386444092, 2.4388439655303955, 0.1017085611820221, -0.17628757655620575, 2.1473095417022705, -0.855013906955719, 1.3508782386779785, -3.3833343982696533, -4.997674942016602], [1.1425938606262207, 2.8665337562561035, 0.6090993285179138, 1.9969522953033447, 33.54621505737305, -1.5594377517700195, 0.7710416913032532, -6.328547954559326, -1.8925085067749023, -4.81192684173584, -2.145235061645508, 3.4611611366271973, 7.575682640075684, 7.1526198387146, 1.793185830116272, 6.149791240692139, 0.13694345951080322, 0.6479543447494507, 7.772380352020264, 5.7337188720703125, -9.114402770996094], [-2.7331175804138184, 5.422317981719971, 1.2773874998092651, 4.5453715324401855, -1.5594377517700195, 25.958213806152344, 3.0861587524414062, 2.992987871170044, -3.2006442546844482, -3.223383903503418, -5.185864448547363, 1.9189114570617676, -0.7236523032188416, 2.5866360664367676, -10.101061820983887, 0.5118902325630188, 5.104655742645264, -3.6407392024993896, -1.791274070739746, -1.3079721927642822, -3.385148048400879], [-5.440467834472656, 0.4284898638725281, -1.734117031097412, -0.033869821578264236, 0.7710416913032532, 3.0861587524414062, 19.870027542114258, -1.2389757633209229, 0.4458368718624115, 0.08264680206775665, -1.685775637626648, 4.92486047744751, -5.623691082000732, 2.16621732711792, 2.2700042724609375, 2.902836799621582, 5.153754234313965, 2.425717830657959, -1.3508434295654297, 1.2674176692962646, 4.77260684967041], [-0.5210660099983215, -0.23634888231754303, -2.2463173866271973, 1.626811146736145, -6.328547954559326, 2.992987871170044, -1.2389757633209229, 19.77898597717285, -1.7850096225738525, 1.9985790252685547, 3.0721592903137207, 1.587329387664795, 3.6409993171691895, -1.7008492946624756, 6.04184627532959, -4.040273189544678, 1.5157299041748047, 0.9572737216949463, -6.769050598144531, 2.497145891189575, 1.683798909187317], [-0.9673294425010681, -6.224727153778076, 5.937528610229492, 2.5076634883880615, -1.8925085067749023, -3.2006442546844482, 0.4458368718624115, -1.7850096225738525, 24.09964942932129, 11.615338325500488, 0.0070125637575984, -5.777821063995361, 0.13550418615341187, 0.534415602684021, -1.1975127458572388, -2.195971727371216, -2.8668408393859863, 2.7834603786468506, 4.341726303100586, -1.3123667240142822, 5.381897449493408], [2.0972108840942383, 2.425934076309204, 1.2766355276107788, 2.42384672164917, -4.81192684173584, -3.223383903503418, 0.08264680206775665, 1.9985790252685547, 11.615338325500488, 34.13838195800781, 4.673797607421875, -1.2786645889282227, -1.6189756393432617, 4.717123985290527, -7.176296234130859, 0.17944027483463287, -0.3283412456512451, 1.9174669981002808, 4.358116626739502, -0.38173866271972656, 6.625234603881836], [8.212601661682129, 3.6607377529144287, 0.7780757546424866, -0.9858123064041138, -2.145235061645508, -5.185864448547363, -1.685775637626648, 3.0721592903137207, 0.0070125637575984, 4.673797607421875, 25.175256729125977, -5.176775932312012, 0.9763134717941284, 2.8714370727539062, 7.121368408203125, -0.9079158902168274, -1.084385633468628, 2.7838892936706543, 1.9212567806243896, 4.459669589996338, 4.082325458526611], [-5.618122577667236, -3.0236401557922363, -1.724844217300415, -0.624321699142456, 3.4611611366271973, 1.9189114570617676, 4.92486047744751, 1.587329387664795, -5.777821063995361, -1.2786645889282227, -5.176775932312012, 21.033905029296875, -2.2502429485321045, -1.539574146270752, 7.892874717712402, 6.314741134643555, 6.655425548553467, -0.006639242172241211, 4.011024475097656, 4.012231826782227, -2.8268346786499023], [2.3555803298950195, -0.10237868875265121, -2.7737271785736084, 4.128234386444092, 7.575682640075684, -0.7236523032188416, -5.623691082000732, 3.6409993171691895, 0.13550418615341187, -1.6189756393432617, 0.9763134717941284, -2.2502429485321045, 23.793081283569336, -1.7820969820022583, -3.111611843109131, 4.67733907699585, -2.1989588737487793, -4.672609329223633, 3.0724830627441406, -2.54848051071167, -0.0864725187420845], [0.8018143177032471, 7.667652606964111, -0.4068584144115448, 2.4388439655303955, 7.1526198387146, 2.5866360664367676, 2.16621732711792, -1.7008492946624756, 0.534415602684021, 4.717123985290527, 2.8714370727539062, -1.539574146270752, -1.7820969820022583, 23.582555770874023, -6.671802520751953, 0.24616846442222595, 2.7125930786132812, -1.3304803371429443, 3.3153157234191895, 4.520880222320557, -0.3807951807975769], [1.617946743965149, -3.4562911987304688, 3.430251359939575, 0.1017085611820221, 1.793185830116272, -10.101061820983887, 2.2700042724609375, 6.04184627532959, -1.1975127458572388, -7.176296234130859, 7.121368408203125, 7.892874717712402, -3.111611843109131, -6.671802520751953, 27.041162490844727, 2.0161876678466797, 1.3839244842529297, 3.248929262161255, -3.2856762409210205, 3.7553930282592773, -2.2782793045043945], [-0.15366485714912415, 3.2248175144195557, 2.126208543777466, -0.17628757655620575, 6.149791240692139, 0.5118902325630188, 2.902836799621582, -4.040273189544678, -2.195971727371216, 0.17944027483463287, -0.9079158902168274, 6.314741134643555, 4.67733907699585, 0.24616846442222595, 2.0161876678466797, 21.092580795288086, 3.9835872650146484, -2.9413814544677734, -4.104426383972168, 2.359724998474121, 1.9279170036315918], [-4.117186069488525, -2.774271011352539, -0.7299225330352783, 2.1473095417022705, 0.1369435340166092, 5.104656219482422, 5.153754234313965, 1.5157301425933838, -2.8668415546417236, -0.32834115624427795, -1.0843855142593384, 6.65542459487915, -2.1989593505859375, 2.712592840194702, 1.3839240074157715, 3.9835872650146484, 16.888736724853516, 2.842310667037964, 0.15520048141479492, 1.029064416885376, -0.1640239953994751], [3.5025441646575928, -2.29095721244812, -2.6563832759857178, -0.855013906955719, 0.6479541063308716, -3.6407394409179688, 2.4257166385650635, 0.9572737216949463, 2.7834601402282715, 1.9174669981002808, 2.7838892936706543, -0.006639095954596996, -4.672609329223633, -1.330480694770813, 3.248929738998413, -2.9413814544677734, 2.842310667037964, 21.94115447998047, 4.355070114135742, -1.8437029123306274, -2.0245673656463623], [-0.01646476797759533, -3.0868723392486572, -0.927804708480835, 1.3508782386779785, 7.772380352020264, -1.791274070739746, -1.3508436679840088, -6.769050121307373, 4.341727256774902, 4.35811710357666, 1.921256184577942, 4.011023998260498, 3.072483777999878, 3.3153154850006104, -3.2856764793395996, -4.104426383972168, 0.15520048141479492, 4.355070114135742, 24.456575393676758, -0.6771376729011536, 1.6771501302719116], [2.611234664916992, 3.029853105545044, -1.4356188774108887, -3.383334159851074, 5.733719348907471, -1.3079721927642822, 1.2674179077148438, 2.497145891189575, -1.3123668432235718, -0.38173946738243103, 4.459670066833496, 4.012232303619385, -2.54848051071167, 4.520880222320557, 3.7553935050964355, 2.3597254753112793, 1.029064416885376, -1.8437029123306274, -0.6771376729011536, 21.330867767333984, -3.661090135574341], [0.47922492027282715, -0.37277889251708984, -2.4913203716278076, -4.997674465179443, -9.11440372467041, -3.385148048400879, 4.772606372833252, 1.6837992668151855, 5.381897926330566, 6.625234603881836, 4.082324981689453, -2.8268346786499023, -0.08647298812866211, -0.38079553842544556, -2.2782793045043945, 1.9279170036315918, -0.16402435302734375, -2.0245676040649414, 1.677150011062622, -3.661090135574341, 22.918807983398438]], "type": "heatmap"}], "layout": {"template": {"data": {"histogram2dcontour": [{"type": "histogram2dcontour", "colorbar": {"outlinewidth": 0, "ticks": ""}, "colorscale": [[0.0, "#0d0887"], [0.1111111111111111, "#46039f"], [0.2222222222222222, "#7201a8"], [0.3333333333333333, "#9c179e"], [0.4444444444444444, "#bd3786"], [0.5555555555555556, "#d8576b"], [0.6666666666666666, "#ed7953"], [0.7777777777777778, "#fb9f3a"], [0.8888888888888888, "#fdca26"], [1.0, "#f0f921"]]}], "choropleth": [{"type": "choropleth", "colorbar": {"outlinewidth": 0, "ticks": ""}}], "histogram2d": [{"type": "histogram2d", "colorbar": {"outlinewidth": 0, "ticks": ""}, "colorscale": [[0.0, "#0d0887"], [0.1111111111111111, "#46039f"], [0.2222222222222222, "#7201a8"], [0.3333333333333333, "#9c179e"], [0.4444444444444444, "#bd3786"], [0.5555555555555556, "#d8576b"], [0.6666666666666666, "#ed7953"], [0.7777777777777778, "#fb9f3a"], [0.8888888888888888, "#fdca26"], [1.0, "#f0f921"]]}], "heatmap": [{"type": "heatmap", "colorbar": {"outlinewidth": 0, "ticks": ""}, "colorscale": [[0.0, "#0d0887"], [0.1111111111111111, "#46039f"], [0.2222222222222222, "#7201a8"], [0.3333333333333333, "#9c179e"], [0.4444444444444444, "#bd3786"], [0.5555555555555556, "#d8576b"], [0.6666666666666666, "#ed7953"], [0.7777777777777778, "#fb9f3a"], [0.8888888888888888, "#fdca26"], [1.0, "#f0f921"]]}], "heatmapgl": [{"type": "heatmapgl", "colorbar": {"outlinewidth": 0, "ticks": ""}, "colorscale": [[0.0, "#0d0887"], [0.1111111111111111, "#46039f"], [0.2222222222222222, "#7201a8"], [0.3333333333333333, "#9c179e"], [0.4444444444444444, "#bd3786"], [0.5555555555555556, "#d8576b"], [0.6666666666666666, "#ed7953"], [0.7777777777777778, "#fb9f3a"], [0.8888888888888888, "#fdca26"], [1.0, "#f0f921"]]}], "contourcarpet": [{"type": "contourcarpet", "colorbar": {"outlinewidth": 0, "ticks": ""}}], "contour": [{"type": "contour", "colorbar": {"outlinewidth": 0, "ticks": ""}, "colorscale": [[0.0, "#0d0887"], [0.1111111111111111, "#46039f"], [0.2222222222222222, "#7201a8"], [0.3333333333333333, "#9c179e"], [0.4444444444444444, "#bd3786"], [0.5555555555555556, "#d8576b"], [0.6666666666666666, "#ed7953"], [0.7777777777777778, "#fb9f3a"], [0.8888888888888888, "#fdca26"], [1.0, "#f0f921"]]}], "surface": [{"type": "surface", "colorbar": {"outlinewidth": 0, "ticks": ""}, "colorscale": [[0.0, "#0d0887"], [0.1111111111111111, "#46039f"], [0.2222222222222222, "#7201a8"], [0.3333333333333333, "#9c179e"], [0.4444444444444444, "#bd3786"], [0.5555555555555556, "#d8576b"], [0.6666666666666666, "#ed7953"], [0.7777777777777778, "#fb9f3a"], [0.8888888888888888, "#fdca26"], [1.0, "#f0f921"]]}], "mesh3d": [{"type": "mesh3d", "colorbar": {"outlinewidth": 0, "ticks": ""}}], "scatter": [{"fillpattern": {"fillmode": "overlay", "size": 10, "solidity": 0.2}, "type": "scatter"}], "parcoords": [{"type": "parcoords", "line": {"colorbar": {"outlinewidth": 0, "ticks": ""}}}], "scatterpolargl": [{"type": "scatterpolargl", "marker": {"colorbar": {"outlinewidth": 0, "ticks": ""}}}], "bar": [{"error_x": {"color": "#2a3f5f"}, "error_y": {"color": "#2a3f5f"}, "marker": {"line": {"color": "#E5ECF6", "width": 0.5}, "pattern": {"fillmode": "overlay", "size": 10, "solidity": 0.2}}, "type": "bar"}], "scattergeo": [{"type": "scattergeo", "marker": {"colorbar": {"outlinewidth": 0, "ticks": ""}}}], "scatterpolar": [{"type": "scatterpolar", "marker": {"colorbar": {"outlinewidth": 0, "ticks": ""}}}], "histogram": [{"marker": {"pattern": {"fillmode": "overlay", "size": 10, "solidity": 0.2}}, "type": "histogram"}], "scattergl": [{"type": "scattergl", "marker": {"colorbar": {"outlinewidth": 0, "ticks": ""}}}], "scatter3d": [{"type": "scatter3d", "line": {"colorbar": {"outlinewidth": 0, "ticks": ""}}, "marker": {"colorbar": {"outlinewidth": 0, "ticks": ""}}}], "scattermapbox": [{"type": "scattermapbox", "marker": {"colorbar": {"outlinewidth": 0, "ticks": ""}}}], "scatterternary": [{"type": "scatterternary", "marker": {"colorbar": {"outlinewidth": 0, "ticks": ""}}}], "scattercarpet": [{"type": "scattercarpet", "marker": {"colorbar": {"outlinewidth": 0, "ticks": ""}}}], "carpet": [{"aaxis": {"endlinecolor": "#2a3f5f", "gridcolor": "white", "linecolor": "white", "minorgridcolor": "white", "startlinecolor": "#2a3f5f"}, "baxis": {"endlinecolor": "#2a3f5f", "gridcolor": "white", "linecolor": "white", "minorgridcolor": "white", "startlinecolor": "#2a3f5f"}, "type": "carpet"}], "table": [{"cells": {"fill": {"color": "#EBF0F8"}, "line": {"color": "white"}}, "header": {"fill": {"color": "#C8D4E3"}, "line": {"color": "white"}}, "type": "table"}], "barpolar": [{"marker": {"line": {"color": "#E5ECF6", "width": 0.5}, "pattern": {"fillmode": "overlay", "size": 10, "solidity": 0.2}}, "type": "barpolar"}], "pie": [{"automargin": true, "type": "pie"}]}, "layout": {"autotypenumbers": "strict", "colorway": ["#636efa", "#EF553B", "#00cc96", "#ab63fa", "#FFA15A", "#19d3f3", "#FF6692", "#B6E880", "#FF97FF", "#FECB52"], "font": {"color": "#2a3f5f"}, "hovermode": "closest", "hoverlabel": {"align": "left"}, "paper_bgcolor": "white", "plot_bgcolor": "#E5ECF6", "polar": {"bgcolor": "#E5ECF6", "angularaxis": {"gridcolor": "white", "linecolor": "white", "ticks": ""}, "radialaxis": {"gridcolor": "white", "linecolor": "white", "ticks": ""}}, "ternary": {"bgcolor": "#E5ECF6", "aaxis": {"gridcolor": "white", "linecolor": "white", "ticks": ""}, "baxis": {"gridcolor": "white", "linecolor": "white", "ticks": ""}, "caxis": {"gridcolor": "white", "linecolor": "white", "ticks": ""}}, "coloraxis": {"colorbar": {"outlinewidth": 0, "ticks": ""}}, "colorscale": {"sequential": [[0.0, "#0d0887"], [0.1111111111111111, "#46039f"], [0.2222222222222222, "#7201a8"], [0.3333333333333333, "#9c179e"], [0.4444444444444444, "#bd3786"], [0.5555555555555556, "#d8576b"], [0.6666666666666666, "#ed7953"], [0.7777777777777778, "#fb9f3a"], [0.8888888888888888, "#fdca26"], [1.0, "#f0f921"]], "sequentialminus": [[0.0, "#0d0887"], [0.1111111111111111, "#46039f"], [0.2222222222222222, "#7201a8"], [0.3333333333333333, "#9c179e"], [0.4444444444444444, "#bd3786"], [0.5555555555555556, "#d8576b"], [0.6666666666666666, "#ed7953"], [0.7777777777777778, "#fb9f3a"], [0.8888888888888888, "#fdca26"], [1.0, "#f0f921"]], "diverging": [[0, "#8e0152"], [0.1, "#c51b7d"], [0.2, "#de77ae"], [0.3, "#f1b6da"], [0.4, "#fde0ef"], [0.5, "#f7f7f7"], [0.6, "#e6f5d0"], [0.7, "#b8e186"], [0.8, "#7fbc41"], [0.9, "#4d9221"], [1, "#276419"]]}, "xaxis": {"gridcolor": "white", "linecolor": "white", "ticks": "", "title": {"standoff": 15}, "zerolinecolor": "white", "automargin": true, "zerolinewidth": 2}, "yaxis": {"gridcolor": "white", "linecolor": "white", "ticks": "", "title": {"standoff": 15}, "zerolinecolor": "white", "automargin": true, "zerolinewidth": 2}, "scene": {"xaxis": {"backgroundcolor": "#E5ECF6", "gridcolor": "white", "linecolor": "white", "showbackground": true, "ticks": "", "zerolinecolor": "white", "gridwidth": 2}, "yaxis": {"backgroundcolor": "#E5ECF6", "gridcolor": "white", "linecolor": "white", "showbackground": true, "ticks": "", "zerolinecolor": "white", "gridwidth": 2}, "zaxis": {"backgroundcolor": "#E5ECF6", "gridcolor": "white", "linecolor": "white", "showbackground": true, "ticks": "", "zerolinecolor": "white", "gridwidth": 2}}, "shapedefaults": {"line": {"color": "#2a3f5f"}}, "annotationdefaults": {"arrowcolor": "#2a3f5f", "arrowhead": 0, "arrowwidth": 1}, "geo": {"bgcolor": "white", "landcolor": "#E5ECF6", "subunitcolor": "white", "showland": true, "showlakes": true, "lakecolor": "white"}, "title": {"x": 0.05}, "mapbox": {"style": "light"}}}}}