{"data": [{"z": [[21.894023895263672, 5.510626792907715, -1.0333529710769653, -0.8479956984519958, 0.10817732661962509, -4.161522388458252, -6.7573957443237305, -1.073999285697937, -1.54611337184906, 1.9110734462738037, 8.486833572387695, -7.288944721221924, 1.8485113382339478, -0.15203173458576202, 1.7887126207351685, -0.6303200721740723, -4.884174346923828, 3.5744223594665527, -0.9317357540130615, 1.7920881509780884, 0.8396481275558472], [5.510626792907715, 24.605457305908203, 0.43252038955688477, -0.07032450288534164, 3.3912007808685303, 5.795675277709961, -0.271425724029541, -0.4777061343193054, -7.876266002655029, 2.5857300758361816, 4.15002965927124, -3.952738046646118, -0.9454510807991028, 8.504050254821777, -4.11063289642334, 3.624396562576294, -2.689066171646118, -2.97678279876709, -4.067525863647461, 2.861800193786621, -0.2880226671695709], [-1.0333529710769653, 0.43252038955688477, 13.753605842590332, 2.673022985458374, 0.2553470730781555, 0.7461890578269958, -2.445880174636841, -3.191279888153076, 6.3730010986328125, 0.9091286659240723, -0.27653947472572327, -2.414283037185669, -4.014283180236816, -1.022956371307373, 3.3538706302642822, 1.818217158317566, -1.2510185241699219, -3.269998073577881, -1.7955162525177002, -2.480349540710449, -2.7801990509033203], [-0.8479956984519958, -0.07032450288534164, 2.673022985458374, 14.52215576171875, 2.1641037464141846, 4.693351745605469, -0.8532202243804932, 1.2929385900497437, 2.5047178268432617, 2.2447195053100586, -1.9812833070755005, -1.6666390895843506, 3.4936466217041016, 2.4500579833984375, -0.46447592973709106, -1.1085129976272583, 2.074065685272217, -1.1227355003356934, 0.9131808280944824, -4.633770942687988, -5.462311744689941], [0.10817732661962509, 3.3912007808685303, 0.2553470730781555, 2.1641037464141846, 36.903770446777344, -0.7176783680915833, 0.3736404478549957, -6.3664445877075195, -2.2194037437438965, -4.891280174255371, -1.7873865365982056, 3.5513148307800293, 8.230647087097168, 8.40617847442627, 1.581146240234375, 6.936764240264893, 0.8123513460159302, 0.46715831756591797, 8.607828140258789, 6.975807189941406, -9.552580833435059], [-4.161522388458252, 5.795675277709961, 0.7461890578269958, 4.693351745605469, -0.7176783680915833, 28.63735580444336, 2.709195375442505, 2.9236958026885986, -4.236739635467529, -3.2137701511383057, -5.816882610321045, 1.5611777305603027, -1.6521340608596802, 3.5383107662200928, -11.829336166381836, 0.23442664742469788, 6.077442646026611, -4.411531448364258, -1.7610819339752197, -1.506239652633667, -3.6743626594543457], [-6.7573957443237305, -0.271425724029541, -2.445880174636841, -0.8532202243804932, 0.3736404478549957, 2.709195375442505, 21.03556251525879, -1.9352096319198608, 0.3487118184566498, -0.3492265045642853, -2.3372769355773926, 4.8743720054626465, -7.235285758972168, 1.669024109840393, 2.281653642654419, 2.5013530254364014, 5.32119607925415, 2.0340418815612793, -2.347599744796753, 0.743380069732666, 4.904094219207764], [-1.073999285697937, -0.4777061343193054, -3.191279888153076, 1.2929385900497437, -6.3664445877075195, 2.9236958026885986, -1.9352096319198608, 21.908641815185547, -2.2973036766052246, 2.1258046627044678, 4.3817596435546875, 0.7227606773376465, 3.608224630355835, -1.4598426818847656, 6.8251633644104, -4.975225448608398, 2.285987377166748, 1.2064273357391357, -7.59057092666626, 2.8789591789245605, 1.713570237159729], [-1.54611337184906, -7.876266002655029, 6.3730010986328125, 2.5047178268432617, -2.2194037437438965, -4.236739635467529, 0.3487118184566498, -2.2973036766052246, 26.735925674438477, 12.928481101989746, -1.0270845890045166, -6.737707138061523, -0.2861000597476959, -0.021965056657791138, -1.7194050550460815, -2.7713418006896973, -3.3691437244415283, 3.3110527992248535, 4.299304962158203, -2.2170872688293457, 5.485957145690918], [1.9110734462738037, 2.5857300758361816, 0.9091286659240723, 2.2447195053100586, -4.891280174255371, -3.2137701511383057, -0.3492265045642853, 2.1258046627044678, 12.928481101989746, 37.6295051574707, 5.367395877838135, -1.9485485553741455, -1.5216721296310425, 5.476541996002197, -8.60625171661377, 0.2298121601343155, 0.13804399967193604, 2.463677406311035, 4.875733375549316, -0.6925458908081055, 6.902963638305664], [8.486833572387695, 4.15002965927124, -0.27653947472572327, -1.9812833070755005, -1.7873865365982056, -5.816882610321045, -2.3372769355773926, 4.3817596435546875, -1.0270845890045166, 5.367395877838135, 28.979768753051758, -6.2239909172058105, 1.0764676332473755, 3.18752384185791, 8.437851905822754, -1.2181555032730103, -0.34728002548217773, 2.902141571044922, 1.8648362159729004, 5.841893196105957, 4.411432266235352], [-7.288944721221924, -3.952738046646118, -2.414283037185669, -1.6666390895843506, 3.5513148307800293, 1.5611777305603027, 4.8743720054626465, 0.7227606773376465, -6.737707138061523, -1.9485485553741455, -6.2239909172058105, 22.00645637512207, -3.51383113861084, -2.0792641639709473, 7.9655303955078125, 6.268021106719971, 6.714204788208008, -1.2501983642578125, 3.580061674118042, 3.850022792816162, -2.979379653930664], [1.8485113382339478, -0.9454510807991028, -4.014283180236816, 3.4936466217041016, 8.230647087097168, -1.6521340608596802, -7.235285758972168, 3.608224630355835, -0.2861000597476959, -1.5216721296310425, 1.0764676332473755, -3.51383113861084, 25.49049949645996, -2.314826011657715, -3.9218316078186035, 4.360694408416748, -2.5798280239105225, -5.440487861633301, 3.3177645206451416, -3.328624725341797, 0.0751488208770752], [-0.15203173458576202, 8.504050254821777, -1.022956371307373, 2.4500579833984375, 8.40617847442627, 3.5383107662200928, 1.669024109840393, -1.4598426818847656, -0.021965056657791138, 5.476541996002197, 3.18752384185791, -2.0792641639709473, -2.314826011657715, 25.550792694091797, -7.833334445953369, 0.08984937518835068, 3.3875975608825684, -1.7312496900558472, 3.3130152225494385, 4.903415679931641, -0.6328601241111755], [1.7887126207351685, -4.11063289642334, 3.3538706302642822, -0.46447592973709106, 1.581146240234375, -11.829336166381836, 2.281653642654419, 6.8251633644104, -1.7194050550460815, -8.60625171661377, 8.437851905822754, 7.9655303955078125, -3.9218316078186035, -7.833334445953369, 30.300189971923828, 1.7028611898422241, 1.2174487113952637, 2.9023303985595703, -4.342630863189697, 4.428068161010742, -2.2565810680389404], [-0.6303200721740723, 3.624396562576294, 1.818217158317566, -1.1085129976272583, 6.936764240264893, 0.23442664742469788, 2.5013530254364014, -4.975225448608398, -2.7713418006896973, 0.2298121601343155, -1.2181555032730103, 6.268021106719971, 4.360694408416748, 0.08984937518835068, 1.7028611898422241, 22.94408416748047, 4.246335029602051, -3.6884522438049316, -5.200824737548828, 2.2515640258789062, 2.2353456020355225], [-4.884174823760986, -2.68906569480896, -1.2510185241699219, 2.074065923690796, 0.8123517036437988, 6.0774431228637695, 5.32119607925415, 2.285987377166748, -3.3691439628601074, 0.13804388046264648, -0.3472806215286255, 6.714204788208008, -2.5798280239105225, 3.3875977993011475, 1.2174485921859741, 4.246334552764893, 18.453067779541016, 3.1902823448181152, 0.14174103736877441, 1.6430766582489014, -0.1648186445236206], [3.574422597885132, -2.9767820835113525, -3.269998073577881, -1.1227355003356934, 0.467158704996109, -4.4115309715271, 2.034040927886963, 1.2064276933670044, 3.3110527992248535, 2.463677167892456, 2.902141571044922, -1.250198483467102, -5.440488338470459, -1.7312495708465576, 2.902330160140991, -3.6884522438049316, 3.1902823448181152, 24.82781982421875, 4.35028076171875, -2.7694196701049805, -2.0848960876464844], [-0.931735634803772, -4.067525863647461, -1.795516014099121, 0.9131803512573242, 8.607828140258789, -1.7610816955566406, -2.347599744796753, -7.590571403503418, 4.299305438995361, 4.875733852386475, 1.8648368120193481, 3.5800609588623047, 3.3177638053894043, 3.3130156993865967, -4.342629909515381, -5.2008233070373535, 0.14174103736877441, 4.35028076171875, 26.55654525756836, -1.1458840370178223, 1.515716791152954], [1.7920880317687988, 2.8618004322052, -2.48034930229187, -4.633771896362305, 6.9758076667785645, -1.5062390565872192, 0.7433800101280212, 2.878959894180298, -2.2170865535736084, -0.6925455331802368, 5.841892719268799, 3.8500232696533203, -3.3286240100860596, 4.903416156768799, 4.428067684173584, 2.2515640258789062, 1.6430766582489014, -2.7694196701049805, -1.1458840370178223, 23.676013946533203, -3.880467414855957], [0.8396482467651367, -0.2880222797393799, -2.780198812484741, -5.462311744689941, -9.552580833435059, -3.674362897872925, 4.904094219207764, 1.7135698795318604, 5.485957145690918, 6.902963638305664, 4.411432266235352, -2.979379892349243, 0.0751490592956543, -0.6328590512275696, -2.2565808296203613, 2.2353456020355225, -0.1648188829421997, -2.0848960876464844, 1.515716791152954, -3.880467653274536, 22.918807983398438]], "type": "heatmap"}], "layout": {"template": {"data": {"histogram2dcontour": [{"type": "histogram2dcontour", "colorbar": {"outlinewidth": 0, "ticks": ""}, "colorscale": [[0.0, "#0d0887"], [0.1111111111111111, "#46039f"], [0.2222222222222222, "#7201a8"], [0.3333333333333333, "#9c179e"], [0.4444444444444444, "#bd3786"], [0.5555555555555556, "#d8576b"], [0.6666666666666666, "#ed7953"], [0.7777777777777778, "#fb9f3a"], [0.8888888888888888, "#fdca26"], [1.0, "#f0f921"]]}], "choropleth": [{"type": "choropleth", "colorbar": {"outlinewidth": 0, "ticks": ""}}], "histogram2d": [{"type": "histogram2d", "colorbar": {"outlinewidth": 0, "ticks": ""}, "colorscale": [[0.0, "#0d0887"], [0.1111111111111111, "#46039f"], [0.2222222222222222, "#7201a8"], [0.3333333333333333, "#9c179e"], [0.4444444444444444, "#bd3786"], [0.5555555555555556, "#d8576b"], [0.6666666666666666, "#ed7953"], [0.7777777777777778, "#fb9f3a"], [0.8888888888888888, "#fdca26"], [1.0, "#f0f921"]]}], "heatmap": [{"type": "heatmap", "colorbar": {"outlinewidth": 0, "ticks": ""}, "colorscale": [[0.0, "#0d0887"], [0.1111111111111111, "#46039f"], [0.2222222222222222, "#7201a8"], [0.3333333333333333, "#9c179e"], [0.4444444444444444, "#bd3786"], [0.5555555555555556, "#d8576b"], [0.6666666666666666, "#ed7953"], [0.7777777777777778, "#fb9f3a"], [0.8888888888888888, "#fdca26"], [1.0, "#f0f921"]]}], "heatmapgl": [{"type": "heatmapgl", "colorbar": {"outlinewidth": 0, "ticks": ""}, "colorscale": [[0.0, "#0d0887"], [0.1111111111111111, "#46039f"], [0.2222222222222222, "#7201a8"], [0.3333333333333333, "#9c179e"], [0.4444444444444444, "#bd3786"], [0.5555555555555556, "#d8576b"], [0.6666666666666666, "#ed7953"], [0.7777777777777778, "#fb9f3a"], [0.8888888888888888, "#fdca26"], [1.0, "#f0f921"]]}], "contourcarpet": [{"type": "contourcarpet", "colorbar": {"outlinewidth": 0, "ticks": ""}}], "contour": [{"type": "contour", "colorbar": {"outlinewidth": 0, "ticks": ""}, "colorscale": [[0.0, "#0d0887"], [0.1111111111111111, "#46039f"], [0.2222222222222222, "#7201a8"], [0.3333333333333333, "#9c179e"], [0.4444444444444444, "#bd3786"], [0.5555555555555556, "#d8576b"], [0.6666666666666666, "#ed7953"], [0.7777777777777778, "#fb9f3a"], [0.8888888888888888, "#fdca26"], [1.0, "#f0f921"]]}], "surface": [{"type": "surface", "colorbar": {"outlinewidth": 0, "ticks": ""}, "colorscale": [[0.0, "#0d0887"], [0.1111111111111111, "#46039f"], [0.2222222222222222, "#7201a8"], [0.3333333333333333, "#9c179e"], [0.4444444444444444, "#bd3786"], [0.5555555555555556, "#d8576b"], [0.6666666666666666, "#ed7953"], [0.7777777777777778, "#fb9f3a"], [0.8888888888888888, "#fdca26"], [1.0, "#f0f921"]]}], "mesh3d": [{"type": "mesh3d", "colorbar": {"outlinewidth": 0, "ticks": ""}}], "scatter": [{"fillpattern": {"fillmode": "overlay", "size": 10, "solidity": 0.2}, "type": "scatter"}], "parcoords": [{"type": "parcoords", "line": {"colorbar": {"outlinewidth": 0, "ticks": ""}}}], "scatterpolargl": [{"type": "scatterpolargl", "marker": {"colorbar": {"outlinewidth": 0, "ticks": ""}}}], "bar": [{"error_x": {"color": "#2a3f5f"}, "error_y": {"color": "#2a3f5f"}, "marker": {"line": {"color": "#E5ECF6", "width": 0.5}, "pattern": {"fillmode": "overlay", "size": 10, "solidity": 0.2}}, "type": "bar"}], "scattergeo": [{"type": "scattergeo", "marker": {"colorbar": {"outlinewidth": 0, "ticks": ""}}}], "scatterpolar": [{"type": "scatterpolar", "marker": {"colorbar": {"outlinewidth": 0, "ticks": ""}}}], "histogram": [{"marker": {"pattern": {"fillmode": "overlay", "size": 10, "solidity": 0.2}}, "type": "histogram"}], "scattergl": [{"type": "scattergl", "marker": {"colorbar": {"outlinewidth": 0, "ticks": ""}}}], "scatter3d": [{"type": "scatter3d", "line": {"colorbar": {"outlinewidth": 0, "ticks": ""}}, "marker": {"colorbar": {"outlinewidth": 0, "ticks": ""}}}], "scattermapbox": [{"type": "scattermapbox", "marker": {"colorbar": {"outlinewidth": 0, "ticks": ""}}}], "scatterternary": [{"type": "scatterternary", "marker": {"colorbar": {"outlinewidth": 0, "ticks": ""}}}], "scattercarpet": [{"type": "scattercarpet", "marker": {"colorbar": {"outlinewidth": 0, "ticks": ""}}}], "carpet": [{"aaxis": {"endlinecolor": "#2a3f5f", "gridcolor": "white", "linecolor": "white", "minorgridcolor": "white", "startlinecolor": "#2a3f5f"}, "baxis": {"endlinecolor": "#2a3f5f", "gridcolor": "white", "linecolor": "white", "minorgridcolor": "white", "startlinecolor": "#2a3f5f"}, "type": "carpet"}], "table": [{"cells": {"fill": {"color": "#EBF0F8"}, "line": {"color": "white"}}, "header": {"fill": {"color": "#C8D4E3"}, "line": {"color": "white"}}, "type": "table"}], "barpolar": [{"marker": {"line": {"color": "#E5ECF6", "width": 0.5}, "pattern": {"fillmode": "overlay", "size": 10, "solidity": 0.2}}, "type": "barpolar"}], "pie": [{"automargin": true, "type": "pie"}]}, "layout": {"autotypenumbers": "strict", "colorway": ["#636efa", "#EF553B", "#00cc96", "#ab63fa", "#FFA15A", "#19d3f3", "#FF6692", "#B6E880", "#FF97FF", "#FECB52"], "font": {"color": "#2a3f5f"}, "hovermode": "closest", "hoverlabel": {"align": "left"}, "paper_bgcolor": "white", "plot_bgcolor": "#E5ECF6", "polar": {"bgcolor": "#E5ECF6", "angularaxis": {"gridcolor": "white", "linecolor": "white", "ticks": ""}, "radialaxis": {"gridcolor": "white", "linecolor": "white", "ticks": ""}}, "ternary": {"bgcolor": "#E5ECF6", "aaxis": {"gridcolor": "white", "linecolor": "white", "ticks": ""}, "baxis": {"gridcolor": "white", "linecolor": "white", "ticks": ""}, "caxis": {"gridcolor": "white", "linecolor": "white", "ticks": ""}}, "coloraxis": {"colorbar": {"outlinewidth": 0, "ticks": ""}}, "colorscale": {"sequential": [[0.0, "#0d0887"], [0.1111111111111111, "#46039f"], [0.2222222222222222, "#7201a8"], [0.3333333333333333, "#9c179e"], [0.4444444444444444, "#bd3786"], [0.5555555555555556, "#d8576b"], [0.6666666666666666, "#ed7953"], [0.7777777777777778, "#fb9f3a"], [0.8888888888888888, "#fdca26"], [1.0, "#f0f921"]], "sequentialminus": [[0.0, "#0d0887"], [0.1111111111111111, "#46039f"], [0.2222222222222222, "#7201a8"], [0.3333333333333333, "#9c179e"], [0.4444444444444444, "#bd3786"], [0.5555555555555556, "#d8576b"], [0.6666666666666666, "#ed7953"], [0.7777777777777778, "#fb9f3a"], [0.8888888888888888, "#fdca26"], [1.0, "#f0f921"]], "diverging": [[0, "#8e0152"], [0.1, "#c51b7d"], [0.2, "#de77ae"], [0.3, "#f1b6da"], [0.4, "#fde0ef"], [0.5, "#f7f7f7"], [0.6, "#e6f5d0"], [0.7, "#b8e186"], [0.8, "#7fbc41"], [0.9, "#4d9221"], [1, "#276419"]]}, "xaxis": {"gridcolor": "white", "linecolor": "white", "ticks": "", "title": {"standoff": 15}, "zerolinecolor": "white", "automargin": true, "zerolinewidth": 2}, "yaxis": {"gridcolor": "white", "linecolor": "white", "ticks": "", "title": {"standoff": 15}, "zerolinecolor": "white", "automargin": true, "zerolinewidth": 2}, "scene": {"xaxis": {"backgroundcolor": "#E5ECF6", "gridcolor": "white", "linecolor": "white", "showbackground": true, "ticks": "", "zerolinecolor": "white", "gridwidth": 2}, "yaxis": {"backgroundcolor": "#E5ECF6", "gridcolor": "white", "linecolor": "white", "showbackground": true, "ticks": "", "zerolinecolor": "white", "gridwidth": 2}, "zaxis": {"backgroundcolor": "#E5ECF6", "gridcolor": "white", "linecolor": "white", "showbackground": true, "ticks": "", "zerolinecolor": "white", "gridwidth": 2}}, "shapedefaults": {"line": {"color": "#2a3f5f"}}, "annotationdefaults": {"arrowcolor": "#2a3f5f", "arrowhead": 0, "arrowwidth": 1}, "geo": {"bgcolor": "white", "landcolor": "#E5ECF6", "subunitcolor": "white", "showland": true, "showlakes": true, "lakecolor": "white"}, "title": {"x": 0.05}, "mapbox": {"style": "light"}}}}}