{"data": [{"z": [[20.300113677978516, 5.830414772033691, 0.007964040152728558, 0.558289110660553, 1.3787248134613037, -2.4004154205322266, -5.059458255767822, -0.3057081401348114, -0.8233311772346497, 2.2948007583618164, 8.169244766235352, -5.250513076782227, 2.4765422344207764, 1.0896552801132202, 1.5954201221466064, -0.08093582093715668, -3.8780908584594727, 3.5533854961395264, 0.16259264945983887, 2.726187229156494, 0.4178541898727417], [5.830414772033691, 22.198747634887695, 1.3401424884796143, 0.986471951007843, 2.925794839859009, 5.585211277008057, 0.6330217123031616, -0.05895574018359184, -5.827392101287842, 2.630366563796997, 3.6931800842285156, -2.8030240535736084, 0.09037283062934875, 7.733578205108643, -3.2243757247924805, 3.160093307495117, -2.6106574535369873, -2.1020278930664062, -2.8637588024139404, 3.2059731483459473, -0.43602731823921204], [0.007964040152728558, 1.3401424884796143, 13.20606517791748, 2.8089346885681152, 0.7030749320983887, 1.4612754583358765, -1.5849295854568481, -2.017890214920044, 5.842165470123291, 1.4317139387130737, 0.9983789920806885, -1.593035101890564, -2.532294750213623, -0.2022223323583603, 3.396082878112793, 2.1874730587005615, -0.5950508117675781, -2.506103992462158, -0.7618374228477478, -1.2159788608551025, -2.4388515949249268], [0.558289110660553, 0.986471951007843, 2.8089346885681152, 13.868518829345703, 2.132266044616699, 4.677296161651611, 0.29375356435775757, 1.8623945713043213, 2.5191149711608887, 2.580127000808716, -0.7090322375297546, -0.3340635597705841, 4.365785121917725, 2.5795979499816895, 0.3282671570777893, 0.09236200153827667, 2.273131847381592, -0.7324520945549011, 1.5104920864105225, -3.0416016578674316, -4.846889972686768], [1.3787248134613037, 2.925794839859009, 0.7030749320983887, 2.132266044616699, 33.11904525756836, -1.4971139430999756, 0.9368296265602112, -6.13408088684082, -1.863689661026001, -4.651711463928223, -2.0343618392944336, 3.5348949432373047, 7.539544105529785, 7.141505241394043, 1.9887264966964722, 6.140553951263428, 0.1934359073638916, 0.7679789066314697, 7.692388534545898, 5.718417167663574, -9.042303085327148], [-2.4004154205322266, 5.585211277008057, 1.4612754583358765, 4.677296161651611, -1.4971139430999756, 25.59544563293457, 3.2816407680511475, 3.148132085800171, -2.9813194274902344, -3.0205492973327637, -4.93651008605957, 2.069929599761963, -0.41565075516700745, 2.6412813663482666, -9.576722145080566, 0.692396342754364, 5.059192180633545, -3.3327512741088867, -1.7879291772842407, -1.1056466102600098, -3.361926555633545], [-5.059458255767822, 0.6330217123031616, -1.5849295854568481, 0.29375356435775757, 0.9368296265602112, 3.2816407680511475, 19.596288681030273, -0.9554908871650696, 0.49360501766204834, 0.2938675284385681, -1.4480196237564087, 4.928249835968018, -5.200625419616699, 2.3564963340759277, 2.3500421047210693, 3.0055174827575684, 5.166489124298096, 2.512026309967041, -1.0999974012374878, 1.4654369354248047, 4.740929126739502], [-0.3057081401348114, -0.05895574018359184, -2.017890214920044, 1.8623945713043213, -6.13408088684082, 3.148132085800171, -0.9554908871650696, 19.547225952148438, -1.6111541986465454, 2.122159242630005, 3.05617094039917, 1.7818717956542969, 3.7113699913024902, -1.5750653743743896, 6.000357627868652, -3.7510323524475098, 1.5363909006118774, 1.012992262840271, -6.55555534362793, 2.6301236152648926, 1.680153489112854], [-0.8233311772346497, -5.827392101287842, 5.842165470123291, 2.5191149711608887, -1.863689661026001, -2.9813194274902344, 0.49360501766204834, -1.6111541986465454, 23.568357467651367, 11.362010955810547, 0.186956524848938, -5.534097194671631, 0.2583865821361542, 0.6351239085197449, -1.037122130393982, -2.0438942909240723, -2.731567144393921, 2.707833766937256, 4.370065689086914, -1.1237587928771973, 5.376767635345459], [2.2948007583618164, 2.630366563796997, 1.4317139387130737, 2.580127000808716, -4.651711463928223, -3.0205492973327637, 0.2938675284385681, 2.122159242630005, 11.362010955810547, 33.50060272216797, 4.773951530456543, -1.0622090101242065, -1.5227190256118774, 4.73358678817749, -6.723015785217285, 0.33605295419692993, -0.25868409872055054, 1.942865252494812, 4.273776054382324, -0.12127566337585449, 6.563755035400391], [8.169244766235352, 3.6931800842285156, 0.9983789920806885, -0.7090322375297546, -2.0343618392944336, -4.93651008605957, -1.4480196237564087, 3.05617094039917, 0.186956524848938, 4.773951530456543, 24.58774185180664, -4.936023235321045, 1.0618857145309448, 3.0447514057159424, 7.031658172607422, -0.7732819318771362, -1.0161330699920654, 2.865280866622925, 1.935856580734253, 4.351835250854492, 4.005680084228516], [-5.250513076782227, -2.8030240535736084, -1.593035101890564, -0.3340635597705841, 3.5348949432373047, 2.069929599761963, 4.928249835968018, 1.7818717956542969, -5.534097194671631, -1.0622090101242065, -4.936023235321045, 20.75592041015625, -1.9576716423034668, -1.3637652397155762, 7.896801948547363, 6.279087543487549, 6.595340728759766, 0.26534438133239746, 4.1171159744262695, 4.025016784667969, -2.7986562252044678], [2.4765422344207764, 0.09037283062934875, -2.532294750213623, 4.365785121917725, 7.539544105529785, -0.41565075516700745, -5.200625419616699, 3.7113699913024902, 0.2583865821361542, -1.5227190256118774, 1.0618857145309448, -1.9576716423034668, 23.476049423217773, -1.5192903280258179, -2.8039727210998535, 4.749475002288818, -2.030332088470459, -4.418234825134277, 3.103184700012207, -2.2735414505004883, -0.17123126983642578], [1.0896552801132202, 7.733578205108643, -0.2022223323583603, 2.5795979499816895, 7.141505241394043, 2.6412813663482666, 2.3564963340759277, -1.5750653743743896, 0.6351239085197449, 4.73358678817749, 3.0447514057159424, -1.3637652397155762, -1.5192903280258179, 23.369075775146484, -6.264098167419434, 0.4086168706417084, 2.720280885696411, -1.136405348777771, 3.4102163314819336, 4.682259559631348, -0.3663572072982788], [1.5954201221466064, -3.2243757247924805, 3.396082878112793, 0.3282671570777893, 1.9887264966964722, -9.576722145080566, 2.3500421047210693, 6.000357627868652, -1.037122130393982, -6.723015785217285, 7.031658172607422, 7.896801948547363, -2.8039727210998535, -6.264098167419434, 26.405139923095703, 2.105088472366333, 1.535827398300171, 3.36322283744812, -2.943650484085083, 3.752561569213867, -2.30688738822937], [-0.08093582093715668, 3.160093307495117, 2.1874730587005615, 0.09236200153827667, 6.140553951263428, 0.692396342754364, 3.0055174827575684, -3.7510323524475098, -2.0438942909240723, 0.33605295419692993, -0.7732819318771362, 6.279087543487549, 4.749475002288818, 0.4086168706417084, 2.105088472366333, 20.719511032104492, 4.044419765472412, -2.756842851638794, -3.886963367462158, 2.4688704013824463, 1.8328076601028442], [-3.8780910968780518, -2.6106574535369873, -0.5950509309768677, 2.273131847381592, 0.19343596696853638, 5.059192657470703, 5.166489601135254, 1.536391258239746, -2.731567144393921, -0.25868406891822815, -1.016133427619934, 6.595341205596924, -2.030332326889038, 2.7202811241149902, 1.535827875137329, 4.044419765472412, 16.635475158691406, 2.844919443130493, 0.21241235733032227, 1.1033029556274414, -0.17396068572998047], [3.5533857345581055, -2.102027654647827, -2.5061042308807373, -0.7324521541595459, 0.767979085445404, -3.3327512741088867, 2.51202654838562, 1.0129926204681396, 2.7078335285186768, 1.942865252494812, 2.865281105041504, 0.2653445303440094, -4.418234348297119, -1.1364054679870605, 3.363223075866699, -2.756843328475952, 2.844919443130493, 21.402353286743164, 4.394797325134277, -1.5602606534957886, -2.0243937969207764], [0.16259224712848663, -2.8637588024139404, -0.7618375420570374, 1.5104918479919434, 7.69238805770874, -1.7879289388656616, -1.0999977588653564, -6.555556297302246, 4.3700666427612305, 4.273775577545166, 1.9358564615249634, 4.1171159744262695, 3.103184938430786, 3.41021728515625, -2.9436497688293457, -3.886963367462158, 0.21241235733032227, 4.394797325134277, 23.994853973388672, -0.5178099870681763, 1.699816107749939], [2.726186990737915, 3.2059731483459473, -1.215978980064392, -3.0416016578674316, 5.718417167663574, -1.1056464910507202, 1.4654369354248047, 2.630122661590576, -1.1237589120864868, -0.12127628922462463, 4.35183572769165, 4.025016784667969, -2.2735414505004883, 4.682260036468506, 3.752561569213867, 2.468870162963867, 1.1033029556274414, -1.5602606534957886, -0.5178099870681763, 20.996917724609375, -3.6580088138580322], [0.41785407066345215, -0.43602705001831055, -2.438851833343506, -4.846890449523926, -9.042304039001465, -3.361927032470703, 4.740929126739502, 1.6801538467407227, 5.376767158508301, 6.563755512237549, 4.005680084228516, -2.7986559867858887, -0.17123079299926758, -0.36635756492614746, -2.306887149810791, 1.8328081369400024, -0.17396032810211182, -2.0243935585021973, 1.6998162269592285, -3.6580090522766113, 22.918807983398438]], "type": "heatmap"}], "layout": {"template": {"data": {"histogram2dcontour": [{"type": "histogram2dcontour", "colorbar": {"outlinewidth": 0, "ticks": ""}, "colorscale": [[0.0, "#0d0887"], [0.1111111111111111, "#46039f"], [0.2222222222222222, "#7201a8"], [0.3333333333333333, "#9c179e"], [0.4444444444444444, "#bd3786"], [0.5555555555555556, "#d8576b"], [0.6666666666666666, "#ed7953"], [0.7777777777777778, "#fb9f3a"], [0.8888888888888888, "#fdca26"], [1.0, "#f0f921"]]}], "choropleth": [{"type": "choropleth", "colorbar": {"outlinewidth": 0, "ticks": ""}}], "histogram2d": [{"type": "histogram2d", "colorbar": {"outlinewidth": 0, "ticks": ""}, "colorscale": [[0.0, "#0d0887"], [0.1111111111111111, "#46039f"], [0.2222222222222222, "#7201a8"], [0.3333333333333333, "#9c179e"], [0.4444444444444444, "#bd3786"], [0.5555555555555556, "#d8576b"], [0.6666666666666666, "#ed7953"], [0.7777777777777778, "#fb9f3a"], [0.8888888888888888, "#fdca26"], [1.0, "#f0f921"]]}], "heatmap": [{"type": "heatmap", "colorbar": {"outlinewidth": 0, "ticks": ""}, "colorscale": [[0.0, "#0d0887"], [0.1111111111111111, "#46039f"], [0.2222222222222222, "#7201a8"], [0.3333333333333333, "#9c179e"], [0.4444444444444444, "#bd3786"], [0.5555555555555556, "#d8576b"], [0.6666666666666666, "#ed7953"], [0.7777777777777778, "#fb9f3a"], [0.8888888888888888, "#fdca26"], [1.0, "#f0f921"]]}], "heatmapgl": [{"type": "heatmapgl", "colorbar": {"outlinewidth": 0, "ticks": ""}, "colorscale": [[0.0, "#0d0887"], [0.1111111111111111, "#46039f"], [0.2222222222222222, "#7201a8"], [0.3333333333333333, "#9c179e"], [0.4444444444444444, "#bd3786"], [0.5555555555555556, "#d8576b"], [0.6666666666666666, "#ed7953"], [0.7777777777777778, "#fb9f3a"], [0.8888888888888888, "#fdca26"], [1.0, "#f0f921"]]}], "contourcarpet": [{"type": "contourcarpet", "colorbar": {"outlinewidth": 0, "ticks": ""}}], "contour": [{"type": "contour", "colorbar": {"outlinewidth": 0, "ticks": ""}, "colorscale": [[0.0, "#0d0887"], [0.1111111111111111, "#46039f"], [0.2222222222222222, "#7201a8"], [0.3333333333333333, "#9c179e"], [0.4444444444444444, "#bd3786"], [0.5555555555555556, "#d8576b"], [0.6666666666666666, "#ed7953"], [0.7777777777777778, "#fb9f3a"], [0.8888888888888888, "#fdca26"], [1.0, "#f0f921"]]}], "surface": [{"type": "surface", "colorbar": {"outlinewidth": 0, "ticks": ""}, "colorscale": [[0.0, "#0d0887"], [0.1111111111111111, "#46039f"], [0.2222222222222222, "#7201a8"], [0.3333333333333333, "#9c179e"], [0.4444444444444444, "#bd3786"], [0.5555555555555556, "#d8576b"], [0.6666666666666666, "#ed7953"], [0.7777777777777778, "#fb9f3a"], [0.8888888888888888, "#fdca26"], [1.0, "#f0f921"]]}], "mesh3d": [{"type": "mesh3d", "colorbar": {"outlinewidth": 0, "ticks": ""}}], "scatter": [{"fillpattern": {"fillmode": "overlay", "size": 10, "solidity": 0.2}, "type": "scatter"}], "parcoords": [{"type": "parcoords", "line": {"colorbar": {"outlinewidth": 0, "ticks": ""}}}], "scatterpolargl": [{"type": "scatterpolargl", "marker": {"colorbar": {"outlinewidth": 0, "ticks": ""}}}], "bar": [{"error_x": {"color": "#2a3f5f"}, "error_y": {"color": "#2a3f5f"}, "marker": {"line": {"color": "#E5ECF6", "width": 0.5}, "pattern": {"fillmode": "overlay", "size": 10, "solidity": 0.2}}, "type": "bar"}], "scattergeo": [{"type": "scattergeo", "marker": {"colorbar": {"outlinewidth": 0, "ticks": ""}}}], "scatterpolar": [{"type": "scatterpolar", "marker": {"colorbar": {"outlinewidth": 0, "ticks": ""}}}], "histogram": [{"marker": {"pattern": {"fillmode": "overlay", "size": 10, "solidity": 0.2}}, "type": "histogram"}], "scattergl": [{"type": "scattergl", "marker": {"colorbar": {"outlinewidth": 0, "ticks": ""}}}], "scatter3d": [{"type": "scatter3d", "line": {"colorbar": {"outlinewidth": 0, "ticks": ""}}, "marker": {"colorbar": {"outlinewidth": 0, "ticks": ""}}}], "scattermapbox": [{"type": "scattermapbox", "marker": {"colorbar": {"outlinewidth": 0, "ticks": ""}}}], "scatterternary": [{"type": "scatterternary", "marker": {"colorbar": {"outlinewidth": 0, "ticks": ""}}}], "scattercarpet": [{"type": "scattercarpet", "marker": {"colorbar": {"outlinewidth": 0, "ticks": ""}}}], "carpet": [{"aaxis": {"endlinecolor": "#2a3f5f", "gridcolor": "white", "linecolor": "white", "minorgridcolor": "white", "startlinecolor": "#2a3f5f"}, "baxis": {"endlinecolor": "#2a3f5f", "gridcolor": "white", "linecolor": "white", "minorgridcolor": "white", "startlinecolor": "#2a3f5f"}, "type": "carpet"}], "table": [{"cells": {"fill": {"color": "#EBF0F8"}, "line": {"color": "white"}}, "header": {"fill": {"color": "#C8D4E3"}, "line": {"color": "white"}}, "type": "table"}], "barpolar": [{"marker": {"line": {"color": "#E5ECF6", "width": 0.5}, "pattern": {"fillmode": "overlay", "size": 10, "solidity": 0.2}}, "type": "barpolar"}], "pie": [{"automargin": true, "type": "pie"}]}, "layout": {"autotypenumbers": "strict", "colorway": ["#636efa", "#EF553B", "#00cc96", "#ab63fa", "#FFA15A", "#19d3f3", "#FF6692", "#B6E880", "#FF97FF", "#FECB52"], "font": {"color": "#2a3f5f"}, "hovermode": "closest", "hoverlabel": {"align": "left"}, "paper_bgcolor": "white", "plot_bgcolor": "#E5ECF6", "polar": {"bgcolor": "#E5ECF6", "angularaxis": {"gridcolor": "white", "linecolor": "white", "ticks": ""}, "radialaxis": {"gridcolor": "white", "linecolor": "white", "ticks": ""}}, "ternary": {"bgcolor": "#E5ECF6", "aaxis": {"gridcolor": "white", "linecolor": "white", "ticks": ""}, "baxis": {"gridcolor": "white", "linecolor": "white", "ticks": ""}, "caxis": {"gridcolor": "white", "linecolor": "white", "ticks": ""}}, "coloraxis": {"colorbar": {"outlinewidth": 0, "ticks": ""}}, "colorscale": {"sequential": [[0.0, "#0d0887"], [0.1111111111111111, "#46039f"], [0.2222222222222222, "#7201a8"], [0.3333333333333333, "#9c179e"], [0.4444444444444444, "#bd3786"], [0.5555555555555556, "#d8576b"], [0.6666666666666666, "#ed7953"], [0.7777777777777778, "#fb9f3a"], [0.8888888888888888, "#fdca26"], [1.0, "#f0f921"]], "sequentialminus": [[0.0, "#0d0887"], [0.1111111111111111, "#46039f"], [0.2222222222222222, "#7201a8"], [0.3333333333333333, "#9c179e"], [0.4444444444444444, "#bd3786"], [0.5555555555555556, "#d8576b"], [0.6666666666666666, "#ed7953"], [0.7777777777777778, "#fb9f3a"], [0.8888888888888888, "#fdca26"], [1.0, "#f0f921"]], "diverging": [[0, "#8e0152"], [0.1, "#c51b7d"], [0.2, "#de77ae"], [0.3, "#f1b6da"], [0.4, "#fde0ef"], [0.5, "#f7f7f7"], [0.6, "#e6f5d0"], [0.7, "#b8e186"], [0.8, "#7fbc41"], [0.9, "#4d9221"], [1, "#276419"]]}, "xaxis": {"gridcolor": "white", "linecolor": "white", "ticks": "", "title": {"standoff": 15}, "zerolinecolor": "white", "automargin": true, "zerolinewidth": 2}, "yaxis": {"gridcolor": "white", "linecolor": "white", "ticks": "", "title": {"standoff": 15}, "zerolinecolor": "white", "automargin": true, "zerolinewidth": 2}, "scene": {"xaxis": {"backgroundcolor": "#E5ECF6", "gridcolor": "white", "linecolor": "white", "showbackground": true, "ticks": "", "zerolinecolor": "white", "gridwidth": 2}, "yaxis": {"backgroundcolor": "#E5ECF6", "gridcolor": "white", "linecolor": "white", "showbackground": true, "ticks": "", "zerolinecolor": "white", "gridwidth": 2}, "zaxis": {"backgroundcolor": "#E5ECF6", "gridcolor": "white", "linecolor": "white", "showbackground": true, "ticks": "", "zerolinecolor": "white", "gridwidth": 2}}, "shapedefaults": {"line": {"color": "#2a3f5f"}}, "annotationdefaults": {"arrowcolor": "#2a3f5f", "arrowhead": 0, "arrowwidth": 1}, "geo": {"bgcolor": "white", "landcolor": "#E5ECF6", "subunitcolor": "white", "showland": true, "showlakes": true, "lakecolor": "white"}, "title": {"x": 0.05}, "mapbox": {"style": "light"}}}}}