{"data": [{"z": [[20.33383560180664, 5.861196994781494, -0.009272868745028973, 0.5059376358985901, 1.3248449563980103, -2.4511797428131104, -5.109493255615234, -0.3370450735092163, -0.8121060729026794, 2.2693207263946533, 8.162693977355957, -5.263647556304932, 2.4445436000823975, 1.0383846759796143, 1.586525797843933, -0.07108389586210251, -3.902819871902466, 3.556068181991577, 0.15891432762145996, 2.7713050842285156, 0.4335000216960907], [5.861196994781494, 22.323484420776367, 1.3606858253479004, 0.953971266746521, 2.9185855388641357, 5.6019744873046875, 0.6381447911262512, -0.03696267306804657, -5.806309223175049, 2.6057918071746826, 3.71419095993042, -2.742352247238159, 0.07993417978286743, 7.735405921936035, -3.231719732284546, 3.218822956085205, -2.581033229827881, -2.1022183895111084, -2.8060998916625977, 3.325266122817993, -0.41748255491256714], [-0.009272868745028973, 1.3606858253479004, 13.240482330322266, 2.809621572494507, 0.6840242743492126, 1.4442124366760254, -1.5995169878005981, -2.037663698196411, 5.8775553703308105, 1.395288348197937, 0.9583443403244019, -1.568564772605896, -2.5570149421691895, -0.23291398584842682, 3.4081411361694336, 2.20401668548584, -0.5989127159118652, -2.5187108516693115, -0.7472372055053711, -1.1956230401992798, -2.4481360912323], [0.5059376358985901, 0.953971266746521, 2.809621572494507, 13.846925735473633, 2.0675759315490723, 4.63299036026001, 0.2119416743516922, 1.8288615942001343, 2.577902317047119, 2.5780222415924072, -0.7534107565879822, -0.3328266143798828, 4.290233612060547, 2.532351493835449, 0.27658581733703613, 0.0440325103700161, 2.2678327560424805, -0.7275738716125488, 1.5249066352844238, -3.05517840385437, -4.868813991546631], [1.3248449563980103, 2.9185855388641357, 0.6840242743492126, 2.0675759315490723, 33.151817321777344, -1.521944284439087, 0.8904913067817688, -6.187249183654785, -1.816723346710205, -4.688544750213623, -2.069197177886963, 3.530830144882202, 7.5172553062438965, 7.103617191314697, 1.9475080966949463, 6.132803440093994, 0.2052077054977417, 0.7532327175140381, 7.716108322143555, 5.754302501678467, -9.051360130310059], [-2.4511797428131104, 5.6019744873046875, 1.4442124366760254, 4.63299036026001, -1.521944284439087, 25.623994827270508, 3.2426705360412598, 3.13041615486145, -2.924410820007324, -3.03472900390625, -4.970471382141113, 2.114185094833374, -0.4679186940193176, 2.6112430095672607, -9.670113563537598, 0.6835330128669739, 5.0713019371032715, -3.359243869781494, -1.7323024272918701, -1.049580693244934, -3.3602371215820312], [-5.109493255615234, 0.6381447911262512, -1.5995169878005981, 0.2119416743516922, 0.8904913067817688, 3.2426705360412598, 19.621675491333008, -1.0092500448226929, 0.5019126534461975, 0.25938981771469116, -1.477042317390442, 4.9579267501831055, -5.253594875335693, 2.301028251647949, 2.335975170135498, 2.9717791080474854, 5.163928031921387, 2.5114123821258545, -1.11295485496521, 1.4828274250030518, 4.743988037109375], [-0.3370450735092163, -0.03696267306804657, -2.037663698196411, 1.8288615942001343, -6.187249183654785, 3.13041615486145, -1.0092500448226929, 19.592693328857422, -1.5906357765197754, 2.131044626235962, 3.0603811740875244, 1.7885277271270752, 3.6811084747314453, -1.5923644304275513, 5.991928577423096, -3.764840602874756, 1.5542302131652832, 1.0284528732299805, -6.547444820404053, 2.6480765342712402, 1.6872549057006836], [-0.8121060729026794, -5.806309223175049, 5.8775553703308105, 2.577902317047119, -1.816723346710205, -2.924410820007324, 0.5019126534461975, -1.5906357765197754, 23.674758911132812, 11.431451797485352, 0.23282943665981293, -5.521431922912598, 0.2908190190792084, 0.6729287505149841, -1.062331199645996, -2.0114145278930664, -2.6955301761627197, 2.770690679550171, 4.438298225402832, -1.057038426399231, 5.367060661315918], [2.2693207263946533, 2.6057918071746826, 1.395288348197937, 2.5780222415924072, -4.688544750213623, -3.03472900390625, 0.25938981771469116, 2.131044626235962, 11.431451797485352, 33.61481475830078, 4.777313232421875, -1.0412245988845825, -1.5421667098999023, 4.736896514892578, -6.8084869384765625, 0.3324817419052124, -0.24856966733932495, 1.9698474407196045, 4.330880165100098, -0.11535143852233887, 6.580749034881592], [8.162693977355957, 3.71419095993042, 0.9583443403244019, -0.7534107565879822, -2.069197177886963, -4.970471382141113, -1.477042317390442, 3.0603811740875244, 0.23282943665981293, 4.777313232421875, 24.64876365661621, -4.930118083953857, 1.0337936878204346, 3.020948648452759, 7.022082328796387, -0.7832922339439392, -0.9954434633255005, 2.8752946853637695, 1.963996171951294, 4.411818027496338, 4.0255537033081055], [-5.263647556304932, -2.742352247238159, -1.568564772605896, -0.3328266143798828, 3.530830144882202, 2.114185094833374, 4.9579267501831055, 1.7885277271270752, -5.521431922912598, -1.0412245988845825, -4.930118083953857, 20.83926010131836, -1.930066466331482, -1.3375766277313232, 7.902467250823975, 6.31380033493042, 6.658464431762695, 0.2515740394592285, 4.172467231750488, 4.112300872802734, -2.80134654045105], [2.4445436000823975, 0.07993417978286743, -2.5570149421691895, 4.290233612060547, 7.5172553062438965, -0.4679186940193176, -5.253594875335693, 3.6811084747314453, 0.2908190190792084, -1.5421667098999023, 1.0337936878204346, -1.930066466331482, 23.47110366821289, -1.5827387571334839, -2.8571712970733643, 4.733270645141602, -2.0387046337127686, -4.488101482391357, 3.1419315338134766, -2.2593135833740234, -0.1454809606075287], [1.0383846759796143, 7.735405921936035, -0.23291398584842682, 2.532351493835449, 7.103617191314697, 2.6112430095672607, 2.301028251647949, -1.5923644304275513, 0.6729287505149841, 4.736896514892578, 3.020948648452759, -1.3375766277313232, -1.5827387571334839, 23.363725662231445, -6.358474254608154, 0.3881605267524719, 2.7431139945983887, -1.14455246925354, 3.4390718936920166, 4.705141067504883, -0.3602995276451111], [1.586525797843933, -3.231719732284546, 3.4081411361694336, 0.27658581733703613, 1.9475080966949463, -9.670113563537598, 2.335975170135498, 5.991928577423096, -1.062331199645996, -6.8084869384765625, 7.022082328796387, 7.902467250823975, -2.8571712970733643, -6.358474254608154, 26.493492126464844, 2.078050136566162, 1.512751817703247, 3.355086088180542, -2.977447748184204, 3.78076171875, -2.299877166748047], [-0.07108389586210251, 3.218822956085205, 2.20401668548584, 0.0440325103700161, 6.132803440093994, 0.6835330128669739, 2.9717791080474854, -3.764840602874756, -2.0114145278930664, 0.3324817419052124, -0.7832922339439392, 6.31380033493042, 4.733270645141602, 0.3881605267524719, 2.078050136566162, 20.76443099975586, 4.071602821350098, -2.746157646179199, -3.844830274581909, 2.5261073112487793, 1.830726981163025], [-3.9028196334838867, -2.581033229827881, -0.5989128351211548, 2.2678332328796387, 0.20520757138729095, 5.071301460266113, 5.163928031921387, 1.5542302131652832, -2.6955294609069824, -0.2485695332288742, -0.995444118976593, 6.65846586227417, -2.0387043952941895, 2.7431135177612305, 1.5127521753311157, 4.071602821350098, 16.72262954711914, 2.863833427429199, 0.25494861602783203, 1.165619134902954, -0.17669403553009033], [3.556068181991577, -2.1022181510925293, -2.5187106132507324, -0.7275736927986145, 0.7532327175140381, -3.359243869781494, 2.511413097381592, 1.0284525156021118, 2.7706902027130127, 1.9698474407196045, 2.8752949237823486, 0.25157439708709717, -4.488101005554199, -1.1445531845092773, 3.355085849761963, -2.746157646179199, 2.863833427429199, 21.47283172607422, 4.436483383178711, -1.5345889329910278, -2.0219566822052], [0.15891477465629578, -2.8060998916625977, -0.7472371459007263, 1.5249065160751343, 7.716108798980713, -1.732302188873291, -1.1129553318023682, -6.5474443435668945, 4.438298225402832, 4.330880165100098, 1.9639959335327148, 4.172467231750488, 3.1419320106506348, 3.4390716552734375, -2.977447986602783, -3.844829797744751, 0.25494861602783203, 4.436483383178711, 24.129013061523438, -0.4380643367767334, 1.7023506164550781], [2.771305561065674, 3.325265407562256, -1.1956228017807007, -3.0551791191101074, 5.754302024841309, -1.0495809316635132, 1.4828275442123413, 2.648076295852661, -1.057038426399231, -0.11535129696130753, 4.411818504333496, 4.112300872802734, -2.2593142986297607, 4.705140590667725, 3.780761241912842, 2.5261070728302, 1.165619134902954, -1.5345889329910278, -0.4380643367767334, 21.16814422607422, -3.6475703716278076], [0.4335002899169922, -0.4174826145172119, -2.4481358528137207, -4.868813514709473, -9.051360130310059, -3.3602371215820312, 4.743988037109375, 1.6872549057006836, 5.367060661315918, 6.58074951171875, 4.025553226470947, -2.8013463020324707, -0.14548110961914062, -0.3603002429008484, -2.2998769283294678, 1.8307271003723145, -0.17669367790222168, -2.0219569206237793, 1.7023506164550781, -3.6475706100463867, 22.918807983398438]], "type": "heatmap"}], "layout": {"template": {"data": {"histogram2dcontour": [{"type": "histogram2dcontour", "colorbar": {"outlinewidth": 0, "ticks": ""}, "colorscale": [[0.0, "#0d0887"], [0.1111111111111111, "#46039f"], [0.2222222222222222, "#7201a8"], [0.3333333333333333, "#9c179e"], [0.4444444444444444, "#bd3786"], [0.5555555555555556, "#d8576b"], [0.6666666666666666, "#ed7953"], [0.7777777777777778, "#fb9f3a"], [0.8888888888888888, "#fdca26"], [1.0, "#f0f921"]]}], "choropleth": [{"type": "choropleth", "colorbar": {"outlinewidth": 0, "ticks": ""}}], "histogram2d": [{"type": "histogram2d", "colorbar": {"outlinewidth": 0, "ticks": ""}, "colorscale": [[0.0, "#0d0887"], [0.1111111111111111, "#46039f"], [0.2222222222222222, "#7201a8"], [0.3333333333333333, "#9c179e"], [0.4444444444444444, "#bd3786"], [0.5555555555555556, "#d8576b"], [0.6666666666666666, "#ed7953"], [0.7777777777777778, "#fb9f3a"], [0.8888888888888888, "#fdca26"], [1.0, "#f0f921"]]}], "heatmap": [{"type": "heatmap", "colorbar": {"outlinewidth": 0, "ticks": ""}, "colorscale": [[0.0, "#0d0887"], [0.1111111111111111, "#46039f"], [0.2222222222222222, "#7201a8"], [0.3333333333333333, "#9c179e"], [0.4444444444444444, "#bd3786"], [0.5555555555555556, "#d8576b"], [0.6666666666666666, "#ed7953"], [0.7777777777777778, "#fb9f3a"], [0.8888888888888888, "#fdca26"], [1.0, "#f0f921"]]}], "heatmapgl": [{"type": "heatmapgl", "colorbar": {"outlinewidth": 0, "ticks": ""}, "colorscale": [[0.0, "#0d0887"], [0.1111111111111111, "#46039f"], [0.2222222222222222, "#7201a8"], [0.3333333333333333, "#9c179e"], [0.4444444444444444, "#bd3786"], [0.5555555555555556, "#d8576b"], [0.6666666666666666, "#ed7953"], [0.7777777777777778, "#fb9f3a"], [0.8888888888888888, "#fdca26"], [1.0, "#f0f921"]]}], "contourcarpet": [{"type": "contourcarpet", "colorbar": {"outlinewidth": 0, "ticks": ""}}], "contour": [{"type": "contour", "colorbar": {"outlinewidth": 0, "ticks": ""}, "colorscale": [[0.0, "#0d0887"], [0.1111111111111111, "#46039f"], [0.2222222222222222, "#7201a8"], [0.3333333333333333, "#9c179e"], [0.4444444444444444, "#bd3786"], [0.5555555555555556, "#d8576b"], [0.6666666666666666, "#ed7953"], [0.7777777777777778, "#fb9f3a"], [0.8888888888888888, "#fdca26"], [1.0, "#f0f921"]]}], "surface": [{"type": "surface", "colorbar": {"outlinewidth": 0, "ticks": ""}, "colorscale": [[0.0, "#0d0887"], [0.1111111111111111, "#46039f"], [0.2222222222222222, "#7201a8"], [0.3333333333333333, "#9c179e"], [0.4444444444444444, "#bd3786"], [0.5555555555555556, "#d8576b"], [0.6666666666666666, "#ed7953"], [0.7777777777777778, "#fb9f3a"], [0.8888888888888888, "#fdca26"], [1.0, "#f0f921"]]}], "mesh3d": [{"type": "mesh3d", "colorbar": {"outlinewidth": 0, "ticks": ""}}], "scatter": [{"fillpattern": {"fillmode": "overlay", "size": 10, "solidity": 0.2}, "type": "scatter"}], "parcoords": [{"type": "parcoords", "line": {"colorbar": {"outlinewidth": 0, "ticks": ""}}}], "scatterpolargl": [{"type": "scatterpolargl", "marker": {"colorbar": {"outlinewidth": 0, "ticks": ""}}}], "bar": [{"error_x": {"color": "#2a3f5f"}, "error_y": {"color": "#2a3f5f"}, "marker": {"line": {"color": "#E5ECF6", "width": 0.5}, "pattern": {"fillmode": "overlay", "size": 10, "solidity": 0.2}}, "type": "bar"}], "scattergeo": [{"type": "scattergeo", "marker": {"colorbar": {"outlinewidth": 0, "ticks": ""}}}], "scatterpolar": [{"type": "scatterpolar", "marker": {"colorbar": {"outlinewidth": 0, "ticks": ""}}}], "histogram": [{"marker": {"pattern": {"fillmode": "overlay", "size": 10, "solidity": 0.2}}, "type": "histogram"}], "scattergl": [{"type": "scattergl", "marker": {"colorbar": {"outlinewidth": 0, "ticks": ""}}}], "scatter3d": [{"type": "scatter3d", "line": {"colorbar": {"outlinewidth": 0, "ticks": ""}}, "marker": {"colorbar": {"outlinewidth": 0, "ticks": ""}}}], "scattermapbox": [{"type": "scattermapbox", "marker": {"colorbar": {"outlinewidth": 0, "ticks": ""}}}], "scatterternary": [{"type": "scatterternary", "marker": {"colorbar": {"outlinewidth": 0, "ticks": ""}}}], "scattercarpet": [{"type": "scattercarpet", "marker": {"colorbar": {"outlinewidth": 0, "ticks": ""}}}], "carpet": [{"aaxis": {"endlinecolor": "#2a3f5f", "gridcolor": "white", "linecolor": "white", "minorgridcolor": "white", "startlinecolor": "#2a3f5f"}, "baxis": {"endlinecolor": "#2a3f5f", "gridcolor": "white", "linecolor": "white", "minorgridcolor": "white", "startlinecolor": "#2a3f5f"}, "type": "carpet"}], "table": [{"cells": {"fill": {"color": "#EBF0F8"}, "line": {"color": "white"}}, "header": {"fill": {"color": "#C8D4E3"}, "line": {"color": "white"}}, "type": "table"}], "barpolar": [{"marker": {"line": {"color": "#E5ECF6", "width": 0.5}, "pattern": {"fillmode": "overlay", "size": 10, "solidity": 0.2}}, "type": "barpolar"}], "pie": [{"automargin": true, "type": "pie"}]}, "layout": {"autotypenumbers": "strict", "colorway": ["#636efa", "#EF553B", "#00cc96", "#ab63fa", "#FFA15A", "#19d3f3", "#FF6692", "#B6E880", "#FF97FF", "#FECB52"], "font": {"color": "#2a3f5f"}, "hovermode": "closest", "hoverlabel": {"align": "left"}, "paper_bgcolor": "white", "plot_bgcolor": "#E5ECF6", "polar": {"bgcolor": "#E5ECF6", "angularaxis": {"gridcolor": "white", "linecolor": "white", "ticks": ""}, "radialaxis": {"gridcolor": "white", "linecolor": "white", "ticks": ""}}, "ternary": {"bgcolor": "#E5ECF6", "aaxis": {"gridcolor": "white", "linecolor": "white", "ticks": ""}, "baxis": {"gridcolor": "white", "linecolor": "white", "ticks": ""}, "caxis": {"gridcolor": "white", "linecolor": "white", "ticks": ""}}, "coloraxis": {"colorbar": {"outlinewidth": 0, "ticks": ""}}, "colorscale": {"sequential": [[0.0, "#0d0887"], [0.1111111111111111, "#46039f"], [0.2222222222222222, "#7201a8"], [0.3333333333333333, "#9c179e"], [0.4444444444444444, "#bd3786"], [0.5555555555555556, "#d8576b"], [0.6666666666666666, "#ed7953"], [0.7777777777777778, "#fb9f3a"], [0.8888888888888888, "#fdca26"], [1.0, "#f0f921"]], "sequentialminus": [[0.0, "#0d0887"], [0.1111111111111111, "#46039f"], [0.2222222222222222, "#7201a8"], [0.3333333333333333, "#9c179e"], [0.4444444444444444, "#bd3786"], [0.5555555555555556, "#d8576b"], [0.6666666666666666, "#ed7953"], [0.7777777777777778, "#fb9f3a"], [0.8888888888888888, "#fdca26"], [1.0, "#f0f921"]], "diverging": [[0, "#8e0152"], [0.1, "#c51b7d"], [0.2, "#de77ae"], [0.3, "#f1b6da"], [0.4, "#fde0ef"], [0.5, "#f7f7f7"], [0.6, "#e6f5d0"], [0.7, "#b8e186"], [0.8, "#7fbc41"], [0.9, "#4d9221"], [1, "#276419"]]}, "xaxis": {"gridcolor": "white", "linecolor": "white", "ticks": "", "title": {"standoff": 15}, "zerolinecolor": "white", "automargin": true, "zerolinewidth": 2}, "yaxis": {"gridcolor": "white", "linecolor": "white", "ticks": "", "title": {"standoff": 15}, "zerolinecolor": "white", "automargin": true, "zerolinewidth": 2}, "scene": {"xaxis": {"backgroundcolor": "#E5ECF6", "gridcolor": "white", "linecolor": "white", "showbackground": true, "ticks": "", "zerolinecolor": "white", "gridwidth": 2}, "yaxis": {"backgroundcolor": "#E5ECF6", "gridcolor": "white", "linecolor": "white", "showbackground": true, "ticks": "", "zerolinecolor": "white", "gridwidth": 2}, "zaxis": {"backgroundcolor": "#E5ECF6", "gridcolor": "white", "linecolor": "white", "showbackground": true, "ticks": "", "zerolinecolor": "white", "gridwidth": 2}}, "shapedefaults": {"line": {"color": "#2a3f5f"}}, "annotationdefaults": {"arrowcolor": "#2a3f5f", "arrowhead": 0, "arrowwidth": 1}, "geo": {"bgcolor": "white", "landcolor": "#E5ECF6", "subunitcolor": "white", "showland": true, "showlakes": true, "lakecolor": "white"}, "title": {"x": 0.05}, "mapbox": {"style": "light"}}}}}