{"data": [{"z": [[20.59904670715332, 5.69401216506958, -0.22496044635772705, 0.14808477461338043, 1.060580849647522, -2.898576021194458, -5.567031383514404, -0.5699449181556702, -1.0386849641799927, 2.0719754695892334, 8.1504487991333, -5.754306793212891, 2.273843765258789, 0.6994024515151978, 1.5545934438705444, -0.2320832461118698, -4.2224578857421875, 3.4819977283477783, -0.08009910583496094, 2.5613937377929688, 0.4891431927680969], [5.69401216506958, 22.6708984375, 1.1836721897125244, 0.5226224660873413, 2.8445966243743896, 5.383086204528809, 0.35532352328300476, -0.27858027815818787, -6.3436503410339355, 2.368859052658081, 3.5827579498291016, -3.0985848903656006, -0.13727323710918427, 7.649537563323975, -3.484219551086426, 3.1935911178588867, -2.8579766750335693, -2.3918395042419434, -3.136155843734741, 2.99503755569458, -0.3654159605503082], [-0.22496044635772705, 1.1836721897125244, 13.340926170349121, 2.742213726043701, 0.5990670323371887, 1.2451508045196533, -1.8055983781814575, -2.2905969619750977, 5.983145713806152, 1.2843705415725708, 0.7205163240432739, -1.77975332736969, -2.791025400161743, -0.44194528460502625, 3.4208621978759766, 2.1020779609680176, -0.7732371091842651, -2.690011501312256, -0.9529096484184265, -1.4589767456054688, -2.511476516723633], [0.14808477461338043, 0.5226224660873413, 2.742213726043701, 13.858933448791504, 1.9500410556793213, 4.445553302764893, -0.12134112417697906, 1.5819133520126343, 2.504371166229248, 2.4060745239257812, -1.1273378133773804, -0.7264528870582581, 4.058797359466553, 2.3743064403533936, 0.05787684768438339, -0.329465389251709, 2.034090042114258, -0.9284108281135559, 1.3326256275177002, -3.4960834980010986, -5.007702350616455], [1.060580849647522, 2.8445966243743896, 0.5990670323371887, 1.9500410556793213, 33.68436050415039, -1.6018290519714355, 0.7125239372253418, -6.339531421661377, -1.8987343311309814, -4.815067768096924, -2.2103259563446045, 3.4251368045806885, 7.619256973266602, 7.170785903930664, 1.773576259613037, 6.126119136810303, 0.07513141632080078, 0.6184588670730591, 7.796024799346924, 5.745693206787109, -9.131521224975586], [-2.898576021194458, 5.383086204528809, 1.2451508045196533, 4.445553302764893, -1.6018290519714355, 26.05770492553711, 3.02620005607605, 2.9975175857543945, -3.256269931793213, -3.260030746459961, -5.301457405090332, 1.8590525388717651, -0.7732455134391785, 2.5716018676757812, -10.206038475036621, 0.4426707327365875, 5.105838775634766, -3.677426338195801, -1.778903841972351, -1.3197261095046997, -3.4019553661346436], [-5.567031383514404, 0.35532352328300476, -1.8055983781814575, -0.12134112417697906, 0.7125239372253418, 3.02620005607605, 19.947240829467773, -1.329030990600586, 0.4280288517475128, 0.04754740372300148, -1.7914695739746094, 4.894348621368408, -5.738946914672852, 2.10627818107605, 2.24609637260437, 2.831698179244995, 5.1497979164123535, 2.3944313526153564, -1.4365949630737305, 1.2152013778686523, 4.781209945678711], [-0.5699449181556702, -0.27858027815818787, -2.2905969619750977, 1.5819133520126343, -6.339531421661377, 2.9975175857543945, -1.329030990600586, 19.939210891723633, -1.8160284757614136, 2.0081911087036133, 3.121317148208618, 1.5035451650619507, 3.6863596439361572, -1.7155284881591797, 6.045854568481445, -4.132767677307129, 1.5074464082717896, 0.9776536226272583, -6.745351791381836, 2.511775255203247, 1.681869626045227], [-1.0386849641799927, -6.3436503410339355, 5.983145713806152, 2.504371166229248, -1.8987343311309814, -3.256269931793213, 0.4280288517475128, -1.8160284757614136, 24.229700088500977, 11.677094459533691, -0.06136327236890793, -5.812201499938965, 0.09721224009990692, 0.5125210285186768, -1.2125517129898071, -2.2599635124206543, -2.9328413009643555, 2.7973878383636475, 4.360523223876953, -1.3466299772262573, 5.3668975830078125], [2.0719754695892334, 2.368859052658081, 1.2843705415725708, 2.4060745239257812, -4.815067768096924, -3.260030746459961, 0.04754740372300148, 2.0081911087036133, 11.677094459533691, 34.35751724243164, 4.689057350158691, -1.2992440462112427, -1.6233606338500977, 4.742080211639404, -7.278355121612549, 0.1587660014629364, -0.3445056676864624, 1.950130581855774, 4.394044876098633, -0.4109194278717041, 6.64518404006958], [8.1504487991333, 3.5827579498291016, 0.7205163240432739, -1.1273378133773804, -2.2103259563446045, -5.301457405090332, -1.7914695739746094, 3.121317148208618, -0.06136327236890793, 4.689057350158691, 25.329181671142578, -5.28896951675415, 0.977267324924469, 2.7967629432678223, 7.121990203857422, -1.0044735670089722, -1.1283851861953735, 2.7664952278137207, 1.9248263835906982, 4.492746353149414, 4.1049580574035645], [-5.754306793212891, -3.0985848903656006, -1.77975332736969, -0.7264528870582581, 3.4251368045806885, 1.8590525388717651, 4.894348621368408, 1.5035451650619507, -5.812201499938965, -1.2992440462112427, -5.28896951675415, 21.06336212158203, -2.3065989017486572, -1.5985959768295288, 7.874300956726074, 6.287911415100098, 6.635838031768799, -0.07963323593139648, 3.9795117378234863, 3.9752631187438965, -2.8315536975860596], [2.273843765258789, -0.13727323710918427, -2.791025400161743, 4.058797359466553, 7.619256973266602, -0.7732455134391785, -5.738946914672852, 3.6863596439361572, 0.09721224009990692, -1.6233606338500977, 0.977267324924469, -2.3065989017486572, 23.943012237548828, -1.793548822402954, -3.1693966388702393, 4.659185409545898, -2.264805793762207, -4.734435081481934, 3.1084327697753906, -2.5441904067993164, -0.08703752607107162], [0.6994024515151978, 7.649537563323975, -0.44194528460502625, 2.3743064403533936, 7.170785903930664, 2.5716018676757812, 2.10627818107605, -1.7155284881591797, 0.5125210285186768, 4.742080211639404, 2.7967629432678223, -1.5985959768295288, -1.793548822402954, 23.6409969329834, -6.749164581298828, 0.16310198605060577, 2.6796457767486572, -1.3609309196472168, 3.330214023590088, 4.523910999298096, -0.401832640171051], [1.5545934438705444, -3.484219551086426, 3.4208621978759766, 0.05787684768438339, 1.773576259613037, -10.206038475036621, 2.24609637260437, 6.045854568481445, -1.2125517129898071, -7.278355121612549, 7.121990203857422, 7.874300956726074, -3.1693966388702393, -6.749164581298828, 27.172489166259766, 1.9773330688476562, 1.3299049139022827, 3.2080681324005127, -3.3266515731811523, 3.7887330055236816, -2.3044111728668213], [-0.2320832461118698, 3.1935911178588867, 2.1020779609680176, -0.329465389251709, 6.126119136810303, 0.4426707327365875, 2.831698179244995, -4.132767677307129, -2.2599635124206543, 0.1587660014629364, -1.0044735670089722, 6.287911415100098, 4.659185409545898, 0.16310198605060577, 1.9773330688476562, 21.157451629638672, 3.925908088684082, -2.997213363647461, -4.179563522338867, 2.33831524848938, 1.9497034549713135], [-4.2224578857421875, -2.8579764366149902, -0.7732372879981995, 2.034090042114258, 0.07513123005628586, 5.105839252471924, 5.149797439575195, 1.5074458122253418, -2.9328410625457764, -0.34450533986091614, -1.1283856630325317, 6.635839462280273, -2.264805316925049, 2.67964506149292, 1.3299051523208618, 3.925908088684082, 16.926132202148438, 2.841780662536621, 0.13846993446350098, 1.0079126358032227, -0.15606677532196045], [3.4819977283477783, -2.3918395042419434, -2.690011739730835, -0.9284108877182007, 0.6184588074684143, -3.677426338195801, 2.3944315910339355, 0.9776537418365479, 2.79738712310791, 1.9501307010650635, 2.7664952278137207, -0.07963311672210693, -4.734435558319092, -1.3609310388565063, 3.20806884765625, -2.99721360206604, 2.841780662536621, 22.076419830322266, 4.380744934082031, -1.8831298351287842, -2.0273287296295166], [-0.08009941130876541, -3.1361560821533203, -0.9529092907905579, 1.332625150680542, 7.796023845672607, -1.7789037227630615, -1.436594843864441, -6.745351314544678, 4.360522270202637, 4.394044876098633, 1.9248262643814087, 3.9795114994049072, 3.108433246612549, 3.330214500427246, -3.3266518115997314, -4.179564476013184, 0.13846993446350098, 4.380744934082031, 24.615699768066406, -0.665856122970581, 1.6560546159744263], [2.561393976211548, 2.9950380325317383, -1.4589768648147583, -3.4960832595825195, 5.745693206787109, -1.319725513458252, 1.2152012586593628, 2.5117757320404053, -1.346630334854126, -0.4109193980693817, 4.492745876312256, 3.9752628803253174, -2.5441901683807373, 4.523910045623779, 3.7887332439422607, 2.33831524848938, 1.0079126358032227, -1.8831298351287842, -0.665856122970581, 21.50743865966797, -3.6726608276367188], [0.48914289474487305, -0.3654158115386963, -2.511476516723633, -5.007702827453613, -9.131521224975586, -3.4019551277160645, 4.781209945678711, 1.6818695068359375, 5.3668975830078125, 6.645184516906738, 4.104958534240723, -2.8315536975860596, -0.08703804016113281, -0.40183305740356445, -2.304410934448242, 1.9497032165527344, -0.1560666561126709, -2.0273284912109375, 1.6560546159744263, -3.6726603507995605, 22.918807983398438]], "type": "heatmap"}], "layout": {"template": {"data": {"histogram2dcontour": [{"type": "histogram2dcontour", "colorbar": {"outlinewidth": 0, "ticks": ""}, "colorscale": [[0.0, "#0d0887"], [0.1111111111111111, "#46039f"], [0.2222222222222222, "#7201a8"], [0.3333333333333333, "#9c179e"], [0.4444444444444444, "#bd3786"], [0.5555555555555556, "#d8576b"], [0.6666666666666666, "#ed7953"], [0.7777777777777778, "#fb9f3a"], [0.8888888888888888, "#fdca26"], [1.0, "#f0f921"]]}], "choropleth": [{"type": "choropleth", "colorbar": {"outlinewidth": 0, "ticks": ""}}], "histogram2d": [{"type": "histogram2d", "colorbar": {"outlinewidth": 0, "ticks": ""}, "colorscale": [[0.0, "#0d0887"], [0.1111111111111111, "#46039f"], [0.2222222222222222, "#7201a8"], [0.3333333333333333, "#9c179e"], [0.4444444444444444, "#bd3786"], [0.5555555555555556, "#d8576b"], [0.6666666666666666, "#ed7953"], [0.7777777777777778, "#fb9f3a"], [0.8888888888888888, "#fdca26"], [1.0, "#f0f921"]]}], "heatmap": [{"type": "heatmap", "colorbar": {"outlinewidth": 0, "ticks": ""}, "colorscale": [[0.0, "#0d0887"], [0.1111111111111111, "#46039f"], [0.2222222222222222, "#7201a8"], [0.3333333333333333, "#9c179e"], [0.4444444444444444, "#bd3786"], [0.5555555555555556, "#d8576b"], [0.6666666666666666, "#ed7953"], [0.7777777777777778, "#fb9f3a"], [0.8888888888888888, "#fdca26"], [1.0, "#f0f921"]]}], "heatmapgl": [{"type": "heatmapgl", "colorbar": {"outlinewidth": 0, "ticks": ""}, "colorscale": [[0.0, "#0d0887"], [0.1111111111111111, "#46039f"], [0.2222222222222222, "#7201a8"], [0.3333333333333333, "#9c179e"], [0.4444444444444444, "#bd3786"], [0.5555555555555556, "#d8576b"], [0.6666666666666666, "#ed7953"], [0.7777777777777778, "#fb9f3a"], [0.8888888888888888, "#fdca26"], [1.0, "#f0f921"]]}], "contourcarpet": [{"type": "contourcarpet", "colorbar": {"outlinewidth": 0, "ticks": ""}}], "contour": [{"type": "contour", "colorbar": {"outlinewidth": 0, "ticks": ""}, "colorscale": [[0.0, "#0d0887"], [0.1111111111111111, "#46039f"], [0.2222222222222222, "#7201a8"], [0.3333333333333333, "#9c179e"], [0.4444444444444444, "#bd3786"], [0.5555555555555556, "#d8576b"], [0.6666666666666666, "#ed7953"], [0.7777777777777778, "#fb9f3a"], [0.8888888888888888, "#fdca26"], [1.0, "#f0f921"]]}], "surface": [{"type": "surface", "colorbar": {"outlinewidth": 0, "ticks": ""}, "colorscale": [[0.0, "#0d0887"], [0.1111111111111111, "#46039f"], [0.2222222222222222, "#7201a8"], [0.3333333333333333, "#9c179e"], [0.4444444444444444, "#bd3786"], [0.5555555555555556, "#d8576b"], [0.6666666666666666, "#ed7953"], [0.7777777777777778, "#fb9f3a"], [0.8888888888888888, "#fdca26"], [1.0, "#f0f921"]]}], "mesh3d": [{"type": "mesh3d", "colorbar": {"outlinewidth": 0, "ticks": ""}}], "scatter": [{"fillpattern": {"fillmode": "overlay", "size": 10, "solidity": 0.2}, "type": "scatter"}], "parcoords": [{"type": "parcoords", "line": {"colorbar": {"outlinewidth": 0, "ticks": ""}}}], "scatterpolargl": [{"type": "scatterpolargl", "marker": {"colorbar": {"outlinewidth": 0, "ticks": ""}}}], "bar": [{"error_x": {"color": "#2a3f5f"}, "error_y": {"color": "#2a3f5f"}, "marker": {"line": {"color": "#E5ECF6", "width": 0.5}, "pattern": {"fillmode": "overlay", "size": 10, "solidity": 0.2}}, "type": "bar"}], "scattergeo": [{"type": "scattergeo", "marker": {"colorbar": {"outlinewidth": 0, "ticks": ""}}}], "scatterpolar": [{"type": "scatterpolar", "marker": {"colorbar": {"outlinewidth": 0, "ticks": ""}}}], "histogram": [{"marker": {"pattern": {"fillmode": "overlay", "size": 10, "solidity": 0.2}}, "type": "histogram"}], "scattergl": [{"type": "scattergl", "marker": {"colorbar": {"outlinewidth": 0, "ticks": ""}}}], "scatter3d": [{"type": "scatter3d", "line": {"colorbar": {"outlinewidth": 0, "ticks": ""}}, "marker": {"colorbar": {"outlinewidth": 0, "ticks": ""}}}], "scattermapbox": [{"type": "scattermapbox", "marker": {"colorbar": {"outlinewidth": 0, "ticks": ""}}}], "scatterternary": [{"type": "scatterternary", "marker": {"colorbar": {"outlinewidth": 0, "ticks": ""}}}], "scattercarpet": [{"type": "scattercarpet", "marker": {"colorbar": {"outlinewidth": 0, "ticks": ""}}}], "carpet": [{"aaxis": {"endlinecolor": "#2a3f5f", "gridcolor": "white", "linecolor": "white", "minorgridcolor": "white", "startlinecolor": "#2a3f5f"}, "baxis": {"endlinecolor": "#2a3f5f", "gridcolor": "white", "linecolor": "white", "minorgridcolor": "white", "startlinecolor": "#2a3f5f"}, "type": "carpet"}], "table": [{"cells": {"fill": {"color": "#EBF0F8"}, "line": {"color": "white"}}, "header": {"fill": {"color": "#C8D4E3"}, "line": {"color": "white"}}, "type": "table"}], "barpolar": [{"marker": {"line": {"color": "#E5ECF6", "width": 0.5}, "pattern": {"fillmode": "overlay", "size": 10, "solidity": 0.2}}, "type": "barpolar"}], "pie": [{"automargin": true, "type": "pie"}]}, "layout": {"autotypenumbers": "strict", "colorway": ["#636efa", "#EF553B", "#00cc96", "#ab63fa", "#FFA15A", "#19d3f3", "#FF6692", "#B6E880", "#FF97FF", "#FECB52"], "font": {"color": "#2a3f5f"}, "hovermode": "closest", "hoverlabel": {"align": "left"}, "paper_bgcolor": "white", "plot_bgcolor": "#E5ECF6", "polar": {"bgcolor": "#E5ECF6", "angularaxis": {"gridcolor": "white", "linecolor": "white", "ticks": ""}, "radialaxis": {"gridcolor": "white", "linecolor": "white", "ticks": ""}}, "ternary": {"bgcolor": "#E5ECF6", "aaxis": {"gridcolor": "white", "linecolor": "white", "ticks": ""}, "baxis": {"gridcolor": "white", "linecolor": "white", "ticks": ""}, "caxis": {"gridcolor": "white", "linecolor": "white", "ticks": ""}}, "coloraxis": {"colorbar": {"outlinewidth": 0, "ticks": ""}}, "colorscale": {"sequential": [[0.0, "#0d0887"], [0.1111111111111111, "#46039f"], [0.2222222222222222, "#7201a8"], [0.3333333333333333, "#9c179e"], [0.4444444444444444, "#bd3786"], [0.5555555555555556, "#d8576b"], [0.6666666666666666, "#ed7953"], [0.7777777777777778, "#fb9f3a"], [0.8888888888888888, "#fdca26"], [1.0, "#f0f921"]], "sequentialminus": [[0.0, "#0d0887"], [0.1111111111111111, "#46039f"], [0.2222222222222222, "#7201a8"], [0.3333333333333333, "#9c179e"], [0.4444444444444444, "#bd3786"], [0.5555555555555556, "#d8576b"], [0.6666666666666666, "#ed7953"], [0.7777777777777778, "#fb9f3a"], [0.8888888888888888, "#fdca26"], [1.0, "#f0f921"]], "diverging": [[0, "#8e0152"], [0.1, "#c51b7d"], [0.2, "#de77ae"], [0.3, "#f1b6da"], [0.4, "#fde0ef"], [0.5, "#f7f7f7"], [0.6, "#e6f5d0"], [0.7, "#b8e186"], [0.8, "#7fbc41"], [0.9, "#4d9221"], [1, "#276419"]]}, "xaxis": {"gridcolor": "white", "linecolor": "white", "ticks": "", "title": {"standoff": 15}, "zerolinecolor": "white", "automargin": true, "zerolinewidth": 2}, "yaxis": {"gridcolor": "white", "linecolor": "white", "ticks": "", "title": {"standoff": 15}, "zerolinecolor": "white", "automargin": true, "zerolinewidth": 2}, "scene": {"xaxis": {"backgroundcolor": "#E5ECF6", "gridcolor": "white", "linecolor": "white", "showbackground": true, "ticks": "", "zerolinecolor": "white", "gridwidth": 2}, "yaxis": {"backgroundcolor": "#E5ECF6", "gridcolor": "white", "linecolor": "white", "showbackground": true, "ticks": "", "zerolinecolor": "white", "gridwidth": 2}, "zaxis": {"backgroundcolor": "#E5ECF6", "gridcolor": "white", "linecolor": "white", "showbackground": true, "ticks": "", "zerolinecolor": "white", "gridwidth": 2}}, "shapedefaults": {"line": {"color": "#2a3f5f"}}, "annotationdefaults": {"arrowcolor": "#2a3f5f", "arrowhead": 0, "arrowwidth": 1}, "geo": {"bgcolor": "white", "landcolor": "#E5ECF6", "subunitcolor": "white", "showland": true, "showlakes": true, "lakecolor": "white"}, "title": {"x": 0.05}, "mapbox": {"style": "light"}}}}}