{"data": [{"z": [[23.647207260131836, 5.724773406982422, -1.1706241369247437, -0.9776535630226135, -0.9156293272972107, -5.083938121795654, -7.009167194366455, -1.5337659120559692, -0.8437808752059937, 2.42364764213562, 8.546725273132324, -7.981582164764404, 1.801135778427124, -0.7646898627281189, 2.583897113800049, -0.25343477725982666, -5.495439529418945, 3.9792027473449707, -1.0942528247833252, 1.3811900615692139, 1.142928957939148], [5.724773406982422, 28.391035079956055, -0.30368101596832275, 0.6490694880485535, 5.707129955291748, 8.39680290222168, -0.21322499215602875, 0.5903623104095459, -8.549468040466309, 3.7518696784973145, 6.276085376739502, -4.104833126068115, -1.0400738716125488, 11.243071556091309, -3.6889073848724365, 5.523777008056641, -0.9367061853408813, -3.197840452194214, -3.4865105152130127, 4.919641017913818, -0.5295974612236023], [-1.1706241369247437, -0.30368101596832275, 15.041366577148438, 3.204622268676758, -0.9533624649047852, 0.17088311910629272, -1.8902935981750488, -4.3000617027282715, 6.95457649230957, -0.4336436092853546, -2.0040199756622314, -1.958611249923706, -4.986259937286377, -2.218007802963257, 4.01444673538208, 1.8089805841445923, -2.1159656047821045, -4.018198013305664, -2.677496910095215, -3.6998157501220703, -3.042145013809204], [-0.9776535630226135, 0.6490694880485535, 3.204622268676758, 15.916973114013672, 2.730686664581299, 5.949211597442627, -0.5138024091720581, 1.3455958366394043, 2.940190553665161, 2.0080862045288086, -2.592240333557129, -1.587262749671936, 3.4852957725524902, 2.998215675354004, 0.0486714132130146, -0.6785115599632263, 2.368025779724121, -1.4544326066970825, 1.1707955598831177, -5.076930046081543, -5.8617634773254395], [-0.9156293272972107, 5.707129955291748, -0.9533624649047852, 2.730686664581299, 42.45808029174805, 1.5653867721557617, -0.02456316165626049, -4.676588535308838, -2.660926103591919, -4.231067180633545, 1.2439489364624023, 3.5926976203918457, 9.302302360534668, 11.549483299255371, 2.618116855621338, 9.194672584533691, 3.5518720149993896, 0.18950963020324707, 10.453369140625, 10.369449615478516, -9.936131477355957], [-5.083938121795654, 8.39680290222168, 0.17088311910629272, 5.949211597442627, 1.5653867721557617, 32.63536071777344, 2.918966293334961, 4.122617244720459, -5.25276517868042, -2.463381052017212, -4.862349033355713, 1.695167064666748, -1.926953673362732, 6.240389347076416, -12.568384170532227, 1.2491137981414795, 8.283919334411621, -4.825847625732422, -1.010292887687683, -0.036517977714538574, -4.140287399291992], [-7.009167194366455, -0.21322499215602875, -1.8902935981750488, -0.5138024091720581, -0.02456316165626049, 2.918966293334961, 22.954370498657227, -2.2977194786071777, 0.7481815218925476, -0.9922281503677368, -3.1076254844665527, 6.260193824768066, -7.9787116050720215, 0.9475756883621216, 3.6257829666137695, 3.1508004665374756, 5.636715412139893, 1.958531379699707, -2.67755126953125, 0.3475167751312256, 4.874860763549805], [-1.5337659120559692, 0.5903623104095459, -4.3000617027282715, 1.3455958366394043, -4.676588535308838, 4.122617244720459, -2.2977194786071777, 24.605180740356445, -2.57987117767334, 3.1084601879119873, 6.676504135131836, -0.07621566951274872, 3.3778398036956787, 0.12005868554115295, 8.003162384033203, -4.374914646148682, 4.308224678039551, 1.7002687454223633, -8.140600204467773, 4.637608528137207, 1.728116750717163], [-0.8437808752059937, -8.549468040466309, 6.95457649230957, 2.940190553665161, -2.660926103591919, -5.25276517868042, 0.7481815218925476, -2.57987117767334, 29.8869571685791, 15.012693405151367, -1.4314631223678589, -7.6099162101745605, -0.31420058012008667, -0.22601200640201569, -1.2820338010787964, -2.3957338333129883, -3.7862353324890137, 4.274364471435547, 4.5107502937316895, -3.1210830211639404, 5.867458820343018], [2.42364764213562, 3.7518696784973145, -0.4336436092853546, 2.0080862045288086, -4.231067180633545, -2.463381052017212, -0.9922281503677368, 3.1084601879119873, 15.012693405151367, 42.58938980102539, 7.626901626586914, -3.4797258377075195, -1.348492980003357, 7.552515983581543, -9.615850448608398, 0.9421496987342834, 1.4118843078613281, 4.021310806274414, 6.2104339599609375, 0.11565160751342773, 7.265517234802246], [8.546725273132324, 6.276085376739502, -2.0040199756622314, -2.592240333557129, 1.2439489364624023, -4.862349033355713, -3.1076254844665527, 6.676504135131836, -1.4314631223678589, 7.626901626586914, 33.82853698730469, -7.1683030128479, 1.2771668434143066, 5.331164360046387, 9.99695873260498, 0.46026501059532166, 2.333662509918213, 3.570345878601074, 2.6538619995117188, 9.192970275878906, 4.6344122886657715], [-7.981582164764404, -4.104833126068115, -1.958611249923706, -1.587262749671936, 3.5926976203918457, 1.695167064666748, 6.260193824768066, -0.07621566951274872, -7.6099162101745605, -3.4797258377075195, -7.1683030128479, 24.298046112060547, -3.9054811000823975, -2.9721710681915283, 9.208006858825684, 6.976052284240723, 6.839720726013184, -2.359403610229492, 3.753854274749756, 3.9302215576171875, -3.257260799407959], [1.801135778427124, -1.0400738716125488, -4.986259937286377, 3.4852957725524902, 9.302302360534668, -1.926953673362732, -7.9787116050720215, 3.3778398036956787, -0.31420058012008667, -1.348492980003357, 1.2771668434143066, -3.9054811000823975, 26.97286033630371, -2.412583589553833, -3.981287956237793, 4.786959648132324, -2.6519250869750977, -6.252988815307617, 4.475494384765625, -3.4532856941223145, -0.02527790144085884], [-0.7646898627281189, 11.243071556091309, -2.218007802963257, 2.998215675354004, 11.549483299255371, 6.240389347076416, 0.9475756883621216, 0.12005868554115295, -0.22601200640201569, 7.552515983581543, 5.331164360046387, -2.9721710681915283, -2.412583589553833, 29.404987335205078, -8.846549987792969, 0.9147478938102722, 5.382927894592285, -1.4395334720611572, 4.48842716217041, 7.164519309997559, -1.15333890914917], [2.583897113800049, -3.6889073848724365, 4.01444673538208, 0.0486714132130146, 2.618116855621338, -12.568384170532227, 3.6257829666137695, 8.003162384033203, -1.2820338010787964, -9.615850448608398, 9.99695873260498, 9.208006858825684, -3.981287956237793, -8.846549987792969, 35.055015563964844, 3.5298733711242676, 2.036792278289795, 2.7245304584503174, -4.887072563171387, 5.8874664306640625, -2.1184136867523193], [-0.25343477725982666, 5.523777008056641, 1.8089805841445923, -0.6785115599632263, 9.194672584533691, 1.2491137981414795, 3.1508004665374756, -4.374914646148682, -2.3957338333129883, 0.9421496987342834, 0.46026501059532166, 6.976052284240723, 4.786959648132324, 0.9147478938102722, 3.5298733711242676, 25.751909255981445, 5.6234612464904785, -3.994637966156006, -5.095166206359863, 4.121868133544922, 2.3972504138946533], [-5.495439052581787, -0.9367069602012634, -2.1159658432006836, 2.368025779724121, 3.5518717765808105, 8.283920288085938, 5.636715412139893, 4.308223724365234, -3.7862355709075928, 1.4118847846984863, 2.333662748336792, 6.839720726013184, -2.651925563812256, 5.382926940917969, 2.0367932319641113, 5.6234612464904785, 21.293556213378906, 3.906148672103882, 0.6498932838439941, 4.040347099304199, -0.29290246963500977], [3.9792020320892334, -3.197840929031372, -4.018198490142822, -1.454432487487793, 0.18950976431369781, -4.825847625732422, 1.9585309028625488, 1.7002687454223633, 4.274363994598389, 4.021310806274414, 3.5703461170196533, -2.359403133392334, -6.252987384796143, -1.4395332336425781, 2.724529504776001, -3.994638204574585, 3.906148672103882, 27.78260040283203, 4.249956130981445, -3.1785080432891846, -1.8563660383224487], [-1.0942533016204834, -3.486510992050171, -2.677497386932373, 1.1707954406738281, 10.453369140625, -1.0102930068969727, -2.677550792694092, -8.140600204467773, 4.510749816894531, 6.210433006286621, 2.6538617610931396, 3.7538535594940186, 4.475493907928467, 4.488426685333252, -4.88707160949707, -5.09516716003418, 0.6498932838439941, 4.249956130981445, 29.292827606201172, -0.6360347270965576, 1.3428864479064941], [1.3811901807785034, 4.919641017913818, -3.699815511703491, -5.076930999755859, 10.3694486618042, -0.036517318338155746, 0.3475164473056793, 4.637608051300049, -3.1210827827453613, 0.11565302312374115, 9.192970275878906, 3.9302220344543457, -3.4532856941223145, 7.164519786834717, 5.887465953826904, 4.12186861038208, 4.040347099304199, -3.1785080432891846, -0.6360347270965576, 27.67880630493164, -4.061364650726318], [1.1429288387298584, -0.5295982360839844, -3.042145252227783, -5.861763954162598, -9.936131477355957, -4.14028787612915, 4.874860763549805, 1.7281169891357422, 5.867457389831543, 7.265517234802246, 4.634411811828613, -3.257260799407959, -0.025278091430664062, -1.1533393859863281, -2.118413209915161, 2.3972506523132324, -0.29290294647216797, -1.8563660383224487, 1.3428866863250732, -4.061364650726318, 22.918807983398438]], "type": "heatmap"}], "layout": {"template": {"data": {"histogram2dcontour": [{"type": "histogram2dcontour", "colorbar": {"outlinewidth": 0, "ticks": ""}, "colorscale": [[0.0, "#0d0887"], [0.1111111111111111, "#46039f"], [0.2222222222222222, "#7201a8"], [0.3333333333333333, "#9c179e"], [0.4444444444444444, "#bd3786"], [0.5555555555555556, "#d8576b"], [0.6666666666666666, "#ed7953"], [0.7777777777777778, "#fb9f3a"], [0.8888888888888888, "#fdca26"], [1.0, "#f0f921"]]}], "choropleth": [{"type": "choropleth", "colorbar": {"outlinewidth": 0, "ticks": ""}}], "histogram2d": [{"type": "histogram2d", "colorbar": {"outlinewidth": 0, "ticks": ""}, "colorscale": [[0.0, "#0d0887"], [0.1111111111111111, "#46039f"], [0.2222222222222222, "#7201a8"], [0.3333333333333333, "#9c179e"], [0.4444444444444444, "#bd3786"], [0.5555555555555556, "#d8576b"], [0.6666666666666666, "#ed7953"], [0.7777777777777778, "#fb9f3a"], [0.8888888888888888, "#fdca26"], [1.0, "#f0f921"]]}], "heatmap": [{"type": "heatmap", "colorbar": {"outlinewidth": 0, "ticks": ""}, "colorscale": [[0.0, "#0d0887"], [0.1111111111111111, "#46039f"], [0.2222222222222222, "#7201a8"], [0.3333333333333333, "#9c179e"], [0.4444444444444444, "#bd3786"], [0.5555555555555556, "#d8576b"], [0.6666666666666666, "#ed7953"], [0.7777777777777778, "#fb9f3a"], [0.8888888888888888, "#fdca26"], [1.0, "#f0f921"]]}], "heatmapgl": [{"type": "heatmapgl", "colorbar": {"outlinewidth": 0, "ticks": ""}, "colorscale": [[0.0, "#0d0887"], [0.1111111111111111, "#46039f"], [0.2222222222222222, "#7201a8"], [0.3333333333333333, "#9c179e"], [0.4444444444444444, "#bd3786"], [0.5555555555555556, "#d8576b"], [0.6666666666666666, "#ed7953"], [0.7777777777777778, "#fb9f3a"], [0.8888888888888888, "#fdca26"], [1.0, "#f0f921"]]}], "contourcarpet": [{"type": "contourcarpet", "colorbar": {"outlinewidth": 0, "ticks": ""}}], "contour": [{"type": "contour", "colorbar": {"outlinewidth": 0, "ticks": ""}, "colorscale": [[0.0, "#0d0887"], [0.1111111111111111, "#46039f"], [0.2222222222222222, "#7201a8"], [0.3333333333333333, "#9c179e"], [0.4444444444444444, "#bd3786"], [0.5555555555555556, "#d8576b"], [0.6666666666666666, "#ed7953"], [0.7777777777777778, "#fb9f3a"], [0.8888888888888888, "#fdca26"], [1.0, "#f0f921"]]}], "surface": [{"type": "surface", "colorbar": {"outlinewidth": 0, "ticks": ""}, "colorscale": [[0.0, "#0d0887"], [0.1111111111111111, "#46039f"], [0.2222222222222222, "#7201a8"], [0.3333333333333333, "#9c179e"], [0.4444444444444444, "#bd3786"], [0.5555555555555556, "#d8576b"], [0.6666666666666666, "#ed7953"], [0.7777777777777778, "#fb9f3a"], [0.8888888888888888, "#fdca26"], [1.0, "#f0f921"]]}], "mesh3d": [{"type": "mesh3d", "colorbar": {"outlinewidth": 0, "ticks": ""}}], "scatter": [{"fillpattern": {"fillmode": "overlay", "size": 10, "solidity": 0.2}, "type": "scatter"}], "parcoords": [{"type": "parcoords", "line": {"colorbar": {"outlinewidth": 0, "ticks": ""}}}], "scatterpolargl": [{"type": "scatterpolargl", "marker": {"colorbar": {"outlinewidth": 0, "ticks": ""}}}], "bar": [{"error_x": {"color": "#2a3f5f"}, "error_y": {"color": "#2a3f5f"}, "marker": {"line": {"color": "#E5ECF6", "width": 0.5}, "pattern": {"fillmode": "overlay", "size": 10, "solidity": 0.2}}, "type": "bar"}], "scattergeo": [{"type": "scattergeo", "marker": {"colorbar": {"outlinewidth": 0, "ticks": ""}}}], "scatterpolar": [{"type": "scatterpolar", "marker": {"colorbar": {"outlinewidth": 0, "ticks": ""}}}], "histogram": [{"marker": {"pattern": {"fillmode": "overlay", "size": 10, "solidity": 0.2}}, "type": "histogram"}], "scattergl": [{"type": "scattergl", "marker": {"colorbar": {"outlinewidth": 0, "ticks": ""}}}], "scatter3d": [{"type": "scatter3d", "line": {"colorbar": {"outlinewidth": 0, "ticks": ""}}, "marker": {"colorbar": {"outlinewidth": 0, "ticks": ""}}}], "scattermapbox": [{"type": "scattermapbox", "marker": {"colorbar": {"outlinewidth": 0, "ticks": ""}}}], "scatterternary": [{"type": "scatterternary", "marker": {"colorbar": {"outlinewidth": 0, "ticks": ""}}}], "scattercarpet": [{"type": "scattercarpet", "marker": {"colorbar": {"outlinewidth": 0, "ticks": ""}}}], "carpet": [{"aaxis": {"endlinecolor": "#2a3f5f", "gridcolor": "white", "linecolor": "white", "minorgridcolor": "white", "startlinecolor": "#2a3f5f"}, "baxis": {"endlinecolor": "#2a3f5f", "gridcolor": "white", "linecolor": "white", "minorgridcolor": "white", "startlinecolor": "#2a3f5f"}, "type": "carpet"}], "table": [{"cells": {"fill": {"color": "#EBF0F8"}, "line": {"color": "white"}}, "header": {"fill": {"color": "#C8D4E3"}, "line": {"color": "white"}}, "type": "table"}], "barpolar": [{"marker": {"line": {"color": "#E5ECF6", "width": 0.5}, "pattern": {"fillmode": "overlay", "size": 10, "solidity": 0.2}}, "type": "barpolar"}], "pie": [{"automargin": true, "type": "pie"}]}, "layout": {"autotypenumbers": "strict", "colorway": ["#636efa", "#EF553B", "#00cc96", "#ab63fa", "#FFA15A", "#19d3f3", "#FF6692", "#B6E880", "#FF97FF", "#FECB52"], "font": {"color": "#2a3f5f"}, "hovermode": "closest", "hoverlabel": {"align": "left"}, "paper_bgcolor": "white", "plot_bgcolor": "#E5ECF6", "polar": {"bgcolor": "#E5ECF6", "angularaxis": {"gridcolor": "white", "linecolor": "white", "ticks": ""}, "radialaxis": {"gridcolor": "white", "linecolor": "white", "ticks": ""}}, "ternary": {"bgcolor": "#E5ECF6", "aaxis": {"gridcolor": "white", "linecolor": "white", "ticks": ""}, "baxis": {"gridcolor": "white", "linecolor": "white", "ticks": ""}, "caxis": {"gridcolor": "white", "linecolor": "white", "ticks": ""}}, "coloraxis": {"colorbar": {"outlinewidth": 0, "ticks": ""}}, "colorscale": {"sequential": [[0.0, "#0d0887"], [0.1111111111111111, "#46039f"], [0.2222222222222222, "#7201a8"], [0.3333333333333333, "#9c179e"], [0.4444444444444444, "#bd3786"], [0.5555555555555556, "#d8576b"], [0.6666666666666666, "#ed7953"], [0.7777777777777778, "#fb9f3a"], [0.8888888888888888, "#fdca26"], [1.0, "#f0f921"]], "sequentialminus": [[0.0, "#0d0887"], [0.1111111111111111, "#46039f"], [0.2222222222222222, "#7201a8"], [0.3333333333333333, "#9c179e"], [0.4444444444444444, "#bd3786"], [0.5555555555555556, "#d8576b"], [0.6666666666666666, "#ed7953"], [0.7777777777777778, "#fb9f3a"], [0.8888888888888888, "#fdca26"], [1.0, "#f0f921"]], "diverging": [[0, "#8e0152"], [0.1, "#c51b7d"], [0.2, "#de77ae"], [0.3, "#f1b6da"], [0.4, "#fde0ef"], [0.5, "#f7f7f7"], [0.6, "#e6f5d0"], [0.7, "#b8e186"], [0.8, "#7fbc41"], [0.9, "#4d9221"], [1, "#276419"]]}, "xaxis": {"gridcolor": "white", "linecolor": "white", "ticks": "", "title": {"standoff": 15}, "zerolinecolor": "white", "automargin": true, "zerolinewidth": 2}, "yaxis": {"gridcolor": "white", "linecolor": "white", "ticks": "", "title": {"standoff": 15}, "zerolinecolor": "white", "automargin": true, "zerolinewidth": 2}, "scene": {"xaxis": {"backgroundcolor": "#E5ECF6", "gridcolor": "white", "linecolor": "white", "showbackground": true, "ticks": "", "zerolinecolor": "white", "gridwidth": 2}, "yaxis": {"backgroundcolor": "#E5ECF6", "gridcolor": "white", "linecolor": "white", "showbackground": true, "ticks": "", "zerolinecolor": "white", "gridwidth": 2}, "zaxis": {"backgroundcolor": "#E5ECF6", "gridcolor": "white", "linecolor": "white", "showbackground": true, "ticks": "", "zerolinecolor": "white", "gridwidth": 2}}, "shapedefaults": {"line": {"color": "#2a3f5f"}}, "annotationdefaults": {"arrowcolor": "#2a3f5f", "arrowhead": 0, "arrowwidth": 1}, "geo": {"bgcolor": "white", "landcolor": "#E5ECF6", "subunitcolor": "white", "showland": true, "showlakes": true, "lakecolor": "white"}, "title": {"x": 0.05}, "mapbox": {"style": "light"}}}}}