{"data": [{"z": [[20.365400314331055, 5.8572163581848145, -0.07307666540145874, 0.4861416220664978, 1.2915838956832886, -2.5165207386016846, -5.172542572021484, -0.3846023976802826, -0.8694208860397339, 2.2174534797668457, 8.149073600769043, -5.3920578956604, 2.4158079624176025, 0.9894850254058838, 1.590851902961731, -0.10697805881500244, -3.939619302749634, 3.5254077911376953, 0.10904645919799805, 2.7121682167053223, 0.4349944293498993], [5.8572163581848145, 22.395381927490234, 1.29702627658844, 0.9328019618988037, 2.932213544845581, 5.582559585571289, 0.627140462398529, -0.08691517263650894, -5.892963409423828, 2.5656726360321045, 3.6948935985565186, -2.858196973800659, 0.08818569034337997, 7.7378010749816895, -3.2866122722625732, 3.2193362712860107, -2.617852210998535, -2.182607650756836, -2.860872507095337, 3.256911277770996, -0.4119047224521637], [-0.07307666540145874, 1.29702627658844, 13.200482368469238, 2.7798564434051514, 0.647639811038971, 1.3764705657958984, -1.6352347135543823, -2.1196022033691406, 5.856633186340332, 1.335930347442627, 0.8846032023429871, -1.6598398685455322, -2.6352498531341553, -0.2858138084411621, 3.385270833969116, 2.151992082595825, -0.6560441255569458, -2.581137180328369, -0.8094486594200134, -1.2728683948516846, -2.47690486907959], [0.4861416220664978, 0.9328019618988037, 2.7798564434051514, 13.861189842224121, 2.072054147720337, 4.617588520050049, 0.18679384887218475, 1.792702555656433, 2.551448345184326, 2.540860414505005, -0.7833998799324036, -0.43960726261138916, 4.280827522277832, 2.5205190181732178, 0.24937200546264648, 0.0017446100246161222, 2.256194829940796, -0.7643443942070007, 1.4894416332244873, -3.124135971069336, -4.885675430297852], [1.2915838956832886, 2.932213544845581, 0.647639811038971, 2.072054147720337, 33.22419738769531, -1.5127999782562256, 0.8889440894126892, -6.200109958648682, -1.8103315830230713, -4.688208103179932, -2.068485736846924, 3.480889081954956, 7.560529708862305, 7.1176557540893555, 1.9242478609085083, 6.132828712463379, 0.20509517192840576, 0.7150187492370605, 7.742388725280762, 5.747838973999023, -9.055620193481445], [-2.5165207386016846, 5.582559585571289, 1.3764705657958984, 4.617588520050049, -1.5127999782562256, 25.672975540161133, 3.2574920654296875, 3.1116907596588135, -2.989553928375244, -3.0563127994537354, -5.031743049621582, 2.0160040855407715, -0.5010833740234375, 2.62391996383667, -9.72744083404541, 0.6364543437957764, 5.068467140197754, -3.426818370819092, -1.7702662944793701, -1.1531140804290771, -3.35581636428833], [-5.172542572021484, 0.627140462398529, -1.6352347135543823, 0.18679384887218475, 0.8889440894126892, 3.2574920654296875, 19.69978141784668, -1.0409362316131592, 0.49238675832748413, 0.21993966400623322, -1.5038342475891113, 4.932851791381836, -5.287978649139404, 2.303723096847534, 2.346177577972412, 2.970778465270996, 5.162412643432617, 2.4857277870178223, -1.1446815729141235, 1.43795645236969, 4.741772174835205], [-0.3846023976802826, -0.08691517263650894, -2.1196022033691406, 1.792702555656433, -6.200109958648682, 3.1116907596588135, -1.0409362316131592, 19.616853713989258, -1.6357663869857788, 2.098421096801758, 3.0342276096343994, 1.7131242752075195, 3.6756529808044434, -1.6127004623413086, 5.999588966369629, -3.832418918609619, 1.5369654893875122, 0.9703575372695923, -6.577017307281494, 2.5900661945343018, 1.6833341121673584], [-0.8694208860397339, -5.892963409423828, 5.856633186340332, 2.551448345184326, -1.8103315830230713, -2.989553928375244, 0.49238675832748413, -1.6357663869857788, 23.745372772216797, 11.441056251525879, 0.1932704895734787, -5.577495098114014, 0.26986151933670044, 0.6342825889587402, -1.0834342241287231, -2.065568685531616, -2.72509765625, 2.7351274490356445, 4.3993144035339355, -1.1015596389770508, 5.367560386657715], [2.2174534797668457, 2.5656726360321045, 1.335930347442627, 2.540860414505005, -4.688208103179932, -3.0563127994537354, 0.21993966400623322, 2.098421096801758, 11.441056251525879, 33.70045852661133, 4.742198467254639, -1.1087281703948975, -1.5663303136825562, 4.728026866912842, -6.868155002593994, 0.2752363979816437, -0.2659051716327667, 1.9429500102996826, 4.328068256378174, -0.18228435516357422, 6.591169357299805], [8.149073600769043, 3.6948935985565186, 0.8846032023429871, -0.7833998799324036, -2.068485736846924, -5.031743049621582, -1.5038342475891113, 3.0342276096343994, 0.1932704895734787, 4.742198467254639, 24.689287185668945, -5.037593841552734, 1.02459716796875, 2.9936249256134033, 7.040225982666016, -0.8264237642288208, -1.0108407735824585, 2.8048651218414307, 1.9282784461975098, 4.378358364105225, 4.026623249053955], [-5.3920578956604, -2.858196973800659, -1.6598398685455322, -0.43960726261138916, 3.480889081954956, 2.0160040855407715, 4.932851791381836, 1.7131242752075195, -5.577495098114014, -1.1087281703948975, -5.037593841552734, 20.783527374267578, -2.0217578411102295, -1.422271728515625, 7.854251861572266, 6.263155460357666, 6.609152793884277, 0.16250061988830566, 4.095592498779297, 4.03377103805542, -2.8058934211730957], [2.4158079624176025, 0.08818569034337997, -2.6352498531341553, 4.280827522277832, 7.560529708862305, -0.5010833740234375, -5.287978649139404, 3.6756529808044434, 0.26986151933670044, -1.5663303136825562, 1.02459716796875, -2.0217578411102295, 23.576679229736328, -1.6029621362686157, -2.891270637512207, 4.732893466949463, -2.051476001739502, -4.559927463531494, 3.14253830909729, -2.3124959468841553, -0.13643208146095276], [0.9894850254058838, 7.7378010749816895, -0.2858138084411621, 2.5205190181732178, 7.1176557540893555, 2.62391996383667, 2.303723096847534, -1.6127004623413086, 0.6342825889587402, 4.728026866912842, 2.9936249256134033, -1.422271728515625, -1.6029621362686157, 23.404447555541992, -6.4047698974609375, 0.3434925377368927, 2.7341885566711426, -1.203613042831421, 3.4214253425598145, 4.625049591064453, -0.3531089425086975], [1.590851902961731, -3.2866122722625732, 3.385270833969116, 0.24937200546264648, 1.9242478609085083, -9.72744083404541, 2.346177577972412, 5.999588966369629, -1.0834342241287231, -6.868155002593994, 7.040225982666016, 7.854251861572266, -2.891270637512207, -6.4047698974609375, 26.58728790283203, 2.0427358150482178, 1.4986588954925537, 3.3022701740264893, -3.0381531715393066, 3.753779411315918, -2.2885701656341553], [-0.10697805881500244, 3.2193362712860107, 2.151992082595825, 0.0017446100246161222, 6.132828712463379, 0.6364543437957764, 2.970778465270996, -3.832418918609619, -2.065568685531616, 0.2752363979816437, -0.8264237642288208, 6.263155460357666, 4.732893466949463, 0.3434925377368927, 2.0427358150482178, 20.820159912109375, 4.0436882972717285, -2.8181207180023193, -3.916562557220459, 2.473625421524048, 1.847270131111145], [-3.9396190643310547, -2.617851495742798, -0.6560441851615906, 2.256194829940796, 0.20509490370750427, 5.068467617034912, 5.162412166595459, 1.5369656085968018, -2.725097894668579, -0.26590511202812195, -1.0108407735824585, 6.609152793884277, -2.051476001739502, 2.7341887950897217, 1.4986597299575806, 4.0436882972717285, 16.725257873535156, 2.825167655944824, 0.22640037536621094, 1.124656319618225, -0.17448049783706665], [3.5254077911376953, -2.182607889175415, -2.58113694190979, -0.7643442749977112, 0.7150189876556396, -3.4268181324005127, 2.4857285022735596, 0.970357358455658, 2.7351274490356445, 1.9429502487182617, 2.8048644065856934, 0.1625005006790161, -4.559926986694336, -1.2036129236221313, 3.3022701740264893, -2.8181211948394775, 2.825167655944824, 21.49834442138672, 4.379032135009766, -1.6359691619873047, -2.029076337814331], [0.10904646664857864, -2.860872507095337, -0.809448778629303, 1.4894415140151978, 7.742388725280762, -1.7702667713165283, -1.1446810960769653, -6.577016353607178, 4.3993144035339355, 4.328068733215332, 1.928277850151062, 4.095592975616455, 3.142538547515869, 3.421424627304077, -3.0381531715393066, -3.916563034057617, 0.22640037536621094, 4.379032135009766, 24.16986656188965, -0.5104296207427979, 1.7004125118255615], [2.7121684551239014, 3.256911516189575, -1.2728683948516846, -3.1241366863250732, 5.74783992767334, -1.1531141996383667, 1.4379568099975586, 2.5900657176971436, -1.1015598773956299, -0.18228501081466675, 4.378358364105225, 4.033770561218262, -2.3124959468841553, 4.625050067901611, 3.753779888153076, 2.473625421524048, 1.124656319618225, -1.6359691619873047, -0.5104296207427979, 21.142498016357422, -3.6655993461608887], [0.4349944591522217, -0.4119054079055786, -2.47690486907959, -4.885675430297852, -9.055620193481445, -3.35581636428833, 4.741771697998047, 1.6833338737487793, 5.367559432983398, 6.591169357299805, 4.026623725891113, -2.8058931827545166, -0.13643217086791992, -0.3531089425086975, -2.288569927215576, 1.847269892692566, -0.17448043823242188, -2.029076337814331, 1.7004125118255615, -3.665599822998047, 22.918807983398438]], "type": "heatmap"}], "layout": {"template": {"data": {"histogram2dcontour": [{"type": "histogram2dcontour", "colorbar": {"outlinewidth": 0, "ticks": ""}, "colorscale": [[0.0, "#0d0887"], [0.1111111111111111, "#46039f"], [0.2222222222222222, "#7201a8"], [0.3333333333333333, "#9c179e"], [0.4444444444444444, "#bd3786"], [0.5555555555555556, "#d8576b"], [0.6666666666666666, "#ed7953"], [0.7777777777777778, "#fb9f3a"], [0.8888888888888888, "#fdca26"], [1.0, "#f0f921"]]}], "choropleth": [{"type": "choropleth", "colorbar": {"outlinewidth": 0, "ticks": ""}}], "histogram2d": [{"type": "histogram2d", "colorbar": {"outlinewidth": 0, "ticks": ""}, "colorscale": [[0.0, "#0d0887"], [0.1111111111111111, "#46039f"], [0.2222222222222222, "#7201a8"], [0.3333333333333333, "#9c179e"], [0.4444444444444444, "#bd3786"], [0.5555555555555556, "#d8576b"], [0.6666666666666666, "#ed7953"], [0.7777777777777778, "#fb9f3a"], [0.8888888888888888, "#fdca26"], [1.0, "#f0f921"]]}], "heatmap": [{"type": "heatmap", "colorbar": {"outlinewidth": 0, "ticks": ""}, "colorscale": [[0.0, "#0d0887"], [0.1111111111111111, "#46039f"], [0.2222222222222222, "#7201a8"], [0.3333333333333333, "#9c179e"], [0.4444444444444444, "#bd3786"], [0.5555555555555556, "#d8576b"], [0.6666666666666666, "#ed7953"], [0.7777777777777778, "#fb9f3a"], [0.8888888888888888, "#fdca26"], [1.0, "#f0f921"]]}], "heatmapgl": [{"type": "heatmapgl", "colorbar": {"outlinewidth": 0, "ticks": ""}, "colorscale": [[0.0, "#0d0887"], [0.1111111111111111, "#46039f"], [0.2222222222222222, "#7201a8"], [0.3333333333333333, "#9c179e"], [0.4444444444444444, "#bd3786"], [0.5555555555555556, "#d8576b"], [0.6666666666666666, "#ed7953"], [0.7777777777777778, "#fb9f3a"], [0.8888888888888888, "#fdca26"], [1.0, "#f0f921"]]}], "contourcarpet": [{"type": "contourcarpet", "colorbar": {"outlinewidth": 0, "ticks": ""}}], "contour": [{"type": "contour", "colorbar": {"outlinewidth": 0, "ticks": ""}, "colorscale": [[0.0, "#0d0887"], [0.1111111111111111, "#46039f"], [0.2222222222222222, "#7201a8"], [0.3333333333333333, "#9c179e"], [0.4444444444444444, "#bd3786"], [0.5555555555555556, "#d8576b"], [0.6666666666666666, "#ed7953"], [0.7777777777777778, "#fb9f3a"], [0.8888888888888888, "#fdca26"], [1.0, "#f0f921"]]}], "surface": [{"type": "surface", "colorbar": {"outlinewidth": 0, "ticks": ""}, "colorscale": [[0.0, "#0d0887"], [0.1111111111111111, "#46039f"], [0.2222222222222222, "#7201a8"], [0.3333333333333333, "#9c179e"], [0.4444444444444444, "#bd3786"], [0.5555555555555556, "#d8576b"], [0.6666666666666666, "#ed7953"], [0.7777777777777778, "#fb9f3a"], [0.8888888888888888, "#fdca26"], [1.0, "#f0f921"]]}], "mesh3d": [{"type": "mesh3d", "colorbar": {"outlinewidth": 0, "ticks": ""}}], "scatter": [{"fillpattern": {"fillmode": "overlay", "size": 10, "solidity": 0.2}, "type": "scatter"}], "parcoords": [{"type": "parcoords", "line": {"colorbar": {"outlinewidth": 0, "ticks": ""}}}], "scatterpolargl": [{"type": "scatterpolargl", "marker": {"colorbar": {"outlinewidth": 0, "ticks": ""}}}], "bar": [{"error_x": {"color": "#2a3f5f"}, "error_y": {"color": "#2a3f5f"}, "marker": {"line": {"color": "#E5ECF6", "width": 0.5}, "pattern": {"fillmode": "overlay", "size": 10, "solidity": 0.2}}, "type": "bar"}], "scattergeo": [{"type": "scattergeo", "marker": {"colorbar": {"outlinewidth": 0, "ticks": ""}}}], "scatterpolar": [{"type": "scatterpolar", "marker": {"colorbar": {"outlinewidth": 0, "ticks": ""}}}], "histogram": [{"marker": {"pattern": {"fillmode": "overlay", "size": 10, "solidity": 0.2}}, "type": "histogram"}], "scattergl": [{"type": "scattergl", "marker": {"colorbar": {"outlinewidth": 0, "ticks": ""}}}], "scatter3d": [{"type": "scatter3d", "line": {"colorbar": {"outlinewidth": 0, "ticks": ""}}, "marker": {"colorbar": {"outlinewidth": 0, "ticks": ""}}}], "scattermapbox": [{"type": "scattermapbox", "marker": {"colorbar": {"outlinewidth": 0, "ticks": ""}}}], "scatterternary": [{"type": "scatterternary", "marker": {"colorbar": {"outlinewidth": 0, "ticks": ""}}}], "scattercarpet": [{"type": "scattercarpet", "marker": {"colorbar": {"outlinewidth": 0, "ticks": ""}}}], "carpet": [{"aaxis": {"endlinecolor": "#2a3f5f", "gridcolor": "white", "linecolor": "white", "minorgridcolor": "white", "startlinecolor": "#2a3f5f"}, "baxis": {"endlinecolor": "#2a3f5f", "gridcolor": "white", "linecolor": "white", "minorgridcolor": "white", "startlinecolor": "#2a3f5f"}, "type": "carpet"}], "table": [{"cells": {"fill": {"color": "#EBF0F8"}, "line": {"color": "white"}}, "header": {"fill": {"color": "#C8D4E3"}, "line": {"color": "white"}}, "type": "table"}], "barpolar": [{"marker": {"line": {"color": "#E5ECF6", "width": 0.5}, "pattern": {"fillmode": "overlay", "size": 10, "solidity": 0.2}}, "type": "barpolar"}], "pie": [{"automargin": true, "type": "pie"}]}, "layout": {"autotypenumbers": "strict", "colorway": ["#636efa", "#EF553B", "#00cc96", "#ab63fa", "#FFA15A", "#19d3f3", "#FF6692", "#B6E880", "#FF97FF", "#FECB52"], "font": {"color": "#2a3f5f"}, "hovermode": "closest", "hoverlabel": {"align": "left"}, "paper_bgcolor": "white", "plot_bgcolor": "#E5ECF6", "polar": {"bgcolor": "#E5ECF6", "angularaxis": {"gridcolor": "white", "linecolor": "white", "ticks": ""}, "radialaxis": {"gridcolor": "white", "linecolor": "white", "ticks": ""}}, "ternary": {"bgcolor": "#E5ECF6", "aaxis": {"gridcolor": "white", "linecolor": "white", "ticks": ""}, "baxis": {"gridcolor": "white", "linecolor": "white", "ticks": ""}, "caxis": {"gridcolor": "white", "linecolor": "white", "ticks": ""}}, "coloraxis": {"colorbar": {"outlinewidth": 0, "ticks": ""}}, "colorscale": {"sequential": [[0.0, "#0d0887"], [0.1111111111111111, "#46039f"], [0.2222222222222222, "#7201a8"], [0.3333333333333333, "#9c179e"], [0.4444444444444444, "#bd3786"], [0.5555555555555556, "#d8576b"], [0.6666666666666666, "#ed7953"], [0.7777777777777778, "#fb9f3a"], [0.8888888888888888, "#fdca26"], [1.0, "#f0f921"]], "sequentialminus": [[0.0, "#0d0887"], [0.1111111111111111, "#46039f"], [0.2222222222222222, "#7201a8"], [0.3333333333333333, "#9c179e"], [0.4444444444444444, "#bd3786"], [0.5555555555555556, "#d8576b"], [0.6666666666666666, "#ed7953"], [0.7777777777777778, "#fb9f3a"], [0.8888888888888888, "#fdca26"], [1.0, "#f0f921"]], "diverging": [[0, "#8e0152"], [0.1, "#c51b7d"], [0.2, "#de77ae"], [0.3, "#f1b6da"], [0.4, "#fde0ef"], [0.5, "#f7f7f7"], [0.6, "#e6f5d0"], [0.7, "#b8e186"], [0.8, "#7fbc41"], [0.9, "#4d9221"], [1, "#276419"]]}, "xaxis": {"gridcolor": "white", "linecolor": "white", "ticks": "", "title": {"standoff": 15}, "zerolinecolor": "white", "automargin": true, "zerolinewidth": 2}, "yaxis": {"gridcolor": "white", "linecolor": "white", "ticks": "", "title": {"standoff": 15}, "zerolinecolor": "white", "automargin": true, "zerolinewidth": 2}, "scene": {"xaxis": {"backgroundcolor": "#E5ECF6", "gridcolor": "white", "linecolor": "white", "showbackground": true, "ticks": "", "zerolinecolor": "white", "gridwidth": 2}, "yaxis": {"backgroundcolor": "#E5ECF6", "gridcolor": "white", "linecolor": "white", "showbackground": true, "ticks": "", "zerolinecolor": "white", "gridwidth": 2}, "zaxis": {"backgroundcolor": "#E5ECF6", "gridcolor": "white", "linecolor": "white", "showbackground": true, "ticks": "", "zerolinecolor": "white", "gridwidth": 2}}, "shapedefaults": {"line": {"color": "#2a3f5f"}}, "annotationdefaults": {"arrowcolor": "#2a3f5f", "arrowhead": 0, "arrowwidth": 1}, "geo": {"bgcolor": "white", "landcolor": "#E5ECF6", "subunitcolor": "white", "showland": true, "showlakes": true, "lakecolor": "white"}, "title": {"x": 0.05}, "mapbox": {"style": "light"}}}}}