{"data": [{"z": [[20.652006149291992, 5.637490749359131, -0.29276785254478455, 0.0813632532954216, 1.0012099742889404, -3.021745204925537, -5.67112922668457, -0.6562777161598206, -1.1110860109329224, 2.001056671142578, 8.11617374420166, -5.8835554122924805, 2.2216763496398926, 0.6168612241744995, 1.5244014263153076, -0.3029380142688751, -4.295565128326416, 3.4578657150268555, -0.18051981925964355, 2.488846778869629, 0.4996311068534851], [5.637490749359131, 22.816234588623047, 1.1555616855621338, 0.5187626481056213, 2.8632991313934326, 5.336484909057617, 0.3791176378726959, -0.38529425859451294, -6.528607368469238, 2.337158679962158, 3.578608751296997, -3.150394916534424, -0.20364665985107422, 7.6847381591796875, -3.54823899269104, 3.1648685932159424, -2.8525283336639404, -2.4541268348693848, -3.249769926071167, 2.944659948348999, -0.36453521251678467], [-0.29276785254478455, 1.1555616855621338, 13.384406089782715, 2.771916389465332, 0.5845997333526611, 1.248227834701538, -1.8329038619995117, -2.3940229415893555, 5.981974124908447, 1.258280873298645, 0.6430208086967468, -1.8187013864517212, -2.8941938877105713, -0.48180103302001953, 3.414731025695801, 2.055497407913208, -0.8202145099639893, -2.742241144180298, -0.9860488176345825, -1.5170602798461914, -2.5536742210388184], [0.0813632532954216, 0.5187626481056213, 2.771916389465332, 13.942020416259766, 1.9425047636032104, 4.447057247161865, -0.11388556659221649, 1.5606110095977783, 2.431392192840576, 2.3791415691375732, -1.1658074855804443, -0.7902756333351135, 4.024656295776367, 2.3696048259735107, 0.03010639175772667, -0.4047704041004181, 2.0565884113311768, -0.9325535297393799, 1.298793077468872, -3.5895752906799316, -5.012979507446289], [1.0012099742889404, 2.8632991313934326, 0.5845997333526611, 1.9425047636032104, 33.85744094848633, -1.613318681716919, 0.7186126708984375, -6.438567161560059, -1.9431027173995972, -4.848450660705566, -2.249499797821045, 3.4116153717041016, 7.623556613922119, 7.183126449584961, 1.7182568311691284, 6.1280903816223145, 0.0658348798751831, 0.5685441493988037, 7.799497604370117, 5.7513108253479, -9.154062271118164], [-3.021745204925537, 5.336484909057617, 1.248227834701538, 4.447057247161865, -1.613318681716919, 26.14239501953125, 3.0064518451690674, 2.8247909545898438, -3.398754119873047, -3.315833568572998, -5.4278669357299805, 1.8246654272079468, -0.9063569903373718, 2.52934193611145, -10.376498222351074, 0.29642021656036377, 5.088979721069336, -3.8190860748291016, -1.8384113311767578, -1.4268310070037842, -3.4252238273620605], [-5.67112922668457, 0.3791176378726959, -1.8329038619995117, -0.11388556659221649, 0.7186126708984375, 3.0064518451690674, 20.105316162109375, -1.4162315130233765, 0.3941402733325958, 0.030479567125439644, -1.799478530883789, 4.894667148590088, -5.827804088592529, 2.0938169956207275, 2.2398526668548584, 2.826042890548706, 5.1736741065979, 2.3919246196746826, -1.4916832447052002, 1.206089973449707, 4.79367733001709], [-0.6562777161598206, -0.38529425859451294, -2.3940229415893555, 1.5606110095977783, -6.438567161560059, 2.8247909545898438, -1.4162315130233765, 19.965991973876953, -1.8918654918670654, 1.973832368850708, 3.0878615379333496, 1.4014039039611816, 3.596975803375244, -1.7993601560592651, 6.037858963012695, -4.3032026290893555, 1.4898362159729004, 0.9361028671264648, -6.894721031188965, 2.3850936889648438, 1.6788653135299683], [-1.1110860109329224, -6.528607368469238, 5.981974124908447, 2.431392192840576, -1.9431027173995972, -3.398754119873047, 0.3941402733325958, -1.8918654918670654, 24.393381118774414, 11.745315551757812, -0.21195296943187714, -5.925410747528076, 0.0006702663959003985, 0.41954153776168823, -1.2838449478149414, -2.3688693046569824, -3.0105137825012207, 2.772693634033203, 4.313024997711182, -1.4688169956207275, 5.363174915313721], [2.001056671142578, 2.337158679962158, 1.258280873298645, 2.3791415691375732, -4.848450660705566, -3.315833568572998, 0.030479567125439644, 1.973832368850708, 11.745315551757812, 34.57175827026367, 4.649247646331787, -1.3369208574295044, -1.660240888595581, 4.750423908233643, -7.399952411651611, 0.12173015624284744, -0.3283133804798126, 1.9037857055664062, 4.38129186630249, -0.47945117950439453, 6.660519123077393], [8.11617374420166, 3.578608751296997, 0.6430208086967468, -1.1658074855804443, -2.249499797821045, -5.4278669357299805, -1.799478530883789, 3.0878615379333496, -0.21195296943187714, 4.649247646331787, 25.51126480102539, -5.396332740783691, 0.9128766059875488, 2.736553430557251, 7.1473917961120605, -1.0928770303726196, -1.114441156387329, 2.7046189308166504, 1.8427164554595947, 4.463833332061768, 4.129732608795166], [-5.8835554122924805, -3.150394916534424, -1.8187013864517212, -0.7902756333351135, 3.4116153717041016, 1.8246654272079468, 4.894667148590088, 1.4014039039611816, -5.925410747528076, -1.3369208574295044, -5.396332740783691, 21.14780044555664, -2.403869152069092, -1.6610941886901855, 7.849535942077637, 6.247100353240967, 6.633330821990967, -0.17783641815185547, 3.9294300079345703, 3.9255967140197754, -2.8357126712799072], [2.2216763496398926, -0.20364665985107422, -2.8941938877105713, 4.024656295776367, 7.623556613922119, -0.9063569903373718, -5.827804088592529, 3.596975803375244, 0.0006702663959003985, -1.660240888595581, 0.9128766059875488, -2.403869152069092, 23.99418067932129, -1.8484623432159424, -3.2605388164520264, 4.579819202423096, -2.3112435340881348, -4.844974994659424, 3.059939384460449, -2.6737382411956787, -0.06625297665596008], [0.6168612241744995, 7.6847381591796875, -0.48180103302001953, 2.3696048259735107, 7.183126449584961, 2.52934193611145, 2.0938169956207275, -1.7993601560592651, 0.41954153776168823, 4.750423908233643, 2.736553430557251, -1.6610941886901855, -1.8484623432159424, 23.72481918334961, -6.873785495758057, 0.08501386642456055, 2.691558599472046, -1.4272520542144775, 3.2674942016601562, 4.473400115966797, -0.4013391137123108], [1.5244014263153076, -3.54823899269104, 3.414731025695801, 0.03010639175772667, 1.7182568311691284, -10.376498222351074, 2.2398526668548584, 6.037858963012695, -1.2838449478149414, -7.399952411651611, 7.1473917961120605, 7.849535942077637, -3.2605388164520264, -6.873785495758057, 27.316991806030273, 1.9256552457809448, 1.2825226783752441, 3.198392152786255, -3.446932077407837, 3.7609517574310303, -2.308995485305786], [-0.3029380142688751, 3.1648685932159424, 2.055497407913208, -0.4047704041004181, 6.1280903816223145, 0.29642021656036377, 2.826042890548706, -4.3032026290893555, -2.3688693046569824, 0.12173015624284744, -1.0928770303726196, 6.247100353240967, 4.579819202423096, 0.08501386642456055, 1.9256552457809448, 21.201862335205078, 3.9068586826324463, -3.0583133697509766, -4.304254055023193, 2.2416579723358154, 1.9781609773635864], [-4.295565128326416, -2.852529525756836, -0.8202144503593445, 2.0565884113311768, 0.06583435833454132, 5.088979721069336, 5.173674583435059, 1.4898364543914795, -3.0105137825012207, -0.3283129632472992, -1.1144417524337769, 6.633331298828125, -2.311243772506714, 2.691558837890625, 1.282522439956665, 3.906858205795288, 17.02699851989746, 2.8399248123168945, 0.1076960563659668, 0.9822353720664978, -0.14651358127593994], [3.4578652381896973, -2.4541263580322266, -2.7422406673431396, -0.9325534105300903, 0.5685439705848694, -3.819086790084839, 2.391925096511841, 0.936103105545044, 2.772693395614624, 1.9037857055664062, 2.7046191692352295, -0.17783647775650024, -4.844974040985107, -1.4272522926330566, 3.198392152786255, -3.0583138465881348, 2.8399248123168945, 22.214351654052734, 4.321732997894287, -1.9926742315292358, -2.022738456726074], [-0.18051955103874207, -3.249770164489746, -0.9860485792160034, 1.2987933158874512, 7.799497604370117, -1.8384116888046265, -1.4916832447052002, -6.894720554351807, 4.31302547454834, 4.38129186630249, 1.8427162170410156, 3.9294302463531494, 3.059939384460449, 3.2674946784973145, -3.446932554244995, -4.304254055023193, 0.1076960563659668, 4.321732997894287, 24.700592041015625, -0.7509703040122986, 1.6452614068984985], [2.48884654045105, 2.944660186767578, -1.5170600414276123, -3.589576005935669, 5.751309871673584, -1.426831841468811, 1.2060896158218384, 2.3850929737091064, -1.4688172340393066, -0.47945207357406616, 4.463832855224609, 3.9255967140197754, -2.6737382411956787, 4.473400592803955, 3.7609519958496094, 2.2416582107543945, 0.9822353720664978, -1.9926742315292358, -0.7509703040122986, 21.575679779052734, -3.6981403827667236], [0.4996306896209717, -0.36453521251678467, -2.5536746978759766, -5.012979984283447, -9.154062271118164, -3.4252233505249023, 4.793677806854248, 1.6788654327392578, 5.363174915313721, 6.660519599914551, 4.129732608795166, -2.8357129096984863, -0.066253662109375, -0.40133923292160034, -2.3089957237243652, 1.9781603813171387, -0.14651358127593994, -2.022738456726074, 1.6452617645263672, -3.6981399059295654, 22.918807983398438]], "type": "heatmap"}], "layout": {"template": {"data": {"histogram2dcontour": [{"type": "histogram2dcontour", "colorbar": {"outlinewidth": 0, "ticks": ""}, "colorscale": [[0.0, "#0d0887"], [0.1111111111111111, "#46039f"], [0.2222222222222222, "#7201a8"], [0.3333333333333333, "#9c179e"], [0.4444444444444444, "#bd3786"], [0.5555555555555556, "#d8576b"], [0.6666666666666666, "#ed7953"], [0.7777777777777778, "#fb9f3a"], [0.8888888888888888, "#fdca26"], [1.0, "#f0f921"]]}], "choropleth": [{"type": "choropleth", "colorbar": {"outlinewidth": 0, "ticks": ""}}], "histogram2d": [{"type": "histogram2d", "colorbar": {"outlinewidth": 0, "ticks": ""}, "colorscale": [[0.0, "#0d0887"], [0.1111111111111111, "#46039f"], [0.2222222222222222, "#7201a8"], [0.3333333333333333, "#9c179e"], [0.4444444444444444, "#bd3786"], [0.5555555555555556, "#d8576b"], [0.6666666666666666, "#ed7953"], [0.7777777777777778, "#fb9f3a"], [0.8888888888888888, "#fdca26"], [1.0, "#f0f921"]]}], "heatmap": [{"type": "heatmap", "colorbar": {"outlinewidth": 0, "ticks": ""}, "colorscale": [[0.0, "#0d0887"], [0.1111111111111111, "#46039f"], [0.2222222222222222, "#7201a8"], [0.3333333333333333, "#9c179e"], [0.4444444444444444, "#bd3786"], [0.5555555555555556, "#d8576b"], [0.6666666666666666, "#ed7953"], [0.7777777777777778, "#fb9f3a"], [0.8888888888888888, "#fdca26"], [1.0, "#f0f921"]]}], "heatmapgl": [{"type": "heatmapgl", "colorbar": {"outlinewidth": 0, "ticks": ""}, "colorscale": [[0.0, "#0d0887"], [0.1111111111111111, "#46039f"], [0.2222222222222222, "#7201a8"], [0.3333333333333333, "#9c179e"], [0.4444444444444444, "#bd3786"], [0.5555555555555556, "#d8576b"], [0.6666666666666666, "#ed7953"], [0.7777777777777778, "#fb9f3a"], [0.8888888888888888, "#fdca26"], [1.0, "#f0f921"]]}], "contourcarpet": [{"type": "contourcarpet", "colorbar": {"outlinewidth": 0, "ticks": ""}}], "contour": [{"type": "contour", "colorbar": {"outlinewidth": 0, "ticks": ""}, "colorscale": [[0.0, "#0d0887"], [0.1111111111111111, "#46039f"], [0.2222222222222222, "#7201a8"], [0.3333333333333333, "#9c179e"], [0.4444444444444444, "#bd3786"], [0.5555555555555556, "#d8576b"], [0.6666666666666666, "#ed7953"], [0.7777777777777778, "#fb9f3a"], [0.8888888888888888, "#fdca26"], [1.0, "#f0f921"]]}], "surface": [{"type": "surface", "colorbar": {"outlinewidth": 0, "ticks": ""}, "colorscale": [[0.0, "#0d0887"], [0.1111111111111111, "#46039f"], [0.2222222222222222, "#7201a8"], [0.3333333333333333, "#9c179e"], [0.4444444444444444, "#bd3786"], [0.5555555555555556, "#d8576b"], [0.6666666666666666, "#ed7953"], [0.7777777777777778, "#fb9f3a"], [0.8888888888888888, "#fdca26"], [1.0, "#f0f921"]]}], "mesh3d": [{"type": "mesh3d", "colorbar": {"outlinewidth": 0, "ticks": ""}}], "scatter": [{"fillpattern": {"fillmode": "overlay", "size": 10, "solidity": 0.2}, "type": "scatter"}], "parcoords": [{"type": "parcoords", "line": {"colorbar": {"outlinewidth": 0, "ticks": ""}}}], "scatterpolargl": [{"type": "scatterpolargl", "marker": {"colorbar": {"outlinewidth": 0, "ticks": ""}}}], "bar": [{"error_x": {"color": "#2a3f5f"}, "error_y": {"color": "#2a3f5f"}, "marker": {"line": {"color": "#E5ECF6", "width": 0.5}, "pattern": {"fillmode": "overlay", "size": 10, "solidity": 0.2}}, "type": "bar"}], "scattergeo": [{"type": "scattergeo", "marker": {"colorbar": {"outlinewidth": 0, "ticks": ""}}}], "scatterpolar": [{"type": "scatterpolar", "marker": {"colorbar": {"outlinewidth": 0, "ticks": ""}}}], "histogram": [{"marker": {"pattern": {"fillmode": "overlay", "size": 10, "solidity": 0.2}}, "type": "histogram"}], "scattergl": [{"type": "scattergl", "marker": {"colorbar": {"outlinewidth": 0, "ticks": ""}}}], "scatter3d": [{"type": "scatter3d", "line": {"colorbar": {"outlinewidth": 0, "ticks": ""}}, "marker": {"colorbar": {"outlinewidth": 0, "ticks": ""}}}], "scattermapbox": [{"type": "scattermapbox", "marker": {"colorbar": {"outlinewidth": 0, "ticks": ""}}}], "scatterternary": [{"type": "scatterternary", "marker": {"colorbar": {"outlinewidth": 0, "ticks": ""}}}], "scattercarpet": [{"type": "scattercarpet", "marker": {"colorbar": {"outlinewidth": 0, "ticks": ""}}}], "carpet": [{"aaxis": {"endlinecolor": "#2a3f5f", "gridcolor": "white", "linecolor": "white", "minorgridcolor": "white", "startlinecolor": "#2a3f5f"}, "baxis": {"endlinecolor": "#2a3f5f", "gridcolor": "white", "linecolor": "white", "minorgridcolor": "white", "startlinecolor": "#2a3f5f"}, "type": "carpet"}], "table": [{"cells": {"fill": {"color": "#EBF0F8"}, "line": {"color": "white"}}, "header": {"fill": {"color": "#C8D4E3"}, "line": {"color": "white"}}, "type": "table"}], "barpolar": [{"marker": {"line": {"color": "#E5ECF6", "width": 0.5}, "pattern": {"fillmode": "overlay", "size": 10, "solidity": 0.2}}, "type": "barpolar"}], "pie": [{"automargin": true, "type": "pie"}]}, "layout": {"autotypenumbers": "strict", "colorway": ["#636efa", "#EF553B", "#00cc96", "#ab63fa", "#FFA15A", "#19d3f3", "#FF6692", "#B6E880", "#FF97FF", "#FECB52"], "font": {"color": "#2a3f5f"}, "hovermode": "closest", "hoverlabel": {"align": "left"}, "paper_bgcolor": "white", "plot_bgcolor": "#E5ECF6", "polar": {"bgcolor": "#E5ECF6", "angularaxis": {"gridcolor": "white", "linecolor": "white", "ticks": ""}, "radialaxis": {"gridcolor": "white", "linecolor": "white", "ticks": ""}}, "ternary": {"bgcolor": "#E5ECF6", "aaxis": {"gridcolor": "white", "linecolor": "white", "ticks": ""}, "baxis": {"gridcolor": "white", "linecolor": "white", "ticks": ""}, "caxis": {"gridcolor": "white", "linecolor": "white", "ticks": ""}}, "coloraxis": {"colorbar": {"outlinewidth": 0, "ticks": ""}}, "colorscale": {"sequential": [[0.0, "#0d0887"], [0.1111111111111111, "#46039f"], [0.2222222222222222, "#7201a8"], [0.3333333333333333, "#9c179e"], [0.4444444444444444, "#bd3786"], [0.5555555555555556, "#d8576b"], [0.6666666666666666, "#ed7953"], [0.7777777777777778, "#fb9f3a"], [0.8888888888888888, "#fdca26"], [1.0, "#f0f921"]], "sequentialminus": [[0.0, "#0d0887"], [0.1111111111111111, "#46039f"], [0.2222222222222222, "#7201a8"], [0.3333333333333333, "#9c179e"], [0.4444444444444444, "#bd3786"], [0.5555555555555556, "#d8576b"], [0.6666666666666666, "#ed7953"], [0.7777777777777778, "#fb9f3a"], [0.8888888888888888, "#fdca26"], [1.0, "#f0f921"]], "diverging": [[0, "#8e0152"], [0.1, "#c51b7d"], [0.2, "#de77ae"], [0.3, "#f1b6da"], [0.4, "#fde0ef"], [0.5, "#f7f7f7"], [0.6, "#e6f5d0"], [0.7, "#b8e186"], [0.8, "#7fbc41"], [0.9, "#4d9221"], [1, "#276419"]]}, "xaxis": {"gridcolor": "white", "linecolor": "white", "ticks": "", "title": {"standoff": 15}, "zerolinecolor": "white", "automargin": true, "zerolinewidth": 2}, "yaxis": {"gridcolor": "white", "linecolor": "white", "ticks": "", "title": {"standoff": 15}, "zerolinecolor": "white", "automargin": true, "zerolinewidth": 2}, "scene": {"xaxis": {"backgroundcolor": "#E5ECF6", "gridcolor": "white", "linecolor": "white", "showbackground": true, "ticks": "", "zerolinecolor": "white", "gridwidth": 2}, "yaxis": {"backgroundcolor": "#E5ECF6", "gridcolor": "white", "linecolor": "white", "showbackground": true, "ticks": "", "zerolinecolor": "white", "gridwidth": 2}, "zaxis": {"backgroundcolor": "#E5ECF6", "gridcolor": "white", "linecolor": "white", "showbackground": true, "ticks": "", "zerolinecolor": "white", "gridwidth": 2}}, "shapedefaults": {"line": {"color": "#2a3f5f"}}, "annotationdefaults": {"arrowcolor": "#2a3f5f", "arrowhead": 0, "arrowwidth": 1}, "geo": {"bgcolor": "white", "landcolor": "#E5ECF6", "subunitcolor": "white", "showland": true, "showlakes": true, "lakecolor": "white"}, "title": {"x": 0.05}, "mapbox": {"style": "light"}}}}}