{"data": [{"z": [[20.915597915649414, 5.627969741821289, -0.4432879686355591, -0.15244686603546143, 0.8930196166038513, -3.2441930770874023, -5.913961887359619, -0.7381874918937683, -1.196062684059143, 1.9787153005599976, 8.21324348449707, -6.127557277679443, 2.1364080905914307, 0.4951668977737427, 1.5601609945297241, -0.35198134183883667, -4.439297199249268, 3.477513313293457, -0.28652262687683105, 2.3594655990600586, 0.5658524036407471], [5.627969741821289, 23.015077590942383, 1.0072612762451172, 0.2984864115715027, 2.8506531715393066, 5.255458831787109, 0.1950608789920807, -0.49781912565231323, -6.781054973602295, 2.2753312587738037, 3.545258045196533, -3.3710381984710693, -0.42287689447402954, 7.683383464813232, -3.6861157417297363, 3.2072296142578125, -2.9892148971557617, -2.5542426109313965, -3.525214195251465, 2.7694239616394043, -0.31721723079681396], [-0.4432879686355591, 1.0072612762451172, 13.508600234985352, 2.7763619422912598, 0.5227360725402832, 1.1631094217300415, -1.959845781326294, -2.578958749771118, 6.082338333129883, 1.146303653717041, 0.45857614278793335, -1.945684790611267, -3.173455238342285, -0.5877870321273804, 3.4320478439331055, 2.030423164367676, -0.9223692417144775, -2.7902348041534424, -1.1292753219604492, -1.6901135444641113, -2.6288647651672363], [-0.15244686603546143, 0.2984864115715027, 2.7763619422912598, 14.090450286865234, 1.903515100479126, 4.4205217361450195, -0.3335048258304596, 1.5179539918899536, 2.4320316314697266, 2.2484567165374756, -1.3383097648620605, -0.999930202960968, 3.816732406616211, 2.293550491333008, -0.029929988086223602, -0.6211273670196533, 2.017244577407837, -0.9339743256568909, 1.153502106666565, -3.815530776977539, -5.159241676330566], [0.8930196166038513, 2.8506531715393066, 0.5227360725402832, 1.903515100479126, 34.29857635498047, -1.5556801557540894, 0.5917017459869385, -6.473850727081299, -1.94527268409729, -4.899806022644043, -2.2283196449279785, 3.3824992179870605, 7.711733818054199, 7.278022766113281, 1.6382646560668945, 6.2328033447265625, 0.06222796440124512, 0.5738644599914551, 7.8769354820251465, 5.845974445343018, -9.208600997924805], [-3.2441930770874023, 5.255458831787109, 1.1631094217300415, 4.4205217361450195, -1.5556801557540894, 26.520708084106445, 2.900545835494995, 2.787398099899292, -3.578275680541992, -3.4325456619262695, -5.540383815765381, 1.7771542072296143, -1.1106305122375488, 2.5658936500549316, -10.636740684509277, 0.2254045158624649, 5.167205333709717, -3.9287331104278564, -1.8859479427337646, -1.5003163814544678, -3.4700419902801514], [-5.913961887359619, 0.1950608789920807, -1.959845781326294, -0.3335048258304596, 0.5917017459869385, 2.900545835494995, 20.344263076782227, -1.4979000091552734, 0.3909950852394104, -0.042548760771751404, -1.9116755723953247, 4.852999687194824, -6.178999423980713, 1.9718201160430908, 2.2340478897094727, 2.712723731994629, 5.215085029602051, 2.349015951156616, -1.731351613998413, 1.0624492168426514, 4.836564064025879], [-0.7381874918937683, -0.49781912565231323, -2.578958749771118, 1.5179539918899536, -6.473850727081299, 2.787398099899292, -1.4979000091552734, 20.399612426757812, -1.9873113632202148, 1.9498416185379028, 3.2570366859436035, 1.3081119060516357, 3.627275228500366, -1.7797529697418213, 6.235927104949951, -4.4579033851623535, 1.57837975025177, 0.9914357662200928, -7.077350616455078, 2.4433794021606445, 1.6977965831756592], [-1.196062684059143, -6.781054973602295, 6.082338333129883, 2.4320316314697266, -1.94527268409729, -3.578275680541992, 0.3909950852394104, -1.9873113632202148, 24.905492782592773, 12.007152557373047, -0.34966880083084106, -6.0759992599487305, -0.08300894498825073, 0.32964327931404114, -1.3714029788970947, -2.4508767127990723, -3.1051535606384277, 2.9105031490325928, 4.295773506164551, -1.581681489944458, 5.369378566741943], [1.9787153005599976, 2.2753312587738037, 1.146303653717041, 2.2484567165374756, -4.899806022644043, -3.4325456619262695, -0.042548760771751404, 1.9498416185379028, 12.007152557373047, 35.19786834716797, 4.707513809204102, -1.3937547206878662, -1.617887258529663, 4.794543743133545, -7.670764446258545, 0.11329931765794754, -0.3264771103858948, 1.9767975807189941, 4.39140510559082, -0.6151149272918701, 6.737609386444092], [8.21324348449707, 3.545258045196533, 0.45857614278793335, -1.3383097648620605, -2.2283196449279785, -5.540383815765381, -1.9116755723953247, 3.2570366859436035, -0.34966880083084106, 4.707513809204102, 26.07893180847168, -5.549858570098877, 0.9353006482124329, 2.734914779663086, 7.336091041564941, -1.1669490337371826, -1.1097142696380615, 2.7037949562072754, 1.8489503860473633, 4.646825313568115, 4.178613662719727], [-6.127557277679443, -3.3710381984710693, -1.945684790611267, -0.999930202960968, 3.3824992179870605, 1.7771542072296143, 4.852999687194824, 1.3081119060516357, -6.0759992599487305, -1.3937547206878662, -5.549858570098877, 21.348896026611328, -2.6244235038757324, -1.761573314666748, 7.9199042320251465, 6.2807793617248535, 6.659207344055176, -0.3342585563659668, 3.8357560634613037, 3.89597225189209, -2.8433969020843506], [2.1364080905914307, -0.42287689447402954, -3.173455238342285, 3.816732406616211, 7.711733818054199, -1.1106305122375488, -6.178999423980713, 3.627275228500366, -0.08300894498825073, -1.617887258529663, 0.9353006482124329, -2.6244235038757324, 24.302536010742188, -1.9980826377868652, -3.4450666904449463, 4.536401748657227, -2.441108226776123, -4.91555118560791, 3.0439493656158447, -2.872166633605957, -0.016333475708961487], [0.4951668977737427, 7.683383464813232, -0.5877870321273804, 2.293550491333008, 7.278022766113281, 2.5658936500549316, 1.9718201160430908, -1.7797529697418213, 0.32964327931404114, 4.794543743133545, 2.734914779663086, -1.761573314666748, -1.9980826377868652, 23.948240280151367, -7.078494071960449, 0.022461598739027977, 2.6851694583892822, -1.5143399238586426, 3.1551623344421387, 4.394649028778076, -0.3986539840698242], [1.5601609945297241, -3.6861157417297363, 3.4320478439331055, -0.029929988086223602, 1.6382646560668945, -10.636740684509277, 2.2340478897094727, 6.235927104949951, -1.3714029788970947, -7.670764446258545, 7.336091041564941, 7.9199042320251465, -3.4450666904449463, -7.078494071960449, 27.91239356994629, 1.875304102897644, 1.2262881994247437, 3.1454854011535645, -3.619825839996338, 3.889430284500122, -2.2932980060577393], [-0.35198134183883667, 3.2072296142578125, 2.030423164367676, -0.6211273670196533, 6.2328033447265625, 0.2254045158624649, 2.712723731994629, -4.4579033851623535, -2.4508767127990723, 0.11329931765794754, -1.1669490337371826, 6.2807793617248535, 4.536401748657227, 0.022461598739027977, 1.875304102897644, 21.634634017944336, 3.9355478286743164, -3.141258478164673, -4.522932052612305, 2.2043495178222656, 2.0433011054992676], [-4.439297199249268, -2.989215612411499, -0.9223688244819641, 2.017244338989258, 0.06222766637802124, 5.167204856872559, 5.215085029602051, 1.57837975025177, -3.1051533222198486, -0.32647705078125, -1.1097145080566406, 6.659207820892334, -2.441108226776123, 2.6851694583892822, 1.2262877225875854, 3.9355480670928955, 17.21462631225586, 2.8811962604522705, 0.036080121994018555, 1.018701434135437, -0.1326463222503662], [3.477513313293457, -2.5542430877685547, -2.7902348041534424, -0.9339740872383118, 0.5738643407821655, -3.9287328720092773, 2.349015712738037, 0.9914358258247375, 2.9105031490325928, 1.9767979383468628, 2.703794479370117, -0.33425870537757874, -4.915549278259277, -1.5143394470214844, 3.1454861164093018, -3.141258478164673, 2.8811962604522705, 22.686281204223633, 4.344016075134277, -2.198930501937866, -2.0373737812042236], [-0.28652259707450867, -3.5252139568328857, -1.1292755603790283, 1.153502106666565, 7.876935958862305, -1.8859479427337646, -1.7313514947891235, -7.077351093292236, 4.295773506164551, 4.39140510559082, 1.8489497900009155, 3.8357558250427246, 3.0439493656158447, 3.1551623344421387, -3.619825839996338, -4.522932529449463, 0.036080121994018555, 4.344016075134277, 25.032970428466797, -0.8886781334877014, 1.6271332502365112], [2.359466075897217, 2.7694239616394043, -1.6901134252548218, -3.8155317306518555, 5.845973968505859, -1.500316858291626, 1.062449336051941, 2.4433789253234863, -1.5816813707351685, -0.6151137948036194, 4.646824359893799, 3.89597225189209, -2.872166395187378, 4.394649028778076, 3.889430522918701, 2.2043495178222656, 1.018701434135437, -2.198930501937866, -0.8886781334877014, 21.946346282958984, -3.7268505096435547], [0.5658526420593262, -0.31721723079681396, -2.6288652420043945, -5.159241676330566, -9.208600044250488, -3.4700419902801514, 4.836564540863037, 1.6977968215942383, 5.369378089904785, 6.737609386444092, 4.178614139556885, -2.8433971405029297, -0.01633310317993164, -0.39865440130233765, -2.2932982444763184, 2.043301582336426, -0.1326463222503662, -2.0373735427856445, 1.6271334886550903, -3.7268502712249756, 22.918807983398438]], "type": "heatmap"}], "layout": {"template": {"data": {"histogram2dcontour": [{"type": "histogram2dcontour", "colorbar": {"outlinewidth": 0, "ticks": ""}, "colorscale": [[0.0, "#0d0887"], [0.1111111111111111, "#46039f"], [0.2222222222222222, "#7201a8"], [0.3333333333333333, "#9c179e"], [0.4444444444444444, "#bd3786"], [0.5555555555555556, "#d8576b"], [0.6666666666666666, "#ed7953"], [0.7777777777777778, "#fb9f3a"], [0.8888888888888888, "#fdca26"], [1.0, "#f0f921"]]}], "choropleth": [{"type": "choropleth", "colorbar": {"outlinewidth": 0, "ticks": ""}}], "histogram2d": [{"type": "histogram2d", "colorbar": {"outlinewidth": 0, "ticks": ""}, "colorscale": [[0.0, "#0d0887"], [0.1111111111111111, "#46039f"], [0.2222222222222222, "#7201a8"], [0.3333333333333333, "#9c179e"], [0.4444444444444444, "#bd3786"], [0.5555555555555556, "#d8576b"], [0.6666666666666666, "#ed7953"], [0.7777777777777778, "#fb9f3a"], [0.8888888888888888, "#fdca26"], [1.0, "#f0f921"]]}], "heatmap": [{"type": "heatmap", "colorbar": {"outlinewidth": 0, "ticks": ""}, "colorscale": [[0.0, "#0d0887"], [0.1111111111111111, "#46039f"], [0.2222222222222222, "#7201a8"], [0.3333333333333333, "#9c179e"], [0.4444444444444444, "#bd3786"], [0.5555555555555556, "#d8576b"], [0.6666666666666666, "#ed7953"], [0.7777777777777778, "#fb9f3a"], [0.8888888888888888, "#fdca26"], [1.0, "#f0f921"]]}], "heatmapgl": [{"type": "heatmapgl", "colorbar": {"outlinewidth": 0, "ticks": ""}, "colorscale": [[0.0, "#0d0887"], [0.1111111111111111, "#46039f"], [0.2222222222222222, "#7201a8"], [0.3333333333333333, "#9c179e"], [0.4444444444444444, "#bd3786"], [0.5555555555555556, "#d8576b"], [0.6666666666666666, "#ed7953"], [0.7777777777777778, "#fb9f3a"], [0.8888888888888888, "#fdca26"], [1.0, "#f0f921"]]}], "contourcarpet": [{"type": "contourcarpet", "colorbar": {"outlinewidth": 0, "ticks": ""}}], "contour": [{"type": "contour", "colorbar": {"outlinewidth": 0, "ticks": ""}, "colorscale": [[0.0, "#0d0887"], [0.1111111111111111, "#46039f"], [0.2222222222222222, "#7201a8"], [0.3333333333333333, "#9c179e"], [0.4444444444444444, "#bd3786"], [0.5555555555555556, "#d8576b"], [0.6666666666666666, "#ed7953"], [0.7777777777777778, "#fb9f3a"], [0.8888888888888888, "#fdca26"], [1.0, "#f0f921"]]}], "surface": [{"type": "surface", "colorbar": {"outlinewidth": 0, "ticks": ""}, "colorscale": [[0.0, "#0d0887"], [0.1111111111111111, "#46039f"], [0.2222222222222222, "#7201a8"], [0.3333333333333333, "#9c179e"], [0.4444444444444444, "#bd3786"], [0.5555555555555556, "#d8576b"], [0.6666666666666666, "#ed7953"], [0.7777777777777778, "#fb9f3a"], [0.8888888888888888, "#fdca26"], [1.0, "#f0f921"]]}], "mesh3d": [{"type": "mesh3d", "colorbar": {"outlinewidth": 0, "ticks": ""}}], "scatter": [{"fillpattern": {"fillmode": "overlay", "size": 10, "solidity": 0.2}, "type": "scatter"}], "parcoords": [{"type": "parcoords", "line": {"colorbar": {"outlinewidth": 0, "ticks": ""}}}], "scatterpolargl": [{"type": "scatterpolargl", "marker": {"colorbar": {"outlinewidth": 0, "ticks": ""}}}], "bar": [{"error_x": {"color": "#2a3f5f"}, "error_y": {"color": "#2a3f5f"}, "marker": {"line": {"color": "#E5ECF6", "width": 0.5}, "pattern": {"fillmode": "overlay", "size": 10, "solidity": 0.2}}, "type": "bar"}], "scattergeo": [{"type": "scattergeo", "marker": {"colorbar": {"outlinewidth": 0, "ticks": ""}}}], "scatterpolar": [{"type": "scatterpolar", "marker": {"colorbar": {"outlinewidth": 0, "ticks": ""}}}], "histogram": [{"marker": {"pattern": {"fillmode": "overlay", "size": 10, "solidity": 0.2}}, "type": "histogram"}], "scattergl": [{"type": "scattergl", "marker": {"colorbar": {"outlinewidth": 0, "ticks": ""}}}], "scatter3d": [{"type": "scatter3d", "line": {"colorbar": {"outlinewidth": 0, "ticks": ""}}, "marker": {"colorbar": {"outlinewidth": 0, "ticks": ""}}}], "scattermapbox": [{"type": "scattermapbox", "marker": {"colorbar": {"outlinewidth": 0, "ticks": ""}}}], "scatterternary": [{"type": "scatterternary", "marker": {"colorbar": {"outlinewidth": 0, "ticks": ""}}}], "scattercarpet": [{"type": "scattercarpet", "marker": {"colorbar": {"outlinewidth": 0, "ticks": ""}}}], "carpet": [{"aaxis": {"endlinecolor": "#2a3f5f", "gridcolor": "white", "linecolor": "white", "minorgridcolor": "white", "startlinecolor": "#2a3f5f"}, "baxis": {"endlinecolor": "#2a3f5f", "gridcolor": "white", "linecolor": "white", "minorgridcolor": "white", "startlinecolor": "#2a3f5f"}, "type": "carpet"}], "table": [{"cells": {"fill": {"color": "#EBF0F8"}, "line": {"color": "white"}}, "header": {"fill": {"color": "#C8D4E3"}, "line": {"color": "white"}}, "type": "table"}], "barpolar": [{"marker": {"line": {"color": "#E5ECF6", "width": 0.5}, "pattern": {"fillmode": "overlay", "size": 10, "solidity": 0.2}}, "type": "barpolar"}], "pie": [{"automargin": true, "type": "pie"}]}, "layout": {"autotypenumbers": "strict", "colorway": ["#636efa", "#EF553B", "#00cc96", "#ab63fa", "#FFA15A", "#19d3f3", "#FF6692", "#B6E880", "#FF97FF", "#FECB52"], "font": {"color": "#2a3f5f"}, "hovermode": "closest", "hoverlabel": {"align": "left"}, "paper_bgcolor": "white", "plot_bgcolor": "#E5ECF6", "polar": {"bgcolor": "#E5ECF6", "angularaxis": {"gridcolor": "white", "linecolor": "white", "ticks": ""}, "radialaxis": {"gridcolor": "white", "linecolor": "white", "ticks": ""}}, "ternary": {"bgcolor": "#E5ECF6", "aaxis": {"gridcolor": "white", "linecolor": "white", "ticks": ""}, "baxis": {"gridcolor": "white", "linecolor": "white", "ticks": ""}, "caxis": {"gridcolor": "white", "linecolor": "white", "ticks": ""}}, "coloraxis": {"colorbar": {"outlinewidth": 0, "ticks": ""}}, "colorscale": {"sequential": [[0.0, "#0d0887"], [0.1111111111111111, "#46039f"], [0.2222222222222222, "#7201a8"], [0.3333333333333333, "#9c179e"], [0.4444444444444444, "#bd3786"], [0.5555555555555556, "#d8576b"], [0.6666666666666666, "#ed7953"], [0.7777777777777778, "#fb9f3a"], [0.8888888888888888, "#fdca26"], [1.0, "#f0f921"]], "sequentialminus": [[0.0, "#0d0887"], [0.1111111111111111, "#46039f"], [0.2222222222222222, "#7201a8"], [0.3333333333333333, "#9c179e"], [0.4444444444444444, "#bd3786"], [0.5555555555555556, "#d8576b"], [0.6666666666666666, "#ed7953"], [0.7777777777777778, "#fb9f3a"], [0.8888888888888888, "#fdca26"], [1.0, "#f0f921"]], "diverging": [[0, "#8e0152"], [0.1, "#c51b7d"], [0.2, "#de77ae"], [0.3, "#f1b6da"], [0.4, "#fde0ef"], [0.5, "#f7f7f7"], [0.6, "#e6f5d0"], [0.7, "#b8e186"], [0.8, "#7fbc41"], [0.9, "#4d9221"], [1, "#276419"]]}, "xaxis": {"gridcolor": "white", "linecolor": "white", "ticks": "", "title": {"standoff": 15}, "zerolinecolor": "white", "automargin": true, "zerolinewidth": 2}, "yaxis": {"gridcolor": "white", "linecolor": "white", "ticks": "", "title": {"standoff": 15}, "zerolinecolor": "white", "automargin": true, "zerolinewidth": 2}, "scene": {"xaxis": {"backgroundcolor": "#E5ECF6", "gridcolor": "white", "linecolor": "white", "showbackground": true, "ticks": "", "zerolinecolor": "white", "gridwidth": 2}, "yaxis": {"backgroundcolor": "#E5ECF6", "gridcolor": "white", "linecolor": "white", "showbackground": true, "ticks": "", "zerolinecolor": "white", "gridwidth": 2}, "zaxis": {"backgroundcolor": "#E5ECF6", "gridcolor": "white", "linecolor": "white", "showbackground": true, "ticks": "", "zerolinecolor": "white", "gridwidth": 2}}, "shapedefaults": {"line": {"color": "#2a3f5f"}}, "annotationdefaults": {"arrowcolor": "#2a3f5f", "arrowhead": 0, "arrowwidth": 1}, "geo": {"bgcolor": "white", "landcolor": "#E5ECF6", "subunitcolor": "white", "showland": true, "showlakes": true, "lakecolor": "white"}, "title": {"x": 0.05}, "mapbox": {"style": "light"}}}}}