{"data": [{"z": [[20.825475692749023, 5.689968585968018, -0.36935722827911377, 0.0028925775550305843, 0.9592015147209167, -3.1095240116119385, -5.74688720703125, -0.7036657929420471, -1.1415841579437256, 2.022361993789673, 8.179768562316895, -5.970168113708496, 2.1721649169921875, 0.5663767457008362, 1.5295783281326294, -0.3286927342414856, -4.326343536376953, 3.4501543045043945, -0.2088608741760254, 2.4169013500213623, 0.5366165637969971], [5.689968585968018, 22.995357513427734, 1.0677595138549805, 0.44579994678497314, 2.8546042442321777, 5.329730033874512, 0.3751595616340637, -0.41474974155426025, -6.612944602966309, 2.2923827171325684, 3.573643207550049, -3.204613208770752, -0.3227747976779938, 7.693426132202148, -3.570075035095215, 3.185814619064331, -2.846074342727661, -2.547865152359009, -3.3477985858917236, 2.909775495529175, -0.3349449634552002], [-0.36935722827911377, 1.0677595138549805, 13.436310768127441, 2.7587180137634277, 0.5335811972618103, 1.196317195892334, -1.8938781023025513, -2.51135516166687, 6.044821262359619, 1.203791856765747, 0.5288453102111816, -1.8750526905059814, -3.0787622928619385, -0.5477328896522522, 3.398205041885376, 2.028972864151001, -0.8512526750564575, -2.784330368041992, -1.0548880100250244, -1.619558572769165, -2.5982956886291504], [0.0028925775550305843, 0.44579994678497314, 2.7587180137634277, 14.0192289352417, 1.906741976737976, 4.426660537719727, -0.19261205196380615, 1.537003993988037, 2.457327365875244, 2.3147897720336914, -1.2566566467285156, -0.8792260885238647, 3.910205364227295, 2.3136885166168213, 0.03298325836658478, -0.5308298468589783, 2.076992988586426, -0.9379547238349915, 1.2317004203796387, -3.7070729732513428, -5.081707954406738], [0.9592015147209167, 2.8546042442321777, 0.5335811972618103, 1.906741976737976, 34.07329177856445, -1.6154520511627197, 0.675175130367279, -6.481360912322998, -1.9045331478118896, -4.905708312988281, -2.265751361846924, 3.414367914199829, 7.647443771362305, 7.20777702331543, 1.694077491760254, 6.161739826202393, 0.0863192081451416, 0.5351027250289917, 7.810793399810791, 5.789555549621582, -9.181697845458984], [-3.1095240116119385, 5.329730033874512, 1.196317195892334, 4.426660537719727, -1.6154520511627197, 26.30725860595703, 2.993260145187378, 2.807518243789673, -3.455488920211792, -3.3777618408203125, -5.533949851989746, 1.811458706855774, -1.033034324645996, 2.5395445823669434, -10.499802589416504, 0.2287166863679886, 5.164715766906738, -3.9161105155944824, -1.8558075428009033, -1.4739924669265747, -3.4499592781066895], [-5.74688720703125, 0.3751595616340637, -1.8938781023025513, -0.19261205196380615, 0.675175130367279, 2.993260145187378, 20.269641876220703, -1.4184584617614746, 0.4004594385623932, 0.008561440743505955, -1.8360135555267334, 4.934322357177734, -5.961490154266357, 2.0801680088043213, 2.2663064002990723, 2.801901340484619, 5.242993354797363, 2.3829071521759033, -1.6103432178497314, 1.1524906158447266, 4.823312759399414], [-0.7036657929420471, -0.41474974155426025, -2.51135516166687, 1.537003993988037, -6.481360912322998, 2.807518243789673, -1.4184584617614746, 20.213727951049805, -1.9147977828979492, 1.9398466348648071, 3.157191514968872, 1.3638134002685547, 3.5931434631347656, -1.7910407781600952, 6.129752159118652, -4.409964084625244, 1.5722455978393555, 0.9381718635559082, -7.006880283355713, 2.426862955093384, 1.6859409809112549], [-1.1415841579437256, -6.612944602966309, 6.044821262359619, 2.457327365875244, -1.9045331478118896, -3.455488920211792, 0.4004594385623932, -1.9147977828979492, 24.66902732849121, 11.872618675231934, -0.24266532063484192, -5.974358081817627, -0.005604082718491554, 0.4013390839099884, -1.3005039691925049, -2.4022858142852783, -3.022874116897583, 2.8533308506011963, 4.33676290512085, -1.4994314908981323, 5.361772537231445], [2.022361993789673, 2.2923827171325684, 1.203791856765747, 2.3147897720336914, -4.905708312988281, -3.3777618408203125, 0.008561440743505955, 1.9398466348648071, 11.872618675231934, 34.862709045410156, 4.654367923736572, -1.3649275302886963, -1.6672195196151733, 4.7761664390563965, -7.528146266937256, 0.10553314536809921, -0.3104415535926819, 1.9044594764709473, 4.357664108276367, -0.5730571746826172, 6.6988444328308105], [8.179768562316895, 3.573643207550049, 0.5288453102111816, -1.2566566467285156, -2.265751361846924, -5.533949851989746, -1.8360135555267334, 3.157191514968872, -0.24266532063484192, 4.654367923736572, 25.734155654907227, -5.474600791931152, 0.8926250338554382, 2.694946765899658, 7.210193157196045, -1.1844149827957153, -1.0978291034698486, 2.654510974884033, 1.813868761062622, 4.51084041595459, 4.1565680503845215], [-5.970168113708496, -3.204613208770752, -1.8750526905059814, -0.8792260885238647, 3.414367914199829, 1.811458706855774, 4.934322357177734, 1.3638134002685547, -5.974358081817627, -1.3649275302886963, -5.474600791931152, 21.307907104492188, -2.4889745712280273, -1.6939175128936768, 7.915863513946533, 6.285243034362793, 6.675562381744385, -0.2739832401275635, 3.8942015171051025, 3.933556079864502, -2.8382153511047363], [2.1721649169921875, -0.3227747976779938, -3.0787622928619385, 3.910205364227295, 7.647443771362305, -1.033034324645996, -5.961490154266357, 3.5931434631347656, -0.005604082718491554, -1.6672195196151733, 0.8926250338554382, -2.4889745712280273, 24.087095260620117, -1.9509859085083008, -3.339564800262451, 4.5105881690979, -2.3240718841552734, -4.925474166870117, 3.0223402976989746, -2.774470329284668, -0.049402832984924316], [0.5663767457008362, 7.693426132202148, -0.5477328896522522, 2.3136885166168213, 7.20777702331543, 2.5395445823669434, 2.0801680088043213, -1.7910407781600952, 0.4013390839099884, 4.7761664390563965, 2.694946765899658, -1.6939175128936768, -1.9509859085083008, 23.83272933959961, -6.960840225219727, 0.019411573186516762, 2.72445011138916, -1.5129446983337402, 3.2114224433898926, 4.415726184844971, -0.3973528742790222], [1.5295783281326294, -3.570075035095215, 3.398205041885376, 0.03298325836658478, 1.694077491760254, -10.499802589416504, 2.2663064002990723, 6.129752159118652, -1.3005039691925049, -7.528146266937256, 7.210193157196045, 7.915863513946533, -3.339564800262451, -6.960840225219727, 27.599199295043945, 1.892087459564209, 1.2661974430084229, 3.1404025554656982, -3.530123472213745, 3.8022444248199463, -2.305140733718872], [-0.3286927342414856, 3.185814619064331, 2.028972864151001, -0.5308298468589783, 6.161739826202393, 0.2287166863679886, 2.801901340484619, -4.409964084625244, -2.4022858142852783, 0.10553314536809921, -1.1844149827957153, 6.285243034362793, 4.5105881690979, 0.019411573186516762, 1.892087459564209, 21.390474319458008, 3.9416568279266357, -3.128760814666748, -4.440441608428955, 2.1888527870178223, 2.0000481605529785], [-4.326343536376953, -2.8460752964019775, -0.851252555847168, 2.076992988586426, 0.08631937205791473, 5.164715766906738, 5.242993354797363, 1.572245478630066, -3.022874116897583, -0.3104415833950043, -1.0978293418884277, 6.675562858581543, -2.3240721225738525, 2.724449872970581, 1.2661958932876587, 3.9416565895080566, 17.16532325744629, 2.8729166984558105, 0.11924576759338379, 1.0493435859680176, -0.13527590036392212], [3.4501547813415527, -2.5478649139404297, -2.7843306064605713, -0.9379547238349915, 0.5351026654243469, -3.9161102771759033, 2.3829073905944824, 0.9381721019744873, 2.853330373764038, 1.9044595956802368, 2.6545114517211914, -0.2739828824996948, -4.925474166870117, -1.5129441022872925, 3.140401601791382, -3.128761053085327, 2.8729166984558105, 22.42633819580078, 4.308016777038574, -2.136477470397949, -2.036412477493286], [-0.20886076986789703, -3.3477983474731445, -1.0548886060714722, 1.2317004203796387, 7.810793399810791, -1.855807900428772, -1.610343098640442, -7.0068793296813965, 4.336762428283691, 4.357665061950684, 1.8138686418533325, 3.8942010402679443, 3.0223402976989746, 3.2114222049713135, -3.530123233795166, -4.440441131591797, 0.11924576759338379, 4.308016777038574, 24.851869583129883, -0.8111549615859985, 1.6141376495361328], [2.416900873184204, 2.909775495529175, -1.6195582151412964, -3.707073211669922, 5.789554595947266, -1.4739941358566284, 1.152490496635437, 2.4268627166748047, -1.499431848526001, -0.5730578303337097, 4.510840892791748, 3.933555841445923, -2.774470090866089, 4.4157257080078125, 3.8022446632385254, 2.1888527870178223, 1.0493435859680176, -2.136477470397949, -0.8111549615859985, 21.769704818725586, -3.708958625793457], [0.5366165637969971, -0.3349452018737793, -2.5982956886291504, -5.081707954406738, -9.181697845458984, -3.4499590396881104, 4.823313236236572, 1.6859407424926758, 5.361772537231445, 6.6988444328308105, 4.156567573547363, -2.8382158279418945, -0.04940319061279297, -0.39735251665115356, -2.305140495300293, 2.0000481605529785, -0.13527607917785645, -2.036412239074707, 1.614137053489685, -3.708958625793457, 22.918807983398438]], "type": "heatmap"}], "layout": {"template": {"data": {"histogram2dcontour": [{"type": "histogram2dcontour", "colorbar": {"outlinewidth": 0, "ticks": ""}, "colorscale": [[0.0, "#0d0887"], [0.1111111111111111, "#46039f"], [0.2222222222222222, "#7201a8"], [0.3333333333333333, "#9c179e"], [0.4444444444444444, "#bd3786"], [0.5555555555555556, "#d8576b"], [0.6666666666666666, "#ed7953"], [0.7777777777777778, "#fb9f3a"], [0.8888888888888888, "#fdca26"], [1.0, "#f0f921"]]}], "choropleth": [{"type": "choropleth", "colorbar": {"outlinewidth": 0, "ticks": ""}}], "histogram2d": [{"type": "histogram2d", "colorbar": {"outlinewidth": 0, "ticks": ""}, "colorscale": [[0.0, "#0d0887"], [0.1111111111111111, "#46039f"], [0.2222222222222222, "#7201a8"], [0.3333333333333333, "#9c179e"], [0.4444444444444444, "#bd3786"], [0.5555555555555556, "#d8576b"], [0.6666666666666666, "#ed7953"], [0.7777777777777778, "#fb9f3a"], [0.8888888888888888, "#fdca26"], [1.0, "#f0f921"]]}], "heatmap": [{"type": "heatmap", "colorbar": {"outlinewidth": 0, "ticks": ""}, "colorscale": [[0.0, "#0d0887"], [0.1111111111111111, "#46039f"], [0.2222222222222222, "#7201a8"], [0.3333333333333333, "#9c179e"], [0.4444444444444444, "#bd3786"], [0.5555555555555556, "#d8576b"], [0.6666666666666666, "#ed7953"], [0.7777777777777778, "#fb9f3a"], [0.8888888888888888, "#fdca26"], [1.0, "#f0f921"]]}], "heatmapgl": [{"type": "heatmapgl", "colorbar": {"outlinewidth": 0, "ticks": ""}, "colorscale": [[0.0, "#0d0887"], [0.1111111111111111, "#46039f"], [0.2222222222222222, "#7201a8"], [0.3333333333333333, "#9c179e"], [0.4444444444444444, "#bd3786"], [0.5555555555555556, "#d8576b"], [0.6666666666666666, "#ed7953"], [0.7777777777777778, "#fb9f3a"], [0.8888888888888888, "#fdca26"], [1.0, "#f0f921"]]}], "contourcarpet": [{"type": "contourcarpet", "colorbar": {"outlinewidth": 0, "ticks": ""}}], "contour": [{"type": "contour", "colorbar": {"outlinewidth": 0, "ticks": ""}, "colorscale": [[0.0, "#0d0887"], [0.1111111111111111, "#46039f"], [0.2222222222222222, "#7201a8"], [0.3333333333333333, "#9c179e"], [0.4444444444444444, "#bd3786"], [0.5555555555555556, "#d8576b"], [0.6666666666666666, "#ed7953"], [0.7777777777777778, "#fb9f3a"], [0.8888888888888888, "#fdca26"], [1.0, "#f0f921"]]}], "surface": [{"type": "surface", "colorbar": {"outlinewidth": 0, "ticks": ""}, "colorscale": [[0.0, "#0d0887"], [0.1111111111111111, "#46039f"], [0.2222222222222222, "#7201a8"], [0.3333333333333333, "#9c179e"], [0.4444444444444444, "#bd3786"], [0.5555555555555556, "#d8576b"], [0.6666666666666666, "#ed7953"], [0.7777777777777778, "#fb9f3a"], [0.8888888888888888, "#fdca26"], [1.0, "#f0f921"]]}], "mesh3d": [{"type": "mesh3d", "colorbar": {"outlinewidth": 0, "ticks": ""}}], "scatter": [{"fillpattern": {"fillmode": "overlay", "size": 10, "solidity": 0.2}, "type": "scatter"}], "parcoords": [{"type": "parcoords", "line": {"colorbar": {"outlinewidth": 0, "ticks": ""}}}], "scatterpolargl": [{"type": "scatterpolargl", "marker": {"colorbar": {"outlinewidth": 0, "ticks": ""}}}], "bar": [{"error_x": {"color": "#2a3f5f"}, "error_y": {"color": "#2a3f5f"}, "marker": {"line": {"color": "#E5ECF6", "width": 0.5}, "pattern": {"fillmode": "overlay", "size": 10, "solidity": 0.2}}, "type": "bar"}], "scattergeo": [{"type": "scattergeo", "marker": {"colorbar": {"outlinewidth": 0, "ticks": ""}}}], "scatterpolar": [{"type": "scatterpolar", "marker": {"colorbar": {"outlinewidth": 0, "ticks": ""}}}], "histogram": [{"marker": {"pattern": {"fillmode": "overlay", "size": 10, "solidity": 0.2}}, "type": "histogram"}], "scattergl": [{"type": "scattergl", "marker": {"colorbar": {"outlinewidth": 0, "ticks": ""}}}], "scatter3d": [{"type": "scatter3d", "line": {"colorbar": {"outlinewidth": 0, "ticks": ""}}, "marker": {"colorbar": {"outlinewidth": 0, "ticks": ""}}}], "scattermapbox": [{"type": "scattermapbox", "marker": {"colorbar": {"outlinewidth": 0, "ticks": ""}}}], "scatterternary": [{"type": "scatterternary", "marker": {"colorbar": {"outlinewidth": 0, "ticks": ""}}}], "scattercarpet": [{"type": "scattercarpet", "marker": {"colorbar": {"outlinewidth": 0, "ticks": ""}}}], "carpet": [{"aaxis": {"endlinecolor": "#2a3f5f", "gridcolor": "white", "linecolor": "white", "minorgridcolor": "white", "startlinecolor": "#2a3f5f"}, "baxis": {"endlinecolor": "#2a3f5f", "gridcolor": "white", "linecolor": "white", "minorgridcolor": "white", "startlinecolor": "#2a3f5f"}, "type": "carpet"}], "table": [{"cells": {"fill": {"color": "#EBF0F8"}, "line": {"color": "white"}}, "header": {"fill": {"color": "#C8D4E3"}, "line": {"color": "white"}}, "type": "table"}], "barpolar": [{"marker": {"line": {"color": "#E5ECF6", "width": 0.5}, "pattern": {"fillmode": "overlay", "size": 10, "solidity": 0.2}}, "type": "barpolar"}], "pie": [{"automargin": true, "type": "pie"}]}, "layout": {"autotypenumbers": "strict", "colorway": ["#636efa", "#EF553B", "#00cc96", "#ab63fa", "#FFA15A", "#19d3f3", "#FF6692", "#B6E880", "#FF97FF", "#FECB52"], "font": {"color": "#2a3f5f"}, "hovermode": "closest", "hoverlabel": {"align": "left"}, "paper_bgcolor": "white", "plot_bgcolor": "#E5ECF6", "polar": {"bgcolor": "#E5ECF6", "angularaxis": {"gridcolor": "white", "linecolor": "white", "ticks": ""}, "radialaxis": {"gridcolor": "white", "linecolor": "white", "ticks": ""}}, "ternary": {"bgcolor": "#E5ECF6", "aaxis": {"gridcolor": "white", "linecolor": "white", "ticks": ""}, "baxis": {"gridcolor": "white", "linecolor": "white", "ticks": ""}, "caxis": {"gridcolor": "white", "linecolor": "white", "ticks": ""}}, "coloraxis": {"colorbar": {"outlinewidth": 0, "ticks": ""}}, "colorscale": {"sequential": [[0.0, "#0d0887"], [0.1111111111111111, "#46039f"], [0.2222222222222222, "#7201a8"], [0.3333333333333333, "#9c179e"], [0.4444444444444444, "#bd3786"], [0.5555555555555556, "#d8576b"], [0.6666666666666666, "#ed7953"], [0.7777777777777778, "#fb9f3a"], [0.8888888888888888, "#fdca26"], [1.0, "#f0f921"]], "sequentialminus": [[0.0, "#0d0887"], [0.1111111111111111, "#46039f"], [0.2222222222222222, "#7201a8"], [0.3333333333333333, "#9c179e"], [0.4444444444444444, "#bd3786"], [0.5555555555555556, "#d8576b"], [0.6666666666666666, "#ed7953"], [0.7777777777777778, "#fb9f3a"], [0.8888888888888888, "#fdca26"], [1.0, "#f0f921"]], "diverging": [[0, "#8e0152"], [0.1, "#c51b7d"], [0.2, "#de77ae"], [0.3, "#f1b6da"], [0.4, "#fde0ef"], [0.5, "#f7f7f7"], [0.6, "#e6f5d0"], [0.7, "#b8e186"], [0.8, "#7fbc41"], [0.9, "#4d9221"], [1, "#276419"]]}, "xaxis": {"gridcolor": "white", "linecolor": "white", "ticks": "", "title": {"standoff": 15}, "zerolinecolor": "white", "automargin": true, "zerolinewidth": 2}, "yaxis": {"gridcolor": "white", "linecolor": "white", "ticks": "", "title": {"standoff": 15}, "zerolinecolor": "white", "automargin": true, "zerolinewidth": 2}, "scene": {"xaxis": {"backgroundcolor": "#E5ECF6", "gridcolor": "white", "linecolor": "white", "showbackground": true, "ticks": "", "zerolinecolor": "white", "gridwidth": 2}, "yaxis": {"backgroundcolor": "#E5ECF6", "gridcolor": "white", "linecolor": "white", "showbackground": true, "ticks": "", "zerolinecolor": "white", "gridwidth": 2}, "zaxis": {"backgroundcolor": "#E5ECF6", "gridcolor": "white", "linecolor": "white", "showbackground": true, "ticks": "", "zerolinecolor": "white", "gridwidth": 2}}, "shapedefaults": {"line": {"color": "#2a3f5f"}}, "annotationdefaults": {"arrowcolor": "#2a3f5f", "arrowhead": 0, "arrowwidth": 1}, "geo": {"bgcolor": "white", "landcolor": "#E5ECF6", "subunitcolor": "white", "showland": true, "showlakes": true, "lakecolor": "white"}, "title": {"x": 0.05}, "mapbox": {"style": "light"}}}}}