{"data": [{"z": [[23.93084144592285, 0.42134761810302734, 3.405165910720825, -2.845599412918091, 8.441703796386719, 5.716193199157715, -0.9975897073745728, 4.23406982421875, -4.223958492279053, -7.024825572967529, 2.9145452976226807, 4.162068843841553, -7.194454669952393, -5.094810485839844, -0.5686165690422058, 5.716902256011963, 2.0805864334106445, -6.38952112197876, 0.11437821388244629, -1.800523281097412, 6.456772804260254], [0.42134761810302734, 20.777482986450195, -5.920078277587891, 1.9858567714691162, 2.7176918983459473, -2.929426670074463, 4.412852764129639, 6.471860408782959, -5.035759925842285, 1.5375080108642578, 1.678585410118103, -0.8734732866287231, -1.5257594585418701, -2.395310163497925, 2.7214674949645996, -1.6280304193496704, -3.657698631286621, -10.404362678527832, -0.6150105595588684, -2.9293642044067383, 4.031754016876221], [3.405165910720825, -5.920078277587891, 16.455896377563477, 5.549355506896973, 6.710610389709473, -0.23672103881835938, -1.927255392074585, 4.704629421234131, -0.43971946835517883, 2.078632354736328, -0.7604361772537231, 3.8962223529815674, 0.9955542683601379, -4.321347713470459, -2.0077223777770996, -3.145690679550171, 1.8376445770263672, -0.2347252368927002, -1.5516624450683594, 0.3144500255584717, -0.25607287883758545], [-2.845599412918091, 1.9858567714691162, 5.549355506896973, 32.23435974121094, 7.011420726776123, -2.5655362606048584, -1.5974912643432617, 0.30979037284851074, -1.8928217887878418, 7.666743755340576, 0.03506406024098396, 5.3229265213012695, -0.1539439707994461, -5.519131660461426, -1.8303306102752686, -6.136246204376221, 0.36157846450805664, -2.268322467803955, -2.257697820663452, 2.9246959686279297, -3.7276880741119385], [8.441703796386719, 2.7176918983459473, 6.710610389709473, 7.011420726776123, 26.925418853759766, -1.0670942068099976, -2.1429545879364014, -3.8699233531951904, -6.240837574005127, -4.079916477203369, 7.497406959533691, 1.9139550924301147, -1.4811731576919556, -3.155385971069336, -0.1211388111114502, -4.527036190032959, 3.0862538814544678, -3.752005100250244, 0.8825153708457947, -7.1769208908081055, -4.767556190490723], [5.716193199157715, -2.929426670074463, -0.23672103881835938, -2.5655362606048584, -1.0670942068099976, 17.12958335876465, 1.9120475053787231, 0.042513128370046616, 6.190840244293213, -6.464898586273193, -2.4789748191833496, 5.2338104248046875, -6.93522834777832, -6.271824836730957, -1.9168684482574463, -3.2291643619537354, -1.7569957971572876, -2.6112780570983887, 5.836888313293457, -2.9108211994171143, 4.179372310638428], [-0.9975897073745728, 4.412852764129639, -1.927255392074585, -1.5974912643432617, -2.1429545879364014, 1.9120475053787231, 31.810096740722656, -3.861252784729004, -3.3083255290985107, -4.0637431144714355, -2.4406065940856934, -5.896753787994385, 9.277153015136719, 8.350367546081543, 10.236397743225098, 7.341128826141357, -1.0999863147735596, -0.3146953582763672, -5.523290157318115, -7.269783973693848, 13.053709030151367], [4.23406982421875, 6.471860408782959, 4.704629421234131, 0.30979037284851074, -3.8699233531951904, 0.042513128370046616, -3.861252784729004, 41.61360168457031, 6.261580467224121, 6.672302722930908, 1.4538753032684326, 5.596350193023682, -2.7640042304992676, -0.17543455958366394, -6.9443535804748535, 3.5164244174957275, 2.2009541988372803, -1.4031575918197632, 0.7569432258605957, 10.453533172607422, 1.6033731698989868], [-4.223958492279053, -5.035759925842285, -0.43971946835517883, -1.8928217887878418, -6.240837574005127, 6.190840244293213, -3.3083255290985107, 6.261580467224121, 30.826642990112305, 8.324169158935547, -5.900943756103516, 6.417210102081299, -6.77288818359375, 3.2288730144500732, -0.08150093257427216, -6.396912097930908, -3.333616256713867, 5.005218505859375, 1.3048529624938965, -6.887180805206299, 7.218294620513916], [-7.024825572967529, 1.5375080108642578, 2.078632354736328, 7.666743755340576, -4.079916477203369, -6.464898586273193, -4.0637431144714355, 6.672302722930908, 8.324169158935547, 18.262853622436523, -1.707968831062317, -3.5898425579071045, 4.372671127319336, 1.5802081823349, -5.248081207275391, 1.2000259160995483, -0.7632355690002441, 0.5395647287368774, -3.303238868713379, -3.5830078125, -4.9930806159973145], [2.9145452976226807, 1.678585410118103, -0.7604361772537231, 0.03506406024098396, 7.497406959533691, -2.4789748191833496, -2.4406065940856934, 1.4538753032684326, -5.900943756103516, -1.707968831062317, 29.56281280517578, -3.219940185546875, 4.618264198303223, 2.0679070949554443, 4.952830791473389, 13.126996040344238, 2.095550298690796, -5.486637115478516, -2.346609115600586, -0.9200552701950073, -11.932014465332031], [4.162068843841553, -0.8734732866287231, 3.8962223529815674, 5.3229265213012695, 1.9139550924301147, 5.2338104248046875, -5.896753787994385, 5.596350193023682, 6.417210102081299, -3.5898425579071045, -3.219940185546875, 24.423898696899414, -13.194390296936035, -4.0064616203308105, -1.6929337978363037, -3.7325315475463867, 0.8396971225738525, 1.7165566682815552, 5.196629524230957, 2.255720853805542, 14.038582801818848], [-7.194454669952393, -1.5257594585418701, 0.9955542683601379, -0.1539439707994461, -1.4811731576919556, -6.93522834777832, 9.277153015136719, -2.7640042304992676, -6.77288818359375, 4.372671127319336, 4.618264198303223, -13.194390296936035, 29.42715835571289, 2.3817286491394043, 3.0622596740722656, 5.123867034912109, -1.7063584327697754, -5.432282447814941, -6.739811897277832, 4.960622787475586, -10.974039077758789], [-5.094810485839844, -2.395310163497925, -4.321347713470459, -5.519131660461426, -3.155385971069336, -6.271824836730957, 8.350367546081543, -0.17543455958366394, 3.2288730144500732, 1.5802081823349, 2.0679070949554443, -4.0064616203308105, 2.3817286491394043, 31.531736373901367, 7.371114253997803, 14.689745903015137, 4.206178188323975, 4.868147373199463, 2.092074394226074, -4.756895542144775, 1.5399342775344849], [-0.5686165690422058, 2.7214674949645996, -2.0077223777770996, -1.8303306102752686, -0.1211388111114502, -1.9168684482574463, 10.236397743225098, -6.9443535804748535, -0.08150093257427216, -5.248081207275391, 4.952830791473389, -1.6929337978363037, 3.0622596740722656, 7.371114253997803, 28.294227600097656, 5.901180744171143, 3.1759603023529053, -11.151418685913086, 5.514159202575684, 4.32127571105957, 6.195399284362793], [5.716902256011963, -1.6280304193496704, -3.145690679550171, -6.136246204376221, -4.527036190032959, -3.2291643619537354, 7.341128826141357, 3.5164244174957275, -6.396912097930908, 1.2000259160995483, 13.126996040344238, -3.7325315475463867, 5.123867034912109, 14.689745903015137, 5.901180744171143, 38.10445785522461, 2.7296390533447266, -2.1835923194885254, -9.541021347045898, -0.4499186873435974, -3.2230422496795654], [2.0805861949920654, -3.6576988697052, 1.837644338607788, 0.3615787625312805, 3.0862538814544678, -1.7569959163665771, -1.0999869108200073, 2.200953960418701, -3.3336169719696045, -0.7632356286048889, 2.095550537109375, 0.8396972417831421, -1.7063590288162231, 4.206177711486816, 3.1759603023529053, 2.7296390533447266, 15.240222930908203, 4.555736064910889, 3.048647403717041, 6.304128646850586, -2.4007723331451416], [-6.389522075653076, -10.404363632202148, -0.23472543060779572, -2.2683215141296387, -3.752004861831665, -2.6112780570983887, -0.3146952986717224, -1.4031569957733154, 5.005218982696533, 0.5395647287368774, -5.486637592315674, 1.7165560722351074, -5.432282447814941, 4.868147373199463, -11.151416778564453, -2.1835927963256836, 4.555736064910889, 23.759098052978516, -3.305124282836914, -1.8811389207839966, 5.7054338455200195], [0.11437730491161346, -0.6150103211402893, -1.5516620874404907, -2.2576985359191895, 0.8825153708457947, 5.836887836456299, -5.523289680480957, 0.7569442391395569, 1.304852843284607, -3.303239345550537, -2.3466086387634277, 5.196629524230957, -6.739810943603516, 2.092074394226074, 5.514159202575684, -9.541020393371582, 3.048647403717041, -3.305124282836914, 34.072532653808594, 8.595847129821777, 6.295738697052002], [-1.8005236387252808, -2.9293646812438965, 0.31445014476776123, 2.924696207046509, -7.176921367645264, -2.9108211994171143, -7.2697834968566895, 10.453531265258789, -6.887181758880615, -3.5830078125, -0.9200557470321655, 2.255720853805542, 4.960622787475586, -4.756896018981934, 4.32127571105957, -0.4499184787273407, 6.304128646850586, -1.8811389207839966, 8.595847129821777, 30.860395431518555, -3.3642020225524902], [6.456773281097412, 4.0317535400390625, -0.2560728192329407, -3.7276883125305176, -4.7675557136535645, 4.179372787475586, 13.053709030151367, 1.6033730506896973, 7.218295097351074, -4.993081092834473, -11.932014465332031, 14.038582801818848, -10.974039077758789, 1.5399346351623535, 6.195399284362793, -3.2230420112609863, -2.4007725715637207, 5.7054338455200195, 6.295738697052002, -3.364201068878174, 34.139442443847656]], "type": "heatmap"}], "layout": {"template": {"data": {"histogram2dcontour": [{"type": "histogram2dcontour", "colorbar": {"outlinewidth": 0, "ticks": ""}, "colorscale": [[0.0, "#0d0887"], [0.1111111111111111, "#46039f"], [0.2222222222222222, "#7201a8"], [0.3333333333333333, "#9c179e"], [0.4444444444444444, "#bd3786"], [0.5555555555555556, "#d8576b"], [0.6666666666666666, "#ed7953"], [0.7777777777777778, "#fb9f3a"], [0.8888888888888888, "#fdca26"], [1.0, "#f0f921"]]}], "choropleth": [{"type": "choropleth", "colorbar": {"outlinewidth": 0, "ticks": ""}}], "histogram2d": [{"type": "histogram2d", "colorbar": {"outlinewidth": 0, "ticks": ""}, "colorscale": [[0.0, "#0d0887"], [0.1111111111111111, "#46039f"], [0.2222222222222222, "#7201a8"], [0.3333333333333333, "#9c179e"], [0.4444444444444444, "#bd3786"], [0.5555555555555556, "#d8576b"], [0.6666666666666666, "#ed7953"], [0.7777777777777778, "#fb9f3a"], [0.8888888888888888, "#fdca26"], [1.0, "#f0f921"]]}], "heatmap": [{"type": "heatmap", "colorbar": {"outlinewidth": 0, "ticks": ""}, "colorscale": [[0.0, "#0d0887"], [0.1111111111111111, "#46039f"], [0.2222222222222222, "#7201a8"], [0.3333333333333333, "#9c179e"], [0.4444444444444444, "#bd3786"], [0.5555555555555556, "#d8576b"], [0.6666666666666666, "#ed7953"], [0.7777777777777778, "#fb9f3a"], [0.8888888888888888, "#fdca26"], [1.0, "#f0f921"]]}], "heatmapgl": [{"type": "heatmapgl", "colorbar": {"outlinewidth": 0, "ticks": ""}, "colorscale": [[0.0, "#0d0887"], [0.1111111111111111, "#46039f"], [0.2222222222222222, "#7201a8"], [0.3333333333333333, "#9c179e"], [0.4444444444444444, "#bd3786"], [0.5555555555555556, "#d8576b"], [0.6666666666666666, "#ed7953"], [0.7777777777777778, "#fb9f3a"], [0.8888888888888888, "#fdca26"], [1.0, "#f0f921"]]}], "contourcarpet": [{"type": "contourcarpet", "colorbar": {"outlinewidth": 0, "ticks": ""}}], "contour": [{"type": "contour", "colorbar": {"outlinewidth": 0, "ticks": ""}, "colorscale": [[0.0, "#0d0887"], [0.1111111111111111, "#46039f"], [0.2222222222222222, "#7201a8"], [0.3333333333333333, "#9c179e"], [0.4444444444444444, "#bd3786"], [0.5555555555555556, "#d8576b"], [0.6666666666666666, "#ed7953"], [0.7777777777777778, "#fb9f3a"], [0.8888888888888888, "#fdca26"], [1.0, "#f0f921"]]}], "surface": [{"type": "surface", "colorbar": {"outlinewidth": 0, "ticks": ""}, "colorscale": [[0.0, "#0d0887"], [0.1111111111111111, "#46039f"], [0.2222222222222222, "#7201a8"], [0.3333333333333333, "#9c179e"], [0.4444444444444444, "#bd3786"], [0.5555555555555556, "#d8576b"], [0.6666666666666666, "#ed7953"], [0.7777777777777778, "#fb9f3a"], [0.8888888888888888, "#fdca26"], [1.0, "#f0f921"]]}], "mesh3d": [{"type": "mesh3d", "colorbar": {"outlinewidth": 0, "ticks": ""}}], "scatter": [{"fillpattern": {"fillmode": "overlay", "size": 10, "solidity": 0.2}, "type": "scatter"}], "parcoords": [{"type": "parcoords", "line": {"colorbar": {"outlinewidth": 0, "ticks": ""}}}], "scatterpolargl": [{"type": "scatterpolargl", "marker": {"colorbar": {"outlinewidth": 0, "ticks": ""}}}], "bar": [{"error_x": {"color": "#2a3f5f"}, "error_y": {"color": "#2a3f5f"}, "marker": {"line": {"color": "#E5ECF6", "width": 0.5}, "pattern": {"fillmode": "overlay", "size": 10, "solidity": 0.2}}, "type": "bar"}], "scattergeo": [{"type": "scattergeo", "marker": {"colorbar": {"outlinewidth": 0, "ticks": ""}}}], "scatterpolar": [{"type": "scatterpolar", "marker": {"colorbar": {"outlinewidth": 0, "ticks": ""}}}], "histogram": [{"marker": {"pattern": {"fillmode": "overlay", "size": 10, "solidity": 0.2}}, "type": "histogram"}], "scattergl": [{"type": "scattergl", "marker": {"colorbar": {"outlinewidth": 0, "ticks": ""}}}], "scatter3d": [{"type": "scatter3d", "line": {"colorbar": {"outlinewidth": 0, "ticks": ""}}, "marker": {"colorbar": {"outlinewidth": 0, "ticks": ""}}}], "scattermapbox": [{"type": "scattermapbox", "marker": {"colorbar": {"outlinewidth": 0, "ticks": ""}}}], "scatterternary": [{"type": "scatterternary", "marker": {"colorbar": {"outlinewidth": 0, "ticks": ""}}}], "scattercarpet": [{"type": "scattercarpet", "marker": {"colorbar": {"outlinewidth": 0, "ticks": ""}}}], "carpet": [{"aaxis": {"endlinecolor": "#2a3f5f", "gridcolor": "white", "linecolor": "white", "minorgridcolor": "white", "startlinecolor": "#2a3f5f"}, "baxis": {"endlinecolor": "#2a3f5f", "gridcolor": "white", "linecolor": "white", "minorgridcolor": "white", "startlinecolor": "#2a3f5f"}, "type": "carpet"}], "table": [{"cells": {"fill": {"color": "#EBF0F8"}, "line": {"color": "white"}}, "header": {"fill": {"color": "#C8D4E3"}, "line": {"color": "white"}}, "type": "table"}], "barpolar": [{"marker": {"line": {"color": "#E5ECF6", "width": 0.5}, "pattern": {"fillmode": "overlay", "size": 10, "solidity": 0.2}}, "type": "barpolar"}], "pie": [{"automargin": true, "type": "pie"}]}, "layout": {"autotypenumbers": "strict", "colorway": ["#636efa", "#EF553B", "#00cc96", "#ab63fa", "#FFA15A", "#19d3f3", "#FF6692", "#B6E880", "#FF97FF", "#FECB52"], "font": {"color": "#2a3f5f"}, "hovermode": "closest", "hoverlabel": {"align": "left"}, "paper_bgcolor": "white", "plot_bgcolor": "#E5ECF6", "polar": {"bgcolor": "#E5ECF6", "angularaxis": {"gridcolor": "white", "linecolor": "white", "ticks": ""}, "radialaxis": {"gridcolor": "white", "linecolor": "white", "ticks": ""}}, "ternary": {"bgcolor": "#E5ECF6", "aaxis": {"gridcolor": "white", "linecolor": "white", "ticks": ""}, "baxis": {"gridcolor": "white", "linecolor": "white", "ticks": ""}, "caxis": {"gridcolor": "white", "linecolor": "white", "ticks": ""}}, "coloraxis": {"colorbar": {"outlinewidth": 0, "ticks": ""}}, "colorscale": {"sequential": [[0.0, "#0d0887"], [0.1111111111111111, "#46039f"], [0.2222222222222222, "#7201a8"], [0.3333333333333333, "#9c179e"], [0.4444444444444444, "#bd3786"], [0.5555555555555556, "#d8576b"], [0.6666666666666666, "#ed7953"], [0.7777777777777778, "#fb9f3a"], [0.8888888888888888, "#fdca26"], [1.0, "#f0f921"]], "sequentialminus": [[0.0, "#0d0887"], [0.1111111111111111, "#46039f"], [0.2222222222222222, "#7201a8"], [0.3333333333333333, "#9c179e"], [0.4444444444444444, "#bd3786"], [0.5555555555555556, "#d8576b"], [0.6666666666666666, "#ed7953"], [0.7777777777777778, "#fb9f3a"], [0.8888888888888888, "#fdca26"], [1.0, "#f0f921"]], "diverging": [[0, "#8e0152"], [0.1, "#c51b7d"], [0.2, "#de77ae"], [0.3, "#f1b6da"], [0.4, "#fde0ef"], [0.5, "#f7f7f7"], [0.6, "#e6f5d0"], [0.7, "#b8e186"], [0.8, "#7fbc41"], [0.9, "#4d9221"], [1, "#276419"]]}, "xaxis": {"gridcolor": "white", "linecolor": "white", "ticks": "", "title": {"standoff": 15}, "zerolinecolor": "white", "automargin": true, "zerolinewidth": 2}, "yaxis": {"gridcolor": "white", "linecolor": "white", "ticks": "", "title": {"standoff": 15}, "zerolinecolor": "white", "automargin": true, "zerolinewidth": 2}, "scene": {"xaxis": {"backgroundcolor": "#E5ECF6", "gridcolor": "white", "linecolor": "white", "showbackground": true, "ticks": "", "zerolinecolor": "white", "gridwidth": 2}, "yaxis": {"backgroundcolor": "#E5ECF6", "gridcolor": "white", "linecolor": "white", "showbackground": true, "ticks": "", "zerolinecolor": "white", "gridwidth": 2}, "zaxis": {"backgroundcolor": "#E5ECF6", "gridcolor": "white", "linecolor": "white", "showbackground": true, "ticks": "", "zerolinecolor": "white", "gridwidth": 2}}, "shapedefaults": {"line": {"color": "#2a3f5f"}}, "annotationdefaults": {"arrowcolor": "#2a3f5f", "arrowhead": 0, "arrowwidth": 1}, "geo": {"bgcolor": "white", "landcolor": "#E5ECF6", "subunitcolor": "white", "showland": true, "showlakes": true, "lakecolor": "white"}, "title": {"x": 0.05}, "mapbox": {"style": "light"}}}}}