{"data": [{"z": [[22.6357421875, 1.0710402727127075, 3.0505754947662354, -2.6803665161132812, 7.97789192199707, 5.3777031898498535, -1.1719238758087158, 3.3576624393463135, -4.514618873596191, -6.016571044921875, 2.3917016983032227, 3.3660576343536377, -6.2178053855896, -5.037754535675049, -1.3537003993988037, 5.41049337387085, 1.7471258640289307, -4.878684997558594, -0.8192267417907715, -2.0436313152313232, 5.98340368270874], [1.0710402727127075, 19.863224029541016, -5.138145446777344, 2.1690516471862793, 2.883822441101074, -2.3145527839660645, 4.4652228355407715, 8.113089561462402, -3.591567039489746, 2.031829833984375, 1.8177903890609741, 0.4875500500202179, -1.1820096969604492, -1.3836311101913452, 2.8850257396698, -0.6856411099433899, -2.2847917079925537, -8.578015327453613, 0.00044035911560058594, -2.2051117420196533, 5.51800537109375], [3.0505754947662354, -5.138145446777344, 15.568668365478516, 4.967110633850098, 6.153040885925293, 0.016685182228684425, -1.9436724185943604, 3.560213088989258, -1.1663403511047363, 1.7688283920288086, -0.7802359461784363, 3.103210210800171, 1.1908867359161377, -4.4565019607543945, -2.0598323345184326, -3.1482458114624023, 1.4644806385040283, 0.5344944000244141, -1.657292366027832, 0.4915663003921509, -0.4929192066192627], [-2.6803665161132812, 2.1690516471862793, 4.967110633850098, 30.660356521606445, 6.037316799163818, -2.224872350692749, -2.0703303813934326, -0.25290346145629883, -2.297276020050049, 7.253162860870361, 0.18916815519332886, 4.726091384887695, 0.39316651225090027, -5.480287075042725, -1.8675832748413086, -5.857544422149658, 0.21222376823425293, -1.4504871368408203, -2.099816083908081, 3.35343074798584, -4.063464164733887], [7.97789192199707, 2.883822441101074, 6.153040885925293, 6.037316799163818, 24.82634925842285, -1.3350088596343994, -2.5945732593536377, -3.4090492725372314, -5.806437969207764, -3.330706834793091, 7.275597095489502, 1.6367653608322144, -1.314325213432312, -2.4545185565948486, -0.06889069825410843, -3.5153539180755615, 2.934581756591797, -2.681755542755127, 0.4130542278289795, -6.196582317352295, -4.947917461395264], [5.3777031898498535, -2.3145527839660645, 0.016685182228684425, -2.224872350692749, -1.3350088596343994, 16.09235954284668, 2.0850179195404053, 0.5619600415229797, 5.7393479347229, -5.239883899688721, -1.9568278789520264, 4.785876274108887, -4.548530578613281, -5.473097324371338, -1.5767525434494019, -1.5671370029449463, -1.3657491207122803, -1.9399900436401367, 4.882148742675781, -2.0028083324432373, 4.1779680252075195], [-1.1719238758087158, 4.4652228355407715, -1.9436724185943604, -2.0703303813934326, -2.5945732593536377, 2.0850179195404053, 29.619117736816406, -3.798430919647217, -3.1033496856689453, -4.227025985717773, -3.1150431632995605, -5.803849697113037, 8.183965682983398, 7.205777645111084, 9.2006254196167, 5.908818244934082, -1.3215038776397705, 0.2682391405105591, -5.132498264312744, -6.674717426300049, 12.350168228149414], [3.3576624393463135, 8.113089561462402, 3.560213088989258, -0.25290346145629883, -3.4090492725372314, 0.5619600415229797, -3.798430919647217, 38.639060974121094, 4.470787525177002, 5.612191200256348, 1.3012806177139282, 3.9354660511016846, -1.620305061340332, -0.7028758525848389, -7.15356969833374, 2.581692934036255, 1.4417462348937988, 0.2086883783340454, 0.4655938148498535, 9.233583450317383, 0.970244288444519], [-4.514618873596191, -3.591567039489746, -1.1663403511047363, -2.297276020050049, -5.806437969207764, 5.7393479347229, -3.1033496856689453, 4.470787525177002, 28.927736282348633, 7.789682865142822, -5.495981693267822, 4.919101715087891, -4.717604160308838, 2.910123825073242, 0.04244197905063629, -6.447042465209961, -3.872861862182617, 4.870705604553223, 1.0842175483703613, -7.0739617347717285, 6.601687908172607], [-6.016571044921875, 2.031829833984375, 1.7688283920288086, 7.253162860870361, -3.330706834793091, -5.239883899688721, -4.227025985717773, 5.612191200256348, 7.789682865142822, 16.616012573242188, -1.487067699432373, -3.580821990966797, 3.6209940910339355, 0.9728667736053467, -4.836095809936523, 0.6636267900466919, -0.6150459051132202, 0.6360485553741455, -2.361656665802002, -3.868619441986084, -4.574541091918945], [2.3917016983032227, 1.8177903890609741, -0.7802359461784363, 0.18916815519332886, 7.275597095489502, -1.9568278789520264, -3.1150431632995605, 1.3012806177139282, -5.495981693267822, -1.487067699432373, 28.21996307373047, -3.164904832839966, 4.038351058959961, 1.445343017578125, 3.869649648666382, 11.543078422546387, 1.831081748008728, -4.110479354858398, -2.6646063327789307, -1.1802845001220703, -12.239493370056152], [3.3660576343536377, 0.4875500500202179, 3.103210210800171, 4.726091384887695, 1.6367653608322144, 4.785876274108887, -5.803849697113037, 3.9354660511016846, 4.919101715087891, -3.580821990966797, -3.164904832839966, 22.481441497802734, -10.662968635559082, -4.276633262634277, -2.026230812072754, -3.8239753246307373, 0.1649632453918457, 2.6369082927703857, 4.2924089431762695, 2.0729122161865234, 13.250865936279297], [-6.2178053855896, -1.1820096969604492, 1.1908867359161377, 0.39316651225090027, -1.314325213432312, -4.548530578613281, 8.183965682983398, -1.620305061340332, -4.717604160308838, 3.6209940910339355, 4.038351058959961, -10.662968635559082, 26.368183135986328, 1.9941281080245972, 2.8203539848327637, 4.005254745483398, -1.2965736389160156, -4.71789026260376, -5.160694599151611, 4.7842254638671875, -9.437148094177246], [-5.037754535675049, -1.3836311101913452, -4.4565019607543945, -5.480287075042725, -2.4545185565948486, -5.473097324371338, 7.205777645111084, -0.7028758525848389, 2.910123825073242, 0.9728667736053467, 1.445343017578125, -4.276633262634277, 1.9941281080245972, 29.827245712280273, 6.387604713439941, 12.670083045959473, 3.7464728355407715, 5.372231960296631, 2.3704628944396973, -4.991499900817871, 1.3002374172210693], [-1.3537003993988037, 2.8850257396698, -2.0598323345184326, -1.8675832748413086, -0.06889069825410843, -1.5767525434494019, 9.2006254196167, -7.15356969833374, 0.04244197905063629, -4.836095809936523, 3.869649648666382, -2.026230812072754, 2.8203539848327637, 6.387604713439941, 26.21900177001953, 4.320581436157227, 2.7407126426696777, -9.341184616088867, 4.764290809631348, 3.710617780685425, 5.8913774490356445], [5.41049337387085, -0.6856411099433899, -3.1482458114624023, -5.857544422149658, -3.5153539180755615, -1.5671370029449463, 5.908818244934082, 2.581692934036255, -6.447042465209961, 0.6636267900466919, 11.543078422546387, -3.8239753246307373, 4.005254745483398, 12.670083045959473, 4.320581436157227, 34.91883850097656, 2.123392343521118, -0.46122705936431885, -9.33199691772461, -0.9334166049957275, -3.3821861743927], [1.7471258640289307, -2.2847917079925537, 1.4644807577133179, 0.21222341060638428, 2.9345815181732178, -1.3657490015029907, -1.32150399684906, 1.441746711730957, -3.872861862182617, -0.6150461435317993, 1.8310816287994385, 0.16496342420578003, -1.296573281288147, 3.7464728355407715, 2.740712881088257, 2.123392105102539, 14.387628555297852, 5.092124938964844, 2.557711124420166, 5.801954746246338, -2.888982057571411], [-4.878684997558594, -8.578014373779297, 0.5344945192337036, -1.4504876136779785, -2.681756019592285, -1.9399898052215576, 0.26823893189430237, 0.20868872106075287, 4.870706558227539, 0.6360480785369873, -4.110479831695557, 2.6369078159332275, -4.71789026260376, 5.372231960296631, -9.341184616088867, -0.4612269997596741, 5.092124938964844, 22.46273422241211, -2.520259380340576, -0.9788501262664795, 6.813110828399658], [-0.8192265629768372, 0.00044065594556741416, -1.657292127609253, -2.099816083908081, 0.4130540192127228, 4.882148742675781, -5.132498741149902, 0.4655943512916565, 1.0842173099517822, -2.361656665802002, -2.6646063327789307, 4.2924089431762695, -5.1606950759887695, 2.370461940765381, 4.7642903327941895, -9.33199691772461, 2.557711124420166, -2.520259380340576, 31.894132614135742, 7.468524932861328, 5.610433101654053], [-2.0436313152313232, -2.205111503601074, 0.49156615138053894, 3.35343074798584, -6.196582317352295, -2.0028083324432373, -6.674717426300049, 9.233583450317383, -7.073962211608887, -3.868619441986084, -1.1802847385406494, 2.072911262512207, 4.784224987030029, -4.991500377655029, 3.710618257522583, -0.9334166049957275, 5.801954746246338, -0.9788501262664795, 7.468524932861328, 28.64767837524414, -3.398569107055664], [5.98340368270874, 5.51800537109375, -0.4929191470146179, -4.0634636878967285, -4.947917461395264, 4.1779680252075195, 12.350168228149414, 0.9702451229095459, 6.601687431335449, -4.574541091918945, -12.239493370056152, 13.250866889953613, -9.43714714050293, 1.3002371788024902, 5.891376495361328, -3.3821868896484375, -2.8889822959899902, 6.8131103515625, 5.6104326248168945, -3.398568630218506, 34.139442443847656]], "type": "heatmap"}], "layout": {"template": {"data": {"histogram2dcontour": [{"type": "histogram2dcontour", "colorbar": {"outlinewidth": 0, "ticks": ""}, "colorscale": [[0.0, "#0d0887"], [0.1111111111111111, "#46039f"], [0.2222222222222222, "#7201a8"], [0.3333333333333333, "#9c179e"], [0.4444444444444444, "#bd3786"], [0.5555555555555556, "#d8576b"], [0.6666666666666666, "#ed7953"], [0.7777777777777778, "#fb9f3a"], [0.8888888888888888, "#fdca26"], [1.0, "#f0f921"]]}], "choropleth": [{"type": "choropleth", "colorbar": {"outlinewidth": 0, "ticks": ""}}], "histogram2d": [{"type": "histogram2d", "colorbar": {"outlinewidth": 0, "ticks": ""}, "colorscale": [[0.0, "#0d0887"], [0.1111111111111111, "#46039f"], [0.2222222222222222, "#7201a8"], [0.3333333333333333, "#9c179e"], [0.4444444444444444, "#bd3786"], [0.5555555555555556, "#d8576b"], [0.6666666666666666, "#ed7953"], [0.7777777777777778, "#fb9f3a"], [0.8888888888888888, "#fdca26"], [1.0, "#f0f921"]]}], "heatmap": [{"type": "heatmap", "colorbar": {"outlinewidth": 0, "ticks": ""}, "colorscale": [[0.0, "#0d0887"], [0.1111111111111111, "#46039f"], [0.2222222222222222, "#7201a8"], [0.3333333333333333, "#9c179e"], [0.4444444444444444, "#bd3786"], [0.5555555555555556, "#d8576b"], [0.6666666666666666, "#ed7953"], [0.7777777777777778, "#fb9f3a"], [0.8888888888888888, "#fdca26"], [1.0, "#f0f921"]]}], "heatmapgl": [{"type": "heatmapgl", "colorbar": {"outlinewidth": 0, "ticks": ""}, "colorscale": [[0.0, "#0d0887"], [0.1111111111111111, "#46039f"], [0.2222222222222222, "#7201a8"], [0.3333333333333333, "#9c179e"], [0.4444444444444444, "#bd3786"], [0.5555555555555556, "#d8576b"], [0.6666666666666666, "#ed7953"], [0.7777777777777778, "#fb9f3a"], [0.8888888888888888, "#fdca26"], [1.0, "#f0f921"]]}], "contourcarpet": [{"type": "contourcarpet", "colorbar": {"outlinewidth": 0, "ticks": ""}}], "contour": [{"type": "contour", "colorbar": {"outlinewidth": 0, "ticks": ""}, "colorscale": [[0.0, "#0d0887"], [0.1111111111111111, "#46039f"], [0.2222222222222222, "#7201a8"], [0.3333333333333333, "#9c179e"], [0.4444444444444444, "#bd3786"], [0.5555555555555556, "#d8576b"], [0.6666666666666666, "#ed7953"], [0.7777777777777778, "#fb9f3a"], [0.8888888888888888, "#fdca26"], [1.0, "#f0f921"]]}], "surface": [{"type": "surface", "colorbar": {"outlinewidth": 0, "ticks": ""}, "colorscale": [[0.0, "#0d0887"], [0.1111111111111111, "#46039f"], [0.2222222222222222, "#7201a8"], [0.3333333333333333, "#9c179e"], [0.4444444444444444, "#bd3786"], [0.5555555555555556, "#d8576b"], [0.6666666666666666, "#ed7953"], [0.7777777777777778, "#fb9f3a"], [0.8888888888888888, "#fdca26"], [1.0, "#f0f921"]]}], "mesh3d": [{"type": "mesh3d", "colorbar": {"outlinewidth": 0, "ticks": ""}}], "scatter": [{"fillpattern": {"fillmode": "overlay", "size": 10, "solidity": 0.2}, "type": "scatter"}], "parcoords": [{"type": "parcoords", "line": {"colorbar": {"outlinewidth": 0, "ticks": ""}}}], "scatterpolargl": [{"type": "scatterpolargl", "marker": {"colorbar": {"outlinewidth": 0, "ticks": ""}}}], "bar": [{"error_x": {"color": "#2a3f5f"}, "error_y": {"color": "#2a3f5f"}, "marker": {"line": {"color": "#E5ECF6", "width": 0.5}, "pattern": {"fillmode": "overlay", "size": 10, "solidity": 0.2}}, "type": "bar"}], "scattergeo": [{"type": "scattergeo", "marker": {"colorbar": {"outlinewidth": 0, "ticks": ""}}}], "scatterpolar": [{"type": "scatterpolar", "marker": {"colorbar": {"outlinewidth": 0, "ticks": ""}}}], "histogram": [{"marker": {"pattern": {"fillmode": "overlay", "size": 10, "solidity": 0.2}}, "type": "histogram"}], "scattergl": [{"type": "scattergl", "marker": {"colorbar": {"outlinewidth": 0, "ticks": ""}}}], "scatter3d": [{"type": "scatter3d", "line": {"colorbar": {"outlinewidth": 0, "ticks": ""}}, "marker": {"colorbar": {"outlinewidth": 0, "ticks": ""}}}], "scattermapbox": [{"type": "scattermapbox", "marker": {"colorbar": {"outlinewidth": 0, "ticks": ""}}}], "scatterternary": [{"type": "scatterternary", "marker": {"colorbar": {"outlinewidth": 0, "ticks": ""}}}], "scattercarpet": [{"type": "scattercarpet", "marker": {"colorbar": {"outlinewidth": 0, "ticks": ""}}}], "carpet": [{"aaxis": {"endlinecolor": "#2a3f5f", "gridcolor": "white", "linecolor": "white", "minorgridcolor": "white", "startlinecolor": "#2a3f5f"}, "baxis": {"endlinecolor": "#2a3f5f", "gridcolor": "white", "linecolor": "white", "minorgridcolor": "white", "startlinecolor": "#2a3f5f"}, "type": "carpet"}], "table": [{"cells": {"fill": {"color": "#EBF0F8"}, "line": {"color": "white"}}, "header": {"fill": {"color": "#C8D4E3"}, "line": {"color": "white"}}, "type": "table"}], "barpolar": [{"marker": {"line": {"color": "#E5ECF6", "width": 0.5}, "pattern": {"fillmode": "overlay", "size": 10, "solidity": 0.2}}, "type": "barpolar"}], "pie": [{"automargin": true, "type": "pie"}]}, "layout": {"autotypenumbers": "strict", "colorway": ["#636efa", "#EF553B", "#00cc96", "#ab63fa", "#FFA15A", "#19d3f3", "#FF6692", "#B6E880", "#FF97FF", "#FECB52"], "font": {"color": "#2a3f5f"}, "hovermode": "closest", "hoverlabel": {"align": "left"}, "paper_bgcolor": "white", "plot_bgcolor": "#E5ECF6", "polar": {"bgcolor": "#E5ECF6", "angularaxis": {"gridcolor": "white", "linecolor": "white", "ticks": ""}, "radialaxis": {"gridcolor": "white", "linecolor": "white", "ticks": ""}}, "ternary": {"bgcolor": "#E5ECF6", "aaxis": {"gridcolor": "white", "linecolor": "white", "ticks": ""}, "baxis": {"gridcolor": "white", "linecolor": "white", "ticks": ""}, "caxis": {"gridcolor": "white", "linecolor": "white", "ticks": ""}}, "coloraxis": {"colorbar": {"outlinewidth": 0, "ticks": ""}}, "colorscale": {"sequential": [[0.0, "#0d0887"], [0.1111111111111111, "#46039f"], [0.2222222222222222, "#7201a8"], [0.3333333333333333, "#9c179e"], [0.4444444444444444, "#bd3786"], [0.5555555555555556, "#d8576b"], [0.6666666666666666, "#ed7953"], [0.7777777777777778, "#fb9f3a"], [0.8888888888888888, "#fdca26"], [1.0, "#f0f921"]], "sequentialminus": [[0.0, "#0d0887"], [0.1111111111111111, "#46039f"], [0.2222222222222222, "#7201a8"], [0.3333333333333333, "#9c179e"], [0.4444444444444444, "#bd3786"], [0.5555555555555556, "#d8576b"], [0.6666666666666666, "#ed7953"], [0.7777777777777778, "#fb9f3a"], [0.8888888888888888, "#fdca26"], [1.0, "#f0f921"]], "diverging": [[0, "#8e0152"], [0.1, "#c51b7d"], [0.2, "#de77ae"], [0.3, "#f1b6da"], [0.4, "#fde0ef"], [0.5, "#f7f7f7"], [0.6, "#e6f5d0"], [0.7, "#b8e186"], [0.8, "#7fbc41"], [0.9, "#4d9221"], [1, "#276419"]]}, "xaxis": {"gridcolor": "white", "linecolor": "white", "ticks": "", "title": {"standoff": 15}, "zerolinecolor": "white", "automargin": true, "zerolinewidth": 2}, "yaxis": {"gridcolor": "white", "linecolor": "white", "ticks": "", "title": {"standoff": 15}, "zerolinecolor": "white", "automargin": true, "zerolinewidth": 2}, "scene": {"xaxis": {"backgroundcolor": "#E5ECF6", "gridcolor": "white", "linecolor": "white", "showbackground": true, "ticks": "", "zerolinecolor": "white", "gridwidth": 2}, "yaxis": {"backgroundcolor": "#E5ECF6", "gridcolor": "white", "linecolor": "white", "showbackground": true, "ticks": "", "zerolinecolor": "white", "gridwidth": 2}, "zaxis": {"backgroundcolor": "#E5ECF6", "gridcolor": "white", "linecolor": "white", "showbackground": true, "ticks": "", "zerolinecolor": "white", "gridwidth": 2}}, "shapedefaults": {"line": {"color": "#2a3f5f"}}, "annotationdefaults": {"arrowcolor": "#2a3f5f", "arrowhead": 0, "arrowwidth": 1}, "geo": {"bgcolor": "white", "landcolor": "#E5ECF6", "subunitcolor": "white", "showland": true, "showlakes": true, "lakecolor": "white"}, "title": {"x": 0.05}, "mapbox": {"style": "light"}}}}}