{"data": [{"z": [[27.189250946044922, -0.1814827173948288, 3.8214426040649414, 0.8971753716468811, -5.716682434082031, -6.914781093597412, 5.853565216064453, 1.4284350872039795, 4.5556559562683105, -6.653339385986328, -1.3534287214279175, 1.5662479400634766, 0.2167702615261078, -4.580878257751465, -5.059000492095947, -0.5977779626846313, -6.551529407501221, 3.3316168785095215, -0.449756383895874, -8.123836517333984, 4.460576057434082], [-0.1814827173948288, 24.14900779724121, 0.7023288011550903, -3.0390713214874268, 5.971988201141357, -5.876858711242676, -3.4533207416534424, -3.6788063049316406, -0.2993006408214569, -0.34986990690231323, -3.679774045944214, 9.122335433959961, 3.8604252338409424, -2.833591938018799, 6.709254264831543, -5.881559371948242, -2.673625946044922, 5.336893558502197, 2.221825122833252, -0.10660195350646973, 1.966508150100708], [3.8214426040649414, 0.7023288011550903, 16.15311050415039, -1.968208909034729, 3.522714138031006, -0.4260837435722351, 8.941496849060059, -3.315326690673828, -0.01969454064965248, -3.0631511211395264, 2.495837926864624, 0.8392205238342285, 1.4285774230957031, -4.012608528137207, -2.923861503601074, 4.770883083343506, 1.0631150007247925, -1.9546022415161133, -6.449260711669922, 4.34986686706543, 1.7357771396636963], [0.8971753716468811, -3.0390713214874268, -1.968208909034729, 23.79473876953125, -3.341867446899414, 4.897420406341553, 3.8873836994171143, -0.8391952514648438, 1.4494775533676147, 0.5572074055671692, 0.29869282245635986, 4.522687911987305, 3.3862457275390625, -0.44434988498687744, 0.8176689743995667, -0.23047594726085663, -5.141571998596191, -3.2421212196350098, 3.1519603729248047, -1.3802309036254883, 0.8324729204177856], [-5.716682434082031, 5.971988201141357, 3.522714138031006, -3.341867446899414, 22.28248405456543, -4.1948323249816895, 0.29208773374557495, -4.486311435699463, 2.590177536010742, -5.027355670928955, -0.7502259016036987, 0.716422975063324, 0.9038702845573425, -1.950972318649292, 2.137089729309082, -0.44921159744262695, 1.4533568620681763, 0.8148587942123413, -9.748031616210938, 5.7405924797058105, 3.2557766437530518], [-6.914781093597412, -5.876858711242676, -0.4260837435722351, 4.897420406341553, -4.1948323249816895, 33.08194351196289, 1.5464218854904175, 1.8806095123291016, -1.3740636110305786, 2.639070510864258, -0.7959954738616943, -9.888747215270996, -0.5922073125839233, 0.5007506608963013, 2.302893877029419, 3.493342399597168, -0.38395261764526367, -7.319198131561279, 9.212359428405762, 4.135363578796387, -6.582559585571289], [5.853565216064453, -3.4533207416534424, 8.941496849060059, 3.8873836994171143, 0.29208773374557495, 1.5464218854904175, 20.33135986328125, -1.44729745388031, -0.30221593379974365, 1.8134849071502686, 1.5711297988891602, -1.7811733484268188, 2.3610405921936035, 1.9595919847488403, -2.532522439956665, 3.6609702110290527, -3.7944235801696777, -0.48136329650878906, -3.9832358360290527, -6.040876388549805, -2.3653783798217773], [1.4284350872039795, -3.6788063049316406, -3.315326690673828, -0.8391952514648438, -4.486311435699463, 1.8806095123291016, -1.44729745388031, 14.495255470275879, -1.2635239362716675, -2.748720169067383, 1.806419849395752, -1.6526002883911133, -4.590421676635742, 1.8103445768356323, -1.6069035530090332, -3.852644920349121, 3.735232353210449, -2.698364019393921, -2.1058197021484375, 0.7655340433120728, -0.816750705242157], [4.5556559562683105, -0.2993006408214569, -0.01969454064965248, 1.4494775533676147, 2.590177536010742, -1.3740636110305786, -0.30221593379974365, -1.2635239362716675, 18.443492889404297, -3.7009615898132324, 1.4963066577911377, -3.578148603439331, 6.89616584777832, -3.6916675567626953, 0.2521471083164215, -0.04344398155808449, -4.404470920562744, 2.5560619831085205, -2.4766902923583984, 0.11433535814285278, 1.5416339635849], [-6.653339385986328, -0.34986990690231323, -3.0631511211395264, 0.5572074055671692, -5.027355670928955, 2.639070510864258, 1.8134849071502686, -2.748720169067383, -3.7009615898132324, 27.8745174407959, 4.074244022369385, -1.0804823637008667, -4.225491046905518, 4.189487457275391, 1.339592695236206, 3.386451244354248, 5.51988410949707, 0.33553218841552734, 4.52612829208374, -3.391026496887207, -3.081657648086548], [-1.3534287214279175, -3.679774045944214, 2.495837926864624, 0.29869282245635986, -0.7502259016036987, -0.7959954738616943, 1.5711297988891602, 1.806419849395752, 1.4963066577911377, 4.074244022369385, 21.43379783630371, -0.32594364881515503, 3.530768394470215, 0.9064478278160095, -5.518230438232422, 1.6794605255126953, 1.048264741897583, -9.38591194152832, -2.0197508335113525, -1.33125638961792, 0.9297059774398804], [1.5662479400634766, 9.122335433959961, 0.8392205238342285, 4.522687911987305, 0.716422975063324, -9.888747215270996, -1.7811733484268188, -1.6526002883911133, -3.578148603439331, -1.0804823637008667, -0.32594364881515503, 24.12356948852539, 1.7395519018173218, 4.121758460998535, 1.0772818326950073, -4.27384614944458, 2.778271198272705, -3.330425262451172, 0.2852458953857422, 2.8743112087249756, 4.4301533699035645], [0.2167702615261078, 3.8604252338409424, 1.4285774230957031, 3.3862457275390625, 0.9038702845573425, -0.5922073125839233, 2.3610405921936035, -4.590421676635742, 6.89616584777832, -4.225491046905518, 3.530768394470215, 1.7395519018173218, 20.883989334106445, 2.244927406311035, 1.2030085325241089, 1.1254918575286865, -9.072108268737793, 5.571714401245117, 1.3887609243392944, -5.083177089691162, -0.5519374012947083], [-4.580878257751465, -2.833591938018799, -4.012608528137207, -0.44434988498687744, -1.950972318649292, 0.5007506608963013, 1.9595919847488403, 1.8103445768356323, -3.6916675567626953, 4.189487457275391, 0.9064478278160095, 4.121758460998535, 2.244927406311035, 17.606853485107422, 2.5381507873535156, -2.887221097946167, -1.405228614807129, -2.659018039703369, 2.2514536380767822, -2.9456827640533447, -2.8573203086853027], [-5.059000492095947, 6.709254264831543, -2.923861503601074, 0.8176689743995667, 2.137089729309082, 2.302893877029419, -2.532522439956665, -1.6069035530090332, 0.2521471083164215, 1.339592695236206, -5.518230438232422, 1.0772818326950073, 1.2030085325241089, 2.5381507873535156, 10.82972240447998, 0.4827990233898163, -3.3590826988220215, 4.784884929656982, 6.643095970153809, 0.9019711017608643, -4.963238716125488], [-0.5977779626846313, -5.881559371948242, 4.770883083343506, -0.23047594726085663, -0.44921159744262695, 3.493342399597168, 3.6609702110290527, -3.852644920349121, -0.04344398155808449, 3.386451244354248, 1.6794605255126953, -4.27384614944458, 1.1254918575286865, -2.887221097946167, 0.4827990233898163, 15.871283531188965, 6.143056869506836, 2.223510503768921, 2.4456233978271484, 1.0168073177337646, -3.8308610916137695], [-6.551530838012695, -2.673626184463501, 1.0631150007247925, -5.141571044921875, 1.4533562660217285, -0.3839525580406189, -3.794424533843994, 3.735232353210449, -4.404471397399902, 5.519883632659912, 1.0482646226882935, 2.7782716751098633, -9.072107315063477, -1.4052287340164185, -3.3590822219848633, 6.143057823181152, 23.194307327270508, -4.924201965332031, -6.337779998779297, 8.831069946289062, 1.5355637073516846], [3.3316168785095215, 5.3368940353393555, -1.954602599143982, -3.2421209812164307, 0.8148590922355652, -7.319198131561279, -0.4813630282878876, -2.6983630657196045, 2.5560619831085205, 0.3355322480201721, -9.385912895202637, -3.33042573928833, 5.571713924407959, -2.659017562866211, 4.784884452819824, 2.2235097885131836, -4.924201965332031, 28.47868537902832, 2.065873384475708, -4.215240955352783, -7.853135108947754], [-0.4497559368610382, 2.2218260765075684, -6.449260711669922, 3.151960849761963, -9.748031616210938, 9.212358474731445, -3.9832355976104736, -2.1058197021484375, -2.4766902923583984, 4.526128768920898, -2.0197510719299316, 0.28524670004844666, 1.3887614011764526, 2.2514536380767822, 6.643095970153809, 2.4456229209899902, -6.337779998779297, 2.065873384475708, 30.763216018676758, 2.2385621070861816, -2.816734790802002], [-8.123836517333984, -0.10660210251808167, 4.34986686706543, -1.3802309036254883, 5.7405924797058105, 4.135364055633545, -6.040876388549805, 0.7655340433120728, 0.11433538049459457, -3.391026496887207, -1.3312565088272095, 2.874311685562134, -5.08317756652832, -2.945683479309082, 0.9019710421562195, 1.0168074369430542, 8.831069946289062, -4.215240955352783, 2.2385621070861816, 19.446155548095703, 2.349252700805664], [4.46057653427124, 1.9665082693099976, 1.7357773780822754, 0.8324723243713379, 3.255776882171631, -6.582559585571289, -2.3653786182403564, -0.8167505860328674, 1.5416343212127686, -3.0816574096679688, 0.9297052621841431, 4.4301533699035645, -0.5519374012947083, -2.8573198318481445, -4.963238716125488, -3.8308610916137695, 1.535563588142395, -7.8531341552734375, -2.816734790802002, 2.349252700805664, 13.339052200317383]], "type": "heatmap"}], "layout": {"template": {"data": {"histogram2dcontour": [{"type": "histogram2dcontour", "colorbar": {"outlinewidth": 0, "ticks": ""}, "colorscale": [[0.0, "#0d0887"], [0.1111111111111111, "#46039f"], [0.2222222222222222, "#7201a8"], [0.3333333333333333, "#9c179e"], [0.4444444444444444, "#bd3786"], [0.5555555555555556, "#d8576b"], [0.6666666666666666, "#ed7953"], [0.7777777777777778, "#fb9f3a"], [0.8888888888888888, "#fdca26"], [1.0, "#f0f921"]]}], "choropleth": [{"type": "choropleth", "colorbar": {"outlinewidth": 0, "ticks": ""}}], "histogram2d": [{"type": "histogram2d", "colorbar": {"outlinewidth": 0, "ticks": ""}, "colorscale": [[0.0, "#0d0887"], [0.1111111111111111, "#46039f"], [0.2222222222222222, "#7201a8"], [0.3333333333333333, "#9c179e"], [0.4444444444444444, "#bd3786"], [0.5555555555555556, "#d8576b"], [0.6666666666666666, "#ed7953"], [0.7777777777777778, "#fb9f3a"], [0.8888888888888888, "#fdca26"], [1.0, "#f0f921"]]}], "heatmap": [{"type": "heatmap", "colorbar": {"outlinewidth": 0, "ticks": ""}, "colorscale": [[0.0, "#0d0887"], [0.1111111111111111, "#46039f"], [0.2222222222222222, "#7201a8"], [0.3333333333333333, "#9c179e"], [0.4444444444444444, "#bd3786"], [0.5555555555555556, "#d8576b"], [0.6666666666666666, "#ed7953"], [0.7777777777777778, "#fb9f3a"], [0.8888888888888888, "#fdca26"], [1.0, "#f0f921"]]}], "heatmapgl": [{"type": "heatmapgl", "colorbar": {"outlinewidth": 0, "ticks": ""}, "colorscale": [[0.0, "#0d0887"], [0.1111111111111111, "#46039f"], [0.2222222222222222, "#7201a8"], [0.3333333333333333, "#9c179e"], [0.4444444444444444, "#bd3786"], [0.5555555555555556, "#d8576b"], [0.6666666666666666, "#ed7953"], [0.7777777777777778, "#fb9f3a"], [0.8888888888888888, "#fdca26"], [1.0, "#f0f921"]]}], "contourcarpet": [{"type": "contourcarpet", "colorbar": {"outlinewidth": 0, "ticks": ""}}], "contour": [{"type": "contour", "colorbar": {"outlinewidth": 0, "ticks": ""}, "colorscale": [[0.0, "#0d0887"], [0.1111111111111111, "#46039f"], [0.2222222222222222, "#7201a8"], [0.3333333333333333, "#9c179e"], [0.4444444444444444, "#bd3786"], [0.5555555555555556, "#d8576b"], [0.6666666666666666, "#ed7953"], [0.7777777777777778, "#fb9f3a"], [0.8888888888888888, "#fdca26"], [1.0, "#f0f921"]]}], "surface": [{"type": "surface", "colorbar": {"outlinewidth": 0, "ticks": ""}, "colorscale": [[0.0, "#0d0887"], [0.1111111111111111, "#46039f"], [0.2222222222222222, "#7201a8"], [0.3333333333333333, "#9c179e"], [0.4444444444444444, "#bd3786"], [0.5555555555555556, "#d8576b"], [0.6666666666666666, "#ed7953"], [0.7777777777777778, "#fb9f3a"], [0.8888888888888888, "#fdca26"], [1.0, "#f0f921"]]}], "mesh3d": [{"type": "mesh3d", "colorbar": {"outlinewidth": 0, "ticks": ""}}], "scatter": [{"fillpattern": {"fillmode": "overlay", "size": 10, "solidity": 0.2}, "type": "scatter"}], "parcoords": [{"type": "parcoords", "line": {"colorbar": {"outlinewidth": 0, "ticks": ""}}}], "scatterpolargl": [{"type": "scatterpolargl", "marker": {"colorbar": {"outlinewidth": 0, "ticks": ""}}}], "bar": [{"error_x": {"color": "#2a3f5f"}, "error_y": {"color": "#2a3f5f"}, "marker": {"line": {"color": "#E5ECF6", "width": 0.5}, "pattern": {"fillmode": "overlay", "size": 10, "solidity": 0.2}}, "type": "bar"}], "scattergeo": [{"type": "scattergeo", "marker": {"colorbar": {"outlinewidth": 0, "ticks": ""}}}], "scatterpolar": [{"type": "scatterpolar", "marker": {"colorbar": {"outlinewidth": 0, "ticks": ""}}}], "histogram": [{"marker": {"pattern": {"fillmode": "overlay", "size": 10, "solidity": 0.2}}, "type": "histogram"}], "scattergl": [{"type": "scattergl", "marker": {"colorbar": {"outlinewidth": 0, "ticks": ""}}}], "scatter3d": [{"type": "scatter3d", "line": {"colorbar": {"outlinewidth": 0, "ticks": ""}}, "marker": {"colorbar": {"outlinewidth": 0, "ticks": ""}}}], "scattermapbox": [{"type": "scattermapbox", "marker": {"colorbar": {"outlinewidth": 0, "ticks": ""}}}], "scatterternary": [{"type": "scatterternary", "marker": {"colorbar": {"outlinewidth": 0, "ticks": ""}}}], "scattercarpet": [{"type": "scattercarpet", "marker": {"colorbar": {"outlinewidth": 0, "ticks": ""}}}], "carpet": [{"aaxis": {"endlinecolor": "#2a3f5f", "gridcolor": "white", "linecolor": "white", "minorgridcolor": "white", "startlinecolor": "#2a3f5f"}, "baxis": {"endlinecolor": "#2a3f5f", "gridcolor": "white", "linecolor": "white", "minorgridcolor": "white", "startlinecolor": "#2a3f5f"}, "type": "carpet"}], "table": [{"cells": {"fill": {"color": "#EBF0F8"}, "line": {"color": "white"}}, "header": {"fill": {"color": "#C8D4E3"}, "line": {"color": "white"}}, "type": "table"}], "barpolar": [{"marker": {"line": {"color": "#E5ECF6", "width": 0.5}, "pattern": {"fillmode": "overlay", "size": 10, "solidity": 0.2}}, "type": "barpolar"}], "pie": [{"automargin": true, "type": "pie"}]}, "layout": {"autotypenumbers": "strict", "colorway": ["#636efa", "#EF553B", "#00cc96", "#ab63fa", "#FFA15A", "#19d3f3", "#FF6692", "#B6E880", "#FF97FF", "#FECB52"], "font": {"color": "#2a3f5f"}, "hovermode": "closest", "hoverlabel": {"align": "left"}, "paper_bgcolor": "white", "plot_bgcolor": "#E5ECF6", "polar": {"bgcolor": "#E5ECF6", "angularaxis": {"gridcolor": "white", "linecolor": "white", "ticks": ""}, "radialaxis": {"gridcolor": "white", "linecolor": "white", "ticks": ""}}, "ternary": {"bgcolor": "#E5ECF6", "aaxis": {"gridcolor": "white", "linecolor": "white", "ticks": ""}, "baxis": {"gridcolor": "white", "linecolor": "white", "ticks": ""}, "caxis": {"gridcolor": "white", "linecolor": "white", "ticks": ""}}, "coloraxis": {"colorbar": {"outlinewidth": 0, "ticks": ""}}, "colorscale": {"sequential": [[0.0, "#0d0887"], [0.1111111111111111, "#46039f"], [0.2222222222222222, "#7201a8"], [0.3333333333333333, "#9c179e"], [0.4444444444444444, "#bd3786"], [0.5555555555555556, "#d8576b"], [0.6666666666666666, "#ed7953"], [0.7777777777777778, "#fb9f3a"], [0.8888888888888888, "#fdca26"], [1.0, "#f0f921"]], "sequentialminus": [[0.0, "#0d0887"], [0.1111111111111111, "#46039f"], [0.2222222222222222, "#7201a8"], [0.3333333333333333, "#9c179e"], [0.4444444444444444, "#bd3786"], [0.5555555555555556, "#d8576b"], [0.6666666666666666, "#ed7953"], [0.7777777777777778, "#fb9f3a"], [0.8888888888888888, "#fdca26"], [1.0, "#f0f921"]], "diverging": [[0, "#8e0152"], [0.1, "#c51b7d"], [0.2, "#de77ae"], [0.3, "#f1b6da"], [0.4, "#fde0ef"], [0.5, "#f7f7f7"], [0.6, "#e6f5d0"], [0.7, "#b8e186"], [0.8, "#7fbc41"], [0.9, "#4d9221"], [1, "#276419"]]}, "xaxis": {"gridcolor": "white", "linecolor": "white", "ticks": "", "title": {"standoff": 15}, "zerolinecolor": "white", "automargin": true, "zerolinewidth": 2}, "yaxis": {"gridcolor": "white", "linecolor": "white", "ticks": "", "title": {"standoff": 15}, "zerolinecolor": "white", "automargin": true, "zerolinewidth": 2}, "scene": {"xaxis": {"backgroundcolor": "#E5ECF6", "gridcolor": "white", "linecolor": "white", "showbackground": true, "ticks": "", "zerolinecolor": "white", "gridwidth": 2}, "yaxis": {"backgroundcolor": "#E5ECF6", "gridcolor": "white", "linecolor": "white", "showbackground": true, "ticks": "", "zerolinecolor": "white", "gridwidth": 2}, "zaxis": {"backgroundcolor": "#E5ECF6", "gridcolor": "white", "linecolor": "white", "showbackground": true, "ticks": "", "zerolinecolor": "white", "gridwidth": 2}}, "shapedefaults": {"line": {"color": "#2a3f5f"}}, "annotationdefaults": {"arrowcolor": "#2a3f5f", "arrowhead": 0, "arrowwidth": 1}, "geo": {"bgcolor": "white", "landcolor": "#E5ECF6", "subunitcolor": "white", "showland": true, "showlakes": true, "lakecolor": "white"}, "title": {"x": 0.05}, "mapbox": {"style": "light"}}}}}