{"data": [{"z": [[27.751995086669922, -0.25107255578041077, 3.8757035732269287, 0.845867931842804, -5.763138294219971, -7.092545986175537, 5.811580657958984, 1.4121826887130737, 4.585552215576172, -6.955586910247803, -1.4167180061340332, 1.5637054443359375, 0.1610569804906845, -4.69428014755249, -5.223166465759277, -0.6857535243034363, -6.693883895874023, 3.4392237663269043, -0.5353438854217529, -8.393010139465332, 4.554873466491699], [-0.25107255578041077, 24.8250732421875, 0.657167911529541, -3.2877423763275146, 6.163272380828857, -6.210047721862793, -3.6191112995147705, -3.918562889099121, -0.2846203148365021, -0.511365532875061, -3.7896461486816406, 9.402674674987793, 4.101690292358398, -2.8459911346435547, 6.921695709228516, -6.127340316772461, -2.8773183822631836, 5.527131080627441, 2.2597451210021973, -0.12770700454711914, 1.9958488941192627], [3.8757035732269287, 0.657167911529541, 16.49458122253418, -2.0818493366241455, 3.4652421474456787, -0.5667245984077454, 9.081984519958496, -3.419316053390503, -0.04028085246682167, -3.1833066940307617, 2.4469738006591797, 0.7560295462608337, 1.5021570920944214, -4.187458515167236, -3.084913492202759, 4.794379711151123, 0.959004282951355, -2.056419610977173, -6.639709949493408, 4.350151062011719, 1.8230655193328857], [0.845867931842804, -3.2877423763275146, -2.0818493366241455, 24.255727767944336, -3.565121650695801, 4.975370407104492, 4.041421413421631, -0.9590432047843933, 1.4102723598480225, 0.62605220079422, 0.33324921131134033, 4.443532466888428, 3.347076654434204, -0.5648629665374756, 0.7379737496376038, -0.1832660734653473, -5.314845085144043, -3.447704315185547, 3.2818689346313477, -1.48029625415802, 0.8232431411743164], [-5.763138294219971, 6.163272380828857, 3.4652421474456787, -3.565121650695801, 22.629520416259766, -4.461761474609375, 0.12209275364875793, -4.5613203048706055, 2.5903711318969727, -5.170409202575684, -0.7934041619300842, 0.7747660875320435, 0.9015693664550781, -2.026082992553711, 2.132798671722412, -0.6595315337181091, 1.4661448001861572, 0.7830373048782349, -9.975000381469727, 5.8330793380737305, 3.363231658935547], [-7.092545986175537, -6.210047721862793, -0.5667245984077454, 4.975370407104492, -4.461761474609375, 33.68893814086914, 1.7710169553756714, 1.901043176651001, -1.4231767654418945, 2.723323106765747, -0.8341687321662903, -10.283706665039062, -0.7964813113212585, 0.4990553855895996, 2.223590612411499, 3.6112091541290283, -0.4582902789115906, -7.57229471206665, 9.302978515625, 4.099822998046875, -6.630326271057129], [5.811580657958984, -3.6191112995147705, 9.081984519958496, 4.041421413421631, 0.12209275364875793, 1.7710169553756714, 20.752195358276367, -1.5680327415466309, -0.22155919671058655, 1.8119152784347534, 1.624576210975647, -1.9127588272094727, 2.415295362472534, 1.9261789321899414, -2.642338752746582, 3.7988357543945312, -3.903225898742676, -0.5016770362854004, -3.929755687713623, -6.127074241638184, -2.443502902984619], [1.4121826887130737, -3.918562889099121, -3.419316053390503, -0.9590432047843933, -4.5613203048706055, 1.901043176651001, -1.5680327415466309, 14.84219741821289, -1.380035638809204, -2.8908886909484863, 1.9209526777267456, -1.8268688917160034, -4.766517639160156, 1.9314355850219727, -1.70229172706604, -4.1036787033081055, 3.819093704223633, -2.8423891067504883, -2.279951572418213, 0.620416522026062, -0.7582019567489624], [4.585552215576172, -0.2846203148365021, -0.04028085246682167, 1.4102723598480225, 2.5903711318969727, -1.4231767654418945, -0.22155919671058655, -1.380035638809204, 18.855764389038086, -3.76422119140625, 1.4758867025375366, -3.6707024574279785, 6.997243404388428, -3.8455328941345215, 0.19755910336971283, -0.09474928677082062, -4.520665168762207, 2.5395634174346924, -2.522123098373413, 0.0512908399105072, 1.5755425691604614], [-6.955586910247803, -0.511365532875061, -3.1833066940307617, 0.62605220079422, -5.170409202575684, 2.723323106765747, 1.8119152784347534, -2.8908886909484863, -3.76422119140625, 28.36053466796875, 4.0934624671936035, -1.1784511804580688, -4.435011863708496, 4.113609313964844, 1.1966867446899414, 3.503619909286499, 5.645306587219238, 0.278989315032959, 4.601936340332031, -3.55366849899292, -3.106895685195923], [-1.4167180061340332, -3.7896461486816406, 2.4469738006591797, 0.33324921131134033, -0.7934041619300842, -0.8341687321662903, 1.624576210975647, 1.9209526777267456, 1.4758867025375366, 4.0934624671936035, 21.922834396362305, -0.4803147614002228, 3.5128374099731445, 0.8839739561080933, -5.656688690185547, 1.664882779121399, 1.031958818435669, -9.601624488830566, -2.159122943878174, -1.458024501800537, 0.9317294359207153], [1.5637054443359375, 9.402674674987793, 0.7560295462608337, 4.443532466888428, 0.7747660875320435, -10.283706665039062, -1.9127588272094727, -1.8268688917160034, -3.6707024574279785, -1.1784511804580688, -0.4803147614002228, 24.618350982666016, 1.8652302026748657, 4.151171684265137, 1.0586551427841187, -4.491617202758789, 2.700343132019043, -3.318362236022949, 0.29332756996154785, 2.9832944869995117, 4.486599922180176], [0.1610569804906845, 4.101690292358398, 1.5021570920944214, 3.347076654434204, 0.9015693664550781, -0.7964813113212585, 2.415295362472534, -4.766517639160156, 6.997243404388428, -4.435011863708496, 3.5128374099731445, 1.8652302026748657, 21.296117782592773, 2.249375343322754, 1.220536470413208, 1.0233592987060547, -9.368782043457031, 5.662078857421875, 1.404224157333374, -5.183919906616211, -0.5146057605743408], [-4.69428014755249, -2.8459911346435547, -4.187458515167236, -0.5648629665374756, -2.026082992553711, 0.4990553855895996, 1.9261789321899414, 1.9314355850219727, -3.8455328941345215, 4.113609313964844, 0.8839739561080933, 4.151171684265137, 2.249375343322754, 17.955699920654297, 2.5314319133758545, -3.0901172161102295, -1.5005767345428467, -2.7704038619995117, 2.2348756790161133, -3.0652172565460205, -2.8384242057800293], [-5.223166465759277, 6.921695709228516, -3.084913492202759, 0.7379737496376038, 2.132798671722412, 2.223590612411499, -2.642338752746582, -1.70229172706604, 0.19755910336971283, 1.1966867446899414, -5.656688690185547, 1.0586551427841187, 1.220536470413208, 2.5314319133758545, 10.994930267333984, 0.36242130398750305, -3.573624849319458, 4.823796272277832, 6.7269287109375, 0.8092117309570312, -4.939301013946533], [-0.6857535243034363, -6.127340316772461, 4.794379711151123, -0.1832660734653473, -0.6595315337181091, 3.6112091541290283, 3.7988357543945312, -4.1036787033081055, -0.09474928677082062, 3.503619909286499, 1.664882779121399, -4.491617202758789, 1.0233592987060547, -3.0901172161102295, 0.36242130398750305, 16.21094512939453, 6.177992343902588, 2.214157819747925, 2.4723830223083496, 0.9460204839706421, -3.8951995372772217], [-6.693883419036865, -2.877318859100342, 0.9590045809745789, -5.314844608306885, 1.4661449193954468, -0.4582904279232025, -3.903225898742676, 3.819093942642212, -4.520664215087891, 5.6453070640563965, 1.031958818435669, 2.700343132019043, -9.368782997131348, -1.5005769729614258, -3.573625087738037, 6.177992343902588, 23.601926803588867, -5.127663612365723, -6.615015029907227, 9.01161003112793, 1.5919805765151978], [3.439223527908325, 5.5271315574646, -2.056419849395752, -3.4477031230926514, 0.7830371260643005, -7.572295665740967, -0.5016769170761108, -2.842388391494751, 2.539562940597534, 0.27898934483528137, -9.601624488830566, -3.3183629512786865, 5.662079811096191, -2.7704038619995117, 4.823795795440674, 2.214157819747925, -5.127663612365723, 29.044906616210938, 2.06673526763916, -4.354551315307617, -7.89206075668335], [-0.5353441834449768, 2.25974440574646, -6.639709949493408, 3.2818689346313477, -9.97499942779541, 9.302978515625, -3.929755449295044, -2.2799510955810547, -2.522123098373413, 4.601935863494873, -2.159123182296753, 0.2933279275894165, 1.4042242765426636, 2.2348759174346924, 6.7269287109375, 2.4723830223083496, -6.615015029907227, 2.06673526763916, 31.29966163635254, 2.182832717895508, -2.8406145572662354], [-8.393011093139648, -0.12770767509937286, 4.350151062011719, -1.4802966117858887, 5.833080291748047, 4.099822521209717, -6.127073764801025, 0.6204164624214172, 0.05129042640328407, -3.55366849899292, -1.4580248594284058, 2.983295440673828, -5.183920383453369, -3.0652174949645996, 0.8092120289802551, 0.9460201859474182, 9.01161003112793, -4.354551315307617, 2.182832717895508, 19.883390426635742, 2.3742928504943848], [4.554873466491699, 1.9958486557006836, 1.8230654001235962, 0.8232429027557373, 3.363232374191284, -6.630326271057129, -2.443502902984619, -0.7582021355628967, 1.5755428075790405, -3.106895923614502, 0.931729793548584, 4.486599445343018, -0.514605700969696, -2.8384242057800293, -4.939301490783691, -3.8951992988586426, 1.5919803380966187, -7.89206075668335, -2.8406145572662354, 2.3742926120758057, 13.339052200317383]], "type": "heatmap"}], "layout": {"template": {"data": {"histogram2dcontour": [{"type": "histogram2dcontour", "colorbar": {"outlinewidth": 0, "ticks": ""}, "colorscale": [[0.0, "#0d0887"], [0.1111111111111111, "#46039f"], [0.2222222222222222, "#7201a8"], [0.3333333333333333, "#9c179e"], [0.4444444444444444, "#bd3786"], [0.5555555555555556, "#d8576b"], [0.6666666666666666, "#ed7953"], [0.7777777777777778, "#fb9f3a"], [0.8888888888888888, "#fdca26"], [1.0, "#f0f921"]]}], "choropleth": [{"type": "choropleth", "colorbar": {"outlinewidth": 0, "ticks": ""}}], "histogram2d": [{"type": "histogram2d", "colorbar": {"outlinewidth": 0, "ticks": ""}, "colorscale": [[0.0, "#0d0887"], [0.1111111111111111, "#46039f"], [0.2222222222222222, "#7201a8"], [0.3333333333333333, "#9c179e"], [0.4444444444444444, "#bd3786"], [0.5555555555555556, "#d8576b"], [0.6666666666666666, "#ed7953"], [0.7777777777777778, "#fb9f3a"], [0.8888888888888888, "#fdca26"], [1.0, "#f0f921"]]}], "heatmap": [{"type": "heatmap", "colorbar": {"outlinewidth": 0, "ticks": ""}, "colorscale": [[0.0, "#0d0887"], [0.1111111111111111, "#46039f"], [0.2222222222222222, "#7201a8"], [0.3333333333333333, "#9c179e"], [0.4444444444444444, "#bd3786"], [0.5555555555555556, "#d8576b"], [0.6666666666666666, "#ed7953"], [0.7777777777777778, "#fb9f3a"], [0.8888888888888888, "#fdca26"], [1.0, "#f0f921"]]}], "heatmapgl": [{"type": "heatmapgl", "colorbar": {"outlinewidth": 0, "ticks": ""}, "colorscale": [[0.0, "#0d0887"], [0.1111111111111111, "#46039f"], [0.2222222222222222, "#7201a8"], [0.3333333333333333, "#9c179e"], [0.4444444444444444, "#bd3786"], [0.5555555555555556, "#d8576b"], [0.6666666666666666, "#ed7953"], [0.7777777777777778, "#fb9f3a"], [0.8888888888888888, "#fdca26"], [1.0, "#f0f921"]]}], "contourcarpet": [{"type": "contourcarpet", "colorbar": {"outlinewidth": 0, "ticks": ""}}], "contour": [{"type": "contour", "colorbar": {"outlinewidth": 0, "ticks": ""}, "colorscale": [[0.0, "#0d0887"], [0.1111111111111111, "#46039f"], [0.2222222222222222, "#7201a8"], [0.3333333333333333, "#9c179e"], [0.4444444444444444, "#bd3786"], [0.5555555555555556, "#d8576b"], [0.6666666666666666, "#ed7953"], [0.7777777777777778, "#fb9f3a"], [0.8888888888888888, "#fdca26"], [1.0, "#f0f921"]]}], "surface": [{"type": "surface", "colorbar": {"outlinewidth": 0, "ticks": ""}, "colorscale": [[0.0, "#0d0887"], [0.1111111111111111, "#46039f"], [0.2222222222222222, "#7201a8"], [0.3333333333333333, "#9c179e"], [0.4444444444444444, "#bd3786"], [0.5555555555555556, "#d8576b"], [0.6666666666666666, "#ed7953"], [0.7777777777777778, "#fb9f3a"], [0.8888888888888888, "#fdca26"], [1.0, "#f0f921"]]}], "mesh3d": [{"type": "mesh3d", "colorbar": {"outlinewidth": 0, "ticks": ""}}], "scatter": [{"fillpattern": {"fillmode": "overlay", "size": 10, "solidity": 0.2}, "type": "scatter"}], "parcoords": [{"type": "parcoords", "line": {"colorbar": {"outlinewidth": 0, "ticks": ""}}}], "scatterpolargl": [{"type": "scatterpolargl", "marker": {"colorbar": {"outlinewidth": 0, "ticks": ""}}}], "bar": [{"error_x": {"color": "#2a3f5f"}, "error_y": {"color": "#2a3f5f"}, "marker": {"line": {"color": "#E5ECF6", "width": 0.5}, "pattern": {"fillmode": "overlay", "size": 10, "solidity": 0.2}}, "type": "bar"}], "scattergeo": [{"type": "scattergeo", "marker": {"colorbar": {"outlinewidth": 0, "ticks": ""}}}], "scatterpolar": [{"type": "scatterpolar", "marker": {"colorbar": {"outlinewidth": 0, "ticks": ""}}}], "histogram": [{"marker": {"pattern": {"fillmode": "overlay", "size": 10, "solidity": 0.2}}, "type": "histogram"}], "scattergl": [{"type": "scattergl", "marker": {"colorbar": {"outlinewidth": 0, "ticks": ""}}}], "scatter3d": [{"type": "scatter3d", "line": {"colorbar": {"outlinewidth": 0, "ticks": ""}}, "marker": {"colorbar": {"outlinewidth": 0, "ticks": ""}}}], "scattermapbox": [{"type": "scattermapbox", "marker": {"colorbar": {"outlinewidth": 0, "ticks": ""}}}], "scatterternary": [{"type": "scatterternary", "marker": {"colorbar": {"outlinewidth": 0, "ticks": ""}}}], "scattercarpet": [{"type": "scattercarpet", "marker": {"colorbar": {"outlinewidth": 0, "ticks": ""}}}], "carpet": [{"aaxis": {"endlinecolor": "#2a3f5f", "gridcolor": "white", "linecolor": "white", "minorgridcolor": "white", "startlinecolor": "#2a3f5f"}, "baxis": {"endlinecolor": "#2a3f5f", "gridcolor": "white", "linecolor": "white", "minorgridcolor": "white", "startlinecolor": "#2a3f5f"}, "type": "carpet"}], "table": [{"cells": {"fill": {"color": "#EBF0F8"}, "line": {"color": "white"}}, "header": {"fill": {"color": "#C8D4E3"}, "line": {"color": "white"}}, "type": "table"}], "barpolar": [{"marker": {"line": {"color": "#E5ECF6", "width": 0.5}, "pattern": {"fillmode": "overlay", "size": 10, "solidity": 0.2}}, "type": "barpolar"}], "pie": [{"automargin": true, "type": "pie"}]}, "layout": {"autotypenumbers": "strict", "colorway": ["#636efa", "#EF553B", "#00cc96", "#ab63fa", "#FFA15A", "#19d3f3", "#FF6692", "#B6E880", "#FF97FF", "#FECB52"], "font": {"color": "#2a3f5f"}, "hovermode": "closest", "hoverlabel": {"align": "left"}, "paper_bgcolor": "white", "plot_bgcolor": "#E5ECF6", "polar": {"bgcolor": "#E5ECF6", "angularaxis": {"gridcolor": "white", "linecolor": "white", "ticks": ""}, "radialaxis": {"gridcolor": "white", "linecolor": "white", "ticks": ""}}, "ternary": {"bgcolor": "#E5ECF6", "aaxis": {"gridcolor": "white", "linecolor": "white", "ticks": ""}, "baxis": {"gridcolor": "white", "linecolor": "white", "ticks": ""}, "caxis": {"gridcolor": "white", "linecolor": "white", "ticks": ""}}, "coloraxis": {"colorbar": {"outlinewidth": 0, "ticks": ""}}, "colorscale": {"sequential": [[0.0, "#0d0887"], [0.1111111111111111, "#46039f"], [0.2222222222222222, "#7201a8"], [0.3333333333333333, "#9c179e"], [0.4444444444444444, "#bd3786"], [0.5555555555555556, "#d8576b"], [0.6666666666666666, "#ed7953"], [0.7777777777777778, "#fb9f3a"], [0.8888888888888888, "#fdca26"], [1.0, "#f0f921"]], "sequentialminus": [[0.0, "#0d0887"], [0.1111111111111111, "#46039f"], [0.2222222222222222, "#7201a8"], [0.3333333333333333, "#9c179e"], [0.4444444444444444, "#bd3786"], [0.5555555555555556, "#d8576b"], [0.6666666666666666, "#ed7953"], [0.7777777777777778, "#fb9f3a"], [0.8888888888888888, "#fdca26"], [1.0, "#f0f921"]], "diverging": [[0, "#8e0152"], [0.1, "#c51b7d"], [0.2, "#de77ae"], [0.3, "#f1b6da"], [0.4, "#fde0ef"], [0.5, "#f7f7f7"], [0.6, "#e6f5d0"], [0.7, "#b8e186"], [0.8, "#7fbc41"], [0.9, "#4d9221"], [1, "#276419"]]}, "xaxis": {"gridcolor": "white", "linecolor": "white", "ticks": "", "title": {"standoff": 15}, "zerolinecolor": "white", "automargin": true, "zerolinewidth": 2}, "yaxis": {"gridcolor": "white", "linecolor": "white", "ticks": "", "title": {"standoff": 15}, "zerolinecolor": "white", "automargin": true, "zerolinewidth": 2}, "scene": {"xaxis": {"backgroundcolor": "#E5ECF6", "gridcolor": "white", "linecolor": "white", "showbackground": true, "ticks": "", "zerolinecolor": "white", "gridwidth": 2}, "yaxis": {"backgroundcolor": "#E5ECF6", "gridcolor": "white", "linecolor": "white", "showbackground": true, "ticks": "", "zerolinecolor": "white", "gridwidth": 2}, "zaxis": {"backgroundcolor": "#E5ECF6", "gridcolor": "white", "linecolor": "white", "showbackground": true, "ticks": "", "zerolinecolor": "white", "gridwidth": 2}}, "shapedefaults": {"line": {"color": "#2a3f5f"}}, "annotationdefaults": {"arrowcolor": "#2a3f5f", "arrowhead": 0, "arrowwidth": 1}, "geo": {"bgcolor": "white", "landcolor": "#E5ECF6", "subunitcolor": "white", "showland": true, "showlakes": true, "lakecolor": "white"}, "title": {"x": 0.05}, "mapbox": {"style": "light"}}}}}