{"data": [{"z": [[27.528011322021484, -0.2409415990114212, 3.8349862098693848, 0.8431010246276855, -5.768123149871826, -7.048987865447998, 5.798220634460449, 1.402266502380371, 4.55680513381958, -6.848320960998535, -1.4034478664398193, 1.5573374032974243, 0.1466074287891388, -4.661465644836426, -5.1920928955078125, -0.6924203038215637, -6.649980068206787, 3.371947765350342, -0.5229089260101318, -8.31878662109375, 4.5342488288879395], [-0.2409415990114212, 24.598764419555664, 0.6741085052490234, -3.2083795070648193, 6.08128023147583, -6.106266021728516, -3.5648908615112305, -3.8588857650756836, -0.30380797386169434, -0.45754706859588623, -3.7660248279571533, 9.304255485534668, 4.005391597747803, -2.8596208095550537, 6.832411289215088, -6.051362037658691, -2.8180150985717773, 5.444466590881348, 2.256183624267578, -0.1291654109954834, 1.9863529205322266], [3.8349862098693848, 0.6741085052490234, 16.389257431030273, -2.068685293197632, 3.484497308731079, -0.5514420866966248, 9.01882266998291, -3.41884183883667, -0.04776744544506073, -3.1390843391418457, 2.432302713394165, 0.7791634798049927, 1.4581966400146484, -4.152390956878662, -3.0365118980407715, 4.7622528076171875, 0.9838656187057495, -2.0577635765075684, -6.592463970184326, 4.335722923278809, 1.8166519403457642], [0.8431010246276855, -3.2083795070648193, -2.068685293197632, 24.09191131591797, -3.510847806930542, 4.924971580505371, 3.9725167751312256, -0.9405241012573242, 1.4116770029067993, 0.5859304070472717, 0.30625179409980774, 4.467242240905762, 3.34287428855896, -0.5277742147445679, 0.7302564382553101, -0.22470305860042572, -5.268974304199219, -3.392853021621704, 3.221327066421509, -1.4559710025787354, 0.8342365026473999], [-5.768123149871826, 6.08128023147583, 3.484497308731079, -3.510847806930542, 22.503190994262695, -4.389721870422363, 0.17106525599956512, -4.538810729980469, 2.5715627670288086, -5.141758918762207, -0.7997192144393921, 0.7294891476631165, 0.8814780712127686, -2.028822183609009, 2.132497787475586, -0.6156691908836365, 1.4232285022735596, 0.7602493762969971, -9.90073299407959, 5.7882184982299805, 3.3405630588531494], [-7.048987865447998, -6.106266021728516, -0.5514420866966248, 4.924971580505371, -4.389721870422363, 33.48857498168945, 1.6957651376724243, 1.8570441007614136, -1.411760926246643, 2.679112195968628, -0.8328624367713928, -10.161453247070312, -0.7514384388923645, 0.49424996972084045, 2.232476234436035, 3.5577855110168457, -0.4450989365577698, -7.500275611877441, 9.253015518188477, 4.101934432983398, -6.61458683013916], [5.798220634460449, -3.5648908615112305, 9.01882266998291, 3.9725167751312256, 0.17106525599956512, 1.6957651376724243, 20.628402709960938, -1.5337984561920166, -0.24783767759799957, 1.8080111742019653, 1.5903503894805908, -1.8670190572738647, 2.382615566253662, 1.9314000606536865, -2.6129496097564697, 3.743173122406006, -3.8650717735290527, -0.49773597717285156, -3.949899196624756, -6.101183891296387, -2.4251503944396973], [1.402266502380371, -3.8588857650756836, -3.41884183883667, -0.9405241012573242, -4.538810729980469, 1.8570441007614136, -1.5337984561920166, 14.690759658813477, -1.3573269844055176, -2.858982801437378, 1.8502439260482788, -1.788215160369873, -4.736772537231445, 1.8832610845565796, -1.7076776027679443, -4.054171562194824, 3.748028039932251, -2.8163540363311768, -2.23001766204834, 0.6372251510620117, -0.7576256990432739], [4.55680513381958, -0.30380797386169434, -0.04776744544506073, 1.4116770029067993, 2.5715627670288086, -1.411760926246643, -0.24783767759799957, -1.3573269844055176, 18.717519760131836, -3.7488465309143066, 1.4690110683441162, -3.646735191345215, 6.937065124511719, -3.796996831893921, 0.19333983957767487, -0.09078863263130188, -4.503297328948975, 2.5225319862365723, -2.5136497020721436, 0.05571871995925903, 1.5635942220687866], [-6.848320960998535, -0.45754706859588623, -3.1390843391418457, 0.5859304070472717, -5.141758918762207, 2.679112195968628, 1.8080111742019653, -2.858982801437378, -3.7488465309143066, 28.188554763793945, 4.076803207397461, -1.1600205898284912, -4.384631156921387, 4.111633777618408, 1.2179569005966187, 3.4512763023376465, 5.579017162322998, 0.29662156105041504, 4.562979221343994, -3.5260367393493652, -3.094019889831543], [-1.4034478664398193, -3.7660248279571533, 2.432302713394165, 0.30625179409980774, -0.7997192144393921, -0.8328624367713928, 1.5903503894805908, 1.8502439260482788, 1.4690110683441162, 4.076803207397461, 21.762784957885742, -0.44322413206100464, 3.485491991043091, 0.9017675518989563, -5.622203350067139, 1.640598177909851, 0.9973187446594238, -9.535247802734375, -2.1103832721710205, -1.4294204711914062, 0.9309804439544678], [1.5573374032974243, 9.304255485534668, 0.7791634798049927, 4.467242240905762, 0.7294891476631165, -10.161453247070312, -1.8670190572738647, -1.788215160369873, -3.646735191345215, -1.1600205898284912, -0.44322413206100464, 24.458253860473633, 1.8131946325302124, 4.115250587463379, 1.050102949142456, -4.432253837585449, 2.6920759677886963, -3.3299646377563477, 0.2958359718322754, 2.9348769187927246, 4.467438697814941], [0.1466074287891388, 4.005391597747803, 1.4581966400146484, 3.34287428855896, 0.8814780712127686, -0.7514384388923645, 2.382615566253662, -4.736772537231445, 6.937065124511719, -4.384631156921387, 3.485491991043091, 1.8131946325302124, 21.144866943359375, 2.2313859462738037, 1.1839479207992554, 1.0287489891052246, -9.293724060058594, 5.5961761474609375, 1.3896257877349854, -5.159226417541504, -0.5151606798171997], [-4.661465644836426, -2.8596208095550537, -4.152390956878662, -0.5277742147445679, -2.028822183609009, 0.49424996972084045, 1.9314000606536865, 1.8832610845565796, -3.796996831893921, 4.111633777618408, 0.9017675518989563, 4.115250587463379, 2.2313859462738037, 17.844236373901367, 2.5049381256103516, -3.037487268447876, -1.5033297538757324, -2.742100238800049, 2.2272822856903076, -3.043799877166748, -2.8437838554382324], [-5.1920928955078125, 6.832411289215088, -3.0365118980407715, 0.7302564382553101, 2.132497787475586, 2.232476234436035, -2.6129496097564697, -1.7076776027679443, 0.19333983957767487, 1.2179569005966187, -5.622203350067139, 1.050102949142456, 1.1839479207992554, 2.5049381256103516, 10.912886619567871, 0.3896338641643524, -3.5109076499938965, 4.783886432647705, 6.681071758270264, 0.8371372222900391, -4.937726974487305], [-0.6924203038215637, -6.051362037658691, 4.7622528076171875, -0.22470305860042572, -0.6156691908836365, 3.5577855110168457, 3.743173122406006, -4.054171562194824, -0.09078863263130188, 3.4512763023376465, 1.640598177909851, -4.432253837585449, 1.0287489891052246, -3.037487268447876, 0.3896338641643524, 16.07731819152832, 6.146127223968506, 2.19879412651062, 2.4511046409606934, 0.938176155090332, -3.877840042114258], [-6.649980068206787, -2.818014621734619, 0.9838653802871704, -5.2689738273620605, 1.4232280254364014, -0.44509920477867126, -3.865072011947632, 3.74802827835083, -4.503296852111816, 5.57901668548584, 0.9973182082176208, 2.6920764446258545, -9.293724060058594, -1.503329873085022, -3.5109074115753174, 6.146126747131348, 23.419998168945312, -5.066552639007568, -6.523697853088379, 8.906709671020508, 1.5737234354019165], [3.371948480606079, 5.444466590881348, -2.0577635765075684, -3.392853260040283, 0.7602495551109314, -7.500275135040283, -0.49773555994033813, -2.8163537979125977, 2.522531747817993, 0.296621710062027, -9.535246849060059, -3.3299643993377686, 5.596177101135254, -2.7421000003814697, 4.783886432647705, 2.19879412651062, -5.066552639007568, 28.81290054321289, 2.0472261905670166, -4.3229875564575195, -7.87307071685791], [-0.5229087471961975, 2.256183624267578, -6.59246301651001, 3.221327543258667, -9.900733947753906, 9.253015518188477, -3.9498989582061768, -2.2300171852111816, -2.5136497020721436, 4.562979221343994, -2.1103835105895996, 0.2958354949951172, 1.3896256685256958, 2.2272822856903076, 6.681071758270264, 2.4511046409606934, -6.523697853088379, 2.0472261905670166, 31.113704681396484, 2.202444553375244, -2.8269004821777344], [-8.31878662109375, -0.1291656643152237, 4.335723876953125, -1.4559710025787354, 5.7882184982299805, 4.101935386657715, -6.101184368133545, 0.6372250914573669, 0.055718690156936646, -3.526036500930786, -1.4294211864471436, 2.9348769187927246, -5.159225940704346, -3.0438008308410645, 0.8371372222900391, 0.9381760358810425, 8.906709671020508, -4.3229875564575195, 2.202444553375244, 19.727611541748047, 2.3694612979888916], [4.534248352050781, 1.9863531589508057, 1.8166519403457642, 0.834236741065979, 3.3405628204345703, -6.61458683013916, -2.425149917602539, -0.7576255798339844, 1.5635945796966553, -3.094019889831543, 0.9309805631637573, 4.467438697814941, -0.5151607394218445, -2.8437838554382324, -4.937726974487305, -3.877840042114258, 1.573723554611206, -7.87307071685791, -2.8269007205963135, 2.3694615364074707, 13.339052200317383]], "type": "heatmap"}], "layout": {"template": {"data": {"histogram2dcontour": [{"type": "histogram2dcontour", "colorbar": {"outlinewidth": 0, "ticks": ""}, "colorscale": [[0.0, "#0d0887"], [0.1111111111111111, "#46039f"], [0.2222222222222222, "#7201a8"], [0.3333333333333333, "#9c179e"], [0.4444444444444444, "#bd3786"], [0.5555555555555556, "#d8576b"], [0.6666666666666666, "#ed7953"], [0.7777777777777778, "#fb9f3a"], [0.8888888888888888, "#fdca26"], [1.0, "#f0f921"]]}], "choropleth": [{"type": "choropleth", "colorbar": {"outlinewidth": 0, "ticks": ""}}], "histogram2d": [{"type": "histogram2d", "colorbar": {"outlinewidth": 0, "ticks": ""}, "colorscale": [[0.0, "#0d0887"], [0.1111111111111111, "#46039f"], [0.2222222222222222, "#7201a8"], [0.3333333333333333, "#9c179e"], [0.4444444444444444, "#bd3786"], [0.5555555555555556, "#d8576b"], [0.6666666666666666, "#ed7953"], [0.7777777777777778, "#fb9f3a"], [0.8888888888888888, "#fdca26"], [1.0, "#f0f921"]]}], "heatmap": [{"type": "heatmap", "colorbar": {"outlinewidth": 0, "ticks": ""}, "colorscale": [[0.0, "#0d0887"], [0.1111111111111111, "#46039f"], [0.2222222222222222, "#7201a8"], [0.3333333333333333, "#9c179e"], [0.4444444444444444, "#bd3786"], [0.5555555555555556, "#d8576b"], [0.6666666666666666, "#ed7953"], [0.7777777777777778, "#fb9f3a"], [0.8888888888888888, "#fdca26"], [1.0, "#f0f921"]]}], "heatmapgl": [{"type": "heatmapgl", "colorbar": {"outlinewidth": 0, "ticks": ""}, "colorscale": [[0.0, "#0d0887"], [0.1111111111111111, "#46039f"], [0.2222222222222222, "#7201a8"], [0.3333333333333333, "#9c179e"], [0.4444444444444444, "#bd3786"], [0.5555555555555556, "#d8576b"], [0.6666666666666666, "#ed7953"], [0.7777777777777778, "#fb9f3a"], [0.8888888888888888, "#fdca26"], [1.0, "#f0f921"]]}], "contourcarpet": [{"type": "contourcarpet", "colorbar": {"outlinewidth": 0, "ticks": ""}}], "contour": [{"type": "contour", "colorbar": {"outlinewidth": 0, "ticks": ""}, "colorscale": [[0.0, "#0d0887"], [0.1111111111111111, "#46039f"], [0.2222222222222222, "#7201a8"], [0.3333333333333333, "#9c179e"], [0.4444444444444444, "#bd3786"], [0.5555555555555556, "#d8576b"], [0.6666666666666666, "#ed7953"], [0.7777777777777778, "#fb9f3a"], [0.8888888888888888, "#fdca26"], [1.0, "#f0f921"]]}], "surface": [{"type": "surface", "colorbar": {"outlinewidth": 0, "ticks": ""}, "colorscale": [[0.0, "#0d0887"], [0.1111111111111111, "#46039f"], [0.2222222222222222, "#7201a8"], [0.3333333333333333, "#9c179e"], [0.4444444444444444, "#bd3786"], [0.5555555555555556, "#d8576b"], [0.6666666666666666, "#ed7953"], [0.7777777777777778, "#fb9f3a"], [0.8888888888888888, "#fdca26"], [1.0, "#f0f921"]]}], "mesh3d": [{"type": "mesh3d", "colorbar": {"outlinewidth": 0, "ticks": ""}}], "scatter": [{"fillpattern": {"fillmode": "overlay", "size": 10, "solidity": 0.2}, "type": "scatter"}], "parcoords": [{"type": "parcoords", "line": {"colorbar": {"outlinewidth": 0, "ticks": ""}}}], "scatterpolargl": [{"type": "scatterpolargl", "marker": {"colorbar": {"outlinewidth": 0, "ticks": ""}}}], "bar": [{"error_x": {"color": "#2a3f5f"}, "error_y": {"color": "#2a3f5f"}, "marker": {"line": {"color": "#E5ECF6", "width": 0.5}, "pattern": {"fillmode": "overlay", "size": 10, "solidity": 0.2}}, "type": "bar"}], "scattergeo": [{"type": "scattergeo", "marker": {"colorbar": {"outlinewidth": 0, "ticks": ""}}}], "scatterpolar": [{"type": "scatterpolar", "marker": {"colorbar": {"outlinewidth": 0, "ticks": ""}}}], "histogram": [{"marker": {"pattern": {"fillmode": "overlay", "size": 10, "solidity": 0.2}}, "type": "histogram"}], "scattergl": [{"type": "scattergl", "marker": {"colorbar": {"outlinewidth": 0, "ticks": ""}}}], "scatter3d": [{"type": "scatter3d", "line": {"colorbar": {"outlinewidth": 0, "ticks": ""}}, "marker": {"colorbar": {"outlinewidth": 0, "ticks": ""}}}], "scattermapbox": [{"type": "scattermapbox", "marker": {"colorbar": {"outlinewidth": 0, "ticks": ""}}}], "scatterternary": [{"type": "scatterternary", "marker": {"colorbar": {"outlinewidth": 0, "ticks": ""}}}], "scattercarpet": [{"type": "scattercarpet", "marker": {"colorbar": {"outlinewidth": 0, "ticks": ""}}}], "carpet": [{"aaxis": {"endlinecolor": "#2a3f5f", "gridcolor": "white", "linecolor": "white", "minorgridcolor": "white", "startlinecolor": "#2a3f5f"}, "baxis": {"endlinecolor": "#2a3f5f", "gridcolor": "white", "linecolor": "white", "minorgridcolor": "white", "startlinecolor": "#2a3f5f"}, "type": "carpet"}], "table": [{"cells": {"fill": {"color": "#EBF0F8"}, "line": {"color": "white"}}, "header": {"fill": {"color": "#C8D4E3"}, "line": {"color": "white"}}, "type": "table"}], "barpolar": [{"marker": {"line": {"color": "#E5ECF6", "width": 0.5}, "pattern": {"fillmode": "overlay", "size": 10, "solidity": 0.2}}, "type": "barpolar"}], "pie": [{"automargin": true, "type": "pie"}]}, "layout": {"autotypenumbers": "strict", "colorway": ["#636efa", "#EF553B", "#00cc96", "#ab63fa", "#FFA15A", "#19d3f3", "#FF6692", "#B6E880", "#FF97FF", "#FECB52"], "font": {"color": "#2a3f5f"}, "hovermode": "closest", "hoverlabel": {"align": "left"}, "paper_bgcolor": "white", "plot_bgcolor": "#E5ECF6", "polar": {"bgcolor": "#E5ECF6", "angularaxis": {"gridcolor": "white", "linecolor": "white", "ticks": ""}, "radialaxis": {"gridcolor": "white", "linecolor": "white", "ticks": ""}}, "ternary": {"bgcolor": "#E5ECF6", "aaxis": {"gridcolor": "white", "linecolor": "white", "ticks": ""}, "baxis": {"gridcolor": "white", "linecolor": "white", "ticks": ""}, "caxis": {"gridcolor": "white", "linecolor": "white", "ticks": ""}}, "coloraxis": {"colorbar": {"outlinewidth": 0, "ticks": ""}}, "colorscale": {"sequential": [[0.0, "#0d0887"], [0.1111111111111111, "#46039f"], [0.2222222222222222, "#7201a8"], [0.3333333333333333, "#9c179e"], [0.4444444444444444, "#bd3786"], [0.5555555555555556, "#d8576b"], [0.6666666666666666, "#ed7953"], [0.7777777777777778, "#fb9f3a"], [0.8888888888888888, "#fdca26"], [1.0, "#f0f921"]], "sequentialminus": [[0.0, "#0d0887"], [0.1111111111111111, "#46039f"], [0.2222222222222222, "#7201a8"], [0.3333333333333333, "#9c179e"], [0.4444444444444444, "#bd3786"], [0.5555555555555556, "#d8576b"], [0.6666666666666666, "#ed7953"], [0.7777777777777778, "#fb9f3a"], [0.8888888888888888, "#fdca26"], [1.0, "#f0f921"]], "diverging": [[0, "#8e0152"], [0.1, "#c51b7d"], [0.2, "#de77ae"], [0.3, "#f1b6da"], [0.4, "#fde0ef"], [0.5, "#f7f7f7"], [0.6, "#e6f5d0"], [0.7, "#b8e186"], [0.8, "#7fbc41"], [0.9, "#4d9221"], [1, "#276419"]]}, "xaxis": {"gridcolor": "white", "linecolor": "white", "ticks": "", "title": {"standoff": 15}, "zerolinecolor": "white", "automargin": true, "zerolinewidth": 2}, "yaxis": {"gridcolor": "white", "linecolor": "white", "ticks": "", "title": {"standoff": 15}, "zerolinecolor": "white", "automargin": true, "zerolinewidth": 2}, "scene": {"xaxis": {"backgroundcolor": "#E5ECF6", "gridcolor": "white", "linecolor": "white", "showbackground": true, "ticks": "", "zerolinecolor": "white", "gridwidth": 2}, "yaxis": {"backgroundcolor": "#E5ECF6", "gridcolor": "white", "linecolor": "white", "showbackground": true, "ticks": "", "zerolinecolor": "white", "gridwidth": 2}, "zaxis": {"backgroundcolor": "#E5ECF6", "gridcolor": "white", "linecolor": "white", "showbackground": true, "ticks": "", "zerolinecolor": "white", "gridwidth": 2}}, "shapedefaults": {"line": {"color": "#2a3f5f"}}, "annotationdefaults": {"arrowcolor": "#2a3f5f", "arrowhead": 0, "arrowwidth": 1}, "geo": {"bgcolor": "white", "landcolor": "#E5ECF6", "subunitcolor": "white", "showland": true, "showlakes": true, "lakecolor": "white"}, "title": {"x": 0.05}, "mapbox": {"style": "light"}}}}}