{"data": [{"z": [[27.19126319885254, -0.22460277378559113, 3.782414436340332, 0.8554866909980774, -5.759960651397705, -6.972888946533203, 5.823299407958984, 1.3877735137939453, 4.537736892700195, -6.69234037399292, -1.3830723762512207, 1.5375350713729858, 0.159164160490036, -4.611871719360352, -5.110273361206055, -0.6626187562942505, -6.600299835205078, 3.2988014221191406, -0.4908111095428467, -8.195610046386719, 4.488582611083984], [-0.22460277378559113, 24.238107681274414, 0.6825248599052429, -3.1043012142181396, 5.976161003112793, -5.963507175445557, -3.4938278198242188, -3.747068405151367, -0.32628756761550903, -0.37899455428123474, -3.72259521484375, 9.160982131958008, 3.8738512992858887, -2.8597919940948486, 6.712096691131592, -5.9441819190979, -2.7193098068237305, 5.33952522277832, 2.217212677001953, -0.1196439266204834, 1.9795310497283936], [3.782414436340332, 0.6825248599052429, 16.172897338867188, -1.999498963356018, 3.488701343536377, -0.47032859921455383, 8.941492080688477, -3.388763189315796, -0.05102682113647461, -3.095283031463623, 2.4478588104248047, 0.8083446025848389, 1.405586838722229, -4.061117649078369, -2.9704928398132324, 4.725809097290039, 1.011231541633606, -1.9978318214416504, -6.492739200592041, 4.315169334411621, 1.7602663040161133], [0.8554866909980774, -3.1043012142181396, -1.999498963356018, 23.825870513916016, -3.4067959785461426, 4.879709243774414, 3.8945882320404053, -0.8866367340087891, 1.4145489931106567, 0.5489383339881897, 0.29047727584838867, 4.490715980529785, 3.3477096557617188, -0.4961528778076172, 0.7761935591697693, -0.2730170786380768, -5.192001819610596, -3.303791046142578, 3.147829532623291, -1.4170312881469727, 0.8415740728378296], [-5.759960651397705, 5.976161003112793, 3.488701343536377, -3.4067959785461426, 22.2916259765625, -4.262641906738281, 0.25495749711990356, -4.531290054321289, 2.5589852333068848, -5.083715915679932, -0.7823591828346252, 0.6918440461158752, 0.878609836101532, -1.991512656211853, 2.1066744327545166, -0.5309553742408752, 1.393074870109558, 0.7709248065948486, -9.778154373168945, 5.728900909423828, 3.2867910861968994], [-6.972888946533203, -5.963507175445557, -0.47032859921455383, 4.879709243774414, -4.262641906738281, 33.15239334106445, 1.571186900138855, 1.8245755434036255, -1.3920608758926392, 2.6384549140930176, -0.8270308375358582, -9.980631828308105, -0.6510607004165649, 0.46610531210899353, 2.2585179805755615, 3.482546329498291, -0.4227491617202759, -7.3859663009643555, 9.218384742736816, 4.111435890197754, -6.580512046813965], [5.823299407958984, -3.4938278198242188, 8.941492080688477, 3.8945882320404053, 0.25495749711990356, 1.571186900138855, 20.39613914489746, -1.467915654182434, -0.29185110330581665, 1.8202227354049683, 1.5675349235534668, -1.807705283164978, 2.3550515174865723, 1.9403947591781616, -2.558382749557495, 3.6704957485198975, -3.807952642440796, -0.49517226219177246, -3.984251022338867, -6.060179233551025, -2.3779401779174805], [1.3877735137939453, -3.747068405151367, -3.388763189315796, -0.8866367340087891, -4.531290054321289, 1.8245755434036255, -1.467915654182434, 14.453782081604004, -1.306433916091919, -2.790088415145874, 1.7784712314605713, -1.7172811031341553, -4.6594085693359375, 1.8048202991485596, -1.673197865486145, -3.9496946334838867, 3.6710214614868164, -2.7520437240600586, -2.151157855987549, 0.7011802196502686, -0.7894033193588257], [4.537736892700195, -0.32628756761550903, -0.05102682113647461, 1.4145489931106567, 2.5589852333068848, -1.3920608758926392, -0.29185110330581665, -1.306433916091919, 18.491798400878906, -3.7215702533721924, 1.4675910472869873, -3.6186838150024414, 6.875353813171387, -3.735346555709839, 0.21019534766674042, -0.08085455000400543, -4.455500602722168, 2.5236785411834717, -2.5006935596466064, 0.07518583536148071, 1.5514265298843384], [-6.69234037399292, -0.37899455428123474, -3.095283031463623, 0.5489383339881897, -5.083715915679932, 2.6384549140930176, 1.8202227354049683, -2.790088415145874, -3.7215702533721924, 27.921634674072266, 4.063013076782227, -1.113152265548706, -4.275978088378906, 4.141274929046631, 1.2917428016662598, 3.384889841079712, 5.503385543823242, 0.31789636611938477, 4.52040958404541, -3.43708872795105, -3.08320951461792], [-1.3830723762512207, -3.72259521484375, 2.4478588104248047, 0.29047727584838867, -0.7823591828346252, -0.8270308375358582, 1.5675349235534668, 1.7784712314605713, 1.4675910472869873, 4.063013076782227, 21.47942352294922, -0.37575751543045044, 3.484039068222046, 0.8878602981567383, -5.567797660827637, 1.635701060295105, 1.0024476051330566, -9.435250282287598, -2.0488390922546387, -1.3732198476791382, 0.940252423286438], [1.5375350713729858, 9.160982131958008, 0.8083446025848389, 4.490715980529785, 0.6918440461158752, -9.980631828308105, -1.807705283164978, -1.7172811031341553, -3.6186838150024414, -1.113152265548706, -0.37575751543045044, 24.193185806274414, 1.7440285682678223, 4.0848388671875, 1.0526195764541626, -4.340800762176514, 2.7327828407287598, -3.350937843322754, 0.27465176582336426, 2.8803799152374268, 4.443686485290527], [0.159164160490036, 3.8738512992858887, 1.405586838722229, 3.3477096557617188, 0.878609836101532, -0.6510607004165649, 2.3550515174865723, -4.6594085693359375, 6.875353813171387, -4.275978088378906, 3.484039068222046, 1.7440285682678223, 20.909631729125977, 2.2133853435516357, 1.1715267896652222, 1.0653724670410156, -9.149696350097656, 5.546755790710449, 1.3693464994430542, -5.111720085144043, -0.5368016958236694], [-4.611871719360352, -2.8597919940948486, -4.061117649078369, -0.4961528778076172, -1.991512656211853, 0.46610531210899353, 1.9403947591781616, 1.8048202991485596, -3.735346555709839, 4.141274929046631, 0.8878602981567383, 4.0848388671875, 2.2133853435516357, 17.620586395263672, 2.504660129547119, -2.956566095352173, -1.4697322845458984, -2.7098898887634277, 2.226851224899292, -2.9870948791503906, -2.841533660888672], [-5.110273361206055, 6.712096691131592, -2.9704928398132324, 0.7761935591697693, 2.1066744327545166, 2.2585179805755615, -2.558382749557495, -1.673197865486145, 0.21019534766674042, 1.2917428016662598, -5.567797660827637, 1.0526195764541626, 1.1715267896652222, 2.504660129547119, 10.82400894165039, 0.42694535851478577, -3.4250621795654297, 4.756999492645264, 6.635803699493408, 0.8693639039993286, -4.953664779663086], [-0.6626187562942505, -5.9441819190979, 4.725809097290039, -0.2730170786380768, -0.5309553742408752, 3.482546329498291, 3.6704957485198975, -3.9496946334838867, -0.08085455000400543, 3.384889841079712, 1.635701060295105, -4.340800762176514, 1.0653724670410156, -2.956566095352173, 0.42694535851478577, 15.876442909240723, 6.103711128234863, 2.1892952919006348, 2.4279966354370117, 0.9637424945831299, -3.8371429443359375], [-6.600299835205078, -2.7193100452423096, 1.0112311840057373, -5.192002296447754, 1.3930749893188477, -0.42274919152259827, -3.807952880859375, 3.6710216999053955, -4.455501556396484, 5.5033860206604, 1.0024471282958984, 2.7327826023101807, -9.149696350097656, -1.4697321653366089, -3.4250619411468506, 6.103710651397705, 23.18417739868164, -4.973399639129639, -6.400710105895996, 8.804509162902832, 1.5408964157104492], [3.2988014221191406, 5.339526176452637, -1.9978320598602295, -3.3037915229797363, 0.770923912525177, -7.385965347290039, -0.4951718747615814, -2.7520437240600586, 2.5236785411834717, 0.3178957998752594, -9.435250282287598, -3.350937604904175, 5.546755790710449, -2.7098896503448486, 4.75700044631958, 2.1892952919006348, -4.973399639129639, 28.4921875, 2.0424764156341553, -4.268823146820068, -7.844303607940674], [-0.4908113181591034, 2.2172129154205322, -6.492738723754883, 3.147829294204712, -9.778155326843262, 9.218384742736816, -3.984251022338867, -2.151158094406128, -2.5006933212280273, 4.52040958404541, -2.0488388538360596, 0.2746519148349762, 1.3693463802337646, 2.226850986480713, 6.635804176330566, 2.4279966354370117, -6.400710105895996, 2.0424764156341553, 30.82262420654297, 2.2255148887634277, -2.819838762283325], [-8.195610046386719, -0.11964389681816101, 4.315169811248779, -1.4170315265655518, 5.72890043258667, 4.111435890197754, -6.060178279876709, 0.701180100440979, 0.07518594712018967, -3.43708872795105, -1.3732198476791382, 2.880380630493164, -5.111720085144043, -2.987095594406128, 0.8693640232086182, 0.9637428522109985, 8.804509162902832, -4.268823146820068, 2.2255148887634277, 19.497413635253906, 2.3620500564575195], [4.488582611083984, 1.9795308113098145, 1.7602660655975342, 0.8415741920471191, 3.2867908477783203, -6.580512046813965, -2.3779404163360596, -0.78940349817276, 1.551426649093628, -3.08320951461792, 0.9402521848678589, 4.443686485290527, -0.5368019342422485, -2.8415331840515137, -4.953664779663086, -3.8371427059173584, 1.5408961772918701, -7.844302654266357, -2.819838523864746, 2.3620502948760986, 13.339052200317383]], "type": "heatmap"}], "layout": {"template": {"data": {"histogram2dcontour": [{"type": "histogram2dcontour", "colorbar": {"outlinewidth": 0, "ticks": ""}, "colorscale": [[0.0, "#0d0887"], [0.1111111111111111, "#46039f"], [0.2222222222222222, "#7201a8"], [0.3333333333333333, "#9c179e"], [0.4444444444444444, "#bd3786"], [0.5555555555555556, "#d8576b"], [0.6666666666666666, "#ed7953"], [0.7777777777777778, "#fb9f3a"], [0.8888888888888888, "#fdca26"], [1.0, "#f0f921"]]}], "choropleth": [{"type": "choropleth", "colorbar": {"outlinewidth": 0, "ticks": ""}}], "histogram2d": [{"type": "histogram2d", "colorbar": {"outlinewidth": 0, "ticks": ""}, "colorscale": [[0.0, "#0d0887"], [0.1111111111111111, "#46039f"], [0.2222222222222222, "#7201a8"], [0.3333333333333333, "#9c179e"], [0.4444444444444444, "#bd3786"], [0.5555555555555556, "#d8576b"], [0.6666666666666666, "#ed7953"], [0.7777777777777778, "#fb9f3a"], [0.8888888888888888, "#fdca26"], [1.0, "#f0f921"]]}], "heatmap": [{"type": "heatmap", "colorbar": {"outlinewidth": 0, "ticks": ""}, "colorscale": [[0.0, "#0d0887"], [0.1111111111111111, "#46039f"], [0.2222222222222222, "#7201a8"], [0.3333333333333333, "#9c179e"], [0.4444444444444444, "#bd3786"], [0.5555555555555556, "#d8576b"], [0.6666666666666666, "#ed7953"], [0.7777777777777778, "#fb9f3a"], [0.8888888888888888, "#fdca26"], [1.0, "#f0f921"]]}], "heatmapgl": [{"type": "heatmapgl", "colorbar": {"outlinewidth": 0, "ticks": ""}, "colorscale": [[0.0, "#0d0887"], [0.1111111111111111, "#46039f"], [0.2222222222222222, "#7201a8"], [0.3333333333333333, "#9c179e"], [0.4444444444444444, "#bd3786"], [0.5555555555555556, "#d8576b"], [0.6666666666666666, "#ed7953"], [0.7777777777777778, "#fb9f3a"], [0.8888888888888888, "#fdca26"], [1.0, "#f0f921"]]}], "contourcarpet": [{"type": "contourcarpet", "colorbar": {"outlinewidth": 0, "ticks": ""}}], "contour": [{"type": "contour", "colorbar": {"outlinewidth": 0, "ticks": ""}, "colorscale": [[0.0, "#0d0887"], [0.1111111111111111, "#46039f"], [0.2222222222222222, "#7201a8"], [0.3333333333333333, "#9c179e"], [0.4444444444444444, "#bd3786"], [0.5555555555555556, "#d8576b"], [0.6666666666666666, "#ed7953"], [0.7777777777777778, "#fb9f3a"], [0.8888888888888888, "#fdca26"], [1.0, "#f0f921"]]}], "surface": [{"type": "surface", "colorbar": {"outlinewidth": 0, "ticks": ""}, "colorscale": [[0.0, "#0d0887"], [0.1111111111111111, "#46039f"], [0.2222222222222222, "#7201a8"], [0.3333333333333333, "#9c179e"], [0.4444444444444444, "#bd3786"], [0.5555555555555556, "#d8576b"], [0.6666666666666666, "#ed7953"], [0.7777777777777778, "#fb9f3a"], [0.8888888888888888, "#fdca26"], [1.0, "#f0f921"]]}], "mesh3d": [{"type": "mesh3d", "colorbar": {"outlinewidth": 0, "ticks": ""}}], "scatter": [{"fillpattern": {"fillmode": "overlay", "size": 10, "solidity": 0.2}, "type": "scatter"}], "parcoords": [{"type": "parcoords", "line": {"colorbar": {"outlinewidth": 0, "ticks": ""}}}], "scatterpolargl": [{"type": "scatterpolargl", "marker": {"colorbar": {"outlinewidth": 0, "ticks": ""}}}], "bar": [{"error_x": {"color": "#2a3f5f"}, "error_y": {"color": "#2a3f5f"}, "marker": {"line": {"color": "#E5ECF6", "width": 0.5}, "pattern": {"fillmode": "overlay", "size": 10, "solidity": 0.2}}, "type": "bar"}], "scattergeo": [{"type": "scattergeo", "marker": {"colorbar": {"outlinewidth": 0, "ticks": ""}}}], "scatterpolar": [{"type": "scatterpolar", "marker": {"colorbar": {"outlinewidth": 0, "ticks": ""}}}], "histogram": [{"marker": {"pattern": {"fillmode": "overlay", "size": 10, "solidity": 0.2}}, "type": "histogram"}], "scattergl": [{"type": "scattergl", "marker": {"colorbar": {"outlinewidth": 0, "ticks": ""}}}], "scatter3d": [{"type": "scatter3d", "line": {"colorbar": {"outlinewidth": 0, "ticks": ""}}, "marker": {"colorbar": {"outlinewidth": 0, "ticks": ""}}}], "scattermapbox": [{"type": "scattermapbox", "marker": {"colorbar": {"outlinewidth": 0, "ticks": ""}}}], "scatterternary": [{"type": "scatterternary", "marker": {"colorbar": {"outlinewidth": 0, "ticks": ""}}}], "scattercarpet": [{"type": "scattercarpet", "marker": {"colorbar": {"outlinewidth": 0, "ticks": ""}}}], "carpet": [{"aaxis": {"endlinecolor": "#2a3f5f", "gridcolor": "white", "linecolor": "white", "minorgridcolor": "white", "startlinecolor": "#2a3f5f"}, "baxis": {"endlinecolor": "#2a3f5f", "gridcolor": "white", "linecolor": "white", "minorgridcolor": "white", "startlinecolor": "#2a3f5f"}, "type": "carpet"}], "table": [{"cells": {"fill": {"color": "#EBF0F8"}, "line": {"color": "white"}}, "header": {"fill": {"color": "#C8D4E3"}, "line": {"color": "white"}}, "type": "table"}], "barpolar": [{"marker": {"line": {"color": "#E5ECF6", "width": 0.5}, "pattern": {"fillmode": "overlay", "size": 10, "solidity": 0.2}}, "type": "barpolar"}], "pie": [{"automargin": true, "type": "pie"}]}, "layout": {"autotypenumbers": "strict", "colorway": ["#636efa", "#EF553B", "#00cc96", "#ab63fa", "#FFA15A", "#19d3f3", "#FF6692", "#B6E880", "#FF97FF", "#FECB52"], "font": {"color": "#2a3f5f"}, "hovermode": "closest", "hoverlabel": {"align": "left"}, "paper_bgcolor": "white", "plot_bgcolor": "#E5ECF6", "polar": {"bgcolor": "#E5ECF6", "angularaxis": {"gridcolor": "white", "linecolor": "white", "ticks": ""}, "radialaxis": {"gridcolor": "white", "linecolor": "white", "ticks": ""}}, "ternary": {"bgcolor": "#E5ECF6", "aaxis": {"gridcolor": "white", "linecolor": "white", "ticks": ""}, "baxis": {"gridcolor": "white", "linecolor": "white", "ticks": ""}, "caxis": {"gridcolor": "white", "linecolor": "white", "ticks": ""}}, "coloraxis": {"colorbar": {"outlinewidth": 0, "ticks": ""}}, "colorscale": {"sequential": [[0.0, "#0d0887"], [0.1111111111111111, "#46039f"], [0.2222222222222222, "#7201a8"], [0.3333333333333333, "#9c179e"], [0.4444444444444444, "#bd3786"], [0.5555555555555556, "#d8576b"], [0.6666666666666666, "#ed7953"], [0.7777777777777778, "#fb9f3a"], [0.8888888888888888, "#fdca26"], [1.0, "#f0f921"]], "sequentialminus": [[0.0, "#0d0887"], [0.1111111111111111, "#46039f"], [0.2222222222222222, "#7201a8"], [0.3333333333333333, "#9c179e"], [0.4444444444444444, "#bd3786"], [0.5555555555555556, "#d8576b"], [0.6666666666666666, "#ed7953"], [0.7777777777777778, "#fb9f3a"], [0.8888888888888888, "#fdca26"], [1.0, "#f0f921"]], "diverging": [[0, "#8e0152"], [0.1, "#c51b7d"], [0.2, "#de77ae"], [0.3, "#f1b6da"], [0.4, "#fde0ef"], [0.5, "#f7f7f7"], [0.6, "#e6f5d0"], [0.7, "#b8e186"], [0.8, "#7fbc41"], [0.9, "#4d9221"], [1, "#276419"]]}, "xaxis": {"gridcolor": "white", "linecolor": "white", "ticks": "", "title": {"standoff": 15}, "zerolinecolor": "white", "automargin": true, "zerolinewidth": 2}, "yaxis": {"gridcolor": "white", "linecolor": "white", "ticks": "", "title": {"standoff": 15}, "zerolinecolor": "white", "automargin": true, "zerolinewidth": 2}, "scene": {"xaxis": {"backgroundcolor": "#E5ECF6", "gridcolor": "white", "linecolor": "white", "showbackground": true, "ticks": "", "zerolinecolor": "white", "gridwidth": 2}, "yaxis": {"backgroundcolor": "#E5ECF6", "gridcolor": "white", "linecolor": "white", "showbackground": true, "ticks": "", "zerolinecolor": "white", "gridwidth": 2}, "zaxis": {"backgroundcolor": "#E5ECF6", "gridcolor": "white", "linecolor": "white", "showbackground": true, "ticks": "", "zerolinecolor": "white", "gridwidth": 2}}, "shapedefaults": {"line": {"color": "#2a3f5f"}}, "annotationdefaults": {"arrowcolor": "#2a3f5f", "arrowhead": 0, "arrowwidth": 1}, "geo": {"bgcolor": "white", "landcolor": "#E5ECF6", "subunitcolor": "white", "showland": true, "showlakes": true, "lakecolor": "white"}, "title": {"x": 0.05}, "mapbox": {"style": "light"}}}}}