{"data": [{"z": [[27.178466796875, -0.20203790068626404, 3.7997045516967773, 0.8787280321121216, -5.736932277679443, -6.939295291900635, 5.8403120040893555, 1.4078468084335327, 4.5461955070495605, -6.667104721069336, -1.3675553798675537, 1.5515849590301514, 0.1899389922618866, -4.594942092895508, -5.081152439117432, -0.626754641532898, -6.573675155639648, 3.3130486011505127, -0.4675898551940918, -8.153693199157715, 4.472437858581543], [-0.20203790068626404, 24.179414749145508, 0.6915397047996521, -3.0679714679718018, 5.970658779144287, -5.914516448974609, -3.4719114303588867, -3.708704948425293, -0.31370118260383606, -0.36268237233161926, -3.699091911315918, 9.136442184448242, 3.8626656532287598, -2.8459432125091553, 6.707461357116699, -5.909372806549072, -2.692517042160034, 5.333750247955322, 2.218064785003662, -0.11201286315917969, 1.9727222919464111], [3.7997045516967773, 0.6915397047996521, 16.153535842895508, -1.9814915657043457, 3.5058586597442627, -0.4454684555530548, 8.939582824707031, -3.349174737930298, -0.034476153552532196, -3.0779409408569336, 2.4730231761932373, 0.8247160315513611, 1.4159436225891113, -4.033151626586914, -2.945244550704956, 4.747833728790283, 1.0384758710861206, -1.9749770164489746, -6.467276573181152, 4.332335472106934, 1.7459321022033691], [0.8787280321121216, -3.0679714679718018, -1.9814915657043457, 23.79958724975586, -3.370969533920288, 4.888008117675781, 3.8882365226745605, -0.8626185655593872, 1.4341425895690918, 0.5508820414543152, 0.2948686182498932, 4.507140159606934, 3.3671998977661133, -0.46804574131965637, 0.7990211248397827, -0.25276076793670654, -5.163710594177246, -3.2713987827301025, 3.1489417552948, -1.3970832824707031, 0.8374180793762207], [-5.736932277679443, 5.970658779144287, 3.5058586597442627, -3.370969533920288, 22.278600692749023, -4.223718166351318, 0.27670419216156006, -4.509312152862549, 2.5742292404174805, -5.0526509284973145, -0.7645258903503418, 0.703183650970459, 0.8920233249664307, -1.9693841934204102, 2.1213669776916504, -0.48653221130371094, 1.4233952760696411, 0.7944716215133667, -9.758697509765625, 5.732763290405273, 3.268516778945923], [-6.939295291900635, -5.914516448974609, -0.4454684555530548, 4.888008117675781, -4.223718166351318, 33.10527038574219, 1.5559126138687134, 1.8528645038604736, -1.3806620836257935, 2.6369850635528564, -0.8110055923461914, -9.927599906921387, -0.6170157790184021, 0.48377400636672974, 2.2823283672332764, 3.486670970916748, -0.4035453796386719, -7.348607063293457, 9.214394569396973, 4.124073028564453, -6.580804347991943], [5.8403120040893555, -3.4719114303588867, 8.939582824707031, 3.8882365226745605, 0.27670419216156006, 1.5559126138687134, 20.352622985839844, -1.4553115367889404, -0.2994926869869232, 1.8161520957946777, 1.5690852403640747, -1.7930066585540771, 2.356764078140259, 1.9511351585388184, -2.5433201789855957, 3.662490129470825, -3.7995424270629883, -0.4885227680206299, -3.984750270843506, -6.0493011474609375, -2.369924545288086], [1.4078468084335327, -3.708704948425293, -3.349174737930298, -0.8626185655593872, -4.509312152862549, 1.8528645038604736, -1.4553115367889404, 14.462727546691895, -1.2817126512527466, -2.7661468982696533, 1.7905734777450562, -1.6831727027893066, -4.622451305389404, 1.8037103414535522, -1.6364150047302246, -3.898170232772827, 3.701648473739624, -2.7230098247528076, -2.124972343444824, 0.7347960472106934, -0.8053529858589172], [4.5461955070495605, -0.31370118260383606, -0.034476153552532196, 1.4341425895690918, 2.5742292404174805, -1.3806620836257935, -0.2994926869869232, -1.2817126512527466, 18.458417892456055, -3.7098097801208496, 1.4826903343200684, -3.5971527099609375, 6.884321689605713, -3.7096450328826904, 0.2332344651222229, -0.06019092723727226, -4.4266510009765625, 2.5402822494506836, -2.4873337745666504, 0.0964098870754242, 1.545305848121643], [-6.667104721069336, -0.36268237233161926, -3.0779409408569336, 0.5508820414543152, -5.0526509284973145, 2.6369850635528564, 1.8161520957946777, -2.7661468982696533, -3.7098097801208496, 27.888071060180664, 4.066903114318848, -1.095369815826416, -4.247089385986328, 4.166686058044434, 1.318311095237732, 3.384037733078003, 5.50927209854126, 0.3272817134857178, 4.5221099853515625, -3.4112796783447266, -3.0820984840393066], [-1.3675553798675537, -3.699091911315918, 2.4730231761932373, 0.2948686182498932, -0.7645258903503418, -0.8110055923461914, 1.5690852403640747, 1.7905734777450562, 1.4826903343200684, 4.066903114318848, 21.44429588317871, -0.3486698567867279, 3.5083212852478027, 0.8957726955413818, -5.540799140930176, 1.6589924097061157, 1.0265543460845947, -9.40733814239502, -2.0320053100585938, -1.3506383895874023, 0.935657262802124], [1.5515849590301514, 9.136442184448242, 0.8247160315513611, 4.507140159606934, 0.703183650970459, -9.927599906921387, -1.7930066585540771, -1.6831727027893066, -3.5971527099609375, -1.095369815826416, -0.3486698567867279, 24.148300170898438, 1.738842248916626, 4.1030592918396, 1.064855933189392, -4.303521633148193, 2.757510185241699, -3.3415656089782715, 0.2795078754425049, 2.8756985664367676, 4.435842037200928], [0.1899389922618866, 3.8626656532287598, 1.4159436225891113, 3.3671998977661133, 0.8920233249664307, -0.6170157790184021, 2.356764078140259, -4.622451305389404, 6.884321689605713, -4.247089385986328, 3.5083212852478027, 1.738842248916626, 20.887136459350586, 2.229365348815918, 1.1885795593261719, 1.0977178812026978, -9.105484008789062, 5.556464195251465, 1.3794100284576416, -5.095778465270996, -0.5452594757080078], [-4.594942092895508, -2.8459432125091553, -4.033151626586914, -0.46804574131965637, -1.9693841934204102, 0.48377400636672974, 1.9511351585388184, 1.8037103414535522, -3.7096450328826904, 4.166686058044434, 0.8957726955413818, 4.1030592918396, 2.229365348815918, 17.603235244750977, 2.520902156829834, -2.918461561203003, -1.4355525970458984, -2.6843018531799316, 2.2404956817626953, -2.96441388130188, -2.8488821983337402], [-5.081152439117432, 6.707461357116699, -2.945244550704956, 0.7990211248397827, 2.1213669776916504, 2.2823283672332764, -2.5433201789855957, -1.6364150047302246, 0.2332344651222229, 1.318311095237732, -5.540799140930176, 1.064855933189392, 1.1885795593261719, 2.520902156829834, 10.822839736938477, 0.4570212960243225, -3.3884871006011963, 4.769644260406494, 6.638376235961914, 0.8873850107192993, -4.958223819732666], [-0.626754641532898, -5.909372806549072, 4.747833728790283, -0.25276076793670654, -0.48653221130371094, 3.486670970916748, 3.662490129470825, -3.898170232772827, -0.06019092723727226, 3.384037733078003, 1.6589924097061157, -4.303521633148193, 1.0977178812026978, -2.918461561203003, 0.4570212960243225, 15.866765022277832, 6.1225056648254395, 2.206399917602539, 2.4373629093170166, 0.9917092323303223, -3.8328590393066406], [-6.573673725128174, -2.692517042160034, 1.038475751876831, -5.163710594177246, 1.4233951568603516, -0.4035451412200928, -3.79954195022583, 3.701648235321045, -4.426651477813721, 5.509271621704102, 1.0265543460845947, 2.757509708404541, -9.105484008789062, -1.4355525970458984, -3.3884873390197754, 6.122506141662598, 23.180274963378906, -4.946515083312988, -6.363923072814941, 8.81521987915039, 1.5377757549285889], [3.31304931640625, 5.333749294281006, -1.9749767780303955, -3.271397829055786, 0.7944713830947876, -7.348608016967773, -0.488522469997406, -2.7230095863342285, 2.5402820110321045, 0.32728129625320435, -9.40733814239502, -3.3415656089782715, 5.556465148925781, -2.6843020915985107, 4.769644260406494, 2.2064003944396973, -4.946515083312988, 28.4708309173584, 2.053846597671509, -4.240243911743164, -7.846839904785156], [-0.467589795589447, 2.218064546585083, -6.467276096343994, 3.148942232131958, -9.758697509765625, 9.214394569396973, -3.984750270843506, -2.124971866607666, -2.4873335361480713, 4.522109508514404, -2.032005548477173, 0.2795078754425049, 1.3794108629226685, 2.2404956817626953, 6.638376235961914, 2.4373624324798584, -6.363923072814941, 2.053846597671509, 30.781526565551758, 2.2333297729492188, -2.818002223968506], [-8.153693199157715, -0.11201322078704834, 4.332335472106934, -1.3970835208892822, 5.732763290405273, 4.124072074890137, -6.0493011474609375, 0.7347962260246277, 0.09640965610742569, -3.4112801551818848, -1.350638508796692, 2.875699043273926, -5.095778942108154, -2.964414119720459, 0.887384831905365, 0.9917087554931641, 8.81521987915039, -4.240243911743164, 2.2333297729492188, 19.462709426879883, 2.355340003967285], [4.472437858581543, 1.9727227687835693, 1.7459321022033691, 0.8374176025390625, 3.2685165405273438, -6.580804347991943, -2.369924545288086, -0.8053529858589172, 1.5453060865402222, -3.0820987224578857, 0.935657262802124, 4.435842037200928, -0.5452595949172974, -2.848881721496582, -4.958223342895508, -3.8328590393066406, 1.537775993347168, -7.8468403816223145, -2.818002223968506, 2.3553402423858643, 13.339052200317383]], "type": "heatmap"}], "layout": {"template": {"data": {"histogram2dcontour": [{"type": "histogram2dcontour", "colorbar": {"outlinewidth": 0, "ticks": ""}, "colorscale": [[0.0, "#0d0887"], [0.1111111111111111, "#46039f"], [0.2222222222222222, "#7201a8"], [0.3333333333333333, "#9c179e"], [0.4444444444444444, "#bd3786"], [0.5555555555555556, "#d8576b"], [0.6666666666666666, "#ed7953"], [0.7777777777777778, "#fb9f3a"], [0.8888888888888888, "#fdca26"], [1.0, "#f0f921"]]}], "choropleth": [{"type": "choropleth", "colorbar": {"outlinewidth": 0, "ticks": ""}}], "histogram2d": [{"type": "histogram2d", "colorbar": {"outlinewidth": 0, "ticks": ""}, "colorscale": [[0.0, "#0d0887"], [0.1111111111111111, "#46039f"], [0.2222222222222222, "#7201a8"], [0.3333333333333333, "#9c179e"], [0.4444444444444444, "#bd3786"], [0.5555555555555556, "#d8576b"], [0.6666666666666666, "#ed7953"], [0.7777777777777778, "#fb9f3a"], [0.8888888888888888, "#fdca26"], [1.0, "#f0f921"]]}], "heatmap": [{"type": "heatmap", "colorbar": {"outlinewidth": 0, "ticks": ""}, "colorscale": [[0.0, "#0d0887"], [0.1111111111111111, "#46039f"], [0.2222222222222222, "#7201a8"], [0.3333333333333333, "#9c179e"], [0.4444444444444444, "#bd3786"], [0.5555555555555556, "#d8576b"], [0.6666666666666666, "#ed7953"], [0.7777777777777778, "#fb9f3a"], [0.8888888888888888, "#fdca26"], [1.0, "#f0f921"]]}], "heatmapgl": [{"type": "heatmapgl", "colorbar": {"outlinewidth": 0, "ticks": ""}, "colorscale": [[0.0, "#0d0887"], [0.1111111111111111, "#46039f"], [0.2222222222222222, "#7201a8"], [0.3333333333333333, "#9c179e"], [0.4444444444444444, "#bd3786"], [0.5555555555555556, "#d8576b"], [0.6666666666666666, "#ed7953"], [0.7777777777777778, "#fb9f3a"], [0.8888888888888888, "#fdca26"], [1.0, "#f0f921"]]}], "contourcarpet": [{"type": "contourcarpet", "colorbar": {"outlinewidth": 0, "ticks": ""}}], "contour": [{"type": "contour", "colorbar": {"outlinewidth": 0, "ticks": ""}, "colorscale": [[0.0, "#0d0887"], [0.1111111111111111, "#46039f"], [0.2222222222222222, "#7201a8"], [0.3333333333333333, "#9c179e"], [0.4444444444444444, "#bd3786"], [0.5555555555555556, "#d8576b"], [0.6666666666666666, "#ed7953"], [0.7777777777777778, "#fb9f3a"], [0.8888888888888888, "#fdca26"], [1.0, "#f0f921"]]}], "surface": [{"type": "surface", "colorbar": {"outlinewidth": 0, "ticks": ""}, "colorscale": [[0.0, "#0d0887"], [0.1111111111111111, "#46039f"], [0.2222222222222222, "#7201a8"], [0.3333333333333333, "#9c179e"], [0.4444444444444444, "#bd3786"], [0.5555555555555556, "#d8576b"], [0.6666666666666666, "#ed7953"], [0.7777777777777778, "#fb9f3a"], [0.8888888888888888, "#fdca26"], [1.0, "#f0f921"]]}], "mesh3d": [{"type": "mesh3d", "colorbar": {"outlinewidth": 0, "ticks": ""}}], "scatter": [{"fillpattern": {"fillmode": "overlay", "size": 10, "solidity": 0.2}, "type": "scatter"}], "parcoords": [{"type": "parcoords", "line": {"colorbar": {"outlinewidth": 0, "ticks": ""}}}], "scatterpolargl": [{"type": "scatterpolargl", "marker": {"colorbar": {"outlinewidth": 0, "ticks": ""}}}], "bar": [{"error_x": {"color": "#2a3f5f"}, "error_y": {"color": "#2a3f5f"}, "marker": {"line": {"color": "#E5ECF6", "width": 0.5}, "pattern": {"fillmode": "overlay", "size": 10, "solidity": 0.2}}, "type": "bar"}], "scattergeo": [{"type": "scattergeo", "marker": {"colorbar": {"outlinewidth": 0, "ticks": ""}}}], "scatterpolar": [{"type": "scatterpolar", "marker": {"colorbar": {"outlinewidth": 0, "ticks": ""}}}], "histogram": [{"marker": {"pattern": {"fillmode": "overlay", "size": 10, "solidity": 0.2}}, "type": "histogram"}], "scattergl": [{"type": "scattergl", "marker": {"colorbar": {"outlinewidth": 0, "ticks": ""}}}], "scatter3d": [{"type": "scatter3d", "line": {"colorbar": {"outlinewidth": 0, "ticks": ""}}, "marker": {"colorbar": {"outlinewidth": 0, "ticks": ""}}}], "scattermapbox": [{"type": "scattermapbox", "marker": {"colorbar": {"outlinewidth": 0, "ticks": ""}}}], "scatterternary": [{"type": "scatterternary", "marker": {"colorbar": {"outlinewidth": 0, "ticks": ""}}}], "scattercarpet": [{"type": "scattercarpet", "marker": {"colorbar": {"outlinewidth": 0, "ticks": ""}}}], "carpet": [{"aaxis": {"endlinecolor": "#2a3f5f", "gridcolor": "white", "linecolor": "white", "minorgridcolor": "white", "startlinecolor": "#2a3f5f"}, "baxis": {"endlinecolor": "#2a3f5f", "gridcolor": "white", "linecolor": "white", "minorgridcolor": "white", "startlinecolor": "#2a3f5f"}, "type": "carpet"}], "table": [{"cells": {"fill": {"color": "#EBF0F8"}, "line": {"color": "white"}}, "header": {"fill": {"color": "#C8D4E3"}, "line": {"color": "white"}}, "type": "table"}], "barpolar": [{"marker": {"line": {"color": "#E5ECF6", "width": 0.5}, "pattern": {"fillmode": "overlay", "size": 10, "solidity": 0.2}}, "type": "barpolar"}], "pie": [{"automargin": true, "type": "pie"}]}, "layout": {"autotypenumbers": "strict", "colorway": ["#636efa", "#EF553B", "#00cc96", "#ab63fa", "#FFA15A", "#19d3f3", "#FF6692", "#B6E880", "#FF97FF", "#FECB52"], "font": {"color": "#2a3f5f"}, "hovermode": "closest", "hoverlabel": {"align": "left"}, "paper_bgcolor": "white", "plot_bgcolor": "#E5ECF6", "polar": {"bgcolor": "#E5ECF6", "angularaxis": {"gridcolor": "white", "linecolor": "white", "ticks": ""}, "radialaxis": {"gridcolor": "white", "linecolor": "white", "ticks": ""}}, "ternary": {"bgcolor": "#E5ECF6", "aaxis": {"gridcolor": "white", "linecolor": "white", "ticks": ""}, "baxis": {"gridcolor": "white", "linecolor": "white", "ticks": ""}, "caxis": {"gridcolor": "white", "linecolor": "white", "ticks": ""}}, "coloraxis": {"colorbar": {"outlinewidth": 0, "ticks": ""}}, "colorscale": {"sequential": [[0.0, "#0d0887"], [0.1111111111111111, "#46039f"], [0.2222222222222222, "#7201a8"], [0.3333333333333333, "#9c179e"], [0.4444444444444444, "#bd3786"], [0.5555555555555556, "#d8576b"], [0.6666666666666666, "#ed7953"], [0.7777777777777778, "#fb9f3a"], [0.8888888888888888, "#fdca26"], [1.0, "#f0f921"]], "sequentialminus": [[0.0, "#0d0887"], [0.1111111111111111, "#46039f"], [0.2222222222222222, "#7201a8"], [0.3333333333333333, "#9c179e"], [0.4444444444444444, "#bd3786"], [0.5555555555555556, "#d8576b"], [0.6666666666666666, "#ed7953"], [0.7777777777777778, "#fb9f3a"], [0.8888888888888888, "#fdca26"], [1.0, "#f0f921"]], "diverging": [[0, "#8e0152"], [0.1, "#c51b7d"], [0.2, "#de77ae"], [0.3, "#f1b6da"], [0.4, "#fde0ef"], [0.5, "#f7f7f7"], [0.6, "#e6f5d0"], [0.7, "#b8e186"], [0.8, "#7fbc41"], [0.9, "#4d9221"], [1, "#276419"]]}, "xaxis": {"gridcolor": "white", "linecolor": "white", "ticks": "", "title": {"standoff": 15}, "zerolinecolor": "white", "automargin": true, "zerolinewidth": 2}, "yaxis": {"gridcolor": "white", "linecolor": "white", "ticks": "", "title": {"standoff": 15}, "zerolinecolor": "white", "automargin": true, "zerolinewidth": 2}, "scene": {"xaxis": {"backgroundcolor": "#E5ECF6", "gridcolor": "white", "linecolor": "white", "showbackground": true, "ticks": "", "zerolinecolor": "white", "gridwidth": 2}, "yaxis": {"backgroundcolor": "#E5ECF6", "gridcolor": "white", "linecolor": "white", "showbackground": true, "ticks": "", "zerolinecolor": "white", "gridwidth": 2}, "zaxis": {"backgroundcolor": "#E5ECF6", "gridcolor": "white", "linecolor": "white", "showbackground": true, "ticks": "", "zerolinecolor": "white", "gridwidth": 2}}, "shapedefaults": {"line": {"color": "#2a3f5f"}}, "annotationdefaults": {"arrowcolor": "#2a3f5f", "arrowhead": 0, "arrowwidth": 1}, "geo": {"bgcolor": "white", "landcolor": "#E5ECF6", "subunitcolor": "white", "showland": true, "showlakes": true, "lakecolor": "white"}, "title": {"x": 0.05}, "mapbox": {"style": "light"}}}}}