{"data": [{"z": [[27.22041893005371, -0.23653644323349, 3.7782745361328125, 0.8447232246398926, -5.770594120025635, -6.99151611328125, 5.813206672668457, 1.3835234642028809, 4.53663969039917, -6.71350622177124, -1.391259789466858, 1.53217613697052, 0.14380817115306854, -4.622642517089844, -5.1297454833984375, -0.6786934733390808, -6.617140769958496, 3.296947956085205, -0.5011837482452393, -8.220406532287598, 4.499403476715088], [-0.23653644323349, 24.288766860961914, 0.6787577271461487, -3.1268134117126465, 5.983514785766602, -5.9946112632751465, -3.508974075317383, -3.7722220420837402, -0.3291434943675995, -0.3910019099712372, -3.7375600337982178, 9.18080997467041, 3.8877594470977783, -2.867553949356079, 6.72206449508667, -5.965814590454102, -2.7376160621643066, 5.34946870803833, 2.2225327491760254, -0.12405133247375488, 1.9819085597991943], [3.7782745361328125, 0.6787577271461487, 16.208223342895508, -2.0162932872772217, 3.4855358600616455, -0.4866483509540558, 8.946826934814453, -3.4070398807525635, -0.055206045508384705, -3.1033682823181152, 2.4369587898254395, 0.8012356162071228, 1.406612515449524, -4.07904577255249, -2.982612133026123, 4.723309516906738, 1.0031797885894775, -2.01139497756958, -6.512851715087891, 4.3151535987854, 1.7703120708465576], [0.8447232246398926, -3.1268134117126465, -2.0162932872772217, 23.855239868164062, -3.431276798248291, 4.88040018081665, 3.9005465507507324, -0.9037511348724365, 1.4085288047790527, 0.5485972166061401, 0.2926805019378662, 4.480989456176758, 3.337026834487915, -0.5053853392601013, 0.7594056725502014, -0.27552974224090576, -5.211183547973633, -3.3204970359802246, 3.1518564224243164, -1.4277194738388062, 0.8430233597755432], [-5.770594120025635, 5.983514785766602, 3.4855358600616455, -3.431276798248291, 22.31204605102539, -4.288117408752441, 0.23806732892990112, -4.5407304763793945, 2.5528829097747803, -5.099608421325684, -0.7947236895561218, 0.68816077709198, 0.8741347789764404, -2.00529146194458, 2.103898525238037, -0.5544255971908569, 1.3831372261047363, 0.7583181858062744, -9.794313430786133, 5.731142520904541, 3.2991766929626465], [-6.99151611328125, -5.9946112632751465, -0.4866483509540558, 4.88040018081665, -4.288117408752441, 33.19679641723633, 1.586234211921692, 1.8170503377914429, -1.397104263305664, 2.6409499645233154, -0.8346612453460693, -10.017735481262207, -0.6758933663368225, 0.4638358950614929, 2.2421185970306396, 3.4889094829559326, -0.43206536769866943, -7.409707069396973, 9.222644805908203, 4.106731414794922, -6.5822858810424805], [5.813206672668457, -3.508974075317383, 8.946826934814453, 3.9005465507507324, 0.23806732892990112, 1.586234211921692, 20.43516731262207, -1.4782205820083618, -0.28491607308387756, 1.8209272623062134, 1.5688940286636353, -1.81815505027771, 2.355898857116699, 1.934755802154541, -2.569028854370117, 3.680307626724243, -3.8143389225006104, -0.49767017364501953, -3.9800713062286377, -6.066862106323242, -2.385159730911255], [1.3835234642028809, -3.7722220420837402, -3.4070398807525635, -0.9037511348724365, -4.5407304763793945, 1.8170503377914429, -1.4782205820083618, 14.469669342041016, -1.3209517002105713, -2.802319049835205, 1.7806756496429443, -1.7371876239776611, -4.67952299118042, 1.809101939201355, -1.692155122756958, -3.9749374389648438, 3.665536403656006, -2.768096446990967, -2.167241096496582, 0.6862432956695557, -0.7809653282165527], [4.53663969039917, -0.3291434943675995, -0.055206045508384705, 1.4085288047790527, 2.5528829097747803, -1.397104263305664, -0.28491607308387756, -1.3209517002105713, 18.52327537536621, -3.727116584777832, 1.4639675617218018, -3.626681089401245, 6.879490375518799, -3.7485806941986084, 0.20022106170654297, -0.08542371541261673, -4.469255447387695, 2.5184597969055176, -2.503117561340332, 0.06902557611465454, 1.5539002418518066], [-6.71350622177124, -0.3910019099712372, -3.1033682823181152, 0.5485972166061401, -5.099608421325684, 2.6409499645233154, 1.8209272623062134, -2.802319049835205, -3.727116584777832, 27.955345153808594, 4.0631279945373535, -1.1248180866241455, -4.297895431518555, 4.129139423370361, 1.2731705904006958, 3.390505790710449, 5.5037336349487305, 0.3121364116668701, 4.521733283996582, -3.4551401138305664, -3.08418607711792], [-1.391259789466858, -3.7375600337982178, 2.4369587898254395, 0.2926805019378662, -0.7947236895561218, -0.8346612453460693, 1.5688940286636353, 1.7806756496429443, 1.4639675617218018, 4.0631279945373535, 21.516860961914062, -0.3931008577346802, 3.474437713623047, 0.8876999020576477, -5.584867477416992, 1.6282837390899658, 0.9910712242126465, -9.454792022705078, -2.058292865753174, -1.3862664699554443, 0.9408136606216431], [1.53217613697052, 9.18080997467041, 0.8012356162071228, 4.480989456176758, 0.68816077709198, -10.017735481262207, -1.81815505027771, -1.7371876239776611, -3.626681089401245, -1.1248180866241455, -0.3931008577346802, 24.23093605041504, 1.7527868747711182, 4.079593181610107, 1.0473710298538208, -4.360651016235352, 2.7194862365722656, -3.35239577293396, 0.27639269828796387, 2.885781764984131, 4.448734283447266], [0.14380817115306854, 3.8877594470977783, 1.406612515449524, 3.337026834487915, 0.8741347789764404, -0.6758933663368225, 2.355898857116699, -4.67952299118042, 6.879490375518799, -4.297895431518555, 3.474437713623047, 1.7527868747711182, 20.93808937072754, 2.2068376541137695, 1.1638537645339966, 1.050531268119812, -9.177328109741211, 5.546856880187988, 1.3678247928619385, -5.118310928344727, -0.5304171442985535], [-4.622642517089844, -2.867553949356079, -4.07904577255249, -0.5053853392601013, -2.00529146194458, 0.4638358950614929, 1.934755802154541, 1.809101939201355, -3.7485806941986084, 4.129139423370361, 0.8876999020576477, 4.079593181610107, 2.2068376541137695, 17.651439666748047, 2.495983600616455, -2.975450038909912, -1.485450029373169, -2.719749689102173, 2.2215964794158936, -2.998915195465088, -2.841287136077881], [-5.1297454833984375, 6.72206449508667, -2.982612133026123, 0.7594056725502014, 2.103898525238037, 2.2421185970306396, -2.569028854370117, -1.692155122756958, 0.20022106170654297, 1.2731705904006958, -5.584867477416992, 1.0473710298538208, 1.1638537645339966, 2.495983600616455, 10.82946491241455, 0.4130665063858032, -3.4453909397125244, 4.753098964691162, 6.638128757476807, 0.8614391088485718, -4.948530673980713], [-0.6786934733390808, -5.965814590454102, 4.723309516906738, -0.27552974224090576, -0.5544255971908569, 3.4889094829559326, 3.680307626724243, -3.9749374389648438, -0.08542371541261673, 3.390505790710449, 1.6282837390899658, -4.360651016235352, 1.050531268119812, -2.975450038909912, 0.4130665063858032, 15.897745132446289, 6.101880073547363, 2.1835243701934814, 2.4274516105651855, 0.95613694190979, -3.8421201705932617], [-6.617140293121338, -2.7376160621643066, 1.003179907798767, -5.211184501647949, 1.3831369876861572, -0.43206533789634705, -3.8143386840820312, 3.665536880493164, -4.4692559242248535, 5.503734111785889, 0.9910712242126465, 2.7194859981536865, -9.177327156066895, -1.4854493141174316, -3.445390462875366, 6.1018805503845215, 23.205968856811523, -4.991154670715332, -6.421511650085449, 8.809526443481445, 1.5451536178588867], [3.296947717666626, 5.349469184875488, -2.011394739151001, -3.3204965591430664, 0.7583180069923401, -7.409708023071289, -0.4976700246334076, -2.768096685409546, 2.518460273742676, 0.31213638186454773, -9.454792022705078, -3.352396011352539, 5.54685640335083, -2.7197487354278564, 4.7530999183654785, 2.1835241317749023, -4.991154670715332, 28.528823852539062, 2.0397934913635254, -4.280550003051758, -7.847128868103027], [-0.5011836290359497, 2.222531795501709, -6.512851715087891, 3.1518566608428955, -9.794313430786133, 9.222643852233887, -3.980071544647217, -2.167241334915161, -2.503117561340332, 4.521732807159424, -2.058292865753174, 0.27639248967170715, 1.3678250312805176, 2.2215969562530518, 6.638128280639648, 2.4274518489837646, -6.421511650085449, 2.0397934913635254, 30.863391876220703, 2.223245620727539, -2.8208789825439453], [-8.220407485961914, -0.12405151128768921, 4.315153121948242, -1.4277198314666748, 5.731142044067383, 4.106731414794922, -6.066861152648926, 0.6862433552742004, 0.06902549415826797, -3.4551408290863037, -1.3862662315368652, 2.8857815265655518, -5.118311882019043, -2.998915433883667, 0.8614391684532166, 0.9561370611190796, 8.809526443481445, -4.280550003051758, 2.223245620727539, 19.53084373474121, 2.362856864929199], [4.49940299987793, 1.9819085597991943, 1.770311951637268, 0.8430233001708984, 3.2991764545440674, -6.582284927368164, -2.385159730911255, -0.7809655070304871, 1.5539003610610962, -3.0841867923736572, 0.9408135414123535, 4.448734283447266, -0.5304170250892639, -2.84128737449646, -4.948530673980713, -3.84212064743042, 1.5451537370681763, -7.847127914428711, -2.820878505706787, 2.362856864929199, 13.339052200317383]], "type": "heatmap"}], "layout": {"template": {"data": {"histogram2dcontour": [{"type": "histogram2dcontour", "colorbar": {"outlinewidth": 0, "ticks": ""}, "colorscale": [[0.0, "#0d0887"], [0.1111111111111111, "#46039f"], [0.2222222222222222, "#7201a8"], [0.3333333333333333, "#9c179e"], [0.4444444444444444, "#bd3786"], [0.5555555555555556, "#d8576b"], [0.6666666666666666, "#ed7953"], [0.7777777777777778, "#fb9f3a"], [0.8888888888888888, "#fdca26"], [1.0, "#f0f921"]]}], "choropleth": [{"type": "choropleth", "colorbar": {"outlinewidth": 0, "ticks": ""}}], "histogram2d": [{"type": "histogram2d", "colorbar": {"outlinewidth": 0, "ticks": ""}, "colorscale": [[0.0, "#0d0887"], [0.1111111111111111, "#46039f"], [0.2222222222222222, "#7201a8"], [0.3333333333333333, "#9c179e"], [0.4444444444444444, "#bd3786"], [0.5555555555555556, "#d8576b"], [0.6666666666666666, "#ed7953"], [0.7777777777777778, "#fb9f3a"], [0.8888888888888888, "#fdca26"], [1.0, "#f0f921"]]}], "heatmap": [{"type": "heatmap", "colorbar": {"outlinewidth": 0, "ticks": ""}, "colorscale": [[0.0, "#0d0887"], [0.1111111111111111, "#46039f"], [0.2222222222222222, "#7201a8"], [0.3333333333333333, "#9c179e"], [0.4444444444444444, "#bd3786"], [0.5555555555555556, "#d8576b"], [0.6666666666666666, "#ed7953"], [0.7777777777777778, "#fb9f3a"], [0.8888888888888888, "#fdca26"], [1.0, "#f0f921"]]}], "heatmapgl": [{"type": "heatmapgl", "colorbar": {"outlinewidth": 0, "ticks": ""}, "colorscale": [[0.0, "#0d0887"], [0.1111111111111111, "#46039f"], [0.2222222222222222, "#7201a8"], [0.3333333333333333, "#9c179e"], [0.4444444444444444, "#bd3786"], [0.5555555555555556, "#d8576b"], [0.6666666666666666, "#ed7953"], [0.7777777777777778, "#fb9f3a"], [0.8888888888888888, "#fdca26"], [1.0, "#f0f921"]]}], "contourcarpet": [{"type": "contourcarpet", "colorbar": {"outlinewidth": 0, "ticks": ""}}], "contour": [{"type": "contour", "colorbar": {"outlinewidth": 0, "ticks": ""}, "colorscale": [[0.0, "#0d0887"], [0.1111111111111111, "#46039f"], [0.2222222222222222, "#7201a8"], [0.3333333333333333, "#9c179e"], [0.4444444444444444, "#bd3786"], [0.5555555555555556, "#d8576b"], [0.6666666666666666, "#ed7953"], [0.7777777777777778, "#fb9f3a"], [0.8888888888888888, "#fdca26"], [1.0, "#f0f921"]]}], "surface": [{"type": "surface", "colorbar": {"outlinewidth": 0, "ticks": ""}, "colorscale": [[0.0, "#0d0887"], [0.1111111111111111, "#46039f"], [0.2222222222222222, "#7201a8"], [0.3333333333333333, "#9c179e"], [0.4444444444444444, "#bd3786"], [0.5555555555555556, "#d8576b"], [0.6666666666666666, "#ed7953"], [0.7777777777777778, "#fb9f3a"], [0.8888888888888888, "#fdca26"], [1.0, "#f0f921"]]}], "mesh3d": [{"type": "mesh3d", "colorbar": {"outlinewidth": 0, "ticks": ""}}], "scatter": [{"fillpattern": {"fillmode": "overlay", "size": 10, "solidity": 0.2}, "type": "scatter"}], "parcoords": [{"type": "parcoords", "line": {"colorbar": {"outlinewidth": 0, "ticks": ""}}}], "scatterpolargl": [{"type": "scatterpolargl", "marker": {"colorbar": {"outlinewidth": 0, "ticks": ""}}}], "bar": [{"error_x": {"color": "#2a3f5f"}, "error_y": {"color": "#2a3f5f"}, "marker": {"line": {"color": "#E5ECF6", "width": 0.5}, "pattern": {"fillmode": "overlay", "size": 10, "solidity": 0.2}}, "type": "bar"}], "scattergeo": [{"type": "scattergeo", "marker": {"colorbar": {"outlinewidth": 0, "ticks": ""}}}], "scatterpolar": [{"type": "scatterpolar", "marker": {"colorbar": {"outlinewidth": 0, "ticks": ""}}}], "histogram": [{"marker": {"pattern": {"fillmode": "overlay", "size": 10, "solidity": 0.2}}, "type": "histogram"}], "scattergl": [{"type": "scattergl", "marker": {"colorbar": {"outlinewidth": 0, "ticks": ""}}}], "scatter3d": [{"type": "scatter3d", "line": {"colorbar": {"outlinewidth": 0, "ticks": ""}}, "marker": {"colorbar": {"outlinewidth": 0, "ticks": ""}}}], "scattermapbox": [{"type": "scattermapbox", "marker": {"colorbar": {"outlinewidth": 0, "ticks": ""}}}], "scatterternary": [{"type": "scatterternary", "marker": {"colorbar": {"outlinewidth": 0, "ticks": ""}}}], "scattercarpet": [{"type": "scattercarpet", "marker": {"colorbar": {"outlinewidth": 0, "ticks": ""}}}], "carpet": [{"aaxis": {"endlinecolor": "#2a3f5f", "gridcolor": "white", "linecolor": "white", "minorgridcolor": "white", "startlinecolor": "#2a3f5f"}, "baxis": {"endlinecolor": "#2a3f5f", "gridcolor": "white", "linecolor": "white", "minorgridcolor": "white", "startlinecolor": "#2a3f5f"}, "type": "carpet"}], "table": [{"cells": {"fill": {"color": "#EBF0F8"}, "line": {"color": "white"}}, "header": {"fill": {"color": "#C8D4E3"}, "line": {"color": "white"}}, "type": "table"}], "barpolar": [{"marker": {"line": {"color": "#E5ECF6", "width": 0.5}, "pattern": {"fillmode": "overlay", "size": 10, "solidity": 0.2}}, "type": "barpolar"}], "pie": [{"automargin": true, "type": "pie"}]}, "layout": {"autotypenumbers": "strict", "colorway": ["#636efa", "#EF553B", "#00cc96", "#ab63fa", "#FFA15A", "#19d3f3", "#FF6692", "#B6E880", "#FF97FF", "#FECB52"], "font": {"color": "#2a3f5f"}, "hovermode": "closest", "hoverlabel": {"align": "left"}, "paper_bgcolor": "white", "plot_bgcolor": "#E5ECF6", "polar": {"bgcolor": "#E5ECF6", "angularaxis": {"gridcolor": "white", "linecolor": "white", "ticks": ""}, "radialaxis": {"gridcolor": "white", "linecolor": "white", "ticks": ""}}, "ternary": {"bgcolor": "#E5ECF6", "aaxis": {"gridcolor": "white", "linecolor": "white", "ticks": ""}, "baxis": {"gridcolor": "white", "linecolor": "white", "ticks": ""}, "caxis": {"gridcolor": "white", "linecolor": "white", "ticks": ""}}, "coloraxis": {"colorbar": {"outlinewidth": 0, "ticks": ""}}, "colorscale": {"sequential": [[0.0, "#0d0887"], [0.1111111111111111, "#46039f"], [0.2222222222222222, "#7201a8"], [0.3333333333333333, "#9c179e"], [0.4444444444444444, "#bd3786"], [0.5555555555555556, "#d8576b"], [0.6666666666666666, "#ed7953"], [0.7777777777777778, "#fb9f3a"], [0.8888888888888888, "#fdca26"], [1.0, "#f0f921"]], "sequentialminus": [[0.0, "#0d0887"], [0.1111111111111111, "#46039f"], [0.2222222222222222, "#7201a8"], [0.3333333333333333, "#9c179e"], [0.4444444444444444, "#bd3786"], [0.5555555555555556, "#d8576b"], [0.6666666666666666, "#ed7953"], [0.7777777777777778, "#fb9f3a"], [0.8888888888888888, "#fdca26"], [1.0, "#f0f921"]], "diverging": [[0, "#8e0152"], [0.1, "#c51b7d"], [0.2, "#de77ae"], [0.3, "#f1b6da"], [0.4, "#fde0ef"], [0.5, "#f7f7f7"], [0.6, "#e6f5d0"], [0.7, "#b8e186"], [0.8, "#7fbc41"], [0.9, "#4d9221"], [1, "#276419"]]}, "xaxis": {"gridcolor": "white", "linecolor": "white", "ticks": "", "title": {"standoff": 15}, "zerolinecolor": "white", "automargin": true, "zerolinewidth": 2}, "yaxis": {"gridcolor": "white", "linecolor": "white", "ticks": "", "title": {"standoff": 15}, "zerolinecolor": "white", "automargin": true, "zerolinewidth": 2}, "scene": {"xaxis": {"backgroundcolor": "#E5ECF6", "gridcolor": "white", "linecolor": "white", "showbackground": true, "ticks": "", "zerolinecolor": "white", "gridwidth": 2}, "yaxis": {"backgroundcolor": "#E5ECF6", "gridcolor": "white", "linecolor": "white", "showbackground": true, "ticks": "", "zerolinecolor": "white", "gridwidth": 2}, "zaxis": {"backgroundcolor": "#E5ECF6", "gridcolor": "white", "linecolor": "white", "showbackground": true, "ticks": "", "zerolinecolor": "white", "gridwidth": 2}}, "shapedefaults": {"line": {"color": "#2a3f5f"}}, "annotationdefaults": {"arrowcolor": "#2a3f5f", "arrowhead": 0, "arrowwidth": 1}, "geo": {"bgcolor": "white", "landcolor": "#E5ECF6", "subunitcolor": "white", "showland": true, "showlakes": true, "lakecolor": "white"}, "title": {"x": 0.05}, "mapbox": {"style": "light"}}}}}