{"data": [{"z": [[27.190837860107422, -0.17915330827236176, 3.824110507965088, 0.8993093967437744, -5.714394569396973, -6.911779880523682, 5.855218410491943, 1.431165337562561, 4.556519031524658, -6.651702404022217, -1.351884126663208, 1.5681167840957642, 0.21995815634727478, -4.579096794128418, -5.056189060211182, -0.5945486426353455, -6.548809051513672, 3.334473133087158, -0.447277307510376, -8.120101928710938, 4.459075927734375], [-0.17915330827236176, 24.145845413208008, 0.7036309242248535, -3.0356059074401855, 5.972428321838379, -5.872201919555664, -3.4508237838745117, -3.675079822540283, -0.2974167764186859, -0.3483656346797943, -3.6773712635040283, 9.12079906463623, 3.8604462146759033, -2.832207679748535, 6.7097978591918945, -5.87819242477417, -2.671365261077881, 5.337791442871094, 2.2230076789855957, -0.10571885108947754, 1.9656018018722534], [3.824110507965088, 0.7036309242248535, 16.1536865234375, -1.966313123703003, 3.525280237197876, -0.4237816631793976, 8.941694259643555, -3.310579299926758, -0.01740611158311367, -3.061368942260742, 2.4987642765045166, 0.841340959072113, 1.4305293560028076, -4.010283470153809, -2.9214086532592773, 4.77385139465332, 1.0661888122558594, -1.952182650566101, -6.44687032699585, 4.352672100067139, 1.7348685264587402], [0.8993093967437744, -3.0356059074401855, -1.966313123703003, 23.794496536254883, -3.3383405208587646, 4.898551940917969, 3.887629747390747, -0.8363681435585022, 1.4519269466400146, 0.5582395195960999, 0.2993905544281006, 4.524558067321777, 3.3889105319976807, -0.44128286838531494, 0.8205486536026001, -0.2274385541677475, -5.138620376586914, -3.2384400367736816, 3.1529884338378906, -1.3781425952911377, 0.8318603038787842], [-5.714394569396973, 5.972428321838379, 3.525280237197876, -3.3383405208587646, 22.28377914428711, -4.191248893737793, 0.2941843271255493, -4.482486248016357, 2.592465877532959, -5.023828506469727, -0.7484223246574402, 0.7184402346611023, 0.9056051969528198, -1.9485878944396973, 2.139085531234741, -0.4444494843482971, 1.4575836658477783, 0.8178365230560303, -9.74675464630127, 5.742076873779297, 3.254237651824951], [-6.911779880523682, -5.872201919555664, -0.4237816631793976, 4.898551940917969, -4.191248893737793, 33.079551696777344, 1.545554280281067, 1.8847182989120483, -1.3728065490722656, 2.6396844387054443, -0.7935748100280762, -9.88386344909668, -0.5888976454734802, 0.5028683543205261, 2.3060128688812256, 3.494166612625122, -0.381064772605896, -7.315153121948242, 9.212236404418945, 4.136763095855713, -6.582909107208252], [5.855218410491943, -3.4508237838745117, 8.941694259643555, 3.887629747390747, 0.2941843271255493, 1.545554280281067, 20.329225540161133, -1.4458866119384766, -0.30250975489616394, 1.8132820129394531, 1.5716190338134766, -1.7792900800704956, 2.3619778156280518, 1.9607439041137695, -2.5308947563171387, 3.661081552505493, -3.7936244010925293, -0.4800291061401367, -3.9825897216796875, -6.039414405822754, -2.364987373352051], [1.431165337562561, -3.675079822540283, -3.310579299926758, -0.8363681435585022, -4.482486248016357, 1.8847182989120483, -1.4458866119384766, 14.501957893371582, -1.2611205577850342, -2.7464256286621094, 1.8091987371444702, -1.6481382846832275, -4.585651397705078, 1.8113857507705688, -1.6027934551239014, -3.846130132675171, 3.740412712097168, -2.694924831390381, -2.1025805473327637, 0.7701106071472168, -0.818326473236084], [4.556519031524658, -0.2974167764186859, -0.01740611158311367, 1.4519269466400146, 2.592465877532959, -1.3728065490722656, -0.30250975489616394, -1.2611205577850342, 18.442235946655273, -3.699655055999756, 1.4981799125671387, -3.5753512382507324, 6.898070335388184, -3.689168930053711, 0.254668653011322, -0.041055552661418915, -4.4013848304748535, 2.558171033859253, -2.475008964538574, 0.11726886034011841, 1.5411921739578247], [-6.651702404022217, -0.3483656346797943, -3.061368942260742, 0.5582395195960999, -5.023828506469727, 2.6396844387054443, 1.8132820129394531, -2.7464256286621094, -3.699655055999756, 27.87345314025879, 4.075313091278076, -1.0784128904342651, -4.222628593444824, 4.192463397979736, 1.342542052268982, 3.3868722915649414, 5.52169942855835, 0.33652472496032715, 4.526721477508545, -3.388037919998169, -3.081465244293213], [-1.351884126663208, -3.6773712635040283, 2.4987642765045166, 0.2993905544281006, -0.7484223246574402, -0.7935748100280762, 1.5716190338134766, 1.8091987371444702, 1.4981799125671387, 4.075313091278076, 21.433467864990234, -0.322931706905365, 3.533989429473877, 0.9079903960227966, -5.515328884124756, 1.6824244260787964, 1.0513429641723633, -9.382837295532227, -2.017723798751831, -1.328489065170288, 0.9286446571350098], [1.5681167840957642, 9.12079906463623, 0.841340959072113, 4.524558067321777, 0.7184402346611023, -9.88386344909668, -1.7792900800704956, -1.6481382846832275, -3.5753512382507324, -1.0784128904342651, -0.322931706905365, 24.121034622192383, 1.7401001453399658, 4.124207973480225, 1.079153060913086, -4.2700958251953125, 2.780848503112793, -3.3283498287200928, 0.2866370677947998, 2.874375820159912, 4.429393768310547], [0.21995815634727478, 3.8604462146759033, 1.4305293560028076, 3.3889105319976807, 0.9056051969528198, -0.5888976454734802, 2.3619778156280518, -4.585651397705078, 6.898070335388184, -4.222628593444824, 3.533989429473877, 1.7401001453399658, 20.884281158447266, 2.2470428943634033, 1.2051039934158325, 1.1292344331741333, -9.067645072937012, 5.574150085449219, 1.3908112049102783, -5.081353664398193, -0.5528528690338135], [-4.579096794128418, -2.832207679748535, -4.010283470153809, -0.44128286838531494, -1.9485878944396973, 0.5028683543205261, 1.9607439041137695, 1.8113857507705688, -3.689168930053711, 4.192463397979736, 0.9079903960227966, 4.124207973480225, 2.2470428943634033, 17.607576370239258, 2.5404670238494873, -2.8834426403045654, -1.4014298915863037, -2.6556200981140137, 2.253289222717285, -2.943150758743286, -2.8583626747131348], [-5.056189060211182, 6.7097978591918945, -2.9214086532592773, 0.8205486536026001, 2.139085531234741, 2.3060128688812256, -2.5308947563171387, -1.6027934551239014, 0.254668653011322, 1.342542052268982, -5.515328884124756, 1.079153060913086, 1.2051039934158325, 2.5404670238494873, 10.83106517791748, 0.4861866235733032, -3.3551361560821533, 4.787442207336426, 6.644290447235107, 0.9040175676345825, -4.963943004608154], [-0.5945486426353455, -5.87819242477417, 4.77385139465332, -0.2274385541677475, -0.4444494843482971, 3.494166612625122, 3.661081552505493, -3.846130132675171, -0.041055552661418915, 3.3868722915649414, 1.6824244260787964, -4.2700958251953125, 1.1292344331741333, -2.8834426403045654, 0.4861866235733032, 15.872438430786133, 6.145724296569824, 2.225658416748047, 2.4472532272338867, 1.0201332569122314, -3.8307597637176514], [-6.548810005187988, -2.6713647842407227, 1.0661890506744385, -5.138620853424072, 1.4575835466384888, -0.3810647428035736, -3.7936246395111084, 3.740412473678589, -4.401385307312012, 5.52169942855835, 1.0513432025909424, 2.780848503112793, -9.067646980285645, -1.4014300107955933, -3.3551366329193115, 6.145724773406982, 23.197038650512695, -4.920892715454102, -6.3335981369018555, 8.833599090576172, 1.535264015197754], [3.3344733715057373, 5.337791442871094, -1.952182650566101, -3.2384393215179443, 0.8178374171257019, -7.315154075622559, -0.4800295829772949, -2.69492506980896, 2.558171272277832, 0.33652448654174805, -9.38283920288086, -3.3283498287200928, 5.574150562286377, -2.6556203365325928, 4.787442207336426, 2.225658416748047, -4.920892715454102, 28.481157302856445, 2.068108320236206, -4.211514949798584, -7.854132652282715], [-0.4472772181034088, 2.223008394241333, -6.446869850158691, 3.1529886722564697, -9.746755599975586, 9.212235450744629, -3.9825897216796875, -2.1025803089141846, -2.475008487701416, 4.5267205238342285, -2.017723798751831, 0.2866376042366028, 1.3908112049102783, 2.253289222717285, 6.644290924072266, 2.4472532272338867, -6.3335981369018555, 2.068108320236206, 30.761886596679688, 2.2396087646484375, -2.816664695739746], [-8.120102882385254, -0.10571935772895813, 4.3526716232299805, -1.3781429529190063, 5.742077350616455, 4.136763572692871, -6.039414882659912, 0.7701109051704407, 0.11726871132850647, -3.3880374431610107, -1.3284893035888672, 2.8743765354156494, -5.08135461807251, -2.943150520324707, 0.9040176272392273, 1.020133376121521, 8.833599090576172, -4.211514949798584, 2.2396087646484375, 19.444774627685547, 2.3483903408050537], [4.459076881408691, 1.9656015634536743, 1.7348686456680298, 0.8318600654602051, 3.254237651824951, -6.582909107208252, -2.3649868965148926, -0.8183267116546631, 1.541192650794983, -3.081465482711792, 0.9286448955535889, 4.429394245147705, -0.5528528690338135, -2.8583626747131348, -4.9639434814453125, -3.8307597637176514, 1.5352636575698853, -7.854132175445557, -2.816664457321167, 2.348390579223633, 13.339052200317383]], "type": "heatmap"}], "layout": {"template": {"data": {"histogram2dcontour": [{"type": "histogram2dcontour", "colorbar": {"outlinewidth": 0, "ticks": ""}, "colorscale": [[0.0, "#0d0887"], [0.1111111111111111, "#46039f"], [0.2222222222222222, "#7201a8"], [0.3333333333333333, "#9c179e"], [0.4444444444444444, "#bd3786"], [0.5555555555555556, "#d8576b"], [0.6666666666666666, "#ed7953"], [0.7777777777777778, "#fb9f3a"], [0.8888888888888888, "#fdca26"], [1.0, "#f0f921"]]}], "choropleth": [{"type": "choropleth", "colorbar": {"outlinewidth": 0, "ticks": ""}}], "histogram2d": [{"type": "histogram2d", "colorbar": {"outlinewidth": 0, "ticks": ""}, "colorscale": [[0.0, "#0d0887"], [0.1111111111111111, "#46039f"], [0.2222222222222222, "#7201a8"], [0.3333333333333333, "#9c179e"], [0.4444444444444444, "#bd3786"], [0.5555555555555556, "#d8576b"], [0.6666666666666666, "#ed7953"], [0.7777777777777778, "#fb9f3a"], [0.8888888888888888, "#fdca26"], [1.0, "#f0f921"]]}], "heatmap": [{"type": "heatmap", "colorbar": {"outlinewidth": 0, "ticks": ""}, "colorscale": [[0.0, "#0d0887"], [0.1111111111111111, "#46039f"], [0.2222222222222222, "#7201a8"], [0.3333333333333333, "#9c179e"], [0.4444444444444444, "#bd3786"], [0.5555555555555556, "#d8576b"], [0.6666666666666666, "#ed7953"], [0.7777777777777778, "#fb9f3a"], [0.8888888888888888, "#fdca26"], [1.0, "#f0f921"]]}], "heatmapgl": [{"type": "heatmapgl", "colorbar": {"outlinewidth": 0, "ticks": ""}, "colorscale": [[0.0, "#0d0887"], [0.1111111111111111, "#46039f"], [0.2222222222222222, "#7201a8"], [0.3333333333333333, "#9c179e"], [0.4444444444444444, "#bd3786"], [0.5555555555555556, "#d8576b"], [0.6666666666666666, "#ed7953"], [0.7777777777777778, "#fb9f3a"], [0.8888888888888888, "#fdca26"], [1.0, "#f0f921"]]}], "contourcarpet": [{"type": "contourcarpet", "colorbar": {"outlinewidth": 0, "ticks": ""}}], "contour": [{"type": "contour", "colorbar": {"outlinewidth": 0, "ticks": ""}, "colorscale": [[0.0, "#0d0887"], [0.1111111111111111, "#46039f"], [0.2222222222222222, "#7201a8"], [0.3333333333333333, "#9c179e"], [0.4444444444444444, "#bd3786"], [0.5555555555555556, "#d8576b"], [0.6666666666666666, "#ed7953"], [0.7777777777777778, "#fb9f3a"], [0.8888888888888888, "#fdca26"], [1.0, "#f0f921"]]}], "surface": [{"type": "surface", "colorbar": {"outlinewidth": 0, "ticks": ""}, "colorscale": [[0.0, "#0d0887"], [0.1111111111111111, "#46039f"], [0.2222222222222222, "#7201a8"], [0.3333333333333333, "#9c179e"], [0.4444444444444444, "#bd3786"], [0.5555555555555556, "#d8576b"], [0.6666666666666666, "#ed7953"], [0.7777777777777778, "#fb9f3a"], [0.8888888888888888, "#fdca26"], [1.0, "#f0f921"]]}], "mesh3d": [{"type": "mesh3d", "colorbar": {"outlinewidth": 0, "ticks": ""}}], "scatter": [{"fillpattern": {"fillmode": "overlay", "size": 10, "solidity": 0.2}, "type": "scatter"}], "parcoords": [{"type": "parcoords", "line": {"colorbar": {"outlinewidth": 0, "ticks": ""}}}], "scatterpolargl": [{"type": "scatterpolargl", "marker": {"colorbar": {"outlinewidth": 0, "ticks": ""}}}], "bar": [{"error_x": {"color": "#2a3f5f"}, "error_y": {"color": "#2a3f5f"}, "marker": {"line": {"color": "#E5ECF6", "width": 0.5}, "pattern": {"fillmode": "overlay", "size": 10, "solidity": 0.2}}, "type": "bar"}], "scattergeo": [{"type": "scattergeo", "marker": {"colorbar": {"outlinewidth": 0, "ticks": ""}}}], "scatterpolar": [{"type": "scatterpolar", "marker": {"colorbar": {"outlinewidth": 0, "ticks": ""}}}], "histogram": [{"marker": {"pattern": {"fillmode": "overlay", "size": 10, "solidity": 0.2}}, "type": "histogram"}], "scattergl": [{"type": "scattergl", "marker": {"colorbar": {"outlinewidth": 0, "ticks": ""}}}], "scatter3d": [{"type": "scatter3d", "line": {"colorbar": {"outlinewidth": 0, "ticks": ""}}, "marker": {"colorbar": {"outlinewidth": 0, "ticks": ""}}}], "scattermapbox": [{"type": "scattermapbox", "marker": {"colorbar": {"outlinewidth": 0, "ticks": ""}}}], "scatterternary": [{"type": "scatterternary", "marker": {"colorbar": {"outlinewidth": 0, "ticks": ""}}}], "scattercarpet": [{"type": "scattercarpet", "marker": {"colorbar": {"outlinewidth": 0, "ticks": ""}}}], "carpet": [{"aaxis": {"endlinecolor": "#2a3f5f", "gridcolor": "white", "linecolor": "white", "minorgridcolor": "white", "startlinecolor": "#2a3f5f"}, "baxis": {"endlinecolor": "#2a3f5f", "gridcolor": "white", "linecolor": "white", "minorgridcolor": "white", "startlinecolor": "#2a3f5f"}, "type": "carpet"}], "table": [{"cells": {"fill": {"color": "#EBF0F8"}, "line": {"color": "white"}}, "header": {"fill": {"color": "#C8D4E3"}, "line": {"color": "white"}}, "type": "table"}], "barpolar": [{"marker": {"line": {"color": "#E5ECF6", "width": 0.5}, "pattern": {"fillmode": "overlay", "size": 10, "solidity": 0.2}}, "type": "barpolar"}], "pie": [{"automargin": true, "type": "pie"}]}, "layout": {"autotypenumbers": "strict", "colorway": ["#636efa", "#EF553B", "#00cc96", "#ab63fa", "#FFA15A", "#19d3f3", "#FF6692", "#B6E880", "#FF97FF", "#FECB52"], "font": {"color": "#2a3f5f"}, "hovermode": "closest", "hoverlabel": {"align": "left"}, "paper_bgcolor": "white", "plot_bgcolor": "#E5ECF6", "polar": {"bgcolor": "#E5ECF6", "angularaxis": {"gridcolor": "white", "linecolor": "white", "ticks": ""}, "radialaxis": {"gridcolor": "white", "linecolor": "white", "ticks": ""}}, "ternary": {"bgcolor": "#E5ECF6", "aaxis": {"gridcolor": "white", "linecolor": "white", "ticks": ""}, "baxis": {"gridcolor": "white", "linecolor": "white", "ticks": ""}, "caxis": {"gridcolor": "white", "linecolor": "white", "ticks": ""}}, "coloraxis": {"colorbar": {"outlinewidth": 0, "ticks": ""}}, "colorscale": {"sequential": [[0.0, "#0d0887"], [0.1111111111111111, "#46039f"], [0.2222222222222222, "#7201a8"], [0.3333333333333333, "#9c179e"], [0.4444444444444444, "#bd3786"], [0.5555555555555556, "#d8576b"], [0.6666666666666666, "#ed7953"], [0.7777777777777778, "#fb9f3a"], [0.8888888888888888, "#fdca26"], [1.0, "#f0f921"]], "sequentialminus": [[0.0, "#0d0887"], [0.1111111111111111, "#46039f"], [0.2222222222222222, "#7201a8"], [0.3333333333333333, "#9c179e"], [0.4444444444444444, "#bd3786"], [0.5555555555555556, "#d8576b"], [0.6666666666666666, "#ed7953"], [0.7777777777777778, "#fb9f3a"], [0.8888888888888888, "#fdca26"], [1.0, "#f0f921"]], "diverging": [[0, "#8e0152"], [0.1, "#c51b7d"], [0.2, "#de77ae"], [0.3, "#f1b6da"], [0.4, "#fde0ef"], [0.5, "#f7f7f7"], [0.6, "#e6f5d0"], [0.7, "#b8e186"], [0.8, "#7fbc41"], [0.9, "#4d9221"], [1, "#276419"]]}, "xaxis": {"gridcolor": "white", "linecolor": "white", "ticks": "", "title": {"standoff": 15}, "zerolinecolor": "white", "automargin": true, "zerolinewidth": 2}, "yaxis": {"gridcolor": "white", "linecolor": "white", "ticks": "", "title": {"standoff": 15}, "zerolinecolor": "white", "automargin": true, "zerolinewidth": 2}, "scene": {"xaxis": {"backgroundcolor": "#E5ECF6", "gridcolor": "white", "linecolor": "white", "showbackground": true, "ticks": "", "zerolinecolor": "white", "gridwidth": 2}, "yaxis": {"backgroundcolor": "#E5ECF6", "gridcolor": "white", "linecolor": "white", "showbackground": true, "ticks": "", "zerolinecolor": "white", "gridwidth": 2}, "zaxis": {"backgroundcolor": "#E5ECF6", "gridcolor": "white", "linecolor": "white", "showbackground": true, "ticks": "", "zerolinecolor": "white", "gridwidth": 2}}, "shapedefaults": {"line": {"color": "#2a3f5f"}}, "annotationdefaults": {"arrowcolor": "#2a3f5f", "arrowhead": 0, "arrowwidth": 1}, "geo": {"bgcolor": "white", "landcolor": "#E5ECF6", "subunitcolor": "white", "showland": true, "showlakes": true, "lakecolor": "white"}, "title": {"x": 0.05}, "mapbox": {"style": "light"}}}}}