{"data": [{"z": [[27.185945510864258, -0.22210577130317688, 3.7833075523376465, 0.8589285016059875, -5.756833076477051, -6.967552185058594, 5.826037406921387, 1.3897022008895874, 4.539680004119873, -6.687636852264404, -1.3807202577590942, 1.5392013788223267, 0.16313329339027405, -4.609699726104736, -5.104120254516602, -0.6575233340263367, -6.595941066741943, 3.299729824066162, -0.4882955551147461, -8.188315391540527, 4.486194133758545], [-0.22210577130317688, 24.226341247558594, 0.6831858158111572, -3.0992887020111084, 5.974857807159424, -5.955461502075195, -3.4908840656280518, -3.741586446762085, -0.3252471089363098, -0.37689319252967834, -3.720031261444092, 9.156376838684082, 3.8706698417663574, -2.8578433990478516, 6.711255073547363, -5.939380168914795, -2.714484691619873, 5.336208343505859, 2.2154383659362793, -0.11795759201049805, 1.978956937789917], [3.7833075523376465, 0.6831858158111572, 16.166553497314453, -1.9971672296524048, 3.491452693939209, -0.4674954116344452, 8.941368103027344, -3.381850004196167, -0.04855150356888771, -3.0940725803375244, 2.4504449367523193, 0.8104656338691711, 1.4065364599227905, -4.055748462677002, -2.9654088020324707, 4.728597640991211, 1.0151646137237549, -1.9956282377243042, -6.488619804382324, 4.317248344421387, 1.7582826614379883], [0.8589285016059875, -3.0992887020111084, -1.9971672296524048, 23.818527221679688, -3.400874137878418, 4.881491184234619, 3.8925042152404785, -0.884060263633728, 1.417843222618103, 0.5468189120292664, 0.2919921576976776, 4.492823123931885, 3.35001277923584, -0.492191344499588, 0.780095636844635, -0.27110034227371216, -5.187540531158447, -3.298717975616455, 3.147228479385376, -1.4140315055847168, 0.8410850763320923], [-5.756833076477051, 5.974857807159424, 3.491452693939209, -3.400874137878418, 22.28831672668457, -4.255857467651367, 0.25959616899490356, -4.528953552246094, 2.561525821685791, -5.079066276550293, -0.7804852724075317, 0.6929305791854858, 0.8811615705490112, -1.987973928451538, 2.1096153259277344, -0.523714542388916, 1.3975424766540527, 0.774040937423706, -9.774686813354492, 5.729018211364746, 3.2838635444641113], [-6.967552185058594, -5.955461502075195, -0.4674954116344452, 4.881491184234619, -4.255857467651367, 33.14247512817383, 1.5683414936065674, 1.8291939496994019, -1.3888298273086548, 2.6365926265716553, -0.8250131607055664, -9.971471786499023, -0.6456078886985779, 0.4700455367565155, 2.261817216873169, 3.4833548069000244, -0.4190930724143982, -7.379812240600586, 9.217178344726562, 4.113744258880615, -6.580423831939697], [5.826037406921387, -3.4908840656280518, 8.941368103027344, 3.8925042152404785, 0.25959616899490356, 1.5683414936065674, 20.3868465423584, -1.4656298160552979, -0.29289400577545166, 1.819466233253479, 1.5674800872802734, -1.8049625158309937, 2.3552379608154297, 1.94255530834198, -2.554717540740967, 3.668996572494507, -3.805487632751465, -0.4941420555114746, -3.9847447872161865, -6.057918548583984, -2.3761515617370605], [1.3897022008895874, -3.741586446762085, -3.381850004196167, -0.884060263633728, -4.528953552246094, 1.8291939496994019, -1.4656298160552979, 14.449630737304688, -1.3016164302825928, -2.787374973297119, 1.7798590660095215, -1.7125600576400757, -4.654918193817139, 1.8032830953598022, -1.6675727367401123, -3.943035125732422, 3.674586296081543, -2.7472548484802246, -2.1472671031951904, 0.7052195072174072, -0.792249321937561], [4.539680004119873, -0.3252471089363098, -0.04855150356888771, 1.417843222618103, 2.561525821685791, -1.3888298273086548, -0.29289400577545166, -1.3016164302825928, 18.484394073486328, -3.7198100090026855, 1.4703707695007324, -3.6150147914886475, 6.876779556274414, -3.7302801609039307, 0.21608206629753113, -0.07649020105600357, -4.44914436340332, 2.526279926300049, -2.4981799125671387, 0.07894265651702881, 1.5501420497894287], [-6.687636852264404, -0.37689319252967834, -3.0940725803375244, 0.5468189120292664, -5.079066276550293, 2.6365926265716553, 1.819466233253479, -2.787374973297119, -3.7198100090026855, 27.912500381469727, 4.062378406524658, -1.1118016242980957, -4.272560119628906, 4.144711017608643, 1.295934796333313, 3.383166551589966, 5.502781391143799, 0.31949281692504883, 4.5191731452941895, -3.4342756271362305, -3.082836627960205], [-1.3807202577590942, -3.720031261444092, 2.4504449367523193, 0.2919921576976776, -0.7804852724075317, -0.8250131607055664, 1.5674800872802734, 1.7798590660095215, 1.4703707695007324, 4.062378406524658, 21.471153259277344, -0.3723521828651428, 3.486875057220459, 0.8889111876487732, -5.563338756561279, 1.639345645904541, 1.006058931350708, -9.431562423706055, -2.046532154083252, -1.370255947113037, 0.9400856494903564], [1.5392013788223267, 9.156376838684082, 0.8104656338691711, 4.492823123931885, 0.6929305791854858, -9.971471786499023, -1.8049625158309937, -1.7125600576400757, -3.6150147914886475, -1.1118016242980957, -0.3723521828651428, 24.18435287475586, 1.742552399635315, 4.087265968322754, 1.0556013584136963, -4.334873676300049, 2.7371597290039062, -3.350564956665039, 0.27434539794921875, 2.8791356086730957, 4.442606449127197], [0.16313329339027405, 3.8706698417663574, 1.4065364599227905, 3.35001277923584, 0.8811615705490112, -0.6456078886985779, 2.3552379608154297, -4.654918193817139, 6.876779556274414, -4.272560119628906, 3.486875057220459, 1.742552399635315, 20.9033145904541, 2.2157607078552246, 1.1750034093856812, 1.0700559616088867, -9.14161205291748, 5.5467095375061035, 1.3698618412017822, -5.109167575836182, -0.5379449129104614], [-4.609699726104736, -2.8578433990478516, -4.055748462677002, -0.492191344499588, -1.987973928451538, 0.4700455367565155, 1.94255530834198, 1.8032830953598022, -3.7302801609039307, 4.144711017608643, 0.8889111876487732, 4.087265968322754, 2.2157607078552246, 17.61627197265625, 2.507408618927002, -2.9504506587982178, -1.46321439743042, -2.706951141357422, 2.228069305419922, -2.983332633972168, -2.8431801795959473], [-5.104120254516602, 6.711255073547363, -2.9654088020324707, 0.780095636844635, 2.1096153259277344, 2.261817216873169, -2.554717540740967, -1.6675727367401123, 0.21608206629753113, 1.295934796333313, -5.563338756561279, 1.0556013584136963, 1.1750034093856812, 2.507408618927002, 10.824546813964844, 0.43307819962501526, -3.4166457653045654, 4.75873327255249, 6.634930610656738, 0.8729685544967651, -4.953947067260742], [-0.6575233340263367, -5.939380168914795, 4.728597640991211, -0.27110034227371216, -0.523714542388916, 3.4833548069000244, 3.668996572494507, -3.943035125732422, -0.07649020105600357, 3.383166551589966, 1.639345645904541, -4.334873676300049, 1.0700559616088867, -2.9504506587982178, 0.43307819962501526, 15.873271942138672, 6.106891632080078, 2.1913700103759766, 2.4286131858825684, 0.9680271148681641, -3.836467742919922], [-6.595940113067627, -2.7144839763641357, 1.0151649713516235, -5.1875410079956055, 1.3975424766540527, -0.41909337043762207, -3.805487871170044, 3.6745858192443848, -4.4491448402404785, 5.502781867980957, 1.006058692932129, 2.7371597290039062, -9.141613006591797, -1.4632147550582886, -3.4166460037231445, 6.106891632080078, 23.183582305908203, -4.9694504737854, -6.394428253173828, 8.80587387084961, 1.5404106378555298], [3.299729824066162, 5.336208343505859, -1.9956284761428833, -3.2987189292907715, 0.7740408778190613, -7.379813194274902, -0.4941426217556, -2.7472550868988037, 2.5262796878814697, 0.31949323415756226, -9.431559562683105, -3.350565195083618, 5.546710014343262, -2.7069506645202637, 4.758734703063965, 2.1913704872131348, -4.9694504737854, 28.484710693359375, 2.042149543762207, -4.264748573303223, -7.844257354736328], [-0.4882950782775879, 2.2154383659362793, -6.488619804382324, 3.147228479385376, -9.774687767028809, 9.217179298400879, -3.9847443103790283, -2.1472666263580322, -2.4981794357299805, 4.5191731452941895, -2.0465333461761475, 0.2743452489376068, 1.3698621988296509, 2.228069543838501, 6.634929656982422, 2.428612470626831, -6.394428253173828, 2.042149543762207, 30.813684463500977, 2.2264719009399414, -2.819072961807251], [-8.18831729888916, -0.11795782297849655, 4.3172478675842285, -1.4140316247940063, 5.729018688201904, 4.113745212554932, -6.057919025421143, 0.7052192687988281, 0.07894305884838104, -3.4342753887176514, -1.370255947113037, 2.8791356086730957, -5.10916805267334, -2.9833321571350098, 0.8729685544967651, 0.9680273532867432, 8.80587387084961, -4.264748573303223, 2.2264719009399414, 19.49040985107422, 2.360750198364258], [4.486194133758545, 1.978956699371338, 1.7582826614379883, 0.8410851955413818, 3.2838635444641113, -6.580423355102539, -2.3761513233184814, -0.7922491431236267, 1.5501418113708496, -3.082836627960205, 0.9400855302810669, 4.442605972290039, -0.5379449129104614, -2.843179702758789, -4.953947067260742, -3.836467742919922, 1.5404103994369507, -7.8442583084106445, -2.819072961807251, 2.360750198364258, 13.339052200317383]], "type": "heatmap"}], "layout": {"template": {"data": {"histogram2dcontour": [{"type": "histogram2dcontour", "colorbar": {"outlinewidth": 0, "ticks": ""}, "colorscale": [[0.0, "#0d0887"], [0.1111111111111111, "#46039f"], [0.2222222222222222, "#7201a8"], [0.3333333333333333, "#9c179e"], [0.4444444444444444, "#bd3786"], [0.5555555555555556, "#d8576b"], [0.6666666666666666, "#ed7953"], [0.7777777777777778, "#fb9f3a"], [0.8888888888888888, "#fdca26"], [1.0, "#f0f921"]]}], "choropleth": [{"type": "choropleth", "colorbar": {"outlinewidth": 0, "ticks": ""}}], "histogram2d": [{"type": "histogram2d", "colorbar": {"outlinewidth": 0, "ticks": ""}, "colorscale": [[0.0, "#0d0887"], [0.1111111111111111, "#46039f"], [0.2222222222222222, "#7201a8"], [0.3333333333333333, "#9c179e"], [0.4444444444444444, "#bd3786"], [0.5555555555555556, "#d8576b"], [0.6666666666666666, "#ed7953"], [0.7777777777777778, "#fb9f3a"], [0.8888888888888888, "#fdca26"], [1.0, "#f0f921"]]}], "heatmap": [{"type": "heatmap", "colorbar": {"outlinewidth": 0, "ticks": ""}, "colorscale": [[0.0, "#0d0887"], [0.1111111111111111, "#46039f"], [0.2222222222222222, "#7201a8"], [0.3333333333333333, "#9c179e"], [0.4444444444444444, "#bd3786"], [0.5555555555555556, "#d8576b"], [0.6666666666666666, "#ed7953"], [0.7777777777777778, "#fb9f3a"], [0.8888888888888888, "#fdca26"], [1.0, "#f0f921"]]}], "heatmapgl": [{"type": "heatmapgl", "colorbar": {"outlinewidth": 0, "ticks": ""}, "colorscale": [[0.0, "#0d0887"], [0.1111111111111111, "#46039f"], [0.2222222222222222, "#7201a8"], [0.3333333333333333, "#9c179e"], [0.4444444444444444, "#bd3786"], [0.5555555555555556, "#d8576b"], [0.6666666666666666, "#ed7953"], [0.7777777777777778, "#fb9f3a"], [0.8888888888888888, "#fdca26"], [1.0, "#f0f921"]]}], "contourcarpet": [{"type": "contourcarpet", "colorbar": {"outlinewidth": 0, "ticks": ""}}], "contour": [{"type": "contour", "colorbar": {"outlinewidth": 0, "ticks": ""}, "colorscale": [[0.0, "#0d0887"], [0.1111111111111111, "#46039f"], [0.2222222222222222, "#7201a8"], [0.3333333333333333, "#9c179e"], [0.4444444444444444, "#bd3786"], [0.5555555555555556, "#d8576b"], [0.6666666666666666, "#ed7953"], [0.7777777777777778, "#fb9f3a"], [0.8888888888888888, "#fdca26"], [1.0, "#f0f921"]]}], "surface": [{"type": "surface", "colorbar": {"outlinewidth": 0, "ticks": ""}, "colorscale": [[0.0, "#0d0887"], [0.1111111111111111, "#46039f"], [0.2222222222222222, "#7201a8"], [0.3333333333333333, "#9c179e"], [0.4444444444444444, "#bd3786"], [0.5555555555555556, "#d8576b"], [0.6666666666666666, "#ed7953"], [0.7777777777777778, "#fb9f3a"], [0.8888888888888888, "#fdca26"], [1.0, "#f0f921"]]}], "mesh3d": [{"type": "mesh3d", "colorbar": {"outlinewidth": 0, "ticks": ""}}], "scatter": [{"fillpattern": {"fillmode": "overlay", "size": 10, "solidity": 0.2}, "type": "scatter"}], "parcoords": [{"type": "parcoords", "line": {"colorbar": {"outlinewidth": 0, "ticks": ""}}}], "scatterpolargl": [{"type": "scatterpolargl", "marker": {"colorbar": {"outlinewidth": 0, "ticks": ""}}}], "bar": [{"error_x": {"color": "#2a3f5f"}, "error_y": {"color": "#2a3f5f"}, "marker": {"line": {"color": "#E5ECF6", "width": 0.5}, "pattern": {"fillmode": "overlay", "size": 10, "solidity": 0.2}}, "type": "bar"}], "scattergeo": [{"type": "scattergeo", "marker": {"colorbar": {"outlinewidth": 0, "ticks": ""}}}], "scatterpolar": [{"type": "scatterpolar", "marker": {"colorbar": {"outlinewidth": 0, "ticks": ""}}}], "histogram": [{"marker": {"pattern": {"fillmode": "overlay", "size": 10, "solidity": 0.2}}, "type": "histogram"}], "scattergl": [{"type": "scattergl", "marker": {"colorbar": {"outlinewidth": 0, "ticks": ""}}}], "scatter3d": [{"type": "scatter3d", "line": {"colorbar": {"outlinewidth": 0, "ticks": ""}}, "marker": {"colorbar": {"outlinewidth": 0, "ticks": ""}}}], "scattermapbox": [{"type": "scattermapbox", "marker": {"colorbar": {"outlinewidth": 0, "ticks": ""}}}], "scatterternary": [{"type": "scatterternary", "marker": {"colorbar": {"outlinewidth": 0, "ticks": ""}}}], "scattercarpet": [{"type": "scattercarpet", "marker": {"colorbar": {"outlinewidth": 0, "ticks": ""}}}], "carpet": [{"aaxis": {"endlinecolor": "#2a3f5f", "gridcolor": "white", "linecolor": "white", "minorgridcolor": "white", "startlinecolor": "#2a3f5f"}, "baxis": {"endlinecolor": "#2a3f5f", "gridcolor": "white", "linecolor": "white", "minorgridcolor": "white", "startlinecolor": "#2a3f5f"}, "type": "carpet"}], "table": [{"cells": {"fill": {"color": "#EBF0F8"}, "line": {"color": "white"}}, "header": {"fill": {"color": "#C8D4E3"}, "line": {"color": "white"}}, "type": "table"}], "barpolar": [{"marker": {"line": {"color": "#E5ECF6", "width": 0.5}, "pattern": {"fillmode": "overlay", "size": 10, "solidity": 0.2}}, "type": "barpolar"}], "pie": [{"automargin": true, "type": "pie"}]}, "layout": {"autotypenumbers": "strict", "colorway": ["#636efa", "#EF553B", "#00cc96", "#ab63fa", "#FFA15A", "#19d3f3", "#FF6692", "#B6E880", "#FF97FF", "#FECB52"], "font": {"color": "#2a3f5f"}, "hovermode": "closest", "hoverlabel": {"align": "left"}, "paper_bgcolor": "white", "plot_bgcolor": "#E5ECF6", "polar": {"bgcolor": "#E5ECF6", "angularaxis": {"gridcolor": "white", "linecolor": "white", "ticks": ""}, "radialaxis": {"gridcolor": "white", "linecolor": "white", "ticks": ""}}, "ternary": {"bgcolor": "#E5ECF6", "aaxis": {"gridcolor": "white", "linecolor": "white", "ticks": ""}, "baxis": {"gridcolor": "white", "linecolor": "white", "ticks": ""}, "caxis": {"gridcolor": "white", "linecolor": "white", "ticks": ""}}, "coloraxis": {"colorbar": {"outlinewidth": 0, "ticks": ""}}, "colorscale": {"sequential": [[0.0, "#0d0887"], [0.1111111111111111, "#46039f"], [0.2222222222222222, "#7201a8"], [0.3333333333333333, "#9c179e"], [0.4444444444444444, "#bd3786"], [0.5555555555555556, "#d8576b"], [0.6666666666666666, "#ed7953"], [0.7777777777777778, "#fb9f3a"], [0.8888888888888888, "#fdca26"], [1.0, "#f0f921"]], "sequentialminus": [[0.0, "#0d0887"], [0.1111111111111111, "#46039f"], [0.2222222222222222, "#7201a8"], [0.3333333333333333, "#9c179e"], [0.4444444444444444, "#bd3786"], [0.5555555555555556, "#d8576b"], [0.6666666666666666, "#ed7953"], [0.7777777777777778, "#fb9f3a"], [0.8888888888888888, "#fdca26"], [1.0, "#f0f921"]], "diverging": [[0, "#8e0152"], [0.1, "#c51b7d"], [0.2, "#de77ae"], [0.3, "#f1b6da"], [0.4, "#fde0ef"], [0.5, "#f7f7f7"], [0.6, "#e6f5d0"], [0.7, "#b8e186"], [0.8, "#7fbc41"], [0.9, "#4d9221"], [1, "#276419"]]}, "xaxis": {"gridcolor": "white", "linecolor": "white", "ticks": "", "title": {"standoff": 15}, "zerolinecolor": "white", "automargin": true, "zerolinewidth": 2}, "yaxis": {"gridcolor": "white", "linecolor": "white", "ticks": "", "title": {"standoff": 15}, "zerolinecolor": "white", "automargin": true, "zerolinewidth": 2}, "scene": {"xaxis": {"backgroundcolor": "#E5ECF6", "gridcolor": "white", "linecolor": "white", "showbackground": true, "ticks": "", "zerolinecolor": "white", "gridwidth": 2}, "yaxis": {"backgroundcolor": "#E5ECF6", "gridcolor": "white", "linecolor": "white", "showbackground": true, "ticks": "", "zerolinecolor": "white", "gridwidth": 2}, "zaxis": {"backgroundcolor": "#E5ECF6", "gridcolor": "white", "linecolor": "white", "showbackground": true, "ticks": "", "zerolinecolor": "white", "gridwidth": 2}}, "shapedefaults": {"line": {"color": "#2a3f5f"}}, "annotationdefaults": {"arrowcolor": "#2a3f5f", "arrowhead": 0, "arrowwidth": 1}, "geo": {"bgcolor": "white", "landcolor": "#E5ECF6", "subunitcolor": "white", "showland": true, "showlakes": true, "lakecolor": "white"}, "title": {"x": 0.05}, "mapbox": {"style": "light"}}}}}