{"data": [{"z": [[27.17865753173828, -0.21592822670936584, 3.7876973152160645, 0.8656005263328552, -5.749839782714844, -6.95809268951416, 5.830801486968994, 1.3943657875061035, 4.540140151977539, -6.679245471954346, -1.3764381408691406, 1.5416598320007324, 0.1717858612537384, -4.605890274047852, -5.0972394943237305, -0.648045539855957, -6.589686393737793, 3.3022701740264893, -0.4816746711730957, -8.175603866577148, 4.481640815734863], [-0.21592822670936584, 24.208009719848633, 0.6858247518539429, -3.087602138519287, 5.972906112670898, -5.941263675689697, -3.4842169284820557, -3.7300214767456055, -0.3222181499004364, -0.37238118052482605, -3.712064266204834, 9.148494720458984, 3.867661714553833, -2.854135513305664, 6.709075450897217, -5.929019451141357, -2.7064852714538574, 5.334552764892578, 2.2165589332580566, -0.11501502990722656, 1.9768853187561035], [3.7876973152160645, 0.6858247518539429, 16.161148071289062, -1.9926986694335938, 3.496143102645874, -0.4598942697048187, 8.940542221069336, -3.3698627948760986, -0.04408112168312073, -3.0878615379333496, 2.459383249282837, 0.8147823214530945, 1.409990906715393, -4.04790735244751, -2.9583137035369873, 4.734745502471924, 1.02302885055542, -1.9886126518249512, -6.4808502197265625, 4.323526382446289, 1.7535858154296875], [0.8656005263328552, -3.087602138519287, -1.9926986694335938, 23.810447692871094, -3.390585422515869, 4.882472991943359, 3.890187978744507, -0.8772724270820618, 1.423939824104309, 0.5472078323364258, 0.2933295667171478, 4.4975266456604, 3.3563268184661865, -0.48312070965766907, 0.7870181798934937, -0.2648959457874298, -5.179996490478516, -3.2895407676696777, 3.1471571922302246, -1.4081032276153564, 0.8401598930358887], [-5.749839782714844, 5.972906112670898, 3.496143102645874, -3.390585422515869, 22.28277587890625, -4.244919776916504, 0.26550209522247314, -4.522239685058594, 2.564986228942871, -5.069821357727051, -0.7753154039382935, 0.6955469846725464, 0.8848960995674133, -1.9820314645767212, 2.114084482192993, -0.5115634202957153, 1.4051488637924194, 0.7801364660263062, -9.768082618713379, 5.730156898498535, 3.278482675552368], [-6.95809268951416, -5.941263675689697, -0.4598942697048187, 4.882472991943359, -4.244919776916504, 33.126670837402344, 1.5634931325912476, 1.8351954221725464, -1.386427640914917, 2.6355438232421875, -0.8200790286064148, -9.957642555236816, -0.6353381872177124, 0.4736013114452362, 2.2685437202453613, 3.482677459716797, -0.4163273572921753, -7.36923885345459, 9.215911865234375, 4.116475582122803, -6.579998016357422], [5.830801486968994, -3.4842169284820557, 8.940542221069336, 3.890187978744507, 0.26550209522247314, 1.5634931325912476, 20.37352752685547, -1.4623204469680786, -0.2959958016872406, 1.818293809890747, 1.5679446458816528, -1.8017487525939941, 2.3556573390960693, 1.945042371749878, -2.5507419109344482, 3.6664347648620605, -3.803361415863037, -0.4922950267791748, -3.9848296642303467, -6.054471015930176, -2.373995065689087], [1.3943657875061035, -3.7300214767456055, -3.3698627948760986, -0.8772724270820618, -4.522239685058594, 1.8351954221725464, -1.4623204469680786, 14.452011108398438, -1.2951850891113281, -2.77995228767395, 1.7818536758422852, -1.7041306495666504, -4.642824649810791, 1.802130937576294, -1.656305193901062, -3.9277894496917725, 3.6823716163635254, -2.73893404006958, -2.139633893966675, 0.7154971957206726, -0.7965871095657349], [4.540140151977539, -0.3222181499004364, -0.04408112168312073, 1.423939824104309, 2.564986228942871, -1.386427640914917, -0.2959958016872406, -1.2951850891113281, 18.473751068115234, -3.7167959213256836, 1.4743160009384155, -3.610564708709717, 6.878779411315918, -3.7227039337158203, 0.22103312611579895, -0.07161088287830353, -4.442496299743652, 2.5303592681884766, -2.4948275089263916, 0.08535575866699219, 1.5484027862548828], [-6.679245471954346, -0.37238118052482605, -3.0878615379333496, 0.5472078323364258, -5.069821357727051, 2.6355438232421875, 1.818293809890747, -2.77995228767395, -3.7167959213256836, 27.902055740356445, 4.063592433929443, -1.1068037748336792, -4.262943744659424, 4.151525020599365, 1.3036177158355713, 3.3829431533813477, 5.502574920654297, 0.3226451873779297, 4.519659996032715, -3.4259376525878906, -3.08270263671875], [-1.3764381408691406, -3.712064266204834, 2.459383249282837, 0.2933295667171478, -0.7753154039382935, -0.8200790286064148, 1.5679446458816528, 1.7818536758422852, 1.4743160009384155, 4.063592433929443, 21.459566116333008, -0.3638472557067871, 3.495264768600464, 0.8907901644706726, -5.554971694946289, 1.6453739404678345, 1.0120093822479248, -9.4232759475708, -2.0412585735321045, -1.3625917434692383, 0.9386725425720215], [1.5416598320007324, 9.148494720458984, 0.8147823214530945, 4.4975266456604, 0.6955469846725464, -9.957642555236816, -1.8017487525939941, -1.7041306495666504, -3.610564708709717, -1.1068037748336792, -0.3638472557067871, 24.16924285888672, 1.7405240535736084, 4.090742111206055, 1.0572218894958496, -4.325169086456299, 2.7430765628814697, -3.3491525650024414, 0.275482177734375, 2.8778722286224365, 4.4406938552856445], [0.1717858612537384, 3.867661714553833, 1.409990906715393, 3.3563268184661865, 0.8848960995674133, -0.6353381872177124, 2.3556573390960693, -4.642824649810791, 6.878779411315918, -4.262943744659424, 3.495264768600464, 1.7405240535736084, 20.897567749023438, 2.219508647918701, 1.179936170578003, 1.0801079273223877, -9.128859519958496, 5.549798011779785, 1.3729361295700073, -5.103426933288574, -0.5405128598213196], [-4.605890274047852, -2.854135513305664, -4.04790735244751, -0.48312070965766907, -1.9820314645767212, 0.4736013114452362, 1.945042371749878, 1.802130937576294, -3.7227039337158203, 4.151525020599365, 0.8907901644706726, 4.090742111206055, 2.219508647918701, 17.609149932861328, 2.5106499195098877, -2.939711570739746, -1.4551336765289307, -2.70019793510437, 2.231898784637451, -2.9762163162231445, -2.844395160675049], [-5.0972394943237305, 6.709075450897217, -2.9583137035369873, 0.7870181798934937, 2.114084482192993, 2.2685437202453613, -2.5507419109344482, -1.656305193901062, 0.22103312611579895, 1.3036177158355713, -5.554971694946289, 1.0572218894958496, 1.179936170578003, 2.5106499195098877, 10.822757720947266, 0.44102853536605835, -3.4080305099487305, 4.761565685272217, 6.635382652282715, 0.8789186477661133, -4.955093860626221], [-0.648045539855957, -5.929019451141357, 4.734745502471924, -0.2648959457874298, -0.5115634202957153, 3.482677459716797, 3.6664347648620605, -3.9277894496917725, -0.07161088287830353, 3.3829431533813477, 1.6453739404678345, -4.325169086456299, 1.0801079273223877, -2.939711570739746, 0.44102853536605835, 15.869324684143066, 6.110095977783203, 2.1962709426879883, 2.4314522743225098, 0.9763517379760742, -3.835038185119629], [-6.589686393737793, -2.7064855098724365, 1.0230289697647095, -5.179996013641357, 1.4051491022109985, -0.4163273870944977, -3.803361654281616, 3.682371139526367, -4.442495822906494, 5.5025763511657715, 1.0120093822479248, 2.7430760860443115, -9.128860473632812, -1.455133318901062, -3.4080307483673096, 6.110095500946045, 23.177734375, -4.961721420288086, -6.385066986083984, 8.807604789733887, 1.5396417379379272], [3.3022704124450684, 5.334552764892578, -1.9886128902435303, -3.289541006088257, 0.7801358103752136, -7.3692402839660645, -0.4922954738140106, -2.7389330863952637, 2.5303590297698975, 0.32264506816864014, -9.423277854919434, -3.349153518676758, 5.549798965454102, -2.700198173522949, 4.761565208435059, 2.1962716579437256, -4.961721420288086, 28.476917266845703, 2.045959234237671, -4.255454063415527, -7.844773769378662], [-0.48167431354522705, 2.216559886932373, -6.4808502197265625, 3.147157669067383, -9.768081665039062, 9.215910911560059, -3.984829902648926, -2.139634132385254, -2.4948272705078125, 4.519659996032715, -2.0412588119506836, 0.27548152208328247, 1.3729362487792969, 2.231898784637451, 6.635383129119873, 2.4314522743225098, -6.385066986083984, 2.045959234237671, 30.79998016357422, 2.228989601135254, -2.818617105484009], [-8.175603866577148, -0.1150156781077385, 4.323526382446289, -1.408103346824646, 5.730157852172852, 4.1164751052856445, -6.054471492767334, 0.7154971361160278, 0.08535542339086533, -3.4259376525878906, -1.362592339515686, 2.8778724670410156, -5.103426456451416, -2.9762167930603027, 0.8789187073707581, 0.9763515591621399, 8.807604789733887, -4.255454063415527, 2.228989601135254, 19.479965209960938, 2.3585262298583984], [4.481640815734863, 1.9768853187561035, 1.7535858154296875, 0.8401604890823364, 3.278482675552368, -6.579998016357422, -2.373994827270508, -0.7965872287750244, 1.5484027862548828, -3.082702159881592, 0.938672661781311, 4.440693378448486, -0.5405128598213196, -2.8443946838378906, -4.9550933837890625, -3.835038185119629, 1.5396417379379272, -7.844773292541504, -2.818617343902588, 2.3585262298583984, 13.339052200317383]], "type": "heatmap"}], "layout": {"template": {"data": {"histogram2dcontour": [{"type": "histogram2dcontour", "colorbar": {"outlinewidth": 0, "ticks": ""}, "colorscale": [[0.0, "#0d0887"], [0.1111111111111111, "#46039f"], [0.2222222222222222, "#7201a8"], [0.3333333333333333, "#9c179e"], [0.4444444444444444, "#bd3786"], [0.5555555555555556, "#d8576b"], [0.6666666666666666, "#ed7953"], [0.7777777777777778, "#fb9f3a"], [0.8888888888888888, "#fdca26"], [1.0, "#f0f921"]]}], "choropleth": [{"type": "choropleth", "colorbar": {"outlinewidth": 0, "ticks": ""}}], "histogram2d": [{"type": "histogram2d", "colorbar": {"outlinewidth": 0, "ticks": ""}, "colorscale": [[0.0, "#0d0887"], [0.1111111111111111, "#46039f"], [0.2222222222222222, "#7201a8"], [0.3333333333333333, "#9c179e"], [0.4444444444444444, "#bd3786"], [0.5555555555555556, "#d8576b"], [0.6666666666666666, "#ed7953"], [0.7777777777777778, "#fb9f3a"], [0.8888888888888888, "#fdca26"], [1.0, "#f0f921"]]}], "heatmap": [{"type": "heatmap", "colorbar": {"outlinewidth": 0, "ticks": ""}, "colorscale": [[0.0, "#0d0887"], [0.1111111111111111, "#46039f"], [0.2222222222222222, "#7201a8"], [0.3333333333333333, "#9c179e"], [0.4444444444444444, "#bd3786"], [0.5555555555555556, "#d8576b"], [0.6666666666666666, "#ed7953"], [0.7777777777777778, "#fb9f3a"], [0.8888888888888888, "#fdca26"], [1.0, "#f0f921"]]}], "heatmapgl": [{"type": "heatmapgl", "colorbar": {"outlinewidth": 0, "ticks": ""}, "colorscale": [[0.0, "#0d0887"], [0.1111111111111111, "#46039f"], [0.2222222222222222, "#7201a8"], [0.3333333333333333, "#9c179e"], [0.4444444444444444, "#bd3786"], [0.5555555555555556, "#d8576b"], [0.6666666666666666, "#ed7953"], [0.7777777777777778, "#fb9f3a"], [0.8888888888888888, "#fdca26"], [1.0, "#f0f921"]]}], "contourcarpet": [{"type": "contourcarpet", "colorbar": {"outlinewidth": 0, "ticks": ""}}], "contour": [{"type": "contour", "colorbar": {"outlinewidth": 0, "ticks": ""}, "colorscale": [[0.0, "#0d0887"], [0.1111111111111111, "#46039f"], [0.2222222222222222, "#7201a8"], [0.3333333333333333, "#9c179e"], [0.4444444444444444, "#bd3786"], [0.5555555555555556, "#d8576b"], [0.6666666666666666, "#ed7953"], [0.7777777777777778, "#fb9f3a"], [0.8888888888888888, "#fdca26"], [1.0, "#f0f921"]]}], "surface": [{"type": "surface", "colorbar": {"outlinewidth": 0, "ticks": ""}, "colorscale": [[0.0, "#0d0887"], [0.1111111111111111, "#46039f"], [0.2222222222222222, "#7201a8"], [0.3333333333333333, "#9c179e"], [0.4444444444444444, "#bd3786"], [0.5555555555555556, "#d8576b"], [0.6666666666666666, "#ed7953"], [0.7777777777777778, "#fb9f3a"], [0.8888888888888888, "#fdca26"], [1.0, "#f0f921"]]}], "mesh3d": [{"type": "mesh3d", "colorbar": {"outlinewidth": 0, "ticks": ""}}], "scatter": [{"fillpattern": {"fillmode": "overlay", "size": 10, "solidity": 0.2}, "type": "scatter"}], "parcoords": [{"type": "parcoords", "line": {"colorbar": {"outlinewidth": 0, "ticks": ""}}}], "scatterpolargl": [{"type": "scatterpolargl", "marker": {"colorbar": {"outlinewidth": 0, "ticks": ""}}}], "bar": [{"error_x": {"color": "#2a3f5f"}, "error_y": {"color": "#2a3f5f"}, "marker": {"line": {"color": "#E5ECF6", "width": 0.5}, "pattern": {"fillmode": "overlay", "size": 10, "solidity": 0.2}}, "type": "bar"}], "scattergeo": [{"type": "scattergeo", "marker": {"colorbar": {"outlinewidth": 0, "ticks": ""}}}], "scatterpolar": [{"type": "scatterpolar", "marker": {"colorbar": {"outlinewidth": 0, "ticks": ""}}}], "histogram": [{"marker": {"pattern": {"fillmode": "overlay", "size": 10, "solidity": 0.2}}, "type": "histogram"}], "scattergl": [{"type": "scattergl", "marker": {"colorbar": {"outlinewidth": 0, "ticks": ""}}}], "scatter3d": [{"type": "scatter3d", "line": {"colorbar": {"outlinewidth": 0, "ticks": ""}}, "marker": {"colorbar": {"outlinewidth": 0, "ticks": ""}}}], "scattermapbox": [{"type": "scattermapbox", "marker": {"colorbar": {"outlinewidth": 0, "ticks": ""}}}], "scatterternary": [{"type": "scatterternary", "marker": {"colorbar": {"outlinewidth": 0, "ticks": ""}}}], "scattercarpet": [{"type": "scattercarpet", "marker": {"colorbar": {"outlinewidth": 0, "ticks": ""}}}], "carpet": [{"aaxis": {"endlinecolor": "#2a3f5f", "gridcolor": "white", "linecolor": "white", "minorgridcolor": "white", "startlinecolor": "#2a3f5f"}, "baxis": {"endlinecolor": "#2a3f5f", "gridcolor": "white", "linecolor": "white", "minorgridcolor": "white", "startlinecolor": "#2a3f5f"}, "type": "carpet"}], "table": [{"cells": {"fill": {"color": "#EBF0F8"}, "line": {"color": "white"}}, "header": {"fill": {"color": "#C8D4E3"}, "line": {"color": "white"}}, "type": "table"}], "barpolar": [{"marker": {"line": {"color": "#E5ECF6", "width": 0.5}, "pattern": {"fillmode": "overlay", "size": 10, "solidity": 0.2}}, "type": "barpolar"}], "pie": [{"automargin": true, "type": "pie"}]}, "layout": {"autotypenumbers": "strict", "colorway": ["#636efa", "#EF553B", "#00cc96", "#ab63fa", "#FFA15A", "#19d3f3", "#FF6692", "#B6E880", "#FF97FF", "#FECB52"], "font": {"color": "#2a3f5f"}, "hovermode": "closest", "hoverlabel": {"align": "left"}, "paper_bgcolor": "white", "plot_bgcolor": "#E5ECF6", "polar": {"bgcolor": "#E5ECF6", "angularaxis": {"gridcolor": "white", "linecolor": "white", "ticks": ""}, "radialaxis": {"gridcolor": "white", "linecolor": "white", "ticks": ""}}, "ternary": {"bgcolor": "#E5ECF6", "aaxis": {"gridcolor": "white", "linecolor": "white", "ticks": ""}, "baxis": {"gridcolor": "white", "linecolor": "white", "ticks": ""}, "caxis": {"gridcolor": "white", "linecolor": "white", "ticks": ""}}, "coloraxis": {"colorbar": {"outlinewidth": 0, "ticks": ""}}, "colorscale": {"sequential": [[0.0, "#0d0887"], [0.1111111111111111, "#46039f"], [0.2222222222222222, "#7201a8"], [0.3333333333333333, "#9c179e"], [0.4444444444444444, "#bd3786"], [0.5555555555555556, "#d8576b"], [0.6666666666666666, "#ed7953"], [0.7777777777777778, "#fb9f3a"], [0.8888888888888888, "#fdca26"], [1.0, "#f0f921"]], "sequentialminus": [[0.0, "#0d0887"], [0.1111111111111111, "#46039f"], [0.2222222222222222, "#7201a8"], [0.3333333333333333, "#9c179e"], [0.4444444444444444, "#bd3786"], [0.5555555555555556, "#d8576b"], [0.6666666666666666, "#ed7953"], [0.7777777777777778, "#fb9f3a"], [0.8888888888888888, "#fdca26"], [1.0, "#f0f921"]], "diverging": [[0, "#8e0152"], [0.1, "#c51b7d"], [0.2, "#de77ae"], [0.3, "#f1b6da"], [0.4, "#fde0ef"], [0.5, "#f7f7f7"], [0.6, "#e6f5d0"], [0.7, "#b8e186"], [0.8, "#7fbc41"], [0.9, "#4d9221"], [1, "#276419"]]}, "xaxis": {"gridcolor": "white", "linecolor": "white", "ticks": "", "title": {"standoff": 15}, "zerolinecolor": "white", "automargin": true, "zerolinewidth": 2}, "yaxis": {"gridcolor": "white", "linecolor": "white", "ticks": "", "title": {"standoff": 15}, "zerolinecolor": "white", "automargin": true, "zerolinewidth": 2}, "scene": {"xaxis": {"backgroundcolor": "#E5ECF6", "gridcolor": "white", "linecolor": "white", "showbackground": true, "ticks": "", "zerolinecolor": "white", "gridwidth": 2}, "yaxis": {"backgroundcolor": "#E5ECF6", "gridcolor": "white", "linecolor": "white", "showbackground": true, "ticks": "", "zerolinecolor": "white", "gridwidth": 2}, "zaxis": {"backgroundcolor": "#E5ECF6", "gridcolor": "white", "linecolor": "white", "showbackground": true, "ticks": "", "zerolinecolor": "white", "gridwidth": 2}}, "shapedefaults": {"line": {"color": "#2a3f5f"}}, "annotationdefaults": {"arrowcolor": "#2a3f5f", "arrowhead": 0, "arrowwidth": 1}, "geo": {"bgcolor": "white", "landcolor": "#E5ECF6", "subunitcolor": "white", "showland": true, "showlakes": true, "lakecolor": "white"}, "title": {"x": 0.05}, "mapbox": {"style": "light"}}}}}