{"data": [{"z": [[27.177932739257812, -0.2037869393825531, 3.7981183528900146, 0.8774475455284119, -5.73992395401001, -6.942112922668457, 5.838869571685791, 1.4059401750564575, 4.545337677001953, -6.669223308563232, -1.3700288534164429, 1.5498602390289307, 0.1871802657842636, -4.596696853637695, -5.084542751312256, -0.6299901604652405, -6.576899528503418, 3.311168670654297, -0.4700138568878174, -8.156795501708984, 4.47389554977417], [-0.2037869393825531, 24.183801651000977, 0.6908909678459167, -3.070948839187622, 5.971364974975586, -5.9178595542907715, -3.4736053943634033, -3.7111377716064453, -0.31489187479019165, -0.363995224237442, -3.701512098312378, 9.139029502868652, 3.864149332046509, -2.846992015838623, 6.707624912261963, -5.912088871002197, -2.6947884559631348, 5.334351539611816, 2.2168211936950684, -0.11174464225769043, 1.9729008674621582], [3.7981183528900146, 0.6908909678459167, 16.153026580810547, -1.9828933477401733, 3.5040462017059326, -0.44780078530311584, 8.939393997192383, -3.352858781814575, -0.03723037987947464, -3.0800845623016357, 2.470071315765381, 0.8228659629821777, 1.4143067598342896, -4.035948276519775, -2.9482505321502686, 4.744650363922119, 1.034477710723877, -1.977181315422058, -6.4695048332214355, 4.330738067626953, 1.747462511062622], [0.8774475455284119, -3.070948839187622, -1.9828933477401733, 23.801441192626953, -3.373619794845581, 4.887660503387451, 3.888425588607788, -0.8644154667854309, 1.4315457344055176, 0.5511507391929626, 0.2940102219581604, 4.506195068359375, 3.3657734394073486, -0.47109657526016235, 0.7968062162399292, -0.25547245144844055, -5.166507244110107, -3.273791790008545, 3.1481282711029053, -1.3989651203155518, 0.8377962708473206], [-5.73992395401001, 5.971364974975586, 3.5040462017059326, -3.373619794845581, 22.279335021972656, -4.227051258087158, 0.2747768759727478, -4.510720252990723, 2.572190999984741, -5.055505275726318, -0.7668044567108154, 0.7019884586334229, 0.8905839920043945, -1.9728056192398071, 2.1193654537200928, -0.4908818006515503, 1.419488549232483, 0.791832447052002, -9.760489463806152, 5.732687950134277, 3.270392894744873], [-6.942112922668457, -5.9178595542907715, -0.44780078530311584, 4.887660503387451, -4.227051258087158, 33.10884094238281, 1.556809425354004, 1.8506652116775513, -1.3820569515228271, 2.6371941566467285, -0.8138228058815002, -9.931977272033691, -0.6201366186141968, 0.48237624764442444, 2.2793352603912354, 3.485887050628662, -0.4061696529388428, -7.351790904998779, 9.214702606201172, 4.122800827026367, -6.580689430236816], [5.838869571685791, -3.4736053943634033, 8.939393997192383, 3.888425588607788, 0.2747768759727478, 1.556809425354004, 20.355886459350586, -1.4565415382385254, -0.29883813858032227, 1.816472053527832, 1.5687662363052368, -1.7943676710128784, 2.3565165996551514, 1.9502071142196655, -2.5449798107147217, 3.6626977920532227, -3.8005499839782715, -0.48975586891174316, -3.9851109981536865, -6.049971580505371, -2.370540142059326], [1.4059401750564575, -3.7111377716064453, -3.352858781814575, -0.8644154667854309, -4.510720252990723, 1.8506652116775513, -1.4565415382385254, 14.462532997131348, -1.283740758895874, -2.7682087421417236, 1.7894481420516968, -1.6860169172286987, -4.6254048347473145, 1.803699254989624, -1.640303134918213, -3.9022459983825684, 3.6974849700927734, -2.7250633239746094, -2.1279311180114746, 0.7324777245521545, -0.8041877150535583], [4.545337677001953, -0.31489187479019165, -0.03723037987947464, 1.4315457344055176, 2.572190999984741, -1.3820569515228271, -0.29883813858032227, -1.283740758895874, 18.460552215576172, -3.7111728191375732, 1.4808986186981201, -3.599665403366089, 6.883194923400879, -3.7121365070343018, 0.23042713105678558, -0.06298328936100006, -4.430641174316406, 2.538694381713867, -2.489373207092285, 0.09429249167442322, 1.5456268787384033], [-6.669223308563232, -0.363995224237442, -3.0800845623016357, 0.5511507391929626, -5.055505275726318, 2.6371941566467285, 1.816472053527832, -2.7682087421417236, -3.7111728191375732, 27.890134811401367, 4.066165924072266, -1.0971709489822388, -4.249670505523682, 4.164505958557129, 1.3153067827224731, 3.384014368057251, 5.5076470375061035, 0.3266928195953369, 4.521798610687256, -3.413301944732666, -3.08221173286438], [-1.3700288534164429, -3.701512098312378, 2.470071315765381, 0.2940102219581604, -0.7668044567108154, -0.8138228058815002, 1.5687662363052368, 1.7894481420516968, 1.4808986186981201, 4.066165924072266, 21.445720672607422, -0.35174116492271423, 3.505253553390503, 0.8945838809013367, -5.544620037078857, 1.6552468538284302, 1.0221004486083984, -9.411226272583008, -2.034867763519287, -1.352752685546875, 0.9368524551391602], [1.5498602390289307, 9.139029502868652, 0.8228659629821777, 4.506195068359375, 0.7019884586334229, -9.931977272033691, -1.7943676710128784, -1.6860169172286987, -3.599665403366089, -1.0971709489822388, -0.35174116492271423, 24.152036666870117, 1.7392263412475586, 4.100496292114258, 1.0628055334091187, -4.306970596313477, 2.7545299530029297, -3.342644214630127, 0.27819299697875977, 2.8764283657073975, 4.436587810516357], [0.1871802657842636, 3.864149332046509, 1.4143067598342896, 3.3657734394073486, 0.8905839920043945, -0.6201366186141968, 2.3565165996551514, -4.6254048347473145, 6.883194923400879, -4.249670505523682, 3.505253553390503, 1.7392263412475586, 20.888410568237305, 2.2275636196136475, 1.1862910985946655, 1.0946632623672485, -9.110790252685547, 5.555729389190674, 1.3776726722717285, -5.096628189086914, -0.5445805788040161], [-4.596696853637695, -2.846992015838623, -4.035948276519775, -0.47109657526016235, -1.9728056192398071, 0.48237624764442444, 1.9502071142196655, 1.803699254989624, -3.7121365070343018, 4.164505958557129, 0.8945838809013367, 4.100496292114258, 2.2275636196136475, 17.603260040283203, 2.518691301345825, -2.922428846359253, -1.4395558834075928, -2.6867079734802246, 2.2385685443878174, -2.9663305282592773, -2.8483049869537354], [-5.084542751312256, 6.707624912261963, -2.9482505321502686, 0.7968062162399292, 2.1193654537200928, 2.2793352603912354, -2.5449798107147217, -1.640303134918213, 0.23042713105678558, 1.3153067827224731, -5.544620037078857, 1.0628055334091187, 1.1862910985946655, 2.518691301345825, 10.821345329284668, 0.453255295753479, -3.3939528465270996, 4.76771879196167, 6.637260437011719, 0.8857078552246094, -4.957370758056641], [-0.6299901604652405, -5.912088871002197, 4.744650363922119, -0.25547245144844055, -0.4908818006515503, 3.485887050628662, 3.6626977920532227, -3.9022459983825684, -0.06298328936100006, 3.384014368057251, 1.6552468538284302, -4.306970596313477, 1.0946632623672485, -2.922428846359253, 0.453255295753479, 15.8665771484375, 6.118856906890869, 2.204720973968506, 2.435659170150757, 0.9898467063903809, -3.8331305980682373], [-6.576900005340576, -2.694788932800293, 1.0344778299331665, -5.166506767272949, 1.4194878339767456, -0.4061695337295532, -3.8005502223968506, 3.6974849700927734, -4.430640697479248, 5.507647514343262, 1.0221003293991089, 2.7545299530029297, -9.110791206359863, -1.4395554065704346, -3.393953561782837, 6.118857383728027, 23.1763916015625, -4.949009418487549, -6.3695855140686035, 8.813117980957031, 1.5377947092056274], [3.3111684322357178, 5.3343505859375, -1.977181315422058, -3.273791790008545, 0.7918327450752258, -7.351790904998779, -0.4897555708885193, -2.7250633239746094, 2.5386948585510254, 0.32669275999069214, -9.411225318908691, -3.342644453048706, 5.555729389190674, -2.686708688735962, 4.7677178382873535, 2.204721689224243, -4.949009418487549, 28.47139549255371, 2.0518646240234375, -4.2419610023498535, -7.846587657928467], [-0.47001397609710693, 2.2168214321136475, -6.4695048332214355, 3.1481282711029053, -9.760489463806152, 9.214701652526855, -3.9851112365722656, -2.1279308795928955, -2.489373207092285, 4.521798610687256, -2.034867763519287, 0.27819308638572693, 1.377672553062439, 2.2385690212249756, 6.637260437011719, 2.435659170150757, -6.3695855140686035, 2.0518646240234375, 30.784019470214844, 2.2322208881378174, -2.817878007888794], [-8.156794548034668, -0.11174482852220535, 4.330738544464111, -1.39896559715271, 5.732687473297119, 4.122801303863525, -6.049971580505371, 0.7324777245521545, 0.09429239481687546, -3.413301706314087, -1.3527525663375854, 2.8764281272888184, -5.096627235412598, -2.96632981300354, 0.8857077360153198, 0.9898467063903809, 8.813117980957031, -4.2419610023498535, 2.2322208881378174, 19.465835571289062, 2.3555362224578857], [4.47389554977417, 1.9729007482528687, 1.747462511062622, 0.8377960920333862, 3.270392894744873, -6.580689430236816, -2.3705403804779053, -0.8041876554489136, 1.5456265211105347, -3.082211494445801, 0.936852216720581, 4.436587810516357, -0.5445806384086609, -2.8483057022094727, -4.957370281219482, -3.8331305980682373, 1.5377947092056274, -7.846588611602783, -2.817878007888794, 2.355536460876465, 13.339052200317383]], "type": "heatmap"}], "layout": {"template": {"data": {"histogram2dcontour": [{"type": "histogram2dcontour", "colorbar": {"outlinewidth": 0, "ticks": ""}, "colorscale": [[0.0, "#0d0887"], [0.1111111111111111, "#46039f"], [0.2222222222222222, "#7201a8"], [0.3333333333333333, "#9c179e"], [0.4444444444444444, "#bd3786"], [0.5555555555555556, "#d8576b"], [0.6666666666666666, "#ed7953"], [0.7777777777777778, "#fb9f3a"], [0.8888888888888888, "#fdca26"], [1.0, "#f0f921"]]}], "choropleth": [{"type": "choropleth", "colorbar": {"outlinewidth": 0, "ticks": ""}}], "histogram2d": [{"type": "histogram2d", "colorbar": {"outlinewidth": 0, "ticks": ""}, "colorscale": [[0.0, "#0d0887"], [0.1111111111111111, "#46039f"], [0.2222222222222222, "#7201a8"], [0.3333333333333333, "#9c179e"], [0.4444444444444444, "#bd3786"], [0.5555555555555556, "#d8576b"], [0.6666666666666666, "#ed7953"], [0.7777777777777778, "#fb9f3a"], [0.8888888888888888, "#fdca26"], [1.0, "#f0f921"]]}], "heatmap": [{"type": "heatmap", "colorbar": {"outlinewidth": 0, "ticks": ""}, "colorscale": [[0.0, "#0d0887"], [0.1111111111111111, "#46039f"], [0.2222222222222222, "#7201a8"], [0.3333333333333333, "#9c179e"], [0.4444444444444444, "#bd3786"], [0.5555555555555556, "#d8576b"], [0.6666666666666666, "#ed7953"], [0.7777777777777778, "#fb9f3a"], [0.8888888888888888, "#fdca26"], [1.0, "#f0f921"]]}], "heatmapgl": [{"type": "heatmapgl", "colorbar": {"outlinewidth": 0, "ticks": ""}, "colorscale": [[0.0, "#0d0887"], [0.1111111111111111, "#46039f"], [0.2222222222222222, "#7201a8"], [0.3333333333333333, "#9c179e"], [0.4444444444444444, "#bd3786"], [0.5555555555555556, "#d8576b"], [0.6666666666666666, "#ed7953"], [0.7777777777777778, "#fb9f3a"], [0.8888888888888888, "#fdca26"], [1.0, "#f0f921"]]}], "contourcarpet": [{"type": "contourcarpet", "colorbar": {"outlinewidth": 0, "ticks": ""}}], "contour": [{"type": "contour", "colorbar": {"outlinewidth": 0, "ticks": ""}, "colorscale": [[0.0, "#0d0887"], [0.1111111111111111, "#46039f"], [0.2222222222222222, "#7201a8"], [0.3333333333333333, "#9c179e"], [0.4444444444444444, "#bd3786"], [0.5555555555555556, "#d8576b"], [0.6666666666666666, "#ed7953"], [0.7777777777777778, "#fb9f3a"], [0.8888888888888888, "#fdca26"], [1.0, "#f0f921"]]}], "surface": [{"type": "surface", "colorbar": {"outlinewidth": 0, "ticks": ""}, "colorscale": [[0.0, "#0d0887"], [0.1111111111111111, "#46039f"], [0.2222222222222222, "#7201a8"], [0.3333333333333333, "#9c179e"], [0.4444444444444444, "#bd3786"], [0.5555555555555556, "#d8576b"], [0.6666666666666666, "#ed7953"], [0.7777777777777778, "#fb9f3a"], [0.8888888888888888, "#fdca26"], [1.0, "#f0f921"]]}], "mesh3d": [{"type": "mesh3d", "colorbar": {"outlinewidth": 0, "ticks": ""}}], "scatter": [{"fillpattern": {"fillmode": "overlay", "size": 10, "solidity": 0.2}, "type": "scatter"}], "parcoords": [{"type": "parcoords", "line": {"colorbar": {"outlinewidth": 0, "ticks": ""}}}], "scatterpolargl": [{"type": "scatterpolargl", "marker": {"colorbar": {"outlinewidth": 0, "ticks": ""}}}], "bar": [{"error_x": {"color": "#2a3f5f"}, "error_y": {"color": "#2a3f5f"}, "marker": {"line": {"color": "#E5ECF6", "width": 0.5}, "pattern": {"fillmode": "overlay", "size": 10, "solidity": 0.2}}, "type": "bar"}], "scattergeo": [{"type": "scattergeo", "marker": {"colorbar": {"outlinewidth": 0, "ticks": ""}}}], "scatterpolar": [{"type": "scatterpolar", "marker": {"colorbar": {"outlinewidth": 0, "ticks": ""}}}], "histogram": [{"marker": {"pattern": {"fillmode": "overlay", "size": 10, "solidity": 0.2}}, "type": "histogram"}], "scattergl": [{"type": "scattergl", "marker": {"colorbar": {"outlinewidth": 0, "ticks": ""}}}], "scatter3d": [{"type": "scatter3d", "line": {"colorbar": {"outlinewidth": 0, "ticks": ""}}, "marker": {"colorbar": {"outlinewidth": 0, "ticks": ""}}}], "scattermapbox": [{"type": "scattermapbox", "marker": {"colorbar": {"outlinewidth": 0, "ticks": ""}}}], "scatterternary": [{"type": "scatterternary", "marker": {"colorbar": {"outlinewidth": 0, "ticks": ""}}}], "scattercarpet": [{"type": "scattercarpet", "marker": {"colorbar": {"outlinewidth": 0, "ticks": ""}}}], "carpet": [{"aaxis": {"endlinecolor": "#2a3f5f", "gridcolor": "white", "linecolor": "white", "minorgridcolor": "white", "startlinecolor": "#2a3f5f"}, "baxis": {"endlinecolor": "#2a3f5f", "gridcolor": "white", "linecolor": "white", "minorgridcolor": "white", "startlinecolor": "#2a3f5f"}, "type": "carpet"}], "table": [{"cells": {"fill": {"color": "#EBF0F8"}, "line": {"color": "white"}}, "header": {"fill": {"color": "#C8D4E3"}, "line": {"color": "white"}}, "type": "table"}], "barpolar": [{"marker": {"line": {"color": "#E5ECF6", "width": 0.5}, "pattern": {"fillmode": "overlay", "size": 10, "solidity": 0.2}}, "type": "barpolar"}], "pie": [{"automargin": true, "type": "pie"}]}, "layout": {"autotypenumbers": "strict", "colorway": ["#636efa", "#EF553B", "#00cc96", "#ab63fa", "#FFA15A", "#19d3f3", "#FF6692", "#B6E880", "#FF97FF", "#FECB52"], "font": {"color": "#2a3f5f"}, "hovermode": "closest", "hoverlabel": {"align": "left"}, "paper_bgcolor": "white", "plot_bgcolor": "#E5ECF6", "polar": {"bgcolor": "#E5ECF6", "angularaxis": {"gridcolor": "white", "linecolor": "white", "ticks": ""}, "radialaxis": {"gridcolor": "white", "linecolor": "white", "ticks": ""}}, "ternary": {"bgcolor": "#E5ECF6", "aaxis": {"gridcolor": "white", "linecolor": "white", "ticks": ""}, "baxis": {"gridcolor": "white", "linecolor": "white", "ticks": ""}, "caxis": {"gridcolor": "white", "linecolor": "white", "ticks": ""}}, "coloraxis": {"colorbar": {"outlinewidth": 0, "ticks": ""}}, "colorscale": {"sequential": [[0.0, "#0d0887"], [0.1111111111111111, "#46039f"], [0.2222222222222222, "#7201a8"], [0.3333333333333333, "#9c179e"], [0.4444444444444444, "#bd3786"], [0.5555555555555556, "#d8576b"], [0.6666666666666666, "#ed7953"], [0.7777777777777778, "#fb9f3a"], [0.8888888888888888, "#fdca26"], [1.0, "#f0f921"]], "sequentialminus": [[0.0, "#0d0887"], [0.1111111111111111, "#46039f"], [0.2222222222222222, "#7201a8"], [0.3333333333333333, "#9c179e"], [0.4444444444444444, "#bd3786"], [0.5555555555555556, "#d8576b"], [0.6666666666666666, "#ed7953"], [0.7777777777777778, "#fb9f3a"], [0.8888888888888888, "#fdca26"], [1.0, "#f0f921"]], "diverging": [[0, "#8e0152"], [0.1, "#c51b7d"], [0.2, "#de77ae"], [0.3, "#f1b6da"], [0.4, "#fde0ef"], [0.5, "#f7f7f7"], [0.6, "#e6f5d0"], [0.7, "#b8e186"], [0.8, "#7fbc41"], [0.9, "#4d9221"], [1, "#276419"]]}, "xaxis": {"gridcolor": "white", "linecolor": "white", "ticks": "", "title": {"standoff": 15}, "zerolinecolor": "white", "automargin": true, "zerolinewidth": 2}, "yaxis": {"gridcolor": "white", "linecolor": "white", "ticks": "", "title": {"standoff": 15}, "zerolinecolor": "white", "automargin": true, "zerolinewidth": 2}, "scene": {"xaxis": {"backgroundcolor": "#E5ECF6", "gridcolor": "white", "linecolor": "white", "showbackground": true, "ticks": "", "zerolinecolor": "white", "gridwidth": 2}, "yaxis": {"backgroundcolor": "#E5ECF6", "gridcolor": "white", "linecolor": "white", "showbackground": true, "ticks": "", "zerolinecolor": "white", "gridwidth": 2}, "zaxis": {"backgroundcolor": "#E5ECF6", "gridcolor": "white", "linecolor": "white", "showbackground": true, "ticks": "", "zerolinecolor": "white", "gridwidth": 2}}, "shapedefaults": {"line": {"color": "#2a3f5f"}}, "annotationdefaults": {"arrowcolor": "#2a3f5f", "arrowhead": 0, "arrowwidth": 1}, "geo": {"bgcolor": "white", "landcolor": "#E5ECF6", "subunitcolor": "white", "showland": true, "showlakes": true, "lakecolor": "white"}, "title": {"x": 0.05}, "mapbox": {"style": "light"}}}}}