{"data": [{"z": [[27.182697296142578, -0.18971200287342072, 3.812825918197632, 0.8893105983734131, -5.724396705627441, -6.924711227416992, 5.848198890686035, 1.4193447828292847, 4.551454544067383, -6.658271789550781, -1.3590924739837646, 1.5601329803466797, 0.20553237199783325, -4.586891174316406, -5.06807804107666, -0.6099291443824768, -6.560215950012207, 3.324298143386841, -0.4570326805114746, -8.134927749633789, 4.464985370635986], [-0.18971200287342072, 24.15989112854004, 0.6978232860565186, -3.0498640537261963, 5.971558094024658, -5.892036437988281, -3.4605069160461426, -3.690260887145996, -0.30532556772232056, -0.3551636040210724, -3.687398910522461, 9.12761402130127, 3.8608617782592773, -2.8388068675994873, 6.707728862762451, -5.892283916473389, -2.680844783782959, 5.334918975830078, 2.2201590538024902, -0.10859203338623047, 1.9691064357757568], [3.812825918197632, 0.6978232860565186, 16.151432037353516, -1.9727903604507446, 3.5157034397125244, -0.4339858293533325, 8.941018104553223, -3.3277528285980225, -0.025479929521679878, -3.069228410720825, 2.487015962600708, 0.8334031105041504, 1.4236769676208496, -4.021155834197998, -2.9325637817382812, 4.762254238128662, 1.0534863471984863, -1.9623727798461914, -6.455663681030273, 4.3436102867126465, 1.7396094799041748], [0.8893105983734131, -3.0498640537261963, -1.9727903604507446, 23.79576301574707, -3.35252046585083, 4.893134593963623, 3.887483835220337, -0.8480326533317566, 1.4425638914108276, 0.5541850328445435, 0.29635652899742126, 4.5166826248168945, 3.378800392150879, -0.45478200912475586, 0.8103350400924683, -0.23936216533184052, -5.150080680847168, -3.2532410621643066, 3.150801181793213, -1.3870384693145752, 0.8344635963439941], [-5.724396705627441, 5.971558094024658, 3.5157034397125244, -3.35252046585083, 22.280614852905273, -4.20611047744751, 0.28655311465263367, -4.4950432777404785, 2.5835916996002197, -5.0372748374938965, -0.7556527853012085, 0.7113279104232788, 0.8990949988365173, -1.9582748413085938, 2.1300134658813477, -0.4635327458381653, 1.4408292770385742, 0.8065319061279297, -9.752239227294922, 5.737585544586182, 3.260674476623535], [-6.924711227416992, -5.892036437988281, -0.4339858293533325, 4.893134593963623, -4.20611047744751, 33.08985900878906, 1.549530267715454, 1.8693878650665283, -1.377282738685608, 2.637470245361328, -0.8024967908859253, -9.904587745666504, -0.6019030213356018, 0.4926217794418335, 2.2941181659698486, 3.4901177883148193, -0.39264798164367676, -7.330322265625, 9.213134765625, 4.13071346282959, -6.581468105316162], [5.848198890686035, -3.4605069160461426, 8.941018104553223, 3.887483835220337, 0.28655311465263367, 1.549530267715454, 20.338693618774414, -1.4508963823318481, -0.3014663755893707, 1.814406156539917, 1.5701502561569214, -1.7857108116149902, 2.359119415283203, 1.9563013315200806, -2.5367777347564697, 3.6607136726379395, -3.7965054512023926, -0.4843555688858032, -3.983977794647217, -6.043954849243164, -2.3669395446777344], [1.4193447828292847, -3.690260887145996, -3.3277528285980225, -0.8480326533317566, -4.4950432777404785, 1.8693878650665283, -1.4508963823318481, 14.482264518737793, -1.2710554599761963, -2.756373167037964, 1.799742579460144, -1.664637565612793, -4.602328300476074, 1.8078490495681763, -1.619978904724121, -3.8698904514312744, 3.721733808517456, -2.7071189880371094, -2.1125833988189697, 0.7540827393531799, -0.8125332593917847], [4.551454544067383, -0.30532556772232056, -0.025479929521679878, 1.4425638914108276, 2.5835916996002197, -1.377282738685608, -0.3014663755893707, -1.2710554599761963, 18.44872283935547, -3.7050089836120605, 1.4905495643615723, -3.586073398590088, 6.890768527984619, -3.6993446350097656, 0.24380403757095337, -0.05062318220734596, -4.413633346557617, 2.5492911338806152, -2.4812068939208984, 0.10758811235427856, 1.5435718297958374], [-6.658271789550781, -0.3551636040210724, -3.069228410720825, 0.5541850328445435, -5.0372748374938965, 2.637470245361328, 1.814406156539917, -2.756373167037964, -3.7050089836120605, 27.87855339050293, 4.070746421813965, -1.0870418548583984, -4.234382152557373, 4.179366588592529, 1.3304375410079956, 3.3849680423736572, 5.515336513519287, 0.33277440071105957, 4.5238752365112305, -3.3989641666412354, -3.081787109375], [-1.3590924739837646, -3.687398910522461, 2.487015962600708, 0.29635652899742126, -0.7556527853012085, -0.8024967908859253, 1.5701502561569214, 1.799742579460144, 1.4905495643615723, 4.070746421813965, 21.43651580810547, -0.334844172000885, 3.521374464035034, 0.9013665914535522, -5.527754306793213, 1.6708216667175293, 1.0390756130218506, -9.394423484802246, -2.0245659351348877, -1.3384138345718384, 0.9324080944061279], [1.5601329803466797, 9.12761402130127, 0.8334031105041504, 4.5166826248168945, 0.7113279104232788, -9.904587745666504, -1.7857108116149902, -1.664637565612793, -3.586073398590088, -1.0870418548583984, -0.334844172000885, 24.13253402709961, 1.7390265464782715, 4.113344669342041, 1.0715032815933228, -4.2852630615234375, 2.7698135375976562, -3.3350791931152344, 0.28279876708984375, 2.8748815059661865, 4.432358741760254], [0.20553237199783325, 3.8608617782592773, 1.4236769676208496, 3.378800392150879, 0.8990949988365173, -0.6019030213356018, 2.359119415283203, -4.602328300476074, 6.890768527984619, -4.234382152557373, 3.521374464035034, 1.7390265464782715, 20.884401321411133, 2.238060235977173, 1.1965622901916504, 1.1144150495529175, -9.085158348083496, 5.565908432006836, 1.385121464729309, -5.088021278381348, -0.5495510101318359], [-4.586891174316406, -2.8388068675994873, -4.021155834197998, -0.45478200912475586, -1.9582748413085938, 0.4926217794418335, 1.9563013315200806, 1.8078490495681763, -3.6993446350097656, 4.179366588592529, 0.9013665914535522, 4.113344669342041, 2.238060235977173, 17.602996826171875, 2.5298550128936768, -2.900362968444824, -1.418386459350586, -2.670006036758423, 2.2468364238739014, -2.953070640563965, -2.8531908988952637], [-5.06807804107666, 6.707728862762451, -2.9325637817382812, 0.8103350400924683, 2.1300134658813477, 2.2941181659698486, -2.5367777347564697, -1.619978904724121, 0.24380403757095337, 1.3304375410079956, -5.527754306793213, 1.0715032815933228, 1.1965622901916504, 2.5298550128936768, 10.825785636901855, 0.4719076454639435, -3.3711957931518555, 4.779084205627441, 6.641200065612793, 0.8961532115936279, -4.961174011230469], [-0.6099291443824768, -5.892283916473389, 4.762254238128662, -0.23936216533184052, -0.4635327458381653, 3.4901177883148193, 3.6607136726379395, -3.8698904514312744, -0.05062318220734596, 3.3849680423736572, 1.6708216667175293, -4.2852630615234375, 1.1144150495529175, -2.900362968444824, 0.4719076454639435, 15.868570327758789, 6.134486675262451, 2.216653823852539, 2.4421887397766113, 1.0078709125518799, -3.831479072570801], [-6.560216426849365, -2.680845022201538, 1.0534864664077759, -5.150080680847168, 1.4408286809921265, -0.3926476538181305, -3.7965056896209717, 3.7217342853546143, -4.413633346557617, 5.515336513519287, 1.0390757322311401, 2.7698137760162354, -9.08515739440918, -1.418386697769165, -3.3711955547332764, 6.134485721588135, 23.18722152709961, -4.932708740234375, -6.347938537597656, 8.82474422454834, 1.5362555980682373], [3.324298143386841, 5.334918975830078, -1.9623727798461914, -3.2532405853271484, 0.8065310716629028, -7.330322742462158, -0.4843555986881256, -2.7071192264556885, 2.549290895462036, 0.3327745199203491, -9.39442253112793, -3.3350794315338135, 5.565906524658203, -2.670006036758423, 4.779085159301758, 2.216653823852539, -4.932708740234375, 28.47515296936035, 2.061171531677246, -4.22409725189209, -7.85078239440918], [-0.4570327699184418, 2.220158815383911, -6.455663681030273, 3.150801181793213, -9.752238273620605, 9.213134765625, -3.983977794647217, -2.1125833988189697, -2.4812066555023193, 4.5238752365112305, -2.024566173553467, 0.28279832005500793, 1.385121464729309, 2.2468364238739014, 6.641200542449951, 2.4421889781951904, -6.347938537597656, 2.061171531677246, 30.76978302001953, 2.236546754837036, -2.817279815673828], [-8.134927749633789, -0.10859248042106628, 4.343610763549805, -1.3870383501052856, 5.737585544586182, 4.130712985992432, -6.043953895568848, 0.7540828585624695, 0.10758784413337708, -3.3989641666412354, -1.338414192199707, 2.8748819828033447, -5.088020324707031, -2.953070640563965, 0.8961533308029175, 1.0078705549240112, 8.82474422454834, -4.22409725189209, 2.236546754837036, 19.452129364013672, 2.3511717319488525], [4.464985370635986, 1.9691064357757568, 1.7396095991134644, 0.8344637155532837, 3.2606749534606934, -6.58146858215332, -2.3669395446777344, -0.8125333786010742, 1.5435714721679688, -3.0817880630493164, 0.9324077367782593, 4.432358741760254, -0.5495509505271912, -2.8531906604766846, -4.9611735343933105, -3.831479072570801, 1.5362555980682373, -7.850782871246338, -2.817279815673828, 2.3511714935302734, 13.339052200317383]], "type": "heatmap"}], "layout": {"template": {"data": {"histogram2dcontour": [{"type": "histogram2dcontour", "colorbar": {"outlinewidth": 0, "ticks": ""}, "colorscale": [[0.0, "#0d0887"], [0.1111111111111111, "#46039f"], [0.2222222222222222, "#7201a8"], [0.3333333333333333, "#9c179e"], [0.4444444444444444, "#bd3786"], [0.5555555555555556, "#d8576b"], [0.6666666666666666, "#ed7953"], [0.7777777777777778, "#fb9f3a"], [0.8888888888888888, "#fdca26"], [1.0, "#f0f921"]]}], "choropleth": [{"type": "choropleth", "colorbar": {"outlinewidth": 0, "ticks": ""}}], "histogram2d": [{"type": "histogram2d", "colorbar": {"outlinewidth": 0, "ticks": ""}, "colorscale": [[0.0, "#0d0887"], [0.1111111111111111, "#46039f"], [0.2222222222222222, "#7201a8"], [0.3333333333333333, "#9c179e"], [0.4444444444444444, "#bd3786"], [0.5555555555555556, "#d8576b"], [0.6666666666666666, "#ed7953"], [0.7777777777777778, "#fb9f3a"], [0.8888888888888888, "#fdca26"], [1.0, "#f0f921"]]}], "heatmap": [{"type": "heatmap", "colorbar": {"outlinewidth": 0, "ticks": ""}, "colorscale": [[0.0, "#0d0887"], [0.1111111111111111, "#46039f"], [0.2222222222222222, "#7201a8"], [0.3333333333333333, "#9c179e"], [0.4444444444444444, "#bd3786"], [0.5555555555555556, "#d8576b"], [0.6666666666666666, "#ed7953"], [0.7777777777777778, "#fb9f3a"], [0.8888888888888888, "#fdca26"], [1.0, "#f0f921"]]}], "heatmapgl": [{"type": "heatmapgl", "colorbar": {"outlinewidth": 0, "ticks": ""}, "colorscale": [[0.0, "#0d0887"], [0.1111111111111111, "#46039f"], [0.2222222222222222, "#7201a8"], [0.3333333333333333, "#9c179e"], [0.4444444444444444, "#bd3786"], [0.5555555555555556, "#d8576b"], [0.6666666666666666, "#ed7953"], [0.7777777777777778, "#fb9f3a"], [0.8888888888888888, "#fdca26"], [1.0, "#f0f921"]]}], "contourcarpet": [{"type": "contourcarpet", "colorbar": {"outlinewidth": 0, "ticks": ""}}], "contour": [{"type": "contour", "colorbar": {"outlinewidth": 0, "ticks": ""}, "colorscale": [[0.0, "#0d0887"], [0.1111111111111111, "#46039f"], [0.2222222222222222, "#7201a8"], [0.3333333333333333, "#9c179e"], [0.4444444444444444, "#bd3786"], [0.5555555555555556, "#d8576b"], [0.6666666666666666, "#ed7953"], [0.7777777777777778, "#fb9f3a"], [0.8888888888888888, "#fdca26"], [1.0, "#f0f921"]]}], "surface": [{"type": "surface", "colorbar": {"outlinewidth": 0, "ticks": ""}, "colorscale": [[0.0, "#0d0887"], [0.1111111111111111, "#46039f"], [0.2222222222222222, "#7201a8"], [0.3333333333333333, "#9c179e"], [0.4444444444444444, "#bd3786"], [0.5555555555555556, "#d8576b"], [0.6666666666666666, "#ed7953"], [0.7777777777777778, "#fb9f3a"], [0.8888888888888888, "#fdca26"], [1.0, "#f0f921"]]}], "mesh3d": [{"type": "mesh3d", "colorbar": {"outlinewidth": 0, "ticks": ""}}], "scatter": [{"fillpattern": {"fillmode": "overlay", "size": 10, "solidity": 0.2}, "type": "scatter"}], "parcoords": [{"type": "parcoords", "line": {"colorbar": {"outlinewidth": 0, "ticks": ""}}}], "scatterpolargl": [{"type": "scatterpolargl", "marker": {"colorbar": {"outlinewidth": 0, "ticks": ""}}}], "bar": [{"error_x": {"color": "#2a3f5f"}, "error_y": {"color": "#2a3f5f"}, "marker": {"line": {"color": "#E5ECF6", "width": 0.5}, "pattern": {"fillmode": "overlay", "size": 10, "solidity": 0.2}}, "type": "bar"}], "scattergeo": [{"type": "scattergeo", "marker": {"colorbar": {"outlinewidth": 0, "ticks": ""}}}], "scatterpolar": [{"type": "scatterpolar", "marker": {"colorbar": {"outlinewidth": 0, "ticks": ""}}}], "histogram": [{"marker": {"pattern": {"fillmode": "overlay", "size": 10, "solidity": 0.2}}, "type": "histogram"}], "scattergl": [{"type": "scattergl", "marker": {"colorbar": {"outlinewidth": 0, "ticks": ""}}}], "scatter3d": [{"type": "scatter3d", "line": {"colorbar": {"outlinewidth": 0, "ticks": ""}}, "marker": {"colorbar": {"outlinewidth": 0, "ticks": ""}}}], "scattermapbox": [{"type": "scattermapbox", "marker": {"colorbar": {"outlinewidth": 0, "ticks": ""}}}], "scatterternary": [{"type": "scatterternary", "marker": {"colorbar": {"outlinewidth": 0, "ticks": ""}}}], "scattercarpet": [{"type": "scattercarpet", "marker": {"colorbar": {"outlinewidth": 0, "ticks": ""}}}], "carpet": [{"aaxis": {"endlinecolor": "#2a3f5f", "gridcolor": "white", "linecolor": "white", "minorgridcolor": "white", "startlinecolor": "#2a3f5f"}, "baxis": {"endlinecolor": "#2a3f5f", "gridcolor": "white", "linecolor": "white", "minorgridcolor": "white", "startlinecolor": "#2a3f5f"}, "type": "carpet"}], "table": [{"cells": {"fill": {"color": "#EBF0F8"}, "line": {"color": "white"}}, "header": {"fill": {"color": "#C8D4E3"}, "line": {"color": "white"}}, "type": "table"}], "barpolar": [{"marker": {"line": {"color": "#E5ECF6", "width": 0.5}, "pattern": {"fillmode": "overlay", "size": 10, "solidity": 0.2}}, "type": "barpolar"}], "pie": [{"automargin": true, "type": "pie"}]}, "layout": {"autotypenumbers": "strict", "colorway": ["#636efa", "#EF553B", "#00cc96", "#ab63fa", "#FFA15A", "#19d3f3", "#FF6692", "#B6E880", "#FF97FF", "#FECB52"], "font": {"color": "#2a3f5f"}, "hovermode": "closest", "hoverlabel": {"align": "left"}, "paper_bgcolor": "white", "plot_bgcolor": "#E5ECF6", "polar": {"bgcolor": "#E5ECF6", "angularaxis": {"gridcolor": "white", "linecolor": "white", "ticks": ""}, "radialaxis": {"gridcolor": "white", "linecolor": "white", "ticks": ""}}, "ternary": {"bgcolor": "#E5ECF6", "aaxis": {"gridcolor": "white", "linecolor": "white", "ticks": ""}, "baxis": {"gridcolor": "white", "linecolor": "white", "ticks": ""}, "caxis": {"gridcolor": "white", "linecolor": "white", "ticks": ""}}, "coloraxis": {"colorbar": {"outlinewidth": 0, "ticks": ""}}, "colorscale": {"sequential": [[0.0, "#0d0887"], [0.1111111111111111, "#46039f"], [0.2222222222222222, "#7201a8"], [0.3333333333333333, "#9c179e"], [0.4444444444444444, "#bd3786"], [0.5555555555555556, "#d8576b"], [0.6666666666666666, "#ed7953"], [0.7777777777777778, "#fb9f3a"], [0.8888888888888888, "#fdca26"], [1.0, "#f0f921"]], "sequentialminus": [[0.0, "#0d0887"], [0.1111111111111111, "#46039f"], [0.2222222222222222, "#7201a8"], [0.3333333333333333, "#9c179e"], [0.4444444444444444, "#bd3786"], [0.5555555555555556, "#d8576b"], [0.6666666666666666, "#ed7953"], [0.7777777777777778, "#fb9f3a"], [0.8888888888888888, "#fdca26"], [1.0, "#f0f921"]], "diverging": [[0, "#8e0152"], [0.1, "#c51b7d"], [0.2, "#de77ae"], [0.3, "#f1b6da"], [0.4, "#fde0ef"], [0.5, "#f7f7f7"], [0.6, "#e6f5d0"], [0.7, "#b8e186"], [0.8, "#7fbc41"], [0.9, "#4d9221"], [1, "#276419"]]}, "xaxis": {"gridcolor": "white", "linecolor": "white", "ticks": "", "title": {"standoff": 15}, "zerolinecolor": "white", "automargin": true, "zerolinewidth": 2}, "yaxis": {"gridcolor": "white", "linecolor": "white", "ticks": "", "title": {"standoff": 15}, "zerolinecolor": "white", "automargin": true, "zerolinewidth": 2}, "scene": {"xaxis": {"backgroundcolor": "#E5ECF6", "gridcolor": "white", "linecolor": "white", "showbackground": true, "ticks": "", "zerolinecolor": "white", "gridwidth": 2}, "yaxis": {"backgroundcolor": "#E5ECF6", "gridcolor": "white", "linecolor": "white", "showbackground": true, "ticks": "", "zerolinecolor": "white", "gridwidth": 2}, "zaxis": {"backgroundcolor": "#E5ECF6", "gridcolor": "white", "linecolor": "white", "showbackground": true, "ticks": "", "zerolinecolor": "white", "gridwidth": 2}}, "shapedefaults": {"line": {"color": "#2a3f5f"}}, "annotationdefaults": {"arrowcolor": "#2a3f5f", "arrowhead": 0, "arrowwidth": 1}, "geo": {"bgcolor": "white", "landcolor": "#E5ECF6", "subunitcolor": "white", "showland": true, "showlakes": true, "lakecolor": "white"}, "title": {"x": 0.05}, "mapbox": {"style": "light"}}}}}