{"data": [{"z": [[27.191808700561523, -0.17871925234794617, 3.8249757289886475, 0.900311291217804, -5.713902473449707, -6.910785675048828, 5.855820178985596, 1.4318687915802002, 4.5568318367004395, -6.651146411895752, -1.3513413667678833, 1.5688843727111816, 0.2214220017194748, -4.578906059265137, -5.055042743682861, -0.5934910774230957, -6.5477705001831055, 3.334655523300171, -0.4464719295501709, -8.119224548339844, 4.458690643310547], [-0.17871925234794617, 24.144845962524414, 0.7037075161933899, -3.0350372791290283, 5.972356796264648, -5.871065139770508, -3.4507498741149902, -3.6741905212402344, -0.29695746302604675, -0.34788045287132263, -3.67692494392395, 9.120220184326172, 3.8601651191711426, -2.831758499145508, 6.709958553314209, -5.877633571624756, -2.6708621978759766, 5.3373212814331055, 2.223339796066284, -0.10577583312988281, 1.965611457824707], [3.8249757289886475, 0.7037075161933899, 16.153650283813477, -1.966240644454956, 3.5259602069854736, -0.42306405305862427, 8.941574096679688, -3.3090996742248535, -0.01685531623661518, -3.060972213745117, 2.4991917610168457, 0.8419200778007507, 1.431132197380066, -4.0096330642700195, -2.920571804046631, 4.774359226226807, 1.0669459104537964, -1.9521315097808838, -6.446284294128418, 4.35278844833374, 1.734713077545166], [0.900311291217804, -3.0350372791290283, -1.966240644454956, 23.79442024230957, -3.33754301071167, 4.899453163146973, 3.8872365951538086, -0.8353911638259888, 1.452512502670288, 0.55866539478302, 0.29888051748275757, 4.5249128341674805, 3.389904260635376, -0.4402526617050171, 0.8211617469787598, -0.2268127202987671, -5.13801908493042, -3.2378804683685303, 3.1532442569732666, -1.3778016567230225, 0.8317278027534485], [-5.713902473449707, 5.972356796264648, 3.5259602069854736, -3.33754301071167, 22.283735275268555, -4.19035530090332, 0.2942022383213043, -4.481790542602539, 2.593031644821167, -5.023014068603516, -0.7483178973197937, 0.7186893224716187, 0.9060330986976624, -1.9482029676437378, 2.139679431915283, -0.4433791935443878, 1.4584835767745972, 0.8181202411651611, -9.746358871459961, 5.7420430183410645, 3.253952980041504], [-6.910785675048828, -5.871065139770508, -0.42306405305862427, 4.899453163146973, -4.19035530090332, 33.07916259765625, 1.5453799962997437, 1.886509895324707, -1.372357726097107, 2.6399354934692383, -0.7933163046836853, -9.881739616394043, -0.587648332118988, 0.5039664506912231, 2.3071789741516113, 3.4948806762695312, -0.3799591064453125, -7.314488410949707, 9.212200164794922, 4.137272834777832, -6.5831685066223145], [5.855820178985596, -3.4507498741149902, 8.941574096679688, 3.8872365951538086, 0.2942022383213043, 1.5453799962997437, 20.328733444213867, -1.4461090564727783, -0.3026867210865021, 1.8129829168319702, 1.571556806564331, -1.7791885137557983, 2.3620076179504395, 1.9609462022781372, -2.5305533409118652, 3.660686731338501, -3.7939233779907227, -0.48020482063293457, -3.9825806617736816, -6.039760589599609, -2.3648202419281006], [1.4318687915802002, -3.6741905212402344, -3.3090996742248535, -0.8353911638259888, -4.481790542602539, 1.886509895324707, -1.4461090564727783, 14.503786087036133, -1.260094165802002, -2.7457010746002197, 1.809643268585205, -1.646805763244629, -4.5840744972229, 1.8118128776550293, -1.6011589765548706, -3.8442580699920654, 3.742210626602173, -2.693667411804199, -2.1017215251922607, 0.7711749076843262, -0.8188756704330444], [4.5568318367004395, -0.29695746302604675, -0.01685531623661518, 1.452512502670288, 2.593031644821167, -1.372357726097107, -0.3026867210865021, -1.260094165802002, 18.441919326782227, -3.699106216430664, 1.4982942342758179, -3.5744519233703613, 6.899040699005127, -3.688276529312134, 0.2556789815425873, -0.04031117632985115, -4.400358200073242, 2.558586359024048, -2.4743714332580566, 0.11771836876869202, 1.5409011840820312], [-6.651146411895752, -0.34788045287132263, -3.060972213745117, 0.55866539478302, -5.023014068603516, 2.6399354934692383, 1.8129829168319702, -2.7457010746002197, -3.699106216430664, 27.873313903808594, 4.075518608093262, -1.077652931213379, -4.221253871917725, 4.193394184112549, 1.3437087535858154, 3.3871700763702393, 5.522407054901123, 0.336686372756958, 4.5272698402404785, -3.387464761734009, -3.0813965797424316], [-1.3513413667678833, -3.67692494392395, 2.4991917610168457, 0.29888051748275757, -0.7483178973197937, -0.7933163046836853, 1.571556806564331, 1.809643268585205, 1.4982942342758179, 4.075518608093262, 21.433027267456055, -0.32238125801086426, 3.5348801612854004, 0.9082733988761902, -5.514334678649902, 1.6826459169387817, 1.0517711639404297, -9.382658004760742, -2.0173144340515137, -1.3284410238265991, 0.9284877777099609], [1.5688843727111816, 9.120220184326172, 0.8419200778007507, 4.5249128341674805, 0.7186893224716187, -9.881739616394043, -1.7791885137557983, -1.646805763244629, -3.5744519233703613, -1.077652931213379, -0.32238125801086426, 24.120391845703125, 1.7406823635101318, 4.124908447265625, 1.0801451206207275, -4.268888473510742, 2.7817819118499756, -3.3283700942993164, 0.2871565818786621, 2.874174118041992, 4.429042816162109], [0.2214220017194748, 3.8601651191711426, 1.431132197380066, 3.389904260635376, 0.9060330986976624, -0.587648332118988, 2.3620076179504395, -4.5840744972229, 6.899040699005127, -4.221253871917725, 3.5348801612854004, 1.7406823635101318, 20.885025024414062, 2.247826337814331, 1.2063133716583252, 1.1307728290557861, -9.065868377685547, 5.574423789978027, 1.391576886177063, -5.0811028480529785, -0.5532125234603882], [-4.578906059265137, -2.831758499145508, -4.0096330642700195, -0.4402526617050171, -1.9482029676437378, 0.5039664506912231, 1.9609462022781372, 1.8118128776550293, -3.688276529312134, 4.193394184112549, 0.9082733988761902, 4.124908447265625, 2.247826337814331, 17.608110427856445, 2.5412497520446777, -2.8821287155151367, -1.4002881050109863, -2.6552202701568604, 2.2538416385650635, -2.942704439163208, -2.858786106109619], [-5.055042743682861, 6.709958553314209, -2.920571804046631, 0.8211617469787598, 2.139679431915283, 2.3071789741516113, -2.5305533409118652, -1.6011589765548706, 0.2556789815425873, 1.3437087535858154, -5.514334678649902, 1.0801451206207275, 1.2063133716583252, 2.5412497520446777, 10.832200050354004, 0.48768988251686096, -3.353410005569458, 4.787863731384277, 6.6449055671691895, 0.9046075344085693, -4.964204788208008], [-0.5934910774230957, -5.877633571624756, 4.774359226226807, -0.2268127202987671, -0.4433791935443878, 3.4948806762695312, 3.660686731338501, -3.8442580699920654, -0.04031117632985115, 3.3871700763702393, 1.6826459169387817, -4.268888473510742, 1.1307728290557861, -2.8821287155151367, 0.48768988251686096, 15.872818946838379, 6.14663553237915, 2.2260143756866455, 2.4478604793548584, 1.0204501152038574, -3.8308520317077637], [-6.547770023345947, -2.6708621978759766, 1.0669461488723755, -5.13801908493042, 1.458483338356018, -0.3799591362476349, -3.7939231395721436, 3.7422103881835938, -4.4003586769104, 5.5224080085754395, 1.0517712831497192, 2.7817819118499756, -9.065868377685547, -1.4002883434295654, -3.353409767150879, 6.146636009216309, 23.19794464111328, -4.920658588409424, -6.33228874206543, 8.833917617797852, 1.5352330207824707], [3.334655523300171, 5.337320804595947, -1.9521318674087524, -3.237880229949951, 0.8181202411651611, -7.314487457275391, -0.48020416498184204, -2.6936681270599365, 2.558586597442627, 0.33668625354766846, -9.382658958435059, -3.3283703327178955, 5.574422359466553, -2.6552202701568604, 4.787863731384277, 2.2260146141052246, -4.920658588409424, 28.480058670043945, 2.068476915359497, -4.211640357971191, -7.854055404663086], [-0.44647157192230225, 2.2233386039733887, -6.446284770965576, 3.1532437801361084, -9.746358871459961, 9.212200164794922, -3.982581615447998, -2.1017212867736816, -2.4743711948394775, 4.5272698402404785, -2.0173141956329346, 0.28715580701828003, 1.391577124595642, 2.2538418769836426, 6.644906520843506, 2.4478602409362793, -6.33228874206543, 2.068476915359497, 30.761383056640625, 2.239927053451538, -2.816702365875244], [-8.119224548339844, -0.1057758778333664, 4.35278844833374, -1.377801775932312, 5.7420430183410645, 4.137271404266357, -6.039762020111084, 0.7711750268936157, 0.11771851032972336, -3.387465238571167, -1.3284409046173096, 2.874174118041992, -5.0811028480529785, -2.942704677581787, 0.9046072363853455, 1.0204498767852783, 8.833917617797852, -4.211640357971191, 2.239927053451538, 19.44403648376465, 2.3484716415405273], [4.458691120147705, 1.9656113386154175, 1.7347129583358765, 0.8317275047302246, 3.253952980041504, -6.583168983459473, -2.3648200035095215, -0.8188755512237549, 1.5409011840820312, -3.0813965797424316, 0.9284877777099609, 4.429043292999268, -0.5532122850418091, -2.858786106109619, -4.964204788208008, -3.8308520317077637, 1.5352325439453125, -7.854055404663086, -2.816702127456665, 2.3484721183776855, 13.339052200317383]], "type": "heatmap"}], "layout": {"template": {"data": {"histogram2dcontour": [{"type": "histogram2dcontour", "colorbar": {"outlinewidth": 0, "ticks": ""}, "colorscale": [[0.0, "#0d0887"], [0.1111111111111111, "#46039f"], [0.2222222222222222, "#7201a8"], [0.3333333333333333, "#9c179e"], [0.4444444444444444, "#bd3786"], [0.5555555555555556, "#d8576b"], [0.6666666666666666, "#ed7953"], [0.7777777777777778, "#fb9f3a"], [0.8888888888888888, "#fdca26"], [1.0, "#f0f921"]]}], "choropleth": [{"type": "choropleth", "colorbar": {"outlinewidth": 0, "ticks": ""}}], "histogram2d": [{"type": "histogram2d", "colorbar": {"outlinewidth": 0, "ticks": ""}, "colorscale": [[0.0, "#0d0887"], [0.1111111111111111, "#46039f"], [0.2222222222222222, "#7201a8"], [0.3333333333333333, "#9c179e"], [0.4444444444444444, "#bd3786"], [0.5555555555555556, "#d8576b"], [0.6666666666666666, "#ed7953"], [0.7777777777777778, "#fb9f3a"], [0.8888888888888888, "#fdca26"], [1.0, "#f0f921"]]}], "heatmap": [{"type": "heatmap", "colorbar": {"outlinewidth": 0, "ticks": ""}, "colorscale": [[0.0, "#0d0887"], [0.1111111111111111, "#46039f"], [0.2222222222222222, "#7201a8"], [0.3333333333333333, "#9c179e"], [0.4444444444444444, "#bd3786"], [0.5555555555555556, "#d8576b"], [0.6666666666666666, "#ed7953"], [0.7777777777777778, "#fb9f3a"], [0.8888888888888888, "#fdca26"], [1.0, "#f0f921"]]}], "heatmapgl": [{"type": "heatmapgl", "colorbar": {"outlinewidth": 0, "ticks": ""}, "colorscale": [[0.0, "#0d0887"], [0.1111111111111111, "#46039f"], [0.2222222222222222, "#7201a8"], [0.3333333333333333, "#9c179e"], [0.4444444444444444, "#bd3786"], [0.5555555555555556, "#d8576b"], [0.6666666666666666, "#ed7953"], [0.7777777777777778, "#fb9f3a"], [0.8888888888888888, "#fdca26"], [1.0, "#f0f921"]]}], "contourcarpet": [{"type": "contourcarpet", "colorbar": {"outlinewidth": 0, "ticks": ""}}], "contour": [{"type": "contour", "colorbar": {"outlinewidth": 0, "ticks": ""}, "colorscale": [[0.0, "#0d0887"], [0.1111111111111111, "#46039f"], [0.2222222222222222, "#7201a8"], [0.3333333333333333, "#9c179e"], [0.4444444444444444, "#bd3786"], [0.5555555555555556, "#d8576b"], [0.6666666666666666, "#ed7953"], [0.7777777777777778, "#fb9f3a"], [0.8888888888888888, "#fdca26"], [1.0, "#f0f921"]]}], "surface": [{"type": "surface", "colorbar": {"outlinewidth": 0, "ticks": ""}, "colorscale": [[0.0, "#0d0887"], [0.1111111111111111, "#46039f"], [0.2222222222222222, "#7201a8"], [0.3333333333333333, "#9c179e"], [0.4444444444444444, "#bd3786"], [0.5555555555555556, "#d8576b"], [0.6666666666666666, "#ed7953"], [0.7777777777777778, "#fb9f3a"], [0.8888888888888888, "#fdca26"], [1.0, "#f0f921"]]}], "mesh3d": [{"type": "mesh3d", "colorbar": {"outlinewidth": 0, "ticks": ""}}], "scatter": [{"fillpattern": {"fillmode": "overlay", "size": 10, "solidity": 0.2}, "type": "scatter"}], "parcoords": [{"type": "parcoords", "line": {"colorbar": {"outlinewidth": 0, "ticks": ""}}}], "scatterpolargl": [{"type": "scatterpolargl", "marker": {"colorbar": {"outlinewidth": 0, "ticks": ""}}}], "bar": [{"error_x": {"color": "#2a3f5f"}, "error_y": {"color": "#2a3f5f"}, "marker": {"line": {"color": "#E5ECF6", "width": 0.5}, "pattern": {"fillmode": "overlay", "size": 10, "solidity": 0.2}}, "type": "bar"}], "scattergeo": [{"type": "scattergeo", "marker": {"colorbar": {"outlinewidth": 0, "ticks": ""}}}], "scatterpolar": [{"type": "scatterpolar", "marker": {"colorbar": {"outlinewidth": 0, "ticks": ""}}}], "histogram": [{"marker": {"pattern": {"fillmode": "overlay", "size": 10, "solidity": 0.2}}, "type": "histogram"}], "scattergl": [{"type": "scattergl", "marker": {"colorbar": {"outlinewidth": 0, "ticks": ""}}}], "scatter3d": [{"type": "scatter3d", "line": {"colorbar": {"outlinewidth": 0, "ticks": ""}}, "marker": {"colorbar": {"outlinewidth": 0, "ticks": ""}}}], "scattermapbox": [{"type": "scattermapbox", "marker": {"colorbar": {"outlinewidth": 0, "ticks": ""}}}], "scatterternary": [{"type": "scatterternary", "marker": {"colorbar": {"outlinewidth": 0, "ticks": ""}}}], "scattercarpet": [{"type": "scattercarpet", "marker": {"colorbar": {"outlinewidth": 0, "ticks": ""}}}], "carpet": [{"aaxis": {"endlinecolor": "#2a3f5f", "gridcolor": "white", "linecolor": "white", "minorgridcolor": "white", "startlinecolor": "#2a3f5f"}, "baxis": {"endlinecolor": "#2a3f5f", "gridcolor": "white", "linecolor": "white", "minorgridcolor": "white", "startlinecolor": "#2a3f5f"}, "type": "carpet"}], "table": [{"cells": {"fill": {"color": "#EBF0F8"}, "line": {"color": "white"}}, "header": {"fill": {"color": "#C8D4E3"}, "line": {"color": "white"}}, "type": "table"}], "barpolar": [{"marker": {"line": {"color": "#E5ECF6", "width": 0.5}, "pattern": {"fillmode": "overlay", "size": 10, "solidity": 0.2}}, "type": "barpolar"}], "pie": [{"automargin": true, "type": "pie"}]}, "layout": {"autotypenumbers": "strict", "colorway": ["#636efa", "#EF553B", "#00cc96", "#ab63fa", "#FFA15A", "#19d3f3", "#FF6692", "#B6E880", "#FF97FF", "#FECB52"], "font": {"color": "#2a3f5f"}, "hovermode": "closest", "hoverlabel": {"align": "left"}, "paper_bgcolor": "white", "plot_bgcolor": "#E5ECF6", "polar": {"bgcolor": "#E5ECF6", "angularaxis": {"gridcolor": "white", "linecolor": "white", "ticks": ""}, "radialaxis": {"gridcolor": "white", "linecolor": "white", "ticks": ""}}, "ternary": {"bgcolor": "#E5ECF6", "aaxis": {"gridcolor": "white", "linecolor": "white", "ticks": ""}, "baxis": {"gridcolor": "white", "linecolor": "white", "ticks": ""}, "caxis": {"gridcolor": "white", "linecolor": "white", "ticks": ""}}, "coloraxis": {"colorbar": {"outlinewidth": 0, "ticks": ""}}, "colorscale": {"sequential": [[0.0, "#0d0887"], [0.1111111111111111, "#46039f"], [0.2222222222222222, "#7201a8"], [0.3333333333333333, "#9c179e"], [0.4444444444444444, "#bd3786"], [0.5555555555555556, "#d8576b"], [0.6666666666666666, "#ed7953"], [0.7777777777777778, "#fb9f3a"], [0.8888888888888888, "#fdca26"], [1.0, "#f0f921"]], "sequentialminus": [[0.0, "#0d0887"], [0.1111111111111111, "#46039f"], [0.2222222222222222, "#7201a8"], [0.3333333333333333, "#9c179e"], [0.4444444444444444, "#bd3786"], [0.5555555555555556, "#d8576b"], [0.6666666666666666, "#ed7953"], [0.7777777777777778, "#fb9f3a"], [0.8888888888888888, "#fdca26"], [1.0, "#f0f921"]], "diverging": [[0, "#8e0152"], [0.1, "#c51b7d"], [0.2, "#de77ae"], [0.3, "#f1b6da"], [0.4, "#fde0ef"], [0.5, "#f7f7f7"], [0.6, "#e6f5d0"], [0.7, "#b8e186"], [0.8, "#7fbc41"], [0.9, "#4d9221"], [1, "#276419"]]}, "xaxis": {"gridcolor": "white", "linecolor": "white", "ticks": "", "title": {"standoff": 15}, "zerolinecolor": "white", "automargin": true, "zerolinewidth": 2}, "yaxis": {"gridcolor": "white", "linecolor": "white", "ticks": "", "title": {"standoff": 15}, "zerolinecolor": "white", "automargin": true, "zerolinewidth": 2}, "scene": {"xaxis": {"backgroundcolor": "#E5ECF6", "gridcolor": "white", "linecolor": "white", "showbackground": true, "ticks": "", "zerolinecolor": "white", "gridwidth": 2}, "yaxis": {"backgroundcolor": "#E5ECF6", "gridcolor": "white", "linecolor": "white", "showbackground": true, "ticks": "", "zerolinecolor": "white", "gridwidth": 2}, "zaxis": {"backgroundcolor": "#E5ECF6", "gridcolor": "white", "linecolor": "white", "showbackground": true, "ticks": "", "zerolinecolor": "white", "gridwidth": 2}}, "shapedefaults": {"line": {"color": "#2a3f5f"}}, "annotationdefaults": {"arrowcolor": "#2a3f5f", "arrowhead": 0, "arrowwidth": 1}, "geo": {"bgcolor": "white", "landcolor": "#E5ECF6", "subunitcolor": "white", "showland": true, "showlakes": true, "lakecolor": "white"}, "title": {"x": 0.05}, "mapbox": {"style": "light"}}}}}