{"data": [{"z": [[27.187837600708008, -0.18351931869983673, 3.8191146850585938, 0.8951480984687805, -5.718677043914795, -6.917435646057129, 5.85202169418335, 1.4256502389907837, 4.554539203643799, -6.655011177062988, -1.354748249053955, 1.564630389213562, 0.21388867497444153, -4.582127571105957, -5.061159610748291, -0.6012358665466309, -6.553789138793945, 3.329714775085449, -0.45157575607299805, -8.126384735107422, 4.46175479888916], [-0.18351931869983673, 24.152008056640625, 0.7011345624923706, -3.0422017574310303, 5.9719014167785645, -5.880710124969482, -3.4553070068359375, -3.6816372871398926, -0.3008040487766266, -0.35159942507743835, -3.6818463802337646, 9.123725891113281, 3.860825777053833, -2.83504056930542, 6.709131240844727, -5.884443283081055, -2.675611972808838, 5.336273193359375, 2.221622943878174, -0.10675477981567383, 1.9671046733856201], [3.8191146850585938, 0.7011345624923706, 16.15275764465332, -1.9698587656021118, 3.5206713676452637, -0.428573340177536, 8.941155433654785, -3.318239450454712, -0.0210274625569582, -3.0648531913757324, 2.4933104515075684, 0.8374391794204712, 1.4273884296417236, -4.014898300170898, -2.926097869873047, 4.768125534057617, 1.0603467226028442, -1.9572407007217407, -6.451271057128906, 4.348701477050781, 1.7370259761810303], [0.8951480984687805, -3.0422017574310303, -1.9698587656021118, 23.794391632080078, -3.3451802730560303, 4.896243095397949, 3.8870201110839844, -0.8421380519866943, 1.4473484754562378, 0.5558453798294067, 0.2981413006782532, 4.520430088043213, 3.3841025829315186, -0.4472021162509918, 0.8157713413238525, -0.23392707109451294, -5.144164562225342, -3.2460100650787354, 3.1517257690429688, -1.382167100906372, 0.8332186341285706], [-5.718677043914795, 5.9719014167785645, 3.5206713676452637, -3.3451802730560303, 22.281715393066406, -4.197881698608398, 0.290384978055954, -4.4885430335998535, 2.588298797607422, -5.030399322509766, -0.7515434622764587, 0.7148734331130981, 0.9026110172271729, -1.9528162479400635, 2.1355323791503906, -0.4535444676876068, 1.449617862701416, 0.812345027923584, -9.749227523803711, 5.739950180053711, 3.25700044631958], [-6.917435646057129, -5.880710124969482, -0.428573340177536, 4.896243095397949, -4.197881698608398, 33.084049224853516, 1.5472913980484009, 1.8778557777404785, -1.3749945163726807, 2.6380796432495117, -0.7979381680488586, -9.893284797668457, -0.5949169993400574, 0.49887779355049133, 2.300870656967163, 3.4920358657836914, -0.3864505887031555, -7.322766304016113, 9.212634086608887, 4.134159088134766, -6.582210540771484], [5.85202169418335, -3.4553070068359375, 8.941155433654785, 3.8870201110839844, 0.290384978055954, 1.5472913980484009, 20.33347511291504, -1.4487396478652954, -0.3023698329925537, 1.8133327960968018, 1.5708104372024536, -1.7828969955444336, 2.360321521759033, 1.9584450721740723, -2.533730983734131, 3.6604223251342773, -3.795314311981201, -0.4826211929321289, -3.983384847640991, -6.041799545288086, -2.3657495975494385], [1.4256502389907837, -3.6816372871398926, -3.318239450454712, -0.8421380519866943, -4.4885430335998535, 1.8778557777404785, -1.4487396478652954, 14.491730690002441, -1.2652606964111328, -2.7509098052978516, 1.804910659790039, -1.6559154987335205, -4.593362331390381, 1.8092701435089111, -1.610302209854126, -3.8576622009277344, 3.731461763381958, -2.7010140419006348, -2.1073365211486816, 0.7627376317977905, -0.8157182931900024], [4.554539203643799, -0.3008040487766266, -0.0210274625569582, 1.4473484754562378, 2.588298797607422, -1.3749945163726807, -0.3023698329925537, -1.2652606964111328, 18.445030212402344, -3.7022697925567627, 1.4945811033248901, -3.580479383468628, 6.8950982093811035, -3.693711280822754, 0.2500724196434021, -0.04560913145542145, -4.406909465789795, 2.5537097454071045, -2.477862596511841, 0.11303183436393738, 1.5422821044921875], [-6.655011177062988, -0.35159942507743835, -3.0648531913757324, 0.5558453798294067, -5.030399322509766, 2.6380796432495117, 1.8133327960968018, -2.7509098052978516, -3.7022697925567627, 27.875146865844727, 4.072950839996338, -1.0826590061187744, -4.228091716766357, 4.186723709106445, 1.3371343612670898, 3.385526418685913, 5.518150806427002, 0.3346574306488037, 4.525372505187988, -3.3933663368225098, -3.0816495418548584], [-1.354748249053955, -3.6818463802337646, 2.4933104515075684, 0.2981413006782532, -0.7515434622764587, -0.7979381680488586, 1.5708104372024536, 1.804910659790039, 1.4945811033248901, 4.072950839996338, 21.434463500976562, -0.3282559812068939, 3.528602123260498, 0.9052095413208008, -5.520666122436523, 1.6768189668655396, 1.0454952716827393, -9.388448715209961, -2.020934820175171, -1.333225965499878, 0.9304623603820801], [1.564630389213562, 9.123725891113281, 0.8374391794204712, 4.520430088043213, 0.7148734331130981, -9.893284797668457, -1.7828969955444336, -1.6559154987335205, -3.580479383468628, -1.0826590061187744, -0.3282559812068939, 24.125831604003906, 1.7394458055496216, 4.119566917419434, 1.075819969177246, -4.277741432189941, 2.7755472660064697, -3.332271099090576, 0.28464221954345703, 2.874629259109497, 4.430878639221191], [0.21388867497444153, 3.860825777053833, 1.4273884296417236, 3.3841025829315186, 0.9026110172271729, -0.5949169993400574, 2.360321521759033, -4.593362331390381, 6.8950982093811035, -4.228091716766357, 3.528602123260498, 1.7394458055496216, 20.884552001953125, 2.2432568073272705, 1.2015460729599, 1.1225703954696655, -9.075638771057129, 5.569828987121582, 1.3881406784057617, -5.083982467651367, -0.5513578057289124], [-4.582127571105957, -2.83504056930542, -4.014898300170898, -0.4472021162509918, -1.9528162479400635, 0.49887779355049133, 1.9584450721740723, 1.8092701435089111, -3.693711280822754, 4.186723709106445, 0.9052095413208008, 4.119566917419434, 2.2432568073272705, 17.605640411376953, 2.536221981048584, -2.891031503677368, -1.40899658203125, -2.6619081497192383, 2.250450611114502, -2.9474399089813232, -2.8562381267547607], [-5.061159610748291, 6.709131240844727, -2.926097869873047, 0.8157713413238525, 2.1355323791503906, 2.300870656967163, -2.533730983734131, -1.610302209854126, 0.2500724196434021, 1.3371343612670898, -5.520666122436523, 1.075819969177246, 1.2015460729599, 2.536221981048584, 10.82916259765625, 0.47982341051101685, -3.362074851989746, 4.783151149749756, 6.642788887023926, 0.9008228778839111, -4.962747573852539], [-0.6012358665466309, -5.884443283081055, 4.768125534057617, -0.23392707109451294, -0.4535444676876068, 3.4920358657836914, 3.6604223251342773, -3.8576622009277344, -0.04560913145542145, 3.385526418685913, 1.6768189668655396, -4.277741432189941, 1.1225703954696655, -2.891031503677368, 0.47982341051101685, 15.869904518127441, 6.139937400817871, 2.2211761474609375, 2.444775104522705, 1.014514446258545, -3.8310251235961914], [-6.553789138793945, -2.675611734390259, 1.0603464841842651, -5.144164085388184, 1.4496185779571533, -0.38645049929618835, -3.7953147888183594, 3.731461763381958, -4.4069085121154785, 5.51815128326416, 1.045495629310608, 2.775547742843628, -9.075637817382812, -1.40899658203125, -3.3620753288269043, 6.139937400817871, 23.19192123413086, -4.926780700683594, -6.340485095977783, 8.829479217529297, 1.5356676578521729], [3.329714059829712, 5.336273670196533, -1.9572409391403198, -3.2460105419158936, 0.812345027923584, -7.322764873504639, -0.48262128233909607, -2.701014280319214, 2.5537095069885254, 0.3346577286720276, -9.388447761535645, -3.3322715759277344, 5.569828987121582, -2.661907911300659, 4.783152103424072, 2.2211759090423584, -4.926780700683594, 28.476463317871094, 2.064384698867798, -4.217626571655273, -7.852143287658691], [-0.4515758752822876, 2.2216224670410156, -6.451270580291748, 3.1517257690429688, -9.749226570129395, 9.212634086608887, -3.983384847640991, -2.1073365211486816, -2.47786283493042, 4.525372505187988, -2.02093505859375, 0.2846417725086212, 1.3881407976150513, 2.250450372695923, 6.642788410186768, 2.4447755813598633, -6.340485095977783, 2.064384698867798, 30.765140533447266, 2.238086700439453, -2.817013740539551], [-8.126384735107422, -0.10675507038831711, 4.348701477050781, -1.382167100906372, 5.7399516105651855, 4.134158611297607, -6.041799068450928, 0.762737512588501, 0.11303196102380753, -3.393366575241089, -1.3332270383834839, 2.874629497528076, -5.083981990814209, -2.947439670562744, 0.9008228778839111, 1.0145142078399658, 8.829479217529297, -4.217626571655273, 2.238086700439453, 19.44778823852539, 2.3496999740600586], [4.46175479888916, 1.9671047925949097, 1.7370262145996094, 0.8332189321517944, 3.257000207901001, -6.582210540771484, -2.3657493591308594, -0.8157181739807129, 1.542282223701477, -3.0816493034362793, 0.9304622411727905, 4.430878162384033, -0.5513580441474915, -2.8562378883361816, -4.962747573852539, -3.8310253620147705, 1.5356676578521729, -7.852143287658691, -2.81701397895813, 2.3496994972229004, 13.339052200317383]], "type": "heatmap"}], "layout": {"template": {"data": {"histogram2dcontour": [{"type": "histogram2dcontour", "colorbar": {"outlinewidth": 0, "ticks": ""}, "colorscale": [[0.0, "#0d0887"], [0.1111111111111111, "#46039f"], [0.2222222222222222, "#7201a8"], [0.3333333333333333, "#9c179e"], [0.4444444444444444, "#bd3786"], [0.5555555555555556, "#d8576b"], [0.6666666666666666, "#ed7953"], [0.7777777777777778, "#fb9f3a"], [0.8888888888888888, "#fdca26"], [1.0, "#f0f921"]]}], "choropleth": [{"type": "choropleth", "colorbar": {"outlinewidth": 0, "ticks": ""}}], "histogram2d": [{"type": "histogram2d", "colorbar": {"outlinewidth": 0, "ticks": ""}, "colorscale": [[0.0, "#0d0887"], [0.1111111111111111, "#46039f"], [0.2222222222222222, "#7201a8"], [0.3333333333333333, "#9c179e"], [0.4444444444444444, "#bd3786"], [0.5555555555555556, "#d8576b"], [0.6666666666666666, "#ed7953"], [0.7777777777777778, "#fb9f3a"], [0.8888888888888888, "#fdca26"], [1.0, "#f0f921"]]}], "heatmap": [{"type": "heatmap", "colorbar": {"outlinewidth": 0, "ticks": ""}, "colorscale": [[0.0, "#0d0887"], [0.1111111111111111, "#46039f"], [0.2222222222222222, "#7201a8"], [0.3333333333333333, "#9c179e"], [0.4444444444444444, "#bd3786"], [0.5555555555555556, "#d8576b"], [0.6666666666666666, "#ed7953"], [0.7777777777777778, "#fb9f3a"], [0.8888888888888888, "#fdca26"], [1.0, "#f0f921"]]}], "heatmapgl": [{"type": "heatmapgl", "colorbar": {"outlinewidth": 0, "ticks": ""}, "colorscale": [[0.0, "#0d0887"], [0.1111111111111111, "#46039f"], [0.2222222222222222, "#7201a8"], [0.3333333333333333, "#9c179e"], [0.4444444444444444, "#bd3786"], [0.5555555555555556, "#d8576b"], [0.6666666666666666, "#ed7953"], [0.7777777777777778, "#fb9f3a"], [0.8888888888888888, "#fdca26"], [1.0, "#f0f921"]]}], "contourcarpet": [{"type": "contourcarpet", "colorbar": {"outlinewidth": 0, "ticks": ""}}], "contour": [{"type": "contour", "colorbar": {"outlinewidth": 0, "ticks": ""}, "colorscale": [[0.0, "#0d0887"], [0.1111111111111111, "#46039f"], [0.2222222222222222, "#7201a8"], [0.3333333333333333, "#9c179e"], [0.4444444444444444, "#bd3786"], [0.5555555555555556, "#d8576b"], [0.6666666666666666, "#ed7953"], [0.7777777777777778, "#fb9f3a"], [0.8888888888888888, "#fdca26"], [1.0, "#f0f921"]]}], "surface": [{"type": "surface", "colorbar": {"outlinewidth": 0, "ticks": ""}, "colorscale": [[0.0, "#0d0887"], [0.1111111111111111, "#46039f"], [0.2222222222222222, "#7201a8"], [0.3333333333333333, "#9c179e"], [0.4444444444444444, "#bd3786"], [0.5555555555555556, "#d8576b"], [0.6666666666666666, "#ed7953"], [0.7777777777777778, "#fb9f3a"], [0.8888888888888888, "#fdca26"], [1.0, "#f0f921"]]}], "mesh3d": [{"type": "mesh3d", "colorbar": {"outlinewidth": 0, "ticks": ""}}], "scatter": [{"fillpattern": {"fillmode": "overlay", "size": 10, "solidity": 0.2}, "type": "scatter"}], "parcoords": [{"type": "parcoords", "line": {"colorbar": {"outlinewidth": 0, "ticks": ""}}}], "scatterpolargl": [{"type": "scatterpolargl", "marker": {"colorbar": {"outlinewidth": 0, "ticks": ""}}}], "bar": [{"error_x": {"color": "#2a3f5f"}, "error_y": {"color": "#2a3f5f"}, "marker": {"line": {"color": "#E5ECF6", "width": 0.5}, "pattern": {"fillmode": "overlay", "size": 10, "solidity": 0.2}}, "type": "bar"}], "scattergeo": [{"type": "scattergeo", "marker": {"colorbar": {"outlinewidth": 0, "ticks": ""}}}], "scatterpolar": [{"type": "scatterpolar", "marker": {"colorbar": {"outlinewidth": 0, "ticks": ""}}}], "histogram": [{"marker": {"pattern": {"fillmode": "overlay", "size": 10, "solidity": 0.2}}, "type": "histogram"}], "scattergl": [{"type": "scattergl", "marker": {"colorbar": {"outlinewidth": 0, "ticks": ""}}}], "scatter3d": [{"type": "scatter3d", "line": {"colorbar": {"outlinewidth": 0, "ticks": ""}}, "marker": {"colorbar": {"outlinewidth": 0, "ticks": ""}}}], "scattermapbox": [{"type": "scattermapbox", "marker": {"colorbar": {"outlinewidth": 0, "ticks": ""}}}], "scatterternary": [{"type": "scatterternary", "marker": {"colorbar": {"outlinewidth": 0, "ticks": ""}}}], "scattercarpet": [{"type": "scattercarpet", "marker": {"colorbar": {"outlinewidth": 0, "ticks": ""}}}], "carpet": [{"aaxis": {"endlinecolor": "#2a3f5f", "gridcolor": "white", "linecolor": "white", "minorgridcolor": "white", "startlinecolor": "#2a3f5f"}, "baxis": {"endlinecolor": "#2a3f5f", "gridcolor": "white", "linecolor": "white", "minorgridcolor": "white", "startlinecolor": "#2a3f5f"}, "type": "carpet"}], "table": [{"cells": {"fill": {"color": "#EBF0F8"}, "line": {"color": "white"}}, "header": {"fill": {"color": "#C8D4E3"}, "line": {"color": "white"}}, "type": "table"}], "barpolar": [{"marker": {"line": {"color": "#E5ECF6", "width": 0.5}, "pattern": {"fillmode": "overlay", "size": 10, "solidity": 0.2}}, "type": "barpolar"}], "pie": [{"automargin": true, "type": "pie"}]}, "layout": {"autotypenumbers": "strict", "colorway": ["#636efa", "#EF553B", "#00cc96", "#ab63fa", "#FFA15A", "#19d3f3", "#FF6692", "#B6E880", "#FF97FF", "#FECB52"], "font": {"color": "#2a3f5f"}, "hovermode": "closest", "hoverlabel": {"align": "left"}, "paper_bgcolor": "white", "plot_bgcolor": "#E5ECF6", "polar": {"bgcolor": "#E5ECF6", "angularaxis": {"gridcolor": "white", "linecolor": "white", "ticks": ""}, "radialaxis": {"gridcolor": "white", "linecolor": "white", "ticks": ""}}, "ternary": {"bgcolor": "#E5ECF6", "aaxis": {"gridcolor": "white", "linecolor": "white", "ticks": ""}, "baxis": {"gridcolor": "white", "linecolor": "white", "ticks": ""}, "caxis": {"gridcolor": "white", "linecolor": "white", "ticks": ""}}, "coloraxis": {"colorbar": {"outlinewidth": 0, "ticks": ""}}, "colorscale": {"sequential": [[0.0, "#0d0887"], [0.1111111111111111, "#46039f"], [0.2222222222222222, "#7201a8"], [0.3333333333333333, "#9c179e"], [0.4444444444444444, "#bd3786"], [0.5555555555555556, "#d8576b"], [0.6666666666666666, "#ed7953"], [0.7777777777777778, "#fb9f3a"], [0.8888888888888888, "#fdca26"], [1.0, "#f0f921"]], "sequentialminus": [[0.0, "#0d0887"], [0.1111111111111111, "#46039f"], [0.2222222222222222, "#7201a8"], [0.3333333333333333, "#9c179e"], [0.4444444444444444, "#bd3786"], [0.5555555555555556, "#d8576b"], [0.6666666666666666, "#ed7953"], [0.7777777777777778, "#fb9f3a"], [0.8888888888888888, "#fdca26"], [1.0, "#f0f921"]], "diverging": [[0, "#8e0152"], [0.1, "#c51b7d"], [0.2, "#de77ae"], [0.3, "#f1b6da"], [0.4, "#fde0ef"], [0.5, "#f7f7f7"], [0.6, "#e6f5d0"], [0.7, "#b8e186"], [0.8, "#7fbc41"], [0.9, "#4d9221"], [1, "#276419"]]}, "xaxis": {"gridcolor": "white", "linecolor": "white", "ticks": "", "title": {"standoff": 15}, "zerolinecolor": "white", "automargin": true, "zerolinewidth": 2}, "yaxis": {"gridcolor": "white", "linecolor": "white", "ticks": "", "title": {"standoff": 15}, "zerolinecolor": "white", "automargin": true, "zerolinewidth": 2}, "scene": {"xaxis": {"backgroundcolor": "#E5ECF6", "gridcolor": "white", "linecolor": "white", "showbackground": true, "ticks": "", "zerolinecolor": "white", "gridwidth": 2}, "yaxis": {"backgroundcolor": "#E5ECF6", "gridcolor": "white", "linecolor": "white", "showbackground": true, "ticks": "", "zerolinecolor": "white", "gridwidth": 2}, "zaxis": {"backgroundcolor": "#E5ECF6", "gridcolor": "white", "linecolor": "white", "showbackground": true, "ticks": "", "zerolinecolor": "white", "gridwidth": 2}}, "shapedefaults": {"line": {"color": "#2a3f5f"}}, "annotationdefaults": {"arrowcolor": "#2a3f5f", "arrowhead": 0, "arrowwidth": 1}, "geo": {"bgcolor": "white", "landcolor": "#E5ECF6", "subunitcolor": "white", "showland": true, "showlakes": true, "lakecolor": "white"}, "title": {"x": 0.05}, "mapbox": {"style": "light"}}}}}