{"data": [{"z": [[28.40591049194336, -0.38842177391052246, 3.9292235374450684, 0.8228058815002441, -6.025038242340088, -7.324506759643555, 5.90670108795166, 1.372853398323059, 4.769979000091553, -7.345629692077637, -1.6378440856933594, 1.4116168022155762, 0.1730867475271225, -4.893773078918457, -5.3641180992126465, -0.7929359674453735, -7.10929536819458, 3.6625871658325195, -0.5641078948974609, -8.87477970123291, 4.621508598327637], [-0.38842177391052246, 25.67342185974121, 0.5603271126747131, -3.6691012382507324, 6.523257732391357, -6.747277736663818, -3.852480888366699, -4.281717300415039, -0.18239420652389526, -0.7258071899414062, -3.994894504547119, 9.828953742980957, 4.542171478271484, -2.828519821166992, 7.281172275543213, -6.450283527374268, -3.19706130027771, 5.957042694091797, 2.3412632942199707, -0.162583589553833, 2.0119829177856445], [3.9292235374450684, 0.5603271126747131, 16.873767852783203, -2.1464545726776123, 3.388918161392212, -0.6255680322647095, 9.289449691772461, -3.6486001014709473, -0.04416625574231148, -3.425769567489624, 2.4589405059814453, 0.6467087864875793, 1.5926495790481567, -4.3607869148254395, -3.30401873588562, 4.819800853729248, 0.749605119228363, -2.1477010250091553, -6.801456451416016, 4.297204971313477, 1.8763166666030884], [0.8228058815002441, -3.6691012382507324, -2.1464545726776123, 24.855968475341797, -3.9263198375701904, 5.21425199508667, 4.339683532714844, -1.0410650968551636, 1.3708797693252563, 0.7530802488327026, 0.41618746519088745, 4.275524616241455, 3.2716801166534424, -0.7554305195808411, 0.654822051525116, -0.07188720256090164, -5.546925067901611, -3.772843360900879, 3.535274028778076, -1.6042393445968628, 0.7952771186828613], [-6.025038242340088, 6.523257732391357, 3.388918161392212, -3.9263198375701904, 22.980417251586914, -4.900515079498291, -0.14977410435676575, -4.769506931304932, 2.5785109996795654, -5.3294267654418945, -0.8300283551216125, 0.9854382276535034, 0.949678361415863, -2.1202008724212646, 2.0937750339508057, -0.9243928790092468, 1.5085376501083374, 0.7966408729553223, -10.25383472442627, 5.9853057861328125, 3.4830360412597656], [-7.324506759643555, -6.747277736663818, -0.6255680322647095, 5.21425199508667, -4.900515079498291, 34.458187103271484, 2.1773300170898438, 1.9240375757217407, -1.4593923091888428, 2.830585241317749, -0.8004944920539856, -10.817054748535156, -1.050087809562683, 0.41524210572242737, 2.0574381351470947, 3.823734998703003, -0.5759973526000977, -8.034761428833008, 9.528164863586426, 4.052703857421875, -6.678881645202637], [5.90670108795166, -3.852480888366699, 9.289449691772461, 4.339683532714844, -0.14977410435676575, 2.1773300170898438, 21.27521324157715, -1.6793513298034668, -0.06656602770090103, 1.831199288368225, 1.7658766508102417, -2.1058850288391113, 2.580631971359253, 1.8653451204299927, -2.7375242710113525, 4.091744899749756, -4.03818416595459, -0.5070991516113281, -3.7678489685058594, -6.232723236083984, -2.548996925354004], [1.372853398323059, -4.281717300415039, -3.6486001014709473, -1.0410650968551636, -4.769506931304932, 1.9240375757217407, -1.6793513298034668, 14.968588829040527, -1.5574983358383179, -2.967156171798706, 1.9735753536224365, -2.112643241882324, -5.071527004241943, 2.036022901535034, -1.8897838592529297, -4.413846492767334, 3.8754501342773438, -3.1171369552612305, -2.479621171951294, 0.41118109226226807, -0.716852605342865], [4.769979000091553, -0.18239420652389526, -0.04416625574231148, 1.3708797693252563, 2.5785109996795654, -1.4593923091888428, -0.06656602770090103, -1.5574983358383179, 19.328990936279297, -3.8736534118652344, 1.4401576519012451, -3.7517261505126953, 7.215022563934326, -4.064910888671875, 0.15903204679489136, -0.11050636321306229, -4.6991353034973145, 2.6419496536254883, -2.5002522468566895, -0.06601175665855408, 1.600048303604126], [-7.345629692077637, -0.7258071899414062, -3.425769567489624, 0.7530802488327026, -5.3294267654418945, 2.830585241317749, 1.831199288368225, -2.967156171798706, -3.8736534118652344, 28.960834503173828, 4.142794132232666, -1.2266100645065308, -4.729795932769775, 4.107560157775879, 1.0467593669891357, 3.6579666137695312, 5.886006832122803, 0.12692666053771973, 4.730894088745117, -3.6027016639709473, -3.134552478790283], [-1.6378440856933594, -3.994894504547119, 2.4589405059814453, 0.41618746519088745, -0.8300283551216125, -0.8004944920539856, 1.7658766508102417, 1.9735753536224365, 1.4401576519012451, 4.142794132232666, 22.449535369873047, -0.667963445186615, 3.4783577919006348, 0.8007783889770508, -5.9145283699035645, 1.679176926612854, 1.1240465641021729, -9.998709678649902, -2.3808677196502686, -1.5361661911010742, 0.9584473371505737], [1.4116168022155762, 9.828953742980957, 0.6467087864875793, 4.275524616241455, 0.9854382276535034, -10.817054748535156, -2.1058850288391113, -2.112643241882324, -3.7517261505126953, -1.2266100645065308, -0.667963445186615, 25.2421875, 2.071678400039673, 4.229338645935059, 1.119484782218933, -4.735444068908691, 2.7181339263916016, -3.22078800201416, 0.31679677963256836, 3.208087921142578, 4.570730209350586], [0.1730867475271225, 4.542171478271484, 1.5926495790481567, 3.2716801166534424, 0.949678361415863, -1.050087809562683, 2.580631971359253, -5.071527004241943, 7.215022563934326, -4.729795932769775, 3.4783577919006348, 2.071678400039673, 21.855619430541992, 2.2094593048095703, 1.3333563804626465, 0.9105026721954346, -9.78327465057373, 5.911430835723877, 1.5279732942581177, -5.343029022216797, -0.48601239919662476], [-4.893773078918457, -2.828519821166992, -4.3607869148254395, -0.7554305195808411, -2.1202008724212646, 0.41524210572242737, 1.8653451204299927, 2.036022901535034, -4.064910888671875, 4.107560157775879, 0.8007783889770508, 4.229338645935059, 2.2094593048095703, 18.278099060058594, 2.541233777999878, -3.3687682151794434, -1.576524257659912, -2.932950735092163, 2.241584300994873, -3.1485395431518555, -2.8102705478668213], [-5.3641180992126465, 7.281172275543213, -3.30401873588562, 0.654822051525116, 2.0937750339508057, 2.0574381351470947, -2.7375242710113525, -1.8897838592529297, 0.15903204679489136, 1.0467593669891357, -5.9145283699035645, 1.119484782218933, 1.3333563804626465, 2.541233777999878, 11.245311737060547, 0.14074383676052094, -3.9469165802001953, 4.987293243408203, 6.9403862953186035, 0.62898850440979, -4.937161922454834], [-0.7929359674453735, -6.450283527374268, 4.819800853729248, -0.07188720256090164, -0.9243928790092468, 3.823734998703003, 4.091744899749756, -4.413846492767334, -0.11050636321306229, 3.6579666137695312, 1.679176926612854, -4.735444068908691, 0.9105026721954346, -3.3687682151794434, 0.14074383676052094, 16.608030319213867, 6.197321891784668, 2.138972282409668, 2.5395829677581787, 0.917388916015625, -3.9445199966430664], [-7.109294891357422, -3.19706130027771, 0.7496049404144287, -5.5469255447387695, 1.5085371732711792, -0.5759972333908081, -4.038184642791748, 3.8754498958587646, -4.699135780334473, 5.886006832122803, 1.124046802520752, 2.7181339263916016, -9.78327465057373, -1.576524257659912, -3.9469168186187744, 6.197322368621826, 24.214275360107422, -5.4982500076293945, -7.008484840393066, 9.321922302246094, 1.6468597650527954], [3.6625869274139404, 5.957042694091797, -2.1477012634277344, -3.772844076156616, 0.7966399788856506, -8.034759521484375, -0.5070992112159729, -3.117136240005493, 2.6419503688812256, 0.12692688405513763, -9.99870777130127, -3.220787763595581, 5.911430835723877, -2.932950973510742, 4.987292289733887, 2.138972759246826, -5.4982500076293945, 29.78409194946289, 2.1711480617523193, -4.634931564331055, -7.900158882141113], [-0.5641084313392639, 2.3412632942199707, -6.801457405090332, 3.5352742671966553, -10.253833770751953, 9.528164863586426, -3.7678496837615967, -2.4796206951141357, -2.5002520084381104, 4.730893611907959, -2.3808674812316895, 0.3167971074581146, 1.5279734134674072, 2.2415847778320312, 6.94038724899292, 2.5395822525024414, -7.008484840393066, 2.1711480617523193, 32.014427185058594, 2.1084539890289307, -2.90427303314209], [-8.87477970123291, -0.1625841110944748, 4.297205924987793, -1.6042394638061523, 5.985305309295654, 4.052703857421875, -6.232723712921143, 0.4111810028553009, -0.06601154804229736, -3.6027023792266846, -1.5361660718917847, 3.2080881595611572, -5.343029022216797, -3.1485397815704346, 0.6289884448051453, 0.9173890948295593, 9.321922302246094, -4.634931564331055, 2.1084539890289307, 20.438879013061523, 2.425109386444092], [4.621508598327637, 2.0119824409484863, 1.8763165473937988, 0.7952771186828613, 3.4830355644226074, -6.678881645202637, -2.548997163772583, -0.7168526649475098, 1.600048542022705, -3.134552478790283, 0.9584470987319946, 4.570730686187744, -0.48601239919662476, -2.810270309448242, -4.937161922454834, -3.9445202350616455, 1.646860122680664, -7.90015983581543, -2.904273509979248, 2.4251091480255127, 13.339052200317383]], "type": "heatmap"}], "layout": {"template": {"data": {"histogram2dcontour": [{"type": "histogram2dcontour", "colorbar": {"outlinewidth": 0, "ticks": ""}, "colorscale": [[0.0, "#0d0887"], [0.1111111111111111, "#46039f"], [0.2222222222222222, "#7201a8"], [0.3333333333333333, "#9c179e"], [0.4444444444444444, "#bd3786"], [0.5555555555555556, "#d8576b"], [0.6666666666666666, "#ed7953"], [0.7777777777777778, "#fb9f3a"], [0.8888888888888888, "#fdca26"], [1.0, "#f0f921"]]}], "choropleth": [{"type": "choropleth", "colorbar": {"outlinewidth": 0, "ticks": ""}}], "histogram2d": [{"type": "histogram2d", "colorbar": {"outlinewidth": 0, "ticks": ""}, "colorscale": [[0.0, "#0d0887"], [0.1111111111111111, "#46039f"], [0.2222222222222222, "#7201a8"], [0.3333333333333333, "#9c179e"], [0.4444444444444444, "#bd3786"], [0.5555555555555556, "#d8576b"], [0.6666666666666666, "#ed7953"], [0.7777777777777778, "#fb9f3a"], [0.8888888888888888, "#fdca26"], [1.0, "#f0f921"]]}], "heatmap": [{"type": "heatmap", "colorbar": {"outlinewidth": 0, "ticks": ""}, "colorscale": [[0.0, "#0d0887"], [0.1111111111111111, "#46039f"], [0.2222222222222222, "#7201a8"], [0.3333333333333333, "#9c179e"], [0.4444444444444444, "#bd3786"], [0.5555555555555556, "#d8576b"], [0.6666666666666666, "#ed7953"], [0.7777777777777778, "#fb9f3a"], [0.8888888888888888, "#fdca26"], [1.0, "#f0f921"]]}], "heatmapgl": [{"type": "heatmapgl", "colorbar": {"outlinewidth": 0, "ticks": ""}, "colorscale": [[0.0, "#0d0887"], [0.1111111111111111, "#46039f"], [0.2222222222222222, "#7201a8"], [0.3333333333333333, "#9c179e"], [0.4444444444444444, "#bd3786"], [0.5555555555555556, "#d8576b"], [0.6666666666666666, "#ed7953"], [0.7777777777777778, "#fb9f3a"], [0.8888888888888888, "#fdca26"], [1.0, "#f0f921"]]}], "contourcarpet": [{"type": "contourcarpet", "colorbar": {"outlinewidth": 0, "ticks": ""}}], "contour": [{"type": "contour", "colorbar": {"outlinewidth": 0, "ticks": ""}, "colorscale": [[0.0, "#0d0887"], [0.1111111111111111, "#46039f"], [0.2222222222222222, "#7201a8"], [0.3333333333333333, "#9c179e"], [0.4444444444444444, "#bd3786"], [0.5555555555555556, "#d8576b"], [0.6666666666666666, "#ed7953"], [0.7777777777777778, "#fb9f3a"], [0.8888888888888888, "#fdca26"], [1.0, "#f0f921"]]}], "surface": [{"type": "surface", "colorbar": {"outlinewidth": 0, "ticks": ""}, "colorscale": [[0.0, "#0d0887"], [0.1111111111111111, "#46039f"], [0.2222222222222222, "#7201a8"], [0.3333333333333333, "#9c179e"], [0.4444444444444444, "#bd3786"], [0.5555555555555556, "#d8576b"], [0.6666666666666666, "#ed7953"], [0.7777777777777778, "#fb9f3a"], [0.8888888888888888, "#fdca26"], [1.0, "#f0f921"]]}], "mesh3d": [{"type": "mesh3d", "colorbar": {"outlinewidth": 0, "ticks": ""}}], "scatter": [{"fillpattern": {"fillmode": "overlay", "size": 10, "solidity": 0.2}, "type": "scatter"}], "parcoords": [{"type": "parcoords", "line": {"colorbar": {"outlinewidth": 0, "ticks": ""}}}], "scatterpolargl": [{"type": "scatterpolargl", "marker": {"colorbar": {"outlinewidth": 0, "ticks": ""}}}], "bar": [{"error_x": {"color": "#2a3f5f"}, "error_y": {"color": "#2a3f5f"}, "marker": {"line": {"color": "#E5ECF6", "width": 0.5}, "pattern": {"fillmode": "overlay", "size": 10, "solidity": 0.2}}, "type": "bar"}], "scattergeo": [{"type": "scattergeo", "marker": {"colorbar": {"outlinewidth": 0, "ticks": ""}}}], "scatterpolar": [{"type": "scatterpolar", "marker": {"colorbar": {"outlinewidth": 0, "ticks": ""}}}], "histogram": [{"marker": {"pattern": {"fillmode": "overlay", "size": 10, "solidity": 0.2}}, "type": "histogram"}], "scattergl": [{"type": "scattergl", "marker": {"colorbar": {"outlinewidth": 0, "ticks": ""}}}], "scatter3d": [{"type": "scatter3d", "line": {"colorbar": {"outlinewidth": 0, "ticks": ""}}, "marker": {"colorbar": {"outlinewidth": 0, "ticks": ""}}}], "scattermapbox": [{"type": "scattermapbox", "marker": {"colorbar": {"outlinewidth": 0, "ticks": ""}}}], "scatterternary": [{"type": "scatterternary", "marker": {"colorbar": {"outlinewidth": 0, "ticks": ""}}}], "scattercarpet": [{"type": "scattercarpet", "marker": {"colorbar": {"outlinewidth": 0, "ticks": ""}}}], "carpet": [{"aaxis": {"endlinecolor": "#2a3f5f", "gridcolor": "white", "linecolor": "white", "minorgridcolor": "white", "startlinecolor": "#2a3f5f"}, "baxis": {"endlinecolor": "#2a3f5f", "gridcolor": "white", "linecolor": "white", "minorgridcolor": "white", "startlinecolor": "#2a3f5f"}, "type": "carpet"}], "table": [{"cells": {"fill": {"color": "#EBF0F8"}, "line": {"color": "white"}}, "header": {"fill": {"color": "#C8D4E3"}, "line": {"color": "white"}}, "type": "table"}], "barpolar": [{"marker": {"line": {"color": "#E5ECF6", "width": 0.5}, "pattern": {"fillmode": "overlay", "size": 10, "solidity": 0.2}}, "type": "barpolar"}], "pie": [{"automargin": true, "type": "pie"}]}, "layout": {"autotypenumbers": "strict", "colorway": ["#636efa", "#EF553B", "#00cc96", "#ab63fa", "#FFA15A", "#19d3f3", "#FF6692", "#B6E880", "#FF97FF", "#FECB52"], "font": {"color": "#2a3f5f"}, "hovermode": "closest", "hoverlabel": {"align": "left"}, "paper_bgcolor": "white", "plot_bgcolor": "#E5ECF6", "polar": {"bgcolor": "#E5ECF6", "angularaxis": {"gridcolor": "white", "linecolor": "white", "ticks": ""}, "radialaxis": {"gridcolor": "white", "linecolor": "white", "ticks": ""}}, "ternary": {"bgcolor": "#E5ECF6", "aaxis": {"gridcolor": "white", "linecolor": "white", "ticks": ""}, "baxis": {"gridcolor": "white", "linecolor": "white", "ticks": ""}, "caxis": {"gridcolor": "white", "linecolor": "white", "ticks": ""}}, "coloraxis": {"colorbar": {"outlinewidth": 0, "ticks": ""}}, "colorscale": {"sequential": [[0.0, "#0d0887"], [0.1111111111111111, "#46039f"], [0.2222222222222222, "#7201a8"], [0.3333333333333333, "#9c179e"], [0.4444444444444444, "#bd3786"], [0.5555555555555556, "#d8576b"], [0.6666666666666666, "#ed7953"], [0.7777777777777778, "#fb9f3a"], [0.8888888888888888, "#fdca26"], [1.0, "#f0f921"]], "sequentialminus": [[0.0, "#0d0887"], [0.1111111111111111, "#46039f"], [0.2222222222222222, "#7201a8"], [0.3333333333333333, "#9c179e"], [0.4444444444444444, "#bd3786"], [0.5555555555555556, "#d8576b"], [0.6666666666666666, "#ed7953"], [0.7777777777777778, "#fb9f3a"], [0.8888888888888888, "#fdca26"], [1.0, "#f0f921"]], "diverging": [[0, "#8e0152"], [0.1, "#c51b7d"], [0.2, "#de77ae"], [0.3, "#f1b6da"], [0.4, "#fde0ef"], [0.5, "#f7f7f7"], [0.6, "#e6f5d0"], [0.7, "#b8e186"], [0.8, "#7fbc41"], [0.9, "#4d9221"], [1, "#276419"]]}, "xaxis": {"gridcolor": "white", "linecolor": "white", "ticks": "", "title": {"standoff": 15}, "zerolinecolor": "white", "automargin": true, "zerolinewidth": 2}, "yaxis": {"gridcolor": "white", "linecolor": "white", "ticks": "", "title": {"standoff": 15}, "zerolinecolor": "white", "automargin": true, "zerolinewidth": 2}, "scene": {"xaxis": {"backgroundcolor": "#E5ECF6", "gridcolor": "white", "linecolor": "white", "showbackground": true, "ticks": "", "zerolinecolor": "white", "gridwidth": 2}, "yaxis": {"backgroundcolor": "#E5ECF6", "gridcolor": "white", "linecolor": "white", "showbackground": true, "ticks": "", "zerolinecolor": "white", "gridwidth": 2}, "zaxis": {"backgroundcolor": "#E5ECF6", "gridcolor": "white", "linecolor": "white", "showbackground": true, "ticks": "", "zerolinecolor": "white", "gridwidth": 2}}, "shapedefaults": {"line": {"color": "#2a3f5f"}}, "annotationdefaults": {"arrowcolor": "#2a3f5f", "arrowhead": 0, "arrowwidth": 1}, "geo": {"bgcolor": "white", "landcolor": "#E5ECF6", "subunitcolor": "white", "showland": true, "showlakes": true, "lakecolor": "white"}, "title": {"x": 0.05}, "mapbox": {"style": "light"}}}}}