{"data": [{"z": [[27.183032989501953, -0.21868720650672913, 3.786181926727295, 0.8611791133880615, -5.752635955810547, -6.962121486663818, 5.828566074371338, 1.3929951190948486, 4.539875507354736, -6.683524131774902, -1.3782879114151, 1.5414927005767822, 0.16821090877056122, -4.608005523681641, -5.10038948059082, -0.6521355509757996, -6.592615127563477, 3.3016157150268555, -0.48468732833862305, -8.181316375732422, 4.483891487121582], [-0.21868720650672913, 24.216833114624023, 0.6845910549163818, -3.093247652053833, 5.973502159118652, -5.947954177856445, -3.4874179363250732, -3.7359015941619873, -0.3241133987903595, -0.37497493624687195, -3.7165637016296387, 9.152453422546387, 3.8691036701202393, -2.8557956218719482, 6.709623336791992, -5.934037685394287, -2.7102203369140625, 5.335920333862305, 2.2161338329315186, -0.11601114273071289, 1.978083848953247], [3.786181926727295, 0.6845910549163818, 16.16474151611328, -1.9953895807266235, 3.494511842727661, -0.46351709961891174, 8.940832138061523, -3.375345230102539, -0.04661112278699875, -3.0904266834259033, 2.4545044898986816, 0.8133733868598938, 1.4095839262008667, -4.051554203033447, -2.961294412612915, 4.732741355895996, 1.0200704336166382, -1.9913917779922485, -6.484423637390137, 4.321206092834473, 1.7564079761505127], [0.8611791133880615, -3.093247652053833, -1.9953895807266235, 23.8138484954834, -3.396527051925659, 4.882522106170654, 3.890777349472046, -0.8801355957984924, 1.4200763702392578, 0.5468034148216248, 0.292226105928421, 4.495125770568848, 3.3531389236450195, -0.4873875677585602, 0.7825278043746948, -0.2679256796836853, -5.184232711791992, -3.2933526039123535, 3.146871566772461, -1.4112523794174194, 0.8408529758453369], [-5.752635955810547, 5.973502159118652, 3.494511842727661, -3.396527051925659, 22.28375244140625, -4.250438213348389, 0.26225483417510986, -4.526374340057373, 2.5619494915008545, -5.075324058532715, -0.7780838012695312, 0.6932980418205261, 0.8832095265388489, -1.9856610298156738, 2.111316680908203, -0.5183956027030945, 1.3999171257019043, 0.7765111923217773, -9.770925521850586, 5.729341506958008, 3.2815213203430176], [-6.962121486663818, -5.947954177856445, -0.46351709961891174, 4.882522106170654, -4.250438213348389, 33.134796142578125, 1.565544605255127, 1.83329439163208, -1.387921929359436, 2.6360554695129395, -0.8220143914222717, -9.963052749633789, -0.6401875615119934, 0.4724748730659485, 2.265237331390381, 3.4836628437042236, -0.4176757335662842, -7.373327732086182, 9.216331481933594, 4.115482330322266, -6.580514430999756], [5.828566074371338, -3.4874179363250732, 8.940832138061523, 3.890777349472046, 0.26225483417510986, 1.565544605255127, 20.380128860473633, -1.4643123149871826, -0.2947643995285034, 1.8184590339660645, 1.5674817562103271, -1.8033238649368286, 2.354785680770874, 1.943393349647522, -2.5530898571014404, 3.6671435832977295, -3.804572343826294, -0.4932827949523926, -3.9849491119384766, -6.056478023529053, -2.3748555183410645], [1.3929951190948486, -3.7359015941619873, -3.375345230102539, -0.8801355957984924, -4.526374340057373, 1.83329439163208, -1.4643123149871826, 14.449416160583496, -1.2985543012619019, -2.783775568008423, 1.7809447050094604, -1.7081431150436401, -4.648464679718018, 1.8020349740982056, -1.6623197793960571, -3.935682535171509, 3.677665948867798, -2.743011713027954, -2.143167495727539, 0.709892988204956, -0.7941675186157227], [4.539875507354736, -0.3241133987903595, -0.04661112278699875, 1.4200763702392578, 2.5619494915008545, -1.387921929359436, -0.2947643995285034, -1.2985543012619019, 18.478910446166992, -3.718766689300537, 1.4716683626174927, -3.6134228706359863, 6.8777947425842285, -3.7272417545318604, 0.21748477220535278, -0.07443073391914368, -4.446226119995117, 2.5280187129974365, -2.4972124099731445, 0.08185327053070068, 1.5497593879699707], [-6.683524131774902, -0.37497493624687195, -3.0904266834259033, 0.5468034148216248, -5.075324058532715, 2.6360554695129395, 1.8184590339660645, -2.783775568008423, -3.718766689300537, 27.90641975402832, 4.062550067901611, -1.1094920635223389, -4.267245769500732, 4.147573947906494, 1.2992368936538696, 3.383146047592163, 5.502196788787842, 0.3213632106781006, 4.519433975219727, -3.430415153503418, -3.0826151371002197], [-1.3782879114151, -3.7165637016296387, 2.4545044898986816, 0.292226105928421, -0.7780838012695312, -0.8220143914222717, 1.5674817562103271, 1.7809447050094604, 1.4716683626174927, 4.062550067901611, 21.465137481689453, -0.3682484030723572, 3.491655111312866, 0.8900130987167358, -5.559355735778809, 1.6424450874328613, 1.009195327758789, -9.42668342590332, -2.043862819671631, -1.3665931224822998, 0.9393130540847778], [1.5414927005767822, 9.152453422546387, 0.8133733868598938, 4.495125770568848, 0.6932980418205261, -9.963052749633789, -1.8033238649368286, -1.7081431150436401, -3.6134228706359863, -1.1094920635223389, -0.3682484030723572, 24.17702865600586, 1.742478370666504, 4.089295864105225, 1.056871771812439, -4.329157829284668, 2.7402844429016113, -3.34830379486084, 0.27527618408203125, 2.878781795501709, 4.44111442565918], [0.16821090877056122, 3.8691036701202393, 1.4095839262008667, 3.3531389236450195, 0.8832095265388489, -0.6401875615119934, 2.354785680770874, -4.648464679718018, 6.8777947425842285, -4.267245769500732, 3.491655111312866, 1.742478370666504, 20.90073585510254, 2.2178776264190674, 1.1775987148284912, 1.075819492340088, -9.134688377380371, 5.549746036529541, 1.3715806007385254, -5.106057167053223, -0.539523184299469], [-4.608005523681641, -2.8557956218719482, -4.051554203033447, -0.4873875677585602, -1.9856610298156738, 0.4724748730659485, 1.943393349647522, 1.8020349740982056, -3.7272417545318604, 4.147573947906494, 0.8900130987167358, 4.089295864105225, 2.2178776264190674, 17.612197875976562, 2.5087549686431885, -2.944869041442871, -1.4591193199157715, -2.7021100521087646, 2.229989528656006, -2.9798130989074707, -2.8438477516174316], [-5.10038948059082, 6.709623336791992, -2.961294412612915, 0.7825278043746948, 2.111316680908203, 2.265237331390381, -2.5530898571014404, -1.6623197793960571, 0.21748477220535278, 1.2992368936538696, -5.559355735778809, 1.056871771812439, 1.1775987148284912, 2.5087549686431885, 10.823277473449707, 0.4367322623729706, -3.4128479957580566, 4.760451316833496, 6.6350579261779785, 0.8760234117507935, -4.95466947555542], [-0.6521355509757996, -5.934037685394287, 4.732741355895996, -0.2679256796836853, -0.5183956027030945, 3.4836628437042236, 3.6671435832977295, -3.935682535171509, -0.07443073391914368, 3.383146047592163, 1.6424450874328613, -4.329157829284668, 1.075819492340088, -2.944869041442871, 0.4367322623729706, 15.8714017868042, 6.108470439910889, 2.194218635559082, 2.4305171966552734, 0.9726896286010742, -3.835679292678833], [-6.592613697052002, -2.7102203369140625, 1.0200704336166382, -5.184232711791992, 1.399917483329773, -0.4176757037639618, -3.804572820663452, 3.677665948867798, -4.446225643157959, 5.502196311950684, 1.0091949701309204, 2.7402842044830322, -9.134689331054688, -1.4591189622879028, -3.4128479957580566, 6.108470916748047, 23.179107666015625, -4.964853286743164, -6.390106678009033, 8.806465148925781, 1.5398883819580078], [3.301614999771118, 5.335920333862305, -1.9913913011550903, -3.2933521270751953, 0.7765107750892639, -7.373327732086182, -0.4932829737663269, -2.743011236190796, 2.5280189514160156, 0.32136300206184387, -9.426685333251953, -3.34830379486084, 5.549745082855225, -2.7021098136901855, 4.760451793670654, 2.194218635559082, -4.964853286743164, 28.4827938079834, 2.044440746307373, -4.258839130401611, -7.845066547393799], [-0.4846875071525574, 2.216134786605835, -6.484424591064453, 3.1468727588653564, -9.770926475524902, 9.216331481933594, -3.9849488735198975, -2.143167734146118, -2.4972124099731445, 4.519433975219727, -2.043862819671631, 0.27527639269828796, 1.3715804815292358, 2.229989767074585, 6.63505744934082, 2.4305174350738525, -6.390106678009033, 2.044440746307373, 30.80712890625, 2.227749824523926, -2.818552017211914], [-8.181316375732422, -0.11601149290800095, 4.321206092834473, -1.4112523794174194, 5.729340076446533, 4.115483283996582, -6.056478023529053, 0.7098928093910217, 0.08185333013534546, -3.430415391921997, -1.3665937185287476, 2.878782033920288, -5.106056213378906, -2.9798128604888916, 0.8760234117507935, 0.9726898074150085, 8.806465148925781, -4.258839130401611, 2.227749824523926, 19.485088348388672, 2.359462022781372], [4.483891487121582, 1.978083848953247, 1.7564078569412231, 0.8408527374267578, 3.281521797180176, -6.580514430999756, -2.3748552799224854, -0.7941675186157227, 1.5497596263885498, -3.0826148986816406, 0.9393129348754883, 4.44111442565918, -0.5395230650901794, -2.8438475131988525, -4.954668998718262, -3.835679531097412, 1.5398882627487183, -7.845067977905273, -2.818551540374756, 2.359462022781372, 13.339052200317383]], "type": "heatmap"}], "layout": {"template": {"data": {"histogram2dcontour": [{"type": "histogram2dcontour", "colorbar": {"outlinewidth": 0, "ticks": ""}, "colorscale": [[0.0, "#0d0887"], [0.1111111111111111, "#46039f"], [0.2222222222222222, "#7201a8"], [0.3333333333333333, "#9c179e"], [0.4444444444444444, "#bd3786"], [0.5555555555555556, "#d8576b"], [0.6666666666666666, "#ed7953"], [0.7777777777777778, "#fb9f3a"], [0.8888888888888888, "#fdca26"], [1.0, "#f0f921"]]}], "choropleth": [{"type": "choropleth", "colorbar": {"outlinewidth": 0, "ticks": ""}}], "histogram2d": [{"type": "histogram2d", "colorbar": {"outlinewidth": 0, "ticks": ""}, "colorscale": [[0.0, "#0d0887"], [0.1111111111111111, "#46039f"], [0.2222222222222222, "#7201a8"], [0.3333333333333333, "#9c179e"], [0.4444444444444444, "#bd3786"], [0.5555555555555556, "#d8576b"], [0.6666666666666666, "#ed7953"], [0.7777777777777778, "#fb9f3a"], [0.8888888888888888, "#fdca26"], [1.0, "#f0f921"]]}], "heatmap": [{"type": "heatmap", "colorbar": {"outlinewidth": 0, "ticks": ""}, "colorscale": [[0.0, "#0d0887"], [0.1111111111111111, "#46039f"], [0.2222222222222222, "#7201a8"], [0.3333333333333333, "#9c179e"], [0.4444444444444444, "#bd3786"], [0.5555555555555556, "#d8576b"], [0.6666666666666666, "#ed7953"], [0.7777777777777778, "#fb9f3a"], [0.8888888888888888, "#fdca26"], [1.0, "#f0f921"]]}], "heatmapgl": [{"type": "heatmapgl", "colorbar": {"outlinewidth": 0, "ticks": ""}, "colorscale": [[0.0, "#0d0887"], [0.1111111111111111, "#46039f"], [0.2222222222222222, "#7201a8"], [0.3333333333333333, "#9c179e"], [0.4444444444444444, "#bd3786"], [0.5555555555555556, "#d8576b"], [0.6666666666666666, "#ed7953"], [0.7777777777777778, "#fb9f3a"], [0.8888888888888888, "#fdca26"], [1.0, "#f0f921"]]}], "contourcarpet": [{"type": "contourcarpet", "colorbar": {"outlinewidth": 0, "ticks": ""}}], "contour": [{"type": "contour", "colorbar": {"outlinewidth": 0, "ticks": ""}, "colorscale": [[0.0, "#0d0887"], [0.1111111111111111, "#46039f"], [0.2222222222222222, "#7201a8"], [0.3333333333333333, "#9c179e"], [0.4444444444444444, "#bd3786"], [0.5555555555555556, "#d8576b"], [0.6666666666666666, "#ed7953"], [0.7777777777777778, "#fb9f3a"], [0.8888888888888888, "#fdca26"], [1.0, "#f0f921"]]}], "surface": [{"type": "surface", "colorbar": {"outlinewidth": 0, "ticks": ""}, "colorscale": [[0.0, "#0d0887"], [0.1111111111111111, "#46039f"], [0.2222222222222222, "#7201a8"], [0.3333333333333333, "#9c179e"], [0.4444444444444444, "#bd3786"], [0.5555555555555556, "#d8576b"], [0.6666666666666666, "#ed7953"], [0.7777777777777778, "#fb9f3a"], [0.8888888888888888, "#fdca26"], [1.0, "#f0f921"]]}], "mesh3d": [{"type": "mesh3d", "colorbar": {"outlinewidth": 0, "ticks": ""}}], "scatter": [{"fillpattern": {"fillmode": "overlay", "size": 10, "solidity": 0.2}, "type": "scatter"}], "parcoords": [{"type": "parcoords", "line": {"colorbar": {"outlinewidth": 0, "ticks": ""}}}], "scatterpolargl": [{"type": "scatterpolargl", "marker": {"colorbar": {"outlinewidth": 0, "ticks": ""}}}], "bar": [{"error_x": {"color": "#2a3f5f"}, "error_y": {"color": "#2a3f5f"}, "marker": {"line": {"color": "#E5ECF6", "width": 0.5}, "pattern": {"fillmode": "overlay", "size": 10, "solidity": 0.2}}, "type": "bar"}], "scattergeo": [{"type": "scattergeo", "marker": {"colorbar": {"outlinewidth": 0, "ticks": ""}}}], "scatterpolar": [{"type": "scatterpolar", "marker": {"colorbar": {"outlinewidth": 0, "ticks": ""}}}], "histogram": [{"marker": {"pattern": {"fillmode": "overlay", "size": 10, "solidity": 0.2}}, "type": "histogram"}], "scattergl": [{"type": "scattergl", "marker": {"colorbar": {"outlinewidth": 0, "ticks": ""}}}], "scatter3d": [{"type": "scatter3d", "line": {"colorbar": {"outlinewidth": 0, "ticks": ""}}, "marker": {"colorbar": {"outlinewidth": 0, "ticks": ""}}}], "scattermapbox": [{"type": "scattermapbox", "marker": {"colorbar": {"outlinewidth": 0, "ticks": ""}}}], "scatterternary": [{"type": "scatterternary", "marker": {"colorbar": {"outlinewidth": 0, "ticks": ""}}}], "scattercarpet": [{"type": "scattercarpet", "marker": {"colorbar": {"outlinewidth": 0, "ticks": ""}}}], "carpet": [{"aaxis": {"endlinecolor": "#2a3f5f", "gridcolor": "white", "linecolor": "white", "minorgridcolor": "white", "startlinecolor": "#2a3f5f"}, "baxis": {"endlinecolor": "#2a3f5f", "gridcolor": "white", "linecolor": "white", "minorgridcolor": "white", "startlinecolor": "#2a3f5f"}, "type": "carpet"}], "table": [{"cells": {"fill": {"color": "#EBF0F8"}, "line": {"color": "white"}}, "header": {"fill": {"color": "#C8D4E3"}, "line": {"color": "white"}}, "type": "table"}], "barpolar": [{"marker": {"line": {"color": "#E5ECF6", "width": 0.5}, "pattern": {"fillmode": "overlay", "size": 10, "solidity": 0.2}}, "type": "barpolar"}], "pie": [{"automargin": true, "type": "pie"}]}, "layout": {"autotypenumbers": "strict", "colorway": ["#636efa", "#EF553B", "#00cc96", "#ab63fa", "#FFA15A", "#19d3f3", "#FF6692", "#B6E880", "#FF97FF", "#FECB52"], "font": {"color": "#2a3f5f"}, "hovermode": "closest", "hoverlabel": {"align": "left"}, "paper_bgcolor": "white", "plot_bgcolor": "#E5ECF6", "polar": {"bgcolor": "#E5ECF6", "angularaxis": {"gridcolor": "white", "linecolor": "white", "ticks": ""}, "radialaxis": {"gridcolor": "white", "linecolor": "white", "ticks": ""}}, "ternary": {"bgcolor": "#E5ECF6", "aaxis": {"gridcolor": "white", "linecolor": "white", "ticks": ""}, "baxis": {"gridcolor": "white", "linecolor": "white", "ticks": ""}, "caxis": {"gridcolor": "white", "linecolor": "white", "ticks": ""}}, "coloraxis": {"colorbar": {"outlinewidth": 0, "ticks": ""}}, "colorscale": {"sequential": [[0.0, "#0d0887"], [0.1111111111111111, "#46039f"], [0.2222222222222222, "#7201a8"], [0.3333333333333333, "#9c179e"], [0.4444444444444444, "#bd3786"], [0.5555555555555556, "#d8576b"], [0.6666666666666666, "#ed7953"], [0.7777777777777778, "#fb9f3a"], [0.8888888888888888, "#fdca26"], [1.0, "#f0f921"]], "sequentialminus": [[0.0, "#0d0887"], [0.1111111111111111, "#46039f"], [0.2222222222222222, "#7201a8"], [0.3333333333333333, "#9c179e"], [0.4444444444444444, "#bd3786"], [0.5555555555555556, "#d8576b"], [0.6666666666666666, "#ed7953"], [0.7777777777777778, "#fb9f3a"], [0.8888888888888888, "#fdca26"], [1.0, "#f0f921"]], "diverging": [[0, "#8e0152"], [0.1, "#c51b7d"], [0.2, "#de77ae"], [0.3, "#f1b6da"], [0.4, "#fde0ef"], [0.5, "#f7f7f7"], [0.6, "#e6f5d0"], [0.7, "#b8e186"], [0.8, "#7fbc41"], [0.9, "#4d9221"], [1, "#276419"]]}, "xaxis": {"gridcolor": "white", "linecolor": "white", "ticks": "", "title": {"standoff": 15}, "zerolinecolor": "white", "automargin": true, "zerolinewidth": 2}, "yaxis": {"gridcolor": "white", "linecolor": "white", "ticks": "", "title": {"standoff": 15}, "zerolinecolor": "white", "automargin": true, "zerolinewidth": 2}, "scene": {"xaxis": {"backgroundcolor": "#E5ECF6", "gridcolor": "white", "linecolor": "white", "showbackground": true, "ticks": "", "zerolinecolor": "white", "gridwidth": 2}, "yaxis": {"backgroundcolor": "#E5ECF6", "gridcolor": "white", "linecolor": "white", "showbackground": true, "ticks": "", "zerolinecolor": "white", "gridwidth": 2}, "zaxis": {"backgroundcolor": "#E5ECF6", "gridcolor": "white", "linecolor": "white", "showbackground": true, "ticks": "", "zerolinecolor": "white", "gridwidth": 2}}, "shapedefaults": {"line": {"color": "#2a3f5f"}}, "annotationdefaults": {"arrowcolor": "#2a3f5f", "arrowhead": 0, "arrowwidth": 1}, "geo": {"bgcolor": "white", "landcolor": "#E5ECF6", "subunitcolor": "white", "showland": true, "showlakes": true, "lakecolor": "white"}, "title": {"x": 0.05}, "mapbox": {"style": "light"}}}}}