{"data": [{"z": [[27.180070877075195, -0.21166497468948364, 3.791271448135376, 0.8689553737640381, -5.746981143951416, -6.95318603515625, 5.832961559295654, 1.3981996774673462, 4.541806221008301, -6.676461696624756, -1.3740434646606445, 1.5440694093704224, 0.17683519423007965, -4.602656364440918, -5.093926906585693, -0.6412708759307861, -6.585675239562988, 3.306600570678711, -0.47797060012817383, -8.169387817382812, 4.479002952575684], [-0.21166497468948364, 24.201580047607422, 0.6877578496932983, -3.0825986862182617, 5.972344398498535, -5.934663772583008, -3.4811928272247314, -3.724689483642578, -0.32013097405433655, -0.3702225089073181, -3.7089157104492188, 9.146201133728027, 3.867107391357422, -2.8525826930999756, 6.708609104156494, -5.923757076263428, -2.70271635055542, 5.334912300109863, 2.2162070274353027, -0.11371755599975586, 1.9757038354873657], [3.791271448135376, 0.6877578496932983, 16.159334182739258, -1.989479422569275, 3.498103141784668, -0.4555775821208954, 8.939774513244629, -3.3664746284484863, -0.04289121553301811, -3.0853774547576904, 2.462639808654785, 0.8170411586761475, 1.4117017984390259, -4.044679641723633, -2.9554171562194824, 4.738046169281006, 1.0272504091262817, -1.9849340915679932, -6.47792387008667, 4.325782775878906, 1.7514219284057617], [0.8689553737640381, -3.0825986862182617, -1.989479422569275, 23.808137893676758, -3.386212110519409, 4.8842010498046875, 3.8900351524353027, -0.8745770454406738, 1.4255218505859375, 0.5478634834289551, 0.2937173545360565, 4.4997429847717285, 3.3587145805358887, -0.4798068702220917, 0.7879236936569214, -0.2627035975456238, -5.175564765930176, -3.284533739089966, 3.1472716331481934, -1.4056851863861084, 0.8393134474754333], [-5.746981143951416, 5.972344398498535, 3.498103141784668, -3.386212110519409, 22.280807495117188, -4.2401862144470215, 0.26746124029159546, -4.519928455352783, 2.565901041030884, -5.066519260406494, -0.7725425362586975, 0.6964594721794128, 0.8860772848129272, -1.9795805215835571, 2.1143693923950195, -0.5065330862998962, 1.4085675477981567, 0.7828859090805054, -9.766009330749512, 5.730392932891846, 3.2765166759490967], [-6.95318603515625, -5.934663772583008, -0.4555775821208954, 4.8842010498046875, -4.2401862144470215, 33.121463775634766, 1.5606932640075684, 1.8385452032089233, -1.3857994079589844, 2.6360113620758057, -0.8182404637336731, -9.951271057128906, -0.6315937638282776, 0.47597989439964294, 2.270185708999634, 3.483851432800293, -0.41340237855911255, -7.363976955413818, 9.215871810913086, 4.118276596069336, -6.579946517944336], [5.832961559295654, -3.4811928272247314, 8.939774513244629, 3.8900351524353027, 0.26746124029159546, 1.5606932640075684, 20.36835289001465, -1.4605607986450195, -0.29700973629951477, 1.8178293704986572, 1.5681519508361816, -1.8004705905914307, 2.355278730392456, 1.9461886882781982, -2.5500082969665527, 3.6651363372802734, -3.8029143810272217, -0.49254536628723145, -3.985398530960083, -6.053108215332031, -2.3725829124450684], [1.3981996774673462, -3.724689483642578, -3.3664746284484863, -0.8745770454406738, -4.519928455352783, 1.8385452032089233, -1.4605607986450195, 14.453238487243652, -1.2922754287719727, -2.7774617671966553, 1.7845488786697388, -1.6994333267211914, -4.6389689445495605, 1.802054762840271, -1.6536593437194824, -3.9219305515289307, 3.6857106685638428, -2.7354576587677, -2.1372315883636475, 0.7197138667106628, -0.798358678817749], [4.541806221008301, -0.32013097405433655, -0.04289121553301811, 1.4255218505859375, 2.565901041030884, -1.3857994079589844, -0.29700973629951477, -1.2922754287719727, 18.47052764892578, -3.715526819229126, 1.4764989614486694, -3.608304262161255, 6.879619121551514, -3.7205963134765625, 0.22247612476348877, -0.07003025710582733, -4.439394474029541, 2.532041072845459, -2.494169235229492, 0.08796796202659607, 1.5477981567382812], [-6.676461696624756, -0.3702225089073181, -3.0853774547576904, 0.5478634834289551, -5.066519260406494, 2.6360113620758057, 1.8178293704986572, -2.7774617671966553, -3.715526819229126, 27.89857292175293, 4.0643744468688965, -1.1043710708618164, -4.2592597007751465, 4.154677391052246, 1.3057934045791626, 3.383340835571289, 5.504119873046875, 0.32395291328430176, 4.520120620727539, -3.422400951385498, -3.0825700759887695], [-1.3740434646606445, -3.7089157104492188, 2.462639808654785, 0.2937173545360565, -0.7725425362586975, -0.8182404637336731, 1.5681519508361816, 1.7845488786697388, 1.4764989614486694, 4.0643744468688965, 21.455890655517578, -0.3603924512863159, 3.49831485748291, 0.8919117450714111, -5.552712917327881, 1.648965835571289, 1.015566110610962, -9.419225692749023, -2.0397109985351562, -1.3594539165496826, 0.9379132986068726], [1.5440694093704224, 9.146201133728027, 0.8170411586761475, 4.4997429847717285, 0.6964594721794128, -9.951271057128906, -1.8004705905914307, -1.6994333267211914, -3.608304262161255, -1.1043710708618164, -0.3603924512863159, 24.16436195373535, 1.7402352094650269, 4.09320592880249, 1.0578064918518066, -4.32033109664917, 2.7464873790740967, -3.3472564220428467, 0.27590060234069824, 2.8776493072509766, 4.439731597900391], [0.17683519423007965, 3.867107391357422, 1.4117017984390259, 3.3587145805358887, 0.8860772848129272, -0.6315937638282776, 2.355278730392456, -4.6389689445495605, 6.879619121551514, -4.2592597007751465, 3.49831485748291, 1.7402352094650269, 20.894657135009766, 2.2217607498168945, 1.180824637413025, 1.0841622352600098, -9.123603820800781, 5.551665306091309, 1.3735889196395874, -5.100874423980713, -0.5415910482406616], [-4.602656364440918, -2.8525826930999756, -4.044679641723633, -0.4798068702220917, -1.9795805215835571, 0.47597989439964294, 1.9461886882781982, 1.802054762840271, -3.7205963134765625, 4.154677391052246, 0.8919117450714111, 4.09320592880249, 2.2217607498168945, 17.60692024230957, 2.512190341949463, -2.9352142810821533, -1.4511351585388184, -2.695615768432617, 2.2337307929992676, -2.9735445976257324, -2.84565806388855], [-5.093926906585693, 6.708609104156494, -2.9554171562194824, 0.7879236936569214, 2.1143693923950195, 2.270185708999634, -2.5500082969665527, -1.6536593437194824, 0.22247612476348877, 1.3057934045791626, -5.552712917327881, 1.0578064918518066, 1.180824637413025, 2.512190341949463, 10.821464538574219, 0.44337403774261475, -3.404858350753784, 4.762711524963379, 6.635395050048828, 0.8799962997436523, -4.955588340759277], [-0.6412708759307861, -5.923757076263428, 4.738046169281006, -0.2627035975456238, -0.5065330862998962, 3.483851432800293, 3.6651363372802734, -3.9219305515289307, -0.07003025710582733, 3.383340835571289, 1.648965835571289, -4.32033109664917, 1.0841622352600098, -2.9352142810821533, 0.44337403774261475, 15.868823051452637, 6.113272190093994, 2.199098587036133, 2.4325668811798096, 0.9811375141143799, -3.8345370292663574], [-6.585675239562988, -2.70271635055542, 1.0272505283355713, -5.175564765930176, 1.4085674285888672, -0.4134024977684021, -3.802914619445801, 3.685710906982422, -4.439393520355225, 5.504119396209717, 1.0155656337738037, 2.7464873790740967, -9.123604774475098, -1.4511350393295288, -3.4048588275909424, 6.113271713256836, 23.178295135498047, -4.95794677734375, -6.380973815917969, 8.810413360595703, 1.5390236377716064], [3.306600570678711, 5.334911823272705, -1.9849337339401245, -3.284534215927124, 0.7828859090805054, -7.363976001739502, -0.49254560470581055, -2.7354578971862793, 2.53204083442688, 0.3239530324935913, -9.419225692749023, -3.347256660461426, 5.55166482925415, -2.6956160068511963, 4.762712478637695, 2.199098825454712, -4.95794677734375, 28.476539611816406, 2.0475900173187256, -4.2508015632629395, -7.845561981201172], [-0.47797077894210815, 2.216205358505249, -6.477924346923828, 3.1472713947296143, -9.766009330749512, 9.215872764587402, -3.985398769378662, -2.1372313499450684, -2.4941694736480713, 4.520120143890381, -2.0397109985351562, 0.275900661945343, 1.3735888004302979, 2.2337303161621094, 6.635395050048828, 2.4325668811798096, -6.380973815917969, 2.0475900173187256, 30.795194625854492, 2.229823589324951, -2.8183021545410156], [-8.169388771057129, -0.11371730268001556, 4.3257832527160645, -1.4056856632232666, 5.730393409729004, 4.118277549743652, -6.0531086921691895, 0.7197139859199524, 0.0879676342010498, -3.422400951385498, -1.3594545125961304, 2.8776490688323975, -5.100873947143555, -2.9735450744628906, 0.8799959421157837, 0.9811370968818665, 8.810413360595703, -4.2508015632629395, 2.229823589324951, 19.47625732421875, 2.357459545135498], [4.479002475738525, 1.9757038354873657, 1.7514214515686035, 0.839313268661499, 3.2765166759490967, -6.579946517944336, -2.3725831508636475, -0.798358678817749, 1.5477982759475708, -3.0825698375701904, 0.9379135370254517, 4.439731597900391, -0.5415910482406616, -2.845658302307129, -4.955587863922119, -3.8345370292663574, 1.5390236377716064, -7.845562934875488, -2.8183021545410156, 2.35745906829834, 13.339052200317383]], "type": "heatmap"}], "layout": {"template": {"data": {"histogram2dcontour": [{"type": "histogram2dcontour", "colorbar": {"outlinewidth": 0, "ticks": ""}, "colorscale": [[0.0, "#0d0887"], [0.1111111111111111, "#46039f"], [0.2222222222222222, "#7201a8"], [0.3333333333333333, "#9c179e"], [0.4444444444444444, "#bd3786"], [0.5555555555555556, "#d8576b"], [0.6666666666666666, "#ed7953"], [0.7777777777777778, "#fb9f3a"], [0.8888888888888888, "#fdca26"], [1.0, "#f0f921"]]}], "choropleth": [{"type": "choropleth", "colorbar": {"outlinewidth": 0, "ticks": ""}}], "histogram2d": [{"type": "histogram2d", "colorbar": {"outlinewidth": 0, "ticks": ""}, "colorscale": [[0.0, "#0d0887"], [0.1111111111111111, "#46039f"], [0.2222222222222222, "#7201a8"], [0.3333333333333333, "#9c179e"], [0.4444444444444444, "#bd3786"], [0.5555555555555556, "#d8576b"], [0.6666666666666666, "#ed7953"], [0.7777777777777778, "#fb9f3a"], [0.8888888888888888, "#fdca26"], [1.0, "#f0f921"]]}], "heatmap": [{"type": "heatmap", "colorbar": {"outlinewidth": 0, "ticks": ""}, "colorscale": [[0.0, "#0d0887"], [0.1111111111111111, "#46039f"], [0.2222222222222222, "#7201a8"], [0.3333333333333333, "#9c179e"], [0.4444444444444444, "#bd3786"], [0.5555555555555556, "#d8576b"], [0.6666666666666666, "#ed7953"], [0.7777777777777778, "#fb9f3a"], [0.8888888888888888, "#fdca26"], [1.0, "#f0f921"]]}], "heatmapgl": [{"type": "heatmapgl", "colorbar": {"outlinewidth": 0, "ticks": ""}, "colorscale": [[0.0, "#0d0887"], [0.1111111111111111, "#46039f"], [0.2222222222222222, "#7201a8"], [0.3333333333333333, "#9c179e"], [0.4444444444444444, "#bd3786"], [0.5555555555555556, "#d8576b"], [0.6666666666666666, "#ed7953"], [0.7777777777777778, "#fb9f3a"], [0.8888888888888888, "#fdca26"], [1.0, "#f0f921"]]}], "contourcarpet": [{"type": "contourcarpet", "colorbar": {"outlinewidth": 0, "ticks": ""}}], "contour": [{"type": "contour", "colorbar": {"outlinewidth": 0, "ticks": ""}, "colorscale": [[0.0, "#0d0887"], [0.1111111111111111, "#46039f"], [0.2222222222222222, "#7201a8"], [0.3333333333333333, "#9c179e"], [0.4444444444444444, "#bd3786"], [0.5555555555555556, "#d8576b"], [0.6666666666666666, "#ed7953"], [0.7777777777777778, "#fb9f3a"], [0.8888888888888888, "#fdca26"], [1.0, "#f0f921"]]}], "surface": [{"type": "surface", "colorbar": {"outlinewidth": 0, "ticks": ""}, "colorscale": [[0.0, "#0d0887"], [0.1111111111111111, "#46039f"], [0.2222222222222222, "#7201a8"], [0.3333333333333333, "#9c179e"], [0.4444444444444444, "#bd3786"], [0.5555555555555556, "#d8576b"], [0.6666666666666666, "#ed7953"], [0.7777777777777778, "#fb9f3a"], [0.8888888888888888, "#fdca26"], [1.0, "#f0f921"]]}], "mesh3d": [{"type": "mesh3d", "colorbar": {"outlinewidth": 0, "ticks": ""}}], "scatter": [{"fillpattern": {"fillmode": "overlay", "size": 10, "solidity": 0.2}, "type": "scatter"}], "parcoords": [{"type": "parcoords", "line": {"colorbar": {"outlinewidth": 0, "ticks": ""}}}], "scatterpolargl": [{"type": "scatterpolargl", "marker": {"colorbar": {"outlinewidth": 0, "ticks": ""}}}], "bar": [{"error_x": {"color": "#2a3f5f"}, "error_y": {"color": "#2a3f5f"}, "marker": {"line": {"color": "#E5ECF6", "width": 0.5}, "pattern": {"fillmode": "overlay", "size": 10, "solidity": 0.2}}, "type": "bar"}], "scattergeo": [{"type": "scattergeo", "marker": {"colorbar": {"outlinewidth": 0, "ticks": ""}}}], "scatterpolar": [{"type": "scatterpolar", "marker": {"colorbar": {"outlinewidth": 0, "ticks": ""}}}], "histogram": [{"marker": {"pattern": {"fillmode": "overlay", "size": 10, "solidity": 0.2}}, "type": "histogram"}], "scattergl": [{"type": "scattergl", "marker": {"colorbar": {"outlinewidth": 0, "ticks": ""}}}], "scatter3d": [{"type": "scatter3d", "line": {"colorbar": {"outlinewidth": 0, "ticks": ""}}, "marker": {"colorbar": {"outlinewidth": 0, "ticks": ""}}}], "scattermapbox": [{"type": "scattermapbox", "marker": {"colorbar": {"outlinewidth": 0, "ticks": ""}}}], "scatterternary": [{"type": "scatterternary", "marker": {"colorbar": {"outlinewidth": 0, "ticks": ""}}}], "scattercarpet": [{"type": "scattercarpet", "marker": {"colorbar": {"outlinewidth": 0, "ticks": ""}}}], "carpet": [{"aaxis": {"endlinecolor": "#2a3f5f", "gridcolor": "white", "linecolor": "white", "minorgridcolor": "white", "startlinecolor": "#2a3f5f"}, "baxis": {"endlinecolor": "#2a3f5f", "gridcolor": "white", "linecolor": "white", "minorgridcolor": "white", "startlinecolor": "#2a3f5f"}, "type": "carpet"}], "table": [{"cells": {"fill": {"color": "#EBF0F8"}, "line": {"color": "white"}}, "header": {"fill": {"color": "#C8D4E3"}, "line": {"color": "white"}}, "type": "table"}], "barpolar": [{"marker": {"line": {"color": "#E5ECF6", "width": 0.5}, "pattern": {"fillmode": "overlay", "size": 10, "solidity": 0.2}}, "type": "barpolar"}], "pie": [{"automargin": true, "type": "pie"}]}, "layout": {"autotypenumbers": "strict", "colorway": ["#636efa", "#EF553B", "#00cc96", "#ab63fa", "#FFA15A", "#19d3f3", "#FF6692", "#B6E880", "#FF97FF", "#FECB52"], "font": {"color": "#2a3f5f"}, "hovermode": "closest", "hoverlabel": {"align": "left"}, "paper_bgcolor": "white", "plot_bgcolor": "#E5ECF6", "polar": {"bgcolor": "#E5ECF6", "angularaxis": {"gridcolor": "white", "linecolor": "white", "ticks": ""}, "radialaxis": {"gridcolor": "white", "linecolor": "white", "ticks": ""}}, "ternary": {"bgcolor": "#E5ECF6", "aaxis": {"gridcolor": "white", "linecolor": "white", "ticks": ""}, "baxis": {"gridcolor": "white", "linecolor": "white", "ticks": ""}, "caxis": {"gridcolor": "white", "linecolor": "white", "ticks": ""}}, "coloraxis": {"colorbar": {"outlinewidth": 0, "ticks": ""}}, "colorscale": {"sequential": [[0.0, "#0d0887"], [0.1111111111111111, "#46039f"], [0.2222222222222222, "#7201a8"], [0.3333333333333333, "#9c179e"], [0.4444444444444444, "#bd3786"], [0.5555555555555556, "#d8576b"], [0.6666666666666666, "#ed7953"], [0.7777777777777778, "#fb9f3a"], [0.8888888888888888, "#fdca26"], [1.0, "#f0f921"]], "sequentialminus": [[0.0, "#0d0887"], [0.1111111111111111, "#46039f"], [0.2222222222222222, "#7201a8"], [0.3333333333333333, "#9c179e"], [0.4444444444444444, "#bd3786"], [0.5555555555555556, "#d8576b"], [0.6666666666666666, "#ed7953"], [0.7777777777777778, "#fb9f3a"], [0.8888888888888888, "#fdca26"], [1.0, "#f0f921"]], "diverging": [[0, "#8e0152"], [0.1, "#c51b7d"], [0.2, "#de77ae"], [0.3, "#f1b6da"], [0.4, "#fde0ef"], [0.5, "#f7f7f7"], [0.6, "#e6f5d0"], [0.7, "#b8e186"], [0.8, "#7fbc41"], [0.9, "#4d9221"], [1, "#276419"]]}, "xaxis": {"gridcolor": "white", "linecolor": "white", "ticks": "", "title": {"standoff": 15}, "zerolinecolor": "white", "automargin": true, "zerolinewidth": 2}, "yaxis": {"gridcolor": "white", "linecolor": "white", "ticks": "", "title": {"standoff": 15}, "zerolinecolor": "white", "automargin": true, "zerolinewidth": 2}, "scene": {"xaxis": {"backgroundcolor": "#E5ECF6", "gridcolor": "white", "linecolor": "white", "showbackground": true, "ticks": "", "zerolinecolor": "white", "gridwidth": 2}, "yaxis": {"backgroundcolor": "#E5ECF6", "gridcolor": "white", "linecolor": "white", "showbackground": true, "ticks": "", "zerolinecolor": "white", "gridwidth": 2}, "zaxis": {"backgroundcolor": "#E5ECF6", "gridcolor": "white", "linecolor": "white", "showbackground": true, "ticks": "", "zerolinecolor": "white", "gridwidth": 2}}, "shapedefaults": {"line": {"color": "#2a3f5f"}}, "annotationdefaults": {"arrowcolor": "#2a3f5f", "arrowhead": 0, "arrowwidth": 1}, "geo": {"bgcolor": "white", "landcolor": "#E5ECF6", "subunitcolor": "white", "showland": true, "showlakes": true, "lakecolor": "white"}, "title": {"x": 0.05}, "mapbox": {"style": "light"}}}}}