{"data": [{"z": [[27.344083786010742, -0.2457025945186615, 3.7995765209198, 0.8385963439941406, -5.776073932647705, -7.022503852844238, 5.80013370513916, 1.3798415660858154, 4.54448127746582, -6.773937225341797, -1.3997336626052856, 1.5408977270126343, 0.13332974910736084, -4.638278007507324, -5.163012504577637, -0.6956033110618591, -6.632399559020996, 3.3237595558166504, -0.5165371894836426, -8.272786140441895, 4.516708850860596], [-0.2457025945186615, 24.42804527282715, 0.6768168807029724, -3.167318105697632, 6.020820617675781, -6.048148155212402, -3.5342302322387695, -3.817809581756592, -0.32064613699913025, -0.41934439539909363, -3.753387928009033, 9.233146667480469, 3.934938669204712, -2.8693625926971436, 6.7668843269348145, -6.009103775024414, -2.7768564224243164, 5.388020038604736, 2.2387807369232178, -0.1318342685699463, 1.9836643934249878], [3.7995765209198, 0.6768168807029724, 16.296630859375, -2.049804925918579, 3.488057851791382, -0.5240036249160767, 8.97110366821289, -3.428971290588379, -0.0555010549724102, -3.116044521331787, 2.4264607429504395, 0.7905899882316589, 1.422047734260559, -4.12125301361084, -3.0044302940368652, 4.728466033935547, 0.9911458492279053, -2.0461132526397705, -6.556674003601074, 4.319464206695557, 1.798426628112793], [0.8385963439941406, -3.167318105697632, -2.049804925918579, 23.957128524780273, -3.4745473861694336, 4.893986701965332, 3.929990768432617, -0.9184130430221558, 1.4038324356079102, 0.5603374242782593, 0.29692670702934265, 4.470045566558838, 3.3376033306121826, -0.5126940608024597, 0.7394489049911499, -0.2593079209327698, -5.24439811706543, -3.3524184226989746, 3.1763296127319336, -1.4405757188796997, 0.8403679728507996], [-5.776073932647705, 6.020820617675781, 3.488057851791382, -3.4745473861694336, 22.389963150024414, -4.340357780456543, 0.2049102932214737, -4.5427327156066895, 2.556382894515991, -5.122572898864746, -0.8059806227684021, 0.6975793838500977, 0.8738561272621155, -2.0258939266204834, 2.120161771774292, -0.5886291861534119, 1.3910237550735474, 0.7472583055496216, -9.839028358459473, 5.750814914703369, 3.3213858604431152], [-7.022503852844238, -6.048148155212402, -0.5240036249160767, 4.893986701965332, -4.340357780456543, 33.32350158691406, 1.637073278427124, 1.8242926597595215, -1.4062021970748901, 2.6509342193603516, -0.8340288400650024, -10.08949089050293, -0.7142207026481628, 0.472713440656662, 2.2318830490112305, 3.5140810012817383, -0.4384737014770508, -7.452822685241699, 9.231603622436523, 4.10359525680542, -6.596207618713379], [5.80013370513916, -3.5342302322387695, 8.97110366821289, 3.929990768432617, 0.2049102932214737, 1.637073278427124, 20.532243728637695, -1.5011459589004517, -0.2662007510662079, 1.8173542022705078, 1.5786025524139404, -1.8366785049438477, 2.3677408695220947, 1.9306988716125488, -2.587921619415283, 3.711221218109131, -3.8296031951904297, -0.4929807186126709, -3.962674140930176, -6.081177711486816, -2.406522750854492], [1.3798415660858154, -3.817809581756592, -3.428971290588379, -0.9184130430221558, -4.5427327156066895, 1.8242926597595215, -1.5011459589004517, 14.549417495727539, -1.3424485921859741, -2.83034086227417, 1.8009822368621826, -1.765891194343567, -4.710150241851807, 1.8392188549041748, -1.712778925895691, -4.019360542297363, 3.6841812133789062, -2.7962725162506104, -2.196942090988159, 0.6579762697219849, -0.7649339437484741], [4.54448127746582, -0.32064613699913025, -0.0555010549724102, 1.4038324356079102, 2.556382894515991, -1.4062021970748901, -0.2662007510662079, -1.3424485921859741, 18.608264923095703, -3.7397844791412354, 1.463706612586975, -3.635840654373169, 6.9015936851501465, -3.7725279331207275, 0.19185283780097961, -0.09160260111093521, -4.491003513336182, 2.516857147216797, -2.5073187351226807, 0.058919817209243774, 1.558563232421875], [-6.773937225341797, -0.41934439539909363, -3.116044521331787, 0.5603374242782593, -5.122572898864746, 2.6509342193603516, 1.8173542022705078, -2.83034086227417, -3.7397844791412354, 28.050668716430664, 4.067511558532715, -1.1448980569839478, -4.340047359466553, 4.117823123931885, 1.2412463426589966, 3.411298990249634, 5.5277180671691895, 0.3050715923309326, 4.532857894897461, -3.494931697845459, -3.087589979171753], [-1.3997336626052856, -3.753387928009033, 2.4264607429504395, 0.29692670702934265, -0.8059806227684021, -0.8340288400650024, 1.5786025524139404, 1.8009822368621826, 1.463706612586975, 4.067511558532715, 21.628646850585938, -0.4178330898284912, 3.474670648574829, 0.8965252041816711, -5.604167461395264, 1.627278208732605, 0.9861361980438232, -9.488104820251465, -2.0788843631744385, -1.408440351486206, 0.9334311485290527], [1.5408977270126343, 9.233146667480469, 0.7905899882316589, 4.470045566558838, 0.6975793838500977, -10.08949089050293, -1.8366785049438477, -1.765891194343567, -3.635840654373169, -1.1448980569839478, -0.4178330898284912, 24.33174705505371, 1.7783961296081543, 4.088018417358398, 1.0486822128295898, -4.401434898376465, 2.6971969604492188, -3.344055414199829, 0.28376269340515137, 2.9012980461120605, 4.45743465423584], [0.13332974910736084, 3.934938669204712, 1.422047734260559, 3.3376033306121826, 0.8738561272621155, -0.7142207026481628, 2.3677408695220947, -4.710150241851807, 6.9015936851501465, -4.340047359466553, 3.474670648574829, 1.7783961296081543, 21.0301456451416, 2.2120749950408936, 1.165755271911621, 1.034237027168274, -9.229009628295898, 5.563373565673828, 1.3749117851257324, -5.137583255767822, -0.520525336265564], [-4.638278007507324, -2.8693625926971436, -4.12125301361084, -0.5126940608024597, -2.0258939266204834, 0.472713440656662, 1.9306988716125488, 1.8392188549041748, -3.7725279331207275, 4.117823123931885, 0.8965252041816711, 4.088018417358398, 2.2120749950408936, 17.74132537841797, 2.492833137512207, -3.0068156719207764, -1.502645492553711, -2.7314393520355225, 2.2189197540283203, -3.021881103515625, -2.842578411102295], [-5.163012504577637, 6.7668843269348145, -3.0044302940368652, 0.7394489049911499, 2.120161771774292, 2.2318830490112305, -2.587921619415283, -1.712778925895691, 0.19185283780097961, 1.2412463426589966, -5.604167461395264, 1.0486822128295898, 1.165755271911621, 2.492833137512207, 10.861541748046875, 0.3994121551513672, -3.472637891769409, 4.762937545776367, 6.652416229248047, 0.84986412525177, -4.941917896270752], [-0.6956033110618591, -6.009103775024414, 4.728466033935547, -0.2593079209327698, -0.5886291861534119, 3.5140810012817383, 3.711221218109131, -4.019360542297363, -0.09160260111093521, 3.411298990249634, 1.627278208732605, -4.401434898376465, 1.034237027168274, -3.0068156719207764, 0.3994121551513672, 15.966985702514648, 6.113544464111328, 2.1824018955230713, 2.431067943572998, 0.9384384155273438, -3.857743740081787], [-6.632399082183838, -2.776855945587158, 0.9911459684371948, -5.24439811706543, 1.3910237550735474, -0.4384736120700836, -3.8296031951904297, 3.684180736541748, -4.491004467010498, 5.527718544006348, 0.9861363172531128, 2.6971969604492188, -9.229009628295898, -1.5026451349258423, -3.472637414932251, 6.113543510437012, 23.29531478881836, -5.025681495666504, -6.463174343109131, 8.840827941894531, 1.5585687160491943], [3.323759078979492, 5.3880205154418945, -2.0461132526397705, -3.3524186611175537, 0.7472590208053589, -7.452822208404541, -0.49298015236854553, -2.7962725162506104, 2.516857385635376, 0.30507153272628784, -9.488104820251465, -3.3440561294555664, 5.5633721351623535, -2.7314398288726807, 4.762937545776367, 2.182401657104492, -5.025681495666504, 28.646902084350586, 2.039666175842285, -4.302091598510742, -7.858545303344727], [-0.5165371298789978, 2.238781213760376, -6.556673526763916, 3.1763298511505127, -9.839027404785156, 9.231603622436523, -3.962674140930176, -2.19694185256958, -2.507319688796997, 4.532857894897461, -2.078883647918701, 0.28376272320747375, 1.3749115467071533, 2.2189197540283203, 6.652414798736572, 2.431068181991577, -6.463174343109131, 2.039666175842285, 30.974489212036133, 2.2155823707580566, -2.8222153186798096], [-8.272785186767578, -0.1318337321281433, 4.319464206695557, -1.4405752420425415, 5.7508158683776855, 4.1035943031311035, -6.081178665161133, 0.6579761505126953, 0.05891979858279228, -3.494931697845459, -1.4084405899047852, 2.9012980461120605, -5.1375837326049805, -3.0218803882598877, 0.8498640060424805, 0.9384386539459229, 8.840827941894531, -4.302091598510742, 2.2155823707580566, 19.61655616760254, 2.3642914295196533], [4.5167083740234375, 1.983664631843567, 1.798426628112793, 0.8403680324554443, 3.3213863372802734, -6.596207618713379, -2.406522750854492, -0.7649339437484741, 1.5585638284683228, -3.087590217590332, 0.9334312677383423, 4.45743465423584, -0.5205255746841431, -2.842578172683716, -4.941917419433594, -3.857743740081787, 1.5585689544677734, -7.858545303344727, -2.8222153186798096, 2.364291191101074, 13.339052200317383]], "type": "heatmap"}], "layout": {"template": {"data": {"histogram2dcontour": [{"type": "histogram2dcontour", "colorbar": {"outlinewidth": 0, "ticks": ""}, "colorscale": [[0.0, "#0d0887"], [0.1111111111111111, "#46039f"], [0.2222222222222222, "#7201a8"], [0.3333333333333333, "#9c179e"], [0.4444444444444444, "#bd3786"], [0.5555555555555556, "#d8576b"], [0.6666666666666666, "#ed7953"], [0.7777777777777778, "#fb9f3a"], [0.8888888888888888, "#fdca26"], [1.0, "#f0f921"]]}], "choropleth": [{"type": "choropleth", "colorbar": {"outlinewidth": 0, "ticks": ""}}], "histogram2d": [{"type": "histogram2d", "colorbar": {"outlinewidth": 0, "ticks": ""}, "colorscale": [[0.0, "#0d0887"], [0.1111111111111111, "#46039f"], [0.2222222222222222, "#7201a8"], [0.3333333333333333, "#9c179e"], [0.4444444444444444, "#bd3786"], [0.5555555555555556, "#d8576b"], [0.6666666666666666, "#ed7953"], [0.7777777777777778, "#fb9f3a"], [0.8888888888888888, "#fdca26"], [1.0, "#f0f921"]]}], "heatmap": [{"type": "heatmap", "colorbar": {"outlinewidth": 0, "ticks": ""}, "colorscale": [[0.0, "#0d0887"], [0.1111111111111111, "#46039f"], [0.2222222222222222, "#7201a8"], [0.3333333333333333, "#9c179e"], [0.4444444444444444, "#bd3786"], [0.5555555555555556, "#d8576b"], [0.6666666666666666, "#ed7953"], [0.7777777777777778, "#fb9f3a"], [0.8888888888888888, "#fdca26"], [1.0, "#f0f921"]]}], "heatmapgl": [{"type": "heatmapgl", "colorbar": {"outlinewidth": 0, "ticks": ""}, "colorscale": [[0.0, "#0d0887"], [0.1111111111111111, "#46039f"], [0.2222222222222222, "#7201a8"], [0.3333333333333333, "#9c179e"], [0.4444444444444444, "#bd3786"], [0.5555555555555556, "#d8576b"], [0.6666666666666666, "#ed7953"], [0.7777777777777778, "#fb9f3a"], [0.8888888888888888, "#fdca26"], [1.0, "#f0f921"]]}], "contourcarpet": [{"type": "contourcarpet", "colorbar": {"outlinewidth": 0, "ticks": ""}}], "contour": [{"type": "contour", "colorbar": {"outlinewidth": 0, "ticks": ""}, "colorscale": [[0.0, "#0d0887"], [0.1111111111111111, "#46039f"], [0.2222222222222222, "#7201a8"], [0.3333333333333333, "#9c179e"], [0.4444444444444444, "#bd3786"], [0.5555555555555556, "#d8576b"], [0.6666666666666666, "#ed7953"], [0.7777777777777778, "#fb9f3a"], [0.8888888888888888, "#fdca26"], [1.0, "#f0f921"]]}], "surface": [{"type": "surface", "colorbar": {"outlinewidth": 0, "ticks": ""}, "colorscale": [[0.0, "#0d0887"], [0.1111111111111111, "#46039f"], [0.2222222222222222, "#7201a8"], [0.3333333333333333, "#9c179e"], [0.4444444444444444, "#bd3786"], [0.5555555555555556, "#d8576b"], [0.6666666666666666, "#ed7953"], [0.7777777777777778, "#fb9f3a"], [0.8888888888888888, "#fdca26"], [1.0, "#f0f921"]]}], "mesh3d": [{"type": "mesh3d", "colorbar": {"outlinewidth": 0, "ticks": ""}}], "scatter": [{"fillpattern": {"fillmode": "overlay", "size": 10, "solidity": 0.2}, "type": "scatter"}], "parcoords": [{"type": "parcoords", "line": {"colorbar": {"outlinewidth": 0, "ticks": ""}}}], "scatterpolargl": [{"type": "scatterpolargl", "marker": {"colorbar": {"outlinewidth": 0, "ticks": ""}}}], "bar": [{"error_x": {"color": "#2a3f5f"}, "error_y": {"color": "#2a3f5f"}, "marker": {"line": {"color": "#E5ECF6", "width": 0.5}, "pattern": {"fillmode": "overlay", "size": 10, "solidity": 0.2}}, "type": "bar"}], "scattergeo": [{"type": "scattergeo", "marker": {"colorbar": {"outlinewidth": 0, "ticks": ""}}}], "scatterpolar": [{"type": "scatterpolar", "marker": {"colorbar": {"outlinewidth": 0, "ticks": ""}}}], "histogram": [{"marker": {"pattern": {"fillmode": "overlay", "size": 10, "solidity": 0.2}}, "type": "histogram"}], "scattergl": [{"type": "scattergl", "marker": {"colorbar": {"outlinewidth": 0, "ticks": ""}}}], "scatter3d": [{"type": "scatter3d", "line": {"colorbar": {"outlinewidth": 0, "ticks": ""}}, "marker": {"colorbar": {"outlinewidth": 0, "ticks": ""}}}], "scattermapbox": [{"type": "scattermapbox", "marker": {"colorbar": {"outlinewidth": 0, "ticks": ""}}}], "scatterternary": [{"type": "scatterternary", "marker": {"colorbar": {"outlinewidth": 0, "ticks": ""}}}], "scattercarpet": [{"type": "scattercarpet", "marker": {"colorbar": {"outlinewidth": 0, "ticks": ""}}}], "carpet": [{"aaxis": {"endlinecolor": "#2a3f5f", "gridcolor": "white", "linecolor": "white", "minorgridcolor": "white", "startlinecolor": "#2a3f5f"}, "baxis": {"endlinecolor": "#2a3f5f", "gridcolor": "white", "linecolor": "white", "minorgridcolor": "white", "startlinecolor": "#2a3f5f"}, "type": "carpet"}], "table": [{"cells": {"fill": {"color": "#EBF0F8"}, "line": {"color": "white"}}, "header": {"fill": {"color": "#C8D4E3"}, "line": {"color": "white"}}, "type": "table"}], "barpolar": [{"marker": {"line": {"color": "#E5ECF6", "width": 0.5}, "pattern": {"fillmode": "overlay", "size": 10, "solidity": 0.2}}, "type": "barpolar"}], "pie": [{"automargin": true, "type": "pie"}]}, "layout": {"autotypenumbers": "strict", "colorway": ["#636efa", "#EF553B", "#00cc96", "#ab63fa", "#FFA15A", "#19d3f3", "#FF6692", "#B6E880", "#FF97FF", "#FECB52"], "font": {"color": "#2a3f5f"}, "hovermode": "closest", "hoverlabel": {"align": "left"}, "paper_bgcolor": "white", "plot_bgcolor": "#E5ECF6", "polar": {"bgcolor": "#E5ECF6", "angularaxis": {"gridcolor": "white", "linecolor": "white", "ticks": ""}, "radialaxis": {"gridcolor": "white", "linecolor": "white", "ticks": ""}}, "ternary": {"bgcolor": "#E5ECF6", "aaxis": {"gridcolor": "white", "linecolor": "white", "ticks": ""}, "baxis": {"gridcolor": "white", "linecolor": "white", "ticks": ""}, "caxis": {"gridcolor": "white", "linecolor": "white", "ticks": ""}}, "coloraxis": {"colorbar": {"outlinewidth": 0, "ticks": ""}}, "colorscale": {"sequential": [[0.0, "#0d0887"], [0.1111111111111111, "#46039f"], [0.2222222222222222, "#7201a8"], [0.3333333333333333, "#9c179e"], [0.4444444444444444, "#bd3786"], [0.5555555555555556, "#d8576b"], [0.6666666666666666, "#ed7953"], [0.7777777777777778, "#fb9f3a"], [0.8888888888888888, "#fdca26"], [1.0, "#f0f921"]], "sequentialminus": [[0.0, "#0d0887"], [0.1111111111111111, "#46039f"], [0.2222222222222222, "#7201a8"], [0.3333333333333333, "#9c179e"], [0.4444444444444444, "#bd3786"], [0.5555555555555556, "#d8576b"], [0.6666666666666666, "#ed7953"], [0.7777777777777778, "#fb9f3a"], [0.8888888888888888, "#fdca26"], [1.0, "#f0f921"]], "diverging": [[0, "#8e0152"], [0.1, "#c51b7d"], [0.2, "#de77ae"], [0.3, "#f1b6da"], [0.4, "#fde0ef"], [0.5, "#f7f7f7"], [0.6, "#e6f5d0"], [0.7, "#b8e186"], [0.8, "#7fbc41"], [0.9, "#4d9221"], [1, "#276419"]]}, "xaxis": {"gridcolor": "white", "linecolor": "white", "ticks": "", "title": {"standoff": 15}, "zerolinecolor": "white", "automargin": true, "zerolinewidth": 2}, "yaxis": {"gridcolor": "white", "linecolor": "white", "ticks": "", "title": {"standoff": 15}, "zerolinecolor": "white", "automargin": true, "zerolinewidth": 2}, "scene": {"xaxis": {"backgroundcolor": "#E5ECF6", "gridcolor": "white", "linecolor": "white", "showbackground": true, "ticks": "", "zerolinecolor": "white", "gridwidth": 2}, "yaxis": {"backgroundcolor": "#E5ECF6", "gridcolor": "white", "linecolor": "white", "showbackground": true, "ticks": "", "zerolinecolor": "white", "gridwidth": 2}, "zaxis": {"backgroundcolor": "#E5ECF6", "gridcolor": "white", "linecolor": "white", "showbackground": true, "ticks": "", "zerolinecolor": "white", "gridwidth": 2}}, "shapedefaults": {"line": {"color": "#2a3f5f"}}, "annotationdefaults": {"arrowcolor": "#2a3f5f", "arrowhead": 0, "arrowwidth": 1}, "geo": {"bgcolor": "white", "landcolor": "#E5ECF6", "subunitcolor": "white", "showland": true, "showlakes": true, "lakecolor": "white"}, "title": {"x": 0.05}, "mapbox": {"style": "light"}}}}}