{"data": [{"z": [[27.189908981323242, -0.18037210404872894, 3.822291374206543, 0.8983342051506042, -5.716660022735596, -6.913596153259277, 5.854148864746094, 1.4292523860931396, 4.555830478668213, -6.652623176574707, -1.352871298789978, 1.5668213367462158, 0.21817852556705475, -4.580175876617432, -5.058171272277832, -0.5965907573699951, -6.550417423248291, 3.332516670227051, -0.44893550872802734, -8.12233829498291, 4.459885597229004], [-0.18037210404872894, 24.147920608520508, 0.7031179666519165, -3.037283182144165, 5.972174167633057, -5.874819755554199, -3.452359437942505, -3.6768534183502197, -0.2984371781349182, -0.349142849445343, -3.6789791584014893, 9.12191390991211, 3.860877513885498, -2.8329429626464844, 6.7094807624816895, -5.879786014556885, -2.6724865436553955, 5.337188243865967, 2.2222542762756348, -0.10604977607727051, 1.966069221496582], [3.822291374206543, 0.7031179666519165, 16.15337562561035, -1.9675471782684326, 3.523698329925537, -0.4255601465702057, 8.94140911102295, -3.3130087852478027, -0.018844300881028175, -3.062608480453491, 2.4965834617614746, 0.8398866653442383, 1.4293370246887207, -4.011913299560547, -2.9233558177948, 4.771922588348389, 1.0642300844192505, -1.9539837837219238, -6.448469638824463, 4.350910186767578, 1.7355711460113525], [0.8983342051506042, -3.037283182144165, -1.9675471782684326, 23.795053482055664, -3.3409695625305176, 4.897831439971924, 3.887399911880493, -0.8384227752685547, 1.4505504369735718, 0.5578199028968811, 0.29886889457702637, 4.523344039916992, 3.387594223022461, -0.44260334968566895, 0.8189384341239929, -0.22875484824180603, -5.140240669250488, -3.2405738830566406, 3.1525747776031494, -1.3791686296463013, 0.8320522308349609], [-5.716660022735596, 5.972174167633057, 3.523698329925537, -3.3409695625305176, 22.282236099243164, -4.193848609924316, 0.29238975048065186, -4.485189914703369, 2.590585708618164, -5.026500225067139, -0.749703586101532, 0.716465950012207, 0.9042104482650757, -1.9503098726272583, 2.1370954513549805, -0.4479176998138428, 1.4541271924972534, 0.815369725227356, -9.747502326965332, 5.740694046020508, 3.255326509475708], [-6.913596153259277, -5.874819755554199, -0.4255601465702057, 4.897831439971924, -4.193848609924316, 33.08090591430664, 1.5457462072372437, 1.882614016532898, -1.3737560510635376, 2.6395163536071777, -0.7955796718597412, -9.887595176696777, -0.5908103585243225, 0.5015782117843628, 2.303520917892456, 3.4937796592712402, -0.3831406831741333, -7.318185806274414, 9.21239948272705, 4.135591983795166, -6.58253288269043], [5.854148864746094, -3.452359437942505, 8.94140911102295, 3.887399911880493, 0.29238975048065186, 1.5457462072372437, 20.330596923828125, -1.4470062255859375, -0.3024562895298004, 1.8130874633789062, 1.571155309677124, -1.780976414680481, 2.3611631393432617, 1.9599889516830444, -2.5324480533599854, 3.660536050796509, -3.794675350189209, -0.48149144649505615, -3.983102798461914, -6.040768623352051, -2.365084409713745], [1.4292523860931396, -3.6768534183502197, -3.3130087852478027, -0.8384227752685547, -4.485189914703369, 1.882614016532898, -1.4470062255859375, 14.498987197875977, -1.2624751329421997, -2.7476272583007812, 1.8077188730239868, -1.6507771015167236, -4.588019371032715, 1.8106915950775146, -1.6058082580566406, -3.8494765758514404, 3.737539768218994, -2.696885347366333, -2.104552745819092, 0.7675512433052063, -0.8176697492599487], [4.555830478668213, -0.2984371781349182, -0.018844300881028175, 1.4505504369735718, 2.590585708618164, -1.3737560510635376, -0.3024562895298004, -1.2624751329421997, 18.44318389892578, -3.700366735458374, 1.4966470003128052, -3.577352523803711, 6.896937370300293, -3.690613269805908, 0.2527958154678345, -0.042613327503204346, -4.403299808502197, 2.5565147399902344, -2.4760708808898926, 0.11537861824035645, 1.541508436203003], [-6.652623176574707, -0.349142849445343, -3.062608480453491, 0.5578199028968811, -5.026500225067139, 2.6395163536071777, 1.8130874633789062, -2.7476272583007812, -3.700366735458374, 27.87432861328125, 4.0745158195495605, -1.0796455144882202, -4.224050521850586, 4.190934181213379, 1.340417504310608, 3.3868043422698975, 5.520810604095459, 0.33571600914001465, 4.52646017074585, -3.3896312713623047, -3.0815787315368652], [-1.352871298789978, -3.6789791584014893, 2.4965834617614746, 0.29886889457702637, -0.749703586101532, -0.7955796718597412, 1.571155309677124, 1.8077188730239868, 1.4966470003128052, 4.0745158195495605, 21.43335723876953, -0.32500213384628296, 3.5319342613220215, 0.9069523811340332, -5.517802715301514, 1.6802703142166138, 1.0490412712097168, -9.385261535644531, -2.0190305709838867, -1.3304795026779175, 0.9294712543487549], [1.5668213367462158, 9.12191390991211, 0.8398866653442383, 4.523344039916992, 0.716465950012207, -9.887595176696777, -1.780976414680481, -1.6507771015167236, -3.577352523803711, -1.0796455144882202, -0.32500213384628296, 24.122549057006836, 1.7399168014526367, 4.1227850914001465, 1.0773712396621704, -4.272446155548096, 2.779197931289673, -3.3301467895507812, 0.2857022285461426, 2.874293804168701, 4.429985046386719], [0.21817852556705475, 3.860877513885498, 1.4293370246887207, 3.387594223022461, 0.9042104482650757, -0.5908103585243225, 2.3611631393432617, -4.588019371032715, 6.896937370300293, -4.224050521850586, 3.5319342613220215, 1.7399168014526367, 20.88456916809082, 2.245967149734497, 1.2036107778549194, 1.1274442672729492, -9.070093154907227, 5.572379112243652, 1.3897987604141235, -5.082401275634766, -0.5524902939796448], [-4.580175876617432, -2.8329429626464844, -4.011913299560547, -0.44260334968566895, -1.9503098726272583, 0.5015782117843628, 1.9599889516830444, 1.8106915950775146, -3.690613269805908, 4.190934181213379, 0.9069523811340332, 4.1227850914001465, 2.245967149734497, 17.607311248779297, 2.5389604568481445, -2.885509729385376, -1.4035816192626953, -2.6577181816101074, 2.252352714538574, -2.9445996284484863, -2.857862949371338], [-5.058171272277832, 6.7094807624816895, -2.9233558177948, 0.8189384341239929, 2.1370954513549805, 2.303520917892456, -2.5324480533599854, -1.6058082580566406, 0.2527958154678345, 1.340417504310608, -5.517802715301514, 1.0773712396621704, 1.2036107778549194, 2.5389604568481445, 10.829654693603516, 0.4836944043636322, -3.3581275939941406, 4.785422325134277, 6.643535614013672, 0.902395486831665, -4.963278770446777], [-0.5965907573699951, -5.879786014556885, 4.771922588348389, -0.22875484824180603, -0.4479176998138428, 3.4937796592712402, 3.660536050796509, -3.8494765758514404, -0.042613327503204346, 3.3868043422698975, 1.6802703142166138, -4.272446155548096, 1.1274442672729492, -2.885509729385376, 0.4836944043636322, 15.872312545776367, 6.144318103790283, 2.224165201187134, 2.446410655975342, 1.0183465480804443, -3.830869436264038], [-6.550416469573975, -2.6724863052368164, 1.064229965209961, -5.140240669250488, 1.4541268348693848, -0.383140504360199, -3.794675588607788, 3.7375404834747314, -4.403299331665039, 5.520810604095459, 1.049040675163269, 2.779198408126831, -9.070094108581543, -1.4035818576812744, -3.3581278324127197, 6.1443190574646, 23.195554733276367, -4.923050880432129, -6.336141586303711, 8.831962585449219, 1.5354238748550415], [3.3325164318084717, 5.337187767028809, -1.9539835453033447, -3.2405738830566406, 0.8153698444366455, -7.318185806274414, -0.48149147629737854, -2.696885108947754, 2.5565147399902344, 0.33571624755859375, -9.385260581970215, -3.3301470279693604, 5.5723795890808105, -2.6577181816101074, 4.785423278808594, 2.2241647243499756, -4.923050880432129, 28.478866577148438, 2.0665929317474365, -4.214250564575195, -7.8533124923706055], [-0.4489358365535736, 2.222255229949951, -6.448469638824463, 3.1525745391845703, -9.747502326965332, 9.21239948272705, -3.9831032752990723, -2.104552745819092, -2.4760708808898926, 4.52646017074585, -2.019031047821045, 0.28570228815078735, 1.3897985219955444, 2.252352476119995, 6.643536567687988, 2.4464101791381836, -6.336141586303711, 2.0665929317474365, 30.762706756591797, 2.2390799522399902, -2.816805362701416], [-8.12233829498291, -0.10604989528656006, 4.350910663604736, -1.3791686296463013, 5.740693092346191, 4.135592937469482, -6.040769100189209, 0.767551064491272, 0.11537832021713257, -3.389631509780884, -1.3304795026779175, 2.8742947578430176, -5.082401275634766, -2.9445996284484863, 0.902395486831665, 1.0183466672897339, 8.831962585449219, -4.214250564575195, 2.2390799522399902, 19.44551658630371, 2.34903621673584], [4.459885597229004, 1.9660691022872925, 1.735571265220642, 0.83205246925354, 3.255326509475708, -6.582533359527588, -2.365084409713745, -0.8176697492599487, 1.5415081977844238, -3.081578493118286, 0.9294708967208862, 4.429985523223877, -0.5524905323982239, -2.857862949371338, -4.963278770446777, -3.830869197845459, 1.535423994064331, -7.8533124923706055, -2.816805362701416, 2.34903621673584, 13.339052200317383]], "type": "heatmap"}], "layout": {"template": {"data": {"histogram2dcontour": [{"type": "histogram2dcontour", "colorbar": {"outlinewidth": 0, "ticks": ""}, "colorscale": [[0.0, "#0d0887"], [0.1111111111111111, "#46039f"], [0.2222222222222222, "#7201a8"], [0.3333333333333333, "#9c179e"], [0.4444444444444444, "#bd3786"], [0.5555555555555556, "#d8576b"], [0.6666666666666666, "#ed7953"], [0.7777777777777778, "#fb9f3a"], [0.8888888888888888, "#fdca26"], [1.0, "#f0f921"]]}], "choropleth": [{"type": "choropleth", "colorbar": {"outlinewidth": 0, "ticks": ""}}], "histogram2d": [{"type": "histogram2d", "colorbar": {"outlinewidth": 0, "ticks": ""}, "colorscale": [[0.0, "#0d0887"], [0.1111111111111111, "#46039f"], [0.2222222222222222, "#7201a8"], [0.3333333333333333, "#9c179e"], [0.4444444444444444, "#bd3786"], [0.5555555555555556, "#d8576b"], [0.6666666666666666, "#ed7953"], [0.7777777777777778, "#fb9f3a"], [0.8888888888888888, "#fdca26"], [1.0, "#f0f921"]]}], "heatmap": [{"type": "heatmap", "colorbar": {"outlinewidth": 0, "ticks": ""}, "colorscale": [[0.0, "#0d0887"], [0.1111111111111111, "#46039f"], [0.2222222222222222, "#7201a8"], [0.3333333333333333, "#9c179e"], [0.4444444444444444, "#bd3786"], [0.5555555555555556, "#d8576b"], [0.6666666666666666, "#ed7953"], [0.7777777777777778, "#fb9f3a"], [0.8888888888888888, "#fdca26"], [1.0, "#f0f921"]]}], "heatmapgl": [{"type": "heatmapgl", "colorbar": {"outlinewidth": 0, "ticks": ""}, "colorscale": [[0.0, "#0d0887"], [0.1111111111111111, "#46039f"], [0.2222222222222222, "#7201a8"], [0.3333333333333333, "#9c179e"], [0.4444444444444444, "#bd3786"], [0.5555555555555556, "#d8576b"], [0.6666666666666666, "#ed7953"], [0.7777777777777778, "#fb9f3a"], [0.8888888888888888, "#fdca26"], [1.0, "#f0f921"]]}], "contourcarpet": [{"type": "contourcarpet", "colorbar": {"outlinewidth": 0, "ticks": ""}}], "contour": [{"type": "contour", "colorbar": {"outlinewidth": 0, "ticks": ""}, "colorscale": [[0.0, "#0d0887"], [0.1111111111111111, "#46039f"], [0.2222222222222222, "#7201a8"], [0.3333333333333333, "#9c179e"], [0.4444444444444444, "#bd3786"], [0.5555555555555556, "#d8576b"], [0.6666666666666666, "#ed7953"], [0.7777777777777778, "#fb9f3a"], [0.8888888888888888, "#fdca26"], [1.0, "#f0f921"]]}], "surface": [{"type": "surface", "colorbar": {"outlinewidth": 0, "ticks": ""}, "colorscale": [[0.0, "#0d0887"], [0.1111111111111111, "#46039f"], [0.2222222222222222, "#7201a8"], [0.3333333333333333, "#9c179e"], [0.4444444444444444, "#bd3786"], [0.5555555555555556, "#d8576b"], [0.6666666666666666, "#ed7953"], [0.7777777777777778, "#fb9f3a"], [0.8888888888888888, "#fdca26"], [1.0, "#f0f921"]]}], "mesh3d": [{"type": "mesh3d", "colorbar": {"outlinewidth": 0, "ticks": ""}}], "scatter": [{"fillpattern": {"fillmode": "overlay", "size": 10, "solidity": 0.2}, "type": "scatter"}], "parcoords": [{"type": "parcoords", "line": {"colorbar": {"outlinewidth": 0, "ticks": ""}}}], "scatterpolargl": [{"type": "scatterpolargl", "marker": {"colorbar": {"outlinewidth": 0, "ticks": ""}}}], "bar": [{"error_x": {"color": "#2a3f5f"}, "error_y": {"color": "#2a3f5f"}, "marker": {"line": {"color": "#E5ECF6", "width": 0.5}, "pattern": {"fillmode": "overlay", "size": 10, "solidity": 0.2}}, "type": "bar"}], "scattergeo": [{"type": "scattergeo", "marker": {"colorbar": {"outlinewidth": 0, "ticks": ""}}}], "scatterpolar": [{"type": "scatterpolar", "marker": {"colorbar": {"outlinewidth": 0, "ticks": ""}}}], "histogram": [{"marker": {"pattern": {"fillmode": "overlay", "size": 10, "solidity": 0.2}}, "type": "histogram"}], "scattergl": [{"type": "scattergl", "marker": {"colorbar": {"outlinewidth": 0, "ticks": ""}}}], "scatter3d": [{"type": "scatter3d", "line": {"colorbar": {"outlinewidth": 0, "ticks": ""}}, "marker": {"colorbar": {"outlinewidth": 0, "ticks": ""}}}], "scattermapbox": [{"type": "scattermapbox", "marker": {"colorbar": {"outlinewidth": 0, "ticks": ""}}}], "scatterternary": [{"type": "scatterternary", "marker": {"colorbar": {"outlinewidth": 0, "ticks": ""}}}], "scattercarpet": [{"type": "scattercarpet", "marker": {"colorbar": {"outlinewidth": 0, "ticks": ""}}}], "carpet": [{"aaxis": {"endlinecolor": "#2a3f5f", "gridcolor": "white", "linecolor": "white", "minorgridcolor": "white", "startlinecolor": "#2a3f5f"}, "baxis": {"endlinecolor": "#2a3f5f", "gridcolor": "white", "linecolor": "white", "minorgridcolor": "white", "startlinecolor": "#2a3f5f"}, "type": "carpet"}], "table": [{"cells": {"fill": {"color": "#EBF0F8"}, "line": {"color": "white"}}, "header": {"fill": {"color": "#C8D4E3"}, "line": {"color": "white"}}, "type": "table"}], "barpolar": [{"marker": {"line": {"color": "#E5ECF6", "width": 0.5}, "pattern": {"fillmode": "overlay", "size": 10, "solidity": 0.2}}, "type": "barpolar"}], "pie": [{"automargin": true, "type": "pie"}]}, "layout": {"autotypenumbers": "strict", "colorway": ["#636efa", "#EF553B", "#00cc96", "#ab63fa", "#FFA15A", "#19d3f3", "#FF6692", "#B6E880", "#FF97FF", "#FECB52"], "font": {"color": "#2a3f5f"}, "hovermode": "closest", "hoverlabel": {"align": "left"}, "paper_bgcolor": "white", "plot_bgcolor": "#E5ECF6", "polar": {"bgcolor": "#E5ECF6", "angularaxis": {"gridcolor": "white", "linecolor": "white", "ticks": ""}, "radialaxis": {"gridcolor": "white", "linecolor": "white", "ticks": ""}}, "ternary": {"bgcolor": "#E5ECF6", "aaxis": {"gridcolor": "white", "linecolor": "white", "ticks": ""}, "baxis": {"gridcolor": "white", "linecolor": "white", "ticks": ""}, "caxis": {"gridcolor": "white", "linecolor": "white", "ticks": ""}}, "coloraxis": {"colorbar": {"outlinewidth": 0, "ticks": ""}}, "colorscale": {"sequential": [[0.0, "#0d0887"], [0.1111111111111111, "#46039f"], [0.2222222222222222, "#7201a8"], [0.3333333333333333, "#9c179e"], [0.4444444444444444, "#bd3786"], [0.5555555555555556, "#d8576b"], [0.6666666666666666, "#ed7953"], [0.7777777777777778, "#fb9f3a"], [0.8888888888888888, "#fdca26"], [1.0, "#f0f921"]], "sequentialminus": [[0.0, "#0d0887"], [0.1111111111111111, "#46039f"], [0.2222222222222222, "#7201a8"], [0.3333333333333333, "#9c179e"], [0.4444444444444444, "#bd3786"], [0.5555555555555556, "#d8576b"], [0.6666666666666666, "#ed7953"], [0.7777777777777778, "#fb9f3a"], [0.8888888888888888, "#fdca26"], [1.0, "#f0f921"]], "diverging": [[0, "#8e0152"], [0.1, "#c51b7d"], [0.2, "#de77ae"], [0.3, "#f1b6da"], [0.4, "#fde0ef"], [0.5, "#f7f7f7"], [0.6, "#e6f5d0"], [0.7, "#b8e186"], [0.8, "#7fbc41"], [0.9, "#4d9221"], [1, "#276419"]]}, "xaxis": {"gridcolor": "white", "linecolor": "white", "ticks": "", "title": {"standoff": 15}, "zerolinecolor": "white", "automargin": true, "zerolinewidth": 2}, "yaxis": {"gridcolor": "white", "linecolor": "white", "ticks": "", "title": {"standoff": 15}, "zerolinecolor": "white", "automargin": true, "zerolinewidth": 2}, "scene": {"xaxis": {"backgroundcolor": "#E5ECF6", "gridcolor": "white", "linecolor": "white", "showbackground": true, "ticks": "", "zerolinecolor": "white", "gridwidth": 2}, "yaxis": {"backgroundcolor": "#E5ECF6", "gridcolor": "white", "linecolor": "white", "showbackground": true, "ticks": "", "zerolinecolor": "white", "gridwidth": 2}, "zaxis": {"backgroundcolor": "#E5ECF6", "gridcolor": "white", "linecolor": "white", "showbackground": true, "ticks": "", "zerolinecolor": "white", "gridwidth": 2}}, "shapedefaults": {"line": {"color": "#2a3f5f"}}, "annotationdefaults": {"arrowcolor": "#2a3f5f", "arrowhead": 0, "arrowwidth": 1}, "geo": {"bgcolor": "white", "landcolor": "#E5ECF6", "subunitcolor": "white", "showland": true, "showlakes": true, "lakecolor": "white"}, "title": {"x": 0.05}, "mapbox": {"style": "light"}}}}}