{"data": [{"z": [[31.711122512817383, -0.7134736180305481, 4.078099250793457, 0.47418320178985596, -7.127087593078613, -8.155364036560059, 6.214888095855713, 0.8620423674583435, 5.935385704040527, -9.066948890686035, -2.696746826171875, 0.5109224319458008, 0.6530691385269165, -6.3589043617248535, -5.575509548187256, -1.0320563316345215, -8.980545997619629, 5.220479965209961, -1.031320333480835, -11.235057830810547, 4.84837532043457], [-0.7134736180305481, 30.322622299194336, -0.29787570238113403, -5.826869964599609, 8.931554794311523, -10.585372924804688, -5.5007243156433105, -6.480741024017334, -0.263101190328598, -2.291994333267212, -5.904636859893799, 12.79150104522705, 7.097011089324951, -2.6001341342926025, 9.50009536743164, -8.396040916442871, -4.775601863861084, 8.797128677368164, 2.5606884956359863, 0.17938780784606934, 2.1885318756103516], [4.078099250793457, -0.29787570238113403, 18.129030227661133, -2.1301376819610596, 2.5998008251190186, -0.11513831466436386, 10.327109336853027, -5.129520893096924, 0.2683687210083008, -4.976789474487305, 1.9667997360229492, -1.0093923807144165, 1.8654873371124268, -5.645498752593994, -4.187577247619629, 4.600027561187744, -1.1590332984924316, -2.779201030731201, -7.178271293640137, 3.5969560146331787, 2.0408029556274414], [0.47418320178985596, -5.826869964599609, -2.1301376819610596, 28.342235565185547, -6.022284984588623, 7.278406143188477, 6.340203285217285, -1.530635952949524, 1.7286810874938965, 1.4617247581481934, 1.1043614149093628, 3.2949740886688232, 3.3382885456085205, -1.2402384281158447, -0.08438844233751297, 0.8920333385467529, -6.8950042724609375, -5.508447170257568, 5.488381862640381, -1.8865272998809814, 0.5227011442184448], [-7.127087593078613, 8.931554794311523, 2.5998008251190186, -6.022284984588623, 25.045778274536133, -7.918373107910156, -2.1766815185546875, -5.4428300857543945, 2.00893235206604, -6.318653106689453, -1.5265636444091797, 2.829294204711914, 1.193878412246704, -2.2549500465393066, 2.287747383117676, -2.7507851123809814, 1.8599631786346436, 1.3837676048278809, -11.640851020812988, 6.919520854949951, 4.219476699829102], [-8.155364036560059, -10.585372924804688, -0.11513831466436386, 7.278406143188477, -7.918373107910156, 39.161964416503906, 5.197394847869873, 2.3454766273498535, -0.7557200789451599, 3.0834085941314697, 0.2634623348712921, -14.29421329498291, -1.940788984298706, -0.04373982921242714, 0.5181761384010315, 5.365815162658691, -1.9447648525238037, -10.977693557739258, 11.092909812927246, 3.6077182292938232, -6.903570652008057], [6.214888095855713, -5.5007243156433105, 10.327109336853027, 6.340203285217285, -2.1766815185546875, 5.197394847869873, 24.463499069213867, -2.3868815898895264, 1.410836935043335, 2.033677816390991, 2.6087968349456787, -3.5740158557891846, 3.691844940185547, 1.0780388116836548, -3.3491051197052, 6.1114821434021, -4.951750755310059, -0.5443735122680664, -2.426053762435913, -6.409874439239502, -3.1947576999664307], [0.8620423674583435, -6.480741024017334, -5.129520893096924, -1.530635952949524, -5.4428300857543945, 2.3454766273498535, -2.3868815898895264, 15.968611717224121, -2.4619088172912598, -2.7746613025665283, 2.49417781829834, -3.9690117835998535, -6.817836761474609, 2.5168802738189697, -3.1433300971984863, -5.438838005065918, 4.368868827819824, -4.829238414764404, -3.636125087738037, -0.36329418420791626, -0.5468599796295166], [5.935385704040527, -0.263101190328598, 0.2683687210083008, 1.7286810874938965, 2.00893235206604, -0.7557200789451599, 1.410836935043335, -2.4619088172912598, 21.921743392944336, -4.384965896606445, 1.562336802482605, -4.733357906341553, 8.131241798400879, -5.251669883728027, -0.18305616080760956, 0.3780072033405304, -5.965911388397217, 3.185110569000244, -2.272141933441162, -0.7044826745986938, 1.5115275382995605], [-9.066948890686035, -2.291994333267212, -4.976789474487305, 1.4617247581481934, -6.318653106689453, 3.0834085941314697, 2.033677816390991, -2.7746613025665283, -4.384965896606445, 32.55313491821289, 4.746257305145264, -1.4370096921920776, -6.956394195556641, 4.02615213394165, -0.08665131777524948, 4.94284725189209, 7.733800888061523, -0.7329635620117188, 4.840696334838867, -3.7544336318969727, -3.330421209335327], [-2.696746826171875, -5.904636859893799, 1.9667997360229492, 1.1043614149093628, -1.5265636444091797, 0.2634623348712921, 2.6087968349456787, 2.49417781829834, 1.562336802482605, 4.746257305145264, 24.636110305786133, -2.248304843902588, 3.009019136428833, 0.7847433090209961, -7.242720127105713, 2.0732455253601074, 1.6238024234771729, -11.796393394470215, -3.1868786811828613, -1.650431752204895, 0.8796677589416504], [0.5109224319458008, 12.79150104522705, -1.0093923807144165, 3.2949740886688232, 2.829294204711914, -14.29421329498291, -3.5740158557891846, -3.9690117835998535, -4.733357906341553, -1.4370096921920776, -2.248304843902588, 29.306766510009766, 3.20475697517395, 4.899093151092529, 2.1699085235595703, -6.216463565826416, 3.0663933753967285, -2.0438449382781982, 0.34305787086486816, 5.118305206298828, 5.06568717956543], [0.6530691385269165, 7.097011089324951, 1.8654873371124268, 3.3382885456085205, 1.193878412246704, -1.940788984298706, 3.691844940185547, -6.817836761474609, 8.131241798400879, -6.956394195556641, 3.009019136428833, 3.20475697517395, 25.028715133666992, 2.0910775661468506, 2.322784185409546, 0.06442911177873611, -12.627782821655273, 7.114527702331543, 2.7441487312316895, -5.619174003601074, -0.22303634881973267], [-6.3589043617248535, -2.6001341342926025, -5.645498752593994, -1.2402384281158447, -2.2549500465393066, -0.04373982921242714, 1.0780388116836548, 2.5168802738189697, -5.251669883728027, 4.02615213394165, 0.7847433090209961, 4.899093151092529, 2.0910775661468506, 20.126461029052734, 2.6895196437835693, -4.979868412017822, -1.8981399536132812, -3.8518261909484863, 2.249310255050659, -3.0172317028045654, -2.651858329772949], [-5.575509548187256, 9.50009536743164, -4.187577247619629, -0.08438844233751297, 2.287747383117676, 0.5181761384010315, -3.3491051197052, -3.1433300971984863, -0.18305616080760956, -0.08665131777524948, -7.242720127105713, 2.1699085235595703, 2.322784185409546, 2.6895196437835693, 12.510796546936035, -1.2751471996307373, -5.932311058044434, 6.026040077209473, 8.031911849975586, 0.0644683837890625, -4.79648494720459], [-1.0320563316345215, -8.396040916442871, 4.600027561187744, 0.8920333385467529, -2.7507851123809814, 5.365815162658691, 6.1114821434021, -5.438838005065918, 0.3780072033405304, 4.94284725189209, 2.0732455253601074, -6.216463565826416, 0.06442911177873611, -4.979868412017822, -1.2751471996307373, 19.053707122802734, 6.493122577667236, 1.8244261741638184, 2.5850796699523926, 0.8915612697601318, -4.231640338897705], [-8.980545997619629, -4.775601387023926, -1.1590330600738525, -6.8950042724609375, 1.859963297843933, -1.9447649717330933, -4.951751708984375, 4.368869781494141, -5.965910911560059, 7.733799934387207, 1.6238021850585938, 3.0663933753967285, -12.627782821655273, -1.8981400728225708, -5.932311058044434, 6.493122100830078, 27.503116607666016, -6.9259538650512695, -9.714754104614258, 10.862421989440918, 1.8478641510009766], [5.220479488372803, 8.797127723693848, -2.779200792312622, -5.508447170257568, 1.3837677240371704, -10.977694511413574, -0.5443738698959351, -4.829238414764404, 3.185110569000244, -0.7329633831977844, -11.796392440795898, -2.0438449382781982, 7.114527225494385, -3.8518266677856445, 6.026040077209473, 1.824426293373108, -6.9259538650512695, 33.87181091308594, 2.1627135276794434, -5.785741806030273, -7.861708164215088], [-1.0313204526901245, 2.560687780380249, -7.178271293640137, 5.488381862640381, -11.640851020812988, 11.092909812927246, -2.426054000854492, -3.6361241340637207, -2.272142171859741, 4.840696811676025, -3.1868791580200195, 0.3430580496788025, 2.7441484928131104, 2.24931001663208, 8.031911849975586, 2.5850789546966553, -9.714754104614258, 2.1627135276794434, 35.7125129699707, 1.8440792560577393, -3.1969895362854004], [-11.235058784484863, 0.17938818037509918, 3.5969557762145996, -1.8865272998809814, 6.919520854949951, 3.6077189445495605, -6.409875869750977, -0.36329394578933716, -0.7044828534126282, -3.7544336318969727, -1.6504319906234741, 5.118305206298828, -5.619174480438232, -3.0172317028045654, 0.06446852535009384, 0.8915612101554871, 10.862421989440918, -5.785741806030273, 1.8440792560577393, 23.325769424438477, 2.6561951637268066], [4.84837532043457, 2.1885321140289307, 2.0408034324645996, 0.5227015018463135, 4.219476222991943, -6.903571605682373, -3.1947574615478516, -0.5468601584434509, 1.511527419090271, -3.330420970916748, 0.8796676397323608, 5.065687656402588, -0.2230362892150879, -2.6518588066101074, -4.79648494720459, -4.231639862060547, 1.8478641510009766, -7.86170768737793, -3.1969900131225586, 2.656195640563965, 13.339052200317383]], "type": "heatmap"}], "layout": {"template": {"data": {"histogram2dcontour": [{"type": "histogram2dcontour", "colorbar": {"outlinewidth": 0, "ticks": ""}, "colorscale": [[0.0, "#0d0887"], [0.1111111111111111, "#46039f"], [0.2222222222222222, "#7201a8"], [0.3333333333333333, "#9c179e"], [0.4444444444444444, "#bd3786"], [0.5555555555555556, "#d8576b"], [0.6666666666666666, "#ed7953"], [0.7777777777777778, "#fb9f3a"], [0.8888888888888888, "#fdca26"], [1.0, "#f0f921"]]}], "choropleth": [{"type": "choropleth", "colorbar": {"outlinewidth": 0, "ticks": ""}}], "histogram2d": [{"type": "histogram2d", "colorbar": {"outlinewidth": 0, "ticks": ""}, "colorscale": [[0.0, "#0d0887"], [0.1111111111111111, "#46039f"], [0.2222222222222222, "#7201a8"], [0.3333333333333333, "#9c179e"], [0.4444444444444444, "#bd3786"], [0.5555555555555556, "#d8576b"], [0.6666666666666666, "#ed7953"], [0.7777777777777778, "#fb9f3a"], [0.8888888888888888, "#fdca26"], [1.0, "#f0f921"]]}], "heatmap": [{"type": "heatmap", "colorbar": {"outlinewidth": 0, "ticks": ""}, "colorscale": [[0.0, "#0d0887"], [0.1111111111111111, "#46039f"], [0.2222222222222222, "#7201a8"], [0.3333333333333333, "#9c179e"], [0.4444444444444444, "#bd3786"], [0.5555555555555556, "#d8576b"], [0.6666666666666666, "#ed7953"], [0.7777777777777778, "#fb9f3a"], [0.8888888888888888, "#fdca26"], [1.0, "#f0f921"]]}], "heatmapgl": [{"type": "heatmapgl", "colorbar": {"outlinewidth": 0, "ticks": ""}, "colorscale": [[0.0, "#0d0887"], [0.1111111111111111, "#46039f"], [0.2222222222222222, "#7201a8"], [0.3333333333333333, "#9c179e"], [0.4444444444444444, "#bd3786"], [0.5555555555555556, "#d8576b"], [0.6666666666666666, "#ed7953"], [0.7777777777777778, "#fb9f3a"], [0.8888888888888888, "#fdca26"], [1.0, "#f0f921"]]}], "contourcarpet": [{"type": "contourcarpet", "colorbar": {"outlinewidth": 0, "ticks": ""}}], "contour": [{"type": "contour", "colorbar": {"outlinewidth": 0, "ticks": ""}, "colorscale": [[0.0, "#0d0887"], [0.1111111111111111, "#46039f"], [0.2222222222222222, "#7201a8"], [0.3333333333333333, "#9c179e"], [0.4444444444444444, "#bd3786"], [0.5555555555555556, "#d8576b"], [0.6666666666666666, "#ed7953"], [0.7777777777777778, "#fb9f3a"], [0.8888888888888888, "#fdca26"], [1.0, "#f0f921"]]}], "surface": [{"type": "surface", "colorbar": {"outlinewidth": 0, "ticks": ""}, "colorscale": [[0.0, "#0d0887"], [0.1111111111111111, "#46039f"], [0.2222222222222222, "#7201a8"], [0.3333333333333333, "#9c179e"], [0.4444444444444444, "#bd3786"], [0.5555555555555556, "#d8576b"], [0.6666666666666666, "#ed7953"], [0.7777777777777778, "#fb9f3a"], [0.8888888888888888, "#fdca26"], [1.0, "#f0f921"]]}], "mesh3d": [{"type": "mesh3d", "colorbar": {"outlinewidth": 0, "ticks": ""}}], "scatter": [{"fillpattern": {"fillmode": "overlay", "size": 10, "solidity": 0.2}, "type": "scatter"}], "parcoords": [{"type": "parcoords", "line": {"colorbar": {"outlinewidth": 0, "ticks": ""}}}], "scatterpolargl": [{"type": "scatterpolargl", "marker": {"colorbar": {"outlinewidth": 0, "ticks": ""}}}], "bar": [{"error_x": {"color": "#2a3f5f"}, "error_y": {"color": "#2a3f5f"}, "marker": {"line": {"color": "#E5ECF6", "width": 0.5}, "pattern": {"fillmode": "overlay", "size": 10, "solidity": 0.2}}, "type": "bar"}], "scattergeo": [{"type": "scattergeo", "marker": {"colorbar": {"outlinewidth": 0, "ticks": ""}}}], "scatterpolar": [{"type": "scatterpolar", "marker": {"colorbar": {"outlinewidth": 0, "ticks": ""}}}], "histogram": [{"marker": {"pattern": {"fillmode": "overlay", "size": 10, "solidity": 0.2}}, "type": "histogram"}], "scattergl": [{"type": "scattergl", "marker": {"colorbar": {"outlinewidth": 0, "ticks": ""}}}], "scatter3d": [{"type": "scatter3d", "line": {"colorbar": {"outlinewidth": 0, "ticks": ""}}, "marker": {"colorbar": {"outlinewidth": 0, "ticks": ""}}}], "scattermapbox": [{"type": "scattermapbox", "marker": {"colorbar": {"outlinewidth": 0, "ticks": ""}}}], "scatterternary": [{"type": "scatterternary", "marker": {"colorbar": {"outlinewidth": 0, "ticks": ""}}}], "scattercarpet": [{"type": "scattercarpet", "marker": {"colorbar": {"outlinewidth": 0, "ticks": ""}}}], "carpet": [{"aaxis": {"endlinecolor": "#2a3f5f", "gridcolor": "white", "linecolor": "white", "minorgridcolor": "white", "startlinecolor": "#2a3f5f"}, "baxis": {"endlinecolor": "#2a3f5f", "gridcolor": "white", "linecolor": "white", "minorgridcolor": "white", "startlinecolor": "#2a3f5f"}, "type": "carpet"}], "table": [{"cells": {"fill": {"color": "#EBF0F8"}, "line": {"color": "white"}}, "header": {"fill": {"color": "#C8D4E3"}, "line": {"color": "white"}}, "type": "table"}], "barpolar": [{"marker": {"line": {"color": "#E5ECF6", "width": 0.5}, "pattern": {"fillmode": "overlay", "size": 10, "solidity": 0.2}}, "type": "barpolar"}], "pie": [{"automargin": true, "type": "pie"}]}, "layout": {"autotypenumbers": "strict", "colorway": ["#636efa", "#EF553B", "#00cc96", "#ab63fa", "#FFA15A", "#19d3f3", "#FF6692", "#B6E880", "#FF97FF", "#FECB52"], "font": {"color": "#2a3f5f"}, "hovermode": "closest", "hoverlabel": {"align": "left"}, "paper_bgcolor": "white", "plot_bgcolor": "#E5ECF6", "polar": {"bgcolor": "#E5ECF6", "angularaxis": {"gridcolor": "white", "linecolor": "white", "ticks": ""}, "radialaxis": {"gridcolor": "white", "linecolor": "white", "ticks": ""}}, "ternary": {"bgcolor": "#E5ECF6", "aaxis": {"gridcolor": "white", "linecolor": "white", "ticks": ""}, "baxis": {"gridcolor": "white", "linecolor": "white", "ticks": ""}, "caxis": {"gridcolor": "white", "linecolor": "white", "ticks": ""}}, "coloraxis": {"colorbar": {"outlinewidth": 0, "ticks": ""}}, "colorscale": {"sequential": [[0.0, "#0d0887"], [0.1111111111111111, "#46039f"], [0.2222222222222222, "#7201a8"], [0.3333333333333333, "#9c179e"], [0.4444444444444444, "#bd3786"], [0.5555555555555556, "#d8576b"], [0.6666666666666666, "#ed7953"], [0.7777777777777778, "#fb9f3a"], [0.8888888888888888, "#fdca26"], [1.0, "#f0f921"]], "sequentialminus": [[0.0, "#0d0887"], [0.1111111111111111, "#46039f"], [0.2222222222222222, "#7201a8"], [0.3333333333333333, "#9c179e"], [0.4444444444444444, "#bd3786"], [0.5555555555555556, "#d8576b"], [0.6666666666666666, "#ed7953"], [0.7777777777777778, "#fb9f3a"], [0.8888888888888888, "#fdca26"], [1.0, "#f0f921"]], "diverging": [[0, "#8e0152"], [0.1, "#c51b7d"], [0.2, "#de77ae"], [0.3, "#f1b6da"], [0.4, "#fde0ef"], [0.5, "#f7f7f7"], [0.6, "#e6f5d0"], [0.7, "#b8e186"], [0.8, "#7fbc41"], [0.9, "#4d9221"], [1, "#276419"]]}, "xaxis": {"gridcolor": "white", "linecolor": "white", "ticks": "", "title": {"standoff": 15}, "zerolinecolor": "white", "automargin": true, "zerolinewidth": 2}, "yaxis": {"gridcolor": "white", "linecolor": "white", "ticks": "", "title": {"standoff": 15}, "zerolinecolor": "white", "automargin": true, "zerolinewidth": 2}, "scene": {"xaxis": {"backgroundcolor": "#E5ECF6", "gridcolor": "white", "linecolor": "white", "showbackground": true, "ticks": "", "zerolinecolor": "white", "gridwidth": 2}, "yaxis": {"backgroundcolor": "#E5ECF6", "gridcolor": "white", "linecolor": "white", "showbackground": true, "ticks": "", "zerolinecolor": "white", "gridwidth": 2}, "zaxis": {"backgroundcolor": "#E5ECF6", "gridcolor": "white", "linecolor": "white", "showbackground": true, "ticks": "", "zerolinecolor": "white", "gridwidth": 2}}, "shapedefaults": {"line": {"color": "#2a3f5f"}}, "annotationdefaults": {"arrowcolor": "#2a3f5f", "arrowhead": 0, "arrowwidth": 1}, "geo": {"bgcolor": "white", "landcolor": "#E5ECF6", "subunitcolor": "white", "showland": true, "showlakes": true, "lakecolor": "white"}, "title": {"x": 0.05}, "mapbox": {"style": "light"}}}}}