{"data": [{"z": [[27.186906814575195, -0.1830204725265503, 3.8195865154266357, 0.8954294323921204, -5.7179856300354, -6.916646957397461, 5.852701187133789, 1.4268052577972412, 4.554708480834961, -6.654115200042725, -1.354449987411499, 1.5652827024459839, 0.2146042436361313, -4.581979751586914, -5.060834884643555, -0.6003237962722778, -6.55328369140625, 3.3298981189727783, -0.4505455493927002, -8.125569343566895, 4.461392879486084], [-0.1830204725265503, 24.15050506591797, 0.7015048861503601, -3.0406746864318848, 5.971888065338135, -5.879034042358398, -3.454399347305298, -3.680387258529663, -0.30022555589675903, -0.3507860600948334, -3.6808342933654785, 9.122944831848145, 3.8604588508605957, -2.8344831466674805, 6.708719253540039, -5.883224010467529, -2.6747443675994873, 5.336649417877197, 2.2222914695739746, -0.10684442520141602, 1.9669816493988037], [3.8195865154266357, 0.7015048861503601, 16.152679443359375, -1.9689792394638062, 3.521563768386841, -0.42748209834098816, 8.941261291503906, -3.316903829574585, -0.02048005722463131, -3.0641727447509766, 2.4945099353790283, 0.83839350938797, 1.427958369255066, -4.014005184173584, -2.925565719604492, 4.768890380859375, 1.0613337755203247, -1.956162929534912, -6.450141429901123, 4.348902225494385, 1.7365820407867432], [0.8954294323921204, -3.0406746864318848, -1.9689792394638062, 23.79452896118164, -3.3439414501190186, 4.8966898918151855, 3.8874993324279785, -0.8406205177307129, 1.4485198259353638, 0.5564756393432617, 0.2984101474285126, 4.521554470062256, 3.385157346725464, -0.4457554519176483, 0.8163874745368958, -0.23241747915744781, -5.142784118652344, -3.2437310218811035, 3.152031898498535, -1.3812025785446167, 0.8328482508659363], [-5.7179856300354, 5.971888065338135, 3.521563768386841, -3.3439414501190186, 22.282381057739258, -4.196386814117432, 0.2912391126155853, -4.48702335357666, 2.589108467102051, -5.028739929199219, -0.7509050965309143, 0.7157496809959412, 0.9032219648361206, -1.951984167098999, 2.135993480682373, -0.45160841941833496, 1.4515187740325928, 0.813774824142456, -9.748601913452148, 5.740215301513672, 3.2564003467559814], [-6.916646957397461, -5.879034042358398, -0.42748209834098816, 4.8966898918151855, -4.196386814117432, 33.08303451538086, 1.5469164848327637, 1.8791629076004028, -1.3745148181915283, 2.638631582260132, -0.7964840531349182, -9.890649795532227, -0.5933136940002441, 0.4996267855167389, 2.301762342453003, 3.492478132247925, -0.3850998282432556, -7.320396423339844, 9.212532043457031, 4.134590148925781, -6.582485198974609], [5.852701187133789, -3.454399347305298, 8.941261291503906, 3.8874993324279785, 0.2912391126155853, 1.5469164848327637, 20.33230972290039, -1.4477558135986328, -0.30225834250450134, 1.813560128211975, 1.5709537267684937, -1.7818406820297241, 2.360764503479004, 1.9591007232666016, -2.5332565307617188, 3.6608223915100098, -3.7948551177978516, -0.481839656829834, -3.983151912689209, -6.041265487670898, -2.365509033203125], [1.4268052577972412, -3.680387258529663, -3.316903829574585, -0.8406205177307129, -4.48702335357666, 1.8791629076004028, -1.4477558135986328, 14.494536399841309, -1.2644555568695068, -2.749674081802368, 1.8054637908935547, -1.6538904905319214, -4.591796875, 1.8097516298294067, -1.6086357831954956, -3.854658603668213, 3.7335705757141113, -2.6988418102264404, -2.1057868003845215, 0.7643189430236816, -0.8162349462509155], [4.554708480834961, -0.30022555589675903, -0.02048005722463131, 1.4485198259353638, 2.589108467102051, -1.3745148181915283, -0.30225834250450134, -1.2644555568695068, 18.444198608398438, -3.701676368713379, 1.4954575300216675, -3.5792949199676514, 6.895532608032227, -3.6927249431610107, 0.25069373846054077, -0.044629957526922226, -4.406028747558594, 2.555036783218384, -2.476921558380127, 0.11361253261566162, 1.5419657230377197], [-6.654115200042725, -0.3507860600948334, -3.0641727447509766, 0.5564756393432617, -5.028739929199219, 2.638631582260132, 1.813560128211975, -2.749674081802368, -3.701676368713379, 27.874889373779297, 4.0735907554626465, -1.0815414190292358, -4.226649761199951, 4.188065052032471, 1.3378849029541016, 3.3858449459075928, 5.518925666809082, 0.33518242835998535, 4.525944232940674, -3.392268657684326, -3.081634998321533], [-1.354449987411499, -3.6808342933654785, 2.4945099353790283, 0.2984101474285126, -0.7509050965309143, -0.7964840531349182, 1.5709537267684937, 1.8054637908935547, 1.4954575300216675, 4.0735907554626465, 21.434423446655273, -0.32694172859191895, 3.529818534851074, 0.9057921767234802, -5.519712448120117, 1.6782176494598389, 1.0469207763671875, -9.386995315551758, -2.0199289321899414, -1.3321400880813599, 0.9298828840255737], [1.5652827024459839, 9.122944831848145, 0.83839350938797, 4.521554470062256, 0.7157496809959412, -9.890649795532227, -1.7818406820297241, -1.6538904905319214, -3.5792949199676514, -1.0815414190292358, -0.32694172859191895, 24.124881744384766, 1.7398520708084106, 4.120556354522705, 1.0763142108917236, -4.275645732879639, 2.7769689559936523, -3.330927610397339, 0.28572702407836914, 2.8744382858276367, 4.4303388595581055], [0.2146042436361313, 3.8604588508605957, 1.427958369255066, 3.385157346725464, 0.9032219648361206, -0.5933136940002441, 2.360764503479004, -4.591796875, 6.895532608032227, -4.226649761199951, 3.529818534851074, 1.7398520708084106, 20.88425064086914, 2.244102954864502, 1.2020572423934937, 1.1240921020507812, -9.073838233947754, 5.571342468261719, 1.3889901638031006, -5.083628177642822, -0.5517574548721313], [-4.581979751586914, -2.8344831466674805, -4.014005184173584, -0.4457554519176483, -1.951984167098999, 0.4996267855167389, 1.9591007232666016, 1.8097516298294067, -3.6927249431610107, 4.188065052032471, 0.9057921767234802, 4.120556354522705, 2.244102954864502, 17.606016159057617, 2.5367953777313232, -2.8893213272094727, -1.40753173828125, -2.6603004932403564, 2.2513699531555176, -2.9467084407806396, -2.856752872467041], [-5.060834884643555, 6.708719253540039, -2.925565719604492, 0.8163874745368958, 2.135993480682373, 2.301762342453003, -2.5332565307617188, -1.6086357831954956, 0.25069373846054077, 1.3378849029541016, -5.519712448120117, 1.0763142108917236, 1.2020572423934937, 2.5367953777313232, 10.82877254486084, 0.48079630732536316, -3.3612723350524902, 4.7838969230651855, 6.643233776092529, 0.900843620300293, -4.962851524353027], [-0.6003237962722778, -5.883224010467529, 4.768890380859375, -0.23241747915744781, -0.45160841941833496, 3.492478132247925, 3.6608223915100098, -3.854658603668213, -0.044629957526922226, 3.3858449459075928, 1.6782176494598389, -4.275645732879639, 1.1240921020507812, -2.8893213272094727, 0.48079630732536316, 15.87040901184082, 6.141368389129639, 2.2227108478546143, 2.4456896781921387, 1.015300989151001, -3.830972194671631], [-6.553282737731934, -2.6747446060180664, 1.0613338947296143, -5.142784118652344, 1.451519250869751, -0.3850995898246765, -3.7948553562164307, 3.7335705757141113, -4.406029224395752, 5.518927097320557, 1.0469214916229248, 2.7769691944122314, -9.073838233947754, -1.4075312614440918, -3.3612723350524902, 6.141368389129639, 23.192895889282227, -4.925357341766357, -6.338535308837891, 8.829923629760742, 1.5357333421707153], [3.3298983573913574, 5.3366498947143555, -1.9561628103256226, -3.2437307834625244, 0.8137735724449158, -7.320395469665527, -0.48183974623680115, -2.6988420486450195, 2.555036783218384, 0.3351832330226898, -9.386994361877441, -3.330927610397339, 5.571342468261719, -2.6603007316589355, 4.783897399902344, 2.222710609436035, -4.925357341766357, 28.47861099243164, 2.065858840942383, -4.216297626495361, -7.852846145629883], [-0.45054566860198975, 2.2222912311553955, -6.450141429901123, 3.1520323753356934, -9.748602867126465, 9.212532043457031, -3.98315167427063, -2.105787515640259, -2.476921319961548, 4.525944232940674, -2.0199286937713623, 0.2857261002063751, 1.3889902830123901, 2.2513699531555176, 6.643233776092529, 2.4456896781921387, -6.338535308837891, 2.065858840942383, 30.764423370361328, 2.2385306358337402, -2.81697416305542], [-8.125570297241211, -0.10684449225664139, 4.348902225494385, -1.3812024593353271, 5.740214824676514, 4.134588718414307, -6.041265487670898, 0.7643190622329712, 0.11361261457204819, -3.392268419265747, -1.3321406841278076, 2.8744380474090576, -5.083627700805664, -2.9467082023620605, 0.9008437395095825, 1.015300989151001, 8.829923629760742, -4.216297626495361, 2.2385306358337402, 19.4469051361084, 2.3496346473693848], [4.461393356323242, 1.9669817686080933, 1.7365822792053223, 0.832848310470581, 3.2564005851745605, -6.582484722137451, -2.365509033203125, -0.8162348866462708, 1.5419656038284302, -3.081634759902954, 0.9298831224441528, 4.430339336395264, -0.5517571568489075, -2.85675311088562, -4.962850570678711, -3.830972194671631, 1.5357331037521362, -7.852846145629883, -2.81697416305542, 2.349635124206543, 13.339052200317383]], "type": "heatmap"}], "layout": {"template": {"data": {"histogram2dcontour": [{"type": "histogram2dcontour", "colorbar": {"outlinewidth": 0, "ticks": ""}, "colorscale": [[0.0, "#0d0887"], [0.1111111111111111, "#46039f"], [0.2222222222222222, "#7201a8"], [0.3333333333333333, "#9c179e"], [0.4444444444444444, "#bd3786"], [0.5555555555555556, "#d8576b"], [0.6666666666666666, "#ed7953"], [0.7777777777777778, "#fb9f3a"], [0.8888888888888888, "#fdca26"], [1.0, "#f0f921"]]}], "choropleth": [{"type": "choropleth", "colorbar": {"outlinewidth": 0, "ticks": ""}}], "histogram2d": [{"type": "histogram2d", "colorbar": {"outlinewidth": 0, "ticks": ""}, "colorscale": [[0.0, "#0d0887"], [0.1111111111111111, "#46039f"], [0.2222222222222222, "#7201a8"], [0.3333333333333333, "#9c179e"], [0.4444444444444444, "#bd3786"], [0.5555555555555556, "#d8576b"], [0.6666666666666666, "#ed7953"], [0.7777777777777778, "#fb9f3a"], [0.8888888888888888, "#fdca26"], [1.0, "#f0f921"]]}], "heatmap": [{"type": "heatmap", "colorbar": {"outlinewidth": 0, "ticks": ""}, "colorscale": [[0.0, "#0d0887"], [0.1111111111111111, "#46039f"], [0.2222222222222222, "#7201a8"], [0.3333333333333333, "#9c179e"], [0.4444444444444444, "#bd3786"], [0.5555555555555556, "#d8576b"], [0.6666666666666666, "#ed7953"], [0.7777777777777778, "#fb9f3a"], [0.8888888888888888, "#fdca26"], [1.0, "#f0f921"]]}], "heatmapgl": [{"type": "heatmapgl", "colorbar": {"outlinewidth": 0, "ticks": ""}, "colorscale": [[0.0, "#0d0887"], [0.1111111111111111, "#46039f"], [0.2222222222222222, "#7201a8"], [0.3333333333333333, "#9c179e"], [0.4444444444444444, "#bd3786"], [0.5555555555555556, "#d8576b"], [0.6666666666666666, "#ed7953"], [0.7777777777777778, "#fb9f3a"], [0.8888888888888888, "#fdca26"], [1.0, "#f0f921"]]}], "contourcarpet": [{"type": "contourcarpet", "colorbar": {"outlinewidth": 0, "ticks": ""}}], "contour": [{"type": "contour", "colorbar": {"outlinewidth": 0, "ticks": ""}, "colorscale": [[0.0, "#0d0887"], [0.1111111111111111, "#46039f"], [0.2222222222222222, "#7201a8"], [0.3333333333333333, "#9c179e"], [0.4444444444444444, "#bd3786"], [0.5555555555555556, "#d8576b"], [0.6666666666666666, "#ed7953"], [0.7777777777777778, "#fb9f3a"], [0.8888888888888888, "#fdca26"], [1.0, "#f0f921"]]}], "surface": [{"type": "surface", "colorbar": {"outlinewidth": 0, "ticks": ""}, "colorscale": [[0.0, "#0d0887"], [0.1111111111111111, "#46039f"], [0.2222222222222222, "#7201a8"], [0.3333333333333333, "#9c179e"], [0.4444444444444444, "#bd3786"], [0.5555555555555556, "#d8576b"], [0.6666666666666666, "#ed7953"], [0.7777777777777778, "#fb9f3a"], [0.8888888888888888, "#fdca26"], [1.0, "#f0f921"]]}], "mesh3d": [{"type": "mesh3d", "colorbar": {"outlinewidth": 0, "ticks": ""}}], "scatter": [{"fillpattern": {"fillmode": "overlay", "size": 10, "solidity": 0.2}, "type": "scatter"}], "parcoords": [{"type": "parcoords", "line": {"colorbar": {"outlinewidth": 0, "ticks": ""}}}], "scatterpolargl": [{"type": "scatterpolargl", "marker": {"colorbar": {"outlinewidth": 0, "ticks": ""}}}], "bar": [{"error_x": {"color": "#2a3f5f"}, "error_y": {"color": "#2a3f5f"}, "marker": {"line": {"color": "#E5ECF6", "width": 0.5}, "pattern": {"fillmode": "overlay", "size": 10, "solidity": 0.2}}, "type": "bar"}], "scattergeo": [{"type": "scattergeo", "marker": {"colorbar": {"outlinewidth": 0, "ticks": ""}}}], "scatterpolar": [{"type": "scatterpolar", "marker": {"colorbar": {"outlinewidth": 0, "ticks": ""}}}], "histogram": [{"marker": {"pattern": {"fillmode": "overlay", "size": 10, "solidity": 0.2}}, "type": "histogram"}], "scattergl": [{"type": "scattergl", "marker": {"colorbar": {"outlinewidth": 0, "ticks": ""}}}], "scatter3d": [{"type": "scatter3d", "line": {"colorbar": {"outlinewidth": 0, "ticks": ""}}, "marker": {"colorbar": {"outlinewidth": 0, "ticks": ""}}}], "scattermapbox": [{"type": "scattermapbox", "marker": {"colorbar": {"outlinewidth": 0, "ticks": ""}}}], "scatterternary": [{"type": "scatterternary", "marker": {"colorbar": {"outlinewidth": 0, "ticks": ""}}}], "scattercarpet": [{"type": "scattercarpet", "marker": {"colorbar": {"outlinewidth": 0, "ticks": ""}}}], "carpet": [{"aaxis": {"endlinecolor": "#2a3f5f", "gridcolor": "white", "linecolor": "white", "minorgridcolor": "white", "startlinecolor": "#2a3f5f"}, "baxis": {"endlinecolor": "#2a3f5f", "gridcolor": "white", "linecolor": "white", "minorgridcolor": "white", "startlinecolor": "#2a3f5f"}, "type": "carpet"}], "table": [{"cells": {"fill": {"color": "#EBF0F8"}, "line": {"color": "white"}}, "header": {"fill": {"color": "#C8D4E3"}, "line": {"color": "white"}}, "type": "table"}], "barpolar": [{"marker": {"line": {"color": "#E5ECF6", "width": 0.5}, "pattern": {"fillmode": "overlay", "size": 10, "solidity": 0.2}}, "type": "barpolar"}], "pie": [{"automargin": true, "type": "pie"}]}, "layout": {"autotypenumbers": "strict", "colorway": ["#636efa", "#EF553B", "#00cc96", "#ab63fa", "#FFA15A", "#19d3f3", "#FF6692", "#B6E880", "#FF97FF", "#FECB52"], "font": {"color": "#2a3f5f"}, "hovermode": "closest", "hoverlabel": {"align": "left"}, "paper_bgcolor": "white", "plot_bgcolor": "#E5ECF6", "polar": {"bgcolor": "#E5ECF6", "angularaxis": {"gridcolor": "white", "linecolor": "white", "ticks": ""}, "radialaxis": {"gridcolor": "white", "linecolor": "white", "ticks": ""}}, "ternary": {"bgcolor": "#E5ECF6", "aaxis": {"gridcolor": "white", "linecolor": "white", "ticks": ""}, "baxis": {"gridcolor": "white", "linecolor": "white", "ticks": ""}, "caxis": {"gridcolor": "white", "linecolor": "white", "ticks": ""}}, "coloraxis": {"colorbar": {"outlinewidth": 0, "ticks": ""}}, "colorscale": {"sequential": [[0.0, "#0d0887"], [0.1111111111111111, "#46039f"], [0.2222222222222222, "#7201a8"], [0.3333333333333333, "#9c179e"], [0.4444444444444444, "#bd3786"], [0.5555555555555556, "#d8576b"], [0.6666666666666666, "#ed7953"], [0.7777777777777778, "#fb9f3a"], [0.8888888888888888, "#fdca26"], [1.0, "#f0f921"]], "sequentialminus": [[0.0, "#0d0887"], [0.1111111111111111, "#46039f"], [0.2222222222222222, "#7201a8"], [0.3333333333333333, "#9c179e"], [0.4444444444444444, "#bd3786"], [0.5555555555555556, "#d8576b"], [0.6666666666666666, "#ed7953"], [0.7777777777777778, "#fb9f3a"], [0.8888888888888888, "#fdca26"], [1.0, "#f0f921"]], "diverging": [[0, "#8e0152"], [0.1, "#c51b7d"], [0.2, "#de77ae"], [0.3, "#f1b6da"], [0.4, "#fde0ef"], [0.5, "#f7f7f7"], [0.6, "#e6f5d0"], [0.7, "#b8e186"], [0.8, "#7fbc41"], [0.9, "#4d9221"], [1, "#276419"]]}, "xaxis": {"gridcolor": "white", "linecolor": "white", "ticks": "", "title": {"standoff": 15}, "zerolinecolor": "white", "automargin": true, "zerolinewidth": 2}, "yaxis": {"gridcolor": "white", "linecolor": "white", "ticks": "", "title": {"standoff": 15}, "zerolinecolor": "white", "automargin": true, "zerolinewidth": 2}, "scene": {"xaxis": {"backgroundcolor": "#E5ECF6", "gridcolor": "white", "linecolor": "white", "showbackground": true, "ticks": "", "zerolinecolor": "white", "gridwidth": 2}, "yaxis": {"backgroundcolor": "#E5ECF6", "gridcolor": "white", "linecolor": "white", "showbackground": true, "ticks": "", "zerolinecolor": "white", "gridwidth": 2}, "zaxis": {"backgroundcolor": "#E5ECF6", "gridcolor": "white", "linecolor": "white", "showbackground": true, "ticks": "", "zerolinecolor": "white", "gridwidth": 2}}, "shapedefaults": {"line": {"color": "#2a3f5f"}}, "annotationdefaults": {"arrowcolor": "#2a3f5f", "arrowhead": 0, "arrowwidth": 1}, "geo": {"bgcolor": "white", "landcolor": "#E5ECF6", "subunitcolor": "white", "showland": true, "showlakes": true, "lakecolor": "white"}, "title": {"x": 0.05}, "mapbox": {"style": "light"}}}}}