{"data": [{"z": [[27.180435180664062, -0.1932791769504547, 3.8094756603240967, 0.8856068849563599, -5.728519916534424, -6.929586887359619, 5.845180988311768, 1.4148730039596558, 4.549746990203857, -6.6610589027404785, -1.3620465993881226, 1.5569977760314941, 0.20042960345745087, -4.589900493621826, -5.072151184082031, -0.6155949234962463, -6.564486026763916, 3.319936752319336, -0.4603617191314697, -8.140604972839355, 4.46767520904541], [-0.1932791769504547, 24.16575813293457, 0.6960825324058533, -3.0547144412994385, 5.9710307121276855, -5.898688793182373, -3.463406562805176, -3.6957709789276123, -0.30755263566970825, -0.3577262759208679, -3.6906328201293945, 9.130420684814453, 3.861661434173584, -2.840463876724243, 6.7076263427734375, -5.897009372711182, -2.6841092109680176, 5.334740161895752, 2.219271183013916, -0.10929226875305176, 1.969979166984558], [3.8094756603240967, 0.6960825324058533, 16.151107788085938, -1.9762248992919922, 3.5126733779907227, -0.43791553378105164, 8.940528869628906, -3.334820032119751, -0.029150092974305153, -3.0723519325256348, 2.482913017272949, 0.8306465148925781, 1.4211535453796387, -4.024860858917236, -2.936411142349243, 4.756488800048828, 1.04848313331604, -1.966691017150879, -6.459109306335449, 4.339705467224121, 1.7416778802871704], [0.8856068849563599, -3.0547144412994385, -1.9762248992919922, 23.797040939331055, -3.358391284942627, 4.891549110412598, 3.8880248069763184, -0.8516395092010498, 1.4403738975524902, 0.5525627136230469, 0.2965396046638489, 4.513829708099365, 3.3754053115844727, -0.4590233266353607, 0.8070603013038635, -0.24438893795013428, -5.1537652015686035, -3.2593536376953125, 3.1496708393096924, -1.3897918462753296, 0.8353147506713867], [-5.728519916534424, 5.9710307121276855, 3.5126733779907227, -3.358391284942627, 22.279388427734375, -4.211571216583252, 0.2835279107093811, -4.50016975402832, 2.5803511142730713, -5.042606353759766, -0.75845867395401, 0.7083427906036377, 0.896789014339447, -1.9619745016098022, 2.1270840167999268, -0.47171899676322937, 1.4353530406951904, 0.802192211151123, -9.754193305969238, 5.735806941986084, 3.2633185386657715], [-6.929586887359619, -5.898688793182373, -0.43791553378105164, 4.891549110412598, -4.211571216583252, 33.094417572021484, 1.5510611534118652, 1.8641421794891357, -1.3784266710281372, 2.636667013168335, -0.8047298192977905, -9.911970138549805, -0.6065105199813843, 0.49039778113365173, 2.2905821800231934, 3.4881908893585205, -0.39575469493865967, -7.336548805236816, 9.213300704956055, 4.128786087036133, -6.581079959869385], [5.845180988311768, -3.463406562805176, 8.940528869628906, 3.8880248069763184, 0.2835279107093811, 1.5510611534118652, 20.342708587646484, -1.4522498846054077, -0.3007931113243103, 1.8149503469467163, 1.5700410604476929, -1.7880083322525024, 2.358121633529663, 1.9547570943832397, -2.538776397705078, 3.661149740219116, -3.7975168228149414, -0.4861414432525635, -3.9846091270446777, -6.045171737670898, -2.3677101135253906], [1.4148730039596558, -3.6957709789276123, -3.334820032119751, -0.8516395092010498, -4.50016975402832, 1.8641421794891357, -1.4522498846054077, 14.474112510681152, -1.2741974592208862, -2.760223865509033, 1.7966499328613281, -1.670978307723999, -4.609711647033691, 1.8068819046020508, -1.6253926753997803, -3.8795135021209717, 3.714200735092163, -2.7126309871673584, -2.116726875305176, 0.7477792501449585, -0.8101174235343933], [4.549746990203857, -0.30755263566970825, -0.029150092974305153, 1.4403738975524902, 2.5803511142730713, -1.3784266710281372, -0.3007931113243103, -1.2741974592208862, 18.451391220092773, -3.7066683769226074, 1.4885237216949463, -3.589777708053589, 6.888606548309326, -3.702324867248535, 0.24039289355278015, -0.05372423306107521, -4.417740821838379, 2.5460782051086426, -2.4832398891448975, 0.10428524017333984, 1.5441155433654785], [-6.6610589027404785, -0.3577262759208679, -3.0723519325256348, 0.5525627136230469, -5.042606353759766, 2.636667013168335, 1.8149503469467163, -2.760223865509033, -3.7066683769226074, 27.88070297241211, 4.069459438323975, -1.089982509613037, -4.23861837387085, 4.175521373748779, 1.326686143875122, 3.3841893672943115, 5.5129194259643555, 0.3314640522003174, 4.523179054260254, -3.4034643173217773, -3.081942081451416], [-1.3620465993881226, -3.6906328201293945, 2.482913017272949, 0.2965396046638489, -0.75845867395401, -0.8047298192977905, 1.5700410604476929, 1.7966499328613281, 1.4885237216949463, 4.069459438323975, 21.438884735107422, -0.33898866176605225, 3.5178709030151367, 0.9005153775215149, -5.531290531158447, 1.6673979759216309, 1.0352540016174316, -9.398189544677734, -2.0266385078430176, -1.3419904708862305, 0.9331276416778564], [1.5569977760314941, 9.130420684814453, 0.8306465148925781, 4.513829708099365, 0.7083427906036377, -9.911970138549805, -1.7880083322525024, -1.670978307723999, -3.589777708053589, -1.089982509613037, -0.33898866176605225, 24.137248992919922, 1.7388163805007935, 4.110554218292236, 1.0692102909088135, -4.291355133056641, 2.766159772872925, -3.337825298309326, 0.2813875675201416, 2.8750667572021484, 4.433528900146484], [0.20042960345745087, 3.861661434173584, 1.4211535453796387, 3.3754053115844727, 0.896789014339447, -0.6065105199813843, 2.358121633529663, -4.609711647033691, 6.888606548309326, -4.23861837387085, 3.5178709030151367, 1.7388163805007935, 20.884523391723633, 2.2358176708221436, 1.1940776109695435, 1.1088829040527344, -9.091401100158691, 5.562537670135498, 1.38282310962677, -5.090057849884033, -0.5481935739517212], [-4.589900493621826, -2.840463876724243, -4.024860858917236, -0.4590233266353607, -1.9619745016098022, 0.49039778113365173, 1.9547570943832397, 1.8068819046020508, -3.702324867248535, 4.175521373748779, 0.9005153775215149, 4.110554218292236, 2.2358176708221436, 17.603099822998047, 2.527384042739868, -2.905606985092163, -1.4234428405761719, -2.67403507232666, 2.24497127532959, -2.9564967155456543, -2.852407455444336], [-5.072151184082031, 6.7076263427734375, -2.936411142349243, 0.8070603013038635, 2.1270840167999268, 2.2905821800231934, -2.538776397705078, -1.6253926753997803, 0.24039289355278015, 1.326686143875122, -5.531290531158447, 1.0692102909088135, 1.1940776109695435, 2.527384042739868, 10.825186729431152, 0.4671333432197571, -3.3763461112976074, 4.775736331939697, 6.640273094177246, 0.8933978080749512, -4.9603352546691895], [-0.6155949234962463, -5.897009372711182, 4.756488800048828, -0.24438893795013428, -0.47171899676322937, 3.4881908893585205, 3.661149740219116, -3.8795135021209717, -0.05372423306107521, 3.3841893672943115, 1.6673979759216309, -4.291355133056641, 1.1088829040527344, -2.905606985092163, 0.4671333432197571, 15.866741180419922, 6.130153656005859, 2.2130582332611084, 2.440298318862915, 1.0027034282684326, -3.8319292068481445], [-6.564486503601074, -2.6841089725494385, 1.04848313331604, -5.1537652015686035, 1.4353535175323486, -0.3957549035549164, -3.7975170612335205, 3.714200258255005, -4.417740821838379, 5.5129194259643555, 1.0352535247802734, 2.766159772872925, -9.091400146484375, -1.4234429597854614, -3.3763461112976074, 6.130153179168701, 23.18482208251953, -4.937432289123535, -6.353111743927002, 8.822019577026367, 1.5367956161499023], [3.319936752319336, 5.334739685058594, -1.9666906595230103, -3.259352922439575, 0.8021922707557678, -7.336548805236816, -0.4861416816711426, -2.712629556655884, 2.5460777282714844, 0.3314639925956726, -9.398188591003418, -3.337825298309326, 5.562537670135498, -2.6740353107452393, 4.775736331939697, 2.2130579948425293, -4.937432289123535, 28.472301483154297, 2.058440923690796, -4.229432106018066, -7.849254131317139], [-0.46036142110824585, 2.219271659851074, -6.459108829498291, 3.1496706008911133, -9.754193305969238, 9.213300704956055, -3.984609603881836, -2.116727113723755, -2.4832398891448975, 4.523179054260254, -2.0266385078430176, 0.28138792514801025, 1.3828221559524536, 2.2449710369110107, 6.64027214050293, 2.440298318862915, -6.353111743927002, 2.058440923690796, 30.77285385131836, 2.2353672981262207, -2.8173842430114746], [-8.140604019165039, -0.10929232835769653, 4.339705944061279, -1.389791488647461, 5.735807418823242, 4.128787517547607, -6.045171737670898, 0.7477795481681824, 0.10428515821695328, -3.4034640789031982, -1.3419902324676514, 2.875065803527832, -5.090057849884033, -2.9564967155456543, 0.893397331237793, 1.002703309059143, 8.822019577026367, -4.229432106018066, 2.2353672981262207, 19.455371856689453, 2.3524374961853027], [4.46767520904541, 1.969978928565979, 1.7416778802871704, 0.8353149890899658, 3.2633183002471924, -6.581080436706543, -2.3677103519439697, -0.8101174831390381, 1.5441155433654785, -3.081942319869995, 0.9331274032592773, 4.433529376983643, -0.5481933355331421, -2.852407455444336, -4.960334300994873, -3.8319292068481445, 1.5367958545684814, -7.849254608154297, -2.8173842430114746, 2.3524374961853027, 13.339052200317383]], "type": "heatmap"}], "layout": {"template": {"data": {"histogram2dcontour": [{"type": "histogram2dcontour", "colorbar": {"outlinewidth": 0, "ticks": ""}, "colorscale": [[0.0, "#0d0887"], [0.1111111111111111, "#46039f"], [0.2222222222222222, "#7201a8"], [0.3333333333333333, "#9c179e"], [0.4444444444444444, "#bd3786"], [0.5555555555555556, "#d8576b"], [0.6666666666666666, "#ed7953"], [0.7777777777777778, "#fb9f3a"], [0.8888888888888888, "#fdca26"], [1.0, "#f0f921"]]}], "choropleth": [{"type": "choropleth", "colorbar": {"outlinewidth": 0, "ticks": ""}}], "histogram2d": [{"type": "histogram2d", "colorbar": {"outlinewidth": 0, "ticks": ""}, "colorscale": [[0.0, "#0d0887"], [0.1111111111111111, "#46039f"], [0.2222222222222222, "#7201a8"], [0.3333333333333333, "#9c179e"], [0.4444444444444444, "#bd3786"], [0.5555555555555556, "#d8576b"], [0.6666666666666666, "#ed7953"], [0.7777777777777778, "#fb9f3a"], [0.8888888888888888, "#fdca26"], [1.0, "#f0f921"]]}], "heatmap": [{"type": "heatmap", "colorbar": {"outlinewidth": 0, "ticks": ""}, "colorscale": [[0.0, "#0d0887"], [0.1111111111111111, "#46039f"], [0.2222222222222222, "#7201a8"], [0.3333333333333333, "#9c179e"], [0.4444444444444444, "#bd3786"], [0.5555555555555556, "#d8576b"], [0.6666666666666666, "#ed7953"], [0.7777777777777778, "#fb9f3a"], [0.8888888888888888, "#fdca26"], [1.0, "#f0f921"]]}], "heatmapgl": [{"type": "heatmapgl", "colorbar": {"outlinewidth": 0, "ticks": ""}, "colorscale": [[0.0, "#0d0887"], [0.1111111111111111, "#46039f"], [0.2222222222222222, "#7201a8"], [0.3333333333333333, "#9c179e"], [0.4444444444444444, "#bd3786"], [0.5555555555555556, "#d8576b"], [0.6666666666666666, "#ed7953"], [0.7777777777777778, "#fb9f3a"], [0.8888888888888888, "#fdca26"], [1.0, "#f0f921"]]}], "contourcarpet": [{"type": "contourcarpet", "colorbar": {"outlinewidth": 0, "ticks": ""}}], "contour": [{"type": "contour", "colorbar": {"outlinewidth": 0, "ticks": ""}, "colorscale": [[0.0, "#0d0887"], [0.1111111111111111, "#46039f"], [0.2222222222222222, "#7201a8"], [0.3333333333333333, "#9c179e"], [0.4444444444444444, "#bd3786"], [0.5555555555555556, "#d8576b"], [0.6666666666666666, "#ed7953"], [0.7777777777777778, "#fb9f3a"], [0.8888888888888888, "#fdca26"], [1.0, "#f0f921"]]}], "surface": [{"type": "surface", "colorbar": {"outlinewidth": 0, "ticks": ""}, "colorscale": [[0.0, "#0d0887"], [0.1111111111111111, "#46039f"], [0.2222222222222222, "#7201a8"], [0.3333333333333333, "#9c179e"], [0.4444444444444444, "#bd3786"], [0.5555555555555556, "#d8576b"], [0.6666666666666666, "#ed7953"], [0.7777777777777778, "#fb9f3a"], [0.8888888888888888, "#fdca26"], [1.0, "#f0f921"]]}], "mesh3d": [{"type": "mesh3d", "colorbar": {"outlinewidth": 0, "ticks": ""}}], "scatter": [{"fillpattern": {"fillmode": "overlay", "size": 10, "solidity": 0.2}, "type": "scatter"}], "parcoords": [{"type": "parcoords", "line": {"colorbar": {"outlinewidth": 0, "ticks": ""}}}], "scatterpolargl": [{"type": "scatterpolargl", "marker": {"colorbar": {"outlinewidth": 0, "ticks": ""}}}], "bar": [{"error_x": {"color": "#2a3f5f"}, "error_y": {"color": "#2a3f5f"}, "marker": {"line": {"color": "#E5ECF6", "width": 0.5}, "pattern": {"fillmode": "overlay", "size": 10, "solidity": 0.2}}, "type": "bar"}], "scattergeo": [{"type": "scattergeo", "marker": {"colorbar": {"outlinewidth": 0, "ticks": ""}}}], "scatterpolar": [{"type": "scatterpolar", "marker": {"colorbar": {"outlinewidth": 0, "ticks": ""}}}], "histogram": [{"marker": {"pattern": {"fillmode": "overlay", "size": 10, "solidity": 0.2}}, "type": "histogram"}], "scattergl": [{"type": "scattergl", "marker": {"colorbar": {"outlinewidth": 0, "ticks": ""}}}], "scatter3d": [{"type": "scatter3d", "line": {"colorbar": {"outlinewidth": 0, "ticks": ""}}, "marker": {"colorbar": {"outlinewidth": 0, "ticks": ""}}}], "scattermapbox": [{"type": "scattermapbox", "marker": {"colorbar": {"outlinewidth": 0, "ticks": ""}}}], "scatterternary": [{"type": "scatterternary", "marker": {"colorbar": {"outlinewidth": 0, "ticks": ""}}}], "scattercarpet": [{"type": "scattercarpet", "marker": {"colorbar": {"outlinewidth": 0, "ticks": ""}}}], "carpet": [{"aaxis": {"endlinecolor": "#2a3f5f", "gridcolor": "white", "linecolor": "white", "minorgridcolor": "white", "startlinecolor": "#2a3f5f"}, "baxis": {"endlinecolor": "#2a3f5f", "gridcolor": "white", "linecolor": "white", "minorgridcolor": "white", "startlinecolor": "#2a3f5f"}, "type": "carpet"}], "table": [{"cells": {"fill": {"color": "#EBF0F8"}, "line": {"color": "white"}}, "header": {"fill": {"color": "#C8D4E3"}, "line": {"color": "white"}}, "type": "table"}], "barpolar": [{"marker": {"line": {"color": "#E5ECF6", "width": 0.5}, "pattern": {"fillmode": "overlay", "size": 10, "solidity": 0.2}}, "type": "barpolar"}], "pie": [{"automargin": true, "type": "pie"}]}, "layout": {"autotypenumbers": "strict", "colorway": ["#636efa", "#EF553B", "#00cc96", "#ab63fa", "#FFA15A", "#19d3f3", "#FF6692", "#B6E880", "#FF97FF", "#FECB52"], "font": {"color": "#2a3f5f"}, "hovermode": "closest", "hoverlabel": {"align": "left"}, "paper_bgcolor": "white", "plot_bgcolor": "#E5ECF6", "polar": {"bgcolor": "#E5ECF6", "angularaxis": {"gridcolor": "white", "linecolor": "white", "ticks": ""}, "radialaxis": {"gridcolor": "white", "linecolor": "white", "ticks": ""}}, "ternary": {"bgcolor": "#E5ECF6", "aaxis": {"gridcolor": "white", "linecolor": "white", "ticks": ""}, "baxis": {"gridcolor": "white", "linecolor": "white", "ticks": ""}, "caxis": {"gridcolor": "white", "linecolor": "white", "ticks": ""}}, "coloraxis": {"colorbar": {"outlinewidth": 0, "ticks": ""}}, "colorscale": {"sequential": [[0.0, "#0d0887"], [0.1111111111111111, "#46039f"], [0.2222222222222222, "#7201a8"], [0.3333333333333333, "#9c179e"], [0.4444444444444444, "#bd3786"], [0.5555555555555556, "#d8576b"], [0.6666666666666666, "#ed7953"], [0.7777777777777778, "#fb9f3a"], [0.8888888888888888, "#fdca26"], [1.0, "#f0f921"]], "sequentialminus": [[0.0, "#0d0887"], [0.1111111111111111, "#46039f"], [0.2222222222222222, "#7201a8"], [0.3333333333333333, "#9c179e"], [0.4444444444444444, "#bd3786"], [0.5555555555555556, "#d8576b"], [0.6666666666666666, "#ed7953"], [0.7777777777777778, "#fb9f3a"], [0.8888888888888888, "#fdca26"], [1.0, "#f0f921"]], "diverging": [[0, "#8e0152"], [0.1, "#c51b7d"], [0.2, "#de77ae"], [0.3, "#f1b6da"], [0.4, "#fde0ef"], [0.5, "#f7f7f7"], [0.6, "#e6f5d0"], [0.7, "#b8e186"], [0.8, "#7fbc41"], [0.9, "#4d9221"], [1, "#276419"]]}, "xaxis": {"gridcolor": "white", "linecolor": "white", "ticks": "", "title": {"standoff": 15}, "zerolinecolor": "white", "automargin": true, "zerolinewidth": 2}, "yaxis": {"gridcolor": "white", "linecolor": "white", "ticks": "", "title": {"standoff": 15}, "zerolinecolor": "white", "automargin": true, "zerolinewidth": 2}, "scene": {"xaxis": {"backgroundcolor": "#E5ECF6", "gridcolor": "white", "linecolor": "white", "showbackground": true, "ticks": "", "zerolinecolor": "white", "gridwidth": 2}, "yaxis": {"backgroundcolor": "#E5ECF6", "gridcolor": "white", "linecolor": "white", "showbackground": true, "ticks": "", "zerolinecolor": "white", "gridwidth": 2}, "zaxis": {"backgroundcolor": "#E5ECF6", "gridcolor": "white", "linecolor": "white", "showbackground": true, "ticks": "", "zerolinecolor": "white", "gridwidth": 2}}, "shapedefaults": {"line": {"color": "#2a3f5f"}}, "annotationdefaults": {"arrowcolor": "#2a3f5f", "arrowhead": 0, "arrowwidth": 1}, "geo": {"bgcolor": "white", "landcolor": "#E5ECF6", "subunitcolor": "white", "showland": true, "showlakes": true, "lakecolor": "white"}, "title": {"x": 0.05}, "mapbox": {"style": "light"}}}}}