{"data": [{"z": [[27.193571090698242, -0.1767580658197403, 3.826972723007202, 0.9013228416442871, -5.712368011474609, -6.909097194671631, 5.856613636016846, 1.433747410774231, 4.557414531707764, -6.650475025177002, -1.3500840663909912, 1.5698500871658325, 0.22325925529003143, -4.5778961181640625, -5.0533576011657715, -0.5914521813392639, -6.545977592468262, 3.3364384174346924, -0.4452674388885498, -8.11717414855957, 4.457890510559082], [-0.1767580658197403, 24.143396377563477, 0.7050812244415283, -3.0327789783477783, 5.972825527191162, -5.868216514587402, -3.4489059448242188, -3.671600580215454, -0.2958261966705322, -0.34699076414108276, -3.6751019954681396, 9.119656562805176, 3.8606269359588623, -2.8309292793273926, 6.710726737976074, -5.875353813171387, -2.6692914962768555, 5.338295936584473, 2.223494052886963, -0.10516571998596191, 1.9649053812026978], [3.826972723007202, 0.7050812244415283, 16.154251098632812, -1.9650930166244507, 3.527053117752075, -0.4219169020652771, 8.941999435424805, -3.3066132068634033, -0.016084901988506317, -3.0599374771118164, 2.50128173828125, 0.8427497744560242, 1.4319161176681519, -4.008577823638916, -2.918901205062866, 4.776116847991943, 1.0688769817352295, -1.9502925872802734, -6.445099830627441, 4.354212760925293, 1.733893871307373], [0.9013228416442871, -3.0327789783477783, -1.9650930166244507, 23.794761657714844, -3.3357110023498535, 4.899971961975098, 3.8877129554748535, -0.8339987993240356, 1.4539650678634644, 0.5588132739067078, 0.2999010682106018, 4.52603816986084, 3.3909802436828613, -0.43866366147994995, 0.8225117325782776, -0.22526568174362183, -5.136334419250488, -3.235551595687866, 3.153642416000366, -1.3766705989837646, 0.8312948942184448], [-5.712368011474609, 5.972825527191162, 3.527053117752075, -3.3357110023498535, 22.284440994262695, -4.1886820793151855, 0.29533377289772034, -4.479949951171875, 2.5939536094665527, -5.021585464477539, -0.7468734383583069, 0.719420313835144, 0.9066651463508606, -1.9468857049942017, 2.140820026397705, -0.4411831200122833, 1.4606519937515259, 0.8198620080947876, -9.745723724365234, 5.742642879486084, 3.253110885620117], [-6.909097194671631, -5.868216514587402, -0.4219169020652771, 4.899971961975098, -4.1886820793151855, 33.07789993286133, 1.5450904369354248, 1.8884168863296509, -1.3721007108688354, 2.640073776245117, -0.7918540835380554, -9.880149841308594, -0.5864151120185852, 0.5046299695968628, 2.3085155487060547, 3.4950127601623535, -0.3786352276802063, -7.312674522399902, 9.212112426757812, 4.137996673583984, -6.583261013031006], [5.856613636016846, -3.4489059448242188, 8.941999435424805, 3.8877129554748535, 0.29533377289772034, 1.5450904369354248, 20.327672958374023, -1.445138931274414, -0.30258703231811523, 1.8131235837936401, 1.572111964225769, -1.7781983613967896, 2.362579345703125, 1.961599349975586, -2.529522657394409, 3.660984992980957, -3.7932422161102295, -0.47929465770721436, -3.9822607040405273, -6.038704872131348, -2.3647313117980957], [1.433747410774231, -3.671600580215454, -3.3066132068634033, -0.8339987993240356, -4.479949951171875, 1.8884168863296509, -1.445138931274414, 14.507627487182617, -1.2593914270401, -2.744551658630371, 1.8117008209228516, -1.644864559173584, -4.581900119781494, 1.8123756647109985, -1.5991922616958618, -3.8410611152648926, 3.745124578475952, -2.6916346549987793, -2.100482940673828, 0.77358478307724, -0.8197771310806274], [4.557414531707764, -0.2958261966705322, -0.016084901988506317, 1.4539650678634644, 2.5939536094665527, -1.3721007108688354, -0.30258703231811523, -1.2593914270401, 18.44114875793457, -3.698758363723755, 1.4996393918991089, -3.573831081390381, 6.899345874786377, -3.6875927448272705, 0.25656309723854065, -0.039490219205617905, -4.399174690246582, 2.559647798538208, -2.4736857414245605, 0.11879533529281616, 1.540867567062378], [-6.650475025177002, -0.34699076414108276, -3.0599374771118164, 0.5588132739067078, -5.021585464477539, 2.640073776245117, 1.8131235837936401, -2.744551658630371, -3.698758363723755, 27.872615814208984, 4.076252460479736, -1.0769121646881104, -4.220247745513916, 4.1946892738342285, 1.3450621366500854, 3.387269973754883, 5.523233890533447, 0.3372526168823242, 4.527379035949707, -3.3860061168670654, -3.081425189971924], [-1.3500840663909912, -3.6751019954681396, 2.50128173828125, 0.2999010682106018, -0.7468734383583069, -0.7918540835380554, 1.572111964225769, 1.8117008209228516, 1.4996393918991089, 4.076252460479736, 21.433422088623047, -0.32052668929100037, 3.536677122116089, 0.9090806245803833, -5.512416362762451, 1.684792399406433, 1.0539801120758057, -9.380785942077637, -2.016470432281494, -1.326298713684082, 0.9277809858322144], [1.5698500871658325, 9.119656562805176, 0.8427497744560242, 4.52603816986084, 0.719420313835144, -9.880149841308594, -1.7781983613967896, -1.644864559173584, -3.573831081390381, -1.0769121646881104, -0.32052668929100037, 24.118820190429688, 1.7402698993682861, 4.125746250152588, 1.080959439277649, -4.267586708068848, 2.782978057861328, -3.327528953552246, 0.28754138946533203, 2.874148368835449, 4.428884506225586], [0.22325925529003143, 3.8606269359588623, 1.4319161176681519, 3.3909802436828613, 0.9066651463508606, -0.5864151120185852, 2.362579345703125, -4.581900119781494, 6.899345874786377, -4.220247745513916, 3.536677122116089, 1.7402698993682861, 20.884639739990234, 2.248664617538452, 1.2072768211364746, 1.1318861246109009, -9.064056396484375, 5.5756916999816895, 1.392082929611206, -5.080239772796631, -0.5535001754760742], [-4.5778961181640625, -2.8309292793273926, -4.008577823638916, -0.43866366147994995, -1.9468857049942017, 0.5046299695968628, 1.961599349975586, 1.8123756647109985, -3.6875927448272705, 4.1946892738342285, 0.9090806245803833, 4.125746250152588, 2.248664617538452, 17.60818862915039, 2.5422816276550293, -2.88033390045166, -1.398477554321289, -2.6536288261413574, 2.254542350769043, -2.9414455890655518, -2.859072685241699], [-5.0533576011657715, 6.710726737976074, -2.918901205062866, 0.8225117325782776, 2.140820026397705, 2.3085155487060547, -2.529522657394409, -1.5991922616958618, 0.25656309723854065, 1.3450621366500854, -5.512416362762451, 1.080959439277649, 1.2072768211364746, 2.5422816276550293, 10.833150863647461, 0.4892736077308655, -3.3512074947357178, 4.789206027984619, 6.645301342010498, 0.9056978225708008, -4.964629650115967], [-0.5914521813392639, -5.875353813171387, 4.776116847991943, -0.22526568174362183, -0.4411831200122833, 3.4950127601623535, 3.660984992980957, -3.8410611152648926, -0.039490219205617905, 3.387269973754883, 1.684792399406433, -4.267586708068848, 1.1318861246109009, -2.88033390045166, 0.4892736077308655, 15.872960090637207, 6.147920608520508, 2.2271690368652344, 2.448246479034424, 1.022314190864563, -3.8306941986083984], [-6.5459771156311035, -2.6692919731140137, 1.0688765048980713, -5.136332988739014, 1.4606519937515259, -0.37863531708717346, -3.7932424545288086, 3.7451248168945312, -4.399173736572266, 5.523233413696289, 1.0539804697036743, 2.7829785346984863, -9.064057350158691, -1.398477554321289, -3.3512074947357178, 6.147921562194824, 23.199676513671875, -4.919059753417969, -6.330432415008545, 8.835577011108398, 1.535309910774231], [3.3364384174346924, 5.3382954597473145, -1.9502923488616943, -3.235551595687866, 0.8198620676994324, -7.312677383422852, -0.4792947769165039, -2.691633939743042, 2.559647560119629, 0.33725208044052124, -9.380785942077637, -3.327528476715088, 5.575690746307373, -2.6536290645599365, 4.789205551147461, 2.227168560028076, -4.919059753417969, 28.481735229492188, 2.0695319175720215, -4.209506988525391, -7.8546600341796875], [-0.4452676773071289, 2.2234930992126465, -6.445098876953125, 3.1536433696746826, -9.745723724365234, 9.212112426757812, -3.9822614192962646, -2.100482702255249, -2.4736852645874023, 4.527379035949707, -2.0164709091186523, 0.2875412702560425, 1.3920832872390747, 2.254542350769043, 6.645301818847656, 2.448246955871582, -6.330432415008545, 2.0695319175720215, 30.76056671142578, 2.2403321266174316, -2.8166346549987793], [-8.11717414855957, -0.10516559332609177, 4.354212760925293, -1.376670241355896, 5.742643356323242, 4.137996673583984, -6.038704872131348, 0.7735849022865295, 0.1187950074672699, -3.3860056400299072, -1.3262982368469238, 2.87414813041687, -5.080239295959473, -2.94144606590271, 0.9056984186172485, 1.0223140716552734, 8.835577011108398, -4.209506988525391, 2.2403321266174316, 19.443552017211914, 2.3478951454162598], [4.457890033721924, 1.9649055004119873, 1.733893871307373, 0.8312945365905762, 3.2531113624572754, -6.583261489868164, -2.3647308349609375, -0.8197770714759827, 1.5408669710159302, -3.081425189971924, 0.9277814626693726, 4.428884983062744, -0.5535002946853638, -2.859072685241699, -4.964630126953125, -3.8306946754455566, 1.5353097915649414, -7.854660511016846, -2.8166348934173584, 2.3478951454162598, 13.339052200317383]], "type": "heatmap"}], "layout": {"template": {"data": {"histogram2dcontour": [{"type": "histogram2dcontour", "colorbar": {"outlinewidth": 0, "ticks": ""}, "colorscale": [[0.0, "#0d0887"], [0.1111111111111111, "#46039f"], [0.2222222222222222, "#7201a8"], [0.3333333333333333, "#9c179e"], [0.4444444444444444, "#bd3786"], [0.5555555555555556, "#d8576b"], [0.6666666666666666, "#ed7953"], [0.7777777777777778, "#fb9f3a"], [0.8888888888888888, "#fdca26"], [1.0, "#f0f921"]]}], "choropleth": [{"type": "choropleth", "colorbar": {"outlinewidth": 0, "ticks": ""}}], "histogram2d": [{"type": "histogram2d", "colorbar": {"outlinewidth": 0, "ticks": ""}, "colorscale": [[0.0, "#0d0887"], [0.1111111111111111, "#46039f"], [0.2222222222222222, "#7201a8"], [0.3333333333333333, "#9c179e"], [0.4444444444444444, "#bd3786"], [0.5555555555555556, "#d8576b"], [0.6666666666666666, "#ed7953"], [0.7777777777777778, "#fb9f3a"], [0.8888888888888888, "#fdca26"], [1.0, "#f0f921"]]}], "heatmap": [{"type": "heatmap", "colorbar": {"outlinewidth": 0, "ticks": ""}, "colorscale": [[0.0, "#0d0887"], [0.1111111111111111, "#46039f"], [0.2222222222222222, "#7201a8"], [0.3333333333333333, "#9c179e"], [0.4444444444444444, "#bd3786"], [0.5555555555555556, "#d8576b"], [0.6666666666666666, "#ed7953"], [0.7777777777777778, "#fb9f3a"], [0.8888888888888888, "#fdca26"], [1.0, "#f0f921"]]}], "heatmapgl": [{"type": "heatmapgl", "colorbar": {"outlinewidth": 0, "ticks": ""}, "colorscale": [[0.0, "#0d0887"], [0.1111111111111111, "#46039f"], [0.2222222222222222, "#7201a8"], [0.3333333333333333, "#9c179e"], [0.4444444444444444, "#bd3786"], [0.5555555555555556, "#d8576b"], [0.6666666666666666, "#ed7953"], [0.7777777777777778, "#fb9f3a"], [0.8888888888888888, "#fdca26"], [1.0, "#f0f921"]]}], "contourcarpet": [{"type": "contourcarpet", "colorbar": {"outlinewidth": 0, "ticks": ""}}], "contour": [{"type": "contour", "colorbar": {"outlinewidth": 0, "ticks": ""}, "colorscale": [[0.0, "#0d0887"], [0.1111111111111111, "#46039f"], [0.2222222222222222, "#7201a8"], [0.3333333333333333, "#9c179e"], [0.4444444444444444, "#bd3786"], [0.5555555555555556, "#d8576b"], [0.6666666666666666, "#ed7953"], [0.7777777777777778, "#fb9f3a"], [0.8888888888888888, "#fdca26"], [1.0, "#f0f921"]]}], "surface": [{"type": "surface", "colorbar": {"outlinewidth": 0, "ticks": ""}, "colorscale": [[0.0, "#0d0887"], [0.1111111111111111, "#46039f"], [0.2222222222222222, "#7201a8"], [0.3333333333333333, "#9c179e"], [0.4444444444444444, "#bd3786"], [0.5555555555555556, "#d8576b"], [0.6666666666666666, "#ed7953"], [0.7777777777777778, "#fb9f3a"], [0.8888888888888888, "#fdca26"], [1.0, "#f0f921"]]}], "mesh3d": [{"type": "mesh3d", "colorbar": {"outlinewidth": 0, "ticks": ""}}], "scatter": [{"fillpattern": {"fillmode": "overlay", "size": 10, "solidity": 0.2}, "type": "scatter"}], "parcoords": [{"type": "parcoords", "line": {"colorbar": {"outlinewidth": 0, "ticks": ""}}}], "scatterpolargl": [{"type": "scatterpolargl", "marker": {"colorbar": {"outlinewidth": 0, "ticks": ""}}}], "bar": [{"error_x": {"color": "#2a3f5f"}, "error_y": {"color": "#2a3f5f"}, "marker": {"line": {"color": "#E5ECF6", "width": 0.5}, "pattern": {"fillmode": "overlay", "size": 10, "solidity": 0.2}}, "type": "bar"}], "scattergeo": [{"type": "scattergeo", "marker": {"colorbar": {"outlinewidth": 0, "ticks": ""}}}], "scatterpolar": [{"type": "scatterpolar", "marker": {"colorbar": {"outlinewidth": 0, "ticks": ""}}}], "histogram": [{"marker": {"pattern": {"fillmode": "overlay", "size": 10, "solidity": 0.2}}, "type": "histogram"}], "scattergl": [{"type": "scattergl", "marker": {"colorbar": {"outlinewidth": 0, "ticks": ""}}}], "scatter3d": [{"type": "scatter3d", "line": {"colorbar": {"outlinewidth": 0, "ticks": ""}}, "marker": {"colorbar": {"outlinewidth": 0, "ticks": ""}}}], "scattermapbox": [{"type": "scattermapbox", "marker": {"colorbar": {"outlinewidth": 0, "ticks": ""}}}], "scatterternary": [{"type": "scatterternary", "marker": {"colorbar": {"outlinewidth": 0, "ticks": ""}}}], "scattercarpet": [{"type": "scattercarpet", "marker": {"colorbar": {"outlinewidth": 0, "ticks": ""}}}], "carpet": [{"aaxis": {"endlinecolor": "#2a3f5f", "gridcolor": "white", "linecolor": "white", "minorgridcolor": "white", "startlinecolor": "#2a3f5f"}, "baxis": {"endlinecolor": "#2a3f5f", "gridcolor": "white", "linecolor": "white", "minorgridcolor": "white", "startlinecolor": "#2a3f5f"}, "type": "carpet"}], "table": [{"cells": {"fill": {"color": "#EBF0F8"}, "line": {"color": "white"}}, "header": {"fill": {"color": "#C8D4E3"}, "line": {"color": "white"}}, "type": "table"}], "barpolar": [{"marker": {"line": {"color": "#E5ECF6", "width": 0.5}, "pattern": {"fillmode": "overlay", "size": 10, "solidity": 0.2}}, "type": "barpolar"}], "pie": [{"automargin": true, "type": "pie"}]}, "layout": {"autotypenumbers": "strict", "colorway": ["#636efa", "#EF553B", "#00cc96", "#ab63fa", "#FFA15A", "#19d3f3", "#FF6692", "#B6E880", "#FF97FF", "#FECB52"], "font": {"color": "#2a3f5f"}, "hovermode": "closest", "hoverlabel": {"align": "left"}, "paper_bgcolor": "white", "plot_bgcolor": "#E5ECF6", "polar": {"bgcolor": "#E5ECF6", "angularaxis": {"gridcolor": "white", "linecolor": "white", "ticks": ""}, "radialaxis": {"gridcolor": "white", "linecolor": "white", "ticks": ""}}, "ternary": {"bgcolor": "#E5ECF6", "aaxis": {"gridcolor": "white", "linecolor": "white", "ticks": ""}, "baxis": {"gridcolor": "white", "linecolor": "white", "ticks": ""}, "caxis": {"gridcolor": "white", "linecolor": "white", "ticks": ""}}, "coloraxis": {"colorbar": {"outlinewidth": 0, "ticks": ""}}, "colorscale": {"sequential": [[0.0, "#0d0887"], [0.1111111111111111, "#46039f"], [0.2222222222222222, "#7201a8"], [0.3333333333333333, "#9c179e"], [0.4444444444444444, "#bd3786"], [0.5555555555555556, "#d8576b"], [0.6666666666666666, "#ed7953"], [0.7777777777777778, "#fb9f3a"], [0.8888888888888888, "#fdca26"], [1.0, "#f0f921"]], "sequentialminus": [[0.0, "#0d0887"], [0.1111111111111111, "#46039f"], [0.2222222222222222, "#7201a8"], [0.3333333333333333, "#9c179e"], [0.4444444444444444, "#bd3786"], [0.5555555555555556, "#d8576b"], [0.6666666666666666, "#ed7953"], [0.7777777777777778, "#fb9f3a"], [0.8888888888888888, "#fdca26"], [1.0, "#f0f921"]], "diverging": [[0, "#8e0152"], [0.1, "#c51b7d"], [0.2, "#de77ae"], [0.3, "#f1b6da"], [0.4, "#fde0ef"], [0.5, "#f7f7f7"], [0.6, "#e6f5d0"], [0.7, "#b8e186"], [0.8, "#7fbc41"], [0.9, "#4d9221"], [1, "#276419"]]}, "xaxis": {"gridcolor": "white", "linecolor": "white", "ticks": "", "title": {"standoff": 15}, "zerolinecolor": "white", "automargin": true, "zerolinewidth": 2}, "yaxis": {"gridcolor": "white", "linecolor": "white", "ticks": "", "title": {"standoff": 15}, "zerolinecolor": "white", "automargin": true, "zerolinewidth": 2}, "scene": {"xaxis": {"backgroundcolor": "#E5ECF6", "gridcolor": "white", "linecolor": "white", "showbackground": true, "ticks": "", "zerolinecolor": "white", "gridwidth": 2}, "yaxis": {"backgroundcolor": "#E5ECF6", "gridcolor": "white", "linecolor": "white", "showbackground": true, "ticks": "", "zerolinecolor": "white", "gridwidth": 2}, "zaxis": {"backgroundcolor": "#E5ECF6", "gridcolor": "white", "linecolor": "white", "showbackground": true, "ticks": "", "zerolinecolor": "white", "gridwidth": 2}}, "shapedefaults": {"line": {"color": "#2a3f5f"}}, "annotationdefaults": {"arrowcolor": "#2a3f5f", "arrowhead": 0, "arrowwidth": 1}, "geo": {"bgcolor": "white", "landcolor": "#E5ECF6", "subunitcolor": "white", "showland": true, "showlakes": true, "lakecolor": "white"}, "title": {"x": 0.05}, "mapbox": {"style": "light"}}}}}