{"data": [{"z": [[27.192604064941406, -0.17787356674671173, 3.825798511505127, 0.9008283019065857, -5.713142395019531, -6.910033702850342, 5.856034278869629, 1.4324928522109985, 4.557370185852051, -6.650832653045654, -1.3506078720092773, 1.5693002939224243, 0.22221168875694275, -4.578317642211914, -5.054230213165283, -0.5924016833305359, -6.5471014976501465, 3.335465908050537, -0.4459247589111328, -8.11812973022461, 4.458355903625488], [-0.17787356674671173, 24.14409637451172, 0.7043095231056213, -3.0339443683624268, 5.972691535949707, -5.869637966156006, -3.4501256942749023, -3.6731607913970947, -0.29632821679115295, -0.34740662574768066, -3.675950050354004, 9.119911193847656, 3.8603408336639404, -2.8311970233917236, 6.710270881652832, -5.876519203186035, -2.670206308364868, 5.3379902839660645, 2.22324275970459, -0.10544967651367188, 1.9652810096740723], [3.825798511505127, 0.7043095231056213, 16.153667449951172, -1.965824842453003, 3.52665114402771, -0.42251846194267273, 8.94170093536377, -3.3080291748046875, -0.01638082042336464, -3.0606184005737305, 2.5003738403320312, 0.8422252535820007, 1.4313265085220337, -4.0089545249938965, -2.9199059009552, 4.775294780731201, 1.067697525024414, -1.9508516788482666, -6.4457502365112305, 4.3536272048950195, 1.7342653274536133], [0.9008283019065857, -3.0339443683624268, -1.965824842453003, 23.794675827026367, -3.3364109992980957, 4.89975643157959, 3.8873417377471924, -0.8349218368530273, 1.4532469511032104, 0.5586094856262207, 0.29962626099586487, 4.525549411773682, 3.390409231185913, -0.43951085209846497, 0.8217552900314331, -0.2258623242378235, -5.1369805335998535, -3.2365188598632812, 3.1533687114715576, -1.377184510231018, 0.8315297961235046], [-5.713142395019531, 5.972691535949707, 3.52665114402771, -3.3364109992980957, 22.28449058532715, -4.189340114593506, 0.2946532666683197, -4.4811625480651855, 2.593672513961792, -5.02219295501709, -0.7474151253700256, 0.7193599343299866, 0.9063714742660522, -1.9472873210906982, 2.140404224395752, -0.4418494701385498, 1.4597262144088745, 0.8194020986557007, -9.7460355758667, 5.742558479309082, 3.253441095352173], [-6.910033702850342, -5.869637966156006, -0.42251846194267273, 4.89975643157959, -4.189340114593506, 33.078556060791016, 1.545163631439209, 1.8870658874511719, -1.3721708059310913, 2.6398584842681885, -0.7925319671630859, -9.8810453414917, -0.5871046781539917, 0.5043225884437561, 2.307805061340332, 3.4951119422912598, -0.3793454170227051, -7.313226699829102, 9.212060928344727, 4.137718200683594, -6.583251953125], [5.856034278869629, -3.4501256942749023, 8.94170093536377, 3.8873417377471924, 0.2946532666683197, 1.545163631439209, 20.328205108642578, -1.4458281993865967, -0.3027338981628418, 1.8128206729888916, 1.5717705488204956, -1.7790708541870117, 2.362006187438965, 1.9613078832626343, -2.5303072929382324, 3.660534620285034, -3.7940902709960938, -0.4799370765686035, -3.9826650619506836, -6.039504528045654, -2.364757537841797], [1.4324928522109985, -3.6731607913970947, -3.3080291748046875, -0.8349218368530273, -4.4811625480651855, 1.8870658874511719, -1.4458281993865967, 14.504779815673828, -1.2597841024398804, -2.745185136795044, 1.810530185699463, -1.6462211608886719, -4.583466053009033, 1.8123048543930054, -1.6005353927612305, -3.8429627418518066, 3.743183135986328, -2.6926839351654053, -2.1012983322143555, 0.7721438407897949, -0.8193172216415405], [4.557370185852051, -0.29632821679115295, -0.01638082042336464, 1.4532469511032104, 2.593672513961792, -1.3721708059310913, -0.3027338981628418, -1.2597841024398804, 18.441530227661133, -3.698883533477783, 1.4992135763168335, -3.574028491973877, 6.899115562438965, -3.6878743171691895, 0.2560769021511078, -0.03975126892328262, -4.399728298187256, 2.5594983100891113, -2.47409725189209, 0.11847585439682007, 1.540910243988037], [-6.650832653045654, -0.34740662574768066, -3.0606184005737305, 0.5586094856262207, -5.02219295501709, 2.6398584842681885, 1.8128206729888916, -2.745185136795044, -3.698883533477783, 27.872905731201172, 4.07602071762085, -1.077312707901001, -4.221045970916748, 4.1941657066345215, 1.3441277742385864, 3.387228012084961, 5.522587299346924, 0.33701586723327637, 4.527137279510498, -3.3867006301879883, -3.0814452171325684], [-1.3506078720092773, -3.675950050354004, 2.5003738403320312, 0.29962626099586487, -0.7474151253700256, -0.7925319671630859, 1.5717705488204956, 1.810530185699463, 1.4992135763168335, 4.07602071762085, 21.433319091796875, -0.32135671377182007, 3.5357275009155273, 0.908744752407074, -5.513336181640625, 1.6839661598205566, 1.052893877029419, -9.381479263305664, -2.0169410705566406, -1.327125072479248, 0.9281998872756958], [1.5693002939224243, 9.119911193847656, 0.8422252535820007, 4.525549411773682, 0.7193599343299866, -9.8810453414917, -1.7790708541870117, -1.6462211608886719, -3.574028491973877, -1.077312707901001, -0.32135671377182007, 24.119626998901367, 1.740208387374878, 4.125500202178955, 1.080377459526062, -4.268158912658691, 2.7822070121765137, -3.3276515007019043, 0.287186861038208, 2.8742594718933105, 4.429070949554443], [0.22221168875694275, 3.8603408336639404, 1.4313265085220337, 3.390409231185913, 0.9063714742660522, -0.5871046781539917, 2.362006187438965, -4.583466053009033, 6.899115562438965, -4.221045970916748, 3.5357275009155273, 1.740208387374878, 20.884546279907227, 2.2482752799987793, 1.2066493034362793, 1.1311993598937988, -9.06538200378418, 5.575262069702148, 1.3917313814163208, -5.08066987991333, -0.5532897114753723], [-4.578317642211914, -2.8311970233917236, -4.0089545249938965, -0.43951085209846497, -1.9472873210906982, 0.5043225884437561, 1.9613078832626343, 1.8123048543930054, -3.6878743171691895, 4.1941657066345215, 0.908744752407074, 4.125500202178955, 2.2482752799987793, 17.60843849182129, 2.541748285293579, -2.880920171737671, -1.3993098735809326, -2.6540768146514893, 2.254127025604248, -2.941812515258789, -2.8589580059051514], [-5.054230213165283, 6.710270881652832, -2.9199059009552, 0.8217552900314331, 2.140404224395752, 2.307805061340332, -2.5303072929382324, -1.6005353927612305, 0.2560769021511078, 1.3441277742385864, -5.513336181640625, 1.080377459526062, 1.2066493034362793, 2.541748285293579, 10.832527160644531, 0.4884834587574005, -3.352569818496704, 4.7887983322143555, 6.645079612731934, 0.905165433883667, -4.964356899261475], [-0.5924016833305359, -5.876519203186035, 4.775294780731201, -0.2258623242378235, -0.4418494701385498, 3.4951119422912598, 3.660534620285034, -3.8429627418518066, -0.03975126892328262, 3.387228012084961, 1.6839661598205566, -4.268158912658691, 1.1311993598937988, -2.880920171737671, 0.4884834587574005, 15.873027801513672, 6.147230625152588, 2.2269039154052734, 2.4479598999023438, 1.0216515064239502, -3.8307547569274902], [-6.5471014976501465, -2.670206069946289, 1.067697525024414, -5.13698148727417, 1.4597264528274536, -0.37934544682502747, -3.7940902709960938, 3.74318265914917, -4.399728298187256, 5.522586345672607, 1.0528939962387085, 2.782207489013672, -9.06538200378418, -1.3993098735809326, -3.352569580078125, 6.1472296714782715, 23.19823455810547, -4.919646263122559, -6.3317551612854, 8.834599494934082, 1.5352543592453003], [3.3354663848876953, 5.337990760803223, -1.9508517980575562, -3.2365200519561768, 0.8194013833999634, -7.313226699829102, -0.4799369275569916, -2.6926839351654053, 2.5594983100891113, 0.33701589703559875, -9.381478309631348, -3.3276517391204834, 5.575262069702148, -2.6540768146514893, 4.7887983322143555, 2.2269041538238525, -4.919646263122559, 28.481821060180664, 2.06901478767395, -4.21010684967041, -7.854585647583008], [-0.44592493772506714, 2.223242998123169, -6.445750713348389, 3.153369188308716, -9.7460355758667, 9.21205997467041, -3.9826643466949463, -2.1012988090515137, -2.474097728729248, 4.527137756347656, -2.016940116882324, 0.2871873378753662, 1.3917317390441895, 2.254127025604248, 6.645079135894775, 2.4479594230651855, -6.3317551612854, 2.06901478767395, 30.76093101501465, 2.2400307655334473, -2.8165781497955322], [-8.11812973022461, -0.1054501011967659, 4.3536272048950195, -1.3771847486495972, 5.742558479309082, 4.137718200683594, -6.039504051208496, 0.7721437215805054, 0.11847604811191559, -3.3867015838623047, -1.3271256685256958, 2.8742597103118896, -5.080669403076172, -2.9418132305145264, 0.9051657915115356, 1.0216513872146606, 8.834599494934082, -4.21010684967041, 2.2400307655334473, 19.443859100341797, 2.3481199741363525], [4.458355903625488, 1.9652808904647827, 1.7342655658721924, 0.8315300941467285, 3.253441095352173, -6.583252906799316, -2.364757537841797, -0.8193171620368958, 1.5409101247787476, -3.0814454555511475, 0.9281998872756958, 4.429071426391602, -0.5532897710800171, -2.8589582443237305, -4.964357376098633, -3.830754280090332, 1.5352542400360107, -7.85458517074585, -2.816577911376953, 2.3481197357177734, 13.339052200317383]], "type": "heatmap"}], "layout": {"template": {"data": {"histogram2dcontour": [{"type": "histogram2dcontour", "colorbar": {"outlinewidth": 0, "ticks": ""}, "colorscale": [[0.0, "#0d0887"], [0.1111111111111111, "#46039f"], [0.2222222222222222, "#7201a8"], [0.3333333333333333, "#9c179e"], [0.4444444444444444, "#bd3786"], [0.5555555555555556, "#d8576b"], [0.6666666666666666, "#ed7953"], [0.7777777777777778, "#fb9f3a"], [0.8888888888888888, "#fdca26"], [1.0, "#f0f921"]]}], "choropleth": [{"type": "choropleth", "colorbar": {"outlinewidth": 0, "ticks": ""}}], "histogram2d": [{"type": "histogram2d", "colorbar": {"outlinewidth": 0, "ticks": ""}, "colorscale": [[0.0, "#0d0887"], [0.1111111111111111, "#46039f"], [0.2222222222222222, "#7201a8"], [0.3333333333333333, "#9c179e"], [0.4444444444444444, "#bd3786"], [0.5555555555555556, "#d8576b"], [0.6666666666666666, "#ed7953"], [0.7777777777777778, "#fb9f3a"], [0.8888888888888888, "#fdca26"], [1.0, "#f0f921"]]}], "heatmap": [{"type": "heatmap", "colorbar": {"outlinewidth": 0, "ticks": ""}, "colorscale": [[0.0, "#0d0887"], [0.1111111111111111, "#46039f"], [0.2222222222222222, "#7201a8"], [0.3333333333333333, "#9c179e"], [0.4444444444444444, "#bd3786"], [0.5555555555555556, "#d8576b"], [0.6666666666666666, "#ed7953"], [0.7777777777777778, "#fb9f3a"], [0.8888888888888888, "#fdca26"], [1.0, "#f0f921"]]}], "heatmapgl": [{"type": "heatmapgl", "colorbar": {"outlinewidth": 0, "ticks": ""}, "colorscale": [[0.0, "#0d0887"], [0.1111111111111111, "#46039f"], [0.2222222222222222, "#7201a8"], [0.3333333333333333, "#9c179e"], [0.4444444444444444, "#bd3786"], [0.5555555555555556, "#d8576b"], [0.6666666666666666, "#ed7953"], [0.7777777777777778, "#fb9f3a"], [0.8888888888888888, "#fdca26"], [1.0, "#f0f921"]]}], "contourcarpet": [{"type": "contourcarpet", "colorbar": {"outlinewidth": 0, "ticks": ""}}], "contour": [{"type": "contour", "colorbar": {"outlinewidth": 0, "ticks": ""}, "colorscale": [[0.0, "#0d0887"], [0.1111111111111111, "#46039f"], [0.2222222222222222, "#7201a8"], [0.3333333333333333, "#9c179e"], [0.4444444444444444, "#bd3786"], [0.5555555555555556, "#d8576b"], [0.6666666666666666, "#ed7953"], [0.7777777777777778, "#fb9f3a"], [0.8888888888888888, "#fdca26"], [1.0, "#f0f921"]]}], "surface": [{"type": "surface", "colorbar": {"outlinewidth": 0, "ticks": ""}, "colorscale": [[0.0, "#0d0887"], [0.1111111111111111, "#46039f"], [0.2222222222222222, "#7201a8"], [0.3333333333333333, "#9c179e"], [0.4444444444444444, "#bd3786"], [0.5555555555555556, "#d8576b"], [0.6666666666666666, "#ed7953"], [0.7777777777777778, "#fb9f3a"], [0.8888888888888888, "#fdca26"], [1.0, "#f0f921"]]}], "mesh3d": [{"type": "mesh3d", "colorbar": {"outlinewidth": 0, "ticks": ""}}], "scatter": [{"fillpattern": {"fillmode": "overlay", "size": 10, "solidity": 0.2}, "type": "scatter"}], "parcoords": [{"type": "parcoords", "line": {"colorbar": {"outlinewidth": 0, "ticks": ""}}}], "scatterpolargl": [{"type": "scatterpolargl", "marker": {"colorbar": {"outlinewidth": 0, "ticks": ""}}}], "bar": [{"error_x": {"color": "#2a3f5f"}, "error_y": {"color": "#2a3f5f"}, "marker": {"line": {"color": "#E5ECF6", "width": 0.5}, "pattern": {"fillmode": "overlay", "size": 10, "solidity": 0.2}}, "type": "bar"}], "scattergeo": [{"type": "scattergeo", "marker": {"colorbar": {"outlinewidth": 0, "ticks": ""}}}], "scatterpolar": [{"type": "scatterpolar", "marker": {"colorbar": {"outlinewidth": 0, "ticks": ""}}}], "histogram": [{"marker": {"pattern": {"fillmode": "overlay", "size": 10, "solidity": 0.2}}, "type": "histogram"}], "scattergl": [{"type": "scattergl", "marker": {"colorbar": {"outlinewidth": 0, "ticks": ""}}}], "scatter3d": [{"type": "scatter3d", "line": {"colorbar": {"outlinewidth": 0, "ticks": ""}}, "marker": {"colorbar": {"outlinewidth": 0, "ticks": ""}}}], "scattermapbox": [{"type": "scattermapbox", "marker": {"colorbar": {"outlinewidth": 0, "ticks": ""}}}], "scatterternary": [{"type": "scatterternary", "marker": {"colorbar": {"outlinewidth": 0, "ticks": ""}}}], "scattercarpet": [{"type": "scattercarpet", "marker": {"colorbar": {"outlinewidth": 0, "ticks": ""}}}], "carpet": [{"aaxis": {"endlinecolor": "#2a3f5f", "gridcolor": "white", "linecolor": "white", "minorgridcolor": "white", "startlinecolor": "#2a3f5f"}, "baxis": {"endlinecolor": "#2a3f5f", "gridcolor": "white", "linecolor": "white", "minorgridcolor": "white", "startlinecolor": "#2a3f5f"}, "type": "carpet"}], "table": [{"cells": {"fill": {"color": "#EBF0F8"}, "line": {"color": "white"}}, "header": {"fill": {"color": "#C8D4E3"}, "line": {"color": "white"}}, "type": "table"}], "barpolar": [{"marker": {"line": {"color": "#E5ECF6", "width": 0.5}, "pattern": {"fillmode": "overlay", "size": 10, "solidity": 0.2}}, "type": "barpolar"}], "pie": [{"automargin": true, "type": "pie"}]}, "layout": {"autotypenumbers": "strict", "colorway": ["#636efa", "#EF553B", "#00cc96", "#ab63fa", "#FFA15A", "#19d3f3", "#FF6692", "#B6E880", "#FF97FF", "#FECB52"], "font": {"color": "#2a3f5f"}, "hovermode": "closest", "hoverlabel": {"align": "left"}, "paper_bgcolor": "white", "plot_bgcolor": "#E5ECF6", "polar": {"bgcolor": "#E5ECF6", "angularaxis": {"gridcolor": "white", "linecolor": "white", "ticks": ""}, "radialaxis": {"gridcolor": "white", "linecolor": "white", "ticks": ""}}, "ternary": {"bgcolor": "#E5ECF6", "aaxis": {"gridcolor": "white", "linecolor": "white", "ticks": ""}, "baxis": {"gridcolor": "white", "linecolor": "white", "ticks": ""}, "caxis": {"gridcolor": "white", "linecolor": "white", "ticks": ""}}, "coloraxis": {"colorbar": {"outlinewidth": 0, "ticks": ""}}, "colorscale": {"sequential": [[0.0, "#0d0887"], [0.1111111111111111, "#46039f"], [0.2222222222222222, "#7201a8"], [0.3333333333333333, "#9c179e"], [0.4444444444444444, "#bd3786"], [0.5555555555555556, "#d8576b"], [0.6666666666666666, "#ed7953"], [0.7777777777777778, "#fb9f3a"], [0.8888888888888888, "#fdca26"], [1.0, "#f0f921"]], "sequentialminus": [[0.0, "#0d0887"], [0.1111111111111111, "#46039f"], [0.2222222222222222, "#7201a8"], [0.3333333333333333, "#9c179e"], [0.4444444444444444, "#bd3786"], [0.5555555555555556, "#d8576b"], [0.6666666666666666, "#ed7953"], [0.7777777777777778, "#fb9f3a"], [0.8888888888888888, "#fdca26"], [1.0, "#f0f921"]], "diverging": [[0, "#8e0152"], [0.1, "#c51b7d"], [0.2, "#de77ae"], [0.3, "#f1b6da"], [0.4, "#fde0ef"], [0.5, "#f7f7f7"], [0.6, "#e6f5d0"], [0.7, "#b8e186"], [0.8, "#7fbc41"], [0.9, "#4d9221"], [1, "#276419"]]}, "xaxis": {"gridcolor": "white", "linecolor": "white", "ticks": "", "title": {"standoff": 15}, "zerolinecolor": "white", "automargin": true, "zerolinewidth": 2}, "yaxis": {"gridcolor": "white", "linecolor": "white", "ticks": "", "title": {"standoff": 15}, "zerolinecolor": "white", "automargin": true, "zerolinewidth": 2}, "scene": {"xaxis": {"backgroundcolor": "#E5ECF6", "gridcolor": "white", "linecolor": "white", "showbackground": true, "ticks": "", "zerolinecolor": "white", "gridwidth": 2}, "yaxis": {"backgroundcolor": "#E5ECF6", "gridcolor": "white", "linecolor": "white", "showbackground": true, "ticks": "", "zerolinecolor": "white", "gridwidth": 2}, "zaxis": {"backgroundcolor": "#E5ECF6", "gridcolor": "white", "linecolor": "white", "showbackground": true, "ticks": "", "zerolinecolor": "white", "gridwidth": 2}}, "shapedefaults": {"line": {"color": "#2a3f5f"}}, "annotationdefaults": {"arrowcolor": "#2a3f5f", "arrowhead": 0, "arrowwidth": 1}, "geo": {"bgcolor": "white", "landcolor": "#E5ECF6", "subunitcolor": "white", "showland": true, "showlakes": true, "lakecolor": "white"}, "title": {"x": 0.05}, "mapbox": {"style": "light"}}}}}