{"data": [{"z": [[27.182743072509766, -0.19175921380519867, 3.8115592002868652, 0.8876731991767883, -5.726169109344482, -6.926131725311279, 5.847217082977295, 1.4183391332626343, 4.550796031951904, -6.659543037414551, -1.360617756843567, 1.5589165687561035, 0.20382536947727203, -4.588358402252197, -5.069580554962158, -0.6120779514312744, -6.561755657196045, 3.322568893432617, -0.45832252502441406, -8.13759994506836, 4.46613883972168], [-0.19175921380519867, 24.162364959716797, 0.6964834332466125, -3.0533764362335205, 5.971209526062012, -5.895322322845459, -3.4621264934539795, -3.693154811859131, -0.3066459894180298, -0.3564419150352478, -3.6893227100372314, 9.12861156463623, 3.860642910003662, -2.8398561477661133, 6.707301616668701, -5.895456790924072, -2.6828091144561768, 5.334303855895996, 2.2198081016540527, -0.10937905311584473, 1.969881296157837], [3.8115592002868652, 0.6964834332466125, 16.150508880615234, -1.9745949506759644, 3.514240264892578, -0.4359661340713501, 8.940888404846191, -3.3311927318573, -0.027407875284552574, -3.070868730545044, 2.484569787979126, 0.8320731520652771, 1.421994686126709, -4.0234880447387695, -2.93475079536438, 4.758813381195068, 1.050603985786438, -1.9647023677825928, -6.457087516784668, 4.341087818145752, 1.7408827543258667], [0.8876731991767883, -3.0533764362335205, -1.9745949506759644, 23.795080184936523, -3.3554131984710693, 4.892528057098389, 3.887302875518799, -0.8503773212432861, 1.4410077333450317, 0.5534120798110962, 0.29682090878486633, 4.514841079711914, 3.3765957355499268, -0.456996351480484, 0.8086607456207275, -0.24293556809425354, -5.152127265930176, -3.256887197494507, 3.1506943702697754, -1.389070987701416, 0.8352614045143127], [-5.726169109344482, 5.971209526062012, 3.514240264892578, -3.3554131984710693, 22.28011703491211, -4.208515644073486, 0.2857193648815155, -4.497102737426758, 2.5822970867156982, -5.039081573486328, -0.7572310566902161, 0.7102685570716858, 0.8981277942657471, -1.9603073596954346, 2.1286768913269043, -0.46717071533203125, 1.438681960105896, 0.804964542388916, -9.75319766998291, 5.736987113952637, 3.2617578506469727], [-6.926131725311279, -5.895322322845459, -0.4359661340713501, 4.892528057098389, -4.208515644073486, 33.09281539916992, 1.550898790359497, 1.868344783782959, -1.3776878118515015, 2.6379754543304443, -0.8034299612045288, -9.906759262084961, -0.6033076047897339, 0.49221888184547424, 2.2932393550872803, 3.48974871635437, -0.3929416537284851, -7.332770347595215, 9.213085174560547, 4.130390644073486, -6.581944465637207], [5.847217082977295, -3.4621264934539795, 8.940888404846191, 3.887302875518799, 0.2857193648815155, 1.550898790359497, 20.340377807617188, -1.4506586790084839, -0.300863653421402, 1.8150526285171509, 1.5701638460159302, -1.7861677408218384, 2.3590950965881348, 1.955552339553833, -2.537425994873047, 3.66133451461792, -3.796229839324951, -0.4847959280014038, -3.9839491844177246, -6.044394016265869, -2.3673338890075684], [1.4183391332626343, -3.693154811859131, -3.3311927318573, -0.8503773212432861, -4.497102737426758, 1.868344783782959, -1.4506586790084839, 14.48006820678711, -1.2723489999771118, -2.7576348781585693, 1.7981547117233276, -1.6668773889541626, -4.605342864990234, 1.807387113571167, -1.6220225095748901, -3.874237537384033, 3.7188711166381836, -2.7097363471984863, -2.1143226623535156, 0.751390814781189, -0.8114273548126221], [4.550796031951904, -0.3066459894180298, -0.027407875284552574, 1.4410077333450317, 2.5822970867156982, -1.3776878118515015, -0.300863653421402, -1.2723489999771118, 18.449935913085938, -3.705639600753784, 1.4894939661026, -3.587475061416626, 6.889672756195068, -3.7004263401031494, 0.2422574758529663, -0.05229723080992699, -4.415379524230957, 2.548182964324951, -2.482034683227539, 0.10572266578674316, 1.5435924530029297], [-6.659543037414551, -0.3564419150352478, -3.070868730545044, 0.5534120798110962, -5.039081573486328, 2.6379754543304443, 1.8150526285171509, -2.7576348781585693, -3.705639600753784, 27.879802703857422, 4.070197105407715, -1.0880626440048218, -4.236058235168457, 4.177611827850342, 1.3289903402328491, 3.3845419883728027, 5.5146589279174805, 0.33185529708862305, 4.523870944976807, -3.40085506439209, -3.0818228721618652], [-1.360617756843567, -3.6893227100372314, 2.484569787979126, 0.29682090878486633, -0.7572310566902161, -0.8034299612045288, 1.5701638460159302, 1.7981547117233276, 1.4894939661026, 4.070197105407715, 21.436969757080078, -0.3368567228317261, 3.5193698406219482, 0.9008840918540955, -5.529759407043457, 1.6686922311782837, 1.03706693649292, -9.396595001220703, -2.0256636142730713, -1.3403053283691406, 0.9330018758773804], [1.5589165687561035, 9.12861156463623, 0.8320731520652771, 4.514841079711914, 0.7102685570716858, -9.906759262084961, -1.7861677408218384, -1.6668773889541626, -3.587475061416626, -1.0880626440048218, -0.3368567228317261, 24.13481903076172, 1.7391198873519897, 4.111955642700195, 1.070491909980774, -4.288466453552246, 2.768476963043213, -3.3363637924194336, 0.28219008445739746, 2.875108242034912, 4.432836532592773], [0.20382536947727203, 3.860642910003662, 1.421994686126709, 3.3765957355499268, 0.8981277942657471, -0.6033076047897339, 2.3590950965881348, -4.605342864990234, 6.889672756195068, -4.236058235168457, 3.5193698406219482, 1.7391198873519897, 20.884477615356445, 2.236823797225952, 1.1952488422393799, 1.1117010116577148, -9.087923049926758, 5.5640082359313965, 1.3844468593597412, -5.089394569396973, -0.5489822626113892], [-4.588358402252197, -2.8398561477661133, -4.0234880447387695, -0.456996351480484, -1.9603073596954346, 0.49221888184547424, 1.955552339553833, 1.807387113571167, -3.7004263401031494, 4.177611827850342, 0.9008840918540955, 4.111955642700195, 2.236823797225952, 17.603063583374023, 2.5288217067718506, -2.903001546859741, -1.4207777976989746, -2.671982765197754, 2.2460436820983887, -2.9548099040985107, -2.8528366088867188], [-5.069580554962158, 6.707301616668701, -2.93475079536438, 0.8086607456207275, 2.1286768913269043, 2.2932393550872803, -2.537425994873047, -1.6220225095748901, 0.2422574758529663, 1.3289903402328491, -5.529759407043457, 1.070491909980774, 1.1952488422393799, 2.5288217067718506, 10.825109481811523, 0.46938082575798035, -3.3737411499023438, 4.777233600616455, 6.640650749206543, 0.8946613073348999, -4.960662841796875], [-0.6120779514312744, -5.895456790924072, 4.758813381195068, -0.24293556809425354, -0.46717071533203125, 3.48974871635437, 3.66133451461792, -3.874237537384033, -0.05229723080992699, 3.3845419883728027, 1.6686922311782837, -4.288466453552246, 1.1117010116577148, -2.903001546859741, 0.46938082575798035, 15.867034912109375, 6.131979465484619, 2.2147915363311768, 2.4413180351257324, 1.0045045614242554, -3.8319079875946045], [-6.561756134033203, -2.6828088760375977, 1.0506038665771484, -5.152127265930176, 1.438682198524475, -0.39294153451919556, -3.796229600906372, 3.7188708782196045, -4.415380477905273, 5.514658451080322, 1.0370672941207886, 2.7684762477874756, -9.087922096252441, -1.4207777976989746, -3.3737409114837646, 6.131979465484619, 23.186124801635742, -4.934912204742432, -6.350015640258789, 8.823226928710938, 1.5365543365478516], [3.322568416595459, 5.334304332733154, -1.964701771736145, -3.2568867206573486, 0.8049644827842712, -7.332770347595215, -0.4847959876060486, -2.7097363471984863, 2.548182964324951, 0.331855446100235, -9.396594047546387, -3.3363633155822754, 5.56400728225708, -2.671983242034912, 4.777234077453613, 2.2147910594940186, -4.934912204742432, 28.473308563232422, 2.0598182678222656, -4.227124214172363, -7.849853992462158], [-0.4583218991756439, 2.219808578491211, -6.457086563110352, 3.1506950855255127, -9.75319766998291, 9.213085174560547, -3.9839491844177246, -2.1143229007720947, -2.482034206390381, 4.523870944976807, -2.0256636142730713, 0.28219011425971985, 1.3844470977783203, 2.2460429668426514, 6.640650749206543, 2.4413182735443115, -6.350015640258789, 2.0598182678222656, 30.7712459564209, 2.235954761505127, -2.8172338008880615], [-8.13759994506836, -0.10937943309545517, 4.341087341308594, -1.389070749282837, 5.736987590789795, 4.130390167236328, -6.044394493103027, 0.7513908743858337, 0.10572274774312973, -3.400855302810669, -1.3403054475784302, 2.875107765197754, -5.089394569396973, -2.95481014251709, 0.894661009311676, 1.004504680633545, 8.823226928710938, -4.227124214172363, 2.235954761505127, 19.45339584350586, 2.3519482612609863], [4.46613883972168, 1.9698811769485474, 1.7408825159072876, 0.8352615833282471, 3.2617578506469727, -6.581944942474365, -2.3673338890075684, -0.8114273548126221, 1.543592095375061, -3.0818233489990234, 0.9330015182495117, 4.432836532592773, -0.5489824414253235, -2.8528366088867188, -4.960663318634033, -3.8319077491760254, 1.5365543365478516, -7.849854469299316, -2.8172338008880615, 2.3519484996795654, 13.339052200317383]], "type": "heatmap"}], "layout": {"template": {"data": {"histogram2dcontour": [{"type": "histogram2dcontour", "colorbar": {"outlinewidth": 0, "ticks": ""}, "colorscale": [[0.0, "#0d0887"], [0.1111111111111111, "#46039f"], [0.2222222222222222, "#7201a8"], [0.3333333333333333, "#9c179e"], [0.4444444444444444, "#bd3786"], [0.5555555555555556, "#d8576b"], [0.6666666666666666, "#ed7953"], [0.7777777777777778, "#fb9f3a"], [0.8888888888888888, "#fdca26"], [1.0, "#f0f921"]]}], "choropleth": [{"type": "choropleth", "colorbar": {"outlinewidth": 0, "ticks": ""}}], "histogram2d": [{"type": "histogram2d", "colorbar": {"outlinewidth": 0, "ticks": ""}, "colorscale": [[0.0, "#0d0887"], [0.1111111111111111, "#46039f"], [0.2222222222222222, "#7201a8"], [0.3333333333333333, "#9c179e"], [0.4444444444444444, "#bd3786"], [0.5555555555555556, "#d8576b"], [0.6666666666666666, "#ed7953"], [0.7777777777777778, "#fb9f3a"], [0.8888888888888888, "#fdca26"], [1.0, "#f0f921"]]}], "heatmap": [{"type": "heatmap", "colorbar": {"outlinewidth": 0, "ticks": ""}, "colorscale": [[0.0, "#0d0887"], [0.1111111111111111, "#46039f"], [0.2222222222222222, "#7201a8"], [0.3333333333333333, "#9c179e"], [0.4444444444444444, "#bd3786"], [0.5555555555555556, "#d8576b"], [0.6666666666666666, "#ed7953"], [0.7777777777777778, "#fb9f3a"], [0.8888888888888888, "#fdca26"], [1.0, "#f0f921"]]}], "heatmapgl": [{"type": "heatmapgl", "colorbar": {"outlinewidth": 0, "ticks": ""}, "colorscale": [[0.0, "#0d0887"], [0.1111111111111111, "#46039f"], [0.2222222222222222, "#7201a8"], [0.3333333333333333, "#9c179e"], [0.4444444444444444, "#bd3786"], [0.5555555555555556, "#d8576b"], [0.6666666666666666, "#ed7953"], [0.7777777777777778, "#fb9f3a"], [0.8888888888888888, "#fdca26"], [1.0, "#f0f921"]]}], "contourcarpet": [{"type": "contourcarpet", "colorbar": {"outlinewidth": 0, "ticks": ""}}], "contour": [{"type": "contour", "colorbar": {"outlinewidth": 0, "ticks": ""}, "colorscale": [[0.0, "#0d0887"], [0.1111111111111111, "#46039f"], [0.2222222222222222, "#7201a8"], [0.3333333333333333, "#9c179e"], [0.4444444444444444, "#bd3786"], [0.5555555555555556, "#d8576b"], [0.6666666666666666, "#ed7953"], [0.7777777777777778, "#fb9f3a"], [0.8888888888888888, "#fdca26"], [1.0, "#f0f921"]]}], "surface": [{"type": "surface", "colorbar": {"outlinewidth": 0, "ticks": ""}, "colorscale": [[0.0, "#0d0887"], [0.1111111111111111, "#46039f"], [0.2222222222222222, "#7201a8"], [0.3333333333333333, "#9c179e"], [0.4444444444444444, "#bd3786"], [0.5555555555555556, "#d8576b"], [0.6666666666666666, "#ed7953"], [0.7777777777777778, "#fb9f3a"], [0.8888888888888888, "#fdca26"], [1.0, "#f0f921"]]}], "mesh3d": [{"type": "mesh3d", "colorbar": {"outlinewidth": 0, "ticks": ""}}], "scatter": [{"fillpattern": {"fillmode": "overlay", "size": 10, "solidity": 0.2}, "type": "scatter"}], "parcoords": [{"type": "parcoords", "line": {"colorbar": {"outlinewidth": 0, "ticks": ""}}}], "scatterpolargl": [{"type": "scatterpolargl", "marker": {"colorbar": {"outlinewidth": 0, "ticks": ""}}}], "bar": [{"error_x": {"color": "#2a3f5f"}, "error_y": {"color": "#2a3f5f"}, "marker": {"line": {"color": "#E5ECF6", "width": 0.5}, "pattern": {"fillmode": "overlay", "size": 10, "solidity": 0.2}}, "type": "bar"}], "scattergeo": [{"type": "scattergeo", "marker": {"colorbar": {"outlinewidth": 0, "ticks": ""}}}], "scatterpolar": [{"type": "scatterpolar", "marker": {"colorbar": {"outlinewidth": 0, "ticks": ""}}}], "histogram": [{"marker": {"pattern": {"fillmode": "overlay", "size": 10, "solidity": 0.2}}, "type": "histogram"}], "scattergl": [{"type": "scattergl", "marker": {"colorbar": {"outlinewidth": 0, "ticks": ""}}}], "scatter3d": [{"type": "scatter3d", "line": {"colorbar": {"outlinewidth": 0, "ticks": ""}}, "marker": {"colorbar": {"outlinewidth": 0, "ticks": ""}}}], "scattermapbox": [{"type": "scattermapbox", "marker": {"colorbar": {"outlinewidth": 0, "ticks": ""}}}], "scatterternary": [{"type": "scatterternary", "marker": {"colorbar": {"outlinewidth": 0, "ticks": ""}}}], "scattercarpet": [{"type": "scattercarpet", "marker": {"colorbar": {"outlinewidth": 0, "ticks": ""}}}], "carpet": [{"aaxis": {"endlinecolor": "#2a3f5f", "gridcolor": "white", "linecolor": "white", "minorgridcolor": "white", "startlinecolor": "#2a3f5f"}, "baxis": {"endlinecolor": "#2a3f5f", "gridcolor": "white", "linecolor": "white", "minorgridcolor": "white", "startlinecolor": "#2a3f5f"}, "type": "carpet"}], "table": [{"cells": {"fill": {"color": "#EBF0F8"}, "line": {"color": "white"}}, "header": {"fill": {"color": "#C8D4E3"}, "line": {"color": "white"}}, "type": "table"}], "barpolar": [{"marker": {"line": {"color": "#E5ECF6", "width": 0.5}, "pattern": {"fillmode": "overlay", "size": 10, "solidity": 0.2}}, "type": "barpolar"}], "pie": [{"automargin": true, "type": "pie"}]}, "layout": {"autotypenumbers": "strict", "colorway": ["#636efa", "#EF553B", "#00cc96", "#ab63fa", "#FFA15A", "#19d3f3", "#FF6692", "#B6E880", "#FF97FF", "#FECB52"], "font": {"color": "#2a3f5f"}, "hovermode": "closest", "hoverlabel": {"align": "left"}, "paper_bgcolor": "white", "plot_bgcolor": "#E5ECF6", "polar": {"bgcolor": "#E5ECF6", "angularaxis": {"gridcolor": "white", "linecolor": "white", "ticks": ""}, "radialaxis": {"gridcolor": "white", "linecolor": "white", "ticks": ""}}, "ternary": {"bgcolor": "#E5ECF6", "aaxis": {"gridcolor": "white", "linecolor": "white", "ticks": ""}, "baxis": {"gridcolor": "white", "linecolor": "white", "ticks": ""}, "caxis": {"gridcolor": "white", "linecolor": "white", "ticks": ""}}, "coloraxis": {"colorbar": {"outlinewidth": 0, "ticks": ""}}, "colorscale": {"sequential": [[0.0, "#0d0887"], [0.1111111111111111, "#46039f"], [0.2222222222222222, "#7201a8"], [0.3333333333333333, "#9c179e"], [0.4444444444444444, "#bd3786"], [0.5555555555555556, "#d8576b"], [0.6666666666666666, "#ed7953"], [0.7777777777777778, "#fb9f3a"], [0.8888888888888888, "#fdca26"], [1.0, "#f0f921"]], "sequentialminus": [[0.0, "#0d0887"], [0.1111111111111111, "#46039f"], [0.2222222222222222, "#7201a8"], [0.3333333333333333, "#9c179e"], [0.4444444444444444, "#bd3786"], [0.5555555555555556, "#d8576b"], [0.6666666666666666, "#ed7953"], [0.7777777777777778, "#fb9f3a"], [0.8888888888888888, "#fdca26"], [1.0, "#f0f921"]], "diverging": [[0, "#8e0152"], [0.1, "#c51b7d"], [0.2, "#de77ae"], [0.3, "#f1b6da"], [0.4, "#fde0ef"], [0.5, "#f7f7f7"], [0.6, "#e6f5d0"], [0.7, "#b8e186"], [0.8, "#7fbc41"], [0.9, "#4d9221"], [1, "#276419"]]}, "xaxis": {"gridcolor": "white", "linecolor": "white", "ticks": "", "title": {"standoff": 15}, "zerolinecolor": "white", "automargin": true, "zerolinewidth": 2}, "yaxis": {"gridcolor": "white", "linecolor": "white", "ticks": "", "title": {"standoff": 15}, "zerolinecolor": "white", "automargin": true, "zerolinewidth": 2}, "scene": {"xaxis": {"backgroundcolor": "#E5ECF6", "gridcolor": "white", "linecolor": "white", "showbackground": true, "ticks": "", "zerolinecolor": "white", "gridwidth": 2}, "yaxis": {"backgroundcolor": "#E5ECF6", "gridcolor": "white", "linecolor": "white", "showbackground": true, "ticks": "", "zerolinecolor": "white", "gridwidth": 2}, "zaxis": {"backgroundcolor": "#E5ECF6", "gridcolor": "white", "linecolor": "white", "showbackground": true, "ticks": "", "zerolinecolor": "white", "gridwidth": 2}}, "shapedefaults": {"line": {"color": "#2a3f5f"}}, "annotationdefaults": {"arrowcolor": "#2a3f5f", "arrowhead": 0, "arrowwidth": 1}, "geo": {"bgcolor": "white", "landcolor": "#E5ECF6", "subunitcolor": "white", "showland": true, "showlakes": true, "lakecolor": "white"}, "title": {"x": 0.05}, "mapbox": {"style": "light"}}}}}