{"data": [{"z": [[27.181678771972656, -0.19482333958148956, 3.807896614074707, 0.8844389319419861, -5.729816913604736, -6.931381702423096, 5.844681739807129, 1.4135733842849731, 4.549495697021484, -6.662635803222656, -1.363427758216858, 1.5562998056411743, 0.19890901446342468, -4.59136962890625, -5.07356595993042, -0.6174359321594238, -6.56606388092041, 3.3191633224487305, -0.46219658851623535, -8.142274856567383, 4.468335151672363], [-0.19482333958148956, 24.16851043701172, 0.6949124336242676, -3.0579001903533936, 5.970796585083008, -5.902331829071045, -3.465468406677246, -3.6985700130462646, -0.3091879189014435, -0.3584904968738556, -3.693356990814209, 9.131574630737305, 3.861955165863037, -2.8420896530151367, 6.707671165466309, -5.899780750274658, -2.6866226196289062, 5.334331035614014, 2.218613624572754, -0.10952258110046387, 1.9705603122711182], [3.807896614074707, 0.6949124336242676, 16.15047264099121, -1.9773716926574707, 3.5106794834136963, -0.44017717242240906, 8.940054893493652, -3.3383891582489014, -0.031207114458084106, -3.073887348175049, 2.4793450832366943, 0.8288564682006836, 1.419697880744934, -4.026931285858154, -2.9383504390716553, 4.753870010375977, 1.0448976755142212, -1.9694187641143799, -6.461052894592285, 4.3383026123046875, 1.7431248426437378], [0.8844389319419861, -3.0579001903533936, -1.9773716926574707, 23.79747200012207, -3.361029863357544, 4.890714168548584, 3.887967586517334, -0.8553295731544495, 1.4378796815872192, 0.5525466799736023, 0.2963741719722748, 4.512150764465332, 3.3732643127441406, -0.46073535084724426, 0.8047832250595093, -0.24658776819705963, -5.156686782836914, -3.2618637084960938, 3.1492226123809814, -1.3913817405700684, 0.835771918296814], [-5.729816913604736, 5.970796585083008, 3.5106794834136963, -3.361029863357544, 22.278900146484375, -4.214682102203369, 0.2818262577056885, -4.5027337074279785, 2.5782968997955322, -5.044748306274414, -0.7606717348098755, 0.7069177031517029, 0.8956148624420166, -1.9637473821640015, 2.126284122467041, -0.4751380980014801, 1.431989312171936, 0.7999410629272461, -9.755302429199219, 5.735256195068359, 3.264704704284668], [-6.931381702423096, -5.902331829071045, -0.44017717242240906, 4.890714168548584, -4.214682102203369, 33.09669494628906, 1.5522364377975464, 1.861451268196106, -1.3793699741363525, 2.6372573375701904, -0.8068000674247742, -9.915706634521484, -0.60901939868927, 0.48903727531433105, 2.288362741470337, 3.4878525733947754, -0.398576557636261, -7.339658737182617, 9.213403701782227, 4.128009796142578, -6.580986022949219], [5.844681739807129, -3.465468406677246, 8.940054893493652, 3.887967586517334, 0.2818262577056885, 1.5522364377975464, 20.344928741455078, -1.4530014991760254, -0.30078819394111633, 1.8153595924377441, 1.5694283246994019, -1.789184331893921, 2.3580009937286377, 1.9536406993865967, -2.5399725437164307, 3.6612465381622314, -3.7984328269958496, -0.48656630516052246, -3.9848082065582275, -6.045752048492432, -2.3682827949523926], [1.4135733842849731, -3.6985700130462646, -3.3383891582489014, -0.8553295731544495, -4.5027337074279785, 1.861451268196106, -1.4530014991760254, 14.472071647644043, -1.2758984565734863, -2.761016845703125, 1.7944740056991577, -1.6737027168273926, -4.611687183380127, 1.8055553436279297, -1.6272908449172974, -3.883669853210449, 3.710728168487549, -2.7155685424804688, -2.1192784309387207, 0.7454715967178345, -0.8091049790382385], [4.549495697021484, -0.3091879189014435, -0.031207114458084106, 1.4378796815872192, 2.5782968997955322, -1.3793699741363525, -0.30078819394111633, -1.2758984565734863, 18.452730178833008, -3.7073898315429688, 1.4861332178115845, -3.5924646854400635, 6.8876824378967285, -3.7045490741729736, 0.23831430077552795, -0.05589679256081581, -4.421191215515137, 2.544201374053955, -2.485013961791992, 0.10253119468688965, 1.5445808172225952], [-6.662635803222656, -0.3584904968738556, -3.073887348175049, 0.5525466799736023, -5.044748306274414, 2.6372573375701904, 1.8153595924377441, -2.761016845703125, -3.7073898315429688, 27.882862091064453, 4.06886625289917, -1.0907268524169922, -4.239904403686523, 4.17333984375, 1.3250443935394287, 3.384491443634033, 5.511868476867676, 0.33023834228515625, 4.523327827453613, -3.404168128967285, -3.0820250511169434], [-1.363427758216858, -3.693356990814209, 2.4793450832366943, 0.2963741719722748, -0.7606717348098755, -0.8068000674247742, 1.5694283246994019, 1.7944740056991577, 1.4861332178115845, 4.06886625289917, 21.438968658447266, -0.3418605327606201, 3.5149803161621094, 0.8989382386207581, -5.534087657928467, 1.6642199754714966, 1.030946969985962, -9.40136432647705, -2.028581142425537, -1.3441658020019531, 0.9339523315429688], [1.5562998056411743, 9.131574630737305, 0.8288564682006836, 4.512150764465332, 0.7069177031517029, -9.915706634521484, -1.789184331893921, -1.6737027168273926, -3.5924646854400635, -1.0907268524169922, -0.3418605327606201, 24.139591217041016, 1.7389171123504639, 4.108368873596191, 1.0683139562606812, -4.294314384460449, 2.763197183609009, -3.3389391899108887, 0.28044748306274414, 2.875396728515625, 4.43415641784668], [0.19890901446342468, 3.861955165863037, 1.419697880744934, 3.3732643127441406, 0.8956148624420166, -0.60901939868927, 2.3580009937286377, -4.611687183380127, 6.8876824378967285, -4.239904403686523, 3.5149803161621094, 1.7389171123504639, 20.885944366455078, 2.234027147293091, 1.1928945779800415, 1.1067756414413452, -9.095512390136719, 5.560842037200928, 1.3817503452301025, -5.090757369995117, -0.5476369261741638], [-4.59136962890625, -2.8420896530151367, -4.026931285858154, -0.46073535084724426, -1.9637473821640015, 0.48903727531433105, 1.9536406993865967, 1.8055553436279297, -3.7045490741729736, 4.17333984375, 0.8989382386207581, 4.108368873596191, 2.234027147293091, 17.60309600830078, 2.5253782272338867, -2.909156322479248, -1.4274168014526367, -2.6766600608825684, 2.2434163093566895, -2.9579663276672363, -2.8514864444732666], [-5.07356595993042, 6.707671165466309, -2.9383504390716553, 0.8047832250595093, 2.126284122467041, 2.288362741470337, -2.5399725437164307, -1.6272908449172974, 0.23831430077552795, 1.3250443935394287, -5.534087657928467, 1.0683139562606812, 1.1928945779800415, 2.5253782272338867, 10.824872970581055, 0.4650774300098419, -3.3796730041503906, 4.774064540863037, 6.639446258544922, 0.8929170370101929, -4.9595723152160645], [-0.6174359321594238, -5.899780750274658, 4.753870010375977, -0.24658776819705963, -0.4751380980014801, 3.4878525733947754, 3.6612465381622314, -3.883669853210449, -0.05589679256081581, 3.384491443634033, 1.6642199754714966, -4.294314384460449, 1.1067756414413452, -2.909156322479248, 0.4650774300098419, 15.867006301879883, 6.127557754516602, 2.2112936973571777, 2.439263343811035, 1.0014169216156006, -3.832219123840332], [-6.566064357757568, -2.6866226196289062, 1.0448977947235107, -5.156686305999756, 1.4319887161254883, -0.3985767662525177, -3.7984325885772705, 3.710728406906128, -4.42119026184082, 5.511868476867676, 1.0309464931488037, 2.763197422027588, -9.095511436462402, -1.427416443824768, -3.379673719406128, 6.127557277679443, 23.181476593017578, -4.940315246582031, -6.356991767883301, 8.820175170898438, 1.5373010635375977], [3.3191635608673096, 5.3343305587768555, -1.969419002532959, -3.261864423751831, 0.7999417185783386, -7.339659690856934, -0.48656636476516724, -2.7155683040618896, 2.544201374053955, 0.3302380442619324, -9.401363372802734, -3.338940143585205, 5.5608415603637695, -2.6766600608825684, 4.774064540863037, 2.211293935775757, -4.940315246582031, 28.471139907836914, 2.056793212890625, -4.231377601623535, -7.848653316497803], [-0.46219661831855774, 2.2186148166656494, -6.461052894592285, 3.149221420288086, -9.755303382873535, 9.213404655456543, -3.984807252883911, -2.1192784309387207, -2.485013961791992, 4.523327827453613, -2.028581380844116, 0.2804473042488098, 1.3817510604858398, 2.2434167861938477, 6.63944673538208, 2.4392635822296143, -6.356991767883301, 2.056793212890625, 30.774694442749023, 2.2347068786621094, -2.8173837661743164], [-8.1422758102417, -0.10952196270227432, 4.3383026123046875, -1.3913816213607788, 5.735257148742676, 4.128009796142578, -6.045752048492432, 0.7454714775085449, 0.10253112763166428, -3.404167652130127, -1.344165563583374, 2.8753974437713623, -5.090757369995117, -2.9579660892486572, 0.8929173350334167, 1.0014169216156006, 8.820175170898438, -4.231377601623535, 2.2347068786621094, 19.457592010498047, 2.3524985313415527], [4.468335151672363, 1.9705604314804077, 1.7431249618530273, 0.8357720375061035, 3.264704704284668, -6.580986499786377, -2.3682827949523926, -0.8091049194335938, 1.5445808172225952, -3.082024574279785, 0.9339520931243896, 4.4341559410095215, -0.547636866569519, -2.8514857292175293, -4.959571838378906, -3.832219123840332, 1.5373011827468872, -7.848653793334961, -2.8173837661743164, 2.3524985313415527, 13.339052200317383]], "type": "heatmap"}], "layout": {"template": {"data": {"histogram2dcontour": [{"type": "histogram2dcontour", "colorbar": {"outlinewidth": 0, "ticks": ""}, "colorscale": [[0.0, "#0d0887"], [0.1111111111111111, "#46039f"], [0.2222222222222222, "#7201a8"], [0.3333333333333333, "#9c179e"], [0.4444444444444444, "#bd3786"], [0.5555555555555556, "#d8576b"], [0.6666666666666666, "#ed7953"], [0.7777777777777778, "#fb9f3a"], [0.8888888888888888, "#fdca26"], [1.0, "#f0f921"]]}], "choropleth": [{"type": "choropleth", "colorbar": {"outlinewidth": 0, "ticks": ""}}], "histogram2d": [{"type": "histogram2d", "colorbar": {"outlinewidth": 0, "ticks": ""}, "colorscale": [[0.0, "#0d0887"], [0.1111111111111111, "#46039f"], [0.2222222222222222, "#7201a8"], [0.3333333333333333, "#9c179e"], [0.4444444444444444, "#bd3786"], [0.5555555555555556, "#d8576b"], [0.6666666666666666, "#ed7953"], [0.7777777777777778, "#fb9f3a"], [0.8888888888888888, "#fdca26"], [1.0, "#f0f921"]]}], "heatmap": [{"type": "heatmap", "colorbar": {"outlinewidth": 0, "ticks": ""}, "colorscale": [[0.0, "#0d0887"], [0.1111111111111111, "#46039f"], [0.2222222222222222, "#7201a8"], [0.3333333333333333, "#9c179e"], [0.4444444444444444, "#bd3786"], [0.5555555555555556, "#d8576b"], [0.6666666666666666, "#ed7953"], [0.7777777777777778, "#fb9f3a"], [0.8888888888888888, "#fdca26"], [1.0, "#f0f921"]]}], "heatmapgl": [{"type": "heatmapgl", "colorbar": {"outlinewidth": 0, "ticks": ""}, "colorscale": [[0.0, "#0d0887"], [0.1111111111111111, "#46039f"], [0.2222222222222222, "#7201a8"], [0.3333333333333333, "#9c179e"], [0.4444444444444444, "#bd3786"], [0.5555555555555556, "#d8576b"], [0.6666666666666666, "#ed7953"], [0.7777777777777778, "#fb9f3a"], [0.8888888888888888, "#fdca26"], [1.0, "#f0f921"]]}], "contourcarpet": [{"type": "contourcarpet", "colorbar": {"outlinewidth": 0, "ticks": ""}}], "contour": [{"type": "contour", "colorbar": {"outlinewidth": 0, "ticks": ""}, "colorscale": [[0.0, "#0d0887"], [0.1111111111111111, "#46039f"], [0.2222222222222222, "#7201a8"], [0.3333333333333333, "#9c179e"], [0.4444444444444444, "#bd3786"], [0.5555555555555556, "#d8576b"], [0.6666666666666666, "#ed7953"], [0.7777777777777778, "#fb9f3a"], [0.8888888888888888, "#fdca26"], [1.0, "#f0f921"]]}], "surface": [{"type": "surface", "colorbar": {"outlinewidth": 0, "ticks": ""}, "colorscale": [[0.0, "#0d0887"], [0.1111111111111111, "#46039f"], [0.2222222222222222, "#7201a8"], [0.3333333333333333, "#9c179e"], [0.4444444444444444, "#bd3786"], [0.5555555555555556, "#d8576b"], [0.6666666666666666, "#ed7953"], [0.7777777777777778, "#fb9f3a"], [0.8888888888888888, "#fdca26"], [1.0, "#f0f921"]]}], "mesh3d": [{"type": "mesh3d", "colorbar": {"outlinewidth": 0, "ticks": ""}}], "scatter": [{"fillpattern": {"fillmode": "overlay", "size": 10, "solidity": 0.2}, "type": "scatter"}], "parcoords": [{"type": "parcoords", "line": {"colorbar": {"outlinewidth": 0, "ticks": ""}}}], "scatterpolargl": [{"type": "scatterpolargl", "marker": {"colorbar": {"outlinewidth": 0, "ticks": ""}}}], "bar": [{"error_x": {"color": "#2a3f5f"}, "error_y": {"color": "#2a3f5f"}, "marker": {"line": {"color": "#E5ECF6", "width": 0.5}, "pattern": {"fillmode": "overlay", "size": 10, "solidity": 0.2}}, "type": "bar"}], "scattergeo": [{"type": "scattergeo", "marker": {"colorbar": {"outlinewidth": 0, "ticks": ""}}}], "scatterpolar": [{"type": "scatterpolar", "marker": {"colorbar": {"outlinewidth": 0, "ticks": ""}}}], "histogram": [{"marker": {"pattern": {"fillmode": "overlay", "size": 10, "solidity": 0.2}}, "type": "histogram"}], "scattergl": [{"type": "scattergl", "marker": {"colorbar": {"outlinewidth": 0, "ticks": ""}}}], "scatter3d": [{"type": "scatter3d", "line": {"colorbar": {"outlinewidth": 0, "ticks": ""}}, "marker": {"colorbar": {"outlinewidth": 0, "ticks": ""}}}], "scattermapbox": [{"type": "scattermapbox", "marker": {"colorbar": {"outlinewidth": 0, "ticks": ""}}}], "scatterternary": [{"type": "scatterternary", "marker": {"colorbar": {"outlinewidth": 0, "ticks": ""}}}], "scattercarpet": [{"type": "scattercarpet", "marker": {"colorbar": {"outlinewidth": 0, "ticks": ""}}}], "carpet": [{"aaxis": {"endlinecolor": "#2a3f5f", "gridcolor": "white", "linecolor": "white", "minorgridcolor": "white", "startlinecolor": "#2a3f5f"}, "baxis": {"endlinecolor": "#2a3f5f", "gridcolor": "white", "linecolor": "white", "minorgridcolor": "white", "startlinecolor": "#2a3f5f"}, "type": "carpet"}], "table": [{"cells": {"fill": {"color": "#EBF0F8"}, "line": {"color": "white"}}, "header": {"fill": {"color": "#C8D4E3"}, "line": {"color": "white"}}, "type": "table"}], "barpolar": [{"marker": {"line": {"color": "#E5ECF6", "width": 0.5}, "pattern": {"fillmode": "overlay", "size": 10, "solidity": 0.2}}, "type": "barpolar"}], "pie": [{"automargin": true, "type": "pie"}]}, "layout": {"autotypenumbers": "strict", "colorway": ["#636efa", "#EF553B", "#00cc96", "#ab63fa", "#FFA15A", "#19d3f3", "#FF6692", "#B6E880", "#FF97FF", "#FECB52"], "font": {"color": "#2a3f5f"}, "hovermode": "closest", "hoverlabel": {"align": "left"}, "paper_bgcolor": "white", "plot_bgcolor": "#E5ECF6", "polar": {"bgcolor": "#E5ECF6", "angularaxis": {"gridcolor": "white", "linecolor": "white", "ticks": ""}, "radialaxis": {"gridcolor": "white", "linecolor": "white", "ticks": ""}}, "ternary": {"bgcolor": "#E5ECF6", "aaxis": {"gridcolor": "white", "linecolor": "white", "ticks": ""}, "baxis": {"gridcolor": "white", "linecolor": "white", "ticks": ""}, "caxis": {"gridcolor": "white", "linecolor": "white", "ticks": ""}}, "coloraxis": {"colorbar": {"outlinewidth": 0, "ticks": ""}}, "colorscale": {"sequential": [[0.0, "#0d0887"], [0.1111111111111111, "#46039f"], [0.2222222222222222, "#7201a8"], [0.3333333333333333, "#9c179e"], [0.4444444444444444, "#bd3786"], [0.5555555555555556, "#d8576b"], [0.6666666666666666, "#ed7953"], [0.7777777777777778, "#fb9f3a"], [0.8888888888888888, "#fdca26"], [1.0, "#f0f921"]], "sequentialminus": [[0.0, "#0d0887"], [0.1111111111111111, "#46039f"], [0.2222222222222222, "#7201a8"], [0.3333333333333333, "#9c179e"], [0.4444444444444444, "#bd3786"], [0.5555555555555556, "#d8576b"], [0.6666666666666666, "#ed7953"], [0.7777777777777778, "#fb9f3a"], [0.8888888888888888, "#fdca26"], [1.0, "#f0f921"]], "diverging": [[0, "#8e0152"], [0.1, "#c51b7d"], [0.2, "#de77ae"], [0.3, "#f1b6da"], [0.4, "#fde0ef"], [0.5, "#f7f7f7"], [0.6, "#e6f5d0"], [0.7, "#b8e186"], [0.8, "#7fbc41"], [0.9, "#4d9221"], [1, "#276419"]]}, "xaxis": {"gridcolor": "white", "linecolor": "white", "ticks": "", "title": {"standoff": 15}, "zerolinecolor": "white", "automargin": true, "zerolinewidth": 2}, "yaxis": {"gridcolor": "white", "linecolor": "white", "ticks": "", "title": {"standoff": 15}, "zerolinecolor": "white", "automargin": true, "zerolinewidth": 2}, "scene": {"xaxis": {"backgroundcolor": "#E5ECF6", "gridcolor": "white", "linecolor": "white", "showbackground": true, "ticks": "", "zerolinecolor": "white", "gridwidth": 2}, "yaxis": {"backgroundcolor": "#E5ECF6", "gridcolor": "white", "linecolor": "white", "showbackground": true, "ticks": "", "zerolinecolor": "white", "gridwidth": 2}, "zaxis": {"backgroundcolor": "#E5ECF6", "gridcolor": "white", "linecolor": "white", "showbackground": true, "ticks": "", "zerolinecolor": "white", "gridwidth": 2}}, "shapedefaults": {"line": {"color": "#2a3f5f"}}, "annotationdefaults": {"arrowcolor": "#2a3f5f", "arrowhead": 0, "arrowwidth": 1}, "geo": {"bgcolor": "white", "landcolor": "#E5ECF6", "subunitcolor": "white", "showland": true, "showlakes": true, "lakecolor": "white"}, "title": {"x": 0.05}, "mapbox": {"style": "light"}}}}}