{"data": [{"z": [[27.18086051940918, -0.20805291831493378, 3.7945194244384766, 0.8712837100028992, -5.7440409660339355, -6.949339389801025, 5.834846019744873, 1.4011552333831787, 4.5431671142578125, -6.6740193367004395, -1.371680736541748, 1.546401023864746, 0.18094591796398163, -4.5999531745910645, -5.091224670410156, -0.6368726491928101, -6.581732273101807, 3.309335947036743, -0.47505903244018555, -8.165053367614746, 4.477139472961426], [-0.20805291831493378, 24.195446014404297, 0.6893325448036194, -3.07820987701416, 5.971857070922852, -5.928271770477295, -3.4785914421081543, -3.719916582107544, -0.3178773522377014, -0.367532879114151, -3.7055504322052, 9.14382553100586, 3.8664145469665527, -2.8497602939605713, 6.707716464996338, -5.918790817260742, -2.699164867401123, 5.335014343261719, 2.216273784637451, -0.11306333541870117, 1.9745317697525024], [3.7945194244384766, 0.6893325448036194, 16.15616798400879, -1.9879220724105835, 3.499720335006714, -0.453727126121521, 8.939446449279785, -3.36181378364563, -0.040671415627002716, -3.0837655067443848, 2.465148687362671, 0.8189274072647095, 1.4123480319976807, -4.040890693664551, -2.9538631439208984, 4.739918231964111, 1.029552936553955, -1.9828085899353027, -6.4749016761779785, 4.326759338378906, 1.7504243850708008], [0.8712837100028992, -3.07820987701416, -1.9879220724105835, 23.805166244506836, -3.382054328918457, 4.884819507598877, 3.8888039588928223, -0.8707727789878845, 1.427452564239502, 0.5495139956474304, 0.2941793203353882, 4.501743316650391, 3.360161066055298, -0.4770648181438446, 0.789096474647522, -0.26019197702407837, -5.173333168029785, -3.281158924102783, 3.1469273567199707, -1.4034366607666016, 0.8389790058135986], [-5.7440409660339355, 5.971857070922852, 3.499720335006714, -3.382054328918457, 22.279680252075195, -4.235626697540283, 0.26962825655937195, -4.517770290374756, 2.568213701248169, -5.063049793243408, -0.7703055143356323, 0.6983935832977295, 0.8873518705368042, -1.9763445854187012, 2.115590810775757, -0.5011020302772522, 1.4122779369354248, 0.7861617803573608, -9.763620376586914, 5.730738162994385, 3.2743124961853027], [-6.949339389801025, -5.928271770477295, -0.453727126121521, 4.884819507598877, -4.235626697540283, 33.116580963134766, 1.559140682220459, 1.8420578241348267, -1.3840159177780151, 2.636626958847046, -0.8158041834831238, -9.944437026977539, -0.6280477046966553, 0.47851380705833435, 2.2724292278289795, 3.4841551780700684, -0.41052496433258057, -7.360260009765625, 9.215341567993164, 4.119649887084961, -6.579885005950928], [5.834846019744873, -3.4785914421081543, 8.939446449279785, 3.8888039588928223, 0.26962825655937195, 1.559140682220459, 20.36397933959961, -1.4595487117767334, -0.29799148440361023, 1.8168456554412842, 1.568057894706726, -1.798985242843628, 2.3549299240112305, 1.9480305910110474, -2.549362897872925, 3.6636526584625244, -3.802856683731079, -0.49210572242736816, -3.9857230186462402, -6.052854537963867, -2.3719332218170166], [1.4011552333831787, -3.719916582107544, -3.36181378364563, -0.8707727789878845, -4.517770290374756, 1.8420578241348267, -1.4595487117767334, 14.455497741699219, -1.2890393733978271, -2.7741589546203613, 1.7856377363204956, -1.694930076599121, -4.634946346282959, 1.8034738302230835, -1.6503291130065918, -3.9148499965667725, 3.6891117095947266, -2.7322871685028076, -2.133859634399414, 0.7238900661468506, -0.8001898527145386], [4.5431671142578125, -0.3178773522377014, -0.040671415627002716, 1.427452564239502, 2.568213701248169, -1.3840159177780151, -0.29799148440361023, -1.2890393733978271, 18.466880798339844, -3.713613510131836, 1.4783207178115845, -3.604820489883423, 6.881006717681885, -3.717066764831543, 0.2250143587589264, -0.06687977910041809, -4.43538236618042, 2.5345144271850586, -2.492241382598877, 0.09030583500862122, 1.5469965934753418], [-6.6740193367004395, -0.367532879114151, -3.0837655067443848, 0.5495139956474304, -5.063049793243408, 2.636626958847046, 1.8168456554412842, -2.7741589546203613, -3.713613510131836, 27.895845413208008, 4.06532621383667, -1.1017271280288696, -4.255870819091797, 4.15875768661499, 1.3082044124603271, 3.383760690689087, 5.505969047546387, 0.32485222816467285, 4.520846366882324, -3.4191665649414062, -3.0824735164642334], [-1.371680736541748, -3.7055504322052, 2.465148687362671, 0.2941793203353882, -0.7703055143356323, -0.8158041834831238, 1.568057894706726, 1.7856377363204956, 1.4783207178115845, 4.06532621383667, 21.452468872070312, -0.3568507432937622, 3.500904083251953, 0.8934940099716187, -5.550167083740234, 1.6520227193832397, 1.0192525386810303, -9.415068626403809, -2.0371925830841064, -1.3572052717208862, 0.9370986223220825], [1.546401023864746, 9.14382553100586, 0.8189274072647095, 4.501743316650391, 0.6983935832977295, -9.944437026977539, -1.798985242843628, -1.694930076599121, -3.604820489883423, -1.1017271280288696, -0.3568507432937622, 24.160003662109375, 1.7395869493484497, 4.0972580909729, 1.0584458112716675, -4.315736293792725, 2.7497401237487793, -3.3455114364624023, 0.2767608165740967, 2.877258777618408, 4.438738822937012], [0.18094591796398163, 3.8664145469665527, 1.4123480319976807, 3.360161066055298, 0.8873518705368042, -0.6280477046966553, 2.3549299240112305, -4.634946346282959, 6.881006717681885, -4.255870819091797, 3.500904083251953, 1.7395869493484497, 20.891868591308594, 2.2247791290283203, 1.1816128492355347, 1.0871583223342896, -9.119211196899414, 5.552857875823975, 1.374852180480957, -5.099797248840332, -0.5425631403923035], [-4.5999531745910645, -2.8497602939605713, -4.040890693664551, -0.4770648181438446, -1.9763445854187012, 0.47851380705833435, 1.9480305910110474, 1.8034738302230835, -3.717066764831543, 4.15875768661499, 0.8934940099716187, 4.0972580909729, 2.2247791290283203, 17.60643768310547, 2.514784574508667, -2.9294989109039307, -1.4453411102294922, -2.6913578510284424, 2.2362465858459473, -2.9706778526306152, -2.8471293449401855], [-5.091224670410156, 6.707716464996338, -2.9538631439208984, 0.789096474647522, 2.115590810775757, 2.2724292278289795, -2.549362897872925, -1.6503291130065918, 0.2250143587589264, 1.3082044124603271, -5.550167083740234, 1.0584458112716675, 1.1816128492355347, 2.514784574508667, 10.819761276245117, 0.44520002603530884, -3.4021763801574707, 4.763932228088379, 6.635761260986328, 0.8809727430343628, -4.956068515777588], [-0.6368726491928101, -5.918790817260742, 4.739918231964111, -0.26019197702407837, -0.5011020302772522, 3.4841551780700684, 3.6636526584625244, -3.9148499965667725, -0.06687977910041809, 3.383760690689087, 1.6520227193832397, -4.315736293792725, 1.0871583223342896, -2.9294989109039307, 0.44520002603530884, 15.868471145629883, 6.115501403808594, 2.2003862857818604, 2.433511257171631, 0.9836890697479248, -3.833669662475586], [-6.58173131942749, -2.699164867401123, 1.0295530557632446, -5.173333168029785, 1.4122776985168457, -0.4105246663093567, -3.8028573989868164, 3.6891121864318848, -4.4353814125061035, 5.50596809387207, 1.0192523002624512, 2.7497401237487793, -9.119209289550781, -1.4453403949737549, -3.4021761417388916, 6.115499973297119, 23.17864990234375, -4.954124927520752, -6.376399040222168, 8.811473846435547, 1.5382351875305176], [3.309335708618164, 5.335014820098877, -1.9828085899353027, -3.2811591625213623, 0.7861620783805847, -7.360260486602783, -0.49210599064826965, -2.7322866916656494, 2.5345146656036377, 0.3248516917228699, -9.415068626403809, -3.3455111980438232, 5.552859306335449, -2.6913578510284424, 4.763932704925537, 2.2003860473632812, -4.954124927520752, 28.47478675842285, 2.049140453338623, -4.248063087463379, -7.845877647399902], [-0.4750592112541199, 2.216273069381714, -6.47490119934082, 3.1469271183013916, -9.76362133026123, 9.215341567993164, -3.9857232570648193, -2.133859395980835, -2.492241621017456, 4.520846366882324, -2.0371925830841064, 0.27676132321357727, 1.3748525381088257, 2.236246347427368, 6.63576078414917, 2.433511257171631, -6.376399040222168, 2.049140453338623, 30.79131507873535, 2.2306599617004395, -2.8182523250579834], [-8.165053367614746, -0.11306308954954147, 4.326759338378906, -1.4034370183944702, 5.730737209320068, 4.119649887084961, -6.052855014801025, 0.7238898277282715, 0.09030572324991226, -3.419166326522827, -1.3572056293487549, 2.877258539199829, -5.099797248840332, -2.970677137374878, 0.8809728026390076, 0.9836888313293457, 8.811473846435547, -4.248063087463379, 2.2306599617004395, 19.47222900390625, 2.357102394104004], [4.477139472961426, 1.9745315313339233, 1.750424861907959, 0.83897864818573, 3.2743124961853027, -6.579885482788086, -2.3719329833984375, -0.8001898527145386, 1.5469965934753418, -3.0824737548828125, 0.9370988607406616, 4.4387383460998535, -0.5425631999969482, -2.8471288681030273, -4.95606803894043, -3.833669424057007, 1.5382349491119385, -7.8458781242370605, -2.8182525634765625, 2.357102632522583, 13.339052200317383]], "type": "heatmap"}], "layout": {"template": {"data": {"histogram2dcontour": [{"type": "histogram2dcontour", "colorbar": {"outlinewidth": 0, "ticks": ""}, "colorscale": [[0.0, "#0d0887"], [0.1111111111111111, "#46039f"], [0.2222222222222222, "#7201a8"], [0.3333333333333333, "#9c179e"], [0.4444444444444444, "#bd3786"], [0.5555555555555556, "#d8576b"], [0.6666666666666666, "#ed7953"], [0.7777777777777778, "#fb9f3a"], [0.8888888888888888, "#fdca26"], [1.0, "#f0f921"]]}], "choropleth": [{"type": "choropleth", "colorbar": {"outlinewidth": 0, "ticks": ""}}], "histogram2d": [{"type": "histogram2d", "colorbar": {"outlinewidth": 0, "ticks": ""}, "colorscale": [[0.0, "#0d0887"], [0.1111111111111111, "#46039f"], [0.2222222222222222, "#7201a8"], [0.3333333333333333, "#9c179e"], [0.4444444444444444, "#bd3786"], [0.5555555555555556, "#d8576b"], [0.6666666666666666, "#ed7953"], [0.7777777777777778, "#fb9f3a"], [0.8888888888888888, "#fdca26"], [1.0, "#f0f921"]]}], "heatmap": [{"type": "heatmap", "colorbar": {"outlinewidth": 0, "ticks": ""}, "colorscale": [[0.0, "#0d0887"], [0.1111111111111111, "#46039f"], [0.2222222222222222, "#7201a8"], [0.3333333333333333, "#9c179e"], [0.4444444444444444, "#bd3786"], [0.5555555555555556, "#d8576b"], [0.6666666666666666, "#ed7953"], [0.7777777777777778, "#fb9f3a"], [0.8888888888888888, "#fdca26"], [1.0, "#f0f921"]]}], "heatmapgl": [{"type": "heatmapgl", "colorbar": {"outlinewidth": 0, "ticks": ""}, "colorscale": [[0.0, "#0d0887"], [0.1111111111111111, "#46039f"], [0.2222222222222222, "#7201a8"], [0.3333333333333333, "#9c179e"], [0.4444444444444444, "#bd3786"], [0.5555555555555556, "#d8576b"], [0.6666666666666666, "#ed7953"], [0.7777777777777778, "#fb9f3a"], [0.8888888888888888, "#fdca26"], [1.0, "#f0f921"]]}], "contourcarpet": [{"type": "contourcarpet", "colorbar": {"outlinewidth": 0, "ticks": ""}}], "contour": [{"type": "contour", "colorbar": {"outlinewidth": 0, "ticks": ""}, "colorscale": [[0.0, "#0d0887"], [0.1111111111111111, "#46039f"], [0.2222222222222222, "#7201a8"], [0.3333333333333333, "#9c179e"], [0.4444444444444444, "#bd3786"], [0.5555555555555556, "#d8576b"], [0.6666666666666666, "#ed7953"], [0.7777777777777778, "#fb9f3a"], [0.8888888888888888, "#fdca26"], [1.0, "#f0f921"]]}], "surface": [{"type": "surface", "colorbar": {"outlinewidth": 0, "ticks": ""}, "colorscale": [[0.0, "#0d0887"], [0.1111111111111111, "#46039f"], [0.2222222222222222, "#7201a8"], [0.3333333333333333, "#9c179e"], [0.4444444444444444, "#bd3786"], [0.5555555555555556, "#d8576b"], [0.6666666666666666, "#ed7953"], [0.7777777777777778, "#fb9f3a"], [0.8888888888888888, "#fdca26"], [1.0, "#f0f921"]]}], "mesh3d": [{"type": "mesh3d", "colorbar": {"outlinewidth": 0, "ticks": ""}}], "scatter": [{"fillpattern": {"fillmode": "overlay", "size": 10, "solidity": 0.2}, "type": "scatter"}], "parcoords": [{"type": "parcoords", "line": {"colorbar": {"outlinewidth": 0, "ticks": ""}}}], "scatterpolargl": [{"type": "scatterpolargl", "marker": {"colorbar": {"outlinewidth": 0, "ticks": ""}}}], "bar": [{"error_x": {"color": "#2a3f5f"}, "error_y": {"color": "#2a3f5f"}, "marker": {"line": {"color": "#E5ECF6", "width": 0.5}, "pattern": {"fillmode": "overlay", "size": 10, "solidity": 0.2}}, "type": "bar"}], "scattergeo": [{"type": "scattergeo", "marker": {"colorbar": {"outlinewidth": 0, "ticks": ""}}}], "scatterpolar": [{"type": "scatterpolar", "marker": {"colorbar": {"outlinewidth": 0, "ticks": ""}}}], "histogram": [{"marker": {"pattern": {"fillmode": "overlay", "size": 10, "solidity": 0.2}}, "type": "histogram"}], "scattergl": [{"type": "scattergl", "marker": {"colorbar": {"outlinewidth": 0, "ticks": ""}}}], "scatter3d": [{"type": "scatter3d", "line": {"colorbar": {"outlinewidth": 0, "ticks": ""}}, "marker": {"colorbar": {"outlinewidth": 0, "ticks": ""}}}], "scattermapbox": [{"type": "scattermapbox", "marker": {"colorbar": {"outlinewidth": 0, "ticks": ""}}}], "scatterternary": [{"type": "scatterternary", "marker": {"colorbar": {"outlinewidth": 0, "ticks": ""}}}], "scattercarpet": [{"type": "scattercarpet", "marker": {"colorbar": {"outlinewidth": 0, "ticks": ""}}}], "carpet": [{"aaxis": {"endlinecolor": "#2a3f5f", "gridcolor": "white", "linecolor": "white", "minorgridcolor": "white", "startlinecolor": "#2a3f5f"}, "baxis": {"endlinecolor": "#2a3f5f", "gridcolor": "white", "linecolor": "white", "minorgridcolor": "white", "startlinecolor": "#2a3f5f"}, "type": "carpet"}], "table": [{"cells": {"fill": {"color": "#EBF0F8"}, "line": {"color": "white"}}, "header": {"fill": {"color": "#C8D4E3"}, "line": {"color": "white"}}, "type": "table"}], "barpolar": [{"marker": {"line": {"color": "#E5ECF6", "width": 0.5}, "pattern": {"fillmode": "overlay", "size": 10, "solidity": 0.2}}, "type": "barpolar"}], "pie": [{"automargin": true, "type": "pie"}]}, "layout": {"autotypenumbers": "strict", "colorway": ["#636efa", "#EF553B", "#00cc96", "#ab63fa", "#FFA15A", "#19d3f3", "#FF6692", "#B6E880", "#FF97FF", "#FECB52"], "font": {"color": "#2a3f5f"}, "hovermode": "closest", "hoverlabel": {"align": "left"}, "paper_bgcolor": "white", "plot_bgcolor": "#E5ECF6", "polar": {"bgcolor": "#E5ECF6", "angularaxis": {"gridcolor": "white", "linecolor": "white", "ticks": ""}, "radialaxis": {"gridcolor": "white", "linecolor": "white", "ticks": ""}}, "ternary": {"bgcolor": "#E5ECF6", "aaxis": {"gridcolor": "white", "linecolor": "white", "ticks": ""}, "baxis": {"gridcolor": "white", "linecolor": "white", "ticks": ""}, "caxis": {"gridcolor": "white", "linecolor": "white", "ticks": ""}}, "coloraxis": {"colorbar": {"outlinewidth": 0, "ticks": ""}}, "colorscale": {"sequential": [[0.0, "#0d0887"], [0.1111111111111111, "#46039f"], [0.2222222222222222, "#7201a8"], [0.3333333333333333, "#9c179e"], [0.4444444444444444, "#bd3786"], [0.5555555555555556, "#d8576b"], [0.6666666666666666, "#ed7953"], [0.7777777777777778, "#fb9f3a"], [0.8888888888888888, "#fdca26"], [1.0, "#f0f921"]], "sequentialminus": [[0.0, "#0d0887"], [0.1111111111111111, "#46039f"], [0.2222222222222222, "#7201a8"], [0.3333333333333333, "#9c179e"], [0.4444444444444444, "#bd3786"], [0.5555555555555556, "#d8576b"], [0.6666666666666666, "#ed7953"], [0.7777777777777778, "#fb9f3a"], [0.8888888888888888, "#fdca26"], [1.0, "#f0f921"]], "diverging": [[0, "#8e0152"], [0.1, "#c51b7d"], [0.2, "#de77ae"], [0.3, "#f1b6da"], [0.4, "#fde0ef"], [0.5, "#f7f7f7"], [0.6, "#e6f5d0"], [0.7, "#b8e186"], [0.8, "#7fbc41"], [0.9, "#4d9221"], [1, "#276419"]]}, "xaxis": {"gridcolor": "white", "linecolor": "white", "ticks": "", "title": {"standoff": 15}, "zerolinecolor": "white", "automargin": true, "zerolinewidth": 2}, "yaxis": {"gridcolor": "white", "linecolor": "white", "ticks": "", "title": {"standoff": 15}, "zerolinecolor": "white", "automargin": true, "zerolinewidth": 2}, "scene": {"xaxis": {"backgroundcolor": "#E5ECF6", "gridcolor": "white", "linecolor": "white", "showbackground": true, "ticks": "", "zerolinecolor": "white", "gridwidth": 2}, "yaxis": {"backgroundcolor": "#E5ECF6", "gridcolor": "white", "linecolor": "white", "showbackground": true, "ticks": "", "zerolinecolor": "white", "gridwidth": 2}, "zaxis": {"backgroundcolor": "#E5ECF6", "gridcolor": "white", "linecolor": "white", "showbackground": true, "ticks": "", "zerolinecolor": "white", "gridwidth": 2}}, "shapedefaults": {"line": {"color": "#2a3f5f"}}, "annotationdefaults": {"arrowcolor": "#2a3f5f", "arrowhead": 0, "arrowwidth": 1}, "geo": {"bgcolor": "white", "landcolor": "#E5ECF6", "subunitcolor": "white", "showland": true, "showlakes": true, "lakecolor": "white"}, "title": {"x": 0.05}, "mapbox": {"style": "light"}}}}}