{"data": [{"z": [[27.414295196533203, -0.2434818297624588, 3.812981605529785, 0.8396993279457092, -5.7785139083862305, -7.033076763153076, 5.799798488616943, 1.387670874595642, 4.550720691680908, -6.802043914794922, -1.4005913734436035, 1.545217514038086, 0.13506600260734558, -4.646877765655518, -5.177109241485596, -0.694587230682373, -6.639623641967773, 3.343576431274414, -0.5205597877502441, -8.291449546813965, 4.5226545333862305], [-0.2434818297624588, 24.4928035736084, 0.6795288324356079, -3.18112850189209, 6.043272495269775, -6.067216396331787, -3.5447590351104736, -3.8322908878326416, -0.3136814534664154, -0.43088388442993164, -3.7556753158569336, 9.260571479797363, 3.9623329639434814, -2.8660616874694824, 6.791232109069824, -6.021297454833984, -2.789189100265503, 5.412261962890625, 2.245435953140259, -0.13038396835327148, 1.983138918876648], [3.812981605529785, 0.6795288324356079, 16.337316513061523, -2.056993007659912, 3.4896535873413086, -0.5370702743530273, 8.987075805664062, -3.4250621795654297, -0.050923220813274384, -3.120478868484497, 2.430356740951538, 0.7852280139923096, 1.4357444047927856, -4.132607936859131, -3.017747402191162, 4.743831634521484, 0.9937331676483154, -2.0512094497680664, -6.570825576782227, 4.327950954437256, 1.8078296184539795], [0.8396993279457092, -3.18112850189209, -2.056993007659912, 24.00865936279297, -3.494457483291626, 4.903165340423584, 3.94352388381958, -0.9260921478271484, 1.409853458404541, 0.5725595951080322, 0.3003310561180115, 4.465579032897949, 3.335937976837158, -0.5163867473602295, 0.7324219942092896, -0.24229612946510315, -5.255538463592529, -3.3647775650024414, 3.19169545173645, -1.4456372261047363, 0.8375415802001953], [-5.7785139083862305, 6.043272495269775, 3.4896535873413086, -3.494457483291626, 22.430126190185547, -4.362487316131592, 0.1909673810005188, -4.539215564727783, 2.5594418048858643, -5.1302032470703125, -0.8063108325004578, 0.7030854225158691, 0.8737074136734009, -2.031229019165039, 2.124396562576294, -0.6002264618873596, 1.4006600379943848, 0.7488424777984619, -9.862030982971191, 5.76423454284668, 3.329880714416504], [-7.033076763153076, -6.067216396331787, -0.5370702743530273, 4.903165340423584, -4.362487316131592, 33.38520050048828, 1.6583843231201172, 1.8380831480026245, -1.4095155000686646, 2.6659436225891113, -0.8320477604866028, -10.125015258789062, -0.7314457893371582, 0.479621946811676, 2.228686571121216, 3.5312368869781494, -0.4396584630012512, -7.471207618713379, 9.238555908203125, 4.102900505065918, -6.602629661560059], [5.799798488616943, -3.5447590351104736, 8.987075805664062, 3.94352388381958, 0.1909673810005188, 1.6583843231201172, 20.57200813293457, -1.5147886276245117, -0.2590768039226532, 1.8129172325134277, 1.5827453136444092, -1.851855993270874, 2.3714022636413574, 1.9296278953552246, -2.5992515087127686, 3.7251036167144775, -3.8421988487243652, -0.4938035011291504, -3.9573025703430176, -6.089967727661133, -2.4141387939453125], [1.387670874595642, -3.8322908878326416, -3.4250621795654297, -0.9260921478271484, -4.539215564727783, 1.8380831480026245, -1.5147886276245117, 14.601037979125977, -1.3524991273880005, -2.8389761447906494, 1.818112850189209, -1.7786149978637695, -4.721859931945801, 1.856571912765503, -1.7153013944625854, -4.030490875244141, 3.7077689170837402, -2.803478240966797, -2.2089314460754395, 0.6493655443191528, -0.7608588933944702], [4.550720691680908, -0.3136814534664154, -0.050923220813274384, 1.409853458404541, 2.5594418048858643, -1.4095155000686646, -0.2590768039226532, -1.3524991273880005, 18.65233612060547, -3.742295026779175, 1.466562032699585, -3.6412363052368164, 6.911862373352051, -3.778562307357788, 0.1885184794664383, -0.09007231146097183, -4.496434688568115, 2.5204877853393555, -2.508821964263916, 0.05734825134277344, 1.5601921081542969], [-6.802043914794922, -0.43088388442993164, -3.120478868484497, 0.5725595951080322, -5.1302032470703125, 2.6659436225891113, 1.8129172325134277, -2.8389761447906494, -3.742295026779175, 28.106565475463867, 4.072918891906738, -1.149580478668213, -4.358987331390381, 4.116215705871582, 1.2292218208312988, 3.427906036376953, 5.547412872314453, 0.301912784576416, 4.544175148010254, -3.5048584938049316, -3.090087413787842], [-1.4005913734436035, -3.7556753158569336, 2.430356740951538, 0.3003310561180115, -0.8063108325004578, -0.8320477604866028, 1.5827453136444092, 1.818112850189209, 1.466562032699585, 4.072918891906738, 21.681781768798828, -0.42891445755958557, 3.4762401580810547, 0.899852991104126, -5.612491607666016, 1.6338934898376465, 0.9934713840484619, -9.505228042602539, -2.0906691551208496, -1.4157570600509644, 0.9313560724258423], [1.545217514038086, 9.260571479797363, 0.7852280139923096, 4.465579032897949, 0.7030854225158691, -10.125015258789062, -1.851855993270874, -1.7786149978637695, -3.6412363052368164, -1.149580478668213, -0.42891445755958557, 24.378204345703125, 1.7865722179412842, 4.097225189208984, 1.0438146591186523, -4.416975021362305, 2.6909589767456055, -3.3394808769226074, 0.28685474395751953, 2.9119491577148438, 4.463573455810547], [0.13506600260734558, 3.9623329639434814, 1.4357444047927856, 3.335937976837158, 0.8737074136734009, -0.7314457893371582, 2.3714022636413574, -4.721859931945801, 6.911862373352051, -4.358987331390381, 3.4762401580810547, 1.7865722179412842, 21.071014404296875, 2.2179126739501953, 1.1678277254104614, 1.0302637815475464, -9.253617286682129, 5.575471878051758, 1.3776534795761108, -5.145944595336914, -0.51716148853302], [-4.646877765655518, -2.8660616874694824, -4.132607936859131, -0.5163867473602295, -2.031229019165039, 0.479621946811676, 1.9296278953552246, 1.856571912765503, -3.778562307357788, 4.116215705871582, 0.899852991104126, 4.097225189208984, 2.2179126739501953, 17.784509658813477, 2.4932467937469482, -3.0174431800842285, -1.500497579574585, -2.734865665435791, 2.221008062362671, -3.0299103260040283, -2.8432421684265137], [-5.177109241485596, 6.791232109069824, -3.017747402191162, 0.7324219942092896, 2.124396562576294, 2.228686571121216, -2.5992515087127686, -1.7153013944625854, 0.1885184794664383, 1.2292218208312988, -5.612491607666016, 1.0438146591186523, 1.1678277254104614, 2.4932467937469482, 10.876436233520508, 0.3946203887462616, -3.487478494644165, 4.768163204193115, 6.662295341491699, 0.8438668251037598, -4.937287330627441], [-0.694587230682373, -6.021297454833984, 4.743831634521484, -0.24229612946510315, -0.6002264618873596, 3.5312368869781494, 3.7251036167144775, -4.030490875244141, -0.09007231146097183, 3.427906036376953, 1.6338934898376465, -4.416975021362305, 1.0302637815475464, -3.0174431800842285, 0.3946203887462616, 16.01222801208496, 6.129083633422852, 2.188861608505249, 2.4394006729125977, 0.9394397735595703, -3.8659799098968506], [-6.63962459564209, -2.789189100265503, 0.993733286857605, -5.2555389404296875, 1.4006601572036743, -0.439659059047699, -3.842198610305786, 3.7077689170837402, -4.496434688568115, 5.547411918640137, 0.9934715628623962, 2.6909589767456055, -9.253616333007812, -1.500497579574585, -3.487478256225586, 6.129084587097168, 23.35028839111328, -5.037132263183594, -6.4842915534973145, 8.867006301879883, 1.5635669231414795], [3.343576431274414, 5.412261009216309, -2.0512094497680664, -3.364776849746704, 0.7488433718681335, -7.471206188201904, -0.4938034415245056, -2.8034780025482178, 2.5204880237579346, 0.3019128143787384, -9.505228042602539, -3.3394811153411865, 5.575472354888916, -2.734865427017212, 4.768162727355957, 2.188861608505249, -5.037132263183594, 28.712738037109375, 2.043072462081909, -4.308215141296387, -7.864847660064697], [-0.5205590724945068, 2.245436429977417, -6.570825576782227, 3.19169545173645, -9.862031936645508, 9.238555908203125, -3.9573025703430176, -2.2089312076568604, -2.508821964263916, 4.544175624847412, -2.0906691551208496, 0.2868545353412628, 1.3776535987854004, 2.22100830078125, 6.662294387817383, 2.4394006729125977, -6.4842915534973145, 2.043072462081909, 31.027706146240234, 2.21030855178833, -2.8238584995269775], [-8.291450500488281, -0.13038396835327148, 4.327951431274414, -1.4456367492675781, 5.76423454284668, 4.102901458740234, -6.089966773986816, 0.6493657827377319, 0.05734855309128761, -3.5048587322235107, -1.4157569408416748, 2.9119489192962646, -5.145945072174072, -3.0299108028411865, 0.8438670039176941, 0.939439594745636, 8.867006301879883, -4.308215141296387, 2.21030855178833, 19.659147262573242, 2.3660781383514404], [4.5226545333862305, 1.983139157295227, 1.8078296184539795, 0.8375414609909058, 3.329880714416504, -6.602629661560059, -2.4141387939453125, -0.7608587741851807, 1.5601922273635864, -3.090087890625, 0.9313558340072632, 4.463573455810547, -0.5171614289283752, -2.843242645263672, -4.937286853790283, -3.8659796714782715, 1.5635671615600586, -7.864847183227539, -2.8238584995269775, 2.3660783767700195, 13.339052200317383]], "type": "heatmap"}], "layout": {"template": {"data": {"histogram2dcontour": [{"type": "histogram2dcontour", "colorbar": {"outlinewidth": 0, "ticks": ""}, "colorscale": [[0.0, "#0d0887"], [0.1111111111111111, "#46039f"], [0.2222222222222222, "#7201a8"], [0.3333333333333333, "#9c179e"], [0.4444444444444444, "#bd3786"], [0.5555555555555556, "#d8576b"], [0.6666666666666666, "#ed7953"], [0.7777777777777778, "#fb9f3a"], [0.8888888888888888, "#fdca26"], [1.0, "#f0f921"]]}], "choropleth": [{"type": "choropleth", "colorbar": {"outlinewidth": 0, "ticks": ""}}], "histogram2d": [{"type": "histogram2d", "colorbar": {"outlinewidth": 0, "ticks": ""}, "colorscale": [[0.0, "#0d0887"], [0.1111111111111111, "#46039f"], [0.2222222222222222, "#7201a8"], [0.3333333333333333, "#9c179e"], [0.4444444444444444, "#bd3786"], [0.5555555555555556, "#d8576b"], [0.6666666666666666, "#ed7953"], [0.7777777777777778, "#fb9f3a"], [0.8888888888888888, "#fdca26"], [1.0, "#f0f921"]]}], "heatmap": [{"type": "heatmap", "colorbar": {"outlinewidth": 0, "ticks": ""}, "colorscale": [[0.0, "#0d0887"], [0.1111111111111111, "#46039f"], [0.2222222222222222, "#7201a8"], [0.3333333333333333, "#9c179e"], [0.4444444444444444, "#bd3786"], [0.5555555555555556, "#d8576b"], [0.6666666666666666, "#ed7953"], [0.7777777777777778, "#fb9f3a"], [0.8888888888888888, "#fdca26"], [1.0, "#f0f921"]]}], "heatmapgl": [{"type": "heatmapgl", "colorbar": {"outlinewidth": 0, "ticks": ""}, "colorscale": [[0.0, "#0d0887"], [0.1111111111111111, "#46039f"], [0.2222222222222222, "#7201a8"], [0.3333333333333333, "#9c179e"], [0.4444444444444444, "#bd3786"], [0.5555555555555556, "#d8576b"], [0.6666666666666666, "#ed7953"], [0.7777777777777778, "#fb9f3a"], [0.8888888888888888, "#fdca26"], [1.0, "#f0f921"]]}], "contourcarpet": [{"type": "contourcarpet", "colorbar": {"outlinewidth": 0, "ticks": ""}}], "contour": [{"type": "contour", "colorbar": {"outlinewidth": 0, "ticks": ""}, "colorscale": [[0.0, "#0d0887"], [0.1111111111111111, "#46039f"], [0.2222222222222222, "#7201a8"], [0.3333333333333333, "#9c179e"], [0.4444444444444444, "#bd3786"], [0.5555555555555556, "#d8576b"], [0.6666666666666666, "#ed7953"], [0.7777777777777778, "#fb9f3a"], [0.8888888888888888, "#fdca26"], [1.0, "#f0f921"]]}], "surface": [{"type": "surface", "colorbar": {"outlinewidth": 0, "ticks": ""}, "colorscale": [[0.0, "#0d0887"], [0.1111111111111111, "#46039f"], [0.2222222222222222, "#7201a8"], [0.3333333333333333, "#9c179e"], [0.4444444444444444, "#bd3786"], [0.5555555555555556, "#d8576b"], [0.6666666666666666, "#ed7953"], [0.7777777777777778, "#fb9f3a"], [0.8888888888888888, "#fdca26"], [1.0, "#f0f921"]]}], "mesh3d": [{"type": "mesh3d", "colorbar": {"outlinewidth": 0, "ticks": ""}}], "scatter": [{"fillpattern": {"fillmode": "overlay", "size": 10, "solidity": 0.2}, "type": "scatter"}], "parcoords": [{"type": "parcoords", "line": {"colorbar": {"outlinewidth": 0, "ticks": ""}}}], "scatterpolargl": [{"type": "scatterpolargl", "marker": {"colorbar": {"outlinewidth": 0, "ticks": ""}}}], "bar": [{"error_x": {"color": "#2a3f5f"}, "error_y": {"color": "#2a3f5f"}, "marker": {"line": {"color": "#E5ECF6", "width": 0.5}, "pattern": {"fillmode": "overlay", "size": 10, "solidity": 0.2}}, "type": "bar"}], "scattergeo": [{"type": "scattergeo", "marker": {"colorbar": {"outlinewidth": 0, "ticks": ""}}}], "scatterpolar": [{"type": "scatterpolar", "marker": {"colorbar": {"outlinewidth": 0, "ticks": ""}}}], "histogram": [{"marker": {"pattern": {"fillmode": "overlay", "size": 10, "solidity": 0.2}}, "type": "histogram"}], "scattergl": [{"type": "scattergl", "marker": {"colorbar": {"outlinewidth": 0, "ticks": ""}}}], "scatter3d": [{"type": "scatter3d", "line": {"colorbar": {"outlinewidth": 0, "ticks": ""}}, "marker": {"colorbar": {"outlinewidth": 0, "ticks": ""}}}], "scattermapbox": [{"type": "scattermapbox", "marker": {"colorbar": {"outlinewidth": 0, "ticks": ""}}}], "scatterternary": [{"type": "scatterternary", "marker": {"colorbar": {"outlinewidth": 0, "ticks": ""}}}], "scattercarpet": [{"type": "scattercarpet", "marker": {"colorbar": {"outlinewidth": 0, "ticks": ""}}}], "carpet": [{"aaxis": {"endlinecolor": "#2a3f5f", "gridcolor": "white", "linecolor": "white", "minorgridcolor": "white", "startlinecolor": "#2a3f5f"}, "baxis": {"endlinecolor": "#2a3f5f", "gridcolor": "white", "linecolor": "white", "minorgridcolor": "white", "startlinecolor": "#2a3f5f"}, "type": "carpet"}], "table": [{"cells": {"fill": {"color": "#EBF0F8"}, "line": {"color": "white"}}, "header": {"fill": {"color": "#C8D4E3"}, "line": {"color": "white"}}, "type": "table"}], "barpolar": [{"marker": {"line": {"color": "#E5ECF6", "width": 0.5}, "pattern": {"fillmode": "overlay", "size": 10, "solidity": 0.2}}, "type": "barpolar"}], "pie": [{"automargin": true, "type": "pie"}]}, "layout": {"autotypenumbers": "strict", "colorway": ["#636efa", "#EF553B", "#00cc96", "#ab63fa", "#FFA15A", "#19d3f3", "#FF6692", "#B6E880", "#FF97FF", "#FECB52"], "font": {"color": "#2a3f5f"}, "hovermode": "closest", "hoverlabel": {"align": "left"}, "paper_bgcolor": "white", "plot_bgcolor": "#E5ECF6", "polar": {"bgcolor": "#E5ECF6", "angularaxis": {"gridcolor": "white", "linecolor": "white", "ticks": ""}, "radialaxis": {"gridcolor": "white", "linecolor": "white", "ticks": ""}}, "ternary": {"bgcolor": "#E5ECF6", "aaxis": {"gridcolor": "white", "linecolor": "white", "ticks": ""}, "baxis": {"gridcolor": "white", "linecolor": "white", "ticks": ""}, "caxis": {"gridcolor": "white", "linecolor": "white", "ticks": ""}}, "coloraxis": {"colorbar": {"outlinewidth": 0, "ticks": ""}}, "colorscale": {"sequential": [[0.0, "#0d0887"], [0.1111111111111111, "#46039f"], [0.2222222222222222, "#7201a8"], [0.3333333333333333, "#9c179e"], [0.4444444444444444, "#bd3786"], [0.5555555555555556, "#d8576b"], [0.6666666666666666, "#ed7953"], [0.7777777777777778, "#fb9f3a"], [0.8888888888888888, "#fdca26"], [1.0, "#f0f921"]], "sequentialminus": [[0.0, "#0d0887"], [0.1111111111111111, "#46039f"], [0.2222222222222222, "#7201a8"], [0.3333333333333333, "#9c179e"], [0.4444444444444444, "#bd3786"], [0.5555555555555556, "#d8576b"], [0.6666666666666666, "#ed7953"], [0.7777777777777778, "#fb9f3a"], [0.8888888888888888, "#fdca26"], [1.0, "#f0f921"]], "diverging": [[0, "#8e0152"], [0.1, "#c51b7d"], [0.2, "#de77ae"], [0.3, "#f1b6da"], [0.4, "#fde0ef"], [0.5, "#f7f7f7"], [0.6, "#e6f5d0"], [0.7, "#b8e186"], [0.8, "#7fbc41"], [0.9, "#4d9221"], [1, "#276419"]]}, "xaxis": {"gridcolor": "white", "linecolor": "white", "ticks": "", "title": {"standoff": 15}, "zerolinecolor": "white", "automargin": true, "zerolinewidth": 2}, "yaxis": {"gridcolor": "white", "linecolor": "white", "ticks": "", "title": {"standoff": 15}, "zerolinecolor": "white", "automargin": true, "zerolinewidth": 2}, "scene": {"xaxis": {"backgroundcolor": "#E5ECF6", "gridcolor": "white", "linecolor": "white", "showbackground": true, "ticks": "", "zerolinecolor": "white", "gridwidth": 2}, "yaxis": {"backgroundcolor": "#E5ECF6", "gridcolor": "white", "linecolor": "white", "showbackground": true, "ticks": "", "zerolinecolor": "white", "gridwidth": 2}, "zaxis": {"backgroundcolor": "#E5ECF6", "gridcolor": "white", "linecolor": "white", "showbackground": true, "ticks": "", "zerolinecolor": "white", "gridwidth": 2}}, "shapedefaults": {"line": {"color": "#2a3f5f"}}, "annotationdefaults": {"arrowcolor": "#2a3f5f", "arrowhead": 0, "arrowwidth": 1}, "geo": {"bgcolor": "white", "landcolor": "#E5ECF6", "subunitcolor": "white", "showland": true, "showlakes": true, "lakecolor": "white"}, "title": {"x": 0.05}, "mapbox": {"style": "light"}}}}}