{"data": [{"z": [[27.179948806762695, -0.19756001234054565, 3.8052356243133545, 0.882567822933197, -5.73213005065918, -6.933999538421631, 5.843189716339111, 1.4113661050796509, 4.548097610473633, -6.664139747619629, -1.3646713495254517, 1.5549561977386475, 0.19600756466388702, -4.592340469360352, -5.076664447784424, -0.6209688782691956, -6.5688629150390625, 3.317218780517578, -0.46404361724853516, -8.146578788757324, 4.46986722946167], [-0.19756001234054565, 24.17212677001953, 0.6937531232833862, -3.0614418983459473, 5.970747947692871, -5.906304836273193, -3.4676969051361084, -3.7024967670440674, -0.31088629364967346, -0.36018621921539307, -3.6949872970581055, 9.1329927444458, 3.8619439601898193, -2.8428258895874023, 6.707142353057861, -5.902914047241211, -2.688699722290039, 5.334420204162598, 2.2185769081115723, -0.11045217514038086, 1.971224069595337], [3.8052356243133545, 0.6937531232833862, 16.1513671875, -1.9784603118896484, 3.5096817016601562, -0.4414730668067932, 8.940048217773438, -3.3418047428131104, -0.03212468698620796, -3.07527756690979, 2.4775497913360596, 0.8283296823501587, 1.4191136360168457, -4.028809547424316, -2.9404296875, 4.752852439880371, 1.043531894683838, -1.970679521560669, -6.462436199188232, 4.336193084716797, 1.7439881563186646], [0.882567822933197, -3.0614418983459473, -1.9784603118896484, 23.797714233398438, -3.3644347190856934, 4.890212059020996, 3.8874363899230957, -0.8581770062446594, 1.435787558555603, 0.5516650676727295, 0.29611989855766296, 4.510722637176514, 3.3714942932128906, -0.4631805121898651, 0.8023954033851624, -0.2488653063774109, -5.159086227416992, -3.265291690826416, 3.1488025188446045, -1.393591284751892, 0.8365134596824646], [-5.73213005065918, 5.970747947692871, 3.5096817016601562, -3.3644347190856934, 22.27955436706543, -4.217076778411865, 0.2799966037273407, -4.504680633544922, 2.5776264667510986, -5.04705286026001, -0.7619584202766418, 0.7067685723304749, 0.8950608372688293, -1.9655803442001343, 2.1249871253967285, -0.4778015613555908, 1.4300949573516846, 0.7987568378448486, -9.756385803222656, 5.734641075134277, 3.265735149383545], [-6.933999538421631, -5.906304836273193, -0.4414730668067932, 4.890212059020996, -4.217076778411865, 33.09962463378906, 1.553250789642334, 1.858324646949768, -1.3800153732299805, 2.636232852935791, -0.8077447414398193, -9.918074607849121, -0.611627459526062, 0.488006055355072, 2.286162853240967, 3.4876503944396973, -0.3998842239379883, -7.341948509216309, 9.21364974975586, 4.126715660095215, -6.581037998199463], [5.843189716339111, -3.4676969051361084, 8.940048217773438, 3.8874363899230957, 0.2799966037273407, 1.553250789642334, 20.347370147705078, -1.4536432027816772, -0.3004693388938904, 1.8156176805496216, 1.5695161819458008, -1.7901008129119873, 2.357548236846924, 1.9531610012054443, -2.541259527206421, 3.661409854888916, -3.798833131790161, -0.4875504970550537, -3.985013961791992, -6.047496795654297, -2.3686861991882324], [1.4113661050796509, -3.7024967670440674, -3.3418047428131104, -0.8581770062446594, -4.504680633544922, 1.858324646949768, -1.4536432027816772, 14.467561721801758, -1.2784051895141602, -2.763089179992676, 1.793160080909729, -1.6765165328979492, -4.6153059005737305, 1.8048399686813354, -1.6308231353759766, -3.8891735076904297, 3.7071759700775146, -2.7180633544921875, -2.1211185455322266, 0.7411041259765625, -0.8076674342155457], [4.548097610473633, -0.31088629364967346, -0.03212468698620796, 1.435787558555603, 2.5776264667510986, -1.3800153732299805, -0.3004693388938904, -1.2784051895141602, 18.45425796508789, -3.7087318897247314, 1.485211730003357, -3.5935051441192627, 6.886475563049316, -3.7062575817108154, 0.23609699308872223, -0.05760533735156059, -4.423009395599365, 2.543046712875366, -2.4862823486328125, 0.10002824664115906, 1.5448756217956543], [-6.664139747619629, -0.36018621921539307, -3.07527756690979, 0.5516650676727295, -5.04705286026001, 2.636232852935791, 1.8156176805496216, -2.763089179992676, -3.7087318897247314, 27.88384246826172, 4.067951679229736, -1.0924968719482422, -4.242350101470947, 4.171522617340088, 1.3220701217651367, 3.3841986656188965, 5.510702133178711, 0.32970714569091797, 4.5226149559021, -3.4072647094726562, -3.081986427307129], [-1.3646713495254517, -3.6949872970581055, 2.4775497913360596, 0.29611989855766296, -0.7619584202766418, -0.8077447414398193, 1.5695161819458008, 1.793160080909729, 1.485211730003357, 4.067951679229736, 21.44130516052246, -0.3436974287033081, 3.513415575027466, 0.8982653021812439, -5.5364227294921875, 1.6631871461868286, 1.029921293258667, -9.402742385864258, -2.029508590698242, -1.3463456630706787, 0.9344567060470581], [1.5549561977386475, 9.1329927444458, 0.8283296823501587, 4.510722637176514, 0.7067685723304749, -9.918074607849121, -1.7901008129119873, -1.6765165328979492, -3.5935051441192627, -1.0924968719482422, -0.3436974287033081, 24.14292335510254, 1.7394911050796509, 4.10748291015625, 1.0671991109848022, -4.296439170837402, 2.761943817138672, -3.3391799926757812, 0.28005027770996094, 2.875690460205078, 4.434475421905518], [0.19600756466388702, 3.8619439601898193, 1.4191136360168457, 3.3714942932128906, 0.8950608372688293, -0.611627459526062, 2.357548236846924, -4.6153059005737305, 6.886475563049316, -4.242350101470947, 3.513415575027466, 1.7394911050796509, 20.886390686035156, 2.233170747756958, 1.1912568807601929, 1.1038209199905396, -9.09857177734375, 5.560111045837402, 1.380874752998352, -5.092852592468262, -0.5468134880065918], [-4.592340469360352, -2.8428258895874023, -4.028809547424316, -0.4631805121898651, -1.9655803442001343, 0.488006055355072, 1.9531610012054443, 1.8048399686813354, -3.7062575817108154, 4.171522617340088, 0.8982653021812439, 4.10748291015625, 2.233170747756958, 17.603425979614258, 2.5239992141723633, -2.9113352298736572, -1.4295711517333984, -2.6779329776763916, 2.242469310760498, -2.960064172744751, -2.851039171218872], [-5.076664447784424, 6.707142353057861, -2.9404296875, 0.8023954033851624, 2.1249871253967285, 2.286162853240967, -2.541259527206421, -1.6308231353759766, 0.23609699308872223, 1.3220701217651367, -5.5364227294921875, 1.0671991109848022, 1.1912568807601929, 2.5239992141723633, 10.82352066040039, 0.4618634581565857, -3.3830928802490234, 4.7726569175720215, 6.639060974121094, 0.8902332782745361, -4.958954334259033], [-0.6209688782691956, -5.902914047241211, 4.752852439880371, -0.2488653063774109, -0.4778015613555908, 3.4876503944396973, 3.661409854888916, -3.8891735076904297, -0.05760533735156059, 3.3841986656188965, 1.6631871461868286, -4.296439170837402, 1.1038209199905396, -2.9113352298736572, 0.4618634581565857, 15.866469383239746, 6.1259307861328125, 2.209872245788574, 2.438417673110962, 0.9978628158569336, -3.8324344158172607], [-6.568862438201904, -2.6887001991271973, 1.0435320138931274, -5.159086227416992, 1.430094838142395, -0.39988410472869873, -3.7988333702087402, 3.7071762084960938, -4.423008918762207, 5.510702133178711, 1.029921531677246, 2.761944055557251, -9.098570823669434, -1.4295705556869507, -3.3830926418304443, 6.125929832458496, 23.18090057373047, -4.942008018493652, -6.35908317565918, 8.818103790283203, 1.5373210906982422], [3.3172190189361572, 5.334420204162598, -1.970679521560669, -3.265291690826416, 0.7987567782402039, -7.341948986053467, -0.4875504970550537, -2.7180638313293457, 2.5430469512939453, 0.3297073245048523, -9.402742385864258, -3.3391799926757812, 5.5601115226745605, -2.677933692932129, 4.7726569175720215, 2.209872007369995, -4.942008018493652, 28.471973419189453, 2.0560808181762695, -4.234189987182617, -7.8483076095581055], [-0.46404343843460083, 2.2185776233673096, -6.462436199188232, 3.1488029956817627, -9.75638484954834, 9.213650703430176, -3.9850146770477295, -2.1211183071136475, -2.4862828254699707, 4.522614479064941, -2.0295088291168213, 0.2800506055355072, 1.3808748722076416, 2.242469310760498, 6.6390604972839355, 2.438417673110962, -6.35908317565918, 2.0560808181762695, 30.777057647705078, 2.2338805198669434, -2.817595958709717], [-8.14657974243164, -0.11045204848051071, 4.336193084716797, -1.3935915231704712, 5.734642028808594, 4.126715183258057, -6.047496318817139, 0.7411043643951416, 0.10002841055393219, -3.407264232635498, -1.3463456630706787, 2.875690221786499, -5.09285306930542, -2.9600648880004883, 0.8902336359024048, 0.9978624582290649, 8.818103790283203, -4.234189987182617, 2.2338805198669434, 19.45893096923828, 2.353848457336426], [4.469867706298828, 1.9712238311767578, 1.7439885139465332, 0.8365132808685303, 3.265735149383545, -6.581038475036621, -2.3686859607696533, -0.8076672554016113, 1.5448752641677856, -3.081986427307129, 0.934456467628479, 4.434474945068359, -0.5468135476112366, -2.851038932800293, -4.958953857421875, -3.8324341773986816, 1.5373210906982422, -7.8483076095581055, -2.817596197128296, 2.353848457336426, 13.339052200317383]], "type": "heatmap"}], "layout": {"template": {"data": {"histogram2dcontour": [{"type": "histogram2dcontour", "colorbar": {"outlinewidth": 0, "ticks": ""}, "colorscale": [[0.0, "#0d0887"], [0.1111111111111111, "#46039f"], [0.2222222222222222, "#7201a8"], [0.3333333333333333, "#9c179e"], [0.4444444444444444, "#bd3786"], [0.5555555555555556, "#d8576b"], [0.6666666666666666, "#ed7953"], [0.7777777777777778, "#fb9f3a"], [0.8888888888888888, "#fdca26"], [1.0, "#f0f921"]]}], "choropleth": [{"type": "choropleth", "colorbar": {"outlinewidth": 0, "ticks": ""}}], "histogram2d": [{"type": "histogram2d", "colorbar": {"outlinewidth": 0, "ticks": ""}, "colorscale": [[0.0, "#0d0887"], [0.1111111111111111, "#46039f"], [0.2222222222222222, "#7201a8"], [0.3333333333333333, "#9c179e"], [0.4444444444444444, "#bd3786"], [0.5555555555555556, "#d8576b"], [0.6666666666666666, "#ed7953"], [0.7777777777777778, "#fb9f3a"], [0.8888888888888888, "#fdca26"], [1.0, "#f0f921"]]}], "heatmap": [{"type": "heatmap", "colorbar": {"outlinewidth": 0, "ticks": ""}, "colorscale": [[0.0, "#0d0887"], [0.1111111111111111, "#46039f"], [0.2222222222222222, "#7201a8"], [0.3333333333333333, "#9c179e"], [0.4444444444444444, "#bd3786"], [0.5555555555555556, "#d8576b"], [0.6666666666666666, "#ed7953"], [0.7777777777777778, "#fb9f3a"], [0.8888888888888888, "#fdca26"], [1.0, "#f0f921"]]}], "heatmapgl": [{"type": "heatmapgl", "colorbar": {"outlinewidth": 0, "ticks": ""}, "colorscale": [[0.0, "#0d0887"], [0.1111111111111111, "#46039f"], [0.2222222222222222, "#7201a8"], [0.3333333333333333, "#9c179e"], [0.4444444444444444, "#bd3786"], [0.5555555555555556, "#d8576b"], [0.6666666666666666, "#ed7953"], [0.7777777777777778, "#fb9f3a"], [0.8888888888888888, "#fdca26"], [1.0, "#f0f921"]]}], "contourcarpet": [{"type": "contourcarpet", "colorbar": {"outlinewidth": 0, "ticks": ""}}], "contour": [{"type": "contour", "colorbar": {"outlinewidth": 0, "ticks": ""}, "colorscale": [[0.0, "#0d0887"], [0.1111111111111111, "#46039f"], [0.2222222222222222, "#7201a8"], [0.3333333333333333, "#9c179e"], [0.4444444444444444, "#bd3786"], [0.5555555555555556, "#d8576b"], [0.6666666666666666, "#ed7953"], [0.7777777777777778, "#fb9f3a"], [0.8888888888888888, "#fdca26"], [1.0, "#f0f921"]]}], "surface": [{"type": "surface", "colorbar": {"outlinewidth": 0, "ticks": ""}, "colorscale": [[0.0, "#0d0887"], [0.1111111111111111, "#46039f"], [0.2222222222222222, "#7201a8"], [0.3333333333333333, "#9c179e"], [0.4444444444444444, "#bd3786"], [0.5555555555555556, "#d8576b"], [0.6666666666666666, "#ed7953"], [0.7777777777777778, "#fb9f3a"], [0.8888888888888888, "#fdca26"], [1.0, "#f0f921"]]}], "mesh3d": [{"type": "mesh3d", "colorbar": {"outlinewidth": 0, "ticks": ""}}], "scatter": [{"fillpattern": {"fillmode": "overlay", "size": 10, "solidity": 0.2}, "type": "scatter"}], "parcoords": [{"type": "parcoords", "line": {"colorbar": {"outlinewidth": 0, "ticks": ""}}}], "scatterpolargl": [{"type": "scatterpolargl", "marker": {"colorbar": {"outlinewidth": 0, "ticks": ""}}}], "bar": [{"error_x": {"color": "#2a3f5f"}, "error_y": {"color": "#2a3f5f"}, "marker": {"line": {"color": "#E5ECF6", "width": 0.5}, "pattern": {"fillmode": "overlay", "size": 10, "solidity": 0.2}}, "type": "bar"}], "scattergeo": [{"type": "scattergeo", "marker": {"colorbar": {"outlinewidth": 0, "ticks": ""}}}], "scatterpolar": [{"type": "scatterpolar", "marker": {"colorbar": {"outlinewidth": 0, "ticks": ""}}}], "histogram": [{"marker": {"pattern": {"fillmode": "overlay", "size": 10, "solidity": 0.2}}, "type": "histogram"}], "scattergl": [{"type": "scattergl", "marker": {"colorbar": {"outlinewidth": 0, "ticks": ""}}}], "scatter3d": [{"type": "scatter3d", "line": {"colorbar": {"outlinewidth": 0, "ticks": ""}}, "marker": {"colorbar": {"outlinewidth": 0, "ticks": ""}}}], "scattermapbox": [{"type": "scattermapbox", "marker": {"colorbar": {"outlinewidth": 0, "ticks": ""}}}], "scatterternary": [{"type": "scatterternary", "marker": {"colorbar": {"outlinewidth": 0, "ticks": ""}}}], "scattercarpet": [{"type": "scattercarpet", "marker": {"colorbar": {"outlinewidth": 0, "ticks": ""}}}], "carpet": [{"aaxis": {"endlinecolor": "#2a3f5f", "gridcolor": "white", "linecolor": "white", "minorgridcolor": "white", "startlinecolor": "#2a3f5f"}, "baxis": {"endlinecolor": "#2a3f5f", "gridcolor": "white", "linecolor": "white", "minorgridcolor": "white", "startlinecolor": "#2a3f5f"}, "type": "carpet"}], "table": [{"cells": {"fill": {"color": "#EBF0F8"}, "line": {"color": "white"}}, "header": {"fill": {"color": "#C8D4E3"}, "line": {"color": "white"}}, "type": "table"}], "barpolar": [{"marker": {"line": {"color": "#E5ECF6", "width": 0.5}, "pattern": {"fillmode": "overlay", "size": 10, "solidity": 0.2}}, "type": "barpolar"}], "pie": [{"automargin": true, "type": "pie"}]}, "layout": {"autotypenumbers": "strict", "colorway": ["#636efa", "#EF553B", "#00cc96", "#ab63fa", "#FFA15A", "#19d3f3", "#FF6692", "#B6E880", "#FF97FF", "#FECB52"], "font": {"color": "#2a3f5f"}, "hovermode": "closest", "hoverlabel": {"align": "left"}, "paper_bgcolor": "white", "plot_bgcolor": "#E5ECF6", "polar": {"bgcolor": "#E5ECF6", "angularaxis": {"gridcolor": "white", "linecolor": "white", "ticks": ""}, "radialaxis": {"gridcolor": "white", "linecolor": "white", "ticks": ""}}, "ternary": {"bgcolor": "#E5ECF6", "aaxis": {"gridcolor": "white", "linecolor": "white", "ticks": ""}, "baxis": {"gridcolor": "white", "linecolor": "white", "ticks": ""}, "caxis": {"gridcolor": "white", "linecolor": "white", "ticks": ""}}, "coloraxis": {"colorbar": {"outlinewidth": 0, "ticks": ""}}, "colorscale": {"sequential": [[0.0, "#0d0887"], [0.1111111111111111, "#46039f"], [0.2222222222222222, "#7201a8"], [0.3333333333333333, "#9c179e"], [0.4444444444444444, "#bd3786"], [0.5555555555555556, "#d8576b"], [0.6666666666666666, "#ed7953"], [0.7777777777777778, "#fb9f3a"], [0.8888888888888888, "#fdca26"], [1.0, "#f0f921"]], "sequentialminus": [[0.0, "#0d0887"], [0.1111111111111111, "#46039f"], [0.2222222222222222, "#7201a8"], [0.3333333333333333, "#9c179e"], [0.4444444444444444, "#bd3786"], [0.5555555555555556, "#d8576b"], [0.6666666666666666, "#ed7953"], [0.7777777777777778, "#fb9f3a"], [0.8888888888888888, "#fdca26"], [1.0, "#f0f921"]], "diverging": [[0, "#8e0152"], [0.1, "#c51b7d"], [0.2, "#de77ae"], [0.3, "#f1b6da"], [0.4, "#fde0ef"], [0.5, "#f7f7f7"], [0.6, "#e6f5d0"], [0.7, "#b8e186"], [0.8, "#7fbc41"], [0.9, "#4d9221"], [1, "#276419"]]}, "xaxis": {"gridcolor": "white", "linecolor": "white", "ticks": "", "title": {"standoff": 15}, "zerolinecolor": "white", "automargin": true, "zerolinewidth": 2}, "yaxis": {"gridcolor": "white", "linecolor": "white", "ticks": "", "title": {"standoff": 15}, "zerolinecolor": "white", "automargin": true, "zerolinewidth": 2}, "scene": {"xaxis": {"backgroundcolor": "#E5ECF6", "gridcolor": "white", "linecolor": "white", "showbackground": true, "ticks": "", "zerolinecolor": "white", "gridwidth": 2}, "yaxis": {"backgroundcolor": "#E5ECF6", "gridcolor": "white", "linecolor": "white", "showbackground": true, "ticks": "", "zerolinecolor": "white", "gridwidth": 2}, "zaxis": {"backgroundcolor": "#E5ECF6", "gridcolor": "white", "linecolor": "white", "showbackground": true, "ticks": "", "zerolinecolor": "white", "gridwidth": 2}}, "shapedefaults": {"line": {"color": "#2a3f5f"}}, "annotationdefaults": {"arrowcolor": "#2a3f5f", "arrowhead": 0, "arrowwidth": 1}, "geo": {"bgcolor": "white", "landcolor": "#E5ECF6", "subunitcolor": "white", "showland": true, "showlakes": true, "lakecolor": "white"}, "title": {"x": 0.05}, "mapbox": {"style": "light"}}}}}