{"data": [{"z": [[27.265295028686523, -0.24258574843406677, 3.783515214920044, 0.8419750332832336, -5.7766923904418945, -7.005612373352051, 5.805560111999512, 1.3812100887298584, 4.538115978240967, -6.737557888031006, -1.394273042678833, 1.5311106443405151, 0.13653729856014252, -4.6289448738098145, -5.143115997314453, -0.6890200972557068, -6.625911712646484, 3.3017423152923584, -0.5100288391113281, -8.24355411529541, 4.5078606605529785], [-0.24258574843406677, 24.342809677124023, 0.6780064105987549, -3.14288592338562, 5.996420860290527, -6.0163469314575195, -3.5196855068206787, -3.790926456451416, -0.3286038935184479, -0.4009387195110321, -3.7448229789733887, 9.20026969909668, 3.9057538509368896, -2.870222330093384, 6.739164352416992, -5.981853485107422, -2.751783847808838, 5.363174915313721, 2.2287988662719727, -0.12784790992736816, 1.9823265075683594], [3.783515214920044, 0.6780064105987549, 16.24152946472168, -2.0299737453460693, 3.4852707386016846, -0.5033400654792786, 8.954930305480957, -3.4213855266571045, -0.058009907603263855, -3.108107328414917, 2.4312784671783447, 0.7928590774536133, 1.4087456464767456, -4.098556041717529, -2.9906325340270996, 4.722703456878662, 0.9962992072105408, -2.027421236038208, -6.532139778137207, 4.314929962158203, 1.7814425230026245], [0.8419750332832336, -3.14288592338562, -2.0299737453460693, 23.893543243408203, -3.449958324432373, 4.882256507873535, 3.9115474224090576, -0.91169673204422, 1.4038004875183105, 0.5532518625259399, 0.2972533404827118, 4.474989891052246, 3.3348989486694336, -0.5092151165008545, 0.7529637217521667, -0.2715942859649658, -5.224433422088623, -3.334031105041504, 3.1577000617980957, -1.4339430332183838, 0.8421056866645813], [-5.7766923904418945, 5.996420860290527, 3.4852707386016846, -3.449958324432373, 22.340091705322266, -4.310168743133545, 0.22334355115890503, -4.545456886291504, 2.5508384704589844, -5.109651565551758, -0.7998542785644531, 0.6871508359909058, 0.8724223971366882, -2.0163016319274902, 2.110111713409424, -0.5705077648162842, 1.3833812475204468, 0.7510950565338135, -9.811945915222168, 5.737852096557617, 3.3083317279815674], [-7.005612373352051, -6.0163469314575195, -0.5033400654792786, 4.882256507873535, -4.310168743133545, 33.24498748779297, 1.6049898862838745, 1.8153531551361084, -1.4033695459365845, 2.646176815032959, -0.8361362218856812, -10.052949905395508, -0.6941853165626526, 0.46411585807800293, 2.237121820449829, 3.4965639114379883, -0.43521010875701904, -7.431905746459961, 9.225553512573242, 4.10459041595459, -6.586148738861084], [5.805560111999512, -3.5196855068206787, 8.954930305480957, 3.9115474224090576, 0.22334355115890503, 1.6049898862838745, 20.474498748779297, -1.486160159111023, -0.2787410616874695, 1.8217040300369263, 1.5720616579055786, -1.8281505107879639, 2.359079599380493, 1.931981086730957, -2.5769011974334717, 3.6924314498901367, -3.820406913757324, -0.49727869033813477, -3.9744906425476074, -6.0730180740356445, -2.393585205078125], [1.3812100887298584, -3.790926456451416, -3.4213855266571045, -0.91169673204422, -4.545456886291504, 1.8153531551361084, -1.486160159111023, 14.495028495788574, -1.3346394300460815, -2.8136446475982666, 1.7885805368423462, -1.7523717880249023, -4.695469856262207, 1.8189129829406738, -1.701793909072876, -3.996551513671875, 3.6672606468200684, -2.7824501991271973, -2.1812145709991455, 0.6737018823623657, -0.7744489908218384], [4.538115978240967, -0.3286038935184479, -0.058009907603263855, 1.4038004875183105, 2.5508384704589844, -1.4033695459365845, -0.2787410616874695, -1.3346394300460815, 18.55646514892578, -3.7317779064178467, 1.464274287223816, -3.6358449459075928, 6.88245964050293, -3.7601404190063477, 0.19417431950569153, -0.09187489748001099, -4.480248928070068, 2.512756824493408, -2.508406400680542, 0.062413930892944336, 1.5570781230926514], [-6.737557888031006, -0.4009387195110321, -3.108107328414917, 0.5532518625259399, -5.109651565551758, 2.646176815032959, 1.8217040300369263, -2.8136446475982666, -3.7317779064178467, 27.991657257080078, 4.065227508544922, -1.1336073875427246, -4.3158440589904785, 4.122973442077637, 1.2615948915481567, 3.3986799716949463, 5.512401580810547, 0.3083028793334961, 4.524285316467285, -3.470865249633789, -3.0855040550231934], [-1.394273042678833, -3.7448229789733887, 2.4312784671783447, 0.2972533404827118, -0.7998542785644531, -0.8361362218856812, 1.5720616579055786, 1.7885805368423462, 1.464274287223816, 4.065227508544922, 21.561458587646484, -0.4030391573905945, 3.4730546474456787, 0.8928905129432678, -5.591106414794922, 1.6273607015609741, 0.9898438453674316, -9.467042922973633, -2.0670230388641357, -1.3942844867706299, 0.9381905794143677], [1.5311106443405151, 9.20026969909668, 0.7928590774536133, 4.474989891052246, 0.6871508359909058, -10.052949905395508, -1.8281505107879639, -1.7523717880249023, -3.6358449459075928, -1.1336073875427246, -0.4030391573905945, 24.267436981201172, 1.7590759992599487, 4.080013751983643, 1.048048496246338, -4.380371570587158, 2.7077362537384033, -3.3547921180725098, 0.27721643447875977, 2.889578342437744, 4.453495025634766], [0.13653729856014252, 3.9057538509368896, 1.4087456464767456, 3.3348989486694336, 0.8724223971366882, -0.6941853165626526, 2.359079599380493, -4.695469856262207, 6.88245964050293, -4.3158440589904785, 3.4730546474456787, 1.7590759992599487, 20.97058868408203, 2.2059390544891357, 1.1636155843734741, 1.0411624908447266, -9.199156761169434, 5.549722671508789, 1.367604374885559, -5.126015663146973, -0.5259410738945007], [-4.6289448738098145, -2.870222330093384, -4.098556041717529, -0.5092151165008545, -2.0163016319274902, 0.46411585807800293, 1.931981086730957, 1.8189129829406738, -3.7601404190063477, 4.122973442077637, 0.8928905129432678, 4.080013751983643, 2.2059390544891357, 17.6854190826416, 2.494938373565674, -2.988618850708008, -1.493530035018921, -2.7288382053375244, 2.2171380519866943, -3.009261131286621, -2.8407719135284424], [-5.143115997314453, 6.739164352416992, -2.9906325340270996, 0.7529637217521667, 2.110111713409424, 2.237121820449829, -2.5769011974334717, -1.701793909072876, 0.19417431950569153, 1.2615948915481567, -5.591106414794922, 1.048048496246338, 1.1636155843734741, 2.494938373565674, 10.842521667480469, 0.40994787216186523, -3.4528157711029053, 4.755702018737793, 6.642154693603516, 0.8585498332977295, -4.946524620056152], [-0.6890200972557068, -5.981853485107422, 4.722703456878662, -0.2715942859649658, -0.5705077648162842, 3.4965639114379883, 3.6924314498901367, -3.996551513671875, -0.09187489748001099, 3.3986799716949463, 1.6273607015609741, -4.380371570587158, 1.0411624908447266, -2.988618850708008, 0.40994787216186523, 15.921794891357422, 6.104820728302002, 2.1804919242858887, 2.4257287979125977, 0.9474873542785645, -3.8487582206726074], [-6.625911712646484, -2.751784086227417, 0.9962990880012512, -5.224433898925781, 1.3833811283111572, -0.4352096617221832, -3.820406675338745, 3.66726016998291, -4.48024845123291, 5.512401103973389, 0.9898439049720764, 2.707735776901245, -9.199156761169434, -1.4935296773910522, -3.4528157711029053, 6.104821681976318, 23.241477966308594, -5.006805419921875, -6.439497947692871, 8.82052993774414, 1.5499950647354126], [3.3017418384552, 5.363175392150879, -2.027420997619629, -3.334031343460083, 0.7510952353477478, -7.431905746459961, -0.4972788095474243, -2.782449960708618, 2.5127573013305664, 0.30830350518226624, -9.467041969299316, -3.354792356491089, 5.549721717834473, -2.728837728500366, 4.755702018737793, 2.1804921627044678, -5.006805419921875, 28.566028594970703, 2.036052942276001, -4.292963981628418, -7.8494672775268555], [-0.5100285410881042, 2.2287981510162354, -6.532139778137207, 3.1577000617980957, -9.811945915222168, 9.225553512573242, -3.97448992729187, -2.1812143325805664, -2.508406400680542, 4.524284839630127, -2.0670225620269775, 0.277216374874115, 1.3676044940948486, 2.2171378135681152, 6.642153739929199, 2.425729274749756, -6.439497947692871, 2.036052942276001, 30.906600952148438, 2.2193446159362793, -2.8209400177001953], [-8.24355411529541, -0.12784864008426666, 4.314929962158203, -1.4339431524276733, 5.737851142883301, 4.104588508605957, -6.073017597198486, 0.673701822757721, 0.06241413205862045, -3.470864772796631, -1.3942843675613403, 2.889578342437744, -5.126015663146973, -3.0092613697052, 0.8585497736930847, 0.9474873542785645, 8.82052993774414, -4.292963981628418, 2.2193446159362793, 19.564289093017578, 2.3633716106414795], [4.50786018371582, 1.982326626777649, 1.7814427614212036, 0.8421058654785156, 3.3083319664001465, -6.586147785186768, -2.393585205078125, -0.7744489312171936, 1.5570780038833618, -3.0855040550231934, 0.9381906986236572, 4.453494548797607, -0.525941014289856, -2.8407716751098633, -4.946524620056152, -3.8487582206726074, 1.549994945526123, -7.849467754364014, -2.8209402561187744, 2.3633720874786377, 13.339052200317383]], "type": "heatmap"}], "layout": {"template": {"data": {"histogram2dcontour": [{"type": "histogram2dcontour", "colorbar": {"outlinewidth": 0, "ticks": ""}, "colorscale": [[0.0, "#0d0887"], [0.1111111111111111, "#46039f"], [0.2222222222222222, "#7201a8"], [0.3333333333333333, "#9c179e"], [0.4444444444444444, "#bd3786"], [0.5555555555555556, "#d8576b"], [0.6666666666666666, "#ed7953"], [0.7777777777777778, "#fb9f3a"], [0.8888888888888888, "#fdca26"], [1.0, "#f0f921"]]}], "choropleth": [{"type": "choropleth", "colorbar": {"outlinewidth": 0, "ticks": ""}}], "histogram2d": [{"type": "histogram2d", "colorbar": {"outlinewidth": 0, "ticks": ""}, "colorscale": [[0.0, "#0d0887"], [0.1111111111111111, "#46039f"], [0.2222222222222222, "#7201a8"], [0.3333333333333333, "#9c179e"], [0.4444444444444444, "#bd3786"], [0.5555555555555556, "#d8576b"], [0.6666666666666666, "#ed7953"], [0.7777777777777778, "#fb9f3a"], [0.8888888888888888, "#fdca26"], [1.0, "#f0f921"]]}], "heatmap": [{"type": "heatmap", "colorbar": {"outlinewidth": 0, "ticks": ""}, "colorscale": [[0.0, "#0d0887"], [0.1111111111111111, "#46039f"], [0.2222222222222222, "#7201a8"], [0.3333333333333333, "#9c179e"], [0.4444444444444444, "#bd3786"], [0.5555555555555556, "#d8576b"], [0.6666666666666666, "#ed7953"], [0.7777777777777778, "#fb9f3a"], [0.8888888888888888, "#fdca26"], [1.0, "#f0f921"]]}], "heatmapgl": [{"type": "heatmapgl", "colorbar": {"outlinewidth": 0, "ticks": ""}, "colorscale": [[0.0, "#0d0887"], [0.1111111111111111, "#46039f"], [0.2222222222222222, "#7201a8"], [0.3333333333333333, "#9c179e"], [0.4444444444444444, "#bd3786"], [0.5555555555555556, "#d8576b"], [0.6666666666666666, "#ed7953"], [0.7777777777777778, "#fb9f3a"], [0.8888888888888888, "#fdca26"], [1.0, "#f0f921"]]}], "contourcarpet": [{"type": "contourcarpet", "colorbar": {"outlinewidth": 0, "ticks": ""}}], "contour": [{"type": "contour", "colorbar": {"outlinewidth": 0, "ticks": ""}, "colorscale": [[0.0, "#0d0887"], [0.1111111111111111, "#46039f"], [0.2222222222222222, "#7201a8"], [0.3333333333333333, "#9c179e"], [0.4444444444444444, "#bd3786"], [0.5555555555555556, "#d8576b"], [0.6666666666666666, "#ed7953"], [0.7777777777777778, "#fb9f3a"], [0.8888888888888888, "#fdca26"], [1.0, "#f0f921"]]}], "surface": [{"type": "surface", "colorbar": {"outlinewidth": 0, "ticks": ""}, "colorscale": [[0.0, "#0d0887"], [0.1111111111111111, "#46039f"], [0.2222222222222222, "#7201a8"], [0.3333333333333333, "#9c179e"], [0.4444444444444444, "#bd3786"], [0.5555555555555556, "#d8576b"], [0.6666666666666666, "#ed7953"], [0.7777777777777778, "#fb9f3a"], [0.8888888888888888, "#fdca26"], [1.0, "#f0f921"]]}], "mesh3d": [{"type": "mesh3d", "colorbar": {"outlinewidth": 0, "ticks": ""}}], "scatter": [{"fillpattern": {"fillmode": "overlay", "size": 10, "solidity": 0.2}, "type": "scatter"}], "parcoords": [{"type": "parcoords", "line": {"colorbar": {"outlinewidth": 0, "ticks": ""}}}], "scatterpolargl": [{"type": "scatterpolargl", "marker": {"colorbar": {"outlinewidth": 0, "ticks": ""}}}], "bar": [{"error_x": {"color": "#2a3f5f"}, "error_y": {"color": "#2a3f5f"}, "marker": {"line": {"color": "#E5ECF6", "width": 0.5}, "pattern": {"fillmode": "overlay", "size": 10, "solidity": 0.2}}, "type": "bar"}], "scattergeo": [{"type": "scattergeo", "marker": {"colorbar": {"outlinewidth": 0, "ticks": ""}}}], "scatterpolar": [{"type": "scatterpolar", "marker": {"colorbar": {"outlinewidth": 0, "ticks": ""}}}], "histogram": [{"marker": {"pattern": {"fillmode": "overlay", "size": 10, "solidity": 0.2}}, "type": "histogram"}], "scattergl": [{"type": "scattergl", "marker": {"colorbar": {"outlinewidth": 0, "ticks": ""}}}], "scatter3d": [{"type": "scatter3d", "line": {"colorbar": {"outlinewidth": 0, "ticks": ""}}, "marker": {"colorbar": {"outlinewidth": 0, "ticks": ""}}}], "scattermapbox": [{"type": "scattermapbox", "marker": {"colorbar": {"outlinewidth": 0, "ticks": ""}}}], "scatterternary": [{"type": "scatterternary", "marker": {"colorbar": {"outlinewidth": 0, "ticks": ""}}}], "scattercarpet": [{"type": "scattercarpet", "marker": {"colorbar": {"outlinewidth": 0, "ticks": ""}}}], "carpet": [{"aaxis": {"endlinecolor": "#2a3f5f", "gridcolor": "white", "linecolor": "white", "minorgridcolor": "white", "startlinecolor": "#2a3f5f"}, "baxis": {"endlinecolor": "#2a3f5f", "gridcolor": "white", "linecolor": "white", "minorgridcolor": "white", "startlinecolor": "#2a3f5f"}, "type": "carpet"}], "table": [{"cells": {"fill": {"color": "#EBF0F8"}, "line": {"color": "white"}}, "header": {"fill": {"color": "#C8D4E3"}, "line": {"color": "white"}}, "type": "table"}], "barpolar": [{"marker": {"line": {"color": "#E5ECF6", "width": 0.5}, "pattern": {"fillmode": "overlay", "size": 10, "solidity": 0.2}}, "type": "barpolar"}], "pie": [{"automargin": true, "type": "pie"}]}, "layout": {"autotypenumbers": "strict", "colorway": ["#636efa", "#EF553B", "#00cc96", "#ab63fa", "#FFA15A", "#19d3f3", "#FF6692", "#B6E880", "#FF97FF", "#FECB52"], "font": {"color": "#2a3f5f"}, "hovermode": "closest", "hoverlabel": {"align": "left"}, "paper_bgcolor": "white", "plot_bgcolor": "#E5ECF6", "polar": {"bgcolor": "#E5ECF6", "angularaxis": {"gridcolor": "white", "linecolor": "white", "ticks": ""}, "radialaxis": {"gridcolor": "white", "linecolor": "white", "ticks": ""}}, "ternary": {"bgcolor": "#E5ECF6", "aaxis": {"gridcolor": "white", "linecolor": "white", "ticks": ""}, "baxis": {"gridcolor": "white", "linecolor": "white", "ticks": ""}, "caxis": {"gridcolor": "white", "linecolor": "white", "ticks": ""}}, "coloraxis": {"colorbar": {"outlinewidth": 0, "ticks": ""}}, "colorscale": {"sequential": [[0.0, "#0d0887"], [0.1111111111111111, "#46039f"], [0.2222222222222222, "#7201a8"], [0.3333333333333333, "#9c179e"], [0.4444444444444444, "#bd3786"], [0.5555555555555556, "#d8576b"], [0.6666666666666666, "#ed7953"], [0.7777777777777778, "#fb9f3a"], [0.8888888888888888, "#fdca26"], [1.0, "#f0f921"]], "sequentialminus": [[0.0, "#0d0887"], [0.1111111111111111, "#46039f"], [0.2222222222222222, "#7201a8"], [0.3333333333333333, "#9c179e"], [0.4444444444444444, "#bd3786"], [0.5555555555555556, "#d8576b"], [0.6666666666666666, "#ed7953"], [0.7777777777777778, "#fb9f3a"], [0.8888888888888888, "#fdca26"], [1.0, "#f0f921"]], "diverging": [[0, "#8e0152"], [0.1, "#c51b7d"], [0.2, "#de77ae"], [0.3, "#f1b6da"], [0.4, "#fde0ef"], [0.5, "#f7f7f7"], [0.6, "#e6f5d0"], [0.7, "#b8e186"], [0.8, "#7fbc41"], [0.9, "#4d9221"], [1, "#276419"]]}, "xaxis": {"gridcolor": "white", "linecolor": "white", "ticks": "", "title": {"standoff": 15}, "zerolinecolor": "white", "automargin": true, "zerolinewidth": 2}, "yaxis": {"gridcolor": "white", "linecolor": "white", "ticks": "", "title": {"standoff": 15}, "zerolinecolor": "white", "automargin": true, "zerolinewidth": 2}, "scene": {"xaxis": {"backgroundcolor": "#E5ECF6", "gridcolor": "white", "linecolor": "white", "showbackground": true, "ticks": "", "zerolinecolor": "white", "gridwidth": 2}, "yaxis": {"backgroundcolor": "#E5ECF6", "gridcolor": "white", "linecolor": "white", "showbackground": true, "ticks": "", "zerolinecolor": "white", "gridwidth": 2}, "zaxis": {"backgroundcolor": "#E5ECF6", "gridcolor": "white", "linecolor": "white", "showbackground": true, "ticks": "", "zerolinecolor": "white", "gridwidth": 2}}, "shapedefaults": {"line": {"color": "#2a3f5f"}}, "annotationdefaults": {"arrowcolor": "#2a3f5f", "arrowhead": 0, "arrowwidth": 1}, "geo": {"bgcolor": "white", "landcolor": "#E5ECF6", "subunitcolor": "white", "showland": true, "showlakes": true, "lakecolor": "white"}, "title": {"x": 0.05}, "mapbox": {"style": "light"}}}}}