{"data": [{"z": [[27.19390106201172, -0.17601066827774048, 3.8274807929992676, 0.9018095135688782, -5.711294174194336, -6.908432960510254, 5.857178211212158, 1.4341801404953003, 4.557930946350098, -6.650146961212158, -1.3492883443832397, 1.5705029964447021, 0.22387295961380005, -4.577696800231934, -5.052851676940918, -0.5905050039291382, -6.545459747314453, 3.336453914642334, -0.4446258544921875, -8.116304397583008, 4.4577155113220215], [-0.17601066827774048, 24.14275360107422, 0.7055349946022034, -3.0317270755767822, 5.973164081573486, -5.866812705993652, -3.448270320892334, -3.6706979274749756, -0.29511889815330505, -0.3466548025608063, -3.674354314804077, 9.119401931762695, 3.8607101440429688, -2.830303907394409, 6.710758686065674, -5.874053955078125, -2.6688711643218994, 5.338504791259766, 2.2239317893981934, -0.10489749908447266, 1.96470308303833], [3.8274807929992676, 0.7055349946022034, 16.154247283935547, -1.964816689491272, 3.5279433727264404, -0.421306312084198, 8.941866874694824, -3.306061267852783, -0.015615129843354225, -3.0596213340759277, 2.501889228820801, 0.8431636095046997, 1.43205726146698, -4.00759220123291, -2.918729543685913, 4.776664733886719, 1.0690251588821411, -1.949920654296875, -6.444735050201416, 4.354664325714111, 1.7336269617080688], [0.9018095135688782, -3.0317270755767822, -1.964816689491272, 23.794790267944336, -3.334437847137451, 4.900667190551758, 3.8877201080322266, -0.8334990739822388, 1.4548966884613037, 0.5590398907661438, 0.3002503216266632, 4.526588439941406, 3.391763210296631, -0.43783774971961975, 0.8228365182876587, -0.22397075593471527, -5.135763168334961, -3.2347986698150635, 3.1536803245544434, -1.3760906457901, 0.831107497215271], [-5.711294174194336, 5.973164081573486, 3.5279433727264404, -3.334437847137451, 22.285490036010742, -4.18717622756958, 0.29595738649368286, -4.479171276092529, 2.5949628353118896, -5.020294189453125, -0.7461836338043213, 0.7206650376319885, 0.9072950482368469, -1.9457277059555054, 2.141652822494507, -0.43894293904304504, 1.4621533155441284, 0.8210076093673706, -9.745368957519531, 5.743346691131592, 3.25246262550354], [-6.908432960510254, -5.866812705993652, -0.421306312084198, 4.900667190551758, -4.18717622756958, 33.07772445678711, 1.5450286865234375, 1.8893179893493652, -1.371595859527588, 2.6400420665740967, -0.7910801768302917, -9.878361701965332, -0.5855712890625, 0.5056898593902588, 2.309100389480591, 3.495939016342163, -0.3781723380088806, -7.31154727935791, 9.21213150024414, 4.138400554656982, -6.583498001098633], [5.857178211212158, -3.448270320892334, 8.941866874694824, 3.8877201080322266, 0.29595738649368286, 1.5450286865234375, 20.327239990234375, -1.4448654651641846, -0.3026178181171417, 1.812975525856018, 1.5722140073776245, -1.7777276039123535, 2.3628056049346924, 1.9620623588562012, -2.5293750762939453, 3.6612682342529297, -3.7930173873901367, -0.4790468215942383, -3.982095718383789, -6.03857421875, -2.3646340370178223], [1.4341801404953003, -3.6706979274749756, -3.306061267852783, -0.8334990739822388, -4.479171276092529, 1.8893179893493652, -1.4448654651641846, 14.507834434509277, -1.2583343982696533, -2.744107961654663, 1.8119986057281494, -1.64395272731781, -4.581308841705322, 1.8127678632736206, -1.5987056493759155, -3.839494466781616, 3.7456483840942383, -2.69118070602417, -2.0996971130371094, 0.7742516994476318, -0.8200627565383911], [4.557930946350098, -0.29511889815330505, -0.015615129843354225, 1.4548966884613037, 2.5949628353118896, -1.371595859527588, -0.3026178181171417, -1.2583343982696533, 18.440929412841797, -3.6983814239501953, 1.500335693359375, -3.572701930999756, 6.900028228759766, -3.6866724491119385, 0.25724658370018005, -0.038327477872371674, -4.398453235626221, 2.560007333755493, -2.47298002243042, 0.11975124478340149, 1.5407780408859253], [-6.650146961212158, -0.3466548025608063, -3.0596213340759277, 0.5590398907661438, -5.020294189453125, 2.6400420665740967, 1.812975525856018, -2.744107961654663, -3.6983814239501953, 27.872386932373047, 4.076540946960449, -1.0764787197113037, -4.21967887878418, 4.195631980895996, 1.345408320426941, 3.387463331222534, 5.523262977600098, 0.3372952938079834, 4.527542591094971, -3.3854477405548096, -3.081277847290039], [-1.3492883443832397, -3.674354314804077, 2.501889228820801, 0.3002503216266632, -0.7461836338043213, -0.7910801768302917, 1.5722140073776245, 1.8119986057281494, 1.500335693359375, 4.076540946960449, 21.433460235595703, -0.31967490911483765, 3.5375516414642334, 0.9098134636878967, -5.5118560791015625, 1.6860086917877197, 1.054675817489624, -9.379921913146973, -2.0158872604370117, -1.325728416442871, 0.9274866580963135], [1.5705029964447021, 9.119401931762695, 0.8431636095046997, 4.526588439941406, 0.7206650376319885, -9.878361701965332, -1.7777276039123535, -1.64395272731781, -3.572701930999756, -1.0764787197113037, -0.31967490911483765, 24.11836814880371, 1.7404611110687256, 4.126910209655762, 1.0812277793884277, -4.266007900238037, 2.7833411693573, -3.327127456665039, 0.2880241870880127, 2.874232530593872, 4.428584575653076], [0.22387295961380005, 3.8607101440429688, 1.43205726146698, 3.391763210296631, 0.9072950482368469, -0.5855712890625, 2.3628056049346924, -4.581308841705322, 6.900028228759766, -4.21967887878418, 3.5375516414642334, 1.7404611110687256, 20.88475799560547, 2.2494232654571533, 1.2074261903762817, 1.1332170963287354, -9.06336498260498, 5.576061725616455, 1.3927263021469116, -5.0800676345825195, -0.553737223148346], [-4.577696800231934, -2.830303907394409, -4.00759220123291, -0.43783774971961975, -1.9457277059555054, 0.5056898593902588, 1.9620623588562012, 1.8127678632736206, -3.6866724491119385, 4.195631980895996, 0.9098134636878967, 4.126910209655762, 2.2494232654571533, 17.609222412109375, 2.5429368019104004, -2.878801107406616, -1.3974874019622803, -2.65261173248291, 2.2550430297851562, -2.940673828125, -2.8596365451812744], [-5.052851676940918, 6.710758686065674, -2.918729543685913, 0.8228365182876587, 2.141652822494507, 2.309100389480591, -2.5293750762939453, -1.5987056493759155, 0.25724658370018005, 1.345408320426941, -5.5118560791015625, 1.0812277793884277, 1.2074261903762817, 2.5429368019104004, 10.833008766174316, 0.4899243712425232, -3.3511850833892822, 4.789368152618408, 6.645612716674805, 0.9059436321258545, -4.9646453857421875], [-0.5905050039291382, -5.874053955078125, 4.776664733886719, -0.22397075593471527, -0.43894293904304504, 3.495939016342163, 3.6612682342529297, -3.839494466781616, -0.038327477872371674, 3.387463331222534, 1.6860086917877197, -4.266007900238037, 1.1332170963287354, -2.878801107406616, 0.4899243712425232, 15.874221801757812, 6.14896297454834, 2.2278366088867188, 2.4489083290100098, 1.0234081745147705, -3.83062481880188], [-6.545459747314453, -2.6688711643218994, 1.0690252780914307, -5.135763168334961, 1.4621524810791016, -0.37817224860191345, -3.7930171489715576, 3.745648145675659, -4.398453712463379, 5.523264408111572, 1.0546754598617554, 2.783341407775879, -9.063364028930664, -1.3974874019622803, -3.3511855602264404, 6.148962020874023, 23.199283599853516, -4.918673038482666, -6.329741477966309, 8.835474014282227, 1.535192847251892], [3.336453914642334, 5.338504314422607, -1.949920892715454, -3.2347981929779053, 0.8210076689720154, -7.311545372009277, -0.47904688119888306, -2.691180467605591, 2.5600075721740723, 0.3372955322265625, -9.379921913146973, -3.32712721824646, 5.576060771942139, -2.65261173248291, 4.789368152618408, 2.2278361320495605, -4.918673038482666, 28.48179054260254, 2.0700039863586426, -4.209059715270996, -7.854807376861572], [-0.44462651014328003, 2.2239320278167725, -6.444734573364258, 3.1536808013916016, -9.745369911193848, 9.212132453918457, -3.9820961952209473, -2.0996971130371094, -2.472979784011841, 4.527543067932129, -2.0158870220184326, 0.288024365901947, 1.392725944519043, 2.255042552947998, 6.645613193511963, 2.448908567428589, -6.329741477966309, 2.0700039863586426, 30.760377883911133, 2.2405858039855957, -2.8167271614074707], [-8.116305351257324, -0.10489795356988907, 4.354663848876953, -1.3760908842086792, 5.743346214294434, 4.138400077819824, -6.038574695587158, 0.7742516994476318, 0.11975103616714478, -3.385448455810547, -1.3257285356521606, 2.874232530593872, -5.0800676345825195, -2.940674066543579, 0.905943751335144, 1.0234081745147705, 8.835474014282227, -4.209059715270996, 2.2405858039855957, 19.443191528320312, 2.3478245735168457], [4.45771598815918, 1.96470308303833, 1.7336266040802002, 0.8311076164245605, 3.25246262550354, -6.583497047424316, -2.364633560180664, -0.8200628161430359, 1.5407781600952148, -3.081278085708618, 0.9274870157241821, 4.428584575653076, -0.5537375211715698, -2.859636068344116, -4.9646453857421875, -3.830625057220459, 1.5351924896240234, -7.854806423187256, -2.8167269229888916, 2.3478243350982666, 13.339052200317383]], "type": "heatmap"}], "layout": {"template": {"data": {"histogram2dcontour": [{"type": "histogram2dcontour", "colorbar": {"outlinewidth": 0, "ticks": ""}, "colorscale": [[0.0, "#0d0887"], [0.1111111111111111, "#46039f"], [0.2222222222222222, "#7201a8"], [0.3333333333333333, "#9c179e"], [0.4444444444444444, "#bd3786"], [0.5555555555555556, "#d8576b"], [0.6666666666666666, "#ed7953"], [0.7777777777777778, "#fb9f3a"], [0.8888888888888888, "#fdca26"], [1.0, "#f0f921"]]}], "choropleth": [{"type": "choropleth", "colorbar": {"outlinewidth": 0, "ticks": ""}}], "histogram2d": [{"type": "histogram2d", "colorbar": {"outlinewidth": 0, "ticks": ""}, "colorscale": [[0.0, "#0d0887"], [0.1111111111111111, "#46039f"], [0.2222222222222222, "#7201a8"], [0.3333333333333333, "#9c179e"], [0.4444444444444444, "#bd3786"], [0.5555555555555556, "#d8576b"], [0.6666666666666666, "#ed7953"], [0.7777777777777778, "#fb9f3a"], [0.8888888888888888, "#fdca26"], [1.0, "#f0f921"]]}], "heatmap": [{"type": "heatmap", "colorbar": {"outlinewidth": 0, "ticks": ""}, "colorscale": [[0.0, "#0d0887"], [0.1111111111111111, "#46039f"], [0.2222222222222222, "#7201a8"], [0.3333333333333333, "#9c179e"], [0.4444444444444444, "#bd3786"], [0.5555555555555556, "#d8576b"], [0.6666666666666666, "#ed7953"], [0.7777777777777778, "#fb9f3a"], [0.8888888888888888, "#fdca26"], [1.0, "#f0f921"]]}], "heatmapgl": [{"type": "heatmapgl", "colorbar": {"outlinewidth": 0, "ticks": ""}, "colorscale": [[0.0, "#0d0887"], [0.1111111111111111, "#46039f"], [0.2222222222222222, "#7201a8"], [0.3333333333333333, "#9c179e"], [0.4444444444444444, "#bd3786"], [0.5555555555555556, "#d8576b"], [0.6666666666666666, "#ed7953"], [0.7777777777777778, "#fb9f3a"], [0.8888888888888888, "#fdca26"], [1.0, "#f0f921"]]}], "contourcarpet": [{"type": "contourcarpet", "colorbar": {"outlinewidth": 0, "ticks": ""}}], "contour": [{"type": "contour", "colorbar": {"outlinewidth": 0, "ticks": ""}, "colorscale": [[0.0, "#0d0887"], [0.1111111111111111, "#46039f"], [0.2222222222222222, "#7201a8"], [0.3333333333333333, "#9c179e"], [0.4444444444444444, "#bd3786"], [0.5555555555555556, "#d8576b"], [0.6666666666666666, "#ed7953"], [0.7777777777777778, "#fb9f3a"], [0.8888888888888888, "#fdca26"], [1.0, "#f0f921"]]}], "surface": [{"type": "surface", "colorbar": {"outlinewidth": 0, "ticks": ""}, "colorscale": [[0.0, "#0d0887"], [0.1111111111111111, "#46039f"], [0.2222222222222222, "#7201a8"], [0.3333333333333333, "#9c179e"], [0.4444444444444444, "#bd3786"], [0.5555555555555556, "#d8576b"], [0.6666666666666666, "#ed7953"], [0.7777777777777778, "#fb9f3a"], [0.8888888888888888, "#fdca26"], [1.0, "#f0f921"]]}], "mesh3d": [{"type": "mesh3d", "colorbar": {"outlinewidth": 0, "ticks": ""}}], "scatter": [{"fillpattern": {"fillmode": "overlay", "size": 10, "solidity": 0.2}, "type": "scatter"}], "parcoords": [{"type": "parcoords", "line": {"colorbar": {"outlinewidth": 0, "ticks": ""}}}], "scatterpolargl": [{"type": "scatterpolargl", "marker": {"colorbar": {"outlinewidth": 0, "ticks": ""}}}], "bar": [{"error_x": {"color": "#2a3f5f"}, "error_y": {"color": "#2a3f5f"}, "marker": {"line": {"color": "#E5ECF6", "width": 0.5}, "pattern": {"fillmode": "overlay", "size": 10, "solidity": 0.2}}, "type": "bar"}], "scattergeo": [{"type": "scattergeo", "marker": {"colorbar": {"outlinewidth": 0, "ticks": ""}}}], "scatterpolar": [{"type": "scatterpolar", "marker": {"colorbar": {"outlinewidth": 0, "ticks": ""}}}], "histogram": [{"marker": {"pattern": {"fillmode": "overlay", "size": 10, "solidity": 0.2}}, "type": "histogram"}], "scattergl": [{"type": "scattergl", "marker": {"colorbar": {"outlinewidth": 0, "ticks": ""}}}], "scatter3d": [{"type": "scatter3d", "line": {"colorbar": {"outlinewidth": 0, "ticks": ""}}, "marker": {"colorbar": {"outlinewidth": 0, "ticks": ""}}}], "scattermapbox": [{"type": "scattermapbox", "marker": {"colorbar": {"outlinewidth": 0, "ticks": ""}}}], "scatterternary": [{"type": "scatterternary", "marker": {"colorbar": {"outlinewidth": 0, "ticks": ""}}}], "scattercarpet": [{"type": "scattercarpet", "marker": {"colorbar": {"outlinewidth": 0, "ticks": ""}}}], "carpet": [{"aaxis": {"endlinecolor": "#2a3f5f", "gridcolor": "white", "linecolor": "white", "minorgridcolor": "white", "startlinecolor": "#2a3f5f"}, "baxis": {"endlinecolor": "#2a3f5f", "gridcolor": "white", "linecolor": "white", "minorgridcolor": "white", "startlinecolor": "#2a3f5f"}, "type": "carpet"}], "table": [{"cells": {"fill": {"color": "#EBF0F8"}, "line": {"color": "white"}}, "header": {"fill": {"color": "#C8D4E3"}, "line": {"color": "white"}}, "type": "table"}], "barpolar": [{"marker": {"line": {"color": "#E5ECF6", "width": 0.5}, "pattern": {"fillmode": "overlay", "size": 10, "solidity": 0.2}}, "type": "barpolar"}], "pie": [{"automargin": true, "type": "pie"}]}, "layout": {"autotypenumbers": "strict", "colorway": ["#636efa", "#EF553B", "#00cc96", "#ab63fa", "#FFA15A", "#19d3f3", "#FF6692", "#B6E880", "#FF97FF", "#FECB52"], "font": {"color": "#2a3f5f"}, "hovermode": "closest", "hoverlabel": {"align": "left"}, "paper_bgcolor": "white", "plot_bgcolor": "#E5ECF6", "polar": {"bgcolor": "#E5ECF6", "angularaxis": {"gridcolor": "white", "linecolor": "white", "ticks": ""}, "radialaxis": {"gridcolor": "white", "linecolor": "white", "ticks": ""}}, "ternary": {"bgcolor": "#E5ECF6", "aaxis": {"gridcolor": "white", "linecolor": "white", "ticks": ""}, "baxis": {"gridcolor": "white", "linecolor": "white", "ticks": ""}, "caxis": {"gridcolor": "white", "linecolor": "white", "ticks": ""}}, "coloraxis": {"colorbar": {"outlinewidth": 0, "ticks": ""}}, "colorscale": {"sequential": [[0.0, "#0d0887"], [0.1111111111111111, "#46039f"], [0.2222222222222222, "#7201a8"], [0.3333333333333333, "#9c179e"], [0.4444444444444444, "#bd3786"], [0.5555555555555556, "#d8576b"], [0.6666666666666666, "#ed7953"], [0.7777777777777778, "#fb9f3a"], [0.8888888888888888, "#fdca26"], [1.0, "#f0f921"]], "sequentialminus": [[0.0, "#0d0887"], [0.1111111111111111, "#46039f"], [0.2222222222222222, "#7201a8"], [0.3333333333333333, "#9c179e"], [0.4444444444444444, "#bd3786"], [0.5555555555555556, "#d8576b"], [0.6666666666666666, "#ed7953"], [0.7777777777777778, "#fb9f3a"], [0.8888888888888888, "#fdca26"], [1.0, "#f0f921"]], "diverging": [[0, "#8e0152"], [0.1, "#c51b7d"], [0.2, "#de77ae"], [0.3, "#f1b6da"], [0.4, "#fde0ef"], [0.5, "#f7f7f7"], [0.6, "#e6f5d0"], [0.7, "#b8e186"], [0.8, "#7fbc41"], [0.9, "#4d9221"], [1, "#276419"]]}, "xaxis": {"gridcolor": "white", "linecolor": "white", "ticks": "", "title": {"standoff": 15}, "zerolinecolor": "white", "automargin": true, "zerolinewidth": 2}, "yaxis": {"gridcolor": "white", "linecolor": "white", "ticks": "", "title": {"standoff": 15}, "zerolinecolor": "white", "automargin": true, "zerolinewidth": 2}, "scene": {"xaxis": {"backgroundcolor": "#E5ECF6", "gridcolor": "white", "linecolor": "white", "showbackground": true, "ticks": "", "zerolinecolor": "white", "gridwidth": 2}, "yaxis": {"backgroundcolor": "#E5ECF6", "gridcolor": "white", "linecolor": "white", "showbackground": true, "ticks": "", "zerolinecolor": "white", "gridwidth": 2}, "zaxis": {"backgroundcolor": "#E5ECF6", "gridcolor": "white", "linecolor": "white", "showbackground": true, "ticks": "", "zerolinecolor": "white", "gridwidth": 2}}, "shapedefaults": {"line": {"color": "#2a3f5f"}}, "annotationdefaults": {"arrowcolor": "#2a3f5f", "arrowhead": 0, "arrowwidth": 1}, "geo": {"bgcolor": "white", "landcolor": "#E5ECF6", "subunitcolor": "white", "showland": true, "showlakes": true, "lakecolor": "white"}, "title": {"x": 0.05}, "mapbox": {"style": "light"}}}}}