{"data": [{"z": [[27.177967071533203, -0.20684978365898132, 3.7953555583953857, 0.872927725315094, -5.7417402267456055, -6.945141315460205, 5.836700916290283, 1.4033211469650269, 4.543884754180908, -6.6715569496154785, -1.370848536491394, 1.547914743423462, 0.18361996114253998, -4.598623752593994, -5.087192535400391, -0.6341603994369507, -6.579792022705078, 3.3093414306640625, -0.47290682792663574, -8.160895347595215, 4.475515842437744], [-0.20684978365898132, 24.189428329467773, 0.6895883083343506, -3.0743913650512695, 5.971004009246826, -5.923376560211182, -3.476313352584839, -3.715881109237671, -0.3164752423763275, -0.3664124011993408, -3.7033803462982178, 9.140788078308105, 3.8647725582122803, -2.8486151695251465, 6.707988739013672, -5.91572904586792, -2.697333335876465, 5.333829402923584, 2.216331958770752, -0.11251688003540039, 1.974031925201416], [3.7953555583953857, 0.6895883083343506, 16.15329360961914, -1.9845718145370483, 3.501595973968506, -0.4510378837585449, 8.93944263458252, -3.3585317134857178, -0.03924868628382683, -3.0825302600860596, 2.4673571586608887, 0.8206731677055359, 1.4129912853240967, -4.03907585144043, -2.950383186340332, 4.741853713989258, 1.031503677368164, -1.9806926250457764, -6.472407341003418, 4.328493118286133, 1.7493796348571777], [0.872927725315094, -3.0743913650512695, -1.9845718145370483, 23.80327606201172, -3.3778412342071533, 4.88613748550415, 3.888631820678711, -0.8676182627677917, 1.430713415145874, 0.5491167306900024, 0.2927546501159668, 4.504030227661133, 3.363219976425171, -0.47285717725753784, 0.7935601472854614, -0.25708627700805664, -5.169354438781738, -3.2783753871917725, 3.147495985031128, -1.401145339012146, 0.8384537696838379], [-5.7417402267456055, 5.971004009246826, 3.501595973968506, -3.3778412342071533, 22.27900505065918, -4.231257438659668, 0.27178889513015747, -4.514569282531738, 2.5699446201324463, -5.0597991943359375, -0.7678661346435547, 0.6996535062789917, 0.8889141082763672, -1.974205732345581, 2.1174302101135254, -0.49600499868392944, 1.415663480758667, 0.7890316247940063, -9.762096405029297, 5.731478214263916, 3.2724976539611816], [-6.945141315460205, -5.923376560211182, -0.4510378837585449, 4.88613748550415, -4.231257438659668, 33.11301803588867, 1.558570384979248, 1.8463035821914673, -1.3829739093780518, 2.6361801624298096, -0.8140517473220825, -9.937305450439453, -0.6231961250305176, 0.4815415143966675, 2.277350425720215, 3.4856150150299072, -0.40767496824264526, -7.355970859527588, 9.214736938476562, 4.121768474578857, -6.5807318687438965], [5.836700916290283, -3.476313352584839, 8.93944263458252, 3.888631820678711, 0.27178889513015747, 1.558570384979248, 20.359771728515625, -1.4585953950881958, -0.2987724244594574, 1.8166131973266602, 1.568503499031067, -1.7968500852584839, 2.355621814727783, 1.949233889579773, -2.5473270416259766, 3.6629436016082764, -3.802171230316162, -0.49120020866394043, -3.9858486652374268, -6.0513691902160645, -2.3713479042053223], [1.4033211469650269, -3.715881109237671, -3.3585317134857178, -0.8676182627677917, -4.514569282531738, 1.8463035821914673, -1.4585953950881958, 14.456259727478027, -1.2869800329208374, -2.771430492401123, 1.7868436574935913, -1.6910151243209839, -4.630609512329102, 1.8041596412658691, -1.64504873752594, -3.9091575145721436, 3.692722797393799, -2.728999614715576, -2.131171703338623, 0.7276884317398071, -0.8021374940872192], [4.543884754180908, -0.3164752423763275, -0.03924868628382683, 1.430713415145874, 2.5699446201324463, -1.3829739093780518, -0.2987724244594574, -1.2869800329208374, 18.46383285522461, -3.7123966217041016, 1.4796521663665771, -3.602072238922119, 6.882516860961914, -3.7141852378845215, 0.22865645587444305, -0.06436648219823837, -4.432427406311035, 2.536140203475952, -2.4906463623046875, 0.09294530749320984, 1.5462723970413208], [-6.6715569496154785, -0.3664124011993408, -3.0825302600860596, 0.5491167306900024, -5.0597991943359375, 2.6361801624298096, 1.8166131973266602, -2.771430492401123, -3.7123966217041016, 27.892200469970703, 4.065243244171143, -1.099907636642456, -4.252569675445557, 4.161757469177246, 1.312581181526184, 3.38336181640625, 5.506239414215088, 0.32605648040771484, 4.52074670791626, -3.416457176208496, -3.0824198722839355], [-1.370848536491394, -3.7033803462982178, 2.4673571586608887, 0.2927546501159668, -0.7678661346435547, -0.8140517473220825, 1.568503499031067, 1.7868436574935913, 1.4796521663665771, 4.065243244171143, 21.450069427490234, -0.3538440465927124, 3.5036938190460205, 0.8939956426620483, -5.546010494232178, 1.6539521217346191, 1.0211784839630127, -9.413455963134766, -2.0361504554748535, -1.354049801826477, 0.9368592500686646], [1.547914743423462, 9.140788078308105, 0.8206731677055359, 4.504030227661133, 0.6996535062789917, -9.937305450439453, -1.7968500852584839, -1.6910151243209839, -3.602072238922119, -1.099907636642456, -0.3538440465927124, 24.155838012695312, 1.7398165464401245, 4.0991291999816895, 1.0615205764770508, -4.311130046844482, 2.7520337104797363, -3.3444676399230957, 0.2770650386810303, 2.8768818378448486, 4.437534809112549], [0.18361996114253998, 3.8647725582122803, 1.4129912853240967, 3.363219976425171, 0.8889141082763672, -0.6231961250305176, 2.355621814727783, -4.630609512329102, 6.882516860961914, -4.252569675445557, 3.5036938190460205, 1.7398165464401245, 20.890363693237305, 2.2267613410949707, 1.1849260330200195, 1.0918821096420288, -9.1143159866333, 5.55378532409668, 1.3760415315628052, -5.097671985626221, -0.5440018177032471], [-4.598623752593994, -2.8486151695251465, -4.03907585144043, -0.47285717725753784, -1.974205732345581, 0.4815415143966675, 1.949233889579773, 1.8041596412658691, -3.7141852378845215, 4.161757469177246, 0.8939956426620483, 4.0991291999816895, 2.2267613410949707, 17.60551643371582, 2.517540454864502, -2.9254074096679688, -1.4419949054718018, -2.689894676208496, 2.237363338470459, -2.967881202697754, -2.847686767578125], [-5.087192535400391, 6.707988739013672, -2.950383186340332, 0.7935601472854614, 2.1174302101135254, 2.277350425720215, -2.5473270416259766, -1.64504873752594, 0.22865645587444305, 1.312581181526184, -5.546010494232178, 1.0615205764770508, 1.1849260330200195, 2.517540454864502, 10.822078704833984, 0.4503651559352875, -3.396700143814087, 4.76600456237793, 6.6363139152526855, 0.8842713832855225, -4.956763744354248], [-0.6341603994369507, -5.91572904586792, 4.741853713989258, -0.25708627700805664, -0.49600499868392944, 3.4856150150299072, 3.6629436016082764, -3.9091575145721436, -0.06436648219823837, 3.38336181640625, 1.6539521217346191, -4.311130046844482, 1.0918821096420288, -2.9254074096679688, 0.4503651559352875, 15.868269920349121, 6.117854118347168, 2.202258586883545, 2.4342994689941406, 0.9881981611251831, -3.8334388732910156], [-6.579792022705078, -2.6973328590393066, 1.031503677368164, -5.169355392456055, 1.4156639575958252, -0.40767502784729004, -3.802170991897583, 3.692722797393799, -4.432426929473877, 5.506239891052246, 1.021179437637329, 2.7520337104797363, -9.114316940307617, -1.4419941902160645, -3.396700143814087, 6.11785364151001, 23.17762565612793, -4.952054977416992, -6.373253345489502, 8.813163757324219, 1.53810715675354], [3.3093421459198, 5.333829402923584, -1.9806932210922241, -3.2783761024475098, 0.7890321612358093, -7.355970859527588, -0.4912002980709076, -2.728999137878418, 2.536140203475952, 0.3260558545589447, -9.41345500946045, -3.344468355178833, 5.553785800933838, -2.689894914627075, 4.7660040855407715, 2.202258348464966, -4.952054977416992, 28.47117805480957, 2.0497655868530273, -4.244880676269531, -7.845728397369385], [-0.47290724515914917, 2.2163314819335938, -6.472407817840576, 3.1474955081939697, -9.76209545135498, 9.214736938476562, -3.9858486652374268, -2.131171226501465, -2.4906463623046875, 4.520747184753418, -2.0361509323120117, 0.2770657241344452, 1.3760418891906738, 2.237363338470459, 6.6363139152526855, 2.4342989921569824, -6.373253345489502, 2.0497655868530273, 30.787269592285156, 2.2312612533569336, -2.8178868293762207], [-8.160894393920898, -0.11251668632030487, 4.328492641448975, -1.4011452198028564, 5.731478214263916, 4.121767997741699, -6.051368713378906, 0.7276883125305176, 0.09294558316469193, -3.4164576530456543, -1.3540501594543457, 2.8768818378448486, -5.097672462463379, -2.967881441116333, 0.8842711448669434, 0.9881982803344727, 8.813163757324219, -4.244880676269531, 2.2312612533569336, 19.469179153442383, 2.3559951782226562], [4.475515842437744, 1.9740322828292847, 1.7493798732757568, 0.8384542465209961, 3.2724976539611816, -6.580732345581055, -2.371347665786743, -0.8021377325057983, 1.5462723970413208, -3.0824203491210938, 0.936859130859375, 4.437535285949707, -0.5440018773078918, -2.847686529159546, -4.956763744354248, -3.8334388732910156, 1.53810715675354, -7.845728397369385, -2.8178865909576416, 2.3559954166412354, 13.339052200317383]], "type": "heatmap"}], "layout": {"template": {"data": {"histogram2dcontour": [{"type": "histogram2dcontour", "colorbar": {"outlinewidth": 0, "ticks": ""}, "colorscale": [[0.0, "#0d0887"], [0.1111111111111111, "#46039f"], [0.2222222222222222, "#7201a8"], [0.3333333333333333, "#9c179e"], [0.4444444444444444, "#bd3786"], [0.5555555555555556, "#d8576b"], [0.6666666666666666, "#ed7953"], [0.7777777777777778, "#fb9f3a"], [0.8888888888888888, "#fdca26"], [1.0, "#f0f921"]]}], "choropleth": [{"type": "choropleth", "colorbar": {"outlinewidth": 0, "ticks": ""}}], "histogram2d": [{"type": "histogram2d", "colorbar": {"outlinewidth": 0, "ticks": ""}, "colorscale": [[0.0, "#0d0887"], [0.1111111111111111, "#46039f"], [0.2222222222222222, "#7201a8"], [0.3333333333333333, "#9c179e"], [0.4444444444444444, "#bd3786"], [0.5555555555555556, "#d8576b"], [0.6666666666666666, "#ed7953"], [0.7777777777777778, "#fb9f3a"], [0.8888888888888888, "#fdca26"], [1.0, "#f0f921"]]}], "heatmap": [{"type": "heatmap", "colorbar": {"outlinewidth": 0, "ticks": ""}, "colorscale": [[0.0, "#0d0887"], [0.1111111111111111, "#46039f"], [0.2222222222222222, "#7201a8"], [0.3333333333333333, "#9c179e"], [0.4444444444444444, "#bd3786"], [0.5555555555555556, "#d8576b"], [0.6666666666666666, "#ed7953"], [0.7777777777777778, "#fb9f3a"], [0.8888888888888888, "#fdca26"], [1.0, "#f0f921"]]}], "heatmapgl": [{"type": "heatmapgl", "colorbar": {"outlinewidth": 0, "ticks": ""}, "colorscale": [[0.0, "#0d0887"], [0.1111111111111111, "#46039f"], [0.2222222222222222, "#7201a8"], [0.3333333333333333, "#9c179e"], [0.4444444444444444, "#bd3786"], [0.5555555555555556, "#d8576b"], [0.6666666666666666, "#ed7953"], [0.7777777777777778, "#fb9f3a"], [0.8888888888888888, "#fdca26"], [1.0, "#f0f921"]]}], "contourcarpet": [{"type": "contourcarpet", "colorbar": {"outlinewidth": 0, "ticks": ""}}], "contour": [{"type": "contour", "colorbar": {"outlinewidth": 0, "ticks": ""}, "colorscale": [[0.0, "#0d0887"], [0.1111111111111111, "#46039f"], [0.2222222222222222, "#7201a8"], [0.3333333333333333, "#9c179e"], [0.4444444444444444, "#bd3786"], [0.5555555555555556, "#d8576b"], [0.6666666666666666, "#ed7953"], [0.7777777777777778, "#fb9f3a"], [0.8888888888888888, "#fdca26"], [1.0, "#f0f921"]]}], "surface": [{"type": "surface", "colorbar": {"outlinewidth": 0, "ticks": ""}, "colorscale": [[0.0, "#0d0887"], [0.1111111111111111, "#46039f"], [0.2222222222222222, "#7201a8"], [0.3333333333333333, "#9c179e"], [0.4444444444444444, "#bd3786"], [0.5555555555555556, "#d8576b"], [0.6666666666666666, "#ed7953"], [0.7777777777777778, "#fb9f3a"], [0.8888888888888888, "#fdca26"], [1.0, "#f0f921"]]}], "mesh3d": [{"type": "mesh3d", "colorbar": {"outlinewidth": 0, "ticks": ""}}], "scatter": [{"fillpattern": {"fillmode": "overlay", "size": 10, "solidity": 0.2}, "type": "scatter"}], "parcoords": [{"type": "parcoords", "line": {"colorbar": {"outlinewidth": 0, "ticks": ""}}}], "scatterpolargl": [{"type": "scatterpolargl", "marker": {"colorbar": {"outlinewidth": 0, "ticks": ""}}}], "bar": [{"error_x": {"color": "#2a3f5f"}, "error_y": {"color": "#2a3f5f"}, "marker": {"line": {"color": "#E5ECF6", "width": 0.5}, "pattern": {"fillmode": "overlay", "size": 10, "solidity": 0.2}}, "type": "bar"}], "scattergeo": [{"type": "scattergeo", "marker": {"colorbar": {"outlinewidth": 0, "ticks": ""}}}], "scatterpolar": [{"type": "scatterpolar", "marker": {"colorbar": {"outlinewidth": 0, "ticks": ""}}}], "histogram": [{"marker": {"pattern": {"fillmode": "overlay", "size": 10, "solidity": 0.2}}, "type": "histogram"}], "scattergl": [{"type": "scattergl", "marker": {"colorbar": {"outlinewidth": 0, "ticks": ""}}}], "scatter3d": [{"type": "scatter3d", "line": {"colorbar": {"outlinewidth": 0, "ticks": ""}}, "marker": {"colorbar": {"outlinewidth": 0, "ticks": ""}}}], "scattermapbox": [{"type": "scattermapbox", "marker": {"colorbar": {"outlinewidth": 0, "ticks": ""}}}], "scatterternary": [{"type": "scatterternary", "marker": {"colorbar": {"outlinewidth": 0, "ticks": ""}}}], "scattercarpet": [{"type": "scattercarpet", "marker": {"colorbar": {"outlinewidth": 0, "ticks": ""}}}], "carpet": [{"aaxis": {"endlinecolor": "#2a3f5f", "gridcolor": "white", "linecolor": "white", "minorgridcolor": "white", "startlinecolor": "#2a3f5f"}, "baxis": {"endlinecolor": "#2a3f5f", "gridcolor": "white", "linecolor": "white", "minorgridcolor": "white", "startlinecolor": "#2a3f5f"}, "type": "carpet"}], "table": [{"cells": {"fill": {"color": "#EBF0F8"}, "line": {"color": "white"}}, "header": {"fill": {"color": "#C8D4E3"}, "line": {"color": "white"}}, "type": "table"}], "barpolar": [{"marker": {"line": {"color": "#E5ECF6", "width": 0.5}, "pattern": {"fillmode": "overlay", "size": 10, "solidity": 0.2}}, "type": "barpolar"}], "pie": [{"automargin": true, "type": "pie"}]}, "layout": {"autotypenumbers": "strict", "colorway": ["#636efa", "#EF553B", "#00cc96", "#ab63fa", "#FFA15A", "#19d3f3", "#FF6692", "#B6E880", "#FF97FF", "#FECB52"], "font": {"color": "#2a3f5f"}, "hovermode": "closest", "hoverlabel": {"align": "left"}, "paper_bgcolor": "white", "plot_bgcolor": "#E5ECF6", "polar": {"bgcolor": "#E5ECF6", "angularaxis": {"gridcolor": "white", "linecolor": "white", "ticks": ""}, "radialaxis": {"gridcolor": "white", "linecolor": "white", "ticks": ""}}, "ternary": {"bgcolor": "#E5ECF6", "aaxis": {"gridcolor": "white", "linecolor": "white", "ticks": ""}, "baxis": {"gridcolor": "white", "linecolor": "white", "ticks": ""}, "caxis": {"gridcolor": "white", "linecolor": "white", "ticks": ""}}, "coloraxis": {"colorbar": {"outlinewidth": 0, "ticks": ""}}, "colorscale": {"sequential": [[0.0, "#0d0887"], [0.1111111111111111, "#46039f"], [0.2222222222222222, "#7201a8"], [0.3333333333333333, "#9c179e"], [0.4444444444444444, "#bd3786"], [0.5555555555555556, "#d8576b"], [0.6666666666666666, "#ed7953"], [0.7777777777777778, "#fb9f3a"], [0.8888888888888888, "#fdca26"], [1.0, "#f0f921"]], "sequentialminus": [[0.0, "#0d0887"], [0.1111111111111111, "#46039f"], [0.2222222222222222, "#7201a8"], [0.3333333333333333, "#9c179e"], [0.4444444444444444, "#bd3786"], [0.5555555555555556, "#d8576b"], [0.6666666666666666, "#ed7953"], [0.7777777777777778, "#fb9f3a"], [0.8888888888888888, "#fdca26"], [1.0, "#f0f921"]], "diverging": [[0, "#8e0152"], [0.1, "#c51b7d"], [0.2, "#de77ae"], [0.3, "#f1b6da"], [0.4, "#fde0ef"], [0.5, "#f7f7f7"], [0.6, "#e6f5d0"], [0.7, "#b8e186"], [0.8, "#7fbc41"], [0.9, "#4d9221"], [1, "#276419"]]}, "xaxis": {"gridcolor": "white", "linecolor": "white", "ticks": "", "title": {"standoff": 15}, "zerolinecolor": "white", "automargin": true, "zerolinewidth": 2}, "yaxis": {"gridcolor": "white", "linecolor": "white", "ticks": "", "title": {"standoff": 15}, "zerolinecolor": "white", "automargin": true, "zerolinewidth": 2}, "scene": {"xaxis": {"backgroundcolor": "#E5ECF6", "gridcolor": "white", "linecolor": "white", "showbackground": true, "ticks": "", "zerolinecolor": "white", "gridwidth": 2}, "yaxis": {"backgroundcolor": "#E5ECF6", "gridcolor": "white", "linecolor": "white", "showbackground": true, "ticks": "", "zerolinecolor": "white", "gridwidth": 2}, "zaxis": {"backgroundcolor": "#E5ECF6", "gridcolor": "white", "linecolor": "white", "showbackground": true, "ticks": "", "zerolinecolor": "white", "gridwidth": 2}}, "shapedefaults": {"line": {"color": "#2a3f5f"}}, "annotationdefaults": {"arrowcolor": "#2a3f5f", "arrowhead": 0, "arrowwidth": 1}, "geo": {"bgcolor": "white", "landcolor": "#E5ECF6", "subunitcolor": "white", "showland": true, "showlakes": true, "lakecolor": "white"}, "title": {"x": 0.05}, "mapbox": {"style": "light"}}}}}