{"data": [{"z": [[27.208845138549805, -0.23147612810134888, 3.778585910797119, 0.8502839207649231, -5.767094135284424, -6.98325252532959, 5.815936088562012, 1.3851193189620972, 4.536215782165527, -6.705175876617432, -1.3873436450958252, 1.5325515270233154, 0.14931347966194153, -4.619535446166992, -5.122840881347656, -0.673736572265625, -6.611133098602295, 3.296023368835449, -0.49798130989074707, -8.212489128112793, 4.495540142059326], [-0.23147612810134888, 24.2700138092041, 0.6804754734039307, -3.1178152561187744, 5.980299472808838, -5.981504440307617, -3.5024054050445557, -3.7632038593292236, -0.3277466893196106, -0.38685545325279236, -3.7306199073791504, 9.173474311828613, 3.882988214492798, -2.8652167320251465, 6.719448566436768, -5.957303047180176, -2.7301363945007324, 5.345763683319092, 2.220350742340088, -0.12237787246704102, 1.9804792404174805], [3.778585910797119, 0.6804754734039307, 16.192729949951172, -2.0106499195098877, 3.4856393337249756, -0.4834423363208771, 8.944021224975586, -3.4018006324768066, -0.05437994748353958, -3.1009223461151123, 2.4411187171936035, 0.8016108274459839, 1.4041978120803833, -4.073249816894531, -2.9784111976623535, 4.7212910652160645, 1.0034362077713013, -2.0093162059783936, -6.5064873695373535, 4.312692165374756, 1.767615556716919], [0.8502839207649231, -3.1178152561187744, -2.0106499195098877, 23.84443473815918, -3.4236903190612793, 4.879227638244629, 3.899876356124878, -0.8990299701690674, 1.412047028541565, 0.5481653809547424, 0.2939150631427765, 4.483852386474609, 3.3409957885742188, -0.5023942589759827, 0.7662468552589417, -0.2779989242553711, -5.203598976135254, -3.3156142234802246, 3.149907112121582, -1.4239180088043213, 0.842350959777832], [-5.767094135284424, 5.980299472808838, 3.4856393337249756, -3.4236903190612793, 22.302549362182617, -4.278547763824463, 0.24457551538944244, -4.539202690124512, 2.5542757511138916, -5.094892978668213, -0.7898993492126465, 0.6879015564918518, 0.8749643564224243, -1.9997785091400146, 2.1042089462280273, -0.5479550957679749, 1.3843086957931519, 0.7622321844100952, -9.788106918334961, 5.7290825843811035, 3.2944066524505615], [-6.98325252532959, -5.981504440307617, -0.4834423363208771, 4.879227638244629, -4.278547763824463, 33.179534912109375, 1.580927848815918, 1.819510817527771, -1.3950865268707275, 2.640012264251709, -0.8303930759429932, -10.004924774169922, -0.6659713983535767, 0.4634662866592407, 2.2492387294769287, 3.4856600761413574, -0.42910099029541016, -7.402396202087402, 9.221120834350586, 4.108034610748291, -6.581705093383789], [5.815936088562012, -3.5024054050445557, 8.944021224975586, 3.899876356124878, 0.24457551538944244, 1.580927848815918, 20.420085906982422, -1.4724441766738892, -0.28651678562164307, 1.821361780166626, 1.5691816806793213, -1.8142517805099487, 2.3562750816345215, 1.9357256889343262, -2.563676118850708, 3.6772046089172363, -3.810258388519287, -0.4965648651123047, -3.9806487560272217, -6.064173221588135, -2.3825292587280273], [1.3851193189620972, -3.7632038593292236, -3.4018006324768066, -0.8990299701690674, -4.539202690124512, 1.819510817527771, -1.4724441766738892, 14.460289001464844, -1.3150490522384644, -2.7994155883789062, 1.7818182706832886, -1.7311527729034424, -4.6741509437561035, 1.8054852485656738, -1.685371994972229, -3.9693973064422607, 3.664832830429077, -2.76283597946167, -2.1616971492767334, 0.6901131272315979, -0.7842075228691101], [4.536215782165527, -0.3277466893196106, -0.05437994748353958, 1.412047028541565, 2.5542757511138916, -1.3950865268707275, -0.28651678562164307, -1.3150490522384644, 18.51177406311035, -3.725275754928589, 1.467103362083435, -3.6240170001983643, 6.877066135406494, -3.743210792541504, 0.20432732999324799, -0.08500876277685165, -4.4643964767456055, 2.5191843509674072, -2.502568244934082, 0.07061874866485596, 1.5527147054672241], [-6.705175876617432, -0.38685545325279236, -3.1009223461151123, 0.5481653809547424, -5.094892978668213, 2.640012264251709, 1.821361780166626, -2.7994155883789062, -3.725275754928589, 27.942272186279297, 4.063354015350342, -1.121291995048523, -4.290520191192627, 4.132029056549072, 1.2800230979919434, 3.387390375137329, 5.502411365509033, 0.31341028213500977, 4.520359039306641, -3.449854850769043, -3.083690643310547], [-1.3873436450958252, -3.7306199073791504, 2.4411187171936035, 0.2939150631427765, -0.7898993492126465, -0.8303930759429932, 1.5691816806793213, 1.7818182706832886, 1.467103362083435, 4.063354015350342, 21.504024505615234, -0.38522443175315857, 3.478705644607544, 0.8879649639129639, -5.5770583152771, 1.6322380304336548, 0.9969940185546875, -9.446182250976562, -2.0546069145202637, -1.380540132522583, 0.9396504163742065], [1.5325515270233154, 9.173474311828613, 0.8016108274459839, 4.483852386474609, 0.6879015564918518, -10.004924774169922, -1.8142517805099487, -1.7311527729034424, -3.6240170001983643, -1.121291995048523, -0.38522443175315857, 24.21589469909668, 1.7475574016571045, 4.0801167488098145, 1.049035906791687, -4.35653829574585, 2.7226529121398926, -3.355121612548828, 0.27467870712280273, 2.8828372955322266, 4.4472856521606445], [0.14931347966194153, 3.882988214492798, 1.4041978120803833, 3.3409957885742188, 0.8749643564224243, -0.6659713983535767, 2.3562750816345215, -4.6741509437561035, 6.877066135406494, -4.290520191192627, 3.478705644607544, 1.7475574016571045, 20.92565155029297, 2.208043336868286, 1.1666878461837769, 1.0541908740997314, -9.168058395385742, 5.544399738311768, 1.367594838142395, -5.116916656494141, -0.5325686931610107], [-4.619535446166992, -2.8652167320251465, -4.073249816894531, -0.5023942589759827, -1.9997785091400146, 0.4634662866592407, 1.9357256889343262, 1.8054852485656738, -3.743210792541504, 4.132029056549072, 0.8879649639129639, 4.0801167488098145, 2.208043336868286, 17.636653900146484, 2.498302459716797, -2.970735549926758, -1.4807920455932617, -2.7198069095611572, 2.2225594520568848, -2.9958839416503906, -2.8400776386260986], [-5.122840881347656, 6.719448566436768, -2.9784111976623535, 0.7662468552589417, 2.1042089462280273, 2.2492387294769287, -2.563676118850708, -1.685371994972229, 0.20432732999324799, 1.2800230979919434, -5.5770583152771, 1.049035906791687, 1.1666878461837769, 2.498302459716797, 10.82779312133789, 0.4180479049682617, -3.4376087188720703, 4.753281116485596, 6.636429786682129, 0.8640844821929932, -4.9511847496032715], [-0.673736572265625, -5.957303047180176, 4.7212910652160645, -0.2779989242553711, -0.5479550957679749, 3.4856600761413574, 3.6772046089172363, -3.9693973064422607, -0.08500876277685165, 3.387390375137329, 1.6322380304336548, -4.35653829574585, 1.0541908740997314, -2.970735549926758, 0.4180479049682617, 15.886884689331055, 6.100002765655518, 2.1834707260131836, 2.427233934402466, 0.9560163021087646, -3.8402934074401855], [-6.611132621765137, -2.7301361560821533, 1.0034358501434326, -5.203599452972412, 1.3843086957931519, -0.42910099029541016, -3.810258150100708, 3.664832830429077, -4.4643964767456055, 5.502409934997559, 0.9969936609268188, 2.722653388977051, -9.168058395385742, -1.4807926416397095, -3.4376089572906494, 6.100003242492676, 23.196870803833008, -4.986424446105957, -6.414637565612793, 8.80530071258545, 1.5433316230773926], [3.296023368835449, 5.345763206481934, -2.0093166828155518, -3.3156144618988037, 0.7622321248054504, -7.4023966789245605, -0.4965648353099823, -2.7628355026245117, 2.5191845893859863, 0.31341010332107544, -9.446181297302246, -3.3551218509674072, 5.544399261474609, -2.7198076248168945, 4.753281593322754, 2.1834704875946045, -4.986424446105957, 28.508317947387695, 2.0386481285095215, -4.279759407043457, -7.844377517700195], [-0.49798083305358887, 2.220350503921509, -6.5064873695373535, 3.149907350540161, -9.788106918334961, 9.221120834350586, -3.98064923286438, -2.161696672439575, -2.502568244934082, 4.520358085632324, -2.0546071529388428, 0.2746788263320923, 1.3675951957702637, 2.2225587368011475, 6.636430740356445, 2.427234172821045, -6.414637565612793, 2.0386481285095215, 30.84776496887207, 2.2239677906036377, -2.820319652557373], [-8.212489128112793, -0.12237747758626938, 4.312691688537598, -1.4239180088043213, 5.7290825843811035, 4.108035087585449, -6.064173698425293, 0.6901128888130188, 0.07061837613582611, -3.449855327606201, -1.380540370941162, 2.8828365802764893, -5.116917133331299, -2.9958834648132324, 0.8640842437744141, 0.9560164213180542, 8.80530071258545, -4.279759407043457, 2.2239677906036377, 19.517656326293945, 2.3633430004119873], [4.495540142059326, 1.9804790019989014, 1.7676156759262085, 0.8423511981964111, 3.2944068908691406, -6.581705093383789, -2.382528781890869, -0.7842075824737549, 1.5527148246765137, -3.083690643310547, 0.9396504163742065, 4.4472856521606445, -0.5325686931610107, -2.8400771617889404, -4.951184272766113, -3.8402934074401855, 1.5433316230773926, -7.8443779945373535, -2.820319414138794, 2.3633432388305664, 13.339052200317383]], "type": "heatmap"}], "layout": {"template": {"data": {"histogram2dcontour": [{"type": "histogram2dcontour", "colorbar": {"outlinewidth": 0, "ticks": ""}, "colorscale": [[0.0, "#0d0887"], [0.1111111111111111, "#46039f"], [0.2222222222222222, "#7201a8"], [0.3333333333333333, "#9c179e"], [0.4444444444444444, "#bd3786"], [0.5555555555555556, "#d8576b"], [0.6666666666666666, "#ed7953"], [0.7777777777777778, "#fb9f3a"], [0.8888888888888888, "#fdca26"], [1.0, "#f0f921"]]}], "choropleth": [{"type": "choropleth", "colorbar": {"outlinewidth": 0, "ticks": ""}}], "histogram2d": [{"type": "histogram2d", "colorbar": {"outlinewidth": 0, "ticks": ""}, "colorscale": [[0.0, "#0d0887"], [0.1111111111111111, "#46039f"], [0.2222222222222222, "#7201a8"], [0.3333333333333333, "#9c179e"], [0.4444444444444444, "#bd3786"], [0.5555555555555556, "#d8576b"], [0.6666666666666666, "#ed7953"], [0.7777777777777778, "#fb9f3a"], [0.8888888888888888, "#fdca26"], [1.0, "#f0f921"]]}], "heatmap": [{"type": "heatmap", "colorbar": {"outlinewidth": 0, "ticks": ""}, "colorscale": [[0.0, "#0d0887"], [0.1111111111111111, "#46039f"], [0.2222222222222222, "#7201a8"], [0.3333333333333333, "#9c179e"], [0.4444444444444444, "#bd3786"], [0.5555555555555556, "#d8576b"], [0.6666666666666666, "#ed7953"], [0.7777777777777778, "#fb9f3a"], [0.8888888888888888, "#fdca26"], [1.0, "#f0f921"]]}], "heatmapgl": [{"type": "heatmapgl", "colorbar": {"outlinewidth": 0, "ticks": ""}, "colorscale": [[0.0, "#0d0887"], [0.1111111111111111, "#46039f"], [0.2222222222222222, "#7201a8"], [0.3333333333333333, "#9c179e"], [0.4444444444444444, "#bd3786"], [0.5555555555555556, "#d8576b"], [0.6666666666666666, "#ed7953"], [0.7777777777777778, "#fb9f3a"], [0.8888888888888888, "#fdca26"], [1.0, "#f0f921"]]}], "contourcarpet": [{"type": "contourcarpet", "colorbar": {"outlinewidth": 0, "ticks": ""}}], "contour": [{"type": "contour", "colorbar": {"outlinewidth": 0, "ticks": ""}, "colorscale": [[0.0, "#0d0887"], [0.1111111111111111, "#46039f"], [0.2222222222222222, "#7201a8"], [0.3333333333333333, "#9c179e"], [0.4444444444444444, "#bd3786"], [0.5555555555555556, "#d8576b"], [0.6666666666666666, "#ed7953"], [0.7777777777777778, "#fb9f3a"], [0.8888888888888888, "#fdca26"], [1.0, "#f0f921"]]}], "surface": [{"type": "surface", "colorbar": {"outlinewidth": 0, "ticks": ""}, "colorscale": [[0.0, "#0d0887"], [0.1111111111111111, "#46039f"], [0.2222222222222222, "#7201a8"], [0.3333333333333333, "#9c179e"], [0.4444444444444444, "#bd3786"], [0.5555555555555556, "#d8576b"], [0.6666666666666666, "#ed7953"], [0.7777777777777778, "#fb9f3a"], [0.8888888888888888, "#fdca26"], [1.0, "#f0f921"]]}], "mesh3d": [{"type": "mesh3d", "colorbar": {"outlinewidth": 0, "ticks": ""}}], "scatter": [{"fillpattern": {"fillmode": "overlay", "size": 10, "solidity": 0.2}, "type": "scatter"}], "parcoords": [{"type": "parcoords", "line": {"colorbar": {"outlinewidth": 0, "ticks": ""}}}], "scatterpolargl": [{"type": "scatterpolargl", "marker": {"colorbar": {"outlinewidth": 0, "ticks": ""}}}], "bar": [{"error_x": {"color": "#2a3f5f"}, "error_y": {"color": "#2a3f5f"}, "marker": {"line": {"color": "#E5ECF6", "width": 0.5}, "pattern": {"fillmode": "overlay", "size": 10, "solidity": 0.2}}, "type": "bar"}], "scattergeo": [{"type": "scattergeo", "marker": {"colorbar": {"outlinewidth": 0, "ticks": ""}}}], "scatterpolar": [{"type": "scatterpolar", "marker": {"colorbar": {"outlinewidth": 0, "ticks": ""}}}], "histogram": [{"marker": {"pattern": {"fillmode": "overlay", "size": 10, "solidity": 0.2}}, "type": "histogram"}], "scattergl": [{"type": "scattergl", "marker": {"colorbar": {"outlinewidth": 0, "ticks": ""}}}], "scatter3d": [{"type": "scatter3d", "line": {"colorbar": {"outlinewidth": 0, "ticks": ""}}, "marker": {"colorbar": {"outlinewidth": 0, "ticks": ""}}}], "scattermapbox": [{"type": "scattermapbox", "marker": {"colorbar": {"outlinewidth": 0, "ticks": ""}}}], "scatterternary": [{"type": "scatterternary", "marker": {"colorbar": {"outlinewidth": 0, "ticks": ""}}}], "scattercarpet": [{"type": "scattercarpet", "marker": {"colorbar": {"outlinewidth": 0, "ticks": ""}}}], "carpet": [{"aaxis": {"endlinecolor": "#2a3f5f", "gridcolor": "white", "linecolor": "white", "minorgridcolor": "white", "startlinecolor": "#2a3f5f"}, "baxis": {"endlinecolor": "#2a3f5f", "gridcolor": "white", "linecolor": "white", "minorgridcolor": "white", "startlinecolor": "#2a3f5f"}, "type": "carpet"}], "table": [{"cells": {"fill": {"color": "#EBF0F8"}, "line": {"color": "white"}}, "header": {"fill": {"color": "#C8D4E3"}, "line": {"color": "white"}}, "type": "table"}], "barpolar": [{"marker": {"line": {"color": "#E5ECF6", "width": 0.5}, "pattern": {"fillmode": "overlay", "size": 10, "solidity": 0.2}}, "type": "barpolar"}], "pie": [{"automargin": true, "type": "pie"}]}, "layout": {"autotypenumbers": "strict", "colorway": ["#636efa", "#EF553B", "#00cc96", "#ab63fa", "#FFA15A", "#19d3f3", "#FF6692", "#B6E880", "#FF97FF", "#FECB52"], "font": {"color": "#2a3f5f"}, "hovermode": "closest", "hoverlabel": {"align": "left"}, "paper_bgcolor": "white", "plot_bgcolor": "#E5ECF6", "polar": {"bgcolor": "#E5ECF6", "angularaxis": {"gridcolor": "white", "linecolor": "white", "ticks": ""}, "radialaxis": {"gridcolor": "white", "linecolor": "white", "ticks": ""}}, "ternary": {"bgcolor": "#E5ECF6", "aaxis": {"gridcolor": "white", "linecolor": "white", "ticks": ""}, "baxis": {"gridcolor": "white", "linecolor": "white", "ticks": ""}, "caxis": {"gridcolor": "white", "linecolor": "white", "ticks": ""}}, "coloraxis": {"colorbar": {"outlinewidth": 0, "ticks": ""}}, "colorscale": {"sequential": [[0.0, "#0d0887"], [0.1111111111111111, "#46039f"], [0.2222222222222222, "#7201a8"], [0.3333333333333333, "#9c179e"], [0.4444444444444444, "#bd3786"], [0.5555555555555556, "#d8576b"], [0.6666666666666666, "#ed7953"], [0.7777777777777778, "#fb9f3a"], [0.8888888888888888, "#fdca26"], [1.0, "#f0f921"]], "sequentialminus": [[0.0, "#0d0887"], [0.1111111111111111, "#46039f"], [0.2222222222222222, "#7201a8"], [0.3333333333333333, "#9c179e"], [0.4444444444444444, "#bd3786"], [0.5555555555555556, "#d8576b"], [0.6666666666666666, "#ed7953"], [0.7777777777777778, "#fb9f3a"], [0.8888888888888888, "#fdca26"], [1.0, "#f0f921"]], "diverging": [[0, "#8e0152"], [0.1, "#c51b7d"], [0.2, "#de77ae"], [0.3, "#f1b6da"], [0.4, "#fde0ef"], [0.5, "#f7f7f7"], [0.6, "#e6f5d0"], [0.7, "#b8e186"], [0.8, "#7fbc41"], [0.9, "#4d9221"], [1, "#276419"]]}, "xaxis": {"gridcolor": "white", "linecolor": "white", "ticks": "", "title": {"standoff": 15}, "zerolinecolor": "white", "automargin": true, "zerolinewidth": 2}, "yaxis": {"gridcolor": "white", "linecolor": "white", "ticks": "", "title": {"standoff": 15}, "zerolinecolor": "white", "automargin": true, "zerolinewidth": 2}, "scene": {"xaxis": {"backgroundcolor": "#E5ECF6", "gridcolor": "white", "linecolor": "white", "showbackground": true, "ticks": "", "zerolinecolor": "white", "gridwidth": 2}, "yaxis": {"backgroundcolor": "#E5ECF6", "gridcolor": "white", "linecolor": "white", "showbackground": true, "ticks": "", "zerolinecolor": "white", "gridwidth": 2}, "zaxis": {"backgroundcolor": "#E5ECF6", "gridcolor": "white", "linecolor": "white", "showbackground": true, "ticks": "", "zerolinecolor": "white", "gridwidth": 2}}, "shapedefaults": {"line": {"color": "#2a3f5f"}}, "annotationdefaults": {"arrowcolor": "#2a3f5f", "arrowhead": 0, "arrowwidth": 1}, "geo": {"bgcolor": "white", "landcolor": "#E5ECF6", "subunitcolor": "white", "showland": true, "showlakes": true, "lakecolor": "white"}, "title": {"x": 0.05}, "mapbox": {"style": "light"}}}}}