{"data": [{"z": [[27.179697036743164, -0.19949449598789215, 3.803401231765747, 0.8809595108032227, -5.735039710998535, -6.935434341430664, 5.841971397399902, 1.4103676080703735, 4.547128200531006, -6.665143013000488, -1.365936040878296, 1.5532631874084473, 0.19350329041481018, -4.593536853790283, -5.078652381896973, -0.6231597661972046, -6.57092809677124, 3.315725326538086, -0.465421199798584, -8.149927139282227, 4.4704909324646], [-0.19949449598789215, 24.17514419555664, 0.6926965117454529, -3.0638935565948486, 5.970884323120117, -5.90997314453125, -3.4695050716400146, -3.7048826217651367, -0.3126116096973419, -0.361191064119339, -3.697361469268799, 9.134424209594727, 3.862213611602783, -2.8444907665252686, 6.707136631011963, -5.90592622756958, -2.690241813659668, 5.333856582641602, 2.2185094356536865, -0.11129379272460938, 1.9721250534057617], [3.803401231765747, 0.6926965117454529, 16.15312385559082, -1.980264663696289, 3.5090136528015137, -0.44338521361351013, 8.940163612365723, -3.343531370162964, -0.03316975384950638, -3.07623553276062, 2.475503921508789, 0.8273080587387085, 1.4181110858917236, -4.030902862548828, -2.9422929286956787, 4.751559257507324, 1.0424188375473022, -1.9718518257141113, -6.4640302658081055, 4.334695816040039, 1.744677186012268], [0.8809595108032227, -3.0638935565948486, -1.980264663696289, 23.798994064331055, -3.3663549423217773, 4.889328956604004, 3.88818621635437, -0.8588795065879822, 1.4348416328430176, 0.5513959527015686, 0.2945898473262787, 4.509527683258057, 3.369354724884033, -0.4655275046825409, 0.8005827069282532, -0.2501380741596222, -5.160583019256592, -3.2678136825561523, 3.148993968963623, -1.3955379724502563, 0.8367841243743896], [-5.735039710998535, 5.970884323120117, 3.5090136528015137, -3.3663549423217773, 22.27944564819336, -4.220281600952148, 0.27874094247817993, -4.5065083503723145, 2.575507879257202, -5.0492095947265625, -0.7638940811157227, 0.7049536108970642, 0.8934803605079651, -1.9679315090179443, 2.1231184005737305, -0.4813999831676483, 1.4271827936172485, 0.7968887090682983, -9.757472038269043, 5.733853340148926, 3.267029047012329], [-6.935434341430664, -5.90997314453125, -0.44338521361351013, 4.889328956604004, -4.220281600952148, 33.1021614074707, 1.5545721054077148, 1.8564529418945312, -1.3811216354370117, 2.637004852294922, -0.809518039226532, -9.922526359558105, -0.6142632365226746, 0.4862935543060303, 2.2845218181610107, 3.4870617389678955, -0.40114879608154297, -7.344962120056152, 9.213830947875977, 4.125716686248779, -6.580987930297852], [5.841971397399902, -3.4695050716400146, 8.940163612365723, 3.88818621635437, 0.27874094247817993, 1.5545721054077148, 20.34942626953125, -1.4546478986740112, -0.30041489005088806, 1.8159148693084717, 1.5688118934631348, -1.7916067838668823, 2.356773853302002, 1.9522449970245361, -2.5421640872955322, 3.661705732345581, -3.799156427383423, -0.48807334899902344, -3.984928607940674, -6.048395156860352, -2.3691349029541016], [1.4103676080703735, -3.7048826217651367, -3.343531370162964, -0.8588795065879822, -4.5065083503723145, 1.8564529418945312, -1.4546478986740112, 14.466523170471191, -1.280505895614624, -2.763991594314575, 1.791588306427002, -1.679556131362915, -4.618305683135986, 1.8041642904281616, -1.6334192752838135, -3.891955852508545, 3.705258369445801, -2.7197725772857666, -2.122593402862549, 0.7387000322341919, -0.8066902160644531], [4.547128200531006, -0.3126116096973419, -0.03316975384950638, 1.4348416328430176, 2.575507879257202, -1.3811216354370117, -0.30041489005088806, -1.280505895614624, 18.45628547668457, -3.7092530727386475, 1.4831181764602661, -3.59600567817688, 6.884610176086426, -3.7081220149993896, 0.233819380402565, -0.05929189547896385, -4.424849510192871, 2.540970802307129, -2.487065315246582, 0.09753748774528503, 1.5454730987548828], [-6.665143013000488, -0.361191064119339, -3.07623553276062, 0.5513959527015686, -5.0492095947265625, 2.637004852294922, 1.8159148693084717, -2.763991594314575, -3.7092530727386475, 27.885866165161133, 4.067502498626709, -1.0935711860656738, -4.244617462158203, 4.169183254241943, 1.320217490196228, 3.3841614723205566, 5.510445594787598, 0.3285200595855713, 4.522469520568848, -3.4092178344726562, -3.0821926593780518], [-1.365936040878296, -3.697361469268799, 2.475503921508789, 0.2945898473262787, -0.7638940811157227, -0.809518039226532, 1.5688118934631348, 1.791588306427002, 1.4831181764602661, 4.067502498626709, 21.442106246948242, -0.34677359461784363, 3.5102005004882812, 0.8970561027526855, -5.53911828994751, 1.6604231595993042, 1.0278942584991455, -9.405448913574219, -2.03090763092041, -1.348984718322754, 0.9351413249969482], [1.5532631874084473, 9.134424209594727, 0.8273080587387085, 4.509527683258057, 0.7049536108970642, -9.922526359558105, -1.7916067838668823, -1.679556131362915, -3.59600567817688, -1.0935711860656738, -0.34677359461784363, 24.145130157470703, 1.738757610321045, 4.10524320602417, 1.0657248497009277, -4.299689769744873, 2.760175943374634, -3.340522050857544, 0.27994561195373535, 2.8752694129943848, 4.435205459594727], [0.19350329041481018, 3.862213611602783, 1.4181110858917236, 3.369354724884033, 0.8934803605079651, -0.6142632365226746, 2.356773853302002, -4.618305683135986, 6.884610176086426, -4.244617462158203, 3.5102005004882812, 1.738757610321045, 20.886058807373047, 2.231053113937378, 1.1899900436401367, 1.100671410560608, -9.101741790771484, 5.558307647705078, 1.3801651000976562, -5.0944366455078125, -0.546180009841919], [-4.593536853790283, -2.8444907665252686, -4.030902862548828, -0.4655275046825409, -1.9679315090179443, 0.4862935543060303, 1.9522449970245361, 1.8041642904281616, -3.7081220149993896, 4.169183254241943, 0.8970561027526855, 4.10524320602417, 2.231053113937378, 17.603042602539062, 2.5222561359405518, -2.9148848056793213, -1.432227373123169, -2.6808040142059326, 2.2415969371795654, -2.9624650478363037, -2.850283622741699], [-5.078652381896973, 6.707136631011963, -2.9422929286956787, 0.8005827069282532, 2.1231184005737305, 2.2845218181610107, -2.5421640872955322, -1.6334192752838135, 0.233819380402565, 1.320217490196228, -5.53911828994751, 1.0657248497009277, 1.1899900436401367, 2.5222561359405518, 10.82308292388916, 0.459695428609848, -3.385256052017212, 4.771515846252441, 6.638932228088379, 0.8886353969573975, -4.958848476409912], [-0.6231597661972046, -5.90592622756958, 4.751559257507324, -0.2501380741596222, -0.4813999831676483, 3.4870617389678955, 3.661705732345581, -3.891955852508545, -0.05929189547896385, 3.3841614723205566, 1.6604231595993042, -4.299689769744873, 1.100671410560608, -2.9148848056793213, 0.459695428609848, 15.866636276245117, 6.124701499938965, 2.2080183029174805, 2.4378886222839355, 0.994959831237793, -3.832303524017334], [-6.570928573608398, -2.690242052078247, 1.0424189567565918, -5.160582542419434, 1.4271825551986694, -0.40114888548851013, -3.7991573810577393, 3.7052578926086426, -4.424849033355713, 5.510446071624756, 1.0278946161270142, 2.760175943374634, -9.101741790771484, -1.4322270154953003, -3.385256052017212, 6.124701976776123, 23.181270599365234, -4.943892955780029, -6.361042022705078, 8.816987991333008, 1.5372717380523682], [3.315725326538086, 5.33385705947876, -1.9718514680862427, -3.2678143978118896, 0.7968882918357849, -7.3449625968933105, -0.4880734384059906, -2.7197725772857666, 2.540970802307129, 0.3285200893878937, -9.405447006225586, -3.3405213356018066, 5.558308124542236, -2.6808037757873535, 4.7715163230896, 2.2080178260803223, -4.943892955780029, 28.471145629882812, 2.0551087856292725, -4.237358093261719, -7.847598552703857], [-0.46542054414749146, 2.2185099124908447, -6.4640302658081055, 3.148994207382202, -9.75747299194336, 9.213831901550293, -3.984928607940674, -2.1225931644439697, -2.4870645999908447, 4.522469997406006, -2.030906915664673, 0.279945969581604, 1.3801653385162354, 2.2415964603424072, 6.638931751251221, 2.4378890991210938, -6.361042022705078, 2.0551087856292725, 30.7789306640625, 2.233931541442871, -2.817790985107422], [-8.149927139282227, -0.11129356175661087, 4.334696292877197, -1.3955376148223877, 5.733853340148926, 4.125718116760254, -6.048396110534668, 0.7387000918388367, 0.09753759205341339, -3.4092180728912354, -1.3489856719970703, 2.8752691745758057, -5.0944366455078125, -2.9624650478363037, 0.8886356353759766, 0.9949597716331482, 8.816987991333008, -4.237358093261719, 2.233931541442871, 19.460519790649414, 2.3543996810913086], [4.470491409301758, 1.9721256494522095, 1.7446774244308472, 0.8367838859558105, 3.267029047012329, -6.58098840713501, -2.3691349029541016, -0.8066902160644531, 1.5454728603363037, -3.0821924209594727, 0.9351414442062378, 4.435205459594727, -0.5461798906326294, -2.850283622741699, -4.958848476409912, -3.832303047180176, 1.5372716188430786, -7.847599029541016, -2.8177905082702637, 2.3543996810913086, 13.339052200317383]], "type": "heatmap"}], "layout": {"template": {"data": {"histogram2dcontour": [{"type": "histogram2dcontour", "colorbar": {"outlinewidth": 0, "ticks": ""}, "colorscale": [[0.0, "#0d0887"], [0.1111111111111111, "#46039f"], [0.2222222222222222, "#7201a8"], [0.3333333333333333, "#9c179e"], [0.4444444444444444, "#bd3786"], [0.5555555555555556, "#d8576b"], [0.6666666666666666, "#ed7953"], [0.7777777777777778, "#fb9f3a"], [0.8888888888888888, "#fdca26"], [1.0, "#f0f921"]]}], "choropleth": [{"type": "choropleth", "colorbar": {"outlinewidth": 0, "ticks": ""}}], "histogram2d": [{"type": "histogram2d", "colorbar": {"outlinewidth": 0, "ticks": ""}, "colorscale": [[0.0, "#0d0887"], [0.1111111111111111, "#46039f"], [0.2222222222222222, "#7201a8"], [0.3333333333333333, "#9c179e"], [0.4444444444444444, "#bd3786"], [0.5555555555555556, "#d8576b"], [0.6666666666666666, "#ed7953"], [0.7777777777777778, "#fb9f3a"], [0.8888888888888888, "#fdca26"], [1.0, "#f0f921"]]}], "heatmap": [{"type": "heatmap", "colorbar": {"outlinewidth": 0, "ticks": ""}, "colorscale": [[0.0, "#0d0887"], [0.1111111111111111, "#46039f"], [0.2222222222222222, "#7201a8"], [0.3333333333333333, "#9c179e"], [0.4444444444444444, "#bd3786"], [0.5555555555555556, "#d8576b"], [0.6666666666666666, "#ed7953"], [0.7777777777777778, "#fb9f3a"], [0.8888888888888888, "#fdca26"], [1.0, "#f0f921"]]}], "heatmapgl": [{"type": "heatmapgl", "colorbar": {"outlinewidth": 0, "ticks": ""}, "colorscale": [[0.0, "#0d0887"], [0.1111111111111111, "#46039f"], [0.2222222222222222, "#7201a8"], [0.3333333333333333, "#9c179e"], [0.4444444444444444, "#bd3786"], [0.5555555555555556, "#d8576b"], [0.6666666666666666, "#ed7953"], [0.7777777777777778, "#fb9f3a"], [0.8888888888888888, "#fdca26"], [1.0, "#f0f921"]]}], "contourcarpet": [{"type": "contourcarpet", "colorbar": {"outlinewidth": 0, "ticks": ""}}], "contour": [{"type": "contour", "colorbar": {"outlinewidth": 0, "ticks": ""}, "colorscale": [[0.0, "#0d0887"], [0.1111111111111111, "#46039f"], [0.2222222222222222, "#7201a8"], [0.3333333333333333, "#9c179e"], [0.4444444444444444, "#bd3786"], [0.5555555555555556, "#d8576b"], [0.6666666666666666, "#ed7953"], [0.7777777777777778, "#fb9f3a"], [0.8888888888888888, "#fdca26"], [1.0, "#f0f921"]]}], "surface": [{"type": "surface", "colorbar": {"outlinewidth": 0, "ticks": ""}, "colorscale": [[0.0, "#0d0887"], [0.1111111111111111, "#46039f"], [0.2222222222222222, "#7201a8"], [0.3333333333333333, "#9c179e"], [0.4444444444444444, "#bd3786"], [0.5555555555555556, "#d8576b"], [0.6666666666666666, "#ed7953"], [0.7777777777777778, "#fb9f3a"], [0.8888888888888888, "#fdca26"], [1.0, "#f0f921"]]}], "mesh3d": [{"type": "mesh3d", "colorbar": {"outlinewidth": 0, "ticks": ""}}], "scatter": [{"fillpattern": {"fillmode": "overlay", "size": 10, "solidity": 0.2}, "type": "scatter"}], "parcoords": [{"type": "parcoords", "line": {"colorbar": {"outlinewidth": 0, "ticks": ""}}}], "scatterpolargl": [{"type": "scatterpolargl", "marker": {"colorbar": {"outlinewidth": 0, "ticks": ""}}}], "bar": [{"error_x": {"color": "#2a3f5f"}, "error_y": {"color": "#2a3f5f"}, "marker": {"line": {"color": "#E5ECF6", "width": 0.5}, "pattern": {"fillmode": "overlay", "size": 10, "solidity": 0.2}}, "type": "bar"}], "scattergeo": [{"type": "scattergeo", "marker": {"colorbar": {"outlinewidth": 0, "ticks": ""}}}], "scatterpolar": [{"type": "scatterpolar", "marker": {"colorbar": {"outlinewidth": 0, "ticks": ""}}}], "histogram": [{"marker": {"pattern": {"fillmode": "overlay", "size": 10, "solidity": 0.2}}, "type": "histogram"}], "scattergl": [{"type": "scattergl", "marker": {"colorbar": {"outlinewidth": 0, "ticks": ""}}}], "scatter3d": [{"type": "scatter3d", "line": {"colorbar": {"outlinewidth": 0, "ticks": ""}}, "marker": {"colorbar": {"outlinewidth": 0, "ticks": ""}}}], "scattermapbox": [{"type": "scattermapbox", "marker": {"colorbar": {"outlinewidth": 0, "ticks": ""}}}], "scatterternary": [{"type": "scatterternary", "marker": {"colorbar": {"outlinewidth": 0, "ticks": ""}}}], "scattercarpet": [{"type": "scattercarpet", "marker": {"colorbar": {"outlinewidth": 0, "ticks": ""}}}], "carpet": [{"aaxis": {"endlinecolor": "#2a3f5f", "gridcolor": "white", "linecolor": "white", "minorgridcolor": "white", "startlinecolor": "#2a3f5f"}, "baxis": {"endlinecolor": "#2a3f5f", "gridcolor": "white", "linecolor": "white", "minorgridcolor": "white", "startlinecolor": "#2a3f5f"}, "type": "carpet"}], "table": [{"cells": {"fill": {"color": "#EBF0F8"}, "line": {"color": "white"}}, "header": {"fill": {"color": "#C8D4E3"}, "line": {"color": "white"}}, "type": "table"}], "barpolar": [{"marker": {"line": {"color": "#E5ECF6", "width": 0.5}, "pattern": {"fillmode": "overlay", "size": 10, "solidity": 0.2}}, "type": "barpolar"}], "pie": [{"automargin": true, "type": "pie"}]}, "layout": {"autotypenumbers": "strict", "colorway": ["#636efa", "#EF553B", "#00cc96", "#ab63fa", "#FFA15A", "#19d3f3", "#FF6692", "#B6E880", "#FF97FF", "#FECB52"], "font": {"color": "#2a3f5f"}, "hovermode": "closest", "hoverlabel": {"align": "left"}, "paper_bgcolor": "white", "plot_bgcolor": "#E5ECF6", "polar": {"bgcolor": "#E5ECF6", "angularaxis": {"gridcolor": "white", "linecolor": "white", "ticks": ""}, "radialaxis": {"gridcolor": "white", "linecolor": "white", "ticks": ""}}, "ternary": {"bgcolor": "#E5ECF6", "aaxis": {"gridcolor": "white", "linecolor": "white", "ticks": ""}, "baxis": {"gridcolor": "white", "linecolor": "white", "ticks": ""}, "caxis": {"gridcolor": "white", "linecolor": "white", "ticks": ""}}, "coloraxis": {"colorbar": {"outlinewidth": 0, "ticks": ""}}, "colorscale": {"sequential": [[0.0, "#0d0887"], [0.1111111111111111, "#46039f"], [0.2222222222222222, "#7201a8"], [0.3333333333333333, "#9c179e"], [0.4444444444444444, "#bd3786"], [0.5555555555555556, "#d8576b"], [0.6666666666666666, "#ed7953"], [0.7777777777777778, "#fb9f3a"], [0.8888888888888888, "#fdca26"], [1.0, "#f0f921"]], "sequentialminus": [[0.0, "#0d0887"], [0.1111111111111111, "#46039f"], [0.2222222222222222, "#7201a8"], [0.3333333333333333, "#9c179e"], [0.4444444444444444, "#bd3786"], [0.5555555555555556, "#d8576b"], [0.6666666666666666, "#ed7953"], [0.7777777777777778, "#fb9f3a"], [0.8888888888888888, "#fdca26"], [1.0, "#f0f921"]], "diverging": [[0, "#8e0152"], [0.1, "#c51b7d"], [0.2, "#de77ae"], [0.3, "#f1b6da"], [0.4, "#fde0ef"], [0.5, "#f7f7f7"], [0.6, "#e6f5d0"], [0.7, "#b8e186"], [0.8, "#7fbc41"], [0.9, "#4d9221"], [1, "#276419"]]}, "xaxis": {"gridcolor": "white", "linecolor": "white", "ticks": "", "title": {"standoff": 15}, "zerolinecolor": "white", "automargin": true, "zerolinewidth": 2}, "yaxis": {"gridcolor": "white", "linecolor": "white", "ticks": "", "title": {"standoff": 15}, "zerolinecolor": "white", "automargin": true, "zerolinewidth": 2}, "scene": {"xaxis": {"backgroundcolor": "#E5ECF6", "gridcolor": "white", "linecolor": "white", "showbackground": true, "ticks": "", "zerolinecolor": "white", "gridwidth": 2}, "yaxis": {"backgroundcolor": "#E5ECF6", "gridcolor": "white", "linecolor": "white", "showbackground": true, "ticks": "", "zerolinecolor": "white", "gridwidth": 2}, "zaxis": {"backgroundcolor": "#E5ECF6", "gridcolor": "white", "linecolor": "white", "showbackground": true, "ticks": "", "zerolinecolor": "white", "gridwidth": 2}}, "shapedefaults": {"line": {"color": "#2a3f5f"}}, "annotationdefaults": {"arrowcolor": "#2a3f5f", "arrowhead": 0, "arrowwidth": 1}, "geo": {"bgcolor": "white", "landcolor": "#E5ECF6", "subunitcolor": "white", "showland": true, "showlakes": true, "lakecolor": "white"}, "title": {"x": 0.05}, "mapbox": {"style": "light"}}}}}