{"data": [{"z": [[27.246675491333008, -0.2361881136894226, 3.784081220626831, 0.8439299464225769, -5.771201133728027, -6.995870113372803, 5.810840606689453, 1.3807151317596436, 4.538417339324951, -6.7250542640686035, -1.3919639587402344, 1.5348745584487915, 0.14379537105560303, -4.623246192932129, -5.134631156921387, -0.6807896494865417, -6.616412162780762, 3.3016035556793213, -0.506633996963501, -8.229337692260742, 4.50150728225708], [-0.2361881136894226, 24.313251495361328, 0.6793472766876221, -3.133640766143799, 5.988989353179932, -6.003724575042725, -3.5125575065612793, -3.77988338470459, -0.3279142379760742, -0.3950769007205963, -3.7410929203033447, 9.190409660339355, 3.896584987640381, -2.868558645248413, 6.728916645050049, -5.9723896980285645, -2.7429301738739014, 5.35521936416626, 2.2234745025634766, -0.12604093551635742, 1.981773018836975], [3.784081220626831, 0.6793472766876221, 16.219480514526367, -2.022242546081543, 3.4826836585998535, -0.4959036409854889, 8.94919490814209, -3.417560338973999, -0.05692978948354721, -3.1066884994506836, 2.430663824081421, 0.79573655128479, 1.404981255531311, -4.090023994445801, -2.9890480041503906, 4.718387603759766, 0.9952904582023621, -2.022914171218872, -6.523904323577881, 4.311178207397461, 1.7763831615447998], [0.8439299464225769, -3.133640766143799, -2.022242546081543, 23.872316360473633, -3.4406754970550537, 4.880063056945801, 3.907289981842041, -0.9081010818481445, 1.4084006547927856, 0.5521580576896667, 0.29413726925849915, 4.47904109954834, 3.336421251296997, -0.5096257925033569, 0.757716178894043, -0.2753351628780365, -5.215995788574219, -3.3273839950561523, 3.1538994312286377, -1.4308247566223145, 0.8424445390701294], [-5.771201133728027, 5.988989353179932, 3.4826836585998535, -3.4406754970550537, 22.321842193603516, -4.299432277679443, 0.2320450395345688, -4.545098781585693, 2.5520522594451904, -5.1060566902160645, -0.7983009219169617, 0.6857785582542419, 0.871807336807251, -2.011711359024048, 2.1042888164520264, -0.5649407505989075, 1.3802955150604248, 0.7522081136703491, -9.803024291992188, 5.732100486755371, 3.3038268089294434], [-6.995870113372803, -6.003724575042725, -0.4959036409854889, 4.880063056945801, -4.299432277679443, 33.21931076049805, 1.5953991413116455, 1.814725399017334, -1.398073434829712, 2.64493727684021, -0.8354830145835876, -10.031913757324219, -0.6826611161231995, 0.46227020025253296, 2.240551233291626, 3.4925320148468018, -0.432522714138031, -7.419785022735596, 9.223594665527344, 4.105871200561523, -6.5849609375], [5.810840606689453, -3.5125575065612793, 8.94919490814209, 3.907289981842041, 0.2320450395345688, 1.5953991413116455, 20.45284080505371, -1.479974627494812, -0.28165605664253235, 1.8220502138137817, 1.5705788135528564, -1.8206703662872314, 2.3579840660095215, 1.9339189529418945, -2.57232403755188, 3.6869072914123535, -3.8158504962921143, -0.49760258197784424, -3.9775631427764893, -6.069648265838623, -2.3889293670654297], [1.3807151317596436, -3.77988338470459, -3.417560338973999, -0.9081010818481445, -4.545098781585693, 1.814725399017334, -1.479974627494812, 14.4767484664917, -1.3262951374053955, -2.808002471923828, 1.7823362350463867, -1.7441954612731934, -4.6877875328063965, 1.812110424041748, -1.6973282098770142, -3.9866766929626465, 3.6638503074645996, -2.776015043258667, -2.175250291824341, 0.6784733533859253, -0.7779693603515625], [4.538417339324951, -0.3279142379760742, -0.05692978948354721, 1.4084006547927856, 2.5520522594451904, -1.398073434829712, -0.28165605664253235, -1.3262951374053955, 18.53789710998535, -3.7284774780273438, 1.4630300998687744, -3.6291239261627197, 6.881910800933838, -3.7534024715423584, 0.19800196588039398, -0.0873350128531456, -4.472460746765137, 2.5154335498809814, -2.504617214202881, 0.06600412726402283, 1.555609107017517], [-6.7250542640686035, -0.3950769007205963, -3.1066884994506836, 0.5521580576896667, -5.1060566902160645, 2.64493727684021, 1.8220502138137817, -2.808002471923828, -3.7284774780273438, 27.972246170043945, 4.063596248626709, -1.128821849822998, -4.305500030517578, 4.1253533363342285, 1.2666035890579224, 3.394400119781494, 5.507907867431641, 0.30921220779418945, 4.522298812866211, -3.4634954929351807, -3.084561347961426], [-1.3919639587402344, -3.7410929203033447, 2.430663824081421, 0.29413726925849915, -0.7983009219169617, -0.8354830145835876, 1.5705788135528564, 1.7823362350463867, 1.4630300998687744, 4.063596248626709, 21.535566329956055, -0.39910390973091125, 3.472973108291626, 0.8888877034187317, -5.589694976806641, 1.6262212991714478, 0.9893314838409424, -9.462106704711914, -2.063349723815918, -1.392243504524231, 0.9403084516525269], [1.5348745584487915, 9.190409660339355, 0.79573655128479, 4.47904109954834, 0.6857785582542419, -10.031913757324219, -1.8206703662872314, -1.7441954612731934, -3.6291239261627197, -1.128821849822998, -0.39910390973091125, 24.248626708984375, 1.7567273378372192, 4.079029560089111, 1.0472466945648193, -4.369229316711426, 2.7151145935058594, -3.354257106781006, 0.2760586738586426, 2.8868303298950195, 4.450075626373291], [0.14379537105560303, 3.896584987640381, 1.404981255531311, 3.336421251296997, 0.871807336807251, -0.6826611161231995, 2.3579840660095215, -4.6877875328063965, 6.881910800933838, -4.305500030517578, 3.472973108291626, 1.7567273378372192, 20.953371047973633, 2.2052810192108154, 1.1633152961730957, 1.0462225675582886, -9.185731887817383, 5.546392440795898, 1.3661797046661377, -5.122879981994629, -0.5287458300590515], [-4.623246192932129, -2.868558645248413, -4.090023994445801, -0.5096257925033569, -2.011711359024048, 0.46227020025253296, 1.9339189529418945, 1.812110424041748, -3.7534024715423584, 4.1253533363342285, 0.8888877034187317, 4.079029560089111, 2.2052810192108154, 17.666057586669922, 2.4947588443756104, -2.983339309692383, -1.490058183670044, -2.724590301513672, 2.217477560043335, -3.005417823791504, -2.8410873413085938], [-5.134631156921387, 6.728916645050049, -2.9890480041503906, 0.757716178894043, 2.1042888164520264, 2.240551233291626, -2.57232403755188, -1.6973282098770142, 0.19800196588039398, 1.2666035890579224, -5.589694976806641, 1.0472466945648193, 1.1633152961730957, 2.4947588443756104, 10.833256721496582, 0.4098154604434967, -3.4503469467163086, 4.75106143951416, 6.639159679412842, 0.8585331439971924, -4.946961879730225], [-0.6807896494865417, -5.9723896980285645, 4.718387603759766, -0.2753351628780365, -0.5649407505989075, 3.4925320148468018, 3.6869072914123535, -3.9866766929626465, -0.0873350128531456, 3.394400119781494, 1.6262212991714478, -4.369229316711426, 1.0462225675582886, -2.983339309692383, 0.4098154604434967, 15.907723426818848, 6.1029534339904785, 2.1808254718780518, 2.424844741821289, 0.948845624923706, -3.845461130142212], [-6.616411209106445, -2.7429301738739014, 0.9952902793884277, -5.215995788574219, 1.3802956342697144, -0.4325224459171295, -3.8158504962921143, 3.6638503074645996, -4.472461700439453, 5.507908344268799, 0.9893310070037842, 2.7151148319244385, -9.1857328414917, -1.4900583028793335, -3.4503471851348877, 6.102953910827637, 23.222545623779297, -4.999433517456055, -6.430570602416992, 8.813079833984375, 1.5477169752120972], [3.301603317260742, 5.355220317840576, -2.022914171218872, -3.327383518218994, 0.7522088885307312, -7.419785022735596, -0.4976024925708771, -2.776015520095825, 2.5154330730438232, 0.30921217799186707, -9.462106704711914, -3.354257345199585, 5.546391487121582, -2.7245900630950928, 4.75106143951416, 2.1808252334594727, -4.999433517456055, 28.54186248779297, 2.036123275756836, -4.290538787841797, -7.847031593322754], [-0.5066333413124084, 2.2234745025634766, -6.523903846740723, 3.153899908065796, -9.803025245666504, 9.223594665527344, -3.977562665939331, -2.17525053024292, -2.50461745262146, 4.522298336029053, -2.063349962234497, 0.276058554649353, 1.366180181503296, 2.217477560043335, 6.639159679412842, 2.424844264984131, -6.430570602416992, 2.036123275756836, 30.881980895996094, 2.2207484245300293, -2.820286273956299], [-8.229337692260742, -0.12604057788848877, 4.311178207397461, -1.4308247566223145, 5.732100486755371, 4.105871677398682, -6.069647789001465, 0.6784736514091492, 0.06600413471460342, -3.4634952545166016, -1.3922444581985474, 2.8868303298950195, -5.122879505157471, -3.0054173469543457, 0.8585334420204163, 0.9488458633422852, 8.813079833984375, -4.290538787841797, 2.2207484245300293, 19.54483413696289, 2.3642377853393555], [4.501506805419922, 1.9817732572555542, 1.7763831615447998, 0.8424444198608398, 3.303826332092285, -6.584959983825684, -2.3889291286468506, -0.7779694199562073, 1.555609107017517, -3.084561586380005, 0.9403091669082642, 4.450075626373291, -0.5287458896636963, -2.8410873413085938, -4.946961402893066, -3.845460891723633, 1.5477170944213867, -7.8470306396484375, -2.820286273956299, 2.3642377853393555, 13.339052200317383]], "type": "heatmap"}], "layout": {"template": {"data": {"histogram2dcontour": [{"type": "histogram2dcontour", "colorbar": {"outlinewidth": 0, "ticks": ""}, "colorscale": [[0.0, "#0d0887"], [0.1111111111111111, "#46039f"], [0.2222222222222222, "#7201a8"], [0.3333333333333333, "#9c179e"], [0.4444444444444444, "#bd3786"], [0.5555555555555556, "#d8576b"], [0.6666666666666666, "#ed7953"], [0.7777777777777778, "#fb9f3a"], [0.8888888888888888, "#fdca26"], [1.0, "#f0f921"]]}], "choropleth": [{"type": "choropleth", "colorbar": {"outlinewidth": 0, "ticks": ""}}], "histogram2d": [{"type": "histogram2d", "colorbar": {"outlinewidth": 0, "ticks": ""}, "colorscale": [[0.0, "#0d0887"], [0.1111111111111111, "#46039f"], [0.2222222222222222, "#7201a8"], [0.3333333333333333, "#9c179e"], [0.4444444444444444, "#bd3786"], [0.5555555555555556, "#d8576b"], [0.6666666666666666, "#ed7953"], [0.7777777777777778, "#fb9f3a"], [0.8888888888888888, "#fdca26"], [1.0, "#f0f921"]]}], "heatmap": [{"type": "heatmap", "colorbar": {"outlinewidth": 0, "ticks": ""}, "colorscale": [[0.0, "#0d0887"], [0.1111111111111111, "#46039f"], [0.2222222222222222, "#7201a8"], [0.3333333333333333, "#9c179e"], [0.4444444444444444, "#bd3786"], [0.5555555555555556, "#d8576b"], [0.6666666666666666, "#ed7953"], [0.7777777777777778, "#fb9f3a"], [0.8888888888888888, "#fdca26"], [1.0, "#f0f921"]]}], "heatmapgl": [{"type": "heatmapgl", "colorbar": {"outlinewidth": 0, "ticks": ""}, "colorscale": [[0.0, "#0d0887"], [0.1111111111111111, "#46039f"], [0.2222222222222222, "#7201a8"], [0.3333333333333333, "#9c179e"], [0.4444444444444444, "#bd3786"], [0.5555555555555556, "#d8576b"], [0.6666666666666666, "#ed7953"], [0.7777777777777778, "#fb9f3a"], [0.8888888888888888, "#fdca26"], [1.0, "#f0f921"]]}], "contourcarpet": [{"type": "contourcarpet", "colorbar": {"outlinewidth": 0, "ticks": ""}}], "contour": [{"type": "contour", "colorbar": {"outlinewidth": 0, "ticks": ""}, "colorscale": [[0.0, "#0d0887"], [0.1111111111111111, "#46039f"], [0.2222222222222222, "#7201a8"], [0.3333333333333333, "#9c179e"], [0.4444444444444444, "#bd3786"], [0.5555555555555556, "#d8576b"], [0.6666666666666666, "#ed7953"], [0.7777777777777778, "#fb9f3a"], [0.8888888888888888, "#fdca26"], [1.0, "#f0f921"]]}], "surface": [{"type": "surface", "colorbar": {"outlinewidth": 0, "ticks": ""}, "colorscale": [[0.0, "#0d0887"], [0.1111111111111111, "#46039f"], [0.2222222222222222, "#7201a8"], [0.3333333333333333, "#9c179e"], [0.4444444444444444, "#bd3786"], [0.5555555555555556, "#d8576b"], [0.6666666666666666, "#ed7953"], [0.7777777777777778, "#fb9f3a"], [0.8888888888888888, "#fdca26"], [1.0, "#f0f921"]]}], "mesh3d": [{"type": "mesh3d", "colorbar": {"outlinewidth": 0, "ticks": ""}}], "scatter": [{"fillpattern": {"fillmode": "overlay", "size": 10, "solidity": 0.2}, "type": "scatter"}], "parcoords": [{"type": "parcoords", "line": {"colorbar": {"outlinewidth": 0, "ticks": ""}}}], "scatterpolargl": [{"type": "scatterpolargl", "marker": {"colorbar": {"outlinewidth": 0, "ticks": ""}}}], "bar": [{"error_x": {"color": "#2a3f5f"}, "error_y": {"color": "#2a3f5f"}, "marker": {"line": {"color": "#E5ECF6", "width": 0.5}, "pattern": {"fillmode": "overlay", "size": 10, "solidity": 0.2}}, "type": "bar"}], "scattergeo": [{"type": "scattergeo", "marker": {"colorbar": {"outlinewidth": 0, "ticks": ""}}}], "scatterpolar": [{"type": "scatterpolar", "marker": {"colorbar": {"outlinewidth": 0, "ticks": ""}}}], "histogram": [{"marker": {"pattern": {"fillmode": "overlay", "size": 10, "solidity": 0.2}}, "type": "histogram"}], "scattergl": [{"type": "scattergl", "marker": {"colorbar": {"outlinewidth": 0, "ticks": ""}}}], "scatter3d": [{"type": "scatter3d", "line": {"colorbar": {"outlinewidth": 0, "ticks": ""}}, "marker": {"colorbar": {"outlinewidth": 0, "ticks": ""}}}], "scattermapbox": [{"type": "scattermapbox", "marker": {"colorbar": {"outlinewidth": 0, "ticks": ""}}}], "scatterternary": [{"type": "scatterternary", "marker": {"colorbar": {"outlinewidth": 0, "ticks": ""}}}], "scattercarpet": [{"type": "scattercarpet", "marker": {"colorbar": {"outlinewidth": 0, "ticks": ""}}}], "carpet": [{"aaxis": {"endlinecolor": "#2a3f5f", "gridcolor": "white", "linecolor": "white", "minorgridcolor": "white", "startlinecolor": "#2a3f5f"}, "baxis": {"endlinecolor": "#2a3f5f", "gridcolor": "white", "linecolor": "white", "minorgridcolor": "white", "startlinecolor": "#2a3f5f"}, "type": "carpet"}], "table": [{"cells": {"fill": {"color": "#EBF0F8"}, "line": {"color": "white"}}, "header": {"fill": {"color": "#C8D4E3"}, "line": {"color": "white"}}, "type": "table"}], "barpolar": [{"marker": {"line": {"color": "#E5ECF6", "width": 0.5}, "pattern": {"fillmode": "overlay", "size": 10, "solidity": 0.2}}, "type": "barpolar"}], "pie": [{"automargin": true, "type": "pie"}]}, "layout": {"autotypenumbers": "strict", "colorway": ["#636efa", "#EF553B", "#00cc96", "#ab63fa", "#FFA15A", "#19d3f3", "#FF6692", "#B6E880", "#FF97FF", "#FECB52"], "font": {"color": "#2a3f5f"}, "hovermode": "closest", "hoverlabel": {"align": "left"}, "paper_bgcolor": "white", "plot_bgcolor": "#E5ECF6", "polar": {"bgcolor": "#E5ECF6", "angularaxis": {"gridcolor": "white", "linecolor": "white", "ticks": ""}, "radialaxis": {"gridcolor": "white", "linecolor": "white", "ticks": ""}}, "ternary": {"bgcolor": "#E5ECF6", "aaxis": {"gridcolor": "white", "linecolor": "white", "ticks": ""}, "baxis": {"gridcolor": "white", "linecolor": "white", "ticks": ""}, "caxis": {"gridcolor": "white", "linecolor": "white", "ticks": ""}}, "coloraxis": {"colorbar": {"outlinewidth": 0, "ticks": ""}}, "colorscale": {"sequential": [[0.0, "#0d0887"], [0.1111111111111111, "#46039f"], [0.2222222222222222, "#7201a8"], [0.3333333333333333, "#9c179e"], [0.4444444444444444, "#bd3786"], [0.5555555555555556, "#d8576b"], [0.6666666666666666, "#ed7953"], [0.7777777777777778, "#fb9f3a"], [0.8888888888888888, "#fdca26"], [1.0, "#f0f921"]], "sequentialminus": [[0.0, "#0d0887"], [0.1111111111111111, "#46039f"], [0.2222222222222222, "#7201a8"], [0.3333333333333333, "#9c179e"], [0.4444444444444444, "#bd3786"], [0.5555555555555556, "#d8576b"], [0.6666666666666666, "#ed7953"], [0.7777777777777778, "#fb9f3a"], [0.8888888888888888, "#fdca26"], [1.0, "#f0f921"]], "diverging": [[0, "#8e0152"], [0.1, "#c51b7d"], [0.2, "#de77ae"], [0.3, "#f1b6da"], [0.4, "#fde0ef"], [0.5, "#f7f7f7"], [0.6, "#e6f5d0"], [0.7, "#b8e186"], [0.8, "#7fbc41"], [0.9, "#4d9221"], [1, "#276419"]]}, "xaxis": {"gridcolor": "white", "linecolor": "white", "ticks": "", "title": {"standoff": 15}, "zerolinecolor": "white", "automargin": true, "zerolinewidth": 2}, "yaxis": {"gridcolor": "white", "linecolor": "white", "ticks": "", "title": {"standoff": 15}, "zerolinecolor": "white", "automargin": true, "zerolinewidth": 2}, "scene": {"xaxis": {"backgroundcolor": "#E5ECF6", "gridcolor": "white", "linecolor": "white", "showbackground": true, "ticks": "", "zerolinecolor": "white", "gridwidth": 2}, "yaxis": {"backgroundcolor": "#E5ECF6", "gridcolor": "white", "linecolor": "white", "showbackground": true, "ticks": "", "zerolinecolor": "white", "gridwidth": 2}, "zaxis": {"backgroundcolor": "#E5ECF6", "gridcolor": "white", "linecolor": "white", "showbackground": true, "ticks": "", "zerolinecolor": "white", "gridwidth": 2}}, "shapedefaults": {"line": {"color": "#2a3f5f"}}, "annotationdefaults": {"arrowcolor": "#2a3f5f", "arrowhead": 0, "arrowwidth": 1}, "geo": {"bgcolor": "white", "landcolor": "#E5ECF6", "subunitcolor": "white", "showland": true, "showlakes": true, "lakecolor": "white"}, "title": {"x": 0.05}, "mapbox": {"style": "light"}}}}}