{"data": [{"z": [[20.727554321289062, 1.6275434494018555, 5.863511562347412, 1.1477044820785522, 2.600823163986206, -3.575770378112793, -2.9373207092285156, -1.6591297388076782, 1.3619866371154785, -2.2053279876708984, -3.5911991596221924, 1.8494422435760498, -5.214457035064697, 1.6621272563934326, -2.824307918548584, -3.845895767211914, -0.8604888916015625, -0.9558331966400146, 1.6362348794937134, -2.8567726612091064, -5.8803911209106445], [1.6275434494018555, 16.07415199279785, 3.8473598957061768, 2.6216447353363037, -0.5927601456642151, -8.069297790527344, -3.2952682971954346, -1.9035898447036743, -0.09075690060853958, -3.1087024211883545, 1.715456247329712, -1.8027544021606445, -4.339662075042725, 2.219871997833252, 2.375373125076294, 3.971977949142456, 4.380139350891113, 1.0349377393722534, -3.1556501388549805, -3.9797935485839844, 1.6553939580917358], [5.863511562347412, 3.8473598957061768, 26.707956314086914, -5.981915473937988, -5.54782247543335, 0.579995334148407, -0.6559686064720154, 0.5312896966934204, -2.8812992572784424, 0.34558939933776855, -3.797645330429077, -0.9724671244621277, -7.372561931610107, -2.384444236755371, -3.787611484527588, 3.803557872772217, 1.6218726634979248, -0.8172667026519775, 1.4428448677062988, -1.5195338726043701, -0.36794739961624146], [1.1477044820785522, 2.6216447353363037, -5.981915473937988, 28.988847732543945, 11.013367652893066, -5.958474636077881, -3.060180187225342, -2.8930749893188477, 2.385005235671997, -6.106343746185303, -4.83104944229126, 3.3643364906311035, -3.162874698638916, 0.9356691241264343, -4.834115505218506, 0.47866666316986084, -1.92375910282135, -0.7575151324272156, -6.1538591384887695, 3.0042319297790527, -2.6660706996917725], [2.600823163986206, -0.5927601456642151, -5.54782247543335, 11.013367652893066, 15.561366081237793, 0.26112085580825806, -3.823625087738037, 1.8573967218399048, 5.555475234985352, 1.2128629684448242, -3.1888983249664307, -1.0174676179885864, -0.4103701710700989, 5.456123352050781, -4.622434139251709, -1.6313430070877075, -6.714714050292969, -5.121501922607422, -5.019374370574951, 4.714017868041992, 0.8683420419692993], [-3.575770378112793, -8.069297790527344, 0.579995334148407, -5.958474636077881, 0.26112085580825806, 15.66174030303955, 8.246411323547363, 0.49596789479255676, -0.4039136469364166, 5.707623481750488, 1.374141812324524, -0.37574025988578796, 2.0800881385803223, -7.202479839324951, 0.12179132550954819, -1.6067497730255127, 2.4819982051849365, -0.40097880363464355, -1.8332500457763672, 3.855416774749756, 1.0617353916168213], [-2.9373207092285156, -3.2952682971954346, -0.6559686064720154, -3.060180187225342, -3.823625087738037, 8.246411323547363, 21.89794158935547, -3.6065731048583984, 3.625049352645874, -1.1774216890335083, 0.23683051764965057, -4.051511764526367, -5.665465354919434, 0.9427250027656555, -3.751085042953491, -0.03781774267554283, 5.689011573791504, 1.6058924198150635, -1.5420231819152832, 3.9044249057769775, 0.3158268928527832], [-1.6591297388076782, -1.9035898447036743, 0.5312896966934204, -2.8930749893188477, 1.8573967218399048, 0.49596789479255676, -3.6065731048583984, 17.50065803527832, 1.2948472499847412, 2.2604479789733887, -7.058409690856934, 4.766185283660889, 4.504441261291504, 4.586623191833496, 6.675701141357422, -4.580442428588867, -1.618422031402588, -3.2089903354644775, 0.22075366973876953, 0.72482830286026, -1.275117039680481], [1.3619866371154785, -0.09075690060853958, -2.8812992572784424, 2.385005235671997, 5.555475234985352, -0.4039136469364166, 3.625049352645874, 1.2948472499847412, 20.748573303222656, 1.7927703857421875, 0.08370751887559891, 2.0241479873657227, 2.1913743019104004, 10.054237365722656, -2.125678300857544, 3.8579671382904053, -3.8083207607269287, -1.3907445669174194, -5.56581974029541, -1.065955400466919, 4.841767311096191], [-2.2053279876708984, -3.1087024211883545, 0.34558939933776855, -6.106343746185303, 1.2128629684448242, 5.707623481750488, -1.1774216890335083, 2.2604479789733887, 1.7927703857421875, 14.777036666870117, 4.227828025817871, -1.335059642791748, 8.716790199279785, -1.486760139465332, 0.526861846446991, 3.600423812866211, 4.13310432434082, -1.1917518377304077, -1.3418534994125366, 4.078757286071777, -2.3564648628234863], [-3.5911991596221924, 1.715456247329712, -3.797645330429077, -4.83104944229126, -3.1888983249664307, 1.374141812324524, 0.23683051764965057, -7.058409690856934, 0.08370751887559891, 4.227828025817871, 22.58392906188965, 0.16866683959960938, 1.7990926504135132, -7.456973552703857, -1.6171870231628418, 3.033600091934204, 5.758569717407227, 1.3540403842926025, -2.5809319019317627, 0.25644493103027344, 5.827807426452637], [1.8494422435760498, -1.8027544021606445, -0.9724671244621277, 3.3643364906311035, -1.0174676179885864, -0.37574025988578796, -4.051511764526367, 4.766185283660889, 2.0241479873657227, -1.335059642791748, 0.16866683959960938, 23.221725463867188, 0.4589274823665619, -1.817670226097107, 5.616933345794678, -2.0923397541046143, 1.0784484148025513, -8.019509315490723, 3.8978519439697266, -3.089308261871338, 1.9284290075302124], [-5.214457035064697, -4.339662075042725, -7.372561931610107, -3.162874698638916, -0.4103701710700989, 2.0800881385803223, -5.665465354919434, 4.504441261291504, 2.1913743019104004, 8.716790199279785, 1.7990926504135132, 0.4589274823665619, 27.95633316040039, -3.1552228927612305, 1.1471586227416992, 1.6059643030166626, -3.439551591873169, 4.076112747192383, -1.8339825868606567, 3.3203320503234863, -2.215005397796631], [1.6621272563934326, 2.219871997833252, -2.384444236755371, 0.9356691241264343, 5.456123352050781, -7.202479839324951, 0.9427250027656555, 4.586623191833496, 10.054237365722656, -1.486760139465332, -7.456973552703857, -1.817670226097107, -3.1552228927612305, 23.439254760742188, 6.058250904083252, 0.2870197594165802, -7.608795642852783, -0.9898641109466553, 3.3773722648620605, -0.8214962482452393, -1.33766508102417], [-2.824307918548584, 2.375373125076294, -3.787611484527588, -4.834115505218506, -4.622434139251709, 0.12179132550954819, -3.751085042953491, 6.675701141357422, -2.125678300857544, 0.526861846446991, -1.6171870231628418, 5.616933345794678, 1.1471586227416992, 6.058250904083252, 20.753902435302734, 0.37583211064338684, 0.9875507354736328, 1.1089011430740356, 4.015942573547363, -2.7469897270202637, 1.1692817211151123], [-3.845895767211914, 3.971977949142456, 3.803557872772217, 0.47866666316986084, -1.6313430070877075, -1.6067497730255127, -0.03781774267554283, -4.580442428588867, 3.8579671382904053, 3.600423812866211, 3.033600091934204, -2.0923397541046143, 1.6059643030166626, 0.2870197594165802, 0.37583211064338684, 25.708911895751953, 1.3444786071777344, 1.7649428844451904, 3.223560094833374, -0.5051225423812866, 8.2459077835083], [-0.860488772392273, 4.380139350891113, 1.6218726634979248, -1.9237598180770874, -6.7147135734558105, 2.4819982051849365, 5.689010143280029, -1.6184217929840088, -3.8083207607269287, 4.1331048011779785, 5.75856876373291, 1.0784485340118408, -3.43955135345459, -7.608796119689941, 0.9875509142875671, 1.3444783687591553, 21.09091567993164, -2.526817798614502, -1.2305175065994263, 2.4476442337036133, 2.0407958030700684], [-0.9558333158493042, 1.0349375009536743, -0.8172667622566223, -0.7575154304504395, -5.12150239944458, -0.40097862482070923, 1.6058926582336426, -3.2089905738830566, -1.3907448053359985, -1.1917517185211182, 1.354040265083313, -8.019508361816406, 4.076112270355225, -0.989863932132721, 1.1089009046554565, 1.764941930770874, -2.526817798614502, 19.462326049804688, -0.26589298248291016, -2.08935809135437, 2.0893826484680176], [1.6362348794937134, -3.1556503772735596, 1.4428446292877197, -6.1538591384887695, -5.019373893737793, -1.833249807357788, -1.5420242547988892, 0.22075405716896057, -5.56581974029541, -1.3418538570404053, -2.5809326171875, 3.8978521823883057, -1.8339824676513672, 3.3773722648620605, 4.01594352722168, 3.223559856414795, -1.2305175065994263, -0.26589298248291016, 18.683645248413086, -4.212062358856201, -0.8871769309043884], [-2.8567724227905273, -3.9797937870025635, -1.519533634185791, 3.004232406616211, 4.714016437530518, 3.8554162979125977, 3.9044251441955566, 0.72482830286026, -1.065955400466919, 4.0787577629089355, 0.2564449608325958, -3.089308738708496, 3.3203320503234863, -0.8214964270591736, -2.7469892501831055, -0.5051228404045105, 2.4476442337036133, -2.08935809135437, -4.212062358856201, 15.600259780883789, 8.164010047912598], [-5.880391597747803, 1.6553938388824463, -0.367948055267334, -2.666069984436035, 0.868342399597168, 1.0617352724075317, 0.3158276081085205, -1.2751173973083496, 4.841768264770508, -2.3564646244049072, 5.827808380126953, 1.9284296035766602, -2.215005397796631, -1.3376641273498535, 1.169281244277954, 8.2459077835083, 2.040795087814331, 2.0893828868865967, -0.8871768116950989, 8.164010047912598, 49.280147552490234]], "type": "heatmap"}], "layout": {"template": {"data": {"histogram2dcontour": [{"type": "histogram2dcontour", "colorbar": {"outlinewidth": 0, "ticks": ""}, "colorscale": [[0.0, "#0d0887"], [0.1111111111111111, "#46039f"], [0.2222222222222222, "#7201a8"], [0.3333333333333333, "#9c179e"], [0.4444444444444444, "#bd3786"], [0.5555555555555556, "#d8576b"], [0.6666666666666666, "#ed7953"], [0.7777777777777778, "#fb9f3a"], [0.8888888888888888, "#fdca26"], [1.0, "#f0f921"]]}], "choropleth": [{"type": "choropleth", "colorbar": {"outlinewidth": 0, "ticks": ""}}], "histogram2d": [{"type": "histogram2d", "colorbar": {"outlinewidth": 0, "ticks": ""}, "colorscale": [[0.0, "#0d0887"], [0.1111111111111111, "#46039f"], [0.2222222222222222, "#7201a8"], [0.3333333333333333, "#9c179e"], [0.4444444444444444, "#bd3786"], [0.5555555555555556, "#d8576b"], [0.6666666666666666, "#ed7953"], [0.7777777777777778, "#fb9f3a"], [0.8888888888888888, "#fdca26"], [1.0, "#f0f921"]]}], "heatmap": [{"type": "heatmap", "colorbar": {"outlinewidth": 0, "ticks": ""}, "colorscale": [[0.0, "#0d0887"], [0.1111111111111111, "#46039f"], [0.2222222222222222, "#7201a8"], [0.3333333333333333, "#9c179e"], [0.4444444444444444, "#bd3786"], [0.5555555555555556, "#d8576b"], [0.6666666666666666, "#ed7953"], [0.7777777777777778, "#fb9f3a"], [0.8888888888888888, "#fdca26"], [1.0, "#f0f921"]]}], "heatmapgl": [{"type": "heatmapgl", "colorbar": {"outlinewidth": 0, "ticks": ""}, "colorscale": [[0.0, "#0d0887"], [0.1111111111111111, "#46039f"], [0.2222222222222222, "#7201a8"], [0.3333333333333333, "#9c179e"], [0.4444444444444444, "#bd3786"], [0.5555555555555556, "#d8576b"], [0.6666666666666666, "#ed7953"], [0.7777777777777778, "#fb9f3a"], [0.8888888888888888, "#fdca26"], [1.0, "#f0f921"]]}], "contourcarpet": [{"type": "contourcarpet", "colorbar": {"outlinewidth": 0, "ticks": ""}}], "contour": [{"type": "contour", "colorbar": {"outlinewidth": 0, "ticks": ""}, "colorscale": [[0.0, "#0d0887"], [0.1111111111111111, "#46039f"], [0.2222222222222222, "#7201a8"], [0.3333333333333333, "#9c179e"], [0.4444444444444444, "#bd3786"], [0.5555555555555556, "#d8576b"], [0.6666666666666666, "#ed7953"], [0.7777777777777778, "#fb9f3a"], [0.8888888888888888, "#fdca26"], [1.0, "#f0f921"]]}], "surface": [{"type": "surface", "colorbar": {"outlinewidth": 0, "ticks": ""}, "colorscale": [[0.0, "#0d0887"], [0.1111111111111111, "#46039f"], [0.2222222222222222, "#7201a8"], [0.3333333333333333, "#9c179e"], [0.4444444444444444, "#bd3786"], [0.5555555555555556, "#d8576b"], [0.6666666666666666, "#ed7953"], [0.7777777777777778, "#fb9f3a"], [0.8888888888888888, "#fdca26"], [1.0, "#f0f921"]]}], "mesh3d": [{"type": "mesh3d", "colorbar": {"outlinewidth": 0, "ticks": ""}}], "scatter": [{"fillpattern": {"fillmode": "overlay", "size": 10, "solidity": 0.2}, "type": "scatter"}], "parcoords": [{"type": "parcoords", "line": {"colorbar": {"outlinewidth": 0, "ticks": ""}}}], "scatterpolargl": [{"type": "scatterpolargl", "marker": {"colorbar": {"outlinewidth": 0, "ticks": ""}}}], "bar": [{"error_x": {"color": "#2a3f5f"}, "error_y": {"color": "#2a3f5f"}, "marker": {"line": {"color": "#E5ECF6", "width": 0.5}, "pattern": {"fillmode": "overlay", "size": 10, "solidity": 0.2}}, "type": "bar"}], "scattergeo": [{"type": "scattergeo", "marker": {"colorbar": {"outlinewidth": 0, "ticks": ""}}}], "scatterpolar": [{"type": "scatterpolar", "marker": {"colorbar": {"outlinewidth": 0, "ticks": ""}}}], "histogram": [{"marker": {"pattern": {"fillmode": "overlay", "size": 10, "solidity": 0.2}}, "type": "histogram"}], "scattergl": [{"type": "scattergl", "marker": {"colorbar": {"outlinewidth": 0, "ticks": ""}}}], "scatter3d": [{"type": "scatter3d", "line": {"colorbar": {"outlinewidth": 0, "ticks": ""}}, "marker": {"colorbar": {"outlinewidth": 0, "ticks": ""}}}], "scattermapbox": [{"type": "scattermapbox", "marker": {"colorbar": {"outlinewidth": 0, "ticks": ""}}}], "scatterternary": [{"type": "scatterternary", "marker": {"colorbar": {"outlinewidth": 0, "ticks": ""}}}], "scattercarpet": [{"type": "scattercarpet", "marker": {"colorbar": {"outlinewidth": 0, "ticks": ""}}}], "carpet": [{"aaxis": {"endlinecolor": "#2a3f5f", "gridcolor": "white", "linecolor": "white", "minorgridcolor": "white", "startlinecolor": "#2a3f5f"}, "baxis": {"endlinecolor": "#2a3f5f", "gridcolor": "white", "linecolor": "white", "minorgridcolor": "white", "startlinecolor": "#2a3f5f"}, "type": "carpet"}], "table": [{"cells": {"fill": {"color": "#EBF0F8"}, "line": {"color": "white"}}, "header": {"fill": {"color": "#C8D4E3"}, "line": {"color": "white"}}, "type": "table"}], "barpolar": [{"marker": {"line": {"color": "#E5ECF6", "width": 0.5}, "pattern": {"fillmode": "overlay", "size": 10, "solidity": 0.2}}, "type": "barpolar"}], "pie": [{"automargin": true, "type": "pie"}]}, "layout": {"autotypenumbers": "strict", "colorway": ["#636efa", "#EF553B", "#00cc96", "#ab63fa", "#FFA15A", "#19d3f3", "#FF6692", "#B6E880", "#FF97FF", "#FECB52"], "font": {"color": "#2a3f5f"}, "hovermode": "closest", "hoverlabel": {"align": "left"}, "paper_bgcolor": "white", "plot_bgcolor": "#E5ECF6", "polar": {"bgcolor": "#E5ECF6", "angularaxis": {"gridcolor": "white", "linecolor": "white", "ticks": ""}, "radialaxis": {"gridcolor": "white", "linecolor": "white", "ticks": ""}}, "ternary": {"bgcolor": "#E5ECF6", "aaxis": {"gridcolor": "white", "linecolor": "white", "ticks": ""}, "baxis": {"gridcolor": "white", "linecolor": "white", "ticks": ""}, "caxis": {"gridcolor": "white", "linecolor": "white", "ticks": ""}}, "coloraxis": {"colorbar": {"outlinewidth": 0, "ticks": ""}}, "colorscale": {"sequential": [[0.0, "#0d0887"], [0.1111111111111111, "#46039f"], [0.2222222222222222, "#7201a8"], [0.3333333333333333, "#9c179e"], [0.4444444444444444, "#bd3786"], [0.5555555555555556, "#d8576b"], [0.6666666666666666, "#ed7953"], [0.7777777777777778, "#fb9f3a"], [0.8888888888888888, "#fdca26"], [1.0, "#f0f921"]], "sequentialminus": [[0.0, "#0d0887"], [0.1111111111111111, "#46039f"], [0.2222222222222222, "#7201a8"], [0.3333333333333333, "#9c179e"], [0.4444444444444444, "#bd3786"], [0.5555555555555556, "#d8576b"], [0.6666666666666666, "#ed7953"], [0.7777777777777778, "#fb9f3a"], [0.8888888888888888, "#fdca26"], [1.0, "#f0f921"]], "diverging": [[0, "#8e0152"], [0.1, "#c51b7d"], [0.2, "#de77ae"], [0.3, "#f1b6da"], [0.4, "#fde0ef"], [0.5, "#f7f7f7"], [0.6, "#e6f5d0"], [0.7, "#b8e186"], [0.8, "#7fbc41"], [0.9, "#4d9221"], [1, "#276419"]]}, "xaxis": {"gridcolor": "white", "linecolor": "white", "ticks": "", "title": {"standoff": 15}, "zerolinecolor": "white", "automargin": true, "zerolinewidth": 2}, "yaxis": {"gridcolor": "white", "linecolor": "white", "ticks": "", "title": {"standoff": 15}, "zerolinecolor": "white", "automargin": true, "zerolinewidth": 2}, "scene": {"xaxis": {"backgroundcolor": "#E5ECF6", "gridcolor": "white", "linecolor": "white", "showbackground": true, "ticks": "", "zerolinecolor": "white", "gridwidth": 2}, "yaxis": {"backgroundcolor": "#E5ECF6", "gridcolor": "white", "linecolor": "white", "showbackground": true, "ticks": "", "zerolinecolor": "white", "gridwidth": 2}, "zaxis": {"backgroundcolor": "#E5ECF6", "gridcolor": "white", "linecolor": "white", "showbackground": true, "ticks": "", "zerolinecolor": "white", "gridwidth": 2}}, "shapedefaults": {"line": {"color": "#2a3f5f"}}, "annotationdefaults": {"arrowcolor": "#2a3f5f", "arrowhead": 0, "arrowwidth": 1}, "geo": {"bgcolor": "white", "landcolor": "#E5ECF6", "subunitcolor": "white", "showland": true, "showlakes": true, "lakecolor": "white"}, "title": {"x": 0.05}, "mapbox": {"style": "light"}}}}}