{"data": [{"z": [[20.549833297729492, 1.5636929273605347, 5.776886940002441, 1.1003073453903198, 2.5813636779785156, -3.549727201461792, -2.9226760864257812, -1.6354494094848633, 1.360731840133667, -2.1728341579437256, -3.5579898357391357, 1.8166395425796509, -5.169116497039795, 1.6177515983581543, -2.7706611156463623, -3.8072900772094727, -0.8546717166900635, -0.9789374470710754, 1.6024019718170166, -2.8570830821990967, -5.8820037841796875], [1.5636929273605347, 15.863795280456543, 3.747311592102051, 2.5602054595947266, -0.6395214200019836, -8.028038024902344, -3.3044919967651367, -1.8041318655014038, -0.05196438357234001, -3.0336432456970215, 1.7236368656158447, -1.8448864221572876, -4.301403045654297, 2.2174997329711914, 2.4744412899017334, 3.9679830074310303, 4.3667802810668945, 0.9658248424530029, -3.1805148124694824, -3.9419336318969727, 1.6092594861984253], [5.776886940002441, 3.747311592102051, 26.487581253051758, -5.961747169494629, -5.503807067871094, 0.5625423789024353, -0.6704252362251282, 0.5587983131408691, -2.8493807315826416, 0.3668115437030792, -3.767163038253784, -0.9939874410629272, -7.318302154541016, -2.3952512741088867, -3.721686363220215, 3.8031005859375, 1.6042871475219727, -0.7799420356750488, 1.3933606147766113, -1.5377936363220215, -0.37004685401916504], [1.1003073453903198, 2.5602054595947266, -5.961747169494629, 28.766345977783203, 10.913893699645996, -5.8972673416137695, -3.049407720565796, -2.8042712211608887, 2.3711931705474854, -6.062995910644531, -4.791776180267334, 3.39062237739563, -3.2298827171325684, 0.930351197719574, -4.745001316070557, 0.4693932831287384, -1.8709142208099365, -0.8688559532165527, -6.081554412841797, 2.9835994243621826, -2.633058786392212], [2.5813636779785156, -0.6395214200019836, -5.503807067871094, 10.913893699645996, 15.381211280822754, 0.25424471497535706, -3.8025341033935547, 1.8773952722549438, 5.5054521560668945, 1.2461936473846436, -3.153374671936035, -0.9977235198020935, -0.429528146982193, 5.394028663635254, -4.541517734527588, -1.6469783782958984, -6.640939712524414, -5.087433815002441, -4.996372222900391, 4.7079315185546875, 0.8965562582015991], [-3.549727201461792, -8.028038024902344, 0.5625423789024353, -5.8972673416137695, 0.25424471497535706, 15.59727668762207, 8.20547103881836, 0.490851491689682, -0.3971116840839386, 5.694062232971191, 1.3890323638916016, -0.396786630153656, 2.090186357498169, -7.180882930755615, 0.1095832958817482, -1.582009196281433, 2.4680559635162354, -0.37952035665512085, -1.8185012340545654, 3.8457536697387695, 1.0222933292388916], [-2.9226760864257812, -3.3044919967651367, -0.6704252362251282, -3.049407720565796, -3.8025341033935547, 8.20547103881836, 21.711063385009766, -3.5642194747924805, 3.6734378337860107, -1.1637564897537231, 0.23768119513988495, -4.035234451293945, -5.606834888458252, 0.9466339945793152, -3.714045524597168, -0.03576124459505081, 5.598877906799316, 1.6178914308547974, -1.5220870971679688, 3.8629865646362305, 0.32083916664123535], [-1.6354494094848633, -1.8041318655014038, 0.5587983131408691, -2.8042712211608887, 1.8773952722549438, 0.490851491689682, -3.5642194747924805, 17.415382385253906, 1.2883340120315552, 2.2342681884765625, -7.047607898712158, 4.733713626861572, 4.497840881347656, 4.574733734130859, 6.60272741317749, -4.564182281494141, -1.6200960874557495, -3.135359287261963, 0.22509312629699707, 0.7204353213310242, -1.302586317062378], [1.360731840133667, -0.05196438357234001, -2.8493807315826416, 2.3711931705474854, 5.5054521560668945, -0.3971116840839386, 3.6734378337860107, 1.2883340120315552, 20.631582260131836, 1.768564224243164, 0.08608245849609375, 2.0486176013946533, 2.144815444946289, 10.023402214050293, -2.0940213203430176, 3.817769765853882, -3.752563953399658, -1.3856275081634521, -5.4589080810546875, -1.0635545253753662, 4.826241493225098], [-2.1728341579437256, -3.0336432456970215, 0.3668115437030792, -6.062995910644531, 1.2461936473846436, 5.694062232971191, -1.1637564897537231, 2.2342681884765625, 1.768564224243164, 14.703259468078613, 4.204812526702881, -1.3172276020050049, 8.68896484375, -1.4677900075912476, 0.4825209379196167, 3.578049898147583, 4.096583366394043, -1.1517133712768555, -1.28422212600708, 4.0612030029296875, -2.348850727081299], [-3.5579898357391357, 1.7236368656158447, -3.767163038253784, -4.791776180267334, -3.153374671936035, 1.3890323638916016, 0.23768119513988495, -7.047607898712158, 0.08608245849609375, 4.204812526702881, 22.4799861907959, 0.1393313854932785, 1.7883967161178589, -7.426692962646484, -1.6302109956741333, 3.0299062728881836, 5.701653480529785, 1.3669562339782715, -2.5478789806365967, 0.26281940937042236, 5.817662239074707], [1.8166395425796509, -1.8448864221572876, -0.9939874410629272, 3.39062237739563, -0.9977235198020935, -0.396786630153656, -4.035234451293945, 4.733713626861572, 2.0486176013946533, -1.3172276020050049, 0.1393313854932785, 23.05885124206543, 0.4635756313800812, -1.831250786781311, 5.584410190582275, -2.0452167987823486, 1.0671563148498535, -7.962794303894043, 3.8160746097564697, -3.0764994621276855, 1.8958244323730469], [-5.169116497039795, -4.301403045654297, -7.318302154541016, -3.2298827171325684, -0.429528146982193, 2.090186357498169, -5.606834888458252, 4.497840881347656, 2.144815444946289, 8.68896484375, 1.7883967161178589, 0.4635756313800812, 27.79144287109375, -3.1262378692626953, 1.150667428970337, 1.57484769821167, -3.3817689418792725, 4.035924911499023, -1.7741954326629639, 3.2956418991088867, -2.2127139568328857], [1.6177515983581543, 2.2174997329711914, -2.3952512741088867, 0.930351197719574, 5.394028663635254, -7.180882930755615, 0.9466339945793152, 4.574733734130859, 10.023402214050293, -1.4677900075912476, -7.426692962646484, -1.831250786781311, -3.1262378692626953, 23.325292587280273, 6.072343826293945, 0.31578290462493896, -7.581605911254883, -0.9656133651733398, 3.344700813293457, -0.814293622970581, -1.3632926940917969], [-2.7706611156463623, 2.4744412899017334, -3.721686363220215, -4.745001316070557, -4.541517734527588, 0.1095832958817482, -3.714045524597168, 6.60272741317749, -2.0940213203430176, 0.4825209379196167, -1.6302109956741333, 5.584410190582275, 1.150667428970337, 6.072343826293945, 20.57555389404297, 0.3565855324268341, 0.9538404941558838, 1.1712099313735962, 3.988713502883911, -2.7273411750793457, 1.1799850463867188], [-3.8072900772094727, 3.9679830074310303, 3.8031005859375, 0.4693932831287384, -1.6469783782958984, -1.582009196281433, -0.03576124459505081, -4.564182281494141, 3.817769765853882, 3.578049898147583, 3.0299062728881836, -2.0452167987823486, 1.57484769821167, 0.31578290462493896, 0.3565855324268341, 25.621837615966797, 1.3565943241119385, 1.7426064014434814, 3.2753138542175293, -0.5057756900787354, 8.237539291381836], [-0.8546718955039978, 4.3667802810668945, 1.604286789894104, -1.8709137439727783, -6.640940189361572, 2.4680559635162354, 5.598875999450684, -1.6200958490371704, -3.752563953399658, 4.096583366394043, 5.701653480529785, 1.067156434059143, -3.3817689418792725, -7.581606388092041, 0.9538406133651733, 1.3565946817398071, 20.961759567260742, -2.4672188758850098, -1.2355716228485107, 2.428860664367676, 2.0518736839294434], [-0.9789373874664307, 0.9658248424530029, -0.7799416184425354, -0.868855893611908, -5.087433815002441, -0.3795202076435089, 1.6178910732269287, -3.135359764099121, -1.3856273889541626, -1.151713252067566, 1.366956353187561, -7.962794303894043, 4.035925388336182, -0.9656134247779846, 1.1712098121643066, 1.74260675907135, -2.4672188758850098, 19.240581512451172, -0.26582932472229004, -2.0797007083892822, 2.0622801780700684], [1.602401852607727, -3.1805145740509033, 1.3933602571487427, -6.0815534591674805, -4.996370792388916, -1.8185011148452759, -1.5220873355865479, 0.22509357333183289, -5.4589080810546875, -1.2842223644256592, -2.547879457473755, 3.8160746097564697, -1.7741954326629639, 3.3447012901306152, 3.988713502883911, 3.27531361579895, -1.2355716228485107, -0.26582932472229004, 18.399091720581055, -4.121059417724609, -0.8663564920425415], [-2.8570830821990967, -3.9419326782226562, -1.537793755531311, 2.9836008548736572, 4.707931041717529, 3.845754384994507, 3.8629865646362305, 0.7204351425170898, -1.0635545253753662, 4.061202526092529, 0.2628192901611328, -3.0764992237091064, 3.2956418991088867, -0.8142933249473572, -2.7273411750793457, -0.5057758092880249, 2.428860664367676, -2.0797007083892822, -4.121059417724609, 15.518941879272461, 8.140295028686523], [-5.8820037841796875, 1.6092596054077148, -0.37004780769348145, -2.633059024810791, 0.89655601978302, 1.0222934484481812, 0.32083916664123535, -1.3025866746902466, 4.826241493225098, -2.3488502502441406, 5.817661285400391, 1.895824909210205, -2.2127139568328857, -1.363292932510376, 1.1799848079681396, 8.237539291381836, 2.051872730255127, 2.06227970123291, -0.8663565516471863, 8.14029598236084, 49.280147552490234]], "type": "heatmap"}], "layout": {"template": {"data": {"histogram2dcontour": [{"type": "histogram2dcontour", "colorbar": {"outlinewidth": 0, "ticks": ""}, "colorscale": [[0.0, "#0d0887"], [0.1111111111111111, "#46039f"], [0.2222222222222222, "#7201a8"], [0.3333333333333333, "#9c179e"], [0.4444444444444444, "#bd3786"], [0.5555555555555556, "#d8576b"], [0.6666666666666666, "#ed7953"], [0.7777777777777778, "#fb9f3a"], [0.8888888888888888, "#fdca26"], [1.0, "#f0f921"]]}], "choropleth": [{"type": "choropleth", "colorbar": {"outlinewidth": 0, "ticks": ""}}], "histogram2d": [{"type": "histogram2d", "colorbar": {"outlinewidth": 0, "ticks": ""}, "colorscale": [[0.0, "#0d0887"], [0.1111111111111111, "#46039f"], [0.2222222222222222, "#7201a8"], [0.3333333333333333, "#9c179e"], [0.4444444444444444, "#bd3786"], [0.5555555555555556, "#d8576b"], [0.6666666666666666, "#ed7953"], [0.7777777777777778, "#fb9f3a"], [0.8888888888888888, "#fdca26"], [1.0, "#f0f921"]]}], "heatmap": [{"type": "heatmap", "colorbar": {"outlinewidth": 0, "ticks": ""}, "colorscale": [[0.0, "#0d0887"], [0.1111111111111111, "#46039f"], [0.2222222222222222, "#7201a8"], [0.3333333333333333, "#9c179e"], [0.4444444444444444, "#bd3786"], [0.5555555555555556, "#d8576b"], [0.6666666666666666, "#ed7953"], [0.7777777777777778, "#fb9f3a"], [0.8888888888888888, "#fdca26"], [1.0, "#f0f921"]]}], "heatmapgl": [{"type": "heatmapgl", "colorbar": {"outlinewidth": 0, "ticks": ""}, "colorscale": [[0.0, "#0d0887"], [0.1111111111111111, "#46039f"], [0.2222222222222222, "#7201a8"], [0.3333333333333333, "#9c179e"], [0.4444444444444444, "#bd3786"], [0.5555555555555556, "#d8576b"], [0.6666666666666666, "#ed7953"], [0.7777777777777778, "#fb9f3a"], [0.8888888888888888, "#fdca26"], [1.0, "#f0f921"]]}], "contourcarpet": [{"type": "contourcarpet", "colorbar": {"outlinewidth": 0, "ticks": ""}}], "contour": [{"type": "contour", "colorbar": {"outlinewidth": 0, "ticks": ""}, "colorscale": [[0.0, "#0d0887"], [0.1111111111111111, "#46039f"], [0.2222222222222222, "#7201a8"], [0.3333333333333333, "#9c179e"], [0.4444444444444444, "#bd3786"], [0.5555555555555556, "#d8576b"], [0.6666666666666666, "#ed7953"], [0.7777777777777778, "#fb9f3a"], [0.8888888888888888, "#fdca26"], [1.0, "#f0f921"]]}], "surface": [{"type": "surface", "colorbar": {"outlinewidth": 0, "ticks": ""}, "colorscale": [[0.0, "#0d0887"], [0.1111111111111111, "#46039f"], [0.2222222222222222, "#7201a8"], [0.3333333333333333, "#9c179e"], [0.4444444444444444, "#bd3786"], [0.5555555555555556, "#d8576b"], [0.6666666666666666, "#ed7953"], [0.7777777777777778, "#fb9f3a"], [0.8888888888888888, "#fdca26"], [1.0, "#f0f921"]]}], "mesh3d": [{"type": "mesh3d", "colorbar": {"outlinewidth": 0, "ticks": ""}}], "scatter": [{"fillpattern": {"fillmode": "overlay", "size": 10, "solidity": 0.2}, "type": "scatter"}], "parcoords": [{"type": "parcoords", "line": {"colorbar": {"outlinewidth": 0, "ticks": ""}}}], "scatterpolargl": [{"type": "scatterpolargl", "marker": {"colorbar": {"outlinewidth": 0, "ticks": ""}}}], "bar": [{"error_x": {"color": "#2a3f5f"}, "error_y": {"color": "#2a3f5f"}, "marker": {"line": {"color": "#E5ECF6", "width": 0.5}, "pattern": {"fillmode": "overlay", "size": 10, "solidity": 0.2}}, "type": "bar"}], "scattergeo": [{"type": "scattergeo", "marker": {"colorbar": {"outlinewidth": 0, "ticks": ""}}}], "scatterpolar": [{"type": "scatterpolar", "marker": {"colorbar": {"outlinewidth": 0, "ticks": ""}}}], "histogram": [{"marker": {"pattern": {"fillmode": "overlay", "size": 10, "solidity": 0.2}}, "type": "histogram"}], "scattergl": [{"type": "scattergl", "marker": {"colorbar": {"outlinewidth": 0, "ticks": ""}}}], "scatter3d": [{"type": "scatter3d", "line": {"colorbar": {"outlinewidth": 0, "ticks": ""}}, "marker": {"colorbar": {"outlinewidth": 0, "ticks": ""}}}], "scattermapbox": [{"type": "scattermapbox", "marker": {"colorbar": {"outlinewidth": 0, "ticks": ""}}}], "scatterternary": [{"type": "scatterternary", "marker": {"colorbar": {"outlinewidth": 0, "ticks": ""}}}], "scattercarpet": [{"type": "scattercarpet", "marker": {"colorbar": {"outlinewidth": 0, "ticks": ""}}}], "carpet": [{"aaxis": {"endlinecolor": "#2a3f5f", "gridcolor": "white", "linecolor": "white", "minorgridcolor": "white", "startlinecolor": "#2a3f5f"}, "baxis": {"endlinecolor": "#2a3f5f", "gridcolor": "white", "linecolor": "white", "minorgridcolor": "white", "startlinecolor": "#2a3f5f"}, "type": "carpet"}], "table": [{"cells": {"fill": {"color": "#EBF0F8"}, "line": {"color": "white"}}, "header": {"fill": {"color": "#C8D4E3"}, "line": {"color": "white"}}, "type": "table"}], "barpolar": [{"marker": {"line": {"color": "#E5ECF6", "width": 0.5}, "pattern": {"fillmode": "overlay", "size": 10, "solidity": 0.2}}, "type": "barpolar"}], "pie": [{"automargin": true, "type": "pie"}]}, "layout": {"autotypenumbers": "strict", "colorway": ["#636efa", "#EF553B", "#00cc96", "#ab63fa", "#FFA15A", "#19d3f3", "#FF6692", "#B6E880", "#FF97FF", "#FECB52"], "font": {"color": "#2a3f5f"}, "hovermode": "closest", "hoverlabel": {"align": "left"}, "paper_bgcolor": "white", "plot_bgcolor": "#E5ECF6", "polar": {"bgcolor": "#E5ECF6", "angularaxis": {"gridcolor": "white", "linecolor": "white", "ticks": ""}, "radialaxis": {"gridcolor": "white", "linecolor": "white", "ticks": ""}}, "ternary": {"bgcolor": "#E5ECF6", "aaxis": {"gridcolor": "white", "linecolor": "white", "ticks": ""}, "baxis": {"gridcolor": "white", "linecolor": "white", "ticks": ""}, "caxis": {"gridcolor": "white", "linecolor": "white", "ticks": ""}}, "coloraxis": {"colorbar": {"outlinewidth": 0, "ticks": ""}}, "colorscale": {"sequential": [[0.0, "#0d0887"], [0.1111111111111111, "#46039f"], [0.2222222222222222, "#7201a8"], [0.3333333333333333, "#9c179e"], [0.4444444444444444, "#bd3786"], [0.5555555555555556, "#d8576b"], [0.6666666666666666, "#ed7953"], [0.7777777777777778, "#fb9f3a"], [0.8888888888888888, "#fdca26"], [1.0, "#f0f921"]], "sequentialminus": [[0.0, "#0d0887"], [0.1111111111111111, "#46039f"], [0.2222222222222222, "#7201a8"], [0.3333333333333333, "#9c179e"], [0.4444444444444444, "#bd3786"], [0.5555555555555556, "#d8576b"], [0.6666666666666666, "#ed7953"], [0.7777777777777778, "#fb9f3a"], [0.8888888888888888, "#fdca26"], [1.0, "#f0f921"]], "diverging": [[0, "#8e0152"], [0.1, "#c51b7d"], [0.2, "#de77ae"], [0.3, "#f1b6da"], [0.4, "#fde0ef"], [0.5, "#f7f7f7"], [0.6, "#e6f5d0"], [0.7, "#b8e186"], [0.8, "#7fbc41"], [0.9, "#4d9221"], [1, "#276419"]]}, "xaxis": {"gridcolor": "white", "linecolor": "white", "ticks": "", "title": {"standoff": 15}, "zerolinecolor": "white", "automargin": true, "zerolinewidth": 2}, "yaxis": {"gridcolor": "white", "linecolor": "white", "ticks": "", "title": {"standoff": 15}, "zerolinecolor": "white", "automargin": true, "zerolinewidth": 2}, "scene": {"xaxis": {"backgroundcolor": "#E5ECF6", "gridcolor": "white", "linecolor": "white", "showbackground": true, "ticks": "", "zerolinecolor": "white", "gridwidth": 2}, "yaxis": {"backgroundcolor": "#E5ECF6", "gridcolor": "white", "linecolor": "white", "showbackground": true, "ticks": "", "zerolinecolor": "white", "gridwidth": 2}, "zaxis": {"backgroundcolor": "#E5ECF6", "gridcolor": "white", "linecolor": "white", "showbackground": true, "ticks": "", "zerolinecolor": "white", "gridwidth": 2}}, "shapedefaults": {"line": {"color": "#2a3f5f"}}, "annotationdefaults": {"arrowcolor": "#2a3f5f", "arrowhead": 0, "arrowwidth": 1}, "geo": {"bgcolor": "white", "landcolor": "#E5ECF6", "subunitcolor": "white", "showland": true, "showlakes": true, "lakecolor": "white"}, "title": {"x": 0.05}, "mapbox": {"style": "light"}}}}}