{"data": [{"z": [[20.40937614440918, 1.537035584449768, 5.73109769821167, 1.079925298690796, 2.578148126602173, -3.507901668548584, -2.91093373298645, -1.6125980615615845, 1.3594975471496582, -2.153573751449585, -3.527357816696167, 1.7999769449234009, -5.126471996307373, 1.5789140462875366, -2.7207980155944824, -3.7576539516448975, -0.8374402523040771, -0.9639968276023865, 1.6025460958480835, -2.84116530418396, -5.8678998947143555], [1.537035584449768, 15.730018615722656, 3.7100164890289307, 2.527221202850342, -0.6203427910804749, -7.918386459350586, -3.2858786582946777, -1.6556894779205322, 0.0033787544816732407, -2.9587788581848145, 1.7634366750717163, -1.820269227027893, -4.284816265106201, 2.264880895614624, 2.572794198989868, 3.996124267578125, 4.394111633300781, 0.8831683397293091, -3.172175407409668, -3.8871512413024902, 1.6085169315338135], [5.73109769821167, 3.7100164890289307, 26.34444236755371, -5.929635524749756, -5.452451705932617, 0.5672209858894348, -0.6571771502494812, 0.5889108777046204, -2.840473175048828, 0.3797663748264313, -3.7309627532958984, -0.9896479845046997, -7.266317367553711, -2.414369821548462, -3.646453619003296, 3.818692922592163, 1.6326637268066406, -0.7090058326721191, 1.3874523639678955, -1.539459466934204, -0.3679453730583191], [1.079925298690796, 2.527221202850342, -5.929635524749756, 28.6050968170166, 10.874825477600098, -5.809698581695557, -3.011324882507324, -2.7000038623809814, 2.371201753616333, -6.03223991394043, -4.736618995666504, 3.432894229888916, -3.265878438949585, 0.9409516453742981, -4.6642913818359375, 0.47039780020713806, -1.8090832233428955, -0.9238231182098389, -5.995877265930176, 2.986983299255371, -2.593876361846924], [2.578148126602173, -0.6203427910804749, -5.452451705932617, 10.874825477600098, 15.253028869628906, 0.290762335062027, -3.775327444076538, 1.9255638122558594, 5.4787421226501465, 1.2770473957061768, -3.1013600826263428, -0.9718919992446899, -0.4143362045288086, 5.377696990966797, -4.459874153137207, -1.6307871341705322, -6.543521881103516, -5.006347179412842, -4.975044250488281, 4.7398881912231445, 0.9146708250045776], [-3.507901668548584, -7.918386459350586, 0.5672209858894348, -5.809698581695557, 0.290762335062027, 15.562994956970215, 8.190570831298828, 0.5230749845504761, -0.3783157467842102, 5.696842670440674, 1.432042121887207, -0.3960842490196228, 2.13227915763855, -7.139711380004883, 0.09546265006065369, -1.5294851064682007, 2.476428747177124, -0.33479517698287964, -1.7722467184066772, 3.864771604537964, 0.9990124106407166], [-2.91093373298645, -3.2858786582946777, -0.6571771502494812, -3.011324882507324, -3.775327444076538, 8.190570831298828, 21.555116653442383, -3.521793842315674, 3.7158217430114746, -1.1418367624282837, 0.2469339817762375, -4.013759613037109, -5.537337779998779, 0.9422634840011597, -3.667267322540283, -0.0022920998744666576, 5.5493035316467285, 1.6584688425064087, -1.5208768844604492, 3.851058006286621, 0.3265507221221924], [-1.6125980615615845, -1.6556894779205322, 0.5889108777046204, -2.7000038623809814, 1.9255638122558594, 0.5230749845504761, -3.521793842315674, 17.336233139038086, 1.2876815795898438, 2.2185657024383545, -7.030744552612305, 4.7182698249816895, 4.5255045890808105, 4.594054698944092, 6.542144775390625, -4.519138813018799, -1.598190426826477, -3.021014451980591, 0.2579014301300049, 0.7270527482032776, -1.3295073509216309], [1.3594975471496582, 0.0033787544816732407, -2.840473175048828, 2.371201753616333, 5.4787421226501465, -0.3783157467842102, 3.7158217430114746, 1.2876815795898438, 20.544649124145508, 1.752606987953186, 0.09618736803531647, 2.0600435733795166, 2.114180326461792, 10.026893615722656, -2.0690560340881348, 3.795288562774658, -3.7047600746154785, -1.3717265129089355, -5.35439395904541, -1.0570334196090698, 4.8004045486450195], [-2.153573751449585, -2.9587788581848145, 0.3797663748264313, -6.03223991394043, 1.2770473957061768, 5.696842670440674, -1.1418367624282837, 2.2185657024383545, 1.752606987953186, 14.638248443603516, 4.191226482391357, -1.3024325370788574, 8.680130958557129, -1.4448392391204834, 0.44574710726737976, 3.56512713432312, 4.0741047859191895, -1.1015244722366333, -1.20359206199646, 4.05380392074585, -2.3333849906921387], [-3.527357816696167, 1.7634366750717163, -3.7309627532958984, -4.736618995666504, -3.1013600826263428, 1.432042121887207, 0.2469339817762375, -7.030744552612305, 0.09618736803531647, 4.191226482391357, 22.404285430908203, 0.12609140574932098, 1.7888784408569336, -7.380954742431641, -1.6338326930999756, 3.0495424270629883, 5.678131580352783, 1.375333309173584, -2.507507562637329, 0.2759295701980591, 5.8071088790893555], [1.7999769449234009, -1.820269227027893, -0.9896479845046997, 3.432894229888916, -0.9718919992446899, -0.3960842490196228, -4.013759613037109, 4.7182698249816895, 2.0600435733795166, -1.3024325370788574, 0.12609140574932098, 22.932636260986328, 0.4849163889884949, -1.8440861701965332, 5.579658031463623, -1.9833906888961792, 1.0819917917251587, -7.862371921539307, 3.793588161468506, -3.0484704971313477, 1.8739157915115356], [-5.126471996307373, -4.284816265106201, -7.266317367553711, -3.265878438949585, -0.4143362045288086, 2.13227915763855, -5.537337779998779, 4.5255045890808105, 2.114180326461792, 8.680130958557129, 1.7888784408569336, 0.4849163889884949, 27.670894622802734, -3.060868501663208, 1.1654595136642456, 1.5474867820739746, -3.298259973526001, 4.025489807128906, -1.7025976181030273, 3.282501220703125, -2.207437753677368], [1.5789140462875366, 2.264880895614624, -2.414369821548462, 0.9409516453742981, 5.377696990966797, -7.139711380004883, 0.9422634840011597, 4.594054698944092, 10.026893615722656, -1.4448392391204834, -7.380954742431641, -1.8440861701965332, -3.060868501663208, 23.237102508544922, 6.084550380706787, 0.38735559582710266, -7.55332088470459, -0.9212253093719482, 3.343975782394409, -0.7951611280441284, -1.3893159627914429], [-2.7207980155944824, 2.572794198989868, -3.646453619003296, -4.6642913818359375, -4.459874153137207, 0.09546265006065369, -3.667267322540283, 6.542144775390625, -2.0690560340881348, 0.44574710726737976, -1.6338326930999756, 5.579658031463623, 1.1654595136642456, 6.084550380706787, 20.428617477416992, 0.3462101221084595, 0.9311110973358154, 1.2437223196029663, 4.01218318939209, -2.7076709270477295, 1.1985270977020264], [-3.7576539516448975, 3.996124267578125, 3.818692922592163, 0.47039780020713806, -1.6307871341705322, -1.5294851064682007, -0.0022920998744666576, -4.519138813018799, 3.795288562774658, 3.56512713432312, 3.0495424270629883, -1.9833906888961792, 1.5474867820739746, 0.38735559582710266, 0.3462101221084595, 25.55467987060547, 1.3905091285705566, 1.7205111980438232, 3.3550357818603516, -0.49330151081085205, 8.242619514465332], [-0.837440550327301, 4.3941121101379395, 1.632663607597351, -1.8090832233428955, -6.543521881103516, 2.476428508758545, 5.549304008483887, -1.5981903076171875, -3.7047600746154785, 4.0741047859191895, 5.678132057189941, 1.0819910764694214, -3.29826021194458, -7.553320407867432, 0.9311111569404602, 1.3905091285705566, 20.870235443115234, -2.38570499420166, -1.207301378250122, 2.4328932762145996, 2.070594310760498], [-0.9639967083930969, 0.8831678628921509, -0.7090054750442505, -0.9238228797912598, -5.006346702575684, -0.33479517698287964, 1.6584687232971191, -3.021014451980591, -1.3717265129089355, -1.101523995399475, 1.3753329515457153, -7.862372398376465, 4.025489807128906, -0.9212258458137512, 1.243721842765808, 1.7205103635787964, -2.38570499420166, 19.043079376220703, -0.2522425651550293, -2.0536422729492188, 2.0470082759857178], [1.6025460958480835, -3.172175884246826, 1.3874527215957642, -5.995875358581543, -4.9750447273254395, -1.7722468376159668, -1.5208773612976074, 0.25790107250213623, -5.354394435882568, -1.2035919427871704, -2.507507562637329, 3.793588638305664, -1.702597975730896, 3.3439760208129883, 4.012182712554932, 3.3550353050231934, -1.207301378250122, -0.2522425651550293, 18.178993225097656, -4.022875785827637, -0.8468193411827087], [-2.8411648273468018, -3.887152671813965, -1.539459466934204, 2.9869837760925293, 4.7398881912231445, 3.8647725582122803, 3.851058006286621, 0.7270528674125671, -1.0570334196090698, 4.053804397583008, 0.27592942118644714, -3.0484704971313477, 3.282501459121704, -0.7951608300209045, -2.7076714038848877, -0.49330124258995056, 2.4328932762145996, -2.0536422729492188, -4.022875785827637, 15.456788063049316, 8.121399879455566], [-5.8678998947143555, 1.608517050743103, -0.36794567108154297, -2.593876838684082, 0.9146705865859985, 0.9990122318267822, 0.3265504837036133, -1.3295068740844727, 4.8004045486450195, -2.333385467529297, 5.807108402252197, 1.8739159107208252, -2.2074382305145264, -1.3893156051635742, 1.1985270977020264, 8.242618560791016, 2.07059383392334, 2.047008514404297, -0.8468195199966431, 8.121399879455566, 49.280147552490234]], "type": "heatmap"}], "layout": {"template": {"data": {"histogram2dcontour": [{"type": "histogram2dcontour", "colorbar": {"outlinewidth": 0, "ticks": ""}, "colorscale": [[0.0, "#0d0887"], [0.1111111111111111, "#46039f"], [0.2222222222222222, "#7201a8"], [0.3333333333333333, "#9c179e"], [0.4444444444444444, "#bd3786"], [0.5555555555555556, "#d8576b"], [0.6666666666666666, "#ed7953"], [0.7777777777777778, "#fb9f3a"], [0.8888888888888888, "#fdca26"], [1.0, "#f0f921"]]}], "choropleth": [{"type": "choropleth", "colorbar": {"outlinewidth": 0, "ticks": ""}}], "histogram2d": [{"type": "histogram2d", "colorbar": {"outlinewidth": 0, "ticks": ""}, "colorscale": [[0.0, "#0d0887"], [0.1111111111111111, "#46039f"], [0.2222222222222222, "#7201a8"], [0.3333333333333333, "#9c179e"], [0.4444444444444444, "#bd3786"], [0.5555555555555556, "#d8576b"], [0.6666666666666666, "#ed7953"], [0.7777777777777778, "#fb9f3a"], [0.8888888888888888, "#fdca26"], [1.0, "#f0f921"]]}], "heatmap": [{"type": "heatmap", "colorbar": {"outlinewidth": 0, "ticks": ""}, "colorscale": [[0.0, "#0d0887"], [0.1111111111111111, "#46039f"], [0.2222222222222222, "#7201a8"], [0.3333333333333333, "#9c179e"], [0.4444444444444444, "#bd3786"], [0.5555555555555556, "#d8576b"], [0.6666666666666666, "#ed7953"], [0.7777777777777778, "#fb9f3a"], [0.8888888888888888, "#fdca26"], [1.0, "#f0f921"]]}], "heatmapgl": [{"type": "heatmapgl", "colorbar": {"outlinewidth": 0, "ticks": ""}, "colorscale": [[0.0, "#0d0887"], [0.1111111111111111, "#46039f"], [0.2222222222222222, "#7201a8"], [0.3333333333333333, "#9c179e"], [0.4444444444444444, "#bd3786"], [0.5555555555555556, "#d8576b"], [0.6666666666666666, "#ed7953"], [0.7777777777777778, "#fb9f3a"], [0.8888888888888888, "#fdca26"], [1.0, "#f0f921"]]}], "contourcarpet": [{"type": "contourcarpet", "colorbar": {"outlinewidth": 0, "ticks": ""}}], "contour": [{"type": "contour", "colorbar": {"outlinewidth": 0, "ticks": ""}, "colorscale": [[0.0, "#0d0887"], [0.1111111111111111, "#46039f"], [0.2222222222222222, "#7201a8"], [0.3333333333333333, "#9c179e"], [0.4444444444444444, "#bd3786"], [0.5555555555555556, "#d8576b"], [0.6666666666666666, "#ed7953"], [0.7777777777777778, "#fb9f3a"], [0.8888888888888888, "#fdca26"], [1.0, "#f0f921"]]}], "surface": [{"type": "surface", "colorbar": {"outlinewidth": 0, "ticks": ""}, "colorscale": [[0.0, "#0d0887"], [0.1111111111111111, "#46039f"], [0.2222222222222222, "#7201a8"], [0.3333333333333333, "#9c179e"], [0.4444444444444444, "#bd3786"], [0.5555555555555556, "#d8576b"], [0.6666666666666666, "#ed7953"], [0.7777777777777778, "#fb9f3a"], [0.8888888888888888, "#fdca26"], [1.0, "#f0f921"]]}], "mesh3d": [{"type": "mesh3d", "colorbar": {"outlinewidth": 0, "ticks": ""}}], "scatter": [{"fillpattern": {"fillmode": "overlay", "size": 10, "solidity": 0.2}, "type": "scatter"}], "parcoords": [{"type": "parcoords", "line": {"colorbar": {"outlinewidth": 0, "ticks": ""}}}], "scatterpolargl": [{"type": "scatterpolargl", "marker": {"colorbar": {"outlinewidth": 0, "ticks": ""}}}], "bar": [{"error_x": {"color": "#2a3f5f"}, "error_y": {"color": "#2a3f5f"}, "marker": {"line": {"color": "#E5ECF6", "width": 0.5}, "pattern": {"fillmode": "overlay", "size": 10, "solidity": 0.2}}, "type": "bar"}], "scattergeo": [{"type": "scattergeo", "marker": {"colorbar": {"outlinewidth": 0, "ticks": ""}}}], "scatterpolar": [{"type": "scatterpolar", "marker": {"colorbar": {"outlinewidth": 0, "ticks": ""}}}], "histogram": [{"marker": {"pattern": {"fillmode": "overlay", "size": 10, "solidity": 0.2}}, "type": "histogram"}], "scattergl": [{"type": "scattergl", "marker": {"colorbar": {"outlinewidth": 0, "ticks": ""}}}], "scatter3d": [{"type": "scatter3d", "line": {"colorbar": {"outlinewidth": 0, "ticks": ""}}, "marker": {"colorbar": {"outlinewidth": 0, "ticks": ""}}}], "scattermapbox": [{"type": "scattermapbox", "marker": {"colorbar": {"outlinewidth": 0, "ticks": ""}}}], "scatterternary": [{"type": "scatterternary", "marker": {"colorbar": {"outlinewidth": 0, "ticks": ""}}}], "scattercarpet": [{"type": "scattercarpet", "marker": {"colorbar": {"outlinewidth": 0, "ticks": ""}}}], "carpet": [{"aaxis": {"endlinecolor": "#2a3f5f", "gridcolor": "white", "linecolor": "white", "minorgridcolor": "white", "startlinecolor": "#2a3f5f"}, "baxis": {"endlinecolor": "#2a3f5f", "gridcolor": "white", "linecolor": "white", "minorgridcolor": "white", "startlinecolor": "#2a3f5f"}, "type": "carpet"}], "table": [{"cells": {"fill": {"color": "#EBF0F8"}, "line": {"color": "white"}}, "header": {"fill": {"color": "#C8D4E3"}, "line": {"color": "white"}}, "type": "table"}], "barpolar": [{"marker": {"line": {"color": "#E5ECF6", "width": 0.5}, "pattern": {"fillmode": "overlay", "size": 10, "solidity": 0.2}}, "type": "barpolar"}], "pie": [{"automargin": true, "type": "pie"}]}, "layout": {"autotypenumbers": "strict", "colorway": ["#636efa", "#EF553B", "#00cc96", "#ab63fa", "#FFA15A", "#19d3f3", "#FF6692", "#B6E880", "#FF97FF", "#FECB52"], "font": {"color": "#2a3f5f"}, "hovermode": "closest", "hoverlabel": {"align": "left"}, "paper_bgcolor": "white", "plot_bgcolor": "#E5ECF6", "polar": {"bgcolor": "#E5ECF6", "angularaxis": {"gridcolor": "white", "linecolor": "white", "ticks": ""}, "radialaxis": {"gridcolor": "white", "linecolor": "white", "ticks": ""}}, "ternary": {"bgcolor": "#E5ECF6", "aaxis": {"gridcolor": "white", "linecolor": "white", "ticks": ""}, "baxis": {"gridcolor": "white", "linecolor": "white", "ticks": ""}, "caxis": {"gridcolor": "white", "linecolor": "white", "ticks": ""}}, "coloraxis": {"colorbar": {"outlinewidth": 0, "ticks": ""}}, "colorscale": {"sequential": [[0.0, "#0d0887"], [0.1111111111111111, "#46039f"], [0.2222222222222222, "#7201a8"], [0.3333333333333333, "#9c179e"], [0.4444444444444444, "#bd3786"], [0.5555555555555556, "#d8576b"], [0.6666666666666666, "#ed7953"], [0.7777777777777778, "#fb9f3a"], [0.8888888888888888, "#fdca26"], [1.0, "#f0f921"]], "sequentialminus": [[0.0, "#0d0887"], [0.1111111111111111, "#46039f"], [0.2222222222222222, "#7201a8"], [0.3333333333333333, "#9c179e"], [0.4444444444444444, "#bd3786"], [0.5555555555555556, "#d8576b"], [0.6666666666666666, "#ed7953"], [0.7777777777777778, "#fb9f3a"], [0.8888888888888888, "#fdca26"], [1.0, "#f0f921"]], "diverging": [[0, "#8e0152"], [0.1, "#c51b7d"], [0.2, "#de77ae"], [0.3, "#f1b6da"], [0.4, "#fde0ef"], [0.5, "#f7f7f7"], [0.6, "#e6f5d0"], [0.7, "#b8e186"], [0.8, "#7fbc41"], [0.9, "#4d9221"], [1, "#276419"]]}, "xaxis": {"gridcolor": "white", "linecolor": "white", "ticks": "", "title": {"standoff": 15}, "zerolinecolor": "white", "automargin": true, "zerolinewidth": 2}, "yaxis": {"gridcolor": "white", "linecolor": "white", "ticks": "", "title": {"standoff": 15}, "zerolinecolor": "white", "automargin": true, "zerolinewidth": 2}, "scene": {"xaxis": {"backgroundcolor": "#E5ECF6", "gridcolor": "white", "linecolor": "white", "showbackground": true, "ticks": "", "zerolinecolor": "white", "gridwidth": 2}, "yaxis": {"backgroundcolor": "#E5ECF6", "gridcolor": "white", "linecolor": "white", "showbackground": true, "ticks": "", "zerolinecolor": "white", "gridwidth": 2}, "zaxis": {"backgroundcolor": "#E5ECF6", "gridcolor": "white", "linecolor": "white", "showbackground": true, "ticks": "", "zerolinecolor": "white", "gridwidth": 2}}, "shapedefaults": {"line": {"color": "#2a3f5f"}}, "annotationdefaults": {"arrowcolor": "#2a3f5f", "arrowhead": 0, "arrowwidth": 1}, "geo": {"bgcolor": "white", "landcolor": "#E5ECF6", "subunitcolor": "white", "showland": true, "showlakes": true, "lakecolor": "white"}, "title": {"x": 0.05}, "mapbox": {"style": "light"}}}}}