{"data": [{"z": [[20.4189453125, 1.5371496677398682, 5.732323169708252, 1.080933690071106, 2.578092336654663, -3.5124671459198, -2.913729667663574, -1.6151241064071655, 1.3591307401657104, -2.1551592350006104, -3.5304646492004395, 1.8006905317306519, -5.130440711975098, 1.5787476301193237, -2.724428415298462, -3.7614779472351074, -0.8401972055435181, -0.9689778089523315, 1.6006585359573364, -2.8438618183135986, -5.870055198669434], [1.5371496677398682, 15.737874031066895, 3.709252119064331, 2.5271928310394287, -0.6251364946365356, -7.930242538452148, -3.2885987758636475, -1.6689289808273315, -0.00039590155938640237, -2.9636635780334473, 1.760074257850647, -1.8257464170455933, -4.28941011428833, 2.2581167221069336, 2.566542387008667, 3.9942171573638916, 4.389690399169922, 0.8846791982650757, -3.174905776977539, -3.892836570739746, 1.6056671142578125], [5.732323169708252, 3.709252119064331, 26.35297966003418, -5.934013366699219, -5.456877708435059, 0.5618082284927368, -0.6589823365211487, 0.5853105187416077, -2.8414323329925537, 0.3786131739616394, -3.735413074493408, -0.9910674691200256, -7.270347595214844, -2.4191622734069824, -3.6509273052215576, 3.816952705383301, 1.628556251525879, -0.718012809753418, 1.3830885887145996, -1.541499137878418, -0.36837613582611084], [1.080933690071106, 2.5271928310394287, -5.934013366699219, 28.61582374572754, 10.875099182128906, -5.820023536682129, -3.016037702560425, -2.7102644443511963, 2.3709681034088135, -6.0345683097839355, -4.741673469543457, 3.4279396533966064, -3.2658369541168213, 0.9353688359260559, -4.670511245727539, 0.47016116976737976, -1.8171765804290771, -0.9249100089073181, -6.005699157714844, 2.984938383102417, -2.5972163677215576], [2.578092336654663, -0.6251364946365356, -5.456877708435059, 10.875099182128906, 15.256858825683594, 0.28320619463920593, -3.780595302581787, 1.9176058769226074, 5.478787899017334, 1.2737183570861816, -3.107694149017334, -0.9765110015869141, -0.4157978296279907, 5.374917030334473, -4.4683518409729, -1.6349138021469116, -6.554379463195801, -5.014322280883789, -4.980959892272949, 4.737155914306641, 0.9146823883056641], [-3.5124671459198, -7.930242538452148, 0.5618082284927368, -5.820023536682129, 0.28320619463920593, 15.563313484191895, 8.191357612609863, 0.519972562789917, -0.3796287477016449, 5.697815895080566, 1.4285701513290405, -0.3986171782016754, 2.127134323120117, -7.144097805023193, 0.09724007546901703, -1.5343422889709473, 2.4739761352539062, -0.3448062539100647, -1.778241753578186, 3.8623602390289307, 0.9980354905128479], [-2.913729667663574, -3.2885987758636475, -0.6589823365211487, -3.016037702560425, -3.780595302581787, 8.191357612609863, 21.566123962402344, -3.5264947414398193, 3.7122926712036133, -1.1436296701431274, 0.24584192037582397, -4.0159525871276855, -5.543915748596191, 0.9407283067703247, -3.6704487800598145, -0.005786433350294828, 5.552695274353027, 1.6542140245437622, -1.5226731300354004, 3.8510472774505615, 0.32668769359588623], [-1.6151241064071655, -1.6689289808273315, 0.5853105187416077, -2.7102644443511963, 1.9176058769226074, 0.519972562789917, -3.5264947414398193, 17.340322494506836, 1.2873190641403198, 2.219590187072754, -7.033236026763916, 4.718862056732178, 4.521421909332275, 4.593005657196045, 6.5456037521362305, -4.524231433868408, -1.600906252861023, -3.0360560417175293, 0.25014591217041016, 0.7261626124382019, -1.3276711702346802], [1.3591307401657104, -0.00039590155938640237, -2.8414323329925537, 2.3709681034088135, 5.478787899017334, -0.3796287477016449, 3.7122926712036133, 1.2873190641403198, 20.54998016357422, 1.7535221576690674, 0.0953669399023056, 2.058892250061035, 2.1164066791534424, 10.026448249816895, -2.0710315704345703, 3.7965006828308105, -3.7083048820495605, -1.3738266229629517, -5.36352014541626, -1.0572221279144287, 4.802530765533447], [-2.1551592350006104, -2.9636635780334473, 0.3786131739616394, -6.0345683097839355, 1.2737183570861816, 5.697815895080566, -1.1436296701431274, 2.219590187072754, 1.7535221576690674, 14.642041206359863, 4.1917877197265625, -1.3035380840301514, 8.680416107177734, -1.4460198879241943, 0.44745591282844543, 3.566246271133423, 4.075762748718262, -1.1057497262954712, -1.2107326984405518, 4.054335594177246, -2.3339757919311523], [-3.5304646492004395, 1.760074257850647, -3.735413074493408, -4.741673469543457, -3.107694149017334, 1.4285701513290405, 0.24584192037582397, -7.033236026763916, 0.0953669399023056, 4.1917877197265625, 22.40967559814453, 0.12531758844852448, 1.7880275249481201, -7.384859561920166, -1.6341311931610107, 3.04699444770813, 5.678834438323975, 1.3748278617858887, -2.5117592811584473, 0.27446645498275757, 5.807077884674072], [1.8006905317306519, -1.8257464170455933, -0.9910674691200256, 3.4279396533966064, -0.9765110015869141, -0.3986171782016754, -4.0159525871276855, 4.718862056732178, 2.058892250061035, -1.3035380840301514, 0.12531758844852448, 22.941654205322266, 0.48221245408058167, -1.8456652164459229, 5.579984188079834, -1.9887275695800781, 1.0798389911651611, -7.8759894371032715, 3.791198253631592, -3.0515806674957275, 1.8749910593032837], [-5.130440711975098, -4.28941011428833, -7.270347595214844, -3.2658369541168213, -0.4157978296279907, 2.127134323120117, -5.543915748596191, 4.521421909332275, 2.1164066791534424, 8.680416107177734, 1.7880275249481201, 0.48221245408058167, 27.678552627563477, -3.0657105445861816, 1.1632965803146362, 1.5486743450164795, -3.3066680431365967, 4.025146961212158, -1.7134475708007812, 3.2830352783203125, -2.2073147296905518], [1.5787476301193237, 2.2581167221069336, -2.4191622734069824, 0.9353688359260559, 5.374917030334473, -7.144097805023193, 0.9407283067703247, 4.593005657196045, 10.026448249816895, -1.4460198879241943, -7.384859561920166, -1.8456652164459229, -3.0657105445861816, 23.24172592163086, 6.085701942443848, 0.38202768564224243, -7.557481288909912, -0.9281995296478271, 3.343785285949707, -0.7983622550964355, -1.3903307914733887], [-2.724428415298462, 2.566542387008667, -3.6509273052215576, -4.670511245727539, -4.4683518409729, 0.09724007546901703, -3.6704487800598145, 6.5456037521362305, -2.0710315704345703, 0.44745591282844543, -1.6341311931610107, 5.579984188079834, 1.1632965803146362, 6.085701942443848, 20.43732261657715, 0.34549012780189514, 0.9333090782165527, 1.238649845123291, 4.006247520446777, -2.7090859413146973, 1.1981377601623535], [-3.7614779472351074, 3.9942171573638916, 3.816952705383301, 0.47016116976737976, -1.6349138021469116, -1.5343422889709473, -0.005786433350294828, -4.524231433868408, 3.7965006828308105, 3.566246271133423, 3.04699444770813, -1.9887275695800781, 1.5486743450164795, 0.38202768564224243, 0.34549012780189514, 25.55913734436035, 1.3870210647583008, 1.7225817441940308, 3.3443312644958496, -0.49368810653686523, 8.242267608642578], [-0.8401973843574524, 4.389690399169922, 1.6285563707351685, -1.817176342010498, -6.554379463195801, 2.4739763736724854, 5.5526957511901855, -1.6009058952331543, -3.7083044052124023, 4.07576322555542, 5.678833961486816, 1.0798393487930298, -3.306668758392334, -7.557481288909912, 0.9333094954490662, 1.3870210647583008, 20.875972747802734, -2.3961637020111084, -1.2124855518341064, 2.4312782287597656, 2.068695545196533], [-0.9689779281616211, 0.8846794962882996, -0.7180125713348389, -0.9249101877212524, -5.014321804046631, -0.34480634331703186, 1.6542140245437622, -3.03605580329895, -1.373826503753662, -1.1057497262954712, 1.3748279809951782, -7.875988483428955, 4.025146484375, -0.9281994104385376, 1.238649845123291, 1.7225817441940308, -2.3961637020111084, 19.056686401367188, -0.2585268020629883, -2.0596261024475098, 2.0455291271209717], [1.600658893585205, -3.1749062538146973, 1.3830885887145996, -6.0056986808776855, -4.980959415435791, -1.7782418727874756, -1.5226733684539795, 0.25014567375183105, -5.363519668579102, -1.2107326984405518, -2.511760711669922, 3.791198253631592, -1.7134474515914917, 3.343785285949707, 4.0062479972839355, 3.3443315029144287, -1.2124855518341064, -0.2585268020629883, 18.189470291137695, -4.032470703125, -0.8509200215339661], [-2.8438620567321777, -3.8928370475769043, -1.5414990186691284, 2.984938621520996, 4.737155914306641, 3.862360715866089, 3.8510475158691406, 0.7261627316474915, -1.0572223663330078, 4.054335594177246, 0.2744664251804352, -3.0515804290771484, 3.2830350399017334, -0.798362135887146, -2.7090859413146973, -0.49368804693222046, 2.4312782287597656, -2.0596261024475098, -4.032470703125, 15.46037769317627, 8.121859550476074], [-5.870055198669434, 1.6056673526763916, -0.3683764934539795, -2.597217559814453, 0.9146828651428223, 0.9980354309082031, 0.32668769359588623, -1.327671766281128, 4.802530765533447, -2.3339762687683105, 5.8070783615112305, 1.8749918937683105, -2.2073140144348145, -1.3903307914733887, 1.1981377601623535, 8.242265701293945, 2.0686957836151123, 2.045527935028076, -0.8509198427200317, 8.121859550476074, 49.280147552490234]], "type": "heatmap"}], "layout": {"template": {"data": {"histogram2dcontour": [{"type": "histogram2dcontour", "colorbar": {"outlinewidth": 0, "ticks": ""}, "colorscale": [[0.0, "#0d0887"], [0.1111111111111111, "#46039f"], [0.2222222222222222, "#7201a8"], [0.3333333333333333, "#9c179e"], [0.4444444444444444, "#bd3786"], [0.5555555555555556, "#d8576b"], [0.6666666666666666, "#ed7953"], [0.7777777777777778, "#fb9f3a"], [0.8888888888888888, "#fdca26"], [1.0, "#f0f921"]]}], "choropleth": [{"type": "choropleth", "colorbar": {"outlinewidth": 0, "ticks": ""}}], "histogram2d": [{"type": "histogram2d", "colorbar": {"outlinewidth": 0, "ticks": ""}, "colorscale": [[0.0, "#0d0887"], [0.1111111111111111, "#46039f"], [0.2222222222222222, "#7201a8"], [0.3333333333333333, "#9c179e"], [0.4444444444444444, "#bd3786"], [0.5555555555555556, "#d8576b"], [0.6666666666666666, "#ed7953"], [0.7777777777777778, "#fb9f3a"], [0.8888888888888888, "#fdca26"], [1.0, "#f0f921"]]}], "heatmap": [{"type": "heatmap", "colorbar": {"outlinewidth": 0, "ticks": ""}, "colorscale": [[0.0, "#0d0887"], [0.1111111111111111, "#46039f"], [0.2222222222222222, "#7201a8"], [0.3333333333333333, "#9c179e"], [0.4444444444444444, "#bd3786"], [0.5555555555555556, "#d8576b"], [0.6666666666666666, "#ed7953"], [0.7777777777777778, "#fb9f3a"], [0.8888888888888888, "#fdca26"], [1.0, "#f0f921"]]}], "heatmapgl": [{"type": "heatmapgl", "colorbar": {"outlinewidth": 0, "ticks": ""}, "colorscale": [[0.0, "#0d0887"], [0.1111111111111111, "#46039f"], [0.2222222222222222, "#7201a8"], [0.3333333333333333, "#9c179e"], [0.4444444444444444, "#bd3786"], [0.5555555555555556, "#d8576b"], [0.6666666666666666, "#ed7953"], [0.7777777777777778, "#fb9f3a"], [0.8888888888888888, "#fdca26"], [1.0, "#f0f921"]]}], "contourcarpet": [{"type": "contourcarpet", "colorbar": {"outlinewidth": 0, "ticks": ""}}], "contour": [{"type": "contour", "colorbar": {"outlinewidth": 0, "ticks": ""}, "colorscale": [[0.0, "#0d0887"], [0.1111111111111111, "#46039f"], [0.2222222222222222, "#7201a8"], [0.3333333333333333, "#9c179e"], [0.4444444444444444, "#bd3786"], [0.5555555555555556, "#d8576b"], [0.6666666666666666, "#ed7953"], [0.7777777777777778, "#fb9f3a"], [0.8888888888888888, "#fdca26"], [1.0, "#f0f921"]]}], "surface": [{"type": "surface", "colorbar": {"outlinewidth": 0, "ticks": ""}, "colorscale": [[0.0, "#0d0887"], [0.1111111111111111, "#46039f"], [0.2222222222222222, "#7201a8"], [0.3333333333333333, "#9c179e"], [0.4444444444444444, "#bd3786"], [0.5555555555555556, "#d8576b"], [0.6666666666666666, "#ed7953"], [0.7777777777777778, "#fb9f3a"], [0.8888888888888888, "#fdca26"], [1.0, "#f0f921"]]}], "mesh3d": [{"type": "mesh3d", "colorbar": {"outlinewidth": 0, "ticks": ""}}], "scatter": [{"fillpattern": {"fillmode": "overlay", "size": 10, "solidity": 0.2}, "type": "scatter"}], "parcoords": [{"type": "parcoords", "line": {"colorbar": {"outlinewidth": 0, "ticks": ""}}}], "scatterpolargl": [{"type": "scatterpolargl", "marker": {"colorbar": {"outlinewidth": 0, "ticks": ""}}}], "bar": [{"error_x": {"color": "#2a3f5f"}, "error_y": {"color": "#2a3f5f"}, "marker": {"line": {"color": "#E5ECF6", "width": 0.5}, "pattern": {"fillmode": "overlay", "size": 10, "solidity": 0.2}}, "type": "bar"}], "scattergeo": [{"type": "scattergeo", "marker": {"colorbar": {"outlinewidth": 0, "ticks": ""}}}], "scatterpolar": [{"type": "scatterpolar", "marker": {"colorbar": {"outlinewidth": 0, "ticks": ""}}}], "histogram": [{"marker": {"pattern": {"fillmode": "overlay", "size": 10, "solidity": 0.2}}, "type": "histogram"}], "scattergl": [{"type": "scattergl", "marker": {"colorbar": {"outlinewidth": 0, "ticks": ""}}}], "scatter3d": [{"type": "scatter3d", "line": {"colorbar": {"outlinewidth": 0, "ticks": ""}}, "marker": {"colorbar": {"outlinewidth": 0, "ticks": ""}}}], "scattermapbox": [{"type": "scattermapbox", "marker": {"colorbar": {"outlinewidth": 0, "ticks": ""}}}], "scatterternary": [{"type": "scatterternary", "marker": {"colorbar": {"outlinewidth": 0, "ticks": ""}}}], "scattercarpet": [{"type": "scattercarpet", "marker": {"colorbar": {"outlinewidth": 0, "ticks": ""}}}], "carpet": [{"aaxis": {"endlinecolor": "#2a3f5f", "gridcolor": "white", "linecolor": "white", "minorgridcolor": "white", "startlinecolor": "#2a3f5f"}, "baxis": {"endlinecolor": "#2a3f5f", "gridcolor": "white", "linecolor": "white", "minorgridcolor": "white", "startlinecolor": "#2a3f5f"}, "type": "carpet"}], "table": [{"cells": {"fill": {"color": "#EBF0F8"}, "line": {"color": "white"}}, "header": {"fill": {"color": "#C8D4E3"}, "line": {"color": "white"}}, "type": "table"}], "barpolar": [{"marker": {"line": {"color": "#E5ECF6", "width": 0.5}, "pattern": {"fillmode": "overlay", "size": 10, "solidity": 0.2}}, "type": "barpolar"}], "pie": [{"automargin": true, "type": "pie"}]}, "layout": {"autotypenumbers": "strict", "colorway": ["#636efa", "#EF553B", "#00cc96", "#ab63fa", "#FFA15A", "#19d3f3", "#FF6692", "#B6E880", "#FF97FF", "#FECB52"], "font": {"color": "#2a3f5f"}, "hovermode": "closest", "hoverlabel": {"align": "left"}, "paper_bgcolor": "white", "plot_bgcolor": "#E5ECF6", "polar": {"bgcolor": "#E5ECF6", "angularaxis": {"gridcolor": "white", "linecolor": "white", "ticks": ""}, "radialaxis": {"gridcolor": "white", "linecolor": "white", "ticks": ""}}, "ternary": {"bgcolor": "#E5ECF6", "aaxis": {"gridcolor": "white", "linecolor": "white", "ticks": ""}, "baxis": {"gridcolor": "white", "linecolor": "white", "ticks": ""}, "caxis": {"gridcolor": "white", "linecolor": "white", "ticks": ""}}, "coloraxis": {"colorbar": {"outlinewidth": 0, "ticks": ""}}, "colorscale": {"sequential": [[0.0, "#0d0887"], [0.1111111111111111, "#46039f"], [0.2222222222222222, "#7201a8"], [0.3333333333333333, "#9c179e"], [0.4444444444444444, "#bd3786"], [0.5555555555555556, "#d8576b"], [0.6666666666666666, "#ed7953"], [0.7777777777777778, "#fb9f3a"], [0.8888888888888888, "#fdca26"], [1.0, "#f0f921"]], "sequentialminus": [[0.0, "#0d0887"], [0.1111111111111111, "#46039f"], [0.2222222222222222, "#7201a8"], [0.3333333333333333, "#9c179e"], [0.4444444444444444, "#bd3786"], [0.5555555555555556, "#d8576b"], [0.6666666666666666, "#ed7953"], [0.7777777777777778, "#fb9f3a"], [0.8888888888888888, "#fdca26"], [1.0, "#f0f921"]], "diverging": [[0, "#8e0152"], [0.1, "#c51b7d"], [0.2, "#de77ae"], [0.3, "#f1b6da"], [0.4, "#fde0ef"], [0.5, "#f7f7f7"], [0.6, "#e6f5d0"], [0.7, "#b8e186"], [0.8, "#7fbc41"], [0.9, "#4d9221"], [1, "#276419"]]}, "xaxis": {"gridcolor": "white", "linecolor": "white", "ticks": "", "title": {"standoff": 15}, "zerolinecolor": "white", "automargin": true, "zerolinewidth": 2}, "yaxis": {"gridcolor": "white", "linecolor": "white", "ticks": "", "title": {"standoff": 15}, "zerolinecolor": "white", "automargin": true, "zerolinewidth": 2}, "scene": {"xaxis": {"backgroundcolor": "#E5ECF6", "gridcolor": "white", "linecolor": "white", "showbackground": true, "ticks": "", "zerolinecolor": "white", "gridwidth": 2}, "yaxis": {"backgroundcolor": "#E5ECF6", "gridcolor": "white", "linecolor": "white", "showbackground": true, "ticks": "", "zerolinecolor": "white", "gridwidth": 2}, "zaxis": {"backgroundcolor": "#E5ECF6", "gridcolor": "white", "linecolor": "white", "showbackground": true, "ticks": "", "zerolinecolor": "white", "gridwidth": 2}}, "shapedefaults": {"line": {"color": "#2a3f5f"}}, "annotationdefaults": {"arrowcolor": "#2a3f5f", "arrowhead": 0, "arrowwidth": 1}, "geo": {"bgcolor": "white", "landcolor": "#E5ECF6", "subunitcolor": "white", "showland": true, "showlakes": true, "lakecolor": "white"}, "title": {"x": 0.05}, "mapbox": {"style": "light"}}}}}