{"data": [{"z": [[20.456382751464844, 1.5391442775726318, 5.740346431732178, 1.0853527784347534, 2.5779576301574707, -3.5265731811523438, -2.9215595722198486, -1.6246663331985474, 1.3591887950897217, -2.159735679626465, -3.5408785343170166, 1.8030052185058594, -5.144867420196533, 1.5863875150680542, -2.737273931503296, -3.7773165702819824, -0.8468971252441406, -0.9793455600738525, 1.5986980199813843, -2.852017641067505, -5.876614570617676], [1.5391442775726318, 15.770492553710938, 3.7110464572906494, 2.5319995880126953, -0.6394498944282532, -7.966131210327148, -3.3012161254882812, -1.7174623012542725, -0.016607364639639854, -2.9835753440856934, 1.7482807636260986, -1.8418564796447754, -4.301479816436768, 2.241037130355835, 2.5399510860443115, 3.9849908351898193, 4.3762311935424805, 0.8989131450653076, -3.181950330734253, -3.9125750064849854, 1.5996779203414917], [5.740346431732178, 3.7110464572906494, 26.38945770263672, -5.9455060958862305, -5.472006797790527, 0.552277684211731, -0.6660556793212891, 0.5712578892707825, -2.844586133956909, 0.37675490975379944, -3.7494587898254395, -0.9974954128265381, -7.285651206970215, -2.4197168350219727, -3.670771598815918, 3.808673858642578, 1.6183907985687256, -0.7411899566650391, 1.3778371810913086, -1.544041633605957, -0.3688732385635376], [1.0853527784347534, 2.5319995880126953, -5.9455060958862305, 28.658489227294922, 10.880088806152344, -5.847453594207764, -3.03460693359375, -2.744086742401123, 2.3716301918029785, -6.040464878082275, -4.759722709655762, 3.4105234146118164, -3.259711980819702, 0.9308024644851685, -4.692995071411133, 0.46998724341392517, -1.83704674243927, -0.9165769815444946, -6.035099029541016, 2.9812638759613037, -2.6088852882385254], [2.5779576301574707, -0.6394498944282532, -5.472006797790527, 10.880088806152344, 15.280746459960938, 0.262363076210022, -3.8000805377960205, 1.8937946557998657, 5.4842729568481445, 1.2660192251205444, -3.126368284225464, -0.9930194020271301, -0.42119914293289185, 5.375508785247803, -4.497447967529297, -1.6485683917999268, -6.590381622314453, -5.039453506469727, -4.994441986083984, 4.7263102531433105, 0.9114278554916382], [-3.5265731811523438, -7.966131210327148, 0.552277684211731, -5.847453594207764, 0.262363076210022, 15.571218490600586, 8.193002700805664, 0.5107921361923218, -0.3853623569011688, 5.698462963104248, 1.4161003828048706, -0.40193971991539, 2.112734794616699, -7.156498432159424, 0.1026090458035469, -1.5510891675949097, 2.469425678253174, -0.3675229549407959, -1.7943482398986816, 3.8551244735717773, 1.0009911060333252], [-2.9215595722198486, -3.3012161254882812, -0.6660556793212891, -3.03460693359375, -3.8000805377960205, 8.193002700805664, 21.605791091918945, -3.5447590351104736, 3.6987688541412354, -1.1488029956817627, 0.23907971382141113, -4.026232719421387, -5.570928573608398, 0.9389463067054749, -3.681314468383789, -0.021946093067526817, 5.563854217529297, 1.638738989830017, -1.5251717567443848, 3.849947690963745, 0.32511305809020996], [-1.6246663331985474, -1.7174623012542725, 0.5712578892707825, -2.744086742401123, 1.8937946557998657, 0.5107921361923218, -3.5447590351104736, 17.3602294921875, 1.2864137887954712, 2.224306344985962, -7.039825916290283, 4.722301959991455, 4.509961128234863, 4.587096691131592, 6.56135892868042, -4.5419721603393555, -1.6103752851486206, -3.0767946243286133, 0.2398204803466797, 0.7221171259880066, -1.321207046508789], [1.3591887950897217, -0.016607364639639854, -2.844586133956909, 2.3716301918029785, 5.4842729568481445, -0.3853623569011688, 3.6987688541412354, 1.2864137887954712, 20.57245445251465, 1.7574719190597534, 0.0926479771733284, 2.0561840534210205, 2.124502182006836, 10.024805068969727, -2.078606128692627, 3.8021440505981445, -3.722243547439575, -1.3798701763153076, -5.393688201904297, -1.0590157508850098, 4.808624267578125], [-2.159735679626465, -2.9835753440856934, 0.37675490975379944, -6.040464878082275, 1.2660192251205444, 5.698462963104248, -1.1488029956817627, 2.224306344985962, 1.7574719190597534, 14.658889770507812, 4.196220397949219, -1.3061141967773438, 8.682283401489258, -1.4524321556091309, 0.45615875720977783, 3.5705063343048096, 4.083206653594971, -1.119974136352539, -1.2354493141174316, 4.057716369628906, -2.3375630378723145], [-3.5408785343170166, 1.7482807636260986, -3.7494587898254395, -4.759722709655762, -3.126368284225464, 1.4161003828048706, 0.23907971382141113, -7.039825916290283, 0.0926479771733284, 4.196220397949219, 22.42925453186035, 0.12517327070236206, 1.7850350141525269, -7.398601055145264, -1.6339311599731445, 3.040734052658081, 5.682906150817871, 1.3716199398040771, -2.5255627632141113, 0.26987993717193604, 5.808164596557617], [1.8030052185058594, -1.8418564796447754, -0.9974954128265381, 3.4105234146118164, -0.9930194020271301, -0.40193971991539, -4.026232719421387, 4.722301959991455, 2.0561840534210205, -1.3061141967773438, 0.12517327070236206, 22.97261619567871, 0.4719688296318054, -1.8437808752059937, 5.58167839050293, -2.011291980743408, 1.0728192329406738, -7.91494083404541, 3.791411876678467, -3.0620715618133545, 1.8785290718078613], [-5.144867420196533, -4.301479816436768, -7.285651206970215, -3.259711980819702, -0.42119914293289185, 2.112734794616699, -5.570928573608398, 4.509961128234863, 2.124502182006836, 8.682283401489258, 1.7850350141525269, 0.4719688296318054, 27.710609436035156, -3.0842080116271973, 1.1534572839736938, 1.5564063787460327, -3.3364319801330566, 4.028609752655029, -1.7382138967514038, 3.2843246459960938, -2.2067840099334717], [1.5863875150680542, 2.241037130355835, -2.4197168350219727, 0.9308024644851685, 5.375508785247803, -7.156498432159424, 0.9389463067054749, 4.587096691131592, 10.024805068969727, -1.4524321556091309, -7.398601055145264, -1.8437808752059937, -3.0842080116271973, 23.262269973754883, 6.084064483642578, 0.3629494309425354, -7.566683769226074, -0.9457588195800781, 3.34251070022583, -0.8055031299591064, -1.3855475187301636], [-2.737273931503296, 2.5399510860443115, -3.670771598815918, -4.692995071411133, -4.497447967529297, 0.1026090458035469, -3.681314468383789, 6.56135892868042, -2.078606128692627, 0.45615875720977783, -1.6339311599731445, 5.58167839050293, 1.1534572839736938, 6.084064483642578, 20.475324630737305, 0.344767302274704, 0.9399652481079102, 1.2186191082000732, 3.99655818939209, -2.714369297027588, 1.1946791410446167], [-3.7773165702819824, 3.9849908351898193, 3.808673858642578, 0.46998724341392517, -1.6485683917999268, -1.5510891675949097, -0.021946093067526817, -4.5419721603393555, 3.8021440505981445, 3.5705063343048096, 3.040734052658081, -2.011291980743408, 1.5564063787460327, 0.3629494309425354, 0.344767302274704, 25.576271057128906, 1.3730299472808838, 1.7298003435134888, 3.3145408630371094, -0.4977062940597534, 8.239175796508789], [-0.8468971848487854, 4.3762311935424805, 1.6183910369873047, -1.8370466232299805, -6.590381145477295, 2.469425678253174, 5.563854217529297, -1.6103755235671997, -3.722243547439575, 4.083207130432129, 5.682906627655029, 1.0728193521499634, -3.3364322185516357, -7.566683292388916, 0.939965546131134, 1.3730303049087524, 20.899486541748047, -2.425218105316162, -1.2235243320465088, 2.427643299102783, 2.062591314315796], [-0.9793455004692078, 0.8989136815071106, -0.7411897778511047, -0.9165769219398499, -5.039453983306885, -0.3675228953361511, 1.6387393474578857, -3.076794385910034, -1.3798694610595703, -1.1199744939804077, 1.3716202974319458, -7.914941787719727, 4.0286102294921875, -0.9457587003707886, 1.218619465827942, 1.7297992706298828, -2.425218105316162, 19.108736038208008, -0.26847076416015625, -2.0746066570281982, 2.044926166534424], [1.5986979007720947, -3.181950330734253, 1.3778375387191772, -6.035099029541016, -4.994441032409668, -1.794348120689392, -1.5251710414886475, 0.2398207038640976, -5.393687725067139, -1.2354490756988525, -2.5255627632141113, 3.7914116382598877, -1.7382137775421143, 3.342510938644409, 3.99655818939209, 3.3145411014556885, -1.2235243320465088, -0.26847076416015625, 18.243833541870117, -4.06271505355835, -0.8602557182312012], [-2.852017641067505, -3.9125750064849854, -1.544041633605957, 2.9812638759613037, 4.726311206817627, 3.8551247119903564, 3.849947214126587, 0.7221167683601379, -1.0590155124664307, 4.0577168464660645, 0.26987984776496887, -3.0620715618133545, 3.2843244075775146, -0.8055031895637512, -2.7143685817718506, -0.49770620465278625, 2.427643299102783, -2.0746066570281982, -4.06271505355835, 15.47500991821289, 8.12499713897705], [-5.876614570617676, 1.599677562713623, -0.36887335777282715, -2.608884811401367, 0.9114279747009277, 1.0009912252426147, 0.32511258125305176, -1.3212075233459473, 4.808624267578125, -2.3375635147094727, 5.808163642883301, 1.8785290718078613, -2.2067837715148926, -1.3855476379394531, 1.194678783416748, 8.239173889160156, 2.0625908374786377, 2.0449271202087402, -0.8602558970451355, 8.124996185302734, 49.280147552490234]], "type": "heatmap"}], "layout": {"template": {"data": {"histogram2dcontour": [{"type": "histogram2dcontour", "colorbar": {"outlinewidth": 0, "ticks": ""}, "colorscale": [[0.0, "#0d0887"], [0.1111111111111111, "#46039f"], [0.2222222222222222, "#7201a8"], [0.3333333333333333, "#9c179e"], [0.4444444444444444, "#bd3786"], [0.5555555555555556, "#d8576b"], [0.6666666666666666, "#ed7953"], [0.7777777777777778, "#fb9f3a"], [0.8888888888888888, "#fdca26"], [1.0, "#f0f921"]]}], "choropleth": [{"type": "choropleth", "colorbar": {"outlinewidth": 0, "ticks": ""}}], "histogram2d": [{"type": "histogram2d", "colorbar": {"outlinewidth": 0, "ticks": ""}, "colorscale": [[0.0, "#0d0887"], [0.1111111111111111, "#46039f"], [0.2222222222222222, "#7201a8"], [0.3333333333333333, "#9c179e"], [0.4444444444444444, "#bd3786"], [0.5555555555555556, "#d8576b"], [0.6666666666666666, "#ed7953"], [0.7777777777777778, "#fb9f3a"], [0.8888888888888888, "#fdca26"], [1.0, "#f0f921"]]}], "heatmap": [{"type": "heatmap", "colorbar": {"outlinewidth": 0, "ticks": ""}, "colorscale": [[0.0, "#0d0887"], [0.1111111111111111, "#46039f"], [0.2222222222222222, "#7201a8"], [0.3333333333333333, "#9c179e"], [0.4444444444444444, "#bd3786"], [0.5555555555555556, "#d8576b"], [0.6666666666666666, "#ed7953"], [0.7777777777777778, "#fb9f3a"], [0.8888888888888888, "#fdca26"], [1.0, "#f0f921"]]}], "heatmapgl": [{"type": "heatmapgl", "colorbar": {"outlinewidth": 0, "ticks": ""}, "colorscale": [[0.0, "#0d0887"], [0.1111111111111111, "#46039f"], [0.2222222222222222, "#7201a8"], [0.3333333333333333, "#9c179e"], [0.4444444444444444, "#bd3786"], [0.5555555555555556, "#d8576b"], [0.6666666666666666, "#ed7953"], [0.7777777777777778, "#fb9f3a"], [0.8888888888888888, "#fdca26"], [1.0, "#f0f921"]]}], "contourcarpet": [{"type": "contourcarpet", "colorbar": {"outlinewidth": 0, "ticks": ""}}], "contour": [{"type": "contour", "colorbar": {"outlinewidth": 0, "ticks": ""}, "colorscale": [[0.0, "#0d0887"], [0.1111111111111111, "#46039f"], [0.2222222222222222, "#7201a8"], [0.3333333333333333, "#9c179e"], [0.4444444444444444, "#bd3786"], [0.5555555555555556, "#d8576b"], [0.6666666666666666, "#ed7953"], [0.7777777777777778, "#fb9f3a"], [0.8888888888888888, "#fdca26"], [1.0, "#f0f921"]]}], "surface": [{"type": "surface", "colorbar": {"outlinewidth": 0, "ticks": ""}, "colorscale": [[0.0, "#0d0887"], [0.1111111111111111, "#46039f"], [0.2222222222222222, "#7201a8"], [0.3333333333333333, "#9c179e"], [0.4444444444444444, "#bd3786"], [0.5555555555555556, "#d8576b"], [0.6666666666666666, "#ed7953"], [0.7777777777777778, "#fb9f3a"], [0.8888888888888888, "#fdca26"], [1.0, "#f0f921"]]}], "mesh3d": [{"type": "mesh3d", "colorbar": {"outlinewidth": 0, "ticks": ""}}], "scatter": [{"fillpattern": {"fillmode": "overlay", "size": 10, "solidity": 0.2}, "type": "scatter"}], "parcoords": [{"type": "parcoords", "line": {"colorbar": {"outlinewidth": 0, "ticks": ""}}}], "scatterpolargl": [{"type": "scatterpolargl", "marker": {"colorbar": {"outlinewidth": 0, "ticks": ""}}}], "bar": [{"error_x": {"color": "#2a3f5f"}, "error_y": {"color": "#2a3f5f"}, "marker": {"line": {"color": "#E5ECF6", "width": 0.5}, "pattern": {"fillmode": "overlay", "size": 10, "solidity": 0.2}}, "type": "bar"}], "scattergeo": [{"type": "scattergeo", "marker": {"colorbar": {"outlinewidth": 0, "ticks": ""}}}], "scatterpolar": [{"type": "scatterpolar", "marker": {"colorbar": {"outlinewidth": 0, "ticks": ""}}}], "histogram": [{"marker": {"pattern": {"fillmode": "overlay", "size": 10, "solidity": 0.2}}, "type": "histogram"}], "scattergl": [{"type": "scattergl", "marker": {"colorbar": {"outlinewidth": 0, "ticks": ""}}}], "scatter3d": [{"type": "scatter3d", "line": {"colorbar": {"outlinewidth": 0, "ticks": ""}}, "marker": {"colorbar": {"outlinewidth": 0, "ticks": ""}}}], "scattermapbox": [{"type": "scattermapbox", "marker": {"colorbar": {"outlinewidth": 0, "ticks": ""}}}], "scatterternary": [{"type": "scatterternary", "marker": {"colorbar": {"outlinewidth": 0, "ticks": ""}}}], "scattercarpet": [{"type": "scattercarpet", "marker": {"colorbar": {"outlinewidth": 0, "ticks": ""}}}], "carpet": [{"aaxis": {"endlinecolor": "#2a3f5f", "gridcolor": "white", "linecolor": "white", "minorgridcolor": "white", "startlinecolor": "#2a3f5f"}, "baxis": {"endlinecolor": "#2a3f5f", "gridcolor": "white", "linecolor": "white", "minorgridcolor": "white", "startlinecolor": "#2a3f5f"}, "type": "carpet"}], "table": [{"cells": {"fill": {"color": "#EBF0F8"}, "line": {"color": "white"}}, "header": {"fill": {"color": "#C8D4E3"}, "line": {"color": "white"}}, "type": "table"}], "barpolar": [{"marker": {"line": {"color": "#E5ECF6", "width": 0.5}, "pattern": {"fillmode": "overlay", "size": 10, "solidity": 0.2}}, "type": "barpolar"}], "pie": [{"automargin": true, "type": "pie"}]}, "layout": {"autotypenumbers": "strict", "colorway": ["#636efa", "#EF553B", "#00cc96", "#ab63fa", "#FFA15A", "#19d3f3", "#FF6692", "#B6E880", "#FF97FF", "#FECB52"], "font": {"color": "#2a3f5f"}, "hovermode": "closest", "hoverlabel": {"align": "left"}, "paper_bgcolor": "white", "plot_bgcolor": "#E5ECF6", "polar": {"bgcolor": "#E5ECF6", "angularaxis": {"gridcolor": "white", "linecolor": "white", "ticks": ""}, "radialaxis": {"gridcolor": "white", "linecolor": "white", "ticks": ""}}, "ternary": {"bgcolor": "#E5ECF6", "aaxis": {"gridcolor": "white", "linecolor": "white", "ticks": ""}, "baxis": {"gridcolor": "white", "linecolor": "white", "ticks": ""}, "caxis": {"gridcolor": "white", "linecolor": "white", "ticks": ""}}, "coloraxis": {"colorbar": {"outlinewidth": 0, "ticks": ""}}, "colorscale": {"sequential": [[0.0, "#0d0887"], [0.1111111111111111, "#46039f"], [0.2222222222222222, "#7201a8"], [0.3333333333333333, "#9c179e"], [0.4444444444444444, "#bd3786"], [0.5555555555555556, "#d8576b"], [0.6666666666666666, "#ed7953"], [0.7777777777777778, "#fb9f3a"], [0.8888888888888888, "#fdca26"], [1.0, "#f0f921"]], "sequentialminus": [[0.0, "#0d0887"], [0.1111111111111111, "#46039f"], [0.2222222222222222, "#7201a8"], [0.3333333333333333, "#9c179e"], [0.4444444444444444, "#bd3786"], [0.5555555555555556, "#d8576b"], [0.6666666666666666, "#ed7953"], [0.7777777777777778, "#fb9f3a"], [0.8888888888888888, "#fdca26"], [1.0, "#f0f921"]], "diverging": [[0, "#8e0152"], [0.1, "#c51b7d"], [0.2, "#de77ae"], [0.3, "#f1b6da"], [0.4, "#fde0ef"], [0.5, "#f7f7f7"], [0.6, "#e6f5d0"], [0.7, "#b8e186"], [0.8, "#7fbc41"], [0.9, "#4d9221"], [1, "#276419"]]}, "xaxis": {"gridcolor": "white", "linecolor": "white", "ticks": "", "title": {"standoff": 15}, "zerolinecolor": "white", "automargin": true, "zerolinewidth": 2}, "yaxis": {"gridcolor": "white", "linecolor": "white", "ticks": "", "title": {"standoff": 15}, "zerolinecolor": "white", "automargin": true, "zerolinewidth": 2}, "scene": {"xaxis": {"backgroundcolor": "#E5ECF6", "gridcolor": "white", "linecolor": "white", "showbackground": true, "ticks": "", "zerolinecolor": "white", "gridwidth": 2}, "yaxis": {"backgroundcolor": "#E5ECF6", "gridcolor": "white", "linecolor": "white", "showbackground": true, "ticks": "", "zerolinecolor": "white", "gridwidth": 2}, "zaxis": {"backgroundcolor": "#E5ECF6", "gridcolor": "white", "linecolor": "white", "showbackground": true, "ticks": "", "zerolinecolor": "white", "gridwidth": 2}}, "shapedefaults": {"line": {"color": "#2a3f5f"}}, "annotationdefaults": {"arrowcolor": "#2a3f5f", "arrowhead": 0, "arrowwidth": 1}, "geo": {"bgcolor": "white", "landcolor": "#E5ECF6", "subunitcolor": "white", "showland": true, "showlakes": true, "lakecolor": "white"}, "title": {"x": 0.05}, "mapbox": {"style": "light"}}}}}