{"data": [{"z": [[20.470640182495117, 1.5428352355957031, 5.745371341705322, 1.0872801542282104, 2.5785677433013916, -3.5326664447784424, -2.9224398136138916, -1.6270390748977661, 1.3593840599060059, -2.1619575023651123, -3.5451183319091797, 1.804549217224121, -5.14987850189209, 1.5881305932998657, -2.742220163345337, -3.782860279083252, -0.8485546112060547, -0.9818049073219299, 1.5982791185379028, -2.8539299964904785, -5.878262996673584], [1.5428352355957031, 15.785615921020508, 3.7153217792510986, 2.5368876457214355, -0.641782283782959, -7.981235027313232, -3.3040056228637695, -1.7351713180541992, -0.023296086117625237, -2.992929458618164, 1.7423173189163208, -1.8456193208694458, -4.300539493560791, 2.233551263809204, 2.528595209121704, 3.979818820953369, 4.3725457191467285, 0.9106920957565308, -3.1841726303100586, -3.9182000160217285, 1.5997376441955566], [5.745371341705322, 3.7153217792510986, 26.40643310546875, -5.950270175933838, -5.477627754211426, 0.5501724481582642, -0.6671356558799744, 0.5677596926689148, -2.844670057296753, 0.37471306324005127, -3.7556612491607666, -0.9986381530761719, -7.293608665466309, -2.4215521812438965, -3.6778452396392822, 3.80635929107666, 1.6140856742858887, -0.7489757537841797, 1.3796577453613281, -1.5440666675567627, -0.36879903078079224], [1.0872801542282104, 2.5368876457214355, -5.950270175933838, 28.676301956176758, 10.883933067321777, -5.860186576843262, -3.039438486099243, -2.757502794265747, 2.3718349933624268, -6.045336723327637, -4.768314838409424, 3.403632402420044, -3.2562108039855957, 0.9253532290458679, -4.701754093170166, 0.46884235739707947, -1.845747947692871, -0.9109014272689819, -6.046802043914795, 2.980600357055664, -2.613527774810791], [2.5785677433013916, -0.641782283782959, -5.477627754211426, 10.883933067321777, 15.297248840332031, 0.2586236596107483, -3.802243232727051, 1.8896297216415405, 5.489449501037598, 1.263045072555542, -3.1330220699310303, -0.9961296319961548, -0.4242439568042755, 5.375358581542969, -4.504919052124023, -1.6501860618591309, -6.600987434387207, -5.049449443817139, -4.99777364730835, 4.722679138183594, 0.9098774194717407], [-3.5326664447784424, -7.981235027313232, 0.5501724481582642, -5.860186576843262, 0.2586236596107483, 15.574540138244629, 8.194854736328125, 0.5062715411186218, -0.3876643180847168, 5.6974992752075195, 1.4098924398422241, -0.40261194109916687, 2.106534481048584, -7.162789344787598, 0.10521736741065979, -1.55769944190979, 2.468024730682373, -0.3737640380859375, -1.800131916999817, 3.8517889976501465, 1.0031538009643555], [-2.9224398136138916, -3.3040056228637695, -0.6671356558799744, -3.039438486099243, -3.802243232727051, 8.194854736328125, 21.622716903686523, -3.5493974685668945, 3.694204568862915, -1.1511633396148682, 0.2379150390625, -4.028712272644043, -5.579507350921631, 0.9380370378494263, -3.686643600463867, -0.026323648169636726, 5.569463729858398, 1.6338200569152832, -1.524958610534668, 3.851402759552002, 0.32435524463653564], [-1.6270390748977661, -1.7351713180541992, 0.5677596926689148, -2.757502794265747, 1.8896297216415405, 0.5062715411186218, -3.5493974685668945, 17.36961555480957, 1.286329746246338, 2.225922107696533, -7.0425920486450195, 4.72368049621582, 4.505862712860107, 4.5839338302612305, 6.569180965423584, -4.546984672546387, -1.6133248805999756, -3.0897159576416016, 0.2373361587524414, 0.7209556698799133, -1.3183661699295044], [1.3593840599060059, -0.023296086117625237, -2.844670057296753, 2.3718349933624268, 5.489449501037598, -0.3876643180847168, 3.694204568862915, 1.286329746246338, 20.582380294799805, 1.7594079971313477, 0.09133153408765793, 2.055561065673828, 2.1291327476501465, 10.023771286010742, -2.081164836883545, 3.8043055534362793, -3.7276105880737305, -1.3812695741653442, -5.406375408172607, -1.059700846672058, 4.8126349449157715], [-2.1619575023651123, -2.992929458618164, 0.37471306324005127, -6.045336723327637, 1.263045072555542, 5.6974992752075195, -1.1511633396148682, 2.225922107696533, 1.7594079971313477, 14.667025566101074, 4.198143482208252, -1.3079458475112915, 8.68339729309082, -1.4551153182983398, 0.4603053629398346, 3.5717647075653076, 4.086140155792236, -1.1259340047836304, -1.244972586631775, 4.058534145355225, -2.3388569355010986], [-3.5451183319091797, 1.7423173189163208, -3.7556612491607666, -4.768314838409424, -3.1330220699310303, 1.4098924398422241, 0.2379150390625, -7.0425920486450195, 0.09133153408765793, 4.198143482208252, 22.4383544921875, 0.12507079541683197, 1.7835536003112793, -7.406209468841553, -1.6326192617416382, 3.0380403995513916, 5.685351848602295, 1.3699517250061035, -2.529487133026123, 0.26782190799713135, 5.8084869384765625], [1.804549217224121, -1.8456193208694458, -0.9986381530761719, 3.403632402420044, -0.9961296319961548, -0.40261194109916687, -4.028712272644043, 4.72368049621582, 2.055561065673828, -1.3079458475112915, 0.12507079541683197, 22.98567771911621, 0.4676196873188019, -1.8438392877578735, 5.582268714904785, -2.019599437713623, 1.0698833465576172, -7.927692413330078, 3.793461322784424, -3.065110206604004, 1.8799140453338623], [-5.14987850189209, -4.300539493560791, -7.293608665466309, -3.2562108039855957, -0.4242439568042755, 2.106534481048584, -5.579507350921631, 4.505862712860107, 2.1291327476501465, 8.68339729309082, 1.7835536003112793, 0.4676196873188019, 27.725038528442383, -3.0921096801757812, 1.152199387550354, 1.560170292854309, -3.3488810062408447, 4.029821872711182, -1.7453287839889526, 3.285830020904541, -2.208414077758789], [1.5881305932998657, 2.233551263809204, -2.4215521812438965, 0.9253532290458679, 5.375358581542969, -7.162789344787598, 0.9380370378494263, 4.5839338302612305, 10.023771286010742, -1.4551153182983398, -7.406209468841553, -1.8438392877578735, -3.0921096801757812, 23.270483016967773, 6.084995269775391, 0.3542511463165283, -7.571774482727051, -0.953179121017456, 3.3439557552337646, -0.8102163076400757, -1.3845996856689453], [-2.742220163345337, 2.528595209121704, -3.6778452396392822, -4.701754093170166, -4.504919052124023, 0.10521736741065979, -3.686643600463867, 6.569180965423584, -2.081164836883545, 0.4603053629398346, -1.6326192617416382, 5.582268714904785, 1.152199387550354, 6.084995269775391, 20.491289138793945, 0.3473922908306122, 0.9433519840240479, 1.2109736204147339, 3.9933414459228516, -2.7159671783447266, 1.1935203075408936], [-3.782860279083252, 3.979818820953369, 3.80635929107666, 0.46884235739707947, -1.6501860618591309, -1.55769944190979, -0.026323648169636726, -4.546984672546387, 3.8043055534362793, 3.5717647075653076, 3.0380403995513916, -2.019599437713623, 1.560170292854309, 0.3542511463165283, 0.3473922908306122, 25.583656311035156, 1.3689804077148438, 1.7327364683151245, 3.3045966625213623, -0.4993973970413208, 8.237762451171875], [-0.8485548496246338, 4.372546672821045, 1.6140854358673096, -1.8457478284835815, -6.600986480712891, 2.468024969100952, 5.569463729858398, -1.6133248805999756, -3.7276101112365723, 4.0861406326293945, 5.685352325439453, 1.069883108139038, -3.3488800525665283, -7.571774482727051, 0.9433524012565613, 1.368980884552002, 20.91017723083496, -2.4354305267333984, -1.227211833000183, 2.427278518676758, 2.05958890914917], [-0.9818050861358643, 0.910692036151886, -0.7489758729934692, -0.9109015464782715, -5.049449443817139, -0.3737636208534241, 1.6338201761245728, -3.0897157192230225, -1.3812694549560547, -1.1259342432022095, 1.3699519634246826, -7.92769193649292, 4.029822826385498, -0.9531790614128113, 1.2109736204147339, 1.7327368259429932, -2.4354305267333984, 19.131664276123047, -0.2697007656097412, -2.077575445175171, 2.0463480949401855], [1.5982789993286133, -3.184173107147217, 1.3796579837799072, -6.046802043914795, -4.99777364730835, -1.800131916999817, -1.524958848953247, 0.23733630776405334, -5.406375408172607, -1.2449727058410645, -2.5294878482818604, 3.793461561203003, -1.7453289031982422, 3.3439552783966064, 3.9933407306671143, 3.3045966625213623, -1.227211833000183, -0.2697007656097412, 18.269119262695312, -4.0738606452941895, -0.8628702163696289], [-2.8539299964904785, -3.9181995391845703, -1.5440666675567627, 2.9806020259857178, 4.722679138183594, 3.8517889976501465, 3.851402759552002, 0.7209555506706238, -1.059700846672058, 4.058535099029541, 0.2678217887878418, -3.065110206604004, 3.285830020904541, -0.8102158308029175, -2.7159669399261475, -0.4993976056575775, 2.427278518676758, -2.077575445175171, -4.0738606452941895, 15.482176780700684, 8.127516746520996], [-5.878262519836426, 1.5997381210327148, -0.36879849433898926, -2.6135292053222656, 0.9098775386810303, 1.0031540393829346, 0.32435572147369385, -1.318366289138794, 4.812634468078613, -2.3388566970825195, 5.8084869384765625, 1.8799141645431519, -2.208414316177368, -1.3845999240875244, 1.1935200691223145, 8.237763404846191, 2.059589147567749, 2.0463478565216064, -0.862869918346405, 8.127517700195312, 49.280147552490234]], "type": "heatmap"}], "layout": {"template": {"data": {"histogram2dcontour": [{"type": "histogram2dcontour", "colorbar": {"outlinewidth": 0, "ticks": ""}, "colorscale": [[0.0, "#0d0887"], [0.1111111111111111, "#46039f"], [0.2222222222222222, "#7201a8"], [0.3333333333333333, "#9c179e"], [0.4444444444444444, "#bd3786"], [0.5555555555555556, "#d8576b"], [0.6666666666666666, "#ed7953"], [0.7777777777777778, "#fb9f3a"], [0.8888888888888888, "#fdca26"], [1.0, "#f0f921"]]}], "choropleth": [{"type": "choropleth", "colorbar": {"outlinewidth": 0, "ticks": ""}}], "histogram2d": [{"type": "histogram2d", "colorbar": {"outlinewidth": 0, "ticks": ""}, "colorscale": [[0.0, "#0d0887"], [0.1111111111111111, "#46039f"], [0.2222222222222222, "#7201a8"], [0.3333333333333333, "#9c179e"], [0.4444444444444444, "#bd3786"], [0.5555555555555556, "#d8576b"], [0.6666666666666666, "#ed7953"], [0.7777777777777778, "#fb9f3a"], [0.8888888888888888, "#fdca26"], [1.0, "#f0f921"]]}], "heatmap": [{"type": "heatmap", "colorbar": {"outlinewidth": 0, "ticks": ""}, "colorscale": [[0.0, "#0d0887"], [0.1111111111111111, "#46039f"], [0.2222222222222222, "#7201a8"], [0.3333333333333333, "#9c179e"], [0.4444444444444444, "#bd3786"], [0.5555555555555556, "#d8576b"], [0.6666666666666666, "#ed7953"], [0.7777777777777778, "#fb9f3a"], [0.8888888888888888, "#fdca26"], [1.0, "#f0f921"]]}], "heatmapgl": [{"type": "heatmapgl", "colorbar": {"outlinewidth": 0, "ticks": ""}, "colorscale": [[0.0, "#0d0887"], [0.1111111111111111, "#46039f"], [0.2222222222222222, "#7201a8"], [0.3333333333333333, "#9c179e"], [0.4444444444444444, "#bd3786"], [0.5555555555555556, "#d8576b"], [0.6666666666666666, "#ed7953"], [0.7777777777777778, "#fb9f3a"], [0.8888888888888888, "#fdca26"], [1.0, "#f0f921"]]}], "contourcarpet": [{"type": "contourcarpet", "colorbar": {"outlinewidth": 0, "ticks": ""}}], "contour": [{"type": "contour", "colorbar": {"outlinewidth": 0, "ticks": ""}, "colorscale": [[0.0, "#0d0887"], [0.1111111111111111, "#46039f"], [0.2222222222222222, "#7201a8"], [0.3333333333333333, "#9c179e"], [0.4444444444444444, "#bd3786"], [0.5555555555555556, "#d8576b"], [0.6666666666666666, "#ed7953"], [0.7777777777777778, "#fb9f3a"], [0.8888888888888888, "#fdca26"], [1.0, "#f0f921"]]}], "surface": [{"type": "surface", "colorbar": {"outlinewidth": 0, "ticks": ""}, "colorscale": [[0.0, "#0d0887"], [0.1111111111111111, "#46039f"], [0.2222222222222222, "#7201a8"], [0.3333333333333333, "#9c179e"], [0.4444444444444444, "#bd3786"], [0.5555555555555556, "#d8576b"], [0.6666666666666666, "#ed7953"], [0.7777777777777778, "#fb9f3a"], [0.8888888888888888, "#fdca26"], [1.0, "#f0f921"]]}], "mesh3d": [{"type": "mesh3d", "colorbar": {"outlinewidth": 0, "ticks": ""}}], "scatter": [{"fillpattern": {"fillmode": "overlay", "size": 10, "solidity": 0.2}, "type": "scatter"}], "parcoords": [{"type": "parcoords", "line": {"colorbar": {"outlinewidth": 0, "ticks": ""}}}], "scatterpolargl": [{"type": "scatterpolargl", "marker": {"colorbar": {"outlinewidth": 0, "ticks": ""}}}], "bar": [{"error_x": {"color": "#2a3f5f"}, "error_y": {"color": "#2a3f5f"}, "marker": {"line": {"color": "#E5ECF6", "width": 0.5}, "pattern": {"fillmode": "overlay", "size": 10, "solidity": 0.2}}, "type": "bar"}], "scattergeo": [{"type": "scattergeo", "marker": {"colorbar": {"outlinewidth": 0, "ticks": ""}}}], "scatterpolar": [{"type": "scatterpolar", "marker": {"colorbar": {"outlinewidth": 0, "ticks": ""}}}], "histogram": [{"marker": {"pattern": {"fillmode": "overlay", "size": 10, "solidity": 0.2}}, "type": "histogram"}], "scattergl": [{"type": "scattergl", "marker": {"colorbar": {"outlinewidth": 0, "ticks": ""}}}], "scatter3d": [{"type": "scatter3d", "line": {"colorbar": {"outlinewidth": 0, "ticks": ""}}, "marker": {"colorbar": {"outlinewidth": 0, "ticks": ""}}}], "scattermapbox": [{"type": "scattermapbox", "marker": {"colorbar": {"outlinewidth": 0, "ticks": ""}}}], "scatterternary": [{"type": "scatterternary", "marker": {"colorbar": {"outlinewidth": 0, "ticks": ""}}}], "scattercarpet": [{"type": "scattercarpet", "marker": {"colorbar": {"outlinewidth": 0, "ticks": ""}}}], "carpet": [{"aaxis": {"endlinecolor": "#2a3f5f", "gridcolor": "white", "linecolor": "white", "minorgridcolor": "white", "startlinecolor": "#2a3f5f"}, "baxis": {"endlinecolor": "#2a3f5f", "gridcolor": "white", "linecolor": "white", "minorgridcolor": "white", "startlinecolor": "#2a3f5f"}, "type": "carpet"}], "table": [{"cells": {"fill": {"color": "#EBF0F8"}, "line": {"color": "white"}}, "header": {"fill": {"color": "#C8D4E3"}, "line": {"color": "white"}}, "type": "table"}], "barpolar": [{"marker": {"line": {"color": "#E5ECF6", "width": 0.5}, "pattern": {"fillmode": "overlay", "size": 10, "solidity": 0.2}}, "type": "barpolar"}], "pie": [{"automargin": true, "type": "pie"}]}, "layout": {"autotypenumbers": "strict", "colorway": ["#636efa", "#EF553B", "#00cc96", "#ab63fa", "#FFA15A", "#19d3f3", "#FF6692", "#B6E880", "#FF97FF", "#FECB52"], "font": {"color": "#2a3f5f"}, "hovermode": "closest", "hoverlabel": {"align": "left"}, "paper_bgcolor": "white", "plot_bgcolor": "#E5ECF6", "polar": {"bgcolor": "#E5ECF6", "angularaxis": {"gridcolor": "white", "linecolor": "white", "ticks": ""}, "radialaxis": {"gridcolor": "white", "linecolor": "white", "ticks": ""}}, "ternary": {"bgcolor": "#E5ECF6", "aaxis": {"gridcolor": "white", "linecolor": "white", "ticks": ""}, "baxis": {"gridcolor": "white", "linecolor": "white", "ticks": ""}, "caxis": {"gridcolor": "white", "linecolor": "white", "ticks": ""}}, "coloraxis": {"colorbar": {"outlinewidth": 0, "ticks": ""}}, "colorscale": {"sequential": [[0.0, "#0d0887"], [0.1111111111111111, "#46039f"], [0.2222222222222222, "#7201a8"], [0.3333333333333333, "#9c179e"], [0.4444444444444444, "#bd3786"], [0.5555555555555556, "#d8576b"], [0.6666666666666666, "#ed7953"], [0.7777777777777778, "#fb9f3a"], [0.8888888888888888, "#fdca26"], [1.0, "#f0f921"]], "sequentialminus": [[0.0, "#0d0887"], [0.1111111111111111, "#46039f"], [0.2222222222222222, "#7201a8"], [0.3333333333333333, "#9c179e"], [0.4444444444444444, "#bd3786"], [0.5555555555555556, "#d8576b"], [0.6666666666666666, "#ed7953"], [0.7777777777777778, "#fb9f3a"], [0.8888888888888888, "#fdca26"], [1.0, "#f0f921"]], "diverging": [[0, "#8e0152"], [0.1, "#c51b7d"], [0.2, "#de77ae"], [0.3, "#f1b6da"], [0.4, "#fde0ef"], [0.5, "#f7f7f7"], [0.6, "#e6f5d0"], [0.7, "#b8e186"], [0.8, "#7fbc41"], [0.9, "#4d9221"], [1, "#276419"]]}, "xaxis": {"gridcolor": "white", "linecolor": "white", "ticks": "", "title": {"standoff": 15}, "zerolinecolor": "white", "automargin": true, "zerolinewidth": 2}, "yaxis": {"gridcolor": "white", "linecolor": "white", "ticks": "", "title": {"standoff": 15}, "zerolinecolor": "white", "automargin": true, "zerolinewidth": 2}, "scene": {"xaxis": {"backgroundcolor": "#E5ECF6", "gridcolor": "white", "linecolor": "white", "showbackground": true, "ticks": "", "zerolinecolor": "white", "gridwidth": 2}, "yaxis": {"backgroundcolor": "#E5ECF6", "gridcolor": "white", "linecolor": "white", "showbackground": true, "ticks": "", "zerolinecolor": "white", "gridwidth": 2}, "zaxis": {"backgroundcolor": "#E5ECF6", "gridcolor": "white", "linecolor": "white", "showbackground": true, "ticks": "", "zerolinecolor": "white", "gridwidth": 2}}, "shapedefaults": {"line": {"color": "#2a3f5f"}}, "annotationdefaults": {"arrowcolor": "#2a3f5f", "arrowhead": 0, "arrowwidth": 1}, "geo": {"bgcolor": "white", "landcolor": "#E5ECF6", "subunitcolor": "white", "showland": true, "showlakes": true, "lakecolor": "white"}, "title": {"x": 0.05}, "mapbox": {"style": "light"}}}}}