{"data": [{"z": [[22.714845657348633, 2.2632462978363037, 7.201658725738525, 1.9760098457336426, 2.980940580368042, -3.940535545349121, -3.359750270843506, -1.6901788711547852, 1.5268932580947876, -2.32502818107605, -4.13506555557251, 2.417818784713745, -5.94318151473999, 1.5825586318969727, -3.2270679473876953, -4.336333751678467, -0.9683680534362793, -1.22684645652771, 1.6210908889770508, -2.793870210647583, -5.830502033233643], [2.2632462978363037, 17.801576614379883, 4.698230266571045, 3.098691701889038, -0.9062259197235107, -9.175738334655762, -3.6962273120880127, -2.926051616668701, -0.2730129063129425, -3.4501142501831055, 1.5968475341796875, -1.9323986768722534, -4.965357780456543, 1.7001928091049194, 1.9160077571868896, 4.159151077270508, 4.317480564117432, 1.4392575025558472, -3.1812806129455566, -4.339314937591553, 1.4963256120681763], [7.201658725738525, 4.698230266571045, 29.807775497436523, -6.5646586418151855, -6.446040153503418, 0.1307091861963272, -1.072194218635559, 0.3066679835319519, -3.278782606124878, 0.5807336568832397, -4.254465103149414, -0.2915477752685547, -8.566558837890625, -3.3977434635162354, -4.218503952026367, 3.575594902038574, 1.8582913875579834, -1.9287140369415283, 2.4069137573242188, -1.4246246814727783, -0.07901144027709961], [1.9760098457336426, 3.098691701889038, -6.5646586418151855, 32.42557144165039, 12.862998962402344, -6.965968132019043, -3.3445518016815186, -3.8225200176239014, 3.5721449851989746, -6.0716094970703125, -5.603673934936523, 2.526472806930542, -2.3132407665252686, 0.7533659338951111, -6.0038743019104, 1.0434308052062988, -3.104738712310791, 0.1984086036682129, -8.317577362060547, 3.62612247467041, -3.194918394088745], [2.980940580368042, -0.9062259197235107, -6.446040153503418, 12.862998962402344, 17.957624435424805, -0.3771328330039978, -4.232716083526611, 1.1196967363357544, 7.019406795501709, 1.0709747076034546, -4.019184112548828, -2.179628610610962, 0.26289477944374084, 5.826655864715576, -6.134458541870117, -1.577033281326294, -8.565521240234375, -5.173876762390137, -7.046220779418945, 5.167024612426758, 0.7806687355041504], [-3.940535545349121, -9.175738334655762, 0.1307091861963272, -6.965968132019043, -0.3771328330039978, 16.588260650634766, 9.0281400680542, 1.0460482835769653, -0.035698261111974716, 6.69415283203125, 1.8273520469665527, -0.2854810655117035, 2.0318350791931152, -7.364184856414795, 1.109476923942566, -1.5762958526611328, 3.1367430686950684, -1.1061506271362305, -2.2322657108306885, 4.277375221252441, 1.0514588356018066], [-3.359750270843506, -3.6962273120880127, -1.072194218635559, -3.3445518016815186, -4.232716083526611, 9.0281400680542, 24.074819564819336, -3.8663949966430664, 3.8465499877929688, -0.631418764591217, 0.724384069442749, -4.771721839904785, -6.233027458190918, 0.5532907843589783, -3.91042423248291, 0.3215118646621704, 7.07222843170166, 1.4238845109939575, -2.6291356086730957, 4.794695854187012, 0.3529702425003052], [-1.6901788711547852, -2.926051616668701, 0.3066679835319519, -3.8225200176239014, 1.1196967363357544, 1.0460482835769653, -3.8663949966430664, 19.12160301208496, 1.757385015487671, 3.3617353439331055, -6.531585693359375, 5.689023017883301, 4.819793224334717, 5.080103397369385, 8.385233879089355, -4.4131760597229, -1.2714405059814453, -4.322447776794434, 0.557645320892334, 1.145245909690857, -0.9775780439376831], [1.5268932580947876, -0.2730129063129425, -3.278782606124878, 3.5721449851989746, 7.019406795501709, -0.035698261111974716, 3.8465499877929688, 1.757385015487671, 22.4906005859375, 2.5066540241241455, 0.315626323223114, 1.8207359313964844, 3.4532575607299805, 10.884408950805664, -2.186436891555786, 4.874746799468994, -4.192122459411621, -0.9775877594947815, -7.412886142730713, -0.4481634497642517, 5.023888111114502], [-2.32502818107605, -3.4501142501831055, 0.5807336568832397, -6.0716094970703125, 1.0709747076034546, 6.69415283203125, -0.631418764591217, 3.3617353439331055, 2.5066540241241455, 16.085357666015625, 5.135027885437012, -1.039776086807251, 9.482014656066895, -1.250834584236145, 1.6201374530792236, 4.639071464538574, 5.284302711486816, -1.2641651630401611, -2.1051926612854004, 4.917294025421143, -2.2286829948425293], [-4.13506555557251, 1.5968475341796875, -4.254465103149414, -5.603673934936523, -4.019184112548828, 1.8273520469665527, 0.724384069442749, -6.531585693359375, 0.315626323223114, 5.135027885437012, 24.12028694152832, 0.45122936367988586, 2.253711462020874, -7.708564758300781, -0.7470252513885498, 3.7016985416412354, 6.853816986083984, 1.6651151180267334, -2.976405143737793, 0.5605992674827576, 5.905749797821045], [2.417818784713745, -1.9323986768722534, -0.2915477752685547, 2.526472806930542, -2.179628610610962, -0.2854810655117035, -4.771721839904785, 5.689023017883301, 1.8207359313964844, -1.039776086807251, 0.45122936367988586, 25.73695182800293, -0.0836479514837265, -1.9957479238510132, 6.832774639129639, -2.8811123371124268, 1.4324569702148438, -9.823881149291992, 5.2810587882995605, -3.1897876262664795, 2.2521142959594727], [-5.94318151473999, -4.965357780456543, -8.566558837890625, -2.3132407665252686, 0.26289477944374084, 2.0318350791931152, -6.233027458190918, 4.819793224334717, 3.4532575607299805, 9.482014656066895, 2.253711462020874, -0.0836479514837265, 30.370182037353516, -2.976341485977173, 1.4811370372772217, 2.555246591567993, -4.395081520080566, 5.230096817016602, -3.414095640182495, 4.030047416687012, -2.069634437561035], [1.5825586318969727, 1.7001928091049194, -3.3977434635162354, 0.7533659338951111, 5.826655864715576, -7.364184856414795, 0.5532907843589783, 5.080103397369385, 10.884408950805664, -1.250834584236145, -7.708564758300781, -1.9957479238510132, -2.976341485977173, 24.514625549316406, 6.727750778198242, 0.49091479182243347, -8.088119506835938, -1.3942887783050537, 3.4055638313293457, -1.032404899597168, -1.4723843336105347], [-3.2270679473876953, 1.9160077571868896, -4.218503952026367, -6.0038743019104, -6.134458541870117, 1.109476923942566, -3.91042423248291, 8.385233879089355, -2.186436891555786, 1.6201374530792236, -0.7470252513885498, 6.832774639129639, 1.4811370372772217, 6.727750778198242, 23.4808406829834, 1.1210654973983765, 2.15913724899292, 0.7063417434692383, 5.161077499389648, -2.6818950176239014, 1.4109585285186768], [-4.336333751678467, 4.159151077270508, 3.575594902038574, 1.0434308052062988, -1.577033281326294, -1.5762958526611328, 0.3215118646621704, -4.4131760597229, 4.874746799468994, 4.639071464538574, 3.7016985416412354, -2.8811123371124268, 2.555246591567993, 0.49091479182243347, 1.1210654973983765, 27.234275817871094, 1.6490240097045898, 2.5935051441192627, 2.0713653564453125, 0.11180925369262695, 8.197734832763672], [-0.9683677554130554, 4.317480564117432, 1.8582913875579834, -3.10473895072937, -8.565521240234375, 3.136742353439331, 7.072228908538818, -1.2714401483535767, -4.192121982574463, 5.284302711486816, 6.853817939758301, 1.4324568510055542, -4.39508056640625, -8.088119506835938, 2.1591365337371826, 1.6490243673324585, 23.178606033325195, -3.4294028282165527, -0.8103761672973633, 2.849929094314575, 1.8266692161560059], [-1.2268465757369995, 1.439257025718689, -1.9287141561508179, 0.19840890169143677, -5.173876762390137, -1.1061506271362305, 1.423884630203247, -4.322448253631592, -0.9775875806808472, -1.264164924621582, 1.6651147603988647, -9.823881149291992, 5.23009729385376, -1.3942888975143433, 0.7063419818878174, 2.5935051441192627, -3.4294028282165527, 22.314327239990234, -1.3677911758422852, -2.173818826675415, 2.096407651901245], [1.6210910081863403, -3.181281328201294, 2.4069135189056396, -8.317577362060547, -7.046220302581787, -2.2322657108306885, -2.629135847091675, 0.5576453804969788, -7.412886619567871, -2.1051928997039795, -2.976405382156372, 5.281059265136719, -3.414095640182495, 3.405564308166504, 5.161077976226807, 2.0713651180267334, -0.8103761672973633, -1.3677911758422852, 21.92093276977539, -5.735699653625488, -1.166061520576477], [-2.793870449066162, -4.339315414428711, -1.4246244430541992, 3.6261229515075684, 5.167026519775391, 4.277375221252441, 4.794695854187012, 1.145246148109436, -0.44816330075263977, 4.917293548583984, 0.5605992078781128, -3.1897873878479004, 4.03004789352417, -1.0324047803878784, -2.6818950176239014, 0.11180917173624039, 2.849929094314575, -2.173818826675415, -5.735699653625488, 16.734928131103516, 8.279212951660156], [-5.830501556396484, 1.4963257312774658, -0.0790109634399414, -3.194917678833008, 0.7806687355041504, 1.0514590740203857, 0.3529698848724365, -0.9775786399841309, 5.02388858795166, -2.2286829948425293, 5.905749797821045, 2.2521140575408936, -2.069633960723877, -1.472383975982666, 1.4109585285186768, 8.197734832763672, 1.8266687393188477, 2.096407890319824, -1.1660616397857666, 8.279213905334473, 49.280147552490234]], "type": "heatmap"}], "layout": {"template": {"data": {"histogram2dcontour": [{"type": "histogram2dcontour", "colorbar": {"outlinewidth": 0, "ticks": ""}, "colorscale": [[0.0, "#0d0887"], [0.1111111111111111, "#46039f"], [0.2222222222222222, "#7201a8"], [0.3333333333333333, "#9c179e"], [0.4444444444444444, "#bd3786"], [0.5555555555555556, "#d8576b"], [0.6666666666666666, "#ed7953"], [0.7777777777777778, "#fb9f3a"], [0.8888888888888888, "#fdca26"], [1.0, "#f0f921"]]}], "choropleth": [{"type": "choropleth", "colorbar": {"outlinewidth": 0, "ticks": ""}}], "histogram2d": [{"type": "histogram2d", "colorbar": {"outlinewidth": 0, "ticks": ""}, "colorscale": [[0.0, "#0d0887"], [0.1111111111111111, "#46039f"], [0.2222222222222222, "#7201a8"], [0.3333333333333333, "#9c179e"], [0.4444444444444444, "#bd3786"], [0.5555555555555556, "#d8576b"], [0.6666666666666666, "#ed7953"], [0.7777777777777778, "#fb9f3a"], [0.8888888888888888, "#fdca26"], [1.0, "#f0f921"]]}], "heatmap": [{"type": "heatmap", "colorbar": {"outlinewidth": 0, "ticks": ""}, "colorscale": [[0.0, "#0d0887"], [0.1111111111111111, "#46039f"], [0.2222222222222222, "#7201a8"], [0.3333333333333333, "#9c179e"], [0.4444444444444444, "#bd3786"], [0.5555555555555556, "#d8576b"], [0.6666666666666666, "#ed7953"], [0.7777777777777778, "#fb9f3a"], [0.8888888888888888, "#fdca26"], [1.0, "#f0f921"]]}], "heatmapgl": [{"type": "heatmapgl", "colorbar": {"outlinewidth": 0, "ticks": ""}, "colorscale": [[0.0, "#0d0887"], [0.1111111111111111, "#46039f"], [0.2222222222222222, "#7201a8"], [0.3333333333333333, "#9c179e"], [0.4444444444444444, "#bd3786"], [0.5555555555555556, "#d8576b"], [0.6666666666666666, "#ed7953"], [0.7777777777777778, "#fb9f3a"], [0.8888888888888888, "#fdca26"], [1.0, "#f0f921"]]}], "contourcarpet": [{"type": "contourcarpet", "colorbar": {"outlinewidth": 0, "ticks": ""}}], "contour": [{"type": "contour", "colorbar": {"outlinewidth": 0, "ticks": ""}, "colorscale": [[0.0, "#0d0887"], [0.1111111111111111, "#46039f"], [0.2222222222222222, "#7201a8"], [0.3333333333333333, "#9c179e"], [0.4444444444444444, "#bd3786"], [0.5555555555555556, "#d8576b"], [0.6666666666666666, "#ed7953"], [0.7777777777777778, "#fb9f3a"], [0.8888888888888888, "#fdca26"], [1.0, "#f0f921"]]}], "surface": [{"type": "surface", "colorbar": {"outlinewidth": 0, "ticks": ""}, "colorscale": [[0.0, "#0d0887"], [0.1111111111111111, "#46039f"], [0.2222222222222222, "#7201a8"], [0.3333333333333333, "#9c179e"], [0.4444444444444444, "#bd3786"], [0.5555555555555556, "#d8576b"], [0.6666666666666666, "#ed7953"], [0.7777777777777778, "#fb9f3a"], [0.8888888888888888, "#fdca26"], [1.0, "#f0f921"]]}], "mesh3d": [{"type": "mesh3d", "colorbar": {"outlinewidth": 0, "ticks": ""}}], "scatter": [{"fillpattern": {"fillmode": "overlay", "size": 10, "solidity": 0.2}, "type": "scatter"}], "parcoords": [{"type": "parcoords", "line": {"colorbar": {"outlinewidth": 0, "ticks": ""}}}], "scatterpolargl": [{"type": "scatterpolargl", "marker": {"colorbar": {"outlinewidth": 0, "ticks": ""}}}], "bar": [{"error_x": {"color": "#2a3f5f"}, "error_y": {"color": "#2a3f5f"}, "marker": {"line": {"color": "#E5ECF6", "width": 0.5}, "pattern": {"fillmode": "overlay", "size": 10, "solidity": 0.2}}, "type": "bar"}], "scattergeo": [{"type": "scattergeo", "marker": {"colorbar": {"outlinewidth": 0, "ticks": ""}}}], "scatterpolar": [{"type": "scatterpolar", "marker": {"colorbar": {"outlinewidth": 0, "ticks": ""}}}], "histogram": [{"marker": {"pattern": {"fillmode": "overlay", "size": 10, "solidity": 0.2}}, "type": "histogram"}], "scattergl": [{"type": "scattergl", "marker": {"colorbar": {"outlinewidth": 0, "ticks": ""}}}], "scatter3d": [{"type": "scatter3d", "line": {"colorbar": {"outlinewidth": 0, "ticks": ""}}, "marker": {"colorbar": {"outlinewidth": 0, "ticks": ""}}}], "scattermapbox": [{"type": "scattermapbox", "marker": {"colorbar": {"outlinewidth": 0, "ticks": ""}}}], "scatterternary": [{"type": "scatterternary", "marker": {"colorbar": {"outlinewidth": 0, "ticks": ""}}}], "scattercarpet": [{"type": "scattercarpet", "marker": {"colorbar": {"outlinewidth": 0, "ticks": ""}}}], "carpet": [{"aaxis": {"endlinecolor": "#2a3f5f", "gridcolor": "white", "linecolor": "white", "minorgridcolor": "white", "startlinecolor": "#2a3f5f"}, "baxis": {"endlinecolor": "#2a3f5f", "gridcolor": "white", "linecolor": "white", "minorgridcolor": "white", "startlinecolor": "#2a3f5f"}, "type": "carpet"}], "table": [{"cells": {"fill": {"color": "#EBF0F8"}, "line": {"color": "white"}}, "header": {"fill": {"color": "#C8D4E3"}, "line": {"color": "white"}}, "type": "table"}], "barpolar": [{"marker": {"line": {"color": "#E5ECF6", "width": 0.5}, "pattern": {"fillmode": "overlay", "size": 10, "solidity": 0.2}}, "type": "barpolar"}], "pie": [{"automargin": true, "type": "pie"}]}, "layout": {"autotypenumbers": "strict", "colorway": ["#636efa", "#EF553B", "#00cc96", "#ab63fa", "#FFA15A", "#19d3f3", "#FF6692", "#B6E880", "#FF97FF", "#FECB52"], "font": {"color": "#2a3f5f"}, "hovermode": "closest", "hoverlabel": {"align": "left"}, "paper_bgcolor": "white", "plot_bgcolor": "#E5ECF6", "polar": {"bgcolor": "#E5ECF6", "angularaxis": {"gridcolor": "white", "linecolor": "white", "ticks": ""}, "radialaxis": {"gridcolor": "white", "linecolor": "white", "ticks": ""}}, "ternary": {"bgcolor": "#E5ECF6", "aaxis": {"gridcolor": "white", "linecolor": "white", "ticks": ""}, "baxis": {"gridcolor": "white", "linecolor": "white", "ticks": ""}, "caxis": {"gridcolor": "white", "linecolor": "white", "ticks": ""}}, "coloraxis": {"colorbar": {"outlinewidth": 0, "ticks": ""}}, "colorscale": {"sequential": [[0.0, "#0d0887"], [0.1111111111111111, "#46039f"], [0.2222222222222222, "#7201a8"], [0.3333333333333333, "#9c179e"], [0.4444444444444444, "#bd3786"], [0.5555555555555556, "#d8576b"], [0.6666666666666666, "#ed7953"], [0.7777777777777778, "#fb9f3a"], [0.8888888888888888, "#fdca26"], [1.0, "#f0f921"]], "sequentialminus": [[0.0, "#0d0887"], [0.1111111111111111, "#46039f"], [0.2222222222222222, "#7201a8"], [0.3333333333333333, "#9c179e"], [0.4444444444444444, "#bd3786"], [0.5555555555555556, "#d8576b"], [0.6666666666666666, "#ed7953"], [0.7777777777777778, "#fb9f3a"], [0.8888888888888888, "#fdca26"], [1.0, "#f0f921"]], "diverging": [[0, "#8e0152"], [0.1, "#c51b7d"], [0.2, "#de77ae"], [0.3, "#f1b6da"], [0.4, "#fde0ef"], [0.5, "#f7f7f7"], [0.6, "#e6f5d0"], [0.7, "#b8e186"], [0.8, "#7fbc41"], [0.9, "#4d9221"], [1, "#276419"]]}, "xaxis": {"gridcolor": "white", "linecolor": "white", "ticks": "", "title": {"standoff": 15}, "zerolinecolor": "white", "automargin": true, "zerolinewidth": 2}, "yaxis": {"gridcolor": "white", "linecolor": "white", "ticks": "", "title": {"standoff": 15}, "zerolinecolor": "white", "automargin": true, "zerolinewidth": 2}, "scene": {"xaxis": {"backgroundcolor": "#E5ECF6", "gridcolor": "white", "linecolor": "white", "showbackground": true, "ticks": "", "zerolinecolor": "white", "gridwidth": 2}, "yaxis": {"backgroundcolor": "#E5ECF6", "gridcolor": "white", "linecolor": "white", "showbackground": true, "ticks": "", "zerolinecolor": "white", "gridwidth": 2}, "zaxis": {"backgroundcolor": "#E5ECF6", "gridcolor": "white", "linecolor": "white", "showbackground": true, "ticks": "", "zerolinecolor": "white", "gridwidth": 2}}, "shapedefaults": {"line": {"color": "#2a3f5f"}}, "annotationdefaults": {"arrowcolor": "#2a3f5f", "arrowhead": 0, "arrowwidth": 1}, "geo": {"bgcolor": "white", "landcolor": "#E5ECF6", "subunitcolor": "white", "showland": true, "showlakes": true, "lakecolor": "white"}, "title": {"x": 0.05}, "mapbox": {"style": "light"}}}}}