{"data": [{"z": [[20.514602661132812, 1.552166223526001, 5.761717796325684, 1.094102382659912, 2.5801751613616943, -3.5426859855651855, -2.9250328540802, -1.6322641372680664, 1.3598448038101196, -2.1682212352752686, -3.552593946456909, 1.8098759651184082, -5.16086483001709, 1.6034866571426392, -2.7576651573181152, -3.7968926429748535, -0.8524074554443359, -0.980968713760376, 1.600040316581726, -2.856926441192627, -5.880289554595947], [1.552166223526001, 15.830928802490234, 3.7292332649230957, 2.5477495193481445, -0.6436306834220886, -8.009062767028809, -3.3093204498291016, -1.7762749195098877, -0.040798086673021317, -3.017235279083252, 1.7322078943252563, -1.848127007484436, -4.303074836730957, 2.2241098880767822, 2.4990925788879395, 3.974571943283081, 4.368093490600586, 0.9361319541931152, -3.1823551654815674, -3.934652090072632, 1.6023001670837402], [5.761717796325684, 3.7292332649230957, 26.449817657470703, -5.960376262664795, -5.495028495788574, 0.5548821687698364, -0.6735296845436096, 0.5598864555358887, -2.8477368354797363, 0.3686966896057129, -3.761949062347412, -0.9997216463088989, -7.307183742523193, -2.408592939376831, -3.703883647918701, 3.8032710552215576, 1.6074469089508057, -0.7661726474761963, 1.3871793746948242, -1.542602777481079, -0.3705240488052368], [1.094102382659912, 2.5477495193481445, -5.960376262664795, 28.728551864624023, 10.89974594116211, -5.882970809936523, -3.050302505493164, -2.7884833812713623, 2.370800018310547, -6.057146072387695, -4.781789779663086, 3.3923232555389404, -3.2424159049987793, 0.9291953444480896, -4.727113723754883, 0.47006484866142273, -1.8609535694122314, -0.8897263407707214, -6.069777965545654, 2.9816479682922363, -2.6253890991210938], [2.5801751613616943, -0.6436306834220886, -5.495028495788574, 10.89974594116211, 15.343611717224121, 0.2514002323150635, -3.8066539764404297, 1.8789600133895874, 5.49808406829834, 1.253238558769226, -3.145373582839966, -1.0015777349472046, -0.4261501431465149, 5.385504722595215, -4.529413223266602, -1.6504077911376953, -6.627351760864258, -5.071537971496582, -4.998898029327393, 4.712920188903809, 0.9020004272460938], [-3.5426859855651855, -8.009062767028809, 0.5548821687698364, -5.882970809936523, 0.2514002323150635, 15.588017463684082, 8.198993682861328, 0.4966534376144409, -0.3941333591938019, 5.694734573364258, 1.3985333442687988, -0.39998817443847656, 2.096787452697754, -7.173030853271484, 0.1079101637005806, -1.571308970451355, 2.468065023422241, -0.3774731755256653, -1.8133699893951416, 3.848170042037964, 1.0144671201705933], [-2.9250328540802, -3.3093204498291016, -0.6735296845436096, -3.050302505493164, -3.8066539764404297, 8.198993682861328, 21.672311782836914, -3.5604422092437744, 3.6812798976898193, -1.157113790512085, 0.23716409504413605, -4.0365400314331055, -5.597577095031738, 0.9423219561576843, -3.7018659114837646, -0.034569114446640015, 5.583301544189453, 1.6219711303710938, -1.5230226516723633, 3.856180191040039, 0.3203030824661255], [-1.6322641372680664, -1.7762749195098877, 0.5598864555358887, -2.7884833812713623, 1.8789600133895874, 0.4966534376144409, -3.5604422092437744, 17.397058486938477, 1.28709077835083, 2.231349468231201, -7.044649124145508, 4.728677749633789, 4.500489711761475, 4.578108787536621, 6.589036464691162, -4.558341979980469, -1.6174633502960205, -3.1175804138183594, 0.23397159576416016, 0.7194125652313232, -1.309455394744873], [1.3598448038101196, -0.040798086673021317, -2.8477368354797363, 2.370800018310547, 5.49808406829834, -0.3941333591938019, 3.6812798976898193, 1.28709077835083, 20.610536575317383, 1.7651522159576416, 0.08817604184150696, 2.0507946014404297, 2.1385600566864014, 10.022632598876953, -2.088726043701172, 3.8109121322631836, -3.742283821105957, -1.3833255767822266, -5.437832832336426, -1.0621531009674072, 4.820582866668701], [-2.1682212352752686, -3.017235279083252, 0.3686966896057129, -6.057146072387695, 1.253238558769226, 5.694734573364258, -1.157113790512085, 2.231349468231201, 1.7651522159576416, 14.689356803894043, 4.20259952545166, -1.3132305145263672, 8.685698509216309, -1.4628465175628662, 0.4735853672027588, 3.5748555660247803, 4.091451168060303, -1.1418861150741577, -1.2676632404327393, 4.059941291809082, -2.345211982727051], [-3.552593946456909, 1.7322078943252563, -3.761949062347412, -4.781789779663086, -3.145373582839966, 1.3985333442687988, 0.23716409504413605, -7.044649124145508, 0.08817604184150696, 4.20259952545166, 22.461679458618164, 0.13388971984386444, 1.7851098775863647, -7.4189043045043945, -1.6315562725067139, 3.033363103866577, 5.694795608520508, 1.3691167831420898, -2.542412519454956, 0.2651594877243042, 5.8152995109558105], [1.8098759651184082, -1.848127007484436, -0.9997216463088989, 3.3923232555389404, -1.0015777349472046, -0.39998817443847656, -4.0365400314331055, 4.728677749633789, 2.0507946014404297, -1.3132305145263672, 0.13388971984386444, 23.026491165161133, 0.46570882201194763, -1.8376195430755615, 5.583885669708252, -2.0352890491485596, 1.068772792816162, -7.951333999633789, 3.804032802581787, -3.0725064277648926, 1.8878037929534912], [-5.16086483001709, -4.303074836730957, -7.307183742523193, -3.2424159049987793, -0.4261501431465149, 2.096787452697754, -5.597577095031738, 4.500489711761475, 2.1385600566864014, 8.685698509216309, 1.7851098775863647, 0.46570882201194763, 27.762451171875, -3.111504316329956, 1.1501425504684448, 1.5686529874801636, -3.3681693077087402, 4.03346061706543, -1.7620830535888672, 3.292419910430908, -2.2092533111572266], [1.6034866571426392, 2.2241098880767822, -2.408592939376831, 0.9291953444480896, 5.385504722595215, -7.173030853271484, 0.9423219561576843, 4.578108787536621, 10.022632598876953, -1.4628465175628662, -7.4189043045043945, -1.8376195430755615, -3.111504316329956, 23.299861907958984, 6.07866907119751, 0.33435940742492676, -7.576310157775879, -0.9603183269500732, 3.342707872390747, -0.8131353855133057, -1.3727980852127075], [-2.7576651573181152, 2.4990925788879395, -3.703883647918701, -4.727113723754883, -4.529413223266602, 0.1079101637005806, -3.7018659114837646, 6.589036464691162, -2.088726043701172, 0.4735853672027588, -1.6315562725067139, 5.583885669708252, 1.1501425504684448, 6.07866907119751, 20.53934669494629, 0.35156798362731934, 0.9486656188964844, 1.1877102851867676, 3.989156484603882, -2.722687244415283, 1.1863651275634766], [-3.7968926429748535, 3.974571943283081, 3.8032710552215576, 0.47006484866142273, -1.6504077911376953, -1.571308970451355, -0.034569114446640015, -4.558341979980469, 3.8109121322631836, 3.5748555660247803, 3.033363103866577, -2.0352890491485596, 1.5686529874801636, 0.33435940742492676, 0.35156798362731934, 25.605241775512695, 1.3622407913208008, 1.7380586862564087, 3.28607177734375, -0.5026417970657349, 8.237372398376465], [-0.8524073958396912, 4.368093490600586, 1.6074469089508057, -1.860953688621521, -6.6273512840271, 2.468065023422241, 5.583301067352295, -1.617463231086731, -3.7422842979431152, 4.091451644897461, 5.694794654846191, 1.0687731504440308, -3.368169069290161, -7.576310634613037, 0.9486656785011292, 1.3622410297393799, 20.93877410888672, -2.453540563583374, -1.234121561050415, 2.428464412689209, 2.0566420555114746], [-0.9809687733650208, 0.9361316561698914, -0.7661725282669067, -0.889726459980011, -5.071537017822266, -0.37747302651405334, 1.6219713687896729, -3.1175806522369385, -1.383325457572937, -1.1418862342834473, 1.3691166639328003, -7.951333999633789, 4.033461093902588, -0.9603179097175598, 1.187710165977478, 1.7380579710006714, -2.453540563583374, 19.191978454589844, -0.27028799057006836, -2.079080581665039, 2.056079387664795], [1.6000404357910156, -3.1823558807373047, 1.3871791362762451, -6.069777965545654, -4.998897552490234, -1.8133695125579834, -1.5230224132537842, 0.23397131264209747, -5.437832355499268, -1.2676630020141602, -2.542412042617798, 3.804032564163208, -1.7620830535888672, 3.342708110809326, 3.98915696144104, 3.28607177734375, -1.234121561050415, -0.27028799057006836, 18.34322166442871, -4.102320671081543, -0.8661054372787476], [-2.856926441192627, -3.934652328491211, -1.5426025390625, 2.9816486835479736, 4.712920665740967, 3.8481698036193848, 3.8561806678771973, 0.7194123864173889, -1.0621527433395386, 4.059940338134766, 0.26515939831733704, -3.0725059509277344, 3.2924203872680664, -0.8131352066993713, -2.722687005996704, -0.502642035484314, 2.428464412689209, -2.079080581665039, -4.102320671081543, 15.503092765808105, 8.13475227355957], [-5.880289077758789, 1.6022999286651611, -0.37052392959594727, -2.6253890991210938, 0.9020004272460938, 1.0144670009613037, 0.3203028440475464, -1.309454083442688, 4.820583343505859, -2.345211982727051, 5.8152995109558105, 1.887803316116333, -2.209252119064331, -1.372797966003418, 1.1863644123077393, 8.237373352050781, 2.0566418170928955, 2.0560810565948486, -0.8661056756973267, 8.13475227355957, 49.280147552490234]], "type": "heatmap"}], "layout": {"template": {"data": {"histogram2dcontour": [{"type": "histogram2dcontour", "colorbar": {"outlinewidth": 0, "ticks": ""}, "colorscale": [[0.0, "#0d0887"], [0.1111111111111111, "#46039f"], [0.2222222222222222, "#7201a8"], [0.3333333333333333, "#9c179e"], [0.4444444444444444, "#bd3786"], [0.5555555555555556, "#d8576b"], [0.6666666666666666, "#ed7953"], [0.7777777777777778, "#fb9f3a"], [0.8888888888888888, "#fdca26"], [1.0, "#f0f921"]]}], "choropleth": [{"type": "choropleth", "colorbar": {"outlinewidth": 0, "ticks": ""}}], "histogram2d": [{"type": "histogram2d", "colorbar": {"outlinewidth": 0, "ticks": ""}, "colorscale": [[0.0, "#0d0887"], [0.1111111111111111, "#46039f"], [0.2222222222222222, "#7201a8"], [0.3333333333333333, "#9c179e"], [0.4444444444444444, "#bd3786"], [0.5555555555555556, "#d8576b"], [0.6666666666666666, "#ed7953"], [0.7777777777777778, "#fb9f3a"], [0.8888888888888888, "#fdca26"], [1.0, "#f0f921"]]}], "heatmap": [{"type": "heatmap", "colorbar": {"outlinewidth": 0, "ticks": ""}, "colorscale": [[0.0, "#0d0887"], [0.1111111111111111, "#46039f"], [0.2222222222222222, "#7201a8"], [0.3333333333333333, "#9c179e"], [0.4444444444444444, "#bd3786"], [0.5555555555555556, "#d8576b"], [0.6666666666666666, "#ed7953"], [0.7777777777777778, "#fb9f3a"], [0.8888888888888888, "#fdca26"], [1.0, "#f0f921"]]}], "heatmapgl": [{"type": "heatmapgl", "colorbar": {"outlinewidth": 0, "ticks": ""}, "colorscale": [[0.0, "#0d0887"], [0.1111111111111111, "#46039f"], [0.2222222222222222, "#7201a8"], [0.3333333333333333, "#9c179e"], [0.4444444444444444, "#bd3786"], [0.5555555555555556, "#d8576b"], [0.6666666666666666, "#ed7953"], [0.7777777777777778, "#fb9f3a"], [0.8888888888888888, "#fdca26"], [1.0, "#f0f921"]]}], "contourcarpet": [{"type": "contourcarpet", "colorbar": {"outlinewidth": 0, "ticks": ""}}], "contour": [{"type": "contour", "colorbar": {"outlinewidth": 0, "ticks": ""}, "colorscale": [[0.0, "#0d0887"], [0.1111111111111111, "#46039f"], [0.2222222222222222, "#7201a8"], [0.3333333333333333, "#9c179e"], [0.4444444444444444, "#bd3786"], [0.5555555555555556, "#d8576b"], [0.6666666666666666, "#ed7953"], [0.7777777777777778, "#fb9f3a"], [0.8888888888888888, "#fdca26"], [1.0, "#f0f921"]]}], "surface": [{"type": "surface", "colorbar": {"outlinewidth": 0, "ticks": ""}, "colorscale": [[0.0, "#0d0887"], [0.1111111111111111, "#46039f"], [0.2222222222222222, "#7201a8"], [0.3333333333333333, "#9c179e"], [0.4444444444444444, "#bd3786"], [0.5555555555555556, "#d8576b"], [0.6666666666666666, "#ed7953"], [0.7777777777777778, "#fb9f3a"], [0.8888888888888888, "#fdca26"], [1.0, "#f0f921"]]}], "mesh3d": [{"type": "mesh3d", "colorbar": {"outlinewidth": 0, "ticks": ""}}], "scatter": [{"fillpattern": {"fillmode": "overlay", "size": 10, "solidity": 0.2}, "type": "scatter"}], "parcoords": [{"type": "parcoords", "line": {"colorbar": {"outlinewidth": 0, "ticks": ""}}}], "scatterpolargl": [{"type": "scatterpolargl", "marker": {"colorbar": {"outlinewidth": 0, "ticks": ""}}}], "bar": [{"error_x": {"color": "#2a3f5f"}, "error_y": {"color": "#2a3f5f"}, "marker": {"line": {"color": "#E5ECF6", "width": 0.5}, "pattern": {"fillmode": "overlay", "size": 10, "solidity": 0.2}}, "type": "bar"}], "scattergeo": [{"type": "scattergeo", "marker": {"colorbar": {"outlinewidth": 0, "ticks": ""}}}], "scatterpolar": [{"type": "scatterpolar", "marker": {"colorbar": {"outlinewidth": 0, "ticks": ""}}}], "histogram": [{"marker": {"pattern": {"fillmode": "overlay", "size": 10, "solidity": 0.2}}, "type": "histogram"}], "scattergl": [{"type": "scattergl", "marker": {"colorbar": {"outlinewidth": 0, "ticks": ""}}}], "scatter3d": [{"type": "scatter3d", "line": {"colorbar": {"outlinewidth": 0, "ticks": ""}}, "marker": {"colorbar": {"outlinewidth": 0, "ticks": ""}}}], "scattermapbox": [{"type": "scattermapbox", "marker": {"colorbar": {"outlinewidth": 0, "ticks": ""}}}], "scatterternary": [{"type": "scatterternary", "marker": {"colorbar": {"outlinewidth": 0, "ticks": ""}}}], "scattercarpet": [{"type": "scattercarpet", "marker": {"colorbar": {"outlinewidth": 0, "ticks": ""}}}], "carpet": [{"aaxis": {"endlinecolor": "#2a3f5f", "gridcolor": "white", "linecolor": "white", "minorgridcolor": "white", "startlinecolor": "#2a3f5f"}, "baxis": {"endlinecolor": "#2a3f5f", "gridcolor": "white", "linecolor": "white", "minorgridcolor": "white", "startlinecolor": "#2a3f5f"}, "type": "carpet"}], "table": [{"cells": {"fill": {"color": "#EBF0F8"}, "line": {"color": "white"}}, "header": {"fill": {"color": "#C8D4E3"}, "line": {"color": "white"}}, "type": "table"}], "barpolar": [{"marker": {"line": {"color": "#E5ECF6", "width": 0.5}, "pattern": {"fillmode": "overlay", "size": 10, "solidity": 0.2}}, "type": "barpolar"}], "pie": [{"automargin": true, "type": "pie"}]}, "layout": {"autotypenumbers": "strict", "colorway": ["#636efa", "#EF553B", "#00cc96", "#ab63fa", "#FFA15A", "#19d3f3", "#FF6692", "#B6E880", "#FF97FF", "#FECB52"], "font": {"color": "#2a3f5f"}, "hovermode": "closest", "hoverlabel": {"align": "left"}, "paper_bgcolor": "white", "plot_bgcolor": "#E5ECF6", "polar": {"bgcolor": "#E5ECF6", "angularaxis": {"gridcolor": "white", "linecolor": "white", "ticks": ""}, "radialaxis": {"gridcolor": "white", "linecolor": "white", "ticks": ""}}, "ternary": {"bgcolor": "#E5ECF6", "aaxis": {"gridcolor": "white", "linecolor": "white", "ticks": ""}, "baxis": {"gridcolor": "white", "linecolor": "white", "ticks": ""}, "caxis": {"gridcolor": "white", "linecolor": "white", "ticks": ""}}, "coloraxis": {"colorbar": {"outlinewidth": 0, "ticks": ""}}, "colorscale": {"sequential": [[0.0, "#0d0887"], [0.1111111111111111, "#46039f"], [0.2222222222222222, "#7201a8"], [0.3333333333333333, "#9c179e"], [0.4444444444444444, "#bd3786"], [0.5555555555555556, "#d8576b"], [0.6666666666666666, "#ed7953"], [0.7777777777777778, "#fb9f3a"], [0.8888888888888888, "#fdca26"], [1.0, "#f0f921"]], "sequentialminus": [[0.0, "#0d0887"], [0.1111111111111111, "#46039f"], [0.2222222222222222, "#7201a8"], [0.3333333333333333, "#9c179e"], [0.4444444444444444, "#bd3786"], [0.5555555555555556, "#d8576b"], [0.6666666666666666, "#ed7953"], [0.7777777777777778, "#fb9f3a"], [0.8888888888888888, "#fdca26"], [1.0, "#f0f921"]], "diverging": [[0, "#8e0152"], [0.1, "#c51b7d"], [0.2, "#de77ae"], [0.3, "#f1b6da"], [0.4, "#fde0ef"], [0.5, "#f7f7f7"], [0.6, "#e6f5d0"], [0.7, "#b8e186"], [0.8, "#7fbc41"], [0.9, "#4d9221"], [1, "#276419"]]}, "xaxis": {"gridcolor": "white", "linecolor": "white", "ticks": "", "title": {"standoff": 15}, "zerolinecolor": "white", "automargin": true, "zerolinewidth": 2}, "yaxis": {"gridcolor": "white", "linecolor": "white", "ticks": "", "title": {"standoff": 15}, "zerolinecolor": "white", "automargin": true, "zerolinewidth": 2}, "scene": {"xaxis": {"backgroundcolor": "#E5ECF6", "gridcolor": "white", "linecolor": "white", "showbackground": true, "ticks": "", "zerolinecolor": "white", "gridwidth": 2}, "yaxis": {"backgroundcolor": "#E5ECF6", "gridcolor": "white", "linecolor": "white", "showbackground": true, "ticks": "", "zerolinecolor": "white", "gridwidth": 2}, "zaxis": {"backgroundcolor": "#E5ECF6", "gridcolor": "white", "linecolor": "white", "showbackground": true, "ticks": "", "zerolinecolor": "white", "gridwidth": 2}}, "shapedefaults": {"line": {"color": "#2a3f5f"}}, "annotationdefaults": {"arrowcolor": "#2a3f5f", "arrowhead": 0, "arrowwidth": 1}, "geo": {"bgcolor": "white", "landcolor": "#E5ECF6", "subunitcolor": "white", "showland": true, "showlakes": true, "lakecolor": "white"}, "title": {"x": 0.05}, "mapbox": {"style": "light"}}}}}