{"data": [{"z": [[20.42982292175293, 1.5369898080825806, 5.733943939208984, 1.0813308954238892, 2.5771126747131348, -3.516852378845215, -2.9181461334228516, -1.6177970170974731, 1.3590877056121826, -2.1571133136749268, -3.533604621887207, 1.8001784086227417, -5.135416507720947, 1.5803806781768799, -2.7282979488372803, -3.7674715518951416, -0.8429186344146729, -0.9729715585708618, 1.6005903482437134, -2.8469691276550293, -5.872329235076904], [1.5369898080825806, 15.746062278747559, 3.709482192993164, 2.5269768238067627, -0.6298245787620544, -7.942417621612549, -3.2946088314056396, -1.68343186378479, -0.004993583541363478, -2.969982862472534, 1.7561014890670776, -1.833422303199768, -4.294577598571777, 2.2514944076538086, 2.558868646621704, 3.9912467002868652, 4.3843770027160645, 0.8879948854446411, -3.1769232749938965, -3.9004104137420654, 1.6033090353012085], [5.733943939208984, 3.709482192993164, 26.363933563232422, -5.93727970123291, -5.461630344390869, 0.5576369166374207, -0.66166752576828, 0.5815706849098206, -2.841879367828369, 0.37728917598724365, -3.740053176879883, -0.9944083094596863, -7.2757086753845215, -2.420280933380127, -3.656080484390259, 3.813896656036377, 1.625089406967163, -0.7243626117706299, 1.380603313446045, -1.542665719985962, -0.36855071783065796], [1.0813308954238892, 2.5269768238067627, -5.93727970123291, 28.6280574798584, 10.87633991241455, -5.829394817352295, -3.0237483978271484, -2.7197539806365967, 2.371168375015259, -6.037180423736572, -4.7472405433654785, 3.4200003147125244, -3.2636055946350098, 0.9319363236427307, -4.676860809326172, 0.46901631355285645, -1.8237628936767578, -0.922279417514801, -6.014039993286133, 2.9828834533691406, -2.6003191471099854], [2.5771126747131348, -0.6298245787620544, -5.461630344390869, 10.87633991241455, 15.26265811920166, 0.2768627405166626, -3.7879719734191895, 1.9112917184829712, 5.480134963989258, 1.270982027053833, -3.113018274307251, -0.9828907251358032, -0.4176786243915558, 5.373623371124268, -4.476333141326904, -1.6398488283157349, -6.564020156860352, -5.022408485412598, -4.9848809242248535, 4.7332892417907715, 0.9126930236816406], [-3.516852378845215, -7.942417621612549, 0.5576369166374207, -5.829394817352295, 0.2768627405166626, 15.565208435058594, 8.191539764404297, 0.5174369812011719, -0.3809499740600586, 5.697669982910156, 1.4250837564468384, -0.40083226561546326, 2.1221795082092285, -7.148160934448242, 0.09885676205158234, -1.5406043529510498, 2.4725747108459473, -0.3520756959915161, -1.783031702041626, 3.8594443798065186, 0.998883843421936], [-2.9181461334228516, -3.2946088314056396, -0.66166752576828, -3.0237483978271484, -3.7879719734191895, 8.191539764404297, 21.577245712280273, -3.532830238342285, 3.7075307369232178, -1.1457159519195557, 0.24260114133358002, -4.020891189575195, -5.552272796630859, 0.9387820959091187, -3.6729986667633057, -0.011223767884075642, 5.555238246917725, 1.6497132778167725, -1.5226631164550781, 3.849353551864624, 0.32569336891174316], [-1.6177970170974731, -1.68343186378479, 0.5815706849098206, -2.7197539806365967, 1.9112917184829712, 0.5174369812011719, -3.532830238342285, 17.345813751220703, 1.28711998462677, 2.2200307846069336, -7.035529136657715, 4.719600677490234, 4.517917156219482, 4.591202735900879, 6.549203872680664, -4.529989719390869, -1.603821873664856, -3.0484914779663086, 0.2467803955078125, 0.7248573303222656, -1.3255813121795654], [1.3590877056121826, -0.004993583541363478, -2.841879367828369, 2.371168375015259, 5.480134963989258, -0.3809499740600586, 3.7075307369232178, 1.28711998462677, 20.55643653869629, 1.7548236846923828, 0.09478995203971863, 2.0581183433532715, 2.118633508682251, 10.02575397491455, -2.0736076831817627, 3.79803204536438, -3.712277889251709, -1.3752789497375488, -5.372245788574219, -1.057210922241211, 4.805061340332031], [-2.1571133136749268, -2.969982862472534, 0.37728917598724365, -6.037180423736572, 1.270982027053833, 5.697669982910156, -1.1457159519195557, 2.2200307846069336, 1.7548236846923828, 14.647032737731934, 4.192984580993652, -1.3048467636108398, 8.680768966674805, -1.4477301836013794, 0.4495069980621338, 3.5669751167297363, 4.07723331451416, -1.1101545095443726, -1.218356728553772, 4.055362701416016, -2.3353464603424072], [-3.533604621887207, 1.7561014890670776, -3.740053176879883, -4.7472405433654785, -3.113018274307251, 1.4250837564468384, 0.24260114133358002, -7.035529136657715, 0.09478995203971863, 4.192984580993652, 22.4156494140625, 0.12468418478965759, 1.7864261865615845, -7.38896369934082, -1.6344316005706787, 3.045017719268799, 5.67979621887207, 1.3744335174560547, -2.5161356925964355, 0.2730681896209717, 5.8081135749816895], [1.8001784086227417, -1.833422303199768, -0.9944083094596863, 3.4200003147125244, -0.9828907251358032, -0.40083226561546326, -4.020891189575195, 4.719600677490234, 2.0581183433532715, -1.3048467636108398, 0.12468418478965759, 22.949420928955078, 0.47870227694511414, -1.846374273300171, 5.580554008483887, -1.9977262020111084, 1.0765208005905151, -7.889334678649902, 3.790896415710449, -3.0563976764678955, 1.8741165399551392], [-5.135416507720947, -4.294577598571777, -7.2757086753845215, -3.2636055946350098, -0.4176786243915558, 2.1221795082092285, -5.552272796630859, 4.517917156219482, 2.118633508682251, 8.680768966674805, 1.7864261865615845, 0.47870227694511414, 27.687002182006836, -3.072113275527954, 1.1610599756240845, 1.551308274269104, -3.314711332321167, 4.024558067321777, -1.7213809490203857, 3.2830827236175537, -2.208376884460449], [1.5803806781768799, 2.2514944076538086, -2.420280933380127, 0.9319363236427307, 5.373623371124268, -7.148160934448242, 0.9387820959091187, 4.591202735900879, 10.02575397491455, -1.4477301836013794, -7.38896369934082, -1.846374273300171, -3.072113275527954, 23.247390747070312, 6.085836887359619, 0.3754333555698395, -7.560734272003174, -0.9344007968902588, 3.3442583084106445, -0.8009015321731567, -1.3897730112075806], [-2.7282979488372803, 2.558868646621704, -3.656080484390259, -4.676860809326172, -4.476333141326904, 0.09885676205158234, -3.6729986667633057, 6.549203872680664, -2.0736076831817627, 0.4495069980621338, -1.6344316005706787, 5.580554008483887, 1.1610599756240845, 6.085836887359619, 20.447269439697266, 0.3450562357902527, 0.9351577758789062, 1.2331503629684448, 4.001894950866699, -2.7106592655181885, 1.1973408460617065], [-3.7674715518951416, 3.9912467002868652, 3.813896656036377, 0.46901631355285645, -1.6398488283157349, -1.5406043529510498, -0.011223767884075642, -4.529989719390869, 3.79803204536438, 3.5669751167297363, 3.045017719268799, -1.9977262020111084, 1.551308274269104, 0.3754333555698395, 0.3450562357902527, 25.56441307067871, 1.3822453022003174, 1.7247060537338257, 3.3350367546081543, -0.49562597274780273, 8.240562438964844], [-0.8429186344146729, 4.384376525878906, 1.6250895261764526, -1.8237636089324951, -6.564020156860352, 2.4725747108459473, 5.555238723754883, -1.6038217544555664, -3.71227765083313, 4.077232837677002, 5.6797966957092285, 1.076520562171936, -3.314711570739746, -7.560733795166016, 0.9351579546928406, 1.3822449445724487, 20.882129669189453, -2.4052867889404297, -1.2166805267333984, 2.429328680038452, 2.0666704177856445], [-0.972971498966217, 0.8879947662353516, -0.724361777305603, -0.9222791194915771, -5.022408485412598, -0.35207599401474, 1.649713397026062, -3.0484917163848877, -1.3752789497375488, -1.1101547479629517, 1.3744336366653442, -7.889334678649902, 4.0245585441589355, -0.9344004392623901, 1.2331503629684448, 1.7247065305709839, -2.4052867889404297, 19.072057723999023, -0.26276087760925293, -2.064167022705078, 2.045323610305786], [1.6005902290344238, -3.1769232749938965, 1.380603313446045, -6.014039516448975, -4.984879970550537, -1.7830311059951782, -1.5226629972457886, 0.24678000807762146, -5.372245788574219, -1.2183564901351929, -2.5161361694335938, 3.79089617729187, -1.7213809490203857, 3.3442583084106445, 4.001894950866699, 3.3350369930267334, -1.2166805267333984, -0.26276087760925293, 18.204124450683594, -4.0409979820251465, -0.8537232875823975], [-2.846968650817871, -3.9004108905792236, -1.5426656007766724, 2.982882499694824, 4.733288288116455, 3.8594443798065186, 3.849353551864624, 0.7248572111129761, -1.057210922241211, 4.055362701416016, 0.27306801080703735, -3.0563976764678955, 3.2830824851989746, -0.8009015321731567, -2.7106597423553467, -0.495625764131546, 2.429328680038452, -2.064167022705078, -4.0409979820251465, 15.46414566040039, 8.12264633178711], [-5.872328758239746, 1.6033090353012085, -0.36855077743530273, -2.6003189086914062, 0.9126927852630615, 0.998883843421936, 0.32569432258605957, -1.3255817890167236, 4.805062294006348, -2.3353466987609863, 5.808113098144531, 1.8741165399551392, -2.2083773612976074, -1.3897733688354492, 1.1973412036895752, 8.240561485290527, 2.0666701793670654, 2.0453224182128906, -0.8537237048149109, 8.12264633178711, 49.280147552490234]], "type": "heatmap"}], "layout": {"template": {"data": {"histogram2dcontour": [{"type": "histogram2dcontour", "colorbar": {"outlinewidth": 0, "ticks": ""}, "colorscale": [[0.0, "#0d0887"], [0.1111111111111111, "#46039f"], [0.2222222222222222, "#7201a8"], [0.3333333333333333, "#9c179e"], [0.4444444444444444, "#bd3786"], [0.5555555555555556, "#d8576b"], [0.6666666666666666, "#ed7953"], [0.7777777777777778, "#fb9f3a"], [0.8888888888888888, "#fdca26"], [1.0, "#f0f921"]]}], "choropleth": [{"type": "choropleth", "colorbar": {"outlinewidth": 0, "ticks": ""}}], "histogram2d": [{"type": "histogram2d", "colorbar": {"outlinewidth": 0, "ticks": ""}, "colorscale": [[0.0, "#0d0887"], [0.1111111111111111, "#46039f"], [0.2222222222222222, "#7201a8"], [0.3333333333333333, "#9c179e"], [0.4444444444444444, "#bd3786"], [0.5555555555555556, "#d8576b"], [0.6666666666666666, "#ed7953"], [0.7777777777777778, "#fb9f3a"], [0.8888888888888888, "#fdca26"], [1.0, "#f0f921"]]}], "heatmap": [{"type": "heatmap", "colorbar": {"outlinewidth": 0, "ticks": ""}, "colorscale": [[0.0, "#0d0887"], [0.1111111111111111, "#46039f"], [0.2222222222222222, "#7201a8"], [0.3333333333333333, "#9c179e"], [0.4444444444444444, "#bd3786"], [0.5555555555555556, "#d8576b"], [0.6666666666666666, "#ed7953"], [0.7777777777777778, "#fb9f3a"], [0.8888888888888888, "#fdca26"], [1.0, "#f0f921"]]}], "heatmapgl": [{"type": "heatmapgl", "colorbar": {"outlinewidth": 0, "ticks": ""}, "colorscale": [[0.0, "#0d0887"], [0.1111111111111111, "#46039f"], [0.2222222222222222, "#7201a8"], [0.3333333333333333, "#9c179e"], [0.4444444444444444, "#bd3786"], [0.5555555555555556, "#d8576b"], [0.6666666666666666, "#ed7953"], [0.7777777777777778, "#fb9f3a"], [0.8888888888888888, "#fdca26"], [1.0, "#f0f921"]]}], "contourcarpet": [{"type": "contourcarpet", "colorbar": {"outlinewidth": 0, "ticks": ""}}], "contour": [{"type": "contour", "colorbar": {"outlinewidth": 0, "ticks": ""}, "colorscale": [[0.0, "#0d0887"], [0.1111111111111111, "#46039f"], [0.2222222222222222, "#7201a8"], [0.3333333333333333, "#9c179e"], [0.4444444444444444, "#bd3786"], [0.5555555555555556, "#d8576b"], [0.6666666666666666, "#ed7953"], [0.7777777777777778, "#fb9f3a"], [0.8888888888888888, "#fdca26"], [1.0, "#f0f921"]]}], "surface": [{"type": "surface", "colorbar": {"outlinewidth": 0, "ticks": ""}, "colorscale": [[0.0, "#0d0887"], [0.1111111111111111, "#46039f"], [0.2222222222222222, "#7201a8"], [0.3333333333333333, "#9c179e"], [0.4444444444444444, "#bd3786"], [0.5555555555555556, "#d8576b"], [0.6666666666666666, "#ed7953"], [0.7777777777777778, "#fb9f3a"], [0.8888888888888888, "#fdca26"], [1.0, "#f0f921"]]}], "mesh3d": [{"type": "mesh3d", "colorbar": {"outlinewidth": 0, "ticks": ""}}], "scatter": [{"fillpattern": {"fillmode": "overlay", "size": 10, "solidity": 0.2}, "type": "scatter"}], "parcoords": [{"type": "parcoords", "line": {"colorbar": {"outlinewidth": 0, "ticks": ""}}}], "scatterpolargl": [{"type": "scatterpolargl", "marker": {"colorbar": {"outlinewidth": 0, "ticks": ""}}}], "bar": [{"error_x": {"color": "#2a3f5f"}, "error_y": {"color": "#2a3f5f"}, "marker": {"line": {"color": "#E5ECF6", "width": 0.5}, "pattern": {"fillmode": "overlay", "size": 10, "solidity": 0.2}}, "type": "bar"}], "scattergeo": [{"type": "scattergeo", "marker": {"colorbar": {"outlinewidth": 0, "ticks": ""}}}], "scatterpolar": [{"type": "scatterpolar", "marker": {"colorbar": {"outlinewidth": 0, "ticks": ""}}}], "histogram": [{"marker": {"pattern": {"fillmode": "overlay", "size": 10, "solidity": 0.2}}, "type": "histogram"}], "scattergl": [{"type": "scattergl", "marker": {"colorbar": {"outlinewidth": 0, "ticks": ""}}}], "scatter3d": [{"type": "scatter3d", "line": {"colorbar": {"outlinewidth": 0, "ticks": ""}}, "marker": {"colorbar": {"outlinewidth": 0, "ticks": ""}}}], "scattermapbox": [{"type": "scattermapbox", "marker": {"colorbar": {"outlinewidth": 0, "ticks": ""}}}], "scatterternary": [{"type": "scatterternary", "marker": {"colorbar": {"outlinewidth": 0, "ticks": ""}}}], "scattercarpet": [{"type": "scattercarpet", "marker": {"colorbar": {"outlinewidth": 0, "ticks": ""}}}], "carpet": [{"aaxis": {"endlinecolor": "#2a3f5f", "gridcolor": "white", "linecolor": "white", "minorgridcolor": "white", "startlinecolor": "#2a3f5f"}, "baxis": {"endlinecolor": "#2a3f5f", "gridcolor": "white", "linecolor": "white", "minorgridcolor": "white", "startlinecolor": "#2a3f5f"}, "type": "carpet"}], "table": [{"cells": {"fill": {"color": "#EBF0F8"}, "line": {"color": "white"}}, "header": {"fill": {"color": "#C8D4E3"}, "line": {"color": "white"}}, "type": "table"}], "barpolar": [{"marker": {"line": {"color": "#E5ECF6", "width": 0.5}, "pattern": {"fillmode": "overlay", "size": 10, "solidity": 0.2}}, "type": "barpolar"}], "pie": [{"automargin": true, "type": "pie"}]}, "layout": {"autotypenumbers": "strict", "colorway": ["#636efa", "#EF553B", "#00cc96", "#ab63fa", "#FFA15A", "#19d3f3", "#FF6692", "#B6E880", "#FF97FF", "#FECB52"], "font": {"color": "#2a3f5f"}, "hovermode": "closest", "hoverlabel": {"align": "left"}, "paper_bgcolor": "white", "plot_bgcolor": "#E5ECF6", "polar": {"bgcolor": "#E5ECF6", "angularaxis": {"gridcolor": "white", "linecolor": "white", "ticks": ""}, "radialaxis": {"gridcolor": "white", "linecolor": "white", "ticks": ""}}, "ternary": {"bgcolor": "#E5ECF6", "aaxis": {"gridcolor": "white", "linecolor": "white", "ticks": ""}, "baxis": {"gridcolor": "white", "linecolor": "white", "ticks": ""}, "caxis": {"gridcolor": "white", "linecolor": "white", "ticks": ""}}, "coloraxis": {"colorbar": {"outlinewidth": 0, "ticks": ""}}, "colorscale": {"sequential": [[0.0, "#0d0887"], [0.1111111111111111, "#46039f"], [0.2222222222222222, "#7201a8"], [0.3333333333333333, "#9c179e"], [0.4444444444444444, "#bd3786"], [0.5555555555555556, "#d8576b"], [0.6666666666666666, "#ed7953"], [0.7777777777777778, "#fb9f3a"], [0.8888888888888888, "#fdca26"], [1.0, "#f0f921"]], "sequentialminus": [[0.0, "#0d0887"], [0.1111111111111111, "#46039f"], [0.2222222222222222, "#7201a8"], [0.3333333333333333, "#9c179e"], [0.4444444444444444, "#bd3786"], [0.5555555555555556, "#d8576b"], [0.6666666666666666, "#ed7953"], [0.7777777777777778, "#fb9f3a"], [0.8888888888888888, "#fdca26"], [1.0, "#f0f921"]], "diverging": [[0, "#8e0152"], [0.1, "#c51b7d"], [0.2, "#de77ae"], [0.3, "#f1b6da"], [0.4, "#fde0ef"], [0.5, "#f7f7f7"], [0.6, "#e6f5d0"], [0.7, "#b8e186"], [0.8, "#7fbc41"], [0.9, "#4d9221"], [1, "#276419"]]}, "xaxis": {"gridcolor": "white", "linecolor": "white", "ticks": "", "title": {"standoff": 15}, "zerolinecolor": "white", "automargin": true, "zerolinewidth": 2}, "yaxis": {"gridcolor": "white", "linecolor": "white", "ticks": "", "title": {"standoff": 15}, "zerolinecolor": "white", "automargin": true, "zerolinewidth": 2}, "scene": {"xaxis": {"backgroundcolor": "#E5ECF6", "gridcolor": "white", "linecolor": "white", "showbackground": true, "ticks": "", "zerolinecolor": "white", "gridwidth": 2}, "yaxis": {"backgroundcolor": "#E5ECF6", "gridcolor": "white", "linecolor": "white", "showbackground": true, "ticks": "", "zerolinecolor": "white", "gridwidth": 2}, "zaxis": {"backgroundcolor": "#E5ECF6", "gridcolor": "white", "linecolor": "white", "showbackground": true, "ticks": "", "zerolinecolor": "white", "gridwidth": 2}}, "shapedefaults": {"line": {"color": "#2a3f5f"}}, "annotationdefaults": {"arrowcolor": "#2a3f5f", "arrowhead": 0, "arrowwidth": 1}, "geo": {"bgcolor": "white", "landcolor": "#E5ECF6", "subunitcolor": "white", "showland": true, "showlakes": true, "lakecolor": "white"}, "title": {"x": 0.05}, "mapbox": {"style": "light"}}}}}