{"data": [{"z": [[20.60662078857422, 1.5833885669708252, 5.803528785705566, 1.113110065460205, 2.5875566005706787, -3.557905912399292, -2.9244306087493896, -1.639763355255127, 1.3606147766113281, -2.1821374893188477, -3.565371036529541, 1.8271234035491943, -5.1800994873046875, 1.6399626731872559, -2.7890191078186035, -3.8188626766204834, -0.854453444480896, -0.9674907922744751, 1.6063966751098633, -2.855480432510376, -5.879146099090576], [1.5833885669708252, 15.925131797790527, 3.777292490005493, 2.5772109031677246, -0.6279571652412415, -8.047657012939453, -3.3015851974487305, -1.8414521217346191, -0.06916525959968567, -3.0601470470428467, 1.7185518741607666, -1.8365339040756226, -4.306478977203369, 2.2118000984191895, 2.442350387573242, 3.9646408557891846, 4.370649337768555, 0.9986149072647095, -3.173539161682129, -3.954955577850342, 1.626549243927002], [5.803528785705566, 3.777292490005493, 26.549619674682617, -5.964667797088623, -5.514210224151611, 0.5706632137298584, -0.6662430763244629, 0.5570933818817139, -2.8572912216186523, 0.36093640327453613, -3.7741947174072266, -0.9889948964118958, -7.330216884613037, -2.3805341720581055, -3.74176025390625, 3.805873394012451, 1.6082402467727661, -0.79256272315979, 1.4059076309204102, -1.5306549072265625, -0.37119853496551514], [1.113110065460205, 2.5772109031677246, -5.964667797088623, 28.82939338684082, 10.943013191223145, -5.917572975158691, -3.0507848262786865, -2.828686237335205, 2.3707780838012695, -6.075328350067139, -4.802177906036377, 3.3814845085144043, -3.2057700157165527, 0.9327605962753296, -4.768187046051025, 0.47210490703582764, -1.8819066286087036, -0.8331268429756165, -6.099557876586914, 2.9870612621307373, -2.6439006328582764], [2.5875566005706787, -0.6279571652412415, -5.514210224151611, 10.943013191223145, 15.438161849975586, 0.2594597339630127, -3.802976369857788, 1.8745319843292236, 5.51452112197876, 1.233687400817871, -3.16178297996521, -0.9981134533882141, -0.4287388324737549, 5.41352653503418, -4.5606160163879395, -1.6418321132659912, -6.65692138671875, -5.1016998291015625, -4.9954304695129395, 4.705528259277344, 0.8856347799301147], [-3.557905912399292, -8.047657012939453, 0.5706632137298584, -5.917572975158691, 0.2594597339630127, 15.61386489868164, 8.216375350952148, 0.4878194034099579, -0.4007180333137512, 5.695854663848877, 1.3822112083435059, -0.39235538244247437, 2.087186813354492, -7.1896820068359375, 0.11236409842967987, -1.5932458639144897, 2.4698379039764404, -0.3825668692588806, -1.823259949684143, 3.8446285724639893, 1.0358850955963135], [-2.9244306087493896, -3.3015851974487305, -0.6662430763244629, -3.0507848262786865, -3.802976369857788, 8.216375350952148, 21.767391204833984, -3.575901746749878, 3.6565535068511963, -1.1724778413772583, 0.2372320294380188, -4.037169933319092, -5.619849681854248, 0.9507272839546204, -3.7290732860565186, -0.03910285606980324, 5.623015403747559, 1.6138527393341064, -1.5254392623901367, 3.8723978996276855, 0.3178863525390625], [-1.639763355255127, -1.8414521217346191, 0.5570933818817139, -2.828686237335205, 1.8745319843292236, 0.4878194034099579, -3.575901746749878, 17.442171096801758, 1.2895452976226807, 2.239251136779785, -7.051626682281494, 4.742598533630371, 4.4987473487854, 4.575723171234131, 6.624899864196777, -4.571191310882568, -1.6191160678863525, -3.1536412239074707, 0.21835827827453613, 0.7217430472373962, -1.2898839712142944], [1.3606147766113281, -0.06916525959968567, -2.8572912216186523, 2.3707780838012695, 5.51452112197876, -0.4007180333137512, 3.6565535068511963, 1.2895452976226807, 20.66716957092285, 1.7752164602279663, 0.08456529676914215, 2.0416524410247803, 2.15551495552063, 10.030038833618164, -2.1025516986846924, 3.8277945518493652, -3.7696104049682617, -1.388831615447998, -5.492119789123535, -1.0658204555511475, 4.829590797424316], [-2.1821374893188477, -3.0601470470428467, 0.36093640327453613, -6.075328350067139, 1.233687400817871, 5.695854663848877, -1.1724778413772583, 2.239251136779785, 1.7752164602279663, 14.724580764770508, 4.208410263061523, -1.323191523551941, 8.695043563842773, -1.4759515523910522, 0.4957996904850006, 3.582489252090454, 4.105353832244873, -1.1643394231796265, -1.3062022924423218, 4.063776969909668, -2.3517584800720215], [-3.565371036529541, 1.7185518741607666, -3.7741947174072266, -4.802177906036377, -3.16178297996521, 1.3822112083435059, 0.2372320294380188, -7.051626682281494, 0.08456529676914215, 4.208410263061523, 22.50989532470703, 0.15008722245693207, 1.7885940074920654, -7.4364824295043945, -1.6280028820037842, 3.027818441390991, 5.7166748046875, 1.3608181476593018, -2.557319164276123, 0.2600901126861572, 5.822516918182373], [1.8271234035491943, -1.8365339040756226, -0.9889948964118958, 3.3814845085144043, -0.9981134533882141, -0.39235538244247437, -4.037169933319092, 4.742598533630371, 2.0416524410247803, -1.323191523551941, 0.15008722245693207, 23.107192993164062, 0.46394070982933044, -1.824913740158081, 5.5902018547058105, -2.0615499019622803, 1.0681045055389404, -7.973923683166504, 3.8379945755004883, -3.0837388038635254, 1.9064091444015503], [-5.1800994873046875, -4.306478977203369, -7.330216884613037, -3.2057700157165527, -0.4287388324737549, 2.087186813354492, -5.619849681854248, 4.4987473487854, 2.15551495552063, 8.695043563842773, 1.7885940074920654, 0.46394070982933044, 27.838459014892578, -3.144390106201172, 1.1554663181304932, 1.5834826231002808, -3.393460988998413, 4.044594764709473, -1.7839837074279785, 3.301870822906494, -2.2166707515716553], [1.6399626731872559, 2.2118000984191895, -2.3805341720581055, 0.9327605962753296, 5.41352653503418, -7.1896820068359375, 0.9507272839546204, 4.575723171234131, 10.030038833618164, -1.4759515523910522, -7.4364824295043945, -1.824913740158081, -3.144390106201172, 23.364999771118164, 6.063084602355957, 0.29582446813583374, -7.588946342468262, -0.9734301567077637, 3.3545191287994385, -0.8143515586853027, -1.349495530128479], [-2.7890191078186035, 2.442350387573242, -3.74176025390625, -4.768187046051025, -4.5606160163879395, 0.11236409842967987, -3.7290732860565186, 6.624899864196777, -2.1025516986846924, 0.4957996904850006, -1.6280028820037842, 5.5902018547058105, 1.1554663181304932, 6.063084602355957, 20.627704620361328, 0.36549434065818787, 0.9615336656570435, 1.1511703729629517, 3.9897515773773193, -2.7326455116271973, 1.1752572059631348], [-3.8188626766204834, 3.9646408557891846, 3.805873394012451, 0.47210490703582764, -1.6418321132659912, -1.5932458639144897, -0.03910285606980324, -4.571191310882568, 3.8277945518493652, 3.582489252090454, 3.027818441390991, -2.0615499019622803, 1.5834826231002808, 0.29582446813583374, 0.36549434065818787, 25.647720336914062, 1.3525068759918213, 1.7491376399993896, 3.261523962020874, -0.5086164474487305, 8.240949630737305], [-0.8544533848762512, 4.370649814605713, 1.6082402467727661, -1.8819063901901245, -6.65692138671875, 2.4698379039764404, 5.623015403747559, -1.619116187095642, -3.7696104049682617, 4.105353832244873, 5.7166748046875, 1.06810462474823, -3.393460988998413, -7.588946342468262, 0.9615340828895569, 1.3525073528289795, 20.99795150756836, -2.4826130867004395, -1.2389253377914429, 2.4328114986419678, 2.0486950874328613], [-0.9674906134605408, 0.9986154437065125, -0.7925629019737244, -0.8331265449523926, -5.101700305938721, -0.3825668692588806, 1.6138527393341064, -3.1536412239074707, -1.3888317346572876, -1.1643390655517578, 1.3608180284500122, -7.973923206329346, 4.044594764709473, -0.973430335521698, 1.1511708498001099, 1.749138355255127, -2.4826130867004395, 19.314220428466797, -0.26549243927001953, -2.080392837524414, 2.075286626815796], [1.6063963174819946, -3.1735386848449707, 1.4059079885482788, -6.099557876586914, -4.995429992675781, -1.823259711265564, -1.5254390239715576, 0.21835848689079285, -5.492120265960693, -1.3062021732330322, -2.557319164276123, 3.8379948139190674, -1.7839834690093994, 3.3545193672180176, 3.9897515773773193, 3.261524200439453, -1.2389253377914429, -0.26549243927001953, 18.483760833740234, -4.14957332611084, -0.8707242608070374], [-2.855480194091797, -3.954955816268921, -1.5306551456451416, 2.9870617389678955, 4.7055277824401855, 3.8446285724639893, 3.8723978996276855, 0.721743106842041, -1.0658202171325684, 4.06377649307251, 0.2600899934768677, -3.0837390422821045, 3.3018712997436523, -0.8143515586853027, -2.7326455116271973, -0.5086162686347961, 2.4328114986419678, -2.080392837524414, -4.14957332611084, 15.543493270874023, 8.149598121643066], [-5.879145622253418, 1.626549243927002, -0.3711986541748047, -2.6439003944396973, 0.8856348991394043, 1.035884976387024, 0.3178861141204834, -1.2898838520050049, 4.829590797424316, -2.3517589569091797, 5.822517395019531, 1.9064092636108398, -2.2166717052459717, -1.3494958877563477, 1.1752574443817139, 8.240949630737305, 2.0486948490142822, 2.075286865234375, -0.8707239031791687, 8.14959716796875, 49.280147552490234]], "type": "heatmap"}], "layout": {"template": {"data": {"histogram2dcontour": [{"type": "histogram2dcontour", "colorbar": {"outlinewidth": 0, "ticks": ""}, "colorscale": [[0.0, "#0d0887"], [0.1111111111111111, "#46039f"], [0.2222222222222222, "#7201a8"], [0.3333333333333333, "#9c179e"], [0.4444444444444444, "#bd3786"], [0.5555555555555556, "#d8576b"], [0.6666666666666666, "#ed7953"], [0.7777777777777778, "#fb9f3a"], [0.8888888888888888, "#fdca26"], [1.0, "#f0f921"]]}], "choropleth": [{"type": "choropleth", "colorbar": {"outlinewidth": 0, "ticks": ""}}], "histogram2d": [{"type": "histogram2d", "colorbar": {"outlinewidth": 0, "ticks": ""}, "colorscale": [[0.0, "#0d0887"], [0.1111111111111111, "#46039f"], [0.2222222222222222, "#7201a8"], [0.3333333333333333, "#9c179e"], [0.4444444444444444, "#bd3786"], [0.5555555555555556, "#d8576b"], [0.6666666666666666, "#ed7953"], [0.7777777777777778, "#fb9f3a"], [0.8888888888888888, "#fdca26"], [1.0, "#f0f921"]]}], "heatmap": [{"type": "heatmap", "colorbar": {"outlinewidth": 0, "ticks": ""}, "colorscale": [[0.0, "#0d0887"], [0.1111111111111111, "#46039f"], [0.2222222222222222, "#7201a8"], [0.3333333333333333, "#9c179e"], [0.4444444444444444, "#bd3786"], [0.5555555555555556, "#d8576b"], [0.6666666666666666, "#ed7953"], [0.7777777777777778, "#fb9f3a"], [0.8888888888888888, "#fdca26"], [1.0, "#f0f921"]]}], "heatmapgl": [{"type": "heatmapgl", "colorbar": {"outlinewidth": 0, "ticks": ""}, "colorscale": [[0.0, "#0d0887"], [0.1111111111111111, "#46039f"], [0.2222222222222222, "#7201a8"], [0.3333333333333333, "#9c179e"], [0.4444444444444444, "#bd3786"], [0.5555555555555556, "#d8576b"], [0.6666666666666666, "#ed7953"], [0.7777777777777778, "#fb9f3a"], [0.8888888888888888, "#fdca26"], [1.0, "#f0f921"]]}], "contourcarpet": [{"type": "contourcarpet", "colorbar": {"outlinewidth": 0, "ticks": ""}}], "contour": [{"type": "contour", "colorbar": {"outlinewidth": 0, "ticks": ""}, "colorscale": [[0.0, "#0d0887"], [0.1111111111111111, "#46039f"], [0.2222222222222222, "#7201a8"], [0.3333333333333333, "#9c179e"], [0.4444444444444444, "#bd3786"], [0.5555555555555556, "#d8576b"], [0.6666666666666666, "#ed7953"], [0.7777777777777778, "#fb9f3a"], [0.8888888888888888, "#fdca26"], [1.0, "#f0f921"]]}], "surface": [{"type": "surface", "colorbar": {"outlinewidth": 0, "ticks": ""}, "colorscale": [[0.0, "#0d0887"], [0.1111111111111111, "#46039f"], [0.2222222222222222, "#7201a8"], [0.3333333333333333, "#9c179e"], [0.4444444444444444, "#bd3786"], [0.5555555555555556, "#d8576b"], [0.6666666666666666, "#ed7953"], [0.7777777777777778, "#fb9f3a"], [0.8888888888888888, "#fdca26"], [1.0, "#f0f921"]]}], "mesh3d": [{"type": "mesh3d", "colorbar": {"outlinewidth": 0, "ticks": ""}}], "scatter": [{"fillpattern": {"fillmode": "overlay", "size": 10, "solidity": 0.2}, "type": "scatter"}], "parcoords": [{"type": "parcoords", "line": {"colorbar": {"outlinewidth": 0, "ticks": ""}}}], "scatterpolargl": [{"type": "scatterpolargl", "marker": {"colorbar": {"outlinewidth": 0, "ticks": ""}}}], "bar": [{"error_x": {"color": "#2a3f5f"}, "error_y": {"color": "#2a3f5f"}, "marker": {"line": {"color": "#E5ECF6", "width": 0.5}, "pattern": {"fillmode": "overlay", "size": 10, "solidity": 0.2}}, "type": "bar"}], "scattergeo": [{"type": "scattergeo", "marker": {"colorbar": {"outlinewidth": 0, "ticks": ""}}}], "scatterpolar": [{"type": "scatterpolar", "marker": {"colorbar": {"outlinewidth": 0, "ticks": ""}}}], "histogram": [{"marker": {"pattern": {"fillmode": "overlay", "size": 10, "solidity": 0.2}}, "type": "histogram"}], "scattergl": [{"type": "scattergl", "marker": {"colorbar": {"outlinewidth": 0, "ticks": ""}}}], "scatter3d": [{"type": "scatter3d", "line": {"colorbar": {"outlinewidth": 0, "ticks": ""}}, "marker": {"colorbar": {"outlinewidth": 0, "ticks": ""}}}], "scattermapbox": [{"type": "scattermapbox", "marker": {"colorbar": {"outlinewidth": 0, "ticks": ""}}}], "scatterternary": [{"type": "scatterternary", "marker": {"colorbar": {"outlinewidth": 0, "ticks": ""}}}], "scattercarpet": [{"type": "scattercarpet", "marker": {"colorbar": {"outlinewidth": 0, "ticks": ""}}}], "carpet": [{"aaxis": {"endlinecolor": "#2a3f5f", "gridcolor": "white", "linecolor": "white", "minorgridcolor": "white", "startlinecolor": "#2a3f5f"}, "baxis": {"endlinecolor": "#2a3f5f", "gridcolor": "white", "linecolor": "white", "minorgridcolor": "white", "startlinecolor": "#2a3f5f"}, "type": "carpet"}], "table": [{"cells": {"fill": {"color": "#EBF0F8"}, "line": {"color": "white"}}, "header": {"fill": {"color": "#C8D4E3"}, "line": {"color": "white"}}, "type": "table"}], "barpolar": [{"marker": {"line": {"color": "#E5ECF6", "width": 0.5}, "pattern": {"fillmode": "overlay", "size": 10, "solidity": 0.2}}, "type": "barpolar"}], "pie": [{"automargin": true, "type": "pie"}]}, "layout": {"autotypenumbers": "strict", "colorway": ["#636efa", "#EF553B", "#00cc96", "#ab63fa", "#FFA15A", "#19d3f3", "#FF6692", "#B6E880", "#FF97FF", "#FECB52"], "font": {"color": "#2a3f5f"}, "hovermode": "closest", "hoverlabel": {"align": "left"}, "paper_bgcolor": "white", "plot_bgcolor": "#E5ECF6", "polar": {"bgcolor": "#E5ECF6", "angularaxis": {"gridcolor": "white", "linecolor": "white", "ticks": ""}, "radialaxis": {"gridcolor": "white", "linecolor": "white", "ticks": ""}}, "ternary": {"bgcolor": "#E5ECF6", "aaxis": {"gridcolor": "white", "linecolor": "white", "ticks": ""}, "baxis": {"gridcolor": "white", "linecolor": "white", "ticks": ""}, "caxis": {"gridcolor": "white", "linecolor": "white", "ticks": ""}}, "coloraxis": {"colorbar": {"outlinewidth": 0, "ticks": ""}}, "colorscale": {"sequential": [[0.0, "#0d0887"], [0.1111111111111111, "#46039f"], [0.2222222222222222, "#7201a8"], [0.3333333333333333, "#9c179e"], [0.4444444444444444, "#bd3786"], [0.5555555555555556, "#d8576b"], [0.6666666666666666, "#ed7953"], [0.7777777777777778, "#fb9f3a"], [0.8888888888888888, "#fdca26"], [1.0, "#f0f921"]], "sequentialminus": [[0.0, "#0d0887"], [0.1111111111111111, "#46039f"], [0.2222222222222222, "#7201a8"], [0.3333333333333333, "#9c179e"], [0.4444444444444444, "#bd3786"], [0.5555555555555556, "#d8576b"], [0.6666666666666666, "#ed7953"], [0.7777777777777778, "#fb9f3a"], [0.8888888888888888, "#fdca26"], [1.0, "#f0f921"]], "diverging": [[0, "#8e0152"], [0.1, "#c51b7d"], [0.2, "#de77ae"], [0.3, "#f1b6da"], [0.4, "#fde0ef"], [0.5, "#f7f7f7"], [0.6, "#e6f5d0"], [0.7, "#b8e186"], [0.8, "#7fbc41"], [0.9, "#4d9221"], [1, "#276419"]]}, "xaxis": {"gridcolor": "white", "linecolor": "white", "ticks": "", "title": {"standoff": 15}, "zerolinecolor": "white", "automargin": true, "zerolinewidth": 2}, "yaxis": {"gridcolor": "white", "linecolor": "white", "ticks": "", "title": {"standoff": 15}, "zerolinecolor": "white", "automargin": true, "zerolinewidth": 2}, "scene": {"xaxis": {"backgroundcolor": "#E5ECF6", "gridcolor": "white", "linecolor": "white", "showbackground": true, "ticks": "", "zerolinecolor": "white", "gridwidth": 2}, "yaxis": {"backgroundcolor": "#E5ECF6", "gridcolor": "white", "linecolor": "white", "showbackground": true, "ticks": "", "zerolinecolor": "white", "gridwidth": 2}, "zaxis": {"backgroundcolor": "#E5ECF6", "gridcolor": "white", "linecolor": "white", "showbackground": true, "ticks": "", "zerolinecolor": "white", "gridwidth": 2}}, "shapedefaults": {"line": {"color": "#2a3f5f"}}, "annotationdefaults": {"arrowcolor": "#2a3f5f", "arrowhead": 0, "arrowwidth": 1}, "geo": {"bgcolor": "white", "landcolor": "#E5ECF6", "subunitcolor": "white", "showland": true, "showlakes": true, "lakecolor": "white"}, "title": {"x": 0.05}, "mapbox": {"style": "light"}}}}}