{"data": [{"z": [[21.148221969604492, 1.7500046491622925, 6.099444389343262, 1.288278579711914, 2.6718692779541016, -3.6979615688323975, -3.016986608505249, -1.7535656690597534, 1.347483515739441, -2.299287796020508, -3.716233730316162, 1.9116828441619873, -5.346611499786377, 1.6890370845794678, -2.9654417037963867, -3.9700398445129395, -0.8954552412033081, -0.9693275690078735, 1.699497938156128, -2.9086906909942627, -5.917795658111572], [1.7500046491622925, 16.48570442199707, 3.9924397468566895, 2.7184364795684814, -0.6373857855796814, -8.334424018859863, -3.3543055057525635, -2.193912982940674, -0.15613281726837158, -3.268799304962158, 1.6916425228118896, -1.8318637609481812, -4.491908073425293, 2.1050174236297607, 2.2360942363739014, 4.001275539398193, 4.363208770751953, 1.1175037622451782, -3.142059803009033, -4.135497093200684, 1.6189520359039307], [6.099444389343262, 3.9924397468566895, 27.351503372192383, -6.129637718200684, -5.720309734344482, 0.46872678399086, -0.6774675846099854, 0.41343411803245544, -3.0206103324890137, 0.2980155348777771, -3.9193625450134277, -0.9085840582847595, -7.6124796867370605, -2.5483527183532715, -3.9584717750549316, 3.743650436401367, 1.6785454750061035, -0.969470739364624, 1.6513445377349854, -1.5336642265319824, -0.3242318630218506], [1.288278579711914, 2.7184364795684814, -6.129637718200684, 29.647499084472656, 11.33385944366455, -6.257399559020996, -3.1552138328552246, -3.215308904647827, 2.5490310192108154, -6.227574348449707, -5.002329349517822, 3.1823599338531494, -2.9834952354431152, 0.8657569885253906, -5.138082504272461, 0.5103769898414612, -2.2051217555999756, -0.5452193021774292, -6.50350284576416, 3.0316600799560547, -2.785632610321045], [2.6718692779541016, -0.6373857855796814, -5.720309734344482, 11.33385944366455, 16.07627296447754, 0.15737421810626984, -3.9350426197052, 1.7101213932037354, 5.806900501251221, 1.138808012008667, -3.3319122791290283, -1.1930921077728271, -0.28366807103157043, 5.522385597229004, -4.924432277679443, -1.6310584545135498, -7.066586971282959, -5.143642425537109, -5.304502487182617, 4.751880645751953, 0.8684617280960083], [-3.6979615688323975, -8.334424018859863, 0.46872678399086, -6.257399559020996, 0.15737421810626984, 15.799860000610352, 8.375663757324219, 0.5322104096412659, -0.39053282141685486, 5.807995796203613, 1.388728380203247, -0.3915001451969147, 2.0170552730560303, -7.290167331695557, 0.2546145021915436, -1.6967014074325562, 2.5443012714385986, -0.5660285353660583, -1.8604191541671753, 3.8629090785980225, 1.0716928243637085], [-3.016986608505249, -3.3543055057525635, -0.6774675846099854, -3.1552138328552246, -3.9350426197052, 8.375663757324219, 22.3758487701416, -3.7184503078460693, 3.587968349456787, -1.1455851793289185, 0.26480749249458313, -4.2060980796813965, -5.838734149932861, 0.872111439704895, -3.8178951740264893, -0.026670966297388077, 5.960941314697266, 1.5825481414794922, -1.692418098449707, 4.038459777832031, 0.31701982021331787], [-1.7535656690597534, -2.193912982940674, 0.41343411803245544, -3.215308904647827, 1.7101213932037354, 0.5322104096412659, -3.7184503078460693, 17.755844116210938, 1.3312437534332275, 2.3935797214508057, -7.037356376647949, 4.8794379234313965, 4.527527809143066, 4.613982677459717, 6.955185890197754, -4.644454002380371, -1.6254026889801025, -3.462467670440674, 0.3298020362854004, 0.7282258868217468, -1.234643816947937], [1.347483515739441, -0.15613281726837158, -3.0206103324890137, 2.5490310192108154, 5.806900501251221, -0.39053282141685486, 3.587968349456787, 1.3312437534332275, 21.07612419128418, 1.8738839626312256, 0.10308978706598282, 1.947803020477295, 2.428778648376465, 10.178025245666504, -2.1838881969451904, 4.033730506896973, -3.936495780944824, -1.3375496864318848, -5.909549713134766, -1.0139154195785522, 4.862692356109619], [-2.299287796020508, -3.268799304962158, 0.2980155348777771, -6.227574348449707, 1.138808012008667, 5.807995796203613, -1.1455851793289185, 2.3935797214508057, 1.8738839626312256, 14.999863624572754, 4.345958232879639, -1.3594685792922974, 8.849544525146484, -1.4889206886291504, 0.6896800994873047, 3.711500883102417, 4.282693862915039, -1.2571159601211548, -1.4621691703796387, 4.181593894958496, -2.386497974395752], [-3.716233730316162, 1.6916425228118896, -3.9193625450134277, -5.002329349517822, -3.3319122791290283, 1.388728380203247, 0.26480749249458313, -7.037356376647949, 0.10308978706598282, 4.345958232879639, 22.868406295776367, 0.233189657330513, 1.8231008052825928, -7.544058799743652, -1.513842225074768, 3.10314679145813, 5.927935600280762, 1.346595048904419, -2.6534690856933594, 0.25583380460739136, 5.848094463348389], [1.9116828441619873, -1.8318637609481812, -0.9085840582847595, 3.1823599338531494, -1.1930921077728271, -0.3915001451969147, -4.2060980796813965, 4.8794379234313965, 1.947803020477295, -1.3594685792922974, 0.233189657330513, 23.670394897460938, 0.3813519775867462, -1.8653171062469482, 5.801689147949219, -2.2801928520202637, 1.1167006492614746, -8.334495544433594, 4.153700828552246, -3.179417371749878, 1.982620358467102], [-5.346611499786377, -4.491908073425293, -7.6124796867370605, -2.9834952354431152, -0.28366807103157043, 2.0170552730560303, -5.838734149932861, 4.527527809143066, 2.428778648376465, 8.849544525146484, 1.8231008052825928, 0.3813519775867462, 28.46260643005371, -3.189375162124634, 1.1442458629608154, 1.7307569980621338, -3.7003443241119385, 4.2556257247924805, -2.0986523628234863, 3.4444949626922607, -2.1914899349212646], [1.6890370845794678, 2.1050174236297607, -2.5483527183532715, 0.8657569885253906, 5.522385597229004, -7.290167331695557, 0.872111439704895, 4.613982677459717, 10.178025245666504, -1.4889206886291504, -7.544058799743652, -1.8653171062469482, -3.189375162124634, 23.669666290283203, 6.130376815795898, 0.2425648719072342, -7.732501983642578, -1.0551210641860962, 3.430920124053955, -0.8962545394897461, -1.3592314720153809], [-2.9654417037963867, 2.2360942363739014, -3.9584717750549316, -5.138082504272461, -4.924432277679443, 0.2546145021915436, -3.8178951740264893, 6.955185890197754, -2.1838881969451904, 0.6896800994873047, -1.513842225074768, 5.801689147949219, 1.1442458629608154, 6.130376815795898, 21.308879852294922, 0.4517430365085602, 1.1660289764404297, 0.9796916842460632, 4.240023136138916, -2.8097047805786133, 1.178068995475769], [-3.9700398445129395, 4.001275539398193, 3.743650436401367, 0.5103769898414612, -1.6310584545135498, -1.6967014074325562, -0.026670966297388077, -4.644454002380371, 4.033730506896973, 3.711500883102417, 3.10314679145813, -2.2801928520202637, 1.7307569980621338, 0.2425648719072342, 0.4517430365085602, 25.964921951293945, 1.3058924674987793, 1.8866043090820312, 3.0466978549957275, -0.4753906726837158, 8.233396530151367], [-0.8954554796218872, 4.363208293914795, 1.6785459518432617, -2.2051215171813965, -7.066587448120117, 2.5443010330200195, 5.960941791534424, -1.6254024505615234, -3.936495304107666, 4.282694339752197, 5.9279351234436035, 1.1167010068893433, -3.7003443241119385, -7.732501983642578, 1.1660288572311401, 1.305891752243042, 21.488521575927734, -2.7259585857391357, -1.1639176607131958, 2.4767634868621826, 2.0006701946258545], [-0.9693273305892944, 1.1175036430358887, -0.9694706201553345, -0.5452191829681396, -5.143642902374268, -0.5660285949707031, 1.5825486183166504, -3.462468385696411, -1.3375499248504639, -1.2571161985397339, 1.3465955257415771, -8.334494590759277, 4.255626201629639, -1.0551209449768066, 0.9796922206878662, 1.886603593826294, -2.7259585857391357, 19.989072799682617, -0.37358522415161133, -2.1347644329071045, 2.095238208770752], [1.6994976997375488, -3.1420602798461914, 1.6513445377349854, -6.503504276275635, -5.304502010345459, -1.860418677330017, -1.692417860031128, 0.3298017382621765, -5.90955114364624, -1.4621692895889282, -2.6534690856933594, 4.153701305389404, -2.0986521244049072, 3.430919885635376, 4.240023612976074, 3.0466976165771484, -1.1639176607131958, -0.37358522415161133, 19.37090492248535, -4.464824199676514, -0.9406017661094666], [-2.908690929412842, -4.135496616363525, -1.5336647033691406, 3.0316593647003174, 4.751879692077637, 3.8629097938537598, 4.038459777832031, 0.7282260060310364, -1.013914942741394, 4.181593418121338, 0.2558334767818451, -3.179417133331299, 3.44449520111084, -0.8962544202804565, -2.809704542160034, -0.4753906726837158, 2.4767634868621826, -2.1347644329071045, -4.464824199676514, 15.788532257080078, 8.161904335021973], [-5.917795181274414, 1.6189521551132202, -0.3242311477661133, -2.7856321334838867, 0.8684618473052979, 1.0716928243637085, 0.3170204162597656, -1.2346441745758057, 4.862692832946777, -2.38649845123291, 5.848094940185547, 1.9826205968856812, -2.1914896965026855, -1.359231948852539, 1.1780691146850586, 8.233396530151367, 2.000670909881592, 2.0952391624450684, -0.94060218334198, 8.161903381347656, 49.280147552490234]], "type": "heatmap"}], "layout": {"template": {"data": {"histogram2dcontour": [{"type": "histogram2dcontour", "colorbar": {"outlinewidth": 0, "ticks": ""}, "colorscale": [[0.0, "#0d0887"], [0.1111111111111111, "#46039f"], [0.2222222222222222, "#7201a8"], [0.3333333333333333, "#9c179e"], [0.4444444444444444, "#bd3786"], [0.5555555555555556, "#d8576b"], [0.6666666666666666, "#ed7953"], [0.7777777777777778, "#fb9f3a"], [0.8888888888888888, "#fdca26"], [1.0, "#f0f921"]]}], "choropleth": [{"type": "choropleth", "colorbar": {"outlinewidth": 0, "ticks": ""}}], "histogram2d": [{"type": "histogram2d", "colorbar": {"outlinewidth": 0, "ticks": ""}, "colorscale": [[0.0, "#0d0887"], [0.1111111111111111, "#46039f"], [0.2222222222222222, "#7201a8"], [0.3333333333333333, "#9c179e"], [0.4444444444444444, "#bd3786"], [0.5555555555555556, "#d8576b"], [0.6666666666666666, "#ed7953"], [0.7777777777777778, "#fb9f3a"], [0.8888888888888888, "#fdca26"], [1.0, "#f0f921"]]}], "heatmap": [{"type": "heatmap", "colorbar": {"outlinewidth": 0, "ticks": ""}, "colorscale": [[0.0, "#0d0887"], [0.1111111111111111, "#46039f"], [0.2222222222222222, "#7201a8"], [0.3333333333333333, "#9c179e"], [0.4444444444444444, "#bd3786"], [0.5555555555555556, "#d8576b"], [0.6666666666666666, "#ed7953"], [0.7777777777777778, "#fb9f3a"], [0.8888888888888888, "#fdca26"], [1.0, "#f0f921"]]}], "heatmapgl": [{"type": "heatmapgl", "colorbar": {"outlinewidth": 0, "ticks": ""}, "colorscale": [[0.0, "#0d0887"], [0.1111111111111111, "#46039f"], [0.2222222222222222, "#7201a8"], [0.3333333333333333, "#9c179e"], [0.4444444444444444, "#bd3786"], [0.5555555555555556, "#d8576b"], [0.6666666666666666, "#ed7953"], [0.7777777777777778, "#fb9f3a"], [0.8888888888888888, "#fdca26"], [1.0, "#f0f921"]]}], "contourcarpet": [{"type": "contourcarpet", "colorbar": {"outlinewidth": 0, "ticks": ""}}], "contour": [{"type": "contour", "colorbar": {"outlinewidth": 0, "ticks": ""}, "colorscale": [[0.0, "#0d0887"], [0.1111111111111111, "#46039f"], [0.2222222222222222, "#7201a8"], [0.3333333333333333, "#9c179e"], [0.4444444444444444, "#bd3786"], [0.5555555555555556, "#d8576b"], [0.6666666666666666, "#ed7953"], [0.7777777777777778, "#fb9f3a"], [0.8888888888888888, "#fdca26"], [1.0, "#f0f921"]]}], "surface": [{"type": "surface", "colorbar": {"outlinewidth": 0, "ticks": ""}, "colorscale": [[0.0, "#0d0887"], [0.1111111111111111, "#46039f"], [0.2222222222222222, "#7201a8"], [0.3333333333333333, "#9c179e"], [0.4444444444444444, "#bd3786"], [0.5555555555555556, "#d8576b"], [0.6666666666666666, "#ed7953"], [0.7777777777777778, "#fb9f3a"], [0.8888888888888888, "#fdca26"], [1.0, "#f0f921"]]}], "mesh3d": [{"type": "mesh3d", "colorbar": {"outlinewidth": 0, "ticks": ""}}], "scatter": [{"fillpattern": {"fillmode": "overlay", "size": 10, "solidity": 0.2}, "type": "scatter"}], "parcoords": [{"type": "parcoords", "line": {"colorbar": {"outlinewidth": 0, "ticks": ""}}}], "scatterpolargl": [{"type": "scatterpolargl", "marker": {"colorbar": {"outlinewidth": 0, "ticks": ""}}}], "bar": [{"error_x": {"color": "#2a3f5f"}, "error_y": {"color": "#2a3f5f"}, "marker": {"line": {"color": "#E5ECF6", "width": 0.5}, "pattern": {"fillmode": "overlay", "size": 10, "solidity": 0.2}}, "type": "bar"}], "scattergeo": [{"type": "scattergeo", "marker": {"colorbar": {"outlinewidth": 0, "ticks": ""}}}], "scatterpolar": [{"type": "scatterpolar", "marker": {"colorbar": {"outlinewidth": 0, "ticks": ""}}}], "histogram": [{"marker": {"pattern": {"fillmode": "overlay", "size": 10, "solidity": 0.2}}, "type": "histogram"}], "scattergl": [{"type": "scattergl", "marker": {"colorbar": {"outlinewidth": 0, "ticks": ""}}}], "scatter3d": [{"type": "scatter3d", "line": {"colorbar": {"outlinewidth": 0, "ticks": ""}}, "marker": {"colorbar": {"outlinewidth": 0, "ticks": ""}}}], "scattermapbox": [{"type": "scattermapbox", "marker": {"colorbar": {"outlinewidth": 0, "ticks": ""}}}], "scatterternary": [{"type": "scatterternary", "marker": {"colorbar": {"outlinewidth": 0, "ticks": ""}}}], "scattercarpet": [{"type": "scattercarpet", "marker": {"colorbar": {"outlinewidth": 0, "ticks": ""}}}], "carpet": [{"aaxis": {"endlinecolor": "#2a3f5f", "gridcolor": "white", "linecolor": "white", "minorgridcolor": "white", "startlinecolor": "#2a3f5f"}, "baxis": {"endlinecolor": "#2a3f5f", "gridcolor": "white", "linecolor": "white", "minorgridcolor": "white", "startlinecolor": "#2a3f5f"}, "type": "carpet"}], "table": [{"cells": {"fill": {"color": "#EBF0F8"}, "line": {"color": "white"}}, "header": {"fill": {"color": "#C8D4E3"}, "line": {"color": "white"}}, "type": "table"}], "barpolar": [{"marker": {"line": {"color": "#E5ECF6", "width": 0.5}, "pattern": {"fillmode": "overlay", "size": 10, "solidity": 0.2}}, "type": "barpolar"}], "pie": [{"automargin": true, "type": "pie"}]}, "layout": {"autotypenumbers": "strict", "colorway": ["#636efa", "#EF553B", "#00cc96", "#ab63fa", "#FFA15A", "#19d3f3", "#FF6692", "#B6E880", "#FF97FF", "#FECB52"], "font": {"color": "#2a3f5f"}, "hovermode": "closest", "hoverlabel": {"align": "left"}, "paper_bgcolor": "white", "plot_bgcolor": "#E5ECF6", "polar": {"bgcolor": "#E5ECF6", "angularaxis": {"gridcolor": "white", "linecolor": "white", "ticks": ""}, "radialaxis": {"gridcolor": "white", "linecolor": "white", "ticks": ""}}, "ternary": {"bgcolor": "#E5ECF6", "aaxis": {"gridcolor": "white", "linecolor": "white", "ticks": ""}, "baxis": {"gridcolor": "white", "linecolor": "white", "ticks": ""}, "caxis": {"gridcolor": "white", "linecolor": "white", "ticks": ""}}, "coloraxis": {"colorbar": {"outlinewidth": 0, "ticks": ""}}, "colorscale": {"sequential": [[0.0, "#0d0887"], [0.1111111111111111, "#46039f"], [0.2222222222222222, "#7201a8"], [0.3333333333333333, "#9c179e"], [0.4444444444444444, "#bd3786"], [0.5555555555555556, "#d8576b"], [0.6666666666666666, "#ed7953"], [0.7777777777777778, "#fb9f3a"], [0.8888888888888888, "#fdca26"], [1.0, "#f0f921"]], "sequentialminus": [[0.0, "#0d0887"], [0.1111111111111111, "#46039f"], [0.2222222222222222, "#7201a8"], [0.3333333333333333, "#9c179e"], [0.4444444444444444, "#bd3786"], [0.5555555555555556, "#d8576b"], [0.6666666666666666, "#ed7953"], [0.7777777777777778, "#fb9f3a"], [0.8888888888888888, "#fdca26"], [1.0, "#f0f921"]], "diverging": [[0, "#8e0152"], [0.1, "#c51b7d"], [0.2, "#de77ae"], [0.3, "#f1b6da"], [0.4, "#fde0ef"], [0.5, "#f7f7f7"], [0.6, "#e6f5d0"], [0.7, "#b8e186"], [0.8, "#7fbc41"], [0.9, "#4d9221"], [1, "#276419"]]}, "xaxis": {"gridcolor": "white", "linecolor": "white", "ticks": "", "title": {"standoff": 15}, "zerolinecolor": "white", "automargin": true, "zerolinewidth": 2}, "yaxis": {"gridcolor": "white", "linecolor": "white", "ticks": "", "title": {"standoff": 15}, "zerolinecolor": "white", "automargin": true, "zerolinewidth": 2}, "scene": {"xaxis": {"backgroundcolor": "#E5ECF6", "gridcolor": "white", "linecolor": "white", "showbackground": true, "ticks": "", "zerolinecolor": "white", "gridwidth": 2}, "yaxis": {"backgroundcolor": "#E5ECF6", "gridcolor": "white", "linecolor": "white", "showbackground": true, "ticks": "", "zerolinecolor": "white", "gridwidth": 2}, "zaxis": {"backgroundcolor": "#E5ECF6", "gridcolor": "white", "linecolor": "white", "showbackground": true, "ticks": "", "zerolinecolor": "white", "gridwidth": 2}}, "shapedefaults": {"line": {"color": "#2a3f5f"}}, "annotationdefaults": {"arrowcolor": "#2a3f5f", "arrowhead": 0, "arrowwidth": 1}, "geo": {"bgcolor": "white", "landcolor": "#E5ECF6", "subunitcolor": "white", "showland": true, "showlakes": true, "lakecolor": "white"}, "title": {"x": 0.05}, "mapbox": {"style": "light"}}}}}