{"data": [{"z": [[16.72555923461914, 2.7162582874298096, -5.354374408721924, -1.9586353302001953, 3.4029853343963623, 3.015160083770752, 0.20743857324123383, 1.3977621793746948, 0.2455415576696396, 2.131450653076172, -2.7990071773529053, -0.5241433382034302, 5.189579010009766, -4.979721546173096, -0.05281563103199005, -1.9995008707046509, -1.3441795110702515, -1.1506223678588867, 2.6391682624816895, 2.4688262939453125, -2.001049280166626], [2.7162582874298096, 20.647506713867188, 1.1713156700134277, -6.128101348876953, 2.9480931758880615, -3.516660451889038, -3.182703971862793, 1.4849474430084229, -0.6431175470352173, -2.273764133453369, -7.625179767608643, 2.1882379055023193, 9.398031234741211, -4.313721179962158, 5.132847309112549, 5.950314521789551, 1.2719731330871582, 1.408240556716919, -1.2094963788986206, 2.4176459312438965, -4.000871181488037], [-5.354374408721924, 1.1713156700134277, 19.57542610168457, -4.584198951721191, -0.07453318685293198, 0.3593982458114624, 3.6727681159973145, 3.625544786453247, -0.4491947293281555, 2.148043394088745, -1.2160347700119019, -2.336179256439209, 0.03002898022532463, 1.001704216003418, -4.256942272186279, 4.691104888916016, 5.583071231842041, 2.1923844814300537, -5.089206218719482, 3.5564422607421875, -6.542644500732422], [-1.9586353302001953, -6.128101348876953, -4.584198951721191, 22.754756927490234, 1.1216148138046265, -1.372331976890564, -4.269500732421875, -5.340448379516602, -2.9692370891571045, -2.2897894382476807, -6.242407321929932, -2.1699373722076416, -0.7492221593856812, 2.473381996154785, -1.7622982263565063, -4.388561248779297, 2.1332755088806152, -2.627957820892334, -1.818498134613037, 3.932061195373535, 1.8245856761932373], [3.4029853343963623, 2.9480931758880615, -0.07453318685293198, 1.1216148138046265, 19.552188873291016, 2.5567495822906494, 5.749568939208984, -5.699193954467773, -0.323045015335083, -6.106517314910889, -1.7511478662490845, -4.588257312774658, 1.5770894289016724, 4.796013832092285, 4.304771900177002, -3.9034793376922607, 7.100086688995361, 0.005115866661071777, 5.8359198570251465, 6.689533233642578, -3.4127814769744873], [3.015160083770752, -3.516660451889038, 0.3593982458114624, -1.372331976890564, 2.5567495822906494, 20.41138458251953, 2.530202627182007, 6.074801921844482, 1.5804556608200073, 6.075802803039551, -5.795470237731934, -0.8327488899230957, 1.9220396280288696, -6.955928325653076, 2.41960072517395, 3.584639072418213, -4.346170425415039, -1.796098232269287, 2.4718737602233887, -2.5118215084075928, -4.886991024017334], [0.20743857324123383, -3.182703971862793, 3.6727681159973145, -4.269500732421875, 5.749568939208984, 2.530202627182007, 33.410037994384766, -3.5205554962158203, -1.5134090185165405, 4.755032062530518, 7.9002532958984375, 8.633735656738281, -7.228377819061279, 5.013699531555176, 5.038737773895264, -7.393377780914307, 0.5490009784698486, 0.4409468173980713, 1.69000244140625, 9.500534057617188, -5.6945624351501465], [1.3977621793746948, 1.4849474430084229, 3.625544786453247, -5.340448379516602, -5.699193954467773, 6.074801921844482, -3.5205554962158203, 19.202194213867188, 1.1879619359970093, 2.661655902862549, 0.43901845812797546, 7.336136817932129, -4.380136013031006, -3.7787017822265625, 0.9398494958877563, 5.341780662536621, -4.8941802978515625, -1.168175220489502, -0.02296823263168335, -1.3231037855148315, 0.15536892414093018], [0.2455415576696396, -0.6431175470352173, -0.4491947293281555, -2.9692370891571045, -0.323045015335083, 1.5804556608200073, -1.5134090185165405, 1.1879619359970093, 17.422800064086914, 4.208340167999268, 5.510566234588623, -2.9895966053009033, -7.33192777633667, 5.0257182121276855, 1.888633131980896, -3.7426624298095703, -5.40077018737793, 1.4264702796936035, 1.3828339576721191, -0.5246683359146118, 3.3024606704711914], [2.131450653076172, -2.273764133453369, 2.148043394088745, -2.2897894382476807, -6.106517314910889, 6.075802803039551, 4.755032062530518, 2.661655902862549, 4.208340167999268, 15.914182662963867, -2.9260244369506836, 6.444262981414795, -1.6666990518569946, -2.3833746910095215, -8.319547653198242, 3.811629056930542, -4.192599296569824, -0.018767356872558594, -4.366335391998291, -5.005221366882324, 1.3112246990203857], [-2.7990071773529053, -7.625179767608643, -1.2160347700119019, -6.242407321929932, -1.7511478662490845, -5.795470237731934, 7.9002532958984375, 0.43901845812797546, 5.510566234588623, -2.9260244369506836, 29.76311492919922, 3.5795018672943115, -9.682300567626953, 10.4663667678833, 3.582793712615967, -3.7077748775482178, -2.442448854446411, 1.7432224750518799, -0.20854568481445312, -8.199728965759277, 9.001096725463867], [-0.5241433382034302, 2.1882379055023193, -2.336179256439209, -2.1699373722076416, -4.588257312774658, -0.8327488899230957, 8.633735656738281, 7.336136817932129, -2.9895966053009033, 6.444262981414795, 3.5795018672943115, 26.42946434020996, -7.5392374992370605, -0.5987519025802612, 0.8837249875068665, 6.032312870025635, -5.9041314125061035, 3.252210855484009, -2.311790704727173, -5.182100296020508, 5.500037670135498], [5.189579010009766, 9.398031234741211, 0.03002898022532463, -0.7492221593856812, 1.5770894289016724, 1.9220396280288696, -7.228377819061279, -4.380136013031006, -7.33192777633667, -1.6666990518569946, -9.682300567626953, -7.5392374992370605, 42.4581184387207, -6.184789657592773, -7.472988605499268, 4.3228278160095215, 5.431956768035889, 0.14449501037597656, -16.804698944091797, 7.8770833015441895, -3.6653637886047363], [-4.979721546173096, -4.313721179962158, 1.001704216003418, 2.473381996154785, 4.796013832092285, -6.955928325653076, 5.013699531555176, -3.7787017822265625, 5.0257182121276855, -2.3833746910095215, 10.4663667678833, -0.5987519025802612, -6.184789657592773, 17.418855667114258, -3.8421401977539062, -0.6888079643249512, 3.2186622619628906, 0.1223723292350769, 0.28249311447143555, 3.0837793350219727, 10.636093139648438], [-0.05281563103199005, 5.132847309112549, -4.256942272186279, -1.7622982263565063, 4.304771900177002, 2.41960072517395, 5.038737773895264, 0.9398494958877563, 1.888633131980896, -8.319547653198242, 3.582793712615967, 0.8837249875068665, -7.472988605499268, -3.8421401977539062, 28.691692352294922, -5.871275901794434, 3.3527417182922363, 3.2387003898620605, 13.150426864624023, -1.4533162117004395, -3.723881483078003], [-1.9995008707046509, 5.950314521789551, 4.691104888916016, -4.388561248779297, -3.9034793376922607, 3.584639072418213, -7.393377780914307, 5.341780662536621, -3.7426624298095703, 3.811629056930542, -3.7077748775482178, 6.032312870025635, 4.3228278160095215, -0.6888079643249512, -5.871275901794434, 24.737316131591797, -6.838100910186768, -0.38459861278533936, 4.011897087097168, -8.292329788208008, 5.514259338378906], [-1.3441791534423828, 1.27197265625, 5.583071708679199, 2.133275270462036, 7.1000871658325195, -4.346170425415039, 0.5490005016326904, -4.894179821014404, -5.400771141052246, -4.192599773406982, -2.4424493312835693, -5.9041314125061035, 5.431957721710205, 3.2186620235443115, 3.352741241455078, -6.838100910186768, 34.32334899902344, 4.054320335388184, -3.2460203170776367, -6.7249298095703125, -0.5152386426925659], [-1.1506221294403076, 1.408240556716919, 2.1923842430114746, -2.627957820892334, 0.0051160226576030254, -1.7960981130599976, 0.4409468472003937, -1.1681753396987915, 1.4264702796936035, -0.018767334520816803, 1.743222713470459, 3.2522106170654297, 0.1444946676492691, 0.12237243354320526, 3.2387001514434814, -0.38459885120391846, 4.054320335388184, 12.544228553771973, -3.4813246726989746, -3.667271137237549, 0.024955332279205322], [2.639167308807373, -1.2094972133636475, -5.089206695556641, -1.8184984922409058, 5.83591890335083, 2.4718735218048096, 1.6900025606155396, -0.02296825312077999, 1.382833480834961, -4.366335391998291, -0.20854607224464417, -2.3117904663085938, -16.80470085144043, 0.2824930250644684, 13.150426864624023, 4.011897563934326, -3.2460203170776367, -3.4813246726989746, 32.650177001953125, -0.9796302318572998, -0.9866829514503479], [2.4688260555267334, 2.417646646499634, 3.5564424991607666, 3.932060718536377, 6.689533233642578, -2.5118215084075928, 9.500534057617188, -1.3231035470962524, -0.524668276309967, -5.005220890045166, -8.199728965759277, -5.18209981918335, 7.877082824707031, 3.0837788581848145, -1.4533166885375977, -8.292328834533691, -6.7249298095703125, -3.667271137237549, -0.9796302318572998, 38.629310607910156, -3.3668429851531982], [-2.001049280166626, -4.000871181488037, -6.5426435470581055, 1.8245859146118164, -3.412781000137329, -4.886992454528809, -5.6945624351501465, 0.15536880493164062, 3.3024606704711914, 1.3112250566482544, 9.001097679138184, 5.50003719329834, -3.6653645038604736, 10.636093139648438, -3.7238810062408447, 5.514258861541748, -0.5152390599250793, 0.024955302476882935, -0.9866824150085449, -3.3668437004089355, 35.899986267089844]], "type": "heatmap"}], "layout": {"template": {"data": {"histogram2dcontour": [{"type": "histogram2dcontour", "colorbar": {"outlinewidth": 0, "ticks": ""}, "colorscale": [[0.0, "#0d0887"], [0.1111111111111111, "#46039f"], [0.2222222222222222, "#7201a8"], [0.3333333333333333, "#9c179e"], [0.4444444444444444, "#bd3786"], [0.5555555555555556, "#d8576b"], [0.6666666666666666, "#ed7953"], [0.7777777777777778, "#fb9f3a"], [0.8888888888888888, "#fdca26"], [1.0, "#f0f921"]]}], "choropleth": [{"type": "choropleth", "colorbar": {"outlinewidth": 0, "ticks": ""}}], "histogram2d": [{"type": "histogram2d", "colorbar": {"outlinewidth": 0, "ticks": ""}, "colorscale": [[0.0, "#0d0887"], [0.1111111111111111, "#46039f"], [0.2222222222222222, "#7201a8"], [0.3333333333333333, "#9c179e"], [0.4444444444444444, "#bd3786"], [0.5555555555555556, "#d8576b"], [0.6666666666666666, "#ed7953"], [0.7777777777777778, "#fb9f3a"], [0.8888888888888888, "#fdca26"], [1.0, "#f0f921"]]}], "heatmap": [{"type": "heatmap", "colorbar": {"outlinewidth": 0, "ticks": ""}, "colorscale": [[0.0, "#0d0887"], [0.1111111111111111, "#46039f"], [0.2222222222222222, "#7201a8"], [0.3333333333333333, "#9c179e"], [0.4444444444444444, "#bd3786"], [0.5555555555555556, "#d8576b"], [0.6666666666666666, "#ed7953"], [0.7777777777777778, "#fb9f3a"], [0.8888888888888888, "#fdca26"], [1.0, "#f0f921"]]}], "heatmapgl": [{"type": "heatmapgl", "colorbar": {"outlinewidth": 0, "ticks": ""}, "colorscale": [[0.0, "#0d0887"], [0.1111111111111111, "#46039f"], [0.2222222222222222, "#7201a8"], [0.3333333333333333, "#9c179e"], [0.4444444444444444, "#bd3786"], [0.5555555555555556, "#d8576b"], [0.6666666666666666, "#ed7953"], [0.7777777777777778, "#fb9f3a"], [0.8888888888888888, "#fdca26"], [1.0, "#f0f921"]]}], "contourcarpet": [{"type": "contourcarpet", "colorbar": {"outlinewidth": 0, "ticks": ""}}], "contour": [{"type": "contour", "colorbar": {"outlinewidth": 0, "ticks": ""}, "colorscale": [[0.0, "#0d0887"], [0.1111111111111111, "#46039f"], [0.2222222222222222, "#7201a8"], [0.3333333333333333, "#9c179e"], [0.4444444444444444, "#bd3786"], [0.5555555555555556, "#d8576b"], [0.6666666666666666, "#ed7953"], [0.7777777777777778, "#fb9f3a"], [0.8888888888888888, "#fdca26"], [1.0, "#f0f921"]]}], "surface": [{"type": "surface", "colorbar": {"outlinewidth": 0, "ticks": ""}, "colorscale": [[0.0, "#0d0887"], [0.1111111111111111, "#46039f"], [0.2222222222222222, "#7201a8"], [0.3333333333333333, "#9c179e"], [0.4444444444444444, "#bd3786"], [0.5555555555555556, "#d8576b"], [0.6666666666666666, "#ed7953"], [0.7777777777777778, "#fb9f3a"], [0.8888888888888888, "#fdca26"], [1.0, "#f0f921"]]}], "mesh3d": [{"type": "mesh3d", "colorbar": {"outlinewidth": 0, "ticks": ""}}], "scatter": [{"fillpattern": {"fillmode": "overlay", "size": 10, "solidity": 0.2}, "type": "scatter"}], "parcoords": [{"type": "parcoords", "line": {"colorbar": {"outlinewidth": 0, "ticks": ""}}}], "scatterpolargl": [{"type": "scatterpolargl", "marker": {"colorbar": {"outlinewidth": 0, "ticks": ""}}}], "bar": [{"error_x": {"color": "#2a3f5f"}, "error_y": {"color": "#2a3f5f"}, "marker": {"line": {"color": "#E5ECF6", "width": 0.5}, "pattern": {"fillmode": "overlay", "size": 10, "solidity": 0.2}}, "type": "bar"}], "scattergeo": [{"type": "scattergeo", "marker": {"colorbar": {"outlinewidth": 0, "ticks": ""}}}], "scatterpolar": [{"type": "scatterpolar", "marker": {"colorbar": {"outlinewidth": 0, "ticks": ""}}}], "histogram": [{"marker": {"pattern": {"fillmode": "overlay", "size": 10, "solidity": 0.2}}, "type": "histogram"}], "scattergl": [{"type": "scattergl", "marker": {"colorbar": {"outlinewidth": 0, "ticks": ""}}}], "scatter3d": [{"type": "scatter3d", "line": {"colorbar": {"outlinewidth": 0, "ticks": ""}}, "marker": {"colorbar": {"outlinewidth": 0, "ticks": ""}}}], "scattermapbox": [{"type": "scattermapbox", "marker": {"colorbar": {"outlinewidth": 0, "ticks": ""}}}], "scatterternary": [{"type": "scatterternary", "marker": {"colorbar": {"outlinewidth": 0, "ticks": ""}}}], "scattercarpet": [{"type": "scattercarpet", "marker": {"colorbar": {"outlinewidth": 0, "ticks": ""}}}], "carpet": [{"aaxis": {"endlinecolor": "#2a3f5f", "gridcolor": "white", "linecolor": "white", "minorgridcolor": "white", "startlinecolor": "#2a3f5f"}, "baxis": {"endlinecolor": "#2a3f5f", "gridcolor": "white", "linecolor": "white", "minorgridcolor": "white", "startlinecolor": "#2a3f5f"}, "type": "carpet"}], "table": [{"cells": {"fill": {"color": "#EBF0F8"}, "line": {"color": "white"}}, "header": {"fill": {"color": "#C8D4E3"}, "line": {"color": "white"}}, "type": "table"}], "barpolar": [{"marker": {"line": {"color": "#E5ECF6", "width": 0.5}, "pattern": {"fillmode": "overlay", "size": 10, "solidity": 0.2}}, "type": "barpolar"}], "pie": [{"automargin": true, "type": "pie"}]}, "layout": {"autotypenumbers": "strict", "colorway": ["#636efa", "#EF553B", "#00cc96", "#ab63fa", "#FFA15A", "#19d3f3", "#FF6692", "#B6E880", "#FF97FF", "#FECB52"], "font": {"color": "#2a3f5f"}, "hovermode": "closest", "hoverlabel": {"align": "left"}, "paper_bgcolor": "white", "plot_bgcolor": "#E5ECF6", "polar": {"bgcolor": "#E5ECF6", "angularaxis": {"gridcolor": "white", "linecolor": "white", "ticks": ""}, "radialaxis": {"gridcolor": "white", "linecolor": "white", "ticks": ""}}, "ternary": {"bgcolor": "#E5ECF6", "aaxis": {"gridcolor": "white", "linecolor": "white", "ticks": ""}, "baxis": {"gridcolor": "white", "linecolor": "white", "ticks": ""}, "caxis": {"gridcolor": "white", "linecolor": "white", "ticks": ""}}, "coloraxis": {"colorbar": {"outlinewidth": 0, "ticks": ""}}, "colorscale": {"sequential": [[0.0, "#0d0887"], [0.1111111111111111, "#46039f"], [0.2222222222222222, "#7201a8"], [0.3333333333333333, "#9c179e"], [0.4444444444444444, "#bd3786"], [0.5555555555555556, "#d8576b"], [0.6666666666666666, "#ed7953"], [0.7777777777777778, "#fb9f3a"], [0.8888888888888888, "#fdca26"], [1.0, "#f0f921"]], "sequentialminus": [[0.0, "#0d0887"], [0.1111111111111111, "#46039f"], [0.2222222222222222, "#7201a8"], [0.3333333333333333, "#9c179e"], [0.4444444444444444, "#bd3786"], [0.5555555555555556, "#d8576b"], [0.6666666666666666, "#ed7953"], [0.7777777777777778, "#fb9f3a"], [0.8888888888888888, "#fdca26"], [1.0, "#f0f921"]], "diverging": [[0, "#8e0152"], [0.1, "#c51b7d"], [0.2, "#de77ae"], [0.3, "#f1b6da"], [0.4, "#fde0ef"], [0.5, "#f7f7f7"], [0.6, "#e6f5d0"], [0.7, "#b8e186"], [0.8, "#7fbc41"], [0.9, "#4d9221"], [1, "#276419"]]}, "xaxis": {"gridcolor": "white", "linecolor": "white", "ticks": "", "title": {"standoff": 15}, "zerolinecolor": "white", "automargin": true, "zerolinewidth": 2}, "yaxis": {"gridcolor": "white", "linecolor": "white", "ticks": "", "title": {"standoff": 15}, "zerolinecolor": "white", "automargin": true, "zerolinewidth": 2}, "scene": {"xaxis": {"backgroundcolor": "#E5ECF6", "gridcolor": "white", "linecolor": "white", "showbackground": true, "ticks": "", "zerolinecolor": "white", "gridwidth": 2}, "yaxis": {"backgroundcolor": "#E5ECF6", "gridcolor": "white", "linecolor": "white", "showbackground": true, "ticks": "", "zerolinecolor": "white", "gridwidth": 2}, "zaxis": {"backgroundcolor": "#E5ECF6", "gridcolor": "white", "linecolor": "white", "showbackground": true, "ticks": "", "zerolinecolor": "white", "gridwidth": 2}}, "shapedefaults": {"line": {"color": "#2a3f5f"}}, "annotationdefaults": {"arrowcolor": "#2a3f5f", "arrowhead": 0, "arrowwidth": 1}, "geo": {"bgcolor": "white", "landcolor": "#E5ECF6", "subunitcolor": "white", "showland": true, "showlakes": true, "lakecolor": "white"}, "title": {"x": 0.05}, "mapbox": {"style": "light"}}}}}