{"data": [{"z": [[16.71619987487793, 2.724181890487671, -5.340017318725586, -1.9601795673370361, 3.4083781242370605, 3.0155961513519287, 0.21871335804462433, 1.4069514274597168, 0.25271299481391907, 2.136948347091675, -2.7803306579589844, -0.5124928951263428, 5.192009925842285, -4.961691379547119, -0.043423209339380264, -1.986808180809021, -1.328503131866455, -1.1318656206130981, 2.6421403884887695, 2.4731178283691406, -1.9965665340423584], [2.724181890487671, 20.640647888183594, 1.1721394062042236, -6.1167521476745605, 2.9504916667938232, -3.5093791484832764, -3.1838996410369873, 1.4879827499389648, -0.6337173581123352, -2.2659971714019775, -7.6208648681640625, 2.1889352798461914, 9.399958610534668, -4.304107666015625, 5.133844375610352, 5.950588703155518, 1.2777585983276367, 1.4155974388122559, -1.2079260349273682, 2.4259915351867676, -3.9991941452026367], [-5.340017318725586, 1.1721394062042236, 19.572952270507812, -4.571197986602783, -0.07037412375211716, 0.368594229221344, 3.6668701171875, 3.6310036182403564, -0.43673935532569885, 2.1566922664642334, -1.217629313468933, -2.3351378440856934, 0.04128602147102356, 1.005285620689392, -4.2536749839782715, 4.692492961883545, 5.587854385375977, 2.1959283351898193, -5.081636428833008, 3.568648338317871, -6.543471813201904], [-1.9601795673370361, -6.1167521476745605, -4.571197986602783, 22.7523136138916, 1.1258337497711182, -1.3720978498458862, -4.260013580322266, -5.325770378112793, -2.969594717025757, -2.2895565032958984, -6.229595184326172, -2.15810489654541, -0.7494170665740967, 2.4734714031219482, -1.7523133754730225, -4.373202323913574, 2.137516498565674, -2.6207292079925537, -1.8098649978637695, 3.929194450378418, 1.8265844583511353], [3.4083781242370605, 2.9504916667938232, -0.07037412375211716, 1.1258337497711182, 19.5465087890625, 2.5613229274749756, 5.748715400695801, -5.685606002807617, -0.31611311435699463, -6.097477912902832, -1.7437851428985596, -4.576834201812744, 1.5799967050552368, 4.7991204261779785, 4.307845592498779, -3.895163059234619, 7.106719017028809, 0.012472152709960938, 5.840349197387695, 6.691459655761719, -3.411257028579712], [3.0155961513519287, -3.5093791484832764, 0.368594229221344, -1.3720978498458862, 2.5613229274749756, 20.40250015258789, 2.5382776260375977, 6.078878402709961, 1.585555911064148, 6.078431606292725, -5.778763771057129, -0.8262518048286438, 1.9263243675231934, -6.939769268035889, 2.4250330924987793, 3.5884406566619873, -4.326820373535156, -1.7823418378829956, 2.473829507827759, -2.5022289752960205, -4.882833957672119], [0.21871335804462433, -3.1838996410369873, 3.6668701171875, -4.260013580322266, 5.748715400695801, 2.5382776260375977, 33.39705276489258, -3.520725965499878, -1.5051023960113525, 4.758594036102295, 7.891146659851074, 8.627923011779785, -7.216953277587891, 5.008705139160156, 5.034740924835205, -7.395893096923828, 0.5503185987472534, 0.441298246383667, 1.6929688453674316, 9.506450653076172, -5.696198463439941], [1.4069514274597168, 1.4879827499389648, 3.6310036182403564, -5.325770378112793, -5.685606002807617, 6.078878402709961, -3.520725965499878, 19.197412490844727, 1.2012513875961304, 2.6680338382720947, 0.43964457511901855, 7.329713344573975, -4.361177444458008, -3.766479253768921, 0.9449917078018188, 5.343861103057861, -4.874936103820801, -1.1562423706054688, -0.01870596408843994, -1.3018741607666016, 0.15795481204986572], [0.25271299481391907, -0.6337173581123352, -0.43673935532569885, -2.969594717025757, -0.31611311435699463, 1.585555911064148, -1.5051023960113525, 1.2012513875961304, 17.421422958374023, 4.212196350097656, 5.526123046875, -2.9763665199279785, -7.319547653198242, 5.034843921661377, 1.8999481201171875, -3.727057695388794, -5.382078170776367, 1.439391851425171, 1.3926234245300293, -0.5167933702468872, 3.3061110973358154], [2.136948347091675, -2.2659971714019775, 2.1566922664642334, -2.2895565032958984, -6.097477912902832, 6.078431606292725, 4.758594036102295, 2.6680338382720947, 4.212196350097656, 15.913673400878906, -2.9178946018218994, 6.4468092918396, -1.6561613082885742, -2.37017560005188, -8.308830261230469, 3.8208065032958984, -4.1832051277160645, -0.00792190432548523, -4.364364147186279, -4.988372802734375, 1.3162840604782104], [-2.7803306579589844, -7.6208648681640625, -1.217629313468933, -6.229595184326172, -1.7437851428985596, -5.778763771057129, 7.891146659851074, 0.43964457511901855, 5.526123046875, -2.9178946018218994, 29.74720001220703, 3.5733394622802734, -9.662906646728516, 10.459746360778809, 3.583117723464966, -3.70632266998291, -2.4378292560577393, 1.745376467704773, -0.20486092567443848, -8.181882858276367, 9.002334594726562], [-0.5124928951263428, 2.1889352798461914, -2.3351378440856934, -2.15810489654541, -4.576834201812744, -0.8262518048286438, 8.627923011779785, 7.329713344573975, -2.9763665199279785, 6.4468092918396, 3.5733394622802734, 26.410842895507812, -7.52305793762207, -0.5918601751327515, 0.8853393197059631, 6.029307842254639, -5.892345905303955, 3.2557272911071777, -2.3091230392456055, -5.15741491317749, 5.501979827880859], [5.192009925842285, 9.399958610534668, 0.04128602147102356, -0.7494170665740967, 1.5799967050552368, 1.9263243675231934, -7.216953277587891, -4.361177444458008, -7.319547653198242, -1.6561613082885742, -9.662906646728516, -7.52305793762207, 42.4421272277832, -6.169260501861572, -7.465396404266357, 4.333164691925049, 5.441124439239502, 0.15786170959472656, -16.792335510253906, 7.8795318603515625, -3.6622843742370605], [-4.961691379547119, -4.304107666015625, 1.005285620689392, 2.4734714031219482, 4.7991204261779785, -6.939769268035889, 5.008705139160156, -3.766479253768921, 5.034843921661377, -2.37017560005188, 10.459746360778809, -0.5918601751327515, -6.169260501861572, 17.404808044433594, -3.8343777656555176, -0.6804069876670837, 3.221405029296875, 0.125893235206604, 0.28966403007507324, 3.0918068885803223, 10.631111145019531], [-0.043423209339380264, 5.133844375610352, -4.2536749839782715, -1.7523133754730225, 4.307845592498779, 2.4250330924987793, 5.034740924835205, 0.9449917078018188, 1.8999481201171875, -8.308830261230469, 3.583117723464966, 0.8853393197059631, -7.465396404266357, -3.8343777656555176, 28.688156127929688, -5.8689703941345215, 3.362675428390503, 3.2474095821380615, 13.15145492553711, -1.4415283203125, -3.722479820251465], [-1.986808180809021, 5.950588703155518, 4.692492961883545, -4.373202323913574, -3.895163059234619, 3.5884406566619873, -7.395893096923828, 5.343861103057861, -3.727057695388794, 3.8208065032958984, -3.70632266998291, 6.029307842254639, 4.333164691925049, -0.6804069876670837, -5.8689703941345215, 24.734949111938477, -6.822083950042725, -0.3752032518386841, 4.012530326843262, -8.272085189819336, 5.515466690063477], [-1.3285034894943237, 1.2777585983276367, 5.587853908538818, 2.137516498565674, 7.106719017028809, -4.326819896697998, 0.5503184795379639, -4.874936580657959, -5.382077693939209, -4.183204650878906, -2.4378292560577393, -5.892345905303955, 5.44112491607666, 3.221405506134033, 3.362675189971924, -6.822083473205566, 34.313995361328125, 4.058786869049072, -3.230253219604492, -6.708410263061523, -0.5134140253067017], [-1.1318657398223877, 1.4155981540679932, 2.1959283351898193, -2.6207289695739746, 0.012471827678382397, -1.7823419570922852, 0.4412984549999237, -1.1562427282333374, 1.4393919706344604, -0.007921748794615269, 1.7453763484954834, 3.2557272911071777, 0.15786175429821014, 0.1258932501077652, 3.2474095821380615, -0.37520337104797363, 4.058786869049072, 12.547558784484863, -3.469813823699951, -3.6459274291992188, 0.026325732469558716], [2.642141580581665, -1.2079265117645264, -5.081636428833008, -1.8098657131195068, 5.840348243713379, 2.473829746246338, 1.6929689645767212, -0.018705910071730614, 1.3926243782043457, -4.364364147186279, -0.204860657453537, -2.3091225624084473, -16.792335510253906, 0.2896639406681061, 13.151453971862793, 4.012530326843262, -3.230253219604492, -3.469813823699951, 32.64431381225586, -0.969721794128418, -0.9856442213058472], [2.473118543624878, 2.425992012023926, 3.56864857673645, 3.929194211959839, 6.691460132598877, -2.5022292137145996, 9.506450653076172, -1.3018741607666016, -0.5167937874794006, -4.988372802734375, -8.18188190460205, -5.157415390014648, 7.879531383514404, 3.0918076038360596, -1.4415290355682373, -8.272085189819336, -6.708410263061523, -3.6459274291992188, -0.969721794128418, 38.61793899536133, -3.362914800643921], [-1.996565818786621, -3.9991941452026367, -6.543472766876221, 1.8265843391418457, -3.41125750541687, -4.8828325271606445, -5.696198463439941, 0.15795469284057617, 3.3061113357543945, 1.3162837028503418, 9.002334594726562, 5.501980781555176, -3.6622838973999023, 10.631110191345215, -3.722479820251465, 5.515467643737793, -0.513414204120636, 0.026325851678848267, -0.9856433868408203, -3.362915515899658, 35.899986267089844]], "type": "heatmap"}], "layout": {"template": {"data": {"histogram2dcontour": [{"type": "histogram2dcontour", "colorbar": {"outlinewidth": 0, "ticks": ""}, "colorscale": [[0.0, "#0d0887"], [0.1111111111111111, "#46039f"], [0.2222222222222222, "#7201a8"], [0.3333333333333333, "#9c179e"], [0.4444444444444444, "#bd3786"], [0.5555555555555556, "#d8576b"], [0.6666666666666666, "#ed7953"], [0.7777777777777778, "#fb9f3a"], [0.8888888888888888, "#fdca26"], [1.0, "#f0f921"]]}], "choropleth": [{"type": "choropleth", "colorbar": {"outlinewidth": 0, "ticks": ""}}], "histogram2d": [{"type": "histogram2d", "colorbar": {"outlinewidth": 0, "ticks": ""}, "colorscale": [[0.0, "#0d0887"], [0.1111111111111111, "#46039f"], [0.2222222222222222, "#7201a8"], [0.3333333333333333, "#9c179e"], [0.4444444444444444, "#bd3786"], [0.5555555555555556, "#d8576b"], [0.6666666666666666, "#ed7953"], [0.7777777777777778, "#fb9f3a"], [0.8888888888888888, "#fdca26"], [1.0, "#f0f921"]]}], "heatmap": [{"type": "heatmap", "colorbar": {"outlinewidth": 0, "ticks": ""}, "colorscale": [[0.0, "#0d0887"], [0.1111111111111111, "#46039f"], [0.2222222222222222, "#7201a8"], [0.3333333333333333, "#9c179e"], [0.4444444444444444, "#bd3786"], [0.5555555555555556, "#d8576b"], [0.6666666666666666, "#ed7953"], [0.7777777777777778, "#fb9f3a"], [0.8888888888888888, "#fdca26"], [1.0, "#f0f921"]]}], "heatmapgl": [{"type": "heatmapgl", "colorbar": {"outlinewidth": 0, "ticks": ""}, "colorscale": [[0.0, "#0d0887"], [0.1111111111111111, "#46039f"], [0.2222222222222222, "#7201a8"], [0.3333333333333333, "#9c179e"], [0.4444444444444444, "#bd3786"], [0.5555555555555556, "#d8576b"], [0.6666666666666666, "#ed7953"], [0.7777777777777778, "#fb9f3a"], [0.8888888888888888, "#fdca26"], [1.0, "#f0f921"]]}], "contourcarpet": [{"type": "contourcarpet", "colorbar": {"outlinewidth": 0, "ticks": ""}}], "contour": [{"type": "contour", "colorbar": {"outlinewidth": 0, "ticks": ""}, "colorscale": [[0.0, "#0d0887"], [0.1111111111111111, "#46039f"], [0.2222222222222222, "#7201a8"], [0.3333333333333333, "#9c179e"], [0.4444444444444444, "#bd3786"], [0.5555555555555556, "#d8576b"], [0.6666666666666666, "#ed7953"], [0.7777777777777778, "#fb9f3a"], [0.8888888888888888, "#fdca26"], [1.0, "#f0f921"]]}], "surface": [{"type": "surface", "colorbar": {"outlinewidth": 0, "ticks": ""}, "colorscale": [[0.0, "#0d0887"], [0.1111111111111111, "#46039f"], [0.2222222222222222, "#7201a8"], [0.3333333333333333, "#9c179e"], [0.4444444444444444, "#bd3786"], [0.5555555555555556, "#d8576b"], [0.6666666666666666, "#ed7953"], [0.7777777777777778, "#fb9f3a"], [0.8888888888888888, "#fdca26"], [1.0, "#f0f921"]]}], "mesh3d": [{"type": "mesh3d", "colorbar": {"outlinewidth": 0, "ticks": ""}}], "scatter": [{"fillpattern": {"fillmode": "overlay", "size": 10, "solidity": 0.2}, "type": "scatter"}], "parcoords": [{"type": "parcoords", "line": {"colorbar": {"outlinewidth": 0, "ticks": ""}}}], "scatterpolargl": [{"type": "scatterpolargl", "marker": {"colorbar": {"outlinewidth": 0, "ticks": ""}}}], "bar": [{"error_x": {"color": "#2a3f5f"}, "error_y": {"color": "#2a3f5f"}, "marker": {"line": {"color": "#E5ECF6", "width": 0.5}, "pattern": {"fillmode": "overlay", "size": 10, "solidity": 0.2}}, "type": "bar"}], "scattergeo": [{"type": "scattergeo", "marker": {"colorbar": {"outlinewidth": 0, "ticks": ""}}}], "scatterpolar": [{"type": "scatterpolar", "marker": {"colorbar": {"outlinewidth": 0, "ticks": ""}}}], "histogram": [{"marker": {"pattern": {"fillmode": "overlay", "size": 10, "solidity": 0.2}}, "type": "histogram"}], "scattergl": [{"type": "scattergl", "marker": {"colorbar": {"outlinewidth": 0, "ticks": ""}}}], "scatter3d": [{"type": "scatter3d", "line": {"colorbar": {"outlinewidth": 0, "ticks": ""}}, "marker": {"colorbar": {"outlinewidth": 0, "ticks": ""}}}], "scattermapbox": [{"type": "scattermapbox", "marker": {"colorbar": {"outlinewidth": 0, "ticks": ""}}}], "scatterternary": [{"type": "scatterternary", "marker": {"colorbar": {"outlinewidth": 0, "ticks": ""}}}], "scattercarpet": [{"type": "scattercarpet", "marker": {"colorbar": {"outlinewidth": 0, "ticks": ""}}}], "carpet": [{"aaxis": {"endlinecolor": "#2a3f5f", "gridcolor": "white", "linecolor": "white", "minorgridcolor": "white", "startlinecolor": "#2a3f5f"}, "baxis": {"endlinecolor": "#2a3f5f", "gridcolor": "white", "linecolor": "white", "minorgridcolor": "white", "startlinecolor": "#2a3f5f"}, "type": "carpet"}], "table": [{"cells": {"fill": {"color": "#EBF0F8"}, "line": {"color": "white"}}, "header": {"fill": {"color": "#C8D4E3"}, "line": {"color": "white"}}, "type": "table"}], "barpolar": [{"marker": {"line": {"color": "#E5ECF6", "width": 0.5}, "pattern": {"fillmode": "overlay", "size": 10, "solidity": 0.2}}, "type": "barpolar"}], "pie": [{"automargin": true, "type": "pie"}]}, "layout": {"autotypenumbers": "strict", "colorway": ["#636efa", "#EF553B", "#00cc96", "#ab63fa", "#FFA15A", "#19d3f3", "#FF6692", "#B6E880", "#FF97FF", "#FECB52"], "font": {"color": "#2a3f5f"}, "hovermode": "closest", "hoverlabel": {"align": "left"}, "paper_bgcolor": "white", "plot_bgcolor": "#E5ECF6", "polar": {"bgcolor": "#E5ECF6", "angularaxis": {"gridcolor": "white", "linecolor": "white", "ticks": ""}, "radialaxis": {"gridcolor": "white", "linecolor": "white", "ticks": ""}}, "ternary": {"bgcolor": "#E5ECF6", "aaxis": {"gridcolor": "white", "linecolor": "white", "ticks": ""}, "baxis": {"gridcolor": "white", "linecolor": "white", "ticks": ""}, "caxis": {"gridcolor": "white", "linecolor": "white", "ticks": ""}}, "coloraxis": {"colorbar": {"outlinewidth": 0, "ticks": ""}}, "colorscale": {"sequential": [[0.0, "#0d0887"], [0.1111111111111111, "#46039f"], [0.2222222222222222, "#7201a8"], [0.3333333333333333, "#9c179e"], [0.4444444444444444, "#bd3786"], [0.5555555555555556, "#d8576b"], [0.6666666666666666, "#ed7953"], [0.7777777777777778, "#fb9f3a"], [0.8888888888888888, "#fdca26"], [1.0, "#f0f921"]], "sequentialminus": [[0.0, "#0d0887"], [0.1111111111111111, "#46039f"], [0.2222222222222222, "#7201a8"], [0.3333333333333333, "#9c179e"], [0.4444444444444444, "#bd3786"], [0.5555555555555556, "#d8576b"], [0.6666666666666666, "#ed7953"], [0.7777777777777778, "#fb9f3a"], [0.8888888888888888, "#fdca26"], [1.0, "#f0f921"]], "diverging": [[0, "#8e0152"], [0.1, "#c51b7d"], [0.2, "#de77ae"], [0.3, "#f1b6da"], [0.4, "#fde0ef"], [0.5, "#f7f7f7"], [0.6, "#e6f5d0"], [0.7, "#b8e186"], [0.8, "#7fbc41"], [0.9, "#4d9221"], [1, "#276419"]]}, "xaxis": {"gridcolor": "white", "linecolor": "white", "ticks": "", "title": {"standoff": 15}, "zerolinecolor": "white", "automargin": true, "zerolinewidth": 2}, "yaxis": {"gridcolor": "white", "linecolor": "white", "ticks": "", "title": {"standoff": 15}, "zerolinecolor": "white", "automargin": true, "zerolinewidth": 2}, "scene": {"xaxis": {"backgroundcolor": "#E5ECF6", "gridcolor": "white", "linecolor": "white", "showbackground": true, "ticks": "", "zerolinecolor": "white", "gridwidth": 2}, "yaxis": {"backgroundcolor": "#E5ECF6", "gridcolor": "white", "linecolor": "white", "showbackground": true, "ticks": "", "zerolinecolor": "white", "gridwidth": 2}, "zaxis": {"backgroundcolor": "#E5ECF6", "gridcolor": "white", "linecolor": "white", "showbackground": true, "ticks": "", "zerolinecolor": "white", "gridwidth": 2}}, "shapedefaults": {"line": {"color": "#2a3f5f"}}, "annotationdefaults": {"arrowcolor": "#2a3f5f", "arrowhead": 0, "arrowwidth": 1}, "geo": {"bgcolor": "white", "landcolor": "#E5ECF6", "subunitcolor": "white", "showland": true, "showlakes": true, "lakecolor": "white"}, "title": {"x": 0.05}, "mapbox": {"style": "light"}}}}}