{"data": [{"z": [[16.78455352783203, 2.6920766830444336, -5.408249378204346, -1.9461158514022827, 3.3880977630615234, 3.022411823272705, 0.16426882147789001, 1.3675413131713867, 0.22698822617530823, 2.121544599533081, -2.8664169311523438, -0.5647803544998169, 5.188460350036621, -5.0489702224731445, -0.08284686505794525, -2.040004014968872, -1.3987387418746948, -1.2116413116455078, 2.637166976928711, 2.460637092590332, -2.0165650844573975], [2.6920766830444336, 20.687211990356445, 1.1727166175842285, -6.176621437072754, 2.943227529525757, -3.544058084487915, -3.1751084327697754, 1.4767478704452515, -0.6757463216781616, -2.301729202270508, -7.640033721923828, 2.1856307983398438, 9.396262168884277, -4.354301452636719, 5.134198188781738, 5.95522928237915, 1.256554126739502, 1.3832876682281494, -1.215496301651001, 2.395601272583008, -4.009578227996826], [-5.408249378204346, 1.1727166175842285, 19.59893226623535, -4.63649845123291, -0.08532197028398514, 0.32578614354133606, 3.6995396614074707, 3.6096673011779785, -0.489656925201416, 2.120295524597168, -1.205467700958252, -2.340588331222534, -0.010923977009952068, 0.9894499778747559, -4.264577865600586, 4.696701526641846, 5.5756754875183105, 2.1811599731445312, -5.114147663116455, 3.5195043087005615, -6.539649486541748], [-1.9461158514022827, -6.176621437072754, -4.63649845123291, 22.79035186767578, 1.1131231784820557, -1.3735005855560303, -4.312718868255615, -5.397889137268066, -2.9703238010406494, -2.282214403152466, -6.292752265930176, -2.216890573501587, -0.7418938875198364, 2.4738965034484863, -1.7995951175689697, -4.442814350128174, 2.1152825355529785, -2.6489615440368652, -1.8509273529052734, 3.946565628051758, 1.8169230222702026], [3.3880977630615234, 2.943227529525757, -0.08532197028398514, 1.1131231784820557, 19.589624404907227, 2.54181170463562, 5.757974624633789, -5.7589826583862305, -0.3416096270084381, -6.140796184539795, -1.7768588066101074, -4.636523246765137, 1.5686511993408203, 4.786219120025635, 4.2964630126953125, -3.933671712875366, 7.080284595489502, -0.02305424213409424, 5.822173118591309, 6.692572593688965, -3.4226741790771484], [3.022411823272705, -3.544058084487915, 0.32578614354133606, -1.3735005855560303, 2.54181170463562, 20.46142578125, 2.4985523223876953, 6.062294006347656, 1.566501498222351, 6.072305202484131, -5.86117696762085, -0.8555158972740173, 1.9096602201461792, -7.0252604484558105, 2.4027175903320312, 3.5760388374328613, -4.412107467651367, -1.845893144607544, 2.4675703048706055, -2.550084114074707, -4.900944709777832], [0.16426882147789001, -3.1751084327697754, 3.6995396614074707, -4.312718868255615, 5.757974624633789, 2.4985523223876953, 33.48115921020508, -3.5208652019500732, -1.5472757816314697, 4.7473015785217285, 7.94423246383667, 8.660799980163574, -7.278129577636719, 5.037389755249023, 5.061127662658691, -7.383690357208252, 0.5438230037689209, 0.44086194038391113, 1.6864826679229736, 9.481781959533691, -5.69181489944458], [1.3675413131713867, 1.4767478704452515, 3.6096673011779785, -5.397889137268066, -5.7589826583862305, 6.062294006347656, -3.5208652019500732, 19.233732223510742, 1.1463662385940552, 2.64449405670166, 0.4426754415035248, 7.372025966644287, -4.455513000488281, -3.8316810131073, 0.9228721261024475, 5.341593265533447, -4.9582390785217285, -1.2125740051269531, -0.03056424856185913, -1.4048142433166504, 0.14473962783813477], [0.22698822617530823, -0.6757463216781616, -0.489656925201416, -2.9703238010406494, -0.3416096270084381, 1.566501498222351, -1.5472757816314697, 1.1463662385940552, 17.44818878173828, 4.203714847564697, 5.4636359214782715, -3.0348763465881348, -7.377765655517578, 4.997443199157715, 1.8534598350524902, -3.787139415740967, -5.46636962890625, 1.3815948963165283, 1.3582234382629395, -0.5499719381332397, 3.29531192779541], [2.121544599533081, -2.301729202270508, 2.120295524597168, -2.282214403152466, -6.140796184539795, 6.072305202484131, 4.7473015785217285, 2.64449405670166, 4.203714847564697, 15.938366889953613, -2.9504919052124023, 6.446957588195801, -1.7074017524719238, -2.429823398590088, -8.360687255859375, 3.784825563430786, -4.230134963989258, -0.054089099168777466, -4.368941307067871, -5.063952445983887, 1.2971816062927246], [-2.8664169311523438, -7.640033721923828, -1.205467700958252, -6.292752265930176, -1.7768588066101074, -5.86117696762085, 7.94423246383667, 0.4426754415035248, 5.4636359214782715, -2.9504919052124023, 29.85114097595215, 3.6142566204071045, -9.753287315368652, 10.50668716430664, 3.5879015922546387, -3.704514741897583, -2.454047918319702, 1.7473292350769043, -0.21171188354492188, -8.262327194213867, 9.003490447998047], [-0.5647803544998169, 2.1856307983398438, -2.340588331222534, -2.216890573501587, -4.636523246765137, -0.8555158972740173, 8.660799980163574, 7.372025966644287, -3.0348763465881348, 6.446957588195801, 3.6142566204071045, 26.517534255981445, -7.604700088500977, -0.6231285333633423, 0.88109290599823, 6.049894332885742, -5.941351413726807, 3.2438836097717285, -2.3134543895721436, -5.274628639221191, 5.502867698669434], [5.188460350036621, 9.396262168884277, -0.010923977009952068, -0.7418938875198364, 1.5686511993408203, 1.9096602201461792, -7.278129577636719, -4.455513000488281, -7.377765655517578, -1.7074017524719238, -9.753287315368652, -7.604700088500977, 42.544532775878906, -6.249477863311768, -7.501079559326172, 4.28958797454834, 5.410524845123291, 0.09606146812438965, -16.85909652709961, 7.876769542694092, -3.6770005226135254], [-5.0489702224731445, -4.354301452636719, 0.9894499778747559, 2.4738965034484863, 4.786219120025635, -7.0252604484558105, 5.037389755249023, -3.8316810131073, 4.997443199157715, -2.429823398590088, 10.50668716430664, -0.6231285333633423, -6.249477863311768, 17.483665466308594, -3.87210750579834, -0.7180187702178955, 3.2153635025024414, 0.11235737800598145, 0.2592134475708008, 3.059566020965576, 10.658077239990234], [-0.08284686505794525, 5.134198188781738, -4.264577865600586, -1.7995951175689697, 4.2964630126953125, 2.4027175903320312, 5.061127662658691, 0.9228721261024475, 1.8534598350524902, -8.360687255859375, 3.5879015922546387, 0.88109290599823, -7.501079559326172, -3.87210750579834, 28.719860076904297, -5.875457763671875, 3.3252549171447754, 3.2084946632385254, 13.157320976257324, -1.4904370307922363, -3.7282700538635254], [-2.040004014968872, 5.95522928237915, 4.696701526641846, -4.442814350128174, -3.933671712875366, 3.5760388374328613, -7.383690357208252, 5.341593265533447, -3.787139415740967, 3.784825563430786, -3.704514741897583, 6.049894332885742, 4.28958797454834, -0.7180187702178955, -5.875457763671875, 24.763273239135742, -6.885341644287109, -0.41343748569488525, 4.016489028930664, -8.361270904541016, 5.510744571685791], [-1.3987393379211426, 1.2565536499023438, 5.575675964355469, 2.1152822971343994, 7.080284595489502, -4.412106990814209, 0.5438239574432373, -4.9582390785217285, -5.46636962890625, -4.230134963989258, -2.454047679901123, -5.941351890563965, 5.410524845123291, 3.2153635025024414, 3.32525372505188, -6.885342597961426, 34.39263916015625, 4.049300193786621, -3.3019638061523438, -6.778592109680176, -0.5108091831207275], [-1.2116411924362183, 1.3832876682281494, 2.1811602115631104, -2.6489615440368652, -0.023054618388414383, -1.845893383026123, 0.4408614933490753, -1.2125741243362427, 1.3815947771072388, -0.05408920347690582, 1.7473292350769043, 3.2438838481903076, 0.09606140851974487, 0.11235713213682175, 3.2084949016571045, -0.41343724727630615, 4.049300193786621, 12.547283172607422, -3.5225484371185303, -3.741673231124878, 0.024967283010482788], [2.6371662616729736, -1.2154960632324219, -5.114147663116455, -1.8509272336959839, 5.82217264175415, 2.4675700664520264, 1.6864830255508423, -0.03056466393172741, 1.358222246170044, -4.368940830230713, -0.21171137690544128, -2.3134541511535645, -16.85909652709961, 0.25921374559402466, 13.157323837280273, 4.016489028930664, -3.3019638061523438, -3.5225484371185303, 32.69781494140625, -1.0151863098144531, -0.9884938597679138], [2.460637331008911, 2.395601749420166, 3.5195040702819824, 3.9465653896331787, 6.692572593688965, -2.5500845909118652, 9.481782913208008, -1.4048144817352295, -0.5499721765518188, -5.063952445983887, -8.2623291015625, -5.274628162384033, 7.87677001953125, 3.059565544128418, -1.4904370307922363, -8.3612699508667, -6.778592109680176, -3.741673231124878, -1.0151863098144531, 38.69786071777344, -3.379824638366699], [-2.0165648460388184, -4.009578227996826, -6.539649963378906, 1.8169233798980713, -3.4226744174957275, -4.900944709777832, -5.691814422607422, 0.14473891258239746, 3.295311689376831, 1.2971813678741455, 9.00349235534668, 5.502867698669434, -3.6770009994506836, 10.658077239990234, -3.7282698154449463, 5.510744571685791, -0.510809063911438, 0.02496737241744995, -0.9884936809539795, -3.3798255920410156, 35.899986267089844]], "type": "heatmap"}], "layout": {"template": {"data": {"histogram2dcontour": [{"type": "histogram2dcontour", "colorbar": {"outlinewidth": 0, "ticks": ""}, "colorscale": [[0.0, "#0d0887"], [0.1111111111111111, "#46039f"], [0.2222222222222222, "#7201a8"], [0.3333333333333333, "#9c179e"], [0.4444444444444444, "#bd3786"], [0.5555555555555556, "#d8576b"], [0.6666666666666666, "#ed7953"], [0.7777777777777778, "#fb9f3a"], [0.8888888888888888, "#fdca26"], [1.0, "#f0f921"]]}], "choropleth": [{"type": "choropleth", "colorbar": {"outlinewidth": 0, "ticks": ""}}], "histogram2d": [{"type": "histogram2d", "colorbar": {"outlinewidth": 0, "ticks": ""}, "colorscale": [[0.0, "#0d0887"], [0.1111111111111111, "#46039f"], [0.2222222222222222, "#7201a8"], [0.3333333333333333, "#9c179e"], [0.4444444444444444, "#bd3786"], [0.5555555555555556, "#d8576b"], [0.6666666666666666, "#ed7953"], [0.7777777777777778, "#fb9f3a"], [0.8888888888888888, "#fdca26"], [1.0, "#f0f921"]]}], "heatmap": [{"type": "heatmap", "colorbar": {"outlinewidth": 0, "ticks": ""}, "colorscale": [[0.0, "#0d0887"], [0.1111111111111111, "#46039f"], [0.2222222222222222, "#7201a8"], [0.3333333333333333, "#9c179e"], [0.4444444444444444, "#bd3786"], [0.5555555555555556, "#d8576b"], [0.6666666666666666, "#ed7953"], [0.7777777777777778, "#fb9f3a"], [0.8888888888888888, "#fdca26"], [1.0, "#f0f921"]]}], "heatmapgl": [{"type": "heatmapgl", "colorbar": {"outlinewidth": 0, "ticks": ""}, "colorscale": [[0.0, "#0d0887"], [0.1111111111111111, "#46039f"], [0.2222222222222222, "#7201a8"], [0.3333333333333333, "#9c179e"], [0.4444444444444444, "#bd3786"], [0.5555555555555556, "#d8576b"], [0.6666666666666666, "#ed7953"], [0.7777777777777778, "#fb9f3a"], [0.8888888888888888, "#fdca26"], [1.0, "#f0f921"]]}], "contourcarpet": [{"type": "contourcarpet", "colorbar": {"outlinewidth": 0, "ticks": ""}}], "contour": [{"type": "contour", "colorbar": {"outlinewidth": 0, "ticks": ""}, "colorscale": [[0.0, "#0d0887"], [0.1111111111111111, "#46039f"], [0.2222222222222222, "#7201a8"], [0.3333333333333333, "#9c179e"], [0.4444444444444444, "#bd3786"], [0.5555555555555556, "#d8576b"], [0.6666666666666666, "#ed7953"], [0.7777777777777778, "#fb9f3a"], [0.8888888888888888, "#fdca26"], [1.0, "#f0f921"]]}], "surface": [{"type": "surface", "colorbar": {"outlinewidth": 0, "ticks": ""}, "colorscale": [[0.0, "#0d0887"], [0.1111111111111111, "#46039f"], [0.2222222222222222, "#7201a8"], [0.3333333333333333, "#9c179e"], [0.4444444444444444, "#bd3786"], [0.5555555555555556, "#d8576b"], [0.6666666666666666, "#ed7953"], [0.7777777777777778, "#fb9f3a"], [0.8888888888888888, "#fdca26"], [1.0, "#f0f921"]]}], "mesh3d": [{"type": "mesh3d", "colorbar": {"outlinewidth": 0, "ticks": ""}}], "scatter": [{"fillpattern": {"fillmode": "overlay", "size": 10, "solidity": 0.2}, "type": "scatter"}], "parcoords": [{"type": "parcoords", "line": {"colorbar": {"outlinewidth": 0, "ticks": ""}}}], "scatterpolargl": [{"type": "scatterpolargl", "marker": {"colorbar": {"outlinewidth": 0, "ticks": ""}}}], "bar": [{"error_x": {"color": "#2a3f5f"}, "error_y": {"color": "#2a3f5f"}, "marker": {"line": {"color": "#E5ECF6", "width": 0.5}, "pattern": {"fillmode": "overlay", "size": 10, "solidity": 0.2}}, "type": "bar"}], "scattergeo": [{"type": "scattergeo", "marker": {"colorbar": {"outlinewidth": 0, "ticks": ""}}}], "scatterpolar": [{"type": "scatterpolar", "marker": {"colorbar": {"outlinewidth": 0, "ticks": ""}}}], "histogram": [{"marker": {"pattern": {"fillmode": "overlay", "size": 10, "solidity": 0.2}}, "type": "histogram"}], "scattergl": [{"type": "scattergl", "marker": {"colorbar": {"outlinewidth": 0, "ticks": ""}}}], "scatter3d": [{"type": "scatter3d", "line": {"colorbar": {"outlinewidth": 0, "ticks": ""}}, "marker": {"colorbar": {"outlinewidth": 0, "ticks": ""}}}], "scattermapbox": [{"type": "scattermapbox", "marker": {"colorbar": {"outlinewidth": 0, "ticks": ""}}}], "scatterternary": [{"type": "scatterternary", "marker": {"colorbar": {"outlinewidth": 0, "ticks": ""}}}], "scattercarpet": [{"type": "scattercarpet", "marker": {"colorbar": {"outlinewidth": 0, "ticks": ""}}}], "carpet": [{"aaxis": {"endlinecolor": "#2a3f5f", "gridcolor": "white", "linecolor": "white", "minorgridcolor": "white", "startlinecolor": "#2a3f5f"}, "baxis": {"endlinecolor": "#2a3f5f", "gridcolor": "white", "linecolor": "white", "minorgridcolor": "white", "startlinecolor": "#2a3f5f"}, "type": "carpet"}], "table": [{"cells": {"fill": {"color": "#EBF0F8"}, "line": {"color": "white"}}, "header": {"fill": {"color": "#C8D4E3"}, "line": {"color": "white"}}, "type": "table"}], "barpolar": [{"marker": {"line": {"color": "#E5ECF6", "width": 0.5}, "pattern": {"fillmode": "overlay", "size": 10, "solidity": 0.2}}, "type": "barpolar"}], "pie": [{"automargin": true, "type": "pie"}]}, "layout": {"autotypenumbers": "strict", "colorway": ["#636efa", "#EF553B", "#00cc96", "#ab63fa", "#FFA15A", "#19d3f3", "#FF6692", "#B6E880", "#FF97FF", "#FECB52"], "font": {"color": "#2a3f5f"}, "hovermode": "closest", "hoverlabel": {"align": "left"}, "paper_bgcolor": "white", "plot_bgcolor": "#E5ECF6", "polar": {"bgcolor": "#E5ECF6", "angularaxis": {"gridcolor": "white", "linecolor": "white", "ticks": ""}, "radialaxis": {"gridcolor": "white", "linecolor": "white", "ticks": ""}}, "ternary": {"bgcolor": "#E5ECF6", "aaxis": {"gridcolor": "white", "linecolor": "white", "ticks": ""}, "baxis": {"gridcolor": "white", "linecolor": "white", "ticks": ""}, "caxis": {"gridcolor": "white", "linecolor": "white", "ticks": ""}}, "coloraxis": {"colorbar": {"outlinewidth": 0, "ticks": ""}}, "colorscale": {"sequential": [[0.0, "#0d0887"], [0.1111111111111111, "#46039f"], [0.2222222222222222, "#7201a8"], [0.3333333333333333, "#9c179e"], [0.4444444444444444, "#bd3786"], [0.5555555555555556, "#d8576b"], [0.6666666666666666, "#ed7953"], [0.7777777777777778, "#fb9f3a"], [0.8888888888888888, "#fdca26"], [1.0, "#f0f921"]], "sequentialminus": [[0.0, "#0d0887"], [0.1111111111111111, "#46039f"], [0.2222222222222222, "#7201a8"], [0.3333333333333333, "#9c179e"], [0.4444444444444444, "#bd3786"], [0.5555555555555556, "#d8576b"], [0.6666666666666666, "#ed7953"], [0.7777777777777778, "#fb9f3a"], [0.8888888888888888, "#fdca26"], [1.0, "#f0f921"]], "diverging": [[0, "#8e0152"], [0.1, "#c51b7d"], [0.2, "#de77ae"], [0.3, "#f1b6da"], [0.4, "#fde0ef"], [0.5, "#f7f7f7"], [0.6, "#e6f5d0"], [0.7, "#b8e186"], [0.8, "#7fbc41"], [0.9, "#4d9221"], [1, "#276419"]]}, "xaxis": {"gridcolor": "white", "linecolor": "white", "ticks": "", "title": {"standoff": 15}, "zerolinecolor": "white", "automargin": true, "zerolinewidth": 2}, "yaxis": {"gridcolor": "white", "linecolor": "white", "ticks": "", "title": {"standoff": 15}, "zerolinecolor": "white", "automargin": true, "zerolinewidth": 2}, "scene": {"xaxis": {"backgroundcolor": "#E5ECF6", "gridcolor": "white", "linecolor": "white", "showbackground": true, "ticks": "", "zerolinecolor": "white", "gridwidth": 2}, "yaxis": {"backgroundcolor": "#E5ECF6", "gridcolor": "white", "linecolor": "white", "showbackground": true, "ticks": "", "zerolinecolor": "white", "gridwidth": 2}, "zaxis": {"backgroundcolor": "#E5ECF6", "gridcolor": "white", "linecolor": "white", "showbackground": true, "ticks": "", "zerolinecolor": "white", "gridwidth": 2}}, "shapedefaults": {"line": {"color": "#2a3f5f"}}, "annotationdefaults": {"arrowcolor": "#2a3f5f", "arrowhead": 0, "arrowwidth": 1}, "geo": {"bgcolor": "white", "landcolor": "#E5ECF6", "subunitcolor": "white", "showland": true, "showlakes": true, "lakecolor": "white"}, "title": {"x": 0.05}, "mapbox": {"style": "light"}}}}}