{"data": [{"z": [[16.720937728881836, 2.7202179431915283, -5.346922397613525, -1.959458351135254, 3.4060497283935547, 3.015199899673462, 0.21385589241981506, 1.4015618562698364, 0.24924124777317047, 2.134739875793457, -2.7897555828094482, -0.5185685157775879, 5.1903300285339355, -4.970435619354248, -0.048224691301584244, -1.9931936264038086, -1.3367003202438354, -1.1407866477966309, 2.6404104232788086, 2.4708852767944336, -1.9993774890899658], [2.7202179431915283, 20.643829345703125, 1.1716296672821045, -6.121993064880371, 2.949570894241333, -3.5131046772003174, -3.183272123336792, 1.4859760999679565, -0.6383499503135681, -2.269695997238159, -7.623414039611816, 2.1883952617645264, 9.398816108703613, -4.308825492858887, 5.133003234863281, 5.95021390914917, 1.2746715545654297, 1.4118928909301758, -1.2088663578033447, 2.421942710876465, -4.000340461730957], [-5.346922397613525, 1.1716296672821045, 19.57413101196289, -4.5774078369140625, -0.07199013978242874, 0.3642319142818451, 3.6697604656219482, 3.6277787685394287, -0.4425368309020996, 2.1529340744018555, -1.2172600030899048, -2.3357274532318115, 0.03577478975057602, 1.0035463571548462, -4.255423545837402, 4.69185209274292, 5.585609436035156, 2.1942856311798096, -5.085393905639648, 3.5625624656677246, -6.543299198150635], [-1.959458351135254, -6.121993064880371, -4.5774078369140625, 22.752685546875, 1.1238465309143066, -1.3718194961547852, -4.264724254608154, -5.334264278411865, -2.969881772994995, -2.28994083404541, -6.234898090362549, -2.164121389389038, -0.750095784664154, 2.4729864597320557, -1.7576099634170532, -4.380964279174805, 2.1357738971710205, -2.6230993270874023, -1.8145160675048828, 3.9312057495117188, 1.8256243467330933], [3.4060497283935547, 2.949570894241333, -0.07199013978242874, 1.1238465309143066, 19.54926872253418, 2.5590627193450928, 5.749100208282471, -5.6924028396606445, -0.3189774453639984, -6.10145378112793, -1.747172474861145, -4.5823283195495605, 1.5787569284439087, 4.797722816467285, 4.306544303894043, -3.898594379425049, 7.1041059494018555, 0.009549498558044434, 5.837942600250244, 6.690659523010254, -3.411580801010132], [3.015199899673462, -3.5131046772003174, 0.3642319142818451, -1.3718194961547852, 2.5590627193450928, 20.406482696533203, 2.5346333980560303, 6.076220512390137, 1.582926869392395, 6.077063083648682, -5.787141799926758, -0.8296908140182495, 1.9242374897003174, -6.94780969619751, 2.4218382835388184, 3.5863091945648193, -4.336345195770264, -1.7892346382141113, 2.472590208053589, -2.5069241523742676, -4.88550329208374], [0.21385589241981506, -3.183272123336792, 3.6697604656219482, -4.264724254608154, 5.749100208282471, 2.5346333980560303, 33.40305709838867, -3.5205142498016357, -1.5096313953399658, 4.756969928741455, 7.895914554595947, 8.630878448486328, -7.2223358154296875, 5.011305332183838, 5.03691291809082, -7.394540309906006, 0.5499287843704224, 0.44150590896606445, 1.6915690898895264, 9.503504753112793, -5.695053577423096], [1.4015618562698364, 1.4859760999679565, 3.6277787685394287, -5.334264278411865, -5.6924028396606445, 6.076220512390137, -3.5205142498016357, 19.19853973388672, 1.1935901641845703, 2.6658124923706055, 0.4382990300655365, 7.332728862762451, -4.371100425720215, -3.7736268043518066, 0.9418956637382507, 5.34222412109375, -4.884381294250488, -1.1617594957351685, -0.021115481853485107, -1.3132613897323608, 0.1563398838043213], [0.24924124777317047, -0.6383499503135681, -0.4425368309020996, -2.969881772994995, -0.3189774453639984, 1.582926869392395, -1.5096313953399658, 1.1935901641845703, 17.42236328125, 4.210156440734863, 5.517883777618408, -2.9834070205688477, -7.325631141662598, 5.030092239379883, 1.8941364288330078, -3.7342939376831055, -5.390664100646973, 1.4332191944122314, 1.3872320652008057, -0.5208296775817871, 3.3043479919433594], [2.134739875793457, -2.269695997238159, 2.1529340744018555, -2.28994083404541, -6.10145378112793, 6.077063083648682, 4.756969928741455, 2.6658124923706055, 4.210156440734863, 15.913619041442871, -2.9215617179870605, 6.445680141448975, -1.6612979173660278, -2.3763480186462402, -8.313676834106445, 3.8173370361328125, -4.1874542236328125, -0.012477576732635498, -4.365067481994629, -4.996175289154053, 1.314560055732727], [-2.7897555828094482, -7.623414039611816, -1.2172600030899048, -6.234898090362549, -1.747172474861145, -5.787141799926758, 7.895914554595947, 0.4382990300655365, 5.517883777618408, -2.9215617179870605, 29.754947662353516, 3.5763702392578125, -9.67246150970459, 10.463428497314453, 3.582301139831543, -3.7076382637023926, -2.4402384757995605, 1.7449599504470825, -0.20673608779907227, -8.190750122070312, 9.001220703125], [-0.5185685157775879, 2.1883952617645264, -2.3357274532318115, -2.164121389389038, -4.5823283195495605, -0.8296908140182495, 8.630878448486328, 7.332728862762451, -2.9834070205688477, 6.445680141448975, 3.5763702392578125, 26.419647216796875, -7.530869483947754, -0.5955358743667603, 0.8843465447425842, 6.030468940734863, -5.89778995513916, 3.2540249824523926, -2.3106188774108887, -5.169921875, 5.500675201416016], [5.1903300285339355, 9.398816108703613, 0.03577478975057602, -0.750095784664154, 1.5787569284439087, 1.9242374897003174, -7.2223358154296875, -4.371100425720215, -7.325631141662598, -1.6612979173660278, -9.67246150970459, -7.530869483947754, 42.44973373413086, -6.176468849182129, -7.469407081604004, 4.327991485595703, 5.436639785766602, 0.15132498741149902, -16.79794692993164, 7.878215789794922, -3.663806915283203], [-4.970435619354248, -4.308825492858887, 1.0035463571548462, 2.4729864597320557, 4.797722816467285, -6.94780969619751, 5.011305332183838, -3.7736268043518066, 5.030092239379883, -2.3763480186462402, 10.463428497314453, -0.5955358743667603, -6.176468849182129, 17.411392211914062, -3.838442802429199, -0.6845210194587708, 3.220033645629883, 0.12512046098709106, 0.28607773780822754, 3.087730884552002, 10.633285522460938], [-0.048224691301584244, 5.133003234863281, -4.255423545837402, -1.7576099634170532, 4.306544303894043, 2.4218382835388184, 5.03691291809082, 0.9418956637382507, 1.8941364288330078, -8.313676834106445, 3.582301139831543, 0.8843465447425842, -7.469407081604004, -3.838442802429199, 28.68952751159668, -5.870468616485596, 3.35760760307312, 3.243187665939331, 13.150836944580078, -1.4476852416992188, -3.7233171463012695], [-1.9931936264038086, 5.95021390914917, 4.69185209274292, -4.380964279174805, -3.898594379425049, 3.5863091945648193, -7.394540309906006, 5.34222412109375, -3.7342939376831055, 3.8173370361328125, -3.7076382637023926, 6.030468940734863, 4.327991485595703, -0.6845210194587708, -5.870468616485596, 24.735862731933594, -6.829861640930176, -0.3793169856071472, 4.012058734893799, -8.282182693481445, 5.5148115158081055], [-1.336700439453125, 1.274671196937561, 5.58560848236084, 2.1357741355895996, 7.104106903076172, -4.336345195770264, 0.5499276518821716, -4.884381294250488, -5.390664577484131, -4.1874542236328125, -2.4402389526367188, -5.89778995513916, 5.436639785766602, 3.2200331687927246, 3.357607841491699, -6.829862117767334, 34.31897735595703, 4.056826591491699, -3.2374486923217773, -6.71635103225708, -0.5142149925231934], [-1.1407862901687622, 1.4118932485580444, 2.1942856311798096, -2.6230995655059814, 0.009549171663820744, -1.7892347574234009, 0.44150587916374207, -1.161759853363037, 1.433219313621521, -0.012477775104343891, 1.7449595928192139, 3.2540247440338135, 0.15132521092891693, 0.12512046098709106, 3.243187189102173, -0.3793168067932129, 4.056826591491699, 12.546714782714844, -3.475365400314331, -3.655543565750122, 0.02694547176361084], [2.640411138534546, -1.2088663578033447, -5.08539342880249, -1.8145161867141724, 5.837942600250244, 2.472590446472168, 1.6915687322616577, -0.021115398034453392, 1.3872320652008057, -4.3650689125061035, -0.20673570036888123, -2.3106191158294678, -16.79794692993164, 0.2860780358314514, 13.150835037231445, 4.012058734893799, -3.2374486923217773, -3.475365400314331, 32.647300720214844, -0.9747748374938965, -0.9861629009246826], [2.470885753631592, 2.421942710876465, 3.5625627040863037, 3.9312057495117188, 6.690659999847412, -2.5069234371185303, 9.503504753112793, -1.3132612705230713, -0.5208296179771423, -4.996176242828369, -8.190749168395996, -5.169921875, 7.878214359283447, 3.087730646133423, -1.4476829767227173, -8.282182693481445, -6.71635103225708, -3.655543565750122, -0.9747748374938965, 38.623634338378906, -3.364895820617676], [-1.999377727508545, -4.000340461730957, -6.543298721313477, 1.8256237506866455, -3.411581039428711, -4.885503768920898, -5.695053577423096, 0.1563398838043213, 3.304347276687622, 1.314559817314148, 9.001220703125, 5.500675201416016, -3.6638076305389404, 10.633284568786621, -3.7233169078826904, 5.5148115158081055, -0.5142152905464172, 0.026945531368255615, -0.9861629009246826, -3.3648953437805176, 35.899986267089844]], "type": "heatmap"}], "layout": {"template": {"data": {"histogram2dcontour": [{"type": "histogram2dcontour", "colorbar": {"outlinewidth": 0, "ticks": ""}, "colorscale": [[0.0, "#0d0887"], [0.1111111111111111, "#46039f"], [0.2222222222222222, "#7201a8"], [0.3333333333333333, "#9c179e"], [0.4444444444444444, "#bd3786"], [0.5555555555555556, "#d8576b"], [0.6666666666666666, "#ed7953"], [0.7777777777777778, "#fb9f3a"], [0.8888888888888888, "#fdca26"], [1.0, "#f0f921"]]}], "choropleth": [{"type": "choropleth", "colorbar": {"outlinewidth": 0, "ticks": ""}}], "histogram2d": [{"type": "histogram2d", "colorbar": {"outlinewidth": 0, "ticks": ""}, "colorscale": [[0.0, "#0d0887"], [0.1111111111111111, "#46039f"], [0.2222222222222222, "#7201a8"], [0.3333333333333333, "#9c179e"], [0.4444444444444444, "#bd3786"], [0.5555555555555556, "#d8576b"], [0.6666666666666666, "#ed7953"], [0.7777777777777778, "#fb9f3a"], [0.8888888888888888, "#fdca26"], [1.0, "#f0f921"]]}], "heatmap": [{"type": "heatmap", "colorbar": {"outlinewidth": 0, "ticks": ""}, "colorscale": [[0.0, "#0d0887"], [0.1111111111111111, "#46039f"], [0.2222222222222222, "#7201a8"], [0.3333333333333333, "#9c179e"], [0.4444444444444444, "#bd3786"], [0.5555555555555556, "#d8576b"], [0.6666666666666666, "#ed7953"], [0.7777777777777778, "#fb9f3a"], [0.8888888888888888, "#fdca26"], [1.0, "#f0f921"]]}], "heatmapgl": [{"type": "heatmapgl", "colorbar": {"outlinewidth": 0, "ticks": ""}, "colorscale": [[0.0, "#0d0887"], [0.1111111111111111, "#46039f"], [0.2222222222222222, "#7201a8"], [0.3333333333333333, "#9c179e"], [0.4444444444444444, "#bd3786"], [0.5555555555555556, "#d8576b"], [0.6666666666666666, "#ed7953"], [0.7777777777777778, "#fb9f3a"], [0.8888888888888888, "#fdca26"], [1.0, "#f0f921"]]}], "contourcarpet": [{"type": "contourcarpet", "colorbar": {"outlinewidth": 0, "ticks": ""}}], "contour": [{"type": "contour", "colorbar": {"outlinewidth": 0, "ticks": ""}, "colorscale": [[0.0, "#0d0887"], [0.1111111111111111, "#46039f"], [0.2222222222222222, "#7201a8"], [0.3333333333333333, "#9c179e"], [0.4444444444444444, "#bd3786"], [0.5555555555555556, "#d8576b"], [0.6666666666666666, "#ed7953"], [0.7777777777777778, "#fb9f3a"], [0.8888888888888888, "#fdca26"], [1.0, "#f0f921"]]}], "surface": [{"type": "surface", "colorbar": {"outlinewidth": 0, "ticks": ""}, "colorscale": [[0.0, "#0d0887"], [0.1111111111111111, "#46039f"], [0.2222222222222222, "#7201a8"], [0.3333333333333333, "#9c179e"], [0.4444444444444444, "#bd3786"], [0.5555555555555556, "#d8576b"], [0.6666666666666666, "#ed7953"], [0.7777777777777778, "#fb9f3a"], [0.8888888888888888, "#fdca26"], [1.0, "#f0f921"]]}], "mesh3d": [{"type": "mesh3d", "colorbar": {"outlinewidth": 0, "ticks": ""}}], "scatter": [{"fillpattern": {"fillmode": "overlay", "size": 10, "solidity": 0.2}, "type": "scatter"}], "parcoords": [{"type": "parcoords", "line": {"colorbar": {"outlinewidth": 0, "ticks": ""}}}], "scatterpolargl": [{"type": "scatterpolargl", "marker": {"colorbar": {"outlinewidth": 0, "ticks": ""}}}], "bar": [{"error_x": {"color": "#2a3f5f"}, "error_y": {"color": "#2a3f5f"}, "marker": {"line": {"color": "#E5ECF6", "width": 0.5}, "pattern": {"fillmode": "overlay", "size": 10, "solidity": 0.2}}, "type": "bar"}], "scattergeo": [{"type": "scattergeo", "marker": {"colorbar": {"outlinewidth": 0, "ticks": ""}}}], "scatterpolar": [{"type": "scatterpolar", "marker": {"colorbar": {"outlinewidth": 0, "ticks": ""}}}], "histogram": [{"marker": {"pattern": {"fillmode": "overlay", "size": 10, "solidity": 0.2}}, "type": "histogram"}], "scattergl": [{"type": "scattergl", "marker": {"colorbar": {"outlinewidth": 0, "ticks": ""}}}], "scatter3d": [{"type": "scatter3d", "line": {"colorbar": {"outlinewidth": 0, "ticks": ""}}, "marker": {"colorbar": {"outlinewidth": 0, "ticks": ""}}}], "scattermapbox": [{"type": "scattermapbox", "marker": {"colorbar": {"outlinewidth": 0, "ticks": ""}}}], "scatterternary": [{"type": "scatterternary", "marker": {"colorbar": {"outlinewidth": 0, "ticks": ""}}}], "scattercarpet": [{"type": "scattercarpet", "marker": {"colorbar": {"outlinewidth": 0, "ticks": ""}}}], "carpet": [{"aaxis": {"endlinecolor": "#2a3f5f", "gridcolor": "white", "linecolor": "white", "minorgridcolor": "white", "startlinecolor": "#2a3f5f"}, "baxis": {"endlinecolor": "#2a3f5f", "gridcolor": "white", "linecolor": "white", "minorgridcolor": "white", "startlinecolor": "#2a3f5f"}, "type": "carpet"}], "table": [{"cells": {"fill": {"color": "#EBF0F8"}, "line": {"color": "white"}}, "header": {"fill": {"color": "#C8D4E3"}, "line": {"color": "white"}}, "type": "table"}], "barpolar": [{"marker": {"line": {"color": "#E5ECF6", "width": 0.5}, "pattern": {"fillmode": "overlay", "size": 10, "solidity": 0.2}}, "type": "barpolar"}], "pie": [{"automargin": true, "type": "pie"}]}, "layout": {"autotypenumbers": "strict", "colorway": ["#636efa", "#EF553B", "#00cc96", "#ab63fa", "#FFA15A", "#19d3f3", "#FF6692", "#B6E880", "#FF97FF", "#FECB52"], "font": {"color": "#2a3f5f"}, "hovermode": "closest", "hoverlabel": {"align": "left"}, "paper_bgcolor": "white", "plot_bgcolor": "#E5ECF6", "polar": {"bgcolor": "#E5ECF6", "angularaxis": {"gridcolor": "white", "linecolor": "white", "ticks": ""}, "radialaxis": {"gridcolor": "white", "linecolor": "white", "ticks": ""}}, "ternary": {"bgcolor": "#E5ECF6", "aaxis": {"gridcolor": "white", "linecolor": "white", "ticks": ""}, "baxis": {"gridcolor": "white", "linecolor": "white", "ticks": ""}, "caxis": {"gridcolor": "white", "linecolor": "white", "ticks": ""}}, "coloraxis": {"colorbar": {"outlinewidth": 0, "ticks": ""}}, "colorscale": {"sequential": [[0.0, "#0d0887"], [0.1111111111111111, "#46039f"], [0.2222222222222222, "#7201a8"], [0.3333333333333333, "#9c179e"], [0.4444444444444444, "#bd3786"], [0.5555555555555556, "#d8576b"], [0.6666666666666666, "#ed7953"], [0.7777777777777778, "#fb9f3a"], [0.8888888888888888, "#fdca26"], [1.0, "#f0f921"]], "sequentialminus": [[0.0, "#0d0887"], [0.1111111111111111, "#46039f"], [0.2222222222222222, "#7201a8"], [0.3333333333333333, "#9c179e"], [0.4444444444444444, "#bd3786"], [0.5555555555555556, "#d8576b"], [0.6666666666666666, "#ed7953"], [0.7777777777777778, "#fb9f3a"], [0.8888888888888888, "#fdca26"], [1.0, "#f0f921"]], "diverging": [[0, "#8e0152"], [0.1, "#c51b7d"], [0.2, "#de77ae"], [0.3, "#f1b6da"], [0.4, "#fde0ef"], [0.5, "#f7f7f7"], [0.6, "#e6f5d0"], [0.7, "#b8e186"], [0.8, "#7fbc41"], [0.9, "#4d9221"], [1, "#276419"]]}, "xaxis": {"gridcolor": "white", "linecolor": "white", "ticks": "", "title": {"standoff": 15}, "zerolinecolor": "white", "automargin": true, "zerolinewidth": 2}, "yaxis": {"gridcolor": "white", "linecolor": "white", "ticks": "", "title": {"standoff": 15}, "zerolinecolor": "white", "automargin": true, "zerolinewidth": 2}, "scene": {"xaxis": {"backgroundcolor": "#E5ECF6", "gridcolor": "white", "linecolor": "white", "showbackground": true, "ticks": "", "zerolinecolor": "white", "gridwidth": 2}, "yaxis": {"backgroundcolor": "#E5ECF6", "gridcolor": "white", "linecolor": "white", "showbackground": true, "ticks": "", "zerolinecolor": "white", "gridwidth": 2}, "zaxis": {"backgroundcolor": "#E5ECF6", "gridcolor": "white", "linecolor": "white", "showbackground": true, "ticks": "", "zerolinecolor": "white", "gridwidth": 2}}, "shapedefaults": {"line": {"color": "#2a3f5f"}}, "annotationdefaults": {"arrowcolor": "#2a3f5f", "arrowhead": 0, "arrowwidth": 1}, "geo": {"bgcolor": "white", "landcolor": "#E5ECF6", "subunitcolor": "white", "showland": true, "showlakes": true, "lakecolor": "white"}, "title": {"x": 0.05}, "mapbox": {"style": "light"}}}}}