{"data": [{"z": [[16.89446258544922, 2.6759824752807617, -5.465408802032471, -1.9248363971710205, 3.3765780925750732, 3.0483860969543457, 0.10520295053720474, 1.3582665920257568, 0.2256752848625183, 2.127424478530884, -2.939936876296997, -0.5938549041748047, 5.212230682373047, -5.1195902824401855, -0.11025594919919968, -2.0705771446228027, -1.4428108930587769, -1.2633655071258545, 2.6570520401000977, 2.462926149368286, -2.017838478088379], [2.6759824752807617, 20.76720428466797, 1.1874457597732544, -6.236738204956055, 2.951882839202881, -3.5657284259796143, -3.1587281227111816, 1.4705649614334106, -0.7040992975234985, -2.3340628147125244, -7.6601643562316895, 2.1808671951293945, 9.418692588806152, -4.407502174377441, 5.145820140838623, 5.970781326293945, 1.2424073219299316, 1.3620119094848633, -1.2243001461029053, 2.391704559326172, -4.029484748840332], [-5.465408802032471, 1.1874457597732544, 19.650142669677734, -4.713181972503662, -0.0837118923664093, 0.3007209002971649, 3.7414984703063965, 3.606780529022217, -0.5309156179428101, 2.0959696769714355, -1.1887513399124146, -2.351813793182373, -0.041568297892808914, 0.9750051498413086, -4.265542507171631, 4.7256059646606445, 5.585903167724609, 2.1769680976867676, -5.137340545654297, 3.500534772872925, -6.536881446838379], [-1.9248363971710205, -6.236738204956055, -4.713181972503662, 22.88239860534668, 1.1044707298278809, -1.3736056089401245, -4.375999450683594, -5.437926292419434, -2.9621970653533936, -2.257432699203491, -6.350007057189941, -2.2692134380340576, -0.7293961644172668, 2.496345281600952, -1.8420709371566772, -4.486778736114502, 2.104773998260498, -2.6455013751983643, -1.883474349975586, 3.969651460647583, 1.8129801750183105], [3.3765780925750732, 2.951882839202881, -0.0837118923664093, 1.1044707298278809, 19.67153549194336, 2.543675661087036, 5.781656742095947, -5.83059549331665, -0.34491172432899475, -6.183368682861328, -1.8064820766448975, -4.6989970207214355, 1.5742714405059814, 4.785503387451172, 4.296230316162109, -3.961665153503418, 7.071885585784912, -0.04340231418609619, 5.812813758850098, 6.722655296325684, -3.43911075592041], [3.0483860969543457, -3.5657284259796143, 0.3007209002971649, -1.3736056089401245, 2.543675661087036, 20.560789108276367, 2.4656553268432617, 6.07396936416626, 1.5895899534225464, 6.0819926261901855, -5.937148094177246, -0.8709174394607544, 1.9179093837738037, -7.0990400314331055, 2.395918130874634, 3.590838670730591, -4.4736809730529785, -1.8890271186828613, 2.475215435028076, -2.5868542194366455, -4.903980731964111], [0.10520295053720474, -3.1587281227111816, 3.7414984703063965, -4.375999450683594, 5.781656742095947, 2.4656553268432617, 33.61248016357422, -3.536059856414795, -1.5877803564071655, 4.740246772766113, 8.001097679138184, 8.69495964050293, -7.333514213562012, 5.063529968261719, 5.098912239074707, -7.384193420410156, 0.5361759662628174, 0.4346463680267334, 1.6922187805175781, 9.477783203125, -5.697679042816162], [1.3582665920257568, 1.4705649614334106, 3.606780529022217, -5.437926292419434, -5.83059549331665, 6.07396936416626, -3.536059856414795, 19.306764602661133, 1.1444746255874634, 2.6344499588012695, 0.45970234274864197, 7.42917537689209, -4.526731491088867, -3.868170738220215, 0.9115460515022278, 5.356933116912842, -5.00769567489624, -1.2473398447036743, -0.02693241834640503, -1.4745430946350098, 0.14452475309371948], [0.2256752848625183, -0.7040992975234985, -0.5309156179428101, -2.9621970653533936, -0.34491172432899475, 1.5895899534225464, -1.5877803564071655, 1.1444746255874634, 17.538402557373047, 4.219942569732666, 5.421802043914795, -3.0684874057769775, -7.4302473068237305, 4.985606670379639, 1.8329722881317139, -3.810802698135376, -5.524271011352539, 1.3584239482879639, 1.3535213470458984, -0.5671868920326233, 3.3100945949554443], [2.127424478530884, -2.3340628147125244, 2.0959696769714355, -2.257432699203491, -6.183368682861328, 6.0819926261901855, 4.740246772766113, 2.6344499588012695, 4.219942569732666, 16.00690460205078, -2.9694042205810547, 6.473143577575684, -1.7353980541229248, -2.4954211711883545, -8.42854118347168, 3.7716174125671387, -4.2864532470703125, -0.09407338500022888, -4.349724769592285, -5.141000747680664, 1.279608130455017], [-2.939936876296997, -7.6601643562316895, -1.1887513399124146, -6.350007057189941, -1.8064820766448975, -5.937148094177246, 8.001097679138184, 0.45970234274864197, 5.421802043914795, -2.9694042205810547, 29.986309051513672, 3.6667850017547607, -9.82414436340332, 10.592181205749512, 3.604120969772339, -3.694279432296753, -2.461185932159424, 1.7665488719940186, -0.20726943016052246, -8.328987121582031, 9.014772415161133], [-0.5938549041748047, 2.1808671951293945, -2.351813793182373, -2.2692134380340576, -4.6989970207214355, -0.8709174394607544, 8.69495964050293, 7.42917537689209, -3.0684874057769775, 6.473143577575684, 3.6667850017547607, 26.647249221801758, -7.673806190490723, -0.6274462938308716, 0.8869791626930237, 6.087620735168457, -5.9722394943237305, 3.2556633949279785, -2.30548357963562, -5.368717193603516, 5.530174255371094], [5.212230682373047, 9.418692588806152, -0.041568297892808914, -0.7293961644172668, 1.5742714405059814, 1.9179093837738037, -7.333514213562012, -4.526731491088867, -7.4302473068237305, -1.7353980541229248, -9.82414436340332, -7.673806190490723, 42.71747589111328, -6.300364971160889, -7.518266201019287, 4.272326469421387, 5.403145790100098, 0.06400036811828613, -16.928579330444336, 7.899842262268066, -3.690507173538208], [-5.1195902824401855, -4.407502174377441, 0.9750051498413086, 2.496345281600952, 4.785503387451172, -7.0990400314331055, 5.063529968261719, -3.868170738220215, 4.985606670379639, -2.4954211711883545, 10.592181205749512, -0.6274462938308716, -6.300364971160889, 17.60976219177246, -3.902937173843384, -0.7111605405807495, 3.233315944671631, 0.12591761350631714, 0.2665477991104126, 3.0576858520507812, 10.708118438720703], [-0.11025594919919968, 5.145820140838623, -4.265542507171631, -1.8420709371566772, 4.296230316162109, 2.395918130874634, 5.098912239074707, 0.9115460515022278, 1.8329722881317139, -8.42854118347168, 3.604120969772339, 0.8869791626930237, -7.518266201019287, -3.902937173843384, 28.78487777709961, -5.873229503631592, 3.312718152999878, 3.183931589126587, 13.189216613769531, -1.519474983215332, -3.728975296020508], [-2.0705771446228027, 5.970781326293945, 4.7256059646606445, -4.486778736114502, -3.961665153503418, 3.590838670730591, -7.384193420410156, 5.356933116912842, -3.810802698135376, 3.7716174125671387, -3.694279432296753, 6.087620735168457, 4.272326469421387, -0.7111605405807495, -5.873229503631592, 24.82674789428711, -6.919620990753174, -0.4289831519126892, 4.035373687744141, -8.426216125488281, 5.51812219619751], [-1.4428108930587769, 1.242406964302063, 5.585904121398926, 2.104773998260498, 7.071885108947754, -4.4736809730529785, 0.536176860332489, -5.00769567489624, -5.524271011352539, -4.2864532470703125, -2.461186408996582, -5.9722394943237305, 5.403145790100098, 3.2333157062530518, 3.3127193450927734, -6.919620990753174, 34.53951644897461, 4.070634365081787, -3.365812301635742, -6.824859619140625, -0.4888719916343689], [-1.263365626335144, 1.3620119094848633, 2.1769680976867676, -2.645500898361206, -0.04340266063809395, -1.8890271186828613, 0.434646338224411, -1.2473400831222534, 1.3584235906600952, -0.09407355636358261, 1.766548991203308, 3.2556631565093994, 0.06400018185377121, 0.12591762840747833, 3.183931827545166, -0.4289834797382355, 4.070634365081787, 12.588817596435547, -3.5539426803588867, -3.8033149242401123, 0.03674110770225525], [2.6570522785186768, -1.2243003845214844, -5.137340545654297, -1.8834738731384277, 5.812814235687256, 2.4752159118652344, 1.6922192573547363, -0.026932595297694206, 1.353521466255188, -4.349724292755127, -0.20726996660232544, -2.305483818054199, -16.928579330444336, 0.26654762029647827, 13.189214706420898, 4.035372734069824, -3.365812301635742, -3.5539426803588867, 32.79925537109375, -1.0445019006729126, -0.9908075332641602], [2.4629263877868652, 2.39170503616333, 3.5005340576171875, 3.969651222229004, 6.72265625, -2.5868542194366455, 9.477784156799316, -1.4745432138442993, -0.5671870112419128, -5.141000747680664, -8.328986167907715, -5.368717193603516, 7.899841785430908, 3.057685375213623, -1.5194728374481201, -8.426216125488281, -6.824859619140625, -3.8033149242401123, -1.0445019006729126, 38.83515167236328, -3.3949337005615234], [-2.017838954925537, -4.029484748840332, -6.536881446838379, 1.8129799365997314, -3.4391112327575684, -4.9039812088012695, -5.697679042816162, 0.14452409744262695, 3.3100948333740234, 1.2796082496643066, 9.0147705078125, 5.530174255371094, -3.6905078887939453, 10.70811939239502, -3.728975772857666, 5.518121719360352, -0.4888719916343689, 0.03674113750457764, -0.9908075332641602, -3.3949337005615234, 35.899986267089844]], "type": "heatmap"}], "layout": {"template": {"data": {"histogram2dcontour": [{"type": "histogram2dcontour", "colorbar": {"outlinewidth": 0, "ticks": ""}, "colorscale": [[0.0, "#0d0887"], [0.1111111111111111, "#46039f"], [0.2222222222222222, "#7201a8"], [0.3333333333333333, "#9c179e"], [0.4444444444444444, "#bd3786"], [0.5555555555555556, "#d8576b"], [0.6666666666666666, "#ed7953"], [0.7777777777777778, "#fb9f3a"], [0.8888888888888888, "#fdca26"], [1.0, "#f0f921"]]}], "choropleth": [{"type": "choropleth", "colorbar": {"outlinewidth": 0, "ticks": ""}}], "histogram2d": [{"type": "histogram2d", "colorbar": {"outlinewidth": 0, "ticks": ""}, "colorscale": [[0.0, "#0d0887"], [0.1111111111111111, "#46039f"], [0.2222222222222222, "#7201a8"], [0.3333333333333333, "#9c179e"], [0.4444444444444444, "#bd3786"], [0.5555555555555556, "#d8576b"], [0.6666666666666666, "#ed7953"], [0.7777777777777778, "#fb9f3a"], [0.8888888888888888, "#fdca26"], [1.0, "#f0f921"]]}], "heatmap": [{"type": "heatmap", "colorbar": {"outlinewidth": 0, "ticks": ""}, "colorscale": [[0.0, "#0d0887"], [0.1111111111111111, "#46039f"], [0.2222222222222222, "#7201a8"], [0.3333333333333333, "#9c179e"], [0.4444444444444444, "#bd3786"], [0.5555555555555556, "#d8576b"], [0.6666666666666666, "#ed7953"], [0.7777777777777778, "#fb9f3a"], [0.8888888888888888, "#fdca26"], [1.0, "#f0f921"]]}], "heatmapgl": [{"type": "heatmapgl", "colorbar": {"outlinewidth": 0, "ticks": ""}, "colorscale": [[0.0, "#0d0887"], [0.1111111111111111, "#46039f"], [0.2222222222222222, "#7201a8"], [0.3333333333333333, "#9c179e"], [0.4444444444444444, "#bd3786"], [0.5555555555555556, "#d8576b"], [0.6666666666666666, "#ed7953"], [0.7777777777777778, "#fb9f3a"], [0.8888888888888888, "#fdca26"], [1.0, "#f0f921"]]}], "contourcarpet": [{"type": "contourcarpet", "colorbar": {"outlinewidth": 0, "ticks": ""}}], "contour": [{"type": "contour", "colorbar": {"outlinewidth": 0, "ticks": ""}, "colorscale": [[0.0, "#0d0887"], [0.1111111111111111, "#46039f"], [0.2222222222222222, "#7201a8"], [0.3333333333333333, "#9c179e"], [0.4444444444444444, "#bd3786"], [0.5555555555555556, "#d8576b"], [0.6666666666666666, "#ed7953"], [0.7777777777777778, "#fb9f3a"], [0.8888888888888888, "#fdca26"], [1.0, "#f0f921"]]}], "surface": [{"type": "surface", "colorbar": {"outlinewidth": 0, "ticks": ""}, "colorscale": [[0.0, "#0d0887"], [0.1111111111111111, "#46039f"], [0.2222222222222222, "#7201a8"], [0.3333333333333333, "#9c179e"], [0.4444444444444444, "#bd3786"], [0.5555555555555556, "#d8576b"], [0.6666666666666666, "#ed7953"], [0.7777777777777778, "#fb9f3a"], [0.8888888888888888, "#fdca26"], [1.0, "#f0f921"]]}], "mesh3d": [{"type": "mesh3d", "colorbar": {"outlinewidth": 0, "ticks": ""}}], "scatter": [{"fillpattern": {"fillmode": "overlay", "size": 10, "solidity": 0.2}, "type": "scatter"}], "parcoords": [{"type": "parcoords", "line": {"colorbar": {"outlinewidth": 0, "ticks": ""}}}], "scatterpolargl": [{"type": "scatterpolargl", "marker": {"colorbar": {"outlinewidth": 0, "ticks": ""}}}], "bar": [{"error_x": {"color": "#2a3f5f"}, "error_y": {"color": "#2a3f5f"}, "marker": {"line": {"color": "#E5ECF6", "width": 0.5}, "pattern": {"fillmode": "overlay", "size": 10, "solidity": 0.2}}, "type": "bar"}], "scattergeo": [{"type": "scattergeo", "marker": {"colorbar": {"outlinewidth": 0, "ticks": ""}}}], "scatterpolar": [{"type": "scatterpolar", "marker": {"colorbar": {"outlinewidth": 0, "ticks": ""}}}], "histogram": [{"marker": {"pattern": {"fillmode": "overlay", "size": 10, "solidity": 0.2}}, "type": "histogram"}], "scattergl": [{"type": "scattergl", "marker": {"colorbar": {"outlinewidth": 0, "ticks": ""}}}], "scatter3d": [{"type": "scatter3d", "line": {"colorbar": {"outlinewidth": 0, "ticks": ""}}, "marker": {"colorbar": {"outlinewidth": 0, "ticks": ""}}}], "scattermapbox": [{"type": "scattermapbox", "marker": {"colorbar": {"outlinewidth": 0, "ticks": ""}}}], "scatterternary": [{"type": "scatterternary", "marker": {"colorbar": {"outlinewidth": 0, "ticks": ""}}}], "scattercarpet": [{"type": "scattercarpet", "marker": {"colorbar": {"outlinewidth": 0, "ticks": ""}}}], "carpet": [{"aaxis": {"endlinecolor": "#2a3f5f", "gridcolor": "white", "linecolor": "white", "minorgridcolor": "white", "startlinecolor": "#2a3f5f"}, "baxis": {"endlinecolor": "#2a3f5f", "gridcolor": "white", "linecolor": "white", "minorgridcolor": "white", "startlinecolor": "#2a3f5f"}, "type": "carpet"}], "table": [{"cells": {"fill": {"color": "#EBF0F8"}, "line": {"color": "white"}}, "header": {"fill": {"color": "#C8D4E3"}, "line": {"color": "white"}}, "type": "table"}], "barpolar": [{"marker": {"line": {"color": "#E5ECF6", "width": 0.5}, "pattern": {"fillmode": "overlay", "size": 10, "solidity": 0.2}}, "type": "barpolar"}], "pie": [{"automargin": true, "type": "pie"}]}, "layout": {"autotypenumbers": "strict", "colorway": ["#636efa", "#EF553B", "#00cc96", "#ab63fa", "#FFA15A", "#19d3f3", "#FF6692", "#B6E880", "#FF97FF", "#FECB52"], "font": {"color": "#2a3f5f"}, "hovermode": "closest", "hoverlabel": {"align": "left"}, "paper_bgcolor": "white", "plot_bgcolor": "#E5ECF6", "polar": {"bgcolor": "#E5ECF6", "angularaxis": {"gridcolor": "white", "linecolor": "white", "ticks": ""}, "radialaxis": {"gridcolor": "white", "linecolor": "white", "ticks": ""}}, "ternary": {"bgcolor": "#E5ECF6", "aaxis": {"gridcolor": "white", "linecolor": "white", "ticks": ""}, "baxis": {"gridcolor": "white", "linecolor": "white", "ticks": ""}, "caxis": {"gridcolor": "white", "linecolor": "white", "ticks": ""}}, "coloraxis": {"colorbar": {"outlinewidth": 0, "ticks": ""}}, "colorscale": {"sequential": [[0.0, "#0d0887"], [0.1111111111111111, "#46039f"], [0.2222222222222222, "#7201a8"], [0.3333333333333333, "#9c179e"], [0.4444444444444444, "#bd3786"], [0.5555555555555556, "#d8576b"], [0.6666666666666666, "#ed7953"], [0.7777777777777778, "#fb9f3a"], [0.8888888888888888, "#fdca26"], [1.0, "#f0f921"]], "sequentialminus": [[0.0, "#0d0887"], [0.1111111111111111, "#46039f"], [0.2222222222222222, "#7201a8"], [0.3333333333333333, "#9c179e"], [0.4444444444444444, "#bd3786"], [0.5555555555555556, "#d8576b"], [0.6666666666666666, "#ed7953"], [0.7777777777777778, "#fb9f3a"], [0.8888888888888888, "#fdca26"], [1.0, "#f0f921"]], "diverging": [[0, "#8e0152"], [0.1, "#c51b7d"], [0.2, "#de77ae"], [0.3, "#f1b6da"], [0.4, "#fde0ef"], [0.5, "#f7f7f7"], [0.6, "#e6f5d0"], [0.7, "#b8e186"], [0.8, "#7fbc41"], [0.9, "#4d9221"], [1, "#276419"]]}, "xaxis": {"gridcolor": "white", "linecolor": "white", "ticks": "", "title": {"standoff": 15}, "zerolinecolor": "white", "automargin": true, "zerolinewidth": 2}, "yaxis": {"gridcolor": "white", "linecolor": "white", "ticks": "", "title": {"standoff": 15}, "zerolinecolor": "white", "automargin": true, "zerolinewidth": 2}, "scene": {"xaxis": {"backgroundcolor": "#E5ECF6", "gridcolor": "white", "linecolor": "white", "showbackground": true, "ticks": "", "zerolinecolor": "white", "gridwidth": 2}, "yaxis": {"backgroundcolor": "#E5ECF6", "gridcolor": "white", "linecolor": "white", "showbackground": true, "ticks": "", "zerolinecolor": "white", "gridwidth": 2}, "zaxis": {"backgroundcolor": "#E5ECF6", "gridcolor": "white", "linecolor": "white", "showbackground": true, "ticks": "", "zerolinecolor": "white", "gridwidth": 2}}, "shapedefaults": {"line": {"color": "#2a3f5f"}}, "annotationdefaults": {"arrowcolor": "#2a3f5f", "arrowhead": 0, "arrowwidth": 1}, "geo": {"bgcolor": "white", "landcolor": "#E5ECF6", "subunitcolor": "white", "showland": true, "showlakes": true, "lakecolor": "white"}, "title": {"x": 0.05}, "mapbox": {"style": "light"}}}}}