{"data": [{"z": [[17.24558448791504, 2.7166125774383545, -5.567143440246582, -1.782958984375, 3.44645619392395, 3.1629300117492676, -0.025799302384257317, 1.4141539335250854, 0.3330266773700714, 2.2133917808532715, -3.112062931060791, -0.6089263558387756, 5.353741645812988, -5.256587028503418, -0.10036320239305496, -2.0809531211853027, -1.4785287380218506, -1.303589105606079, 2.7613413333892822, 2.5992777347564697, -1.9915651082992554], [2.7166125774383545, 21.097183227539062, 1.2967833280563354, -6.384426593780518, 3.075263500213623, -3.6146676540374756, -3.0840864181518555, 1.4793832302093506, -0.7333911061286926, -2.427881956100464, -7.698923110961914, 2.1812238693237305, 9.595324516296387, -4.546676158905029, 5.235747337341309, 6.056984901428223, 1.2833237648010254, 1.331899881362915, -1.2473639249801636, 2.519099235534668, -4.104050159454346], [-5.567143440246582, 1.2967833280563354, 19.889432907104492, -4.897067070007324, -0.0064453198574483395, 0.3079744875431061, 3.8741202354431152, 3.6466751098632812, -0.5542827844619751, 2.025620222091675, -1.1386264562606812, -2.380697727203369, -0.03922241926193237, 0.9545544981956482, -4.239713191986084, 4.8558573722839355, 5.675068378448486, 2.189664840698242, -5.171383857727051, 3.564619779586792, -6.558774948120117], [-1.782958984375, -6.384426593780518, -4.897067070007324, 23.308435440063477, 1.0516990423202515, -1.2784967422485352, -4.615689754486084, -5.561426162719727, -3.0186073780059814, -2.1337645053863525, -6.474019527435303, -2.39506459236145, -0.6918588280677795, 2.690546989440918, -1.9438374042510986, -4.580285549163818, 2.054809093475342, -2.5704071521759033, -1.9258747100830078, 4.025872707366943, 1.8207612037658691], [3.44645619392395, 3.075263500213623, -0.0064453198574483395, 1.0516990423202515, 20.019603729248047, 2.627598285675049, 5.9046630859375, -6.017172813415527, -0.2790601849555969, -6.3046040534973145, -1.8604824542999268, -4.88734769821167, 1.7151957750320435, 4.829693794250488, 4.381110191345215, -3.9976859092712402, 7.166539192199707, -0.04960322380065918, 5.828284740447998, 6.964395999908447, -3.491309881210327], [3.1629300117492676, -3.6146676540374756, 0.3079744875431061, -1.2784967422485352, 2.627598285675049, 20.913063049316406, 2.4214303493499756, 6.178625106811523, 1.7260706424713135, 6.2049689292907715, -6.134383201599121, -0.8575446605682373, 1.9497023820877075, -7.228234767913818, 2.4200081825256348, 3.6993024349212646, -4.617739677429199, -2.0073490142822266, 2.5066847801208496, -2.6150522232055664, -4.906322956085205], [-0.025799302384257317, -3.0840864181518555, 3.8741202354431152, -4.615689754486084, 5.9046630859375, 2.4214303493499756, 34.16688537597656, -3.6080119609832764, -1.6302064657211304, 4.749510288238525, 8.198681831359863, 8.815093040466309, -7.47791051864624, 5.166234493255615, 5.270719528198242, -7.440020561218262, 0.501771092414856, 0.40656328201293945, 1.7489323616027832, 9.571335792541504, -5.734277248382568], [1.4141539335250854, 1.4793832302093506, 3.6466751098632812, -5.561426162719727, -6.017172813415527, 6.178625106811523, -3.6080119609832764, 19.60618782043457, 1.2472319602966309, 2.6961894035339355, 0.567753791809082, 7.6360249519348145, -4.6819682121276855, -3.9026458263397217, 0.9176398515701294, 5.475147724151611, -5.0702805519104, -1.2489415407180786, 0.006847679615020752, -1.602198600769043, 0.20692449808120728], [0.3330266773700714, -0.7333911061286926, -0.5542827844619751, -3.0186073780059814, -0.2790601849555969, 1.7260706424713135, -1.6302064657211304, 1.2472319602966309, 17.92399787902832, 4.317677021026611, 5.478675365447998, -3.0870392322540283, -7.535523414611816, 5.047741413116455, 1.8310245275497437, -3.780489683151245, -5.6383466720581055, 1.4367966651916504, 1.4371116161346436, -0.5032172203063965, 3.3879270553588867], [2.2133917808532715, -2.427881956100464, 2.025620222091675, -2.1337645053863525, -6.3046040534973145, 6.2049689292907715, 4.749510288238525, 2.6961894035339355, 4.317677021026611, 16.2983455657959, -2.9812002182006836, 6.647863864898682, -1.7792367935180664, -2.64721417427063, -8.600227355957031, 3.870002269744873, -4.4346232414245605, -0.2101098597049713, -4.228327751159668, -5.361113548278809, 1.2794930934906006], [-3.112062931060791, -7.698923110961914, -1.1386264562606812, -6.474019527435303, -1.8604824542999268, -6.134383201599121, 8.198681831359863, 0.567753791809082, 5.478675365447998, -2.9812002182006836, 30.483484268188477, 3.868936777114868, -9.968551635742188, 10.895408630371094, 3.6738698482513428, -3.6246652603149414, -2.4645445346832275, 1.9278059005737305, -0.1470022201538086, -8.45747184753418, 9.089195251464844], [-0.6089263558387756, 2.1812238693237305, -2.380697727203369, -2.39506459236145, -4.88734769821167, -0.8575446605682373, 8.815093040466309, 7.6360249519348145, -3.0870392322540283, 6.647863864898682, 3.868936777114868, 27.09465217590332, -7.850591659545898, -0.5936523675918579, 0.9254389405250549, 6.250892162322998, -6.036404609680176, 3.3584775924682617, -2.2687182426452637, -5.628437519073486, 5.657820701599121], [5.353741645812988, 9.595324516296387, -0.03922241926193237, -0.6918588280677795, 1.7151957750320435, 1.9497023820877075, -7.47791051864624, -4.6819682121276855, -7.535523414611816, -1.7792367935180664, -9.968551635742188, -7.850591659545898, 43.440853118896484, -6.411534309387207, -7.515441417694092, 4.3007588386535645, 5.508718013763428, 0.035806894302368164, -17.185813903808594, 8.091390609741211, -3.7334184646606445], [-5.256587028503418, -4.546676158905029, 0.9545544981956482, 2.690546989440918, 4.829693794250488, -7.228234767913818, 5.166234493255615, -3.9026458263397217, 5.047741413116455, -2.64721417427063, 10.895408630371094, -0.5936523675918579, -6.411534309387207, 18.09571647644043, -3.97131085395813, -0.6048861145973206, 3.342355728149414, 0.2645408511161804, 0.33080315589904785, 3.13746976852417, 10.88278579711914], [-0.10036320239305496, 5.235747337341309, -4.239713191986084, -1.9438374042510986, 4.381110191345215, 2.4200081825256348, 5.270719528198242, 0.9176398515701294, 1.8310245275497437, -8.600227355957031, 3.6738698482513428, 0.9254389405250549, -7.515441417694092, -3.97131085395813, 29.0705623626709, -5.846247673034668, 3.339596748352051, 3.1437089443206787, 13.357154846191406, -1.5259013175964355, -3.7343358993530273], [-2.0809531211853027, 6.056984901428223, 4.8558573722839355, -4.580285549163818, -3.9976859092712402, 3.6993024349212646, -7.440020561218262, 5.475147724151611, -3.780489683151245, 3.870002269744873, -3.6246652603149414, 6.250892162322998, 4.3007588386535645, -0.6048861145973206, -5.846247673034668, 25.13114356994629, -6.948190689086914, -0.36525553464889526, 4.109678268432617, -8.56368637084961, 5.575769424438477], [-1.4785287380218506, 1.2833234071731567, 5.6750688552856445, 2.0548095703125, 7.166539192199707, -4.617739677429199, 0.5017712116241455, -5.0702805519104, -5.638347148895264, -4.4346232414245605, -2.4645440578460693, -6.036404609680176, 5.508718490600586, 3.3423562049865723, 3.3395965099334717, -6.948190689086914, 35.13926696777344, 4.2212934494018555, -3.5503416061401367, -6.912830352783203, -0.39708366990089417], [-1.3035889863967896, 1.331899642944336, 2.189664602279663, -2.5704071521759033, -0.04960349202156067, -2.0073487758636475, 0.40656307339668274, -1.248941421508789, 1.436797022819519, -0.21011023223400116, 1.9278054237365723, 3.3584773540496826, 0.03580700233578682, 0.2645409405231476, 3.1437087059020996, -0.36525553464889526, 4.2212934494018555, 12.79582405090332, -3.5995535850524902, -3.873995304107666, 0.1821688413619995], [2.7613413333892822, -1.2473629713058472, -5.171384334564209, -1.925875186920166, 5.82828426361084, 2.5066845417022705, 1.7489333152770996, 0.006847483105957508, 1.4371111392974854, -4.228328227996826, -0.14700162410736084, -2.2687182426452637, -17.185813903808594, 0.33080339431762695, 13.357156753540039, 4.109678745269775, -3.5503416061401367, -3.5995535850524902, 33.20057678222656, -1.0497584342956543, -1.0119423866271973], [2.5992777347564697, 2.5190987586975098, 3.56462025642395, 4.025873184204102, 6.964395523071289, -2.6150519847869873, 9.571337699890137, -1.6021989583969116, -0.5032174587249756, -5.361114025115967, -8.457473754882812, -5.628438949584961, 8.091391563415527, 3.1374692916870117, -1.5259027481079102, -8.563687324523926, -6.912830352783203, -3.873995304107666, -1.0497584342956543, 39.432003021240234, -3.477544069290161], [-1.991565227508545, -4.1040496826171875, -6.558775424957275, 1.8207614421844482, -3.4913101196289062, -4.906322956085205, -5.734277248382568, 0.2069244384765625, 3.387927293777466, 1.2794923782348633, 9.089194297790527, 5.657819747924805, -3.7334177494049072, 10.88278579711914, -3.7343363761901855, 5.575768947601318, -0.3970840573310852, 0.1821688413619995, -1.0119435787200928, -3.4775443077087402, 35.899986267089844]], "type": "heatmap"}], "layout": {"template": {"data": {"histogram2dcontour": [{"type": "histogram2dcontour", "colorbar": {"outlinewidth": 0, "ticks": ""}, "colorscale": [[0.0, "#0d0887"], [0.1111111111111111, "#46039f"], [0.2222222222222222, "#7201a8"], [0.3333333333333333, "#9c179e"], [0.4444444444444444, "#bd3786"], [0.5555555555555556, "#d8576b"], [0.6666666666666666, "#ed7953"], [0.7777777777777778, "#fb9f3a"], [0.8888888888888888, "#fdca26"], [1.0, "#f0f921"]]}], "choropleth": [{"type": "choropleth", "colorbar": {"outlinewidth": 0, "ticks": ""}}], "histogram2d": [{"type": "histogram2d", "colorbar": {"outlinewidth": 0, "ticks": ""}, "colorscale": [[0.0, "#0d0887"], [0.1111111111111111, "#46039f"], [0.2222222222222222, "#7201a8"], [0.3333333333333333, "#9c179e"], [0.4444444444444444, "#bd3786"], [0.5555555555555556, "#d8576b"], [0.6666666666666666, "#ed7953"], [0.7777777777777778, "#fb9f3a"], [0.8888888888888888, "#fdca26"], [1.0, "#f0f921"]]}], "heatmap": [{"type": "heatmap", "colorbar": {"outlinewidth": 0, "ticks": ""}, "colorscale": [[0.0, "#0d0887"], [0.1111111111111111, "#46039f"], [0.2222222222222222, "#7201a8"], [0.3333333333333333, "#9c179e"], [0.4444444444444444, "#bd3786"], [0.5555555555555556, "#d8576b"], [0.6666666666666666, "#ed7953"], [0.7777777777777778, "#fb9f3a"], [0.8888888888888888, "#fdca26"], [1.0, "#f0f921"]]}], "heatmapgl": [{"type": "heatmapgl", "colorbar": {"outlinewidth": 0, "ticks": ""}, "colorscale": [[0.0, "#0d0887"], [0.1111111111111111, "#46039f"], [0.2222222222222222, "#7201a8"], [0.3333333333333333, "#9c179e"], [0.4444444444444444, "#bd3786"], [0.5555555555555556, "#d8576b"], [0.6666666666666666, "#ed7953"], [0.7777777777777778, "#fb9f3a"], [0.8888888888888888, "#fdca26"], [1.0, "#f0f921"]]}], "contourcarpet": [{"type": "contourcarpet", "colorbar": {"outlinewidth": 0, "ticks": ""}}], "contour": [{"type": "contour", "colorbar": {"outlinewidth": 0, "ticks": ""}, "colorscale": [[0.0, "#0d0887"], [0.1111111111111111, "#46039f"], [0.2222222222222222, "#7201a8"], [0.3333333333333333, "#9c179e"], [0.4444444444444444, "#bd3786"], [0.5555555555555556, "#d8576b"], [0.6666666666666666, "#ed7953"], [0.7777777777777778, "#fb9f3a"], [0.8888888888888888, "#fdca26"], [1.0, "#f0f921"]]}], "surface": [{"type": "surface", "colorbar": {"outlinewidth": 0, "ticks": ""}, "colorscale": [[0.0, "#0d0887"], [0.1111111111111111, "#46039f"], [0.2222222222222222, "#7201a8"], [0.3333333333333333, "#9c179e"], [0.4444444444444444, "#bd3786"], [0.5555555555555556, "#d8576b"], [0.6666666666666666, "#ed7953"], [0.7777777777777778, "#fb9f3a"], [0.8888888888888888, "#fdca26"], [1.0, "#f0f921"]]}], "mesh3d": [{"type": "mesh3d", "colorbar": {"outlinewidth": 0, "ticks": ""}}], "scatter": [{"fillpattern": {"fillmode": "overlay", "size": 10, "solidity": 0.2}, "type": "scatter"}], "parcoords": [{"type": "parcoords", "line": {"colorbar": {"outlinewidth": 0, "ticks": ""}}}], "scatterpolargl": [{"type": "scatterpolargl", "marker": {"colorbar": {"outlinewidth": 0, "ticks": ""}}}], "bar": [{"error_x": {"color": "#2a3f5f"}, "error_y": {"color": "#2a3f5f"}, "marker": {"line": {"color": "#E5ECF6", "width": 0.5}, "pattern": {"fillmode": "overlay", "size": 10, "solidity": 0.2}}, "type": "bar"}], "scattergeo": [{"type": "scattergeo", "marker": {"colorbar": {"outlinewidth": 0, "ticks": ""}}}], "scatterpolar": [{"type": "scatterpolar", "marker": {"colorbar": {"outlinewidth": 0, "ticks": ""}}}], "histogram": [{"marker": {"pattern": {"fillmode": "overlay", "size": 10, "solidity": 0.2}}, "type": "histogram"}], "scattergl": [{"type": "scattergl", "marker": {"colorbar": {"outlinewidth": 0, "ticks": ""}}}], "scatter3d": [{"type": "scatter3d", "line": {"colorbar": {"outlinewidth": 0, "ticks": ""}}, "marker": {"colorbar": {"outlinewidth": 0, "ticks": ""}}}], "scattermapbox": [{"type": "scattermapbox", "marker": {"colorbar": {"outlinewidth": 0, "ticks": ""}}}], "scatterternary": [{"type": "scatterternary", "marker": {"colorbar": {"outlinewidth": 0, "ticks": ""}}}], "scattercarpet": [{"type": "scattercarpet", "marker": {"colorbar": {"outlinewidth": 0, "ticks": ""}}}], "carpet": [{"aaxis": {"endlinecolor": "#2a3f5f", "gridcolor": "white", "linecolor": "white", "minorgridcolor": "white", "startlinecolor": "#2a3f5f"}, "baxis": {"endlinecolor": "#2a3f5f", "gridcolor": "white", "linecolor": "white", "minorgridcolor": "white", "startlinecolor": "#2a3f5f"}, "type": "carpet"}], "table": [{"cells": {"fill": {"color": "#EBF0F8"}, "line": {"color": "white"}}, "header": {"fill": {"color": "#C8D4E3"}, "line": {"color": "white"}}, "type": "table"}], "barpolar": [{"marker": {"line": {"color": "#E5ECF6", "width": 0.5}, "pattern": {"fillmode": "overlay", "size": 10, "solidity": 0.2}}, "type": "barpolar"}], "pie": [{"automargin": true, "type": "pie"}]}, "layout": {"autotypenumbers": "strict", "colorway": ["#636efa", "#EF553B", "#00cc96", "#ab63fa", "#FFA15A", "#19d3f3", "#FF6692", "#B6E880", "#FF97FF", "#FECB52"], "font": {"color": "#2a3f5f"}, "hovermode": "closest", "hoverlabel": {"align": "left"}, "paper_bgcolor": "white", "plot_bgcolor": "#E5ECF6", "polar": {"bgcolor": "#E5ECF6", "angularaxis": {"gridcolor": "white", "linecolor": "white", "ticks": ""}, "radialaxis": {"gridcolor": "white", "linecolor": "white", "ticks": ""}}, "ternary": {"bgcolor": "#E5ECF6", "aaxis": {"gridcolor": "white", "linecolor": "white", "ticks": ""}, "baxis": {"gridcolor": "white", "linecolor": "white", "ticks": ""}, "caxis": {"gridcolor": "white", "linecolor": "white", "ticks": ""}}, "coloraxis": {"colorbar": {"outlinewidth": 0, "ticks": ""}}, "colorscale": {"sequential": [[0.0, "#0d0887"], [0.1111111111111111, "#46039f"], [0.2222222222222222, "#7201a8"], [0.3333333333333333, "#9c179e"], [0.4444444444444444, "#bd3786"], [0.5555555555555556, "#d8576b"], [0.6666666666666666, "#ed7953"], [0.7777777777777778, "#fb9f3a"], [0.8888888888888888, "#fdca26"], [1.0, "#f0f921"]], "sequentialminus": [[0.0, "#0d0887"], [0.1111111111111111, "#46039f"], [0.2222222222222222, "#7201a8"], [0.3333333333333333, "#9c179e"], [0.4444444444444444, "#bd3786"], [0.5555555555555556, "#d8576b"], [0.6666666666666666, "#ed7953"], [0.7777777777777778, "#fb9f3a"], [0.8888888888888888, "#fdca26"], [1.0, "#f0f921"]], "diverging": [[0, "#8e0152"], [0.1, "#c51b7d"], [0.2, "#de77ae"], [0.3, "#f1b6da"], [0.4, "#fde0ef"], [0.5, "#f7f7f7"], [0.6, "#e6f5d0"], [0.7, "#b8e186"], [0.8, "#7fbc41"], [0.9, "#4d9221"], [1, "#276419"]]}, "xaxis": {"gridcolor": "white", "linecolor": "white", "ticks": "", "title": {"standoff": 15}, "zerolinecolor": "white", "automargin": true, "zerolinewidth": 2}, "yaxis": {"gridcolor": "white", "linecolor": "white", "ticks": "", "title": {"standoff": 15}, "zerolinecolor": "white", "automargin": true, "zerolinewidth": 2}, "scene": {"xaxis": {"backgroundcolor": "#E5ECF6", "gridcolor": "white", "linecolor": "white", "showbackground": true, "ticks": "", "zerolinecolor": "white", "gridwidth": 2}, "yaxis": {"backgroundcolor": "#E5ECF6", "gridcolor": "white", "linecolor": "white", "showbackground": true, "ticks": "", "zerolinecolor": "white", "gridwidth": 2}, "zaxis": {"backgroundcolor": "#E5ECF6", "gridcolor": "white", "linecolor": "white", "showbackground": true, "ticks": "", "zerolinecolor": "white", "gridwidth": 2}}, "shapedefaults": {"line": {"color": "#2a3f5f"}}, "annotationdefaults": {"arrowcolor": "#2a3f5f", "arrowhead": 0, "arrowwidth": 1}, "geo": {"bgcolor": "white", "landcolor": "#E5ECF6", "subunitcolor": "white", "showland": true, "showlakes": true, "lakecolor": "white"}, "title": {"x": 0.05}, "mapbox": {"style": "light"}}}}}