{"data": [{"z": [[16.71933937072754, 2.72101092338562, -5.345278263092041, -1.9593836069107056, 3.406353712081909, 3.015072822570801, 0.21499840915203094, 1.4029459953308105, 0.25018391013145447, 2.1351356506347656, -2.787675619125366, -0.5170071721076965, 5.190414905548096, -4.968320846557617, -0.047038476914167404, -1.9920777082443237, -1.334823727607727, -1.1384015083312988, 2.6405177116394043, 2.471073627471924, -1.9991012811660767], [2.72101092338562, 20.642850875854492, 1.1716854572296143, -6.120724201202393, 2.9496562480926514, -3.5121779441833496, -3.1835498809814453, 1.4865531921386719, -0.6371351480484009, -2.268739700317383, -7.622859954833984, 2.1885287761688232, 9.399251937866211, -4.307632923126221, 5.1332573890686035, 5.950229167938232, 1.275475025177002, 1.41298246383667, -1.208797812461853, 2.4228763580322266, -3.99996018409729], [-5.345278263092041, 1.1716854572296143, 19.57393455505371, -4.575723648071289, -0.07153579592704773, 0.3654465973377228, 3.6688618659973145, 3.628939628601074, -0.44088393449783325, 2.154242515563965, -1.217276930809021, -2.3354580402374268, 0.037532951682806015, 1.004089593887329, -4.254641532897949, 4.692039489746094, 5.586005687713623, 2.194824457168579, -5.084458351135254, 3.564127206802368, -6.5433149337768555], [-1.9593836069107056, -6.120724201202393, -4.575723648071289, 22.75239372253418, 1.1240289211273193, -1.3720526695251465, -4.263604164123535, -5.331638813018799, -2.969287633895874, -2.289435625076294, -6.233778953552246, -2.1624064445495605, -0.7496832013130188, 2.4731571674346924, -1.7562459707260132, -4.378994464874268, 2.136329174041748, -2.6236515045166016, -1.812936782836914, 3.930607795715332, 1.8258780241012573], [3.406353712081909, 2.9496562480926514, -0.07153579592704773, 1.1240289211273193, 19.54844093322754, 2.55954647064209, 5.748849868774414, -5.690133571624756, -0.3182610869407654, -6.1002702713012695, -1.7465500831604004, -4.580687999725342, 1.579106092453003, 4.798098087310791, 4.307104587554932, -3.8978023529052734, 7.105175971984863, 0.010094165802001953, 5.838359355926514, 6.6907196044921875, -3.4112493991851807], [3.015072822570801, -3.5121779441833496, 0.3654465973377228, -1.3720526695251465, 2.55954647064209, 20.40546989440918, 2.5354223251342773, 6.077247142791748, 1.583728551864624, 6.077281475067139, -5.785126686096191, -0.8286299109458923, 1.9247430562973022, -6.945785999298096, 2.4227635860443115, 3.586699962615967, -4.334074974060059, -1.7873740196228027, 2.472865104675293, -2.505958080291748, -4.885087966918945], [0.21499840915203094, -3.1835498809814453, 3.6688618659973145, -4.263604164123535, 5.748849868774414, 2.5354223251342773, 33.401676177978516, -3.520864248275757, -1.5086065530776978, 4.757516860961914, 7.8943657875061035, 8.629857063293457, -7.221179485321045, 5.010523319244385, 5.036214828491211, -7.395203590393066, 0.5500445365905762, 0.44122910499572754, 1.6914966106414795, 9.50415325164795, -5.695497989654541], [1.4029459953308105, 1.4865531921386719, 3.628939628601074, -5.331638813018799, -5.690133571624756, 6.077247142791748, -3.520864248275757, 19.198795318603516, 1.196586012840271, 2.666666030883789, 0.4384109377861023, 7.332006454467773, -4.36790657043457, -3.771104097366333, 0.9431824088096619, 5.342899322509766, -4.881297588348389, -1.1595779657363892, -0.020870685577392578, -1.3097865581512451, 0.15736550092697144], [0.25018391013145447, -0.6371351480484009, -0.44088393449783325, -2.969287633895874, -0.3182610869407654, 1.583728551864624, -1.5086065530776978, 1.196586012840271, 17.422327041625977, 4.210731029510498, 5.519956588745117, -2.981297731399536, -7.323609352111816, 5.031671524047852, 1.8961673974990845, -3.7321126461029053, -5.387935161590576, 1.4351670742034912, 1.3888304233551025, -0.5196940302848816, 3.3050475120544434], [2.1351356506347656, -2.268739700317383, 2.154242515563965, -2.289435625076294, -6.1002702713012695, 6.077281475067139, 4.757516860961914, 2.666666030883789, 4.210731029510498, 15.91395378112793, -2.920570135116577, 6.446114540100098, -1.660097360610962, -2.3744029998779297, -8.312180519104004, 3.818204879760742, -4.186550617218018, -0.010650187730789185, -4.3651123046875, -4.99372673034668, 1.3151298761367798], [-2.787675619125366, -7.622859954833984, -1.217276930809021, -6.233778953552246, -1.7465500831604004, -5.785126686096191, 7.8943657875061035, 0.4384109377861023, 5.519956588745117, -2.920570135116577, 29.752531051635742, 3.5754318237304688, -9.670162200927734, 10.4619722366333, 3.5824272632598877, -3.707728862762451, -2.4402098655700684, 1.744781732559204, -0.20650100708007812, -8.18885326385498, 9.001253128051758], [-0.5170071721076965, 2.1885287761688232, -2.3354580402374268, -2.1624064445495605, -4.580687999725342, -0.8286299109458923, 8.629857063293457, 7.332006454467773, -2.981297731399536, 6.446114540100098, 3.5754318237304688, 26.41704750061035, -7.528524398803711, -0.5941836833953857, 0.884824275970459, 6.03025484085083, -5.896207332611084, 3.2546277046203613, -2.310284376144409, -5.166293144226074, 5.501292705535889], [5.190414905548096, 9.399251937866211, 0.037532951682806015, -0.7496832013130188, 1.579106092453003, 1.9247430562973022, -7.221179485321045, -4.36790657043457, -7.323609352111816, -1.660097360610962, -9.670162200927734, -7.528524398803711, 42.447669982910156, -6.174572944641113, -7.468094825744629, 4.329391956329346, 5.437982559204102, 0.15340948104858398, -16.79639434814453, 7.878607273101807, -3.663158893585205], [-4.968320846557617, -4.307632923126221, 1.004089593887329, 2.4731571674346924, 4.798098087310791, -6.945785999298096, 5.010523319244385, -3.771104097366333, 5.031671524047852, -2.3744029998779297, 10.4619722366333, -0.5941836833953857, -6.174572944641113, 17.410043716430664, -3.837033987045288, -0.6836010217666626, 3.220214366912842, 0.12533950805664062, 0.28656578063964844, 3.0888125896453857, 10.632686614990234], [-0.047038476914167404, 5.1332573890686035, -4.254641532897949, -1.7562459707260132, 4.307104587554932, 2.4227635860443115, 5.036214828491211, 0.9431824088096619, 1.8961673974990845, -8.312180519104004, 3.5824272632598877, 0.884824275970459, -7.468094825744629, -3.837033987045288, 28.6893253326416, -5.869988918304443, 3.3588790893554688, 3.2448606491088867, 13.150653839111328, -1.4458632469177246, -3.7229981422424316], [-1.9920777082443237, 5.950229167938232, 4.692039489746094, -4.378994464874268, -3.8978023529052734, 3.586699962615967, -7.395203590393066, 5.342899322509766, -3.7321126461029053, 3.818204879760742, -3.707728862762451, 6.03025484085083, 4.329391956329346, -0.6836010217666626, -5.869988918304443, 24.735380172729492, -6.828329086303711, -0.37778210639953613, 4.011877059936523, -8.279690742492676, 5.5146284103393555], [-1.3348238468170166, 1.2754753828048706, 5.586004257202148, 2.1363284587860107, 7.105175495147705, -4.334075450897217, 0.5500448942184448, -4.881297588348389, -5.387935638427734, -4.186550617218018, -2.4402108192443848, -5.896207332611084, 5.437982082366943, 3.220214605331421, 3.3588786125183105, -6.828328609466553, 34.31732940673828, 4.057076930999756, -3.235841751098633, -6.714710712432861, -0.5142822265625], [-1.1384015083312988, 1.4129821062088013, 2.19482421875, -2.6236510276794434, 0.0100938118994236, -1.7873741388320923, 0.44122928380966187, -1.159577488899231, 1.4351669549942017, -0.01065035443753004, 1.7447819709777832, 3.254627227783203, 0.1534081995487213, 0.1253395527601242, 3.2448606491088867, -0.37778180837631226, 4.057076930999756, 12.546892166137695, -3.473961591720581, -3.653238296508789, 0.02696576714515686], [2.6405181884765625, -1.2087979316711426, -5.084458827972412, -1.8129359483718872, 5.838359355926514, 2.4728643894195557, 1.69149649143219, -0.020870855078101158, 1.3888299465179443, -4.365111827850342, -0.20650076866149902, -2.310284376144409, -16.79639434814453, 0.2865658402442932, 13.150652885437012, 4.011877059936523, -3.235841751098633, -3.473961591720581, 32.6461181640625, -0.9735174179077148, -0.9862685799598694], [2.471074104309082, 2.4228761196136475, 3.5641274452209473, 3.930607557296753, 6.690720081329346, -2.5059585571289062, 9.50415325164795, -1.3097867965698242, -0.5196942687034607, -4.9937262535095215, -8.18885326385498, -5.166293621063232, 7.878606796264648, 3.088813066482544, -1.4458633661270142, -8.279690742492676, -6.714710712432861, -3.653238296508789, -0.9735174179077148, 38.62195587158203, -3.3645246028900146], [-1.999101161956787, -3.9999606609344482, -6.5433149337768555, 1.8258782625198364, -3.4112486839294434, -4.885087966918945, -5.695497989654541, 0.1573653221130371, 3.3050475120544434, 1.3151302337646484, 9.001253128051758, 5.5012922286987305, -3.663158655166626, 10.632685661315918, -3.7229981422424316, 5.514627933502197, -0.5142821073532104, 0.026965856552124023, -0.9862682819366455, -3.364525318145752, 35.899986267089844]], "type": "heatmap"}], "layout": {"template": {"data": {"histogram2dcontour": [{"type": "histogram2dcontour", "colorbar": {"outlinewidth": 0, "ticks": ""}, "colorscale": [[0.0, "#0d0887"], [0.1111111111111111, "#46039f"], [0.2222222222222222, "#7201a8"], [0.3333333333333333, "#9c179e"], [0.4444444444444444, "#bd3786"], [0.5555555555555556, "#d8576b"], [0.6666666666666666, "#ed7953"], [0.7777777777777778, "#fb9f3a"], [0.8888888888888888, "#fdca26"], [1.0, "#f0f921"]]}], "choropleth": [{"type": "choropleth", "colorbar": {"outlinewidth": 0, "ticks": ""}}], "histogram2d": [{"type": "histogram2d", "colorbar": {"outlinewidth": 0, "ticks": ""}, "colorscale": [[0.0, "#0d0887"], [0.1111111111111111, "#46039f"], [0.2222222222222222, "#7201a8"], [0.3333333333333333, "#9c179e"], [0.4444444444444444, "#bd3786"], [0.5555555555555556, "#d8576b"], [0.6666666666666666, "#ed7953"], [0.7777777777777778, "#fb9f3a"], [0.8888888888888888, "#fdca26"], [1.0, "#f0f921"]]}], "heatmap": [{"type": "heatmap", "colorbar": {"outlinewidth": 0, "ticks": ""}, "colorscale": [[0.0, "#0d0887"], [0.1111111111111111, "#46039f"], [0.2222222222222222, "#7201a8"], [0.3333333333333333, "#9c179e"], [0.4444444444444444, "#bd3786"], [0.5555555555555556, "#d8576b"], [0.6666666666666666, "#ed7953"], [0.7777777777777778, "#fb9f3a"], [0.8888888888888888, "#fdca26"], [1.0, "#f0f921"]]}], "heatmapgl": [{"type": "heatmapgl", "colorbar": {"outlinewidth": 0, "ticks": ""}, "colorscale": [[0.0, "#0d0887"], [0.1111111111111111, "#46039f"], [0.2222222222222222, "#7201a8"], [0.3333333333333333, "#9c179e"], [0.4444444444444444, "#bd3786"], [0.5555555555555556, "#d8576b"], [0.6666666666666666, "#ed7953"], [0.7777777777777778, "#fb9f3a"], [0.8888888888888888, "#fdca26"], [1.0, "#f0f921"]]}], "contourcarpet": [{"type": "contourcarpet", "colorbar": {"outlinewidth": 0, "ticks": ""}}], "contour": [{"type": "contour", "colorbar": {"outlinewidth": 0, "ticks": ""}, "colorscale": [[0.0, "#0d0887"], [0.1111111111111111, "#46039f"], [0.2222222222222222, "#7201a8"], [0.3333333333333333, "#9c179e"], [0.4444444444444444, "#bd3786"], [0.5555555555555556, "#d8576b"], [0.6666666666666666, "#ed7953"], [0.7777777777777778, "#fb9f3a"], [0.8888888888888888, "#fdca26"], [1.0, "#f0f921"]]}], "surface": [{"type": "surface", "colorbar": {"outlinewidth": 0, "ticks": ""}, "colorscale": [[0.0, "#0d0887"], [0.1111111111111111, "#46039f"], [0.2222222222222222, "#7201a8"], [0.3333333333333333, "#9c179e"], [0.4444444444444444, "#bd3786"], [0.5555555555555556, "#d8576b"], [0.6666666666666666, "#ed7953"], [0.7777777777777778, "#fb9f3a"], [0.8888888888888888, "#fdca26"], [1.0, "#f0f921"]]}], "mesh3d": [{"type": "mesh3d", "colorbar": {"outlinewidth": 0, "ticks": ""}}], "scatter": [{"fillpattern": {"fillmode": "overlay", "size": 10, "solidity": 0.2}, "type": "scatter"}], "parcoords": [{"type": "parcoords", "line": {"colorbar": {"outlinewidth": 0, "ticks": ""}}}], "scatterpolargl": [{"type": "scatterpolargl", "marker": {"colorbar": {"outlinewidth": 0, "ticks": ""}}}], "bar": [{"error_x": {"color": "#2a3f5f"}, "error_y": {"color": "#2a3f5f"}, "marker": {"line": {"color": "#E5ECF6", "width": 0.5}, "pattern": {"fillmode": "overlay", "size": 10, "solidity": 0.2}}, "type": "bar"}], "scattergeo": [{"type": "scattergeo", "marker": {"colorbar": {"outlinewidth": 0, "ticks": ""}}}], "scatterpolar": [{"type": "scatterpolar", "marker": {"colorbar": {"outlinewidth": 0, "ticks": ""}}}], "histogram": [{"marker": {"pattern": {"fillmode": "overlay", "size": 10, "solidity": 0.2}}, "type": "histogram"}], "scattergl": [{"type": "scattergl", "marker": {"colorbar": {"outlinewidth": 0, "ticks": ""}}}], "scatter3d": [{"type": "scatter3d", "line": {"colorbar": {"outlinewidth": 0, "ticks": ""}}, "marker": {"colorbar": {"outlinewidth": 0, "ticks": ""}}}], "scattermapbox": [{"type": "scattermapbox", "marker": {"colorbar": {"outlinewidth": 0, "ticks": ""}}}], "scatterternary": [{"type": "scatterternary", "marker": {"colorbar": {"outlinewidth": 0, "ticks": ""}}}], "scattercarpet": [{"type": "scattercarpet", "marker": {"colorbar": {"outlinewidth": 0, "ticks": ""}}}], "carpet": [{"aaxis": {"endlinecolor": "#2a3f5f", "gridcolor": "white", "linecolor": "white", "minorgridcolor": "white", "startlinecolor": "#2a3f5f"}, "baxis": {"endlinecolor": "#2a3f5f", "gridcolor": "white", "linecolor": "white", "minorgridcolor": "white", "startlinecolor": "#2a3f5f"}, "type": "carpet"}], "table": [{"cells": {"fill": {"color": "#EBF0F8"}, "line": {"color": "white"}}, "header": {"fill": {"color": "#C8D4E3"}, "line": {"color": "white"}}, "type": "table"}], "barpolar": [{"marker": {"line": {"color": "#E5ECF6", "width": 0.5}, "pattern": {"fillmode": "overlay", "size": 10, "solidity": 0.2}}, "type": "barpolar"}], "pie": [{"automargin": true, "type": "pie"}]}, "layout": {"autotypenumbers": "strict", "colorway": ["#636efa", "#EF553B", "#00cc96", "#ab63fa", "#FFA15A", "#19d3f3", "#FF6692", "#B6E880", "#FF97FF", "#FECB52"], "font": {"color": "#2a3f5f"}, "hovermode": "closest", "hoverlabel": {"align": "left"}, "paper_bgcolor": "white", "plot_bgcolor": "#E5ECF6", "polar": {"bgcolor": "#E5ECF6", "angularaxis": {"gridcolor": "white", "linecolor": "white", "ticks": ""}, "radialaxis": {"gridcolor": "white", "linecolor": "white", "ticks": ""}}, "ternary": {"bgcolor": "#E5ECF6", "aaxis": {"gridcolor": "white", "linecolor": "white", "ticks": ""}, "baxis": {"gridcolor": "white", "linecolor": "white", "ticks": ""}, "caxis": {"gridcolor": "white", "linecolor": "white", "ticks": ""}}, "coloraxis": {"colorbar": {"outlinewidth": 0, "ticks": ""}}, "colorscale": {"sequential": [[0.0, "#0d0887"], [0.1111111111111111, "#46039f"], [0.2222222222222222, "#7201a8"], [0.3333333333333333, "#9c179e"], [0.4444444444444444, "#bd3786"], [0.5555555555555556, "#d8576b"], [0.6666666666666666, "#ed7953"], [0.7777777777777778, "#fb9f3a"], [0.8888888888888888, "#fdca26"], [1.0, "#f0f921"]], "sequentialminus": [[0.0, "#0d0887"], [0.1111111111111111, "#46039f"], [0.2222222222222222, "#7201a8"], [0.3333333333333333, "#9c179e"], [0.4444444444444444, "#bd3786"], [0.5555555555555556, "#d8576b"], [0.6666666666666666, "#ed7953"], [0.7777777777777778, "#fb9f3a"], [0.8888888888888888, "#fdca26"], [1.0, "#f0f921"]], "diverging": [[0, "#8e0152"], [0.1, "#c51b7d"], [0.2, "#de77ae"], [0.3, "#f1b6da"], [0.4, "#fde0ef"], [0.5, "#f7f7f7"], [0.6, "#e6f5d0"], [0.7, "#b8e186"], [0.8, "#7fbc41"], [0.9, "#4d9221"], [1, "#276419"]]}, "xaxis": {"gridcolor": "white", "linecolor": "white", "ticks": "", "title": {"standoff": 15}, "zerolinecolor": "white", "automargin": true, "zerolinewidth": 2}, "yaxis": {"gridcolor": "white", "linecolor": "white", "ticks": "", "title": {"standoff": 15}, "zerolinecolor": "white", "automargin": true, "zerolinewidth": 2}, "scene": {"xaxis": {"backgroundcolor": "#E5ECF6", "gridcolor": "white", "linecolor": "white", "showbackground": true, "ticks": "", "zerolinecolor": "white", "gridwidth": 2}, "yaxis": {"backgroundcolor": "#E5ECF6", "gridcolor": "white", "linecolor": "white", "showbackground": true, "ticks": "", "zerolinecolor": "white", "gridwidth": 2}, "zaxis": {"backgroundcolor": "#E5ECF6", "gridcolor": "white", "linecolor": "white", "showbackground": true, "ticks": "", "zerolinecolor": "white", "gridwidth": 2}}, "shapedefaults": {"line": {"color": "#2a3f5f"}}, "annotationdefaults": {"arrowcolor": "#2a3f5f", "arrowhead": 0, "arrowwidth": 1}, "geo": {"bgcolor": "white", "landcolor": "#E5ECF6", "subunitcolor": "white", "showland": true, "showlakes": true, "lakecolor": "white"}, "title": {"x": 0.05}, "mapbox": {"style": "light"}}}}}