{"data": [{"z": [[16.727378845214844, 2.7144081592559814, -5.35762882232666, -1.9578031301498413, 3.4022867679595947, 3.0147485733032227, 0.20538242161273956, 1.3949699401855469, 0.24405795335769653, 2.130579948425293, -2.8029167652130127, -0.5266970992088318, 5.188408374786377, -4.983393669128418, -0.054834455251693726, -2.0023512840270996, -1.3477461338043213, -1.1538925170898438, 2.638746738433838, 2.46830415725708, -2.0027167797088623], [2.7144081592559814, 20.648698806762695, 1.1706076860427856, -6.131406784057617, 2.9475955963134766, -3.5194222927093506, -3.1825499534606934, 1.4833791255950928, -0.645722508430481, -2.2757785320281982, -7.626465797424316, 2.187593936920166, 9.397200584411621, -4.316380023956299, 5.131988525390625, 5.949657917022705, 1.2705450057983398, 1.4062838554382324, -1.210148811340332, 2.416062831878662, -4.001501083374023], [-5.35762882232666, 1.1706076860427856, 19.57589340209961, -4.587393283843994, -0.07514221221208572, 0.35632964968681335, 3.673942804336548, 3.6236627101898193, -0.45181068778038025, 2.146036148071289, -1.2162612676620483, -2.3364644050598145, 0.027409235015511513, 1.000968098640442, -4.257707595825195, 4.690690994262695, 5.582099914550781, 2.191230058670044, -5.091042518615723, 3.5544180870056152, -6.542794704437256], [-1.9578031301498413, -6.131406784057617, -4.587393283843994, 22.75502586364746, 1.121778130531311, -1.372449278831482, -4.271707534790039, -5.345008373260498, -2.9695849418640137, -2.2890186309814453, -6.244980812072754, -2.1726248264312744, -0.7499948143959045, 2.472170114517212, -1.7642611265182495, -4.3912529945373535, 2.132455348968506, -2.6292035579681396, -1.8206758499145508, 3.9326891899108887, 1.8240827322006226], [3.4022867679595947, 2.9475955963134766, -0.07514221221208572, 1.121778130531311, 19.55397605895996, 2.555494546890259, 5.74965238571167, -5.70235538482666, -0.32349130511283875, -6.108319282531738, -1.7523818016052246, -4.590285301208496, 1.577038049697876, 4.795506954193115, 4.304320335388184, -3.904487133026123, 7.098846435546875, 0.00429844856262207, 5.83485221862793, 6.689870834350586, -3.4132001399993896], [3.0147485733032227, -3.5194222927093506, 0.35632964968681335, -1.372449278831482, 2.555494546890259, 20.413400650024414, 2.527648687362671, 6.0729241371154785, 1.5782899856567383, 6.075038909912109, -5.799981594085693, -0.8345177173614502, 1.920595645904541, -6.961118221282959, 2.4180829524993896, 3.5830893516540527, -4.350546836853027, -1.799731969833374, 2.4715473651885986, -2.5145316123962402, -4.88858699798584], [0.20538242161273956, -3.1825499534606934, 3.673942804336548, -4.271707534790039, 5.74965238571167, 2.527648687362671, 33.41354751586914, -3.5211331844329834, -1.5160033702850342, 4.754166603088379, 7.902088165283203, 8.634769439697266, -7.231435298919678, 5.014204978942871, 5.039444923400879, -7.393439769744873, 0.5482578277587891, 0.44098401069641113, 1.689213752746582, 9.499423027038574, -5.694646835327148], [1.3949699401855469, 1.4833791255950928, 3.6236627101898193, -5.345008373260498, -5.70235538482666, 6.0729241371154785, -3.5211331844329834, 19.20192527770996, 1.18415105342865, 2.6599111557006836, 0.4382757246494293, 7.33770227432251, -4.384794235229492, -3.782439708709717, 0.938410222530365, 5.341015338897705, -4.898323059082031, -1.1704317331314087, -0.023809611797332764, -1.3275853395462036, 0.15464931726455688], [0.24405795335769653, -0.645722508430481, -0.45181068778038025, -2.9695849418640137, -0.32349130511283875, 1.5782899856567383, -1.5160033702850342, 1.18415105342865, 17.423458099365234, 4.2075114250183105, 5.506982803344727, -2.992420196533203, -7.334667682647705, 5.023648738861084, 1.886667251586914, -3.745204210281372, -5.404217720031738, 1.4239267110824585, 1.380749225616455, -0.5259474515914917, 3.3019065856933594], [2.130579948425293, -2.2757785320281982, 2.146036148071289, -2.2890186309814453, -6.108319282531738, 6.075038909912109, 4.754166603088379, 2.6599111557006836, 4.2075114250183105, 15.914386749267578, -2.927826166152954, 6.4434685707092285, -1.668681025505066, -2.386347532272339, -8.321812629699707, 3.809339761734009, -4.195091247558594, -0.021086305379867554, -4.366883277893066, -5.008368492126465, 1.3100277185440063], [-2.8029167652130127, -7.626465797424316, -1.2162612676620483, -6.244980812072754, -1.7523818016052246, -5.799981594085693, 7.902088165283203, 0.4382757246494293, 5.506982803344727, -2.927826166152954, 29.766407012939453, 3.5808756351470947, -9.686190605163574, 10.467869758605957, 3.582493782043457, -3.7080132961273193, -2.443568229675293, 1.7433441877365112, -0.20914721488952637, -8.202780723571777, 9.000177383422852], [-0.5266970992088318, 2.187593936920166, -2.3364644050598145, -2.1726248264312744, -4.590285301208496, -0.8345177173614502, 8.634769439697266, 7.33770227432251, -2.992420196533203, 6.4434685707092285, 3.5808756351470947, 26.433395385742188, -7.542444229125977, -0.5999163389205933, 0.8835618495941162, 6.032951354980469, -5.9061174392700195, 3.2518482208251953, -2.311967372894287, -5.186239242553711, 5.500079154968262], [5.188408374786377, 9.397200584411621, 0.027409235015511513, -0.7499948143959045, 1.577038049697876, 1.920595645904541, -7.231435298919678, -4.384794235229492, -7.334667682647705, -1.668681025505066, -9.686190605163574, -7.542444229125977, 42.4615592956543, -6.1882758140563965, -7.474600315093994, 4.3210954666137695, 5.4301252365112305, 0.14190053939819336, -16.806795120239258, 7.877245903015137, -3.666001319885254], [-4.983393669128418, -4.316380023956299, 1.000968098640442, 2.472170114517212, 4.795506954193115, -6.961118221282959, 5.014204978942871, -3.782439708709717, 5.023648738861084, -2.386347532272339, 10.467869758605957, -0.5999163389205933, -6.1882758140563965, 17.421817779541016, -3.8436834812164307, -0.690651535987854, 3.2183103561401367, 0.12170153856277466, 0.28059160709381104, 3.082345485687256, 10.63764476776123], [-0.054834455251693726, 5.131988525390625, -4.257707595825195, -1.7642611265182495, 4.304320335388184, 2.4180829524993896, 5.039444923400879, 0.938410222530365, 1.886667251586914, -8.321812629699707, 3.582493782043457, 0.8835618495941162, -7.474600315093994, -3.8436834812164307, 28.692502975463867, -5.871850490570068, 3.3504891395568848, 3.2367255687713623, 13.150230407714844, -1.4550809860229492, -3.724214792251587], [-2.0023512840270996, 5.949657917022705, 4.690690994262695, -4.3912529945373535, -3.904487133026123, 3.5830893516540527, -7.393439769744873, 5.341015338897705, -3.745204210281372, 3.809339761734009, -3.7080132961273193, 6.032951354980469, 4.3210954666137695, -0.690651535987854, -5.871850490570068, 24.738262176513672, -6.84127950668335, -0.3861159086227417, 4.012129306793213, -8.295048713684082, 5.513772010803223], [-1.3477462530136108, 1.270545482635498, 5.5821003913879395, 2.1324543952941895, 7.098845958709717, -4.350546836853027, 0.5482580661773682, -4.898323059082031, -5.4042181968688965, -4.195090293884277, -2.443568229675293, -5.906116962432861, 5.430124759674072, 3.218310594558716, 3.3504889011383057, -6.841278553009033, 34.32661437988281, 4.052840232849121, -3.2486748695373535, -6.727350234985352, -0.5151231288909912], [-1.1538925170898438, 1.4062843322753906, 2.191229820251465, -2.6292033195495605, 0.004298829007893801, -1.799731969833374, 0.44098377227783203, -1.1704318523406982, 1.4239264726638794, -0.0210864320397377, 1.7433439493179321, 3.251847982406616, 0.14190085232257843, 0.12170150130987167, 3.2367255687713623, -0.3861158788204193, 4.052840232849121, 12.544476509094238, -3.4836795330047607, -3.6702840328216553, 0.025209695100784302], [2.638747453689575, -1.2101486921310425, -5.0910420417785645, -1.8206746578216553, 5.8348517417907715, 2.4715471267700195, 1.6892131567001343, -0.02380954660475254, 1.3807486295700073, -4.366882801055908, -0.20914705097675323, -2.311967134475708, -16.806795120239258, 0.280591756105423, 13.150232315063477, 4.012129783630371, -3.2486748695373535, -3.4836795330047607, 32.65202331542969, -0.9813675880432129, -0.9865736961364746], [2.468303680419922, 2.416062355041504, 3.5544183254241943, 3.9326891899108887, 6.689870357513428, -2.514530658721924, 9.499423027038574, -1.3275848627090454, -0.5259472727775574, -5.008368492126465, -8.202780723571777, -5.186239242553711, 7.877245903015137, 3.082345724105835, -1.455081582069397, -8.295047760009766, -6.727350234985352, -3.6702840328216553, -0.9813675880432129, 38.632568359375, -3.367368221282959], [-2.0027167797088623, -4.001500606536865, -6.5427961349487305, 1.824082612991333, -3.4131999015808105, -4.88858699798584, -5.694645881652832, 0.1546487808227539, 3.3019065856933594, 1.3100275993347168, 9.000177383422852, 5.5000786781311035, -3.666001796722412, 10.637642860412598, -3.724214792251587, 5.513771057128906, -0.5151233673095703, 0.025209784507751465, -0.9865739345550537, -3.367368698120117, 35.899986267089844]], "type": "heatmap"}], "layout": {"template": {"data": {"histogram2dcontour": [{"type": "histogram2dcontour", "colorbar": {"outlinewidth": 0, "ticks": ""}, "colorscale": [[0.0, "#0d0887"], [0.1111111111111111, "#46039f"], [0.2222222222222222, "#7201a8"], [0.3333333333333333, "#9c179e"], [0.4444444444444444, "#bd3786"], [0.5555555555555556, "#d8576b"], [0.6666666666666666, "#ed7953"], [0.7777777777777778, "#fb9f3a"], [0.8888888888888888, "#fdca26"], [1.0, "#f0f921"]]}], "choropleth": [{"type": "choropleth", "colorbar": {"outlinewidth": 0, "ticks": ""}}], "histogram2d": [{"type": "histogram2d", "colorbar": {"outlinewidth": 0, "ticks": ""}, "colorscale": [[0.0, "#0d0887"], [0.1111111111111111, "#46039f"], [0.2222222222222222, "#7201a8"], [0.3333333333333333, "#9c179e"], [0.4444444444444444, "#bd3786"], [0.5555555555555556, "#d8576b"], [0.6666666666666666, "#ed7953"], [0.7777777777777778, "#fb9f3a"], [0.8888888888888888, "#fdca26"], [1.0, "#f0f921"]]}], "heatmap": [{"type": "heatmap", "colorbar": {"outlinewidth": 0, "ticks": ""}, "colorscale": [[0.0, "#0d0887"], [0.1111111111111111, "#46039f"], [0.2222222222222222, "#7201a8"], [0.3333333333333333, "#9c179e"], [0.4444444444444444, "#bd3786"], [0.5555555555555556, "#d8576b"], [0.6666666666666666, "#ed7953"], [0.7777777777777778, "#fb9f3a"], [0.8888888888888888, "#fdca26"], [1.0, "#f0f921"]]}], "heatmapgl": [{"type": "heatmapgl", "colorbar": {"outlinewidth": 0, "ticks": ""}, "colorscale": [[0.0, "#0d0887"], [0.1111111111111111, "#46039f"], [0.2222222222222222, "#7201a8"], [0.3333333333333333, "#9c179e"], [0.4444444444444444, "#bd3786"], [0.5555555555555556, "#d8576b"], [0.6666666666666666, "#ed7953"], [0.7777777777777778, "#fb9f3a"], [0.8888888888888888, "#fdca26"], [1.0, "#f0f921"]]}], "contourcarpet": [{"type": "contourcarpet", "colorbar": {"outlinewidth": 0, "ticks": ""}}], "contour": [{"type": "contour", "colorbar": {"outlinewidth": 0, "ticks": ""}, "colorscale": [[0.0, "#0d0887"], [0.1111111111111111, "#46039f"], [0.2222222222222222, "#7201a8"], [0.3333333333333333, "#9c179e"], [0.4444444444444444, "#bd3786"], [0.5555555555555556, "#d8576b"], [0.6666666666666666, "#ed7953"], [0.7777777777777778, "#fb9f3a"], [0.8888888888888888, "#fdca26"], [1.0, "#f0f921"]]}], "surface": [{"type": "surface", "colorbar": {"outlinewidth": 0, "ticks": ""}, "colorscale": [[0.0, "#0d0887"], [0.1111111111111111, "#46039f"], [0.2222222222222222, "#7201a8"], [0.3333333333333333, "#9c179e"], [0.4444444444444444, "#bd3786"], [0.5555555555555556, "#d8576b"], [0.6666666666666666, "#ed7953"], [0.7777777777777778, "#fb9f3a"], [0.8888888888888888, "#fdca26"], [1.0, "#f0f921"]]}], "mesh3d": [{"type": "mesh3d", "colorbar": {"outlinewidth": 0, "ticks": ""}}], "scatter": [{"fillpattern": {"fillmode": "overlay", "size": 10, "solidity": 0.2}, "type": "scatter"}], "parcoords": [{"type": "parcoords", "line": {"colorbar": {"outlinewidth": 0, "ticks": ""}}}], "scatterpolargl": [{"type": "scatterpolargl", "marker": {"colorbar": {"outlinewidth": 0, "ticks": ""}}}], "bar": [{"error_x": {"color": "#2a3f5f"}, "error_y": {"color": "#2a3f5f"}, "marker": {"line": {"color": "#E5ECF6", "width": 0.5}, "pattern": {"fillmode": "overlay", "size": 10, "solidity": 0.2}}, "type": "bar"}], "scattergeo": [{"type": "scattergeo", "marker": {"colorbar": {"outlinewidth": 0, "ticks": ""}}}], "scatterpolar": [{"type": "scatterpolar", "marker": {"colorbar": {"outlinewidth": 0, "ticks": ""}}}], "histogram": [{"marker": {"pattern": {"fillmode": "overlay", "size": 10, "solidity": 0.2}}, "type": "histogram"}], "scattergl": [{"type": "scattergl", "marker": {"colorbar": {"outlinewidth": 0, "ticks": ""}}}], "scatter3d": [{"type": "scatter3d", "line": {"colorbar": {"outlinewidth": 0, "ticks": ""}}, "marker": {"colorbar": {"outlinewidth": 0, "ticks": ""}}}], "scattermapbox": [{"type": "scattermapbox", "marker": {"colorbar": {"outlinewidth": 0, "ticks": ""}}}], "scatterternary": [{"type": "scatterternary", "marker": {"colorbar": {"outlinewidth": 0, "ticks": ""}}}], "scattercarpet": [{"type": "scattercarpet", "marker": {"colorbar": {"outlinewidth": 0, "ticks": ""}}}], "carpet": [{"aaxis": {"endlinecolor": "#2a3f5f", "gridcolor": "white", "linecolor": "white", "minorgridcolor": "white", "startlinecolor": "#2a3f5f"}, "baxis": {"endlinecolor": "#2a3f5f", "gridcolor": "white", "linecolor": "white", "minorgridcolor": "white", "startlinecolor": "#2a3f5f"}, "type": "carpet"}], "table": [{"cells": {"fill": {"color": "#EBF0F8"}, "line": {"color": "white"}}, "header": {"fill": {"color": "#C8D4E3"}, "line": {"color": "white"}}, "type": "table"}], "barpolar": [{"marker": {"line": {"color": "#E5ECF6", "width": 0.5}, "pattern": {"fillmode": "overlay", "size": 10, "solidity": 0.2}}, "type": "barpolar"}], "pie": [{"automargin": true, "type": "pie"}]}, "layout": {"autotypenumbers": "strict", "colorway": ["#636efa", "#EF553B", "#00cc96", "#ab63fa", "#FFA15A", "#19d3f3", "#FF6692", "#B6E880", "#FF97FF", "#FECB52"], "font": {"color": "#2a3f5f"}, "hovermode": "closest", "hoverlabel": {"align": "left"}, "paper_bgcolor": "white", "plot_bgcolor": "#E5ECF6", "polar": {"bgcolor": "#E5ECF6", "angularaxis": {"gridcolor": "white", "linecolor": "white", "ticks": ""}, "radialaxis": {"gridcolor": "white", "linecolor": "white", "ticks": ""}}, "ternary": {"bgcolor": "#E5ECF6", "aaxis": {"gridcolor": "white", "linecolor": "white", "ticks": ""}, "baxis": {"gridcolor": "white", "linecolor": "white", "ticks": ""}, "caxis": {"gridcolor": "white", "linecolor": "white", "ticks": ""}}, "coloraxis": {"colorbar": {"outlinewidth": 0, "ticks": ""}}, "colorscale": {"sequential": [[0.0, "#0d0887"], [0.1111111111111111, "#46039f"], [0.2222222222222222, "#7201a8"], [0.3333333333333333, "#9c179e"], [0.4444444444444444, "#bd3786"], [0.5555555555555556, "#d8576b"], [0.6666666666666666, "#ed7953"], [0.7777777777777778, "#fb9f3a"], [0.8888888888888888, "#fdca26"], [1.0, "#f0f921"]], "sequentialminus": [[0.0, "#0d0887"], [0.1111111111111111, "#46039f"], [0.2222222222222222, "#7201a8"], [0.3333333333333333, "#9c179e"], [0.4444444444444444, "#bd3786"], [0.5555555555555556, "#d8576b"], [0.6666666666666666, "#ed7953"], [0.7777777777777778, "#fb9f3a"], [0.8888888888888888, "#fdca26"], [1.0, "#f0f921"]], "diverging": [[0, "#8e0152"], [0.1, "#c51b7d"], [0.2, "#de77ae"], [0.3, "#f1b6da"], [0.4, "#fde0ef"], [0.5, "#f7f7f7"], [0.6, "#e6f5d0"], [0.7, "#b8e186"], [0.8, "#7fbc41"], [0.9, "#4d9221"], [1, "#276419"]]}, "xaxis": {"gridcolor": "white", "linecolor": "white", "ticks": "", "title": {"standoff": 15}, "zerolinecolor": "white", "automargin": true, "zerolinewidth": 2}, "yaxis": {"gridcolor": "white", "linecolor": "white", "ticks": "", "title": {"standoff": 15}, "zerolinecolor": "white", "automargin": true, "zerolinewidth": 2}, "scene": {"xaxis": {"backgroundcolor": "#E5ECF6", "gridcolor": "white", "linecolor": "white", "showbackground": true, "ticks": "", "zerolinecolor": "white", "gridwidth": 2}, "yaxis": {"backgroundcolor": "#E5ECF6", "gridcolor": "white", "linecolor": "white", "showbackground": true, "ticks": "", "zerolinecolor": "white", "gridwidth": 2}, "zaxis": {"backgroundcolor": "#E5ECF6", "gridcolor": "white", "linecolor": "white", "showbackground": true, "ticks": "", "zerolinecolor": "white", "gridwidth": 2}}, "shapedefaults": {"line": {"color": "#2a3f5f"}}, "annotationdefaults": {"arrowcolor": "#2a3f5f", "arrowhead": 0, "arrowwidth": 1}, "geo": {"bgcolor": "white", "landcolor": "#E5ECF6", "subunitcolor": "white", "showland": true, "showlakes": true, "lakecolor": "white"}, "title": {"x": 0.05}, "mapbox": {"style": "light"}}}}}