{"data": [{"z": [[16.854368209838867, 2.681112051010132, -5.445395469665527, -1.9339656829833984, 3.3801097869873047, 3.039457082748413, 0.1257031261920929, 1.3581656217575073, 0.22485579550266266, 2.1230554580688477, -2.9154255390167236, -0.5848756432533264, 5.200483798980713, -5.09360408782959, -0.10193345695734024, -2.060185670852661, -1.4300886392593384, -1.2473269701004028, 2.6472506523132324, 2.4620039463043213, -2.017207384109497], [2.681112051010132, 20.735891342163086, 1.1807565689086914, -6.215822696685791, 2.9464187622070312, -3.558591842651367, -3.165066719055176, 1.4727474451065063, -0.6956149935722351, -2.322976589202881, -7.652886390686035, 2.1830339431762695, 9.407524108886719, -4.386712074279785, 5.1406755447387695, 5.9650444984436035, 1.2476458549499512, 1.3681435585021973, -1.2205816507339478, 2.3911352157592773, -4.0201544761657715], [-5.445395469665527, 1.1807565689086914, 19.631269454956055, -4.684760093688965, -0.0858389139175415, 0.30779266357421875, 3.7262487411499023, 3.605865240097046, -0.5176531672477722, 2.101060152053833, -1.1940953731536865, -2.346836805343628, -0.035089146345853806, 0.9825766682624817, -4.2653608322143555, 4.713360786437988, 5.580397605895996, 2.1770637035369873, -5.129988670349121, 3.5044097900390625, -6.536935329437256], [-1.9339656829833984, -6.215822696685791, -4.684760093688965, 22.84535026550293, 1.1083685159683228, -1.3743845224380493, -4.352338790893555, -5.427749156951904, -2.9641594886779785, -2.2722201347351074, -6.332387924194336, -2.252357006072998, -0.7341582775115967, 2.4832823276519775, -1.830935001373291, -4.4755048751831055, 2.1074700355529785, -2.6525697708129883, -1.875159740447998, 3.9622297286987305, 1.813513159751892], [3.3801097869873047, 2.9464187622070312, -0.0858389139175415, 1.1083685159683228, 19.638151168823242, 2.5399932861328125, 5.772161960601807, -5.80647087097168, -0.34571248292922974, -6.172016620635986, -1.797617793083191, -4.678268909454346, 1.5684887170791626, 4.785350799560547, 4.294357776641846, -3.9535181522369385, 7.0704779624938965, -0.04071187973022461, 5.815743446350098, 6.709367275238037, -3.4341607093811035], [3.039457082748413, -3.558591842651367, 0.30779266357421875, -1.3743845224380493, 2.5399932861328125, 20.523963928222656, 2.4747540950775146, 6.068413257598877, 1.5792635679244995, 6.077728271484375, -5.911265850067139, -0.86750727891922, 1.9129809141159058, -7.07284688949585, 2.396449565887451, 3.5844099521636963, -4.452848434448242, -1.874983787536621, 2.4716267585754395, -2.5746798515319824, -4.902204990386963], [0.1257031261920929, -3.165066719055176, 3.7262487411499023, -4.352338790893555, 5.772161960601807, 2.4747540950775146, 33.563201904296875, -3.529219150543213, -1.5749684572219849, 4.740261077880859, 7.981490612030029, 8.684001922607422, -7.317071437835693, 5.055161952972412, 5.084166526794434, -7.382660388946533, 0.539493203163147, 0.43827366828918457, 1.688744068145752, 9.47677230834961, -5.695814609527588], [1.3581656217575073, 1.4727474451065063, 3.605865240097046, -5.427749156951904, -5.80647087097168, 6.068413257598877, -3.529219150543213, 19.278135299682617, 1.1382993459701538, 2.633753538131714, 0.45228809118270874, 7.408357620239258, -4.506973743438721, -3.8593831062316895, 0.9124747514724731, 5.3505449295043945, -4.995905876159668, -1.2410211563110352, -0.028112709522247314, -1.4545936584472656, 0.14168864488601685], [0.22485579550266266, -0.6956149935722351, -0.5176531672477722, -2.9641594886779785, -0.34571248292922974, 1.5792635679244995, -1.5749684572219849, 1.1382993459701538, 17.500629425048828, 4.210193157196045, 5.431884288787842, -3.059835433959961, -7.414227485656738, 4.988011360168457, 1.836092472076416, -3.8050973415374756, -5.509592056274414, 1.3592402935028076, 1.353283405303955, -0.5628475546836853, 3.2999002933502197], [2.1230554580688477, -2.322976589202881, 2.101060152053833, -2.2722201347351074, -6.172016620635986, 6.077728271484375, 4.740261077880859, 2.633753538131714, 4.210193157196045, 15.977524757385254, -2.9657814502716064, 6.460186958312988, -1.730209231376648, -2.4729256629943848, -8.40336799621582, 3.7717702388763428, -4.265613079071045, -0.08333474397659302, -4.36059045791626, -5.115713596343994, 1.2856264114379883], [-2.9154255390167236, -7.652886390686035, -1.1940953731536865, -6.332387924194336, -1.797617793083191, -5.911265850067139, 7.981490612030029, 0.45228809118270874, 5.431884288787842, -2.9657814502716064, 29.9388370513916, 3.648874044418335, -9.80394172668457, 10.558717727661133, 3.596578359603882, -3.697744131088257, -2.4590985774993896, 1.7570720911026, -0.20974326133728027, -8.306798934936523, 9.010457038879395], [-0.5848756432533264, 2.1830339431762695, -2.346836805343628, -2.252357006072998, -4.678268909454346, -0.86750727891922, 8.684001922607422, 7.408357620239258, -3.059835433959961, 6.460186958312988, 3.648874044418335, 26.603130340576172, -7.654932498931885, -0.6280855536460876, 0.8823807835578918, 6.072727680206299, -5.964761734008789, 3.247753143310547, -2.3090462684631348, -5.338203430175781, 5.51910400390625], [5.200483798980713, 9.407524108886719, -0.035089146345853806, -0.7341582775115967, 1.5684887170791626, 1.9129809141159058, -7.317071437835693, -4.506973743438721, -7.414227485656738, -1.730209231376648, -9.80394172668457, -7.654932498931885, 42.64887237548828, -6.28680419921875, -7.517059326171875, 4.2737202644348145, 5.402230262756348, 0.06983065605163574, -16.905818939208984, 7.888302803039551, -3.6873669624328613], [-5.09360408782959, -4.386712074279785, 0.9825766682624817, 2.4832823276519775, 4.785350799560547, -7.07284688949585, 5.055161952972412, -3.8593831062316895, 4.988011360168457, -2.4729256629943848, 10.558717727661133, -0.6280855536460876, -6.28680419921875, 17.563188552856445, -3.8919873237609863, -0.7171538472175598, 3.2266275882720947, 0.1197393536567688, 0.2604539394378662, 3.057023525238037, 10.689760208129883], [-0.10193345695734024, 5.1406755447387695, -4.2653608322143555, -1.830935001373291, 4.294357776641846, 2.396449565887451, 5.084166526794434, 0.9124747514724731, 1.836092472076416, -8.40336799621582, 3.596578359603882, 0.8823807835578918, -7.517059326171875, -3.8919873237609863, 28.757822036743164, -5.875906467437744, 3.312481641769409, 3.1880691051483154, 13.175230979919434, -1.5123777389526367, -3.730219602584839], [-2.060185670852661, 5.9650444984436035, 4.713360786437988, -4.4755048751831055, -3.9535181522369385, 3.5844099521636963, -7.382660388946533, 5.3505449295043945, -3.8050973415374756, 3.7717702388763428, -3.697744131088257, 6.072727680206299, 4.2737202644348145, -0.7171538472175598, -5.875906467437744, 24.802505493164062, -6.911182403564453, -0.42675918340682983, 4.028639793395996, -8.406219482421875, 5.513969898223877], [-1.4300881624221802, 1.247645378112793, 5.580397129058838, 2.107470989227295, 7.07047700881958, -4.452847957611084, 0.5394944548606873, -4.995906352996826, -5.509591579437256, -4.265613079071045, -2.4590988159179688, -5.964761734008789, 5.4022297859191895, 3.2266275882720947, 3.312481641769409, -6.911182880401611, 34.48217010498047, 4.058903694152832, -3.34307861328125, -6.811063766479492, -0.4979953169822693], [-1.2473269701004028, 1.3681436777114868, 2.177063465118408, -2.6525697708129883, -0.040711816400289536, -1.8749836683273315, 0.43827319145202637, -1.2410213947296143, 1.3592405319213867, -0.08333462476730347, 1.7570722103118896, 3.247753381729126, 0.06983079761266708, 0.11973919719457626, 3.188068151473999, -0.42675912380218506, 4.058903694152832, 12.570117950439453, -3.54628586769104, -3.787170648574829, 0.02928084135055542], [2.6472508907318115, -1.2205822467803955, -5.129988193511963, -1.875159740447998, 5.815742015838623, 2.4716267585754395, 1.688744306564331, -0.028112681582570076, 1.3532835245132446, -4.360589981079102, -0.20974309742450714, -2.309046506881714, -16.905820846557617, 0.26045429706573486, 13.17523193359375, 4.028639793395996, -3.34307861328125, -3.54628586769104, 32.76039505004883, -1.0367684364318848, -0.9895837306976318], [2.4620046615600586, 2.3911349773406982, 3.5044093132019043, 3.9622294902801514, 6.709367752075195, -2.5746798515319824, 9.476771354675293, -1.4545931816101074, -0.5628479719161987, -5.115712642669678, -8.306797981262207, -5.338204383850098, 7.888303756713867, 3.0570228099823, -1.5123755931854248, -8.406218528747559, -6.811063766479492, -3.787170648574829, -1.0367684364318848, 38.782928466796875, -3.3893003463745117], [-2.017207622528076, -4.02015495300293, -6.536934852600098, 1.8135133981704712, -3.4341609477996826, -4.902204513549805, -5.695814609527588, 0.14168882369995117, 3.2998998165130615, 1.2856273651123047, 9.010457038879395, 5.51910400390625, -3.6873672008514404, 10.689760208129883, -3.7302193641662598, 5.513970375061035, -0.49799543619155884, 0.02928084135055542, -0.9895837306976318, -3.389301300048828, 35.899986267089844]], "type": "heatmap"}], "layout": {"template": {"data": {"histogram2dcontour": [{"type": "histogram2dcontour", "colorbar": {"outlinewidth": 0, "ticks": ""}, "colorscale": [[0.0, "#0d0887"], [0.1111111111111111, "#46039f"], [0.2222222222222222, "#7201a8"], [0.3333333333333333, "#9c179e"], [0.4444444444444444, "#bd3786"], [0.5555555555555556, "#d8576b"], [0.6666666666666666, "#ed7953"], [0.7777777777777778, "#fb9f3a"], [0.8888888888888888, "#fdca26"], [1.0, "#f0f921"]]}], "choropleth": [{"type": "choropleth", "colorbar": {"outlinewidth": 0, "ticks": ""}}], "histogram2d": [{"type": "histogram2d", "colorbar": {"outlinewidth": 0, "ticks": ""}, "colorscale": [[0.0, "#0d0887"], [0.1111111111111111, "#46039f"], [0.2222222222222222, "#7201a8"], [0.3333333333333333, "#9c179e"], [0.4444444444444444, "#bd3786"], [0.5555555555555556, "#d8576b"], [0.6666666666666666, "#ed7953"], [0.7777777777777778, "#fb9f3a"], [0.8888888888888888, "#fdca26"], [1.0, "#f0f921"]]}], "heatmap": [{"type": "heatmap", "colorbar": {"outlinewidth": 0, "ticks": ""}, "colorscale": [[0.0, "#0d0887"], [0.1111111111111111, "#46039f"], [0.2222222222222222, "#7201a8"], [0.3333333333333333, "#9c179e"], [0.4444444444444444, "#bd3786"], [0.5555555555555556, "#d8576b"], [0.6666666666666666, "#ed7953"], [0.7777777777777778, "#fb9f3a"], [0.8888888888888888, "#fdca26"], [1.0, "#f0f921"]]}], "heatmapgl": [{"type": "heatmapgl", "colorbar": {"outlinewidth": 0, "ticks": ""}, "colorscale": [[0.0, "#0d0887"], [0.1111111111111111, "#46039f"], [0.2222222222222222, "#7201a8"], [0.3333333333333333, "#9c179e"], [0.4444444444444444, "#bd3786"], [0.5555555555555556, "#d8576b"], [0.6666666666666666, "#ed7953"], [0.7777777777777778, "#fb9f3a"], [0.8888888888888888, "#fdca26"], [1.0, "#f0f921"]]}], "contourcarpet": [{"type": "contourcarpet", "colorbar": {"outlinewidth": 0, "ticks": ""}}], "contour": [{"type": "contour", "colorbar": {"outlinewidth": 0, "ticks": ""}, "colorscale": [[0.0, "#0d0887"], [0.1111111111111111, "#46039f"], [0.2222222222222222, "#7201a8"], [0.3333333333333333, "#9c179e"], [0.4444444444444444, "#bd3786"], [0.5555555555555556, "#d8576b"], [0.6666666666666666, "#ed7953"], [0.7777777777777778, "#fb9f3a"], [0.8888888888888888, "#fdca26"], [1.0, "#f0f921"]]}], "surface": [{"type": "surface", "colorbar": {"outlinewidth": 0, "ticks": ""}, "colorscale": [[0.0, "#0d0887"], [0.1111111111111111, "#46039f"], [0.2222222222222222, "#7201a8"], [0.3333333333333333, "#9c179e"], [0.4444444444444444, "#bd3786"], [0.5555555555555556, "#d8576b"], [0.6666666666666666, "#ed7953"], [0.7777777777777778, "#fb9f3a"], [0.8888888888888888, "#fdca26"], [1.0, "#f0f921"]]}], "mesh3d": [{"type": "mesh3d", "colorbar": {"outlinewidth": 0, "ticks": ""}}], "scatter": [{"fillpattern": {"fillmode": "overlay", "size": 10, "solidity": 0.2}, "type": "scatter"}], "parcoords": [{"type": "parcoords", "line": {"colorbar": {"outlinewidth": 0, "ticks": ""}}}], "scatterpolargl": [{"type": "scatterpolargl", "marker": {"colorbar": {"outlinewidth": 0, "ticks": ""}}}], "bar": [{"error_x": {"color": "#2a3f5f"}, "error_y": {"color": "#2a3f5f"}, "marker": {"line": {"color": "#E5ECF6", "width": 0.5}, "pattern": {"fillmode": "overlay", "size": 10, "solidity": 0.2}}, "type": "bar"}], "scattergeo": [{"type": "scattergeo", "marker": {"colorbar": {"outlinewidth": 0, "ticks": ""}}}], "scatterpolar": [{"type": "scatterpolar", "marker": {"colorbar": {"outlinewidth": 0, "ticks": ""}}}], "histogram": [{"marker": {"pattern": {"fillmode": "overlay", "size": 10, "solidity": 0.2}}, "type": "histogram"}], "scattergl": [{"type": "scattergl", "marker": {"colorbar": {"outlinewidth": 0, "ticks": ""}}}], "scatter3d": [{"type": "scatter3d", "line": {"colorbar": {"outlinewidth": 0, "ticks": ""}}, "marker": {"colorbar": {"outlinewidth": 0, "ticks": ""}}}], "scattermapbox": [{"type": "scattermapbox", "marker": {"colorbar": {"outlinewidth": 0, "ticks": ""}}}], "scatterternary": [{"type": "scatterternary", "marker": {"colorbar": {"outlinewidth": 0, "ticks": ""}}}], "scattercarpet": [{"type": "scattercarpet", "marker": {"colorbar": {"outlinewidth": 0, "ticks": ""}}}], "carpet": [{"aaxis": {"endlinecolor": "#2a3f5f", "gridcolor": "white", "linecolor": "white", "minorgridcolor": "white", "startlinecolor": "#2a3f5f"}, "baxis": {"endlinecolor": "#2a3f5f", "gridcolor": "white", "linecolor": "white", "minorgridcolor": "white", "startlinecolor": "#2a3f5f"}, "type": "carpet"}], "table": [{"cells": {"fill": {"color": "#EBF0F8"}, "line": {"color": "white"}}, "header": {"fill": {"color": "#C8D4E3"}, "line": {"color": "white"}}, "type": "table"}], "barpolar": [{"marker": {"line": {"color": "#E5ECF6", "width": 0.5}, "pattern": {"fillmode": "overlay", "size": 10, "solidity": 0.2}}, "type": "barpolar"}], "pie": [{"automargin": true, "type": "pie"}]}, "layout": {"autotypenumbers": "strict", "colorway": ["#636efa", "#EF553B", "#00cc96", "#ab63fa", "#FFA15A", "#19d3f3", "#FF6692", "#B6E880", "#FF97FF", "#FECB52"], "font": {"color": "#2a3f5f"}, "hovermode": "closest", "hoverlabel": {"align": "left"}, "paper_bgcolor": "white", "plot_bgcolor": "#E5ECF6", "polar": {"bgcolor": "#E5ECF6", "angularaxis": {"gridcolor": "white", "linecolor": "white", "ticks": ""}, "radialaxis": {"gridcolor": "white", "linecolor": "white", "ticks": ""}}, "ternary": {"bgcolor": "#E5ECF6", "aaxis": {"gridcolor": "white", "linecolor": "white", "ticks": ""}, "baxis": {"gridcolor": "white", "linecolor": "white", "ticks": ""}, "caxis": {"gridcolor": "white", "linecolor": "white", "ticks": ""}}, "coloraxis": {"colorbar": {"outlinewidth": 0, "ticks": ""}}, "colorscale": {"sequential": [[0.0, "#0d0887"], [0.1111111111111111, "#46039f"], [0.2222222222222222, "#7201a8"], [0.3333333333333333, "#9c179e"], [0.4444444444444444, "#bd3786"], [0.5555555555555556, "#d8576b"], [0.6666666666666666, "#ed7953"], [0.7777777777777778, "#fb9f3a"], [0.8888888888888888, "#fdca26"], [1.0, "#f0f921"]], "sequentialminus": [[0.0, "#0d0887"], [0.1111111111111111, "#46039f"], [0.2222222222222222, "#7201a8"], [0.3333333333333333, "#9c179e"], [0.4444444444444444, "#bd3786"], [0.5555555555555556, "#d8576b"], [0.6666666666666666, "#ed7953"], [0.7777777777777778, "#fb9f3a"], [0.8888888888888888, "#fdca26"], [1.0, "#f0f921"]], "diverging": [[0, "#8e0152"], [0.1, "#c51b7d"], [0.2, "#de77ae"], [0.3, "#f1b6da"], [0.4, "#fde0ef"], [0.5, "#f7f7f7"], [0.6, "#e6f5d0"], [0.7, "#b8e186"], [0.8, "#7fbc41"], [0.9, "#4d9221"], [1, "#276419"]]}, "xaxis": {"gridcolor": "white", "linecolor": "white", "ticks": "", "title": {"standoff": 15}, "zerolinecolor": "white", "automargin": true, "zerolinewidth": 2}, "yaxis": {"gridcolor": "white", "linecolor": "white", "ticks": "", "title": {"standoff": 15}, "zerolinecolor": "white", "automargin": true, "zerolinewidth": 2}, "scene": {"xaxis": {"backgroundcolor": "#E5ECF6", "gridcolor": "white", "linecolor": "white", "showbackground": true, "ticks": "", "zerolinecolor": "white", "gridwidth": 2}, "yaxis": {"backgroundcolor": "#E5ECF6", "gridcolor": "white", "linecolor": "white", "showbackground": true, "ticks": "", "zerolinecolor": "white", "gridwidth": 2}, "zaxis": {"backgroundcolor": "#E5ECF6", "gridcolor": "white", "linecolor": "white", "showbackground": true, "ticks": "", "zerolinecolor": "white", "gridwidth": 2}}, "shapedefaults": {"line": {"color": "#2a3f5f"}}, "annotationdefaults": {"arrowcolor": "#2a3f5f", "arrowhead": 0, "arrowwidth": 1}, "geo": {"bgcolor": "white", "landcolor": "#E5ECF6", "subunitcolor": "white", "showland": true, "showlakes": true, "lakecolor": "white"}, "title": {"x": 0.05}, "mapbox": {"style": "light"}}}}}