{"data": [{"z": [[16.730432510375977, 2.7130112648010254, -5.3606109619140625, -1.9570977687835693, 3.4012744426727295, 3.015300989151001, 0.2036413699388504, 1.3935246467590332, 0.24235953390598297, 2.1296286582946777, -2.8069777488708496, -0.5293848514556885, 5.1880974769592285, -4.988893032073975, -0.05671758949756622, -2.0050363540649414, -1.3506323099136353, -1.1570321321487427, 2.6387176513671875, 2.467127799987793, -2.0034985542297363], [2.7130112648010254, 20.650833129882812, 1.1709189414978027, -6.133350849151611, 2.9470319747924805, -3.520045280456543, -3.182166576385498, 1.4838769435882568, -0.6475759148597717, -2.277367353439331, -7.626800537109375, 2.187931537628174, 9.39751148223877, -4.318474769592285, 5.132486343383789, 5.950401782989502, 1.27048921585083, 1.4054906368255615, -1.2099007368087769, 2.4148988723754883, -4.001462936401367], [-5.3606109619140625, 1.1709189414978027, 19.577041625976562, -4.589649677276611, -0.07643519341945648, 0.35535430908203125, 3.6757102012634277, 3.6230881214141846, -0.4546171724796295, 2.1440961360931396, -1.2155001163482666, -2.3368375301361084, 0.0251370370388031, 1.0003126859664917, -4.25806188583374, 4.690793991088867, 5.581606388092041, 2.1908488273620605, -5.091957092285156, 3.551496744155884, -6.5425705909729], [-1.9570977687835693, -6.133350849151611, -4.589649677276611, 22.757423400878906, 1.1206998825073242, -1.371777057647705, -4.274146556854248, -5.3478498458862305, -2.9698705673217773, -2.2877840995788574, -6.247021198272705, -2.1755597591400146, -0.7491186857223511, 2.4716594219207764, -1.7663220167160034, -4.3947319984436035, 2.131089210510254, -2.630777359008789, -1.8216218948364258, 3.9343392848968506, 1.8237584829330444], [3.4012744426727295, 2.9470319747924805, -0.07643519341945648, 1.1206998825073242, 19.55531120300293, 2.5547382831573486, 5.75037956237793, -5.706015110015869, -0.32602354884147644, -6.110663890838623, -1.7541619539260864, -4.593951225280762, 1.5759426355361938, 4.794242858886719, 4.303155422210693, -3.907322883605957, 7.09703254699707, 0.0017646551132202148, 5.834199905395508, 6.688863277435303, -3.4142301082611084], [3.015300989151001, -3.520045280456543, 0.35535430908203125, -1.371777057647705, 2.5547382831573486, 20.41547203063965, 2.526759147644043, 6.073376178741455, 1.5782078504562378, 6.074880599975586, -5.802703857421875, -0.8353496789932251, 1.9204915761947632, -6.9642510414123535, 2.4171910285949707, 3.5832698345184326, -4.352658271789551, -1.8014461994171143, 2.471308469772339, -2.516007900238037, -4.887777328491211], [0.2036413699388504, -3.182166576385498, 3.6757102012634277, -4.274146556854248, 5.75037956237793, 2.526759147644043, 33.416229248046875, -3.520061492919922, -1.5174615383148193, 4.753653526306152, 7.905299186706543, 8.636530876159668, -7.233604431152344, 5.016087532043457, 5.040992736816406, -7.391609191894531, 0.5488684177398682, 0.4419403076171875, 1.6900460720062256, 9.498164176940918, -5.693811416625977], [1.3935246467590332, 1.4838769435882568, 3.6230881214141846, -5.3478498458862305, -5.706015110015869, 6.073376178741455, -3.520061492919922, 19.204092025756836, 1.1812944412231445, 2.657874345779419, 0.4382510185241699, 7.339367389678955, -4.388764381408691, -3.7867674827575684, 0.9376603364944458, 5.3411383628845215, -4.900327205657959, -1.1719694137573242, -0.023527979850769043, -1.332566261291504, 0.15405166149139404], [0.24235953390598297, -0.6475759148597717, -0.4546171724796295, -2.9698705673217773, -0.32602354884147644, 1.5782078504562378, -1.5174615383148193, 1.1812944412231445, 17.42303466796875, 4.206966876983643, 5.50381326675415, -2.9961490631103516, -7.337128639221191, 5.020496368408203, 1.8837494850158691, -3.748781204223633, -5.408565521240234, 1.4209405183792114, 1.3795998096466064, -0.528215765953064, 3.3008551597595215], [2.1296286582946777, -2.277367353439331, 2.1440961360931396, -2.2877840995788574, -6.110663890838623, 6.074880599975586, 4.753653526306152, 2.657874345779419, 4.206966876983643, 15.91528034210205, -2.9300787448883057, 6.442479133605957, -1.671791434288025, -2.389777898788452, -8.324408531188965, 3.806533098220825, -4.197736740112305, -0.023489654064178467, -4.36709451675415, -5.012252330780029, 1.3082443475723267], [-2.8069777488708496, -7.626800537109375, -1.2155001163482666, -6.247021198272705, -1.7541619539260864, -5.802703857421875, 7.905299186706543, 0.4382510185241699, 5.50381326675415, -2.9300787448883057, 29.771312713623047, 3.582670211791992, -9.69028091430664, 10.468345642089844, 3.5822958946228027, -3.708146572113037, -2.443802833557129, 1.7437225580215454, -0.2088170051574707, -8.20703125, 9.000212669372559], [-0.5293848514556885, 2.187931537628174, -2.3368375301361084, -2.1755597591400146, -4.593951225280762, -0.8353496789932251, 8.636530876159668, 7.339367389678955, -2.9961490631103516, 6.442479133605957, 3.582670211791992, 26.437946319580078, -7.5462870597839355, -0.6031901240348816, 0.8831424117088318, 6.033614158630371, -5.907862663269043, 3.251138687133789, -2.312056541442871, -5.192795753479004, 5.4995951652526855], [5.1880974769592285, 9.39751148223877, 0.0251370370388031, -0.7491186857223511, 1.5759426355361938, 1.9204915761947632, -7.233604431152344, -4.388764381408691, -7.337128639221191, -1.671791434288025, -9.69028091430664, -7.5462870597839355, 42.46580123901367, -6.193893909454346, -7.476632118225098, 4.318986415863037, 5.429385185241699, 0.1397252082824707, -16.80956268310547, 7.87642765045166, -3.666767120361328], [-4.988893032073975, -4.318474769592285, 1.0003126859664917, 2.4716594219207764, 4.794242858886719, -6.9642510414123535, 5.016087532043457, -3.7867674827575684, 5.020496368408203, -2.389777898788452, 10.468345642089844, -0.6031901240348816, -6.193893909454346, 17.423351287841797, -3.846146583557129, -0.6951779723167419, 3.2183890342712402, 0.12030553817749023, 0.2779937982559204, 3.0797178745269775, 10.637456893920898], [-0.05671758949756622, 5.132486343383789, -4.25806188583374, -1.7663220167160034, 4.303155422210693, 2.4171910285949707, 5.040992736816406, 0.9376603364944458, 1.8837494850158691, -8.324408531188965, 3.5822958946228027, 0.8831424117088318, -7.476632118225098, -3.846146583557129, 28.6935977935791, -5.872255325317383, 3.349498748779297, 3.2353529930114746, 13.150750160217285, -1.457817554473877, -3.724203109741211], [-2.0050363540649414, 5.950401782989502, 4.690793991088867, -4.3947319984436035, -3.907322883605957, 3.5832698345184326, -7.391609191894531, 5.3411383628845215, -3.748781204223633, 3.806533098220825, -3.708146572113037, 6.033614158630371, 4.318986415863037, -0.6951779723167419, -5.872255325317383, 24.739599227905273, -6.842425346374512, -0.38702940940856934, 4.012434959411621, -8.299968719482422, 5.513535976409912], [-1.350631833076477, 1.2704885005950928, 5.581606388092041, 2.131089448928833, 7.097032070159912, -4.352657794952393, 0.5488680601119995, -4.900326728820801, -5.408565521240234, -4.197736740112305, -2.4438037872314453, -5.907863140106201, 5.429385185241699, 3.218388319015503, 3.3494985103607178, -6.842425346374512, 34.330833435058594, 4.053067684173584, -3.2515687942504883, -6.7312469482421875, -0.5142230987548828], [-1.1570322513580322, 1.405490756034851, 2.1908493041992188, -2.6307778358459473, 0.0017651006346568465, -1.8014463186264038, 0.441940575838089, -1.1719694137573242, 1.4209405183792114, -0.023489339277148247, 1.7437232732772827, 3.251138687133789, 0.1397254765033722, 0.1203053668141365, 3.2353522777557373, -0.3870294988155365, 4.053067684173584, 12.544809341430664, -3.48484468460083, -3.6751370429992676, 0.025406748056411743], [2.6387176513671875, -1.2099008560180664, -5.0919575691223145, -1.8216220140457153, 5.834200382232666, 2.471308946609497, 1.6900461912155151, -0.023527927696704865, 1.3796011209487915, -4.367093563079834, -0.20881730318069458, -2.312056541442871, -16.809560775756836, 0.2779935300350189, 13.150750160217285, 4.012434482574463, -3.2515687942504883, -3.48484468460083, 32.654754638671875, -0.9831132888793945, -0.9867079257965088], [2.4671270847320557, 2.4148991107940674, 3.551496744155884, 3.9343390464782715, 6.688863754272461, -2.5160071849823, 9.49816608428955, -1.332566261291504, -0.5282159447669983, -5.012251377105713, -8.20703125, -5.192795753479004, 7.876427173614502, 3.0797178745269775, -1.4578198194503784, -8.299968719482422, -6.7312469482421875, -3.6751370429992676, -0.9831132888793945, 38.635250091552734, -3.368565559387207], [-2.003498077392578, -4.001462459564209, -6.542570114135742, 1.8237583637237549, -3.4142298698425293, -4.8877763748168945, -5.693811893463135, 0.1540522575378418, 3.3008553981781006, 1.308243989944458, 9.000211715698242, 5.499595642089844, -3.6667673587799072, 10.637456893920898, -3.724203109741211, 5.513535976409912, -0.514223575592041, 0.025406748056411743, -0.9867074489593506, -3.368565082550049, 35.899986267089844]], "type": "heatmap"}], "layout": {"template": {"data": {"histogram2dcontour": [{"type": "histogram2dcontour", "colorbar": {"outlinewidth": 0, "ticks": ""}, "colorscale": [[0.0, "#0d0887"], [0.1111111111111111, "#46039f"], [0.2222222222222222, "#7201a8"], [0.3333333333333333, "#9c179e"], [0.4444444444444444, "#bd3786"], [0.5555555555555556, "#d8576b"], [0.6666666666666666, "#ed7953"], [0.7777777777777778, "#fb9f3a"], [0.8888888888888888, "#fdca26"], [1.0, "#f0f921"]]}], "choropleth": [{"type": "choropleth", "colorbar": {"outlinewidth": 0, "ticks": ""}}], "histogram2d": [{"type": "histogram2d", "colorbar": {"outlinewidth": 0, "ticks": ""}, "colorscale": [[0.0, "#0d0887"], [0.1111111111111111, "#46039f"], [0.2222222222222222, "#7201a8"], [0.3333333333333333, "#9c179e"], [0.4444444444444444, "#bd3786"], [0.5555555555555556, "#d8576b"], [0.6666666666666666, "#ed7953"], [0.7777777777777778, "#fb9f3a"], [0.8888888888888888, "#fdca26"], [1.0, "#f0f921"]]}], "heatmap": [{"type": "heatmap", "colorbar": {"outlinewidth": 0, "ticks": ""}, "colorscale": [[0.0, "#0d0887"], [0.1111111111111111, "#46039f"], [0.2222222222222222, "#7201a8"], [0.3333333333333333, "#9c179e"], [0.4444444444444444, "#bd3786"], [0.5555555555555556, "#d8576b"], [0.6666666666666666, "#ed7953"], [0.7777777777777778, "#fb9f3a"], [0.8888888888888888, "#fdca26"], [1.0, "#f0f921"]]}], "heatmapgl": [{"type": "heatmapgl", "colorbar": {"outlinewidth": 0, "ticks": ""}, "colorscale": [[0.0, "#0d0887"], [0.1111111111111111, "#46039f"], [0.2222222222222222, "#7201a8"], [0.3333333333333333, "#9c179e"], [0.4444444444444444, "#bd3786"], [0.5555555555555556, "#d8576b"], [0.6666666666666666, "#ed7953"], [0.7777777777777778, "#fb9f3a"], [0.8888888888888888, "#fdca26"], [1.0, "#f0f921"]]}], "contourcarpet": [{"type": "contourcarpet", "colorbar": {"outlinewidth": 0, "ticks": ""}}], "contour": [{"type": "contour", "colorbar": {"outlinewidth": 0, "ticks": ""}, "colorscale": [[0.0, "#0d0887"], [0.1111111111111111, "#46039f"], [0.2222222222222222, "#7201a8"], [0.3333333333333333, "#9c179e"], [0.4444444444444444, "#bd3786"], [0.5555555555555556, "#d8576b"], [0.6666666666666666, "#ed7953"], [0.7777777777777778, "#fb9f3a"], [0.8888888888888888, "#fdca26"], [1.0, "#f0f921"]]}], "surface": [{"type": "surface", "colorbar": {"outlinewidth": 0, "ticks": ""}, "colorscale": [[0.0, "#0d0887"], [0.1111111111111111, "#46039f"], [0.2222222222222222, "#7201a8"], [0.3333333333333333, "#9c179e"], [0.4444444444444444, "#bd3786"], [0.5555555555555556, "#d8576b"], [0.6666666666666666, "#ed7953"], [0.7777777777777778, "#fb9f3a"], [0.8888888888888888, "#fdca26"], [1.0, "#f0f921"]]}], "mesh3d": [{"type": "mesh3d", "colorbar": {"outlinewidth": 0, "ticks": ""}}], "scatter": [{"fillpattern": {"fillmode": "overlay", "size": 10, "solidity": 0.2}, "type": "scatter"}], "parcoords": [{"type": "parcoords", "line": {"colorbar": {"outlinewidth": 0, "ticks": ""}}}], "scatterpolargl": [{"type": "scatterpolargl", "marker": {"colorbar": {"outlinewidth": 0, "ticks": ""}}}], "bar": [{"error_x": {"color": "#2a3f5f"}, "error_y": {"color": "#2a3f5f"}, "marker": {"line": {"color": "#E5ECF6", "width": 0.5}, "pattern": {"fillmode": "overlay", "size": 10, "solidity": 0.2}}, "type": "bar"}], "scattergeo": [{"type": "scattergeo", "marker": {"colorbar": {"outlinewidth": 0, "ticks": ""}}}], "scatterpolar": [{"type": "scatterpolar", "marker": {"colorbar": {"outlinewidth": 0, "ticks": ""}}}], "histogram": [{"marker": {"pattern": {"fillmode": "overlay", "size": 10, "solidity": 0.2}}, "type": "histogram"}], "scattergl": [{"type": "scattergl", "marker": {"colorbar": {"outlinewidth": 0, "ticks": ""}}}], "scatter3d": [{"type": "scatter3d", "line": {"colorbar": {"outlinewidth": 0, "ticks": ""}}, "marker": {"colorbar": {"outlinewidth": 0, "ticks": ""}}}], "scattermapbox": [{"type": "scattermapbox", "marker": {"colorbar": {"outlinewidth": 0, "ticks": ""}}}], "scatterternary": [{"type": "scatterternary", "marker": {"colorbar": {"outlinewidth": 0, "ticks": ""}}}], "scattercarpet": [{"type": "scattercarpet", "marker": {"colorbar": {"outlinewidth": 0, "ticks": ""}}}], "carpet": [{"aaxis": {"endlinecolor": "#2a3f5f", "gridcolor": "white", "linecolor": "white", "minorgridcolor": "white", "startlinecolor": "#2a3f5f"}, "baxis": {"endlinecolor": "#2a3f5f", "gridcolor": "white", "linecolor": "white", "minorgridcolor": "white", "startlinecolor": "#2a3f5f"}, "type": "carpet"}], "table": [{"cells": {"fill": {"color": "#EBF0F8"}, "line": {"color": "white"}}, "header": {"fill": {"color": "#C8D4E3"}, "line": {"color": "white"}}, "type": "table"}], "barpolar": [{"marker": {"line": {"color": "#E5ECF6", "width": 0.5}, "pattern": {"fillmode": "overlay", "size": 10, "solidity": 0.2}}, "type": "barpolar"}], "pie": [{"automargin": true, "type": "pie"}]}, "layout": {"autotypenumbers": "strict", "colorway": ["#636efa", "#EF553B", "#00cc96", "#ab63fa", "#FFA15A", "#19d3f3", "#FF6692", "#B6E880", "#FF97FF", "#FECB52"], "font": {"color": "#2a3f5f"}, "hovermode": "closest", "hoverlabel": {"align": "left"}, "paper_bgcolor": "white", "plot_bgcolor": "#E5ECF6", "polar": {"bgcolor": "#E5ECF6", "angularaxis": {"gridcolor": "white", "linecolor": "white", "ticks": ""}, "radialaxis": {"gridcolor": "white", "linecolor": "white", "ticks": ""}}, "ternary": {"bgcolor": "#E5ECF6", "aaxis": {"gridcolor": "white", "linecolor": "white", "ticks": ""}, "baxis": {"gridcolor": "white", "linecolor": "white", "ticks": ""}, "caxis": {"gridcolor": "white", "linecolor": "white", "ticks": ""}}, "coloraxis": {"colorbar": {"outlinewidth": 0, "ticks": ""}}, "colorscale": {"sequential": [[0.0, "#0d0887"], [0.1111111111111111, "#46039f"], [0.2222222222222222, "#7201a8"], [0.3333333333333333, "#9c179e"], [0.4444444444444444, "#bd3786"], [0.5555555555555556, "#d8576b"], [0.6666666666666666, "#ed7953"], [0.7777777777777778, "#fb9f3a"], [0.8888888888888888, "#fdca26"], [1.0, "#f0f921"]], "sequentialminus": [[0.0, "#0d0887"], [0.1111111111111111, "#46039f"], [0.2222222222222222, "#7201a8"], [0.3333333333333333, "#9c179e"], [0.4444444444444444, "#bd3786"], [0.5555555555555556, "#d8576b"], [0.6666666666666666, "#ed7953"], [0.7777777777777778, "#fb9f3a"], [0.8888888888888888, "#fdca26"], [1.0, "#f0f921"]], "diverging": [[0, "#8e0152"], [0.1, "#c51b7d"], [0.2, "#de77ae"], [0.3, "#f1b6da"], [0.4, "#fde0ef"], [0.5, "#f7f7f7"], [0.6, "#e6f5d0"], [0.7, "#b8e186"], [0.8, "#7fbc41"], [0.9, "#4d9221"], [1, "#276419"]]}, "xaxis": {"gridcolor": "white", "linecolor": "white", "ticks": "", "title": {"standoff": 15}, "zerolinecolor": "white", "automargin": true, "zerolinewidth": 2}, "yaxis": {"gridcolor": "white", "linecolor": "white", "ticks": "", "title": {"standoff": 15}, "zerolinecolor": "white", "automargin": true, "zerolinewidth": 2}, "scene": {"xaxis": {"backgroundcolor": "#E5ECF6", "gridcolor": "white", "linecolor": "white", "showbackground": true, "ticks": "", "zerolinecolor": "white", "gridwidth": 2}, "yaxis": {"backgroundcolor": "#E5ECF6", "gridcolor": "white", "linecolor": "white", "showbackground": true, "ticks": "", "zerolinecolor": "white", "gridwidth": 2}, "zaxis": {"backgroundcolor": "#E5ECF6", "gridcolor": "white", "linecolor": "white", "showbackground": true, "ticks": "", "zerolinecolor": "white", "gridwidth": 2}}, "shapedefaults": {"line": {"color": "#2a3f5f"}}, "annotationdefaults": {"arrowcolor": "#2a3f5f", "arrowhead": 0, "arrowwidth": 1}, "geo": {"bgcolor": "white", "landcolor": "#E5ECF6", "subunitcolor": "white", "showland": true, "showlakes": true, "lakecolor": "white"}, "title": {"x": 0.05}, "mapbox": {"style": "light"}}}}}