{"data": [{"z": [[20.128332138061523, 2.499514102935791, -6.8661017417907715, -0.6410086154937744, 3.958700656890869, 4.3597235679626465, -1.5561144351959229, 1.0881508588790894, 0.7521465420722961, 2.2051331996917725, -5.605441093444824, -2.01949143409729, 6.816437721252441, -6.725003719329834, -0.5188711881637573, -2.5941274166107178, -2.4771738052368164, -2.3778328895568848, 3.0108752250671387, 3.921391725540161, -2.4392547607421875], [2.499514102935791, 24.302532196044922, 3.421994924545288, -9.101592063903809, 4.497889518737793, -4.090785503387451, -1.969094157218933, 2.41546893119812, -1.924994707107544, -4.020052433013916, -7.672253131866455, 2.604060411453247, 12.082852363586426, -5.1659135818481445, 6.387315273284912, 7.744693279266357, 2.6999592781066895, 2.040959596633911, -2.0076587200164795, 3.3656063079833984, -4.549765586853027], [-6.8661017417907715, 3.421994924545288, 22.466596603393555, -7.592591762542725, 1.3437803983688354, 0.267635315656662, 5.689969539642334, 4.592809677124023, -1.2596889734268188, 0.9015363454818726, -0.24182169139385223, -1.857657790184021, 0.7949773073196411, 1.4096580743789673, -2.9576897621154785, 6.851366996765137, 6.632875442504883, 2.9923813343048096, -5.949397563934326, 3.848590612411499, -6.5934648513793945], [-0.6410086154937744, -9.101592063903809, -7.592591762542725, 26.69624137878418, 0.11788435280323029, -1.4400067329406738, -7.571764945983887, -8.024410247802734, -3.0037052631378174, -1.6577287912368774, -8.980663299560547, -4.56622314453125, -0.645664393901825, 2.26487135887146, -4.4130730628967285, -7.0022358894348145, 1.5515704154968262, -3.9648609161376953, -3.1045336723327637, 3.9823684692382812, 1.6060149669647217], [3.958700656890869, 4.497889518737793, 1.3437803983688354, 0.11788435280323029, 23.099857330322266, 3.2503554821014404, 7.578324794769287, -6.9597954750061035, -0.0055626812390983105, -7.866767406463623, -2.178426742553711, -6.315070629119873, 2.974632740020752, 5.50816011428833, 5.7156219482421875, -3.688375949859619, 7.538805961608887, -0.1632528305053711, 5.921883583068848, 9.559809684753418, -4.104966163635254], [4.3597235679626465, -4.090785503387451, 0.267635315656662, -1.4400067329406738, 3.2503554821014404, 23.444683074951172, 2.372227668762207, 6.968326091766357, 2.3883848190307617, 6.839869022369385, -7.138391017913818, -0.8032586574554443, 1.8667142391204834, -7.948983669281006, 2.777820587158203, 5.04137659072876, -6.592274188995361, -2.6710128784179688, 3.1399617195129395, -3.10003924369812, -4.994058132171631], [-1.5561144351959229, -1.969094157218933, 5.689969539642334, -7.571764945983887, 7.578324794769287, 2.372227668762207, 39.541866302490234, -2.560110330581665, -0.3158131241798401, 4.294519424438477, 11.74932861328125, 11.19357681274414, -9.69638729095459, 7.4226484298706055, 8.325139045715332, -6.589869499206543, -0.8758425712585449, 0.6761388778686523, 3.884960174560547, 10.999879837036133, -5.713675498962402], [1.0881508588790894, 2.41546893119812, 4.592809677124023, -8.024410247802734, -6.9597954750061035, 6.968326091766357, -2.560110330581665, 21.985721588134766, 1.2966433763504028, 2.984584093093872, 1.8586188554763794, 9.942750930786133, -6.085449695587158, -4.138525485992432, 1.725214958190918, 7.278819561004639, -6.398015975952148, -1.0740952491760254, 0.4183287024497986, -3.3151121139526367, 0.33217310905456543], [0.7521465420722961, -1.924994707107544, -1.2596889734268188, -3.0037052631378174, -0.0055626812390983105, 2.3883848190307617, -0.3158131241798401, 1.2966433763504028, 20.005756378173828, 4.786251544952393, 6.314676761627197, -3.012239456176758, -9.780206680297852, 5.903922080993652, 2.124115228652954, -4.216931343078613, -8.427264213562012, 0.4880993366241455, 2.351123094558716, 0.10503494739532471, 3.525066614151001], [2.2051331996917725, -4.020052433013916, 0.9015363454818726, -1.6577287912368774, -7.866767406463623, 6.839869022369385, 4.294519424438477, 2.984584093093872, 4.786251544952393, 17.94120979309082, -3.2882001399993896, 7.57069206237793, -3.5775351524353027, -3.5757884979248047, -9.924286842346191, 3.8309547901153564, -6.548405647277832, -1.1304452419281006, -3.8224847316741943, -7.533592224121094, 1.0493156909942627], [-5.605441093444824, -7.672253131866455, -0.24182169139385223, -8.980663299560547, -2.178426742553711, -7.138391017913818, 11.74932861328125, 1.8586188554763794, 6.314676761627197, -3.2882001399993896, 34.85848617553711, 6.637660980224609, -12.953293800354004, 13.310005187988281, 5.500491142272949, -2.9226443767547607, -3.8466784954071045, 2.367199420928955, 1.6424598693847656, -9.471968650817871, 9.401548385620117], [-2.01949143409729, 2.604060411453247, -1.857657790184021, -4.56622314453125, -6.315070629119873, -0.8032586574554443, 11.19357681274414, 9.942750930786133, -3.012239456176758, 7.57069206237793, 6.637660980224609, 31.230897903442383, -10.346076965332031, 0.028918635100126266, 1.7550406455993652, 7.684760093688965, -7.74955940246582, 3.799672842025757, -1.3574175834655762, -8.104316711425781, 6.286782741546631], [6.816437721252441, 12.082852363586426, 0.7949773073196411, -0.645664393901825, 2.974632740020752, 1.8667142391204834, -9.69638729095459, -6.085449695587158, -9.780206680297852, -3.5775351524353027, -12.953293800354004, -10.346076965332031, 50.26255798339844, -8.254575729370117, -8.706969261169434, 4.816966533660889, 7.651569366455078, 0.34740686416625977, -21.16678810119629, 9.351226806640625, -4.398535251617432], [-6.725003719329834, -5.1659135818481445, 1.4096580743789673, 2.26487135887146, 5.50816011428833, -7.948983669281006, 7.4226484298706055, -4.138525485992432, 5.903922080993652, -3.5757884979248047, 13.310005187988281, 0.028918635100126266, -8.254575729370117, 21.32447052001953, -3.210040330886841, -0.14191295206546783, 2.830418586730957, 0.5938172936439514, 0.7330465316772461, 3.754328727722168, 11.65768051147461], [-0.5188711881637573, 6.387315273284912, -2.9576897621154785, -4.4130730628967285, 5.7156219482421875, 2.777820587158203, 8.325139045715332, 1.725214958190918, 2.124115228652954, -9.924286842346191, 5.500491142272949, 1.7550406455993652, -8.706969261169434, -3.210040330886841, 32.06071472167969, -4.862700939178467, 2.7392687797546387, 3.2775073051452637, 15.351806640625, -1.0383610725402832, -3.646249771118164], [-2.5941274166107178, 7.744693279266357, 6.851366996765137, -7.0022358894348145, -3.688375949859619, 5.04137659072876, -6.589869499206543, 7.278819561004639, -4.216931343078613, 3.8309547901153564, -2.9226443767547607, 7.684760093688965, 4.816966533660889, -0.14191295206546783, -4.862700939178467, 28.321048736572266, -7.477171421051025, 0.4450666904449463, 4.078735828399658, -10.24307632446289, 5.660906791687012], [-2.4771745204925537, 2.6999592781066895, 6.632875442504883, 1.5515704154968262, 7.538805961608887, -6.592275142669678, -0.8758426308631897, -6.398015975952148, -8.427264213562012, -6.548405647277832, -3.846679210662842, -7.74955940246582, 7.651568412780762, 2.830418348312378, 2.739269256591797, -7.477170944213867, 40.315391540527344, 5.408054828643799, -6.8662261962890625, -8.143970489501953, -0.37966445088386536], [-2.3778328895568848, 2.040959596633911, 2.9923813343048096, -3.9648613929748535, -0.1632523387670517, -2.671013593673706, 0.6761390566825867, -1.074095368385315, 0.4880993068218231, -1.1304450035095215, 2.367199659347534, 3.799672842025757, 0.3474067449569702, 0.5938174724578857, 3.2775070667266846, 0.4450666010379791, 5.408054828643799, 13.863433837890625, -4.7000579833984375, -5.527215480804443, 0.3284241259098053], [3.0108752250671387, -2.0076584815979004, -5.949397087097168, -3.10453462600708, 5.921881675720215, 3.1399612426757812, 3.8849596977233887, 0.41832879185676575, 2.351123809814453, -3.8224844932556152, 1.6424602270126343, -1.3574178218841553, -21.16678810119629, 0.7330466508865356, 15.351807594299316, 4.078736305236816, -6.8662261962890625, -4.7000579833984375, 36.86759948730469, -1.1717867851257324, -1.116295337677002], [3.9213922023773193, 3.3656065464019775, 3.8485915660858154, 3.9823691844940186, 9.559810638427734, -3.10003924369812, 10.99988079071045, -3.315112352371216, 0.10503504425287247, -7.533592700958252, -9.471969604492188, -8.104317665100098, 9.351225852966309, 3.7543282508850098, -1.0383599996566772, -10.24307632446289, -8.143970489501953, -5.527215480804443, -1.1717867851257324, 44.775115966796875, -4.445228576660156], [-2.439255475997925, -4.5497660636901855, -6.59346342086792, 1.6060147285461426, -4.104966163635254, -4.994058132171631, -5.7136759757995605, 0.33217334747314453, 3.5250656604766846, 1.0493154525756836, 9.401548385620117, 6.286783218383789, -4.39853572845459, 11.657679557800293, -3.646249771118164, 5.6609063148498535, -0.3796645402908325, 0.3284240663051605, -1.1162943840026855, -4.445228576660156, 35.899986267089844]], "type": "heatmap"}], "layout": {"template": {"data": {"histogram2dcontour": [{"type": "histogram2dcontour", "colorbar": {"outlinewidth": 0, "ticks": ""}, "colorscale": [[0.0, "#0d0887"], [0.1111111111111111, "#46039f"], [0.2222222222222222, "#7201a8"], [0.3333333333333333, "#9c179e"], [0.4444444444444444, "#bd3786"], [0.5555555555555556, "#d8576b"], [0.6666666666666666, "#ed7953"], [0.7777777777777778, "#fb9f3a"], [0.8888888888888888, "#fdca26"], [1.0, "#f0f921"]]}], "choropleth": [{"type": "choropleth", "colorbar": {"outlinewidth": 0, "ticks": ""}}], "histogram2d": [{"type": "histogram2d", "colorbar": {"outlinewidth": 0, "ticks": ""}, "colorscale": [[0.0, "#0d0887"], [0.1111111111111111, "#46039f"], [0.2222222222222222, "#7201a8"], [0.3333333333333333, "#9c179e"], [0.4444444444444444, "#bd3786"], [0.5555555555555556, "#d8576b"], [0.6666666666666666, "#ed7953"], [0.7777777777777778, "#fb9f3a"], [0.8888888888888888, "#fdca26"], [1.0, "#f0f921"]]}], "heatmap": [{"type": "heatmap", "colorbar": {"outlinewidth": 0, "ticks": ""}, "colorscale": [[0.0, "#0d0887"], [0.1111111111111111, "#46039f"], [0.2222222222222222, "#7201a8"], [0.3333333333333333, "#9c179e"], [0.4444444444444444, "#bd3786"], [0.5555555555555556, "#d8576b"], [0.6666666666666666, "#ed7953"], [0.7777777777777778, "#fb9f3a"], [0.8888888888888888, "#fdca26"], [1.0, "#f0f921"]]}], "heatmapgl": [{"type": "heatmapgl", "colorbar": {"outlinewidth": 0, "ticks": ""}, "colorscale": [[0.0, "#0d0887"], [0.1111111111111111, "#46039f"], [0.2222222222222222, "#7201a8"], [0.3333333333333333, "#9c179e"], [0.4444444444444444, "#bd3786"], [0.5555555555555556, "#d8576b"], [0.6666666666666666, "#ed7953"], [0.7777777777777778, "#fb9f3a"], [0.8888888888888888, "#fdca26"], [1.0, "#f0f921"]]}], "contourcarpet": [{"type": "contourcarpet", "colorbar": {"outlinewidth": 0, "ticks": ""}}], "contour": [{"type": "contour", "colorbar": {"outlinewidth": 0, "ticks": ""}, "colorscale": [[0.0, "#0d0887"], [0.1111111111111111, "#46039f"], [0.2222222222222222, "#7201a8"], [0.3333333333333333, "#9c179e"], [0.4444444444444444, "#bd3786"], [0.5555555555555556, "#d8576b"], [0.6666666666666666, "#ed7953"], [0.7777777777777778, "#fb9f3a"], [0.8888888888888888, "#fdca26"], [1.0, "#f0f921"]]}], "surface": [{"type": "surface", "colorbar": {"outlinewidth": 0, "ticks": ""}, "colorscale": [[0.0, "#0d0887"], [0.1111111111111111, "#46039f"], [0.2222222222222222, "#7201a8"], [0.3333333333333333, "#9c179e"], [0.4444444444444444, "#bd3786"], [0.5555555555555556, "#d8576b"], [0.6666666666666666, "#ed7953"], [0.7777777777777778, "#fb9f3a"], [0.8888888888888888, "#fdca26"], [1.0, "#f0f921"]]}], "mesh3d": [{"type": "mesh3d", "colorbar": {"outlinewidth": 0, "ticks": ""}}], "scatter": [{"fillpattern": {"fillmode": "overlay", "size": 10, "solidity": 0.2}, "type": "scatter"}], "parcoords": [{"type": "parcoords", "line": {"colorbar": {"outlinewidth": 0, "ticks": ""}}}], "scatterpolargl": [{"type": "scatterpolargl", "marker": {"colorbar": {"outlinewidth": 0, "ticks": ""}}}], "bar": [{"error_x": {"color": "#2a3f5f"}, "error_y": {"color": "#2a3f5f"}, "marker": {"line": {"color": "#E5ECF6", "width": 0.5}, "pattern": {"fillmode": "overlay", "size": 10, "solidity": 0.2}}, "type": "bar"}], "scattergeo": [{"type": "scattergeo", "marker": {"colorbar": {"outlinewidth": 0, "ticks": ""}}}], "scatterpolar": [{"type": "scatterpolar", "marker": {"colorbar": {"outlinewidth": 0, "ticks": ""}}}], "histogram": [{"marker": {"pattern": {"fillmode": "overlay", "size": 10, "solidity": 0.2}}, "type": "histogram"}], "scattergl": [{"type": "scattergl", "marker": {"colorbar": {"outlinewidth": 0, "ticks": ""}}}], "scatter3d": [{"type": "scatter3d", "line": {"colorbar": {"outlinewidth": 0, "ticks": ""}}, "marker": {"colorbar": {"outlinewidth": 0, "ticks": ""}}}], "scattermapbox": [{"type": "scattermapbox", "marker": {"colorbar": {"outlinewidth": 0, "ticks": ""}}}], "scatterternary": [{"type": "scatterternary", "marker": {"colorbar": {"outlinewidth": 0, "ticks": ""}}}], "scattercarpet": [{"type": "scattercarpet", "marker": {"colorbar": {"outlinewidth": 0, "ticks": ""}}}], "carpet": [{"aaxis": {"endlinecolor": "#2a3f5f", "gridcolor": "white", "linecolor": "white", "minorgridcolor": "white", "startlinecolor": "#2a3f5f"}, "baxis": {"endlinecolor": "#2a3f5f", "gridcolor": "white", "linecolor": "white", "minorgridcolor": "white", "startlinecolor": "#2a3f5f"}, "type": "carpet"}], "table": [{"cells": {"fill": {"color": "#EBF0F8"}, "line": {"color": "white"}}, "header": {"fill": {"color": "#C8D4E3"}, "line": {"color": "white"}}, "type": "table"}], "barpolar": [{"marker": {"line": {"color": "#E5ECF6", "width": 0.5}, "pattern": {"fillmode": "overlay", "size": 10, "solidity": 0.2}}, "type": "barpolar"}], "pie": [{"automargin": true, "type": "pie"}]}, "layout": {"autotypenumbers": "strict", "colorway": ["#636efa", "#EF553B", "#00cc96", "#ab63fa", "#FFA15A", "#19d3f3", "#FF6692", "#B6E880", "#FF97FF", "#FECB52"], "font": {"color": "#2a3f5f"}, "hovermode": "closest", "hoverlabel": {"align": "left"}, "paper_bgcolor": "white", "plot_bgcolor": "#E5ECF6", "polar": {"bgcolor": "#E5ECF6", "angularaxis": {"gridcolor": "white", "linecolor": "white", "ticks": ""}, "radialaxis": {"gridcolor": "white", "linecolor": "white", "ticks": ""}}, "ternary": {"bgcolor": "#E5ECF6", "aaxis": {"gridcolor": "white", "linecolor": "white", "ticks": ""}, "baxis": {"gridcolor": "white", "linecolor": "white", "ticks": ""}, "caxis": {"gridcolor": "white", "linecolor": "white", "ticks": ""}}, "coloraxis": {"colorbar": {"outlinewidth": 0, "ticks": ""}}, "colorscale": {"sequential": [[0.0, "#0d0887"], [0.1111111111111111, "#46039f"], [0.2222222222222222, "#7201a8"], [0.3333333333333333, "#9c179e"], [0.4444444444444444, "#bd3786"], [0.5555555555555556, "#d8576b"], [0.6666666666666666, "#ed7953"], [0.7777777777777778, "#fb9f3a"], [0.8888888888888888, "#fdca26"], [1.0, "#f0f921"]], "sequentialminus": [[0.0, "#0d0887"], [0.1111111111111111, "#46039f"], [0.2222222222222222, "#7201a8"], [0.3333333333333333, "#9c179e"], [0.4444444444444444, "#bd3786"], [0.5555555555555556, "#d8576b"], [0.6666666666666666, "#ed7953"], [0.7777777777777778, "#fb9f3a"], [0.8888888888888888, "#fdca26"], [1.0, "#f0f921"]], "diverging": [[0, "#8e0152"], [0.1, "#c51b7d"], [0.2, "#de77ae"], [0.3, "#f1b6da"], [0.4, "#fde0ef"], [0.5, "#f7f7f7"], [0.6, "#e6f5d0"], [0.7, "#b8e186"], [0.8, "#7fbc41"], [0.9, "#4d9221"], [1, "#276419"]]}, "xaxis": {"gridcolor": "white", "linecolor": "white", "ticks": "", "title": {"standoff": 15}, "zerolinecolor": "white", "automargin": true, "zerolinewidth": 2}, "yaxis": {"gridcolor": "white", "linecolor": "white", "ticks": "", "title": {"standoff": 15}, "zerolinecolor": "white", "automargin": true, "zerolinewidth": 2}, "scene": {"xaxis": {"backgroundcolor": "#E5ECF6", "gridcolor": "white", "linecolor": "white", "showbackground": true, "ticks": "", "zerolinecolor": "white", "gridwidth": 2}, "yaxis": {"backgroundcolor": "#E5ECF6", "gridcolor": "white", "linecolor": "white", "showbackground": true, "ticks": "", "zerolinecolor": "white", "gridwidth": 2}, "zaxis": {"backgroundcolor": "#E5ECF6", "gridcolor": "white", "linecolor": "white", "showbackground": true, "ticks": "", "zerolinecolor": "white", "gridwidth": 2}}, "shapedefaults": {"line": {"color": "#2a3f5f"}}, "annotationdefaults": {"arrowcolor": "#2a3f5f", "arrowhead": 0, "arrowwidth": 1}, "geo": {"bgcolor": "white", "landcolor": "#E5ECF6", "subunitcolor": "white", "showland": true, "showlakes": true, "lakecolor": "white"}, "title": {"x": 0.05}, "mapbox": {"style": "light"}}}}}