{"data": [{"z": [[16.713865280151367, 2.726383924484253, -5.335880279541016, -1.9610140323638916, 3.4094743728637695, 3.0159878730773926, 0.2214261293411255, 1.4096782207489014, 0.254730761051178, 2.1382389068603516, -2.775266170501709, -0.5089417695999146, 5.1934733390808105, -4.956262111663818, -0.0409557931125164, -1.983702301979065, -1.324427843093872, -1.1266010999679565, 2.6430492401123047, 2.474095344543457, -1.9951117038726807], [2.726383924484253, 20.639116287231445, 1.172676920890808, -6.113055229187012, 2.9514403343200684, -3.5068416595458984, -3.184135913848877, 1.4893091917037964, -0.630872905254364, -2.263676166534424, -7.620046138763428, 2.189371347427368, 9.400956153869629, -4.301033973693848, 5.134490013122559, 5.950777530670166, 1.279240608215332, 1.4182546138763428, -1.2071475982666016, 2.4282169342041016, -3.9988210201263428], [-5.335880279541016, 1.172676920890808, 19.572546005249023, -4.567704677581787, -0.06884951144456863, 0.37171801924705505, 3.6651413440704346, 3.632948160171509, -0.43314290046691895, 2.1595723628997803, -1.2183829545974731, -2.334538221359253, 0.04508017748594284, 1.0067577362060547, -4.252282619476318, 4.692807674407959, 5.589496612548828, 2.197836399078369, -5.0792012214660645, 3.571941375732422, -6.543632507324219], [-1.9610140323638916, -6.113055229187012, -4.567704677581787, 22.751829147338867, 1.127034306526184, -1.3718372583389282, -4.257849216461182, -5.321387767791748, -2.9696671962738037, -2.289224624633789, -6.22603178024292, -2.154539108276367, -0.749483585357666, 2.4736015796661377, -1.7499961853027344, -4.369450092315674, 2.139157295227051, -2.6183037757873535, -1.8074884414672852, 3.9288861751556396, 1.8272926807403564], [3.4094743728637695, 2.9514403343200684, -0.06884951144456863, 1.127034306526184, 19.545286178588867, 2.562924385070801, 5.748452663421631, -5.681216716766357, -0.31415197253227234, -6.095396041870117, -1.742241382598877, -4.573099136352539, 1.5810573101043701, 4.800248146057129, 4.308893203735352, -3.8934502601623535, 7.10880184173584, 0.015192031860351562, 5.841588973999023, 6.691842079162598, -3.41064190864563], [3.0159878730773926, -3.5068416595458984, 0.37171801924705505, -1.3718372583389282, 2.562924385070801, 20.400442123413086, 2.5406644344329834, 6.080746650695801, 1.5877785682678223, 6.079049110412598, -5.77427339553833, -0.8239469528198242, 1.9282221794128418, -6.934306621551514, 2.4268124103546143, 3.5896236896514893, -4.321134567260742, -1.7775729894638062, 2.474632501602173, -2.499274253845215, -4.881216049194336], [0.2214261293411255, -3.184135913848877, 3.6651413440704346, -4.257849216461182, 5.748452663421631, 2.5406644344329834, 33.39394760131836, -3.5211775302886963, -1.502941608428955, 4.759422302246094, 7.888482570648193, 8.626344680786133, -7.213630199432373, 5.007019519805908, 5.033714294433594, -7.3967061042785645, 0.550703763961792, 0.4412674903869629, 1.6936328411102295, 9.508014678955078, -5.696612358093262], [1.4096782207489014, 1.4893091917037964, 3.632948160171509, -5.321387767791748, -5.681216716766357, 6.080746650695801, -3.5211775302886963, 19.197242736816406, 1.2057944536209106, 2.6704745292663574, 0.43905559182167053, 7.328367710113525, -4.355368137359619, -3.7612991333007812, 0.9468966126441956, 5.344432353973389, -4.869229316711426, -1.151458501815796, -0.017342031002044678, -1.2958452701568604, 0.15916407108306885], [0.254730761051178, -0.630872905254364, -0.43314290046691895, -2.9696671962738037, -0.31415197253227234, 1.5877785682678223, -1.502941608428955, 1.2057944536209106, 17.421480178833008, 4.213314056396484, 5.529448986053467, -2.972210645675659, -7.316087245941162, 5.037591934204102, 1.903295636177063, -3.723548650741577, -5.37693977355957, 1.4438295364379883, 1.395444393157959, -0.5150410532951355, 3.307082414627075], [2.1382389068603516, -2.263676166534424, 2.1595723628997803, -2.289224624633789, -6.095396041870117, 6.079049110412598, 4.759422302246094, 2.6704745292663574, 4.213314056396484, 15.914032936096191, -2.915229082107544, 6.447843074798584, -1.6528161764144897, -2.3658249378204346, -8.305980682373047, 3.823808431625366, -4.1808648109436035, -0.004481226205825806, -4.36325740814209, -4.9839324951171875, 1.3180999755859375], [-2.775266170501709, -7.620046138763428, -1.2183829545974731, -6.22603178024292, -1.742241382598877, -5.77427339553833, 7.888482570648193, 0.43905559182167053, 5.529448986053467, -2.915229082107544, 29.74259376525879, 3.5718495845794678, -9.658095359802246, 10.458395957946777, 3.583167314529419, -3.7065317630767822, -2.436913251876831, 1.745772123336792, -0.20417261123657227, -8.177891731262207, 9.002238273620605], [-0.5089417695999146, 2.189371347427368, -2.334538221359253, -2.154539108276367, -4.573099136352539, -0.8239469528198242, 8.626344680786133, 7.328367710113525, -2.972210645675659, 6.447843074798584, 3.5718495845794678, 26.40611457824707, -7.517693996429443, -0.5887727737426758, 0.8860618472099304, 6.0289154052734375, -5.888975620269775, 3.257768392562866, -2.3080711364746094, -5.150575160980225, 5.502707004547119], [5.1934733390808105, 9.400956153869629, 0.04508017748594284, -0.749483585357666, 1.5810573101043701, 1.9282221794128418, -7.213630199432373, -4.355368137359619, -7.316087245941162, -1.6528161764144897, -9.658095359802246, -7.517693996429443, 42.438880920410156, -6.164081573486328, -7.462817668914795, 4.336080074310303, 5.443726539611816, 0.1624763011932373, -16.78913688659668, 7.880141258239746, -3.6614511013031006], [-4.956262111663818, -4.301033973693848, 1.0067577362060547, 2.4736015796661377, 4.800248146057129, -6.934306621551514, 5.007019519805908, -3.7612991333007812, 5.037591934204102, -2.3658249378204346, 10.458395957946777, -0.5887727737426758, -6.164081573486328, 17.401960372924805, -3.831526517868042, -0.6772928833961487, 3.222702980041504, 0.12789273262023926, 0.29265832901000977, 3.09407901763916, 10.630711555480957], [-0.0409557931125164, 5.134490013122559, -4.252282619476318, -1.7499961853027344, 4.308893203735352, 2.4268124103546143, 5.033714294433594, 0.9468966126441956, 1.903295636177063, -8.305980682373047, 3.583167314529419, 0.8860618472099304, -7.462817668914795, -3.831526517868042, 28.687381744384766, -5.8686676025390625, 3.3650500774383545, 3.250438690185547, 13.152053833007812, -1.4387173652648926, -3.721940279006958], [-1.983702301979065, 5.950777530670166, 4.692807674407959, -4.369450092315674, -3.8934502601623535, 3.5896236896514893, -7.3967061042785645, 5.344432353973389, -3.723548650741577, 3.823808431625366, -3.7065317630767822, 6.0289154052734375, 4.336080074310303, -0.6772928833961487, -5.8686676025390625, 24.733617782592773, -6.818754196166992, -0.372251033782959, 4.012581825256348, -8.267931938171387, 5.515411376953125], [-1.3244277238845825, 1.279240608215332, 5.589497089385986, 2.139157295227051, 7.10880184173584, -4.321134567260742, 0.5507041811943054, -4.869228839874268, -5.376939296722412, -4.180864334106445, -2.43691349029541, -5.888976097106934, 5.443726539611816, 3.222703218460083, 3.3650498390197754, -6.818755626678467, 34.311859130859375, 4.060667991638184, -3.2258963584899902, -6.704705715179443, -0.5132947564125061], [-1.1266010999679565, 1.4182544946670532, 2.1978366374969482, -2.6183037757873535, 0.01519243698567152, -1.777572751045227, 0.44126763939857483, -1.1514583826065063, 1.4438297748565674, -0.004481069277971983, 1.7457715272903442, 3.257768392562866, 0.16247710585594177, 0.1278926432132721, 3.250438928604126, -0.372251033782959, 4.060667991638184, 12.549129486083984, -3.465792179107666, -3.6398367881774902, 0.027506977319717407], [2.643049716949463, -1.2071478366851807, -5.079201698303223, -1.8074883222579956, 5.841588973999023, 2.474632740020752, 1.69363272190094, -0.0173419751226902, 1.395444631576538, -4.363258361816406, -0.20417235791683197, -2.3080713748931885, -16.78913688659668, 0.2926581799983978, 13.152056694030762, 4.012582302093506, -3.2258963584899902, -3.465792179107666, 32.6434211730957, -0.9671131372451782, -0.9854617714881897], [2.474095582962036, 2.428215980529785, 3.5719425678253174, 3.9288861751556396, 6.691842079162598, -2.499274253845215, 9.508014678955078, -1.2958459854125977, -0.5150412321090698, -4.983932018280029, -8.177892684936523, -5.150575637817383, 7.880140781402588, 3.09407901763916, -1.4387168884277344, -8.267932891845703, -6.704705715179443, -3.6398367881774902, -0.9671131372451782, 38.61497497558594, -3.362290620803833], [-1.9951117038726807, -3.998821258544922, -6.543630599975586, 1.827292561531067, -3.4106411933898926, -4.881216049194336, -5.6966118812561035, 0.1591641902923584, 3.3070826530456543, 1.3180992603302002, 9.002238273620605, 5.502707004547119, -3.6614511013031006, 10.630711555480957, -3.721940517425537, 5.515411376953125, -0.513294517993927, 0.02750694751739502, -0.9854624271392822, -3.362290859222412, 35.899986267089844]], "type": "heatmap"}], "layout": {"template": {"data": {"histogram2dcontour": [{"type": "histogram2dcontour", "colorbar": {"outlinewidth": 0, "ticks": ""}, "colorscale": [[0.0, "#0d0887"], [0.1111111111111111, "#46039f"], [0.2222222222222222, "#7201a8"], [0.3333333333333333, "#9c179e"], [0.4444444444444444, "#bd3786"], [0.5555555555555556, "#d8576b"], [0.6666666666666666, "#ed7953"], [0.7777777777777778, "#fb9f3a"], [0.8888888888888888, "#fdca26"], [1.0, "#f0f921"]]}], "choropleth": [{"type": "choropleth", "colorbar": {"outlinewidth": 0, "ticks": ""}}], "histogram2d": [{"type": "histogram2d", "colorbar": {"outlinewidth": 0, "ticks": ""}, "colorscale": [[0.0, "#0d0887"], [0.1111111111111111, "#46039f"], [0.2222222222222222, "#7201a8"], [0.3333333333333333, "#9c179e"], [0.4444444444444444, "#bd3786"], [0.5555555555555556, "#d8576b"], [0.6666666666666666, "#ed7953"], [0.7777777777777778, "#fb9f3a"], [0.8888888888888888, "#fdca26"], [1.0, "#f0f921"]]}], "heatmap": [{"type": "heatmap", "colorbar": {"outlinewidth": 0, "ticks": ""}, "colorscale": [[0.0, "#0d0887"], [0.1111111111111111, "#46039f"], [0.2222222222222222, "#7201a8"], [0.3333333333333333, "#9c179e"], [0.4444444444444444, "#bd3786"], [0.5555555555555556, "#d8576b"], [0.6666666666666666, "#ed7953"], [0.7777777777777778, "#fb9f3a"], [0.8888888888888888, "#fdca26"], [1.0, "#f0f921"]]}], "heatmapgl": [{"type": "heatmapgl", "colorbar": {"outlinewidth": 0, "ticks": ""}, "colorscale": [[0.0, "#0d0887"], [0.1111111111111111, "#46039f"], [0.2222222222222222, "#7201a8"], [0.3333333333333333, "#9c179e"], [0.4444444444444444, "#bd3786"], [0.5555555555555556, "#d8576b"], [0.6666666666666666, "#ed7953"], [0.7777777777777778, "#fb9f3a"], [0.8888888888888888, "#fdca26"], [1.0, "#f0f921"]]}], "contourcarpet": [{"type": "contourcarpet", "colorbar": {"outlinewidth": 0, "ticks": ""}}], "contour": [{"type": "contour", "colorbar": {"outlinewidth": 0, "ticks": ""}, "colorscale": [[0.0, "#0d0887"], [0.1111111111111111, "#46039f"], [0.2222222222222222, "#7201a8"], [0.3333333333333333, "#9c179e"], [0.4444444444444444, "#bd3786"], [0.5555555555555556, "#d8576b"], [0.6666666666666666, "#ed7953"], [0.7777777777777778, "#fb9f3a"], [0.8888888888888888, "#fdca26"], [1.0, "#f0f921"]]}], "surface": [{"type": "surface", "colorbar": {"outlinewidth": 0, "ticks": ""}, "colorscale": [[0.0, "#0d0887"], [0.1111111111111111, "#46039f"], [0.2222222222222222, "#7201a8"], [0.3333333333333333, "#9c179e"], [0.4444444444444444, "#bd3786"], [0.5555555555555556, "#d8576b"], [0.6666666666666666, "#ed7953"], [0.7777777777777778, "#fb9f3a"], [0.8888888888888888, "#fdca26"], [1.0, "#f0f921"]]}], "mesh3d": [{"type": "mesh3d", "colorbar": {"outlinewidth": 0, "ticks": ""}}], "scatter": [{"fillpattern": {"fillmode": "overlay", "size": 10, "solidity": 0.2}, "type": "scatter"}], "parcoords": [{"type": "parcoords", "line": {"colorbar": {"outlinewidth": 0, "ticks": ""}}}], "scatterpolargl": [{"type": "scatterpolargl", "marker": {"colorbar": {"outlinewidth": 0, "ticks": ""}}}], "bar": [{"error_x": {"color": "#2a3f5f"}, "error_y": {"color": "#2a3f5f"}, "marker": {"line": {"color": "#E5ECF6", "width": 0.5}, "pattern": {"fillmode": "overlay", "size": 10, "solidity": 0.2}}, "type": "bar"}], "scattergeo": [{"type": "scattergeo", "marker": {"colorbar": {"outlinewidth": 0, "ticks": ""}}}], "scatterpolar": [{"type": "scatterpolar", "marker": {"colorbar": {"outlinewidth": 0, "ticks": ""}}}], "histogram": [{"marker": {"pattern": {"fillmode": "overlay", "size": 10, "solidity": 0.2}}, "type": "histogram"}], "scattergl": [{"type": "scattergl", "marker": {"colorbar": {"outlinewidth": 0, "ticks": ""}}}], "scatter3d": [{"type": "scatter3d", "line": {"colorbar": {"outlinewidth": 0, "ticks": ""}}, "marker": {"colorbar": {"outlinewidth": 0, "ticks": ""}}}], "scattermapbox": [{"type": "scattermapbox", "marker": {"colorbar": {"outlinewidth": 0, "ticks": ""}}}], "scatterternary": [{"type": "scatterternary", "marker": {"colorbar": {"outlinewidth": 0, "ticks": ""}}}], "scattercarpet": [{"type": "scattercarpet", "marker": {"colorbar": {"outlinewidth": 0, "ticks": ""}}}], "carpet": [{"aaxis": {"endlinecolor": "#2a3f5f", "gridcolor": "white", "linecolor": "white", "minorgridcolor": "white", "startlinecolor": "#2a3f5f"}, "baxis": {"endlinecolor": "#2a3f5f", "gridcolor": "white", "linecolor": "white", "minorgridcolor": "white", "startlinecolor": "#2a3f5f"}, "type": "carpet"}], "table": [{"cells": {"fill": {"color": "#EBF0F8"}, "line": {"color": "white"}}, "header": {"fill": {"color": "#C8D4E3"}, "line": {"color": "white"}}, "type": "table"}], "barpolar": [{"marker": {"line": {"color": "#E5ECF6", "width": 0.5}, "pattern": {"fillmode": "overlay", "size": 10, "solidity": 0.2}}, "type": "barpolar"}], "pie": [{"automargin": true, "type": "pie"}]}, "layout": {"autotypenumbers": "strict", "colorway": ["#636efa", "#EF553B", "#00cc96", "#ab63fa", "#FFA15A", "#19d3f3", "#FF6692", "#B6E880", "#FF97FF", "#FECB52"], "font": {"color": "#2a3f5f"}, "hovermode": "closest", "hoverlabel": {"align": "left"}, "paper_bgcolor": "white", "plot_bgcolor": "#E5ECF6", "polar": {"bgcolor": "#E5ECF6", "angularaxis": {"gridcolor": "white", "linecolor": "white", "ticks": ""}, "radialaxis": {"gridcolor": "white", "linecolor": "white", "ticks": ""}}, "ternary": {"bgcolor": "#E5ECF6", "aaxis": {"gridcolor": "white", "linecolor": "white", "ticks": ""}, "baxis": {"gridcolor": "white", "linecolor": "white", "ticks": ""}, "caxis": {"gridcolor": "white", "linecolor": "white", "ticks": ""}}, "coloraxis": {"colorbar": {"outlinewidth": 0, "ticks": ""}}, "colorscale": {"sequential": [[0.0, "#0d0887"], [0.1111111111111111, "#46039f"], [0.2222222222222222, "#7201a8"], [0.3333333333333333, "#9c179e"], [0.4444444444444444, "#bd3786"], [0.5555555555555556, "#d8576b"], [0.6666666666666666, "#ed7953"], [0.7777777777777778, "#fb9f3a"], [0.8888888888888888, "#fdca26"], [1.0, "#f0f921"]], "sequentialminus": [[0.0, "#0d0887"], [0.1111111111111111, "#46039f"], [0.2222222222222222, "#7201a8"], [0.3333333333333333, "#9c179e"], [0.4444444444444444, "#bd3786"], [0.5555555555555556, "#d8576b"], [0.6666666666666666, "#ed7953"], [0.7777777777777778, "#fb9f3a"], [0.8888888888888888, "#fdca26"], [1.0, "#f0f921"]], "diverging": [[0, "#8e0152"], [0.1, "#c51b7d"], [0.2, "#de77ae"], [0.3, "#f1b6da"], [0.4, "#fde0ef"], [0.5, "#f7f7f7"], [0.6, "#e6f5d0"], [0.7, "#b8e186"], [0.8, "#7fbc41"], [0.9, "#4d9221"], [1, "#276419"]]}, "xaxis": {"gridcolor": "white", "linecolor": "white", "ticks": "", "title": {"standoff": 15}, "zerolinecolor": "white", "automargin": true, "zerolinewidth": 2}, "yaxis": {"gridcolor": "white", "linecolor": "white", "ticks": "", "title": {"standoff": 15}, "zerolinecolor": "white", "automargin": true, "zerolinewidth": 2}, "scene": {"xaxis": {"backgroundcolor": "#E5ECF6", "gridcolor": "white", "linecolor": "white", "showbackground": true, "ticks": "", "zerolinecolor": "white", "gridwidth": 2}, "yaxis": {"backgroundcolor": "#E5ECF6", "gridcolor": "white", "linecolor": "white", "showbackground": true, "ticks": "", "zerolinecolor": "white", "gridwidth": 2}, "zaxis": {"backgroundcolor": "#E5ECF6", "gridcolor": "white", "linecolor": "white", "showbackground": true, "ticks": "", "zerolinecolor": "white", "gridwidth": 2}}, "shapedefaults": {"line": {"color": "#2a3f5f"}}, "annotationdefaults": {"arrowcolor": "#2a3f5f", "arrowhead": 0, "arrowwidth": 1}, "geo": {"bgcolor": "white", "landcolor": "#E5ECF6", "subunitcolor": "white", "showland": true, "showlakes": true, "lakecolor": "white"}, "title": {"x": 0.05}, "mapbox": {"style": "light"}}}}}