{"data": [{"z": [[16.809101104736328, 2.686394214630127, -5.422710418701172, -1.942353367805481, 3.3856515884399414, 3.027724266052246, 0.15074898302555084, 1.3626152276992798, 0.22396305203437805, 2.1218154430389404, -2.8859429359436035, -0.5739761590957642, 5.19162654876709, -5.064947128295898, -0.0901690199971199, -2.0495967864990234, -1.4126532077789307, -1.225942850112915, 2.639577627182007, 2.460172414779663, -2.0177125930786133], [2.686394214630127, 20.703672409057617, 1.1749699115753174, -6.193310260772705, 2.9431965351104736, -3.550863027572632, -3.171788215637207, 1.4751746654510498, -0.6850606203079224, -2.3100266456604004, -7.644388198852539, 2.184838056564331, 9.398480415344238, -4.365561008453369, 5.136407852172852, 5.957185745239258, 1.2531704902648926, 1.376305103302002, -1.2173638343811035, 2.392549514770508, -4.012333869934082], [-5.422710418701172, 1.1749699115753174, 19.61060905456543, -4.653321266174316, -0.08564285933971405, 0.318043053150177, 3.708554267883301, 3.6086204051971436, -0.5012142658233643, 2.1137118339538574, -1.2008843421936035, -2.341437339782715, -0.020188353955745697, 0.9882112145423889, -4.264548301696777, 4.701372146606445, 5.576456069946289, 2.1796164512634277, -5.1193952560424805, 3.512744903564453, -6.5381879806518555], [-1.942353367805481, -6.193310260772705, -4.653321266174316, 22.806194305419922, 1.1102997064590454, -1.3757798671722412, -4.326777935028076, -5.410655498504639, -2.9669368267059326, -2.2819406986236572, -6.30886697769165, -2.229113817214966, -0.7385520935058594, 2.4745278358459473, -1.8122782707214355, -4.458830833435059, 2.113084554672241, -2.654660224914551, -1.8604612350463867, 3.950918674468994, 1.8149628639221191], [3.3856515884399414, 2.9431965351104736, -0.08564285933971405, 1.1102997064590454, 19.60637092590332, 2.5390336513519287, 5.762330532073975, -5.775089740753174, -0.3449884355068207, -6.152874946594238, -1.7853420972824097, -4.6520795822143555, 1.5688819885253906, 4.785733222961426, 4.295307636260986, -3.9432339668273926, 7.07602071762085, -0.03075695037841797, 5.819738388061523, 6.697789669036865, -3.42704176902771], [3.027724266052246, -3.550863027572632, 0.318043053150177, -1.3757798671722412, 2.5390336513519287, 20.483842849731445, 2.488537549972534, 6.063359260559082, 1.5679709911346436, 6.073669910430908, -5.880467414855957, -0.8609079718589783, 1.9104329347610474, -7.044185161590576, 2.399976968765259, 3.577214479446411, -4.428977012634277, -1.85807204246521, 2.468618869781494, -2.5606236457824707, -4.902347564697266], [0.15074898302555084, -3.171788215637207, 3.708554267883301, -4.326777935028076, 5.762330532073975, 2.488537549972534, 33.51020050048828, -3.5244626998901367, -1.5579434633255005, 4.744512557983398, 7.956665515899658, 8.669825553894043, -7.293148994445801, 5.043247699737549, 5.068458080291748, -7.384190559387207, 0.5408135652542114, 0.4395575523376465, 1.6862385272979736, 9.478586196899414, -5.6942830085754395], [1.3626152276992798, 1.4751746654510498, 3.6086204051971436, -5.410655498504639, -5.775089740753174, 6.063359260559082, -3.5244626998901367, 19.249223709106445, 1.138342261314392, 2.641752243041992, 0.44591543078422546, 7.384619235992432, -4.474258899688721, -3.8416178226470947, 0.9192931056022644, 5.343768119812012, -4.97431755065918, -1.2238292694091797, -0.027934491634368896, -1.4235421419143677, 0.14230400323867798], [0.22396305203437805, -0.6850606203079224, -0.5012142658233643, -2.9669368267059326, -0.3449884355068207, 1.5679709911346436, -1.5579434633255005, 1.138342261314392, 17.46318244934082, 4.204081058502197, 5.4474077224731445, -3.0469813346862793, -7.391847610473633, 4.991151809692383, 1.8445566892623901, -3.799858331680298, -5.48752498626709, 1.3683925867080688, 1.3548498153686523, -0.5559911727905273, 3.2917659282684326], [2.1218154430389404, -2.3100266456604004, 2.1137118339538574, -2.2819406986236572, -6.152874946594238, 6.073669910430908, 4.744512557983398, 2.641752243041992, 4.204081058502197, 15.95240306854248, -2.9550929069519043, 6.452115058898926, -1.7168748378753662, -2.443150043487549, -8.374093055725098, 3.780205488204956, -4.241671562194824, -0.0639977753162384, -4.3657636642456055, -5.083382606506348, 1.2953405380249023], [-2.8859429359436035, -7.644388198852539, -1.2008843421936035, -6.30886697769165, -1.7853420972824097, -5.880467414855957, 7.956665515899658, 0.44591543078422546, 5.4474077224731445, -2.9550929069519043, 29.88237762451172, 3.6274337768554688, -9.772906303405762, 10.52441120147705, 3.5909860134124756, -3.7026915550231934, -2.4549872875213623, 1.749591588973999, -0.21141409873962402, -8.278979301452637, 9.006573677062988], [-0.5739761590957642, 2.184838056564331, -2.341437339782715, -2.229113817214966, -4.6520795822143555, -0.8609079718589783, 8.669825553894043, 7.384619235992432, -3.0469813346862793, 6.452115058898926, 3.6274337768554688, 26.548355102539062, -7.624000549316406, -0.6249827742576599, 0.8807604908943176, 6.057417869567871, -5.952516078948975, 3.244035243988037, -2.3119380474090576, -5.298251152038574, 5.506828308105469], [5.19162654876709, 9.398480415344238, -0.020188353955745697, -0.7385520935058594, 1.5688819885253906, 1.9104329347610474, -7.293148994445801, -4.474258899688721, -7.391847610473633, -1.7168748378753662, -9.772906303405762, -7.624000549316406, 42.5802001953125, -6.263150691986084, -7.508064270019531, 4.281455993652344, 5.40682315826416, 0.08578085899353027, -16.87737464904785, 7.88158655166626, -3.6810779571533203], [-5.064947128295898, -4.365561008453369, 0.9882112145423889, 2.4745278358459473, 4.785733222961426, -7.044185161590576, 5.043247699737549, -3.8416178226470947, 4.991151809692383, -2.443150043487549, 10.52441120147705, -0.6249827742576599, -6.263150691986084, 17.512470245361328, -3.878493070602417, -0.7211456298828125, 3.218397617340088, 0.11511856317520142, 0.25870776176452637, 3.0574893951416016, 10.670745849609375], [-0.0901690199971199, 5.136407852172852, -4.264548301696777, -1.8122782707214355, 4.295307636260986, 2.399976968765259, 5.068458080291748, 0.9192931056022644, 1.8445566892623901, -8.374093055725098, 3.5909860134124756, 0.8807604908943176, -7.508064270019531, -3.878493070602417, 28.732872009277344, -5.876927852630615, 3.319131851196289, 3.200019121170044, 13.163543701171875, -1.498734474182129, -3.728635311126709], [-2.0495967864990234, 5.957185745239258, 4.701372146606445, -4.458830833435059, -3.9432339668273926, 3.577214479446411, -7.384190559387207, 5.343768119812012, -3.799858331680298, 3.780205488204956, -3.7026915550231934, 6.057417869567871, 4.281455993652344, -0.7211456298828125, -5.876927852630615, 24.774858474731445, -6.898487091064453, -0.42088860273361206, 4.020442962646484, -8.381311416625977, 5.509756565093994], [-1.4126532077789307, 1.2531704902648926, 5.576456546783447, 2.1130850315093994, 7.076021194458008, -4.428976535797119, 0.5408124923706055, -4.97431755065918, -5.48752498626709, -4.241671562194824, -2.454986572265625, -5.952517032623291, 5.40682315826416, 3.218397378921509, 3.3191330432891846, -6.898486614227295, 34.423545837402344, 4.050494194030762, -3.3185696601867676, -6.790888786315918, -0.5074945688247681], [-1.2259430885314941, 1.3763049840927124, 2.1796164512634277, -2.654660224914551, -0.03075721114873886, -1.85807204246521, 0.4395570755004883, -1.223828911781311, 1.3683921098709106, -0.06399795413017273, 1.7495919466018677, 3.244035243988037, 0.08578041940927505, 0.115118607878685, 3.200018882751465, -0.4208882749080658, 4.050494194030762, 12.553873062133789, -3.5320730209350586, -3.7608892917633057, 0.025738120079040527], [2.6395773887634277, -1.2173634767532349, -5.119394779205322, -1.860461711883545, 5.819737434387207, 2.468618869781494, 1.6862382888793945, -0.027934109792113304, 1.354850172996521, -4.365764617919922, -0.21141409873962402, -2.3119382858276367, -16.87737274169922, 0.25870776176452637, 13.163544654846191, 4.020443439483643, -3.3185696601867676, -3.5320730209350586, 32.72037124633789, -1.024471640586853, -0.9893282651901245], [2.460172176361084, 2.3925490379333496, 3.512744903564453, 3.950918436050415, 6.697790145874023, -2.5606236457824707, 9.478586196899414, -1.4235421419143677, -0.5559910535812378, -5.083383083343506, -8.278980255126953, -5.298251628875732, 7.881587028503418, 3.057490110397339, -1.4987353086471558, -8.381311416625977, -6.790888786315918, -3.7608892917633057, -1.024471640586853, 38.72737121582031, -3.3831496238708496], [-2.0177125930786133, -4.012333393096924, -6.5381879806518555, 1.8149629831314087, -3.427042007446289, -4.902347564697266, -5.694282531738281, 0.1423048973083496, 3.2917656898498535, 1.2953399419784546, 9.006573677062988, 5.506828784942627, -3.6810781955718994, 10.670745849609375, -3.728635549545288, 5.509757041931152, -0.5074945092201233, 0.025738000869750977, -0.989328145980835, -3.3831491470336914, 35.899986267089844]], "type": "heatmap"}], "layout": {"template": {"data": {"histogram2dcontour": [{"type": "histogram2dcontour", "colorbar": {"outlinewidth": 0, "ticks": ""}, "colorscale": [[0.0, "#0d0887"], [0.1111111111111111, "#46039f"], [0.2222222222222222, "#7201a8"], [0.3333333333333333, "#9c179e"], [0.4444444444444444, "#bd3786"], [0.5555555555555556, "#d8576b"], [0.6666666666666666, "#ed7953"], [0.7777777777777778, "#fb9f3a"], [0.8888888888888888, "#fdca26"], [1.0, "#f0f921"]]}], "choropleth": [{"type": "choropleth", "colorbar": {"outlinewidth": 0, "ticks": ""}}], "histogram2d": [{"type": "histogram2d", "colorbar": {"outlinewidth": 0, "ticks": ""}, "colorscale": [[0.0, "#0d0887"], [0.1111111111111111, "#46039f"], [0.2222222222222222, "#7201a8"], [0.3333333333333333, "#9c179e"], [0.4444444444444444, "#bd3786"], [0.5555555555555556, "#d8576b"], [0.6666666666666666, "#ed7953"], [0.7777777777777778, "#fb9f3a"], [0.8888888888888888, "#fdca26"], [1.0, "#f0f921"]]}], "heatmap": [{"type": "heatmap", "colorbar": {"outlinewidth": 0, "ticks": ""}, "colorscale": [[0.0, "#0d0887"], [0.1111111111111111, "#46039f"], [0.2222222222222222, "#7201a8"], [0.3333333333333333, "#9c179e"], [0.4444444444444444, "#bd3786"], [0.5555555555555556, "#d8576b"], [0.6666666666666666, "#ed7953"], [0.7777777777777778, "#fb9f3a"], [0.8888888888888888, "#fdca26"], [1.0, "#f0f921"]]}], "heatmapgl": [{"type": "heatmapgl", "colorbar": {"outlinewidth": 0, "ticks": ""}, "colorscale": [[0.0, "#0d0887"], [0.1111111111111111, "#46039f"], [0.2222222222222222, "#7201a8"], [0.3333333333333333, "#9c179e"], [0.4444444444444444, "#bd3786"], [0.5555555555555556, "#d8576b"], [0.6666666666666666, "#ed7953"], [0.7777777777777778, "#fb9f3a"], [0.8888888888888888, "#fdca26"], [1.0, "#f0f921"]]}], "contourcarpet": [{"type": "contourcarpet", "colorbar": {"outlinewidth": 0, "ticks": ""}}], "contour": [{"type": "contour", "colorbar": {"outlinewidth": 0, "ticks": ""}, "colorscale": [[0.0, "#0d0887"], [0.1111111111111111, "#46039f"], [0.2222222222222222, "#7201a8"], [0.3333333333333333, "#9c179e"], [0.4444444444444444, "#bd3786"], [0.5555555555555556, "#d8576b"], [0.6666666666666666, "#ed7953"], [0.7777777777777778, "#fb9f3a"], [0.8888888888888888, "#fdca26"], [1.0, "#f0f921"]]}], "surface": [{"type": "surface", "colorbar": {"outlinewidth": 0, "ticks": ""}, "colorscale": [[0.0, "#0d0887"], [0.1111111111111111, "#46039f"], [0.2222222222222222, "#7201a8"], [0.3333333333333333, "#9c179e"], [0.4444444444444444, "#bd3786"], [0.5555555555555556, "#d8576b"], [0.6666666666666666, "#ed7953"], [0.7777777777777778, "#fb9f3a"], [0.8888888888888888, "#fdca26"], [1.0, "#f0f921"]]}], "mesh3d": [{"type": "mesh3d", "colorbar": {"outlinewidth": 0, "ticks": ""}}], "scatter": [{"fillpattern": {"fillmode": "overlay", "size": 10, "solidity": 0.2}, "type": "scatter"}], "parcoords": [{"type": "parcoords", "line": {"colorbar": {"outlinewidth": 0, "ticks": ""}}}], "scatterpolargl": [{"type": "scatterpolargl", "marker": {"colorbar": {"outlinewidth": 0, "ticks": ""}}}], "bar": [{"error_x": {"color": "#2a3f5f"}, "error_y": {"color": "#2a3f5f"}, "marker": {"line": {"color": "#E5ECF6", "width": 0.5}, "pattern": {"fillmode": "overlay", "size": 10, "solidity": 0.2}}, "type": "bar"}], "scattergeo": [{"type": "scattergeo", "marker": {"colorbar": {"outlinewidth": 0, "ticks": ""}}}], "scatterpolar": [{"type": "scatterpolar", "marker": {"colorbar": {"outlinewidth": 0, "ticks": ""}}}], "histogram": [{"marker": {"pattern": {"fillmode": "overlay", "size": 10, "solidity": 0.2}}, "type": "histogram"}], "scattergl": [{"type": "scattergl", "marker": {"colorbar": {"outlinewidth": 0, "ticks": ""}}}], "scatter3d": [{"type": "scatter3d", "line": {"colorbar": {"outlinewidth": 0, "ticks": ""}}, "marker": {"colorbar": {"outlinewidth": 0, "ticks": ""}}}], "scattermapbox": [{"type": "scattermapbox", "marker": {"colorbar": {"outlinewidth": 0, "ticks": ""}}}], "scatterternary": [{"type": "scatterternary", "marker": {"colorbar": {"outlinewidth": 0, "ticks": ""}}}], "scattercarpet": [{"type": "scattercarpet", "marker": {"colorbar": {"outlinewidth": 0, "ticks": ""}}}], "carpet": [{"aaxis": {"endlinecolor": "#2a3f5f", "gridcolor": "white", "linecolor": "white", "minorgridcolor": "white", "startlinecolor": "#2a3f5f"}, "baxis": {"endlinecolor": "#2a3f5f", "gridcolor": "white", "linecolor": "white", "minorgridcolor": "white", "startlinecolor": "#2a3f5f"}, "type": "carpet"}], "table": [{"cells": {"fill": {"color": "#EBF0F8"}, "line": {"color": "white"}}, "header": {"fill": {"color": "#C8D4E3"}, "line": {"color": "white"}}, "type": "table"}], "barpolar": [{"marker": {"line": {"color": "#E5ECF6", "width": 0.5}, "pattern": {"fillmode": "overlay", "size": 10, "solidity": 0.2}}, "type": "barpolar"}], "pie": [{"automargin": true, "type": "pie"}]}, "layout": {"autotypenumbers": "strict", "colorway": ["#636efa", "#EF553B", "#00cc96", "#ab63fa", "#FFA15A", "#19d3f3", "#FF6692", "#B6E880", "#FF97FF", "#FECB52"], "font": {"color": "#2a3f5f"}, "hovermode": "closest", "hoverlabel": {"align": "left"}, "paper_bgcolor": "white", "plot_bgcolor": "#E5ECF6", "polar": {"bgcolor": "#E5ECF6", "angularaxis": {"gridcolor": "white", "linecolor": "white", "ticks": ""}, "radialaxis": {"gridcolor": "white", "linecolor": "white", "ticks": ""}}, "ternary": {"bgcolor": "#E5ECF6", "aaxis": {"gridcolor": "white", "linecolor": "white", "ticks": ""}, "baxis": {"gridcolor": "white", "linecolor": "white", "ticks": ""}, "caxis": {"gridcolor": "white", "linecolor": "white", "ticks": ""}}, "coloraxis": {"colorbar": {"outlinewidth": 0, "ticks": ""}}, "colorscale": {"sequential": [[0.0, "#0d0887"], [0.1111111111111111, "#46039f"], [0.2222222222222222, "#7201a8"], [0.3333333333333333, "#9c179e"], [0.4444444444444444, "#bd3786"], [0.5555555555555556, "#d8576b"], [0.6666666666666666, "#ed7953"], [0.7777777777777778, "#fb9f3a"], [0.8888888888888888, "#fdca26"], [1.0, "#f0f921"]], "sequentialminus": [[0.0, "#0d0887"], [0.1111111111111111, "#46039f"], [0.2222222222222222, "#7201a8"], [0.3333333333333333, "#9c179e"], [0.4444444444444444, "#bd3786"], [0.5555555555555556, "#d8576b"], [0.6666666666666666, "#ed7953"], [0.7777777777777778, "#fb9f3a"], [0.8888888888888888, "#fdca26"], [1.0, "#f0f921"]], "diverging": [[0, "#8e0152"], [0.1, "#c51b7d"], [0.2, "#de77ae"], [0.3, "#f1b6da"], [0.4, "#fde0ef"], [0.5, "#f7f7f7"], [0.6, "#e6f5d0"], [0.7, "#b8e186"], [0.8, "#7fbc41"], [0.9, "#4d9221"], [1, "#276419"]]}, "xaxis": {"gridcolor": "white", "linecolor": "white", "ticks": "", "title": {"standoff": 15}, "zerolinecolor": "white", "automargin": true, "zerolinewidth": 2}, "yaxis": {"gridcolor": "white", "linecolor": "white", "ticks": "", "title": {"standoff": 15}, "zerolinecolor": "white", "automargin": true, "zerolinewidth": 2}, "scene": {"xaxis": {"backgroundcolor": "#E5ECF6", "gridcolor": "white", "linecolor": "white", "showbackground": true, "ticks": "", "zerolinecolor": "white", "gridwidth": 2}, "yaxis": {"backgroundcolor": "#E5ECF6", "gridcolor": "white", "linecolor": "white", "showbackground": true, "ticks": "", "zerolinecolor": "white", "gridwidth": 2}, "zaxis": {"backgroundcolor": "#E5ECF6", "gridcolor": "white", "linecolor": "white", "showbackground": true, "ticks": "", "zerolinecolor": "white", "gridwidth": 2}}, "shapedefaults": {"line": {"color": "#2a3f5f"}}, "annotationdefaults": {"arrowcolor": "#2a3f5f", "arrowhead": 0, "arrowwidth": 1}, "geo": {"bgcolor": "white", "landcolor": "#E5ECF6", "subunitcolor": "white", "showland": true, "showlakes": true, "lakecolor": "white"}, "title": {"x": 0.05}, "mapbox": {"style": "light"}}}}}