{"data": [{"z": [[17.0350284576416, 2.68662691116333, -5.502139091491699, -1.8695769309997559, 3.387831211090088, 3.088144540786743, 0.044508595019578934, 1.3969618082046509, 0.2597510814666748, 2.1720709800720215, -2.9920496940612793, -0.5887352228164673, 5.262017250061035, -5.176784992218018, -0.11468508094549179, -2.0685994625091553, -1.4507266283035278, -1.2912249565124512, 2.690530776977539, 2.4978675842285156, -1.997169852256775], [2.68662691116333, 20.892526626586914, 1.2289360761642456, -6.293017864227295, 2.991818904876709, -3.582632541656494, -3.137218713760376, 1.4675614833831787, -0.7195139527320862, -2.3650238513946533, -7.6750288009643555, 2.17537522315979, 9.47894287109375, -4.469520092010498, 5.173465251922607, 6.001052379608154, 1.2432222366333008, 1.3421604633331299, -1.2357726097106934, 2.427711009979248, -4.062106132507324], [-5.502139091491699, 1.2289360761642456, 19.73956871032715, -4.784575939178467, -0.05714130029082298, 0.30324023962020874, 3.7832083702087402, 3.6232707500457764, -0.5527459979057312, 2.069416046142578, -1.1723073720932007, -2.369731903076172, -0.044245682656764984, 0.9561283588409424, -4.260031223297119, 4.784718036651611, 5.618780136108398, 2.1849591732025146, -5.148423194885254, 3.5227112770080566, -6.546113967895508], [-1.8695769309997559, -6.293017864227295, -4.784575939178467, 23.04422950744629, 1.0805327892303467, -1.3464728593826294, -4.454384803771973, -5.466258525848389, -2.9647138118743896, -2.2167751789093018, -6.394408226013184, -2.3088808059692383, -0.722209095954895, 2.572800636291504, -1.8803688287734985, -4.506605625152588, 2.0884671211242676, -2.5978147983551025, -1.8950767517089844, 3.986527442932129, 1.8181064128875732], [3.387831211090088, 2.991818904876709, -0.05714130029082298, 1.0805327892303467, 19.794994354248047, 2.575315475463867, 5.824467658996582, -5.904655456542969, -0.32475149631500244, -6.226282119750977, -1.8238584995269775, -4.7672119140625, 1.6104536056518555, 4.796279430389404, 4.313538551330566, -3.970015048980713, 7.098344802856445, -0.04845893383026123, 5.811169624328613, 6.794305801391602, -3.456465482711792], [3.088144540786743, -3.582632541656494, 0.30324023962020874, -1.3464728593826294, 2.575315475463867, 20.691591262817383, 2.442354202270508, 6.111904144287109, 1.639638066291809, 6.118786811828613, -6.011232852935791, -0.86698317527771, 1.9370787143707275, -7.159986972808838, 2.402264356613159, 3.6270911693573, -4.532150745391846, -1.940741777420044, 2.482522964477539, -2.606473445892334, -4.906030654907227], [0.044508595019578934, -3.137218713760376, 3.7832083702087402, -4.454384803771973, 5.824467658996582, 2.442354202270508, 33.81064224243164, -3.579667806625366, -1.6202867031097412, 4.731537342071533, 8.059308052062988, 8.72945785522461, -7.390188694000244, 5.093152046203613, 5.149887561798096, -7.415939807891846, 0.5260829925537109, 0.4122917652130127, 1.6982574462890625, 9.501007080078125, -5.712717533111572], [1.3969618082046509, 1.4675614833831787, 3.6232707500457764, -5.466258525848389, -5.904655456542969, 6.111904144287109, -3.579667806625366, 19.422439575195312, 1.1770018339157104, 2.6556007862091064, 0.49636006355285645, 7.502005577087402, -4.586228370666504, -3.8767855167388916, 0.9125117063522339, 5.394984722137451, -5.024518013000488, -1.2524073123931885, -0.02650296688079834, -1.5168755054473877, 0.17230314016342163], [0.2597510814666748, -0.7195139527320862, -0.5527459979057312, -2.9647138118743896, -0.32475149631500244, 1.639638066291809, -1.6202867031097412, 1.1770018339157104, 17.69440269470215, 4.262709140777588, 5.422550201416016, -3.0812430381774902, -7.4886698722839355, 4.996888160705566, 1.825095772743225, -3.8097338676452637, -5.555665969848633, 1.3908867835998535, 1.3582234382629395, -0.5490475296974182, 3.345052719116211], [2.1720709800720215, -2.3650238513946533, 2.069416046142578, -2.2167751789093018, -6.226282119750977, 6.118786811828613, 4.731537342071533, 2.6556007862091064, 4.262709140777588, 16.118436813354492, -2.9641754627227783, 6.533539295196533, -1.7219704389572144, -2.5675032138824463, -8.50794792175293, 3.8084170818328857, -4.340043544769287, -0.14655408263206482, -4.2945356369018555, -5.228000164031982, 1.2826756238937378], [-2.9920496940612793, -7.6750288009643555, -1.1723073720932007, -6.394408226013184, -1.8238584995269775, -6.011232852935791, 8.059308052062988, 0.49636006355285645, 5.422550201416016, -2.9641754627227783, 30.16155242919922, 3.7285726070404053, -9.869504928588867, 10.718406677246094, 3.6331911087036133, -3.6688435077667236, -2.4659156799316406, 1.8185207843780518, -0.19518017768859863, -8.37491226196289, 9.040936470031738], [-0.5887352228164673, 2.17537522315979, -2.369731903076172, -2.3088808059692383, -4.7672119140625, -0.86698317527771, 8.72945785522461, 7.502005577087402, -3.0812430381774902, 6.533539295196533, 3.7285726070404053, 26.81106185913086, -7.734344482421875, -0.6109733581542969, 0.9041551947593689, 6.145975589752197, -5.987800121307373, 3.2928810119628906, -2.2954492568969727, -5.449298858642578, 5.582269191741943], [5.262017250061035, 9.47894287109375, -0.044245682656764984, -0.722209095954895, 1.6104536056518555, 1.9370787143707275, -7.390188694000244, -4.586228370666504, -7.4886698722839355, -1.7219704389572144, -9.869504928588867, -7.734344482421875, 42.97334671020508, -6.340687274932861, -7.508310794830322, 4.279869079589844, 5.419297218322754, 0.03735637664794922, -17.01042938232422, 7.947039604187012, -3.7058966159820557], [-5.176784992218018, -4.469520092010498, 0.9561283588409424, 2.572800636291504, 4.796279430389404, -7.159986972808838, 5.093152046203613, -3.8767855167388916, 4.996888160705566, -2.5675032138824463, 10.718406677246094, -0.6109733581542969, -6.340687274932861, 17.797151565551758, -3.935750722885132, -0.6561792492866516, 3.2717535495758057, 0.16577178239822388, 0.30006515979766846, 3.0853729248046875, 10.78009033203125], [-0.11468508094549179, 5.173465251922607, -4.260031223297119, -1.8803688287734985, 4.313538551330566, 2.402264356613159, 5.149887561798096, 0.9125117063522339, 1.825095772743225, -8.50794792175293, 3.6331911087036133, 0.9041551947593689, -7.508310794830322, -3.935750722885132, 28.89179229736328, -5.86474609375, 3.329282522201538, 3.160595655441284, 13.235986709594727, -1.5283331871032715, -3.7231521606445312], [-2.0685994625091553, 6.001052379608154, 4.784718036651611, -4.506605625152588, -3.970015048980713, 3.6270911693573, -7.415939807891846, 5.394984722137451, -3.8097338676452637, 3.8084170818328857, -3.6688435077667236, 6.145975589752197, 4.279869079589844, -0.6561792492866516, -5.86474609375, 24.931705474853516, -6.9305830001831055, -0.4214900732040405, 4.059305191040039, -8.467636108398438, 5.547109603881836], [-1.4507265090942383, 1.2432225942611694, 5.618779182434082, 2.088465690612793, 7.098345756530762, -4.532149791717529, 0.5260823369026184, -5.0245184898376465, -5.555665969848633, -4.340043067932129, -2.4659152030944824, -5.987800121307373, 5.419297218322754, 3.2717533111572266, 3.329281806945801, -6.9305830001831055, 34.755455017089844, 4.135768413543701, -3.4359607696533203, -6.8576178550720215, -0.4499650001525879], [-1.291224718093872, 1.3421603441238403, 2.1849591732025146, -2.5978150367736816, -0.04845930263400078, -1.9407422542572021, 0.41229185461997986, -1.252407193183899, 1.390886664390564, -0.146554097533226, 1.818519949913025, 3.2928805351257324, 0.03735671192407608, 0.1657719910144806, 3.1605961322784424, -0.42149004340171814, 4.135768413543701, 12.662689208984375, -3.586684226989746, -3.8293886184692383, 0.08717852830886841], [2.6905300617218018, -1.2357722520828247, -5.148423194885254, -1.8950762748718262, 5.811168193817139, 2.48252272605896, 1.6982576847076416, -0.026502853259444237, 1.3582236766815186, -4.294535160064697, -0.19518058001995087, -2.2954492568969727, -17.010427474975586, 0.300065279006958, 13.235989570617676, 4.059305667877197, -3.4359607696533203, -3.586684226989746, 32.93632507324219, -1.0534383058547974, -0.9992163181304932], [2.4978675842285156, 2.42771053314209, 3.5227115154266357, 3.9865269660949707, 6.794306755065918, -2.6064727306365967, 9.501007080078125, -1.5168750286102295, -0.5490478873252869, -5.228000164031982, -8.37491226196289, -5.4492998123168945, 7.947038650512695, 3.0853726863861084, -1.5283336639404297, -8.467635154724121, -6.8576178550720215, -3.8293886184692383, -1.0534383058547974, 39.04249572753906, -3.4154577255249023], [-1.9971694946289062, -4.062105655670166, -6.546115875244141, 1.818105936050415, -3.456465482711792, -4.90602970123291, -5.712718963623047, 0.1723027229309082, 3.34505295753479, 1.2826757431030273, 9.040936470031738, 5.582268714904785, -3.7058968544006348, 10.78009033203125, -3.723151922225952, 5.5471086502075195, -0.44996535778045654, 0.0871785581111908, -0.9992160797119141, -3.4154577255249023, 35.899986267089844]], "type": "heatmap"}], "layout": {"template": {"data": {"histogram2dcontour": [{"type": "histogram2dcontour", "colorbar": {"outlinewidth": 0, "ticks": ""}, "colorscale": [[0.0, "#0d0887"], [0.1111111111111111, "#46039f"], [0.2222222222222222, "#7201a8"], [0.3333333333333333, "#9c179e"], [0.4444444444444444, "#bd3786"], [0.5555555555555556, "#d8576b"], [0.6666666666666666, "#ed7953"], [0.7777777777777778, "#fb9f3a"], [0.8888888888888888, "#fdca26"], [1.0, "#f0f921"]]}], "choropleth": [{"type": "choropleth", "colorbar": {"outlinewidth": 0, "ticks": ""}}], "histogram2d": [{"type": "histogram2d", "colorbar": {"outlinewidth": 0, "ticks": ""}, "colorscale": [[0.0, "#0d0887"], [0.1111111111111111, "#46039f"], [0.2222222222222222, "#7201a8"], [0.3333333333333333, "#9c179e"], [0.4444444444444444, "#bd3786"], [0.5555555555555556, "#d8576b"], [0.6666666666666666, "#ed7953"], [0.7777777777777778, "#fb9f3a"], [0.8888888888888888, "#fdca26"], [1.0, "#f0f921"]]}], "heatmap": [{"type": "heatmap", "colorbar": {"outlinewidth": 0, "ticks": ""}, "colorscale": [[0.0, "#0d0887"], [0.1111111111111111, "#46039f"], [0.2222222222222222, "#7201a8"], [0.3333333333333333, "#9c179e"], [0.4444444444444444, "#bd3786"], [0.5555555555555556, "#d8576b"], [0.6666666666666666, "#ed7953"], [0.7777777777777778, "#fb9f3a"], [0.8888888888888888, "#fdca26"], [1.0, "#f0f921"]]}], "heatmapgl": [{"type": "heatmapgl", "colorbar": {"outlinewidth": 0, "ticks": ""}, "colorscale": [[0.0, "#0d0887"], [0.1111111111111111, "#46039f"], [0.2222222222222222, "#7201a8"], [0.3333333333333333, "#9c179e"], [0.4444444444444444, "#bd3786"], [0.5555555555555556, "#d8576b"], [0.6666666666666666, "#ed7953"], [0.7777777777777778, "#fb9f3a"], [0.8888888888888888, "#fdca26"], [1.0, "#f0f921"]]}], "contourcarpet": [{"type": "contourcarpet", "colorbar": {"outlinewidth": 0, "ticks": ""}}], "contour": [{"type": "contour", "colorbar": {"outlinewidth": 0, "ticks": ""}, "colorscale": [[0.0, "#0d0887"], [0.1111111111111111, "#46039f"], [0.2222222222222222, "#7201a8"], [0.3333333333333333, "#9c179e"], [0.4444444444444444, "#bd3786"], [0.5555555555555556, "#d8576b"], [0.6666666666666666, "#ed7953"], [0.7777777777777778, "#fb9f3a"], [0.8888888888888888, "#fdca26"], [1.0, "#f0f921"]]}], "surface": [{"type": "surface", "colorbar": {"outlinewidth": 0, "ticks": ""}, "colorscale": [[0.0, "#0d0887"], [0.1111111111111111, "#46039f"], [0.2222222222222222, "#7201a8"], [0.3333333333333333, "#9c179e"], [0.4444444444444444, "#bd3786"], [0.5555555555555556, "#d8576b"], [0.6666666666666666, "#ed7953"], [0.7777777777777778, "#fb9f3a"], [0.8888888888888888, "#fdca26"], [1.0, "#f0f921"]]}], "mesh3d": [{"type": "mesh3d", "colorbar": {"outlinewidth": 0, "ticks": ""}}], "scatter": [{"fillpattern": {"fillmode": "overlay", "size": 10, "solidity": 0.2}, "type": "scatter"}], "parcoords": [{"type": "parcoords", "line": {"colorbar": {"outlinewidth": 0, "ticks": ""}}}], "scatterpolargl": [{"type": "scatterpolargl", "marker": {"colorbar": {"outlinewidth": 0, "ticks": ""}}}], "bar": [{"error_x": {"color": "#2a3f5f"}, "error_y": {"color": "#2a3f5f"}, "marker": {"line": {"color": "#E5ECF6", "width": 0.5}, "pattern": {"fillmode": "overlay", "size": 10, "solidity": 0.2}}, "type": "bar"}], "scattergeo": [{"type": "scattergeo", "marker": {"colorbar": {"outlinewidth": 0, "ticks": ""}}}], "scatterpolar": [{"type": "scatterpolar", "marker": {"colorbar": {"outlinewidth": 0, "ticks": ""}}}], "histogram": [{"marker": {"pattern": {"fillmode": "overlay", "size": 10, "solidity": 0.2}}, "type": "histogram"}], "scattergl": [{"type": "scattergl", "marker": {"colorbar": {"outlinewidth": 0, "ticks": ""}}}], "scatter3d": [{"type": "scatter3d", "line": {"colorbar": {"outlinewidth": 0, "ticks": ""}}, "marker": {"colorbar": {"outlinewidth": 0, "ticks": ""}}}], "scattermapbox": [{"type": "scattermapbox", "marker": {"colorbar": {"outlinewidth": 0, "ticks": ""}}}], "scatterternary": [{"type": "scatterternary", "marker": {"colorbar": {"outlinewidth": 0, "ticks": ""}}}], "scattercarpet": [{"type": "scattercarpet", "marker": {"colorbar": {"outlinewidth": 0, "ticks": ""}}}], "carpet": [{"aaxis": {"endlinecolor": "#2a3f5f", "gridcolor": "white", "linecolor": "white", "minorgridcolor": "white", "startlinecolor": "#2a3f5f"}, "baxis": {"endlinecolor": "#2a3f5f", "gridcolor": "white", "linecolor": "white", "minorgridcolor": "white", "startlinecolor": "#2a3f5f"}, "type": "carpet"}], "table": [{"cells": {"fill": {"color": "#EBF0F8"}, "line": {"color": "white"}}, "header": {"fill": {"color": "#C8D4E3"}, "line": {"color": "white"}}, "type": "table"}], "barpolar": [{"marker": {"line": {"color": "#E5ECF6", "width": 0.5}, "pattern": {"fillmode": "overlay", "size": 10, "solidity": 0.2}}, "type": "barpolar"}], "pie": [{"automargin": true, "type": "pie"}]}, "layout": {"autotypenumbers": "strict", "colorway": ["#636efa", "#EF553B", "#00cc96", "#ab63fa", "#FFA15A", "#19d3f3", "#FF6692", "#B6E880", "#FF97FF", "#FECB52"], "font": {"color": "#2a3f5f"}, "hovermode": "closest", "hoverlabel": {"align": "left"}, "paper_bgcolor": "white", "plot_bgcolor": "#E5ECF6", "polar": {"bgcolor": "#E5ECF6", "angularaxis": {"gridcolor": "white", "linecolor": "white", "ticks": ""}, "radialaxis": {"gridcolor": "white", "linecolor": "white", "ticks": ""}}, "ternary": {"bgcolor": "#E5ECF6", "aaxis": {"gridcolor": "white", "linecolor": "white", "ticks": ""}, "baxis": {"gridcolor": "white", "linecolor": "white", "ticks": ""}, "caxis": {"gridcolor": "white", "linecolor": "white", "ticks": ""}}, "coloraxis": {"colorbar": {"outlinewidth": 0, "ticks": ""}}, "colorscale": {"sequential": [[0.0, "#0d0887"], [0.1111111111111111, "#46039f"], [0.2222222222222222, "#7201a8"], [0.3333333333333333, "#9c179e"], [0.4444444444444444, "#bd3786"], [0.5555555555555556, "#d8576b"], [0.6666666666666666, "#ed7953"], [0.7777777777777778, "#fb9f3a"], [0.8888888888888888, "#fdca26"], [1.0, "#f0f921"]], "sequentialminus": [[0.0, "#0d0887"], [0.1111111111111111, "#46039f"], [0.2222222222222222, "#7201a8"], [0.3333333333333333, "#9c179e"], [0.4444444444444444, "#bd3786"], [0.5555555555555556, "#d8576b"], [0.6666666666666666, "#ed7953"], [0.7777777777777778, "#fb9f3a"], [0.8888888888888888, "#fdca26"], [1.0, "#f0f921"]], "diverging": [[0, "#8e0152"], [0.1, "#c51b7d"], [0.2, "#de77ae"], [0.3, "#f1b6da"], [0.4, "#fde0ef"], [0.5, "#f7f7f7"], [0.6, "#e6f5d0"], [0.7, "#b8e186"], [0.8, "#7fbc41"], [0.9, "#4d9221"], [1, "#276419"]]}, "xaxis": {"gridcolor": "white", "linecolor": "white", "ticks": "", "title": {"standoff": 15}, "zerolinecolor": "white", "automargin": true, "zerolinewidth": 2}, "yaxis": {"gridcolor": "white", "linecolor": "white", "ticks": "", "title": {"standoff": 15}, "zerolinecolor": "white", "automargin": true, "zerolinewidth": 2}, "scene": {"xaxis": {"backgroundcolor": "#E5ECF6", "gridcolor": "white", "linecolor": "white", "showbackground": true, "ticks": "", "zerolinecolor": "white", "gridwidth": 2}, "yaxis": {"backgroundcolor": "#E5ECF6", "gridcolor": "white", "linecolor": "white", "showbackground": true, "ticks": "", "zerolinecolor": "white", "gridwidth": 2}, "zaxis": {"backgroundcolor": "#E5ECF6", "gridcolor": "white", "linecolor": "white", "showbackground": true, "ticks": "", "zerolinecolor": "white", "gridwidth": 2}}, "shapedefaults": {"line": {"color": "#2a3f5f"}}, "annotationdefaults": {"arrowcolor": "#2a3f5f", "arrowhead": 0, "arrowwidth": 1}, "geo": {"bgcolor": "white", "landcolor": "#E5ECF6", "subunitcolor": "white", "showland": true, "showlakes": true, "lakecolor": "white"}, "title": {"x": 0.05}, "mapbox": {"style": "light"}}}}}