{"data": [{"z": [[16.715579986572266, 2.7254161834716797, -5.3382439613342285, -1.9602371454238892, 3.4088830947875977, 3.015728235244751, 0.21987715363502502, 1.4085586071014404, 0.25379735231399536, 2.1380767822265625, -2.7786295413970947, -0.5107638835906982, 5.1924920082092285, -4.959202766418457, -0.04226241260766983, -1.9851047992706299, -1.32662832736969, -1.1291968822479248, 2.6425728797912598, 2.473783493041992, -1.9955757856369019], [2.7254161834716797, 20.640209197998047, 1.172412395477295, -6.1152215003967285, 2.9510867595672607, -3.50864577293396, -3.1839115619659424, 1.488716959953308, -0.6324461698532104, -2.2647440433502197, -7.620561122894287, 2.1891942024230957, 9.400398254394531, -4.302824974060059, 5.134216785430908, 5.950872421264648, 1.2784667015075684, 1.4168803691864014, -1.2075896263122559, 2.426520347595215, -3.998944044113159], [-5.3382439613342285, 1.172412395477295, 19.572715759277344, -4.5701117515563965, -0.06976240128278732, 0.36907511949539185, 3.666393518447876, 3.631664991378784, -0.4355263411998749, 2.1583046913146973, -1.218077301979065, -2.334923267364502, 0.04198427125811577, 1.0056887865066528, -4.253425121307373, 4.692476749420166, 5.588400840759277, 2.1967110633850098, -5.0807647705078125, 3.5691001415252686, -6.543694019317627], [-1.9602371454238892, -6.1152215003967285, -4.5701117515563965, 22.752227783203125, 1.125855803489685, -1.3720768690109253, -4.259214401245117, -5.323766231536865, -2.9688334465026855, -2.289781093597412, -6.228968620300293, -2.1567256450653076, -0.7493512630462646, 2.4737555980682373, -1.7517726421356201, -4.3720703125, 2.1382994651794434, -2.6204018592834473, -1.8089385032653809, 3.9288220405578613, 1.8269054889678955], [3.4088830947875977, 2.9510867595672607, -0.06976240128278732, 1.125855803489685, 19.546018600463867, 2.5615947246551514, 5.748565673828125, -5.683797836303711, -0.31522753834724426, -6.096473217010498, -1.743430733680725, -4.575315952301025, 1.580217957496643, 4.799580097198486, 4.308311462402344, -3.8943676948547363, 7.107767105102539, 0.013500571250915527, 5.84081506729126, 6.691195487976074, -3.4106552600860596], [3.015728235244751, -3.50864577293396, 0.36907511949539185, -1.3720768690109253, 2.5615947246551514, 20.401824951171875, 2.5390613079071045, 6.079179763793945, 1.5857571363449097, 6.078797817230225, -5.777870178222656, -0.8255985379219055, 1.9263995885849, -6.938414573669434, 2.4253134727478027, 3.5884814262390137, -4.325491905212402, -1.7811200618743896, 2.474250078201294, -2.502075672149658, -4.883072376251221], [0.21987715363502502, -3.1839115619659424, 3.666393518447876, -4.259214401245117, 5.748565673828125, 2.5390613079071045, 33.39592361450195, -3.5205931663513184, -1.5041955709457397, 4.758937358856201, 7.890276908874512, 8.6273832321167, -7.215965270996094, 5.008296966552734, 5.03451681137085, -7.395970821380615, 0.5504670143127441, 0.44158196449279785, 1.693436861038208, 9.506914138793945, -5.696266174316406], [1.4085586071014404, 1.488716959953308, 3.631664991378784, -5.323766231536865, -5.683797836303711, 6.079179763793945, -3.5205931663513184, 19.197439193725586, 1.2032538652420044, 2.670045852661133, 0.4395391345024109, 7.329312324523926, -4.359567165374756, -3.764129638671875, 0.9455015063285828, 5.344137668609619, -4.873272895812988, -1.1540162563323975, -0.018293321132659912, -1.3000867366790771, 0.15846765041351318], [0.25379735231399536, -0.6324461698532104, -0.4355263411998749, -2.9688334465026855, -0.31522753834724426, 1.5857571363449097, -1.5041955709457397, 1.2032538652420044, 17.421716690063477, 4.213123321533203, 5.527003765106201, -2.974755048751831, -7.318631649017334, 5.036079406738281, 1.9009658098220825, -3.725752115249634, -5.380148887634277, 1.4412152767181396, 1.39385986328125, -0.5166113376617432, 3.306461811065674], [2.1380767822265625, -2.2647440433502197, 2.1583046913146973, -2.289781093597412, -6.096473217010498, 6.078797817230225, 4.758937358856201, 2.670045852661133, 4.213123321533203, 15.91476821899414, -2.9164910316467285, 6.447909355163574, -1.654463529586792, -2.367906332015991, -8.307517051696777, 3.8229570388793945, -4.182015419006348, -0.005998730659484863, -4.3636674880981445, -4.986542224884033, 1.3178138732910156], [-2.7786295413970947, -7.620561122894287, -1.218077301979065, -6.228968620300293, -1.743430733680725, -5.777870178222656, 7.890276908874512, 0.4395391345024109, 5.527003765106201, -2.9164910316467285, 29.744943618774414, 3.5724992752075195, -9.661985397338867, 10.459295272827148, 3.5829524993896484, -3.7069172859191895, -2.43770170211792, 1.7453240156173706, -0.20499539375305176, -8.181288719177246, 9.001980781555176], [-0.5107638835906982, 2.1891942024230957, -2.334923267364502, -2.1567256450653076, -4.575315952301025, -0.8255985379219055, 8.6273832321167, 7.329312324523926, -2.974755048751831, 6.447909355163574, 3.5724992752075195, 26.409107208251953, -7.521557807922363, -0.5902990698814392, 0.8856514692306519, 6.0292840003967285, -5.8909077644348145, 3.2567570209503174, -2.308708667755127, -5.155431747436523, 5.502567768096924], [5.1924920082092285, 9.400398254394531, 0.04198427125811577, -0.7493512630462646, 1.580217957496643, 1.9263995885849, -7.215965270996094, -4.359567165374756, -7.318631649017334, -1.654463529586792, -9.661985397338867, -7.521557807922363, 42.44046401977539, -6.167263984680176, -7.4648613929748535, 4.3338398933410645, 5.44175386428833, 0.15939784049987793, -16.791439056396484, 7.879032135009766, -3.662135601043701], [-4.959202766418457, -4.302824974060059, 1.0056887865066528, 2.4737555980682373, 4.799580097198486, -6.938414573669434, 5.008296966552734, -3.764129638671875, 5.036079406738281, -2.367906332015991, 10.459295272827148, -0.5902990698814392, -6.167263984680176, 17.404333114624023, -3.8334238529205322, -0.6788676977157593, 3.221656084060669, 0.12710541486740112, 0.2911573648452759, 3.0922152996063232, 10.631035804748535], [-0.04226241260766983, 5.134216785430908, -4.253425121307373, -1.7517726421356201, 4.308311462402344, 2.4253134727478027, 5.03451681137085, 0.9455015063285828, 1.9009658098220825, -8.307517051696777, 3.5829524993896484, 0.8856514692306519, -7.4648613929748535, -3.8334238529205322, 28.68781089782715, -5.868930339813232, 3.3632700443267822, 3.248577833175659, 13.15169620513916, -1.4411530494689941, -3.722391366958618], [-1.9851047992706299, 5.950872421264648, 4.692476749420166, -4.3720703125, -3.8943676948547363, 3.5884814262390137, -7.395970821380615, 5.344137668609619, -3.725752115249634, 3.8229570388793945, -3.7069172859191895, 6.0292840003967285, 4.3338398933410645, -0.6788676977157593, -5.868930339813232, 24.734529495239258, -6.821013450622559, -0.3737339377403259, 4.012639045715332, -8.271441459655762, 5.515525817871094], [-1.3266282081604004, 1.2784672975540161, 5.588400840759277, 2.138298988342285, 7.107767581939697, -4.325491428375244, 0.5504664182662964, -4.873272895812988, -5.380147933959961, -4.182015895843506, -2.437702178955078, -5.8909077644348145, 5.441753387451172, 3.2216556072235107, 3.363269329071045, -6.821013450622559, 34.31332015991211, 4.0596818923950195, -3.228663444519043, -6.707647323608398, -0.5133864879608154], [-1.1291966438293457, 1.416880488395691, 2.1967110633850098, -2.620401620864868, 0.013500036671757698, -1.7811200618743896, 0.4415817856788635, -1.1540164947509766, 1.4412156343460083, -0.005999063607305288, 1.745323657989502, 3.2567570209503174, 0.15939727425575256, 0.1271052360534668, 3.24857759475708, -0.37373408675193787, 4.0596818923950195, 12.548327445983887, -3.468264102935791, -3.644453525543213, 0.027285754680633545], [2.642573356628418, -1.2075897455215454, -5.080764293670654, -1.8089390993118286, 5.84081506729126, 2.474250078201294, 1.6934367418289185, -0.01829340308904648, 1.393859624862671, -4.363667964935303, -0.20499546825885773, -2.308708906173706, -16.791440963745117, 0.291157603263855, 13.151697158813477, 4.01263952255249, -3.228663444519043, -3.468264102935791, 32.64413833618164, -0.9689700603485107, -0.9856616258621216], [2.4737837314605713, 2.4265213012695312, 3.5691001415252686, 3.9288225173950195, 6.691195487976074, -2.502075672149658, 9.506913185119629, -1.3000868558883667, -0.5166110396385193, -4.986542224884033, -8.181286811828613, -5.155431747436523, 7.879030704498291, 3.092214584350586, -1.4411534070968628, -8.271441459655762, -6.707647323608398, -3.644453525543213, -0.9689700603485107, 38.61621856689453, -3.3628408908843994], [-1.9955754280090332, -3.9989447593688965, -6.5436930656433105, 1.8269058465957642, -3.4106550216674805, -4.883072853088379, -5.696265697479248, 0.15846753120422363, 3.3064615726470947, 1.3178141117095947, 9.00197982788086, 5.502567291259766, -3.662135362625122, 10.631036758422852, -3.7223916053771973, 5.515524864196777, -0.5133862495422363, 0.02728581428527832, -0.9856622219085693, -3.362839698791504, 35.899986267089844]], "type": "heatmap"}], "layout": {"template": {"data": {"histogram2dcontour": [{"type": "histogram2dcontour", "colorbar": {"outlinewidth": 0, "ticks": ""}, "colorscale": [[0.0, "#0d0887"], [0.1111111111111111, "#46039f"], [0.2222222222222222, "#7201a8"], [0.3333333333333333, "#9c179e"], [0.4444444444444444, "#bd3786"], [0.5555555555555556, "#d8576b"], [0.6666666666666666, "#ed7953"], [0.7777777777777778, "#fb9f3a"], [0.8888888888888888, "#fdca26"], [1.0, "#f0f921"]]}], "choropleth": [{"type": "choropleth", "colorbar": {"outlinewidth": 0, "ticks": ""}}], "histogram2d": [{"type": "histogram2d", "colorbar": {"outlinewidth": 0, "ticks": ""}, "colorscale": [[0.0, "#0d0887"], [0.1111111111111111, "#46039f"], [0.2222222222222222, "#7201a8"], [0.3333333333333333, "#9c179e"], [0.4444444444444444, "#bd3786"], [0.5555555555555556, "#d8576b"], [0.6666666666666666, "#ed7953"], [0.7777777777777778, "#fb9f3a"], [0.8888888888888888, "#fdca26"], [1.0, "#f0f921"]]}], "heatmap": [{"type": "heatmap", "colorbar": {"outlinewidth": 0, "ticks": ""}, "colorscale": [[0.0, "#0d0887"], [0.1111111111111111, "#46039f"], [0.2222222222222222, "#7201a8"], [0.3333333333333333, "#9c179e"], [0.4444444444444444, "#bd3786"], [0.5555555555555556, "#d8576b"], [0.6666666666666666, "#ed7953"], [0.7777777777777778, "#fb9f3a"], [0.8888888888888888, "#fdca26"], [1.0, "#f0f921"]]}], "heatmapgl": [{"type": "heatmapgl", "colorbar": {"outlinewidth": 0, "ticks": ""}, "colorscale": [[0.0, "#0d0887"], [0.1111111111111111, "#46039f"], [0.2222222222222222, "#7201a8"], [0.3333333333333333, "#9c179e"], [0.4444444444444444, "#bd3786"], [0.5555555555555556, "#d8576b"], [0.6666666666666666, "#ed7953"], [0.7777777777777778, "#fb9f3a"], [0.8888888888888888, "#fdca26"], [1.0, "#f0f921"]]}], "contourcarpet": [{"type": "contourcarpet", "colorbar": {"outlinewidth": 0, "ticks": ""}}], "contour": [{"type": "contour", "colorbar": {"outlinewidth": 0, "ticks": ""}, "colorscale": [[0.0, "#0d0887"], [0.1111111111111111, "#46039f"], [0.2222222222222222, "#7201a8"], [0.3333333333333333, "#9c179e"], [0.4444444444444444, "#bd3786"], [0.5555555555555556, "#d8576b"], [0.6666666666666666, "#ed7953"], [0.7777777777777778, "#fb9f3a"], [0.8888888888888888, "#fdca26"], [1.0, "#f0f921"]]}], "surface": [{"type": "surface", "colorbar": {"outlinewidth": 0, "ticks": ""}, "colorscale": [[0.0, "#0d0887"], [0.1111111111111111, "#46039f"], [0.2222222222222222, "#7201a8"], [0.3333333333333333, "#9c179e"], [0.4444444444444444, "#bd3786"], [0.5555555555555556, "#d8576b"], [0.6666666666666666, "#ed7953"], [0.7777777777777778, "#fb9f3a"], [0.8888888888888888, "#fdca26"], [1.0, "#f0f921"]]}], "mesh3d": [{"type": "mesh3d", "colorbar": {"outlinewidth": 0, "ticks": ""}}], "scatter": [{"fillpattern": {"fillmode": "overlay", "size": 10, "solidity": 0.2}, "type": "scatter"}], "parcoords": [{"type": "parcoords", "line": {"colorbar": {"outlinewidth": 0, "ticks": ""}}}], "scatterpolargl": [{"type": "scatterpolargl", "marker": {"colorbar": {"outlinewidth": 0, "ticks": ""}}}], "bar": [{"error_x": {"color": "#2a3f5f"}, "error_y": {"color": "#2a3f5f"}, "marker": {"line": {"color": "#E5ECF6", "width": 0.5}, "pattern": {"fillmode": "overlay", "size": 10, "solidity": 0.2}}, "type": "bar"}], "scattergeo": [{"type": "scattergeo", "marker": {"colorbar": {"outlinewidth": 0, "ticks": ""}}}], "scatterpolar": [{"type": "scatterpolar", "marker": {"colorbar": {"outlinewidth": 0, "ticks": ""}}}], "histogram": [{"marker": {"pattern": {"fillmode": "overlay", "size": 10, "solidity": 0.2}}, "type": "histogram"}], "scattergl": [{"type": "scattergl", "marker": {"colorbar": {"outlinewidth": 0, "ticks": ""}}}], "scatter3d": [{"type": "scatter3d", "line": {"colorbar": {"outlinewidth": 0, "ticks": ""}}, "marker": {"colorbar": {"outlinewidth": 0, "ticks": ""}}}], "scattermapbox": [{"type": "scattermapbox", "marker": {"colorbar": {"outlinewidth": 0, "ticks": ""}}}], "scatterternary": [{"type": "scatterternary", "marker": {"colorbar": {"outlinewidth": 0, "ticks": ""}}}], "scattercarpet": [{"type": "scattercarpet", "marker": {"colorbar": {"outlinewidth": 0, "ticks": ""}}}], "carpet": [{"aaxis": {"endlinecolor": "#2a3f5f", "gridcolor": "white", "linecolor": "white", "minorgridcolor": "white", "startlinecolor": "#2a3f5f"}, "baxis": {"endlinecolor": "#2a3f5f", "gridcolor": "white", "linecolor": "white", "minorgridcolor": "white", "startlinecolor": "#2a3f5f"}, "type": "carpet"}], "table": [{"cells": {"fill": {"color": "#EBF0F8"}, "line": {"color": "white"}}, "header": {"fill": {"color": "#C8D4E3"}, "line": {"color": "white"}}, "type": "table"}], "barpolar": [{"marker": {"line": {"color": "#E5ECF6", "width": 0.5}, "pattern": {"fillmode": "overlay", "size": 10, "solidity": 0.2}}, "type": "barpolar"}], "pie": [{"automargin": true, "type": "pie"}]}, "layout": {"autotypenumbers": "strict", "colorway": ["#636efa", "#EF553B", "#00cc96", "#ab63fa", "#FFA15A", "#19d3f3", "#FF6692", "#B6E880", "#FF97FF", "#FECB52"], "font": {"color": "#2a3f5f"}, "hovermode": "closest", "hoverlabel": {"align": "left"}, "paper_bgcolor": "white", "plot_bgcolor": "#E5ECF6", "polar": {"bgcolor": "#E5ECF6", "angularaxis": {"gridcolor": "white", "linecolor": "white", "ticks": ""}, "radialaxis": {"gridcolor": "white", "linecolor": "white", "ticks": ""}}, "ternary": {"bgcolor": "#E5ECF6", "aaxis": {"gridcolor": "white", "linecolor": "white", "ticks": ""}, "baxis": {"gridcolor": "white", "linecolor": "white", "ticks": ""}, "caxis": {"gridcolor": "white", "linecolor": "white", "ticks": ""}}, "coloraxis": {"colorbar": {"outlinewidth": 0, "ticks": ""}}, "colorscale": {"sequential": [[0.0, "#0d0887"], [0.1111111111111111, "#46039f"], [0.2222222222222222, "#7201a8"], [0.3333333333333333, "#9c179e"], [0.4444444444444444, "#bd3786"], [0.5555555555555556, "#d8576b"], [0.6666666666666666, "#ed7953"], [0.7777777777777778, "#fb9f3a"], [0.8888888888888888, "#fdca26"], [1.0, "#f0f921"]], "sequentialminus": [[0.0, "#0d0887"], [0.1111111111111111, "#46039f"], [0.2222222222222222, "#7201a8"], [0.3333333333333333, "#9c179e"], [0.4444444444444444, "#bd3786"], [0.5555555555555556, "#d8576b"], [0.6666666666666666, "#ed7953"], [0.7777777777777778, "#fb9f3a"], [0.8888888888888888, "#fdca26"], [1.0, "#f0f921"]], "diverging": [[0, "#8e0152"], [0.1, "#c51b7d"], [0.2, "#de77ae"], [0.3, "#f1b6da"], [0.4, "#fde0ef"], [0.5, "#f7f7f7"], [0.6, "#e6f5d0"], [0.7, "#b8e186"], [0.8, "#7fbc41"], [0.9, "#4d9221"], [1, "#276419"]]}, "xaxis": {"gridcolor": "white", "linecolor": "white", "ticks": "", "title": {"standoff": 15}, "zerolinecolor": "white", "automargin": true, "zerolinewidth": 2}, "yaxis": {"gridcolor": "white", "linecolor": "white", "ticks": "", "title": {"standoff": 15}, "zerolinecolor": "white", "automargin": true, "zerolinewidth": 2}, "scene": {"xaxis": {"backgroundcolor": "#E5ECF6", "gridcolor": "white", "linecolor": "white", "showbackground": true, "ticks": "", "zerolinecolor": "white", "gridwidth": 2}, "yaxis": {"backgroundcolor": "#E5ECF6", "gridcolor": "white", "linecolor": "white", "showbackground": true, "ticks": "", "zerolinecolor": "white", "gridwidth": 2}, "zaxis": {"backgroundcolor": "#E5ECF6", "gridcolor": "white", "linecolor": "white", "showbackground": true, "ticks": "", "zerolinecolor": "white", "gridwidth": 2}}, "shapedefaults": {"line": {"color": "#2a3f5f"}}, "annotationdefaults": {"arrowcolor": "#2a3f5f", "arrowhead": 0, "arrowwidth": 1}, "geo": {"bgcolor": "white", "landcolor": "#E5ECF6", "subunitcolor": "white", "showland": true, "showlakes": true, "lakecolor": "white"}, "title": {"x": 0.05}, "mapbox": {"style": "light"}}}}}