{"data": [{"z": [[16.74460220336914, 2.7052512168884277, -5.375303745269775, -1.9552693367004395, 3.3963067531585693, 3.0158627033233643, 0.1919659972190857, 1.3843731880187988, 0.23605073988437653, 2.126944065093994, -2.8249640464782715, -0.5406973361968994, 5.186997890472412, -5.006393909454346, -0.06510704010725021, -2.0167932510375977, -1.3661482334136963, -1.1734064817428589, 2.63704252243042, 2.463995933532715, -2.007614850997925], [2.7052512168884277, 20.659807205200195, 1.1703065633773804, -6.146858215332031, 2.9446499347686768, -3.528650999069214, -3.180387496948242, 1.4807814359664917, -0.6574627161026001, -2.2848713397979736, -7.630537986755371, 2.186831474304199, 9.395819664001465, -4.329153537750244, 5.131619453430176, 5.950615882873535, 1.2658638954162598, 1.3980274200439453, -1.2117537260055542, 2.407803535461426, -4.003758907318115], [-5.375303745269775, 1.1703065633773804, 19.582353591918945, -4.602545261383057, -0.07980120182037354, 0.34557369351387024, 3.682300329208374, 3.61872935295105, -0.46557462215423584, 2.136753559112549, -1.2120544910430908, -2.3379592895507812, 0.013987045735120773, 0.996955394744873, -4.260763645172119, 4.691563606262207, 5.578900337219238, 2.1875901222229004, -5.098282814025879, 3.5417771339416504, -6.541603088378906], [-1.9552693367004395, -6.146858215332031, -4.602545261383057, 22.763212203979492, 1.1170742511749268, -1.371777892112732, -4.284412860870361, -5.363766193389893, -2.9702510833740234, -2.2874326705932617, -6.2613959312438965, -2.187843084335327, -0.747889518737793, 2.471902370452881, -1.776713490486145, -4.410160064697266, 2.126469135284424, -2.6364052295684814, -1.8306422233581543, 3.9374852180480957, 1.821665644645691], [3.3963067531585693, 2.9446499347686768, -0.07980120182037354, 1.1170742511749268, 19.563146591186523, 2.5493125915527344, 5.751684665679932, -5.721614837646484, -0.3320419192314148, -6.119499683380127, -1.7611807584762573, -4.60697603225708, 1.5728944540023804, 4.791065216064453, 4.3003129959106445, -3.9160125255584717, 7.091439247131348, -0.006423473358154297, 5.830338954925537, 6.688709259033203, -3.4163401126861572], [3.0158627033233643, -3.528650999069214, 0.34557369351387024, -1.371777892112732, 2.5493125915527344, 20.425920486450195, 2.5182924270629883, 6.068277359008789, 1.5718897581100464, 6.073239803314209, -5.820588111877441, -0.8421086072921753, 1.9151408672332764, -6.982699394226074, 2.411656379699707, 3.5789105892181396, -4.372411727905273, -1.8160210847854614, 2.469860315322876, -2.526116371154785, -4.893217086791992], [0.1919659972190857, -3.180387496948242, 3.682300329208374, -4.284412860870361, 5.751684665679932, 2.5182924270629883, 33.43248748779297, -3.5204102993011475, -1.5271366834640503, 4.75119686126709, 7.9158148765563965, 8.643223762512207, -7.2462897300720215, 5.021547317504883, 5.046027183532715, -7.389729976654053, 0.5474262237548828, 0.4409463405609131, 1.688068151473999, 9.492927551269531, -5.6929545402526855], [1.3843731880187988, 1.4807814359664917, 3.61872935295105, -5.363766193389893, -5.721614837646484, 6.068277359008789, -3.5204102993011475, 19.21031951904297, 1.1689956188201904, 2.6539597511291504, 0.43925777077674866, 7.347659111022949, -4.408004283905029, -3.800135374069214, 0.9326708316802979, 5.33994197845459, -4.917793273925781, -1.1840317249298096, -0.02587437629699707, -1.353398084640503, 0.1513833999633789], [0.23605073988437653, -0.6574627161026001, -0.46557462215423584, -2.9702510833740234, -0.3320419192314148, 1.5718897581100464, -1.5271366834640503, 1.1689956188201904, 17.427291870117188, 4.204955101013184, 5.490462303161621, -3.008833646774292, -7.349335193634033, 5.012521743774414, 1.8731639385223389, -3.761483907699585, -5.427138328552246, 1.407589316368103, 1.3726134300231934, -0.5350888967514038, 3.2982122898101807], [2.126944065093994, -2.2848713397979736, 2.136753559112549, -2.2874326705932617, -6.119499683380127, 6.073239803314209, 4.75119686126709, 2.6539597511291504, 4.204955101013184, 15.920125961303711, -2.936363458633423, 6.442690849304199, -1.681990146636963, -2.400744915008545, -8.334383964538574, 3.799229621887207, -4.206161022186279, -0.032768815755844116, -4.368372440338135, -5.026820182800293, 1.3054521083831787], [-2.8249640464782715, -7.630537986755371, -1.2120544910430908, -6.2613959312438965, -1.7611807584762573, -5.820588111877441, 7.9158148765563965, 0.43925777077674866, 5.490462303161621, -2.936363458633423, 29.792089462280273, 3.590526819229126, -9.709741592407227, 10.478464126586914, 3.583545207977295, -3.7081048488616943, -2.4462897777557373, 1.7443740367889404, -0.21078205108642578, -8.222708702087402, 9.000492095947266], [-0.5406973361968994, 2.186831474304199, -2.3379592895507812, -2.187843084335327, -4.60697603225708, -0.8421086072921753, 8.643223762512207, 7.347659111022949, -3.008833646774292, 6.442690849304199, 3.590526819229126, 26.459712982177734, -7.564006805419922, -0.6093535423278809, 0.8818314671516418, 6.037383079528809, -5.9188737869262695, 3.2485451698303223, -2.312739372253418, -5.21655797958374, 5.4985857009887695], [5.186997890472412, 9.395819664001465, 0.013987045735120773, -0.747889518737793, 1.5728944540023804, 1.9151408672332764, -7.2462897300720215, -4.408004283905029, -7.349335193634033, -1.681990146636963, -9.709741592407227, -7.564006805419922, 42.484779357910156, -6.209822654724121, -7.4846954345703125, 4.309317111968994, 5.421872615814209, 0.12644076347351074, -16.823556900024414, 7.875655651092529, -3.670022964477539], [-5.006393909454346, -4.329153537750244, 0.996955394744873, 2.471902370452881, 4.791065216064453, -6.982699394226074, 5.021547317504883, -3.800135374069214, 5.012521743774414, -2.400744915008545, 10.478464126586914, -0.6093535423278809, -6.209822654724121, 17.439863204956055, -3.8540241718292236, -0.7027550339698792, 3.217111110687256, 0.11928611993789673, 0.27250945568084717, 3.073561668395996, 10.643636703491211], [-0.06510704010725021, 5.131619453430176, -4.260763645172119, -1.776713490486145, 4.3003129959106445, 2.411656379699707, 5.046027183532715, 0.9326708316802979, 1.8731639385223389, -8.334383964538574, 3.583545207977295, 0.8818314671516418, -7.4846954345703125, -3.8540241718292236, 28.69912338256836, -5.874329566955566, 3.341134548187256, 3.226689577102661, 13.151965141296387, -1.4680819511413574, -3.725872278213501], [-2.0167932510375977, 5.950615882873535, 4.691563606262207, -4.410160064697266, -3.9160125255584717, 3.5789105892181396, -7.389729976654053, 5.33994197845459, -3.761483907699585, 3.799229621887207, -3.7081048488616943, 6.037383079528809, 4.309317111968994, -0.7027550339698792, -5.874329566955566, 24.74427032470703, -6.856821537017822, -0.39570337533950806, 4.012723922729492, -8.318246841430664, 5.5116705894470215], [-1.3661481142044067, 1.2658631801605225, 5.578900337219238, 2.126469612121582, 7.091440200805664, -4.372411727905273, 0.5474259257316589, -4.917792797088623, -5.427138805389404, -4.206160545349121, -2.4462900161743164, -5.918874263763428, 5.421873092651367, 3.217111110687256, 3.3411355018615723, -6.8568220138549805, 34.34546661376953, 4.050479412078857, -3.265944004058838, -6.745124816894531, -0.5142102241516113], [-1.1734066009521484, 1.398026943206787, 2.1875905990600586, -2.6364054679870605, -0.006423680577427149, -1.8160206079483032, 0.44094613194465637, -1.1840317249298096, 1.4075891971588135, -0.03276867792010307, 1.7443735599517822, 3.2485458850860596, 0.12644068896770477, 0.11928612738847733, 3.2266900539398193, -0.39570340514183044, 4.050479412078857, 12.544771194458008, -3.495778799057007, -3.6942219734191895, 0.025325000286102295], [2.6370434761047363, -1.2117539644241333, -5.098282337188721, -1.8306419849395752, 5.830340385437012, 2.469860315322876, 1.6880686283111572, -0.025874607264995575, 1.3726140260696411, -4.368372440338135, -0.2107817828655243, -2.312739133834839, -16.823556900024414, 0.2725098431110382, 13.15196418762207, 4.012723445892334, -3.265944004058838, -3.495778799057007, 32.66510772705078, -0.9925699234008789, -0.9870650768280029], [2.463995933532715, 2.407804250717163, 3.541776418685913, 3.937485456466675, 6.688709259033203, -2.526116371154785, 9.492926597595215, -1.353398084640503, -0.5350891351699829, -5.026819705963135, -8.222709655761719, -5.216557502746582, 7.875655651092529, 3.0735621452331543, -1.4680819511413574, -8.31824779510498, -6.745124816894531, -3.6942219734191895, -0.9925699234008789, 38.65061950683594, -3.371396064758301], [-2.007614850997925, -4.003759384155273, -6.541604042053223, 1.82166588306427, -3.4163403511047363, -4.893217086791992, -5.6929545402526855, 0.151383638381958, 3.2982125282287598, 1.3054521083831787, 9.00049114227295, 5.4985857009887695, -3.67002272605896, 10.643636703491211, -3.725872039794922, 5.511670112609863, -0.5142099857330322, 0.025325000286102295, -0.9870655536651611, -3.371396064758301, 35.899986267089844]], "type": "heatmap"}], "layout": {"template": {"data": {"histogram2dcontour": [{"type": "histogram2dcontour", "colorbar": {"outlinewidth": 0, "ticks": ""}, "colorscale": [[0.0, "#0d0887"], [0.1111111111111111, "#46039f"], [0.2222222222222222, "#7201a8"], [0.3333333333333333, "#9c179e"], [0.4444444444444444, "#bd3786"], [0.5555555555555556, "#d8576b"], [0.6666666666666666, "#ed7953"], [0.7777777777777778, "#fb9f3a"], [0.8888888888888888, "#fdca26"], [1.0, "#f0f921"]]}], "choropleth": [{"type": "choropleth", "colorbar": {"outlinewidth": 0, "ticks": ""}}], "histogram2d": [{"type": "histogram2d", "colorbar": {"outlinewidth": 0, "ticks": ""}, "colorscale": [[0.0, "#0d0887"], [0.1111111111111111, "#46039f"], [0.2222222222222222, "#7201a8"], [0.3333333333333333, "#9c179e"], [0.4444444444444444, "#bd3786"], [0.5555555555555556, "#d8576b"], [0.6666666666666666, "#ed7953"], [0.7777777777777778, "#fb9f3a"], [0.8888888888888888, "#fdca26"], [1.0, "#f0f921"]]}], "heatmap": [{"type": "heatmap", "colorbar": {"outlinewidth": 0, "ticks": ""}, "colorscale": [[0.0, "#0d0887"], [0.1111111111111111, "#46039f"], [0.2222222222222222, "#7201a8"], [0.3333333333333333, "#9c179e"], [0.4444444444444444, "#bd3786"], [0.5555555555555556, "#d8576b"], [0.6666666666666666, "#ed7953"], [0.7777777777777778, "#fb9f3a"], [0.8888888888888888, "#fdca26"], [1.0, "#f0f921"]]}], "heatmapgl": [{"type": "heatmapgl", "colorbar": {"outlinewidth": 0, "ticks": ""}, "colorscale": [[0.0, "#0d0887"], [0.1111111111111111, "#46039f"], [0.2222222222222222, "#7201a8"], [0.3333333333333333, "#9c179e"], [0.4444444444444444, "#bd3786"], [0.5555555555555556, "#d8576b"], [0.6666666666666666, "#ed7953"], [0.7777777777777778, "#fb9f3a"], [0.8888888888888888, "#fdca26"], [1.0, "#f0f921"]]}], "contourcarpet": [{"type": "contourcarpet", "colorbar": {"outlinewidth": 0, "ticks": ""}}], "contour": [{"type": "contour", "colorbar": {"outlinewidth": 0, "ticks": ""}, "colorscale": [[0.0, "#0d0887"], [0.1111111111111111, "#46039f"], [0.2222222222222222, "#7201a8"], [0.3333333333333333, "#9c179e"], [0.4444444444444444, "#bd3786"], [0.5555555555555556, "#d8576b"], [0.6666666666666666, "#ed7953"], [0.7777777777777778, "#fb9f3a"], [0.8888888888888888, "#fdca26"], [1.0, "#f0f921"]]}], "surface": [{"type": "surface", "colorbar": {"outlinewidth": 0, "ticks": ""}, "colorscale": [[0.0, "#0d0887"], [0.1111111111111111, "#46039f"], [0.2222222222222222, "#7201a8"], [0.3333333333333333, "#9c179e"], [0.4444444444444444, "#bd3786"], [0.5555555555555556, "#d8576b"], [0.6666666666666666, "#ed7953"], [0.7777777777777778, "#fb9f3a"], [0.8888888888888888, "#fdca26"], [1.0, "#f0f921"]]}], "mesh3d": [{"type": "mesh3d", "colorbar": {"outlinewidth": 0, "ticks": ""}}], "scatter": [{"fillpattern": {"fillmode": "overlay", "size": 10, "solidity": 0.2}, "type": "scatter"}], "parcoords": [{"type": "parcoords", "line": {"colorbar": {"outlinewidth": 0, "ticks": ""}}}], "scatterpolargl": [{"type": "scatterpolargl", "marker": {"colorbar": {"outlinewidth": 0, "ticks": ""}}}], "bar": [{"error_x": {"color": "#2a3f5f"}, "error_y": {"color": "#2a3f5f"}, "marker": {"line": {"color": "#E5ECF6", "width": 0.5}, "pattern": {"fillmode": "overlay", "size": 10, "solidity": 0.2}}, "type": "bar"}], "scattergeo": [{"type": "scattergeo", "marker": {"colorbar": {"outlinewidth": 0, "ticks": ""}}}], "scatterpolar": [{"type": "scatterpolar", "marker": {"colorbar": {"outlinewidth": 0, "ticks": ""}}}], "histogram": [{"marker": {"pattern": {"fillmode": "overlay", "size": 10, "solidity": 0.2}}, "type": "histogram"}], "scattergl": [{"type": "scattergl", "marker": {"colorbar": {"outlinewidth": 0, "ticks": ""}}}], "scatter3d": [{"type": "scatter3d", "line": {"colorbar": {"outlinewidth": 0, "ticks": ""}}, "marker": {"colorbar": {"outlinewidth": 0, "ticks": ""}}}], "scattermapbox": [{"type": "scattermapbox", "marker": {"colorbar": {"outlinewidth": 0, "ticks": ""}}}], "scatterternary": [{"type": "scatterternary", "marker": {"colorbar": {"outlinewidth": 0, "ticks": ""}}}], "scattercarpet": [{"type": "scattercarpet", "marker": {"colorbar": {"outlinewidth": 0, "ticks": ""}}}], "carpet": [{"aaxis": {"endlinecolor": "#2a3f5f", "gridcolor": "white", "linecolor": "white", "minorgridcolor": "white", "startlinecolor": "#2a3f5f"}, "baxis": {"endlinecolor": "#2a3f5f", "gridcolor": "white", "linecolor": "white", "minorgridcolor": "white", "startlinecolor": "#2a3f5f"}, "type": "carpet"}], "table": [{"cells": {"fill": {"color": "#EBF0F8"}, "line": {"color": "white"}}, "header": {"fill": {"color": "#C8D4E3"}, "line": {"color": "white"}}, "type": "table"}], "barpolar": [{"marker": {"line": {"color": "#E5ECF6", "width": 0.5}, "pattern": {"fillmode": "overlay", "size": 10, "solidity": 0.2}}, "type": "barpolar"}], "pie": [{"automargin": true, "type": "pie"}]}, "layout": {"autotypenumbers": "strict", "colorway": ["#636efa", "#EF553B", "#00cc96", "#ab63fa", "#FFA15A", "#19d3f3", "#FF6692", "#B6E880", "#FF97FF", "#FECB52"], "font": {"color": "#2a3f5f"}, "hovermode": "closest", "hoverlabel": {"align": "left"}, "paper_bgcolor": "white", "plot_bgcolor": "#E5ECF6", "polar": {"bgcolor": "#E5ECF6", "angularaxis": {"gridcolor": "white", "linecolor": "white", "ticks": ""}, "radialaxis": {"gridcolor": "white", "linecolor": "white", "ticks": ""}}, "ternary": {"bgcolor": "#E5ECF6", "aaxis": {"gridcolor": "white", "linecolor": "white", "ticks": ""}, "baxis": {"gridcolor": "white", "linecolor": "white", "ticks": ""}, "caxis": {"gridcolor": "white", "linecolor": "white", "ticks": ""}}, "coloraxis": {"colorbar": {"outlinewidth": 0, "ticks": ""}}, "colorscale": {"sequential": [[0.0, "#0d0887"], [0.1111111111111111, "#46039f"], [0.2222222222222222, "#7201a8"], [0.3333333333333333, "#9c179e"], [0.4444444444444444, "#bd3786"], [0.5555555555555556, "#d8576b"], [0.6666666666666666, "#ed7953"], [0.7777777777777778, "#fb9f3a"], [0.8888888888888888, "#fdca26"], [1.0, "#f0f921"]], "sequentialminus": [[0.0, "#0d0887"], [0.1111111111111111, "#46039f"], [0.2222222222222222, "#7201a8"], [0.3333333333333333, "#9c179e"], [0.4444444444444444, "#bd3786"], [0.5555555555555556, "#d8576b"], [0.6666666666666666, "#ed7953"], [0.7777777777777778, "#fb9f3a"], [0.8888888888888888, "#fdca26"], [1.0, "#f0f921"]], "diverging": [[0, "#8e0152"], [0.1, "#c51b7d"], [0.2, "#de77ae"], [0.3, "#f1b6da"], [0.4, "#fde0ef"], [0.5, "#f7f7f7"], [0.6, "#e6f5d0"], [0.7, "#b8e186"], [0.8, "#7fbc41"], [0.9, "#4d9221"], [1, "#276419"]]}, "xaxis": {"gridcolor": "white", "linecolor": "white", "ticks": "", "title": {"standoff": 15}, "zerolinecolor": "white", "automargin": true, "zerolinewidth": 2}, "yaxis": {"gridcolor": "white", "linecolor": "white", "ticks": "", "title": {"standoff": 15}, "zerolinecolor": "white", "automargin": true, "zerolinewidth": 2}, "scene": {"xaxis": {"backgroundcolor": "#E5ECF6", "gridcolor": "white", "linecolor": "white", "showbackground": true, "ticks": "", "zerolinecolor": "white", "gridwidth": 2}, "yaxis": {"backgroundcolor": "#E5ECF6", "gridcolor": "white", "linecolor": "white", "showbackground": true, "ticks": "", "zerolinecolor": "white", "gridwidth": 2}, "zaxis": {"backgroundcolor": "#E5ECF6", "gridcolor": "white", "linecolor": "white", "showbackground": true, "ticks": "", "zerolinecolor": "white", "gridwidth": 2}}, "shapedefaults": {"line": {"color": "#2a3f5f"}}, "annotationdefaults": {"arrowcolor": "#2a3f5f", "arrowhead": 0, "arrowwidth": 1}, "geo": {"bgcolor": "white", "landcolor": "#E5ECF6", "subunitcolor": "white", "showland": true, "showlakes": true, "lakecolor": "white"}, "title": {"x": 0.05}, "mapbox": {"style": "light"}}}}}