{"data": [{"z": [[16.718029022216797, 2.7225558757781982, -5.343273639678955, -1.9595555067062378, 3.4071624279022217, 3.015316963195801, 0.21665693819522858, 1.4048545360565186, 0.25096648931503296, 2.135852336883545, -2.784695863723755, -0.5151898264884949, 5.190899848937988, -4.9653639793396, -0.04540830850601196, -1.9900267124176025, -1.332057237625122, -1.1359695196151733, 2.6408567428588867, 2.471754550933838, -1.9978985786437988], [2.7225558757781982, 20.64222526550293, 1.172017216682434, -6.118866920471191, 2.950185537338257, -3.510789155960083, -3.1835811138153076, 1.4874800443649292, -0.6356382369995117, -2.2676496505737305, -7.621849536895752, 2.1889045238494873, 9.399866104125977, -4.305767059326172, 5.133920192718506, 5.950559139251709, 1.2768158912658691, 1.4139025211334229, -1.2082713842391968, 2.423919677734375, -3.999500036239624], [-5.343273639678955, 1.172017216682434, 19.573305130004883, -4.574294090270996, -0.071149542927742, 0.3663637340068817, 3.668394088745117, 3.6296751499176025, -0.4395471513271332, 2.155104398727417, -1.2177133560180664, -2.335395097732544, 0.038625556975603104, 1.0046530961990356, -4.25412654876709, 4.691988945007324, 5.587005615234375, 2.1949551105499268, -5.08387565612793, 3.5651776790618896, -6.543542385101318], [-1.9595555067062378, -6.118866920471191, -4.574294090270996, 22.752954483032227, 1.1250858306884766, -1.3717588186264038, -4.262615203857422, -5.329216480255127, -2.9694840908050537, -2.2885098457336426, -6.231839179992676, -2.1608965396881104, -0.7498875260353088, 2.4724433422088623, -1.754148006439209, -4.376316547393799, 2.1372029781341553, -2.621824264526367, -1.8124322891235352, 3.9309399127960205, 1.8263660669326782], [3.4071624279022217, 2.950185537338257, -0.071149542927742, 1.1250858306884766, 19.547653198242188, 2.5603089332580566, 5.7487897872924805, -5.688305854797363, -0.3176778554916382, -6.09930944442749, -1.7454761266708374, -4.579335689544678, 1.5792292356491089, 4.798517227172852, 4.307620048522949, -3.896880626678467, 7.105813980102539, 0.01091313362121582, 5.838831901550293, 6.690639495849609, -3.4112749099731445], [3.015316963195801, -3.510789155960083, 0.3663637340068817, -1.3717588186264038, 2.5603089332580566, 20.404273986816406, 2.536837100982666, 6.078101634979248, 1.5842363834381104, 6.077818870544434, -5.782576084136963, -0.827680766582489, 1.9252692461013794, -6.94317102432251, 2.423884153366089, 3.5874197483062744, -4.331195831298828, -1.7854889631271362, 2.4732766151428223, -2.5046215057373047, -4.884039402008057], [0.21665693819522858, -3.1835811138153076, 3.668394088745117, -4.262615203857422, 5.7487897872924805, 2.536837100982666, 33.39932632446289, -3.5200998783111572, -1.5071216821670532, 4.757894039154053, 7.893350124359131, 8.629327774047852, -7.21915864944458, 5.0098876953125, 5.035979270935059, -7.394869327545166, 0.550754189491272, 0.441713809967041, 1.692220687866211, 9.505093574523926, -5.695188999176025], [1.4048545360565186, 1.4874800443649292, 3.6296751499176025, -5.329216480255127, -5.688305854797363, 6.078101634979248, -3.5200998783111572, 19.19831085205078, 1.1981372833251953, 2.6670913696289062, 0.4389984905719757, 7.3310017585754395, -4.3652191162109375, -3.7685744762420654, 0.9441412091255188, 5.34324312210083, -4.878392219543457, -1.1587148904800415, -0.02050834894180298, -1.3071067333221436, 0.15771901607513428], [0.25096648931503296, -0.6356382369995117, -0.4395471513271332, -2.9694840908050537, -0.3176778554916382, 1.5842363834381104, -1.5071216821670532, 1.1981372833251953, 17.421445846557617, 4.21152925491333, 5.522091865539551, -2.979792356491089, -7.32233190536499, 5.032738208770752, 1.8977265357971191, -3.73075795173645, -5.385786056518555, 1.4363701343536377, 1.3893380165100098, -0.519119918346405, 3.3051838874816895], [2.135852336883545, -2.2676496505737305, 2.155104398727417, -2.2885098457336426, -6.09930944442749, 6.077818870544434, 4.757894039154053, 2.6670913696289062, 4.21152925491333, 15.913734436035156, -2.919473171234131, 6.4461445808410645, -1.6585254669189453, -2.372600793838501, -8.310981750488281, 3.8189568519592285, -4.184897422790527, -0.010310649871826172, -4.365214824676514, -4.991994857788086, 1.3154596090316772], [-2.784695863723755, -7.621849536895752, -1.2177133560180664, -6.231839179992676, -1.7454761266708374, -5.782576084136963, 7.893350124359131, 0.4389984905719757, 5.522091865539551, -2.919473171234131, 29.75054359436035, 3.574737310409546, -9.667097091674805, 10.461309432983398, 3.582789897918701, -3.707127094268799, -2.4390149116516113, 1.7448396682739258, -0.2061004638671875, -8.186649322509766, 9.001672744750977], [-0.5151898264884949, 2.1889045238494873, -2.335395097732544, -2.1608965396881104, -4.579335689544678, -0.827680766582489, 8.629327774047852, 7.3310017585754395, -2.979792356491089, 6.4461445808410645, 3.574737310409546, 26.415014266967773, -7.5263495445251465, -0.5933734774589539, 0.8850672245025635, 6.029907703399658, -5.894609451293945, 3.2547569274902344, -2.3101227283477783, -5.163784980773926, 5.501324653625488], [5.190899848937988, 9.399866104125977, 0.038625556975603104, -0.7498875260353088, 1.5792292356491089, 1.9252692461013794, -7.21915864944458, -4.3652191162109375, -7.32233190536499, -1.6585254669189453, -9.667097091674805, -7.5263495445251465, 42.44560241699219, -6.172159671783447, -7.466758728027344, 4.330709934234619, 5.439373016357422, 0.1543731689453125, -16.794719696044922, 7.878467559814453, -3.662886619567871], [-4.9653639793396, -4.305767059326172, 1.0046530961990356, 2.4724433422088623, 4.798517227172852, -6.94317102432251, 5.0098876953125, -3.7685744762420654, 5.032738208770752, -2.372600793838501, 10.461309432983398, -0.5933734774589539, -6.172159671783447, 17.407865524291992, -3.835322380065918, -0.6819729804992676, 3.220827102661133, 0.12524765729904175, 0.2873687744140625, 3.0895638465881348, 10.632473945617676], [-0.04540830850601196, 5.133920192718506, -4.25412654876709, -1.754148006439209, 4.307620048522949, 2.423884153366089, 5.035979270935059, 0.9441412091255188, 1.8977265357971191, -8.310981750488281, 3.582789897918701, 0.8850672245025635, -7.466758728027344, -3.835322380065918, 28.689056396484375, -5.869426727294922, 3.360746383666992, 3.2456746101379395, 13.150829315185547, -1.4443244934082031, -3.722662925720215], [-1.9900267124176025, 5.950559139251709, 4.691988945007324, -4.376316547393799, -3.896880626678467, 3.5874197483062744, -7.394869327545166, 5.34324312210083, -3.73075795173645, 3.8189568519592285, -3.707127094268799, 6.029907703399658, 4.330709934234619, -0.6819729804992676, -5.869426727294922, 24.735097885131836, -6.825491905212402, -0.37763309478759766, 4.011955738067627, -8.277599334716797, 5.514902114868164], [-1.332057237625122, 1.2768157720565796, 5.587006568908691, 2.137202262878418, 7.105813026428223, -4.33119535446167, 0.5507534742355347, -4.878391742706299, -5.385786056518555, -4.1848978996276855, -2.4390151500701904, -5.894609451293945, 5.43937349319458, 3.220827579498291, 3.360746145248413, -6.825491905212402, 34.31635284423828, 4.05787992477417, -3.233656883239746, -6.712606906890869, -0.5138286352157593], [-1.1359695196151733, 1.4139024019241333, 2.1949551105499268, -2.621824026107788, 0.010912945494055748, -1.7854889631271362, 0.4417136013507843, -1.1587146520614624, 1.4363700151443481, -0.010310674086213112, 1.744840145111084, 3.2547569274902344, 0.1543731987476349, 0.12524744868278503, 3.2456743717193604, -0.3776330351829529, 4.05787992477417, 12.546586990356445, -3.473379611968994, -3.6515097618103027, 0.026343613862991333], [2.6408565044403076, -1.2082713842391968, -5.08387565612793, -1.812432050704956, 5.838832378387451, 2.473275661468506, 1.69222092628479, -0.02050846442580223, 1.389337420463562, -4.365215301513672, -0.2061004489660263, -2.3101229667663574, -16.794719696044922, 0.28736865520477295, 13.150827407836914, 4.011955261230469, -3.233656883239746, -3.473379611968994, 32.64472198486328, -0.9725468158721924, -0.9861088991165161], [2.4717540740966797, 2.423919439315796, 3.5651772022247314, 3.9309399127960205, 6.690639495849609, -2.504621744155884, 9.505093574523926, -1.307106375694275, -0.5191197395324707, -4.991994857788086, -8.186649322509766, -5.163785934448242, 7.878466606140137, 3.0895628929138184, -1.4443250894546509, -8.277600288391113, -6.712606906890869, -3.6515097618103027, -0.9725468158721924, 38.620269775390625, -3.3643441200256348], [-1.997899055480957, -3.999499797821045, -6.543543815612793, 1.8263661861419678, -3.4112753868103027, -4.884039402008057, -5.695189476013184, 0.15771889686584473, 3.3051834106445312, 1.3154590129852295, 9.001673698425293, 5.50132417678833, -3.6628873348236084, 10.632474899291992, -3.722663402557373, 5.514902114868164, -0.5138285160064697, 0.02634337544441223, -0.9861085414886475, -3.3643436431884766, 35.899986267089844]], "type": "heatmap"}], "layout": {"template": {"data": {"histogram2dcontour": [{"type": "histogram2dcontour", "colorbar": {"outlinewidth": 0, "ticks": ""}, "colorscale": [[0.0, "#0d0887"], [0.1111111111111111, "#46039f"], [0.2222222222222222, "#7201a8"], [0.3333333333333333, "#9c179e"], [0.4444444444444444, "#bd3786"], [0.5555555555555556, "#d8576b"], [0.6666666666666666, "#ed7953"], [0.7777777777777778, "#fb9f3a"], [0.8888888888888888, "#fdca26"], [1.0, "#f0f921"]]}], "choropleth": [{"type": "choropleth", "colorbar": {"outlinewidth": 0, "ticks": ""}}], "histogram2d": [{"type": "histogram2d", "colorbar": {"outlinewidth": 0, "ticks": ""}, "colorscale": [[0.0, "#0d0887"], [0.1111111111111111, "#46039f"], [0.2222222222222222, "#7201a8"], [0.3333333333333333, "#9c179e"], [0.4444444444444444, "#bd3786"], [0.5555555555555556, "#d8576b"], [0.6666666666666666, "#ed7953"], [0.7777777777777778, "#fb9f3a"], [0.8888888888888888, "#fdca26"], [1.0, "#f0f921"]]}], "heatmap": [{"type": "heatmap", "colorbar": {"outlinewidth": 0, "ticks": ""}, "colorscale": [[0.0, "#0d0887"], [0.1111111111111111, "#46039f"], [0.2222222222222222, "#7201a8"], [0.3333333333333333, "#9c179e"], [0.4444444444444444, "#bd3786"], [0.5555555555555556, "#d8576b"], [0.6666666666666666, "#ed7953"], [0.7777777777777778, "#fb9f3a"], [0.8888888888888888, "#fdca26"], [1.0, "#f0f921"]]}], "heatmapgl": [{"type": "heatmapgl", "colorbar": {"outlinewidth": 0, "ticks": ""}, "colorscale": [[0.0, "#0d0887"], [0.1111111111111111, "#46039f"], [0.2222222222222222, "#7201a8"], [0.3333333333333333, "#9c179e"], [0.4444444444444444, "#bd3786"], [0.5555555555555556, "#d8576b"], [0.6666666666666666, "#ed7953"], [0.7777777777777778, "#fb9f3a"], [0.8888888888888888, "#fdca26"], [1.0, "#f0f921"]]}], "contourcarpet": [{"type": "contourcarpet", "colorbar": {"outlinewidth": 0, "ticks": ""}}], "contour": [{"type": "contour", "colorbar": {"outlinewidth": 0, "ticks": ""}, "colorscale": [[0.0, "#0d0887"], [0.1111111111111111, "#46039f"], [0.2222222222222222, "#7201a8"], [0.3333333333333333, "#9c179e"], [0.4444444444444444, "#bd3786"], [0.5555555555555556, "#d8576b"], [0.6666666666666666, "#ed7953"], [0.7777777777777778, "#fb9f3a"], [0.8888888888888888, "#fdca26"], [1.0, "#f0f921"]]}], "surface": [{"type": "surface", "colorbar": {"outlinewidth": 0, "ticks": ""}, "colorscale": [[0.0, "#0d0887"], [0.1111111111111111, "#46039f"], [0.2222222222222222, "#7201a8"], [0.3333333333333333, "#9c179e"], [0.4444444444444444, "#bd3786"], [0.5555555555555556, "#d8576b"], [0.6666666666666666, "#ed7953"], [0.7777777777777778, "#fb9f3a"], [0.8888888888888888, "#fdca26"], [1.0, "#f0f921"]]}], "mesh3d": [{"type": "mesh3d", "colorbar": {"outlinewidth": 0, "ticks": ""}}], "scatter": [{"fillpattern": {"fillmode": "overlay", "size": 10, "solidity": 0.2}, "type": "scatter"}], "parcoords": [{"type": "parcoords", "line": {"colorbar": {"outlinewidth": 0, "ticks": ""}}}], "scatterpolargl": [{"type": "scatterpolargl", "marker": {"colorbar": {"outlinewidth": 0, "ticks": ""}}}], "bar": [{"error_x": {"color": "#2a3f5f"}, "error_y": {"color": "#2a3f5f"}, "marker": {"line": {"color": "#E5ECF6", "width": 0.5}, "pattern": {"fillmode": "overlay", "size": 10, "solidity": 0.2}}, "type": "bar"}], "scattergeo": [{"type": "scattergeo", "marker": {"colorbar": {"outlinewidth": 0, "ticks": ""}}}], "scatterpolar": [{"type": "scatterpolar", "marker": {"colorbar": {"outlinewidth": 0, "ticks": ""}}}], "histogram": [{"marker": {"pattern": {"fillmode": "overlay", "size": 10, "solidity": 0.2}}, "type": "histogram"}], "scattergl": [{"type": "scattergl", "marker": {"colorbar": {"outlinewidth": 0, "ticks": ""}}}], "scatter3d": [{"type": "scatter3d", "line": {"colorbar": {"outlinewidth": 0, "ticks": ""}}, "marker": {"colorbar": {"outlinewidth": 0, "ticks": ""}}}], "scattermapbox": [{"type": "scattermapbox", "marker": {"colorbar": {"outlinewidth": 0, "ticks": ""}}}], "scatterternary": [{"type": "scatterternary", "marker": {"colorbar": {"outlinewidth": 0, "ticks": ""}}}], "scattercarpet": [{"type": "scattercarpet", "marker": {"colorbar": {"outlinewidth": 0, "ticks": ""}}}], "carpet": [{"aaxis": {"endlinecolor": "#2a3f5f", "gridcolor": "white", "linecolor": "white", "minorgridcolor": "white", "startlinecolor": "#2a3f5f"}, "baxis": {"endlinecolor": "#2a3f5f", "gridcolor": "white", "linecolor": "white", "minorgridcolor": "white", "startlinecolor": "#2a3f5f"}, "type": "carpet"}], "table": [{"cells": {"fill": {"color": "#EBF0F8"}, "line": {"color": "white"}}, "header": {"fill": {"color": "#C8D4E3"}, "line": {"color": "white"}}, "type": "table"}], "barpolar": [{"marker": {"line": {"color": "#E5ECF6", "width": 0.5}, "pattern": {"fillmode": "overlay", "size": 10, "solidity": 0.2}}, "type": "barpolar"}], "pie": [{"automargin": true, "type": "pie"}]}, "layout": {"autotypenumbers": "strict", "colorway": ["#636efa", "#EF553B", "#00cc96", "#ab63fa", "#FFA15A", "#19d3f3", "#FF6692", "#B6E880", "#FF97FF", "#FECB52"], "font": {"color": "#2a3f5f"}, "hovermode": "closest", "hoverlabel": {"align": "left"}, "paper_bgcolor": "white", "plot_bgcolor": "#E5ECF6", "polar": {"bgcolor": "#E5ECF6", "angularaxis": {"gridcolor": "white", "linecolor": "white", "ticks": ""}, "radialaxis": {"gridcolor": "white", "linecolor": "white", "ticks": ""}}, "ternary": {"bgcolor": "#E5ECF6", "aaxis": {"gridcolor": "white", "linecolor": "white", "ticks": ""}, "baxis": {"gridcolor": "white", "linecolor": "white", "ticks": ""}, "caxis": {"gridcolor": "white", "linecolor": "white", "ticks": ""}}, "coloraxis": {"colorbar": {"outlinewidth": 0, "ticks": ""}}, "colorscale": {"sequential": [[0.0, "#0d0887"], [0.1111111111111111, "#46039f"], [0.2222222222222222, "#7201a8"], [0.3333333333333333, "#9c179e"], [0.4444444444444444, "#bd3786"], [0.5555555555555556, "#d8576b"], [0.6666666666666666, "#ed7953"], [0.7777777777777778, "#fb9f3a"], [0.8888888888888888, "#fdca26"], [1.0, "#f0f921"]], "sequentialminus": [[0.0, "#0d0887"], [0.1111111111111111, "#46039f"], [0.2222222222222222, "#7201a8"], [0.3333333333333333, "#9c179e"], [0.4444444444444444, "#bd3786"], [0.5555555555555556, "#d8576b"], [0.6666666666666666, "#ed7953"], [0.7777777777777778, "#fb9f3a"], [0.8888888888888888, "#fdca26"], [1.0, "#f0f921"]], "diverging": [[0, "#8e0152"], [0.1, "#c51b7d"], [0.2, "#de77ae"], [0.3, "#f1b6da"], [0.4, "#fde0ef"], [0.5, "#f7f7f7"], [0.6, "#e6f5d0"], [0.7, "#b8e186"], [0.8, "#7fbc41"], [0.9, "#4d9221"], [1, "#276419"]]}, "xaxis": {"gridcolor": "white", "linecolor": "white", "ticks": "", "title": {"standoff": 15}, "zerolinecolor": "white", "automargin": true, "zerolinewidth": 2}, "yaxis": {"gridcolor": "white", "linecolor": "white", "ticks": "", "title": {"standoff": 15}, "zerolinecolor": "white", "automargin": true, "zerolinewidth": 2}, "scene": {"xaxis": {"backgroundcolor": "#E5ECF6", "gridcolor": "white", "linecolor": "white", "showbackground": true, "ticks": "", "zerolinecolor": "white", "gridwidth": 2}, "yaxis": {"backgroundcolor": "#E5ECF6", "gridcolor": "white", "linecolor": "white", "showbackground": true, "ticks": "", "zerolinecolor": "white", "gridwidth": 2}, "zaxis": {"backgroundcolor": "#E5ECF6", "gridcolor": "white", "linecolor": "white", "showbackground": true, "ticks": "", "zerolinecolor": "white", "gridwidth": 2}}, "shapedefaults": {"line": {"color": "#2a3f5f"}}, "annotationdefaults": {"arrowcolor": "#2a3f5f", "arrowhead": 0, "arrowwidth": 1}, "geo": {"bgcolor": "white", "landcolor": "#E5ECF6", "subunitcolor": "white", "showland": true, "showlakes": true, "lakecolor": "white"}, "title": {"x": 0.05}, "mapbox": {"style": "light"}}}}}