{"data": [{"z": [[16.919780731201172, 2.6745400428771973, -5.474864482879639, -1.9199920892715454, 3.3758187294006348, 3.0546529293060303, 0.09238434582948685, 1.3602138757705688, 0.22708459198474884, 2.133315086364746, -2.9509925842285156, -0.5978620648384094, 5.217517852783203, -5.134421348571777, -0.11479590833187103, -2.074131727218628, -1.4496833086013794, -1.2735552787780762, 2.662898302078247, 2.463207483291626, -2.0168309211730957], [2.6745400428771973, 20.787839889526367, 1.1940592527389526, -6.247142791748047, 2.958065986633301, -3.569648027420044, -3.15559720993042, 1.4705854654312134, -0.7068857550621033, -2.3378512859344482, -7.661658763885498, 2.1801187992095947, 9.426796913146973, -4.418250560760498, 5.149639129638672, 5.974930763244629, 1.2405986785888672, 1.359255313873291, -1.2263197898864746, 2.395623207092285, -4.035090923309326], [-5.474864482879639, 1.1940592527389526, 19.664827346801758, -4.726566791534424, -0.07952666282653809, 0.2984432578086853, 3.7497141361236572, 3.61040997505188, -0.5348751544952393, 2.0949347019195557, -1.184356927871704, -2.3547422885894775, -0.04438579082489014, 0.9723241925239563, -4.26527214050293, 4.736013889312744, 5.589908123016357, 2.178884983062744, -5.13877010345459, 3.5028648376464844, -6.538079738616943], [-1.9199920892715454, -6.247142791748047, -4.726566791534424, 22.910341262817383, 1.1035641431808472, -1.3711092472076416, -4.389645099639893, -5.437843322753906, -2.961012601852417, -2.246354818344116, -6.3613691329956055, -2.2781882286071777, -0.7282981276512146, 2.5059351921081543, -1.8501876592636108, -4.491494655609131, 2.100668430328369, -2.6366405487060547, -1.8852481842041016, 3.9730770587921143, 1.8125829696655273], [3.3758187294006348, 2.958065986633301, -0.07952666282653809, 1.1035641431808472, 19.692508697509766, 2.5468838214874268, 5.789015769958496, -5.842529296875, -0.3405672013759613, -6.189239978790283, -1.8097440004348755, -4.710278511047363, 1.5786893367767334, 4.786272048950195, 4.297246932983398, -3.964543104171753, 7.0742621421813965, -0.04371905326843262, 5.810887336730957, 6.7321319580078125, -3.4428207874298096], [3.0546529293060303, -3.569648027420044, 0.2984432578086853, -1.3711092472076416, 2.5468838214874268, 20.581655502319336, 2.459975242614746, 6.078990936279297, 1.5948978662490845, 6.087108135223389, -5.950474262237549, -0.8718268275260925, 1.920093297958374, -7.114194869995117, 2.3949193954467773, 3.5949153900146484, -4.489524841308594, -1.8998005390167236, 2.477369546890259, -2.593046188354492, -4.906482696533203], [0.09238434582948685, -3.15559720993042, 3.7497141361236572, -4.389645099639893, 5.789015769958496, 2.459975242614746, 33.6463737487793, -3.5437960624694824, -1.5944032669067383, 4.737466335296631, 8.0108003616333, 8.700339317321777, -7.346606254577637, 5.067801475524902, 5.106752395629883, -7.388433456420898, 0.5350314378738403, 0.4309835433959961, 1.6937243938446045, 9.479920387268066, -5.7001051902771], [1.3602138757705688, 1.4705854654312134, 3.61040997505188, -5.437843322753906, -5.842529296875, 6.078990936279297, -3.5437960624694824, 19.32817840576172, 1.1516122817993164, 2.6390178203582764, 0.46468713879585266, 7.4413557052612305, -4.539373874664307, -3.869140386581421, 0.9105739593505859, 5.362479209899902, -5.011661529541016, -1.2502304315567017, -0.026787400245666504, -1.4810363054275513, 0.14913100004196167], [0.22708459198474884, -0.7068857550621033, -0.5348751544952393, -2.961012601852417, -0.3405672013759613, 1.5948978662490845, -1.5944032669067383, 1.1516122817993164, 17.566299438476562, 4.228215217590332, 5.420370101928711, -3.0718748569488525, -7.4424824714660645, 4.986633777618408, 1.8307784795761108, -3.812028408050537, -5.530247688293457, 1.3616514205932617, 1.3540916442871094, -0.5666611194610596, 3.3180971145629883], [2.133315086364746, -2.3378512859344482, 2.0949347019195557, -2.246354818344116, -6.189239978790283, 6.087108135223389, 4.737466335296631, 2.6390178203582764, 4.228215217590332, 16.027742385864258, -2.967176914215088, 6.483582496643066, -1.7348371744155884, -2.5073165893554688, -8.444911003112793, 3.7782938480377197, -4.296604156494141, -0.0998414158821106, -4.339310646057129, -5.155646324157715, 1.2786880731582642], [-2.9509925842285156, -7.661658763885498, -1.184356927871704, -6.3613691329956055, -1.8097440004348755, -5.950474262237549, 8.0108003616333, 0.46468713879585266, 5.420370101928711, -2.967176914215088, 30.01508331298828, 3.6771817207336426, -9.834417343139648, 10.614640235900879, 3.610177993774414, -3.6889963150024414, -2.462782621383667, 1.7750983238220215, -0.20403027534484863, -8.337122917175293, 9.019759178161621], [-0.5978620648384094, 2.1801187992095947, -2.3547422885894775, -2.2781882286071777, -4.710278511047363, -0.8718268275260925, 8.700339317321777, 7.4413557052612305, -3.0718748569488525, 6.483582496643066, 3.6771817207336426, 26.67450523376465, -7.686145305633545, -0.6261233687400818, 0.8898457884788513, 6.0972137451171875, -5.97537088394165, 3.2609310150146484, -2.3036370277404785, -5.384546279907227, 5.538777828216553], [5.217517852783203, 9.426796913146973, -0.04438579082489014, -0.7282981276512146, 1.5786893367767334, 1.920093297958374, -7.346606254577637, -4.539373874664307, -7.4424824714660645, -1.7348371744155884, -9.834417343139648, -7.686145305633545, 42.75972366333008, -6.307257652282715, -7.518849849700928, 4.271640300750732, 5.403770923614502, 0.05866360664367676, -16.942686080932617, 7.90513801574707, -3.693040132522583], [-5.134421348571777, -4.418250560760498, 0.9723241925239563, 2.5059351921081543, 4.786272048950195, -7.114194869995117, 5.067801475524902, -3.869140386581421, 4.986633777618408, -2.5073165893554688, 10.614640235900879, -0.6261233687400818, -6.307257652282715, 17.64011001586914, -3.910400629043579, -0.7040644288063049, 3.2393863201141357, 0.1308535933494568, 0.27381443977355957, 3.0603580474853516, 10.721534729003906], [-0.11479590833187103, 5.149639129638672, -4.26527214050293, -1.8501876592636108, 4.297246932983398, 2.3949193954467773, 5.106752395629883, 0.9105739593505859, 1.8307784795761108, -8.444911003112793, 3.610177993774414, 0.8898457884788513, -7.518849849700928, -3.910400629043579, 28.80141258239746, -5.873499393463135, 3.3138999938964844, 3.178765296936035, 13.196870803833008, -1.523716926574707, -3.7275335788726807], [-2.074131727218628, 5.974930763244629, 4.736013889312744, -4.491494655609131, -3.964543104171753, 3.5949153900146484, -7.388433456420898, 5.362479209899902, -3.812028408050537, 3.7782938480377197, -3.6889963150024414, 6.0972137451171875, 4.271640300750732, -0.7040644288063049, -5.873499393463135, 24.841562271118164, -6.925296306610107, -0.4304967522621155, 4.039047718048096, -8.436113357543945, 5.522297382354736], [-1.4496839046478271, 1.240599513053894, 5.589907646179199, 2.100667715072632, 7.074262619018555, -4.4895243644714355, 0.5350316166877747, -5.011661052703857, -5.530247688293457, -4.296604633331299, -2.462782144546509, -5.975371360778809, 5.403770923614502, 3.239387035369873, 3.3139002323150635, -6.925296306610107, 34.57284164428711, 4.078714370727539, -3.3778438568115234, -6.83359956741333, -0.48316287994384766], [-1.2735552787780762, 1.3592554330825806, 2.1788852214813232, -2.636640787124634, -0.043718867003917694, -1.8998003005981445, 0.43098342418670654, -1.2502305507659912, 1.3616511821746826, -0.09984119236469269, 1.7750983238220215, 3.2609310150146484, 0.058663710951805115, 0.13085387647151947, 3.1787657737731934, -0.4304969012737274, 4.078714370727539, 12.602062225341797, -3.558288335800171, -3.811497211456299, 0.043053507804870605], [2.6628973484039307, -1.226319432258606, -5.138769626617432, -1.8852481842041016, 5.810887336730957, 2.477369546890259, 1.6937243938446045, -0.02678741328418255, 1.3540915250778198, -4.3393120765686035, -0.20403046905994415, -2.3036370277404785, -16.942684173583984, 0.27381432056427, 13.196870803833008, 4.039048194885254, -3.3778438568115234, -3.558288335800171, 32.822418212890625, -1.0465352535247803, -0.9935604333877563], [2.463207483291626, 2.3956239223480225, 3.5028648376464844, 3.973076820373535, 6.732131481170654, -2.593046188354492, 9.479923248291016, -1.4810364246368408, -0.5666610598564148, -5.155646324157715, -8.337122917175293, -5.384545803070068, 7.9051384925842285, 3.0603580474853516, -1.5237160921096802, -8.436112403869629, -6.83359956741333, -3.811497211456299, -1.0465352535247803, 38.86878967285156, -3.3980321884155273], [-2.0168304443359375, -4.035090446472168, -6.538080215454102, 1.8125832080841064, -3.4428207874298096, -4.906482696533203, -5.7001051902771, 0.14913129806518555, 3.31809663772583, 1.2786879539489746, 9.019760131835938, 5.538776397705078, -3.693040609359741, 10.721535682678223, -3.7275333404541016, 5.522297382354736, -0.4831628203392029, 0.04305347800254822, -0.993560791015625, -3.3980326652526855, 35.899986267089844]], "type": "heatmap"}], "layout": {"template": {"data": {"histogram2dcontour": [{"type": "histogram2dcontour", "colorbar": {"outlinewidth": 0, "ticks": ""}, "colorscale": [[0.0, "#0d0887"], [0.1111111111111111, "#46039f"], [0.2222222222222222, "#7201a8"], [0.3333333333333333, "#9c179e"], [0.4444444444444444, "#bd3786"], [0.5555555555555556, "#d8576b"], [0.6666666666666666, "#ed7953"], [0.7777777777777778, "#fb9f3a"], [0.8888888888888888, "#fdca26"], [1.0, "#f0f921"]]}], "choropleth": [{"type": "choropleth", "colorbar": {"outlinewidth": 0, "ticks": ""}}], "histogram2d": [{"type": "histogram2d", "colorbar": {"outlinewidth": 0, "ticks": ""}, "colorscale": [[0.0, "#0d0887"], [0.1111111111111111, "#46039f"], [0.2222222222222222, "#7201a8"], [0.3333333333333333, "#9c179e"], [0.4444444444444444, "#bd3786"], [0.5555555555555556, "#d8576b"], [0.6666666666666666, "#ed7953"], [0.7777777777777778, "#fb9f3a"], [0.8888888888888888, "#fdca26"], [1.0, "#f0f921"]]}], "heatmap": [{"type": "heatmap", "colorbar": {"outlinewidth": 0, "ticks": ""}, "colorscale": [[0.0, "#0d0887"], [0.1111111111111111, "#46039f"], [0.2222222222222222, "#7201a8"], [0.3333333333333333, "#9c179e"], [0.4444444444444444, "#bd3786"], [0.5555555555555556, "#d8576b"], [0.6666666666666666, "#ed7953"], [0.7777777777777778, "#fb9f3a"], [0.8888888888888888, "#fdca26"], [1.0, "#f0f921"]]}], "heatmapgl": [{"type": "heatmapgl", "colorbar": {"outlinewidth": 0, "ticks": ""}, "colorscale": [[0.0, "#0d0887"], [0.1111111111111111, "#46039f"], [0.2222222222222222, "#7201a8"], [0.3333333333333333, "#9c179e"], [0.4444444444444444, "#bd3786"], [0.5555555555555556, "#d8576b"], [0.6666666666666666, "#ed7953"], [0.7777777777777778, "#fb9f3a"], [0.8888888888888888, "#fdca26"], [1.0, "#f0f921"]]}], "contourcarpet": [{"type": "contourcarpet", "colorbar": {"outlinewidth": 0, "ticks": ""}}], "contour": [{"type": "contour", "colorbar": {"outlinewidth": 0, "ticks": ""}, "colorscale": [[0.0, "#0d0887"], [0.1111111111111111, "#46039f"], [0.2222222222222222, "#7201a8"], [0.3333333333333333, "#9c179e"], [0.4444444444444444, "#bd3786"], [0.5555555555555556, "#d8576b"], [0.6666666666666666, "#ed7953"], [0.7777777777777778, "#fb9f3a"], [0.8888888888888888, "#fdca26"], [1.0, "#f0f921"]]}], "surface": [{"type": "surface", "colorbar": {"outlinewidth": 0, "ticks": ""}, "colorscale": [[0.0, "#0d0887"], [0.1111111111111111, "#46039f"], [0.2222222222222222, "#7201a8"], [0.3333333333333333, "#9c179e"], [0.4444444444444444, "#bd3786"], [0.5555555555555556, "#d8576b"], [0.6666666666666666, "#ed7953"], [0.7777777777777778, "#fb9f3a"], [0.8888888888888888, "#fdca26"], [1.0, "#f0f921"]]}], "mesh3d": [{"type": "mesh3d", "colorbar": {"outlinewidth": 0, "ticks": ""}}], "scatter": [{"fillpattern": {"fillmode": "overlay", "size": 10, "solidity": 0.2}, "type": "scatter"}], "parcoords": [{"type": "parcoords", "line": {"colorbar": {"outlinewidth": 0, "ticks": ""}}}], "scatterpolargl": [{"type": "scatterpolargl", "marker": {"colorbar": {"outlinewidth": 0, "ticks": ""}}}], "bar": [{"error_x": {"color": "#2a3f5f"}, "error_y": {"color": "#2a3f5f"}, "marker": {"line": {"color": "#E5ECF6", "width": 0.5}, "pattern": {"fillmode": "overlay", "size": 10, "solidity": 0.2}}, "type": "bar"}], "scattergeo": [{"type": "scattergeo", "marker": {"colorbar": {"outlinewidth": 0, "ticks": ""}}}], "scatterpolar": [{"type": "scatterpolar", "marker": {"colorbar": {"outlinewidth": 0, "ticks": ""}}}], "histogram": [{"marker": {"pattern": {"fillmode": "overlay", "size": 10, "solidity": 0.2}}, "type": "histogram"}], "scattergl": [{"type": "scattergl", "marker": {"colorbar": {"outlinewidth": 0, "ticks": ""}}}], "scatter3d": [{"type": "scatter3d", "line": {"colorbar": {"outlinewidth": 0, "ticks": ""}}, "marker": {"colorbar": {"outlinewidth": 0, "ticks": ""}}}], "scattermapbox": [{"type": "scattermapbox", "marker": {"colorbar": {"outlinewidth": 0, "ticks": ""}}}], "scatterternary": [{"type": "scatterternary", "marker": {"colorbar": {"outlinewidth": 0, "ticks": ""}}}], "scattercarpet": [{"type": "scattercarpet", "marker": {"colorbar": {"outlinewidth": 0, "ticks": ""}}}], "carpet": [{"aaxis": {"endlinecolor": "#2a3f5f", "gridcolor": "white", "linecolor": "white", "minorgridcolor": "white", "startlinecolor": "#2a3f5f"}, "baxis": {"endlinecolor": "#2a3f5f", "gridcolor": "white", "linecolor": "white", "minorgridcolor": "white", "startlinecolor": "#2a3f5f"}, "type": "carpet"}], "table": [{"cells": {"fill": {"color": "#EBF0F8"}, "line": {"color": "white"}}, "header": {"fill": {"color": "#C8D4E3"}, "line": {"color": "white"}}, "type": "table"}], "barpolar": [{"marker": {"line": {"color": "#E5ECF6", "width": 0.5}, "pattern": {"fillmode": "overlay", "size": 10, "solidity": 0.2}}, "type": "barpolar"}], "pie": [{"automargin": true, "type": "pie"}]}, "layout": {"autotypenumbers": "strict", "colorway": ["#636efa", "#EF553B", "#00cc96", "#ab63fa", "#FFA15A", "#19d3f3", "#FF6692", "#B6E880", "#FF97FF", "#FECB52"], "font": {"color": "#2a3f5f"}, "hovermode": "closest", "hoverlabel": {"align": "left"}, "paper_bgcolor": "white", "plot_bgcolor": "#E5ECF6", "polar": {"bgcolor": "#E5ECF6", "angularaxis": {"gridcolor": "white", "linecolor": "white", "ticks": ""}, "radialaxis": {"gridcolor": "white", "linecolor": "white", "ticks": ""}}, "ternary": {"bgcolor": "#E5ECF6", "aaxis": {"gridcolor": "white", "linecolor": "white", "ticks": ""}, "baxis": {"gridcolor": "white", "linecolor": "white", "ticks": ""}, "caxis": {"gridcolor": "white", "linecolor": "white", "ticks": ""}}, "coloraxis": {"colorbar": {"outlinewidth": 0, "ticks": ""}}, "colorscale": {"sequential": [[0.0, "#0d0887"], [0.1111111111111111, "#46039f"], [0.2222222222222222, "#7201a8"], [0.3333333333333333, "#9c179e"], [0.4444444444444444, "#bd3786"], [0.5555555555555556, "#d8576b"], [0.6666666666666666, "#ed7953"], [0.7777777777777778, "#fb9f3a"], [0.8888888888888888, "#fdca26"], [1.0, "#f0f921"]], "sequentialminus": [[0.0, "#0d0887"], [0.1111111111111111, "#46039f"], [0.2222222222222222, "#7201a8"], [0.3333333333333333, "#9c179e"], [0.4444444444444444, "#bd3786"], [0.5555555555555556, "#d8576b"], [0.6666666666666666, "#ed7953"], [0.7777777777777778, "#fb9f3a"], [0.8888888888888888, "#fdca26"], [1.0, "#f0f921"]], "diverging": [[0, "#8e0152"], [0.1, "#c51b7d"], [0.2, "#de77ae"], [0.3, "#f1b6da"], [0.4, "#fde0ef"], [0.5, "#f7f7f7"], [0.6, "#e6f5d0"], [0.7, "#b8e186"], [0.8, "#7fbc41"], [0.9, "#4d9221"], [1, "#276419"]]}, "xaxis": {"gridcolor": "white", "linecolor": "white", "ticks": "", "title": {"standoff": 15}, "zerolinecolor": "white", "automargin": true, "zerolinewidth": 2}, "yaxis": {"gridcolor": "white", "linecolor": "white", "ticks": "", "title": {"standoff": 15}, "zerolinecolor": "white", "automargin": true, "zerolinewidth": 2}, "scene": {"xaxis": {"backgroundcolor": "#E5ECF6", "gridcolor": "white", "linecolor": "white", "showbackground": true, "ticks": "", "zerolinecolor": "white", "gridwidth": 2}, "yaxis": {"backgroundcolor": "#E5ECF6", "gridcolor": "white", "linecolor": "white", "showbackground": true, "ticks": "", "zerolinecolor": "white", "gridwidth": 2}, "zaxis": {"backgroundcolor": "#E5ECF6", "gridcolor": "white", "linecolor": "white", "showbackground": true, "ticks": "", "zerolinecolor": "white", "gridwidth": 2}}, "shapedefaults": {"line": {"color": "#2a3f5f"}}, "annotationdefaults": {"arrowcolor": "#2a3f5f", "arrowhead": 0, "arrowwidth": 1}, "geo": {"bgcolor": "white", "landcolor": "#E5ECF6", "subunitcolor": "white", "showland": true, "showlakes": true, "lakecolor": "white"}, "title": {"x": 0.05}, "mapbox": {"style": "light"}}}}}