{"data": [{"z": [[17.716571807861328, 2.728066921234131, -5.770058631896973, -1.6613622903823853, 3.5880658626556396, 3.3273472785949707, -0.20009203255176544, 1.364661693572998, 0.44262731075286865, 2.172288656234741, -3.4988162517547607, -0.8686564564704895, 5.604711532592773, -5.461658000946045, -0.08492718636989594, -2.136007070541382, -1.6276040077209473, -1.4443639516830444, 2.841891050338745, 2.885873317718506, -2.0459108352661133], [2.728066921234131, 21.545265197753906, 1.5083215236663818, -6.777531147003174, 3.25002121925354, -3.7649483680725098, -2.9310672283172607, 1.5209085941314697, -0.8469477891921997, -2.641655206680298, -7.777426242828369, 2.162781238555908, 9.850544929504395, -4.716557502746582, 5.361349105834961, 6.198641777038574, 1.3377289772033691, 1.3141884803771973, -1.316427230834961, 2.6580796241760254, -4.207420349121094], [-5.770058631896973, 1.5083215236663818, 20.212623596191406, -5.271666049957275, 0.10239925235509872, 0.18654592335224152, 4.148855209350586, 3.69008469581604, -0.6482786536216736, 1.8948124647140503, -1.062422275543213, -2.3902740478515625, -0.029412075877189636, 0.9584769606590271, -4.14006233215332, 5.0349440574646, 5.749212741851807, 2.214212656021118, -5.332866668701172, 3.563937187194824, -6.578102111816406], [-1.6613622903823853, -6.777531147003174, -5.271666049957275, 23.81505584716797, 1.0359376668930054, -1.2577707767486572, -5.053980827331543, -5.9664082527160645, -3.084806442260742, -2.032923698425293, -6.832187652587891, -2.7133235931396484, -0.5923452377319336, 2.756354808807373, -2.2451956272125244, -4.913479328155518, 2.0296521186828613, -2.702150344848633, -2.140164852142334, 4.119686126708984, 1.7749128341674805], [3.5880658626556396, 3.25002121925354, 0.10239925235509872, 1.0359376668930054, 20.589597702026367, 2.688230037689209, 6.133103847503662, -6.302968502044678, -0.18550430238246918, -6.56368350982666, -2.0056629180908203, -5.265106201171875, 1.9264309406280518, 4.927465915679932, 4.587897300720215, -4.078678607940674, 7.241663455963135, -0.07258081436157227, 5.847959995269775, 7.405059814453125, -3.637882709503174], [3.3273472785949707, -3.7649483680725098, 0.18654592335224152, -1.2577707767486572, 2.688230037689209, 21.406591415405273, 2.3457624912261963, 6.2410078048706055, 1.7454299926757812, 6.3064117431640625, -6.514223575592041, -0.9506296515464783, 1.9400054216384888, -7.5283918380737305, 2.44792103767395, 3.8729660511016846, -4.990120887756348, -2.209744453430176, 2.620248794555664, -2.7682089805603027, -5.036336898803711], [-0.20009203255176544, -2.9310672283172607, 4.148855209350586, -5.053980827331543, 6.133103847503662, 2.3457624912261963, 35.01106643676758, -3.4998621940612793, -1.4876757860183716, 4.774037837982178, 8.701150894165039, 9.166496276855469, -7.8226518630981445, 5.445222854614258, 5.700008392333984, -7.365580081939697, 0.32352662086486816, 0.44961047172546387, 2.02854585647583, 9.727729797363281, -5.739394664764404], [1.364661693572998, 1.5209085941314697, 3.69008469581604, -5.9664082527160645, -6.302968502044678, 6.2410078048706055, -3.4998621940612793, 19.98704719543457, 1.2107150554656982, 2.736481189727783, 0.7015874981880188, 7.978866100311279, -5.0090436935424805, -4.044790267944336, 0.9862064123153687, 5.725327491760254, -5.363456726074219, -1.3108749389648438, 0.0441097617149353, -1.9627456665039062, 0.2273234724998474], [0.44262731075286865, -0.8469477891921997, -0.6482786536216736, -3.084806442260742, -0.18550430238246918, 1.7454299926757812, -1.4876757860183716, 1.2107150554656982, 18.292566299438477, 4.3527445793151855, 5.506892681121826, -3.2209761142730713, -7.768394947052002, 5.1517438888549805, 1.8745225667953491, -3.8049566745758057, -6.029007911682129, 1.332859992980957, 1.5163524150848389, -0.4013832211494446, 3.362877130508423], [2.172288656234741, -2.641655206680298, 1.8948124647140503, -2.032923698425293, -6.56368350982666, 6.3064117431640625, 4.774037837982178, 2.736481189727783, 4.3527445793151855, 16.649538040161133, -3.0599846839904785, 6.854877471923828, -2.0893890857696533, -2.8289878368377686, -8.835953712463379, 3.908327102661133, -4.742980003356934, -0.35285478830337524, -4.215287685394287, -5.756842613220215, 1.227038860321045], [-3.4988162517547607, -7.777426242828369, -1.062422275543213, -6.832187652587891, -2.0056629180908203, -6.514223575592041, 8.701150894165039, 0.7015874981880188, 5.506892681121826, -3.0599846839904785, 31.239845275878906, 4.282195568084717, -10.46796703338623, 11.252646446228027, 3.8721771240234375, -3.555715799331665, -2.6799917221069336, 2.011061429977417, 0.03734302520751953, -8.77666187286377, 9.138448715209961], [-0.8686564564704895, 2.162781238555908, -2.3902740478515625, -2.7133235931396484, -5.265106201171875, -0.9506296515464783, 9.166496276855469, 7.978866100311279, -3.2209761142730713, 6.854877471923828, 4.282195568084717, 27.873708724975586, -8.352319717407227, -0.6169927716255188, 0.97226482629776, 6.451916694641113, -6.425445556640625, 3.368818521499634, -2.20350980758667, -6.24185848236084, 5.720794677734375], [5.604711532592773, 9.850544929504395, -0.029412075877189636, -0.5923452377319336, 1.9264309406280518, 1.9400054216384888, -7.8226518630981445, -5.0090436935424805, -7.768394947052002, -2.0893890857696533, -10.46796703338623, -8.352319717407227, 44.60085678100586, -6.677031517028809, -7.68736457824707, 4.317748069763184, 5.758094310760498, 0.008531808853149414, -17.81525993347168, 8.385030746459961, -3.8410630226135254], [-5.461658000946045, -4.716557502746582, 0.9584769606590271, 2.756354808807373, 4.927465915679932, -7.5283918380737305, 5.445222854614258, -4.044790267944336, 5.1517438888549805, -2.8289878368377686, 11.252646446228027, -0.6169927716255188, -6.677031517028809, 18.71026039123535, -3.927743434906006, -0.5766233801841736, 3.3708415031433105, 0.3751513361930847, 0.30192458629608154, 3.2297451496124268, 11.059792518615723], [-0.08492718636989594, 5.361349105834961, -4.14006233215332, -2.2451956272125244, 4.587897300720215, 2.44792103767395, 5.700008392333984, 0.9862064123153687, 1.8745225667953491, -8.835953712463379, 3.8721771240234375, 0.97226482629776, -7.68736457824707, -3.927743434906006, 29.552997589111328, -5.740787029266357, 3.256152391433716, 3.134977340698242, 13.692689895629883, -1.4796929359436035, -3.7287094593048096], [-2.136007070541382, 6.198641777038574, 5.0349440574646, -4.913479328155518, -4.078678607940674, 3.8729660511016846, -7.365580081939697, 5.725327491760254, -3.8049566745758057, 3.908327102661133, -3.555715799331665, 6.451916694641113, 4.317748069763184, -0.5766233801841736, -5.740787029266357, 25.635717391967773, -7.146430015563965, -0.2815660238265991, 4.124521255493164, -8.910160064697266, 5.615653991699219], [-1.6276037693023682, 1.3377283811569214, 5.749212741851807, 2.0296525955200195, 7.241662979125977, -4.9901204109191895, 0.3235262334346771, -5.3634562492370605, -6.029007911682129, -4.742980003356934, -2.679992914199829, -6.425445079803467, 5.758094787597656, 3.370842218399048, 3.256152629852295, -7.146430492401123, 35.96278381347656, 4.304584503173828, -4.029017925262451, -7.148744583129883, -0.3771607577800751], [-1.444364070892334, 1.3141882419586182, 2.214212656021118, -2.702150583267212, -0.07258105278015137, -2.209744453430176, 0.4496104121208191, -1.3108747005462646, 1.3328603506088257, -0.3528549075126648, 2.011061668395996, 3.3688178062438965, 0.008531862869858742, 0.37515148520469666, 3.134977340698242, -0.2815658152103424, 4.304584503173828, 12.93613052368164, -3.752943754196167, -4.132585048675537, 0.23040160536766052], [2.8418917655944824, -1.3164277076721191, -5.332866668701172, -2.1401638984680176, 5.847959518432617, 2.620248556137085, 2.028545618057251, 0.04410967230796814, 1.5163531303405762, -4.215288162231445, 0.037343017756938934, -2.20350980758667, -17.815261840820312, 0.30192452669143677, 13.692688941955566, 4.124520778656006, -4.029017925262451, -3.752943754196167, 33.810394287109375, -1.140068531036377, -1.0623040199279785], [2.885873317718506, 2.658078193664551, 3.5639374256134033, 4.119686126708984, 7.405059814453125, -2.768209457397461, 9.727729797363281, -1.962746500968933, -0.40138307213783264, -5.756843566894531, -8.776660919189453, -6.24185848236084, 8.385031700134277, 3.229745388031006, -1.4796932935714722, -8.910160064697266, -7.148744583129883, -4.132585048675537, -1.140068531036377, 40.43665313720703, -3.6812963485717773], [-2.045910358428955, -4.207420349121094, -6.578102111816406, 1.7749130725860596, -3.6378817558288574, -5.036336898803711, -5.739394664764404, 0.2273237705230713, 3.3628780841827393, 1.227038860321045, 9.138448715209961, 5.720795631408691, -3.841062307357788, 11.059791564941406, -3.7287099361419678, 5.615654468536377, -0.37716108560562134, 0.23040178418159485, -1.0623044967651367, -3.681295394897461, 35.899986267089844]], "type": "heatmap"}], "layout": {"template": {"data": {"histogram2dcontour": [{"type": "histogram2dcontour", "colorbar": {"outlinewidth": 0, "ticks": ""}, "colorscale": [[0.0, "#0d0887"], [0.1111111111111111, "#46039f"], [0.2222222222222222, "#7201a8"], [0.3333333333333333, "#9c179e"], [0.4444444444444444, "#bd3786"], [0.5555555555555556, "#d8576b"], [0.6666666666666666, "#ed7953"], [0.7777777777777778, "#fb9f3a"], [0.8888888888888888, "#fdca26"], [1.0, "#f0f921"]]}], "choropleth": [{"type": "choropleth", "colorbar": {"outlinewidth": 0, "ticks": ""}}], "histogram2d": [{"type": "histogram2d", "colorbar": {"outlinewidth": 0, "ticks": ""}, "colorscale": [[0.0, "#0d0887"], [0.1111111111111111, "#46039f"], [0.2222222222222222, "#7201a8"], [0.3333333333333333, "#9c179e"], [0.4444444444444444, "#bd3786"], [0.5555555555555556, "#d8576b"], [0.6666666666666666, "#ed7953"], [0.7777777777777778, "#fb9f3a"], [0.8888888888888888, "#fdca26"], [1.0, "#f0f921"]]}], "heatmap": [{"type": "heatmap", "colorbar": {"outlinewidth": 0, "ticks": ""}, "colorscale": [[0.0, "#0d0887"], [0.1111111111111111, "#46039f"], [0.2222222222222222, "#7201a8"], [0.3333333333333333, "#9c179e"], [0.4444444444444444, "#bd3786"], [0.5555555555555556, "#d8576b"], [0.6666666666666666, "#ed7953"], [0.7777777777777778, "#fb9f3a"], [0.8888888888888888, "#fdca26"], [1.0, "#f0f921"]]}], "heatmapgl": [{"type": "heatmapgl", "colorbar": {"outlinewidth": 0, "ticks": ""}, "colorscale": [[0.0, "#0d0887"], [0.1111111111111111, "#46039f"], [0.2222222222222222, "#7201a8"], [0.3333333333333333, "#9c179e"], [0.4444444444444444, "#bd3786"], [0.5555555555555556, "#d8576b"], [0.6666666666666666, "#ed7953"], [0.7777777777777778, "#fb9f3a"], [0.8888888888888888, "#fdca26"], [1.0, "#f0f921"]]}], "contourcarpet": [{"type": "contourcarpet", "colorbar": {"outlinewidth": 0, "ticks": ""}}], "contour": [{"type": "contour", "colorbar": {"outlinewidth": 0, "ticks": ""}, "colorscale": [[0.0, "#0d0887"], [0.1111111111111111, "#46039f"], [0.2222222222222222, "#7201a8"], [0.3333333333333333, "#9c179e"], [0.4444444444444444, "#bd3786"], [0.5555555555555556, "#d8576b"], [0.6666666666666666, "#ed7953"], [0.7777777777777778, "#fb9f3a"], [0.8888888888888888, "#fdca26"], [1.0, "#f0f921"]]}], "surface": [{"type": "surface", "colorbar": {"outlinewidth": 0, "ticks": ""}, "colorscale": [[0.0, "#0d0887"], [0.1111111111111111, "#46039f"], [0.2222222222222222, "#7201a8"], [0.3333333333333333, "#9c179e"], [0.4444444444444444, "#bd3786"], [0.5555555555555556, "#d8576b"], [0.6666666666666666, "#ed7953"], [0.7777777777777778, "#fb9f3a"], [0.8888888888888888, "#fdca26"], [1.0, "#f0f921"]]}], "mesh3d": [{"type": "mesh3d", "colorbar": {"outlinewidth": 0, "ticks": ""}}], "scatter": [{"fillpattern": {"fillmode": "overlay", "size": 10, "solidity": 0.2}, "type": "scatter"}], "parcoords": [{"type": "parcoords", "line": {"colorbar": {"outlinewidth": 0, "ticks": ""}}}], "scatterpolargl": [{"type": "scatterpolargl", "marker": {"colorbar": {"outlinewidth": 0, "ticks": ""}}}], "bar": [{"error_x": {"color": "#2a3f5f"}, "error_y": {"color": "#2a3f5f"}, "marker": {"line": {"color": "#E5ECF6", "width": 0.5}, "pattern": {"fillmode": "overlay", "size": 10, "solidity": 0.2}}, "type": "bar"}], "scattergeo": [{"type": "scattergeo", "marker": {"colorbar": {"outlinewidth": 0, "ticks": ""}}}], "scatterpolar": [{"type": "scatterpolar", "marker": {"colorbar": {"outlinewidth": 0, "ticks": ""}}}], "histogram": [{"marker": {"pattern": {"fillmode": "overlay", "size": 10, "solidity": 0.2}}, "type": "histogram"}], "scattergl": [{"type": "scattergl", "marker": {"colorbar": {"outlinewidth": 0, "ticks": ""}}}], "scatter3d": [{"type": "scatter3d", "line": {"colorbar": {"outlinewidth": 0, "ticks": ""}}, "marker": {"colorbar": {"outlinewidth": 0, "ticks": ""}}}], "scattermapbox": [{"type": "scattermapbox", "marker": {"colorbar": {"outlinewidth": 0, "ticks": ""}}}], "scatterternary": [{"type": "scatterternary", "marker": {"colorbar": {"outlinewidth": 0, "ticks": ""}}}], "scattercarpet": [{"type": "scattercarpet", "marker": {"colorbar": {"outlinewidth": 0, "ticks": ""}}}], "carpet": [{"aaxis": {"endlinecolor": "#2a3f5f", "gridcolor": "white", "linecolor": "white", "minorgridcolor": "white", "startlinecolor": "#2a3f5f"}, "baxis": {"endlinecolor": "#2a3f5f", "gridcolor": "white", "linecolor": "white", "minorgridcolor": "white", "startlinecolor": "#2a3f5f"}, "type": "carpet"}], "table": [{"cells": {"fill": {"color": "#EBF0F8"}, "line": {"color": "white"}}, "header": {"fill": {"color": "#C8D4E3"}, "line": {"color": "white"}}, "type": "table"}], "barpolar": [{"marker": {"line": {"color": "#E5ECF6", "width": 0.5}, "pattern": {"fillmode": "overlay", "size": 10, "solidity": 0.2}}, "type": "barpolar"}], "pie": [{"automargin": true, "type": "pie"}]}, "layout": {"autotypenumbers": "strict", "colorway": ["#636efa", "#EF553B", "#00cc96", "#ab63fa", "#FFA15A", "#19d3f3", "#FF6692", "#B6E880", "#FF97FF", "#FECB52"], "font": {"color": "#2a3f5f"}, "hovermode": "closest", "hoverlabel": {"align": "left"}, "paper_bgcolor": "white", "plot_bgcolor": "#E5ECF6", "polar": {"bgcolor": "#E5ECF6", "angularaxis": {"gridcolor": "white", "linecolor": "white", "ticks": ""}, "radialaxis": {"gridcolor": "white", "linecolor": "white", "ticks": ""}}, "ternary": {"bgcolor": "#E5ECF6", "aaxis": {"gridcolor": "white", "linecolor": "white", "ticks": ""}, "baxis": {"gridcolor": "white", "linecolor": "white", "ticks": ""}, "caxis": {"gridcolor": "white", "linecolor": "white", "ticks": ""}}, "coloraxis": {"colorbar": {"outlinewidth": 0, "ticks": ""}}, "colorscale": {"sequential": [[0.0, "#0d0887"], [0.1111111111111111, "#46039f"], [0.2222222222222222, "#7201a8"], [0.3333333333333333, "#9c179e"], [0.4444444444444444, "#bd3786"], [0.5555555555555556, "#d8576b"], [0.6666666666666666, "#ed7953"], [0.7777777777777778, "#fb9f3a"], [0.8888888888888888, "#fdca26"], [1.0, "#f0f921"]], "sequentialminus": [[0.0, "#0d0887"], [0.1111111111111111, "#46039f"], [0.2222222222222222, "#7201a8"], [0.3333333333333333, "#9c179e"], [0.4444444444444444, "#bd3786"], [0.5555555555555556, "#d8576b"], [0.6666666666666666, "#ed7953"], [0.7777777777777778, "#fb9f3a"], [0.8888888888888888, "#fdca26"], [1.0, "#f0f921"]], "diverging": [[0, "#8e0152"], [0.1, "#c51b7d"], [0.2, "#de77ae"], [0.3, "#f1b6da"], [0.4, "#fde0ef"], [0.5, "#f7f7f7"], [0.6, "#e6f5d0"], [0.7, "#b8e186"], [0.8, "#7fbc41"], [0.9, "#4d9221"], [1, "#276419"]]}, "xaxis": {"gridcolor": "white", "linecolor": "white", "ticks": "", "title": {"standoff": 15}, "zerolinecolor": "white", "automargin": true, "zerolinewidth": 2}, "yaxis": {"gridcolor": "white", "linecolor": "white", "ticks": "", "title": {"standoff": 15}, "zerolinecolor": "white", "automargin": true, "zerolinewidth": 2}, "scene": {"xaxis": {"backgroundcolor": "#E5ECF6", "gridcolor": "white", "linecolor": "white", "showbackground": true, "ticks": "", "zerolinecolor": "white", "gridwidth": 2}, "yaxis": {"backgroundcolor": "#E5ECF6", "gridcolor": "white", "linecolor": "white", "showbackground": true, "ticks": "", "zerolinecolor": "white", "gridwidth": 2}, "zaxis": {"backgroundcolor": "#E5ECF6", "gridcolor": "white", "linecolor": "white", "showbackground": true, "ticks": "", "zerolinecolor": "white", "gridwidth": 2}}, "shapedefaults": {"line": {"color": "#2a3f5f"}}, "annotationdefaults": {"arrowcolor": "#2a3f5f", "arrowhead": 0, "arrowwidth": 1}, "geo": {"bgcolor": "white", "landcolor": "#E5ECF6", "subunitcolor": "white", "showland": true, "showlakes": true, "lakecolor": "white"}, "title": {"x": 0.05}, "mapbox": {"style": "light"}}}}}