{"data": [{"z": [[16.774227142333984, 2.69449520111084, -5.401928901672363, -1.9488747119903564, 3.3900890350341797, 3.0199689865112305, 0.17061403393745422, 1.370453953742981, 0.2284274846315384, 2.1212894916534424, -2.8582088947296143, -0.5607524514198303, 5.18726110458374, -5.039889812469482, -0.07969395071268082, -2.035426139831543, -1.391445517539978, -1.203708529472351, 2.6362221240997314, 2.4610445499420166, -2.0150279998779297], [2.69449520111084, 20.680091857910156, 1.1712793111801147, -6.1700615882873535, 2.94252347946167, -3.541743755340576, -3.1766812801361084, 1.476751685142517, -0.6717337369918823, -2.299337148666382, -7.638578414916992, 2.185274600982666, 9.395922660827637, -4.348644733428955, 5.13292932510376, 5.9536590576171875, 1.258253574371338, 1.3863208293914795, -1.2148951292037964, 2.3985443115234375, -4.008481979370117], [-5.401928901672363, 1.1712793111801147, 19.5936222076416, -4.629626750946045, -0.08557997643947601, 0.32895132899284363, 3.695807456970215, 3.611112117767334, -0.4849814772605896, 2.1217901706695557, -1.207129716873169, -2.340456008911133, -0.006069066468626261, 0.991326093673706, -4.264318466186523, 4.694943428039551, 5.575383186340332, 2.1818337440490723, -5.110591888427734, 3.525362730026245, -6.5400919914245605], [-1.9488747119903564, -6.1700615882873535, -4.629626750946045, 22.783296585083008, 1.1148326396942139, -1.3727953433990479, -4.306703567504883, -5.390483856201172, -2.9722695350646973, -2.2816383838653564, -6.286009311676025, -2.2101383209228516, -0.7435941696166992, 2.4723005294799805, -1.795179843902588, -4.43601131439209, 2.1173768043518066, -2.6450140476226807, -1.8455395698547363, 3.9433298110961914, 1.8176158666610718], [3.3900890350341797, 2.94252347946167, -0.08557997643947601, 1.1148326396942139, 19.5830078125, 2.5424678325653076, 5.756366729736328, -5.751045227050781, -0.3403764069080353, -6.136394023895264, -1.7743643522262573, -4.630970478057861, 1.5691639184951782, 4.786285400390625, 4.296413898468018, -3.929456949234009, 7.081588268280029, -0.01965165138244629, 5.823836326599121, 6.692108631134033, -3.422546148300171], [3.0199689865112305, -3.541743755340576, 0.32895132899284363, -1.3727953433990479, 2.5424678325653076, 20.452665328979492, 2.502251386642456, 6.062905788421631, 1.5658957958221436, 6.071539878845215, -5.8532562255859375, -0.8532057404518127, 1.9104713201522827, -7.016470909118652, 2.40346360206604, 3.576000452041626, -4.4038567543029785, -1.840489149093628, 2.4673616886138916, -2.544677257537842, -4.900026798248291], [0.17061403393745422, -3.1766812801361084, 3.695807456970215, -4.306703567504883, 5.756366729736328, 2.502251386642456, 33.46923065185547, -3.520463466644287, -1.5414457321166992, 4.748122692108154, 7.9378180503845215, 8.656851768493652, -7.2704997062683105, 5.032780170440674, 5.056991100311279, -7.385034561157227, 0.5448136329650879, 0.44073987007141113, 1.6862425804138184, 9.483781814575195, -5.692166328430176], [1.370453953742981, 1.476751685142517, 3.611112117767334, -5.390483856201172, -5.751045227050781, 6.062905788421631, -3.520463466644287, 19.227401733398438, 1.1507091522216797, 2.644171953201294, 0.4422309696674347, 7.366361141204834, -4.445377826690674, -3.823421001434326, 0.9250402450561523, 5.3409223556518555, -4.950249195098877, -1.206243634223938, -0.029725074768066406, -1.3915278911590576, 0.14538806676864624], [0.2284274846315384, -0.6717337369918823, -0.4849814772605896, -2.9722695350646973, -0.3403764069080353, 1.5658957958221436, -1.5414457321166992, 1.1507091522216797, 17.44190216064453, 4.202850818634033, 5.470942497253418, -3.0290722846984863, -7.3704833984375, 5.0005621910095215, 1.8573906421661377, -3.781097173690796, -5.458657264709473, 1.388681411743164, 1.3610305786132812, -0.5446305274963379, 3.296243190765381], [2.1212894916534424, -2.299337148666382, 2.1217901706695557, -2.2816383838653564, -6.136394023895264, 6.071539878845215, 4.748122692108154, 2.644171953201294, 4.202850818634033, 15.932146072387695, -2.950160503387451, 6.44337272644043, -1.7036415338516235, -2.424919605255127, -8.356006622314453, 3.7845711708068848, -4.2253875732421875, -0.05067199468612671, -4.370510101318359, -5.055727958679199, 1.2968569993972778], [-2.8582088947296143, -7.638578414916992, -1.207129716873169, -6.286009311676025, -1.7743643522262573, -5.8532562255859375, 7.9378180503845215, 0.4422309696674347, 5.470942497253418, -2.950160503387451, 29.83681869506836, 3.6084632873535156, -9.74379825592041, 10.499789237976074, 3.5860610008239746, -3.7060344219207764, -2.451814651489258, 1.745802640914917, -0.21222496032714844, -8.252180099487305, 9.002174377441406], [-0.5607524514198303, 2.185274600982666, -2.340456008911133, -2.2101383209228516, -4.630970478057861, -0.8532057404518127, 8.656851768493652, 7.366361141204834, -3.0290722846984863, 6.44337272644043, 3.6084632873535156, 26.504234313964844, -7.595685958862305, -0.6204731464385986, 0.8804488182067871, 6.046529769897461, -5.9371747970581055, 3.2443900108337402, -2.3140432834625244, -5.260490417480469, 5.50058650970459], [5.18726110458374, 9.395922660827637, -0.006069066468626261, -0.7435941696166992, 1.5691639184951782, 1.9104713201522827, -7.2704997062683105, -4.445377826690674, -7.3704833984375, -1.7036415338516235, -9.74379825592041, -7.595685958862305, 42.53029251098633, -6.239748001098633, -7.497481346130371, 4.293806552886963, 5.412076950073242, 0.1035161018371582, -16.851308822631836, 7.877950668334961, -3.6757895946502686], [-5.039889812469482, -4.348644733428955, 0.991326093673706, 2.4723005294799805, 4.786285400390625, -7.016470909118652, 5.032780170440674, -3.823421001434326, 5.0005621910095215, -2.424919605255127, 10.499789237976074, -0.6204731464385986, -6.239748001098633, 17.47311019897461, -3.8680241107940674, -0.713798463344574, 3.217843532562256, 0.11459469795227051, 0.2626155614852905, 3.0632946491241455, 10.655837059020996], [-0.07969395071268082, 5.13292932510376, -4.264318466186523, -1.795179843902588, 4.296413898468018, 2.40346360206604, 5.056991100311279, 0.9250402450561523, 1.8573906421661377, -8.356006622314453, 3.5860610008239746, 0.8804488182067871, -7.497481346130371, -3.8680241107940674, 28.71504020690918, -5.875066757202148, 3.32966685295105, 3.2123494148254395, 13.155108451843262, -1.4848637580871582, -3.7275519371032715], [-2.035426139831543, 5.9536590576171875, 4.694943428039551, -4.43601131439209, -3.929456949234009, 3.576000452041626, -7.385034561157227, 5.3409223556518555, -3.781097173690796, 3.7845711708068848, -3.7060344219207764, 6.046529769897461, 4.293806552886963, -0.713798463344574, -5.875066757202148, 24.759302139282227, -6.878698348999023, -0.40905267000198364, 4.016355037689209, -8.34856128692627, 5.510763645172119], [-1.3914449214935303, 1.2582534551620483, 5.575381755828857, 2.1173770427703857, 7.081587791442871, -4.4038567543029785, 0.5448129773139954, -4.950249671936035, -5.458657264709473, -4.2253875732421875, -2.451814651489258, -5.9371747970581055, 5.412076950073242, 3.217843532562256, 3.3296661376953125, -6.878697872161865, 34.38230895996094, 4.049063682556152, -3.2955517768859863, -6.769792556762695, -0.5114874839782715], [-1.203708529472351, 1.3863203525543213, 2.181833505630493, -2.6450138092041016, -0.01965196803212166, -1.8404889106750488, 0.4407399296760559, -1.2062437534332275, 1.3886815309524536, -0.050672225654125214, 1.745802640914917, 3.2443904876708984, 0.10351668298244476, 0.11459466814994812, 3.2123498916625977, -0.40905246138572693, 4.049063682556152, 12.546316146850586, -3.5161495208740234, -3.7278976440429688, 0.025308728218078613], [2.6362221240997314, -1.2148946523666382, -5.110591411590576, -1.84553861618042, 5.823835849761963, 2.4673619270324707, 1.6862423419952393, -0.029724879190325737, 1.361030101776123, -4.370510101318359, -0.21222487092018127, -2.3140432834625244, -16.8513126373291, 0.2626156806945801, 13.155108451843262, 4.016355037689209, -3.2955517768859863, -3.5161495208740234, 32.6882438659668, -1.0090394020080566, -0.9884697198867798], [2.461045026779175, 2.3985443115234375, 3.525362491607666, 3.9433300495147705, 6.692109107971191, -2.544677257537842, 9.483779907226562, -1.3915276527404785, -0.5446306467056274, -5.055727481842041, -8.252181053161621, -5.260489463806152, 7.877950668334961, 3.0632946491241455, -1.484863519668579, -8.348562240600586, -6.769792556762695, -3.7278976440429688, -1.0090394020080566, 38.68678283691406, -3.3769619464874268], [-2.0150279998779297, -4.008481502532959, -6.540091514587402, 1.8176162242889404, -3.422546863555908, -4.900026321411133, -5.692166805267334, 0.1453876495361328, 3.296243667602539, 1.2968573570251465, 9.002174377441406, 5.5005879402160645, -3.675790548324585, 10.655837059020996, -3.7275521755218506, 5.510762691497803, -0.5114874839782715, 0.025308549404144287, -0.9884700775146484, -3.376962661743164, 35.899986267089844]], "type": "heatmap"}], "layout": {"template": {"data": {"histogram2dcontour": [{"type": "histogram2dcontour", "colorbar": {"outlinewidth": 0, "ticks": ""}, "colorscale": [[0.0, "#0d0887"], [0.1111111111111111, "#46039f"], [0.2222222222222222, "#7201a8"], [0.3333333333333333, "#9c179e"], [0.4444444444444444, "#bd3786"], [0.5555555555555556, "#d8576b"], [0.6666666666666666, "#ed7953"], [0.7777777777777778, "#fb9f3a"], [0.8888888888888888, "#fdca26"], [1.0, "#f0f921"]]}], "choropleth": [{"type": "choropleth", "colorbar": {"outlinewidth": 0, "ticks": ""}}], "histogram2d": [{"type": "histogram2d", "colorbar": {"outlinewidth": 0, "ticks": ""}, "colorscale": [[0.0, "#0d0887"], [0.1111111111111111, "#46039f"], [0.2222222222222222, "#7201a8"], [0.3333333333333333, "#9c179e"], [0.4444444444444444, "#bd3786"], [0.5555555555555556, "#d8576b"], [0.6666666666666666, "#ed7953"], [0.7777777777777778, "#fb9f3a"], [0.8888888888888888, "#fdca26"], [1.0, "#f0f921"]]}], "heatmap": [{"type": "heatmap", "colorbar": {"outlinewidth": 0, "ticks": ""}, "colorscale": [[0.0, "#0d0887"], [0.1111111111111111, "#46039f"], [0.2222222222222222, "#7201a8"], [0.3333333333333333, "#9c179e"], [0.4444444444444444, "#bd3786"], [0.5555555555555556, "#d8576b"], [0.6666666666666666, "#ed7953"], [0.7777777777777778, "#fb9f3a"], [0.8888888888888888, "#fdca26"], [1.0, "#f0f921"]]}], "heatmapgl": [{"type": "heatmapgl", "colorbar": {"outlinewidth": 0, "ticks": ""}, "colorscale": [[0.0, "#0d0887"], [0.1111111111111111, "#46039f"], [0.2222222222222222, "#7201a8"], [0.3333333333333333, "#9c179e"], [0.4444444444444444, "#bd3786"], [0.5555555555555556, "#d8576b"], [0.6666666666666666, "#ed7953"], [0.7777777777777778, "#fb9f3a"], [0.8888888888888888, "#fdca26"], [1.0, "#f0f921"]]}], "contourcarpet": [{"type": "contourcarpet", "colorbar": {"outlinewidth": 0, "ticks": ""}}], "contour": [{"type": "contour", "colorbar": {"outlinewidth": 0, "ticks": ""}, "colorscale": [[0.0, "#0d0887"], [0.1111111111111111, "#46039f"], [0.2222222222222222, "#7201a8"], [0.3333333333333333, "#9c179e"], [0.4444444444444444, "#bd3786"], [0.5555555555555556, "#d8576b"], [0.6666666666666666, "#ed7953"], [0.7777777777777778, "#fb9f3a"], [0.8888888888888888, "#fdca26"], [1.0, "#f0f921"]]}], "surface": [{"type": "surface", "colorbar": {"outlinewidth": 0, "ticks": ""}, "colorscale": [[0.0, "#0d0887"], [0.1111111111111111, "#46039f"], [0.2222222222222222, "#7201a8"], [0.3333333333333333, "#9c179e"], [0.4444444444444444, "#bd3786"], [0.5555555555555556, "#d8576b"], [0.6666666666666666, "#ed7953"], [0.7777777777777778, "#fb9f3a"], [0.8888888888888888, "#fdca26"], [1.0, "#f0f921"]]}], "mesh3d": [{"type": "mesh3d", "colorbar": {"outlinewidth": 0, "ticks": ""}}], "scatter": [{"fillpattern": {"fillmode": "overlay", "size": 10, "solidity": 0.2}, "type": "scatter"}], "parcoords": [{"type": "parcoords", "line": {"colorbar": {"outlinewidth": 0, "ticks": ""}}}], "scatterpolargl": [{"type": "scatterpolargl", "marker": {"colorbar": {"outlinewidth": 0, "ticks": ""}}}], "bar": [{"error_x": {"color": "#2a3f5f"}, "error_y": {"color": "#2a3f5f"}, "marker": {"line": {"color": "#E5ECF6", "width": 0.5}, "pattern": {"fillmode": "overlay", "size": 10, "solidity": 0.2}}, "type": "bar"}], "scattergeo": [{"type": "scattergeo", "marker": {"colorbar": {"outlinewidth": 0, "ticks": ""}}}], "scatterpolar": [{"type": "scatterpolar", "marker": {"colorbar": {"outlinewidth": 0, "ticks": ""}}}], "histogram": [{"marker": {"pattern": {"fillmode": "overlay", "size": 10, "solidity": 0.2}}, "type": "histogram"}], "scattergl": [{"type": "scattergl", "marker": {"colorbar": {"outlinewidth": 0, "ticks": ""}}}], "scatter3d": [{"type": "scatter3d", "line": {"colorbar": {"outlinewidth": 0, "ticks": ""}}, "marker": {"colorbar": {"outlinewidth": 0, "ticks": ""}}}], "scattermapbox": [{"type": "scattermapbox", "marker": {"colorbar": {"outlinewidth": 0, "ticks": ""}}}], "scatterternary": [{"type": "scatterternary", "marker": {"colorbar": {"outlinewidth": 0, "ticks": ""}}}], "scattercarpet": [{"type": "scattercarpet", "marker": {"colorbar": {"outlinewidth": 0, "ticks": ""}}}], "carpet": [{"aaxis": {"endlinecolor": "#2a3f5f", "gridcolor": "white", "linecolor": "white", "minorgridcolor": "white", "startlinecolor": "#2a3f5f"}, "baxis": {"endlinecolor": "#2a3f5f", "gridcolor": "white", "linecolor": "white", "minorgridcolor": "white", "startlinecolor": "#2a3f5f"}, "type": "carpet"}], "table": [{"cells": {"fill": {"color": "#EBF0F8"}, "line": {"color": "white"}}, "header": {"fill": {"color": "#C8D4E3"}, "line": {"color": "white"}}, "type": "table"}], "barpolar": [{"marker": {"line": {"color": "#E5ECF6", "width": 0.5}, "pattern": {"fillmode": "overlay", "size": 10, "solidity": 0.2}}, "type": "barpolar"}], "pie": [{"automargin": true, "type": "pie"}]}, "layout": {"autotypenumbers": "strict", "colorway": ["#636efa", "#EF553B", "#00cc96", "#ab63fa", "#FFA15A", "#19d3f3", "#FF6692", "#B6E880", "#FF97FF", "#FECB52"], "font": {"color": "#2a3f5f"}, "hovermode": "closest", "hoverlabel": {"align": "left"}, "paper_bgcolor": "white", "plot_bgcolor": "#E5ECF6", "polar": {"bgcolor": "#E5ECF6", "angularaxis": {"gridcolor": "white", "linecolor": "white", "ticks": ""}, "radialaxis": {"gridcolor": "white", "linecolor": "white", "ticks": ""}}, "ternary": {"bgcolor": "#E5ECF6", "aaxis": {"gridcolor": "white", "linecolor": "white", "ticks": ""}, "baxis": {"gridcolor": "white", "linecolor": "white", "ticks": ""}, "caxis": {"gridcolor": "white", "linecolor": "white", "ticks": ""}}, "coloraxis": {"colorbar": {"outlinewidth": 0, "ticks": ""}}, "colorscale": {"sequential": [[0.0, "#0d0887"], [0.1111111111111111, "#46039f"], [0.2222222222222222, "#7201a8"], [0.3333333333333333, "#9c179e"], [0.4444444444444444, "#bd3786"], [0.5555555555555556, "#d8576b"], [0.6666666666666666, "#ed7953"], [0.7777777777777778, "#fb9f3a"], [0.8888888888888888, "#fdca26"], [1.0, "#f0f921"]], "sequentialminus": [[0.0, "#0d0887"], [0.1111111111111111, "#46039f"], [0.2222222222222222, "#7201a8"], [0.3333333333333333, "#9c179e"], [0.4444444444444444, "#bd3786"], [0.5555555555555556, "#d8576b"], [0.6666666666666666, "#ed7953"], [0.7777777777777778, "#fb9f3a"], [0.8888888888888888, "#fdca26"], [1.0, "#f0f921"]], "diverging": [[0, "#8e0152"], [0.1, "#c51b7d"], [0.2, "#de77ae"], [0.3, "#f1b6da"], [0.4, "#fde0ef"], [0.5, "#f7f7f7"], [0.6, "#e6f5d0"], [0.7, "#b8e186"], [0.8, "#7fbc41"], [0.9, "#4d9221"], [1, "#276419"]]}, "xaxis": {"gridcolor": "white", "linecolor": "white", "ticks": "", "title": {"standoff": 15}, "zerolinecolor": "white", "automargin": true, "zerolinewidth": 2}, "yaxis": {"gridcolor": "white", "linecolor": "white", "ticks": "", "title": {"standoff": 15}, "zerolinecolor": "white", "automargin": true, "zerolinewidth": 2}, "scene": {"xaxis": {"backgroundcolor": "#E5ECF6", "gridcolor": "white", "linecolor": "white", "showbackground": true, "ticks": "", "zerolinecolor": "white", "gridwidth": 2}, "yaxis": {"backgroundcolor": "#E5ECF6", "gridcolor": "white", "linecolor": "white", "showbackground": true, "ticks": "", "zerolinecolor": "white", "gridwidth": 2}, "zaxis": {"backgroundcolor": "#E5ECF6", "gridcolor": "white", "linecolor": "white", "showbackground": true, "ticks": "", "zerolinecolor": "white", "gridwidth": 2}}, "shapedefaults": {"line": {"color": "#2a3f5f"}}, "annotationdefaults": {"arrowcolor": "#2a3f5f", "arrowhead": 0, "arrowwidth": 1}, "geo": {"bgcolor": "white", "landcolor": "#E5ECF6", "subunitcolor": "white", "showland": true, "showlakes": true, "lakecolor": "white"}, "title": {"x": 0.05}, "mapbox": {"style": "light"}}}}}