{"data": [{"z": [[16.987035751342773, 2.6781365871429443, -5.4918622970581055, -1.8951976299285889, 3.3805689811706543, 3.0736727714538574, 0.0637592151761055, 1.380423903465271, 0.24472945928573608, 2.1547279357910156, -2.9749979972839355, -0.5920963883399963, 5.24471378326416, -5.161146640777588, -0.11584700644016266, -2.070126533508301, -1.454024076461792, -1.2855751514434814, 2.679661273956299, 2.477708339691162, -2.0043697357177734], [2.6781365871429443, 20.843854904174805, 1.2118046283721924, -6.276750087738037, 2.9756948947906494, -3.5805821418762207, -3.1444547176361084, 1.4655972719192505, -0.7164539694786072, -2.3544845581054688, -7.671781539916992, 2.1759607791900635, 9.453189849853516, -4.448671340942383, 5.159165859222412, 5.987475872039795, 1.2379541397094727, 1.347404956817627, -1.233237624168396, 2.4059581756591797, -4.050523281097412], [-5.4918622970581055, 1.2118046283721924, 19.705629348754883, -4.761981010437012, -0.0678514838218689, 0.29813045263290405, 3.770826578140259, 3.615669012069702, -0.5465531945228577, 2.0781164169311523, -1.1764901876449585, -2.3629775047302246, -0.04313451424241066, 0.9617859721183777, -4.262740612030029, 4.764340400695801, 5.6061506271362305, 2.182966947555542, -5.144585609436035, 3.50873064994812, -6.54140567779541], [-1.8951976299285889, -6.276750087738037, -4.761981010437012, 22.98529052734375, 1.0931835174560547, -1.3587216138839722, -4.426783084869385, -5.453763484954834, -2.961857795715332, -2.2272908687591553, -6.384555816650391, -2.2941651344299316, -0.7260124683380127, 2.5385265350341797, -1.8683531284332275, -4.501363277435303, 2.0941953659057617, -2.6086812019348145, -1.8917226791381836, 3.9831409454345703, 1.8142731189727783], [3.3805689811706543, 2.9756948947906494, -0.0678514838218689, 1.0931835174560547, 19.749765396118164, 2.5615317821502686, 5.808497428894043, -5.879223823547363, -0.3315853476524353, -6.209558010101318, -1.8177622556686401, -4.740134239196777, 1.5970169305801392, 4.790333271026611, 4.305178642272949, -3.9673802852630615, 7.085928440093994, -0.04549384117126465, 5.808727264404297, 6.7625885009765625, -3.4509267807006836], [3.0736727714538574, -3.5805821418762207, 0.29813045263290405, -1.3587216138839722, 2.5615317821502686, 20.644351959228516, 2.4479637145996094, 6.0954108238220215, 1.6198076009750366, 6.102046966552734, -5.989072799682617, -0.8690575957298279, 1.930306315422058, -7.143939971923828, 2.399162769317627, 3.612419366836548, -4.516214847564697, -1.9245973825454712, 2.482451915740967, -2.605006456375122, -4.906550884246826], [0.0637592151761055, -3.1444547176361084, 3.770826578140259, -4.426783084869385, 5.808497428894043, 2.4479637145996094, 33.738956451416016, -3.5627315044403076, -1.6104971170425415, 4.732727527618408, 8.039610862731934, 8.717808723449707, -7.370296001434326, 5.081357002258301, 5.1310224533081055, -7.402378082275391, 0.5309492349624634, 0.4192850589752197, 1.6977293491363525, 9.48885726928711, -5.70628547668457], [1.380423903465271, 1.4655972719192505, 3.615669012069702, -5.453763484954834, -5.879223823547363, 6.0954108238220215, -3.5627315044403076, 19.37871742248535, 1.163870096206665, 2.6401255130767822, 0.4806305468082428, 7.477603912353516, -4.564456462860107, -3.875474452972412, 0.9104580283164978, 5.378671169281006, -5.0222578048706055, -1.253745198249817, -0.02544260025024414, -1.5103330612182617, 0.1576816439628601], [0.24472945928573608, -0.7164539694786072, -0.5465531945228577, -2.961857795715332, -0.3315853476524353, 1.6198076009750366, -1.6104971170425415, 1.163870096206665, 17.640226364135742, 4.2457380294799805, 5.419907093048096, -3.074394464492798, -7.4680023193359375, 4.991236209869385, 1.829158902168274, -3.809922456741333, -5.543046951293945, 1.3797804117202759, 1.3570857048034668, -0.5615145564079285, 3.335801601409912], [2.1547279357910156, -2.3544845581054688, 2.0781164169311523, -2.2272908687591553, -6.209558010101318, 6.102046966552734, 4.732727527618408, 2.6401255130767822, 4.2457380294799805, 16.076663970947266, -2.9720458984375, 6.5062127113342285, -1.7295609712600708, -2.5483145713806152, -8.486099243164062, 3.786832809448242, -4.325441360473633, -0.12837418913841248, -4.3134613037109375, -5.203361511230469, 1.2708145380020142], [-2.9749979972839355, -7.671781539916992, -1.1764901876449585, -6.384555816650391, -1.8177622556686401, -5.989072799682617, 8.039610862731934, 0.4806305468082428, 5.419907093048096, -2.9720458984375, 30.096263885498047, 3.705859661102295, -9.854585647583008, 10.672731399536133, 3.624497413635254, -3.6798436641693115, -2.4636435508728027, 1.7967236042022705, -0.20021748542785645, -8.36422061920166, 9.030591011047363], [-0.5920963883399963, 2.1759607791900635, -2.3629775047302246, -2.2941651344299316, -4.740134239196777, -0.8690575957298279, 8.717808723449707, 7.477603912353516, -3.074394464492798, 6.5062127113342285, 3.705859661102295, 26.748794555664062, -7.709971904754639, -0.6141894459724426, 0.8996645212173462, 6.125697612762451, -5.982597351074219, 3.2783403396606445, -2.29840350151062, -5.420510292053223, 5.565180778503418], [5.24471378326416, 9.453189849853516, -0.04313451424241066, -0.7260124683380127, 1.5970169305801392, 1.930306315422058, -7.370296001434326, -4.564456462860107, -7.4680023193359375, -1.7295609712600708, -9.854585647583008, -7.709971904754639, 42.88578414916992, -6.324382305145264, -7.511064529418945, 4.277843952178955, 5.410557746887207, 0.04700160026550293, -16.978891372680664, 7.92514181137085, -3.6999454498291016], [-5.161146640777588, -4.448671340942383, 0.9617859721183777, 2.5385265350341797, 4.790333271026611, -7.143939971923828, 5.081357002258301, -3.875474452972412, 4.991236209869385, -2.5483145713806152, 10.672731399536133, -0.6141894459724426, -6.324382305145264, 17.725223541259766, -3.9240782260894775, -0.6763730049133301, 3.2571845054626465, 0.1481689214706421, 0.29096436500549316, 3.0700523853302, 10.755300521850586], [-0.11584700644016266, 5.159165859222412, -4.262740612030029, -1.8683531284332275, 4.305178642272949, 2.399162769317627, 5.1310224533081055, 0.9104580283164978, 1.829158902168274, -8.486099243164062, 3.624497413635254, 0.8996645212173462, -7.511064529418945, -3.9240782260894775, 28.853572845458984, -5.866619110107422, 3.3222670555114746, 3.168330669403076, 13.219923973083496, -1.5303220748901367, -3.7240700721740723], [-2.070126533508301, 5.987475872039795, 4.764340400695801, -4.501363277435303, -3.9673802852630615, 3.612419366836548, -7.402378082275391, 5.378671169281006, -3.809922456741333, 3.786832809448242, -3.6798436641693115, 6.125697612762451, 4.277843952178955, -0.6763730049133301, -5.866619110107422, 24.892047882080078, -6.927776336669922, -0.42598533630371094, 4.051699161529541, -8.459393501281738, 5.535909652709961], [-1.4540244340896606, 1.2379542589187622, 5.6061506271362305, 2.0941948890686035, 7.085928440093994, -4.5162153244018555, 0.5309493541717529, -5.022258758544922, -5.5430474281311035, -4.325441837310791, -2.4636435508728027, -5.9825968742370605, 5.410557270050049, 3.2571845054626465, 3.3222670555114746, -6.927776336669922, 34.67534637451172, 4.110017776489258, -3.4149065017700195, -6.850933074951172, -0.46362435817718506], [-1.285575270652771, 1.3474047183990479, 2.182967185974121, -2.6086809635162354, -0.045494195073843, -1.924597144126892, 0.41928526759147644, -1.253745198249817, 1.3797802925109863, -0.12837402522563934, 1.7967230081558228, 3.2783398628234863, 0.04700158163905144, 0.14816926419734955, 3.168330430984497, -0.42598554491996765, 4.110017776489258, 12.634873390197754, -3.5740697383880615, -3.8269362449645996, 0.066922128200531], [2.679661989212036, -1.2332371473312378, -5.144585609436035, -1.8917239904403687, 5.808727264404297, 2.482452154159546, 1.6977295875549316, -0.02544262260198593, 1.3570854663848877, -4.3134613037109375, -0.20021772384643555, -2.29840350151062, -16.978893280029297, 0.29096439480781555, 13.219922065734863, 4.051699161529541, -3.4149065017700195, -3.5740697383880615, 32.88634490966797, -1.0532516241073608, -0.9978852272033691], [2.477707862854004, 2.4059574604034424, 3.5087320804595947, 3.9831409454345703, 6.762588977813721, -2.6050057411193848, 9.488859176635742, -1.5103334188461304, -0.5615143775939941, -5.203361511230469, -8.36422061920166, -5.4205098152160645, 7.925140857696533, 3.0700526237487793, -1.5303221940994263, -8.459393501281738, -6.850933074951172, -3.8269362449645996, -1.0532516241073608, 38.964412689208984, -3.4077231884002686], [-2.0043697357177734, -4.050523281097412, -6.54140567779541, 1.8142731189727783, -3.4509270191192627, -4.906550407409668, -5.7062859535217285, 0.15768194198608398, 3.335801601409912, 1.270815372467041, 9.030590057373047, 5.565180778503418, -3.6999454498291016, 10.75529956817627, -3.7240700721740723, 5.535910129547119, -0.4636242985725403, 0.06692206859588623, -0.9978847503662109, -3.4077224731445312, 35.899986267089844]], "type": "heatmap"}], "layout": {"template": {"data": {"histogram2dcontour": [{"type": "histogram2dcontour", "colorbar": {"outlinewidth": 0, "ticks": ""}, "colorscale": [[0.0, "#0d0887"], [0.1111111111111111, "#46039f"], [0.2222222222222222, "#7201a8"], [0.3333333333333333, "#9c179e"], [0.4444444444444444, "#bd3786"], [0.5555555555555556, "#d8576b"], [0.6666666666666666, "#ed7953"], [0.7777777777777778, "#fb9f3a"], [0.8888888888888888, "#fdca26"], [1.0, "#f0f921"]]}], "choropleth": [{"type": "choropleth", "colorbar": {"outlinewidth": 0, "ticks": ""}}], "histogram2d": [{"type": "histogram2d", "colorbar": {"outlinewidth": 0, "ticks": ""}, "colorscale": [[0.0, "#0d0887"], [0.1111111111111111, "#46039f"], [0.2222222222222222, "#7201a8"], [0.3333333333333333, "#9c179e"], [0.4444444444444444, "#bd3786"], [0.5555555555555556, "#d8576b"], [0.6666666666666666, "#ed7953"], [0.7777777777777778, "#fb9f3a"], [0.8888888888888888, "#fdca26"], [1.0, "#f0f921"]]}], "heatmap": [{"type": "heatmap", "colorbar": {"outlinewidth": 0, "ticks": ""}, "colorscale": [[0.0, "#0d0887"], [0.1111111111111111, "#46039f"], [0.2222222222222222, "#7201a8"], [0.3333333333333333, "#9c179e"], [0.4444444444444444, "#bd3786"], [0.5555555555555556, "#d8576b"], [0.6666666666666666, "#ed7953"], [0.7777777777777778, "#fb9f3a"], [0.8888888888888888, "#fdca26"], [1.0, "#f0f921"]]}], "heatmapgl": [{"type": "heatmapgl", "colorbar": {"outlinewidth": 0, "ticks": ""}, "colorscale": [[0.0, "#0d0887"], [0.1111111111111111, "#46039f"], [0.2222222222222222, "#7201a8"], [0.3333333333333333, "#9c179e"], [0.4444444444444444, "#bd3786"], [0.5555555555555556, "#d8576b"], [0.6666666666666666, "#ed7953"], [0.7777777777777778, "#fb9f3a"], [0.8888888888888888, "#fdca26"], [1.0, "#f0f921"]]}], "contourcarpet": [{"type": "contourcarpet", "colorbar": {"outlinewidth": 0, "ticks": ""}}], "contour": [{"type": "contour", "colorbar": {"outlinewidth": 0, "ticks": ""}, "colorscale": [[0.0, "#0d0887"], [0.1111111111111111, "#46039f"], [0.2222222222222222, "#7201a8"], [0.3333333333333333, "#9c179e"], [0.4444444444444444, "#bd3786"], [0.5555555555555556, "#d8576b"], [0.6666666666666666, "#ed7953"], [0.7777777777777778, "#fb9f3a"], [0.8888888888888888, "#fdca26"], [1.0, "#f0f921"]]}], "surface": [{"type": "surface", "colorbar": {"outlinewidth": 0, "ticks": ""}, "colorscale": [[0.0, "#0d0887"], [0.1111111111111111, "#46039f"], [0.2222222222222222, "#7201a8"], [0.3333333333333333, "#9c179e"], [0.4444444444444444, "#bd3786"], [0.5555555555555556, "#d8576b"], [0.6666666666666666, "#ed7953"], [0.7777777777777778, "#fb9f3a"], [0.8888888888888888, "#fdca26"], [1.0, "#f0f921"]]}], "mesh3d": [{"type": "mesh3d", "colorbar": {"outlinewidth": 0, "ticks": ""}}], "scatter": [{"fillpattern": {"fillmode": "overlay", "size": 10, "solidity": 0.2}, "type": "scatter"}], "parcoords": [{"type": "parcoords", "line": {"colorbar": {"outlinewidth": 0, "ticks": ""}}}], "scatterpolargl": [{"type": "scatterpolargl", "marker": {"colorbar": {"outlinewidth": 0, "ticks": ""}}}], "bar": [{"error_x": {"color": "#2a3f5f"}, "error_y": {"color": "#2a3f5f"}, "marker": {"line": {"color": "#E5ECF6", "width": 0.5}, "pattern": {"fillmode": "overlay", "size": 10, "solidity": 0.2}}, "type": "bar"}], "scattergeo": [{"type": "scattergeo", "marker": {"colorbar": {"outlinewidth": 0, "ticks": ""}}}], "scatterpolar": [{"type": "scatterpolar", "marker": {"colorbar": {"outlinewidth": 0, "ticks": ""}}}], "histogram": [{"marker": {"pattern": {"fillmode": "overlay", "size": 10, "solidity": 0.2}}, "type": "histogram"}], "scattergl": [{"type": "scattergl", "marker": {"colorbar": {"outlinewidth": 0, "ticks": ""}}}], "scatter3d": [{"type": "scatter3d", "line": {"colorbar": {"outlinewidth": 0, "ticks": ""}}, "marker": {"colorbar": {"outlinewidth": 0, "ticks": ""}}}], "scattermapbox": [{"type": "scattermapbox", "marker": {"colorbar": {"outlinewidth": 0, "ticks": ""}}}], "scatterternary": [{"type": "scatterternary", "marker": {"colorbar": {"outlinewidth": 0, "ticks": ""}}}], "scattercarpet": [{"type": "scattercarpet", "marker": {"colorbar": {"outlinewidth": 0, "ticks": ""}}}], "carpet": [{"aaxis": {"endlinecolor": "#2a3f5f", "gridcolor": "white", "linecolor": "white", "minorgridcolor": "white", "startlinecolor": "#2a3f5f"}, "baxis": {"endlinecolor": "#2a3f5f", "gridcolor": "white", "linecolor": "white", "minorgridcolor": "white", "startlinecolor": "#2a3f5f"}, "type": "carpet"}], "table": [{"cells": {"fill": {"color": "#EBF0F8"}, "line": {"color": "white"}}, "header": {"fill": {"color": "#C8D4E3"}, "line": {"color": "white"}}, "type": "table"}], "barpolar": [{"marker": {"line": {"color": "#E5ECF6", "width": 0.5}, "pattern": {"fillmode": "overlay", "size": 10, "solidity": 0.2}}, "type": "barpolar"}], "pie": [{"automargin": true, "type": "pie"}]}, "layout": {"autotypenumbers": "strict", "colorway": ["#636efa", "#EF553B", "#00cc96", "#ab63fa", "#FFA15A", "#19d3f3", "#FF6692", "#B6E880", "#FF97FF", "#FECB52"], "font": {"color": "#2a3f5f"}, "hovermode": "closest", "hoverlabel": {"align": "left"}, "paper_bgcolor": "white", "plot_bgcolor": "#E5ECF6", "polar": {"bgcolor": "#E5ECF6", "angularaxis": {"gridcolor": "white", "linecolor": "white", "ticks": ""}, "radialaxis": {"gridcolor": "white", "linecolor": "white", "ticks": ""}}, "ternary": {"bgcolor": "#E5ECF6", "aaxis": {"gridcolor": "white", "linecolor": "white", "ticks": ""}, "baxis": {"gridcolor": "white", "linecolor": "white", "ticks": ""}, "caxis": {"gridcolor": "white", "linecolor": "white", "ticks": ""}}, "coloraxis": {"colorbar": {"outlinewidth": 0, "ticks": ""}}, "colorscale": {"sequential": [[0.0, "#0d0887"], [0.1111111111111111, "#46039f"], [0.2222222222222222, "#7201a8"], [0.3333333333333333, "#9c179e"], [0.4444444444444444, "#bd3786"], [0.5555555555555556, "#d8576b"], [0.6666666666666666, "#ed7953"], [0.7777777777777778, "#fb9f3a"], [0.8888888888888888, "#fdca26"], [1.0, "#f0f921"]], "sequentialminus": [[0.0, "#0d0887"], [0.1111111111111111, "#46039f"], [0.2222222222222222, "#7201a8"], [0.3333333333333333, "#9c179e"], [0.4444444444444444, "#bd3786"], [0.5555555555555556, "#d8576b"], [0.6666666666666666, "#ed7953"], [0.7777777777777778, "#fb9f3a"], [0.8888888888888888, "#fdca26"], [1.0, "#f0f921"]], "diverging": [[0, "#8e0152"], [0.1, "#c51b7d"], [0.2, "#de77ae"], [0.3, "#f1b6da"], [0.4, "#fde0ef"], [0.5, "#f7f7f7"], [0.6, "#e6f5d0"], [0.7, "#b8e186"], [0.8, "#7fbc41"], [0.9, "#4d9221"], [1, "#276419"]]}, "xaxis": {"gridcolor": "white", "linecolor": "white", "ticks": "", "title": {"standoff": 15}, "zerolinecolor": "white", "automargin": true, "zerolinewidth": 2}, "yaxis": {"gridcolor": "white", "linecolor": "white", "ticks": "", "title": {"standoff": 15}, "zerolinecolor": "white", "automargin": true, "zerolinewidth": 2}, "scene": {"xaxis": {"backgroundcolor": "#E5ECF6", "gridcolor": "white", "linecolor": "white", "showbackground": true, "ticks": "", "zerolinecolor": "white", "gridwidth": 2}, "yaxis": {"backgroundcolor": "#E5ECF6", "gridcolor": "white", "linecolor": "white", "showbackground": true, "ticks": "", "zerolinecolor": "white", "gridwidth": 2}, "zaxis": {"backgroundcolor": "#E5ECF6", "gridcolor": "white", "linecolor": "white", "showbackground": true, "ticks": "", "zerolinecolor": "white", "gridwidth": 2}}, "shapedefaults": {"line": {"color": "#2a3f5f"}}, "annotationdefaults": {"arrowcolor": "#2a3f5f", "arrowhead": 0, "arrowwidth": 1}, "geo": {"bgcolor": "white", "landcolor": "#E5ECF6", "subunitcolor": "white", "showland": true, "showlakes": true, "lakecolor": "white"}, "title": {"x": 0.05}, "mapbox": {"style": "light"}}}}}