{"data": [{"z": [[16.83807945251465, 2.6813783645629883, -5.439448833465576, -1.937976598739624, 3.3806309700012207, 3.0339760780334473, 0.13386598229408264, 1.3569937944412231, 0.22254380583763123, 2.122612714767456, -2.906085729598999, -0.5833172798156738, 5.196289539337158, -5.0838189125061035, -0.09784317761659622, -2.0593039989471436, -1.4275398254394531, -1.241052269935608, 2.6426119804382324, 2.4598848819732666, -2.0191078186035156], [2.6813783645629883, 20.723472595214844, 1.1789374351501465, -6.207916259765625, 2.9452362060546875, -3.5565900802612305, -3.1679203510284424, 1.473856806755066, -0.692291796207428, -2.318392753601074, -7.650093078613281, 2.184244394302368, 9.40429401397705, -4.377389430999756, 5.140059471130371, 5.961617469787598, 1.2491216659545898, 1.3714699745178223, -1.2194957733154297, 2.3911256790161133, -4.016101360321045], [-5.439448833465576, 1.1789374351501465, 19.623502731323242, -4.672281742095947, -0.08611103892326355, 0.3105124831199646, 3.7195024490356445, 3.6054742336273193, -0.512270987033844, 2.105321168899536, -1.1973779201507568, -2.3451406955718994, -0.029228178784251213, 0.9845275282859802, -4.265038967132568, 4.707897186279297, 5.576229095458984, 2.1775896549224854, -5.127054214477539, 3.505749225616455, -6.538582801818848], [-1.937976598739624, -6.207916259765625, -4.672281742095947, 22.830209732055664, 1.1102219820022583, -1.3738956451416016, -4.343297004699707, -5.422754287719727, -2.9653427600860596, -2.2779500484466553, -6.3240885734558105, -2.243764638900757, -0.7363038063049316, 2.4783360958099365, -1.823992371559143, -4.470078945159912, 2.110414981842041, -2.6544108390808105, -1.869175910949707, 3.9585835933685303, 1.8141275644302368], [3.3806309700012207, 2.9452362060546875, -0.08611103892326355, 1.1102219820022583, 19.625762939453125, 2.539108991622925, 5.767852306365967, -5.794996738433838, -0.34636390209198, -6.16571044921875, -1.7941257953643799, -4.6685686111450195, 1.5691008567810059, 4.785229682922363, 4.294888019561768, -3.9506571292877197, 7.071930408477783, -0.03672921657562256, 5.816143035888672, 6.704643726348877, -3.4318618774414062], [3.0339760780334473, -3.5565900802612305, 0.3105124831199646, -1.3738956451416016, 2.539108991622925, 20.508169174194336, 2.478956937789917, 6.065385818481445, 1.5733351707458496, 6.076609134674072, -5.9019999504089355, -0.8651649355888367, 1.910280466079712, -7.0621442794799805, 2.3983237743377686, 3.580068588256836, -4.447427272796631, -1.8702936172485352, 2.469965934753418, -2.5702624320983887, -4.903659820556641], [0.13386598229408264, -3.1679203510284424, 3.7195024490356445, -4.343297004699707, 5.767852306365967, 2.478956937789917, 33.54413986206055, -3.528031349182129, -1.5703381299972534, 4.742770195007324, 7.9722466468811035, 8.678787231445312, -7.308149814605713, 5.049900531768799, 5.07818078994751, -7.383701324462891, 0.5381360054016113, 0.4386637210845947, 1.6864149570465088, 9.476816177368164, -5.695472240447998], [1.3569937944412231, 1.473856806755066, 3.6054742336273193, -5.422754287719727, -5.794996738433838, 6.065385818481445, -3.528031349182129, 19.267553329467773, 1.137666940689087, 2.6380209922790527, 0.4492693543434143, 7.399337291717529, -4.495353698730469, -3.8511722087860107, 0.9165266752243042, 5.347581386566162, -4.9903411865234375, -1.234063982963562, -0.0299149751663208, -1.443965196609497, 0.14207196235656738], [0.22254380583763123, -0.692291796207428, -0.512270987033844, -2.9653427600860596, -0.34636390209198, 1.5733351707458496, -1.5703381299972534, 1.137666940689087, 17.484960556030273, 4.206872463226318, 5.436337947845459, -3.056087017059326, -7.40647554397583, 4.988884449005127, 1.840010166168213, -3.8043787479400635, -5.5029802322387695, 1.3616962432861328, 1.351679801940918, -0.5615297555923462, 3.296384811401367], [2.122612714767456, -2.318392753601074, 2.105321168899536, -2.2779500484466553, -6.16571044921875, 6.076609134674072, 4.742770195007324, 2.6380209922790527, 4.206872463226318, 15.967059135437012, -2.96142315864563, 6.457774639129639, -1.7259838581085205, -2.46071720123291, -8.390599250793457, 3.775250196456909, -4.255725860595703, -0.07412070035934448, -4.362424373626709, -5.10360050201416, 1.2898945808410645], [-2.906085729598999, -7.650093078613281, -1.1973779201507568, -6.3240885734558105, -1.7941257953643799, -5.9019999504089355, 7.9722466468811035, 0.4492693543434143, 5.436337947845459, -2.96142315864563, 29.918048858642578, 3.6399943828582764, -9.79333782196045, 10.54503059387207, 3.5939559936523438, -3.7006092071533203, -2.4592092037200928, 1.7540693283081055, -0.21141600608825684, -8.298579216003418, 9.008780479431152], [-0.5833172798156738, 2.184244394302368, -2.3451406955718994, -2.243764638900757, -4.6685686111450195, -0.8651649355888367, 8.678787231445312, 7.399337291717529, -3.056087017059326, 6.457774639129639, 3.6399943828582764, 26.58254051208496, -7.643051624298096, -0.6277390718460083, 0.881787896156311, 6.066868305206299, -5.962311267852783, 3.246596097946167, -2.310931921005249, -5.325260162353516, 5.513049125671387], [5.196289539337158, 9.40429401397705, -0.029228178784251213, -0.7363038063049316, 1.5691008567810059, 1.910280466079712, -7.308149814605713, -4.495353698730469, -7.40647554397583, -1.7259838581085205, -9.79333782196045, -7.643051624298096, 42.62388229370117, -6.277113914489746, -7.513047695159912, 4.275913715362549, 5.402155876159668, 0.07667684555053711, -16.895435333251953, 7.885617733001709, -3.6854844093322754], [-5.0838189125061035, -4.377389430999756, 0.9845275282859802, 2.4783360958099365, 4.785229682922363, -7.0621442794799805, 5.049900531768799, -3.8511722087860107, 4.988884449005127, -2.46071720123291, 10.54503059387207, -0.6277390718460083, -6.277113914489746, 17.544246673583984, -3.8845272064208984, -0.7178299427032471, 3.2236669063568115, 0.11973994970321655, 0.2590419054031372, 3.0567586421966553, 10.683995246887207], [-0.09784317761659622, 5.140059471130371, -4.265038967132568, -1.823992371559143, 4.294888019561768, 2.3983237743377686, 5.07818078994751, 0.9165266752243042, 1.840010166168213, -8.390599250793457, 3.5939559936523438, 0.881787896156311, -7.513047695159912, -3.8845272064208984, 28.75017738342285, -5.875344276428223, 3.3147706985473633, 3.1942172050476074, 13.16937255859375, -1.5062642097473145, -3.728976249694824], [-2.0593039989471436, 5.961617469787598, 4.707897186279297, -4.470078945159912, -3.9506571292877197, 3.580068588256836, -7.383701324462891, 5.347581386566162, -3.8043787479400635, 3.775250196456909, -3.7006092071533203, 6.066868305206299, 4.275913715362549, -0.7178299427032471, -5.875344276428223, 24.791208267211914, -6.909374237060547, -0.4246971607208252, 4.0241570472717285, -8.39859390258789, 5.511830806732178], [-1.427539348602295, 1.2491220235824585, 5.576228618621826, 2.110414981842041, 7.071930408477783, -4.447426795959473, 0.5381354689598083, -4.990341663360596, -5.502979755401611, -4.255725383758545, -2.4592087268829346, -5.962311744689941, 5.402156352996826, 3.2236671447753906, 3.3147711753845215, -6.909373760223389, 34.45880889892578, 4.053829669952393, -3.336587905883789, -6.804570198059082, -0.5032684803009033], [-1.2410523891448975, 1.3714699745178223, 2.1775896549224854, -2.6544108390808105, -0.0367293506860733, -1.8702937364578247, 0.43866392970085144, -1.2340643405914307, 1.3616961240768433, -0.07412054389715195, 1.754069447517395, 3.246596574783325, 0.07667655497789383, 0.11973991990089417, 3.1942172050476074, -0.4246971607208252, 4.053829669952393, 12.564260482788086, -3.5418810844421387, -3.7780942916870117, 0.02901574969291687], [2.6426119804382324, -1.2194955348968506, -5.127054214477539, -1.8691755533218384, 5.816143035888672, 2.469965934753418, 1.686414122581482, -0.029914679005742073, 1.3516801595687866, -4.362424850463867, -0.2114158421754837, -2.310931921005249, -16.895437240600586, 0.25904229283332825, 13.169370651245117, 4.0241570472717285, -3.336587905883789, -3.5418810844421387, 32.743526458740234, -1.0327726602554321, -0.9902149438858032], [2.4598851203918457, 2.3911261558532715, 3.5057485103607178, 3.9585835933685303, 6.704643249511719, -2.5702619552612305, 9.47681713104248, -1.4439656734466553, -0.5615298748016357, -5.103599548339844, -8.298580169677734, -5.325260639190674, 7.885618686676025, 3.0567586421966553, -1.5062644481658936, -8.398594856262207, -6.804570198059082, -3.7780942916870117, -1.0327726602554321, 38.761260986328125, -3.387478828430176], [-2.0191073417663574, -4.016101837158203, -6.538581848144531, 1.8141272068023682, -3.4318618774414062, -4.903660297393799, -5.695472717285156, 0.14207172393798828, 3.2963855266571045, 1.2898943424224854, 9.008781433105469, 5.51304817199707, -3.6854848861694336, 10.68399429321289, -3.728976249694824, 5.5118303298950195, -0.5032687187194824, 0.029015660285949707, -0.9902148246765137, -3.387479782104492, 35.899986267089844]], "type": "heatmap"}], "layout": {"template": {"data": {"histogram2dcontour": [{"type": "histogram2dcontour", "colorbar": {"outlinewidth": 0, "ticks": ""}, "colorscale": [[0.0, "#0d0887"], [0.1111111111111111, "#46039f"], [0.2222222222222222, "#7201a8"], [0.3333333333333333, "#9c179e"], [0.4444444444444444, "#bd3786"], [0.5555555555555556, "#d8576b"], [0.6666666666666666, "#ed7953"], [0.7777777777777778, "#fb9f3a"], [0.8888888888888888, "#fdca26"], [1.0, "#f0f921"]]}], "choropleth": [{"type": "choropleth", "colorbar": {"outlinewidth": 0, "ticks": ""}}], "histogram2d": [{"type": "histogram2d", "colorbar": {"outlinewidth": 0, "ticks": ""}, "colorscale": [[0.0, "#0d0887"], [0.1111111111111111, "#46039f"], [0.2222222222222222, "#7201a8"], [0.3333333333333333, "#9c179e"], [0.4444444444444444, "#bd3786"], [0.5555555555555556, "#d8576b"], [0.6666666666666666, "#ed7953"], [0.7777777777777778, "#fb9f3a"], [0.8888888888888888, "#fdca26"], [1.0, "#f0f921"]]}], "heatmap": [{"type": "heatmap", "colorbar": {"outlinewidth": 0, "ticks": ""}, "colorscale": [[0.0, "#0d0887"], [0.1111111111111111, "#46039f"], [0.2222222222222222, "#7201a8"], [0.3333333333333333, "#9c179e"], [0.4444444444444444, "#bd3786"], [0.5555555555555556, "#d8576b"], [0.6666666666666666, "#ed7953"], [0.7777777777777778, "#fb9f3a"], [0.8888888888888888, "#fdca26"], [1.0, "#f0f921"]]}], "heatmapgl": [{"type": "heatmapgl", "colorbar": {"outlinewidth": 0, "ticks": ""}, "colorscale": [[0.0, "#0d0887"], [0.1111111111111111, "#46039f"], [0.2222222222222222, "#7201a8"], [0.3333333333333333, "#9c179e"], [0.4444444444444444, "#bd3786"], [0.5555555555555556, "#d8576b"], [0.6666666666666666, "#ed7953"], [0.7777777777777778, "#fb9f3a"], [0.8888888888888888, "#fdca26"], [1.0, "#f0f921"]]}], "contourcarpet": [{"type": "contourcarpet", "colorbar": {"outlinewidth": 0, "ticks": ""}}], "contour": [{"type": "contour", "colorbar": {"outlinewidth": 0, "ticks": ""}, "colorscale": [[0.0, "#0d0887"], [0.1111111111111111, "#46039f"], [0.2222222222222222, "#7201a8"], [0.3333333333333333, "#9c179e"], [0.4444444444444444, "#bd3786"], [0.5555555555555556, "#d8576b"], [0.6666666666666666, "#ed7953"], [0.7777777777777778, "#fb9f3a"], [0.8888888888888888, "#fdca26"], [1.0, "#f0f921"]]}], "surface": [{"type": "surface", "colorbar": {"outlinewidth": 0, "ticks": ""}, "colorscale": [[0.0, "#0d0887"], [0.1111111111111111, "#46039f"], [0.2222222222222222, "#7201a8"], [0.3333333333333333, "#9c179e"], [0.4444444444444444, "#bd3786"], [0.5555555555555556, "#d8576b"], [0.6666666666666666, "#ed7953"], [0.7777777777777778, "#fb9f3a"], [0.8888888888888888, "#fdca26"], [1.0, "#f0f921"]]}], "mesh3d": [{"type": "mesh3d", "colorbar": {"outlinewidth": 0, "ticks": ""}}], "scatter": [{"fillpattern": {"fillmode": "overlay", "size": 10, "solidity": 0.2}, "type": "scatter"}], "parcoords": [{"type": "parcoords", "line": {"colorbar": {"outlinewidth": 0, "ticks": ""}}}], "scatterpolargl": [{"type": "scatterpolargl", "marker": {"colorbar": {"outlinewidth": 0, "ticks": ""}}}], "bar": [{"error_x": {"color": "#2a3f5f"}, "error_y": {"color": "#2a3f5f"}, "marker": {"line": {"color": "#E5ECF6", "width": 0.5}, "pattern": {"fillmode": "overlay", "size": 10, "solidity": 0.2}}, "type": "bar"}], "scattergeo": [{"type": "scattergeo", "marker": {"colorbar": {"outlinewidth": 0, "ticks": ""}}}], "scatterpolar": [{"type": "scatterpolar", "marker": {"colorbar": {"outlinewidth": 0, "ticks": ""}}}], "histogram": [{"marker": {"pattern": {"fillmode": "overlay", "size": 10, "solidity": 0.2}}, "type": "histogram"}], "scattergl": [{"type": "scattergl", "marker": {"colorbar": {"outlinewidth": 0, "ticks": ""}}}], "scatter3d": [{"type": "scatter3d", "line": {"colorbar": {"outlinewidth": 0, "ticks": ""}}, "marker": {"colorbar": {"outlinewidth": 0, "ticks": ""}}}], "scattermapbox": [{"type": "scattermapbox", "marker": {"colorbar": {"outlinewidth": 0, "ticks": ""}}}], "scatterternary": [{"type": "scatterternary", "marker": {"colorbar": {"outlinewidth": 0, "ticks": ""}}}], "scattercarpet": [{"type": "scattercarpet", "marker": {"colorbar": {"outlinewidth": 0, "ticks": ""}}}], "carpet": [{"aaxis": {"endlinecolor": "#2a3f5f", "gridcolor": "white", "linecolor": "white", "minorgridcolor": "white", "startlinecolor": "#2a3f5f"}, "baxis": {"endlinecolor": "#2a3f5f", "gridcolor": "white", "linecolor": "white", "minorgridcolor": "white", "startlinecolor": "#2a3f5f"}, "type": "carpet"}], "table": [{"cells": {"fill": {"color": "#EBF0F8"}, "line": {"color": "white"}}, "header": {"fill": {"color": "#C8D4E3"}, "line": {"color": "white"}}, "type": "table"}], "barpolar": [{"marker": {"line": {"color": "#E5ECF6", "width": 0.5}, "pattern": {"fillmode": "overlay", "size": 10, "solidity": 0.2}}, "type": "barpolar"}], "pie": [{"automargin": true, "type": "pie"}]}, "layout": {"autotypenumbers": "strict", "colorway": ["#636efa", "#EF553B", "#00cc96", "#ab63fa", "#FFA15A", "#19d3f3", "#FF6692", "#B6E880", "#FF97FF", "#FECB52"], "font": {"color": "#2a3f5f"}, "hovermode": "closest", "hoverlabel": {"align": "left"}, "paper_bgcolor": "white", "plot_bgcolor": "#E5ECF6", "polar": {"bgcolor": "#E5ECF6", "angularaxis": {"gridcolor": "white", "linecolor": "white", "ticks": ""}, "radialaxis": {"gridcolor": "white", "linecolor": "white", "ticks": ""}}, "ternary": {"bgcolor": "#E5ECF6", "aaxis": {"gridcolor": "white", "linecolor": "white", "ticks": ""}, "baxis": {"gridcolor": "white", "linecolor": "white", "ticks": ""}, "caxis": {"gridcolor": "white", "linecolor": "white", "ticks": ""}}, "coloraxis": {"colorbar": {"outlinewidth": 0, "ticks": ""}}, "colorscale": {"sequential": [[0.0, "#0d0887"], [0.1111111111111111, "#46039f"], [0.2222222222222222, "#7201a8"], [0.3333333333333333, "#9c179e"], [0.4444444444444444, "#bd3786"], [0.5555555555555556, "#d8576b"], [0.6666666666666666, "#ed7953"], [0.7777777777777778, "#fb9f3a"], [0.8888888888888888, "#fdca26"], [1.0, "#f0f921"]], "sequentialminus": [[0.0, "#0d0887"], [0.1111111111111111, "#46039f"], [0.2222222222222222, "#7201a8"], [0.3333333333333333, "#9c179e"], [0.4444444444444444, "#bd3786"], [0.5555555555555556, "#d8576b"], [0.6666666666666666, "#ed7953"], [0.7777777777777778, "#fb9f3a"], [0.8888888888888888, "#fdca26"], [1.0, "#f0f921"]], "diverging": [[0, "#8e0152"], [0.1, "#c51b7d"], [0.2, "#de77ae"], [0.3, "#f1b6da"], [0.4, "#fde0ef"], [0.5, "#f7f7f7"], [0.6, "#e6f5d0"], [0.7, "#b8e186"], [0.8, "#7fbc41"], [0.9, "#4d9221"], [1, "#276419"]]}, "xaxis": {"gridcolor": "white", "linecolor": "white", "ticks": "", "title": {"standoff": 15}, "zerolinecolor": "white", "automargin": true, "zerolinewidth": 2}, "yaxis": {"gridcolor": "white", "linecolor": "white", "ticks": "", "title": {"standoff": 15}, "zerolinecolor": "white", "automargin": true, "zerolinewidth": 2}, "scene": {"xaxis": {"backgroundcolor": "#E5ECF6", "gridcolor": "white", "linecolor": "white", "showbackground": true, "ticks": "", "zerolinecolor": "white", "gridwidth": 2}, "yaxis": {"backgroundcolor": "#E5ECF6", "gridcolor": "white", "linecolor": "white", "showbackground": true, "ticks": "", "zerolinecolor": "white", "gridwidth": 2}, "zaxis": {"backgroundcolor": "#E5ECF6", "gridcolor": "white", "linecolor": "white", "showbackground": true, "ticks": "", "zerolinecolor": "white", "gridwidth": 2}}, "shapedefaults": {"line": {"color": "#2a3f5f"}}, "annotationdefaults": {"arrowcolor": "#2a3f5f", "arrowhead": 0, "arrowwidth": 1}, "geo": {"bgcolor": "white", "landcolor": "#E5ECF6", "subunitcolor": "white", "showland": true, "showlakes": true, "lakecolor": "white"}, "title": {"x": 0.05}, "mapbox": {"style": "light"}}}}}