{"data": [{"z": [[16.950841903686523, 2.6767919063568115, -5.48135232925415, -1.9092212915420532, 3.3771402835845947, 3.0641911029815674, 0.07978088408708572, 1.3705419301986694, 0.23484060168266296, 2.1427247524261475, -2.9613332748413086, -0.5948323011398315, 5.229636192321777, -5.144994735717773, -0.11389628052711487, -2.071183443069458, -1.4518861770629883, -1.277570366859436, 2.6715104579925537, 2.4692978858947754, -2.0100769996643066], [2.6767919063568115, 20.812807083129883, 1.202863097190857, -6.2584147453308105, 2.9648783206939697, -3.572538137435913, -3.150301694869995, 1.4699729681015015, -0.7102076411247253, -2.345161199569702, -7.665576457977295, 2.179403305053711, 9.4395751953125, -4.430906772613525, 5.154429912567139, 5.981418609619141, 1.2405304908752441, 1.3557159900665283, -1.2293757200241089, 2.4001951217651367, -4.0416717529296875], [-5.48135232925415, 1.202863097190857, 19.683002471923828, -4.744775772094727, -0.07574520260095596, 0.2985914945602417, 3.7599167823791504, 3.6126961708068848, -0.5418797135353088, 2.0870091915130615, -1.180436611175537, -2.358459949493408, -0.042740415781736374, 0.9680264592170715, -4.263574123382568, 4.748654365539551, 5.5964484214782715, 2.1815900802612305, -5.140067100524902, 3.504906415939331, -6.538711071014404], [-1.9092212915420532, -6.2584147453308105, -4.744775772094727, 22.94272232055664, 1.0983160734176636, -1.3653616905212402, -4.4056220054626465, -5.4443769454956055, -2.963467597961426, -2.2344977855682373, -6.370457649230957, -2.2871246337890625, -0.7265695929527283, 2.5177865028381348, -1.8562570810317993, -4.496602535247803, 2.0985848903656006, -2.626000165939331, -1.889634132385254, 3.979763984680176, 1.813585877418518], [3.3771402835845947, 2.9648783206939697, -0.07574520260095596, 1.0983160734176636, 19.717666625976562, 2.5517141819000244, 5.798101902008057, -5.861374378204346, -0.3398191034793854, -6.199204444885254, -1.8148304224014282, -4.724780559539795, 1.5853383541107178, 4.7867937088012695, 4.2991790771484375, -3.9691007137298584, 7.0769147872924805, -0.0463489294052124, 5.810940742492676, 6.743819713592529, -3.4478564262390137], [3.0641911029815674, -3.572538137435913, 0.2985914945602417, -1.3653616905212402, 2.5517141819000244, 20.60905647277832, 2.453143835067749, 6.086734771728516, 1.6056979894638062, 6.0934553146362305, -5.967081546783447, -0.8711376190185547, 1.9263993501663208, -7.1265339851379395, 2.3972671031951904, 3.6024458408355713, -4.49965238571167, -1.9087495803833008, 2.480482578277588, -2.598585844039917, -4.904629230499268], [0.07978088408708572, -3.150301694869995, 3.7599167823791504, -4.4056220054626465, 5.798101902008057, 2.453143835067749, 33.68553161621094, -3.552546262741089, -1.6018157005310059, 4.734623908996582, 8.023837089538574, 8.708261489868164, -7.356304168701172, 5.073466777801514, 5.1164937019348145, -7.393003463745117, 0.5325534343719482, 0.42504334449768066, 1.6962151527404785, 9.482852935791016, -5.7027268409729], [1.3705419301986694, 1.4699729681015015, 3.6126961708068848, -5.4443769454956055, -5.861374378204346, 6.086734771728516, -3.552546262741089, 19.34998321533203, 1.1549522876739502, 2.6386783123016357, 0.4698527753353119, 7.457187175750732, -4.549605846405029, -3.872081995010376, 0.9107019305229187, 5.369292259216309, -5.018180847167969, -1.2509618997573853, -0.02411818504333496, -1.495182752609253, 0.15239423513412476], [0.23484060168266296, -0.7102076411247253, -0.5418797135353088, -2.963467597961426, -0.3398191034793854, 1.6056979894638062, -1.6018157005310059, 1.1549522876739502, 17.595298767089844, 4.234887599945068, 5.418084144592285, -3.0757224559783936, -7.452765941619873, 4.985570907592773, 1.8297823667526245, -3.8144166469573975, -5.540107250213623, 1.3669387102127075, 1.35416841506958, -0.5655587911605835, 3.324532985687256], [2.1427247524261475, -2.345161199569702, 2.0870091915130615, -2.2344977855682373, -6.199204444885254, 6.0934553146362305, 4.734623908996582, 2.6386783123016357, 4.234887599945068, 16.047462463378906, -2.971271276473999, 6.491941928863525, -1.7327967882156372, -2.527388572692871, -8.46402359008789, 3.7793643474578857, -4.309023857116699, -0.11247766017913818, -4.328605651855469, -5.177568435668945, 1.273929476737976], [-2.9613332748413086, -7.665576457977295, -1.180436611175537, -6.370457649230957, -1.8148304224014282, -5.967081546783447, 8.023837089538574, 0.4698527753353119, 5.418084144592285, -2.971271276473999, 30.048582077026367, 3.6884002685546875, -9.843376159667969, 10.640708923339844, 3.616641044616699, -3.6849520206451416, -2.4642140865325928, 1.7826075553894043, -0.2023177146911621, -8.350536346435547, 9.022844314575195], [-0.5948323011398315, 2.179403305053711, -2.358459949493408, -2.2871246337890625, -4.724780559539795, -0.8711376190185547, 8.708261489868164, 7.457187175750732, -3.0757224559783936, 6.491941928863525, 3.6884002685546875, 26.706645965576172, -7.696218490600586, -0.6221517324447632, 0.8945297002792358, 6.109593391418457, -5.979338645935059, 3.2689032554626465, -2.2997639179229736, -5.401399612426758, 5.549447536468506], [5.229636192321777, 9.4395751953125, -0.042740415781736374, -0.7265695929527283, 1.5853383541107178, 1.9263993501663208, -7.356304168701172, -4.549605846405029, -7.452765941619873, -1.7327967882156372, -9.843376159667969, -7.696218490600586, 42.815101623535156, -6.313749313354492, -7.514716148376465, 4.274838924407959, 5.405449390411377, 0.05457043647766113, -16.9581298828125, 7.913081169128418, -3.6963272094726562], [-5.144994735717773, -4.430906772613525, 0.9680264592170715, 2.5177865028381348, 4.7867937088012695, -7.1265339851379395, 5.073466777801514, -3.872081995010376, 4.985570907592773, -2.527388572692871, 10.640708923339844, -0.6221517324447632, -6.313749313354492, 17.675731658935547, -3.9153921604156494, -0.69295334815979, 3.2469801902770996, 0.13836854696273804, 0.2835026979446411, 3.0641274452209473, 10.735834121704102], [-0.11389628052711487, 5.154429912567139, -4.263574123382568, -1.8562570810317993, 4.2991790771484375, 2.3972671031951904, 5.1164937019348145, 0.9107019305229187, 1.8297823667526245, -8.46402359008789, 3.616641044616699, 0.8945297002792358, -7.514716148376465, -3.9153921604156494, 28.82383155822754, -5.870494365692139, 3.3162941932678223, 3.174710750579834, 13.207860946655273, -1.526566982269287, -3.7251102924346924], [-2.071183443069458, 5.981418609619141, 4.748654365539551, -4.496602535247803, -3.9691007137298584, 3.6024458408355713, -7.393003463745117, 5.369292259216309, -3.8144166469573975, 3.7793643474578857, -3.6849520206451416, 6.109593391418457, 4.274838924407959, -0.69295334815979, -5.870494365692139, 24.86203384399414, -6.9291768074035645, -0.42893409729003906, 4.0454421043396, -8.447735786437988, 5.527271270751953], [-1.4518860578536987, 1.2405307292938232, 5.5964484214782715, 2.098585367202759, 7.076914310455322, -4.499652862548828, 0.5325539112091064, -5.0181803703308105, -5.540106773376465, -4.309023857116699, -2.4642140865325928, -5.979338645935059, 5.405448913574219, 3.2469801902770996, 3.3162944316864014, -6.929176330566406, 34.61469650268555, 4.092892169952393, -3.395051956176758, -6.84254264831543, -0.4758780002593994], [-1.2775702476501465, 1.3557158708572388, 2.1815900802612305, -2.626000165939331, -0.04634929075837135, -1.9087496995925903, 0.4250435531139374, -1.250961422920227, 1.3669387102127075, -0.11247772723436356, 1.7826073169708252, 3.2689030170440674, 0.05457037314772606, 0.13836833834648132, 3.174711227416992, -0.4289338290691376, 4.092892169952393, 12.61532211303711, -3.5627458095550537, -3.820704460144043, 0.0528295636177063], [2.671510934829712, -1.2293758392333984, -5.1400675773620605, -1.8896331787109375, 5.810939788818359, 2.480482578277588, 1.6962153911590576, -0.024118032306432724, 1.3541682958602905, -4.328605651855469, -0.20231778919696808, -2.2997634410858154, -16.958127975463867, 0.283502995967865, 13.207862854003906, 4.0454421043396, -3.395051956176758, -3.5627458095550537, 32.853118896484375, -1.0497372150421143, -0.9948139190673828], [2.4692981243133545, 2.400195360183716, 3.50490665435791, 3.979763984680176, 6.743820667266846, -2.598585605621338, 9.4828519821167, -1.4951825141906738, -0.5655590295791626, -5.177568435668945, -8.350537300109863, -5.4013991355896, 7.913080215454102, 3.0641274452209473, -1.5265672206878662, -8.447734832763672, -6.84254264831543, -3.820704460144043, -1.0497372150421143, 38.911720275878906, -3.402064561843872], [-2.0100772380828857, -4.0416717529296875, -6.5387115478515625, 1.8135857582092285, -3.4478557109832764, -4.904629707336426, -5.7027268409729, 0.15239357948303223, 3.324533462524414, 1.273929238319397, 9.022844314575195, 5.5494489669799805, -3.6963274478912354, 10.735834121704102, -3.7251105308532715, 5.527271270751953, -0.47587794065475464, 0.052829623222351074, -0.9948148727416992, -3.402064323425293, 35.899986267089844]], "type": "heatmap"}], "layout": {"template": {"data": {"histogram2dcontour": [{"type": "histogram2dcontour", "colorbar": {"outlinewidth": 0, "ticks": ""}, "colorscale": [[0.0, "#0d0887"], [0.1111111111111111, "#46039f"], [0.2222222222222222, "#7201a8"], [0.3333333333333333, "#9c179e"], [0.4444444444444444, "#bd3786"], [0.5555555555555556, "#d8576b"], [0.6666666666666666, "#ed7953"], [0.7777777777777778, "#fb9f3a"], [0.8888888888888888, "#fdca26"], [1.0, "#f0f921"]]}], "choropleth": [{"type": "choropleth", "colorbar": {"outlinewidth": 0, "ticks": ""}}], "histogram2d": [{"type": "histogram2d", "colorbar": {"outlinewidth": 0, "ticks": ""}, "colorscale": [[0.0, "#0d0887"], [0.1111111111111111, "#46039f"], [0.2222222222222222, "#7201a8"], [0.3333333333333333, "#9c179e"], [0.4444444444444444, "#bd3786"], [0.5555555555555556, "#d8576b"], [0.6666666666666666, "#ed7953"], [0.7777777777777778, "#fb9f3a"], [0.8888888888888888, "#fdca26"], [1.0, "#f0f921"]]}], "heatmap": [{"type": "heatmap", "colorbar": {"outlinewidth": 0, "ticks": ""}, "colorscale": [[0.0, "#0d0887"], [0.1111111111111111, "#46039f"], [0.2222222222222222, "#7201a8"], [0.3333333333333333, "#9c179e"], [0.4444444444444444, "#bd3786"], [0.5555555555555556, "#d8576b"], [0.6666666666666666, "#ed7953"], [0.7777777777777778, "#fb9f3a"], [0.8888888888888888, "#fdca26"], [1.0, "#f0f921"]]}], "heatmapgl": [{"type": "heatmapgl", "colorbar": {"outlinewidth": 0, "ticks": ""}, "colorscale": [[0.0, "#0d0887"], [0.1111111111111111, "#46039f"], [0.2222222222222222, "#7201a8"], [0.3333333333333333, "#9c179e"], [0.4444444444444444, "#bd3786"], [0.5555555555555556, "#d8576b"], [0.6666666666666666, "#ed7953"], [0.7777777777777778, "#fb9f3a"], [0.8888888888888888, "#fdca26"], [1.0, "#f0f921"]]}], "contourcarpet": [{"type": "contourcarpet", "colorbar": {"outlinewidth": 0, "ticks": ""}}], "contour": [{"type": "contour", "colorbar": {"outlinewidth": 0, "ticks": ""}, "colorscale": [[0.0, "#0d0887"], [0.1111111111111111, "#46039f"], [0.2222222222222222, "#7201a8"], [0.3333333333333333, "#9c179e"], [0.4444444444444444, "#bd3786"], [0.5555555555555556, "#d8576b"], [0.6666666666666666, "#ed7953"], [0.7777777777777778, "#fb9f3a"], [0.8888888888888888, "#fdca26"], [1.0, "#f0f921"]]}], "surface": [{"type": "surface", "colorbar": {"outlinewidth": 0, "ticks": ""}, "colorscale": [[0.0, "#0d0887"], [0.1111111111111111, "#46039f"], [0.2222222222222222, "#7201a8"], [0.3333333333333333, "#9c179e"], [0.4444444444444444, "#bd3786"], [0.5555555555555556, "#d8576b"], [0.6666666666666666, "#ed7953"], [0.7777777777777778, "#fb9f3a"], [0.8888888888888888, "#fdca26"], [1.0, "#f0f921"]]}], "mesh3d": [{"type": "mesh3d", "colorbar": {"outlinewidth": 0, "ticks": ""}}], "scatter": [{"fillpattern": {"fillmode": "overlay", "size": 10, "solidity": 0.2}, "type": "scatter"}], "parcoords": [{"type": "parcoords", "line": {"colorbar": {"outlinewidth": 0, "ticks": ""}}}], "scatterpolargl": [{"type": "scatterpolargl", "marker": {"colorbar": {"outlinewidth": 0, "ticks": ""}}}], "bar": [{"error_x": {"color": "#2a3f5f"}, "error_y": {"color": "#2a3f5f"}, "marker": {"line": {"color": "#E5ECF6", "width": 0.5}, "pattern": {"fillmode": "overlay", "size": 10, "solidity": 0.2}}, "type": "bar"}], "scattergeo": [{"type": "scattergeo", "marker": {"colorbar": {"outlinewidth": 0, "ticks": ""}}}], "scatterpolar": [{"type": "scatterpolar", "marker": {"colorbar": {"outlinewidth": 0, "ticks": ""}}}], "histogram": [{"marker": {"pattern": {"fillmode": "overlay", "size": 10, "solidity": 0.2}}, "type": "histogram"}], "scattergl": [{"type": "scattergl", "marker": {"colorbar": {"outlinewidth": 0, "ticks": ""}}}], "scatter3d": [{"type": "scatter3d", "line": {"colorbar": {"outlinewidth": 0, "ticks": ""}}, "marker": {"colorbar": {"outlinewidth": 0, "ticks": ""}}}], "scattermapbox": [{"type": "scattermapbox", "marker": {"colorbar": {"outlinewidth": 0, "ticks": ""}}}], "scatterternary": [{"type": "scatterternary", "marker": {"colorbar": {"outlinewidth": 0, "ticks": ""}}}], "scattercarpet": [{"type": "scattercarpet", "marker": {"colorbar": {"outlinewidth": 0, "ticks": ""}}}], "carpet": [{"aaxis": {"endlinecolor": "#2a3f5f", "gridcolor": "white", "linecolor": "white", "minorgridcolor": "white", "startlinecolor": "#2a3f5f"}, "baxis": {"endlinecolor": "#2a3f5f", "gridcolor": "white", "linecolor": "white", "minorgridcolor": "white", "startlinecolor": "#2a3f5f"}, "type": "carpet"}], "table": [{"cells": {"fill": {"color": "#EBF0F8"}, "line": {"color": "white"}}, "header": {"fill": {"color": "#C8D4E3"}, "line": {"color": "white"}}, "type": "table"}], "barpolar": [{"marker": {"line": {"color": "#E5ECF6", "width": 0.5}, "pattern": {"fillmode": "overlay", "size": 10, "solidity": 0.2}}, "type": "barpolar"}], "pie": [{"automargin": true, "type": "pie"}]}, "layout": {"autotypenumbers": "strict", "colorway": ["#636efa", "#EF553B", "#00cc96", "#ab63fa", "#FFA15A", "#19d3f3", "#FF6692", "#B6E880", "#FF97FF", "#FECB52"], "font": {"color": "#2a3f5f"}, "hovermode": "closest", "hoverlabel": {"align": "left"}, "paper_bgcolor": "white", "plot_bgcolor": "#E5ECF6", "polar": {"bgcolor": "#E5ECF6", "angularaxis": {"gridcolor": "white", "linecolor": "white", "ticks": ""}, "radialaxis": {"gridcolor": "white", "linecolor": "white", "ticks": ""}}, "ternary": {"bgcolor": "#E5ECF6", "aaxis": {"gridcolor": "white", "linecolor": "white", "ticks": ""}, "baxis": {"gridcolor": "white", "linecolor": "white", "ticks": ""}, "caxis": {"gridcolor": "white", "linecolor": "white", "ticks": ""}}, "coloraxis": {"colorbar": {"outlinewidth": 0, "ticks": ""}}, "colorscale": {"sequential": [[0.0, "#0d0887"], [0.1111111111111111, "#46039f"], [0.2222222222222222, "#7201a8"], [0.3333333333333333, "#9c179e"], [0.4444444444444444, "#bd3786"], [0.5555555555555556, "#d8576b"], [0.6666666666666666, "#ed7953"], [0.7777777777777778, "#fb9f3a"], [0.8888888888888888, "#fdca26"], [1.0, "#f0f921"]], "sequentialminus": [[0.0, "#0d0887"], [0.1111111111111111, "#46039f"], [0.2222222222222222, "#7201a8"], [0.3333333333333333, "#9c179e"], [0.4444444444444444, "#bd3786"], [0.5555555555555556, "#d8576b"], [0.6666666666666666, "#ed7953"], [0.7777777777777778, "#fb9f3a"], [0.8888888888888888, "#fdca26"], [1.0, "#f0f921"]], "diverging": [[0, "#8e0152"], [0.1, "#c51b7d"], [0.2, "#de77ae"], [0.3, "#f1b6da"], [0.4, "#fde0ef"], [0.5, "#f7f7f7"], [0.6, "#e6f5d0"], [0.7, "#b8e186"], [0.8, "#7fbc41"], [0.9, "#4d9221"], [1, "#276419"]]}, "xaxis": {"gridcolor": "white", "linecolor": "white", "ticks": "", "title": {"standoff": 15}, "zerolinecolor": "white", "automargin": true, "zerolinewidth": 2}, "yaxis": {"gridcolor": "white", "linecolor": "white", "ticks": "", "title": {"standoff": 15}, "zerolinecolor": "white", "automargin": true, "zerolinewidth": 2}, "scene": {"xaxis": {"backgroundcolor": "#E5ECF6", "gridcolor": "white", "linecolor": "white", "showbackground": true, "ticks": "", "zerolinecolor": "white", "gridwidth": 2}, "yaxis": {"backgroundcolor": "#E5ECF6", "gridcolor": "white", "linecolor": "white", "showbackground": true, "ticks": "", "zerolinecolor": "white", "gridwidth": 2}, "zaxis": {"backgroundcolor": "#E5ECF6", "gridcolor": "white", "linecolor": "white", "showbackground": true, "ticks": "", "zerolinecolor": "white", "gridwidth": 2}}, "shapedefaults": {"line": {"color": "#2a3f5f"}}, "annotationdefaults": {"arrowcolor": "#2a3f5f", "arrowhead": 0, "arrowwidth": 1}, "geo": {"bgcolor": "white", "landcolor": "#E5ECF6", "subunitcolor": "white", "showland": true, "showlakes": true, "lakecolor": "white"}, "title": {"x": 0.05}, "mapbox": {"style": "light"}}}}}