{"data": [{"z": [[16.713523864746094, 2.7274389266967773, -5.334270000457764, -1.961313009262085, 3.4101791381835938, 3.0160531997680664, 0.22249197959899902, 1.4112136363983154, 0.2559939920902252, 2.1389200687408447, -2.7736518383026123, -0.5077452659606934, 5.194199562072754, -4.954222202301025, -0.03969646990299225, -1.9820791482925415, -1.3226937055587769, -1.1245976686477661, 2.6434125900268555, 2.4745707511901855, -1.9941127300262451], [2.7274389266967773, 20.638484954833984, 1.1727632284164429, -6.111819267272949, 2.95172381401062, -3.5064618587493896, -3.184154510498047, 1.4896187782287598, -0.629605233669281, -2.262883424758911, -7.619918346405029, 2.189458131790161, 9.401135444641113, -4.300218105316162, 5.134659767150879, 5.950878143310547, 1.2796225547790527, 1.4188265800476074, -1.2070742845535278, 2.4285173416137695, -3.998723268508911], [-5.334270000457764, 1.1727632284164429, 19.572288513183594, -4.5664472579956055, -0.0683978945016861, 0.37207677960395813, 3.6647512912750244, 3.6336870193481445, -0.43163374066352844, 2.1604514122009277, -1.2187541723251343, -2.3345189094543457, 0.04612448811531067, 1.0069167613983154, -4.251983165740967, 4.692925930023193, 5.589574813842773, 2.1979217529296875, -5.07851505279541, 3.572355270385742, -6.543851852416992], [-1.961313009262085, -6.111819267272949, -4.5664472579956055, 22.75223731994629, 1.127212405204773, -1.3713488578796387, -4.257108211517334, -5.319729804992676, -2.9695839881896973, -2.2888455390930176, -6.224808216094971, -2.153637170791626, -0.7492717504501343, 2.474172353744507, -1.7487068176269531, -4.367980003356934, 2.139575719833374, -2.61814022064209, -1.8064656257629395, 3.928957462310791, 1.8276515007019043], [3.4101791381835938, 2.95172381401062, -0.0683978945016861, 1.127212405204773, 19.544879913330078, 2.5630202293395996, 5.748335361480713, -5.679564952850342, -0.313163161277771, -6.094302177429199, -1.7416132688522339, -4.572173118591309, 1.5813533067703247, 4.800756454467773, 4.309540748596191, -3.8924202919006348, 7.109225273132324, 0.015605688095092773, 5.842133522033691, 6.691689968109131, -3.410231113433838], [3.0160531997680664, -3.5064618587493896, 0.37207677960395813, -1.3713488578796387, 2.5630202293395996, 20.39964485168457, 2.541595935821533, 6.0810465812683105, 1.5880722999572754, 6.079143047332764, -5.773464679718018, -0.8237136602401733, 1.9282512664794922, -6.933286190032959, 2.4271676540374756, 3.5896835327148438, -4.320242881774902, -1.7767659425735474, 2.474882125854492, -2.4990298748016357, -4.881528854370117], [0.22249197959899902, -3.184154510498047, 3.6647512912750244, -4.257108211517334, 5.748335361480713, 2.541595935821533, 33.39261245727539, -3.520798444747925, -1.5017398595809937, 4.759797096252441, 7.887960433959961, 8.625917434692383, -7.2123541831970215, 5.006960868835449, 5.033549785614014, -7.396668434143066, 0.5509399175643921, 0.4415004253387451, 1.694317102432251, 9.508476257324219, -5.696502208709717], [1.4112136363983154, 1.4896187782287598, 3.6336870193481445, -5.319729804992676, -5.679564952850342, 6.0810465812683105, -3.520798444747925, 19.197336196899414, 1.208382248878479, 2.671159505844116, 0.43916115164756775, 7.327637672424316, -4.353346347808838, -3.7595860958099365, 0.9478740096092224, 5.345096111297607, -4.867736339569092, -1.1500588655471802, -0.016797006130218506, -1.2939658164978027, 0.1600792407989502], [0.2559939920902252, -0.629605233669281, -0.43163374066352844, -2.9695839881896973, -0.313163161277771, 1.5880722999572754, -1.5017398595809937, 1.208382248878479, 17.422273635864258, 4.213962078094482, 5.531399726867676, -2.970717191696167, -7.314602851867676, 5.039203643798828, 1.9050580263137817, -3.7213096618652344, -5.374897003173828, 1.445289134979248, 1.3966708183288574, -0.51451575756073, 3.307847738265991], [2.1389200687408447, -2.262883424758911, 2.1604514122009277, -2.2888455390930176, -6.094302177429199, 6.079143047332764, 4.759797096252441, 2.671159505844116, 4.213962078094482, 15.914291381835938, -2.9146735668182373, 6.4481916427612305, -1.6519558429718018, -2.3646934032440186, -8.305004119873047, 3.8247907161712646, -4.180222034454346, -0.0035527944564819336, -4.363049507141113, -4.982663154602051, 1.3185234069824219], [-2.7736518383026123, -7.619918346405029, -1.2187541723251343, -6.224808216094971, -1.7416132688522339, -5.773464679718018, 7.887960433959961, 0.43916115164756775, 5.531399726867676, -2.9146735668182373, 29.74097442626953, 3.5709962844848633, -9.656534194946289, 10.457846641540527, 3.5828473567962646, -3.7069315910339355, -2.4371516704559326, 1.7456417083740234, -0.20402789115905762, -8.177183151245117, 9.002126693725586], [-0.5077452659606934, 2.189458131790161, -2.3345189094543457, -2.153637170791626, -4.572173118591309, -0.8237136602401733, 8.625917434692383, 7.327637672424316, -2.970717191696167, 6.4481916427612305, 3.5709962844848633, 26.404401779174805, -7.516489028930664, -0.5882306694984436, 0.886252760887146, 6.028538703918457, -5.888272285461426, 3.257993221282959, -2.3079609870910645, -5.149265289306641, 5.502734184265137], [5.194199562072754, 9.401135444641113, 0.04612448811531067, -0.7492717504501343, 1.5813533067703247, 1.9282512664794922, -7.2123541831970215, -4.353346347808838, -7.314602851867676, -1.6519558429718018, -9.656534194946289, -7.516489028930664, 42.43756103515625, -6.162700653076172, -7.462079048156738, 4.336961269378662, 5.444228172302246, 0.16354727745056152, -16.787757873535156, 7.879948616027832, -3.6612908840179443], [-4.954222202301025, -4.300218105316162, 1.0069167613983154, 2.474172353744507, 4.800756454467773, -6.933286190032959, 5.006960868835449, -3.7595860958099365, 5.039203643798828, -2.3646934032440186, 10.457846641540527, -0.5882306694984436, -6.162700653076172, 17.40111541748047, -3.8306665420532227, -0.6763501763343811, 3.222726345062256, 0.12825822830200195, 0.29321765899658203, 3.09439754486084, 10.630250930786133], [-0.03969646990299225, 5.134659767150879, -4.251983165740967, -1.7487068176269531, 4.309540748596191, 2.4271676540374756, 5.033549785614014, 0.9478740096092224, 1.9050580263137817, -8.305004119873047, 3.5828473567962646, 0.886252760887146, -7.462079048156738, -3.8306665420532227, 28.687288284301758, -5.868125915527344, 3.3657660484313965, 3.251312732696533, 13.152186393737793, -1.4378628730773926, -3.7217516899108887], [-1.9820791482925415, 5.950878143310547, 4.692925930023193, -4.367980003356934, -3.8924202919006348, 3.5896835327148438, -7.396668434143066, 5.345096111297607, -3.7213096618652344, 3.8247907161712646, -3.7069315910339355, 6.028538703918457, 4.336961269378662, -0.6763501763343811, -5.868125915527344, 24.7336483001709, -6.817649841308594, -0.3714373707771301, 4.012649059295654, -8.26685905456543, 5.515779972076416], [-1.3226943016052246, 1.2796223163604736, 5.589574813842773, 2.139575958251953, 7.109224796295166, -4.320242881774902, 0.5509401559829712, -4.867736339569092, -5.374897003173828, -4.180222511291504, -2.4371514320373535, -5.888272762298584, 5.444228172302246, 3.2227258682250977, 3.3657658100128174, -6.817648887634277, 34.310340881347656, 4.060842990875244, -3.22463321685791, -6.704067707061768, -0.5134130716323853], [-1.1245976686477661, 1.418826699256897, 2.1979212760925293, -2.61814022064209, 0.015605533495545387, -1.7767661809921265, 0.44150039553642273, -1.1500581502914429, 1.4452892541885376, -0.0035529814194887877, 1.745642066001892, 3.257993221282959, 0.16354826092720032, 0.12825852632522583, 3.251312732696533, -0.3714377284049988, 4.060842990875244, 12.549260139465332, -3.4650847911834717, -3.6392319202423096, 0.027573764324188232], [2.643411636352539, -1.2070746421813965, -5.078514099121094, -1.8064650297164917, 5.842133522033691, 2.474881887435913, 1.69431734085083, -0.016796963289380074, 1.3966703414916992, -4.363049507141113, -0.2040281593799591, -2.3079612255096436, -16.78775978088379, 0.29321739077568054, 13.152186393737793, 4.0126495361328125, -3.22463321685791, -3.4650847911834717, 32.643157958984375, -0.9664169549942017, -0.9855801463127136], [2.4745709896087646, 2.428518056869507, 3.572354555130005, 3.928957462310791, 6.691689968109131, -2.4990298748016357, 9.508474349975586, -1.2939658164978027, -0.5145159959793091, -4.982663631439209, -8.177181243896484, -5.149264812469482, 7.879947662353516, 3.094398021697998, -1.4378632307052612, -8.26685905456543, -6.704067707061768, -3.6392319202423096, -0.9664169549942017, 38.6136360168457, -3.3621459007263184], [-1.9941129684448242, -3.9987237453460693, -6.543850421905518, 1.8276517391204834, -3.410231113433838, -4.881529808044434, -5.696502208709717, 0.1600801944732666, 3.307847499847412, 1.31852388381958, 9.002126693725586, 5.502735137939453, -3.6612915992736816, 10.630250930786133, -3.7217512130737305, 5.515780448913574, -0.5134130716323853, 0.027573704719543457, -0.985579252243042, -3.36214542388916, 35.899986267089844]], "type": "heatmap"}], "layout": {"template": {"data": {"histogram2dcontour": [{"type": "histogram2dcontour", "colorbar": {"outlinewidth": 0, "ticks": ""}, "colorscale": [[0.0, "#0d0887"], [0.1111111111111111, "#46039f"], [0.2222222222222222, "#7201a8"], [0.3333333333333333, "#9c179e"], [0.4444444444444444, "#bd3786"], [0.5555555555555556, "#d8576b"], [0.6666666666666666, "#ed7953"], [0.7777777777777778, "#fb9f3a"], [0.8888888888888888, "#fdca26"], [1.0, "#f0f921"]]}], "choropleth": [{"type": "choropleth", "colorbar": {"outlinewidth": 0, "ticks": ""}}], "histogram2d": [{"type": "histogram2d", "colorbar": {"outlinewidth": 0, "ticks": ""}, "colorscale": [[0.0, "#0d0887"], [0.1111111111111111, "#46039f"], [0.2222222222222222, "#7201a8"], [0.3333333333333333, "#9c179e"], [0.4444444444444444, "#bd3786"], [0.5555555555555556, "#d8576b"], [0.6666666666666666, "#ed7953"], [0.7777777777777778, "#fb9f3a"], [0.8888888888888888, "#fdca26"], [1.0, "#f0f921"]]}], "heatmap": [{"type": "heatmap", "colorbar": {"outlinewidth": 0, "ticks": ""}, "colorscale": [[0.0, "#0d0887"], [0.1111111111111111, "#46039f"], [0.2222222222222222, "#7201a8"], [0.3333333333333333, "#9c179e"], [0.4444444444444444, "#bd3786"], [0.5555555555555556, "#d8576b"], [0.6666666666666666, "#ed7953"], [0.7777777777777778, "#fb9f3a"], [0.8888888888888888, "#fdca26"], [1.0, "#f0f921"]]}], "heatmapgl": [{"type": "heatmapgl", "colorbar": {"outlinewidth": 0, "ticks": ""}, "colorscale": [[0.0, "#0d0887"], [0.1111111111111111, "#46039f"], [0.2222222222222222, "#7201a8"], [0.3333333333333333, "#9c179e"], [0.4444444444444444, "#bd3786"], [0.5555555555555556, "#d8576b"], [0.6666666666666666, "#ed7953"], [0.7777777777777778, "#fb9f3a"], [0.8888888888888888, "#fdca26"], [1.0, "#f0f921"]]}], "contourcarpet": [{"type": "contourcarpet", "colorbar": {"outlinewidth": 0, "ticks": ""}}], "contour": [{"type": "contour", "colorbar": {"outlinewidth": 0, "ticks": ""}, "colorscale": [[0.0, "#0d0887"], [0.1111111111111111, "#46039f"], [0.2222222222222222, "#7201a8"], [0.3333333333333333, "#9c179e"], [0.4444444444444444, "#bd3786"], [0.5555555555555556, "#d8576b"], [0.6666666666666666, "#ed7953"], [0.7777777777777778, "#fb9f3a"], [0.8888888888888888, "#fdca26"], [1.0, "#f0f921"]]}], "surface": [{"type": "surface", "colorbar": {"outlinewidth": 0, "ticks": ""}, "colorscale": [[0.0, "#0d0887"], [0.1111111111111111, "#46039f"], [0.2222222222222222, "#7201a8"], [0.3333333333333333, "#9c179e"], [0.4444444444444444, "#bd3786"], [0.5555555555555556, "#d8576b"], [0.6666666666666666, "#ed7953"], [0.7777777777777778, "#fb9f3a"], [0.8888888888888888, "#fdca26"], [1.0, "#f0f921"]]}], "mesh3d": [{"type": "mesh3d", "colorbar": {"outlinewidth": 0, "ticks": ""}}], "scatter": [{"fillpattern": {"fillmode": "overlay", "size": 10, "solidity": 0.2}, "type": "scatter"}], "parcoords": [{"type": "parcoords", "line": {"colorbar": {"outlinewidth": 0, "ticks": ""}}}], "scatterpolargl": [{"type": "scatterpolargl", "marker": {"colorbar": {"outlinewidth": 0, "ticks": ""}}}], "bar": [{"error_x": {"color": "#2a3f5f"}, "error_y": {"color": "#2a3f5f"}, "marker": {"line": {"color": "#E5ECF6", "width": 0.5}, "pattern": {"fillmode": "overlay", "size": 10, "solidity": 0.2}}, "type": "bar"}], "scattergeo": [{"type": "scattergeo", "marker": {"colorbar": {"outlinewidth": 0, "ticks": ""}}}], "scatterpolar": [{"type": "scatterpolar", "marker": {"colorbar": {"outlinewidth": 0, "ticks": ""}}}], "histogram": [{"marker": {"pattern": {"fillmode": "overlay", "size": 10, "solidity": 0.2}}, "type": "histogram"}], "scattergl": [{"type": "scattergl", "marker": {"colorbar": {"outlinewidth": 0, "ticks": ""}}}], "scatter3d": [{"type": "scatter3d", "line": {"colorbar": {"outlinewidth": 0, "ticks": ""}}, "marker": {"colorbar": {"outlinewidth": 0, "ticks": ""}}}], "scattermapbox": [{"type": "scattermapbox", "marker": {"colorbar": {"outlinewidth": 0, "ticks": ""}}}], "scatterternary": [{"type": "scatterternary", "marker": {"colorbar": {"outlinewidth": 0, "ticks": ""}}}], "scattercarpet": [{"type": "scattercarpet", "marker": {"colorbar": {"outlinewidth": 0, "ticks": ""}}}], "carpet": [{"aaxis": {"endlinecolor": "#2a3f5f", "gridcolor": "white", "linecolor": "white", "minorgridcolor": "white", "startlinecolor": "#2a3f5f"}, "baxis": {"endlinecolor": "#2a3f5f", "gridcolor": "white", "linecolor": "white", "minorgridcolor": "white", "startlinecolor": "#2a3f5f"}, "type": "carpet"}], "table": [{"cells": {"fill": {"color": "#EBF0F8"}, "line": {"color": "white"}}, "header": {"fill": {"color": "#C8D4E3"}, "line": {"color": "white"}}, "type": "table"}], "barpolar": [{"marker": {"line": {"color": "#E5ECF6", "width": 0.5}, "pattern": {"fillmode": "overlay", "size": 10, "solidity": 0.2}}, "type": "barpolar"}], "pie": [{"automargin": true, "type": "pie"}]}, "layout": {"autotypenumbers": "strict", "colorway": ["#636efa", "#EF553B", "#00cc96", "#ab63fa", "#FFA15A", "#19d3f3", "#FF6692", "#B6E880", "#FF97FF", "#FECB52"], "font": {"color": "#2a3f5f"}, "hovermode": "closest", "hoverlabel": {"align": "left"}, "paper_bgcolor": "white", "plot_bgcolor": "#E5ECF6", "polar": {"bgcolor": "#E5ECF6", "angularaxis": {"gridcolor": "white", "linecolor": "white", "ticks": ""}, "radialaxis": {"gridcolor": "white", "linecolor": "white", "ticks": ""}}, "ternary": {"bgcolor": "#E5ECF6", "aaxis": {"gridcolor": "white", "linecolor": "white", "ticks": ""}, "baxis": {"gridcolor": "white", "linecolor": "white", "ticks": ""}, "caxis": {"gridcolor": "white", "linecolor": "white", "ticks": ""}}, "coloraxis": {"colorbar": {"outlinewidth": 0, "ticks": ""}}, "colorscale": {"sequential": [[0.0, "#0d0887"], [0.1111111111111111, "#46039f"], [0.2222222222222222, "#7201a8"], [0.3333333333333333, "#9c179e"], [0.4444444444444444, "#bd3786"], [0.5555555555555556, "#d8576b"], [0.6666666666666666, "#ed7953"], [0.7777777777777778, "#fb9f3a"], [0.8888888888888888, "#fdca26"], [1.0, "#f0f921"]], "sequentialminus": [[0.0, "#0d0887"], [0.1111111111111111, "#46039f"], [0.2222222222222222, "#7201a8"], [0.3333333333333333, "#9c179e"], [0.4444444444444444, "#bd3786"], [0.5555555555555556, "#d8576b"], [0.6666666666666666, "#ed7953"], [0.7777777777777778, "#fb9f3a"], [0.8888888888888888, "#fdca26"], [1.0, "#f0f921"]], "diverging": [[0, "#8e0152"], [0.1, "#c51b7d"], [0.2, "#de77ae"], [0.3, "#f1b6da"], [0.4, "#fde0ef"], [0.5, "#f7f7f7"], [0.6, "#e6f5d0"], [0.7, "#b8e186"], [0.8, "#7fbc41"], [0.9, "#4d9221"], [1, "#276419"]]}, "xaxis": {"gridcolor": "white", "linecolor": "white", "ticks": "", "title": {"standoff": 15}, "zerolinecolor": "white", "automargin": true, "zerolinewidth": 2}, "yaxis": {"gridcolor": "white", "linecolor": "white", "ticks": "", "title": {"standoff": 15}, "zerolinecolor": "white", "automargin": true, "zerolinewidth": 2}, "scene": {"xaxis": {"backgroundcolor": "#E5ECF6", "gridcolor": "white", "linecolor": "white", "showbackground": true, "ticks": "", "zerolinecolor": "white", "gridwidth": 2}, "yaxis": {"backgroundcolor": "#E5ECF6", "gridcolor": "white", "linecolor": "white", "showbackground": true, "ticks": "", "zerolinecolor": "white", "gridwidth": 2}, "zaxis": {"backgroundcolor": "#E5ECF6", "gridcolor": "white", "linecolor": "white", "showbackground": true, "ticks": "", "zerolinecolor": "white", "gridwidth": 2}}, "shapedefaults": {"line": {"color": "#2a3f5f"}}, "annotationdefaults": {"arrowcolor": "#2a3f5f", "arrowhead": 0, "arrowwidth": 1}, "geo": {"bgcolor": "white", "landcolor": "#E5ECF6", "subunitcolor": "white", "showland": true, "showlakes": true, "lakecolor": "white"}, "title": {"x": 0.05}, "mapbox": {"style": "light"}}}}}