{"data": [{"z": [[16.795068740844727, 2.686995029449463, -5.4168500900268555, -1.9451477527618408, 3.3862240314483643, 3.0240814685821533, 0.15799164772033691, 1.3632185459136963, 0.22397734224796295, 2.120131015777588, -2.8775527477264404, -0.5711253881454468, 5.189160346984863, -5.056943893432617, -0.08728329837322235, -2.046593189239502, -1.407744288444519, -1.219923973083496, 2.6384427547454834, 2.4589357376098633, -2.0185773372650146], [2.686995029449463, 20.69407081604004, 1.172437310218811, -6.186675548553467, 2.9422786235809326, -3.550402879714966, -3.1735832691192627, 1.4737879037857056, -0.6814495325088501, -2.307048797607422, -7.643763542175293, 2.183844566345215, 9.396286964416504, -4.360927581787109, 5.1340107917785645, 5.954344749450684, 1.2532463073730469, 1.3785827159881592, -1.2178775072097778, 2.3929548263549805, -4.012153625488281], [-5.4168500900268555, 1.172437310218811, 19.60407829284668, -4.644585132598877, -0.08539160341024399, 0.319692462682724, 3.704206943511963, 3.609578847885132, -0.4946814477443695, 2.1165597438812256, -1.2039979696273804, -2.3413541316986084, -0.015389738604426384, 0.9892616868019104, -4.264031410217285, 4.699018478393555, 5.574378967285156, 2.1807031631469727, -5.117879867553711, 3.516738176345825, -6.539416313171387], [-1.9451477527618408, -6.186675548553467, -4.644585132598877, 22.795974731445312, 1.1123604774475098, -1.374380111694336, -4.319574356079102, -5.404019832611084, -2.9705610275268555, -2.282388687133789, -6.301388740539551, -2.222646474838257, -0.740318238735199, 2.4749975204467773, -1.8054312467575073, -4.450917720794678, 2.1139941215515137, -2.651015281677246, -1.8555893898010254, 3.9483416080474854, 1.815577745437622], [3.3862240314483643, 2.9422786235809326, -0.08539160341024399, 1.1123604774475098, 19.59834098815918, 2.5395946502685547, 5.75985860824585, -5.766032695770264, -0.34316301345825195, -6.147546291351318, -1.7811808586120605, -4.644401550292969, 1.569267749786377, 4.7862019538879395, 4.29671573638916, -3.9377241134643555, 7.077777862548828, -0.025849223136901855, 5.820833683013916, 6.696338176727295, -3.424823522567749], [3.0240814685821533, -3.550402879714966, 0.319692462682724, -1.374380111694336, 2.5395946502685547, 20.472299575805664, 2.493532419204712, 6.061532497406006, 1.5651448965072632, 6.071853160858154, -5.872879981994629, -0.8592000603675842, 1.9087529182434082, -7.036008834838867, 2.401283025741577, 3.57565975189209, -4.42280387878418, -1.8529314994812012, 2.4685473442077637, -2.5560731887817383, -4.904212474822998], [0.15799164772033691, -3.1735832691192627, 3.704206943511963, -4.319574356079102, 5.75985860824585, 2.493532419204712, 33.494789123535156, -3.522479295730591, -1.5520514249801636, 4.745704650878906, 7.950960159301758, 8.665511131286621, -7.2846856117248535, 5.040270805358887, 5.064669609069824, -7.3832197189331055, 0.5420472621917725, 0.44080233573913574, 1.686300277709961, 9.480895042419434, -5.692500114440918], [1.3632185459136963, 1.4737879037857056, 3.609578847885132, -5.404019832611084, -5.766032695770264, 6.061532497406006, -3.522479295730591, 19.241146087646484, 1.1442170143127441, 2.6427156925201416, 0.44387906789779663, 7.3780975341796875, -4.462987899780273, -3.8339920043945312, 0.9221073389053345, 5.343275547027588, -4.967841148376465, -1.2173547744750977, -0.029040038585662842, -1.4124739170074463, 0.14408773183822632], [0.22397734224796295, -0.6814495325088501, -0.4946814477443695, -2.9705610275268555, -0.34316301345825195, 1.5651448965072632, -1.5520514249801636, 1.1442170143127441, 17.455476760864258, 4.203073024749756, 5.456745624542236, -3.0407023429870605, -7.383360862731934, 4.995749473571777, 1.8507895469665527, -3.7916996479034424, -5.476190090179443, 1.3757050037384033, 1.357651948928833, -0.552271842956543, 3.293910503387451], [2.120131015777588, -2.307048797607422, 2.1165597438812256, -2.282388687133789, -6.147546291351318, 6.071853160858154, 4.745704650878906, 2.6427156925201416, 4.203073024749756, 15.943581581115723, -2.9531962871551514, 6.44875431060791, -1.7123385667800903, -2.4358417987823486, -8.367120742797852, 3.781540870666504, -4.235182762145996, -0.05910322070121765, -4.36781644821167, -5.073519229888916, 1.296743631362915], [-2.8775527477264404, -7.643763542175293, -1.2039979696273804, -6.301388740539551, -1.7811808586120605, -5.872879981994629, 7.950960159301758, 0.44387906789779663, 5.456745624542236, -2.9531962871551514, 29.866064071655273, 3.6198811531066895, -9.762992858886719, 10.515915870666504, 3.5895395278930664, -3.703810214996338, -2.4565539360046387, 1.7489526271820068, -0.21211957931518555, -8.270116806030273, 9.004526138305664], [-0.5711253881454468, 2.183844566345215, -2.3413541316986084, -2.222646474838257, -4.644401550292969, -0.8592000603675842, 8.665511131286621, 7.3780975341796875, -3.0407023429870605, 6.44875431060791, 3.6198811531066895, 26.53278160095215, -7.614262580871582, -0.6233957409858704, 0.8812288045883179, 6.0533318519592285, -5.948078632354736, 3.244014263153076, -2.3133463859558105, -5.285336017608643, 5.504425525665283], [5.189160346984863, 9.396286964416504, -0.015389738604426384, -0.740318238735199, 1.569267749786377, 1.9087529182434082, -7.2846856117248535, -4.462987899780273, -7.383360862731934, -1.7123385667800903, -9.762992858886719, -7.614262580871582, 42.56219482421875, -6.254413604736328, -7.503245830535889, 4.286875247955322, 5.408385276794434, 0.09270811080932617, -16.868202209472656, 7.879861354827881, -3.6787972450256348], [-5.056943893432617, -4.360927581787109, 0.9892616868019104, 2.4749975204467773, 4.7862019538879395, -7.036008834838867, 5.040270805358887, -3.8339920043945312, 4.995749473571777, -2.4358417987823486, 10.515915870666504, -0.6233957409858704, -6.254413604736328, 17.49982261657715, -3.873462677001953, -0.7170241475105286, 3.21693754196167, 0.11621415615081787, 0.2601151466369629, 3.060079574584961, 10.666020393371582], [-0.08728329837322235, 5.1340107917785645, -4.264031410217285, -1.8054312467575073, 4.29671573638916, 2.401283025741577, 5.064669609069824, 0.9221073389053345, 1.8507895469665527, -8.367120742797852, 3.5895395278930664, 0.8812288045883179, -7.503245830535889, -3.873462677001953, 28.727197647094727, -5.874619483947754, 3.3228237628936768, 3.205713987350464, 13.160333633422852, -1.4923286437988281, -3.727325201034546], [-2.046593189239502, 5.954344749450684, 4.699018478393555, -4.450917720794678, -3.9377241134643555, 3.57565975189209, -7.3832197189331055, 5.343275547027588, -3.7916996479034424, 3.781540870666504, -3.703810214996338, 6.0533318519592285, 4.286875247955322, -0.7170241475105286, -5.874619483947754, 24.769853591918945, -6.892559051513672, -0.4151865243911743, 4.01812744140625, -8.369328498840332, 5.51094913482666], [-1.4077444076538086, 1.253246784210205, 5.574378490447998, 2.1139943599700928, 7.077777862548828, -4.4228034019470215, 0.5420473217964172, -4.967840671539307, -5.476189613342285, -4.235182762145996, -2.4565536975860596, -5.948078155517578, 5.408385276794434, 3.216937303543091, 3.322824001312256, -6.892560005187988, 34.40544891357422, 4.048849105834961, -3.310863494873047, -6.7836785316467285, -0.5110238790512085], [-1.2199240922927856, 1.378582239151001, 2.1807029247283936, -2.651014804840088, -0.02584911324083805, -1.852931261062622, 0.4408023953437805, -1.2173547744750977, 1.3757052421569824, -0.05910316854715347, 1.748952865600586, 3.244014263153076, 0.09270836412906647, 0.11621443182229996, 3.205714225769043, -0.4151863157749176, 4.048849105834961, 12.551694869995117, -3.527111530303955, -3.748607635498047, 0.02584594488143921], [2.6384432315826416, -1.2178775072097778, -5.117880344390869, -1.8555893898010254, 5.820833683013916, 2.4685473442077637, 1.6863007545471191, -0.029040083289146423, 1.357652187347412, -4.367816925048828, -0.2121197134256363, -2.3133463859558105, -16.868200302124023, 0.2601146996021271, 13.160333633422852, 4.018128395080566, -3.310863494873047, -3.527111530303955, 32.70800018310547, -1.0194852352142334, -0.9887174367904663], [2.4589357376098633, 2.3929555416107178, 3.5167388916015625, 3.9483416080474854, 6.696338653564453, -2.5560736656188965, 9.4808931350708, -1.4124733209609985, -0.5522717833518982, -5.073519229888916, -8.270115852355957, -5.285335063934326, 7.879860877990723, 3.060080051422119, -1.4923300743103027, -8.369328498840332, -6.7836785316467285, -3.748607635498047, -1.0194852352142334, 38.712318420410156, -3.3812971115112305], [-2.0185770988464355, -4.0121541023254395, -6.53941535949707, 1.8155779838562012, -3.424823522567749, -4.904212951660156, -5.69249963760376, 0.1440877914428711, 3.2939095497131348, 1.2967445850372314, 9.004526138305664, 5.504425048828125, -3.6787972450256348, 10.666020393371582, -3.727325439453125, 5.510949611663818, -0.5110237002372742, 0.025846123695373535, -0.9887170791625977, -3.3812971115112305, 35.899986267089844]], "type": "heatmap"}], "layout": {"template": {"data": {"histogram2dcontour": [{"type": "histogram2dcontour", "colorbar": {"outlinewidth": 0, "ticks": ""}, "colorscale": [[0.0, "#0d0887"], [0.1111111111111111, "#46039f"], [0.2222222222222222, "#7201a8"], [0.3333333333333333, "#9c179e"], [0.4444444444444444, "#bd3786"], [0.5555555555555556, "#d8576b"], [0.6666666666666666, "#ed7953"], [0.7777777777777778, "#fb9f3a"], [0.8888888888888888, "#fdca26"], [1.0, "#f0f921"]]}], "choropleth": [{"type": "choropleth", "colorbar": {"outlinewidth": 0, "ticks": ""}}], "histogram2d": [{"type": "histogram2d", "colorbar": {"outlinewidth": 0, "ticks": ""}, "colorscale": [[0.0, "#0d0887"], [0.1111111111111111, "#46039f"], [0.2222222222222222, "#7201a8"], [0.3333333333333333, "#9c179e"], [0.4444444444444444, "#bd3786"], [0.5555555555555556, "#d8576b"], [0.6666666666666666, "#ed7953"], [0.7777777777777778, "#fb9f3a"], [0.8888888888888888, "#fdca26"], [1.0, "#f0f921"]]}], "heatmap": [{"type": "heatmap", "colorbar": {"outlinewidth": 0, "ticks": ""}, "colorscale": [[0.0, "#0d0887"], [0.1111111111111111, "#46039f"], [0.2222222222222222, "#7201a8"], [0.3333333333333333, "#9c179e"], [0.4444444444444444, "#bd3786"], [0.5555555555555556, "#d8576b"], [0.6666666666666666, "#ed7953"], [0.7777777777777778, "#fb9f3a"], [0.8888888888888888, "#fdca26"], [1.0, "#f0f921"]]}], "heatmapgl": [{"type": "heatmapgl", "colorbar": {"outlinewidth": 0, "ticks": ""}, "colorscale": [[0.0, "#0d0887"], [0.1111111111111111, "#46039f"], [0.2222222222222222, "#7201a8"], [0.3333333333333333, "#9c179e"], [0.4444444444444444, "#bd3786"], [0.5555555555555556, "#d8576b"], [0.6666666666666666, "#ed7953"], [0.7777777777777778, "#fb9f3a"], [0.8888888888888888, "#fdca26"], [1.0, "#f0f921"]]}], "contourcarpet": [{"type": "contourcarpet", "colorbar": {"outlinewidth": 0, "ticks": ""}}], "contour": [{"type": "contour", "colorbar": {"outlinewidth": 0, "ticks": ""}, "colorscale": [[0.0, "#0d0887"], [0.1111111111111111, "#46039f"], [0.2222222222222222, "#7201a8"], [0.3333333333333333, "#9c179e"], [0.4444444444444444, "#bd3786"], [0.5555555555555556, "#d8576b"], [0.6666666666666666, "#ed7953"], [0.7777777777777778, "#fb9f3a"], [0.8888888888888888, "#fdca26"], [1.0, "#f0f921"]]}], "surface": [{"type": "surface", "colorbar": {"outlinewidth": 0, "ticks": ""}, "colorscale": [[0.0, "#0d0887"], [0.1111111111111111, "#46039f"], [0.2222222222222222, "#7201a8"], [0.3333333333333333, "#9c179e"], [0.4444444444444444, "#bd3786"], [0.5555555555555556, "#d8576b"], [0.6666666666666666, "#ed7953"], [0.7777777777777778, "#fb9f3a"], [0.8888888888888888, "#fdca26"], [1.0, "#f0f921"]]}], "mesh3d": [{"type": "mesh3d", "colorbar": {"outlinewidth": 0, "ticks": ""}}], "scatter": [{"fillpattern": {"fillmode": "overlay", "size": 10, "solidity": 0.2}, "type": "scatter"}], "parcoords": [{"type": "parcoords", "line": {"colorbar": {"outlinewidth": 0, "ticks": ""}}}], "scatterpolargl": [{"type": "scatterpolargl", "marker": {"colorbar": {"outlinewidth": 0, "ticks": ""}}}], "bar": [{"error_x": {"color": "#2a3f5f"}, "error_y": {"color": "#2a3f5f"}, "marker": {"line": {"color": "#E5ECF6", "width": 0.5}, "pattern": {"fillmode": "overlay", "size": 10, "solidity": 0.2}}, "type": "bar"}], "scattergeo": [{"type": "scattergeo", "marker": {"colorbar": {"outlinewidth": 0, "ticks": ""}}}], "scatterpolar": [{"type": "scatterpolar", "marker": {"colorbar": {"outlinewidth": 0, "ticks": ""}}}], "histogram": [{"marker": {"pattern": {"fillmode": "overlay", "size": 10, "solidity": 0.2}}, "type": "histogram"}], "scattergl": [{"type": "scattergl", "marker": {"colorbar": {"outlinewidth": 0, "ticks": ""}}}], "scatter3d": [{"type": "scatter3d", "line": {"colorbar": {"outlinewidth": 0, "ticks": ""}}, "marker": {"colorbar": {"outlinewidth": 0, "ticks": ""}}}], "scattermapbox": [{"type": "scattermapbox", "marker": {"colorbar": {"outlinewidth": 0, "ticks": ""}}}], "scatterternary": [{"type": "scatterternary", "marker": {"colorbar": {"outlinewidth": 0, "ticks": ""}}}], "scattercarpet": [{"type": "scattercarpet", "marker": {"colorbar": {"outlinewidth": 0, "ticks": ""}}}], "carpet": [{"aaxis": {"endlinecolor": "#2a3f5f", "gridcolor": "white", "linecolor": "white", "minorgridcolor": "white", "startlinecolor": "#2a3f5f"}, "baxis": {"endlinecolor": "#2a3f5f", "gridcolor": "white", "linecolor": "white", "minorgridcolor": "white", "startlinecolor": "#2a3f5f"}, "type": "carpet"}], "table": [{"cells": {"fill": {"color": "#EBF0F8"}, "line": {"color": "white"}}, "header": {"fill": {"color": "#C8D4E3"}, "line": {"color": "white"}}, "type": "table"}], "barpolar": [{"marker": {"line": {"color": "#E5ECF6", "width": 0.5}, "pattern": {"fillmode": "overlay", "size": 10, "solidity": 0.2}}, "type": "barpolar"}], "pie": [{"automargin": true, "type": "pie"}]}, "layout": {"autotypenumbers": "strict", "colorway": ["#636efa", "#EF553B", "#00cc96", "#ab63fa", "#FFA15A", "#19d3f3", "#FF6692", "#B6E880", "#FF97FF", "#FECB52"], "font": {"color": "#2a3f5f"}, "hovermode": "closest", "hoverlabel": {"align": "left"}, "paper_bgcolor": "white", "plot_bgcolor": "#E5ECF6", "polar": {"bgcolor": "#E5ECF6", "angularaxis": {"gridcolor": "white", "linecolor": "white", "ticks": ""}, "radialaxis": {"gridcolor": "white", "linecolor": "white", "ticks": ""}}, "ternary": {"bgcolor": "#E5ECF6", "aaxis": {"gridcolor": "white", "linecolor": "white", "ticks": ""}, "baxis": {"gridcolor": "white", "linecolor": "white", "ticks": ""}, "caxis": {"gridcolor": "white", "linecolor": "white", "ticks": ""}}, "coloraxis": {"colorbar": {"outlinewidth": 0, "ticks": ""}}, "colorscale": {"sequential": [[0.0, "#0d0887"], [0.1111111111111111, "#46039f"], [0.2222222222222222, "#7201a8"], [0.3333333333333333, "#9c179e"], [0.4444444444444444, "#bd3786"], [0.5555555555555556, "#d8576b"], [0.6666666666666666, "#ed7953"], [0.7777777777777778, "#fb9f3a"], [0.8888888888888888, "#fdca26"], [1.0, "#f0f921"]], "sequentialminus": [[0.0, "#0d0887"], [0.1111111111111111, "#46039f"], [0.2222222222222222, "#7201a8"], [0.3333333333333333, "#9c179e"], [0.4444444444444444, "#bd3786"], [0.5555555555555556, "#d8576b"], [0.6666666666666666, "#ed7953"], [0.7777777777777778, "#fb9f3a"], [0.8888888888888888, "#fdca26"], [1.0, "#f0f921"]], "diverging": [[0, "#8e0152"], [0.1, "#c51b7d"], [0.2, "#de77ae"], [0.3, "#f1b6da"], [0.4, "#fde0ef"], [0.5, "#f7f7f7"], [0.6, "#e6f5d0"], [0.7, "#b8e186"], [0.8, "#7fbc41"], [0.9, "#4d9221"], [1, "#276419"]]}, "xaxis": {"gridcolor": "white", "linecolor": "white", "ticks": "", "title": {"standoff": 15}, "zerolinecolor": "white", "automargin": true, "zerolinewidth": 2}, "yaxis": {"gridcolor": "white", "linecolor": "white", "ticks": "", "title": {"standoff": 15}, "zerolinecolor": "white", "automargin": true, "zerolinewidth": 2}, "scene": {"xaxis": {"backgroundcolor": "#E5ECF6", "gridcolor": "white", "linecolor": "white", "showbackground": true, "ticks": "", "zerolinecolor": "white", "gridwidth": 2}, "yaxis": {"backgroundcolor": "#E5ECF6", "gridcolor": "white", "linecolor": "white", "showbackground": true, "ticks": "", "zerolinecolor": "white", "gridwidth": 2}, "zaxis": {"backgroundcolor": "#E5ECF6", "gridcolor": "white", "linecolor": "white", "showbackground": true, "ticks": "", "zerolinecolor": "white", "gridwidth": 2}}, "shapedefaults": {"line": {"color": "#2a3f5f"}}, "annotationdefaults": {"arrowcolor": "#2a3f5f", "arrowhead": 0, "arrowwidth": 1}, "geo": {"bgcolor": "white", "landcolor": "#E5ECF6", "subunitcolor": "white", "showland": true, "showlakes": true, "lakecolor": "white"}, "title": {"x": 0.05}, "mapbox": {"style": "light"}}}}}