{"data": [{"z": [[16.76065444946289, 2.6996448040008545, -5.389240264892578, -1.9532817602157593, 3.3925423622131348, 3.0188372135162354, 0.1791248470544815, 1.3761615753173828, 0.23087090253829956, 2.1237354278564453, -2.844815731048584, -0.5519816279411316, 5.1880011558532715, -5.02459716796875, -0.07263746857643127, -2.0272090435028076, -1.3794584274291992, -1.1903260946273804, 2.636622428894043, 2.461869716644287, -2.0112924575805664], [2.6996448040008545, 20.67079734802246, 1.1710623502731323, -6.160249710083008, 2.9432806968688965, -3.5351767539978027, -3.1783714294433594, 1.4783291816711426, -0.6658288240432739, -2.2921929359436035, -7.634799480438232, 2.1862425804138184, 9.395484924316406, -4.339401721954346, 5.132386207580566, 5.951949596405029, 1.2612848281860352, 1.3914690017700195, -1.2137459516525269, 2.401780128479004, -4.006462574005127], [-5.389240264892578, 1.1710623502731323, 19.588558197021484, -4.617023468017578, -0.08359374850988388, 0.33785197138786316, 3.689281463623047, 3.6152286529541016, -0.4763445258140564, 2.1297690868377686, -1.209084391593933, -2.3387346267700195, 0.0034874319098889828, 0.9947603940963745, -4.262181282043457, 4.693162441253662, 5.57736873626709, 2.185180187225342, -5.105562210083008, 3.5323293209075928, -6.540034294128418], [-1.9532817602157593, -6.160249710083008, -4.617023468017578, 22.77251625061035, 1.1150258779525757, -1.3732309341430664, -4.296280860900879, -5.378465175628662, -2.969634771347046, -2.2865891456604004, -6.276398658752441, -2.200045108795166, -0.7454946041107178, 2.4725987911224365, -1.7867544889450073, -4.425861835479736, 2.120978832244873, -2.642534017562866, -1.8394355773925781, 3.940314531326294, 1.819193959236145], [3.3925423622131348, 2.9432806968688965, -0.08359374850988388, 1.1150258779525757, 19.57266616821289, 2.5462052822113037, 5.75400447845459, -5.738635063171387, -0.33770743012428284, -6.128802299499512, -1.7688175439834595, -4.620068073272705, 1.570310115814209, 4.787901878356934, 4.297871112823486, -3.9259326457977295, 7.084979057312012, -0.014409542083740234, 5.826738357543945, 6.689337253570557, -3.419750452041626], [3.0188372135162354, -3.5351767539978027, 0.33785197138786316, -1.3732309341430664, 2.5462052822113037, 20.440624237060547, 2.508948564529419, 6.065568923950195, 1.5695303678512573, 6.072872638702393, -5.8380889892578125, -0.8475349545478821, 1.91313636302948, -6.999011993408203, 2.4078917503356934, 3.578157424926758, -4.389029026031494, -1.8287405967712402, 2.4686646461486816, -2.5352697372436523, -4.89565896987915], [0.1791248470544815, -3.1783714294433594, 3.689281463623047, -4.296280860900879, 5.75400447845459, 2.508948564529419, 33.452308654785156, -3.5209035873413086, -1.535453200340271, 4.7494707107543945, 7.927552700042725, 8.65003776550293, -7.259759426116943, 5.027089595794678, 5.0513715744018555, -7.387757778167725, 0.5456211566925049, 0.44076037406921387, 1.6857330799102783, 9.486869812011719, -5.693331718444824], [1.3761615753173828, 1.4783291816711426, 3.6152286529541016, -5.378465175628662, -5.738635063171387, 6.065568923950195, -3.5209035873413086, 19.217802047729492, 1.1562228202819824, 2.64996600151062, 0.44081518054008484, 7.358091831207275, -4.428768634796143, -3.8131134510040283, 0.927444338798523, 5.338827133178711, -4.9381561279296875, -1.1978567838668823, -0.028302371501922607, -1.3753507137298584, 0.14597684144973755], [0.23087090253829956, -0.6658288240432739, -0.4763445258140564, -2.969634771347046, -0.33770743012428284, 1.5695303678512573, -1.535453200340271, 1.1562228202819824, 17.434701919555664, 4.203272819519043, 5.476958751678467, -3.020533561706543, -7.361903190612793, 5.005254745483398, 1.8637468814849854, -3.776082992553711, -5.444889068603516, 1.395814061164856, 1.3648526668548584, -0.5416036248207092, 3.2956368923187256], [2.1237354278564453, -2.2921929359436035, 2.1297690868377686, -2.2865891456604004, -6.128802299499512, 6.072872638702393, 4.7494707107543945, 2.64996600151062, 4.203272819519043, 15.926923751831055, -2.943045139312744, 6.444125652313232, -1.6929525136947632, -2.412571668624878, -8.344931602478027, 3.7926137447357178, -4.217798233032227, -0.04144781827926636, -4.3685197830200195, -5.042329788208008, 1.3019756078720093], [-2.844815731048584, -7.634799480438232, -1.209084391593933, -6.276398658752441, -1.7688175439834595, -5.8380889892578125, 7.927552700042725, 0.44081518054008484, 5.476958751678467, -2.943045139312744, 29.81491470336914, 3.600137710571289, -9.729419708251953, 10.488988876342773, 3.5847742557525635, -3.707859992980957, -2.449981451034546, 1.7443971633911133, -0.21253657341003418, -8.240514755249023, 9.00076961517334], [-0.5519816279411316, 2.1862425804138184, -2.3387346267700195, -2.200045108795166, -4.620068073272705, -0.8475349545478821, 8.65003776550293, 7.358091831207275, -3.020533561706543, 6.444125652313232, 3.600137710571289, 26.48336410522461, -7.581552505493164, -0.6147639751434326, 0.8815337419509888, 6.042535305023193, -5.928711891174316, 3.245969772338867, -2.3130574226379395, -5.240827560424805, 5.5008225440979], [5.1880011558532715, 9.395484924316406, 0.0034874319098889828, -0.7454946041107178, 1.570310115814209, 1.91313636302948, -7.259759426116943, -4.428768634796143, -7.361903190612793, -1.6929525136947632, -9.729419708251953, -7.581552505493164, 42.50873565673828, -6.225702285766602, -7.49172830581665, 4.29990291595459, 5.415867805480957, 0.11325788497924805, -16.839147567749023, 7.876485824584961, -3.673001289367676], [-5.02459716796875, -4.339401721954346, 0.9947603940963745, 2.4725987911224365, 4.787901878356934, -6.999011993408203, 5.027089595794678, -3.8131134510040283, 5.005254745483398, -2.412571668624878, 10.488988876342773, -0.6147639751434326, -6.225702285766602, 17.45732879638672, -3.861027956008911, -0.7100451588630676, 3.2174272537231445, 0.11629188060760498, 0.2673451900482178, 3.0671684741973877, 10.649788856506348], [-0.07263746857643127, 5.132386207580566, -4.262181282043457, -1.7867544889450073, 4.297871112823486, 2.4078917503356934, 5.0513715744018555, 0.927444338798523, 1.8637468814849854, -8.344931602478027, 3.5847742557525635, 0.8815337419509888, -7.49172830581665, -3.861027956008911, 28.707340240478516, -5.875236511230469, 3.3347513675689697, 3.2188124656677246, 13.153392791748047, -1.4775233268737793, -3.726315498352051], [-2.0272090435028076, 5.951949596405029, 4.693162441253662, -4.425861835479736, -3.9259326457977295, 3.578157424926758, -7.387757778167725, 5.338827133178711, -3.776082992553711, 3.7926137447357178, -3.707859992980957, 6.042535305023193, 4.29990291595459, -0.7100451588630676, -5.875236511230469, 24.750654220581055, -6.870028018951416, -0.404715895652771, 4.013763427734375, -8.33734130859375, 5.51035213470459], [-1.3794584274291992, 1.2612848281860352, 5.577367305755615, 2.120978832244873, 7.084980010986328, -4.389029026031494, 0.5456202626228333, -4.9381561279296875, -5.444889068603516, -4.217798233032227, -2.449981451034546, -5.928711891174316, 5.415867805480957, 3.2174270153045654, 3.334752321243286, -6.870027542114258, 34.364383697509766, 4.047902584075928, -3.2829341888427734, -6.759637832641602, -0.5129797458648682], [-1.1903260946273804, 1.3914686441421509, 2.185180187225342, -2.642534017562866, -0.014409561641514301, -1.8287404775619507, 0.44076037406921387, -1.1978567838668823, 1.3958139419555664, -0.04144791141152382, 1.744397521018982, 3.245969533920288, 0.11325795948505402, 0.11629204452037811, 3.218812942504883, -0.40471577644348145, 4.047902584075928, 12.544129371643066, -3.5075623989105225, -3.713989019393921, 0.02394413948059082], [2.636622905731201, -1.2137454748153687, -5.105562686920166, -1.8394361734390259, 5.826737880706787, 2.4686644077301025, 1.685733437538147, -0.028302256017923355, 1.364852786064148, -4.368519306182861, -0.2125367671251297, -2.3130576610565186, -16.839149475097656, 0.2673450708389282, 13.153393745422363, 4.013763904571533, -3.2829341888427734, -3.5075623989105225, 32.67644500732422, -1.0021791458129883, -0.9875179529190063], [2.461869478225708, 2.4017810821533203, 3.5323288440704346, 3.940314769744873, 6.689336776733398, -2.5352697372436523, 9.486870765686035, -1.3753507137298584, -0.5416039228439331, -5.042329788208008, -8.240511894226074, -5.240826606750488, 7.876485347747803, 3.0671684741973877, -1.4775254726409912, -8.33734130859375, -6.759637832641602, -3.713989019393921, -1.0021791458129883, 38.66915512084961, -3.374851942062378], [-2.0112922191619873, -4.006462097167969, -6.540034294128418, 1.8191944360733032, -3.419750452041626, -4.895658493041992, -5.693332195281982, 0.14597702026367188, 3.2956371307373047, 1.3019764423370361, 9.000768661499023, 5.500823020935059, -3.673001289367676, 10.649787902832031, -3.726315498352051, 5.51035213470459, -0.5129796862602234, 0.023944228887557983, -0.9875178337097168, -3.374851703643799, 35.899986267089844]], "type": "heatmap"}], "layout": {"template": {"data": {"histogram2dcontour": [{"type": "histogram2dcontour", "colorbar": {"outlinewidth": 0, "ticks": ""}, "colorscale": [[0.0, "#0d0887"], [0.1111111111111111, "#46039f"], [0.2222222222222222, "#7201a8"], [0.3333333333333333, "#9c179e"], [0.4444444444444444, "#bd3786"], [0.5555555555555556, "#d8576b"], [0.6666666666666666, "#ed7953"], [0.7777777777777778, "#fb9f3a"], [0.8888888888888888, "#fdca26"], [1.0, "#f0f921"]]}], "choropleth": [{"type": "choropleth", "colorbar": {"outlinewidth": 0, "ticks": ""}}], "histogram2d": [{"type": "histogram2d", "colorbar": {"outlinewidth": 0, "ticks": ""}, "colorscale": [[0.0, "#0d0887"], [0.1111111111111111, "#46039f"], [0.2222222222222222, "#7201a8"], [0.3333333333333333, "#9c179e"], [0.4444444444444444, "#bd3786"], [0.5555555555555556, "#d8576b"], [0.6666666666666666, "#ed7953"], [0.7777777777777778, "#fb9f3a"], [0.8888888888888888, "#fdca26"], [1.0, "#f0f921"]]}], "heatmap": [{"type": "heatmap", "colorbar": {"outlinewidth": 0, "ticks": ""}, "colorscale": [[0.0, "#0d0887"], [0.1111111111111111, "#46039f"], [0.2222222222222222, "#7201a8"], [0.3333333333333333, "#9c179e"], [0.4444444444444444, "#bd3786"], [0.5555555555555556, "#d8576b"], [0.6666666666666666, "#ed7953"], [0.7777777777777778, "#fb9f3a"], [0.8888888888888888, "#fdca26"], [1.0, "#f0f921"]]}], "heatmapgl": [{"type": "heatmapgl", "colorbar": {"outlinewidth": 0, "ticks": ""}, "colorscale": [[0.0, "#0d0887"], [0.1111111111111111, "#46039f"], [0.2222222222222222, "#7201a8"], [0.3333333333333333, "#9c179e"], [0.4444444444444444, "#bd3786"], [0.5555555555555556, "#d8576b"], [0.6666666666666666, "#ed7953"], [0.7777777777777778, "#fb9f3a"], [0.8888888888888888, "#fdca26"], [1.0, "#f0f921"]]}], "contourcarpet": [{"type": "contourcarpet", "colorbar": {"outlinewidth": 0, "ticks": ""}}], "contour": [{"type": "contour", "colorbar": {"outlinewidth": 0, "ticks": ""}, "colorscale": [[0.0, "#0d0887"], [0.1111111111111111, "#46039f"], [0.2222222222222222, "#7201a8"], [0.3333333333333333, "#9c179e"], [0.4444444444444444, "#bd3786"], [0.5555555555555556, "#d8576b"], [0.6666666666666666, "#ed7953"], [0.7777777777777778, "#fb9f3a"], [0.8888888888888888, "#fdca26"], [1.0, "#f0f921"]]}], "surface": [{"type": "surface", "colorbar": {"outlinewidth": 0, "ticks": ""}, "colorscale": [[0.0, "#0d0887"], [0.1111111111111111, "#46039f"], [0.2222222222222222, "#7201a8"], [0.3333333333333333, "#9c179e"], [0.4444444444444444, "#bd3786"], [0.5555555555555556, "#d8576b"], [0.6666666666666666, "#ed7953"], [0.7777777777777778, "#fb9f3a"], [0.8888888888888888, "#fdca26"], [1.0, "#f0f921"]]}], "mesh3d": [{"type": "mesh3d", "colorbar": {"outlinewidth": 0, "ticks": ""}}], "scatter": [{"fillpattern": {"fillmode": "overlay", "size": 10, "solidity": 0.2}, "type": "scatter"}], "parcoords": [{"type": "parcoords", "line": {"colorbar": {"outlinewidth": 0, "ticks": ""}}}], "scatterpolargl": [{"type": "scatterpolargl", "marker": {"colorbar": {"outlinewidth": 0, "ticks": ""}}}], "bar": [{"error_x": {"color": "#2a3f5f"}, "error_y": {"color": "#2a3f5f"}, "marker": {"line": {"color": "#E5ECF6", "width": 0.5}, "pattern": {"fillmode": "overlay", "size": 10, "solidity": 0.2}}, "type": "bar"}], "scattergeo": [{"type": "scattergeo", "marker": {"colorbar": {"outlinewidth": 0, "ticks": ""}}}], "scatterpolar": [{"type": "scatterpolar", "marker": {"colorbar": {"outlinewidth": 0, "ticks": ""}}}], "histogram": [{"marker": {"pattern": {"fillmode": "overlay", "size": 10, "solidity": 0.2}}, "type": "histogram"}], "scattergl": [{"type": "scattergl", "marker": {"colorbar": {"outlinewidth": 0, "ticks": ""}}}], "scatter3d": [{"type": "scatter3d", "line": {"colorbar": {"outlinewidth": 0, "ticks": ""}}, "marker": {"colorbar": {"outlinewidth": 0, "ticks": ""}}}], "scattermapbox": [{"type": "scattermapbox", "marker": {"colorbar": {"outlinewidth": 0, "ticks": ""}}}], "scatterternary": [{"type": "scatterternary", "marker": {"colorbar": {"outlinewidth": 0, "ticks": ""}}}], "scattercarpet": [{"type": "scattercarpet", "marker": {"colorbar": {"outlinewidth": 0, "ticks": ""}}}], "carpet": [{"aaxis": {"endlinecolor": "#2a3f5f", "gridcolor": "white", "linecolor": "white", "minorgridcolor": "white", "startlinecolor": "#2a3f5f"}, "baxis": {"endlinecolor": "#2a3f5f", "gridcolor": "white", "linecolor": "white", "minorgridcolor": "white", "startlinecolor": "#2a3f5f"}, "type": "carpet"}], "table": [{"cells": {"fill": {"color": "#EBF0F8"}, "line": {"color": "white"}}, "header": {"fill": {"color": "#C8D4E3"}, "line": {"color": "white"}}, "type": "table"}], "barpolar": [{"marker": {"line": {"color": "#E5ECF6", "width": 0.5}, "pattern": {"fillmode": "overlay", "size": 10, "solidity": 0.2}}, "type": "barpolar"}], "pie": [{"automargin": true, "type": "pie"}]}, "layout": {"autotypenumbers": "strict", "colorway": ["#636efa", "#EF553B", "#00cc96", "#ab63fa", "#FFA15A", "#19d3f3", "#FF6692", "#B6E880", "#FF97FF", "#FECB52"], "font": {"color": "#2a3f5f"}, "hovermode": "closest", "hoverlabel": {"align": "left"}, "paper_bgcolor": "white", "plot_bgcolor": "#E5ECF6", "polar": {"bgcolor": "#E5ECF6", "angularaxis": {"gridcolor": "white", "linecolor": "white", "ticks": ""}, "radialaxis": {"gridcolor": "white", "linecolor": "white", "ticks": ""}}, "ternary": {"bgcolor": "#E5ECF6", "aaxis": {"gridcolor": "white", "linecolor": "white", "ticks": ""}, "baxis": {"gridcolor": "white", "linecolor": "white", "ticks": ""}, "caxis": {"gridcolor": "white", "linecolor": "white", "ticks": ""}}, "coloraxis": {"colorbar": {"outlinewidth": 0, "ticks": ""}}, "colorscale": {"sequential": [[0.0, "#0d0887"], [0.1111111111111111, "#46039f"], [0.2222222222222222, "#7201a8"], [0.3333333333333333, "#9c179e"], [0.4444444444444444, "#bd3786"], [0.5555555555555556, "#d8576b"], [0.6666666666666666, "#ed7953"], [0.7777777777777778, "#fb9f3a"], [0.8888888888888888, "#fdca26"], [1.0, "#f0f921"]], "sequentialminus": [[0.0, "#0d0887"], [0.1111111111111111, "#46039f"], [0.2222222222222222, "#7201a8"], [0.3333333333333333, "#9c179e"], [0.4444444444444444, "#bd3786"], [0.5555555555555556, "#d8576b"], [0.6666666666666666, "#ed7953"], [0.7777777777777778, "#fb9f3a"], [0.8888888888888888, "#fdca26"], [1.0, "#f0f921"]], "diverging": [[0, "#8e0152"], [0.1, "#c51b7d"], [0.2, "#de77ae"], [0.3, "#f1b6da"], [0.4, "#fde0ef"], [0.5, "#f7f7f7"], [0.6, "#e6f5d0"], [0.7, "#b8e186"], [0.8, "#7fbc41"], [0.9, "#4d9221"], [1, "#276419"]]}, "xaxis": {"gridcolor": "white", "linecolor": "white", "ticks": "", "title": {"standoff": 15}, "zerolinecolor": "white", "automargin": true, "zerolinewidth": 2}, "yaxis": {"gridcolor": "white", "linecolor": "white", "ticks": "", "title": {"standoff": 15}, "zerolinecolor": "white", "automargin": true, "zerolinewidth": 2}, "scene": {"xaxis": {"backgroundcolor": "#E5ECF6", "gridcolor": "white", "linecolor": "white", "showbackground": true, "ticks": "", "zerolinecolor": "white", "gridwidth": 2}, "yaxis": {"backgroundcolor": "#E5ECF6", "gridcolor": "white", "linecolor": "white", "showbackground": true, "ticks": "", "zerolinecolor": "white", "gridwidth": 2}, "zaxis": {"backgroundcolor": "#E5ECF6", "gridcolor": "white", "linecolor": "white", "showbackground": true, "ticks": "", "zerolinecolor": "white", "gridwidth": 2}}, "shapedefaults": {"line": {"color": "#2a3f5f"}}, "annotationdefaults": {"arrowcolor": "#2a3f5f", "arrowhead": 0, "arrowwidth": 1}, "geo": {"bgcolor": "white", "landcolor": "#E5ECF6", "subunitcolor": "white", "showland": true, "showlakes": true, "lakecolor": "white"}, "title": {"x": 0.05}, "mapbox": {"style": "light"}}}}}