{"data": [{"z": [[16.767770767211914, 2.6972544193267822, -5.395684242248535, -1.9517723321914673, 3.3908474445343018, 3.0192933082580566, 0.1748126745223999, 1.3729299306869507, 0.2291104942560196, 2.1227095127105713, -2.8517274856567383, -0.556620180606842, 5.1869215965271, -5.032634258270264, -0.07670389115810394, -2.0317471027374268, -1.3860965967178345, -1.1977157592773438, 2.6369104385375977, 2.4608774185180664, -2.0132384300231934], [2.6972544193267822, 20.67559814453125, 1.1721745729446411, -6.163875579833984, 2.9436745643615723, -3.537320375442505, -3.177558660507202, 1.4784809350967407, -0.6675236821174622, -2.2954423427581787, -7.635824680328369, 2.186612129211426, 9.395652770996094, -4.34307336807251, 5.133292198181152, 5.953409671783447, 1.2598519325256348, 1.389453411102295, -1.21372652053833, 2.4007139205932617, -4.0071187019348145], [-5.395684242248535, 1.1721745729446411, 19.591386795043945, -4.622250080108643, -0.0843062698841095, 0.3342760503292084, 3.692131280899048, 3.6137330532073975, -0.4803873896598816, 2.1253795623779297, -1.2080168724060059, -2.3389408588409424, -0.0014078497188165784, 0.993293285369873, -4.263275146484375, 4.694350242614746, 5.5763139724731445, 2.18375563621521, -5.106968402862549, 3.528954267501831, -6.540175437927246], [-1.9517723321914673, -6.163875579833984, -4.622250080108643, 22.777021408081055, 1.1144939661026, -1.3724619150161743, -4.301628112792969, -5.38486385345459, -2.9720122814178467, -2.284015655517578, -6.280282497406006, -2.2059712409973145, -0.7448261380195618, 2.472555637359619, -1.7913590669631958, -4.431351661682129, 2.119032859802246, -2.6422321796417236, -1.8423161506652832, 3.942316770553589, 1.8183823823928833], [3.3908474445343018, 2.9436745643615723, -0.0843062698841095, 1.1144939661026, 19.577030181884766, 2.544616937637329, 5.754908561706543, -5.744556903839111, -0.3396088182926178, -6.133505821228027, -1.771033525466919, -4.625105381011963, 1.5695266723632812, 4.787071228027344, 4.296701908111572, -3.9280953407287598, 7.0835490226745605, -0.016668081283569336, 5.8256659507751465, 6.690100193023682, -3.4206295013427734], [3.0192933082580566, -3.537320375442505, 0.3342760503292084, -1.3724619150161743, 2.544616937637329, 20.4462833404541, 2.505589246749878, 6.064544677734375, 1.5680711269378662, 6.072113037109375, -5.844843864440918, -0.8497517704963684, 1.9113847017288208, -7.00672721862793, 2.4055755138397217, 3.5773990154266357, -4.3968305587768555, -1.8343579769134521, 2.468827247619629, -2.5397558212280273, -4.897550106048584], [0.1748126745223999, -3.177558660507202, 3.692131280899048, -4.301628112792969, 5.754908561706543, 2.505589246749878, 33.46049118041992, -3.5208630561828613, -1.5387847423553467, 4.748376369476318, 7.932400703430176, 8.653011322021484, -7.265325546264648, 5.029892921447754, 5.054218769073486, -7.386237144470215, 0.544695258140564, 0.4405944347381592, 1.6864025592803955, 9.48484992980957, -5.692944526672363], [1.3729299306869507, 1.4784809350967407, 3.6137330532073975, -5.38486385345459, -5.744556903839111, 6.064544677734375, -3.5208630561828613, 19.22303009033203, 1.153573751449585, 2.64790678024292, 0.44182175397872925, 7.362054824829102, -4.437994480133057, -3.817620038986206, 0.9258961081504822, 5.339705944061279, -4.944742679595947, -1.202572226524353, -0.02809607982635498, -1.383763074874878, 0.1463366150856018], [0.2291104942560196, -0.6675236821174622, -0.4803873896598816, -2.9720122814178467, -0.3396088182926178, 1.5680711269378662, -1.5387847423553467, 1.153573751449585, 17.436904907226562, 4.202028751373291, 5.473443508148193, -3.02528977394104, -7.365997314453125, 5.001789569854736, 1.8596137762069702, -3.778949499130249, -5.451615810394287, 1.3919429779052734, 1.3634436130523682, -0.5436558127403259, 3.295822858810425], [2.1227095127105713, -2.2954423427581787, 2.1253795623779297, -2.284015655517578, -6.133505821228027, 6.072113037109375, 4.748376369476318, 2.64790678024292, 4.202028751373291, 15.928707122802734, -2.946274757385254, 6.443249702453613, -1.6987272500991821, -2.41925311088562, -8.35102653503418, 3.788203477859497, -4.220818996429443, -0.04655492305755615, -4.369304656982422, -5.049574375152588, 1.299901008605957], [-2.8517274856567383, -7.635824680328369, -1.2080168724060059, -6.280282497406006, -1.771033525466919, -5.844843864440918, 7.932400703430176, 0.44182175397872925, 5.473443508148193, -2.946274757385254, 29.825149536132812, 3.6039962768554688, -9.736430168151855, 10.494230270385742, 3.585568428039551, -3.70656156539917, -2.4516732692718506, 1.7439327239990234, -0.21178054809570312, -8.246646881103516, 9.001419067382812], [-0.556620180606842, 2.186612129211426, -2.3389408588409424, -2.2059712409973145, -4.625105381011963, -0.8497517704963684, 8.653011322021484, 7.362054824829102, -3.02528977394104, 6.443249702453613, 3.6039962768554688, 26.492860794067383, -7.58885383605957, -0.6178593635559082, 0.8811038136482239, 6.044682025909424, -5.933262825012207, 3.2450075149536133, -2.312563896179199, -5.251099586486816, 5.500204086303711], [5.1869215965271, 9.395652770996094, -0.0014078497188165784, -0.7448261380195618, 1.5695266723632812, 1.9113847017288208, -7.265325546264648, -4.437994480133057, -7.365997314453125, -1.6987272500991821, -9.736430168151855, -7.58885383605957, 42.51795196533203, -6.233179092407227, -7.495497226715088, 4.295880317687988, 5.41379976272583, 0.10668230056762695, -16.845096588134766, 7.876471996307373, -3.674206018447876], [-5.032634258270264, -4.34307336807251, 0.993293285369873, 2.472555637359619, 4.787071228027344, -7.00672721862793, 5.029892921447754, -3.817620038986206, 5.001789569854736, -2.41925311088562, 10.494230270385742, -0.6178593635559082, -6.233179092407227, 17.464357376098633, -3.865055561065674, -0.7121852040290833, 3.2171006202697754, 0.11537450551986694, 0.2658998966217041, 3.064591884613037, 10.652426719665527], [-0.07670389115810394, 5.133292198181152, -4.263275146484375, -1.7913590669631958, 4.296701908111572, 2.4055755138397217, 5.054218769073486, 0.9258961081504822, 1.8596137762069702, -8.35102653503418, 3.585568428039551, 0.8811038136482239, -7.495497226715088, -3.865055561065674, 28.710405349731445, -5.875925540924072, 3.3310747146606445, 3.21463680267334, 13.154821395874023, -1.4823856353759766, -3.7273571491241455], [-2.0317471027374268, 5.953409671783447, 4.694350242614746, -4.431351661682129, -3.9280953407287598, 3.5773990154266357, -7.386237144470215, 5.339705944061279, -3.778949499130249, 3.788203477859497, -3.70656156539917, 6.044682025909424, 4.295880317687988, -0.7121852040290833, -5.875925540924072, 24.75396728515625, -6.875147342681885, -0.40842849016189575, 4.015130996704102, -8.343908309936523, 5.510744094848633], [-1.3860965967178345, 1.2598516941070557, 5.576313495635986, 2.1190319061279297, 7.083549499511719, -4.396831035614014, 0.5446943640708923, -4.944742679595947, -5.451615333557129, -4.220819473266602, -2.4516735076904297, -5.933262825012207, 5.41379976272583, 3.2171010971069336, 3.331075668334961, -6.875146865844727, 34.37198257446289, 4.048157691955566, -3.2878060340881348, -6.76522159576416, -0.5129634141921997], [-1.1977158784866333, 1.389453411102295, 2.183755874633789, -2.642232656478882, -0.01666807197034359, -1.8343580961227417, 0.4405945837497711, -1.2025723457336426, 1.3919426202774048, -0.046554990112781525, 1.7439327239990234, 3.2450075149536133, 0.10668189823627472, 0.11537448316812515, 3.21463680267334, -0.4084286689758301, 4.048157691955566, 12.54384708404541, -3.512035369873047, -3.7218737602233887, 0.02410203218460083], [2.6369102001190186, -1.213726282119751, -5.106969833374023, -1.842315435409546, 5.825666904449463, 2.46882700920105, 1.6864025592803955, -0.0280961524695158, 1.36344313621521, -4.369304656982422, -0.21178016066551208, -2.31256365776062, -16.845096588134766, 0.265900194644928, 13.154823303222656, 4.015130519866943, -3.2878060340881348, -3.512035369873047, 32.68372344970703, -1.0056562423706055, -0.9874598979949951], [2.4608771800994873, 2.4007139205932617, 3.5289547443389893, 3.9423165321350098, 6.690099716186523, -2.5397555828094482, 9.48484992980957, -1.3837628364562988, -0.5436559915542603, -5.04957389831543, -8.246647834777832, -5.2510986328125, 7.876471996307373, 3.064591884613037, -1.4823851585388184, -8.343908309936523, -6.76522159576416, -3.7218737602233887, -1.0056562423706055, 38.67734909057617, -3.376119613647461], [-2.0132381916046143, -4.0071187019348145, -6.540176868438721, 1.8183825016021729, -3.4206290245056152, -4.897550582885742, -5.692944526672363, 0.14633655548095703, 3.295822858810425, 1.2999006509780884, 9.001419067382812, 5.500203609466553, -3.674206495285034, 10.652425765991211, -3.7273569107055664, 5.510744094848633, -0.5129634141921997, 0.024102091789245605, -0.9874601364135742, -3.376119613647461, 35.899986267089844]], "type": "heatmap"}], "layout": {"template": {"data": {"histogram2dcontour": [{"type": "histogram2dcontour", "colorbar": {"outlinewidth": 0, "ticks": ""}, "colorscale": [[0.0, "#0d0887"], [0.1111111111111111, "#46039f"], [0.2222222222222222, "#7201a8"], [0.3333333333333333, "#9c179e"], [0.4444444444444444, "#bd3786"], [0.5555555555555556, "#d8576b"], [0.6666666666666666, "#ed7953"], [0.7777777777777778, "#fb9f3a"], [0.8888888888888888, "#fdca26"], [1.0, "#f0f921"]]}], "choropleth": [{"type": "choropleth", "colorbar": {"outlinewidth": 0, "ticks": ""}}], "histogram2d": [{"type": "histogram2d", "colorbar": {"outlinewidth": 0, "ticks": ""}, "colorscale": [[0.0, "#0d0887"], [0.1111111111111111, "#46039f"], [0.2222222222222222, "#7201a8"], [0.3333333333333333, "#9c179e"], [0.4444444444444444, "#bd3786"], [0.5555555555555556, "#d8576b"], [0.6666666666666666, "#ed7953"], [0.7777777777777778, "#fb9f3a"], [0.8888888888888888, "#fdca26"], [1.0, "#f0f921"]]}], "heatmap": [{"type": "heatmap", "colorbar": {"outlinewidth": 0, "ticks": ""}, "colorscale": [[0.0, "#0d0887"], [0.1111111111111111, "#46039f"], [0.2222222222222222, "#7201a8"], [0.3333333333333333, "#9c179e"], [0.4444444444444444, "#bd3786"], [0.5555555555555556, "#d8576b"], [0.6666666666666666, "#ed7953"], [0.7777777777777778, "#fb9f3a"], [0.8888888888888888, "#fdca26"], [1.0, "#f0f921"]]}], "heatmapgl": [{"type": "heatmapgl", "colorbar": {"outlinewidth": 0, "ticks": ""}, "colorscale": [[0.0, "#0d0887"], [0.1111111111111111, "#46039f"], [0.2222222222222222, "#7201a8"], [0.3333333333333333, "#9c179e"], [0.4444444444444444, "#bd3786"], [0.5555555555555556, "#d8576b"], [0.6666666666666666, "#ed7953"], [0.7777777777777778, "#fb9f3a"], [0.8888888888888888, "#fdca26"], [1.0, "#f0f921"]]}], "contourcarpet": [{"type": "contourcarpet", "colorbar": {"outlinewidth": 0, "ticks": ""}}], "contour": [{"type": "contour", "colorbar": {"outlinewidth": 0, "ticks": ""}, "colorscale": [[0.0, "#0d0887"], [0.1111111111111111, "#46039f"], [0.2222222222222222, "#7201a8"], [0.3333333333333333, "#9c179e"], [0.4444444444444444, "#bd3786"], [0.5555555555555556, "#d8576b"], [0.6666666666666666, "#ed7953"], [0.7777777777777778, "#fb9f3a"], [0.8888888888888888, "#fdca26"], [1.0, "#f0f921"]]}], "surface": [{"type": "surface", "colorbar": {"outlinewidth": 0, "ticks": ""}, "colorscale": [[0.0, "#0d0887"], [0.1111111111111111, "#46039f"], [0.2222222222222222, "#7201a8"], [0.3333333333333333, "#9c179e"], [0.4444444444444444, "#bd3786"], [0.5555555555555556, "#d8576b"], [0.6666666666666666, "#ed7953"], [0.7777777777777778, "#fb9f3a"], [0.8888888888888888, "#fdca26"], [1.0, "#f0f921"]]}], "mesh3d": [{"type": "mesh3d", "colorbar": {"outlinewidth": 0, "ticks": ""}}], "scatter": [{"fillpattern": {"fillmode": "overlay", "size": 10, "solidity": 0.2}, "type": "scatter"}], "parcoords": [{"type": "parcoords", "line": {"colorbar": {"outlinewidth": 0, "ticks": ""}}}], "scatterpolargl": [{"type": "scatterpolargl", "marker": {"colorbar": {"outlinewidth": 0, "ticks": ""}}}], "bar": [{"error_x": {"color": "#2a3f5f"}, "error_y": {"color": "#2a3f5f"}, "marker": {"line": {"color": "#E5ECF6", "width": 0.5}, "pattern": {"fillmode": "overlay", "size": 10, "solidity": 0.2}}, "type": "bar"}], "scattergeo": [{"type": "scattergeo", "marker": {"colorbar": {"outlinewidth": 0, "ticks": ""}}}], "scatterpolar": [{"type": "scatterpolar", "marker": {"colorbar": {"outlinewidth": 0, "ticks": ""}}}], "histogram": [{"marker": {"pattern": {"fillmode": "overlay", "size": 10, "solidity": 0.2}}, "type": "histogram"}], "scattergl": [{"type": "scattergl", "marker": {"colorbar": {"outlinewidth": 0, "ticks": ""}}}], "scatter3d": [{"type": "scatter3d", "line": {"colorbar": {"outlinewidth": 0, "ticks": ""}}, "marker": {"colorbar": {"outlinewidth": 0, "ticks": ""}}}], "scattermapbox": [{"type": "scattermapbox", "marker": {"colorbar": {"outlinewidth": 0, "ticks": ""}}}], "scatterternary": [{"type": "scatterternary", "marker": {"colorbar": {"outlinewidth": 0, "ticks": ""}}}], "scattercarpet": [{"type": "scattercarpet", "marker": {"colorbar": {"outlinewidth": 0, "ticks": ""}}}], "carpet": [{"aaxis": {"endlinecolor": "#2a3f5f", "gridcolor": "white", "linecolor": "white", "minorgridcolor": "white", "startlinecolor": "#2a3f5f"}, "baxis": {"endlinecolor": "#2a3f5f", "gridcolor": "white", "linecolor": "white", "minorgridcolor": "white", "startlinecolor": "#2a3f5f"}, "type": "carpet"}], "table": [{"cells": {"fill": {"color": "#EBF0F8"}, "line": {"color": "white"}}, "header": {"fill": {"color": "#C8D4E3"}, "line": {"color": "white"}}, "type": "table"}], "barpolar": [{"marker": {"line": {"color": "#E5ECF6", "width": 0.5}, "pattern": {"fillmode": "overlay", "size": 10, "solidity": 0.2}}, "type": "barpolar"}], "pie": [{"automargin": true, "type": "pie"}]}, "layout": {"autotypenumbers": "strict", "colorway": ["#636efa", "#EF553B", "#00cc96", "#ab63fa", "#FFA15A", "#19d3f3", "#FF6692", "#B6E880", "#FF97FF", "#FECB52"], "font": {"color": "#2a3f5f"}, "hovermode": "closest", "hoverlabel": {"align": "left"}, "paper_bgcolor": "white", "plot_bgcolor": "#E5ECF6", "polar": {"bgcolor": "#E5ECF6", "angularaxis": {"gridcolor": "white", "linecolor": "white", "ticks": ""}, "radialaxis": {"gridcolor": "white", "linecolor": "white", "ticks": ""}}, "ternary": {"bgcolor": "#E5ECF6", "aaxis": {"gridcolor": "white", "linecolor": "white", "ticks": ""}, "baxis": {"gridcolor": "white", "linecolor": "white", "ticks": ""}, "caxis": {"gridcolor": "white", "linecolor": "white", "ticks": ""}}, "coloraxis": {"colorbar": {"outlinewidth": 0, "ticks": ""}}, "colorscale": {"sequential": [[0.0, "#0d0887"], [0.1111111111111111, "#46039f"], [0.2222222222222222, "#7201a8"], [0.3333333333333333, "#9c179e"], [0.4444444444444444, "#bd3786"], [0.5555555555555556, "#d8576b"], [0.6666666666666666, "#ed7953"], [0.7777777777777778, "#fb9f3a"], [0.8888888888888888, "#fdca26"], [1.0, "#f0f921"]], "sequentialminus": [[0.0, "#0d0887"], [0.1111111111111111, "#46039f"], [0.2222222222222222, "#7201a8"], [0.3333333333333333, "#9c179e"], [0.4444444444444444, "#bd3786"], [0.5555555555555556, "#d8576b"], [0.6666666666666666, "#ed7953"], [0.7777777777777778, "#fb9f3a"], [0.8888888888888888, "#fdca26"], [1.0, "#f0f921"]], "diverging": [[0, "#8e0152"], [0.1, "#c51b7d"], [0.2, "#de77ae"], [0.3, "#f1b6da"], [0.4, "#fde0ef"], [0.5, "#f7f7f7"], [0.6, "#e6f5d0"], [0.7, "#b8e186"], [0.8, "#7fbc41"], [0.9, "#4d9221"], [1, "#276419"]]}, "xaxis": {"gridcolor": "white", "linecolor": "white", "ticks": "", "title": {"standoff": 15}, "zerolinecolor": "white", "automargin": true, "zerolinewidth": 2}, "yaxis": {"gridcolor": "white", "linecolor": "white", "ticks": "", "title": {"standoff": 15}, "zerolinecolor": "white", "automargin": true, "zerolinewidth": 2}, "scene": {"xaxis": {"backgroundcolor": "#E5ECF6", "gridcolor": "white", "linecolor": "white", "showbackground": true, "ticks": "", "zerolinecolor": "white", "gridwidth": 2}, "yaxis": {"backgroundcolor": "#E5ECF6", "gridcolor": "white", "linecolor": "white", "showbackground": true, "ticks": "", "zerolinecolor": "white", "gridwidth": 2}, "zaxis": {"backgroundcolor": "#E5ECF6", "gridcolor": "white", "linecolor": "white", "showbackground": true, "ticks": "", "zerolinecolor": "white", "gridwidth": 2}}, "shapedefaults": {"line": {"color": "#2a3f5f"}}, "annotationdefaults": {"arrowcolor": "#2a3f5f", "arrowhead": 0, "arrowwidth": 1}, "geo": {"bgcolor": "white", "landcolor": "#E5ECF6", "subunitcolor": "white", "showland": true, "showlakes": true, "lakecolor": "white"}, "title": {"x": 0.05}, "mapbox": {"style": "light"}}}}}