{"data": [{"z": [[16.73389434814453, 2.7109203338623047, -5.363883972167969, -1.9567075967788696, 3.3999040126800537, 3.015211820602417, 0.20046980679035187, 1.3909002542495728, 0.24140475690364838, 2.1290385723114014, -2.8112950325012207, -0.5318359136581421, 5.188077449798584, -4.99200963973999, -0.05864915996789932, -2.007570505142212, -1.3540503978729248, -1.1605604887008667, 2.638270854949951, 2.4666802883148193, -2.003997325897217], [2.7109203338623047, 20.652511596679688, 1.1704857349395752, -6.137226104736328, 2.9461631774902344, -3.5227980613708496, -3.181823253631592, 1.482151746749878, -0.6503396034240723, -2.279524803161621, -7.628125190734863, 2.187283515930176, 9.396324157714844, -4.321483135223389, 5.131796360015869, 5.949904918670654, 1.268430233001709, 1.4029524326324463, -1.2105412483215332, 2.4125261306762695, -4.002098083496094], [-5.363883972167969, 1.1704857349395752, 19.578332901000977, -4.592852592468262, -0.077186219394207, 0.35268634557724, 3.677255868911743, 3.621532440185547, -0.4574417769908905, 2.1420838832855225, -1.2146800756454468, -2.3370275497436523, 0.022174179553985596, 0.9991217255592346, -4.258842945098877, 4.690852165222168, 5.580751419067383, 2.1897380352020264, -5.093831539154053, 3.548783302307129, -6.542627334594727], [-1.9567075967788696, -6.137226104736328, -4.592852592468262, 22.757801055908203, 1.1199891567230225, -1.371649980545044, -4.276657581329346, -5.35288667678833, -2.9705379009246826, -2.2887072563171387, -6.251547336578369, -2.178361415863037, -0.7493846416473389, 2.473224401473999, -1.7692317962646484, -4.399055480957031, 2.128908157348633, -2.6321489810943604, -1.8242063522338867, 3.9339194297790527, 1.8228912353515625], [3.3999040126800537, 2.9461631774902344, -0.077186219394207, 1.1199891567230225, 19.557525634765625, 2.5531606674194336, 5.75032901763916, -5.710846900939941, -0.3276250958442688, -6.112894058227539, -1.7565274238586426, -4.59693717956543, 1.5752049684524536, 4.793618202209473, 4.302464962005615, -3.909459352493286, 7.096000671386719, 0.0001919269561767578, 5.833205223083496, 6.6887898445129395, -3.4148106575012207], [3.015211820602417, -3.5227980613708496, 0.35268634557724, -1.371649980545044, 2.5531606674194336, 20.418004989624023, 2.5244455337524414, 6.071366786956787, 1.5764234066009521, 6.074214935302734, -5.807346343994141, -0.8370934724807739, 1.9191195964813232, -6.968643665313721, 2.415621757507324, 3.582021474838257, -4.357994556427002, -1.8052637577056885, 2.4709551334381104, -2.518632411956787, -4.889547348022461], [0.20046980679035187, -3.181823253631592, 3.677255868911743, -4.276657581329346, 5.75032901763916, 2.5244455337524414, 33.420345306396484, -3.5203540325164795, -1.5204569101333618, 4.7529096603393555, 7.9080047607421875, 8.638250350952148, -7.237032890319824, 5.0172648429870605, 5.042013168334961, -7.39143180847168, 0.5481804609298706, 0.44096970558166504, 1.6894423961639404, 9.496563911437988, -5.693750858306885], [1.3909002542495728, 1.482151746749878, 3.621532440185547, -5.35288667678833, -5.710846900939941, 6.071366786956787, -3.5203540325164795, 19.203319549560547, 1.177294373512268, 2.6562719345092773, 0.43805992603302, 7.341418266296387, -4.394692420959473, -3.791489601135254, 0.9354971647262573, 5.340100288391113, -4.906474590301514, -1.1765567064285278, -0.02446138858795166, -1.339585781097412, 0.15204864740371704], [0.24140475690364838, -0.6503396034240723, -0.4574417769908905, -2.9705379009246826, -0.3276250958442688, 1.5764234066009521, -1.5204569101333618, 1.177294373512268, 17.423748016357422, 4.206589698791504, 5.500347137451172, -2.9990718364715576, -7.339993476867676, 5.018858432769775, 1.8814514875411987, -3.7514114379882812, -5.41388463973999, 1.4178622961044312, 1.3785300254821777, -0.5302033424377441, 3.300539493560791], [2.1290385723114014, -2.279524803161621, 2.1420838832855225, -2.2887072563171387, -6.112894058227539, 6.074214935302734, 4.7529096603393555, 2.6562719345092773, 4.206589698791504, 15.916487693786621, -2.932037591934204, 6.442304611206055, -1.6747232675552368, -2.3924002647399902, -8.3268404006958, 3.8044345378875732, -4.19905948638916, -0.025536715984344482, -4.368043899536133, -5.016008377075195, 1.3080120086669922], [-2.8112950325012207, -7.628125190734863, -1.2146800756454468, -6.251547336578369, -1.7565274238586426, -5.807346343994141, 7.9080047607421875, 0.43805992603302, 5.500347137451172, -2.932037591934204, 29.776641845703125, 3.584641695022583, -9.695327758789062, 10.471319198608398, 3.582756280899048, -3.708249568939209, -2.445284366607666, 1.7429205179214478, -0.20953869819641113, -8.211536407470703, 9.000335693359375], [-0.5318359136581421, 2.187283515930176, -2.3370275497436523, -2.178361415863037, -4.59693717956543, -0.8370934724807739, 8.638250350952148, 7.341418266296387, -2.9990718364715576, 6.442304611206055, 3.584641695022583, 26.44321060180664, -7.550720691680908, -0.6039924025535583, 0.882827877998352, 6.034645080566406, -5.91094970703125, 3.250023126602173, -2.3123364448547363, -5.198801040649414, 5.499278545379639], [5.188077449798584, 9.396324157714844, 0.022174179553985596, -0.7493846416473389, 1.5752049684524536, 1.9191195964813232, -7.237032890319824, -4.394692420959473, -7.339993476867676, -1.6747232675552368, -9.695327758789062, -7.550720691680908, 42.470436096191406, -6.197415351867676, -7.47852897644043, 4.316141128540039, 5.427114486694336, 0.13629698753356934, -16.813228607177734, 7.876274585723877, -3.667703628540039], [-4.99200963973999, -4.321483135223389, 0.9991217255592346, 2.473224401473999, 4.793618202209473, -6.968643665313721, 5.0172648429870605, -3.791489601135254, 5.018858432769775, -2.3924002647399902, 10.471319198608398, -0.6039924025535583, -6.197415351867676, 17.42845916748047, -3.848038673400879, -0.696540117263794, 3.217410087585449, 0.12041866779327393, 0.2772560119628906, 3.078129768371582, 10.639078140258789], [-0.05864915996789932, 5.131796360015869, -4.258842945098877, -1.7692317962646484, 4.302464962005615, 2.415621757507324, 5.042013168334961, 0.9354971647262573, 1.8814514875411987, -8.3268404006958, 3.582756280899048, 0.882827877998352, -7.47852897644043, -3.848038673400879, 28.69496726989746, -5.8727545738220215, 3.3476316928863525, 3.2331700325012207, 13.150943756103516, -1.4603476524353027, -3.724440574645996], [-2.007570505142212, 5.949904918670654, 4.690852165222168, -4.399055480957031, -3.909459352493286, 3.582021474838257, -7.39143180847168, 5.340100288391113, -3.7514114379882812, 3.8044345378875732, -3.708249568939209, 6.034645080566406, 4.316141128540039, -0.696540117263794, -5.8727545738220215, 24.740440368652344, -6.846401691436768, -0.3893125653266907, 4.012579917907715, -8.30454158782959, 5.51328706741333], [-1.3540503978729248, 1.2684296369552612, 5.580751419067383, 2.128908157348633, 7.096000671386719, -4.357994556427002, 0.5481798052787781, -4.9064741134643555, -5.413884162902832, -4.19905948638916, -2.445284366607666, -5.910949230194092, 5.427115440368652, 3.21740984916687, 3.3476319313049316, -6.846402168273926, 34.333648681640625, 4.051969528198242, -3.2559494972229004, -6.7350239753723145, -0.5145125389099121], [-1.1605606079101562, 1.4029523134231567, 2.1897380352020264, -2.6321492195129395, 0.00019186967983841896, -1.805263638496399, 0.4409697949886322, -1.176557183265686, 1.4178625345230103, -0.025536516681313515, 1.7429202795028687, 3.250023365020752, 0.1362970620393753, 0.12041857093572617, 3.2331700325012207, -0.38931241631507874, 4.051969528198242, 12.54444408416748, -3.487656593322754, -3.6801979541778564, 0.024881482124328613], [2.6382713317871094, -1.210540771484375, -5.093832015991211, -1.8242058753967285, 5.833205223083496, 2.4709553718566895, 1.6894418001174927, -0.024461543187499046, 1.3785303831100464, -4.368043899536133, -0.20953835546970367, -2.3123369216918945, -16.813230514526367, 0.27725642919540405, 13.1509428024292, 4.012579441070557, -3.2559494972229004, -3.487656593322754, 32.65703582763672, -0.9856059551239014, -0.9871213436126709], [2.4666810035705566, 2.4125258922576904, 3.548783302307129, 3.9339189529418945, 6.688791275024414, -2.518632411956787, 9.496564865112305, -1.339585781097412, -0.530203640460968, -5.0160088539123535, -8.21153736114502, -5.198801040649414, 7.876275539398193, 3.078129768371582, -1.460349202156067, -8.30454158782959, -6.7350239753723145, -3.6801979541778564, -0.9856059551239014, 38.63861083984375, -3.3692708015441895], [-2.003997802734375, -4.002098083496094, -6.542627334594727, 1.8228909969329834, -3.414811611175537, -4.889547348022461, -5.693750381469727, 0.15204906463623047, 3.30053973197937, 1.3080120086669922, 9.000334739685059, 5.499278545379639, -3.667703151702881, 10.639078140258789, -3.7244410514831543, 5.513286590576172, -0.514512836933136, 0.024881422519683838, -0.9871211051940918, -3.3692712783813477, 35.899986267089844]], "type": "heatmap"}], "layout": {"template": {"data": {"histogram2dcontour": [{"type": "histogram2dcontour", "colorbar": {"outlinewidth": 0, "ticks": ""}, "colorscale": [[0.0, "#0d0887"], [0.1111111111111111, "#46039f"], [0.2222222222222222, "#7201a8"], [0.3333333333333333, "#9c179e"], [0.4444444444444444, "#bd3786"], [0.5555555555555556, "#d8576b"], [0.6666666666666666, "#ed7953"], [0.7777777777777778, "#fb9f3a"], [0.8888888888888888, "#fdca26"], [1.0, "#f0f921"]]}], "choropleth": [{"type": "choropleth", "colorbar": {"outlinewidth": 0, "ticks": ""}}], "histogram2d": [{"type": "histogram2d", "colorbar": {"outlinewidth": 0, "ticks": ""}, "colorscale": [[0.0, "#0d0887"], [0.1111111111111111, "#46039f"], [0.2222222222222222, "#7201a8"], [0.3333333333333333, "#9c179e"], [0.4444444444444444, "#bd3786"], [0.5555555555555556, "#d8576b"], [0.6666666666666666, "#ed7953"], [0.7777777777777778, "#fb9f3a"], [0.8888888888888888, "#fdca26"], [1.0, "#f0f921"]]}], "heatmap": [{"type": "heatmap", "colorbar": {"outlinewidth": 0, "ticks": ""}, "colorscale": [[0.0, "#0d0887"], [0.1111111111111111, "#46039f"], [0.2222222222222222, "#7201a8"], [0.3333333333333333, "#9c179e"], [0.4444444444444444, "#bd3786"], [0.5555555555555556, "#d8576b"], [0.6666666666666666, "#ed7953"], [0.7777777777777778, "#fb9f3a"], [0.8888888888888888, "#fdca26"], [1.0, "#f0f921"]]}], "heatmapgl": [{"type": "heatmapgl", "colorbar": {"outlinewidth": 0, "ticks": ""}, "colorscale": [[0.0, "#0d0887"], [0.1111111111111111, "#46039f"], [0.2222222222222222, "#7201a8"], [0.3333333333333333, "#9c179e"], [0.4444444444444444, "#bd3786"], [0.5555555555555556, "#d8576b"], [0.6666666666666666, "#ed7953"], [0.7777777777777778, "#fb9f3a"], [0.8888888888888888, "#fdca26"], [1.0, "#f0f921"]]}], "contourcarpet": [{"type": "contourcarpet", "colorbar": {"outlinewidth": 0, "ticks": ""}}], "contour": [{"type": "contour", "colorbar": {"outlinewidth": 0, "ticks": ""}, "colorscale": [[0.0, "#0d0887"], [0.1111111111111111, "#46039f"], [0.2222222222222222, "#7201a8"], [0.3333333333333333, "#9c179e"], [0.4444444444444444, "#bd3786"], [0.5555555555555556, "#d8576b"], [0.6666666666666666, "#ed7953"], [0.7777777777777778, "#fb9f3a"], [0.8888888888888888, "#fdca26"], [1.0, "#f0f921"]]}], "surface": [{"type": "surface", "colorbar": {"outlinewidth": 0, "ticks": ""}, "colorscale": [[0.0, "#0d0887"], [0.1111111111111111, "#46039f"], [0.2222222222222222, "#7201a8"], [0.3333333333333333, "#9c179e"], [0.4444444444444444, "#bd3786"], [0.5555555555555556, "#d8576b"], [0.6666666666666666, "#ed7953"], [0.7777777777777778, "#fb9f3a"], [0.8888888888888888, "#fdca26"], [1.0, "#f0f921"]]}], "mesh3d": [{"type": "mesh3d", "colorbar": {"outlinewidth": 0, "ticks": ""}}], "scatter": [{"fillpattern": {"fillmode": "overlay", "size": 10, "solidity": 0.2}, "type": "scatter"}], "parcoords": [{"type": "parcoords", "line": {"colorbar": {"outlinewidth": 0, "ticks": ""}}}], "scatterpolargl": [{"type": "scatterpolargl", "marker": {"colorbar": {"outlinewidth": 0, "ticks": ""}}}], "bar": [{"error_x": {"color": "#2a3f5f"}, "error_y": {"color": "#2a3f5f"}, "marker": {"line": {"color": "#E5ECF6", "width": 0.5}, "pattern": {"fillmode": "overlay", "size": 10, "solidity": 0.2}}, "type": "bar"}], "scattergeo": [{"type": "scattergeo", "marker": {"colorbar": {"outlinewidth": 0, "ticks": ""}}}], "scatterpolar": [{"type": "scatterpolar", "marker": {"colorbar": {"outlinewidth": 0, "ticks": ""}}}], "histogram": [{"marker": {"pattern": {"fillmode": "overlay", "size": 10, "solidity": 0.2}}, "type": "histogram"}], "scattergl": [{"type": "scattergl", "marker": {"colorbar": {"outlinewidth": 0, "ticks": ""}}}], "scatter3d": [{"type": "scatter3d", "line": {"colorbar": {"outlinewidth": 0, "ticks": ""}}, "marker": {"colorbar": {"outlinewidth": 0, "ticks": ""}}}], "scattermapbox": [{"type": "scattermapbox", "marker": {"colorbar": {"outlinewidth": 0, "ticks": ""}}}], "scatterternary": [{"type": "scatterternary", "marker": {"colorbar": {"outlinewidth": 0, "ticks": ""}}}], "scattercarpet": [{"type": "scattercarpet", "marker": {"colorbar": {"outlinewidth": 0, "ticks": ""}}}], "carpet": [{"aaxis": {"endlinecolor": "#2a3f5f", "gridcolor": "white", "linecolor": "white", "minorgridcolor": "white", "startlinecolor": "#2a3f5f"}, "baxis": {"endlinecolor": "#2a3f5f", "gridcolor": "white", "linecolor": "white", "minorgridcolor": "white", "startlinecolor": "#2a3f5f"}, "type": "carpet"}], "table": [{"cells": {"fill": {"color": "#EBF0F8"}, "line": {"color": "white"}}, "header": {"fill": {"color": "#C8D4E3"}, "line": {"color": "white"}}, "type": "table"}], "barpolar": [{"marker": {"line": {"color": "#E5ECF6", "width": 0.5}, "pattern": {"fillmode": "overlay", "size": 10, "solidity": 0.2}}, "type": "barpolar"}], "pie": [{"automargin": true, "type": "pie"}]}, "layout": {"autotypenumbers": "strict", "colorway": ["#636efa", "#EF553B", "#00cc96", "#ab63fa", "#FFA15A", "#19d3f3", "#FF6692", "#B6E880", "#FF97FF", "#FECB52"], "font": {"color": "#2a3f5f"}, "hovermode": "closest", "hoverlabel": {"align": "left"}, "paper_bgcolor": "white", "plot_bgcolor": "#E5ECF6", "polar": {"bgcolor": "#E5ECF6", "angularaxis": {"gridcolor": "white", "linecolor": "white", "ticks": ""}, "radialaxis": {"gridcolor": "white", "linecolor": "white", "ticks": ""}}, "ternary": {"bgcolor": "#E5ECF6", "aaxis": {"gridcolor": "white", "linecolor": "white", "ticks": ""}, "baxis": {"gridcolor": "white", "linecolor": "white", "ticks": ""}, "caxis": {"gridcolor": "white", "linecolor": "white", "ticks": ""}}, "coloraxis": {"colorbar": {"outlinewidth": 0, "ticks": ""}}, "colorscale": {"sequential": [[0.0, "#0d0887"], [0.1111111111111111, "#46039f"], [0.2222222222222222, "#7201a8"], [0.3333333333333333, "#9c179e"], [0.4444444444444444, "#bd3786"], [0.5555555555555556, "#d8576b"], [0.6666666666666666, "#ed7953"], [0.7777777777777778, "#fb9f3a"], [0.8888888888888888, "#fdca26"], [1.0, "#f0f921"]], "sequentialminus": [[0.0, "#0d0887"], [0.1111111111111111, "#46039f"], [0.2222222222222222, "#7201a8"], [0.3333333333333333, "#9c179e"], [0.4444444444444444, "#bd3786"], [0.5555555555555556, "#d8576b"], [0.6666666666666666, "#ed7953"], [0.7777777777777778, "#fb9f3a"], [0.8888888888888888, "#fdca26"], [1.0, "#f0f921"]], "diverging": [[0, "#8e0152"], [0.1, "#c51b7d"], [0.2, "#de77ae"], [0.3, "#f1b6da"], [0.4, "#fde0ef"], [0.5, "#f7f7f7"], [0.6, "#e6f5d0"], [0.7, "#b8e186"], [0.8, "#7fbc41"], [0.9, "#4d9221"], [1, "#276419"]]}, "xaxis": {"gridcolor": "white", "linecolor": "white", "ticks": "", "title": {"standoff": 15}, "zerolinecolor": "white", "automargin": true, "zerolinewidth": 2}, "yaxis": {"gridcolor": "white", "linecolor": "white", "ticks": "", "title": {"standoff": 15}, "zerolinecolor": "white", "automargin": true, "zerolinewidth": 2}, "scene": {"xaxis": {"backgroundcolor": "#E5ECF6", "gridcolor": "white", "linecolor": "white", "showbackground": true, "ticks": "", "zerolinecolor": "white", "gridwidth": 2}, "yaxis": {"backgroundcolor": "#E5ECF6", "gridcolor": "white", "linecolor": "white", "showbackground": true, "ticks": "", "zerolinecolor": "white", "gridwidth": 2}, "zaxis": {"backgroundcolor": "#E5ECF6", "gridcolor": "white", "linecolor": "white", "showbackground": true, "ticks": "", "zerolinecolor": "white", "gridwidth": 2}}, "shapedefaults": {"line": {"color": "#2a3f5f"}}, "annotationdefaults": {"arrowcolor": "#2a3f5f", "arrowhead": 0, "arrowwidth": 1}, "geo": {"bgcolor": "white", "landcolor": "#E5ECF6", "subunitcolor": "white", "showland": true, "showlakes": true, "lakecolor": "white"}, "title": {"x": 0.05}, "mapbox": {"style": "light"}}}}}