{"data": [{"z": [[16.71231460571289, 2.7276642322540283, -5.333591938018799, -1.9613080024719238, 3.4104323387145996, 3.015782117843628, 0.2233017385005951, 1.411292314529419, 0.25551897287368774, 2.1391239166259766, -2.772663116455078, -0.507149338722229, 5.193758964538574, -4.952871322631836, -0.039499446749687195, -1.9818352460861206, -1.3218061923980713, -1.1235157251358032, 2.643606662750244, 2.4745044708251953, -1.9942889213562012], [2.7276642322540283, 20.638065338134766, 1.173059105873108, -6.110570430755615, 2.9523744583129883, -3.505699396133423, -3.184243679046631, 1.4901398420333862, -0.6289315819740295, -2.261831045150757, -7.619374752044678, 2.1896893978118896, 9.401629447937012, -4.299013614654541, 5.1349310874938965, 5.951107978820801, 1.2801361083984375, 1.419792652130127, -1.2067763805389404, 2.429713249206543, -3.9984219074249268], [-5.333591938018799, 1.173059105873108, 19.572294235229492, -4.565371513366699, -0.06754720211029053, 0.37285318970680237, 3.6641831398010254, 3.6343255043029785, -0.43117451667785645, 2.1617448329925537, -1.2187697887420654, -2.3343324661254883, 0.047496497631073, 1.007362723350525, -4.251720905303955, 4.693159580230713, 5.59010648727417, 2.198333978652954, -5.077446937561035, 3.573853015899658, -6.543777942657471], [-1.9613080024719238, -6.110570430755615, -4.565371513366699, 22.751792907714844, 1.1274182796478271, -1.3715286254882812, -4.256017208099365, -5.318098545074463, -2.9695050716400146, -2.288489818572998, -6.223734378814697, -2.152742385864258, -0.7492552399635315, 2.4744677543640137, -1.7484543323516846, -4.366821765899658, 2.1401166915893555, -2.617300033569336, -1.8056349754333496, 3.9283695220947266, 1.8278371095657349], [3.4104323387145996, 2.9523744583129883, -0.06754720211029053, 1.1274182796478271, 19.54452896118164, 2.5635485649108887, 5.748244285583496, -5.67773962020874, -0.31273987889289856, -6.093031406402588, -1.7407333850860596, -4.570714473724365, 1.5821223258972168, 4.801609039306641, 4.310108661651611, -3.8910722732543945, 7.110114097595215, 0.01713252067565918, 5.842820167541504, 6.692251205444336, -3.409785032272339], [3.015782117843628, -3.505699396133423, 0.37285318970680237, -1.3715286254882812, 2.5635485649108887, 20.398954391479492, 2.5422232151031494, 6.081319332122803, 1.5879751443862915, 6.079610347747803, -5.772026538848877, -0.8231432437896729, 1.928721308708191, -6.931787014007568, 2.4274446964263916, 3.5899784564971924, -4.318885326385498, -1.7756845951080322, 2.4751691818237305, -2.4981768131256104, -4.881210803985596], [0.2233017385005951, -3.184243679046631, 3.6641831398010254, -4.256017208099365, 5.748244285583496, 2.5422232151031494, 33.39158630371094, -3.5207438468933105, -1.5009723901748657, 4.76016902923584, 7.887195110321045, 8.625442504882812, -7.21135139465332, 5.006379127502441, 5.033205986022949, -7.396905422210693, 0.5510015487670898, 0.4414827823638916, 1.694869041442871, 9.509048461914062, -5.69671630859375], [1.411292314529419, 1.4901398420333862, 3.6343255043029785, -5.318098545074463, -5.67773962020874, 6.081319332122803, -3.5207438468933105, 19.197004318237305, 1.2081681489944458, 2.6725471019744873, 0.4394605755805969, 7.327112197875977, -4.351377964019775, -3.7578089237213135, 0.9481157660484314, 5.3453779220581055, -4.866403102874756, -1.1484570503234863, -0.01606673002243042, -1.2915880680084229, 0.16005539894104004], [0.25551897287368774, -0.6289315819740295, -0.43117451667785645, -2.9695050716400146, -0.31273987889289856, 1.5879751443862915, -1.5009723901748657, 1.2081681489944458, 17.421039581298828, 4.214468002319336, 5.531505584716797, -2.9703211784362793, -7.314270973205566, 5.039271354675293, 1.9049254655838013, -3.7214713096618652, -5.374566555023193, 1.4457504749298096, 1.3970286846160889, -0.5139418244361877, 3.3069357872009277], [2.1391239166259766, -2.261831045150757, 2.1617448329925537, -2.288489818572998, -6.093031406402588, 6.079610347747803, 4.76016902923584, 2.6725471019744873, 4.214468002319336, 15.914632797241211, -2.913644552230835, 6.449017524719238, -1.6506938934326172, -2.3629374504089355, -8.304038047790527, 3.8263893127441406, -4.1791229248046875, -0.0021405816078186035, -4.362442493438721, -4.980625629425049, 1.3195383548736572], [-2.772663116455078, -7.619374752044678, -1.2187697887420654, -6.223734378814697, -1.7407333850860596, -5.772026538848877, 7.887195110321045, 0.4394605755805969, 5.531505584716797, -2.913644552230835, 29.739765167236328, 3.5705981254577637, -9.65468978881836, 10.457561492919922, 3.5829036235809326, -3.7067434787750244, -2.436424732208252, 1.7457596063613892, -0.20352625846862793, -8.175358772277832, 9.002381324768066], [-0.507149338722229, 2.1896893978118896, -2.3343324661254883, -2.152742385864258, -4.570714473724365, -0.8231432437896729, 8.625442504882812, 7.327112197875977, -2.9703211784362793, 6.449017524719238, 3.5705981254577637, 26.402738571166992, -7.514820098876953, -0.5871384739875793, 0.8865179419517517, 6.028423309326172, -5.887178421020508, 3.2586870193481445, -2.307410717010498, -5.146562099456787, 5.503352165222168], [5.193758964538574, 9.401629447937012, 0.047496497631073, -0.7492552399635315, 1.5821223258972168, 1.928721308708191, -7.21135139465332, -4.351377964019775, -7.314270973205566, -1.6506938934326172, -9.65468978881836, -7.514820098876953, 42.4366340637207, -6.160817623138428, -7.461553573608398, 4.3380584716796875, 5.445113182067871, 0.16508078575134277, -16.786706924438477, 7.880576133728027, -3.660952568054199], [-4.952871322631836, -4.299013614654541, 1.007362723350525, 2.4744677543640137, 4.801609039306641, -6.931787014007568, 5.006379127502441, -3.7578089237213135, 5.039271354675293, -2.3629374504089355, 10.457561492919922, -0.5871384739875793, -6.160817623138428, 17.400604248046875, -3.829878330230713, -0.6748732328414917, 3.223034143447876, 0.12939530611038208, 0.2947889566421509, 3.095608949661255, 10.63033390045166], [-0.039499446749687195, 5.1349310874938965, -4.251720905303955, -1.7484543323516846, 4.310108661651611, 2.4274446964263916, 5.033205986022949, 0.9481157660484314, 1.9049254655838013, -8.304038047790527, 3.5829036235809326, 0.8865179419517517, -7.461553573608398, -3.829878330230713, 28.686992645263672, -5.868055820465088, 3.366377353668213, 3.252185821533203, 13.152603149414062, -1.4369206428527832, -3.721710681915283], [-1.9818352460861206, 5.951107978820801, 4.693159580230713, -4.366821765899658, -3.8910722732543945, 3.5899784564971924, -7.396905422210693, 5.3453779220581055, -3.7214713096618652, 3.8263893127441406, -3.7067434787750244, 6.028423309326172, 4.3380584716796875, -0.6748732328414917, -5.868055820465088, 24.733596801757812, -6.816555023193359, -0.36998528242111206, 4.013031959533691, -8.264791488647461, 5.515925407409668], [-1.3218059539794922, 1.280136227607727, 5.59010648727417, 2.1401169300079346, 7.110114574432373, -4.318885803222656, 0.5510025024414062, -4.866403102874756, -5.37456750869751, -4.1791229248046875, -2.436424493789673, -5.88717794418335, 5.4451141357421875, 3.223034620285034, 3.36637806892395, -6.816555500030518, 34.30986022949219, 4.061151504516602, -3.2230453491210938, -6.702313423156738, -0.5132771730422974], [-1.1235156059265137, 1.4197920560836792, 2.198333740234375, -2.617300510406494, 0.017133047804236412, -1.7756843566894531, 0.4414823055267334, -1.1484571695327759, 1.44575035572052, -0.0021408675238490105, 1.7457594871520996, 3.2586867809295654, 0.16508041322231293, 0.1293952614068985, 3.252185344696045, -0.3699852228164673, 4.061151504516602, 12.550341606140137, -3.463176727294922, -3.6365365982055664, 0.02782544493675232], [2.643606662750244, -1.206776738166809, -5.07744836807251, -1.8056343793869019, 5.842818737030029, 2.4751696586608887, 1.6948691606521606, -0.016066566109657288, 1.3970286846160889, -4.362442970275879, -0.20352621376514435, -2.307410955429077, -16.786705017089844, 0.2947891056537628, 13.152603149414062, 4.013031959533691, -3.2230453491210938, -3.463176727294922, 32.64321517944336, -0.9651896953582764, -0.9854153394699097], [2.4745049476623535, 2.429713249206543, 3.573853015899658, 3.92836856842041, 6.692250728607178, -2.4981765747070312, 9.509048461914062, -1.2915889024734497, -0.5139420628547668, -4.980625629425049, -8.175358772277832, -5.146562576293945, 7.880576133728027, 3.095608711242676, -1.4369213581085205, -8.264791488647461, -6.702313423156738, -3.6365365982055664, -0.9651896953582764, 38.61296081542969, -3.361602783203125], [-1.994288682937622, -3.998422622680664, -6.543778419494629, 1.8278372287750244, -3.409785270690918, -4.8812103271484375, -5.69671630859375, 0.16005563735961914, 3.3069357872009277, 1.3195381164550781, 9.002381324768066, 5.503351211547852, -3.6609530448913574, 10.63033390045166, -3.721710681915283, 5.515925407409668, -0.5132772326469421, 0.02782541513442993, -0.9854161739349365, -3.361602783203125, 35.899986267089844]], "type": "heatmap"}], "layout": {"template": {"data": {"histogram2dcontour": [{"type": "histogram2dcontour", "colorbar": {"outlinewidth": 0, "ticks": ""}, "colorscale": [[0.0, "#0d0887"], [0.1111111111111111, "#46039f"], [0.2222222222222222, "#7201a8"], [0.3333333333333333, "#9c179e"], [0.4444444444444444, "#bd3786"], [0.5555555555555556, "#d8576b"], [0.6666666666666666, "#ed7953"], [0.7777777777777778, "#fb9f3a"], [0.8888888888888888, "#fdca26"], [1.0, "#f0f921"]]}], "choropleth": [{"type": "choropleth", "colorbar": {"outlinewidth": 0, "ticks": ""}}], "histogram2d": [{"type": "histogram2d", "colorbar": {"outlinewidth": 0, "ticks": ""}, "colorscale": [[0.0, "#0d0887"], [0.1111111111111111, "#46039f"], [0.2222222222222222, "#7201a8"], [0.3333333333333333, "#9c179e"], [0.4444444444444444, "#bd3786"], [0.5555555555555556, "#d8576b"], [0.6666666666666666, "#ed7953"], [0.7777777777777778, "#fb9f3a"], [0.8888888888888888, "#fdca26"], [1.0, "#f0f921"]]}], "heatmap": [{"type": "heatmap", "colorbar": {"outlinewidth": 0, "ticks": ""}, "colorscale": [[0.0, "#0d0887"], [0.1111111111111111, "#46039f"], [0.2222222222222222, "#7201a8"], [0.3333333333333333, "#9c179e"], [0.4444444444444444, "#bd3786"], [0.5555555555555556, "#d8576b"], [0.6666666666666666, "#ed7953"], [0.7777777777777778, "#fb9f3a"], [0.8888888888888888, "#fdca26"], [1.0, "#f0f921"]]}], "heatmapgl": [{"type": "heatmapgl", "colorbar": {"outlinewidth": 0, "ticks": ""}, "colorscale": [[0.0, "#0d0887"], [0.1111111111111111, "#46039f"], [0.2222222222222222, "#7201a8"], [0.3333333333333333, "#9c179e"], [0.4444444444444444, "#bd3786"], [0.5555555555555556, "#d8576b"], [0.6666666666666666, "#ed7953"], [0.7777777777777778, "#fb9f3a"], [0.8888888888888888, "#fdca26"], [1.0, "#f0f921"]]}], "contourcarpet": [{"type": "contourcarpet", "colorbar": {"outlinewidth": 0, "ticks": ""}}], "contour": [{"type": "contour", "colorbar": {"outlinewidth": 0, "ticks": ""}, "colorscale": [[0.0, "#0d0887"], [0.1111111111111111, "#46039f"], [0.2222222222222222, "#7201a8"], [0.3333333333333333, "#9c179e"], [0.4444444444444444, "#bd3786"], [0.5555555555555556, "#d8576b"], [0.6666666666666666, "#ed7953"], [0.7777777777777778, "#fb9f3a"], [0.8888888888888888, "#fdca26"], [1.0, "#f0f921"]]}], "surface": [{"type": "surface", "colorbar": {"outlinewidth": 0, "ticks": ""}, "colorscale": [[0.0, "#0d0887"], [0.1111111111111111, "#46039f"], [0.2222222222222222, "#7201a8"], [0.3333333333333333, "#9c179e"], [0.4444444444444444, "#bd3786"], [0.5555555555555556, "#d8576b"], [0.6666666666666666, "#ed7953"], [0.7777777777777778, "#fb9f3a"], [0.8888888888888888, "#fdca26"], [1.0, "#f0f921"]]}], "mesh3d": [{"type": "mesh3d", "colorbar": {"outlinewidth": 0, "ticks": ""}}], "scatter": [{"fillpattern": {"fillmode": "overlay", "size": 10, "solidity": 0.2}, "type": "scatter"}], "parcoords": [{"type": "parcoords", "line": {"colorbar": {"outlinewidth": 0, "ticks": ""}}}], "scatterpolargl": [{"type": "scatterpolargl", "marker": {"colorbar": {"outlinewidth": 0, "ticks": ""}}}], "bar": [{"error_x": {"color": "#2a3f5f"}, "error_y": {"color": "#2a3f5f"}, "marker": {"line": {"color": "#E5ECF6", "width": 0.5}, "pattern": {"fillmode": "overlay", "size": 10, "solidity": 0.2}}, "type": "bar"}], "scattergeo": [{"type": "scattergeo", "marker": {"colorbar": {"outlinewidth": 0, "ticks": ""}}}], "scatterpolar": [{"type": "scatterpolar", "marker": {"colorbar": {"outlinewidth": 0, "ticks": ""}}}], "histogram": [{"marker": {"pattern": {"fillmode": "overlay", "size": 10, "solidity": 0.2}}, "type": "histogram"}], "scattergl": [{"type": "scattergl", "marker": {"colorbar": {"outlinewidth": 0, "ticks": ""}}}], "scatter3d": [{"type": "scatter3d", "line": {"colorbar": {"outlinewidth": 0, "ticks": ""}}, "marker": {"colorbar": {"outlinewidth": 0, "ticks": ""}}}], "scattermapbox": [{"type": "scattermapbox", "marker": {"colorbar": {"outlinewidth": 0, "ticks": ""}}}], "scatterternary": [{"type": "scatterternary", "marker": {"colorbar": {"outlinewidth": 0, "ticks": ""}}}], "scattercarpet": [{"type": "scattercarpet", "marker": {"colorbar": {"outlinewidth": 0, "ticks": ""}}}], "carpet": [{"aaxis": {"endlinecolor": "#2a3f5f", "gridcolor": "white", "linecolor": "white", "minorgridcolor": "white", "startlinecolor": "#2a3f5f"}, "baxis": {"endlinecolor": "#2a3f5f", "gridcolor": "white", "linecolor": "white", "minorgridcolor": "white", "startlinecolor": "#2a3f5f"}, "type": "carpet"}], "table": [{"cells": {"fill": {"color": "#EBF0F8"}, "line": {"color": "white"}}, "header": {"fill": {"color": "#C8D4E3"}, "line": {"color": "white"}}, "type": "table"}], "barpolar": [{"marker": {"line": {"color": "#E5ECF6", "width": 0.5}, "pattern": {"fillmode": "overlay", "size": 10, "solidity": 0.2}}, "type": "barpolar"}], "pie": [{"automargin": true, "type": "pie"}]}, "layout": {"autotypenumbers": "strict", "colorway": ["#636efa", "#EF553B", "#00cc96", "#ab63fa", "#FFA15A", "#19d3f3", "#FF6692", "#B6E880", "#FF97FF", "#FECB52"], "font": {"color": "#2a3f5f"}, "hovermode": "closest", "hoverlabel": {"align": "left"}, "paper_bgcolor": "white", "plot_bgcolor": "#E5ECF6", "polar": {"bgcolor": "#E5ECF6", "angularaxis": {"gridcolor": "white", "linecolor": "white", "ticks": ""}, "radialaxis": {"gridcolor": "white", "linecolor": "white", "ticks": ""}}, "ternary": {"bgcolor": "#E5ECF6", "aaxis": {"gridcolor": "white", "linecolor": "white", "ticks": ""}, "baxis": {"gridcolor": "white", "linecolor": "white", "ticks": ""}, "caxis": {"gridcolor": "white", "linecolor": "white", "ticks": ""}}, "coloraxis": {"colorbar": {"outlinewidth": 0, "ticks": ""}}, "colorscale": {"sequential": [[0.0, "#0d0887"], [0.1111111111111111, "#46039f"], [0.2222222222222222, "#7201a8"], [0.3333333333333333, "#9c179e"], [0.4444444444444444, "#bd3786"], [0.5555555555555556, "#d8576b"], [0.6666666666666666, "#ed7953"], [0.7777777777777778, "#fb9f3a"], [0.8888888888888888, "#fdca26"], [1.0, "#f0f921"]], "sequentialminus": [[0.0, "#0d0887"], [0.1111111111111111, "#46039f"], [0.2222222222222222, "#7201a8"], [0.3333333333333333, "#9c179e"], [0.4444444444444444, "#bd3786"], [0.5555555555555556, "#d8576b"], [0.6666666666666666, "#ed7953"], [0.7777777777777778, "#fb9f3a"], [0.8888888888888888, "#fdca26"], [1.0, "#f0f921"]], "diverging": [[0, "#8e0152"], [0.1, "#c51b7d"], [0.2, "#de77ae"], [0.3, "#f1b6da"], [0.4, "#fde0ef"], [0.5, "#f7f7f7"], [0.6, "#e6f5d0"], [0.7, "#b8e186"], [0.8, "#7fbc41"], [0.9, "#4d9221"], [1, "#276419"]]}, "xaxis": {"gridcolor": "white", "linecolor": "white", "ticks": "", "title": {"standoff": 15}, "zerolinecolor": "white", "automargin": true, "zerolinewidth": 2}, "yaxis": {"gridcolor": "white", "linecolor": "white", "ticks": "", "title": {"standoff": 15}, "zerolinecolor": "white", "automargin": true, "zerolinewidth": 2}, "scene": {"xaxis": {"backgroundcolor": "#E5ECF6", "gridcolor": "white", "linecolor": "white", "showbackground": true, "ticks": "", "zerolinecolor": "white", "gridwidth": 2}, "yaxis": {"backgroundcolor": "#E5ECF6", "gridcolor": "white", "linecolor": "white", "showbackground": true, "ticks": "", "zerolinecolor": "white", "gridwidth": 2}, "zaxis": {"backgroundcolor": "#E5ECF6", "gridcolor": "white", "linecolor": "white", "showbackground": true, "ticks": "", "zerolinecolor": "white", "gridwidth": 2}}, "shapedefaults": {"line": {"color": "#2a3f5f"}}, "annotationdefaults": {"arrowcolor": "#2a3f5f", "arrowhead": 0, "arrowwidth": 1}, "geo": {"bgcolor": "white", "landcolor": "#E5ECF6", "subunitcolor": "white", "showland": true, "showlakes": true, "lakecolor": "white"}, "title": {"x": 0.05}, "mapbox": {"style": "light"}}}}}