{"data": [{"z": [[16.73690414428711, 2.7088422775268555, -5.367866516113281, -1.9550034999847412, 3.3990750312805176, 3.015195369720459, 0.19781118631362915, 1.3888460397720337, 0.2393534928560257, 2.128082513809204, -2.8155744075775146, -0.534730076789856, 5.187743663787842, -4.99686336517334, -0.06102313473820686, -2.011147975921631, -1.3581652641296387, -1.1646625995635986, 2.6374940872192383, 2.4659321308135986, -2.0058252811431885], [2.7088422775268555, 20.654569625854492, 1.170160174369812, -6.140603065490723, 2.945721387863159, -3.5250391960144043, -3.181351900100708, 1.4815459251403809, -0.6528464555740356, -2.2810864448547363, -7.628711223602295, 2.1870534420013428, 9.395951271057129, -4.324284553527832, 5.131589412689209, 5.950134754180908, 1.2678823471069336, 1.4013097286224365, -1.2111856937408447, 2.4111099243164062, -4.002493858337402], [-5.367866516113281, 1.170160174369812, 19.579547882080078, -4.596222877502441, -0.07770664244890213, 0.35006630420684814, 3.678800106048584, 3.620673179626465, -0.4603666663169861, 2.1403419971466064, -1.2136306762695312, -2.3374342918395996, 0.019320515915751457, 0.9981057047843933, -4.259329319000244, 4.691051483154297, 5.580987453460693, 2.1889231204986572, -5.095990180969238, 3.546686887741089, -6.542384624481201], [-1.9550034999847412, -6.140603065490723, -4.596222877502441, 22.760173797607422, 1.119187831878662, -1.3712406158447266, -4.279092788696289, -5.356362819671631, -2.970928430557251, -2.2889280319213867, -6.254639148712158, -2.181307792663574, -0.7486452460289001, 2.473217248916626, -1.7716108560562134, -4.4024977684021, 2.128328800201416, -2.6334152221679688, -1.8274235725402832, 3.935391426086426, 1.8228120803833008], [3.3990750312805176, 2.945721387863159, -0.07770664244890213, 1.119187831878662, 19.559314727783203, 2.552168369293213, 5.750731945037842, -5.713627815246582, -0.32911649346351624, -6.114994049072266, -1.756920576095581, -4.5999250411987305, 1.5751304626464844, 4.793248176574707, 4.302310466766357, -3.911067485809326, 7.094700336456299, -0.0014532804489135742, 5.832278728485107, 6.688863754272461, -3.414937734603882], [3.015195369720459, -3.5250391960144043, 0.35006630420684814, -1.3712406158447266, 2.552168369293213, 20.42066192626953, 2.5221242904663086, 6.070314407348633, 1.5749971866607666, 6.074134349822998, -5.811609268188477, -0.8389232754707336, 1.917711853981018, -6.973536968231201, 2.414356231689453, 3.580746650695801, -4.362467288970947, -1.808898687362671, 2.4702987670898438, -2.520878791809082, -4.8905229568481445], [0.19781118631362915, -3.181351900100708, 3.678800106048584, -4.279092788696289, 5.750731945037842, 2.5221242904663086, 33.424339294433594, -3.5203871726989746, -1.5229732990264893, 4.752378463745117, 7.910183429718018, 8.639808654785156, -7.240252494812012, 5.018702030181885, 5.043220043182373, -7.391132831573486, 0.5481903553009033, 0.44075918197631836, 1.688277006149292, 9.49538516998291, -5.6935906410217285], [1.3888460397720337, 1.4815459251403809, 3.620673179626465, -5.356362819671631, -5.713627815246582, 6.070314407348633, -3.5203871726989746, 19.20590591430664, 1.1745184659957886, 2.655752182006836, 0.43943968415260315, 7.343513011932373, -4.398613452911377, -3.7946937084198, 0.9345507025718689, 5.340182304382324, -4.909528732299805, -1.1781928539276123, -0.025285065174102783, -1.3438271284103394, 0.15173286199569702], [0.2393534928560257, -0.6528464555740356, -0.4603666663169861, -2.970928430557251, -0.32911649346351624, 1.5749971866607666, -1.5229732990264893, 1.1745184659957886, 17.42437744140625, 4.2059831619262695, 5.4970831871032715, -3.002544641494751, -7.343196392059326, 5.016467571258545, 1.8787992000579834, -3.754960060119629, -5.418240070343018, 1.4144556522369385, 1.3753783702850342, -0.5317935943603516, 3.2997310161590576], [2.128082513809204, -2.2810864448547363, 2.1403419971466064, -2.2889280319213867, -6.114994049072266, 6.074134349822998, 4.752378463745117, 2.655752182006836, 4.2059831619262695, 15.91744613647461, -2.9329047203063965, 6.442750930786133, -1.6770281791687012, -2.3949098587036133, -8.32896900177002, 3.803255796432495, -4.201525688171387, -0.027168333530426025, -4.368284225463867, -5.019299030303955, 1.307220458984375], [-2.8155744075775146, -7.628711223602295, -1.2136306762695312, -6.254639148712158, -1.756920576095581, -5.811609268188477, 7.910183429718018, 0.43943968415260315, 5.4970831871032715, -2.9329047203063965, 29.7818603515625, 3.586839437484741, -9.699935913085938, 10.473638534545898, 3.583631753921509, -3.7076199054718018, -2.443631649017334, 1.7443346977233887, -0.21026301383972168, -8.214570999145508, 9.00072193145752], [-0.534730076789856, 2.1870534420013428, -2.3374342918395996, -2.181307792663574, -4.5999250411987305, -0.8389232754707336, 8.639808654785156, 7.343513011932373, -3.002544641494751, 6.442750930786133, 3.586839437484741, 26.44879913330078, -7.554924964904785, -0.6060208082199097, 0.8824559450149536, 6.035489559173584, -5.912949085235596, 3.2496228218078613, -2.312819719314575, -5.204812049865723, 5.499278545379639], [5.187743663787842, 9.395951271057129, 0.019320515915751457, -0.7486452460289001, 1.5751304626464844, 1.917711853981018, -7.240252494812012, -4.398613452911377, -7.343196392059326, -1.6770281791687012, -9.699935913085938, -7.554924964904785, 42.47526550292969, -6.201639652252197, -7.480480194091797, 4.314155101776123, 5.42563533782959, 0.13352370262145996, -16.81642723083496, 7.876513481140137, -3.668619155883789], [-4.99686336517334, -4.324284553527832, 0.9981057047843933, 2.473217248916626, 4.793248176574707, -6.973536968231201, 5.018702030181885, -3.7946937084198, 5.016467571258545, -2.3949098587036133, 10.473638534545898, -0.6060208082199097, -6.201639652252197, 17.431842803955078, -3.8502886295318604, -0.6989316940307617, 3.217623233795166, 0.1204378604888916, 0.2747018337249756, 3.0764966011047363, 10.64012622833252], [-0.06102313473820686, 5.131589412689209, -4.259329319000244, -1.7716108560562134, 4.302310466766357, 2.414356231689453, 5.043220043182373, 0.9345507025718689, 1.8787992000579834, -8.32896900177002, 3.583631753921509, 0.8824559450149536, -7.480480194091797, -3.8502886295318604, 28.69633674621582, -5.873019695281982, 3.345883846282959, 3.2315332889556885, 13.150824546813965, -1.4626379013061523, -3.725023031234741], [-2.011147975921631, 5.950134754180908, 4.691051483154297, -4.4024977684021, -3.911067485809326, 3.580746650695801, -7.391132831573486, 5.340182304382324, -3.754960060119629, 3.803255796432495, -3.7076199054718018, 6.035489559173584, 4.314155101776123, -0.6989316940307617, -5.873019695281982, 24.741668701171875, -6.848735809326172, -0.39059996604919434, 4.012595176696777, -8.308473587036133, 5.512753486633301], [-1.3581647872924805, 1.267882227897644, 5.58098840713501, 2.128329038619995, 7.094699859619141, -4.3624677658081055, 0.5481904745101929, -4.909529685974121, -5.418240547180176, -4.2015252113342285, -2.443631172180176, -5.912949085235596, 5.42563533782959, 3.217623472213745, 3.345884084701538, -6.8487348556518555, 34.33860778808594, 4.051669120788574, -3.259122848510742, -6.737852096557617, -0.5134832859039307], [-1.1646625995635986, 1.401309847831726, 2.1889233589172363, -2.6334152221679688, -0.0014535047812387347, -1.8088984489440918, 0.4407591223716736, -1.1781929731369019, 1.4144558906555176, -0.027168406173586845, 1.7443346977233887, 3.249622344970703, 0.13352318108081818, 0.12043805420398712, 3.2315337657928467, -0.3905998170375824, 4.051669120788574, 12.545345306396484, -3.4904961585998535, -3.6840760707855225, 0.02544635534286499], [2.637495279312134, -1.2111856937408447, -5.095990180969238, -1.8274240493774414, 5.832280158996582, 2.4702985286712646, 1.6882764101028442, -0.025285420939326286, 1.3753777742385864, -4.368283748626709, -0.21026325225830078, -2.3128201961517334, -16.81642723083496, 0.27470219135284424, 13.150825500488281, 4.012594699859619, -3.259122848510742, -3.4904961585998535, 32.659080505371094, -0.988523006439209, -0.9870157241821289], [2.4659316539764404, 2.411109685897827, 3.546687126159668, 3.9353911876678467, 6.688863277435303, -2.520879030227661, 9.495387077331543, -1.3438276052474976, -0.531793475151062, -5.019298553466797, -8.214571952819824, -5.204812526702881, 7.876511573791504, 3.0764968395233154, -1.462636113166809, -8.30847454071045, -6.737852096557617, -3.6840760707855225, -0.988523006439209, 38.642757415771484, -3.369837760925293], [-2.0058255195617676, -4.0024943351745605, -6.542386054992676, 1.8228119611740112, -3.4149372577667236, -4.890523433685303, -5.693591117858887, 0.1517324447631836, 3.2997307777404785, 1.3072203397750854, 9.000722885131836, 5.499279499053955, -3.668619394302368, 10.640125274658203, -3.725023031234741, 5.512753486633301, -0.5134835243225098, 0.02544635534286499, -0.9870157241821289, -3.369838237762451, 35.899986267089844]], "type": "heatmap"}], "layout": {"template": {"data": {"histogram2dcontour": [{"type": "histogram2dcontour", "colorbar": {"outlinewidth": 0, "ticks": ""}, "colorscale": [[0.0, "#0d0887"], [0.1111111111111111, "#46039f"], [0.2222222222222222, "#7201a8"], [0.3333333333333333, "#9c179e"], [0.4444444444444444, "#bd3786"], [0.5555555555555556, "#d8576b"], [0.6666666666666666, "#ed7953"], [0.7777777777777778, "#fb9f3a"], [0.8888888888888888, "#fdca26"], [1.0, "#f0f921"]]}], "choropleth": [{"type": "choropleth", "colorbar": {"outlinewidth": 0, "ticks": ""}}], "histogram2d": [{"type": "histogram2d", "colorbar": {"outlinewidth": 0, "ticks": ""}, "colorscale": [[0.0, "#0d0887"], [0.1111111111111111, "#46039f"], [0.2222222222222222, "#7201a8"], [0.3333333333333333, "#9c179e"], [0.4444444444444444, "#bd3786"], [0.5555555555555556, "#d8576b"], [0.6666666666666666, "#ed7953"], [0.7777777777777778, "#fb9f3a"], [0.8888888888888888, "#fdca26"], [1.0, "#f0f921"]]}], "heatmap": [{"type": "heatmap", "colorbar": {"outlinewidth": 0, "ticks": ""}, "colorscale": [[0.0, "#0d0887"], [0.1111111111111111, "#46039f"], [0.2222222222222222, "#7201a8"], [0.3333333333333333, "#9c179e"], [0.4444444444444444, "#bd3786"], [0.5555555555555556, "#d8576b"], [0.6666666666666666, "#ed7953"], [0.7777777777777778, "#fb9f3a"], [0.8888888888888888, "#fdca26"], [1.0, "#f0f921"]]}], "heatmapgl": [{"type": "heatmapgl", "colorbar": {"outlinewidth": 0, "ticks": ""}, "colorscale": [[0.0, "#0d0887"], [0.1111111111111111, "#46039f"], [0.2222222222222222, "#7201a8"], [0.3333333333333333, "#9c179e"], [0.4444444444444444, "#bd3786"], [0.5555555555555556, "#d8576b"], [0.6666666666666666, "#ed7953"], [0.7777777777777778, "#fb9f3a"], [0.8888888888888888, "#fdca26"], [1.0, "#f0f921"]]}], "contourcarpet": [{"type": "contourcarpet", "colorbar": {"outlinewidth": 0, "ticks": ""}}], "contour": [{"type": "contour", "colorbar": {"outlinewidth": 0, "ticks": ""}, "colorscale": [[0.0, "#0d0887"], [0.1111111111111111, "#46039f"], [0.2222222222222222, "#7201a8"], [0.3333333333333333, "#9c179e"], [0.4444444444444444, "#bd3786"], [0.5555555555555556, "#d8576b"], [0.6666666666666666, "#ed7953"], [0.7777777777777778, "#fb9f3a"], [0.8888888888888888, "#fdca26"], [1.0, "#f0f921"]]}], "surface": [{"type": "surface", "colorbar": {"outlinewidth": 0, "ticks": ""}, "colorscale": [[0.0, "#0d0887"], [0.1111111111111111, "#46039f"], [0.2222222222222222, "#7201a8"], [0.3333333333333333, "#9c179e"], [0.4444444444444444, "#bd3786"], [0.5555555555555556, "#d8576b"], [0.6666666666666666, "#ed7953"], [0.7777777777777778, "#fb9f3a"], [0.8888888888888888, "#fdca26"], [1.0, "#f0f921"]]}], "mesh3d": [{"type": "mesh3d", "colorbar": {"outlinewidth": 0, "ticks": ""}}], "scatter": [{"fillpattern": {"fillmode": "overlay", "size": 10, "solidity": 0.2}, "type": "scatter"}], "parcoords": [{"type": "parcoords", "line": {"colorbar": {"outlinewidth": 0, "ticks": ""}}}], "scatterpolargl": [{"type": "scatterpolargl", "marker": {"colorbar": {"outlinewidth": 0, "ticks": ""}}}], "bar": [{"error_x": {"color": "#2a3f5f"}, "error_y": {"color": "#2a3f5f"}, "marker": {"line": {"color": "#E5ECF6", "width": 0.5}, "pattern": {"fillmode": "overlay", "size": 10, "solidity": 0.2}}, "type": "bar"}], "scattergeo": [{"type": "scattergeo", "marker": {"colorbar": {"outlinewidth": 0, "ticks": ""}}}], "scatterpolar": [{"type": "scatterpolar", "marker": {"colorbar": {"outlinewidth": 0, "ticks": ""}}}], "histogram": [{"marker": {"pattern": {"fillmode": "overlay", "size": 10, "solidity": 0.2}}, "type": "histogram"}], "scattergl": [{"type": "scattergl", "marker": {"colorbar": {"outlinewidth": 0, "ticks": ""}}}], "scatter3d": [{"type": "scatter3d", "line": {"colorbar": {"outlinewidth": 0, "ticks": ""}}, "marker": {"colorbar": {"outlinewidth": 0, "ticks": ""}}}], "scattermapbox": [{"type": "scattermapbox", "marker": {"colorbar": {"outlinewidth": 0, "ticks": ""}}}], "scatterternary": [{"type": "scatterternary", "marker": {"colorbar": {"outlinewidth": 0, "ticks": ""}}}], "scattercarpet": [{"type": "scattercarpet", "marker": {"colorbar": {"outlinewidth": 0, "ticks": ""}}}], "carpet": [{"aaxis": {"endlinecolor": "#2a3f5f", "gridcolor": "white", "linecolor": "white", "minorgridcolor": "white", "startlinecolor": "#2a3f5f"}, "baxis": {"endlinecolor": "#2a3f5f", "gridcolor": "white", "linecolor": "white", "minorgridcolor": "white", "startlinecolor": "#2a3f5f"}, "type": "carpet"}], "table": [{"cells": {"fill": {"color": "#EBF0F8"}, "line": {"color": "white"}}, "header": {"fill": {"color": "#C8D4E3"}, "line": {"color": "white"}}, "type": "table"}], "barpolar": [{"marker": {"line": {"color": "#E5ECF6", "width": 0.5}, "pattern": {"fillmode": "overlay", "size": 10, "solidity": 0.2}}, "type": "barpolar"}], "pie": [{"automargin": true, "type": "pie"}]}, "layout": {"autotypenumbers": "strict", "colorway": ["#636efa", "#EF553B", "#00cc96", "#ab63fa", "#FFA15A", "#19d3f3", "#FF6692", "#B6E880", "#FF97FF", "#FECB52"], "font": {"color": "#2a3f5f"}, "hovermode": "closest", "hoverlabel": {"align": "left"}, "paper_bgcolor": "white", "plot_bgcolor": "#E5ECF6", "polar": {"bgcolor": "#E5ECF6", "angularaxis": {"gridcolor": "white", "linecolor": "white", "ticks": ""}, "radialaxis": {"gridcolor": "white", "linecolor": "white", "ticks": ""}}, "ternary": {"bgcolor": "#E5ECF6", "aaxis": {"gridcolor": "white", "linecolor": "white", "ticks": ""}, "baxis": {"gridcolor": "white", "linecolor": "white", "ticks": ""}, "caxis": {"gridcolor": "white", "linecolor": "white", "ticks": ""}}, "coloraxis": {"colorbar": {"outlinewidth": 0, "ticks": ""}}, "colorscale": {"sequential": [[0.0, "#0d0887"], [0.1111111111111111, "#46039f"], [0.2222222222222222, "#7201a8"], [0.3333333333333333, "#9c179e"], [0.4444444444444444, "#bd3786"], [0.5555555555555556, "#d8576b"], [0.6666666666666666, "#ed7953"], [0.7777777777777778, "#fb9f3a"], [0.8888888888888888, "#fdca26"], [1.0, "#f0f921"]], "sequentialminus": [[0.0, "#0d0887"], [0.1111111111111111, "#46039f"], [0.2222222222222222, "#7201a8"], [0.3333333333333333, "#9c179e"], [0.4444444444444444, "#bd3786"], [0.5555555555555556, "#d8576b"], [0.6666666666666666, "#ed7953"], [0.7777777777777778, "#fb9f3a"], [0.8888888888888888, "#fdca26"], [1.0, "#f0f921"]], "diverging": [[0, "#8e0152"], [0.1, "#c51b7d"], [0.2, "#de77ae"], [0.3, "#f1b6da"], [0.4, "#fde0ef"], [0.5, "#f7f7f7"], [0.6, "#e6f5d0"], [0.7, "#b8e186"], [0.8, "#7fbc41"], [0.9, "#4d9221"], [1, "#276419"]]}, "xaxis": {"gridcolor": "white", "linecolor": "white", "ticks": "", "title": {"standoff": 15}, "zerolinecolor": "white", "automargin": true, "zerolinewidth": 2}, "yaxis": {"gridcolor": "white", "linecolor": "white", "ticks": "", "title": {"standoff": 15}, "zerolinecolor": "white", "automargin": true, "zerolinewidth": 2}, "scene": {"xaxis": {"backgroundcolor": "#E5ECF6", "gridcolor": "white", "linecolor": "white", "showbackground": true, "ticks": "", "zerolinecolor": "white", "gridwidth": 2}, "yaxis": {"backgroundcolor": "#E5ECF6", "gridcolor": "white", "linecolor": "white", "showbackground": true, "ticks": "", "zerolinecolor": "white", "gridwidth": 2}, "zaxis": {"backgroundcolor": "#E5ECF6", "gridcolor": "white", "linecolor": "white", "showbackground": true, "ticks": "", "zerolinecolor": "white", "gridwidth": 2}}, "shapedefaults": {"line": {"color": "#2a3f5f"}}, "annotationdefaults": {"arrowcolor": "#2a3f5f", "arrowhead": 0, "arrowwidth": 1}, "geo": {"bgcolor": "white", "landcolor": "#E5ECF6", "subunitcolor": "white", "showland": true, "showlakes": true, "lakecolor": "white"}, "title": {"x": 0.05}, "mapbox": {"style": "light"}}}}}