{"data": [{"z": [[16.723587036132812, 2.7176523208618164, -5.351530075073242, -1.9576308727264404, 3.4041202068328857, 3.0149567127227783, 0.21033790707588196, 1.3988370895385742, 0.2466316670179367, 2.1329874992370605, -2.7954583168029785, -0.5218313336372375, 5.189786434173584, -4.976598262786865, -0.05114792659878731, -1.9973702430725098, -1.3415067195892334, -1.146787166595459, 2.6400558948516846, 2.469820022583008, -2.0006446838378906], [2.7176523208618164, 20.645893096923828, 1.1714155673980713, -6.12598991394043, 2.9485039710998535, -3.5158615112304688, -3.18287992477417, 1.4851332902908325, -0.6416120529174805, -2.27221417427063, -7.624413967132568, 2.1885011196136475, 9.39824390411377, -4.3122239112854, 5.132755756378174, 5.9501214027404785, 1.273172378540039, 1.4094150066375732, -1.209061861038208, 2.4190473556518555, -4.000609397888184], [-5.351530075073242, 1.1714155673980713, 19.575096130371094, -4.5814666748046875, -0.0736287534236908, 0.36084964871406555, 3.671553134918213, 3.626243829727173, -0.4469212293624878, 2.1499531269073486, -1.2164204120635986, -2.3358547687530518, 0.03262190520763397, 1.0021312236785889, -4.256348609924316, 4.691616535186768, 5.584770202636719, 2.1930952072143555, -5.087095260620117, 3.558751344680786, -6.542948246002197], [-1.9576308727264404, -6.12598991394043, -4.5814666748046875, 22.7544002532959, 1.1227089166641235, -1.3722740411758423, -4.267933368682861, -5.33850622177124, -2.97000789642334, -2.2892889976501465, -6.239428997039795, -2.1681697368621826, -0.7494174838066101, 2.4729671478271484, -1.7601548433303833, -4.385328769683838, 2.1339473724365234, -2.6259613037109375, -1.8172249794006348, 3.931922435760498, 1.8251384496688843], [3.4041202068328857, 2.9485039710998535, -0.0736287534236908, 1.1227089166641235, 19.550762176513672, 2.5572073459625244, 5.749365329742432, -5.697355270385742, -0.32195472717285156, -6.104893207550049, -1.749588131904602, -4.585906982421875, 1.5780088901519775, 4.796113014221191, 4.305087089538574, -3.9020450115203857, 7.101925849914551, 0.006204009056091309, 5.837135314941406, 6.689816474914551, -3.412623405456543], [3.0149567127227783, -3.5158615112304688, 0.36084964871406555, -1.3722740411758423, 2.5572073459625244, 20.40943145751953, 2.531641721725464, 6.074370861053467, 1.5806375741958618, 6.07626485824585, -5.792549133300781, -0.831723690032959, 1.9225651025772095, -6.954057693481445, 2.420189142227173, 3.5845816135406494, -4.34287166595459, -1.7942006587982178, 2.472522735595703, -2.510646104812622, -4.88715934753418], [0.21033790707588196, -3.18287992477417, 3.671553134918213, -4.267933368682861, 5.749365329742432, 2.531641721725464, 33.40747833251953, -3.520496129989624, -1.5122525691986084, 4.755839824676514, 7.898468971252441, 8.632587432861328, -7.226161956787109, 5.012885093688965, 5.038081645965576, -7.393756866455078, 0.5496485233306885, 0.44101548194885254, 1.6909935474395752, 9.50152587890625, -5.694711208343506], [1.3988370895385742, 1.4851332902908325, 3.626243829727173, -5.33850622177124, -5.697355270385742, 6.074370861053467, -3.520496129989624, 19.200204849243164, 1.1887614727020264, 2.6635162830352783, 0.43887779116630554, 7.335068702697754, -4.3767194747924805, -3.778454542160034, 0.940253496170044, 5.341485500335693, -4.889652252197266, -1.1662479639053345, -0.021419763565063477, -1.3203136920928955, 0.15497547388076782], [0.2466316670179367, -0.6416120529174805, -0.4469212293624878, -2.97000789642334, -0.32195472717285156, 1.5806375741958618, -1.5122525691986084, 1.1887614727020264, 17.42201805114746, 4.209219932556152, 5.512927532196045, -2.9874672889709473, -7.329607009887695, 5.02651309967041, 1.8902437686920166, -3.7400617599487305, -5.397639274597168, 1.4284934997558594, 1.3848862648010254, -0.5236454010009766, 3.3027896881103516], [2.1329874992370605, -2.27221417427063, 2.1499531269073486, -2.2892889976501465, -6.104893207550049, 6.07626485824585, 4.755839824676514, 2.6635162830352783, 4.209219932556152, 15.913872718811035, -2.9239141941070557, 6.444983005523682, -1.6646499633789062, -2.3807871341705322, -8.3175048828125, 3.8141403198242188, -4.190274715423584, -0.01648157835006714, -4.365176200866699, -5.001687526702881, 1.3127963542938232], [-2.7954583168029785, -7.624413967132568, -1.2164204120635986, -6.239428997039795, -1.749588131904602, -5.792549133300781, 7.898468971252441, 0.43887779116630554, 5.512927532196045, -2.9239141941070557, 29.76024627685547, 3.578690528869629, -9.678077697753906, 10.465176582336426, 3.5827691555023193, -3.7071433067321777, -2.44069242477417, 1.7443619966506958, -0.20714807510375977, -8.19614028930664, 9.001511573791504], [-0.5218313336372375, 2.1885011196136475, -2.3358547687530518, -2.1681697368621826, -4.585906982421875, -0.831723690032959, 8.632587432861328, 7.335068702697754, -2.9874672889709473, 6.444983005523682, 3.578690528869629, 26.425827026367188, -7.535519123077393, -0.5980117321014404, 0.8840731382369995, 6.031876564025879, -5.900889873504639, 3.2529263496398926, -2.310575008392334, -5.177502155303955, 5.500619411468506], [5.189786434173584, 9.39824390411377, 0.03262190520763397, -0.7494174838066101, 1.5780088901519775, 1.9225651025772095, -7.226161956787109, -4.3767194747924805, -7.329607009887695, -1.6646499633789062, -9.678077697753906, -7.535519123077393, 42.455535888671875, -6.182165145874023, -7.471397399902344, 4.32517147064209, 5.434363842010498, 0.14702463150024414, -16.80178451538086, 7.877659797668457, -3.6647939682006836], [-4.976598262786865, -4.3122239112854, 1.0021312236785889, 2.4729671478271484, 4.796113014221191, -6.954057693481445, 5.012885093688965, -3.778454542160034, 5.02651309967041, -2.3807871341705322, 10.465176582336426, -0.5980117321014404, -6.182165145874023, 17.415239334106445, -3.8413259983062744, -0.6882520318031311, 3.2194790840148926, 0.12292122840881348, 0.28394269943237305, 3.0848886966705322, 10.6345853805542], [-0.05114792659878731, 5.132755756378174, -4.256348609924316, -1.7601548433303833, 4.305087089538574, 2.420189142227173, 5.038081645965576, 0.940253496170044, 1.8902437686920166, -8.3175048828125, 3.5827691555023193, 0.8840731382369995, -7.471397399902344, -3.8413259983062744, 28.690719604492188, -5.871145248413086, 3.3552002906799316, 3.240126609802246, 13.151288986206055, -1.4514565467834473, -3.723814010620117], [-1.9973702430725098, 5.9501214027404785, 4.691616535186768, -4.385328769683838, -3.9020450115203857, 3.5845816135406494, -7.393756866455078, 5.341485500335693, -3.7400617599487305, 3.8141403198242188, -3.7071433067321777, 6.031876564025879, 4.32517147064209, -0.6882520318031311, -5.871145248413086, 24.736528396606445, -6.8339691162109375, -0.38301289081573486, 4.012485504150391, -8.288701057434082, 5.514387607574463], [-1.3415069580078125, 1.27317214012146, 5.584769248962402, 2.1339480876922607, 7.101925373077393, -4.34287166595459, 0.5496492385864258, -4.889652252197266, -5.39763879776001, -4.190274715423584, -2.440692186355591, -5.900889873504639, 5.434363842010498, 3.2194788455963135, 3.3551993370056152, -6.8339691162109375, 34.32292938232422, 4.055858135223389, -3.242361068725586, -6.721659183502197, -0.514062762260437], [-1.1467869281768799, 1.4094150066375732, 2.1930947303771973, -2.6259615421295166, 0.006203825585544109, -1.7942007780075073, 0.4410155713558197, -1.1662479639053345, 1.428493857383728, -0.016481466591358185, 1.7443618774414062, 3.252926826477051, 0.14702565968036652, 0.12292121350765228, 3.240126609802246, -0.383012592792511, 4.055858135223389, 12.544819831848145, -3.478358745574951, -3.663050413131714, 0.0255659818649292], [2.6400563716888428, -1.209061861038208, -5.087095260620117, -1.8172259330749512, 5.837136745452881, 2.4725229740142822, 1.690994143486023, -0.02141975425183773, 1.3848868608474731, -4.365175247192383, -0.20714807510375977, -2.310574531555176, -16.801782608032227, 0.2839428186416626, 13.151288986206055, 4.012485980987549, -3.242361068725586, -3.478358745574951, 32.64995193481445, -0.9777317047119141, -0.9863957166671753], [2.4698197841644287, 2.4190475940704346, 3.5587518215179443, 3.931922197341919, 6.689815998077393, -2.510645866394043, 9.501523971557617, -1.320313572883606, -0.5236452221870422, -5.001688003540039, -8.196141242980957, -5.177502155303955, 7.877658843994141, 3.084888219833374, -1.4514570236206055, -8.288701057434082, -6.721659183502197, -3.663050413131714, -0.9777317047119141, 38.627098083496094, -3.3659138679504395], [-2.0006442070007324, -4.000609397888184, -6.542947292327881, 1.8251383304595947, -3.4126229286193848, -4.887158393859863, -5.694710731506348, 0.15497541427612305, 3.3027892112731934, 1.3127963542938232, 9.00151252746582, 5.500618934631348, -3.664794445037842, 10.634586334228516, -3.723814010620117, 5.5143866539001465, -0.5140623450279236, 0.02556610107421875, -0.9863951206207275, -3.3659133911132812, 35.899986267089844]], "type": "heatmap"}], "layout": {"template": {"data": {"histogram2dcontour": [{"type": "histogram2dcontour", "colorbar": {"outlinewidth": 0, "ticks": ""}, "colorscale": [[0.0, "#0d0887"], [0.1111111111111111, "#46039f"], [0.2222222222222222, "#7201a8"], [0.3333333333333333, "#9c179e"], [0.4444444444444444, "#bd3786"], [0.5555555555555556, "#d8576b"], [0.6666666666666666, "#ed7953"], [0.7777777777777778, "#fb9f3a"], [0.8888888888888888, "#fdca26"], [1.0, "#f0f921"]]}], "choropleth": [{"type": "choropleth", "colorbar": {"outlinewidth": 0, "ticks": ""}}], "histogram2d": [{"type": "histogram2d", "colorbar": {"outlinewidth": 0, "ticks": ""}, "colorscale": [[0.0, "#0d0887"], [0.1111111111111111, "#46039f"], [0.2222222222222222, "#7201a8"], [0.3333333333333333, "#9c179e"], [0.4444444444444444, "#bd3786"], [0.5555555555555556, "#d8576b"], [0.6666666666666666, "#ed7953"], [0.7777777777777778, "#fb9f3a"], [0.8888888888888888, "#fdca26"], [1.0, "#f0f921"]]}], "heatmap": [{"type": "heatmap", "colorbar": {"outlinewidth": 0, "ticks": ""}, "colorscale": [[0.0, "#0d0887"], [0.1111111111111111, "#46039f"], [0.2222222222222222, "#7201a8"], [0.3333333333333333, "#9c179e"], [0.4444444444444444, "#bd3786"], [0.5555555555555556, "#d8576b"], [0.6666666666666666, "#ed7953"], [0.7777777777777778, "#fb9f3a"], [0.8888888888888888, "#fdca26"], [1.0, "#f0f921"]]}], "heatmapgl": [{"type": "heatmapgl", "colorbar": {"outlinewidth": 0, "ticks": ""}, "colorscale": [[0.0, "#0d0887"], [0.1111111111111111, "#46039f"], [0.2222222222222222, "#7201a8"], [0.3333333333333333, "#9c179e"], [0.4444444444444444, "#bd3786"], [0.5555555555555556, "#d8576b"], [0.6666666666666666, "#ed7953"], [0.7777777777777778, "#fb9f3a"], [0.8888888888888888, "#fdca26"], [1.0, "#f0f921"]]}], "contourcarpet": [{"type": "contourcarpet", "colorbar": {"outlinewidth": 0, "ticks": ""}}], "contour": [{"type": "contour", "colorbar": {"outlinewidth": 0, "ticks": ""}, "colorscale": [[0.0, "#0d0887"], [0.1111111111111111, "#46039f"], [0.2222222222222222, "#7201a8"], [0.3333333333333333, "#9c179e"], [0.4444444444444444, "#bd3786"], [0.5555555555555556, "#d8576b"], [0.6666666666666666, "#ed7953"], [0.7777777777777778, "#fb9f3a"], [0.8888888888888888, "#fdca26"], [1.0, "#f0f921"]]}], "surface": [{"type": "surface", "colorbar": {"outlinewidth": 0, "ticks": ""}, "colorscale": [[0.0, "#0d0887"], [0.1111111111111111, "#46039f"], [0.2222222222222222, "#7201a8"], [0.3333333333333333, "#9c179e"], [0.4444444444444444, "#bd3786"], [0.5555555555555556, "#d8576b"], [0.6666666666666666, "#ed7953"], [0.7777777777777778, "#fb9f3a"], [0.8888888888888888, "#fdca26"], [1.0, "#f0f921"]]}], "mesh3d": [{"type": "mesh3d", "colorbar": {"outlinewidth": 0, "ticks": ""}}], "scatter": [{"fillpattern": {"fillmode": "overlay", "size": 10, "solidity": 0.2}, "type": "scatter"}], "parcoords": [{"type": "parcoords", "line": {"colorbar": {"outlinewidth": 0, "ticks": ""}}}], "scatterpolargl": [{"type": "scatterpolargl", "marker": {"colorbar": {"outlinewidth": 0, "ticks": ""}}}], "bar": [{"error_x": {"color": "#2a3f5f"}, "error_y": {"color": "#2a3f5f"}, "marker": {"line": {"color": "#E5ECF6", "width": 0.5}, "pattern": {"fillmode": "overlay", "size": 10, "solidity": 0.2}}, "type": "bar"}], "scattergeo": [{"type": "scattergeo", "marker": {"colorbar": {"outlinewidth": 0, "ticks": ""}}}], "scatterpolar": [{"type": "scatterpolar", "marker": {"colorbar": {"outlinewidth": 0, "ticks": ""}}}], "histogram": [{"marker": {"pattern": {"fillmode": "overlay", "size": 10, "solidity": 0.2}}, "type": "histogram"}], "scattergl": [{"type": "scattergl", "marker": {"colorbar": {"outlinewidth": 0, "ticks": ""}}}], "scatter3d": [{"type": "scatter3d", "line": {"colorbar": {"outlinewidth": 0, "ticks": ""}}, "marker": {"colorbar": {"outlinewidth": 0, "ticks": ""}}}], "scattermapbox": [{"type": "scattermapbox", "marker": {"colorbar": {"outlinewidth": 0, "ticks": ""}}}], "scatterternary": [{"type": "scatterternary", "marker": {"colorbar": {"outlinewidth": 0, "ticks": ""}}}], "scattercarpet": [{"type": "scattercarpet", "marker": {"colorbar": {"outlinewidth": 0, "ticks": ""}}}], "carpet": [{"aaxis": {"endlinecolor": "#2a3f5f", "gridcolor": "white", "linecolor": "white", "minorgridcolor": "white", "startlinecolor": "#2a3f5f"}, "baxis": {"endlinecolor": "#2a3f5f", "gridcolor": "white", "linecolor": "white", "minorgridcolor": "white", "startlinecolor": "#2a3f5f"}, "type": "carpet"}], "table": [{"cells": {"fill": {"color": "#EBF0F8"}, "line": {"color": "white"}}, "header": {"fill": {"color": "#C8D4E3"}, "line": {"color": "white"}}, "type": "table"}], "barpolar": [{"marker": {"line": {"color": "#E5ECF6", "width": 0.5}, "pattern": {"fillmode": "overlay", "size": 10, "solidity": 0.2}}, "type": "barpolar"}], "pie": [{"automargin": true, "type": "pie"}]}, "layout": {"autotypenumbers": "strict", "colorway": ["#636efa", "#EF553B", "#00cc96", "#ab63fa", "#FFA15A", "#19d3f3", "#FF6692", "#B6E880", "#FF97FF", "#FECB52"], "font": {"color": "#2a3f5f"}, "hovermode": "closest", "hoverlabel": {"align": "left"}, "paper_bgcolor": "white", "plot_bgcolor": "#E5ECF6", "polar": {"bgcolor": "#E5ECF6", "angularaxis": {"gridcolor": "white", "linecolor": "white", "ticks": ""}, "radialaxis": {"gridcolor": "white", "linecolor": "white", "ticks": ""}}, "ternary": {"bgcolor": "#E5ECF6", "aaxis": {"gridcolor": "white", "linecolor": "white", "ticks": ""}, "baxis": {"gridcolor": "white", "linecolor": "white", "ticks": ""}, "caxis": {"gridcolor": "white", "linecolor": "white", "ticks": ""}}, "coloraxis": {"colorbar": {"outlinewidth": 0, "ticks": ""}}, "colorscale": {"sequential": [[0.0, "#0d0887"], [0.1111111111111111, "#46039f"], [0.2222222222222222, "#7201a8"], [0.3333333333333333, "#9c179e"], [0.4444444444444444, "#bd3786"], [0.5555555555555556, "#d8576b"], [0.6666666666666666, "#ed7953"], [0.7777777777777778, "#fb9f3a"], [0.8888888888888888, "#fdca26"], [1.0, "#f0f921"]], "sequentialminus": [[0.0, "#0d0887"], [0.1111111111111111, "#46039f"], [0.2222222222222222, "#7201a8"], [0.3333333333333333, "#9c179e"], [0.4444444444444444, "#bd3786"], [0.5555555555555556, "#d8576b"], [0.6666666666666666, "#ed7953"], [0.7777777777777778, "#fb9f3a"], [0.8888888888888888, "#fdca26"], [1.0, "#f0f921"]], "diverging": [[0, "#8e0152"], [0.1, "#c51b7d"], [0.2, "#de77ae"], [0.3, "#f1b6da"], [0.4, "#fde0ef"], [0.5, "#f7f7f7"], [0.6, "#e6f5d0"], [0.7, "#b8e186"], [0.8, "#7fbc41"], [0.9, "#4d9221"], [1, "#276419"]]}, "xaxis": {"gridcolor": "white", "linecolor": "white", "ticks": "", "title": {"standoff": 15}, "zerolinecolor": "white", "automargin": true, "zerolinewidth": 2}, "yaxis": {"gridcolor": "white", "linecolor": "white", "ticks": "", "title": {"standoff": 15}, "zerolinecolor": "white", "automargin": true, "zerolinewidth": 2}, "scene": {"xaxis": {"backgroundcolor": "#E5ECF6", "gridcolor": "white", "linecolor": "white", "showbackground": true, "ticks": "", "zerolinecolor": "white", "gridwidth": 2}, "yaxis": {"backgroundcolor": "#E5ECF6", "gridcolor": "white", "linecolor": "white", "showbackground": true, "ticks": "", "zerolinecolor": "white", "gridwidth": 2}, "zaxis": {"backgroundcolor": "#E5ECF6", "gridcolor": "white", "linecolor": "white", "showbackground": true, "ticks": "", "zerolinecolor": "white", "gridwidth": 2}}, "shapedefaults": {"line": {"color": "#2a3f5f"}}, "annotationdefaults": {"arrowcolor": "#2a3f5f", "arrowhead": 0, "arrowwidth": 1}, "geo": {"bgcolor": "white", "landcolor": "#E5ECF6", "subunitcolor": "white", "showland": true, "showlakes": true, "lakecolor": "white"}, "title": {"x": 0.05}, "mapbox": {"style": "light"}}}}}