{"data": [{"z": [[16.748538970947266, 2.703091859817505, -5.380156993865967, -1.953381061553955, 3.3945133686065674, 3.0166921615600586, 0.1889914870262146, 1.3809441328048706, 0.23420116305351257, 2.1254918575286865, -2.8307831287384033, -0.5448727011680603, 5.186346530914307, -5.011839389801025, -0.06778962165117264, -2.0207574367523193, -1.3710583448410034, -1.179458737373352, 2.6362433433532715, 2.4631924629211426, -2.009347677230835], [2.703091859817505, 20.662986755371094, 1.1702072620391846, -6.1511640548706055, 2.9444823265075684, -3.530376672744751, -3.179892063140869, 1.4796561002731323, -0.6598533987998962, -2.2878153324127197, -7.631978988647461, 2.1865885257720947, 9.395682334899902, -4.332186222076416, 5.131694793701172, 5.950680255889893, 1.2643847465515137, 1.3955793380737305, -1.212437391281128, 2.405482292175293, -4.004477024078369], [-5.380156993865967, 1.1702072620391846, 19.583471298217773, -4.6073832511901855, -0.08114732056856155, 0.34349286556243896, 3.684629201889038, 3.616851806640625, -0.46897077560424805, 2.1336331367492676, -1.2116963863372803, -2.338550090789795, 0.010483129881322384, 0.9960789084434509, -4.261683464050293, 4.691156387329102, 5.577369689941406, 2.1861956119537354, -5.100911617279053, 3.5377461910247803, -6.541820526123047], [-1.953381061553955, -6.1511640548706055, -4.6073832511901855, 22.765565872192383, 1.1171762943267822, -1.3729040622711182, -4.2880024909973145, -5.367943286895752, -2.9700982570648193, -2.2875916957855225, -6.265283584594727, -2.1919097900390625, -0.7467332482337952, 2.471269369125366, -1.7800201177597046, -4.41487455368042, 2.1251254081726074, -2.638849973678589, -1.8334074020385742, 3.9372735023498535, 1.820870280265808], [3.3945133686065674, 2.9444823265075684, -0.08114732056856155, 1.1171762943267822, 19.565832138061523, 2.5488924980163574, 5.752411842346191, -5.726681709289551, -0.3332909643650055, -6.122697353363037, -1.7633992433547974, -4.610779285430908, 1.572571039199829, 4.790102958679199, 4.299665927886963, -3.9188525676727295, 7.089882850646973, -0.009025931358337402, 5.829001426696777, 6.688940048217773, -3.41717791557312], [3.0166921615600586, -3.530376672744751, 0.34349286556243896, -1.3729040622711182, 2.5488924980163574, 20.43062400817871, 2.5154426097869873, 6.0678887367248535, 1.5720534324645996, 6.073400020599365, -5.825288772583008, -0.8435226082801819, 1.915168046951294, -6.986536026000977, 2.4110662937164307, 3.579477071762085, -4.3761186599731445, -1.8191379308700562, 2.4695258140563965, -2.528475284576416, -4.892311096191406], [0.1889914870262146, -3.179892063140869, 3.684629201889038, -4.2880024909973145, 5.752411842346191, 2.5154426097869873, 33.438175201416016, -3.5197489261627197, -1.5291824340820312, 4.750661849975586, 7.919580936431885, 8.645401954650879, -7.250051498413086, 5.023042678833008, 5.047691822052002, -7.388797283172607, 0.5470215082168579, 0.44120311737060547, 1.6877076625823975, 9.49105167388916, -5.692924976348877], [1.3809441328048706, 1.4796561002731323, 3.616851806640625, -5.367943286895752, -5.726681709289551, 6.0678887367248535, -3.5197489261627197, 19.212038040161133, 1.1658512353897095, 2.652106523513794, 0.439880907535553, 7.350600719451904, -4.414944648742676, -3.803279399871826, 0.9310222864151001, 5.339639663696289, -4.925225257873535, -1.1891005039215088, -0.027109503746032715, -1.3605142831802368, 0.14948827028274536], [0.23420116305351257, -0.6598533987998962, -0.46897077560424805, -2.9700982570648193, -0.3332909643650055, 1.5720534324645996, -1.5291824340820312, 1.1658512353897095, 17.429874420166016, 4.2042741775512695, 5.487211227416992, -3.0122427940368652, -7.3527703285217285, 5.011013984680176, 1.871073603630066, -3.7651045322418213, -5.432523250579834, 1.4042353630065918, 1.3704986572265625, -0.5371942520141602, 3.2977206707000732], [2.1254918575286865, -2.2878153324127197, 2.1336331367492676, -2.2875916957855225, -6.122697353363037, 6.073400020599365, 4.750661849975586, 2.652106523513794, 4.2042741775512695, 15.921379089355469, -2.9390337467193604, 6.442430019378662, -1.686102032661438, -2.4049386978149414, -8.337703704833984, 3.7960352897644043, -4.208661079406738, -0.03600004315376282, -4.3690056800842285, -5.032281875610352, 1.3039838075637817], [-2.8307831287384033, -7.631978988647461, -1.2116963863372803, -6.265283584594727, -1.7633992433547974, -5.825288772583008, 7.919580936431885, 0.439880907535553, 5.487211227416992, -2.9390337467193604, 29.79953956604004, 3.5938315391540527, -9.715189933776855, 10.482172966003418, 3.583930253982544, -3.707951545715332, -2.4481472969055176, 1.7449167966842651, -0.21117544174194336, -8.228529930114746, 9.000947952270508], [-0.5448727011680603, 2.1865885257720947, -2.338550090789795, -2.1919097900390625, -4.610779285430908, -0.8435226082801819, 8.645401954650879, 7.350600719451904, -3.0122427940368652, 6.442430019378662, 3.5938315391540527, 26.467378616333008, -7.569427967071533, -0.6113778948783875, 0.8816890716552734, 6.038956642150879, -5.922631740570068, 3.2472128868103027, -2.312844753265381, -5.225017547607422, 5.49902868270874], [5.186346530914307, 9.395682334899902, 0.010483129881322384, -0.7467332482337952, 1.572571039199829, 1.915168046951294, -7.250051498413086, -4.414944648742676, -7.3527703285217285, -1.686102032661438, -9.715189933776855, -7.569427967071533, 42.49135971069336, -6.214426517486572, -7.486490249633789, 4.306553363800049, 5.419549942016602, 0.12213683128356934, -16.827770233154297, 7.876094818115234, -3.671135902404785], [-5.011839389801025, -4.332186222076416, 0.9960789084434509, 2.471269369125366, 4.790102958679199, -6.986536026000977, 5.023042678833008, -3.803279399871826, 5.011013984680176, -2.4049386978149414, 10.482172966003418, -0.6113778948783875, -6.214426517486572, 17.445558547973633, -3.8553738594055176, -0.7039464116096497, 3.2170658111572266, 0.11785846948623657, 0.27117908000946045, 3.070913314819336, 10.645696640014648], [-0.06778962165117264, 5.131694793701172, -4.261683464050293, -1.7800201177597046, 4.299665927886963, 2.4110662937164307, 5.047691822052002, 0.9310222864151001, 1.871073603630066, -8.337703704833984, 3.583930253982544, 0.8816890716552734, -7.486490249633789, -3.8553738594055176, 28.701717376708984, -5.874124050140381, 3.3393714427948, 3.2243432998657227, 13.151968002319336, -1.4708733558654785, -3.725700855255127], [-2.0207574367523193, 5.950680255889893, 4.691156387329102, -4.41487455368042, -3.9188525676727295, 3.579477071762085, -7.388797283172607, 5.339639663696289, -3.7651045322418213, 3.7960352897644043, -3.707951545715332, 6.038956642150879, 4.306553363800049, -0.7039464116096497, -5.874124050140381, 24.746610641479492, -6.860816955566406, -0.3987496495246887, 4.013225078582764, -8.32408332824707, 5.512131214141846], [-1.3710588216781616, 1.2643852233886719, 5.5773701667785645, 2.125124931335449, 7.089882850646973, -4.3761186599731445, 0.5470209121704102, -4.925225257873535, -5.432523727416992, -4.208661079406738, -2.4481475353240967, -5.922630786895752, 5.419549942016602, 3.2170660495758057, 3.3393712043762207, -6.860816955566406, 34.35035705566406, 4.049981117248535, -3.2722487449645996, -6.749692916870117, -0.5141377449035645], [-1.179458737373352, 1.3955788612365723, 2.1861956119537354, -2.6388497352600098, -0.009026098065078259, -1.8191381692886353, 0.44120293855667114, -1.189099907875061, 1.4042348861694336, -0.03599987179040909, 1.7449166774749756, 3.2472126483917236, 0.12213649600744247, 0.11785847693681717, 3.2243432998657227, -0.39874961972236633, 4.049981117248535, 12.543963432312012, -3.4998438358306885, -3.7010903358459473, 0.025279641151428223], [2.6362435817718506, -1.212437391281128, -5.100912094116211, -1.8334075212478638, 5.829000949859619, 2.4695260524749756, 1.6877079010009766, -0.027109669521450996, 1.370497703552246, -4.36900520324707, -0.21117490530014038, -2.312844753265381, -16.827768325805664, 0.2711791396141052, 13.151966094970703, 4.0132246017456055, -3.2722487449645996, -3.4998438358306885, 32.66812515258789, -0.9956095218658447, -0.9878793358802795], [2.463192939758301, 2.405482292175293, 3.537745952606201, 3.9372735023498535, 6.688939571380615, -2.5284745693206787, 9.491050720214844, -1.3605144023895264, -0.5371941328048706, -5.032282829284668, -8.228529930114746, -5.225018501281738, 7.876094818115234, 3.0709128379821777, -1.470873236656189, -8.32408332824707, -6.749692916870117, -3.7010903358459473, -0.9956095218658447, 38.65528869628906, -3.372385263442993], [-2.0093488693237305, -4.004476547241211, -6.5418195724487305, 1.8208705186843872, -3.4171783924102783, -4.892311096191406, -5.692924499511719, 0.14948797225952148, 3.297720432281494, 1.3039847612380981, 9.000948905944824, 5.499027729034424, -3.671135425567627, 10.645696640014648, -3.725700855255127, 5.512131690979004, -0.5141379833221436, 0.025279730558395386, -0.9878792762756348, -3.3723855018615723, 35.899986267089844]], "type": "heatmap"}], "layout": {"template": {"data": {"histogram2dcontour": [{"type": "histogram2dcontour", "colorbar": {"outlinewidth": 0, "ticks": ""}, "colorscale": [[0.0, "#0d0887"], [0.1111111111111111, "#46039f"], [0.2222222222222222, "#7201a8"], [0.3333333333333333, "#9c179e"], [0.4444444444444444, "#bd3786"], [0.5555555555555556, "#d8576b"], [0.6666666666666666, "#ed7953"], [0.7777777777777778, "#fb9f3a"], [0.8888888888888888, "#fdca26"], [1.0, "#f0f921"]]}], "choropleth": [{"type": "choropleth", "colorbar": {"outlinewidth": 0, "ticks": ""}}], "histogram2d": [{"type": "histogram2d", "colorbar": {"outlinewidth": 0, "ticks": ""}, "colorscale": [[0.0, "#0d0887"], [0.1111111111111111, "#46039f"], [0.2222222222222222, "#7201a8"], [0.3333333333333333, "#9c179e"], [0.4444444444444444, "#bd3786"], [0.5555555555555556, "#d8576b"], [0.6666666666666666, "#ed7953"], [0.7777777777777778, "#fb9f3a"], [0.8888888888888888, "#fdca26"], [1.0, "#f0f921"]]}], "heatmap": [{"type": "heatmap", "colorbar": {"outlinewidth": 0, "ticks": ""}, "colorscale": [[0.0, "#0d0887"], [0.1111111111111111, "#46039f"], [0.2222222222222222, "#7201a8"], [0.3333333333333333, "#9c179e"], [0.4444444444444444, "#bd3786"], [0.5555555555555556, "#d8576b"], [0.6666666666666666, "#ed7953"], [0.7777777777777778, "#fb9f3a"], [0.8888888888888888, "#fdca26"], [1.0, "#f0f921"]]}], "heatmapgl": [{"type": "heatmapgl", "colorbar": {"outlinewidth": 0, "ticks": ""}, "colorscale": [[0.0, "#0d0887"], [0.1111111111111111, "#46039f"], [0.2222222222222222, "#7201a8"], [0.3333333333333333, "#9c179e"], [0.4444444444444444, "#bd3786"], [0.5555555555555556, "#d8576b"], [0.6666666666666666, "#ed7953"], [0.7777777777777778, "#fb9f3a"], [0.8888888888888888, "#fdca26"], [1.0, "#f0f921"]]}], "contourcarpet": [{"type": "contourcarpet", "colorbar": {"outlinewidth": 0, "ticks": ""}}], "contour": [{"type": "contour", "colorbar": {"outlinewidth": 0, "ticks": ""}, "colorscale": [[0.0, "#0d0887"], [0.1111111111111111, "#46039f"], [0.2222222222222222, "#7201a8"], [0.3333333333333333, "#9c179e"], [0.4444444444444444, "#bd3786"], [0.5555555555555556, "#d8576b"], [0.6666666666666666, "#ed7953"], [0.7777777777777778, "#fb9f3a"], [0.8888888888888888, "#fdca26"], [1.0, "#f0f921"]]}], "surface": [{"type": "surface", "colorbar": {"outlinewidth": 0, "ticks": ""}, "colorscale": [[0.0, "#0d0887"], [0.1111111111111111, "#46039f"], [0.2222222222222222, "#7201a8"], [0.3333333333333333, "#9c179e"], [0.4444444444444444, "#bd3786"], [0.5555555555555556, "#d8576b"], [0.6666666666666666, "#ed7953"], [0.7777777777777778, "#fb9f3a"], [0.8888888888888888, "#fdca26"], [1.0, "#f0f921"]]}], "mesh3d": [{"type": "mesh3d", "colorbar": {"outlinewidth": 0, "ticks": ""}}], "scatter": [{"fillpattern": {"fillmode": "overlay", "size": 10, "solidity": 0.2}, "type": "scatter"}], "parcoords": [{"type": "parcoords", "line": {"colorbar": {"outlinewidth": 0, "ticks": ""}}}], "scatterpolargl": [{"type": "scatterpolargl", "marker": {"colorbar": {"outlinewidth": 0, "ticks": ""}}}], "bar": [{"error_x": {"color": "#2a3f5f"}, "error_y": {"color": "#2a3f5f"}, "marker": {"line": {"color": "#E5ECF6", "width": 0.5}, "pattern": {"fillmode": "overlay", "size": 10, "solidity": 0.2}}, "type": "bar"}], "scattergeo": [{"type": "scattergeo", "marker": {"colorbar": {"outlinewidth": 0, "ticks": ""}}}], "scatterpolar": [{"type": "scatterpolar", "marker": {"colorbar": {"outlinewidth": 0, "ticks": ""}}}], "histogram": [{"marker": {"pattern": {"fillmode": "overlay", "size": 10, "solidity": 0.2}}, "type": "histogram"}], "scattergl": [{"type": "scattergl", "marker": {"colorbar": {"outlinewidth": 0, "ticks": ""}}}], "scatter3d": [{"type": "scatter3d", "line": {"colorbar": {"outlinewidth": 0, "ticks": ""}}, "marker": {"colorbar": {"outlinewidth": 0, "ticks": ""}}}], "scattermapbox": [{"type": "scattermapbox", "marker": {"colorbar": {"outlinewidth": 0, "ticks": ""}}}], "scatterternary": [{"type": "scatterternary", "marker": {"colorbar": {"outlinewidth": 0, "ticks": ""}}}], "scattercarpet": [{"type": "scattercarpet", "marker": {"colorbar": {"outlinewidth": 0, "ticks": ""}}}], "carpet": [{"aaxis": {"endlinecolor": "#2a3f5f", "gridcolor": "white", "linecolor": "white", "minorgridcolor": "white", "startlinecolor": "#2a3f5f"}, "baxis": {"endlinecolor": "#2a3f5f", "gridcolor": "white", "linecolor": "white", "minorgridcolor": "white", "startlinecolor": "#2a3f5f"}, "type": "carpet"}], "table": [{"cells": {"fill": {"color": "#EBF0F8"}, "line": {"color": "white"}}, "header": {"fill": {"color": "#C8D4E3"}, "line": {"color": "white"}}, "type": "table"}], "barpolar": [{"marker": {"line": {"color": "#E5ECF6", "width": 0.5}, "pattern": {"fillmode": "overlay", "size": 10, "solidity": 0.2}}, "type": "barpolar"}], "pie": [{"automargin": true, "type": "pie"}]}, "layout": {"autotypenumbers": "strict", "colorway": ["#636efa", "#EF553B", "#00cc96", "#ab63fa", "#FFA15A", "#19d3f3", "#FF6692", "#B6E880", "#FF97FF", "#FECB52"], "font": {"color": "#2a3f5f"}, "hovermode": "closest", "hoverlabel": {"align": "left"}, "paper_bgcolor": "white", "plot_bgcolor": "#E5ECF6", "polar": {"bgcolor": "#E5ECF6", "angularaxis": {"gridcolor": "white", "linecolor": "white", "ticks": ""}, "radialaxis": {"gridcolor": "white", "linecolor": "white", "ticks": ""}}, "ternary": {"bgcolor": "#E5ECF6", "aaxis": {"gridcolor": "white", "linecolor": "white", "ticks": ""}, "baxis": {"gridcolor": "white", "linecolor": "white", "ticks": ""}, "caxis": {"gridcolor": "white", "linecolor": "white", "ticks": ""}}, "coloraxis": {"colorbar": {"outlinewidth": 0, "ticks": ""}}, "colorscale": {"sequential": [[0.0, "#0d0887"], [0.1111111111111111, "#46039f"], [0.2222222222222222, "#7201a8"], [0.3333333333333333, "#9c179e"], [0.4444444444444444, "#bd3786"], [0.5555555555555556, "#d8576b"], [0.6666666666666666, "#ed7953"], [0.7777777777777778, "#fb9f3a"], [0.8888888888888888, "#fdca26"], [1.0, "#f0f921"]], "sequentialminus": [[0.0, "#0d0887"], [0.1111111111111111, "#46039f"], [0.2222222222222222, "#7201a8"], [0.3333333333333333, "#9c179e"], [0.4444444444444444, "#bd3786"], [0.5555555555555556, "#d8576b"], [0.6666666666666666, "#ed7953"], [0.7777777777777778, "#fb9f3a"], [0.8888888888888888, "#fdca26"], [1.0, "#f0f921"]], "diverging": [[0, "#8e0152"], [0.1, "#c51b7d"], [0.2, "#de77ae"], [0.3, "#f1b6da"], [0.4, "#fde0ef"], [0.5, "#f7f7f7"], [0.6, "#e6f5d0"], [0.7, "#b8e186"], [0.8, "#7fbc41"], [0.9, "#4d9221"], [1, "#276419"]]}, "xaxis": {"gridcolor": "white", "linecolor": "white", "ticks": "", "title": {"standoff": 15}, "zerolinecolor": "white", "automargin": true, "zerolinewidth": 2}, "yaxis": {"gridcolor": "white", "linecolor": "white", "ticks": "", "title": {"standoff": 15}, "zerolinecolor": "white", "automargin": true, "zerolinewidth": 2}, "scene": {"xaxis": {"backgroundcolor": "#E5ECF6", "gridcolor": "white", "linecolor": "white", "showbackground": true, "ticks": "", "zerolinecolor": "white", "gridwidth": 2}, "yaxis": {"backgroundcolor": "#E5ECF6", "gridcolor": "white", "linecolor": "white", "showbackground": true, "ticks": "", "zerolinecolor": "white", "gridwidth": 2}, "zaxis": {"backgroundcolor": "#E5ECF6", "gridcolor": "white", "linecolor": "white", "showbackground": true, "ticks": "", "zerolinecolor": "white", "gridwidth": 2}}, "shapedefaults": {"line": {"color": "#2a3f5f"}}, "annotationdefaults": {"arrowcolor": "#2a3f5f", "arrowhead": 0, "arrowwidth": 1}, "geo": {"bgcolor": "white", "landcolor": "#E5ECF6", "subunitcolor": "white", "showland": true, "showlakes": true, "lakecolor": "white"}, "title": {"x": 0.05}, "mapbox": {"style": "light"}}}}}