{"data": [{"z": [[16.822547912597656, 2.682098627090454, -5.433518409729004, -1.9403502941131592, 3.3823673725128174, 3.030014991760254, 0.14304618537425995, 1.3571497201919556, 0.221014603972435, 2.1206984519958496, -2.898085594177246, -0.5818493366241455, 5.192015171051025, -5.077702045440674, -0.09636388719081879, -2.057401418685913, -1.422662615776062, -1.2355610132217407, 2.6404948234558105, 2.4578099250793457, -2.021476984024048], [2.682098627090454, 20.712890625, 1.1763014793395996, -6.199769496917725, 2.9439077377319336, -3.553884506225586, -3.1696617603302, 1.474271297454834, -0.6891366839408875, -2.315242052078247, -7.648278713226318, 2.184394598007202, 9.400830268859863, -4.371888637542725, 5.137434959411621, 5.959271430969238, 1.250101089477539, 1.3741941452026367, -1.218300700187683, 2.391273021697998, -4.014521598815918], [-5.433518409729004, 1.1763014793395996, 19.616695404052734, -4.663212776184082, -0.08602484315633774, 0.3144514858722687, 3.7144036293029785, 3.6073081493377686, -0.5069948434829712, 2.1074893474578857, -1.1999238729476929, -2.3433656692504883, -0.02510422095656395, 0.9870285987854004, -4.265213489532471, 4.704634189605713, 5.574792861938477, 2.178340435028076, -5.122998237609863, 3.5084645748138428, -6.538111686706543], [-1.9403502941131592, -6.199769496917725, -4.663212776184082, 22.819360733032227, 1.1113311052322388, -1.3743536472320557, -4.335482120513916, -5.4149603843688965, -2.965272903442383, -2.2807061672210693, -6.315611362457275, -2.238332748413086, -0.7371307611465454, 2.4750590324401855, -1.8189374208450317, -4.462655067443848, 2.1113343238830566, -2.6524131298065186, -1.865187644958496, 3.9555039405822754, 1.8150291442871094], [3.3823673725128174, 2.9439077377319336, -0.08602484315633774, 1.1113311052322388, 19.615930557250977, 2.5389254093170166, 5.76494026184082, -5.78265905380249, -0.3454025387763977, -6.1591925621032715, -1.7899141311645508, -4.660808086395264, 1.5694079399108887, 4.785480499267578, 4.294643402099609, -3.9459164142608643, 7.072460651397705, -0.03289926052093506, 5.818459510803223, 6.700917720794678, -3.429530620574951], [3.030014991760254, -3.553884506225586, 0.3144514858722687, -1.3743536472320557, 2.5389254093170166, 20.494792938232422, 2.484614610671997, 6.0650105476379395, 1.5698347091674805, 6.074563026428223, -5.891150951385498, -0.8636581897735596, 1.9103490114212036, -7.052886009216309, 2.398773431777954, 3.578603506088257, -4.438982009887695, -1.8639233112335205, 2.469214677810669, -2.565492630004883, -4.902968406677246], [0.14304618537425995, -3.1696617603302, 3.7144036293029785, -4.335482120513916, 5.76494026184082, 2.484614610671997, 33.52475357055664, -3.525076389312744, -1.5635651350021362, 4.744131565093994, 7.964722633361816, 8.675066947937012, -7.300235748291016, 5.047128677368164, 5.074268817901611, -7.382223606109619, 0.5393893718719482, 0.44004201889038086, 1.687736988067627, 9.477973937988281, -5.693828582763672], [1.3571497201919556, 1.474271297454834, 3.6073081493377686, -5.4149603843688965, -5.78265905380249, 6.0650105476379395, -3.525076389312744, 19.259769439697266, 1.1386305093765259, 2.6376078128814697, 0.4465197026729584, 7.391027450561523, -4.483794212341309, -3.845613956451416, 0.9183011651039124, 5.346952438354492, -4.982958793640137, -1.2263689041137695, -0.028156161308288574, -1.4322141408920288, 0.14313435554504395], [0.221014603972435, -0.6891366839408875, -0.5069948434829712, -2.965272903442383, -0.3454025387763977, 1.5698347091674805, -1.5635651350021362, 1.1386305093765259, 17.47338104248047, 4.204435348510742, 5.441255569458008, -3.0526320934295654, -7.398997783660889, 4.989787578582764, 1.8411277532577515, -3.8022260665893555, -5.497262954711914, 1.365369200706482, 1.3527450561523438, -0.5587539672851562, 3.2939939498901367], [2.1206984519958496, -2.315242052078247, 2.1074893474578857, -2.2807061672210693, -6.1591925621032715, 6.074563026428223, 4.744131565093994, 2.6376078128814697, 4.204435348510742, 15.958102226257324, -2.960948944091797, 6.452721118927002, -1.7228305339813232, -2.454155683517456, -8.3831205368042, 3.7749552726745605, -4.249373435974121, -0.07020294666290283, -4.365320682525635, -5.094771385192871, 1.289949893951416], [-2.898085594177246, -7.648278713226318, -1.1999238729476929, -6.315611362457275, -1.7899141311645508, -5.891150951385498, 7.964722633361816, 0.4465197026729584, 5.441255569458008, -2.960948944091797, 29.900386810302734, 3.634018898010254, -9.784433364868164, 10.53344440460205, 3.591790199279785, -3.7017033100128174, -2.458523750305176, 1.7529606819152832, -0.2105720043182373, -8.288823127746582, 9.00723648071289], [-0.5818493366241455, 2.184394598007202, -2.3433656692504883, -2.238332748413086, -4.660808086395264, -0.8636581897735596, 8.675066947937012, 7.391027450561523, -3.0526320934295654, 6.452721118927002, 3.634018898010254, 26.565340042114258, -7.634067535400391, -0.6290783286094666, 0.8805143237113953, 6.061555862426758, -5.959797382354736, 3.2455883026123047, -2.3115477561950684, -5.312680721282959, 5.508332252502441], [5.192015171051025, 9.400830268859863, -0.02510422095656395, -0.7371307611465454, 1.5694079399108887, 1.9103490114212036, -7.300235748291016, -4.483794212341309, -7.398997783660889, -1.7228305339813232, -9.784433364868164, -7.634067535400391, 42.600868225097656, -6.271916389465332, -7.511091232299805, 4.279102325439453, 5.404527187347412, 0.08266448974609375, -16.88587760925293, 7.883662700653076, -3.6830873489379883], [-5.077702045440674, -4.371888637542725, 0.9870285987854004, 2.4750590324401855, 4.785480499267578, -7.052886009216309, 5.047128677368164, -3.845613956451416, 4.989787578582764, -2.454155683517456, 10.53344440460205, -0.6290783286094666, -6.271916389465332, 17.526323318481445, -3.8820884227752686, -0.7209239602088928, 3.2210030555725098, 0.11767041683197021, 0.25693583488464355, 3.0562703609466553, 10.676145553588867], [-0.09636388719081879, 5.137434959411621, -4.265213489532471, -1.8189374208450317, 4.294643402099609, 2.398773431777954, 5.074268817901611, 0.9183011651039124, 1.8411277532577515, -8.3831205368042, 3.591790199279785, 0.8805143237113953, -7.511091232299805, -3.8820884227752686, 28.740819931030273, -5.8764567375183105, 3.3159165382385254, 3.1967406272888184, 13.166678428649902, -1.5036158561706543, -3.7285687923431396], [-2.057401418685913, 5.959271430969238, 4.704634189605713, -4.462655067443848, -3.9459164142608643, 3.578603506088257, -7.382223606109619, 5.346952438354492, -3.8022260665893555, 3.7749552726745605, -3.7017033100128174, 6.061555862426758, 4.279102325439453, -0.7209239602088928, -5.8764567375183105, 24.783689498901367, -6.905136585235596, -0.4209921360015869, 4.022616386413574, -8.388792991638184, 5.510932445526123], [-1.4226635694503784, 1.2501009702682495, 5.574793338775635, 2.1113338470458984, 7.072460174560547, -4.438981533050537, 0.5393905639648438, -4.9829583168029785, -5.497262477874756, -4.249373435974121, -2.458523750305176, -5.9597978591918945, 5.404526710510254, 3.2210025787353516, 3.3159172534942627, -6.9051361083984375, 34.438873291015625, 4.05076789855957, -3.32708740234375, -6.7998199462890625, -0.5062636137008667], [-1.2355611324310303, 1.3741943836212158, 2.178340435028076, -2.6524128913879395, -0.032899338752031326, -1.86392343044281, 0.44004184007644653, -1.22636878490448, 1.3653693199157715, -0.07020289450883865, 1.7529605627059937, 3.2455883026123047, 0.08266456425189972, 0.11767029017210007, 3.1967408657073975, -0.4209921658039093, 4.05076789855957, 12.561128616333008, -3.5352706909179688, -3.7674098014831543, 0.02831089496612549], [2.6404948234558105, -1.218300461769104, -5.12299919128418, -1.865187168121338, 5.8184590339660645, 2.469214916229248, 1.6877367496490479, -0.02815653383731842, 1.3527452945709229, -4.365320205688477, -0.21057172119617462, -2.3115477561950684, -16.88587760925293, 0.25693607330322266, 13.166681289672852, 4.022616863250732, -3.32708740234375, -3.5352706909179688, 32.73232650756836, -1.0281163454055786, -0.9893258810043335], [2.4578096866607666, 2.3912723064422607, 3.5084638595581055, 3.9555039405822754, 6.700918197631836, -2.5654923915863037, 9.477974891662598, -1.432214617729187, -0.5587537884712219, -5.094771385192871, -8.288822174072266, -5.312680244445801, 7.883662700653076, 3.0562708377838135, -1.5036150217056274, -8.388792037963867, -6.7998199462890625, -3.7674098014831543, -1.0281163454055786, 38.743446350097656, -3.385218381881714], [-2.0214767456054688, -4.014521598815918, -6.538112163543701, 1.8150291442871094, -3.429530620574951, -4.902968883514404, -5.693828582763672, 0.14313411712646484, 3.2939934730529785, 1.2899495363235474, 9.007235527038574, 5.508332252502441, -3.6830873489379883, 10.676145553588867, -3.7285685539245605, 5.5109333992004395, -0.5062636733055115, 0.02831089496612549, -0.9893252849578857, -3.385218620300293, 35.899986267089844]], "type": "heatmap"}], "layout": {"template": {"data": {"histogram2dcontour": [{"type": "histogram2dcontour", "colorbar": {"outlinewidth": 0, "ticks": ""}, "colorscale": [[0.0, "#0d0887"], [0.1111111111111111, "#46039f"], [0.2222222222222222, "#7201a8"], [0.3333333333333333, "#9c179e"], [0.4444444444444444, "#bd3786"], [0.5555555555555556, "#d8576b"], [0.6666666666666666, "#ed7953"], [0.7777777777777778, "#fb9f3a"], [0.8888888888888888, "#fdca26"], [1.0, "#f0f921"]]}], "choropleth": [{"type": "choropleth", "colorbar": {"outlinewidth": 0, "ticks": ""}}], "histogram2d": [{"type": "histogram2d", "colorbar": {"outlinewidth": 0, "ticks": ""}, "colorscale": [[0.0, "#0d0887"], [0.1111111111111111, "#46039f"], [0.2222222222222222, "#7201a8"], [0.3333333333333333, "#9c179e"], [0.4444444444444444, "#bd3786"], [0.5555555555555556, "#d8576b"], [0.6666666666666666, "#ed7953"], [0.7777777777777778, "#fb9f3a"], [0.8888888888888888, "#fdca26"], [1.0, "#f0f921"]]}], "heatmap": [{"type": "heatmap", "colorbar": {"outlinewidth": 0, "ticks": ""}, "colorscale": [[0.0, "#0d0887"], [0.1111111111111111, "#46039f"], [0.2222222222222222, "#7201a8"], [0.3333333333333333, "#9c179e"], [0.4444444444444444, "#bd3786"], [0.5555555555555556, "#d8576b"], [0.6666666666666666, "#ed7953"], [0.7777777777777778, "#fb9f3a"], [0.8888888888888888, "#fdca26"], [1.0, "#f0f921"]]}], "heatmapgl": [{"type": "heatmapgl", "colorbar": {"outlinewidth": 0, "ticks": ""}, "colorscale": [[0.0, "#0d0887"], [0.1111111111111111, "#46039f"], [0.2222222222222222, "#7201a8"], [0.3333333333333333, "#9c179e"], [0.4444444444444444, "#bd3786"], [0.5555555555555556, "#d8576b"], [0.6666666666666666, "#ed7953"], [0.7777777777777778, "#fb9f3a"], [0.8888888888888888, "#fdca26"], [1.0, "#f0f921"]]}], "contourcarpet": [{"type": "contourcarpet", "colorbar": {"outlinewidth": 0, "ticks": ""}}], "contour": [{"type": "contour", "colorbar": {"outlinewidth": 0, "ticks": ""}, "colorscale": [[0.0, "#0d0887"], [0.1111111111111111, "#46039f"], [0.2222222222222222, "#7201a8"], [0.3333333333333333, "#9c179e"], [0.4444444444444444, "#bd3786"], [0.5555555555555556, "#d8576b"], [0.6666666666666666, "#ed7953"], [0.7777777777777778, "#fb9f3a"], [0.8888888888888888, "#fdca26"], [1.0, "#f0f921"]]}], "surface": [{"type": "surface", "colorbar": {"outlinewidth": 0, "ticks": ""}, "colorscale": [[0.0, "#0d0887"], [0.1111111111111111, "#46039f"], [0.2222222222222222, "#7201a8"], [0.3333333333333333, "#9c179e"], [0.4444444444444444, "#bd3786"], [0.5555555555555556, "#d8576b"], [0.6666666666666666, "#ed7953"], [0.7777777777777778, "#fb9f3a"], [0.8888888888888888, "#fdca26"], [1.0, "#f0f921"]]}], "mesh3d": [{"type": "mesh3d", "colorbar": {"outlinewidth": 0, "ticks": ""}}], "scatter": [{"fillpattern": {"fillmode": "overlay", "size": 10, "solidity": 0.2}, "type": "scatter"}], "parcoords": [{"type": "parcoords", "line": {"colorbar": {"outlinewidth": 0, "ticks": ""}}}], "scatterpolargl": [{"type": "scatterpolargl", "marker": {"colorbar": {"outlinewidth": 0, "ticks": ""}}}], "bar": [{"error_x": {"color": "#2a3f5f"}, "error_y": {"color": "#2a3f5f"}, "marker": {"line": {"color": "#E5ECF6", "width": 0.5}, "pattern": {"fillmode": "overlay", "size": 10, "solidity": 0.2}}, "type": "bar"}], "scattergeo": [{"type": "scattergeo", "marker": {"colorbar": {"outlinewidth": 0, "ticks": ""}}}], "scatterpolar": [{"type": "scatterpolar", "marker": {"colorbar": {"outlinewidth": 0, "ticks": ""}}}], "histogram": [{"marker": {"pattern": {"fillmode": "overlay", "size": 10, "solidity": 0.2}}, "type": "histogram"}], "scattergl": [{"type": "scattergl", "marker": {"colorbar": {"outlinewidth": 0, "ticks": ""}}}], "scatter3d": [{"type": "scatter3d", "line": {"colorbar": {"outlinewidth": 0, "ticks": ""}}, "marker": {"colorbar": {"outlinewidth": 0, "ticks": ""}}}], "scattermapbox": [{"type": "scattermapbox", "marker": {"colorbar": {"outlinewidth": 0, "ticks": ""}}}], "scatterternary": [{"type": "scatterternary", "marker": {"colorbar": {"outlinewidth": 0, "ticks": ""}}}], "scattercarpet": [{"type": "scattercarpet", "marker": {"colorbar": {"outlinewidth": 0, "ticks": ""}}}], "carpet": [{"aaxis": {"endlinecolor": "#2a3f5f", "gridcolor": "white", "linecolor": "white", "minorgridcolor": "white", "startlinecolor": "#2a3f5f"}, "baxis": {"endlinecolor": "#2a3f5f", "gridcolor": "white", "linecolor": "white", "minorgridcolor": "white", "startlinecolor": "#2a3f5f"}, "type": "carpet"}], "table": [{"cells": {"fill": {"color": "#EBF0F8"}, "line": {"color": "white"}}, "header": {"fill": {"color": "#C8D4E3"}, "line": {"color": "white"}}, "type": "table"}], "barpolar": [{"marker": {"line": {"color": "#E5ECF6", "width": 0.5}, "pattern": {"fillmode": "overlay", "size": 10, "solidity": 0.2}}, "type": "barpolar"}], "pie": [{"automargin": true, "type": "pie"}]}, "layout": {"autotypenumbers": "strict", "colorway": ["#636efa", "#EF553B", "#00cc96", "#ab63fa", "#FFA15A", "#19d3f3", "#FF6692", "#B6E880", "#FF97FF", "#FECB52"], "font": {"color": "#2a3f5f"}, "hovermode": "closest", "hoverlabel": {"align": "left"}, "paper_bgcolor": "white", "plot_bgcolor": "#E5ECF6", "polar": {"bgcolor": "#E5ECF6", "angularaxis": {"gridcolor": "white", "linecolor": "white", "ticks": ""}, "radialaxis": {"gridcolor": "white", "linecolor": "white", "ticks": ""}}, "ternary": {"bgcolor": "#E5ECF6", "aaxis": {"gridcolor": "white", "linecolor": "white", "ticks": ""}, "baxis": {"gridcolor": "white", "linecolor": "white", "ticks": ""}, "caxis": {"gridcolor": "white", "linecolor": "white", "ticks": ""}}, "coloraxis": {"colorbar": {"outlinewidth": 0, "ticks": ""}}, "colorscale": {"sequential": [[0.0, "#0d0887"], [0.1111111111111111, "#46039f"], [0.2222222222222222, "#7201a8"], [0.3333333333333333, "#9c179e"], [0.4444444444444444, "#bd3786"], [0.5555555555555556, "#d8576b"], [0.6666666666666666, "#ed7953"], [0.7777777777777778, "#fb9f3a"], [0.8888888888888888, "#fdca26"], [1.0, "#f0f921"]], "sequentialminus": [[0.0, "#0d0887"], [0.1111111111111111, "#46039f"], [0.2222222222222222, "#7201a8"], [0.3333333333333333, "#9c179e"], [0.4444444444444444, "#bd3786"], [0.5555555555555556, "#d8576b"], [0.6666666666666666, "#ed7953"], [0.7777777777777778, "#fb9f3a"], [0.8888888888888888, "#fdca26"], [1.0, "#f0f921"]], "diverging": [[0, "#8e0152"], [0.1, "#c51b7d"], [0.2, "#de77ae"], [0.3, "#f1b6da"], [0.4, "#fde0ef"], [0.5, "#f7f7f7"], [0.6, "#e6f5d0"], [0.7, "#b8e186"], [0.8, "#7fbc41"], [0.9, "#4d9221"], [1, "#276419"]]}, "xaxis": {"gridcolor": "white", "linecolor": "white", "ticks": "", "title": {"standoff": 15}, "zerolinecolor": "white", "automargin": true, "zerolinewidth": 2}, "yaxis": {"gridcolor": "white", "linecolor": "white", "ticks": "", "title": {"standoff": 15}, "zerolinecolor": "white", "automargin": true, "zerolinewidth": 2}, "scene": {"xaxis": {"backgroundcolor": "#E5ECF6", "gridcolor": "white", "linecolor": "white", "showbackground": true, "ticks": "", "zerolinecolor": "white", "gridwidth": 2}, "yaxis": {"backgroundcolor": "#E5ECF6", "gridcolor": "white", "linecolor": "white", "showbackground": true, "ticks": "", "zerolinecolor": "white", "gridwidth": 2}, "zaxis": {"backgroundcolor": "#E5ECF6", "gridcolor": "white", "linecolor": "white", "showbackground": true, "ticks": "", "zerolinecolor": "white", "gridwidth": 2}}, "shapedefaults": {"line": {"color": "#2a3f5f"}}, "annotationdefaults": {"arrowcolor": "#2a3f5f", "arrowhead": 0, "arrowwidth": 1}, "geo": {"bgcolor": "white", "landcolor": "#E5ECF6", "subunitcolor": "white", "showland": true, "showlakes": true, "lakecolor": "white"}, "title": {"x": 0.05}, "mapbox": {"style": "light"}}}}}