{"data": [{"z": [[23.417346954345703, 1.821710467338562, 0.9391250610351562, -0.31853702664375305, 6.7063307762146, -1.2768784761428833, -0.35345742106437683, 3.9123129844665527, 1.657680869102478, -4.493985652923584, 5.147282600402832, -0.4651370644569397, 0.679611325263977, 1.9415394067764282, 1.067703127861023, 4.566677570343018, 1.0333008766174316, 2.1717758178710938, 2.424053430557251, 3.4681968688964844, 1.7847929000854492], [1.821710467338562, 16.89174461364746, -1.940826654434204, 0.9978137612342834, -1.7285394668579102, 0.8159242868423462, -0.13107162714004517, 0.06889303028583527, -1.5165451765060425, 5.270577430725098, 1.301965594291687, -2.9972524642944336, 3.992640495300293, 0.6061077117919922, -1.9267991781234741, 1.9699125289916992, -1.4326870441436768, 8.544633865356445, 4.213344573974609, 1.3905099630355835, -3.2517001628875732], [0.9391250610351562, -1.940826654434204, 21.826963424682617, 3.8456296920776367, 2.5977578163146973, 2.6237947940826416, 5.978021144866943, -3.453943967819214, 0.2361815869808197, 1.09904146194458, 1.5833929777145386, 5.908761501312256, -4.267720699310303, 2.9910759925842285, 0.06467115879058838, 2.5378894805908203, -0.7010465860366821, -2.154252529144287, 2.18172025680542, 1.5341548919677734, -0.28759658336639404], [-0.31853702664375305, 0.9978137612342834, 3.8456296920776367, 24.349651336669922, 2.173201322555542, 3.1241986751556396, 2.794053077697754, -4.579840183258057, -5.765770435333252, 5.8928327560424805, 11.432351112365723, -2.9350972175598145, 3.840879440307617, 0.43568676710128784, 2.0517072677612305, 3.472038507461548, 0.6333119869232178, 3.357720375061035, 1.9067988395690918, 0.19324910640716553, 3.2204203605651855], [6.7063307762146, -1.7285394668579102, 2.5977578163146973, 2.173201322555542, 14.17863655090332, -1.8648045063018799, 3.8348240852355957, 2.732433795928955, 1.9261510372161865, -1.4921842813491821, 3.2248642444610596, -0.6199590563774109, 2.192183017730713, 4.718574047088623, 0.9874837398529053, 2.8270397186279297, 0.3913043141365051, -4.894622802734375, 0.5096489191055298, 2.343275547027588, 2.936523199081421], [-1.2768784761428833, 0.8159242868423462, 2.6237947940826416, 3.1241986751556396, -1.8648045063018799, 20.834941864013672, -0.367349773645401, 0.3296075761318207, 3.3777921199798584, 4.096945285797119, 1.1810435056686401, -1.9271061420440674, -1.248801589012146, 1.101677656173706, 0.40464380383491516, 0.1946115344762802, -5.059800148010254, 1.8549010753631592, -1.120558261871338, 3.2579543590545654, -6.127364635467529], [-0.35345742106437683, -0.13107162714004517, 5.978021144866943, 2.794053077697754, 3.8348240852355957, -0.367349773645401, 17.17066192626953, 1.3024561405181885, 1.3623197078704834, 2.450148582458496, -1.265296220779419, 2.8721811771392822, 1.3961795568466187, 3.567209243774414, 2.210893154144287, 3.686495304107666, 3.174565315246582, 2.1576058864593506, -1.5493426322937012, 0.2508913278579712, -9.432792663574219], [3.9123129844665527, 0.06889303028583527, -3.453943967819214, -4.579840183258057, 2.732433795928955, 0.3296075761318207, 1.3024561405181885, 18.603212356567383, 3.3543357849121094, -0.44393354654312134, -2.5043466091156006, -3.0831098556518555, 0.47383973002433777, -2.50917911529541, 1.5440304279327393, 1.69259774684906, 2.606340169906616, -2.427151679992676, 5.93961763381958, -3.270209789276123, -0.7282459139823914], [1.657680869102478, -1.5165451765060425, 0.2361815869808197, -5.765770435333252, 1.9261510372161865, 3.3777921199798584, 1.3623197078704834, 3.3543357849121094, 18.243074417114258, 2.7026429176330566, -5.036260604858398, 0.35675451159477234, 3.067753314971924, 2.473151445388794, 2.059270143508911, 0.508155882358551, 0.5180034041404724, -3.833656072616577, -0.8002132177352905, 3.906120777130127, -9.635923385620117], [-4.493985652923584, 5.270577430725098, 1.09904146194458, 5.8928327560424805, -1.4921842813491821, 4.096945285797119, 2.450148582458496, -0.44393354654312134, 2.7026429176330566, 18.896337509155273, -2.6747546195983887, -4.0111870765686035, 2.411953926086426, -3.276390790939331, -3.0908217430114746, 1.4905461072921753, -0.4127798080444336, 4.5199456214904785, 3.9778964519500732, 1.901643991470337, -13.604918479919434], [5.147282600402832, 1.301965594291687, 1.5833929777145386, 11.432351112365723, 3.2248642444610596, 1.1810435056686401, -1.265296220779419, -2.5043466091156006, -5.036260604858398, -2.6747546195983887, 17.84177017211914, -1.758388876914978, 2.5664687156677246, 2.1368494033813477, 5.530957221984863, -1.6354550123214722, 2.0828335285186768, -1.3659883737564087, 2.5381150245666504, 5.318017959594727, 6.623000621795654], [-0.4651370644569397, -2.9972524642944336, 5.908761501312256, -2.9350972175598145, -0.6199590563774109, -1.9271061420440674, 2.8721811771392822, -3.0831098556518555, 0.35675451159477234, -4.0111870765686035, -1.758388876914978, 21.46747589111328, 3.495863437652588, 4.428689002990723, 0.26012563705444336, 2.914299964904785, -2.152144432067871, -1.1827282905578613, -0.9535674452781677, -0.7058684825897217, 4.035624027252197], [0.679611325263977, 3.992640495300293, -4.267720699310303, 3.840879440307617, 2.192183017730713, -1.248801589012146, 1.3961795568466187, 0.47383973002433777, 3.067753314971924, 2.411953926086426, 2.5664687156677246, 3.495863437652588, 19.203571319580078, -2.4550750255584717, 3.048642635345459, -0.6917483806610107, -5.283659934997559, 2.706531286239624, 1.906569004058838, -1.9105818271636963, 5.062418460845947], [1.9415394067764282, 0.6061077117919922, 2.9910759925842285, 0.43568676710128784, 4.718574047088623, 1.101677656173706, 3.567209243774414, -2.50917911529541, 2.473151445388794, -3.276390790939331, 2.1368494033813477, 4.428689002990723, -2.4550750255584717, 16.805570602416992, 1.9598788022994995, 3.4630556106567383, 0.09403872489929199, 1.0125699043273926, -5.535946846008301, 1.962592363357544, -5.304705619812012], [1.067703127861023, -1.9267991781234741, 0.06467115879058838, 2.0517072677612305, 0.9874837398529053, 0.40464380383491516, 2.210893154144287, 1.5440304279327393, 2.059270143508911, -3.0908217430114746, 5.530957221984863, 0.26012563705444336, 3.048642635345459, 1.9598788022994995, 17.815567016601562, -1.251955509185791, 1.4793221950531006, -3.8121960163116455, -0.8782604932785034, 1.1342155933380127, -1.8187756538391113], [4.566677570343018, 1.9699125289916992, 2.5378894805908203, 3.472038507461548, 2.8270397186279297, 0.1946115344762802, 3.686495304107666, 1.69259774684906, 0.508155882358551, 1.4905461072921753, -1.6354550123214722, 2.914299964904785, -0.6917483806610107, 3.4630556106567383, -1.251955509185791, 11.288312911987305, 1.353080153465271, 0.5930907726287842, 4.170823097229004, -0.07975426316261292, -4.575614929199219], [1.0333003997802734, -1.4326870441436768, -0.7010472416877747, 0.6333118677139282, 0.39130425453186035, -5.059800624847412, 3.1745657920837402, 2.606339693069458, 0.5180034041404724, -0.41277968883514404, 2.082834005355835, -2.152144193649292, -5.283660411834717, 0.09403865784406662, 1.4793223142623901, 1.3530797958374023, 22.572303771972656, 3.3945889472961426, -1.8335182666778564, 7.1290669441223145, -4.57651948928833], [2.1717753410339355, 8.544634819030762, -2.154252290725708, 3.3577206134796143, -4.894623279571533, 1.8549013137817383, 2.1576054096221924, -2.427151679992676, -3.8336563110351562, 4.5199456214904785, -1.3659878969192505, -1.1827285289764404, 2.7065322399139404, 1.0125694274902344, -3.812196731567383, 0.5930906534194946, 3.3945889472961426, 22.551067352294922, -2.5123190879821777, -2.0622711181640625, -3.7885477542877197], [2.42405366897583, 4.213344573974609, 2.1817188262939453, 1.9067994356155396, 0.509648859500885, -1.120558261871338, -1.5493422746658325, 5.939617156982422, -0.8002133369445801, 3.9778964519500732, 2.5381152629852295, -0.953567624092102, 1.906569242477417, -5.535946846008301, -0.878260612487793, 4.170823574066162, -1.8335182666778564, -2.5123190879821777, 19.035043716430664, -4.013343811035156, -3.2691588401794434], [3.4681966304779053, 1.3905094861984253, 1.5341547727584839, 0.19324906170368195, 2.3432750701904297, 3.2579543590545654, 0.25089114904403687, -3.270209789276123, 3.9061203002929688, 1.9016438722610474, 5.318018436431885, -0.705868124961853, -1.9105815887451172, 1.962592363357544, 1.1342154741287231, -0.07975434511899948, 7.1290669441223145, -2.0622711181640625, -4.013343811035156, 21.230310440063477, 0.21195197105407715], [1.7847926616668701, -3.251699924468994, -0.28759634494781494, 3.2204203605651855, 2.9365234375, -6.127364158630371, -9.432793617248535, -0.7282453775405884, -9.635923385620117, -13.60491943359375, 6.6230010986328125, 4.035623550415039, 5.062417984008789, -5.30470609664917, -1.81877601146698, -4.575615406036377, -4.576519966125488, -3.7885470390319824, -3.2691586017608643, 0.21195173263549805, 47.48805236816406]], "type": "heatmap"}], "layout": {"template": {"data": {"histogram2dcontour": [{"type": "histogram2dcontour", "colorbar": {"outlinewidth": 0, "ticks": ""}, "colorscale": [[0.0, "#0d0887"], [0.1111111111111111, "#46039f"], [0.2222222222222222, "#7201a8"], [0.3333333333333333, "#9c179e"], [0.4444444444444444, "#bd3786"], [0.5555555555555556, "#d8576b"], [0.6666666666666666, "#ed7953"], [0.7777777777777778, "#fb9f3a"], [0.8888888888888888, "#fdca26"], [1.0, "#f0f921"]]}], "choropleth": [{"type": "choropleth", "colorbar": {"outlinewidth": 0, "ticks": ""}}], "histogram2d": [{"type": "histogram2d", "colorbar": {"outlinewidth": 0, "ticks": ""}, "colorscale": [[0.0, "#0d0887"], [0.1111111111111111, "#46039f"], [0.2222222222222222, "#7201a8"], [0.3333333333333333, "#9c179e"], [0.4444444444444444, "#bd3786"], [0.5555555555555556, "#d8576b"], [0.6666666666666666, "#ed7953"], [0.7777777777777778, "#fb9f3a"], [0.8888888888888888, "#fdca26"], [1.0, "#f0f921"]]}], "heatmap": [{"type": "heatmap", "colorbar": {"outlinewidth": 0, "ticks": ""}, "colorscale": [[0.0, "#0d0887"], [0.1111111111111111, "#46039f"], [0.2222222222222222, "#7201a8"], [0.3333333333333333, "#9c179e"], [0.4444444444444444, "#bd3786"], [0.5555555555555556, "#d8576b"], [0.6666666666666666, "#ed7953"], [0.7777777777777778, "#fb9f3a"], [0.8888888888888888, "#fdca26"], [1.0, "#f0f921"]]}], "heatmapgl": [{"type": "heatmapgl", "colorbar": {"outlinewidth": 0, "ticks": ""}, "colorscale": [[0.0, "#0d0887"], [0.1111111111111111, "#46039f"], [0.2222222222222222, "#7201a8"], [0.3333333333333333, "#9c179e"], [0.4444444444444444, "#bd3786"], [0.5555555555555556, "#d8576b"], [0.6666666666666666, "#ed7953"], [0.7777777777777778, "#fb9f3a"], [0.8888888888888888, "#fdca26"], [1.0, "#f0f921"]]}], "contourcarpet": [{"type": "contourcarpet", "colorbar": {"outlinewidth": 0, "ticks": ""}}], "contour": [{"type": "contour", "colorbar": {"outlinewidth": 0, "ticks": ""}, "colorscale": [[0.0, "#0d0887"], [0.1111111111111111, "#46039f"], [0.2222222222222222, "#7201a8"], [0.3333333333333333, "#9c179e"], [0.4444444444444444, "#bd3786"], [0.5555555555555556, "#d8576b"], [0.6666666666666666, "#ed7953"], [0.7777777777777778, "#fb9f3a"], [0.8888888888888888, "#fdca26"], [1.0, "#f0f921"]]}], "surface": [{"type": "surface", "colorbar": {"outlinewidth": 0, "ticks": ""}, "colorscale": [[0.0, "#0d0887"], [0.1111111111111111, "#46039f"], [0.2222222222222222, "#7201a8"], [0.3333333333333333, "#9c179e"], [0.4444444444444444, "#bd3786"], [0.5555555555555556, "#d8576b"], [0.6666666666666666, "#ed7953"], [0.7777777777777778, "#fb9f3a"], [0.8888888888888888, "#fdca26"], [1.0, "#f0f921"]]}], "mesh3d": [{"type": "mesh3d", "colorbar": {"outlinewidth": 0, "ticks": ""}}], "scatter": [{"fillpattern": {"fillmode": "overlay", "size": 10, "solidity": 0.2}, "type": "scatter"}], "parcoords": [{"type": "parcoords", "line": {"colorbar": {"outlinewidth": 0, "ticks": ""}}}], "scatterpolargl": [{"type": "scatterpolargl", "marker": {"colorbar": {"outlinewidth": 0, "ticks": ""}}}], "bar": [{"error_x": {"color": "#2a3f5f"}, "error_y": {"color": "#2a3f5f"}, "marker": {"line": {"color": "#E5ECF6", "width": 0.5}, "pattern": {"fillmode": "overlay", "size": 10, "solidity": 0.2}}, "type": "bar"}], "scattergeo": [{"type": "scattergeo", "marker": {"colorbar": {"outlinewidth": 0, "ticks": ""}}}], "scatterpolar": [{"type": "scatterpolar", "marker": {"colorbar": {"outlinewidth": 0, "ticks": ""}}}], "histogram": [{"marker": {"pattern": {"fillmode": "overlay", "size": 10, "solidity": 0.2}}, "type": "histogram"}], "scattergl": [{"type": "scattergl", "marker": {"colorbar": {"outlinewidth": 0, "ticks": ""}}}], "scatter3d": [{"type": "scatter3d", "line": {"colorbar": {"outlinewidth": 0, "ticks": ""}}, "marker": {"colorbar": {"outlinewidth": 0, "ticks": ""}}}], "scattermapbox": [{"type": "scattermapbox", "marker": {"colorbar": {"outlinewidth": 0, "ticks": ""}}}], "scatterternary": [{"type": "scatterternary", "marker": {"colorbar": {"outlinewidth": 0, "ticks": ""}}}], "scattercarpet": [{"type": "scattercarpet", "marker": {"colorbar": {"outlinewidth": 0, "ticks": ""}}}], "carpet": [{"aaxis": {"endlinecolor": "#2a3f5f", "gridcolor": "white", "linecolor": "white", "minorgridcolor": "white", "startlinecolor": "#2a3f5f"}, "baxis": {"endlinecolor": "#2a3f5f", "gridcolor": "white", "linecolor": "white", "minorgridcolor": "white", "startlinecolor": "#2a3f5f"}, "type": "carpet"}], "table": [{"cells": {"fill": {"color": "#EBF0F8"}, "line": {"color": "white"}}, "header": {"fill": {"color": "#C8D4E3"}, "line": {"color": "white"}}, "type": "table"}], "barpolar": [{"marker": {"line": {"color": "#E5ECF6", "width": 0.5}, "pattern": {"fillmode": "overlay", "size": 10, "solidity": 0.2}}, "type": "barpolar"}], "pie": [{"automargin": true, "type": "pie"}]}, "layout": {"autotypenumbers": "strict", "colorway": ["#636efa", "#EF553B", "#00cc96", "#ab63fa", "#FFA15A", "#19d3f3", "#FF6692", "#B6E880", "#FF97FF", "#FECB52"], "font": {"color": "#2a3f5f"}, "hovermode": "closest", "hoverlabel": {"align": "left"}, "paper_bgcolor": "white", "plot_bgcolor": "#E5ECF6", "polar": {"bgcolor": "#E5ECF6", "angularaxis": {"gridcolor": "white", "linecolor": "white", "ticks": ""}, "radialaxis": {"gridcolor": "white", "linecolor": "white", "ticks": ""}}, "ternary": {"bgcolor": "#E5ECF6", "aaxis": {"gridcolor": "white", "linecolor": "white", "ticks": ""}, "baxis": {"gridcolor": "white", "linecolor": "white", "ticks": ""}, "caxis": {"gridcolor": "white", "linecolor": "white", "ticks": ""}}, "coloraxis": {"colorbar": {"outlinewidth": 0, "ticks": ""}}, "colorscale": {"sequential": [[0.0, "#0d0887"], [0.1111111111111111, "#46039f"], [0.2222222222222222, "#7201a8"], [0.3333333333333333, "#9c179e"], [0.4444444444444444, "#bd3786"], [0.5555555555555556, "#d8576b"], [0.6666666666666666, "#ed7953"], [0.7777777777777778, "#fb9f3a"], [0.8888888888888888, "#fdca26"], [1.0, "#f0f921"]], "sequentialminus": [[0.0, "#0d0887"], [0.1111111111111111, "#46039f"], [0.2222222222222222, "#7201a8"], [0.3333333333333333, "#9c179e"], [0.4444444444444444, "#bd3786"], [0.5555555555555556, "#d8576b"], [0.6666666666666666, "#ed7953"], [0.7777777777777778, "#fb9f3a"], [0.8888888888888888, "#fdca26"], [1.0, "#f0f921"]], "diverging": [[0, "#8e0152"], [0.1, "#c51b7d"], [0.2, "#de77ae"], [0.3, "#f1b6da"], [0.4, "#fde0ef"], [0.5, "#f7f7f7"], [0.6, "#e6f5d0"], [0.7, "#b8e186"], [0.8, "#7fbc41"], [0.9, "#4d9221"], [1, "#276419"]]}, "xaxis": {"gridcolor": "white", "linecolor": "white", "ticks": "", "title": {"standoff": 15}, "zerolinecolor": "white", "automargin": true, "zerolinewidth": 2}, "yaxis": {"gridcolor": "white", "linecolor": "white", "ticks": "", "title": {"standoff": 15}, "zerolinecolor": "white", "automargin": true, "zerolinewidth": 2}, "scene": {"xaxis": {"backgroundcolor": "#E5ECF6", "gridcolor": "white", "linecolor": "white", "showbackground": true, "ticks": "", "zerolinecolor": "white", "gridwidth": 2}, "yaxis": {"backgroundcolor": "#E5ECF6", "gridcolor": "white", "linecolor": "white", "showbackground": true, "ticks": "", "zerolinecolor": "white", "gridwidth": 2}, "zaxis": {"backgroundcolor": "#E5ECF6", "gridcolor": "white", "linecolor": "white", "showbackground": true, "ticks": "", "zerolinecolor": "white", "gridwidth": 2}}, "shapedefaults": {"line": {"color": "#2a3f5f"}}, "annotationdefaults": {"arrowcolor": "#2a3f5f", "arrowhead": 0, "arrowwidth": 1}, "geo": {"bgcolor": "white", "landcolor": "#E5ECF6", "subunitcolor": "white", "showland": true, "showlakes": true, "lakecolor": "white"}, "title": {"x": 0.05}, "mapbox": {"style": "light"}}}}}