{"data": [{"z": [[24.43819236755371, 1.6434885263442993, 0.8785823583602905, -0.5831568837165833, 6.836965560913086, -1.487399697303772, -0.7067640423774719, 3.5661849975585938, 1.5279853343963623, -5.188912868499756, 5.2469096183776855, -0.8550412654876709, 0.585503876209259, 1.673998236656189, 0.9826436638832092, 4.561397552490234, 0.8605366945266724, 1.9403468370437622, 2.5049777030944824, 3.4986870288848877, 2.0201690196990967], [1.6434885263442993, 17.25149154663086, -2.076029062271118, 0.6122221946716309, -1.9807320833206177, 0.49796703457832336, -0.1760849952697754, -0.3171955347061157, -1.698746681213379, 5.248897075653076, 1.0025988817214966, -3.307487964630127, 4.027473449707031, 0.37326961755752563, -2.1206398010253906, 1.7145473957061768, -1.649214744567871, 8.777393341064453, 4.340456008911133, 1.2728182077407837, -3.2478227615356445], [0.8785823583602905, -2.076029062271118, 22.40766716003418, 4.035037040710449, 2.698800563812256, 2.7199745178222656, 6.065980434417725, -3.8687870502471924, 0.0059502581134438515, 0.9775221347808838, 1.4309258460998535, 5.759838104248047, -4.545726776123047, 3.012885808944702, -0.009148633107542992, 2.4553582668304443, -0.883870005607605, -2.3724915981292725, 2.124577283859253, 1.4605765342712402, -0.2921268939971924], [-0.5831568837165833, 0.6122221946716309, 4.035037040710449, 24.994247436523438, 2.2522823810577393, 3.010324001312256, 2.58666729927063, -5.061092853546143, -6.2860822677612305, 5.704708576202393, 11.852675437927246, -3.5060486793518066, 3.5802712440490723, 0.19309267401695251, 1.9743776321411133, 3.4912242889404297, 0.4862809181213379, 3.3322947025299072, 1.6819188594818115, -0.09213483333587646, 3.3959972858428955], [6.836965560913086, -1.9807320833206177, 2.698800563812256, 2.2522823810577393, 14.362595558166504, -1.9641450643539429, 3.7699878215789795, 2.67364239692688, 1.763879656791687, -1.9481066465377808, 3.4186134338378906, -0.8747801780700684, 2.0389368534088135, 4.754854202270508, 0.8681562542915344, 2.832874298095703, 0.27566200494766235, -5.305717468261719, 0.29267358779907227, 2.332023859024048, 3.1824498176574707], [-1.487399697303772, 0.49796703457832336, 2.7199745178222656, 3.010324001312256, -1.9641450643539429, 21.600221633911133, -0.5614362359046936, -0.12997162342071533, 3.432406187057495, 3.9388444423675537, 1.0020134449005127, -2.4749464988708496, -1.5928142070770264, 1.122892141342163, 0.3088822066783905, 0.07678115367889404, -5.44606351852417, 1.777506709098816, -1.5648616552352905, 3.289539098739624, -6.198099136352539], [-0.7067640423774719, -0.1760849952697754, 6.065980434417725, 2.58666729927063, 3.7699878215789795, -0.5614362359046936, 17.5775146484375, 1.0998947620391846, 1.201513409614563, 2.3542778491973877, -1.5566951036453247, 2.754948616027832, 1.4703710079193115, 3.436276912689209, 2.122603416442871, 3.6010842323303223, 2.9804351329803467, 2.2272136211395264, -1.7792253494262695, -0.013127446174621582, -9.499743461608887], [3.5661849975585938, -0.3171955347061157, -3.8687870502471924, -5.061092853546143, 2.67364239692688, -0.12997162342071533, 1.0998947620391846, 18.664785385131836, 3.2212135791778564, -1.033341884613037, -2.664865493774414, -3.5829896926879883, 0.24858401715755463, -2.9141387939453125, 1.4132113456726074, 1.5573756694793701, 2.4237494468688965, -2.7236804962158203, 6.0207438468933105, -3.785914421081543, -0.4537283778190613], [1.5279853343963623, -1.698746681213379, 0.0059502581134438515, -6.2860822677612305, 1.763879656791687, 3.432406187057495, 1.201513409614563, 3.2212135791778564, 18.738346099853516, 2.4755232334136963, -5.668502330780029, 0.0356973297894001, 3.059908151626587, 2.6027610301971436, 1.9093594551086426, 0.31663450598716736, 0.3969961404800415, -4.0405168533325195, -1.0196603536605835, 4.049359321594238, -9.576897621154785], [-5.188912868499756, 5.248897075653076, 0.9775221347808838, 5.704708576202393, -1.9481066465377808, 3.9388444423675537, 2.3542778491973877, -1.033341884613037, 2.4755232334136963, 19.247591018676758, -3.296461820602417, -4.639845848083496, 2.2397849559783936, -3.5044825077056885, -3.4735097885131836, 1.09831702709198, -0.5584399700164795, 4.515324592590332, 3.850482225418091, 1.8303627967834473, -13.658578872680664], [5.2469096183776855, 1.0025988817214966, 1.4309258460998535, 11.852675437927246, 3.4186134338378906, 1.0020134449005127, -1.5566951036453247, -2.664865493774414, -5.668502330780029, -3.296461820602417, 18.408226013183594, -2.047318696975708, 2.4272868633270264, 2.0220649242401123, 5.609499454498291, -1.8216150999069214, 1.965636968612671, -1.766413688659668, 2.6471152305603027, 5.181453227996826, 7.10118293762207], [-0.8550412654876709, -3.307487964630127, 5.759838104248047, -3.5060486793518066, -0.8747801780700684, -2.4749464988708496, 2.754948616027832, -3.5829896926879883, 0.0356973297894001, -4.639845848083496, -2.047318696975708, 22.018999099731445, 3.514193296432495, 4.232645511627197, -0.22317013144493103, 2.8321375846862793, -2.5408883094787598, -1.2958312034606934, -1.2509965896606445, -1.0469788312911987, 4.619904518127441], [0.585503876209259, 4.027473449707031, -4.545726776123047, 3.5802712440490723, 2.0389368534088135, -1.5928142070770264, 1.4703710079193115, 0.24858401715755463, 3.059908151626587, 2.2397849559783936, 2.4272868633270264, 3.514193296432495, 20.048648834228516, -2.846219778060913, 3.0390172004699707, -0.9978980422019958, -5.731468677520752, 2.869473695755005, 1.950857400894165, -2.2312614917755127, 5.20495080947876], [1.673998236656189, 0.37326961755752563, 3.012885808944702, 0.19309267401695251, 4.754854202270508, 1.122892141342163, 3.436276912689209, -2.9141387939453125, 2.6027610301971436, -3.5044825077056885, 2.0220649242401123, 4.232645511627197, -2.846219778060913, 17.446561813354492, 1.9657517671585083, 3.546255350112915, -0.060938358306884766, 0.9807214736938477, -6.082755088806152, 1.8013601303100586, -5.517714500427246], [0.9826436638832092, -2.1206398010253906, -0.009148633107542992, 1.9743776321411133, 0.8681562542915344, 0.3088822066783905, 2.122603416442871, 1.4132113456726074, 1.9093594551086426, -3.4735097885131836, 5.609499454498291, -0.22317013144493103, 3.0390172004699707, 1.9657517671585083, 18.255739212036133, -1.4234684705734253, 1.4132577180862427, -3.9989213943481445, -0.9643310308456421, 0.971900224685669, -1.7912518978118896], [4.561397552490234, 1.7145473957061768, 2.4553582668304443, 3.4912242889404297, 2.832874298095703, 0.07678115367889404, 3.6010842323303223, 1.5573756694793701, 0.31663450598716736, 1.09831702709198, -1.8216150999069214, 2.8321375846862793, -0.9978980422019958, 3.546255350112915, -1.4234684705734253, 11.51331901550293, 1.162703275680542, 0.28417539596557617, 4.200525283813477, -0.3829330503940582, -4.425896644592285], [0.860536515712738, -1.649214744567871, -0.8838702440261841, 0.48628079891204834, 0.27566230297088623, -5.446063041687012, 2.980435609817505, 2.4237499237060547, 0.3969963490962982, -0.5584389567375183, 1.9656366109848022, -2.5408878326416016, -5.73146915435791, -0.060938190668821335, 1.4132578372955322, 1.162703275680542, 23.033977508544922, 3.453381299972534, -2.0668582916259766, 7.217799186706543, -4.495288848876953], [1.9403469562530518, 8.777395248413086, -2.3724913597106934, 3.332294464111328, -5.305717468261719, 1.777506947517395, 2.2272140979766846, -2.7236809730529785, -4.040517330169678, 4.515324115753174, -1.7664124965667725, -1.2958308458328247, 2.8694732189178467, 0.9807213544845581, -3.998922109603882, 0.28417515754699707, 3.453381299972534, 23.200040817260742, -2.7836074829101562, -2.3222856521606445, -3.66428542137146], [2.5049784183502197, 4.340455532073975, 2.124577045440674, 1.6819190979003906, 0.29267388582229614, -1.5648616552352905, -1.7792255878448486, 6.020744323730469, -1.0196603536605835, 3.85048246383667, 2.647115707397461, -1.250996470451355, 1.9508570432662964, -6.082754611968994, -0.9643310308456421, 4.200525760650635, -2.0668582916259766, -2.7836074829101562, 19.790557861328125, -4.362758159637451, -3.2691216468811035], [3.498687505722046, 1.2728184461593628, 1.4605766534805298, -0.09213461726903915, 2.3320233821868896, 3.289538860321045, -0.013127805665135384, -3.785914182662964, 4.04935884475708, 1.8303632736206055, 5.181453227996826, -1.0469796657562256, -2.231261968612671, 1.8013602495193481, 0.9718998074531555, -0.3829333186149597, 7.217799186706543, -2.3222856521606445, -4.362758159637451, 21.808107376098633, 0.25426486134529114], [2.0201687812805176, -3.2478232383728027, -0.29212695360183716, 3.3959970474243164, 3.1824498176574707, -6.198099136352539, -9.499743461608887, -0.45372819900512695, -9.576896667480469, -13.658577919006348, 7.10118293762207, 4.6199049949646, 5.204950332641602, -5.517714500427246, -1.7912518978118896, -4.425896644592285, -4.495287895202637, -3.66428542137146, -3.2691216468811035, 0.25426506996154785, 47.48805236816406]], "type": "heatmap"}], "layout": {"template": {"data": {"histogram2dcontour": [{"type": "histogram2dcontour", "colorbar": {"outlinewidth": 0, "ticks": ""}, "colorscale": [[0.0, "#0d0887"], [0.1111111111111111, "#46039f"], [0.2222222222222222, "#7201a8"], [0.3333333333333333, "#9c179e"], [0.4444444444444444, "#bd3786"], [0.5555555555555556, "#d8576b"], [0.6666666666666666, "#ed7953"], [0.7777777777777778, "#fb9f3a"], [0.8888888888888888, "#fdca26"], [1.0, "#f0f921"]]}], "choropleth": [{"type": "choropleth", "colorbar": {"outlinewidth": 0, "ticks": ""}}], "histogram2d": [{"type": "histogram2d", "colorbar": {"outlinewidth": 0, "ticks": ""}, "colorscale": [[0.0, "#0d0887"], [0.1111111111111111, "#46039f"], [0.2222222222222222, "#7201a8"], [0.3333333333333333, "#9c179e"], [0.4444444444444444, "#bd3786"], [0.5555555555555556, "#d8576b"], [0.6666666666666666, "#ed7953"], [0.7777777777777778, "#fb9f3a"], [0.8888888888888888, "#fdca26"], [1.0, "#f0f921"]]}], "heatmap": [{"type": "heatmap", "colorbar": {"outlinewidth": 0, "ticks": ""}, "colorscale": [[0.0, "#0d0887"], [0.1111111111111111, "#46039f"], [0.2222222222222222, "#7201a8"], [0.3333333333333333, "#9c179e"], [0.4444444444444444, "#bd3786"], [0.5555555555555556, "#d8576b"], [0.6666666666666666, "#ed7953"], [0.7777777777777778, "#fb9f3a"], [0.8888888888888888, "#fdca26"], [1.0, "#f0f921"]]}], "heatmapgl": [{"type": "heatmapgl", "colorbar": {"outlinewidth": 0, "ticks": ""}, "colorscale": [[0.0, "#0d0887"], [0.1111111111111111, "#46039f"], [0.2222222222222222, "#7201a8"], [0.3333333333333333, "#9c179e"], [0.4444444444444444, "#bd3786"], [0.5555555555555556, "#d8576b"], [0.6666666666666666, "#ed7953"], [0.7777777777777778, "#fb9f3a"], [0.8888888888888888, "#fdca26"], [1.0, "#f0f921"]]}], "contourcarpet": [{"type": "contourcarpet", "colorbar": {"outlinewidth": 0, "ticks": ""}}], "contour": [{"type": "contour", "colorbar": {"outlinewidth": 0, "ticks": ""}, "colorscale": [[0.0, "#0d0887"], [0.1111111111111111, "#46039f"], [0.2222222222222222, "#7201a8"], [0.3333333333333333, "#9c179e"], [0.4444444444444444, "#bd3786"], [0.5555555555555556, "#d8576b"], [0.6666666666666666, "#ed7953"], [0.7777777777777778, "#fb9f3a"], [0.8888888888888888, "#fdca26"], [1.0, "#f0f921"]]}], "surface": [{"type": "surface", "colorbar": {"outlinewidth": 0, "ticks": ""}, "colorscale": [[0.0, "#0d0887"], [0.1111111111111111, "#46039f"], [0.2222222222222222, "#7201a8"], [0.3333333333333333, "#9c179e"], [0.4444444444444444, "#bd3786"], [0.5555555555555556, "#d8576b"], [0.6666666666666666, "#ed7953"], [0.7777777777777778, "#fb9f3a"], [0.8888888888888888, "#fdca26"], [1.0, "#f0f921"]]}], "mesh3d": [{"type": "mesh3d", "colorbar": {"outlinewidth": 0, "ticks": ""}}], "scatter": [{"fillpattern": {"fillmode": "overlay", "size": 10, "solidity": 0.2}, "type": "scatter"}], "parcoords": [{"type": "parcoords", "line": {"colorbar": {"outlinewidth": 0, "ticks": ""}}}], "scatterpolargl": [{"type": "scatterpolargl", "marker": {"colorbar": {"outlinewidth": 0, "ticks": ""}}}], "bar": [{"error_x": {"color": "#2a3f5f"}, "error_y": {"color": "#2a3f5f"}, "marker": {"line": {"color": "#E5ECF6", "width": 0.5}, "pattern": {"fillmode": "overlay", "size": 10, "solidity": 0.2}}, "type": "bar"}], "scattergeo": [{"type": "scattergeo", "marker": {"colorbar": {"outlinewidth": 0, "ticks": ""}}}], "scatterpolar": [{"type": "scatterpolar", "marker": {"colorbar": {"outlinewidth": 0, "ticks": ""}}}], "histogram": [{"marker": {"pattern": {"fillmode": "overlay", "size": 10, "solidity": 0.2}}, "type": "histogram"}], "scattergl": [{"type": "scattergl", "marker": {"colorbar": {"outlinewidth": 0, "ticks": ""}}}], "scatter3d": [{"type": "scatter3d", "line": {"colorbar": {"outlinewidth": 0, "ticks": ""}}, "marker": {"colorbar": {"outlinewidth": 0, "ticks": ""}}}], "scattermapbox": [{"type": "scattermapbox", "marker": {"colorbar": {"outlinewidth": 0, "ticks": ""}}}], "scatterternary": [{"type": "scatterternary", "marker": {"colorbar": {"outlinewidth": 0, "ticks": ""}}}], "scattercarpet": [{"type": "scattercarpet", "marker": {"colorbar": {"outlinewidth": 0, "ticks": ""}}}], "carpet": [{"aaxis": {"endlinecolor": "#2a3f5f", "gridcolor": "white", "linecolor": "white", "minorgridcolor": "white", "startlinecolor": "#2a3f5f"}, "baxis": {"endlinecolor": "#2a3f5f", "gridcolor": "white", "linecolor": "white", "minorgridcolor": "white", "startlinecolor": "#2a3f5f"}, "type": "carpet"}], "table": [{"cells": {"fill": {"color": "#EBF0F8"}, "line": {"color": "white"}}, "header": {"fill": {"color": "#C8D4E3"}, "line": {"color": "white"}}, "type": "table"}], "barpolar": [{"marker": {"line": {"color": "#E5ECF6", "width": 0.5}, "pattern": {"fillmode": "overlay", "size": 10, "solidity": 0.2}}, "type": "barpolar"}], "pie": [{"automargin": true, "type": "pie"}]}, "layout": {"autotypenumbers": "strict", "colorway": ["#636efa", "#EF553B", "#00cc96", "#ab63fa", "#FFA15A", "#19d3f3", "#FF6692", "#B6E880", "#FF97FF", "#FECB52"], "font": {"color": "#2a3f5f"}, "hovermode": "closest", "hoverlabel": {"align": "left"}, "paper_bgcolor": "white", "plot_bgcolor": "#E5ECF6", "polar": {"bgcolor": "#E5ECF6", "angularaxis": {"gridcolor": "white", "linecolor": "white", "ticks": ""}, "radialaxis": {"gridcolor": "white", "linecolor": "white", "ticks": ""}}, "ternary": {"bgcolor": "#E5ECF6", "aaxis": {"gridcolor": "white", "linecolor": "white", "ticks": ""}, "baxis": {"gridcolor": "white", "linecolor": "white", "ticks": ""}, "caxis": {"gridcolor": "white", "linecolor": "white", "ticks": ""}}, "coloraxis": {"colorbar": {"outlinewidth": 0, "ticks": ""}}, "colorscale": {"sequential": [[0.0, "#0d0887"], [0.1111111111111111, "#46039f"], [0.2222222222222222, "#7201a8"], [0.3333333333333333, "#9c179e"], [0.4444444444444444, "#bd3786"], [0.5555555555555556, "#d8576b"], [0.6666666666666666, "#ed7953"], [0.7777777777777778, "#fb9f3a"], [0.8888888888888888, "#fdca26"], [1.0, "#f0f921"]], "sequentialminus": [[0.0, "#0d0887"], [0.1111111111111111, "#46039f"], [0.2222222222222222, "#7201a8"], [0.3333333333333333, "#9c179e"], [0.4444444444444444, "#bd3786"], [0.5555555555555556, "#d8576b"], [0.6666666666666666, "#ed7953"], [0.7777777777777778, "#fb9f3a"], [0.8888888888888888, "#fdca26"], [1.0, "#f0f921"]], "diverging": [[0, "#8e0152"], [0.1, "#c51b7d"], [0.2, "#de77ae"], [0.3, "#f1b6da"], [0.4, "#fde0ef"], [0.5, "#f7f7f7"], [0.6, "#e6f5d0"], [0.7, "#b8e186"], [0.8, "#7fbc41"], [0.9, "#4d9221"], [1, "#276419"]]}, "xaxis": {"gridcolor": "white", "linecolor": "white", "ticks": "", "title": {"standoff": 15}, "zerolinecolor": "white", "automargin": true, "zerolinewidth": 2}, "yaxis": {"gridcolor": "white", "linecolor": "white", "ticks": "", "title": {"standoff": 15}, "zerolinecolor": "white", "automargin": true, "zerolinewidth": 2}, "scene": {"xaxis": {"backgroundcolor": "#E5ECF6", "gridcolor": "white", "linecolor": "white", "showbackground": true, "ticks": "", "zerolinecolor": "white", "gridwidth": 2}, "yaxis": {"backgroundcolor": "#E5ECF6", "gridcolor": "white", "linecolor": "white", "showbackground": true, "ticks": "", "zerolinecolor": "white", "gridwidth": 2}, "zaxis": {"backgroundcolor": "#E5ECF6", "gridcolor": "white", "linecolor": "white", "showbackground": true, "ticks": "", "zerolinecolor": "white", "gridwidth": 2}}, "shapedefaults": {"line": {"color": "#2a3f5f"}}, "annotationdefaults": {"arrowcolor": "#2a3f5f", "arrowhead": 0, "arrowwidth": 1}, "geo": {"bgcolor": "white", "landcolor": "#E5ECF6", "subunitcolor": "white", "showland": true, "showlakes": true, "lakecolor": "white"}, "title": {"x": 0.05}, "mapbox": {"style": "light"}}}}}