{"data": [{"z": [[23.533706665039062, 1.8548792600631714, 0.9686256051063538, -0.3042372763156891, 6.72336483001709, -1.3123657703399658, -0.38810986280441284, 3.843653917312622, 1.697313904762268, -4.488424301147461, 5.144065856933594, -0.48335495591163635, 0.7166314125061035, 1.9379626512527466, 1.0502212047576904, 4.562138557434082, 1.0339362621307373, 2.1675264835357666, 2.4323744773864746, 3.5210518836975098, 1.7599140405654907], [1.8548792600631714, 16.922513961791992, -1.9219088554382324, 1.0100579261779785, -1.7569977045059204, 0.8037276268005371, -0.1431797295808792, 0.09037735313177109, -1.514257788658142, 5.297633171081543, 1.2837306261062622, -3.009324550628662, 3.991067886352539, 0.614308774471283, -1.9452400207519531, 1.9634182453155518, -1.4478693008422852, 8.553394317626953, 4.228052616119385, 1.3994441032409668, -3.266930103302002], [0.9686256051063538, -1.9219088554382324, 21.859664916992188, 3.8823258876800537, 2.593430995941162, 2.580244541168213, 5.969357967376709, -3.4497573375701904, 0.21289405226707458, 1.0990278720855713, 1.566858172416687, 5.887442588806152, -4.264684200286865, 2.996703624725342, 0.06510540097951889, 2.522200345993042, -0.7089611291885376, -2.172125816345215, 2.2067415714263916, 1.5323410034179688, -0.2991069555282593], [-0.3042372763156891, 1.0100579261779785, 3.8823258876800537, 24.38616371154785, 2.174610137939453, 3.0721662044525146, 2.7448949813842773, -4.616873741149902, -5.774731159210205, 5.886819839477539, 11.443532943725586, -2.9816195964813232, 3.836000919342041, 0.4312441051006317, 2.040571928024292, 3.504080295562744, 0.6321601867675781, 3.381678342819214, 1.8934431076049805, 0.19519460201263428, 3.2215640544891357], [6.72336483001709, -1.7569977045059204, 2.593430995941162, 2.174610137939453, 14.169127464294434, -1.9366267919540405, 3.7999484539031982, 2.7243845462799072, 1.874916911125183, -1.5540779829025269, 3.225870370864868, -0.6454176306724548, 2.206813335418701, 4.705036163330078, 0.9566295146942139, 2.813995838165283, 0.3883359432220459, -4.9363226890563965, 0.4925062656402588, 2.3302955627441406, 3.0009875297546387], [-1.3123657703399658, 0.8037276268005371, 2.580244541168213, 3.0721662044525146, -1.9366267919540405, 20.74077033996582, -0.448312908411026, 0.27145931124687195, 3.3478946685791016, 4.0418901443481445, 1.111541509628296, -1.9584044218063354, -1.2705284357070923, 1.08609139919281, 0.3386398255825043, 0.14739304780960083, -5.087705135345459, 1.8319858312606812, -1.164395809173584, 3.2220652103424072, -6.081499099731445], [-0.38810986280441284, -0.1431797295808792, 5.969357967376709, 2.7448949813842773, 3.7999484539031982, -0.448312908411026, 17.143070220947266, 1.279443383216858, 1.3217231035232544, 2.43103289604187, -1.3336786031723022, 2.858210325241089, 1.3788608312606812, 3.543095827102661, 2.1778457164764404, 3.6871395111083984, 3.1612162590026855, 2.180767774581909, -1.592991828918457, 0.21755707263946533, -9.386690139770508], [3.843653917312622, 0.09037735313177109, -3.4497573375701904, -4.616873741149902, 2.7243845462799072, 0.27145931124687195, 1.279443383216858, 18.574504852294922, 3.388592004776001, -0.49892619252204895, -2.5336225032806396, -3.1633682250976562, 0.4620382785797119, -2.491814613342285, 1.5616381168365479, 1.7351274490356445, 2.5971479415893555, -2.395622491836548, 5.958595275878906, -3.293491840362549, -0.7330225706100464], [1.697313904762268, -1.514257788658142, 0.21289405226707458, -5.774731159210205, 1.874916911125183, 3.3478946685791016, 1.3217231035232544, 3.388592004776001, 18.2860164642334, 2.718953847885132, -5.105563163757324, 0.390375554561615, 3.0823943614959717, 2.4944956302642822, 2.0234124660491943, 0.4950311481952667, 0.5125628709793091, -3.8758633136749268, -0.798583984375, 3.932004928588867, -9.617416381835938], [-4.488424301147461, 5.297633171081543, 1.0990278720855713, 5.886819839477539, -1.5540779829025269, 4.0418901443481445, 2.43103289604187, -0.49892619252204895, 2.718953847885132, 18.920534133911133, -2.7492597103118896, -4.013834476470947, 2.4340591430664062, -3.2715542316436768, -3.117526054382324, 1.4625318050384521, -0.42336320877075195, 4.523196697235107, 3.9796109199523926, 1.9147343635559082, -13.609549522399902], [5.144065856933594, 1.2837306261062622, 1.566858172416687, 11.443532943725586, 3.225870370864868, 1.111541509628296, -1.3336786031723022, -2.5336225032806396, -5.105563163757324, -2.7492597103118896, 17.850391387939453, -1.754642128944397, 2.5701165199279785, 2.118147373199463, 5.511117935180664, -1.6701524257659912, 2.0627896785736084, -1.389621376991272, 2.5359902381896973, 5.300300121307373, 6.716305255889893], [-0.48335495591163635, -3.009324550628662, 5.887442588806152, -2.9816195964813232, -0.6454176306724548, -1.9584044218063354, 2.858210325241089, -3.1633682250976562, 0.390375554561615, -4.013834476470947, -1.754642128944397, 21.491188049316406, 3.4717116355895996, 4.467431545257568, 0.2559160590171814, 2.930983304977417, -2.2167587280273438, -1.1842689514160156, -0.9784631729125977, -0.7217323780059814, 4.048583984375], [0.7166314125061035, 3.991067886352539, -4.264684200286865, 3.836000919342041, 2.206813335418701, -1.2705284357070923, 1.3788608312606812, 0.4620382785797119, 3.0823943614959717, 2.4340591430664062, 2.5701165199279785, 3.4717116355895996, 19.29458236694336, -2.4540627002716064, 3.0479915142059326, -0.6820536851882935, -5.305569171905518, 2.7206835746765137, 1.9353187084197998, -1.9380722045898438, 5.0301408767700195], [1.9379626512527466, 0.614308774471283, 2.996703624725342, 0.4312441051006317, 4.705036163330078, 1.08609139919281, 3.543095827102661, -2.491814613342285, 2.4944956302642822, -3.2715542316436768, 2.118147373199463, 4.467431545257568, -2.4540627002716064, 16.885313034057617, 1.9594595432281494, 3.4938406944274902, 0.11772656440734863, 1.0129525661468506, -5.562001705169678, 1.9549622535705566, -5.344518661499023], [1.0502212047576904, -1.9452400207519531, 0.06510540097951889, 2.040571928024292, 0.9566295146942139, 0.3386398255825043, 2.1778457164764404, 1.5616381168365479, 2.0234124660491943, -3.117526054382324, 5.511117935180664, 0.2559160590171814, 3.0479915142059326, 1.9594595432281494, 17.836423873901367, -1.2637848854064941, 1.4910296201705933, -3.8154330253601074, -0.8888708353042603, 1.1025841236114502, -1.8071824312210083], [4.562138557434082, 1.9634182453155518, 2.522200345993042, 3.504080295562744, 2.813995838165283, 0.14739304780960083, 3.6871395111083984, 1.7351274490356445, 0.4950311481952667, 1.4625318050384521, -1.6701524257659912, 2.930983304977417, -0.6820536851882935, 3.4938406944274902, -1.2637848854064941, 11.295808792114258, 1.3393440246582031, 0.5588926076889038, 4.177028179168701, -0.11390915513038635, -4.55794620513916], [1.0339361429214478, -1.4478693008422852, -0.7089616656303406, 0.6321601271629333, 0.38833579421043396, -5.087704658508301, 3.161215305328369, 2.5971481800079346, 0.5125625729560852, -0.42336300015449524, 2.0627896785736084, -2.216759443283081, -5.305568695068359, 0.11772675067186356, 1.4910297393798828, 1.3393439054489136, 22.61388397216797, 3.4179153442382812, -1.838707685470581, 7.139780044555664, -4.607230186462402], [2.1675264835357666, 8.553394317626953, -2.172125816345215, 3.381679058074951, -4.9363226890563965, 1.8319859504699707, 2.18076753616333, -2.395622491836548, -3.875863790512085, 4.523196220397949, -1.3896214962005615, -1.184268593788147, 2.7206835746765137, 1.0129525661468506, -3.8154327869415283, 0.5588929653167725, 3.4179153442382812, 22.582408905029297, -2.512878894805908, -2.095846652984619, -3.7856645584106445], [2.4323742389678955, 4.228052616119385, 2.2067415714263916, 1.8934434652328491, 0.4925062656402588, -1.1643962860107422, -1.5929919481277466, 5.9585957527160645, -0.7985842227935791, 3.9796109199523926, 2.53598952293396, -0.9784632325172424, 1.9353188276290894, -5.562002182006836, -0.8888706564903259, 4.177028179168701, -1.838707685470581, -2.512878894805908, 19.095046997070312, -4.029221057891846, -3.269962787628174], [3.5210516452789307, 1.399444341659546, 1.5323411226272583, 0.19519467651844025, 2.3302948474884033, 3.222064971923828, 0.217556431889534, -3.293492078781128, 3.9320054054260254, 1.914734125137329, 5.3003010749816895, -0.7217326760292053, -1.9380725622177124, 1.9549626111984253, 1.1025843620300293, -0.11390921473503113, 7.139780044555664, -2.095846652984619, -4.029221057891846, 21.259071350097656, 0.19912728667259216], [1.7599143981933594, -3.26693058013916, -0.2991069555282593, 3.2215638160705566, 3.0009875297546387, -6.081498146057129, -9.386690139770508, -0.7330225706100464, -9.617416381835938, -13.609550476074219, 6.716304779052734, 4.048583030700684, 5.030141830444336, -5.344518661499023, -1.8071825504302979, -4.55794620513916, -4.607230186462402, -3.7856645584106445, -3.269962787628174, 0.199127197265625, 47.48805236816406]], "type": "heatmap"}], "layout": {"template": {"data": {"histogram2dcontour": [{"type": "histogram2dcontour", "colorbar": {"outlinewidth": 0, "ticks": ""}, "colorscale": [[0.0, "#0d0887"], [0.1111111111111111, "#46039f"], [0.2222222222222222, "#7201a8"], [0.3333333333333333, "#9c179e"], [0.4444444444444444, "#bd3786"], [0.5555555555555556, "#d8576b"], [0.6666666666666666, "#ed7953"], [0.7777777777777778, "#fb9f3a"], [0.8888888888888888, "#fdca26"], [1.0, "#f0f921"]]}], "choropleth": [{"type": "choropleth", "colorbar": {"outlinewidth": 0, "ticks": ""}}], "histogram2d": [{"type": "histogram2d", "colorbar": {"outlinewidth": 0, "ticks": ""}, "colorscale": [[0.0, "#0d0887"], [0.1111111111111111, "#46039f"], [0.2222222222222222, "#7201a8"], [0.3333333333333333, "#9c179e"], [0.4444444444444444, "#bd3786"], [0.5555555555555556, "#d8576b"], [0.6666666666666666, "#ed7953"], [0.7777777777777778, "#fb9f3a"], [0.8888888888888888, "#fdca26"], [1.0, "#f0f921"]]}], "heatmap": [{"type": "heatmap", "colorbar": {"outlinewidth": 0, "ticks": ""}, "colorscale": [[0.0, "#0d0887"], [0.1111111111111111, "#46039f"], [0.2222222222222222, "#7201a8"], [0.3333333333333333, "#9c179e"], [0.4444444444444444, "#bd3786"], [0.5555555555555556, "#d8576b"], [0.6666666666666666, "#ed7953"], [0.7777777777777778, "#fb9f3a"], [0.8888888888888888, "#fdca26"], [1.0, "#f0f921"]]}], "heatmapgl": [{"type": "heatmapgl", "colorbar": {"outlinewidth": 0, "ticks": ""}, "colorscale": [[0.0, "#0d0887"], [0.1111111111111111, "#46039f"], [0.2222222222222222, "#7201a8"], [0.3333333333333333, "#9c179e"], [0.4444444444444444, "#bd3786"], [0.5555555555555556, "#d8576b"], [0.6666666666666666, "#ed7953"], [0.7777777777777778, "#fb9f3a"], [0.8888888888888888, "#fdca26"], [1.0, "#f0f921"]]}], "contourcarpet": [{"type": "contourcarpet", "colorbar": {"outlinewidth": 0, "ticks": ""}}], "contour": [{"type": "contour", "colorbar": {"outlinewidth": 0, "ticks": ""}, "colorscale": [[0.0, "#0d0887"], [0.1111111111111111, "#46039f"], [0.2222222222222222, "#7201a8"], [0.3333333333333333, "#9c179e"], [0.4444444444444444, "#bd3786"], [0.5555555555555556, "#d8576b"], [0.6666666666666666, "#ed7953"], [0.7777777777777778, "#fb9f3a"], [0.8888888888888888, "#fdca26"], [1.0, "#f0f921"]]}], "surface": [{"type": "surface", "colorbar": {"outlinewidth": 0, "ticks": ""}, "colorscale": [[0.0, "#0d0887"], [0.1111111111111111, "#46039f"], [0.2222222222222222, "#7201a8"], [0.3333333333333333, "#9c179e"], [0.4444444444444444, "#bd3786"], [0.5555555555555556, "#d8576b"], [0.6666666666666666, "#ed7953"], [0.7777777777777778, "#fb9f3a"], [0.8888888888888888, "#fdca26"], [1.0, "#f0f921"]]}], "mesh3d": [{"type": "mesh3d", "colorbar": {"outlinewidth": 0, "ticks": ""}}], "scatter": [{"fillpattern": {"fillmode": "overlay", "size": 10, "solidity": 0.2}, "type": "scatter"}], "parcoords": [{"type": "parcoords", "line": {"colorbar": {"outlinewidth": 0, "ticks": ""}}}], "scatterpolargl": [{"type": "scatterpolargl", "marker": {"colorbar": {"outlinewidth": 0, "ticks": ""}}}], "bar": [{"error_x": {"color": "#2a3f5f"}, "error_y": {"color": "#2a3f5f"}, "marker": {"line": {"color": "#E5ECF6", "width": 0.5}, "pattern": {"fillmode": "overlay", "size": 10, "solidity": 0.2}}, "type": "bar"}], "scattergeo": [{"type": "scattergeo", "marker": {"colorbar": {"outlinewidth": 0, "ticks": ""}}}], "scatterpolar": [{"type": "scatterpolar", "marker": {"colorbar": {"outlinewidth": 0, "ticks": ""}}}], "histogram": [{"marker": {"pattern": {"fillmode": "overlay", "size": 10, "solidity": 0.2}}, "type": "histogram"}], "scattergl": [{"type": "scattergl", "marker": {"colorbar": {"outlinewidth": 0, "ticks": ""}}}], "scatter3d": [{"type": "scatter3d", "line": {"colorbar": {"outlinewidth": 0, "ticks": ""}}, "marker": {"colorbar": {"outlinewidth": 0, "ticks": ""}}}], "scattermapbox": [{"type": "scattermapbox", "marker": {"colorbar": {"outlinewidth": 0, "ticks": ""}}}], "scatterternary": [{"type": "scatterternary", "marker": {"colorbar": {"outlinewidth": 0, "ticks": ""}}}], "scattercarpet": [{"type": "scattercarpet", "marker": {"colorbar": {"outlinewidth": 0, "ticks": ""}}}], "carpet": [{"aaxis": {"endlinecolor": "#2a3f5f", "gridcolor": "white", "linecolor": "white", "minorgridcolor": "white", "startlinecolor": "#2a3f5f"}, "baxis": {"endlinecolor": "#2a3f5f", "gridcolor": "white", "linecolor": "white", "minorgridcolor": "white", "startlinecolor": "#2a3f5f"}, "type": "carpet"}], "table": [{"cells": {"fill": {"color": "#EBF0F8"}, "line": {"color": "white"}}, "header": {"fill": {"color": "#C8D4E3"}, "line": {"color": "white"}}, "type": "table"}], "barpolar": [{"marker": {"line": {"color": "#E5ECF6", "width": 0.5}, "pattern": {"fillmode": "overlay", "size": 10, "solidity": 0.2}}, "type": "barpolar"}], "pie": [{"automargin": true, "type": "pie"}]}, "layout": {"autotypenumbers": "strict", "colorway": ["#636efa", "#EF553B", "#00cc96", "#ab63fa", "#FFA15A", "#19d3f3", "#FF6692", "#B6E880", "#FF97FF", "#FECB52"], "font": {"color": "#2a3f5f"}, "hovermode": "closest", "hoverlabel": {"align": "left"}, "paper_bgcolor": "white", "plot_bgcolor": "#E5ECF6", "polar": {"bgcolor": "#E5ECF6", "angularaxis": {"gridcolor": "white", "linecolor": "white", "ticks": ""}, "radialaxis": {"gridcolor": "white", "linecolor": "white", "ticks": ""}}, "ternary": {"bgcolor": "#E5ECF6", "aaxis": {"gridcolor": "white", "linecolor": "white", "ticks": ""}, "baxis": {"gridcolor": "white", "linecolor": "white", "ticks": ""}, "caxis": {"gridcolor": "white", "linecolor": "white", "ticks": ""}}, "coloraxis": {"colorbar": {"outlinewidth": 0, "ticks": ""}}, "colorscale": {"sequential": [[0.0, "#0d0887"], [0.1111111111111111, "#46039f"], [0.2222222222222222, "#7201a8"], [0.3333333333333333, "#9c179e"], [0.4444444444444444, "#bd3786"], [0.5555555555555556, "#d8576b"], [0.6666666666666666, "#ed7953"], [0.7777777777777778, "#fb9f3a"], [0.8888888888888888, "#fdca26"], [1.0, "#f0f921"]], "sequentialminus": [[0.0, "#0d0887"], [0.1111111111111111, "#46039f"], [0.2222222222222222, "#7201a8"], [0.3333333333333333, "#9c179e"], [0.4444444444444444, "#bd3786"], [0.5555555555555556, "#d8576b"], [0.6666666666666666, "#ed7953"], [0.7777777777777778, "#fb9f3a"], [0.8888888888888888, "#fdca26"], [1.0, "#f0f921"]], "diverging": [[0, "#8e0152"], [0.1, "#c51b7d"], [0.2, "#de77ae"], [0.3, "#f1b6da"], [0.4, "#fde0ef"], [0.5, "#f7f7f7"], [0.6, "#e6f5d0"], [0.7, "#b8e186"], [0.8, "#7fbc41"], [0.9, "#4d9221"], [1, "#276419"]]}, "xaxis": {"gridcolor": "white", "linecolor": "white", "ticks": "", "title": {"standoff": 15}, "zerolinecolor": "white", "automargin": true, "zerolinewidth": 2}, "yaxis": {"gridcolor": "white", "linecolor": "white", "ticks": "", "title": {"standoff": 15}, "zerolinecolor": "white", "automargin": true, "zerolinewidth": 2}, "scene": {"xaxis": {"backgroundcolor": "#E5ECF6", "gridcolor": "white", "linecolor": "white", "showbackground": true, "ticks": "", "zerolinecolor": "white", "gridwidth": 2}, "yaxis": {"backgroundcolor": "#E5ECF6", "gridcolor": "white", "linecolor": "white", "showbackground": true, "ticks": "", "zerolinecolor": "white", "gridwidth": 2}, "zaxis": {"backgroundcolor": "#E5ECF6", "gridcolor": "white", "linecolor": "white", "showbackground": true, "ticks": "", "zerolinecolor": "white", "gridwidth": 2}}, "shapedefaults": {"line": {"color": "#2a3f5f"}}, "annotationdefaults": {"arrowcolor": "#2a3f5f", "arrowhead": 0, "arrowwidth": 1}, "geo": {"bgcolor": "white", "landcolor": "#E5ECF6", "subunitcolor": "white", "showland": true, "showlakes": true, "lakecolor": "white"}, "title": {"x": 0.05}, "mapbox": {"style": "light"}}}}}