{"data": [{"z": [[23.493059158325195, 1.8643428087234497, 0.95345139503479, -0.27000707387924194, 6.719771385192871, -1.2774981260299683, -0.36302855610847473, 3.8447015285491943, 1.6729165315628052, -4.454987525939941, 5.118758201599121, -0.511907160282135, 0.6744855046272278, 1.9662609100341797, 1.0733000040054321, 4.558001518249512, 1.0191071033477783, 2.1510910987854004, 2.4166860580444336, 3.4991722106933594, 1.7428220510482788], [1.8643428087234497, 16.956083297729492, -1.9210641384124756, 1.0469509363174438, -1.7374857664108276, 0.8454856872558594, -0.12205895781517029, 0.12367570400238037, -1.513968586921692, 5.322000026702881, 1.2824187278747559, -2.995405912399292, 3.9819164276123047, 0.6213455200195312, -1.890315294265747, 1.9863853454589844, -1.4506638050079346, 8.556578636169434, 4.240588188171387, 1.3993842601776123, -3.288239002227783], [0.95345139503479, -1.9210641384124756, 21.83296012878418, 3.8831796646118164, 2.5901291370391846, 2.591160535812378, 5.942278861999512, -3.4714741706848145, 0.17799441516399384, 1.0960726737976074, 1.5521382093429565, 5.86840295791626, -4.309027671813965, 3.01391339302063, 0.06852772831916809, 2.506986618041992, -0.728901743888855, -2.1854844093322754, 2.173261880874634, 1.512932538986206, -0.29371070861816406], [-0.27000707387924194, 1.0469509363174438, 3.8831796646118164, 24.42171287536621, 2.2074167728424072, 3.1352930068969727, 2.790201425552368, -4.598487854003906, -5.7589311599731445, 5.920966148376465, 11.44268798828125, -2.969177007675171, 3.840306043624878, 0.4648454189300537, 2.098090887069702, 3.5076301097869873, 0.6171455383300781, 3.376919984817505, 1.902224063873291, 0.20624780654907227, 3.1791720390319824], [6.719771385192871, -1.7374857664108276, 2.5901291370391846, 2.2074167728424072, 14.165477752685547, -1.898581862449646, 3.8264293670654297, 2.752549648284912, 1.87867271900177, -1.5248242616653442, 3.209956645965576, -0.6306130886077881, 2.2021751403808594, 4.701117038726807, 0.9814826250076294, 2.8165576457977295, 0.37488406896591187, -4.9383769035339355, 0.4925203323364258, 2.333308458328247, 2.998884439468384], [-1.2774981260299683, 0.8454856872558594, 2.591160535812378, 3.1352930068969727, -1.898581862449646, 20.788606643676758, -0.4151318371295929, 0.3148631155490875, 3.3434486389160156, 4.077632427215576, 1.117518424987793, -1.9344085454940796, -1.2849644422531128, 1.1073769330978394, 0.394779235124588, 0.16870376467704773, -5.114790916442871, 1.8206602334976196, -1.148712396621704, 3.230762481689453, -6.096258163452148], [-0.36302855610847473, -0.12205895781517029, 5.942278861999512, 2.790201425552368, 3.8264293670654297, -0.4151318371295929, 17.164592742919922, 1.3069629669189453, 1.3207478523254395, 2.4226698875427246, -1.31778883934021, 2.8823928833007812, 1.3696458339691162, 3.5553691387176514, 2.2095112800598145, 3.676267147064209, 3.1499111652374268, 2.1527528762817383, -1.581840991973877, 0.21080589294433594, -9.395404815673828], [3.8447015285491943, 0.12367570400238037, -3.4714741706848145, -4.598487854003906, 2.752549648284912, 0.3148631155490875, 1.3069629669189453, 18.581953048706055, 3.387047529220581, -0.4766814410686493, -2.536358594894409, -3.1599831581115723, 0.45804503560066223, -2.4772653579711914, 1.5845539569854736, 1.7105779647827148, 2.5829710960388184, -2.3959741592407227, 5.945059776306152, -3.28153133392334, -0.747553825378418], [1.6729165315628052, -1.513968586921692, 0.17799441516399384, -5.7589311599731445, 1.87867271900177, 3.3434486389160156, 1.3207478523254395, 3.387047529220581, 18.22679901123047, 2.7034800052642822, -5.105985641479492, 0.3950456380844116, 3.040844202041626, 2.487856864929199, 2.0442283153533936, 0.48375603556632996, 0.4731980562210083, -3.899280071258545, -0.8160954713821411, 3.8896970748901367, -9.597057342529297], [-4.454987525939941, 5.322000026702881, 1.0960726737976074, 5.920966148376465, -1.5248242616653442, 4.077632427215576, 2.4226698875427246, -0.4766814410686493, 2.7034800052642822, 18.923107147216797, -2.7324001789093018, -4.003612041473389, 2.3960344791412354, -3.2504119873046875, -3.082684278488159, 1.481152892112732, -0.4476114511489868, 4.50645637512207, 3.9723215103149414, 1.9069974422454834, -13.613837242126465], [5.118758201599121, 1.2824187278747559, 1.5521382093429565, 11.44268798828125, 3.209956645965576, 1.117518424987793, -1.31778883934021, -2.536358594894409, -5.105985641479492, -2.7324001789093018, 17.815961837768555, -1.7669256925582886, 2.5384862422943115, 2.125070571899414, 5.520216941833496, -1.6827101707458496, 2.055135488510132, -1.392464518547058, 2.5039420127868652, 5.280942440032959, 6.6988959312438965], [-0.511907160282135, -2.995405912399292, 5.86840295791626, -2.969177007675171, -0.6306130886077881, -1.9344085454940796, 2.8823928833007812, -3.1599831581115723, 0.3950456380844116, -4.003612041473389, -1.7669256925582886, 21.481069564819336, 3.4724061489105225, 4.4706807136535645, 0.24461711943149567, 2.901517629623413, -2.1909451484680176, -1.1812224388122559, -0.9644131064414978, -0.7143771648406982, 4.041224479675293], [0.6744855046272278, 3.9819164276123047, -4.309027671813965, 3.840306043624878, 2.2021751403808594, -1.2849644422531128, 1.3696458339691162, 0.45804503560066223, 3.040844202041626, 2.3960344791412354, 2.5384862422943115, 3.4724061489105225, 19.232749938964844, -2.4547536373138428, 3.0450382232666016, -0.7135449647903442, -5.3112287521362305, 2.6961164474487305, 1.8975622653961182, -1.9594449996948242, 5.076415061950684], [1.9662609100341797, 0.6213455200195312, 3.01391339302063, 0.4648454189300537, 4.701117038726807, 1.1073769330978394, 3.5553691387176514, -2.4772653579711914, 2.487856864929199, -3.2504119873046875, 2.125070571899414, 4.4706807136535645, -2.4547536373138428, 16.85140037536621, 1.980671763420105, 3.5034124851226807, 0.08664464950561523, 1.012941598892212, -5.562623977661133, 1.9531452655792236, -5.331908226013184], [1.0733000040054321, -1.890315294265747, 0.06852772831916809, 2.098090887069702, 0.9814826250076294, 0.394779235124588, 2.2095112800598145, 1.5845539569854736, 2.0442283153533936, -3.082684278488159, 5.520216941833496, 0.24461711943149567, 3.0450382232666016, 1.980671763420105, 17.869550704956055, -1.2380993366241455, 1.4825825691223145, -3.825721502304077, -0.8784171342849731, 1.12174654006958, -1.8282420635223389], [4.558001518249512, 1.9863853454589844, 2.506986618041992, 3.5076301097869873, 2.8165576457977295, 0.16870376467704773, 3.676267147064209, 1.7105779647827148, 0.48375603556632996, 1.481152892112732, -1.6827101707458496, 2.901517629623413, -0.7135449647903442, 3.5034124851226807, -1.2380993366241455, 11.274410247802734, 1.3209197521209717, 0.5633105039596558, 4.1592888832092285, -0.12058553099632263, -4.572537422180176], [1.0191069841384888, -1.450663447380066, -0.7289016246795654, 0.6171457171440125, 0.374883770942688, -5.114789962768555, 3.149911642074585, 2.5829720497131348, 0.47319790720939636, -0.4476115107536316, 2.0551352500915527, -2.1909446716308594, -5.311228275299072, 0.08664465695619583, 1.482582926750183, 1.3209198713302612, 22.573040008544922, 3.385551929473877, -1.855146050453186, 7.112501621246338, -4.5543036460876465], [2.1510908603668213, 8.556578636169434, -2.1854846477508545, 3.376919746398926, -4.9383769035339355, 1.8206597566604614, 2.1527528762817383, -2.39597487449646, -3.899280548095703, 4.5064568519592285, -1.3924646377563477, -1.1812222003936768, 2.696117401123047, 1.0129414796829224, -3.825721502304077, 0.5633102059364319, 3.385551929473877, 22.546689987182617, -2.5228524208068848, -2.0920488834381104, -3.7583742141723633], [2.416686534881592, 4.240588665008545, 2.173261880874634, 1.9022243022918701, 0.49252068996429443, -1.1487122774124146, -1.5818407535552979, 5.945059776306152, -0.8160957098007202, 3.972321033477783, 2.5039422512054443, -0.9644129872322083, 1.8975621461868286, -5.562623023986816, -0.878417432308197, 4.159287929534912, -1.855146050453186, -2.5228524208068848, 19.06039047241211, -4.034709930419922, -3.2419700622558594], [3.4991724491119385, 1.3993853330612183, 1.5129321813583374, 0.2062477171421051, 2.333307981491089, 3.230762481689453, 0.21080587804317474, -3.281531572341919, 3.889697313308716, 1.906997561454773, 5.280942916870117, -0.7143768668174744, -1.9594453573226929, 1.9531455039978027, 1.1217464208602905, -0.12058544903993607, 7.112501621246338, -2.0920488834381104, -4.034709930419922, 21.245119094848633, 0.2262037694454193], [1.7428221702575684, -3.288238048553467, -0.29371029138565063, 3.1791720390319824, 2.998884677886963, -6.096258640289307, -9.395403861999512, -0.7475533485412598, -9.59705638885498, -13.613835334777832, 6.698895454406738, 4.041224956512451, 5.076415538787842, -5.331907272338867, -1.828242540359497, -4.572537422180176, -4.554303169250488, -3.758373975753784, -3.2419700622558594, 0.22620296478271484, 47.48805236816406]], "type": "heatmap"}], "layout": {"template": {"data": {"histogram2dcontour": [{"type": "histogram2dcontour", "colorbar": {"outlinewidth": 0, "ticks": ""}, "colorscale": [[0.0, "#0d0887"], [0.1111111111111111, "#46039f"], [0.2222222222222222, "#7201a8"], [0.3333333333333333, "#9c179e"], [0.4444444444444444, "#bd3786"], [0.5555555555555556, "#d8576b"], [0.6666666666666666, "#ed7953"], [0.7777777777777778, "#fb9f3a"], [0.8888888888888888, "#fdca26"], [1.0, "#f0f921"]]}], "choropleth": [{"type": "choropleth", "colorbar": {"outlinewidth": 0, "ticks": ""}}], "histogram2d": [{"type": "histogram2d", "colorbar": {"outlinewidth": 0, "ticks": ""}, "colorscale": [[0.0, "#0d0887"], [0.1111111111111111, "#46039f"], [0.2222222222222222, "#7201a8"], [0.3333333333333333, "#9c179e"], [0.4444444444444444, "#bd3786"], [0.5555555555555556, "#d8576b"], [0.6666666666666666, "#ed7953"], [0.7777777777777778, "#fb9f3a"], [0.8888888888888888, "#fdca26"], [1.0, "#f0f921"]]}], "heatmap": [{"type": "heatmap", "colorbar": {"outlinewidth": 0, "ticks": ""}, "colorscale": [[0.0, "#0d0887"], [0.1111111111111111, "#46039f"], [0.2222222222222222, "#7201a8"], [0.3333333333333333, "#9c179e"], [0.4444444444444444, "#bd3786"], [0.5555555555555556, "#d8576b"], [0.6666666666666666, "#ed7953"], [0.7777777777777778, "#fb9f3a"], [0.8888888888888888, "#fdca26"], [1.0, "#f0f921"]]}], "heatmapgl": [{"type": "heatmapgl", "colorbar": {"outlinewidth": 0, "ticks": ""}, "colorscale": [[0.0, "#0d0887"], [0.1111111111111111, "#46039f"], [0.2222222222222222, "#7201a8"], [0.3333333333333333, "#9c179e"], [0.4444444444444444, "#bd3786"], [0.5555555555555556, "#d8576b"], [0.6666666666666666, "#ed7953"], [0.7777777777777778, "#fb9f3a"], [0.8888888888888888, "#fdca26"], [1.0, "#f0f921"]]}], "contourcarpet": [{"type": "contourcarpet", "colorbar": {"outlinewidth": 0, "ticks": ""}}], "contour": [{"type": "contour", "colorbar": {"outlinewidth": 0, "ticks": ""}, "colorscale": [[0.0, "#0d0887"], [0.1111111111111111, "#46039f"], [0.2222222222222222, "#7201a8"], [0.3333333333333333, "#9c179e"], [0.4444444444444444, "#bd3786"], [0.5555555555555556, "#d8576b"], [0.6666666666666666, "#ed7953"], [0.7777777777777778, "#fb9f3a"], [0.8888888888888888, "#fdca26"], [1.0, "#f0f921"]]}], "surface": [{"type": "surface", "colorbar": {"outlinewidth": 0, "ticks": ""}, "colorscale": [[0.0, "#0d0887"], [0.1111111111111111, "#46039f"], [0.2222222222222222, "#7201a8"], [0.3333333333333333, "#9c179e"], [0.4444444444444444, "#bd3786"], [0.5555555555555556, "#d8576b"], [0.6666666666666666, "#ed7953"], [0.7777777777777778, "#fb9f3a"], [0.8888888888888888, "#fdca26"], [1.0, "#f0f921"]]}], "mesh3d": [{"type": "mesh3d", "colorbar": {"outlinewidth": 0, "ticks": ""}}], "scatter": [{"fillpattern": {"fillmode": "overlay", "size": 10, "solidity": 0.2}, "type": "scatter"}], "parcoords": [{"type": "parcoords", "line": {"colorbar": {"outlinewidth": 0, "ticks": ""}}}], "scatterpolargl": [{"type": "scatterpolargl", "marker": {"colorbar": {"outlinewidth": 0, "ticks": ""}}}], "bar": [{"error_x": {"color": "#2a3f5f"}, "error_y": {"color": "#2a3f5f"}, "marker": {"line": {"color": "#E5ECF6", "width": 0.5}, "pattern": {"fillmode": "overlay", "size": 10, "solidity": 0.2}}, "type": "bar"}], "scattergeo": [{"type": "scattergeo", "marker": {"colorbar": {"outlinewidth": 0, "ticks": ""}}}], "scatterpolar": [{"type": "scatterpolar", "marker": {"colorbar": {"outlinewidth": 0, "ticks": ""}}}], "histogram": [{"marker": {"pattern": {"fillmode": "overlay", "size": 10, "solidity": 0.2}}, "type": "histogram"}], "scattergl": [{"type": "scattergl", "marker": {"colorbar": {"outlinewidth": 0, "ticks": ""}}}], "scatter3d": [{"type": "scatter3d", "line": {"colorbar": {"outlinewidth": 0, "ticks": ""}}, "marker": {"colorbar": {"outlinewidth": 0, "ticks": ""}}}], "scattermapbox": [{"type": "scattermapbox", "marker": {"colorbar": {"outlinewidth": 0, "ticks": ""}}}], "scatterternary": [{"type": "scatterternary", "marker": {"colorbar": {"outlinewidth": 0, "ticks": ""}}}], "scattercarpet": [{"type": "scattercarpet", "marker": {"colorbar": {"outlinewidth": 0, "ticks": ""}}}], "carpet": [{"aaxis": {"endlinecolor": "#2a3f5f", "gridcolor": "white", "linecolor": "white", "minorgridcolor": "white", "startlinecolor": "#2a3f5f"}, "baxis": {"endlinecolor": "#2a3f5f", "gridcolor": "white", "linecolor": "white", "minorgridcolor": "white", "startlinecolor": "#2a3f5f"}, "type": "carpet"}], "table": [{"cells": {"fill": {"color": "#EBF0F8"}, "line": {"color": "white"}}, "header": {"fill": {"color": "#C8D4E3"}, "line": {"color": "white"}}, "type": "table"}], "barpolar": [{"marker": {"line": {"color": "#E5ECF6", "width": 0.5}, "pattern": {"fillmode": "overlay", "size": 10, "solidity": 0.2}}, "type": "barpolar"}], "pie": [{"automargin": true, "type": "pie"}]}, "layout": {"autotypenumbers": "strict", "colorway": ["#636efa", "#EF553B", "#00cc96", "#ab63fa", "#FFA15A", "#19d3f3", "#FF6692", "#B6E880", "#FF97FF", "#FECB52"], "font": {"color": "#2a3f5f"}, "hovermode": "closest", "hoverlabel": {"align": "left"}, "paper_bgcolor": "white", "plot_bgcolor": "#E5ECF6", "polar": {"bgcolor": "#E5ECF6", "angularaxis": {"gridcolor": "white", "linecolor": "white", "ticks": ""}, "radialaxis": {"gridcolor": "white", "linecolor": "white", "ticks": ""}}, "ternary": {"bgcolor": "#E5ECF6", "aaxis": {"gridcolor": "white", "linecolor": "white", "ticks": ""}, "baxis": {"gridcolor": "white", "linecolor": "white", "ticks": ""}, "caxis": {"gridcolor": "white", "linecolor": "white", "ticks": ""}}, "coloraxis": {"colorbar": {"outlinewidth": 0, "ticks": ""}}, "colorscale": {"sequential": [[0.0, "#0d0887"], [0.1111111111111111, "#46039f"], [0.2222222222222222, "#7201a8"], [0.3333333333333333, "#9c179e"], [0.4444444444444444, "#bd3786"], [0.5555555555555556, "#d8576b"], [0.6666666666666666, "#ed7953"], [0.7777777777777778, "#fb9f3a"], [0.8888888888888888, "#fdca26"], [1.0, "#f0f921"]], "sequentialminus": [[0.0, "#0d0887"], [0.1111111111111111, "#46039f"], [0.2222222222222222, "#7201a8"], [0.3333333333333333, "#9c179e"], [0.4444444444444444, "#bd3786"], [0.5555555555555556, "#d8576b"], [0.6666666666666666, "#ed7953"], [0.7777777777777778, "#fb9f3a"], [0.8888888888888888, "#fdca26"], [1.0, "#f0f921"]], "diverging": [[0, "#8e0152"], [0.1, "#c51b7d"], [0.2, "#de77ae"], [0.3, "#f1b6da"], [0.4, "#fde0ef"], [0.5, "#f7f7f7"], [0.6, "#e6f5d0"], [0.7, "#b8e186"], [0.8, "#7fbc41"], [0.9, "#4d9221"], [1, "#276419"]]}, "xaxis": {"gridcolor": "white", "linecolor": "white", "ticks": "", "title": {"standoff": 15}, "zerolinecolor": "white", "automargin": true, "zerolinewidth": 2}, "yaxis": {"gridcolor": "white", "linecolor": "white", "ticks": "", "title": {"standoff": 15}, "zerolinecolor": "white", "automargin": true, "zerolinewidth": 2}, "scene": {"xaxis": {"backgroundcolor": "#E5ECF6", "gridcolor": "white", "linecolor": "white", "showbackground": true, "ticks": "", "zerolinecolor": "white", "gridwidth": 2}, "yaxis": {"backgroundcolor": "#E5ECF6", "gridcolor": "white", "linecolor": "white", "showbackground": true, "ticks": "", "zerolinecolor": "white", "gridwidth": 2}, "zaxis": {"backgroundcolor": "#E5ECF6", "gridcolor": "white", "linecolor": "white", "showbackground": true, "ticks": "", "zerolinecolor": "white", "gridwidth": 2}}, "shapedefaults": {"line": {"color": "#2a3f5f"}}, "annotationdefaults": {"arrowcolor": "#2a3f5f", "arrowhead": 0, "arrowwidth": 1}, "geo": {"bgcolor": "white", "landcolor": "#E5ECF6", "subunitcolor": "white", "showland": true, "showlakes": true, "lakecolor": "white"}, "title": {"x": 0.05}, "mapbox": {"style": "light"}}}}}