{"data": [{"z": [[24.35958480834961, 1.765321135520935, 0.9954928755760193, -0.49033287167549133, 6.890031814575195, -1.3984516859054565, -0.5953932404518127, 3.688208818435669, 1.6170339584350586, -4.987985610961914, 5.294339179992676, -0.7315294742584229, 0.6378916501998901, 1.7579810619354248, 0.9671209454536438, 4.5988335609436035, 0.9094592332839966, 2.0520131587982178, 2.4852113723754883, 3.5375614166259766, 1.9013195037841797], [1.765321135520935, 17.15912437438965, -2.0032799243927, 0.7002411484718323, -1.886885166168213, 0.5588159561157227, -0.12530574202537537, -0.2586210072040558, -1.627462387084961, 5.264490604400635, 1.104721188545227, -3.203662157058716, 4.061964511871338, 0.42693886160850525, -2.1257030963897705, 1.7907685041427612, -1.624720573425293, 8.753597259521484, 4.326185703277588, 1.3413119316101074, -3.25813627243042], [0.9954928755760193, -2.0032799243927, 22.349586486816406, 4.020081520080566, 2.713684320449829, 2.690476655960083, 6.099146842956543, -3.7131896018981934, 0.10449285805225372, 1.0319017171859741, 1.5094572305679321, 5.841592311859131, -4.435404300689697, 2.9950973987579346, -0.006503578275442123, 2.509871244430542, -0.8416085243225098, -2.265928030014038, 2.1632344722747803, 1.5006506443023682, -0.3236069679260254], [-0.49033287167549133, 0.7002411484718323, 4.020081520080566, 24.85528564453125, 2.2398059368133545, 2.9617276191711426, 2.650609016418457, -4.950528621673584, -6.193202018737793, 5.726481914520264, 11.783012390136719, -3.3835887908935547, 3.6312484741210938, 0.21041609346866608, 1.9575469493865967, 3.5129928588867188, 0.5209674835205078, 3.3707149028778076, 1.7031197547912598, -0.054154276847839355, 3.3697564601898193], [6.890031814575195, -1.886885166168213, 2.713684320449829, 2.2398059368133545, 14.368664741516113, -1.9691922664642334, 3.8245675563812256, 2.7594571113586426, 1.829453468322754, -1.8570393323898315, 3.4257755279541016, -0.771735668182373, 2.1246883869171143, 4.715173721313477, 0.8704156875610352, 2.8602466583251953, 0.2858448624610901, -5.205664157867432, 0.37709081172943115, 2.3737709522247314, 3.15362286567688], [-1.3984516859054565, 0.5588159561157227, 2.690476655960083, 2.9617276191711426, -1.9691922664642334, 21.328231811523438, -0.5475636124610901, 0.03734323009848595, 3.3828041553497314, 3.94144606590271, 1.0558940172195435, -2.289072036743164, -1.5097249746322632, 1.0384012460708618, 0.25724709033966064, 0.0742015540599823, -5.352462291717529, 1.8600084781646729, -1.517220377922058, 3.2901360988616943, -6.135173797607422], [-0.5953932404518127, -0.12530574202537537, 6.099146842956543, 2.650609016418457, 3.8245675563812256, -0.5475636124610901, 17.5561580657959, 1.2276265621185303, 1.230277419090271, 2.3832526206970215, -1.4877023696899414, 2.7881951332092285, 1.5288118124008179, 3.4333653450012207, 2.172987222671509, 3.66249418258667, 3.0497822761535645, 2.262814521789551, -1.7123517990112305, 0.06297004222869873, -9.479105949401855], [3.688208818435669, -0.2586210072040558, -3.7131896018981934, -4.950528621673584, 2.7594571113586426, 0.03734323009848595, 1.2276265621185303, 18.733671188354492, 3.2774038314819336, -0.8474540114402771, -2.602447748184204, -3.4871985912323, 0.3468717932701111, -2.820207118988037, 1.438188076019287, 1.6402796506881714, 2.5419116020202637, -2.599642753601074, 6.029622554779053, -3.658919095993042, -0.5682024359703064], [1.6170339584350586, -1.627462387084961, 0.10449285805225372, -6.193202018737793, 1.829453468322754, 3.3828041553497314, 1.230277419090271, 3.2774038314819336, 18.71079444885254, 2.552034854888916, -5.515102386474609, 0.15067653357982635, 3.095505714416504, 2.59427809715271, 1.8825440406799316, 0.3791922926902771, 0.4537910223007202, -3.964339256286621, -0.9647300243377686, 4.103575706481934, -9.615817070007324], [-4.987985610961914, 5.264490604400635, 1.0319017171859741, 5.726481914520264, -1.8570393323898315, 3.94144606590271, 2.3832526206970215, -0.8474540114402771, 2.552034854888916, 19.22493553161621, -3.1669046878814697, -4.38397216796875, 2.345747947692871, -3.510338306427002, -3.443932294845581, 1.2123684883117676, -0.5163085460662842, 4.5768327713012695, 3.8676862716674805, 1.8841838836669922, -13.640573501586914], [5.294339179992676, 1.104721188545227, 1.5094572305679321, 11.783012390136719, 3.4257755279541016, 1.0558940172195435, -1.4877023696899414, -2.602447748184204, -5.515102386474609, -3.1669046878814697, 18.357154846191406, -1.9735592603683472, 2.472010374069214, 2.048847198486328, 5.579101085662842, -1.758827567100525, 2.0116536617279053, -1.6591801643371582, 2.6204609870910645, 5.270940780639648, 6.984953880310059], [-0.7315294742584229, -3.203662157058716, 5.841592311859131, -3.3835887908935547, -0.771735668182373, -2.289072036743164, 2.7881951332092285, -3.4871985912323, 0.15067653357982635, -4.38397216796875, -1.9735592603683472, 21.936466217041016, 3.4936516284942627, 4.288527488708496, -0.11488980799913406, 2.8673815727233887, -2.418148994445801, -1.2679095268249512, -1.1192693710327148, -0.9741771221160889, 4.440588474273682], [0.6378916501998901, 4.061964511871338, -4.435404300689697, 3.6312484741210938, 2.1246883869171143, -1.5097249746322632, 1.5288118124008179, 0.3468717932701111, 3.095505714416504, 2.345747947692871, 2.472010374069214, 3.4936516284942627, 19.949739456176758, -2.7868897914886475, 3.045361280441284, -0.9182018041610718, -5.642274856567383, 2.89313006401062, 1.9859838485717773, -2.174461841583252, 5.077695369720459], [1.7579810619354248, 0.42693886160850525, 2.9950973987579346, 0.21041609346866608, 4.715173721313477, 1.0384012460708618, 3.4333653450012207, -2.820207118988037, 2.59427809715271, -3.510338306427002, 2.048847198486328, 4.288527488708496, -2.7868897914886475, 17.30852508544922, 1.9234907627105713, 3.504293918609619, -0.03718149662017822, 0.9928377866744995, -6.001822471618652, 1.8484909534454346, -5.453737735748291], [0.9671209454536438, -2.1257030963897705, -0.006503578275442123, 1.9575469493865967, 0.8704156875610352, 0.25724709033966064, 2.172987222671509, 1.438188076019287, 1.8825440406799316, -3.443932294845581, 5.579101085662842, -0.11488980799913406, 3.045361280441284, 1.9234907627105713, 18.12006950378418, -1.4335049390792847, 1.4224332571029663, -3.9705259799957275, -0.9772375822067261, 0.975346565246582, -1.752831220626831], [4.5988335609436035, 1.7907685041427612, 2.509871244430542, 3.5129928588867188, 2.8602466583251953, 0.0742015540599823, 3.66249418258667, 1.6402796506881714, 0.3791922926902771, 1.2123684883117676, -1.758827567100525, 2.8673815727233887, -0.9182018041610718, 3.504293918609619, -1.4335049390792847, 11.494026184082031, 1.2289584875106812, 0.3800047039985657, 4.205757141113281, -0.2659236192703247, -4.451998710632324], [0.9094594120979309, -1.624720811843872, -0.841608464717865, 0.5209676027297974, 0.2858451008796692, -5.352463245391846, 3.0497827529907227, 2.5419116020202637, 0.45379114151000977, -0.5163081288337708, 2.0116539001464844, -2.418149709701538, -5.642274379730225, -0.03718160092830658, 1.4224337339401245, 1.228958249092102, 22.958457946777344, 3.444427967071533, -2.01519513130188, 7.228726387023926, -4.530109405517578], [2.052013635635376, 8.7535982131958, -2.265928268432617, 3.3707146644592285, -5.205663681030273, 1.8600082397460938, 2.262814521789551, -2.599642276763916, -3.9643394947052, 4.576832294464111, -1.6591798067092896, -1.2679095268249512, 2.893129825592041, 0.9928380846977234, -3.9705257415771484, 0.3800046443939209, 3.444427967071533, 23.106094360351562, -2.6836047172546387, -2.1742923259735107, -3.744727611541748], [2.4852118492126465, 4.326186656951904, 2.1632344722747803, 1.7031201124191284, 0.3770914375782013, -1.517220377922058, -1.71235191822052, 6.029623985290527, -0.9647297263145447, 3.8676860332489014, 2.6204609870910645, -1.1192691326141357, 1.9859840869903564, -6.001821517944336, -0.977237343788147, 4.205757141113281, -2.01519513130188, -2.6836047172546387, 19.633338928222656, -4.309512615203857, -3.2168259620666504], [3.5375616550445557, 1.3413118124008179, 1.5006506443023682, -0.054154172539711, 2.373770236968994, 3.2901360988616943, 0.06296984851360321, -3.658919095993042, 4.103575706481934, 1.884183645248413, 5.270940780639648, -0.974176824092865, -2.174461841583252, 1.8484907150268555, 0.9753472208976746, -0.2659236788749695, 7.228726387023926, -2.1742923259735107, -4.309512615203857, 21.783864974975586, 0.15531903505325317], [1.9013192653656006, -3.25813627243042, -0.32360726594924927, 3.3697562217712402, 3.1536223888397217, -6.1351728439331055, -9.479106903076172, -0.568202018737793, -9.615816116333008, -13.640573501586914, 6.984952926635742, 4.440587997436523, 5.077695846557617, -5.453738212585449, -1.7528307437896729, -4.451997756958008, -4.53010892868042, -3.74472713470459, -3.2168262004852295, 0.1553194522857666, 47.48805236816406]], "type": "heatmap"}], "layout": {"template": {"data": {"histogram2dcontour": [{"type": "histogram2dcontour", "colorbar": {"outlinewidth": 0, "ticks": ""}, "colorscale": [[0.0, "#0d0887"], [0.1111111111111111, "#46039f"], [0.2222222222222222, "#7201a8"], [0.3333333333333333, "#9c179e"], [0.4444444444444444, "#bd3786"], [0.5555555555555556, "#d8576b"], [0.6666666666666666, "#ed7953"], [0.7777777777777778, "#fb9f3a"], [0.8888888888888888, "#fdca26"], [1.0, "#f0f921"]]}], "choropleth": [{"type": "choropleth", "colorbar": {"outlinewidth": 0, "ticks": ""}}], "histogram2d": [{"type": "histogram2d", "colorbar": {"outlinewidth": 0, "ticks": ""}, "colorscale": [[0.0, "#0d0887"], [0.1111111111111111, "#46039f"], [0.2222222222222222, "#7201a8"], [0.3333333333333333, "#9c179e"], [0.4444444444444444, "#bd3786"], [0.5555555555555556, "#d8576b"], [0.6666666666666666, "#ed7953"], [0.7777777777777778, "#fb9f3a"], [0.8888888888888888, "#fdca26"], [1.0, "#f0f921"]]}], "heatmap": [{"type": "heatmap", "colorbar": {"outlinewidth": 0, "ticks": ""}, "colorscale": [[0.0, "#0d0887"], [0.1111111111111111, "#46039f"], [0.2222222222222222, "#7201a8"], [0.3333333333333333, "#9c179e"], [0.4444444444444444, "#bd3786"], [0.5555555555555556, "#d8576b"], [0.6666666666666666, "#ed7953"], [0.7777777777777778, "#fb9f3a"], [0.8888888888888888, "#fdca26"], [1.0, "#f0f921"]]}], "heatmapgl": [{"type": "heatmapgl", "colorbar": {"outlinewidth": 0, "ticks": ""}, "colorscale": [[0.0, "#0d0887"], [0.1111111111111111, "#46039f"], [0.2222222222222222, "#7201a8"], [0.3333333333333333, "#9c179e"], [0.4444444444444444, "#bd3786"], [0.5555555555555556, "#d8576b"], [0.6666666666666666, "#ed7953"], [0.7777777777777778, "#fb9f3a"], [0.8888888888888888, "#fdca26"], [1.0, "#f0f921"]]}], "contourcarpet": [{"type": "contourcarpet", "colorbar": {"outlinewidth": 0, "ticks": ""}}], "contour": [{"type": "contour", "colorbar": {"outlinewidth": 0, "ticks": ""}, "colorscale": [[0.0, "#0d0887"], [0.1111111111111111, "#46039f"], [0.2222222222222222, "#7201a8"], [0.3333333333333333, "#9c179e"], [0.4444444444444444, "#bd3786"], [0.5555555555555556, "#d8576b"], [0.6666666666666666, "#ed7953"], [0.7777777777777778, "#fb9f3a"], [0.8888888888888888, "#fdca26"], [1.0, "#f0f921"]]}], "surface": [{"type": "surface", "colorbar": {"outlinewidth": 0, "ticks": ""}, "colorscale": [[0.0, "#0d0887"], [0.1111111111111111, "#46039f"], [0.2222222222222222, "#7201a8"], [0.3333333333333333, "#9c179e"], [0.4444444444444444, "#bd3786"], [0.5555555555555556, "#d8576b"], [0.6666666666666666, "#ed7953"], [0.7777777777777778, "#fb9f3a"], [0.8888888888888888, "#fdca26"], [1.0, "#f0f921"]]}], "mesh3d": [{"type": "mesh3d", "colorbar": {"outlinewidth": 0, "ticks": ""}}], "scatter": [{"fillpattern": {"fillmode": "overlay", "size": 10, "solidity": 0.2}, "type": "scatter"}], "parcoords": [{"type": "parcoords", "line": {"colorbar": {"outlinewidth": 0, "ticks": ""}}}], "scatterpolargl": [{"type": "scatterpolargl", "marker": {"colorbar": {"outlinewidth": 0, "ticks": ""}}}], "bar": [{"error_x": {"color": "#2a3f5f"}, "error_y": {"color": "#2a3f5f"}, "marker": {"line": {"color": "#E5ECF6", "width": 0.5}, "pattern": {"fillmode": "overlay", "size": 10, "solidity": 0.2}}, "type": "bar"}], "scattergeo": [{"type": "scattergeo", "marker": {"colorbar": {"outlinewidth": 0, "ticks": ""}}}], "scatterpolar": [{"type": "scatterpolar", "marker": {"colorbar": {"outlinewidth": 0, "ticks": ""}}}], "histogram": [{"marker": {"pattern": {"fillmode": "overlay", "size": 10, "solidity": 0.2}}, "type": "histogram"}], "scattergl": [{"type": "scattergl", "marker": {"colorbar": {"outlinewidth": 0, "ticks": ""}}}], "scatter3d": [{"type": "scatter3d", "line": {"colorbar": {"outlinewidth": 0, "ticks": ""}}, "marker": {"colorbar": {"outlinewidth": 0, "ticks": ""}}}], "scattermapbox": [{"type": "scattermapbox", "marker": {"colorbar": {"outlinewidth": 0, "ticks": ""}}}], "scatterternary": [{"type": "scatterternary", "marker": {"colorbar": {"outlinewidth": 0, "ticks": ""}}}], "scattercarpet": [{"type": "scattercarpet", "marker": {"colorbar": {"outlinewidth": 0, "ticks": ""}}}], "carpet": [{"aaxis": {"endlinecolor": "#2a3f5f", "gridcolor": "white", "linecolor": "white", "minorgridcolor": "white", "startlinecolor": "#2a3f5f"}, "baxis": {"endlinecolor": "#2a3f5f", "gridcolor": "white", "linecolor": "white", "minorgridcolor": "white", "startlinecolor": "#2a3f5f"}, "type": "carpet"}], "table": [{"cells": {"fill": {"color": "#EBF0F8"}, "line": {"color": "white"}}, "header": {"fill": {"color": "#C8D4E3"}, "line": {"color": "white"}}, "type": "table"}], "barpolar": [{"marker": {"line": {"color": "#E5ECF6", "width": 0.5}, "pattern": {"fillmode": "overlay", "size": 10, "solidity": 0.2}}, "type": "barpolar"}], "pie": [{"automargin": true, "type": "pie"}]}, "layout": {"autotypenumbers": "strict", "colorway": ["#636efa", "#EF553B", "#00cc96", "#ab63fa", "#FFA15A", "#19d3f3", "#FF6692", "#B6E880", "#FF97FF", "#FECB52"], "font": {"color": "#2a3f5f"}, "hovermode": "closest", "hoverlabel": {"align": "left"}, "paper_bgcolor": "white", "plot_bgcolor": "#E5ECF6", "polar": {"bgcolor": "#E5ECF6", "angularaxis": {"gridcolor": "white", "linecolor": "white", "ticks": ""}, "radialaxis": {"gridcolor": "white", "linecolor": "white", "ticks": ""}}, "ternary": {"bgcolor": "#E5ECF6", "aaxis": {"gridcolor": "white", "linecolor": "white", "ticks": ""}, "baxis": {"gridcolor": "white", "linecolor": "white", "ticks": ""}, "caxis": {"gridcolor": "white", "linecolor": "white", "ticks": ""}}, "coloraxis": {"colorbar": {"outlinewidth": 0, "ticks": ""}}, "colorscale": {"sequential": [[0.0, "#0d0887"], [0.1111111111111111, "#46039f"], [0.2222222222222222, "#7201a8"], [0.3333333333333333, "#9c179e"], [0.4444444444444444, "#bd3786"], [0.5555555555555556, "#d8576b"], [0.6666666666666666, "#ed7953"], [0.7777777777777778, "#fb9f3a"], [0.8888888888888888, "#fdca26"], [1.0, "#f0f921"]], "sequentialminus": [[0.0, "#0d0887"], [0.1111111111111111, "#46039f"], [0.2222222222222222, "#7201a8"], [0.3333333333333333, "#9c179e"], [0.4444444444444444, "#bd3786"], [0.5555555555555556, "#d8576b"], [0.6666666666666666, "#ed7953"], [0.7777777777777778, "#fb9f3a"], [0.8888888888888888, "#fdca26"], [1.0, "#f0f921"]], "diverging": [[0, "#8e0152"], [0.1, "#c51b7d"], [0.2, "#de77ae"], [0.3, "#f1b6da"], [0.4, "#fde0ef"], [0.5, "#f7f7f7"], [0.6, "#e6f5d0"], [0.7, "#b8e186"], [0.8, "#7fbc41"], [0.9, "#4d9221"], [1, "#276419"]]}, "xaxis": {"gridcolor": "white", "linecolor": "white", "ticks": "", "title": {"standoff": 15}, "zerolinecolor": "white", "automargin": true, "zerolinewidth": 2}, "yaxis": {"gridcolor": "white", "linecolor": "white", "ticks": "", "title": {"standoff": 15}, "zerolinecolor": "white", "automargin": true, "zerolinewidth": 2}, "scene": {"xaxis": {"backgroundcolor": "#E5ECF6", "gridcolor": "white", "linecolor": "white", "showbackground": true, "ticks": "", "zerolinecolor": "white", "gridwidth": 2}, "yaxis": {"backgroundcolor": "#E5ECF6", "gridcolor": "white", "linecolor": "white", "showbackground": true, "ticks": "", "zerolinecolor": "white", "gridwidth": 2}, "zaxis": {"backgroundcolor": "#E5ECF6", "gridcolor": "white", "linecolor": "white", "showbackground": true, "ticks": "", "zerolinecolor": "white", "gridwidth": 2}}, "shapedefaults": {"line": {"color": "#2a3f5f"}}, "annotationdefaults": {"arrowcolor": "#2a3f5f", "arrowhead": 0, "arrowwidth": 1}, "geo": {"bgcolor": "white", "landcolor": "#E5ECF6", "subunitcolor": "white", "showland": true, "showlakes": true, "lakecolor": "white"}, "title": {"x": 0.05}, "mapbox": {"style": "light"}}}}}