{"data": [{"z": [[27.447364807128906, 0.9482486248016357, 0.6871091723442078, -1.527826189994812, 7.492522239685059, -2.5380373001098633, -2.009709358215332, 3.099025249481201, 1.2008723020553589, -7.1476545333862305, 5.5542168617248535, -1.7141815423965454, -0.011818316765129566, 0.5741672515869141, 0.23010730743408203, 4.439013957977295, 0.14373934268951416, 1.3486636877059937, 2.667257070541382, 3.2645504474639893, 2.737724781036377], [0.9482486248016357, 18.509483337402344, -2.4422359466552734, -0.35248661041259766, -2.7056915760040283, -0.41117334365844727, -0.42017728090286255, -1.5071651935577393, -2.348133087158203, 4.978333950042725, 0.16967126727104187, -3.6439425945281982, 4.1909894943237305, -0.3540137708187103, -3.1172893047332764, 0.9710682034492493, -2.15316104888916, 9.448502540588379, 4.717756271362305, 1.1722577810287476, -2.9120519161224365], [0.6871091723442078, -2.4422359466552734, 24.65103530883789, 4.409636974334717, 2.9230570793151855, 2.760334014892578, 6.181586265563965, -5.264644622802734, -0.9199370741844177, 0.5321018099784851, 1.1884969472885132, 5.244717597961426, -5.4350457191467285, 2.731626272201538, -0.8164618611335754, 2.0335264205932617, -1.4974168539047241, -2.9043869972229004, 1.8630695343017578, 1.2796838283538818, -0.06755685806274414], [-1.527826189994812, -0.35248661041259766, 4.409636974334717, 26.941205978393555, 2.2272133827209473, 2.0496628284454346, 2.1646666526794434, -6.202134132385254, -8.424612045288086, 5.245351791381836, 12.944674491882324, -4.690768718719482, 2.819671869277954, -0.48732995986938477, 1.5501474142074585, 3.4037022590637207, 0.3457343578338623, 3.348719835281372, 1.1723322868347168, -1.2376047372817993, 4.144268035888672], [7.492522239685059, -2.7056915760040283, 2.9230570793151855, 2.2272133827209473, 15.676549911499023, -2.7301080226898193, 3.7933387756347656, 2.3416452407836914, 1.3384169340133667, -3.342634439468384, 4.199703693389893, -1.5342433452606201, 1.7192741632461548, 4.693723201751709, 0.5443713068962097, 2.971583366394043, -0.3545946180820465, -6.600042343139648, 0.02866506576538086, 2.2418456077575684, 3.664181709289551], [-2.5380373001098633, -0.41117334365844727, 2.760334014892578, 2.0496628284454346, -2.7301080226898193, 24.003284454345703, -1.2228604555130005, -1.1595596075057983, 3.7204103469848633, 3.610867738723755, 0.06476925313472748, -3.6722488403320312, -3.1578776836395264, 0.9366582632064819, -0.19095733761787415, -0.36720654368400574, -6.262572765350342, 1.6944884061813354, -3.4044089317321777, 3.103762149810791, -6.241157531738281], [-2.009709358215332, -0.42017728090286255, 6.181586265563965, 2.1646666526794434, 3.7933387756347656, -1.2228604555130005, 19.49077796936035, 0.5405185222625732, 0.6107130646705627, 2.1771793365478516, -2.2529304027557373, 2.076036214828491, 1.676216721534729, 3.0514719486236572, 1.8257032632827759, 3.442739248275757, 2.663987159729004, 2.9003005027770996, -2.8072261810302734, -0.8900296688079834, -9.876376152038574], [3.099025249481201, -1.5071651935577393, -5.264644622802734, -6.202134132385254, 2.3416452407836914, -1.1595596075057983, 0.5405185222625732, 20.166385650634766, 2.757472515106201, -2.1570396423339844, -3.2619400024414062, -4.040258407592773, -0.272702693939209, -3.634134531021118, 1.3987914323806763, 1.137071132659912, 2.3767142295837402, -3.5682215690612793, 6.232456207275391, -5.194721221923828, 0.20721805095672607], [1.2008723020553589, -2.348133087158203, -0.9199370741844177, -8.424612045288086, 1.3384169340133667, 3.7204103469848633, 0.6107130646705627, 2.757472515106201, 21.69654083251953, 2.0334689617156982, -7.664933204650879, -0.7485905885696411, 2.9483096599578857, 2.8780386447906494, 1.1373165845870972, -0.1431294083595276, 0.1786816120147705, -4.568271160125732, -2.0574960708618164, 4.631760597229004, -9.9093599319458], [-7.1476545333862305, 4.978333950042725, 0.5321018099784851, 5.245351791381836, -3.342634439468384, 3.610867738723755, 2.1771793365478516, -2.1570396423339844, 2.0334689617156982, 20.882734298706055, -5.0161213874816895, -5.939548492431641, 1.9754509925842285, -3.9588310718536377, -4.59031343460083, 0.18386748433113098, -0.4028308391571045, 4.730746746063232, 3.304081678390503, 1.515089988708496, -14.10720443725586], [5.5542168617248535, 0.16967126727104187, 1.1884969472885132, 12.944674491882324, 4.199703693389893, 0.06476925313472748, -2.2529304027557373, -3.2619400024414062, -7.664933204650879, -5.0161213874816895, 20.82358169555664, -2.887572765350342, 2.0584311485290527, 1.670133352279663, 5.464990139007568, -2.4712135791778564, 1.8230570554733276, -2.9553842544555664, 3.063796281814575, 4.984653472900391, 8.00886344909668], [-1.7141815423965454, -3.6439425945281982, 5.244717597961426, -4.690768718719482, -1.5342433452606201, -3.6722488403320312, 2.076036214828491, -4.040258407592773, -0.7485905885696411, -5.939548492431641, -2.887572765350342, 24.89105987548828, 3.816211700439453, 3.8321151733398438, -1.0391179323196411, 2.7638497352600098, -3.320528745651245, -1.724677562713623, -1.6455655097961426, -1.755007266998291, 6.114109039306641], [-0.011818316765129566, 4.1909894943237305, -5.4350457191467285, 2.819671869277954, 1.7192741632461548, -3.1578776836395264, 1.676216721534729, -0.272702693939209, 2.9483096599578857, 1.9754509925842285, 2.0584311485290527, 3.816211700439453, 23.326171875, -4.197144985198975, 2.6098227500915527, -1.8793281316757202, -6.974303245544434, 3.6430819034576416, 1.9578988552093506, -3.0137081146240234, 5.672158718109131], [0.5741672515869141, -0.3540137708187103, 2.731626272201538, -0.48732995986938477, 4.693723201751709, 0.9366582632064819, 3.0514719486236572, -3.634134531021118, 2.8780386447906494, -3.9588310718536377, 1.670133352279663, 3.8321151733398438, -4.197144985198975, 19.335777282714844, 1.8086830377578735, 3.7301034927368164, -0.13828063011169434, 0.6776187419891357, -7.695713520050049, 0.9232094287872314, -5.805107116699219], [0.23010730743408203, -3.1172893047332764, -0.8164618611335754, 1.5501474142074585, 0.5443713068962097, -0.19095733761787415, 1.8257032632827759, 1.3987914323806763, 1.1373165845870972, -4.59031343460083, 5.464990139007568, -1.0391179323196411, 2.6098227500915527, 1.8086830377578735, 19.528352737426758, -2.1828320026397705, 1.1858267784118652, -4.967523097991943, -1.3871212005615234, 0.017188072204589844, -1.2987383604049683], [4.439013957977295, 0.9710682034492493, 2.0335264205932617, 3.4037022590637207, 2.971583366394043, -0.36720654368400574, 3.442739248275757, 1.137071132659912, -0.1431294083595276, 0.18386748433113098, -2.4712135791778564, 2.7638497352600098, -1.8793281316757202, 3.7301034927368164, -2.1828320026397705, 12.21221923828125, 0.8077800273895264, -0.39144444465637207, 4.099764347076416, -1.3701399564743042, -4.162137031555176], [0.143739715218544, -2.1531612873077393, -1.4974164962768555, 0.3457340896129608, -0.3545953631401062, -6.2625732421875, 2.663987159729004, 2.3767147064208984, 0.17868191003799438, -0.4028307795524597, 1.823056936264038, -3.3205292224884033, -6.974302768707275, -0.13828037679195404, 1.1858265399932861, 0.8077796697616577, 25.00400733947754, 3.669879674911499, -2.7012648582458496, 7.484801769256592, -4.536400318145752], [1.3486639261245728, 9.448503494262695, -2.9043869972229004, 3.348720073699951, -6.600042819976807, 1.6944884061813354, 2.9003000259399414, -3.568220853805542, -4.568271636962891, 4.730747222900391, -2.95538592338562, -1.7246772050857544, 3.643082857131958, 0.6776191592216492, -4.967522621154785, -0.391444593667984, 3.669879674911499, 26.314231872558594, -3.770212411880493, -3.2048776149749756, -3.4958362579345703], [2.667257785797119, 4.717756271362305, 1.8630698919296265, 1.172332763671875, 0.028665192425251007, -3.404409170150757, -2.8072266578674316, 6.232456207275391, -2.0574967861175537, 3.3040812015533447, 3.0637965202331543, -1.6455647945404053, 1.9578986167907715, -7.695712566375732, -1.3871219158172607, 4.099764347076416, -2.7012648582458496, -3.770212411880493, 22.56714630126953, -5.310799598693848, -3.2048935890197754], [3.2645504474639893, 1.172257900238037, 1.2796838283538818, -1.2376043796539307, 2.2418456077575684, 3.103762149810791, -0.8900298476219177, -5.1947221755981445, 4.631761074066162, 1.5150896310806274, 4.984654903411865, -1.7550055980682373, -3.0137085914611816, 0.9232091903686523, 0.01718776859343052, -1.3701398372650146, 7.484801769256592, -3.2048776149749756, -5.310799598693848, 24.20389175415039, 0.7403498888015747], [2.737724542617798, -2.9120514392852783, -0.06755682826042175, 4.144267559051514, 3.6641814708709717, -6.241157054901123, -9.876376152038574, 0.20721781253814697, -9.9093599319458, -14.107203483581543, 8.00886344909668, 6.114109039306641, 5.672158241271973, -5.805106163024902, -1.298738956451416, -4.162136554718018, -4.536400318145752, -3.4958362579345703, -3.2048940658569336, 0.7403497695922852, 47.48805236816406]], "type": "heatmap"}], "layout": {"template": {"data": {"histogram2dcontour": [{"type": "histogram2dcontour", "colorbar": {"outlinewidth": 0, "ticks": ""}, "colorscale": [[0.0, "#0d0887"], [0.1111111111111111, "#46039f"], [0.2222222222222222, "#7201a8"], [0.3333333333333333, "#9c179e"], [0.4444444444444444, "#bd3786"], [0.5555555555555556, "#d8576b"], [0.6666666666666666, "#ed7953"], [0.7777777777777778, "#fb9f3a"], [0.8888888888888888, "#fdca26"], [1.0, "#f0f921"]]}], "choropleth": [{"type": "choropleth", "colorbar": {"outlinewidth": 0, "ticks": ""}}], "histogram2d": [{"type": "histogram2d", "colorbar": {"outlinewidth": 0, "ticks": ""}, "colorscale": [[0.0, "#0d0887"], [0.1111111111111111, "#46039f"], [0.2222222222222222, "#7201a8"], [0.3333333333333333, "#9c179e"], [0.4444444444444444, "#bd3786"], [0.5555555555555556, "#d8576b"], [0.6666666666666666, "#ed7953"], [0.7777777777777778, "#fb9f3a"], [0.8888888888888888, "#fdca26"], [1.0, "#f0f921"]]}], "heatmap": [{"type": "heatmap", "colorbar": {"outlinewidth": 0, "ticks": ""}, "colorscale": [[0.0, "#0d0887"], [0.1111111111111111, "#46039f"], [0.2222222222222222, "#7201a8"], [0.3333333333333333, "#9c179e"], [0.4444444444444444, "#bd3786"], [0.5555555555555556, "#d8576b"], [0.6666666666666666, "#ed7953"], [0.7777777777777778, "#fb9f3a"], [0.8888888888888888, "#fdca26"], [1.0, "#f0f921"]]}], "heatmapgl": [{"type": "heatmapgl", "colorbar": {"outlinewidth": 0, "ticks": ""}, "colorscale": [[0.0, "#0d0887"], [0.1111111111111111, "#46039f"], [0.2222222222222222, "#7201a8"], [0.3333333333333333, "#9c179e"], [0.4444444444444444, "#bd3786"], [0.5555555555555556, "#d8576b"], [0.6666666666666666, "#ed7953"], [0.7777777777777778, "#fb9f3a"], [0.8888888888888888, "#fdca26"], [1.0, "#f0f921"]]}], "contourcarpet": [{"type": "contourcarpet", "colorbar": {"outlinewidth": 0, "ticks": ""}}], "contour": [{"type": "contour", "colorbar": {"outlinewidth": 0, "ticks": ""}, "colorscale": [[0.0, "#0d0887"], [0.1111111111111111, "#46039f"], [0.2222222222222222, "#7201a8"], [0.3333333333333333, "#9c179e"], [0.4444444444444444, "#bd3786"], [0.5555555555555556, "#d8576b"], [0.6666666666666666, "#ed7953"], [0.7777777777777778, "#fb9f3a"], [0.8888888888888888, "#fdca26"], [1.0, "#f0f921"]]}], "surface": [{"type": "surface", "colorbar": {"outlinewidth": 0, "ticks": ""}, "colorscale": [[0.0, "#0d0887"], [0.1111111111111111, "#46039f"], [0.2222222222222222, "#7201a8"], [0.3333333333333333, "#9c179e"], [0.4444444444444444, "#bd3786"], [0.5555555555555556, "#d8576b"], [0.6666666666666666, "#ed7953"], [0.7777777777777778, "#fb9f3a"], [0.8888888888888888, "#fdca26"], [1.0, "#f0f921"]]}], "mesh3d": [{"type": "mesh3d", "colorbar": {"outlinewidth": 0, "ticks": ""}}], "scatter": [{"fillpattern": {"fillmode": "overlay", "size": 10, "solidity": 0.2}, "type": "scatter"}], "parcoords": [{"type": "parcoords", "line": {"colorbar": {"outlinewidth": 0, "ticks": ""}}}], "scatterpolargl": [{"type": "scatterpolargl", "marker": {"colorbar": {"outlinewidth": 0, "ticks": ""}}}], "bar": [{"error_x": {"color": "#2a3f5f"}, "error_y": {"color": "#2a3f5f"}, "marker": {"line": {"color": "#E5ECF6", "width": 0.5}, "pattern": {"fillmode": "overlay", "size": 10, "solidity": 0.2}}, "type": "bar"}], "scattergeo": [{"type": "scattergeo", "marker": {"colorbar": {"outlinewidth": 0, "ticks": ""}}}], "scatterpolar": [{"type": "scatterpolar", "marker": {"colorbar": {"outlinewidth": 0, "ticks": ""}}}], "histogram": [{"marker": {"pattern": {"fillmode": "overlay", "size": 10, "solidity": 0.2}}, "type": "histogram"}], "scattergl": [{"type": "scattergl", "marker": {"colorbar": {"outlinewidth": 0, "ticks": ""}}}], "scatter3d": [{"type": "scatter3d", "line": {"colorbar": {"outlinewidth": 0, "ticks": ""}}, "marker": {"colorbar": {"outlinewidth": 0, "ticks": ""}}}], "scattermapbox": [{"type": "scattermapbox", "marker": {"colorbar": {"outlinewidth": 0, "ticks": ""}}}], "scatterternary": [{"type": "scatterternary", "marker": {"colorbar": {"outlinewidth": 0, "ticks": ""}}}], "scattercarpet": [{"type": "scattercarpet", "marker": {"colorbar": {"outlinewidth": 0, "ticks": ""}}}], "carpet": [{"aaxis": {"endlinecolor": "#2a3f5f", "gridcolor": "white", "linecolor": "white", "minorgridcolor": "white", "startlinecolor": "#2a3f5f"}, "baxis": {"endlinecolor": "#2a3f5f", "gridcolor": "white", "linecolor": "white", "minorgridcolor": "white", "startlinecolor": "#2a3f5f"}, "type": "carpet"}], "table": [{"cells": {"fill": {"color": "#EBF0F8"}, "line": {"color": "white"}}, "header": {"fill": {"color": "#C8D4E3"}, "line": {"color": "white"}}, "type": "table"}], "barpolar": [{"marker": {"line": {"color": "#E5ECF6", "width": 0.5}, "pattern": {"fillmode": "overlay", "size": 10, "solidity": 0.2}}, "type": "barpolar"}], "pie": [{"automargin": true, "type": "pie"}]}, "layout": {"autotypenumbers": "strict", "colorway": ["#636efa", "#EF553B", "#00cc96", "#ab63fa", "#FFA15A", "#19d3f3", "#FF6692", "#B6E880", "#FF97FF", "#FECB52"], "font": {"color": "#2a3f5f"}, "hovermode": "closest", "hoverlabel": {"align": "left"}, "paper_bgcolor": "white", "plot_bgcolor": "#E5ECF6", "polar": {"bgcolor": "#E5ECF6", "angularaxis": {"gridcolor": "white", "linecolor": "white", "ticks": ""}, "radialaxis": {"gridcolor": "white", "linecolor": "white", "ticks": ""}}, "ternary": {"bgcolor": "#E5ECF6", "aaxis": {"gridcolor": "white", "linecolor": "white", "ticks": ""}, "baxis": {"gridcolor": "white", "linecolor": "white", "ticks": ""}, "caxis": {"gridcolor": "white", "linecolor": "white", "ticks": ""}}, "coloraxis": {"colorbar": {"outlinewidth": 0, "ticks": ""}}, "colorscale": {"sequential": [[0.0, "#0d0887"], [0.1111111111111111, "#46039f"], [0.2222222222222222, "#7201a8"], [0.3333333333333333, "#9c179e"], [0.4444444444444444, "#bd3786"], [0.5555555555555556, "#d8576b"], [0.6666666666666666, "#ed7953"], [0.7777777777777778, "#fb9f3a"], [0.8888888888888888, "#fdca26"], [1.0, "#f0f921"]], "sequentialminus": [[0.0, "#0d0887"], [0.1111111111111111, "#46039f"], [0.2222222222222222, "#7201a8"], [0.3333333333333333, "#9c179e"], [0.4444444444444444, "#bd3786"], [0.5555555555555556, "#d8576b"], [0.6666666666666666, "#ed7953"], [0.7777777777777778, "#fb9f3a"], [0.8888888888888888, "#fdca26"], [1.0, "#f0f921"]], "diverging": [[0, "#8e0152"], [0.1, "#c51b7d"], [0.2, "#de77ae"], [0.3, "#f1b6da"], [0.4, "#fde0ef"], [0.5, "#f7f7f7"], [0.6, "#e6f5d0"], [0.7, "#b8e186"], [0.8, "#7fbc41"], [0.9, "#4d9221"], [1, "#276419"]]}, "xaxis": {"gridcolor": "white", "linecolor": "white", "ticks": "", "title": {"standoff": 15}, "zerolinecolor": "white", "automargin": true, "zerolinewidth": 2}, "yaxis": {"gridcolor": "white", "linecolor": "white", "ticks": "", "title": {"standoff": 15}, "zerolinecolor": "white", "automargin": true, "zerolinewidth": 2}, "scene": {"xaxis": {"backgroundcolor": "#E5ECF6", "gridcolor": "white", "linecolor": "white", "showbackground": true, "ticks": "", "zerolinecolor": "white", "gridwidth": 2}, "yaxis": {"backgroundcolor": "#E5ECF6", "gridcolor": "white", "linecolor": "white", "showbackground": true, "ticks": "", "zerolinecolor": "white", "gridwidth": 2}, "zaxis": {"backgroundcolor": "#E5ECF6", "gridcolor": "white", "linecolor": "white", "showbackground": true, "ticks": "", "zerolinecolor": "white", "gridwidth": 2}}, "shapedefaults": {"line": {"color": "#2a3f5f"}}, "annotationdefaults": {"arrowcolor": "#2a3f5f", "arrowhead": 0, "arrowwidth": 1}, "geo": {"bgcolor": "white", "landcolor": "#E5ECF6", "subunitcolor": "white", "showland": true, "showlakes": true, "lakecolor": "white"}, "title": {"x": 0.05}, "mapbox": {"style": "light"}}}}}