{"data": [{"z": [[23.826364517211914, 1.7801625728607178, 0.9451474547386169, -0.4663963317871094, 6.732814311981201, -1.4185441732406616, -0.5439550876617432, 3.7722280025482178, 1.5822112560272217, -4.798263072967529, 5.185284614562988, -0.6458446383476257, 0.6475419998168945, 1.8776413202285767, 1.010599970817566, 4.543639659881592, 0.8974510431289673, 2.1147398948669434, 2.4890644550323486, 3.5290937423706055, 1.8763844966888428], [1.7801625728607178, 16.971969604492188, -1.9391580820083618, 0.82594895362854, -1.8037816286087036, 0.6977428793907166, -0.14110039174556732, -0.08227705210447311, -1.5990055799484253, 5.2567219734191895, 1.207223892211914, -3.097649335861206, 4.018701076507568, 0.5629042387008667, -2.040045738220215, 1.8749862909317017, -1.5583330392837524, 8.648451805114746, 4.275867462158203, 1.3864481449127197, -3.2822065353393555], [0.9451474547386169, -1.9391580820083618, 22.064741134643555, 3.876072645187378, 2.6049094200134277, 2.6317105293273926, 6.003790378570557, -3.5022172927856445, 0.12965664267539978, 1.04363214969635, 1.5377405881881714, 5.886420726776123, -4.324916839599609, 3.018218994140625, 0.03709449991583824, 2.5247745513916016, -0.8203808069229126, -2.203094005584717, 2.256340980529785, 1.5437610149383545, -0.2796841859817505], [-0.4663963317871094, 0.82594895362854, 3.876072645187378, 24.477569580078125, 2.1374523639678955, 2.9757742881774902, 2.66387677192688, -4.767440319061279, -5.997920989990234, 5.778145790100098, 11.54568099975586, -3.1927056312561035, 3.7198100090026855, 0.382927268743515, 1.981411099433899, 3.4516053199768066, 0.49860334396362305, 3.359462261199951, 1.7967543601989746, 0.08502352237701416, 3.298135757446289], [6.732814311981201, -1.8037816286087036, 2.6049094200134277, 2.1374523639678955, 14.183721542358398, -1.9932812452316284, 3.7597317695617676, 2.7400002479553223, 1.8181239366531372, -1.6840847730636597, 3.2818236351013184, -0.7611144781112671, 2.1341075897216797, 4.708452224731445, 0.9039696455001831, 2.79414701461792, 0.3022761344909668, -5.024906158447266, 0.4264397621154785, 2.3691298961639404, 3.094393491744995], [-1.4185441732406616, 0.6977428793907166, 2.6317105293273926, 2.9757742881774902, -1.9932812452316284, 20.89510726928711, -0.583528995513916, 0.17740553617477417, 3.2977635860443115, 3.9379913806915283, 1.0663948059082031, -2.1202449798583984, -1.4641205072402954, 1.0627028942108154, 0.2817966639995575, 0.100670225918293, -5.263001441955566, 1.8111019134521484, -1.2903605699539185, 3.260235548019409, -6.03359842300415], [-0.5439550876617432, -0.14110039174556732, 6.003790378570557, 2.66387677192688, 3.7597317695617676, -0.583528995513916, 17.21051788330078, 1.2216356992721558, 1.2583770751953125, 2.3731865882873535, -1.4180219173431396, 2.8004367351531982, 1.3913565874099731, 3.512082099914551, 2.1480398178100586, 3.6065807342529297, 3.087430000305176, 2.152005434036255, -1.6624531745910645, 0.1632004976272583, -9.37371826171875], [3.7722280025482178, -0.08227705210447311, -3.5022172927856445, -4.767440319061279, 2.7400002479553223, 0.17740553617477417, 1.2216356992721558, 18.729751586914062, 3.3740196228027344, -0.6114206910133362, -2.523808479309082, -3.287252902984619, 0.4120243489742279, -2.648547410964966, 1.5360581874847412, 1.629020094871521, 2.5709750652313232, -2.490845203399658, 5.959330081939697, -3.4287095069885254, -0.6686974167823792], [1.5822112560272217, -1.5990055799484253, 0.12965664267539978, -5.997920989990234, 1.8181239366531372, 3.2977635860443115, 1.2583770751953125, 3.3740196228027344, 18.37748146057129, 2.6071226596832275, -5.303755760192871, 0.2671133279800415, 3.1070525646209717, 2.522688865661621, 1.9444493055343628, 0.41312074661254883, 0.4190477132797241, -3.9262263774871826, -0.842033863067627, 4.023868560791016, -9.557713508605957], [-4.798263072967529, 5.2567219734191895, 1.04363214969635, 5.778145790100098, -1.6840847730636597, 3.9379913806915283, 2.3731865882873535, -0.6114206910133362, 2.6071226596832275, 18.976579666137695, -2.941406488418579, -4.207934379577637, 2.381354331970215, -3.321403741836548, -3.249117851257324, 1.3350460529327393, -0.5039827823638916, 4.5075836181640625, 3.9428133964538574, 1.896636724472046, -13.622180938720703], [5.185284614562988, 1.207223892211914, 1.5377405881881714, 11.54568099975586, 3.2818236351013184, 1.0663948059082031, -1.4180219173431396, -2.523808479309082, -5.303755760192871, -2.941406488418579, 18.07090187072754, -1.8805856704711914, 2.5198330879211426, 2.1212658882141113, 5.540719509124756, -1.7069858312606812, 1.983812928199768, -1.5208396911621094, 2.6052944660186768, 5.271142959594727, 6.850787162780762], [-0.6458446383476257, -3.097649335861206, 5.886420726776123, -3.1927056312561035, -0.7611144781112671, -2.1202449798583984, 2.8004367351531982, -3.287252902984619, 0.2671133279800415, -4.207934379577637, -1.8805856704711914, 21.63951301574707, 3.461068868637085, 4.329610347747803, 0.0616326741874218, 2.8487961292266846, -2.2869040966033936, -1.1948857307434082, -1.0799126625061035, -0.8354346752166748, 4.226405620574951], [0.6475419998168945, 4.018701076507568, -4.324916839599609, 3.7198100090026855, 2.1341075897216797, -1.4641205072402954, 1.3913565874099731, 0.4120243489742279, 3.1070525646209717, 2.381354331970215, 2.5198330879211426, 3.461068868637085, 19.561357498168945, -2.603178024291992, 3.0373854637145996, -0.8075947165489197, -5.491294860839844, 2.7665812969207764, 1.991288185119629, -2.015880584716797, 5.061941146850586], [1.8776413202285767, 0.5629042387008667, 3.018218994140625, 0.382927268743515, 4.708452224731445, 1.0627028942108154, 3.512082099914551, -2.648547410964966, 2.522688865661621, -3.321403741836548, 2.1212658882141113, 4.329610347747803, -2.603178024291992, 17.11046028137207, 1.9703881740570068, 3.5360512733459473, 0.032422780990600586, 0.981564998626709, -5.702203750610352, 1.9330289363861084, -5.446532726287842], [1.010599970817566, -2.040045738220215, 0.03709449991583824, 1.981411099433899, 0.9039696455001831, 0.2817966639995575, 2.1480398178100586, 1.5360581874847412, 1.9444493055343628, -3.249117851257324, 5.540719509124756, 0.0616326741874218, 3.0373854637145996, 1.9703881740570068, 17.96757698059082, -1.3942793607711792, 1.4231716394424438, -3.9169936180114746, -0.9429497718811035, 1.0579094886779785, -1.7816286087036133], [4.543639659881592, 1.8749862909317017, 2.5247745513916016, 3.4516053199768066, 2.79414701461792, 0.100670225918293, 3.6065807342529297, 1.629020094871521, 0.41312074661254883, 1.3350460529327393, -1.7069858312606812, 2.8487961292266846, -0.8075947165489197, 3.5360512733459473, -1.3942793607711792, 11.349100112915039, 1.22975492477417, 0.48514580726623535, 4.175407409667969, -0.14131441712379456, -4.507630825042725], [0.8974510431289673, -1.5583326816558838, -0.8203811645507812, 0.4986034035682678, 0.30227622389793396, -5.26300048828125, 3.087430715560913, 2.5709750652313232, 0.4190475344657898, -0.503982663154602, 1.9838131666183472, -2.2869038581848145, -5.491294860839844, 0.03242272883653641, 1.4231714010238647, 1.2297550439834595, 22.713790893554688, 3.3949289321899414, -1.9386320114135742, 7.103438377380371, -4.537072658538818], [2.1147401332855225, 8.648451805114746, -2.2030935287475586, 3.3594629764556885, -5.024906635284424, 1.8111017942428589, 2.152005195617676, -2.490844964981079, -3.9262266159057617, 4.5075836181640625, -1.5208404064178467, -1.194885492324829, 2.7665815353393555, 0.9815651178359985, -3.9169933795928955, 0.4851459562778473, 3.3949289321899414, 22.799114227294922, -2.57846736907959, -2.113346576690674, -3.7008018493652344], [2.4890639781951904, 4.275866985321045, 2.256340742111206, 1.796754002571106, 0.4264397621154785, -1.2903605699539185, -1.662453055381775, 5.959329605102539, -0.8420339822769165, 3.9428131580352783, 2.6052939891815186, -1.0799130201339722, 1.9912879467010498, -5.702202796936035, -0.9429503083229065, 4.175407886505127, -1.9386320114135742, -2.57846736907959, 19.319839477539062, -4.048547744750977, -3.249250888824463], [3.5290932655334473, 1.3864481449127197, 1.5437614917755127, 0.08502303063869476, 2.3691294193267822, 3.2602357864379883, 0.16320042312145233, -3.428709030151367, 4.023868560791016, 1.8966373205184937, 5.271142959594727, -0.8354349732398987, -2.015880823135376, 1.9330295324325562, 1.057909607887268, -0.14131416380405426, 7.103438377380371, -2.113346576690674, -4.048547744750977, 21.531213760375977, 0.17109650373458862], [1.8763843774795532, -3.2822065353393555, -0.27968454360961914, 3.298135757446289, 3.0943939685821533, -6.033597946166992, -9.37371826171875, -0.6686974763870239, -9.55771255493164, -13.622179985046387, 6.850787162780762, 4.226406097412109, 5.061941146850586, -5.446532249450684, -1.7816284894943237, -4.507630825042725, -4.537073612213135, -3.7008025646209717, -3.249250888824463, 0.1710968017578125, 47.48805236816406]], "type": "heatmap"}], "layout": {"template": {"data": {"histogram2dcontour": [{"type": "histogram2dcontour", "colorbar": {"outlinewidth": 0, "ticks": ""}, "colorscale": [[0.0, "#0d0887"], [0.1111111111111111, "#46039f"], [0.2222222222222222, "#7201a8"], [0.3333333333333333, "#9c179e"], [0.4444444444444444, "#bd3786"], [0.5555555555555556, "#d8576b"], [0.6666666666666666, "#ed7953"], [0.7777777777777778, "#fb9f3a"], [0.8888888888888888, "#fdca26"], [1.0, "#f0f921"]]}], "choropleth": [{"type": "choropleth", "colorbar": {"outlinewidth": 0, "ticks": ""}}], "histogram2d": [{"type": "histogram2d", "colorbar": {"outlinewidth": 0, "ticks": ""}, "colorscale": [[0.0, "#0d0887"], [0.1111111111111111, "#46039f"], [0.2222222222222222, "#7201a8"], [0.3333333333333333, "#9c179e"], [0.4444444444444444, "#bd3786"], [0.5555555555555556, "#d8576b"], [0.6666666666666666, "#ed7953"], [0.7777777777777778, "#fb9f3a"], [0.8888888888888888, "#fdca26"], [1.0, "#f0f921"]]}], "heatmap": [{"type": "heatmap", "colorbar": {"outlinewidth": 0, "ticks": ""}, "colorscale": [[0.0, "#0d0887"], [0.1111111111111111, "#46039f"], [0.2222222222222222, "#7201a8"], [0.3333333333333333, "#9c179e"], [0.4444444444444444, "#bd3786"], [0.5555555555555556, "#d8576b"], [0.6666666666666666, "#ed7953"], [0.7777777777777778, "#fb9f3a"], [0.8888888888888888, "#fdca26"], [1.0, "#f0f921"]]}], "heatmapgl": [{"type": "heatmapgl", "colorbar": {"outlinewidth": 0, "ticks": ""}, "colorscale": [[0.0, "#0d0887"], [0.1111111111111111, "#46039f"], [0.2222222222222222, "#7201a8"], [0.3333333333333333, "#9c179e"], [0.4444444444444444, "#bd3786"], [0.5555555555555556, "#d8576b"], [0.6666666666666666, "#ed7953"], [0.7777777777777778, "#fb9f3a"], [0.8888888888888888, "#fdca26"], [1.0, "#f0f921"]]}], "contourcarpet": [{"type": "contourcarpet", "colorbar": {"outlinewidth": 0, "ticks": ""}}], "contour": [{"type": "contour", "colorbar": {"outlinewidth": 0, "ticks": ""}, "colorscale": [[0.0, "#0d0887"], [0.1111111111111111, "#46039f"], [0.2222222222222222, "#7201a8"], [0.3333333333333333, "#9c179e"], [0.4444444444444444, "#bd3786"], [0.5555555555555556, "#d8576b"], [0.6666666666666666, "#ed7953"], [0.7777777777777778, "#fb9f3a"], [0.8888888888888888, "#fdca26"], [1.0, "#f0f921"]]}], "surface": [{"type": "surface", "colorbar": {"outlinewidth": 0, "ticks": ""}, "colorscale": [[0.0, "#0d0887"], [0.1111111111111111, "#46039f"], [0.2222222222222222, "#7201a8"], [0.3333333333333333, "#9c179e"], [0.4444444444444444, "#bd3786"], [0.5555555555555556, "#d8576b"], [0.6666666666666666, "#ed7953"], [0.7777777777777778, "#fb9f3a"], [0.8888888888888888, "#fdca26"], [1.0, "#f0f921"]]}], "mesh3d": [{"type": "mesh3d", "colorbar": {"outlinewidth": 0, "ticks": ""}}], "scatter": [{"fillpattern": {"fillmode": "overlay", "size": 10, "solidity": 0.2}, "type": "scatter"}], "parcoords": [{"type": "parcoords", "line": {"colorbar": {"outlinewidth": 0, "ticks": ""}}}], "scatterpolargl": [{"type": "scatterpolargl", "marker": {"colorbar": {"outlinewidth": 0, "ticks": ""}}}], "bar": [{"error_x": {"color": "#2a3f5f"}, "error_y": {"color": "#2a3f5f"}, "marker": {"line": {"color": "#E5ECF6", "width": 0.5}, "pattern": {"fillmode": "overlay", "size": 10, "solidity": 0.2}}, "type": "bar"}], "scattergeo": [{"type": "scattergeo", "marker": {"colorbar": {"outlinewidth": 0, "ticks": ""}}}], "scatterpolar": [{"type": "scatterpolar", "marker": {"colorbar": {"outlinewidth": 0, "ticks": ""}}}], "histogram": [{"marker": {"pattern": {"fillmode": "overlay", "size": 10, "solidity": 0.2}}, "type": "histogram"}], "scattergl": [{"type": "scattergl", "marker": {"colorbar": {"outlinewidth": 0, "ticks": ""}}}], "scatter3d": [{"type": "scatter3d", "line": {"colorbar": {"outlinewidth": 0, "ticks": ""}}, "marker": {"colorbar": {"outlinewidth": 0, "ticks": ""}}}], "scattermapbox": [{"type": "scattermapbox", "marker": {"colorbar": {"outlinewidth": 0, "ticks": ""}}}], "scatterternary": [{"type": "scatterternary", "marker": {"colorbar": {"outlinewidth": 0, "ticks": ""}}}], "scattercarpet": [{"type": "scattercarpet", "marker": {"colorbar": {"outlinewidth": 0, "ticks": ""}}}], "carpet": [{"aaxis": {"endlinecolor": "#2a3f5f", "gridcolor": "white", "linecolor": "white", "minorgridcolor": "white", "startlinecolor": "#2a3f5f"}, "baxis": {"endlinecolor": "#2a3f5f", "gridcolor": "white", "linecolor": "white", "minorgridcolor": "white", "startlinecolor": "#2a3f5f"}, "type": "carpet"}], "table": [{"cells": {"fill": {"color": "#EBF0F8"}, "line": {"color": "white"}}, "header": {"fill": {"color": "#C8D4E3"}, "line": {"color": "white"}}, "type": "table"}], "barpolar": [{"marker": {"line": {"color": "#E5ECF6", "width": 0.5}, "pattern": {"fillmode": "overlay", "size": 10, "solidity": 0.2}}, "type": "barpolar"}], "pie": [{"automargin": true, "type": "pie"}]}, "layout": {"autotypenumbers": "strict", "colorway": ["#636efa", "#EF553B", "#00cc96", "#ab63fa", "#FFA15A", "#19d3f3", "#FF6692", "#B6E880", "#FF97FF", "#FECB52"], "font": {"color": "#2a3f5f"}, "hovermode": "closest", "hoverlabel": {"align": "left"}, "paper_bgcolor": "white", "plot_bgcolor": "#E5ECF6", "polar": {"bgcolor": "#E5ECF6", "angularaxis": {"gridcolor": "white", "linecolor": "white", "ticks": ""}, "radialaxis": {"gridcolor": "white", "linecolor": "white", "ticks": ""}}, "ternary": {"bgcolor": "#E5ECF6", "aaxis": {"gridcolor": "white", "linecolor": "white", "ticks": ""}, "baxis": {"gridcolor": "white", "linecolor": "white", "ticks": ""}, "caxis": {"gridcolor": "white", "linecolor": "white", "ticks": ""}}, "coloraxis": {"colorbar": {"outlinewidth": 0, "ticks": ""}}, "colorscale": {"sequential": [[0.0, "#0d0887"], [0.1111111111111111, "#46039f"], [0.2222222222222222, "#7201a8"], [0.3333333333333333, "#9c179e"], [0.4444444444444444, "#bd3786"], [0.5555555555555556, "#d8576b"], [0.6666666666666666, "#ed7953"], [0.7777777777777778, "#fb9f3a"], [0.8888888888888888, "#fdca26"], [1.0, "#f0f921"]], "sequentialminus": [[0.0, "#0d0887"], [0.1111111111111111, "#46039f"], [0.2222222222222222, "#7201a8"], [0.3333333333333333, "#9c179e"], [0.4444444444444444, "#bd3786"], [0.5555555555555556, "#d8576b"], [0.6666666666666666, "#ed7953"], [0.7777777777777778, "#fb9f3a"], [0.8888888888888888, "#fdca26"], [1.0, "#f0f921"]], "diverging": [[0, "#8e0152"], [0.1, "#c51b7d"], [0.2, "#de77ae"], [0.3, "#f1b6da"], [0.4, "#fde0ef"], [0.5, "#f7f7f7"], [0.6, "#e6f5d0"], [0.7, "#b8e186"], [0.8, "#7fbc41"], [0.9, "#4d9221"], [1, "#276419"]]}, "xaxis": {"gridcolor": "white", "linecolor": "white", "ticks": "", "title": {"standoff": 15}, "zerolinecolor": "white", "automargin": true, "zerolinewidth": 2}, "yaxis": {"gridcolor": "white", "linecolor": "white", "ticks": "", "title": {"standoff": 15}, "zerolinecolor": "white", "automargin": true, "zerolinewidth": 2}, "scene": {"xaxis": {"backgroundcolor": "#E5ECF6", "gridcolor": "white", "linecolor": "white", "showbackground": true, "ticks": "", "zerolinecolor": "white", "gridwidth": 2}, "yaxis": {"backgroundcolor": "#E5ECF6", "gridcolor": "white", "linecolor": "white", "showbackground": true, "ticks": "", "zerolinecolor": "white", "gridwidth": 2}, "zaxis": {"backgroundcolor": "#E5ECF6", "gridcolor": "white", "linecolor": "white", "showbackground": true, "ticks": "", "zerolinecolor": "white", "gridwidth": 2}}, "shapedefaults": {"line": {"color": "#2a3f5f"}}, "annotationdefaults": {"arrowcolor": "#2a3f5f", "arrowhead": 0, "arrowwidth": 1}, "geo": {"bgcolor": "white", "landcolor": "#E5ECF6", "subunitcolor": "white", "showland": true, "showlakes": true, "lakecolor": "white"}, "title": {"x": 0.05}, "mapbox": {"style": "light"}}}}}