{"data": [{"z": [[24.088029861450195, 1.8438241481781006, 0.9429819583892822, -0.4382420480251312, 6.779595851898193, -1.3834339380264282, -0.627186119556427, 3.6525864601135254, 1.6189936399459839, -4.858436107635498, 5.263655662536621, -0.7067345976829529, 0.557908833026886, 1.8396066427230835, 0.9906233549118042, 4.566554546356201, 0.9447115659713745, 2.0742316246032715, 2.4661717414855957, 3.454216718673706, 1.9088985919952393], [1.8438241481781006, 17.137514114379883, -1.9794111251831055, 0.8253872990608215, -1.821051001548767, 0.7037301659584045, -0.10120125859975815, -0.12312639504671097, -1.5910923480987549, 5.305041313171387, 1.1666479110717773, -3.186440944671631, 4.069113731384277, 0.5001179575920105, -2.08014178276062, 1.8458980321884155, -1.5466276407241821, 8.681402206420898, 4.3401103019714355, 1.3581726551055908, -3.293170928955078], [0.9429819583892822, -1.9794111251831055, 22.1263370513916, 3.9513447284698486, 2.6389248371124268, 2.6632230281829834, 6.039782524108887, -3.6673495769500732, 0.08972799777984619, 1.0187585353851318, 1.5002044439315796, 5.841763496398926, -4.471518516540527, 3.0389575958251953, -0.018046673387289047, 2.4859087467193604, -0.7933553457260132, -2.29729962348938, 2.186588764190674, 1.4564509391784668, -0.2865034341812134], [-0.4382420480251312, 0.8253872990608215, 3.9513447284698486, 24.726543426513672, 2.2165322303771973, 3.0318892002105713, 2.677842378616333, -4.8555169105529785, -6.017993450164795, 5.8058295249938965, 11.686223983764648, -3.246370553970337, 3.644293785095215, 0.3060222864151001, 1.9844036102294922, 3.542740821838379, 0.5905399322509766, 3.296982765197754, 1.791872501373291, -0.010973334312438965, 3.3101561069488525], [6.779595851898193, -1.821051001548767, 2.6389248371124268, 2.2165322303771973, 14.265533447265625, -1.9550971984863281, 3.814185380935669, 2.719707489013672, 1.8914518356323242, -1.7426555156707764, 3.3479177951812744, -0.7240500450134277, 2.1097304821014404, 4.724855899810791, 0.8836559653282166, 2.843167543411255, 0.3525133728981018, -5.137231826782227, 0.39990234375, 2.331876277923584, 3.107103109359741], [-1.3834339380264282, 0.7037301659584045, 2.6632230281829834, 3.0318892002105713, -1.9550971984863281, 21.177650451660156, -0.5280976891517639, 0.0984438806772232, 3.438828706741333, 4.001183032989502, 1.1003153324127197, -2.1143386363983154, -1.498483419418335, 1.0757396221160889, 0.24509915709495544, 0.14276421070098877, -5.231387138366699, 1.7987775802612305, -1.381482481956482, 3.2326321601867676, -6.1052656173706055], [-0.627186119556427, -0.10120125859975815, 6.039782524108887, 2.677842378616333, 3.814185380935669, -0.5280976891517639, 17.438072204589844, 1.1897944211959839, 1.3168318271636963, 2.428071975708008, -1.4376271963119507, 2.8416171073913574, 1.477022647857666, 3.486926317214966, 2.1378839015960693, 3.675765037536621, 3.121009111404419, 2.1907169818878174, -1.6435070037841797, 0.08972322940826416, -9.471689224243164], [3.6525864601135254, -0.12312639504671097, -3.6673495769500732, -4.8555169105529785, 2.719707489013672, 0.0984438806772232, 1.1897944211959839, 18.65846061706543, 3.322204828262329, -0.7078820466995239, -2.6193065643310547, -3.428220748901367, 0.34824904799461365, -2.7227818965911865, 1.479987382888794, 1.641268253326416, 2.6032915115356445, -2.607590436935425, 5.979166507720947, -3.624647378921509, -0.5943706631660461], [1.6189936399459839, -1.5910923480987549, 0.08972799777984619, -6.017993450164795, 1.8914518356323242, 3.438828706741333, 1.3168318271636963, 3.322204828262329, 18.56560707092285, 2.612173318862915, -5.367108345031738, 0.25165852904319763, 3.112711191177368, 2.5851287841796875, 1.8763753175735474, 0.40387746691703796, 0.468552827835083, -3.984445095062256, -0.873907208442688, 4.029701232910156, -9.603797912597656], [-4.858436107635498, 5.305041313171387, 1.0187585353851318, 5.8058295249938965, -1.7426555156707764, 4.001183032989502, 2.428071975708008, -0.7078820466995239, 2.612173318862915, 19.148941040039062, -3.055040121078491, -4.302333831787109, 2.3367438316345215, -3.3804092407226562, -3.348823308944702, 1.319167971611023, -0.48740506172180176, 4.529026508331299, 3.918971538543701, 1.842163324356079, -13.65775203704834], [5.263655662536621, 1.1666479110717773, 1.5002044439315796, 11.686223983764648, 3.3479177951812744, 1.1003153324127197, -1.4376271963119507, -2.6193065643310547, -5.367108345031738, -3.055040121078491, 18.208192825317383, -1.9469388723373413, 2.4532577991485596, 2.0830795764923096, 5.5441365242004395, -1.7285654544830322, 2.030256509780884, -1.617942214012146, 2.5906119346618652, 5.258193492889404, 6.912980079650879], [-0.7067345976829529, -3.186440944671631, 5.841763496398926, -3.246370553970337, -0.7240500450134277, -2.1143386363983154, 2.8416171073913574, -3.428220748901367, 0.25165852904319763, -4.302333831787109, -1.9469388723373413, 21.81024742126465, 3.5031657218933105, 4.339564323425293, 0.048068318516016006, 2.826287269592285, -2.3625595569610596, -1.1718125343322754, -1.0355192422866821, -0.864703893661499, 4.321563720703125], [0.557908833026886, 4.069113731384277, -4.471518516540527, 3.644293785095215, 2.1097304821014404, -1.498483419418335, 1.477022647857666, 0.34824904799461365, 3.112711191177368, 2.3367438316345215, 2.4532577991485596, 3.5031657218933105, 19.760011672973633, -2.7107715606689453, 3.018841505050659, -0.8821487426757812, -5.531897068023682, 2.7980518341064453, 1.9877955913543701, -2.1400513648986816, 5.116909980773926], [1.8396066427230835, 0.5001179575920105, 3.0389575958251953, 0.3060222864151001, 4.724855899810791, 1.0757396221160889, 3.486926317214966, -2.7227818965911865, 2.5851287841796875, -3.3804092407226562, 2.0830795764923096, 4.339564323425293, -2.7107715606689453, 17.219945907592773, 1.9372745752334595, 3.5179038047790527, 0.0266873836517334, 0.9698624610900879, -5.833333969116211, 1.845759630203247, -5.47518253326416], [0.9906233549118042, -2.08014178276062, -0.018046673387289047, 1.9844036102294922, 0.8836559653282166, 0.24509915709495544, 2.1378839015960693, 1.479987382888794, 1.8763753175735474, -3.348823308944702, 5.5441365242004395, 0.048068318516016006, 3.018841505050659, 1.9372745752334595, 18.032922744750977, -1.3996409177780151, 1.4448316097259521, -4.032045841217041, -0.9769302606582642, 0.9247555732727051, -1.6981074810028076], [4.566554546356201, 1.8458980321884155, 2.4859087467193604, 3.542740821838379, 2.843167543411255, 0.14276421070098877, 3.675765037536621, 1.641268253326416, 0.40387746691703796, 1.319167971611023, -1.7285654544830322, 2.826287269592285, -0.8821487426757812, 3.5179038047790527, -1.3996409177780151, 11.421127319335938, 1.2686079740524292, 0.41193097829818726, 4.212049961090088, -0.27099040150642395, -4.506984710693359], [0.9447115063667297, -1.5466276407241821, -0.7933555841445923, 0.5905397534370422, 0.35251307487487793, -5.231387138366699, 3.1210098266601562, 2.6032907962799072, 0.46855270862579346, -0.4874054491519928, 2.030256509780884, -2.3625593185424805, -5.531896114349365, 0.02668752521276474, 1.444832444190979, 1.2686078548431396, 22.869049072265625, 3.40437388420105, -1.9326162338256836, 7.180403709411621, -4.572234153747559], [2.0742316246032715, 8.681402206420898, -2.2972986698150635, 3.296982765197754, -5.137231349945068, 1.7987773418426514, 2.1907169818878174, -2.6075901985168457, -3.984445095062256, 4.529026985168457, -1.617942214012146, -1.1718124151229858, 2.7980518341064453, 0.969862699508667, -4.032045841217041, 0.41193142533302307, 3.40437388420105, 22.942773818969727, -2.6976842880249023, -2.199748992919922, -3.676823139190674], [2.466172456741333, 4.340109825134277, 2.1865880489349365, 1.7918728590011597, 0.3999020457267761, -1.3814826011657715, -1.6435071229934692, 5.979165554046631, -0.8739069104194641, 3.918971061706543, 2.5906124114990234, -1.0355194807052612, 1.9877957105636597, -5.833334445953369, -0.9769298434257507, 4.2120513916015625, -1.9326162338256836, -2.6976842880249023, 19.473190307617188, -4.245596885681152, -3.2170143127441406], [3.4542171955108643, 1.3581727743148804, 1.456451416015625, -0.01097318809479475, 2.3318753242492676, 3.2326319217681885, 0.08972334116697311, -3.624647378921509, 4.029702186584473, 1.8421630859375, 5.258193492889404, -0.8647035360336304, -2.1400513648986816, 1.8457598686218262, 0.9247557520866394, -0.2709905803203583, 7.180403709411621, -2.199748992919922, -4.245596885681152, 21.56711769104004, 0.23631370067596436], [1.908898115158081, -3.293170690536499, -0.28650355339050293, 3.3101563453674316, 3.107102632522583, -6.1052656173706055, -9.471689224243164, -0.5943706035614014, -9.60379695892334, -13.657751083374023, 6.912980079650879, 4.321563720703125, 5.116909980773926, -5.475183010101318, -1.6981074810028076, -4.506985664367676, -4.5722336769104, -3.6768226623535156, -3.217014789581299, 0.2363138198852539, 47.48805236816406]], "type": "heatmap"}], "layout": {"template": {"data": {"histogram2dcontour": [{"type": "histogram2dcontour", "colorbar": {"outlinewidth": 0, "ticks": ""}, "colorscale": [[0.0, "#0d0887"], [0.1111111111111111, "#46039f"], [0.2222222222222222, "#7201a8"], [0.3333333333333333, "#9c179e"], [0.4444444444444444, "#bd3786"], [0.5555555555555556, "#d8576b"], [0.6666666666666666, "#ed7953"], [0.7777777777777778, "#fb9f3a"], [0.8888888888888888, "#fdca26"], [1.0, "#f0f921"]]}], "choropleth": [{"type": "choropleth", "colorbar": {"outlinewidth": 0, "ticks": ""}}], "histogram2d": [{"type": "histogram2d", "colorbar": {"outlinewidth": 0, "ticks": ""}, "colorscale": [[0.0, "#0d0887"], [0.1111111111111111, "#46039f"], [0.2222222222222222, "#7201a8"], [0.3333333333333333, "#9c179e"], [0.4444444444444444, "#bd3786"], [0.5555555555555556, "#d8576b"], [0.6666666666666666, "#ed7953"], [0.7777777777777778, "#fb9f3a"], [0.8888888888888888, "#fdca26"], [1.0, "#f0f921"]]}], "heatmap": [{"type": "heatmap", "colorbar": {"outlinewidth": 0, "ticks": ""}, "colorscale": [[0.0, "#0d0887"], [0.1111111111111111, "#46039f"], [0.2222222222222222, "#7201a8"], [0.3333333333333333, "#9c179e"], [0.4444444444444444, "#bd3786"], [0.5555555555555556, "#d8576b"], [0.6666666666666666, "#ed7953"], [0.7777777777777778, "#fb9f3a"], [0.8888888888888888, "#fdca26"], [1.0, "#f0f921"]]}], "heatmapgl": [{"type": "heatmapgl", "colorbar": {"outlinewidth": 0, "ticks": ""}, "colorscale": [[0.0, "#0d0887"], [0.1111111111111111, "#46039f"], [0.2222222222222222, "#7201a8"], [0.3333333333333333, "#9c179e"], [0.4444444444444444, "#bd3786"], [0.5555555555555556, "#d8576b"], [0.6666666666666666, "#ed7953"], [0.7777777777777778, "#fb9f3a"], [0.8888888888888888, "#fdca26"], [1.0, "#f0f921"]]}], "contourcarpet": [{"type": "contourcarpet", "colorbar": {"outlinewidth": 0, "ticks": ""}}], "contour": [{"type": "contour", "colorbar": {"outlinewidth": 0, "ticks": ""}, "colorscale": [[0.0, "#0d0887"], [0.1111111111111111, "#46039f"], [0.2222222222222222, "#7201a8"], [0.3333333333333333, "#9c179e"], [0.4444444444444444, "#bd3786"], [0.5555555555555556, "#d8576b"], [0.6666666666666666, "#ed7953"], [0.7777777777777778, "#fb9f3a"], [0.8888888888888888, "#fdca26"], [1.0, "#f0f921"]]}], "surface": [{"type": "surface", "colorbar": {"outlinewidth": 0, "ticks": ""}, "colorscale": [[0.0, "#0d0887"], [0.1111111111111111, "#46039f"], [0.2222222222222222, "#7201a8"], [0.3333333333333333, "#9c179e"], [0.4444444444444444, "#bd3786"], [0.5555555555555556, "#d8576b"], [0.6666666666666666, "#ed7953"], [0.7777777777777778, "#fb9f3a"], [0.8888888888888888, "#fdca26"], [1.0, "#f0f921"]]}], "mesh3d": [{"type": "mesh3d", "colorbar": {"outlinewidth": 0, "ticks": ""}}], "scatter": [{"fillpattern": {"fillmode": "overlay", "size": 10, "solidity": 0.2}, "type": "scatter"}], "parcoords": [{"type": "parcoords", "line": {"colorbar": {"outlinewidth": 0, "ticks": ""}}}], "scatterpolargl": [{"type": "scatterpolargl", "marker": {"colorbar": {"outlinewidth": 0, "ticks": ""}}}], "bar": [{"error_x": {"color": "#2a3f5f"}, "error_y": {"color": "#2a3f5f"}, "marker": {"line": {"color": "#E5ECF6", "width": 0.5}, "pattern": {"fillmode": "overlay", "size": 10, "solidity": 0.2}}, "type": "bar"}], "scattergeo": [{"type": "scattergeo", "marker": {"colorbar": {"outlinewidth": 0, "ticks": ""}}}], "scatterpolar": [{"type": "scatterpolar", "marker": {"colorbar": {"outlinewidth": 0, "ticks": ""}}}], "histogram": [{"marker": {"pattern": {"fillmode": "overlay", "size": 10, "solidity": 0.2}}, "type": "histogram"}], "scattergl": [{"type": "scattergl", "marker": {"colorbar": {"outlinewidth": 0, "ticks": ""}}}], "scatter3d": [{"type": "scatter3d", "line": {"colorbar": {"outlinewidth": 0, "ticks": ""}}, "marker": {"colorbar": {"outlinewidth": 0, "ticks": ""}}}], "scattermapbox": [{"type": "scattermapbox", "marker": {"colorbar": {"outlinewidth": 0, "ticks": ""}}}], "scatterternary": [{"type": "scatterternary", "marker": {"colorbar": {"outlinewidth": 0, "ticks": ""}}}], "scattercarpet": [{"type": "scattercarpet", "marker": {"colorbar": {"outlinewidth": 0, "ticks": ""}}}], "carpet": [{"aaxis": {"endlinecolor": "#2a3f5f", "gridcolor": "white", "linecolor": "white", "minorgridcolor": "white", "startlinecolor": "#2a3f5f"}, "baxis": {"endlinecolor": "#2a3f5f", "gridcolor": "white", "linecolor": "white", "minorgridcolor": "white", "startlinecolor": "#2a3f5f"}, "type": "carpet"}], "table": [{"cells": {"fill": {"color": "#EBF0F8"}, "line": {"color": "white"}}, "header": {"fill": {"color": "#C8D4E3"}, "line": {"color": "white"}}, "type": "table"}], "barpolar": [{"marker": {"line": {"color": "#E5ECF6", "width": 0.5}, "pattern": {"fillmode": "overlay", "size": 10, "solidity": 0.2}}, "type": "barpolar"}], "pie": [{"automargin": true, "type": "pie"}]}, "layout": {"autotypenumbers": "strict", "colorway": ["#636efa", "#EF553B", "#00cc96", "#ab63fa", "#FFA15A", "#19d3f3", "#FF6692", "#B6E880", "#FF97FF", "#FECB52"], "font": {"color": "#2a3f5f"}, "hovermode": "closest", "hoverlabel": {"align": "left"}, "paper_bgcolor": "white", "plot_bgcolor": "#E5ECF6", "polar": {"bgcolor": "#E5ECF6", "angularaxis": {"gridcolor": "white", "linecolor": "white", "ticks": ""}, "radialaxis": {"gridcolor": "white", "linecolor": "white", "ticks": ""}}, "ternary": {"bgcolor": "#E5ECF6", "aaxis": {"gridcolor": "white", "linecolor": "white", "ticks": ""}, "baxis": {"gridcolor": "white", "linecolor": "white", "ticks": ""}, "caxis": {"gridcolor": "white", "linecolor": "white", "ticks": ""}}, "coloraxis": {"colorbar": {"outlinewidth": 0, "ticks": ""}}, "colorscale": {"sequential": [[0.0, "#0d0887"], [0.1111111111111111, "#46039f"], [0.2222222222222222, "#7201a8"], [0.3333333333333333, "#9c179e"], [0.4444444444444444, "#bd3786"], [0.5555555555555556, "#d8576b"], [0.6666666666666666, "#ed7953"], [0.7777777777777778, "#fb9f3a"], [0.8888888888888888, "#fdca26"], [1.0, "#f0f921"]], "sequentialminus": [[0.0, "#0d0887"], [0.1111111111111111, "#46039f"], [0.2222222222222222, "#7201a8"], [0.3333333333333333, "#9c179e"], [0.4444444444444444, "#bd3786"], [0.5555555555555556, "#d8576b"], [0.6666666666666666, "#ed7953"], [0.7777777777777778, "#fb9f3a"], [0.8888888888888888, "#fdca26"], [1.0, "#f0f921"]], "diverging": [[0, "#8e0152"], [0.1, "#c51b7d"], [0.2, "#de77ae"], [0.3, "#f1b6da"], [0.4, "#fde0ef"], [0.5, "#f7f7f7"], [0.6, "#e6f5d0"], [0.7, "#b8e186"], [0.8, "#7fbc41"], [0.9, "#4d9221"], [1, "#276419"]]}, "xaxis": {"gridcolor": "white", "linecolor": "white", "ticks": "", "title": {"standoff": 15}, "zerolinecolor": "white", "automargin": true, "zerolinewidth": 2}, "yaxis": {"gridcolor": "white", "linecolor": "white", "ticks": "", "title": {"standoff": 15}, "zerolinecolor": "white", "automargin": true, "zerolinewidth": 2}, "scene": {"xaxis": {"backgroundcolor": "#E5ECF6", "gridcolor": "white", "linecolor": "white", "showbackground": true, "ticks": "", "zerolinecolor": "white", "gridwidth": 2}, "yaxis": {"backgroundcolor": "#E5ECF6", "gridcolor": "white", "linecolor": "white", "showbackground": true, "ticks": "", "zerolinecolor": "white", "gridwidth": 2}, "zaxis": {"backgroundcolor": "#E5ECF6", "gridcolor": "white", "linecolor": "white", "showbackground": true, "ticks": "", "zerolinecolor": "white", "gridwidth": 2}}, "shapedefaults": {"line": {"color": "#2a3f5f"}}, "annotationdefaults": {"arrowcolor": "#2a3f5f", "arrowhead": 0, "arrowwidth": 1}, "geo": {"bgcolor": "white", "landcolor": "#E5ECF6", "subunitcolor": "white", "showland": true, "showlakes": true, "lakecolor": "white"}, "title": {"x": 0.05}, "mapbox": {"style": "light"}}}}}