{"data": [{"z": [[26.653230667114258, 0.9102064371109009, 0.4313342869281769, -1.5134307146072388, 7.270999908447266, -2.541188955307007, -1.9432495832443237, 2.9936838150024414, 1.045647382736206, -7.015622615814209, 5.312938690185547, -1.6007308959960938, -0.2199012190103531, 0.6268424391746521, 0.19715054333209991, 4.3261260986328125, 0.20906579494476318, 1.3873043060302734, 2.4230172634124756, 3.2442736625671387, 2.823971748352051], [0.9102064371109009, 18.20643424987793, -2.5078816413879395, -0.32146164774894714, -2.637382745742798, -0.42472219467163086, -0.4886822998523712, -1.4608651399612427, -2.409097909927368, 4.883628845214844, 0.21937033534049988, -3.6463685035705566, 3.9995954036712646, -0.29376938939094543, -3.054149627685547, 1.0071848630905151, -2.164618492126465, 9.3240966796875, 4.5281982421875, 1.151706576347351, -2.839064598083496], [0.4313342869281769, -2.5078816413879395, 24.0263671875, 4.227078437805176, 2.719932794570923, 2.513078212738037, 5.987756729125977, -5.008275032043457, -0.9606642723083496, 0.48106086254119873, 1.071398377418518, 5.335910320281982, -5.477904796600342, 2.6131300926208496, -0.7182701826095581, 1.9690067768096924, -1.5209503173828125, -2.9778451919555664, 1.8399744033813477, 1.084179401397705, 0.055673956871032715], [-1.5134307146072388, -0.32146164774894714, 4.227078437805176, 26.49627685546875, 2.133167266845703, 2.087226629257202, 2.072230815887451, -6.125695705413818, -8.22144889831543, 5.147012710571289, 12.711012840270996, -4.532882213592529, 2.820228099822998, -0.5417692065238953, 1.5109567642211914, 3.3272759914398193, 0.17912650108337402, 3.201158285140991, 1.147500991821289, -1.159816026687622, 4.1676506996154785], [7.270999908447266, -2.637382745742798, 2.719932794570923, 2.133167266845703, 15.293536186218262, -2.6894516944885254, 3.6472036838531494, 2.4393470287323, 1.3134100437164307, -3.171046733856201, 3.9196414947509766, -1.2420960664749146, 1.6455284357070923, 4.603175640106201, 0.49744150042533875, 2.8936967849731445, -0.3053628206253052, -6.444037914276123, -0.020838499069213867, 2.1503429412841797, 3.706573009490967], [-2.541188955307007, -0.42472219467163086, 2.513078212738037, 2.087226629257202, -2.6894516944885254, 23.399215698242188, -1.2051324844360352, -1.1077637672424316, 3.4519920349121094, 3.5125021934509277, 0.15610024333000183, -3.6265690326690674, -3.0964033603668213, 0.7906137704849243, -0.2216118574142456, -0.4561726450920105, -6.326259613037109, 1.6410167217254639, -3.2146644592285156, 2.991140842437744, -6.137392044067383], [-1.9432495832443237, -0.4886822998523712, 5.987756729125977, 2.072230815887451, 3.6472036838531494, -1.2051324844360352, 19.006839752197266, 0.6594259142875671, 0.6374127864837646, 2.1432204246520996, -2.2371325492858887, 2.183821439743042, 1.5153772830963135, 3.0030033588409424, 1.7936478853225708, 3.3585634231567383, 2.586568832397461, 2.649345636367798, -2.6822195053100586, -0.926375150680542, -9.771440505981445], [2.9936838150024414, -1.4608651399612427, -5.008275032043457, -6.125695705413818, 2.4393470287323, -1.1077637672424316, 0.6594259142875671, 19.554157257080078, 2.7459402084350586, -2.230487585067749, -3.2126271724700928, -4.254560947418213, -0.2957674264907837, -3.6246962547302246, 1.237674355506897, 1.1259182691574097, 2.2517971992492676, -3.4029736518859863, 6.071134090423584, -5.032732963562012, 0.171492338180542], [1.045647382736206, -2.409097909927368, -0.9606642723083496, -8.22144889831543, 1.3134100437164307, 3.4519920349121094, 0.6374127864837646, 2.7459402084350586, 20.973987579345703, 2.019491672515869, -7.453094482421875, -0.7622444033622742, 2.7820401191711426, 2.6624691486358643, 1.1057984828948975, -0.24957303702831268, 0.06631404161453247, -4.457822799682617, -2.00742769241333, 4.388911247253418, -9.795074462890625], [-7.015622615814209, 4.883628845214844, 0.48106086254119873, 5.147012710571289, -3.171046733856201, 3.5125021934509277, 2.1432204246520996, -2.230487585067749, 2.019491672515869, 20.426183700561523, -4.783802032470703, -5.927999019622803, 1.8742233514785767, -4.021817207336426, -4.512994289398193, 0.18997979164123535, -0.6233296394348145, 4.729016304016113, 3.316342830657959, 1.523076057434082, -13.93518352508545], [5.312938690185547, 0.21937033534049988, 1.071398377418518, 12.711012840270996, 3.9196414947509766, 0.15610024333000183, -2.2371325492858887, -3.2126271724700928, -7.453094482421875, -4.783802032470703, 20.284286499023438, -2.8001224994659424, 2.0268025398254395, 1.7006099224090576, 5.445863723754883, -2.469740390777588, 1.8033978939056396, -2.8031630516052246, 2.815721273422241, 4.92289400100708, 7.939377784729004], [-1.6007308959960938, -3.6463685035705566, 5.335910320281982, -4.532882213592529, -1.2420960664749146, -3.6265690326690674, 2.183821439743042, -4.254560947418213, -0.7622444033622742, -5.927999019622803, -2.8001224994659424, 24.1955509185791, 3.7916440963745117, 3.7907276153564453, -1.0347557067871094, 2.682934284210205, -3.2278189659118652, -1.6066484451293945, -1.6184642314910889, -1.7775368690490723, 5.981614589691162], [-0.2199012190103531, 3.9995954036712646, -5.477904796600342, 2.820228099822998, 1.6455284357070923, -3.0964033603668213, 1.5153772830963135, -0.2957674264907837, 2.7820401191711426, 1.8742233514785767, 2.0268025398254395, 3.7916440963745117, 22.609086990356445, -4.098448753356934, 2.5855398178100586, -1.8688863515853882, -6.786038398742676, 3.404039144515991, 1.8151459693908691, -3.0571560859680176, 5.789153099060059], [0.6268424391746521, -0.29376938939094543, 2.6131300926208496, -0.5417692065238953, 4.603175640106201, 0.7906137704849243, 3.0030033588409424, -3.6246962547302246, 2.6624691486358643, -4.021817207336426, 1.7006099224090576, 3.7907276153564453, -4.098448753356934, 18.90557289123535, 1.7132965326309204, 3.578704357147217, -0.34831851720809937, 0.714505672454834, -7.513586044311523, 0.9728963375091553, -5.6620869636535645], [0.19715054333209991, -3.054149627685547, -0.7182701826095581, 1.5109567642211914, 0.49744150042533875, -0.2216118574142456, 1.7936478853225708, 1.237674355506897, 1.1057984828948975, -4.512994289398193, 5.445863723754883, -1.0347557067871094, 2.5855398178100586, 1.7132965326309204, 19.20452880859375, -2.1876354217529297, 1.056513786315918, -4.852813720703125, -1.4120829105377197, 0.09151792526245117, -1.2868585586547852], [4.3261260986328125, 1.0071848630905151, 1.9690067768096924, 3.3272759914398193, 2.8936967849731445, -0.4561726450920105, 3.3585634231567383, 1.1259182691574097, -0.24957303702831268, 0.18997979164123535, -2.469740390777588, 2.682934284210205, -1.8688863515853882, 3.578704357147217, -2.1876354217529297, 12.000728607177734, 0.6908490657806396, -0.3110772371292114, 4.037759304046631, -1.3801343441009521, -4.0994062423706055], [0.20906569063663483, -2.1646182537078857, -1.5209506750106812, 0.1791256070137024, -0.3053629696369171, -6.326260566711426, 2.5865697860717773, 2.2517964839935303, 0.06631386280059814, -0.6233300566673279, 1.80339777469635, -3.2278201580047607, -6.786038875579834, -0.3483186364173889, 1.0565131902694702, 0.6908490061759949, 24.520862579345703, 3.6025779247283936, -2.681623935699463, 7.457553386688232, -4.264420509338379], [1.387304425239563, 9.3240966796875, -2.9778454303741455, 3.201158285140991, -6.444037914276123, 1.6410167217254639, 2.6493451595306396, -3.4029741287231445, -4.457823276519775, 4.7290167808532715, -2.8031632900238037, -1.6066480875015259, 3.4040400981903076, 0.7145059704780579, -4.852814197540283, -0.31107738614082336, 3.6025779247283936, 25.7160587310791, -3.615020751953125, -3.063462495803833, -3.4971489906311035], [2.4230170249938965, 4.528198719024658, 1.8399754762649536, 1.1475015878677368, -0.020838582888245583, -3.214664936065674, -2.682220220565796, 6.071134567260742, -2.007427930831909, 3.316342830657959, 2.815720796585083, -1.618464708328247, 1.8151459693908691, -7.513585090637207, -1.4120830297470093, 4.037758827209473, -2.681623935699463, -3.615020751953125, 21.930370330810547, -5.247724533081055, -3.1412272453308105], [3.244274139404297, 1.1517060995101929, 1.0841789245605469, -1.159815788269043, 2.150343418121338, 2.991140842437744, -0.9263756275177002, -5.0327324867248535, 4.388911724090576, 1.523076057434082, 4.922895908355713, -1.7775380611419678, -3.0571558475494385, 0.9728966355323792, 0.09151739627122879, -1.380134105682373, 7.457553386688232, -3.063462495803833, -5.247724533081055, 23.73908805847168, 0.6798306703567505], [2.823972225189209, -2.8390650749206543, 0.055673748254776, 4.167651176452637, 3.7065725326538086, -6.137391567230225, -9.771440505981445, 0.17149221897125244, -9.795075416564941, -13.935182571411133, 7.939377784729004, 5.981614589691162, 5.789153099060059, -5.662086486816406, -1.2868585586547852, -4.0994062423706055, -4.264420509338379, -3.4971489906311035, -3.1412272453308105, 0.6798305511474609, 47.48805236816406]], "type": "heatmap"}], "layout": {"template": {"data": {"histogram2dcontour": [{"type": "histogram2dcontour", "colorbar": {"outlinewidth": 0, "ticks": ""}, "colorscale": [[0.0, "#0d0887"], [0.1111111111111111, "#46039f"], [0.2222222222222222, "#7201a8"], [0.3333333333333333, "#9c179e"], [0.4444444444444444, "#bd3786"], [0.5555555555555556, "#d8576b"], [0.6666666666666666, "#ed7953"], [0.7777777777777778, "#fb9f3a"], [0.8888888888888888, "#fdca26"], [1.0, "#f0f921"]]}], "choropleth": [{"type": "choropleth", "colorbar": {"outlinewidth": 0, "ticks": ""}}], "histogram2d": [{"type": "histogram2d", "colorbar": {"outlinewidth": 0, "ticks": ""}, "colorscale": [[0.0, "#0d0887"], [0.1111111111111111, "#46039f"], [0.2222222222222222, "#7201a8"], [0.3333333333333333, "#9c179e"], [0.4444444444444444, "#bd3786"], [0.5555555555555556, "#d8576b"], [0.6666666666666666, "#ed7953"], [0.7777777777777778, "#fb9f3a"], [0.8888888888888888, "#fdca26"], [1.0, "#f0f921"]]}], "heatmap": [{"type": "heatmap", "colorbar": {"outlinewidth": 0, "ticks": ""}, "colorscale": [[0.0, "#0d0887"], [0.1111111111111111, "#46039f"], [0.2222222222222222, "#7201a8"], [0.3333333333333333, "#9c179e"], [0.4444444444444444, "#bd3786"], [0.5555555555555556, "#d8576b"], [0.6666666666666666, "#ed7953"], [0.7777777777777778, "#fb9f3a"], [0.8888888888888888, "#fdca26"], [1.0, "#f0f921"]]}], "heatmapgl": [{"type": "heatmapgl", "colorbar": {"outlinewidth": 0, "ticks": ""}, "colorscale": [[0.0, "#0d0887"], [0.1111111111111111, "#46039f"], [0.2222222222222222, "#7201a8"], [0.3333333333333333, "#9c179e"], [0.4444444444444444, "#bd3786"], [0.5555555555555556, "#d8576b"], [0.6666666666666666, "#ed7953"], [0.7777777777777778, "#fb9f3a"], [0.8888888888888888, "#fdca26"], [1.0, "#f0f921"]]}], "contourcarpet": [{"type": "contourcarpet", "colorbar": {"outlinewidth": 0, "ticks": ""}}], "contour": [{"type": "contour", "colorbar": {"outlinewidth": 0, "ticks": ""}, "colorscale": [[0.0, "#0d0887"], [0.1111111111111111, "#46039f"], [0.2222222222222222, "#7201a8"], [0.3333333333333333, "#9c179e"], [0.4444444444444444, "#bd3786"], [0.5555555555555556, "#d8576b"], [0.6666666666666666, "#ed7953"], [0.7777777777777778, "#fb9f3a"], [0.8888888888888888, "#fdca26"], [1.0, "#f0f921"]]}], "surface": [{"type": "surface", "colorbar": {"outlinewidth": 0, "ticks": ""}, "colorscale": [[0.0, "#0d0887"], [0.1111111111111111, "#46039f"], [0.2222222222222222, "#7201a8"], [0.3333333333333333, "#9c179e"], [0.4444444444444444, "#bd3786"], [0.5555555555555556, "#d8576b"], [0.6666666666666666, "#ed7953"], [0.7777777777777778, "#fb9f3a"], [0.8888888888888888, "#fdca26"], [1.0, "#f0f921"]]}], "mesh3d": [{"type": "mesh3d", "colorbar": {"outlinewidth": 0, "ticks": ""}}], "scatter": [{"fillpattern": {"fillmode": "overlay", "size": 10, "solidity": 0.2}, "type": "scatter"}], "parcoords": [{"type": "parcoords", "line": {"colorbar": {"outlinewidth": 0, "ticks": ""}}}], "scatterpolargl": [{"type": "scatterpolargl", "marker": {"colorbar": {"outlinewidth": 0, "ticks": ""}}}], "bar": [{"error_x": {"color": "#2a3f5f"}, "error_y": {"color": "#2a3f5f"}, "marker": {"line": {"color": "#E5ECF6", "width": 0.5}, "pattern": {"fillmode": "overlay", "size": 10, "solidity": 0.2}}, "type": "bar"}], "scattergeo": [{"type": "scattergeo", "marker": {"colorbar": {"outlinewidth": 0, "ticks": ""}}}], "scatterpolar": [{"type": "scatterpolar", "marker": {"colorbar": {"outlinewidth": 0, "ticks": ""}}}], "histogram": [{"marker": {"pattern": {"fillmode": "overlay", "size": 10, "solidity": 0.2}}, "type": "histogram"}], "scattergl": [{"type": "scattergl", "marker": {"colorbar": {"outlinewidth": 0, "ticks": ""}}}], "scatter3d": [{"type": "scatter3d", "line": {"colorbar": {"outlinewidth": 0, "ticks": ""}}, "marker": {"colorbar": {"outlinewidth": 0, "ticks": ""}}}], "scattermapbox": [{"type": "scattermapbox", "marker": {"colorbar": {"outlinewidth": 0, "ticks": ""}}}], "scatterternary": [{"type": "scatterternary", "marker": {"colorbar": {"outlinewidth": 0, "ticks": ""}}}], "scattercarpet": [{"type": "scattercarpet", "marker": {"colorbar": {"outlinewidth": 0, "ticks": ""}}}], "carpet": [{"aaxis": {"endlinecolor": "#2a3f5f", "gridcolor": "white", "linecolor": "white", "minorgridcolor": "white", "startlinecolor": "#2a3f5f"}, "baxis": {"endlinecolor": "#2a3f5f", "gridcolor": "white", "linecolor": "white", "minorgridcolor": "white", "startlinecolor": "#2a3f5f"}, "type": "carpet"}], "table": [{"cells": {"fill": {"color": "#EBF0F8"}, "line": {"color": "white"}}, "header": {"fill": {"color": "#C8D4E3"}, "line": {"color": "white"}}, "type": "table"}], "barpolar": [{"marker": {"line": {"color": "#E5ECF6", "width": 0.5}, "pattern": {"fillmode": "overlay", "size": 10, "solidity": 0.2}}, "type": "barpolar"}], "pie": [{"automargin": true, "type": "pie"}]}, "layout": {"autotypenumbers": "strict", "colorway": ["#636efa", "#EF553B", "#00cc96", "#ab63fa", "#FFA15A", "#19d3f3", "#FF6692", "#B6E880", "#FF97FF", "#FECB52"], "font": {"color": "#2a3f5f"}, "hovermode": "closest", "hoverlabel": {"align": "left"}, "paper_bgcolor": "white", "plot_bgcolor": "#E5ECF6", "polar": {"bgcolor": "#E5ECF6", "angularaxis": {"gridcolor": "white", "linecolor": "white", "ticks": ""}, "radialaxis": {"gridcolor": "white", "linecolor": "white", "ticks": ""}}, "ternary": {"bgcolor": "#E5ECF6", "aaxis": {"gridcolor": "white", "linecolor": "white", "ticks": ""}, "baxis": {"gridcolor": "white", "linecolor": "white", "ticks": ""}, "caxis": {"gridcolor": "white", "linecolor": "white", "ticks": ""}}, "coloraxis": {"colorbar": {"outlinewidth": 0, "ticks": ""}}, "colorscale": {"sequential": [[0.0, "#0d0887"], [0.1111111111111111, "#46039f"], [0.2222222222222222, "#7201a8"], [0.3333333333333333, "#9c179e"], [0.4444444444444444, "#bd3786"], [0.5555555555555556, "#d8576b"], [0.6666666666666666, "#ed7953"], [0.7777777777777778, "#fb9f3a"], [0.8888888888888888, "#fdca26"], [1.0, "#f0f921"]], "sequentialminus": [[0.0, "#0d0887"], [0.1111111111111111, "#46039f"], [0.2222222222222222, "#7201a8"], [0.3333333333333333, "#9c179e"], [0.4444444444444444, "#bd3786"], [0.5555555555555556, "#d8576b"], [0.6666666666666666, "#ed7953"], [0.7777777777777778, "#fb9f3a"], [0.8888888888888888, "#fdca26"], [1.0, "#f0f921"]], "diverging": [[0, "#8e0152"], [0.1, "#c51b7d"], [0.2, "#de77ae"], [0.3, "#f1b6da"], [0.4, "#fde0ef"], [0.5, "#f7f7f7"], [0.6, "#e6f5d0"], [0.7, "#b8e186"], [0.8, "#7fbc41"], [0.9, "#4d9221"], [1, "#276419"]]}, "xaxis": {"gridcolor": "white", "linecolor": "white", "ticks": "", "title": {"standoff": 15}, "zerolinecolor": "white", "automargin": true, "zerolinewidth": 2}, "yaxis": {"gridcolor": "white", "linecolor": "white", "ticks": "", "title": {"standoff": 15}, "zerolinecolor": "white", "automargin": true, "zerolinewidth": 2}, "scene": {"xaxis": {"backgroundcolor": "#E5ECF6", "gridcolor": "white", "linecolor": "white", "showbackground": true, "ticks": "", "zerolinecolor": "white", "gridwidth": 2}, "yaxis": {"backgroundcolor": "#E5ECF6", "gridcolor": "white", "linecolor": "white", "showbackground": true, "ticks": "", "zerolinecolor": "white", "gridwidth": 2}, "zaxis": {"backgroundcolor": "#E5ECF6", "gridcolor": "white", "linecolor": "white", "showbackground": true, "ticks": "", "zerolinecolor": "white", "gridwidth": 2}}, "shapedefaults": {"line": {"color": "#2a3f5f"}}, "annotationdefaults": {"arrowcolor": "#2a3f5f", "arrowhead": 0, "arrowwidth": 1}, "geo": {"bgcolor": "white", "landcolor": "#E5ECF6", "subunitcolor": "white", "showland": true, "showlakes": true, "lakecolor": "white"}, "title": {"x": 0.05}, "mapbox": {"style": "light"}}}}}