{"data": [{"z": [[24.535661697387695, 1.534554123878479, 0.8813549876213074, -0.6714450120925903, 6.905379772186279, -1.606895923614502, -0.8016269207000732, 3.5484414100646973, 1.4279465675354004, -5.256170749664307, 5.294923782348633, -0.970734715461731, 0.4984723627567291, 1.527413010597229, 0.7848834991455078, 4.4908127784729, 0.7898667454719543, 1.9361145496368408, 2.457667350769043, 3.396317481994629, 2.0261178016662598], [1.534554123878479, 17.269033432006836, -2.1364734172821045, 0.5032714605331421, -2.024219512939453, 0.3728303909301758, -0.20414216816425323, -0.40395790338516235, -1.8310316801071167, 5.168055057525635, 0.9630420804023743, -3.2953073978424072, 4.001264572143555, 0.29448264837265015, -2.2534303665161133, 1.646462321281433, -1.691815733909607, 8.766399383544922, 4.358233451843262, 1.2029070854187012, -3.155550718307495], [0.8813549876213074, -2.1364734172821045, 22.51325798034668, 4.022623538970947, 2.7322652339935303, 2.653869390487671, 6.061398506164551, -3.9540717601776123, -0.049442704766988754, 0.9333542585372925, 1.4470760822296143, 5.678369522094727, -4.62177038192749, 2.9811086654663086, -0.09902811050415039, 2.4074008464813232, -0.9245455265045166, -2.439167022705078, 2.110255002975464, 1.408808946609497, -0.3271057605743408], [-0.6714450120925903, 0.5032714605331421, 4.022623538970947, 24.94703483581543, 2.203547716140747, 2.850125312805176, 2.4867732524871826, -5.2512335777282715, -6.446195602416992, 5.64906120300293, 11.910655975341797, -3.6555395126342773, 3.453758955001831, 0.07736526429653168, 1.808924674987793, 3.4072160720825195, 0.4004828929901123, 3.332242012023926, 1.5664000511169434, -0.2019428014755249, 3.4432926177978516], [6.905379772186279, -2.024219512939453, 2.7322652339935303, 2.203547716140747, 14.441072463989258, -2.040497064590454, 3.751511812210083, 2.646519184112549, 1.6934950351715088, -2.0393900871276855, 3.478334665298462, -0.7814612984657288, 2.039483070373535, 4.640499591827393, 0.7863630056381226, 2.8262031078338623, 0.19080829620361328, -5.386734485626221, 0.3125755786895752, 2.3163352012634277, 3.293402671813965], [-1.606895923614502, 0.3728303909301758, 2.653869390487671, 2.850125312805176, -2.040497064590454, 21.51443862915039, -0.6798556447029114, -0.23174817860126495, 3.3639678955078125, 3.824036121368408, 0.9264357686042786, -2.5274996757507324, -1.7057090997695923, 0.9856964349746704, 0.15363891422748566, -0.10462600737810135, -5.57086706161499, 1.713329792022705, -1.7292096614837646, 3.1492791175842285, -6.073824882507324], [-0.8016269207000732, -0.20414216816425323, 6.061398506164551, 2.4867732524871826, 3.751511812210083, -0.6798556447029114, 17.576148986816406, 1.0441548824310303, 1.1211003065109253, 2.3256382942199707, -1.5688074827194214, 2.669299840927124, 1.4417616128921509, 3.303053379058838, 2.0023672580718994, 3.5430192947387695, 2.948190450668335, 2.1963212490081787, -1.8787503242492676, -0.10805821418762207, -9.476516723632812], [3.5484414100646973, -0.40395790338516235, -3.9540717601776123, -5.2512335777282715, 2.646519184112549, -0.23174817860126495, 1.0441548824310303, 18.70550537109375, 3.1678261756896973, -1.093550443649292, -2.7032370567321777, -3.7410483360290527, 0.18187810480594635, -3.0062685012817383, 1.3636523485183716, 1.4945708513259888, 2.415743827819824, -2.7562429904937744, 6.031428337097168, -3.9583969116210938, -0.4726906418800354], [1.4279465675354004, -1.8310316801071167, -0.049442704766988754, -6.446195602416992, 1.6934950351715088, 3.3639678955078125, 1.1211003065109253, 3.1678261756896973, 18.764404296875, 2.42079758644104, -5.78168249130249, -0.09531648457050323, 2.9996566772460938, 2.542590618133545, 1.7242125272750854, 0.19758811593055725, 0.347261905670166, -4.107003688812256, -1.1619975566864014, 4.0038347244262695, -9.545703887939453], [-5.256170749664307, 5.168055057525635, 0.9333542585372925, 5.64906120300293, -2.0393900871276855, 3.824036121368408, 2.3256382942199707, -1.093550443649292, 2.42079758644104, 19.286062240600586, -3.377634048461914, -4.752270698547363, 2.2206878662109375, -3.554903984069824, -3.613680124282837, 0.9710900187492371, -0.6153713464736938, 4.5059380531311035, 3.800236225128174, 1.733534574508667, -13.67444896697998], [5.294923782348633, 0.9630420804023743, 1.4470760822296143, 11.910655975341797, 3.478334665298462, 0.9264357686042786, -1.5688074827194214, -2.7032370567321777, -5.78168249130249, -3.377634048461914, 18.58439064025879, -2.121443033218384, 2.394170045852661, 1.953351616859436, 5.557688236236572, -1.887331247329712, 1.9474871158599854, -1.8633742332458496, 2.677859306335449, 5.156327247619629, 7.1254777908325195], [-0.970734715461731, -3.2953073978424072, 5.678369522094727, -3.6555395126342773, -0.7814612984657288, -2.5274996757507324, 2.669299840927124, -3.7410483360290527, -0.09531648457050323, -4.752270698547363, -2.121443033218384, 22.136127471923828, 3.528671979904175, 4.142693042755127, -0.3006328344345093, 2.826047897338867, -2.559053421020508, -1.3468327522277832, -1.3124439716339111, -1.1206920146942139, 4.736906051635742], [0.4984723627567291, 4.001264572143555, -4.62177038192749, 3.453758955001831, 2.039483070373535, -1.7057090997695923, 1.4417616128921509, 0.18187810480594635, 2.9996566772460938, 2.2206878662109375, 2.394170045852661, 3.528671979904175, 20.1529483795166, -2.974496603012085, 2.911498546600342, -1.0692490339279175, -5.800023078918457, 2.8942456245422363, 1.9101450443267822, -2.357819080352783, 5.2396392822265625], [1.527413010597229, 0.29448264837265015, 2.9811086654663086, 0.07736526429653168, 4.640499591827393, 0.9856964349746704, 3.303053379058838, -3.0062685012817383, 2.542590618133545, -3.554903984069824, 1.953351616859436, 4.142693042755127, -2.974496603012085, 17.43732261657715, 1.8457748889923096, 3.4747426509857178, -0.13212800025939941, 0.9462178945541382, -6.2547197341918945, 1.7088711261749268, -5.459269046783447], [0.7848834991455078, -2.2534303665161133, -0.09902811050415039, 1.808924674987793, 0.7863630056381226, 0.15363891422748566, 2.0023672580718994, 1.3636523485183716, 1.7242125272750854, -3.613680124282837, 5.557688236236572, -0.3006328344345093, 2.911498546600342, 1.8457748889923096, 18.162912368774414, -1.5676026344299316, 1.3873939514160156, -4.10542631149292, -1.0656936168670654, 0.8468832969665527, -1.6513149738311768], [4.4908127784729, 1.646462321281433, 2.4074008464813232, 3.4072160720825195, 2.8262031078338623, -0.10462600737810135, 3.5430192947387695, 1.4945708513259888, 0.19758811593055725, 0.9710900187492371, -1.887331247329712, 2.826047897338867, -1.0692490339279175, 3.4747426509857178, -1.5676026344299316, 11.46757984161377, 1.1119487285614014, 0.18934577703475952, 4.168219566345215, -0.5630226135253906, -4.338377952575684], [0.7898670434951782, -1.6918160915374756, -0.9245456457138062, 0.40048307180404663, 0.1908084750175476, -5.570866107940674, 2.948190212249756, 2.415743112564087, 0.34726184606552124, -0.6153713464736938, 1.9474867582321167, -2.559053421020508, -5.800021648406982, -0.13212791085243225, 1.3873932361602783, 1.1119486093521118, 23.07315444946289, 3.4275925159454346, -2.103393316268921, 7.215099334716797, -4.423672676086426], [1.9361151456832886, 8.766398429870605, -2.4391672611236572, 3.332242250442505, -5.386734485626221, 1.7133299112319946, 2.1963212490081787, -2.756242513656616, -4.107003211975098, 4.5059380531311035, -1.8633736371994019, -1.3468321561813354, 2.8942456245422363, 0.9462182521820068, -4.10542631149292, 0.18934574723243713, 3.4275925159454346, 23.304981231689453, -2.78943133354187, -2.403571605682373, -3.6287832260131836], [2.457667350769043, 4.35823392868042, 2.110255718231201, 1.5663995742797852, 0.31257545948028564, -1.7292096614837646, -1.8787503242492676, 6.031429290771484, -1.1619977951049805, 3.800236225128174, 2.6778597831726074, -1.3124438524246216, 1.9101451635360718, -6.2547197341918945, -1.0656936168670654, 4.168219089508057, -2.103393316268921, -2.78943133354187, 19.923194885253906, -4.4837751388549805, -3.184692621231079], [3.3963167667388916, 1.2029080390930176, 1.4088093042373657, -0.2019432932138443, 2.316335678100586, 3.1492793560028076, -0.1080581545829773, -3.9583961963653564, 4.0038347244262695, 1.7335344552993774, 5.1563262939453125, -1.120692253112793, -2.3578193187713623, 1.708870768547058, 0.8468837141990662, -0.5630226135253906, 7.215099334716797, -2.403571605682373, -4.4837751388549805, 21.807334899902344, 0.34437718987464905], [2.0261178016662598, -3.155550956726074, -0.3271059989929199, 3.4432928562164307, 3.2934021949768066, -6.073823928833008, -9.476516723632812, -0.47269129753112793, -9.545703887939453, -13.674447059631348, 7.125476837158203, 4.736905097961426, 5.239640235900879, -5.459269046783447, -1.6513147354125977, -4.338377952575684, -4.423672676086426, -3.6287834644317627, -3.184692859649658, 0.3443770408630371, 47.48805236816406]], "type": "heatmap"}], "layout": {"template": {"data": {"histogram2dcontour": [{"type": "histogram2dcontour", "colorbar": {"outlinewidth": 0, "ticks": ""}, "colorscale": [[0.0, "#0d0887"], [0.1111111111111111, "#46039f"], [0.2222222222222222, "#7201a8"], [0.3333333333333333, "#9c179e"], [0.4444444444444444, "#bd3786"], [0.5555555555555556, "#d8576b"], [0.6666666666666666, "#ed7953"], [0.7777777777777778, "#fb9f3a"], [0.8888888888888888, "#fdca26"], [1.0, "#f0f921"]]}], "choropleth": [{"type": "choropleth", "colorbar": {"outlinewidth": 0, "ticks": ""}}], "histogram2d": [{"type": "histogram2d", "colorbar": {"outlinewidth": 0, "ticks": ""}, "colorscale": [[0.0, "#0d0887"], [0.1111111111111111, "#46039f"], [0.2222222222222222, "#7201a8"], [0.3333333333333333, "#9c179e"], [0.4444444444444444, "#bd3786"], [0.5555555555555556, "#d8576b"], [0.6666666666666666, "#ed7953"], [0.7777777777777778, "#fb9f3a"], [0.8888888888888888, "#fdca26"], [1.0, "#f0f921"]]}], "heatmap": [{"type": "heatmap", "colorbar": {"outlinewidth": 0, "ticks": ""}, "colorscale": [[0.0, "#0d0887"], [0.1111111111111111, "#46039f"], [0.2222222222222222, "#7201a8"], [0.3333333333333333, "#9c179e"], [0.4444444444444444, "#bd3786"], [0.5555555555555556, "#d8576b"], [0.6666666666666666, "#ed7953"], [0.7777777777777778, "#fb9f3a"], [0.8888888888888888, "#fdca26"], [1.0, "#f0f921"]]}], "heatmapgl": [{"type": "heatmapgl", "colorbar": {"outlinewidth": 0, "ticks": ""}, "colorscale": [[0.0, "#0d0887"], [0.1111111111111111, "#46039f"], [0.2222222222222222, "#7201a8"], [0.3333333333333333, "#9c179e"], [0.4444444444444444, "#bd3786"], [0.5555555555555556, "#d8576b"], [0.6666666666666666, "#ed7953"], [0.7777777777777778, "#fb9f3a"], [0.8888888888888888, "#fdca26"], [1.0, "#f0f921"]]}], "contourcarpet": [{"type": "contourcarpet", "colorbar": {"outlinewidth": 0, "ticks": ""}}], "contour": [{"type": "contour", "colorbar": {"outlinewidth": 0, "ticks": ""}, "colorscale": [[0.0, "#0d0887"], [0.1111111111111111, "#46039f"], [0.2222222222222222, "#7201a8"], [0.3333333333333333, "#9c179e"], [0.4444444444444444, "#bd3786"], [0.5555555555555556, "#d8576b"], [0.6666666666666666, "#ed7953"], [0.7777777777777778, "#fb9f3a"], [0.8888888888888888, "#fdca26"], [1.0, "#f0f921"]]}], "surface": [{"type": "surface", "colorbar": {"outlinewidth": 0, "ticks": ""}, "colorscale": [[0.0, "#0d0887"], [0.1111111111111111, "#46039f"], [0.2222222222222222, "#7201a8"], [0.3333333333333333, "#9c179e"], [0.4444444444444444, "#bd3786"], [0.5555555555555556, "#d8576b"], [0.6666666666666666, "#ed7953"], [0.7777777777777778, "#fb9f3a"], [0.8888888888888888, "#fdca26"], [1.0, "#f0f921"]]}], "mesh3d": [{"type": "mesh3d", "colorbar": {"outlinewidth": 0, "ticks": ""}}], "scatter": [{"fillpattern": {"fillmode": "overlay", "size": 10, "solidity": 0.2}, "type": "scatter"}], "parcoords": [{"type": "parcoords", "line": {"colorbar": {"outlinewidth": 0, "ticks": ""}}}], "scatterpolargl": [{"type": "scatterpolargl", "marker": {"colorbar": {"outlinewidth": 0, "ticks": ""}}}], "bar": [{"error_x": {"color": "#2a3f5f"}, "error_y": {"color": "#2a3f5f"}, "marker": {"line": {"color": "#E5ECF6", "width": 0.5}, "pattern": {"fillmode": "overlay", "size": 10, "solidity": 0.2}}, "type": "bar"}], "scattergeo": [{"type": "scattergeo", "marker": {"colorbar": {"outlinewidth": 0, "ticks": ""}}}], "scatterpolar": [{"type": "scatterpolar", "marker": {"colorbar": {"outlinewidth": 0, "ticks": ""}}}], "histogram": [{"marker": {"pattern": {"fillmode": "overlay", "size": 10, "solidity": 0.2}}, "type": "histogram"}], "scattergl": [{"type": "scattergl", "marker": {"colorbar": {"outlinewidth": 0, "ticks": ""}}}], "scatter3d": [{"type": "scatter3d", "line": {"colorbar": {"outlinewidth": 0, "ticks": ""}}, "marker": {"colorbar": {"outlinewidth": 0, "ticks": ""}}}], "scattermapbox": [{"type": "scattermapbox", "marker": {"colorbar": {"outlinewidth": 0, "ticks": ""}}}], "scatterternary": [{"type": "scatterternary", "marker": {"colorbar": {"outlinewidth": 0, "ticks": ""}}}], "scattercarpet": [{"type": "scattercarpet", "marker": {"colorbar": {"outlinewidth": 0, "ticks": ""}}}], "carpet": [{"aaxis": {"endlinecolor": "#2a3f5f", "gridcolor": "white", "linecolor": "white", "minorgridcolor": "white", "startlinecolor": "#2a3f5f"}, "baxis": {"endlinecolor": "#2a3f5f", "gridcolor": "white", "linecolor": "white", "minorgridcolor": "white", "startlinecolor": "#2a3f5f"}, "type": "carpet"}], "table": [{"cells": {"fill": {"color": "#EBF0F8"}, "line": {"color": "white"}}, "header": {"fill": {"color": "#C8D4E3"}, "line": {"color": "white"}}, "type": "table"}], "barpolar": [{"marker": {"line": {"color": "#E5ECF6", "width": 0.5}, "pattern": {"fillmode": "overlay", "size": 10, "solidity": 0.2}}, "type": "barpolar"}], "pie": [{"automargin": true, "type": "pie"}]}, "layout": {"autotypenumbers": "strict", "colorway": ["#636efa", "#EF553B", "#00cc96", "#ab63fa", "#FFA15A", "#19d3f3", "#FF6692", "#B6E880", "#FF97FF", "#FECB52"], "font": {"color": "#2a3f5f"}, "hovermode": "closest", "hoverlabel": {"align": "left"}, "paper_bgcolor": "white", "plot_bgcolor": "#E5ECF6", "polar": {"bgcolor": "#E5ECF6", "angularaxis": {"gridcolor": "white", "linecolor": "white", "ticks": ""}, "radialaxis": {"gridcolor": "white", "linecolor": "white", "ticks": ""}}, "ternary": {"bgcolor": "#E5ECF6", "aaxis": {"gridcolor": "white", "linecolor": "white", "ticks": ""}, "baxis": {"gridcolor": "white", "linecolor": "white", "ticks": ""}, "caxis": {"gridcolor": "white", "linecolor": "white", "ticks": ""}}, "coloraxis": {"colorbar": {"outlinewidth": 0, "ticks": ""}}, "colorscale": {"sequential": [[0.0, "#0d0887"], [0.1111111111111111, "#46039f"], [0.2222222222222222, "#7201a8"], [0.3333333333333333, "#9c179e"], [0.4444444444444444, "#bd3786"], [0.5555555555555556, "#d8576b"], [0.6666666666666666, "#ed7953"], [0.7777777777777778, "#fb9f3a"], [0.8888888888888888, "#fdca26"], [1.0, "#f0f921"]], "sequentialminus": [[0.0, "#0d0887"], [0.1111111111111111, "#46039f"], [0.2222222222222222, "#7201a8"], [0.3333333333333333, "#9c179e"], [0.4444444444444444, "#bd3786"], [0.5555555555555556, "#d8576b"], [0.6666666666666666, "#ed7953"], [0.7777777777777778, "#fb9f3a"], [0.8888888888888888, "#fdca26"], [1.0, "#f0f921"]], "diverging": [[0, "#8e0152"], [0.1, "#c51b7d"], [0.2, "#de77ae"], [0.3, "#f1b6da"], [0.4, "#fde0ef"], [0.5, "#f7f7f7"], [0.6, "#e6f5d0"], [0.7, "#b8e186"], [0.8, "#7fbc41"], [0.9, "#4d9221"], [1, "#276419"]]}, "xaxis": {"gridcolor": "white", "linecolor": "white", "ticks": "", "title": {"standoff": 15}, "zerolinecolor": "white", "automargin": true, "zerolinewidth": 2}, "yaxis": {"gridcolor": "white", "linecolor": "white", "ticks": "", "title": {"standoff": 15}, "zerolinecolor": "white", "automargin": true, "zerolinewidth": 2}, "scene": {"xaxis": {"backgroundcolor": "#E5ECF6", "gridcolor": "white", "linecolor": "white", "showbackground": true, "ticks": "", "zerolinecolor": "white", "gridwidth": 2}, "yaxis": {"backgroundcolor": "#E5ECF6", "gridcolor": "white", "linecolor": "white", "showbackground": true, "ticks": "", "zerolinecolor": "white", "gridwidth": 2}, "zaxis": {"backgroundcolor": "#E5ECF6", "gridcolor": "white", "linecolor": "white", "showbackground": true, "ticks": "", "zerolinecolor": "white", "gridwidth": 2}}, "shapedefaults": {"line": {"color": "#2a3f5f"}}, "annotationdefaults": {"arrowcolor": "#2a3f5f", "arrowhead": 0, "arrowwidth": 1}, "geo": {"bgcolor": "white", "landcolor": "#E5ECF6", "subunitcolor": "white", "showland": true, "showlakes": true, "lakecolor": "white"}, "title": {"x": 0.05}, "mapbox": {"style": "light"}}}}}