{"data": [{"z": [[24.08753204345703, 1.8386998176574707, 0.9468470215797424, -0.3419327437877655, 6.786539077758789, -1.339936375617981, -0.5423174500465393, 3.7518019676208496, 1.6397818326950073, -4.837669372558594, 5.24871301651001, -0.6837431192398071, 0.6247537136077881, 1.858168125152588, 1.0541273355484009, 4.593818664550781, 0.9326674938201904, 2.1386122703552246, 2.503631591796875, 3.5643680095672607, 1.8460040092468262], [1.8386998176574707, 17.103904724121094, -1.9633541107177734, 0.8569806218147278, -1.8111735582351685, 0.7312701940536499, -0.08035098016262054, -0.05394260212779045, -1.5910762548446655, 5.276315212249756, 1.208275556564331, -3.1496922969818115, 4.0610785484313965, 0.5635306239128113, -2.037860155105591, 1.8404998779296875, -1.5482289791107178, 8.685133934020996, 4.306563854217529, 1.358607530593872, -3.317014455795288], [0.9468470215797424, -1.9633541107177734, 22.101289749145508, 3.9052865505218506, 2.587364435195923, 2.646456241607666, 5.994047164916992, -3.6621134281158447, 0.08993832767009735, 0.9935189485549927, 1.5027415752410889, 5.8291850090026855, -4.454308032989502, 3.055379629135132, -0.018362982198596, 2.4388296604156494, -0.8148623704910278, -2.235214948654175, 2.1410562992095947, 1.4947586059570312, -0.2929975986480713], [-0.3419327437877655, 0.8569806218147278, 3.9052865505218506, 24.663301467895508, 2.181659460067749, 3.016005516052246, 2.6730334758758545, -4.740938663482666, -6.018795490264893, 5.77911376953125, 11.65436840057373, -3.205172061920166, 3.708101749420166, 0.2734045386314392, 2.0174872875213623, 3.4942166805267334, 0.5092267990112305, 3.3410556316375732, 1.7846934795379639, 0.03050708770751953, 3.3381333351135254], [6.786539077758789, -1.8111735582351685, 2.587364435195923, 2.181659460067749, 14.228205680847168, -1.9956824779510498, 3.769335985183716, 2.686523914337158, 1.8284372091293335, -1.7578396797180176, 3.309347629547119, -0.7457278370857239, 2.1100006103515625, 4.719917297363281, 0.8753410577774048, 2.806713342666626, 0.3300737142562866, -5.098643779754639, 0.38339781761169434, 2.3564186096191406, 3.123572587966919], [-1.339936375617981, 0.7312701940536499, 2.646456241607666, 3.016005516052246, -1.9956824779510498, 21.124414443969727, -0.5404757261276245, 0.14100269973278046, 3.3769140243530273, 3.963359832763672, 1.1083722114562988, -2.1942529678344727, -1.4568578004837036, 1.1071480512619019, 0.28972071409225464, 0.07920604199171066, -5.235755920410156, 1.8563706874847412, -1.3728249073028564, 3.2518303394317627, -6.130613803863525], [-0.5423174500465393, -0.08035098016262054, 5.994047164916992, 2.6730334758758545, 3.769335985183716, -0.5404757261276245, 17.333005905151367, 1.2024296522140503, 1.2798267602920532, 2.386475086212158, -1.42577064037323, 2.8096442222595215, 1.4614890813827515, 3.4993958473205566, 2.1414642333984375, 3.6138696670532227, 3.0896899700164795, 2.2105541229248047, -1.6770203113555908, 0.07993650436401367, -9.446699142456055], [3.7518019676208496, -0.05394260212779045, -3.6621134281158447, -4.740938663482666, 2.686523914337158, 0.14100269973278046, 1.2024296522140503, 18.75373649597168, 3.3152246475219727, -0.6739125847816467, -2.577069044113159, -3.3561346530914307, 0.41945865750312805, -2.6668739318847656, 1.5052974224090576, 1.5998731851577759, 2.5467379093170166, -2.5557684898376465, 5.955697059631348, -3.568124294281006, -0.6358257532119751], [1.6397818326950073, -1.5910762548446655, 0.08993832767009735, -6.018795490264893, 1.8284372091293335, 3.3769140243530273, 1.2798267602920532, 3.3152246475219727, 18.479768753051758, 2.57137131690979, -5.350231647491455, 0.27289801836013794, 3.124138116836548, 2.5538828372955322, 1.8973199129104614, 0.3518804609775543, 0.4496358036994934, -3.930593252182007, -0.8869335055351257, 4.025777816772461, -9.557367324829102], [-4.837669372558594, 5.276315212249756, 0.9935189485549927, 5.77911376953125, -1.7578396797180176, 3.963359832763672, 2.386475086212158, -0.6739125847816467, 2.57137131690979, 19.01974868774414, -3.0120017528533936, -4.262240409851074, 2.350470542907715, -3.337498664855957, -3.2998366355895996, 1.2570804357528687, -0.5056161880493164, 4.532425880432129, 3.8788342475891113, 1.836021900177002, -13.607643127441406], [5.24871301651001, 1.208275556564331, 1.5027415752410889, 11.65436840057373, 3.309347629547119, 1.1083722114562988, -1.42577064037323, -2.577069044113159, -5.350231647491455, -3.0120017528533936, 18.16202163696289, -1.9328171014785767, 2.4721226692199707, 2.100630044937134, 5.552890777587891, -1.7240921258926392, 2.002441883087158, -1.5600721836090088, 2.574572801589966, 5.277302265167236, 6.846329689025879], [-0.6837431192398071, -3.1496922969818115, 5.8291850090026855, -3.205172061920166, -0.7457278370857239, -2.1942529678344727, 2.8096442222595215, -3.3561346530914307, 0.27289801836013794, -4.262240409851074, -1.9328171014785767, 21.727684020996094, 3.481372117996216, 4.3507490158081055, -0.0021132449619472027, 2.8173036575317383, -2.3525474071502686, -1.1597199440002441, -1.0471856594085693, -0.8956363201141357, 4.296017646789551], [0.6247537136077881, 4.0610785484313965, -4.454308032989502, 3.708101749420166, 2.1100006103515625, -1.4568578004837036, 1.4614890813827515, 0.41945865750312805, 3.124138116836548, 2.350470542907715, 2.4721226692199707, 3.481372117996216, 19.69532012939453, -2.670900583267212, 3.0402414798736572, -0.8590888977050781, -5.5284528732299805, 2.8106794357299805, 1.9752519130706787, -2.087963342666626, 5.073466777801514], [1.858168125152588, 0.5635306239128113, 3.055379629135132, 0.2734045386314392, 4.719917297363281, 1.1071480512619019, 3.4993958473205566, -2.6668739318847656, 2.5538828372955322, -3.337498664855957, 2.100630044937134, 4.3507490158081055, -2.670900583267212, 17.194923400878906, 1.963815689086914, 3.504709005355835, 0.024502873420715332, 1.0212759971618652, -5.803139686584473, 1.8828842639923096, -5.4953837394714355], [1.0541273355484009, -2.037860155105591, -0.018362982198596, 2.0174872875213623, 0.8753410577774048, 0.28972071409225464, 2.1414642333984375, 1.5052974224090576, 1.8973199129104614, -3.2998366355895996, 5.552890777587891, -0.0021132449619472027, 3.0402414798736572, 1.963815689086914, 18.01055335998535, -1.414684772491455, 1.436550259590149, -3.9644837379455566, -1.000555157661438, 0.9960334300994873, -1.7559452056884766], [4.593818664550781, 1.8404998779296875, 2.4388296604156494, 3.4942166805267334, 2.806713342666626, 0.07920604199171066, 3.6138696670532227, 1.5998731851577759, 0.3518804609775543, 1.2570804357528687, -1.7240921258926392, 2.8173036575317383, -0.8590888977050781, 3.504709005355835, -1.414684772491455, 11.327848434448242, 1.2401881217956543, 0.45462191104888916, 4.147914409637451, -0.23889732360839844, -4.443995952606201], [0.9326677322387695, -1.5482290983200073, -0.8148623704910278, 0.5092261433601379, 0.3300739526748657, -5.235756874084473, 3.0896902084350586, 2.5467379093170166, 0.44963568449020386, -0.5056158900260925, 2.002441883087158, -2.3525469303131104, -5.528451919555664, 0.024502702057361603, 1.4365503787994385, 1.2401883602142334, 22.788494110107422, 3.4365134239196777, -1.9764082431793213, 7.1692094802856445, -4.569514274597168], [2.1386120319366455, 8.68513298034668, -2.235215425491333, 3.3410556316375732, -5.098644256591797, 1.8563710451126099, 2.2105536460876465, -2.5557687282562256, -3.930593490600586, 4.532425880432129, -1.5600721836090088, -1.1597200632095337, 2.810678720474243, 1.0212758779525757, -3.9644830226898193, 0.45462170243263245, 3.4365134239196777, 22.904281616210938, -2.6220908164978027, -2.1486542224884033, -3.731658458709717], [2.503632068634033, 4.306562423706055, 2.1410558223724365, 1.7846932411193848, 0.38339781761169434, -1.3728246688842773, -1.6770203113555908, 5.955697536468506, -0.8869333863258362, 3.8788342475891113, 2.574572801589966, -1.0471854209899902, 1.9752514362335205, -5.803140640258789, -1.0005552768707275, 4.147914886474609, -1.9764082431793213, -2.6220908164978027, 19.347505569458008, -4.176807880401611, -3.190624237060547], [3.5643677711486816, 1.3586074113845825, 1.494759202003479, 0.030507050454616547, 2.3564186096191406, 3.2518298625946045, 0.07993613183498383, -3.568124532699585, 4.025778293609619, 1.836021900177002, 5.2773027420043945, -0.8956369757652283, -2.087963819503784, 1.8828846216201782, 0.9960336685180664, -0.23889748752117157, 7.1692094802856445, -2.1486542224884033, -4.176807880401611, 21.578624725341797, 0.21243798732757568], [1.8460041284561157, -3.317014217376709, -0.29299741983413696, 3.3381333351135254, 3.12357234954834, -6.130614280700684, -9.446698188781738, -0.6358253955841064, -9.557367324829102, -13.60764217376709, 6.846329212188721, 4.296016693115234, 5.073466777801514, -5.4953837394714355, -1.7559455633163452, -4.443995952606201, -4.569514274597168, -3.731658697128296, -3.190624237060547, 0.21243786811828613, 47.48805236816406]], "type": "heatmap"}], "layout": {"template": {"data": {"histogram2dcontour": [{"type": "histogram2dcontour", "colorbar": {"outlinewidth": 0, "ticks": ""}, "colorscale": [[0.0, "#0d0887"], [0.1111111111111111, "#46039f"], [0.2222222222222222, "#7201a8"], [0.3333333333333333, "#9c179e"], [0.4444444444444444, "#bd3786"], [0.5555555555555556, "#d8576b"], [0.6666666666666666, "#ed7953"], [0.7777777777777778, "#fb9f3a"], [0.8888888888888888, "#fdca26"], [1.0, "#f0f921"]]}], "choropleth": [{"type": "choropleth", "colorbar": {"outlinewidth": 0, "ticks": ""}}], "histogram2d": [{"type": "histogram2d", "colorbar": {"outlinewidth": 0, "ticks": ""}, "colorscale": [[0.0, "#0d0887"], [0.1111111111111111, "#46039f"], [0.2222222222222222, "#7201a8"], [0.3333333333333333, "#9c179e"], [0.4444444444444444, "#bd3786"], [0.5555555555555556, "#d8576b"], [0.6666666666666666, "#ed7953"], [0.7777777777777778, "#fb9f3a"], [0.8888888888888888, "#fdca26"], [1.0, "#f0f921"]]}], "heatmap": [{"type": "heatmap", "colorbar": {"outlinewidth": 0, "ticks": ""}, "colorscale": [[0.0, "#0d0887"], [0.1111111111111111, "#46039f"], [0.2222222222222222, "#7201a8"], [0.3333333333333333, "#9c179e"], [0.4444444444444444, "#bd3786"], [0.5555555555555556, "#d8576b"], [0.6666666666666666, "#ed7953"], [0.7777777777777778, "#fb9f3a"], [0.8888888888888888, "#fdca26"], [1.0, "#f0f921"]]}], "heatmapgl": [{"type": "heatmapgl", "colorbar": {"outlinewidth": 0, "ticks": ""}, "colorscale": [[0.0, "#0d0887"], [0.1111111111111111, "#46039f"], [0.2222222222222222, "#7201a8"], [0.3333333333333333, "#9c179e"], [0.4444444444444444, "#bd3786"], [0.5555555555555556, "#d8576b"], [0.6666666666666666, "#ed7953"], [0.7777777777777778, "#fb9f3a"], [0.8888888888888888, "#fdca26"], [1.0, "#f0f921"]]}], "contourcarpet": [{"type": "contourcarpet", "colorbar": {"outlinewidth": 0, "ticks": ""}}], "contour": [{"type": "contour", "colorbar": {"outlinewidth": 0, "ticks": ""}, "colorscale": [[0.0, "#0d0887"], [0.1111111111111111, "#46039f"], [0.2222222222222222, "#7201a8"], [0.3333333333333333, "#9c179e"], [0.4444444444444444, "#bd3786"], [0.5555555555555556, "#d8576b"], [0.6666666666666666, "#ed7953"], [0.7777777777777778, "#fb9f3a"], [0.8888888888888888, "#fdca26"], [1.0, "#f0f921"]]}], "surface": [{"type": "surface", "colorbar": {"outlinewidth": 0, "ticks": ""}, "colorscale": [[0.0, "#0d0887"], [0.1111111111111111, "#46039f"], [0.2222222222222222, "#7201a8"], [0.3333333333333333, "#9c179e"], [0.4444444444444444, "#bd3786"], [0.5555555555555556, "#d8576b"], [0.6666666666666666, "#ed7953"], [0.7777777777777778, "#fb9f3a"], [0.8888888888888888, "#fdca26"], [1.0, "#f0f921"]]}], "mesh3d": [{"type": "mesh3d", "colorbar": {"outlinewidth": 0, "ticks": ""}}], "scatter": [{"fillpattern": {"fillmode": "overlay", "size": 10, "solidity": 0.2}, "type": "scatter"}], "parcoords": [{"type": "parcoords", "line": {"colorbar": {"outlinewidth": 0, "ticks": ""}}}], "scatterpolargl": [{"type": "scatterpolargl", "marker": {"colorbar": {"outlinewidth": 0, "ticks": ""}}}], "bar": [{"error_x": {"color": "#2a3f5f"}, "error_y": {"color": "#2a3f5f"}, "marker": {"line": {"color": "#E5ECF6", "width": 0.5}, "pattern": {"fillmode": "overlay", "size": 10, "solidity": 0.2}}, "type": "bar"}], "scattergeo": [{"type": "scattergeo", "marker": {"colorbar": {"outlinewidth": 0, "ticks": ""}}}], "scatterpolar": [{"type": "scatterpolar", "marker": {"colorbar": {"outlinewidth": 0, "ticks": ""}}}], "histogram": [{"marker": {"pattern": {"fillmode": "overlay", "size": 10, "solidity": 0.2}}, "type": "histogram"}], "scattergl": [{"type": "scattergl", "marker": {"colorbar": {"outlinewidth": 0, "ticks": ""}}}], "scatter3d": [{"type": "scatter3d", "line": {"colorbar": {"outlinewidth": 0, "ticks": ""}}, "marker": {"colorbar": {"outlinewidth": 0, "ticks": ""}}}], "scattermapbox": [{"type": "scattermapbox", "marker": {"colorbar": {"outlinewidth": 0, "ticks": ""}}}], "scatterternary": [{"type": "scatterternary", "marker": {"colorbar": {"outlinewidth": 0, "ticks": ""}}}], "scattercarpet": [{"type": "scattercarpet", "marker": {"colorbar": {"outlinewidth": 0, "ticks": ""}}}], "carpet": [{"aaxis": {"endlinecolor": "#2a3f5f", "gridcolor": "white", "linecolor": "white", "minorgridcolor": "white", "startlinecolor": "#2a3f5f"}, "baxis": {"endlinecolor": "#2a3f5f", "gridcolor": "white", "linecolor": "white", "minorgridcolor": "white", "startlinecolor": "#2a3f5f"}, "type": "carpet"}], "table": [{"cells": {"fill": {"color": "#EBF0F8"}, "line": {"color": "white"}}, "header": {"fill": {"color": "#C8D4E3"}, "line": {"color": "white"}}, "type": "table"}], "barpolar": [{"marker": {"line": {"color": "#E5ECF6", "width": 0.5}, "pattern": {"fillmode": "overlay", "size": 10, "solidity": 0.2}}, "type": "barpolar"}], "pie": [{"automargin": true, "type": "pie"}]}, "layout": {"autotypenumbers": "strict", "colorway": ["#636efa", "#EF553B", "#00cc96", "#ab63fa", "#FFA15A", "#19d3f3", "#FF6692", "#B6E880", "#FF97FF", "#FECB52"], "font": {"color": "#2a3f5f"}, "hovermode": "closest", "hoverlabel": {"align": "left"}, "paper_bgcolor": "white", "plot_bgcolor": "#E5ECF6", "polar": {"bgcolor": "#E5ECF6", "angularaxis": {"gridcolor": "white", "linecolor": "white", "ticks": ""}, "radialaxis": {"gridcolor": "white", "linecolor": "white", "ticks": ""}}, "ternary": {"bgcolor": "#E5ECF6", "aaxis": {"gridcolor": "white", "linecolor": "white", "ticks": ""}, "baxis": {"gridcolor": "white", "linecolor": "white", "ticks": ""}, "caxis": {"gridcolor": "white", "linecolor": "white", "ticks": ""}}, "coloraxis": {"colorbar": {"outlinewidth": 0, "ticks": ""}}, "colorscale": {"sequential": [[0.0, "#0d0887"], [0.1111111111111111, "#46039f"], [0.2222222222222222, "#7201a8"], [0.3333333333333333, "#9c179e"], [0.4444444444444444, "#bd3786"], [0.5555555555555556, "#d8576b"], [0.6666666666666666, "#ed7953"], [0.7777777777777778, "#fb9f3a"], [0.8888888888888888, "#fdca26"], [1.0, "#f0f921"]], "sequentialminus": [[0.0, "#0d0887"], [0.1111111111111111, "#46039f"], [0.2222222222222222, "#7201a8"], [0.3333333333333333, "#9c179e"], [0.4444444444444444, "#bd3786"], [0.5555555555555556, "#d8576b"], [0.6666666666666666, "#ed7953"], [0.7777777777777778, "#fb9f3a"], [0.8888888888888888, "#fdca26"], [1.0, "#f0f921"]], "diverging": [[0, "#8e0152"], [0.1, "#c51b7d"], [0.2, "#de77ae"], [0.3, "#f1b6da"], [0.4, "#fde0ef"], [0.5, "#f7f7f7"], [0.6, "#e6f5d0"], [0.7, "#b8e186"], [0.8, "#7fbc41"], [0.9, "#4d9221"], [1, "#276419"]]}, "xaxis": {"gridcolor": "white", "linecolor": "white", "ticks": "", "title": {"standoff": 15}, "zerolinecolor": "white", "automargin": true, "zerolinewidth": 2}, "yaxis": {"gridcolor": "white", "linecolor": "white", "ticks": "", "title": {"standoff": 15}, "zerolinecolor": "white", "automargin": true, "zerolinewidth": 2}, "scene": {"xaxis": {"backgroundcolor": "#E5ECF6", "gridcolor": "white", "linecolor": "white", "showbackground": true, "ticks": "", "zerolinecolor": "white", "gridwidth": 2}, "yaxis": {"backgroundcolor": "#E5ECF6", "gridcolor": "white", "linecolor": "white", "showbackground": true, "ticks": "", "zerolinecolor": "white", "gridwidth": 2}, "zaxis": {"backgroundcolor": "#E5ECF6", "gridcolor": "white", "linecolor": "white", "showbackground": true, "ticks": "", "zerolinecolor": "white", "gridwidth": 2}}, "shapedefaults": {"line": {"color": "#2a3f5f"}}, "annotationdefaults": {"arrowcolor": "#2a3f5f", "arrowhead": 0, "arrowwidth": 1}, "geo": {"bgcolor": "white", "landcolor": "#E5ECF6", "subunitcolor": "white", "showland": true, "showlakes": true, "lakecolor": "white"}, "title": {"x": 0.05}, "mapbox": {"style": "light"}}}}}