{"data": [{"z": [[23.424293518066406, 1.8881030082702637, 0.9618000388145447, -0.2836022675037384, 6.705519199371338, -1.2790592908859253, -0.3113550543785095, 3.937589168548584, 1.693381667137146, -4.436220169067383, 5.170516490936279, -0.48550957441329956, 0.7033095955848694, 1.9985730648040771, 1.1107014417648315, 4.562857627868652, 1.0350027084350586, 2.1745524406433105, 2.4224793910980225, 3.4765465259552, 1.7399753332138062], [1.8881030082702637, 16.896873474121094, -1.9035500288009644, 1.0377169847488403, -1.7002040147781372, 0.8392401337623596, -0.09459155052900314, 0.10480077564716339, -1.4668538570404053, 5.306738376617432, 1.338912844657898, -2.988093137741089, 3.9935412406921387, 0.6278703808784485, -1.8899807929992676, 2.0041611194610596, -1.4155590534210205, 8.541452407836914, 4.210684776306152, 1.3923609256744385, -3.289268970489502], [0.9618000388145447, -1.9035500288009644, 21.8184814453125, 3.8450303077697754, 2.592303514480591, 2.5914039611816406, 5.984242916107178, -3.405057668685913, 0.2557397186756134, 1.120550274848938, 1.600342869758606, 5.925634860992432, -4.259705066680908, 2.99851131439209, 0.07600020617246628, 2.548787832260132, -0.7013982534408569, -2.1472983360290527, 2.174428701400757, 1.5327775478363037, -0.28497540950775146], [-0.2836022675037384, 1.0377169847488403, 3.8450303077697754, 24.338891983032227, 2.146813154220581, 3.106233596801758, 2.7982375621795654, -4.563776016235352, -5.726329803466797, 5.903038501739502, 11.413108825683594, -2.9346628189086914, 3.8516740798950195, 0.47165241837501526, 2.059691905975342, 3.4830820560455322, 0.640355110168457, 3.3431336879730225, 1.9025421142578125, 0.20762789249420166, 3.2179126739501953], [6.705519199371338, -1.7002040147781372, 2.592303514480591, 2.146813154220581, 14.134666442871094, -1.9178354740142822, 3.8049418926239014, 2.7062177658081055, 1.913439393043518, -1.4908878803253174, 3.1896560192108154, -0.6149471402168274, 2.187647581100464, 4.70639705657959, 0.9632850885391235, 2.8078536987304688, 0.39114975929260254, -4.901795387268066, 0.4944024085998535, 2.3288168907165527, 2.9737937450408936], [-1.2790592908859253, 0.8392401337623596, 2.5914039611816406, 3.106233596801758, -1.9178354740142822, 20.703624725341797, -0.39960265159606934, 0.3310501277446747, 3.359328269958496, 4.072885513305664, 1.1851727962493896, -1.9063084125518799, -1.2508461475372314, 1.1010884046554565, 0.3834522068500519, 0.17891743779182434, -5.075658798217773, 1.811519980430603, -1.1430299282073975, 3.216198205947876, -6.0822224617004395], [-0.3113550543785095, -0.09459155052900314, 5.984242916107178, 2.7982375621795654, 3.8049418926239014, -0.39960265159606934, 17.136180877685547, 1.2861928939819336, 1.4134365320205688, 2.4533801078796387, -1.2615879774093628, 2.8988215923309326, 1.3791192770004272, 3.5807065963745117, 2.234224319458008, 3.7091526985168457, 3.1841866970062256, 2.1456186771392822, -1.554551601409912, 0.2560594081878662, -9.403197288513184], [3.937589168548584, 0.10480077564716339, -3.405057668685913, -4.563776016235352, 2.7062177658081055, 0.3310501277446747, 1.2861928939819336, 18.598602294921875, 3.4058287143707275, -0.3940146863460541, -2.4882800579071045, -3.086226463317871, 0.46493256092071533, -2.447188138961792, 1.56006920337677, 1.713392734527588, 2.6291298866271973, -2.4016242027282715, 5.938514709472656, -3.2725439071655273, -0.7428520917892456], [1.693381667137146, -1.4668538570404053, 0.2557397186756134, -5.726329803466797, 1.913439393043518, 3.359328269958496, 1.4134365320205688, 3.4058287143707275, 18.30448341369629, 2.7630674839019775, -4.98579740524292, 0.38782328367233276, 3.0760409832000732, 2.496748924255371, 2.100707530975342, 0.5563719868659973, 0.5064046382904053, -3.817079782485962, -0.7916876077651978, 3.91465163230896, -9.684612274169922], [-4.436220169067383, 5.306738376617432, 1.120550274848938, 5.903038501739502, -1.4908878803253174, 4.072885513305664, 2.4533801078796387, -0.3940146863460541, 2.7630674839019775, 18.90728187561035, -2.629845142364502, -3.9487602710723877, 2.411876678466797, -3.260213851928711, -3.0436766147613525, 1.5309685468673706, -0.42011749744415283, 4.527254104614258, 3.966425657272339, 1.8983917236328125, -13.61637020111084], [5.170516490936279, 1.338912844657898, 1.600342869758606, 11.413108825683594, 3.1896560192108154, 1.1851727962493896, -1.2615879774093628, -2.4882800579071045, -4.98579740524292, -2.629845142364502, 17.815217971801758, -1.7538093328475952, 2.571650266647339, 2.150291919708252, 5.535737037658691, -1.6162055730819702, 2.098985433578491, -1.3403323888778687, 2.522972822189331, 5.323663234710693, 6.590576648712158], [-0.48550957441329956, -2.988093137741089, 5.925634860992432, -2.9346628189086914, -0.6149471402168274, -1.9063084125518799, 2.8988215923309326, -3.086226463317871, 0.38782328367233276, -3.9487602710723877, -1.7538093328475952, 21.401391983032227, 3.4704983234405518, 4.476619720458984, 0.29389217495918274, 2.87446665763855, -2.142118453979492, -1.1466975212097168, -0.9484605193138123, -0.7156784534454346, 3.9899606704711914], [0.7033095955848694, 3.9935412406921387, -4.259705066680908, 3.8516740798950195, 2.187647581100464, -1.2508461475372314, 1.3791192770004272, 0.46493256092071533, 3.0760409832000732, 2.411876678466797, 2.571650266647339, 3.4704983234405518, 19.14307403564453, -2.416472911834717, 3.052272081375122, -0.6803958415985107, -5.247740745544434, 2.6977381706237793, 1.9006962776184082, -1.9052643775939941, 5.0735979080200195], [1.9985730648040771, 0.6278703808784485, 2.99851131439209, 0.47165241837501526, 4.70639705657959, 1.1010884046554565, 3.5807065963745117, -2.447188138961792, 2.496748924255371, -3.260213851928711, 2.150291919708252, 4.476619720458984, -2.416472911834717, 16.793292999267578, 1.972019076347351, 3.4858174324035645, 0.09114396572113037, 0.9844233989715576, -5.505200386047363, 2.0019843578338623, -5.2931342124938965], [1.1107014417648315, -1.8899807929992676, 0.07600020617246628, 2.059691905975342, 0.9632850885391235, 0.3834522068500519, 2.234224319458008, 1.56006920337677, 2.100707530975342, -3.0436766147613525, 5.535737037658691, 0.29389217495918274, 3.052272081375122, 1.972019076347351, 17.83688735961914, -1.2279481887817383, 1.4895864725112915, -3.8104777336120605, -0.8631159067153931, 1.1281952857971191, -1.838517189025879], [4.562857627868652, 2.0041611194610596, 2.548787832260132, 3.4830820560455322, 2.8078536987304688, 0.17891743779182434, 3.7091526985168457, 1.713392734527588, 0.5563719868659973, 1.5309685468673706, -1.6162055730819702, 2.87446665763855, -0.6803958415985107, 3.4858174324035645, -1.2279481887817383, 11.292591094970703, 1.3597012758255005, 0.6042118668556213, 4.16745662689209, -0.062144339084625244, -4.608514785766602], [1.0350031852722168, -1.415558934211731, -0.7013975977897644, 0.6403553485870361, 0.3911496102809906, -5.075659275054932, 3.1841864585876465, 2.62912917137146, 0.5064045786857605, -0.4201177656650543, 2.0989856719970703, -2.1421189308166504, -5.247740268707275, 0.09114427119493484, 1.4895867109298706, 1.3597012758255005, 22.55088996887207, 3.3730645179748535, -1.8325060606002808, 7.109155654907227, -4.558016777038574], [2.1745529174804688, 8.541451454162598, -2.1472980976104736, 3.3431336879730225, -4.901795387268066, 1.8115196228027344, 2.1456186771392822, -2.4016239643096924, -3.817079782485962, 4.5272536277771, -1.340331792831421, -1.1466976404190063, 2.6977381706237793, 0.9844229817390442, -3.8104782104492188, 0.6042120456695557, 3.3730645179748535, 22.522058486938477, -2.508307933807373, -2.054384231567383, -3.763948440551758], [2.422478437423706, 4.210685729980469, 2.174428701400757, 1.9025421142578125, 0.49440234899520874, -1.143030047416687, -1.5545519590377808, 5.938514709472656, -0.7916879653930664, 3.966425657272339, 2.522972583770752, -0.9484605193138123, 1.9006961584091187, -5.505200386047363, -0.8631158471107483, 4.16745662689209, -1.8325060606002808, -2.508307933807373, 19.007080078125, -4.022124767303467, -3.2137436866760254], [3.476545810699463, 1.3923606872558594, 1.5327775478363037, 0.20762746036052704, 2.328817367553711, 3.216197967529297, 0.256059467792511, -3.2725436687469482, 3.91465163230896, 1.8983919620513916, 5.323663711547852, -0.7156783938407898, -1.9052646160125732, 2.001983880996704, 1.1281952857971191, -0.062144067138433456, 7.109155654907227, -2.054384231567383, -4.022124767303467, 21.198955535888672, 0.2073427140712738], [1.7399754524230957, -3.2892701625823975, -0.28497540950775146, 3.2179126739501953, 2.9737939834594727, -6.0822224617004395, -9.403197288513184, -0.7428518533706665, -9.684611320495605, -13.616371154785156, 6.590577125549316, 3.989959716796875, 5.0735979080200195, -5.293133735656738, -1.8385168313980103, -4.608514785766602, -4.558017253875732, -3.7639482021331787, -3.2137436866760254, 0.20734262466430664, 47.48805236816406]], "type": "heatmap"}], "layout": {"template": {"data": {"histogram2dcontour": [{"type": "histogram2dcontour", "colorbar": {"outlinewidth": 0, "ticks": ""}, "colorscale": [[0.0, "#0d0887"], [0.1111111111111111, "#46039f"], [0.2222222222222222, "#7201a8"], [0.3333333333333333, "#9c179e"], [0.4444444444444444, "#bd3786"], [0.5555555555555556, "#d8576b"], [0.6666666666666666, "#ed7953"], [0.7777777777777778, "#fb9f3a"], [0.8888888888888888, "#fdca26"], [1.0, "#f0f921"]]}], "choropleth": [{"type": "choropleth", "colorbar": {"outlinewidth": 0, "ticks": ""}}], "histogram2d": [{"type": "histogram2d", "colorbar": {"outlinewidth": 0, "ticks": ""}, "colorscale": [[0.0, "#0d0887"], [0.1111111111111111, "#46039f"], [0.2222222222222222, "#7201a8"], [0.3333333333333333, "#9c179e"], [0.4444444444444444, "#bd3786"], [0.5555555555555556, "#d8576b"], [0.6666666666666666, "#ed7953"], [0.7777777777777778, "#fb9f3a"], [0.8888888888888888, "#fdca26"], [1.0, "#f0f921"]]}], "heatmap": [{"type": "heatmap", "colorbar": {"outlinewidth": 0, "ticks": ""}, "colorscale": [[0.0, "#0d0887"], [0.1111111111111111, "#46039f"], [0.2222222222222222, "#7201a8"], [0.3333333333333333, "#9c179e"], [0.4444444444444444, "#bd3786"], [0.5555555555555556, "#d8576b"], [0.6666666666666666, "#ed7953"], [0.7777777777777778, "#fb9f3a"], [0.8888888888888888, "#fdca26"], [1.0, "#f0f921"]]}], "heatmapgl": [{"type": "heatmapgl", "colorbar": {"outlinewidth": 0, "ticks": ""}, "colorscale": [[0.0, "#0d0887"], [0.1111111111111111, "#46039f"], [0.2222222222222222, "#7201a8"], [0.3333333333333333, "#9c179e"], [0.4444444444444444, "#bd3786"], [0.5555555555555556, "#d8576b"], [0.6666666666666666, "#ed7953"], [0.7777777777777778, "#fb9f3a"], [0.8888888888888888, "#fdca26"], [1.0, "#f0f921"]]}], "contourcarpet": [{"type": "contourcarpet", "colorbar": {"outlinewidth": 0, "ticks": ""}}], "contour": [{"type": "contour", "colorbar": {"outlinewidth": 0, "ticks": ""}, "colorscale": [[0.0, "#0d0887"], [0.1111111111111111, "#46039f"], [0.2222222222222222, "#7201a8"], [0.3333333333333333, "#9c179e"], [0.4444444444444444, "#bd3786"], [0.5555555555555556, "#d8576b"], [0.6666666666666666, "#ed7953"], [0.7777777777777778, "#fb9f3a"], [0.8888888888888888, "#fdca26"], [1.0, "#f0f921"]]}], "surface": [{"type": "surface", "colorbar": {"outlinewidth": 0, "ticks": ""}, "colorscale": [[0.0, "#0d0887"], [0.1111111111111111, "#46039f"], [0.2222222222222222, "#7201a8"], [0.3333333333333333, "#9c179e"], [0.4444444444444444, "#bd3786"], [0.5555555555555556, "#d8576b"], [0.6666666666666666, "#ed7953"], [0.7777777777777778, "#fb9f3a"], [0.8888888888888888, "#fdca26"], [1.0, "#f0f921"]]}], "mesh3d": [{"type": "mesh3d", "colorbar": {"outlinewidth": 0, "ticks": ""}}], "scatter": [{"fillpattern": {"fillmode": "overlay", "size": 10, "solidity": 0.2}, "type": "scatter"}], "parcoords": [{"type": "parcoords", "line": {"colorbar": {"outlinewidth": 0, "ticks": ""}}}], "scatterpolargl": [{"type": "scatterpolargl", "marker": {"colorbar": {"outlinewidth": 0, "ticks": ""}}}], "bar": [{"error_x": {"color": "#2a3f5f"}, "error_y": {"color": "#2a3f5f"}, "marker": {"line": {"color": "#E5ECF6", "width": 0.5}, "pattern": {"fillmode": "overlay", "size": 10, "solidity": 0.2}}, "type": "bar"}], "scattergeo": [{"type": "scattergeo", "marker": {"colorbar": {"outlinewidth": 0, "ticks": ""}}}], "scatterpolar": [{"type": "scatterpolar", "marker": {"colorbar": {"outlinewidth": 0, "ticks": ""}}}], "histogram": [{"marker": {"pattern": {"fillmode": "overlay", "size": 10, "solidity": 0.2}}, "type": "histogram"}], "scattergl": [{"type": "scattergl", "marker": {"colorbar": {"outlinewidth": 0, "ticks": ""}}}], "scatter3d": [{"type": "scatter3d", "line": {"colorbar": {"outlinewidth": 0, "ticks": ""}}, "marker": {"colorbar": {"outlinewidth": 0, "ticks": ""}}}], "scattermapbox": [{"type": "scattermapbox", "marker": {"colorbar": {"outlinewidth": 0, "ticks": ""}}}], "scatterternary": [{"type": "scatterternary", "marker": {"colorbar": {"outlinewidth": 0, "ticks": ""}}}], "scattercarpet": [{"type": "scattercarpet", "marker": {"colorbar": {"outlinewidth": 0, "ticks": ""}}}], "carpet": [{"aaxis": {"endlinecolor": "#2a3f5f", "gridcolor": "white", "linecolor": "white", "minorgridcolor": "white", "startlinecolor": "#2a3f5f"}, "baxis": {"endlinecolor": "#2a3f5f", "gridcolor": "white", "linecolor": "white", "minorgridcolor": "white", "startlinecolor": "#2a3f5f"}, "type": "carpet"}], "table": [{"cells": {"fill": {"color": "#EBF0F8"}, "line": {"color": "white"}}, "header": {"fill": {"color": "#C8D4E3"}, "line": {"color": "white"}}, "type": "table"}], "barpolar": [{"marker": {"line": {"color": "#E5ECF6", "width": 0.5}, "pattern": {"fillmode": "overlay", "size": 10, "solidity": 0.2}}, "type": "barpolar"}], "pie": [{"automargin": true, "type": "pie"}]}, "layout": {"autotypenumbers": "strict", "colorway": ["#636efa", "#EF553B", "#00cc96", "#ab63fa", "#FFA15A", "#19d3f3", "#FF6692", "#B6E880", "#FF97FF", "#FECB52"], "font": {"color": "#2a3f5f"}, "hovermode": "closest", "hoverlabel": {"align": "left"}, "paper_bgcolor": "white", "plot_bgcolor": "#E5ECF6", "polar": {"bgcolor": "#E5ECF6", "angularaxis": {"gridcolor": "white", "linecolor": "white", "ticks": ""}, "radialaxis": {"gridcolor": "white", "linecolor": "white", "ticks": ""}}, "ternary": {"bgcolor": "#E5ECF6", "aaxis": {"gridcolor": "white", "linecolor": "white", "ticks": ""}, "baxis": {"gridcolor": "white", "linecolor": "white", "ticks": ""}, "caxis": {"gridcolor": "white", "linecolor": "white", "ticks": ""}}, "coloraxis": {"colorbar": {"outlinewidth": 0, "ticks": ""}}, "colorscale": {"sequential": [[0.0, "#0d0887"], [0.1111111111111111, "#46039f"], [0.2222222222222222, "#7201a8"], [0.3333333333333333, "#9c179e"], [0.4444444444444444, "#bd3786"], [0.5555555555555556, "#d8576b"], [0.6666666666666666, "#ed7953"], [0.7777777777777778, "#fb9f3a"], [0.8888888888888888, "#fdca26"], [1.0, "#f0f921"]], "sequentialminus": [[0.0, "#0d0887"], [0.1111111111111111, "#46039f"], [0.2222222222222222, "#7201a8"], [0.3333333333333333, "#9c179e"], [0.4444444444444444, "#bd3786"], [0.5555555555555556, "#d8576b"], [0.6666666666666666, "#ed7953"], [0.7777777777777778, "#fb9f3a"], [0.8888888888888888, "#fdca26"], [1.0, "#f0f921"]], "diverging": [[0, "#8e0152"], [0.1, "#c51b7d"], [0.2, "#de77ae"], [0.3, "#f1b6da"], [0.4, "#fde0ef"], [0.5, "#f7f7f7"], [0.6, "#e6f5d0"], [0.7, "#b8e186"], [0.8, "#7fbc41"], [0.9, "#4d9221"], [1, "#276419"]]}, "xaxis": {"gridcolor": "white", "linecolor": "white", "ticks": "", "title": {"standoff": 15}, "zerolinecolor": "white", "automargin": true, "zerolinewidth": 2}, "yaxis": {"gridcolor": "white", "linecolor": "white", "ticks": "", "title": {"standoff": 15}, "zerolinecolor": "white", "automargin": true, "zerolinewidth": 2}, "scene": {"xaxis": {"backgroundcolor": "#E5ECF6", "gridcolor": "white", "linecolor": "white", "showbackground": true, "ticks": "", "zerolinecolor": "white", "gridwidth": 2}, "yaxis": {"backgroundcolor": "#E5ECF6", "gridcolor": "white", "linecolor": "white", "showbackground": true, "ticks": "", "zerolinecolor": "white", "gridwidth": 2}, "zaxis": {"backgroundcolor": "#E5ECF6", "gridcolor": "white", "linecolor": "white", "showbackground": true, "ticks": "", "zerolinecolor": "white", "gridwidth": 2}}, "shapedefaults": {"line": {"color": "#2a3f5f"}}, "annotationdefaults": {"arrowcolor": "#2a3f5f", "arrowhead": 0, "arrowwidth": 1}, "geo": {"bgcolor": "white", "landcolor": "#E5ECF6", "subunitcolor": "white", "showland": true, "showlakes": true, "lakecolor": "white"}, "title": {"x": 0.05}, "mapbox": {"style": "light"}}}}}