{"data": [{"z": [[23.745389938354492, 1.8460495471954346, 0.9599407315254211, -0.3014166057109833, 6.790370464324951, -1.3154798746109009, -0.3975678086280823, 3.883558750152588, 1.647509217262268, -4.610354900360107, 5.197213172912598, -0.4939909875392914, 0.6772148609161377, 1.8627140522003174, 1.1062875986099243, 4.622446537017822, 0.980425238609314, 2.1147079467773438, 2.4649393558502197, 3.4944043159484863, 1.8233879804611206], [1.8460495471954346, 16.99559783935547, -1.925410509109497, 0.9614297151565552, -1.7541779279708862, 0.8098599910736084, -0.12671291828155518, -0.009608909487724304, -1.5144519805908203, 5.328588485717773, 1.2348072528839111, -3.008117914199829, 3.990997076034546, 0.6091048717498779, -1.8895362615585327, 1.962721586227417, -1.485352873802185, 8.614818572998047, 4.236114501953125, 1.4003534317016602, -3.305767297744751], [0.9599407315254211, -1.925410509109497, 21.96201515197754, 3.9034900665283203, 2.6286184787750244, 2.628122091293335, 5.998222827911377, -3.5453314781188965, 0.19323861598968506, 1.0892747640609741, 1.5500084161758423, 5.932924270629883, -4.349681377410889, 3.0104434490203857, 0.09448595345020294, 2.5469799041748047, -0.7491270303726196, -2.203083038330078, 2.1692757606506348, 1.5213048458099365, -0.2940654754638672], [-0.3014166057109833, 0.9614297151565552, 3.9034900665283203, 24.522663116455078, 2.228496551513672, 3.1184895038604736, 2.7672319412231445, -4.679551124572754, -5.816261291503906, 5.909217357635498, 11.535260200500488, -3.0338728427886963, 3.7791411876678467, 0.44372448325157166, 2.122593402862549, 3.5387847423553467, 0.5902338027954102, 3.3885233402252197, 1.837578296661377, 0.134499192237854, 3.1800642013549805], [6.790370464324951, -1.7541779279708862, 2.6286184787750244, 2.228496551513672, 14.232571601867676, -1.882362961769104, 3.8417000770568848, 2.7442901134490967, 1.905676007270813, -1.5765105485916138, 3.27970027923584, -0.6151134371757507, 2.1801881790161133, 4.7159318923950195, 0.9924671649932861, 2.8697588443756104, 0.3503161668777466, -4.98253059387207, 0.46067070960998535, 2.377641439437866, 3.0223097801208496], [-1.3154798746109009, 0.8098599910736084, 2.628122091293335, 3.1184895038604736, -1.882362961769104, 20.937063217163086, -0.45463141798973083, 0.24659700691699982, 3.4008901119232178, 4.057507038116455, 1.1280620098114014, -1.9786876440048218, -1.3675016164779663, 1.0808087587356567, 0.4461838901042938, 0.21005737781524658, -5.165504455566406, 1.8510704040527344, -1.2565385103225708, 3.2532241344451904, -6.116109371185303], [-0.3975678086280823, -0.12671291828155518, 5.998222827911377, 2.7672319412231445, 3.8417000770568848, -0.45463141798973083, 17.20233917236328, 1.2383129596710205, 1.304426908493042, 2.4297664165496826, -1.3681179285049438, 2.8668906688690186, 1.3751215934753418, 3.503136157989502, 2.240936040878296, 3.689023494720459, 3.1373682022094727, 2.1536364555358887, -1.6679000854492188, 0.19678306579589844, -9.385988235473633], [3.883558750152588, -0.009608909487724304, -3.5453314781188965, -4.679551124572754, 2.7442901134490967, 0.24659700691699982, 1.2383129596710205, 18.63857650756836, 3.3542640209198, -0.5423288941383362, -2.5525290966033936, -3.107670545578003, 0.4009276032447815, -2.592581272125244, 1.5414116382598877, 1.6552112102508545, 2.583611488342285, -2.451603889465332, 5.9016900062561035, -3.4350204467773438, -0.6538857817649841], [1.647509217262268, -1.5144519805908203, 0.19323861598968506, -5.816261291503906, 1.905676007270813, 3.4008901119232178, 1.304426908493042, 3.3542640209198, 18.373830795288086, 2.7018637657165527, -5.188805103302002, 0.35760706663131714, 3.110846996307373, 2.4938924312591553, 2.0669212341308594, 0.5185542106628418, 0.4926213026046753, -3.9234230518341064, -0.852509617805481, 3.976583242416382, -9.621087074279785], [-4.610354900360107, 5.328588485717773, 1.0892747640609741, 5.909217357635498, -1.5765105485916138, 4.057507038116455, 2.4297664165496826, -0.5423288941383362, 2.7018637657165527, 19.016279220581055, -2.832165241241455, -4.118176460266113, 2.411832809448242, -3.306915521621704, -3.078719139099121, 1.4455286264419556, -0.44301462173461914, 4.537110328674316, 3.9342966079711914, 1.908801555633545, -13.652623176574707], [5.197213172912598, 1.2348072528839111, 1.5500084161758423, 11.535260200500488, 3.27970027923584, 1.1280620098114014, -1.3681179285049438, -2.5525290966033936, -5.188805103302002, -2.832165241241455, 17.996429443359375, -1.8072636127471924, 2.512263774871826, 2.1181223392486572, 5.545262813568115, -1.6732850074768066, 2.021272897720337, -1.4581464529037476, 2.5277085304260254, 5.296977519989014, 6.784262180328369], [-0.4939909875392914, -3.008117914199829, 5.932924270629883, -3.0338728427886963, -0.6151134371757507, -1.9786876440048218, 2.8668906688690186, -3.107670545578003, 0.35760706663131714, -4.118176460266113, -1.8072636127471924, 21.642507553100586, 3.4852938652038574, 4.34746789932251, 0.19527898728847504, 2.9502639770507812, -2.223668098449707, -1.1968860626220703, -0.9873271584510803, -0.7845215797424316, 4.1316237449646], [0.6772148609161377, 3.990997076034546, -4.349681377410889, 3.7791411876678467, 2.1801881790161133, -1.3675016164779663, 1.3751215934753418, 0.4009276032447815, 3.110846996307373, 2.411832809448242, 2.512263774871826, 3.4852938652038574, 19.403385162353516, -2.541064739227295, 3.101806879043579, -0.760964572429657, -5.392430305480957, 2.731788158416748, 1.8980927467346191, -1.9986704587936401, 5.044717311859131], [1.8627140522003174, 0.6091048717498779, 3.0104434490203857, 0.44372448325157166, 4.7159318923950195, 1.0808087587356567, 3.503136157989502, -2.592581272125244, 2.4938924312591553, -3.306915521621704, 2.1181223392486572, 4.34746789932251, -2.541064739227295, 17.017488479614258, 2.01991868019104, 3.5397233963012695, 0.061914920806884766, 0.9949238300323486, -5.668146133422852, 1.8932750225067139, -5.382757663726807], [1.1062875986099243, -1.8895362615585327, 0.09448595345020294, 2.122593402862549, 0.9924671649932861, 0.4461838901042938, 2.240936040878296, 1.5414116382598877, 2.0669212341308594, -3.078719139099121, 5.545262813568115, 0.19527898728847504, 3.101806879043579, 2.01991868019104, 18.01681900024414, -1.2258933782577515, 1.5154768228530884, -3.860464572906494, -0.8853048086166382, 1.1120314598083496, -1.898573875427246], [4.622446537017822, 1.962721586227417, 2.5469799041748047, 3.5387847423553467, 2.8697588443756104, 0.21005737781524658, 3.689023494720459, 1.6552112102508545, 0.5185542106628418, 1.4455286264419556, -1.6732850074768066, 2.9502639770507812, -0.760964572429657, 3.5397233963012695, -1.2258933782577515, 11.382845878601074, 1.2938778400421143, 0.521497905254364, 4.170299530029297, -0.12656345963478088, -4.5904693603515625], [0.9804248213768005, -1.4853531122207642, -0.7491271495819092, 0.5902337431907654, 0.3503163456916809, -5.165504455566406, 3.1373677253723145, 2.583610773086548, 0.4926215410232544, -0.44301456212997437, 2.021272659301758, -2.223668098449707, -5.392430782318115, 0.061914969235658646, 1.5154767036437988, 1.2938774824142456, 22.667863845825195, 3.4174294471740723, -1.8876138925552368, 7.102667808532715, -4.581856727600098], [2.1147074699401855, 8.61481761932373, -2.2030835151672363, 3.3885233402252197, -4.98253059387207, 1.8510695695877075, 2.1536366939544678, -2.451603651046753, -3.9234228134155273, 4.537110328674316, -1.4581462144851685, -1.1968857049942017, 2.731788158416748, 0.9949241876602173, -3.860464096069336, 0.5214976072311401, 3.4174294471740723, 22.696306228637695, -2.5630147457122803, -2.097837448120117, -3.72078537940979], [2.4649388790130615, 4.236114978790283, 2.1692755222320557, 1.8375778198242188, 0.4606707990169525, -1.2565386295318604, -1.6678996086120605, 5.9016900062561035, -0.8525093793869019, 3.9342970848083496, 2.5277082920074463, -0.9873272776603699, 1.8980931043624878, -5.668146133422852, -0.8853059411048889, 4.170300483703613, -1.8876138925552368, -2.5630147457122803, 19.118019104003906, -4.087641716003418, -3.1901936531066895], [3.4944045543670654, 1.4003533124923706, 1.5213054418563843, 0.1344989538192749, 2.3776402473449707, 3.2532243728637695, 0.19678239524364471, -3.4350197315216064, 3.9765830039978027, 1.908801794052124, 5.296977996826172, -0.784521758556366, -1.9986704587936401, 1.8932747840881348, 1.1120314598083496, -0.1265634447336197, 7.102667808532715, -2.097837448120117, -4.087641716003418, 21.439861297607422, 0.20480304956436157], [1.8233885765075684, -3.3057680130004883, -0.2940656542778015, 3.1800646781921387, 3.0223097801208496, -6.116109848022461, -9.385988235473633, -0.6538856029510498, -9.621086120605469, -13.65262222290039, 6.784261703491211, 4.131623268127441, 5.044717311859131, -5.382757663726807, -1.8985737562179565, -4.590468406677246, -4.5818562507629395, -3.7207846641540527, -3.1901938915252686, 0.2048027515411377, 47.48805236816406]], "type": "heatmap"}], "layout": {"template": {"data": {"histogram2dcontour": [{"type": "histogram2dcontour", "colorbar": {"outlinewidth": 0, "ticks": ""}, "colorscale": [[0.0, "#0d0887"], [0.1111111111111111, "#46039f"], [0.2222222222222222, "#7201a8"], [0.3333333333333333, "#9c179e"], [0.4444444444444444, "#bd3786"], [0.5555555555555556, "#d8576b"], [0.6666666666666666, "#ed7953"], [0.7777777777777778, "#fb9f3a"], [0.8888888888888888, "#fdca26"], [1.0, "#f0f921"]]}], "choropleth": [{"type": "choropleth", "colorbar": {"outlinewidth": 0, "ticks": ""}}], "histogram2d": [{"type": "histogram2d", "colorbar": {"outlinewidth": 0, "ticks": ""}, "colorscale": [[0.0, "#0d0887"], [0.1111111111111111, "#46039f"], [0.2222222222222222, "#7201a8"], [0.3333333333333333, "#9c179e"], [0.4444444444444444, "#bd3786"], [0.5555555555555556, "#d8576b"], [0.6666666666666666, "#ed7953"], [0.7777777777777778, "#fb9f3a"], [0.8888888888888888, "#fdca26"], [1.0, "#f0f921"]]}], "heatmap": [{"type": "heatmap", "colorbar": {"outlinewidth": 0, "ticks": ""}, "colorscale": [[0.0, "#0d0887"], [0.1111111111111111, "#46039f"], [0.2222222222222222, "#7201a8"], [0.3333333333333333, "#9c179e"], [0.4444444444444444, "#bd3786"], [0.5555555555555556, "#d8576b"], [0.6666666666666666, "#ed7953"], [0.7777777777777778, "#fb9f3a"], [0.8888888888888888, "#fdca26"], [1.0, "#f0f921"]]}], "heatmapgl": [{"type": "heatmapgl", "colorbar": {"outlinewidth": 0, "ticks": ""}, "colorscale": [[0.0, "#0d0887"], [0.1111111111111111, "#46039f"], [0.2222222222222222, "#7201a8"], [0.3333333333333333, "#9c179e"], [0.4444444444444444, "#bd3786"], [0.5555555555555556, "#d8576b"], [0.6666666666666666, "#ed7953"], [0.7777777777777778, "#fb9f3a"], [0.8888888888888888, "#fdca26"], [1.0, "#f0f921"]]}], "contourcarpet": [{"type": "contourcarpet", "colorbar": {"outlinewidth": 0, "ticks": ""}}], "contour": [{"type": "contour", "colorbar": {"outlinewidth": 0, "ticks": ""}, "colorscale": [[0.0, "#0d0887"], [0.1111111111111111, "#46039f"], [0.2222222222222222, "#7201a8"], [0.3333333333333333, "#9c179e"], [0.4444444444444444, "#bd3786"], [0.5555555555555556, "#d8576b"], [0.6666666666666666, "#ed7953"], [0.7777777777777778, "#fb9f3a"], [0.8888888888888888, "#fdca26"], [1.0, "#f0f921"]]}], "surface": [{"type": "surface", "colorbar": {"outlinewidth": 0, "ticks": ""}, "colorscale": [[0.0, "#0d0887"], [0.1111111111111111, "#46039f"], [0.2222222222222222, "#7201a8"], [0.3333333333333333, "#9c179e"], [0.4444444444444444, "#bd3786"], [0.5555555555555556, "#d8576b"], [0.6666666666666666, "#ed7953"], [0.7777777777777778, "#fb9f3a"], [0.8888888888888888, "#fdca26"], [1.0, "#f0f921"]]}], "mesh3d": [{"type": "mesh3d", "colorbar": {"outlinewidth": 0, "ticks": ""}}], "scatter": [{"fillpattern": {"fillmode": "overlay", "size": 10, "solidity": 0.2}, "type": "scatter"}], "parcoords": [{"type": "parcoords", "line": {"colorbar": {"outlinewidth": 0, "ticks": ""}}}], "scatterpolargl": [{"type": "scatterpolargl", "marker": {"colorbar": {"outlinewidth": 0, "ticks": ""}}}], "bar": [{"error_x": {"color": "#2a3f5f"}, "error_y": {"color": "#2a3f5f"}, "marker": {"line": {"color": "#E5ECF6", "width": 0.5}, "pattern": {"fillmode": "overlay", "size": 10, "solidity": 0.2}}, "type": "bar"}], "scattergeo": [{"type": "scattergeo", "marker": {"colorbar": {"outlinewidth": 0, "ticks": ""}}}], "scatterpolar": [{"type": "scatterpolar", "marker": {"colorbar": {"outlinewidth": 0, "ticks": ""}}}], "histogram": [{"marker": {"pattern": {"fillmode": "overlay", "size": 10, "solidity": 0.2}}, "type": "histogram"}], "scattergl": [{"type": "scattergl", "marker": {"colorbar": {"outlinewidth": 0, "ticks": ""}}}], "scatter3d": [{"type": "scatter3d", "line": {"colorbar": {"outlinewidth": 0, "ticks": ""}}, "marker": {"colorbar": {"outlinewidth": 0, "ticks": ""}}}], "scattermapbox": [{"type": "scattermapbox", "marker": {"colorbar": {"outlinewidth": 0, "ticks": ""}}}], "scatterternary": [{"type": "scatterternary", "marker": {"colorbar": {"outlinewidth": 0, "ticks": ""}}}], "scattercarpet": [{"type": "scattercarpet", "marker": {"colorbar": {"outlinewidth": 0, "ticks": ""}}}], "carpet": [{"aaxis": {"endlinecolor": "#2a3f5f", "gridcolor": "white", "linecolor": "white", "minorgridcolor": "white", "startlinecolor": "#2a3f5f"}, "baxis": {"endlinecolor": "#2a3f5f", "gridcolor": "white", "linecolor": "white", "minorgridcolor": "white", "startlinecolor": "#2a3f5f"}, "type": "carpet"}], "table": [{"cells": {"fill": {"color": "#EBF0F8"}, "line": {"color": "white"}}, "header": {"fill": {"color": "#C8D4E3"}, "line": {"color": "white"}}, "type": "table"}], "barpolar": [{"marker": {"line": {"color": "#E5ECF6", "width": 0.5}, "pattern": {"fillmode": "overlay", "size": 10, "solidity": 0.2}}, "type": "barpolar"}], "pie": [{"automargin": true, "type": "pie"}]}, "layout": {"autotypenumbers": "strict", "colorway": ["#636efa", "#EF553B", "#00cc96", "#ab63fa", "#FFA15A", "#19d3f3", "#FF6692", "#B6E880", "#FF97FF", "#FECB52"], "font": {"color": "#2a3f5f"}, "hovermode": "closest", "hoverlabel": {"align": "left"}, "paper_bgcolor": "white", "plot_bgcolor": "#E5ECF6", "polar": {"bgcolor": "#E5ECF6", "angularaxis": {"gridcolor": "white", "linecolor": "white", "ticks": ""}, "radialaxis": {"gridcolor": "white", "linecolor": "white", "ticks": ""}}, "ternary": {"bgcolor": "#E5ECF6", "aaxis": {"gridcolor": "white", "linecolor": "white", "ticks": ""}, "baxis": {"gridcolor": "white", "linecolor": "white", "ticks": ""}, "caxis": {"gridcolor": "white", "linecolor": "white", "ticks": ""}}, "coloraxis": {"colorbar": {"outlinewidth": 0, "ticks": ""}}, "colorscale": {"sequential": [[0.0, "#0d0887"], [0.1111111111111111, "#46039f"], [0.2222222222222222, "#7201a8"], [0.3333333333333333, "#9c179e"], [0.4444444444444444, "#bd3786"], [0.5555555555555556, "#d8576b"], [0.6666666666666666, "#ed7953"], [0.7777777777777778, "#fb9f3a"], [0.8888888888888888, "#fdca26"], [1.0, "#f0f921"]], "sequentialminus": [[0.0, "#0d0887"], [0.1111111111111111, "#46039f"], [0.2222222222222222, "#7201a8"], [0.3333333333333333, "#9c179e"], [0.4444444444444444, "#bd3786"], [0.5555555555555556, "#d8576b"], [0.6666666666666666, "#ed7953"], [0.7777777777777778, "#fb9f3a"], [0.8888888888888888, "#fdca26"], [1.0, "#f0f921"]], "diverging": [[0, "#8e0152"], [0.1, "#c51b7d"], [0.2, "#de77ae"], [0.3, "#f1b6da"], [0.4, "#fde0ef"], [0.5, "#f7f7f7"], [0.6, "#e6f5d0"], [0.7, "#b8e186"], [0.8, "#7fbc41"], [0.9, "#4d9221"], [1, "#276419"]]}, "xaxis": {"gridcolor": "white", "linecolor": "white", "ticks": "", "title": {"standoff": 15}, "zerolinecolor": "white", "automargin": true, "zerolinewidth": 2}, "yaxis": {"gridcolor": "white", "linecolor": "white", "ticks": "", "title": {"standoff": 15}, "zerolinecolor": "white", "automargin": true, "zerolinewidth": 2}, "scene": {"xaxis": {"backgroundcolor": "#E5ECF6", "gridcolor": "white", "linecolor": "white", "showbackground": true, "ticks": "", "zerolinecolor": "white", "gridwidth": 2}, "yaxis": {"backgroundcolor": "#E5ECF6", "gridcolor": "white", "linecolor": "white", "showbackground": true, "ticks": "", "zerolinecolor": "white", "gridwidth": 2}, "zaxis": {"backgroundcolor": "#E5ECF6", "gridcolor": "white", "linecolor": "white", "showbackground": true, "ticks": "", "zerolinecolor": "white", "gridwidth": 2}}, "shapedefaults": {"line": {"color": "#2a3f5f"}}, "annotationdefaults": {"arrowcolor": "#2a3f5f", "arrowhead": 0, "arrowwidth": 1}, "geo": {"bgcolor": "white", "landcolor": "#E5ECF6", "subunitcolor": "white", "showland": true, "showlakes": true, "lakecolor": "white"}, "title": {"x": 0.05}, "mapbox": {"style": "light"}}}}}