{"data": [{"z": [[23.57964324951172, 1.90959894657135, 0.9767601490020752, -0.2964395582675934, 6.754517555236816, -1.263095736503601, -0.35264283418655396, 3.891104221343994, 1.7074041366577148, -4.505058288574219, 5.194567680358887, -0.48520663380622864, 0.7082251906394958, 1.9024879932403564, 1.0883994102478027, 4.574436664581299, 1.0241327285766602, 2.177457809448242, 2.457352876663208, 3.5344302654266357, 1.7693681716918945], [1.90959894657135, 17.0079345703125, -1.8868610858917236, 1.0451381206512451, -1.7244545221328735, 0.8710071444511414, -0.09689348936080933, 0.1422191560268402, -1.458222508430481, 5.332283973693848, 1.325507640838623, -3.009805202484131, 4.013011455535889, 0.6243517994880676, -1.9051275253295898, 1.9963566064834595, -1.4327881336212158, 8.57068920135498, 4.261409759521484, 1.4243204593658447, -3.3237087726593018], [0.9767601490020752, -1.8868610858917236, 21.88589859008789, 3.8999180793762207, 2.6004598140716553, 2.6206703186035156, 5.998401641845703, -3.395965814590454, 0.2240007072687149, 1.1046844720840454, 1.6019600629806519, 5.890933990478516, -4.280228614807129, 2.976516008377075, 0.08120303601026535, 2.5315704345703125, -0.7017327547073364, -2.1787397861480713, 2.201127529144287, 1.5337722301483154, -0.2932997941970825], [-0.2964395582675934, 1.0451381206512451, 3.8999180793762207, 24.410463333129883, 2.1847190856933594, 3.110081911087036, 2.758223056793213, -4.583582878112793, -5.765381813049316, 5.900814533233643, 11.492256164550781, -3.021547555923462, 3.8123648166656494, 0.4061526656150818, 2.0603580474853516, 3.516529083251953, 0.6511013507843018, 3.3757758140563965, 1.8941609859466553, 0.18509066104888916, 3.2077536582946777], [6.754517555236816, -1.7244545221328735, 2.6004598140716553, 2.1847190856933594, 14.201173782348633, -1.8986153602600098, 3.8292410373687744, 2.753828287124634, 1.8869473934173584, -1.5638056993484497, 3.266270637512207, -0.6312451958656311, 2.20165753364563, 4.684678554534912, 0.9724549651145935, 2.8333380222320557, 0.38722366094589233, -4.94929313659668, 0.5153806209564209, 2.350416660308838, 3.0028860569000244], [-1.263095736503601, 0.8710071444511414, 2.6206703186035156, 3.110081911087036, -1.8986153602600098, 20.84197998046875, -0.4082660377025604, 0.31258624792099, 3.400303602218628, 4.064486026763916, 1.1810996532440186, -1.982485294342041, -1.2648905515670776, 1.080264687538147, 0.38430917263031006, 0.18620727956295013, -5.07070255279541, 1.8390302658081055, -1.1521501541137695, 3.272815704345703, -6.119880199432373], [-0.35264283418655396, -0.09689348936080933, 5.998401641845703, 2.758223056793213, 3.8292410373687744, -0.4082660377025604, 17.182979583740234, 1.3130123615264893, 1.3398598432540894, 2.442239999771118, -1.2918989658355713, 2.8559107780456543, 1.392377495765686, 3.499236822128296, 2.2047903537750244, 3.7064430713653564, 3.170753002166748, 2.1698997020721436, -1.580437183380127, 0.2265470027923584, -9.392273902893066], [3.891104221343994, 0.1422191560268402, -3.395965814590454, -4.583582878112793, 2.753828287124634, 0.31258624792099, 1.3130123615264893, 18.67113494873047, 3.430309295654297, -0.4690157473087311, -2.467463254928589, -3.1482386589050293, 0.4616517126560211, -2.5217628479003906, 1.612324833869934, 1.7841664552688599, 2.6285438537597656, -2.404853582382202, 5.985913276672363, -3.31316876411438, -0.7494679093360901], [1.7074041366577148, -1.458222508430481, 0.2240007072687149, -5.765381813049316, 1.8869473934173584, 3.400303602218628, 1.3398598432540894, 3.430309295654297, 18.306791305541992, 2.708742141723633, -5.077419281005859, 0.37020331621170044, 3.0825448036193848, 2.470996856689453, 2.0398645401000977, 0.49298739433288574, 0.5121109485626221, -3.872955083847046, -0.8066730499267578, 3.950101852416992, -9.607633590698242], [-4.505058288574219, 5.332283973693848, 1.1046844720840454, 5.900814533233643, -1.5638056993484497, 4.064486026763916, 2.442239999771118, -0.4690157473087311, 2.708742141723633, 18.940170288085938, -2.7198400497436523, -4.049707412719727, 2.427055835723877, -3.300197124481201, -3.105654716491699, 1.45146906375885, -0.41769886016845703, 4.50919246673584, 3.970008373260498, 1.9051833152770996, -13.617398262023926], [5.194567680358887, 1.325507640838623, 1.6019600629806519, 11.492256164550781, 3.266270637512207, 1.1810996532440186, -1.2918989658355713, -2.467463254928589, -5.077419281005859, -2.7198400497436523, 17.91958236694336, -1.7489122152328491, 2.5731658935546875, 2.109876871109009, 5.552850246429443, -1.637881875038147, 2.080754280090332, -1.390518307685852, 2.5762600898742676, 5.327569007873535, 6.683547019958496], [-0.48520663380622864, -3.009805202484131, 5.890933990478516, -3.021547555923462, -0.6312451958656311, -1.982485294342041, 2.8559107780456543, -3.1482386589050293, 0.37020331621170044, -4.049707412719727, -1.7489122152328491, 21.47621726989746, 3.4598567485809326, 4.419548511505127, 0.2475723773241043, 2.9151527881622314, -2.221571922302246, -1.1599535942077637, -1.0079386234283447, -0.766197919845581, 4.083534240722656], [0.7082251906394958, 4.013011455535889, -4.280228614807129, 3.8123648166656494, 2.20165753364563, -1.2648905515670776, 1.392377495765686, 0.4616517126560211, 3.0825448036193848, 2.427055835723877, 2.5731658935546875, 3.4598567485809326, 19.282867431640625, -2.4959192276000977, 3.045896291732788, -0.6964003443717957, -5.309312343597412, 2.7120163440704346, 1.9128966331481934, -1.95524001121521, 5.042095184326172], [1.9024879932403564, 0.6243517994880676, 2.976516008377075, 0.4061526656150818, 4.684678554534912, 1.080264687538147, 3.499236822128296, -2.5217628479003906, 2.470996856689453, -3.300197124481201, 2.109876871109009, 4.419548511505127, -2.4959192276000977, 16.881752014160156, 1.9484633207321167, 3.476672649383545, 0.10169351100921631, 1.002957820892334, -5.589564800262451, 1.9465491771697998, -5.3192925453186035], [1.0883994102478027, -1.9051275253295898, 0.08120303601026535, 2.0603580474853516, 0.9724549651145935, 0.38430917263031006, 2.2047903537750244, 1.612324833869934, 2.0398645401000977, -3.105654716491699, 5.552850246429443, 0.2475723773241043, 3.045896291732788, 1.9484633207321167, 17.872032165527344, -1.2399200201034546, 1.4957410097122192, -3.8369696140289307, -0.8677430152893066, 1.1080615520477295, -1.8305901288986206], [4.574436664581299, 1.9963566064834595, 2.5315704345703125, 3.516529083251953, 2.8333380222320557, 0.18620727956295013, 3.7064430713653564, 1.7841664552688599, 0.49298739433288574, 1.45146906375885, -1.637881875038147, 2.9151527881622314, -0.6964003443717957, 3.476672649383545, -1.2399200201034546, 11.305174827575684, 1.3421181440353394, 0.5525107979774475, 4.179927825927734, -0.12707394361495972, -4.553870677947998], [1.0241326093673706, -1.432788610458374, -0.7017334699630737, 0.6511014103889465, 0.38722389936447144, -5.070703029632568, 3.170752763748169, 2.6285436153411865, 0.5121110081672668, -0.4176991581916809, 2.080754041671753, -2.221571207046509, -5.3093132972717285, 0.10169325023889542, 1.4957406520843506, 1.3421179056167603, 22.616304397583008, 3.4095747470855713, -1.823071002960205, 7.149310111999512, -4.607909202575684], [2.1774580478668213, 8.570690155029297, -2.1787397861480713, 3.3757758140563965, -4.94929313659668, 1.8390302658081055, 2.1698997020721436, -2.404853582382202, -3.872954845428467, 4.50919246673584, -1.3905185461044312, -1.1599537134170532, 2.7120163440704346, 1.0029579401016235, -3.8369688987731934, 0.5525107383728027, 3.4095747470855713, 22.595117568969727, -2.5418076515197754, -2.088688611984253, -3.754706621170044], [2.45735239982605, 4.261410236358643, 2.2011280059814453, 1.8941614627838135, 0.5153807997703552, -1.152150273323059, -1.5804368257522583, 5.985913276672363, -0.8066730499267578, 3.970008134841919, 2.5762598514556885, -1.0079387426376343, 1.9128972291946411, -5.589565277099609, -0.8677422404289246, 4.179927825927734, -1.823071002960205, -2.5418076515197754, 19.098264694213867, -4.052309989929199, -3.268752098083496], [3.534430503845215, 1.424320936203003, 1.533772587776184, 0.18509092926979065, 2.350416421890259, 3.272815465927124, 0.22654704749584198, -3.313168525695801, 3.950101613998413, 1.9051836729049683, 5.327568531036377, -0.7661983966827393, -1.9552397727966309, 1.9465488195419312, 1.1080615520477295, -0.12707383930683136, 7.149310111999512, -2.088688611984253, -4.052309989929199, 21.301464080810547, 0.1912878453731537], [1.769368290901184, -3.3237080574035645, -0.2932998538017273, 3.207754135131836, 3.0028865337371826, -6.119880199432373, -9.392274856567383, -0.7494678497314453, -9.607633590698242, -13.617400169372559, 6.683547019958496, 4.0835347175598145, 5.042095184326172, -5.319292068481445, -1.8305903673171997, -4.55387020111084, -4.607909679412842, -3.7547075748443604, -3.268752098083496, 0.19128751754760742, 47.48805236816406]], "type": "heatmap"}], "layout": {"template": {"data": {"histogram2dcontour": [{"type": "histogram2dcontour", "colorbar": {"outlinewidth": 0, "ticks": ""}, "colorscale": [[0.0, "#0d0887"], [0.1111111111111111, "#46039f"], [0.2222222222222222, "#7201a8"], [0.3333333333333333, "#9c179e"], [0.4444444444444444, "#bd3786"], [0.5555555555555556, "#d8576b"], [0.6666666666666666, "#ed7953"], [0.7777777777777778, "#fb9f3a"], [0.8888888888888888, "#fdca26"], [1.0, "#f0f921"]]}], "choropleth": [{"type": "choropleth", "colorbar": {"outlinewidth": 0, "ticks": ""}}], "histogram2d": [{"type": "histogram2d", "colorbar": {"outlinewidth": 0, "ticks": ""}, "colorscale": [[0.0, "#0d0887"], [0.1111111111111111, "#46039f"], [0.2222222222222222, "#7201a8"], [0.3333333333333333, "#9c179e"], [0.4444444444444444, "#bd3786"], [0.5555555555555556, "#d8576b"], [0.6666666666666666, "#ed7953"], [0.7777777777777778, "#fb9f3a"], [0.8888888888888888, "#fdca26"], [1.0, "#f0f921"]]}], "heatmap": [{"type": "heatmap", "colorbar": {"outlinewidth": 0, "ticks": ""}, "colorscale": [[0.0, "#0d0887"], [0.1111111111111111, "#46039f"], [0.2222222222222222, "#7201a8"], [0.3333333333333333, "#9c179e"], [0.4444444444444444, "#bd3786"], [0.5555555555555556, "#d8576b"], [0.6666666666666666, "#ed7953"], [0.7777777777777778, "#fb9f3a"], [0.8888888888888888, "#fdca26"], [1.0, "#f0f921"]]}], "heatmapgl": [{"type": "heatmapgl", "colorbar": {"outlinewidth": 0, "ticks": ""}, "colorscale": [[0.0, "#0d0887"], [0.1111111111111111, "#46039f"], [0.2222222222222222, "#7201a8"], [0.3333333333333333, "#9c179e"], [0.4444444444444444, "#bd3786"], [0.5555555555555556, "#d8576b"], [0.6666666666666666, "#ed7953"], [0.7777777777777778, "#fb9f3a"], [0.8888888888888888, "#fdca26"], [1.0, "#f0f921"]]}], "contourcarpet": [{"type": "contourcarpet", "colorbar": {"outlinewidth": 0, "ticks": ""}}], "contour": [{"type": "contour", "colorbar": {"outlinewidth": 0, "ticks": ""}, "colorscale": [[0.0, "#0d0887"], [0.1111111111111111, "#46039f"], [0.2222222222222222, "#7201a8"], [0.3333333333333333, "#9c179e"], [0.4444444444444444, "#bd3786"], [0.5555555555555556, "#d8576b"], [0.6666666666666666, "#ed7953"], [0.7777777777777778, "#fb9f3a"], [0.8888888888888888, "#fdca26"], [1.0, "#f0f921"]]}], "surface": [{"type": "surface", "colorbar": {"outlinewidth": 0, "ticks": ""}, "colorscale": [[0.0, "#0d0887"], [0.1111111111111111, "#46039f"], [0.2222222222222222, "#7201a8"], [0.3333333333333333, "#9c179e"], [0.4444444444444444, "#bd3786"], [0.5555555555555556, "#d8576b"], [0.6666666666666666, "#ed7953"], [0.7777777777777778, "#fb9f3a"], [0.8888888888888888, "#fdca26"], [1.0, "#f0f921"]]}], "mesh3d": [{"type": "mesh3d", "colorbar": {"outlinewidth": 0, "ticks": ""}}], "scatter": [{"fillpattern": {"fillmode": "overlay", "size": 10, "solidity": 0.2}, "type": "scatter"}], "parcoords": [{"type": "parcoords", "line": {"colorbar": {"outlinewidth": 0, "ticks": ""}}}], "scatterpolargl": [{"type": "scatterpolargl", "marker": {"colorbar": {"outlinewidth": 0, "ticks": ""}}}], "bar": [{"error_x": {"color": "#2a3f5f"}, "error_y": {"color": "#2a3f5f"}, "marker": {"line": {"color": "#E5ECF6", "width": 0.5}, "pattern": {"fillmode": "overlay", "size": 10, "solidity": 0.2}}, "type": "bar"}], "scattergeo": [{"type": "scattergeo", "marker": {"colorbar": {"outlinewidth": 0, "ticks": ""}}}], "scatterpolar": [{"type": "scatterpolar", "marker": {"colorbar": {"outlinewidth": 0, "ticks": ""}}}], "histogram": [{"marker": {"pattern": {"fillmode": "overlay", "size": 10, "solidity": 0.2}}, "type": "histogram"}], "scattergl": [{"type": "scattergl", "marker": {"colorbar": {"outlinewidth": 0, "ticks": ""}}}], "scatter3d": [{"type": "scatter3d", "line": {"colorbar": {"outlinewidth": 0, "ticks": ""}}, "marker": {"colorbar": {"outlinewidth": 0, "ticks": ""}}}], "scattermapbox": [{"type": "scattermapbox", "marker": {"colorbar": {"outlinewidth": 0, "ticks": ""}}}], "scatterternary": [{"type": "scatterternary", "marker": {"colorbar": {"outlinewidth": 0, "ticks": ""}}}], "scattercarpet": [{"type": "scattercarpet", "marker": {"colorbar": {"outlinewidth": 0, "ticks": ""}}}], "carpet": [{"aaxis": {"endlinecolor": "#2a3f5f", "gridcolor": "white", "linecolor": "white", "minorgridcolor": "white", "startlinecolor": "#2a3f5f"}, "baxis": {"endlinecolor": "#2a3f5f", "gridcolor": "white", "linecolor": "white", "minorgridcolor": "white", "startlinecolor": "#2a3f5f"}, "type": "carpet"}], "table": [{"cells": {"fill": {"color": "#EBF0F8"}, "line": {"color": "white"}}, "header": {"fill": {"color": "#C8D4E3"}, "line": {"color": "white"}}, "type": "table"}], "barpolar": [{"marker": {"line": {"color": "#E5ECF6", "width": 0.5}, "pattern": {"fillmode": "overlay", "size": 10, "solidity": 0.2}}, "type": "barpolar"}], "pie": [{"automargin": true, "type": "pie"}]}, "layout": {"autotypenumbers": "strict", "colorway": ["#636efa", "#EF553B", "#00cc96", "#ab63fa", "#FFA15A", "#19d3f3", "#FF6692", "#B6E880", "#FF97FF", "#FECB52"], "font": {"color": "#2a3f5f"}, "hovermode": "closest", "hoverlabel": {"align": "left"}, "paper_bgcolor": "white", "plot_bgcolor": "#E5ECF6", "polar": {"bgcolor": "#E5ECF6", "angularaxis": {"gridcolor": "white", "linecolor": "white", "ticks": ""}, "radialaxis": {"gridcolor": "white", "linecolor": "white", "ticks": ""}}, "ternary": {"bgcolor": "#E5ECF6", "aaxis": {"gridcolor": "white", "linecolor": "white", "ticks": ""}, "baxis": {"gridcolor": "white", "linecolor": "white", "ticks": ""}, "caxis": {"gridcolor": "white", "linecolor": "white", "ticks": ""}}, "coloraxis": {"colorbar": {"outlinewidth": 0, "ticks": ""}}, "colorscale": {"sequential": [[0.0, "#0d0887"], [0.1111111111111111, "#46039f"], [0.2222222222222222, "#7201a8"], [0.3333333333333333, "#9c179e"], [0.4444444444444444, "#bd3786"], [0.5555555555555556, "#d8576b"], [0.6666666666666666, "#ed7953"], [0.7777777777777778, "#fb9f3a"], [0.8888888888888888, "#fdca26"], [1.0, "#f0f921"]], "sequentialminus": [[0.0, "#0d0887"], [0.1111111111111111, "#46039f"], [0.2222222222222222, "#7201a8"], [0.3333333333333333, "#9c179e"], [0.4444444444444444, "#bd3786"], [0.5555555555555556, "#d8576b"], [0.6666666666666666, "#ed7953"], [0.7777777777777778, "#fb9f3a"], [0.8888888888888888, "#fdca26"], [1.0, "#f0f921"]], "diverging": [[0, "#8e0152"], [0.1, "#c51b7d"], [0.2, "#de77ae"], [0.3, "#f1b6da"], [0.4, "#fde0ef"], [0.5, "#f7f7f7"], [0.6, "#e6f5d0"], [0.7, "#b8e186"], [0.8, "#7fbc41"], [0.9, "#4d9221"], [1, "#276419"]]}, "xaxis": {"gridcolor": "white", "linecolor": "white", "ticks": "", "title": {"standoff": 15}, "zerolinecolor": "white", "automargin": true, "zerolinewidth": 2}, "yaxis": {"gridcolor": "white", "linecolor": "white", "ticks": "", "title": {"standoff": 15}, "zerolinecolor": "white", "automargin": true, "zerolinewidth": 2}, "scene": {"xaxis": {"backgroundcolor": "#E5ECF6", "gridcolor": "white", "linecolor": "white", "showbackground": true, "ticks": "", "zerolinecolor": "white", "gridwidth": 2}, "yaxis": {"backgroundcolor": "#E5ECF6", "gridcolor": "white", "linecolor": "white", "showbackground": true, "ticks": "", "zerolinecolor": "white", "gridwidth": 2}, "zaxis": {"backgroundcolor": "#E5ECF6", "gridcolor": "white", "linecolor": "white", "showbackground": true, "ticks": "", "zerolinecolor": "white", "gridwidth": 2}}, "shapedefaults": {"line": {"color": "#2a3f5f"}}, "annotationdefaults": {"arrowcolor": "#2a3f5f", "arrowhead": 0, "arrowwidth": 1}, "geo": {"bgcolor": "white", "landcolor": "#E5ECF6", "subunitcolor": "white", "showland": true, "showlakes": true, "lakecolor": "white"}, "title": {"x": 0.05}, "mapbox": {"style": "light"}}}}}