{"data": [{"z": [[23.41368293762207, 1.905553936958313, 0.9537776708602905, -0.26344624161720276, 6.719377517700195, -1.2640959024429321, -0.3286925256252289, 3.9417948722839355, 1.6671277284622192, -4.467555999755859, 5.1680121421813965, -0.4745684564113617, 0.7150305509567261, 1.983468770980835, 1.0996055603027344, 4.562139511108398, 1.045836329460144, 2.1511263847351074, 2.433481216430664, 3.4767301082611084, 1.7445406913757324], [1.905553936958313, 16.93607521057129, -1.890276551246643, 1.0641534328460693, -1.6745715141296387, 0.8732942938804626, -0.09433650970458984, 0.12753790616989136, -1.455634593963623, 5.3051629066467285, 1.3451197147369385, -2.9990363121032715, 3.997525930404663, 0.6316062211990356, -1.8637953996658325, 2.0259342193603516, -1.3963128328323364, 8.547800064086914, 4.237499237060547, 1.4068700075149536, -3.328761339187622], [0.9537776708602905, -1.890276551246643, 21.813188552856445, 3.8484010696411133, 2.597557306289673, 2.5963873863220215, 5.953004360198975, -3.420807123184204, 0.23074971139431, 1.0840556621551514, 1.5965783596038818, 5.908838748931885, -4.266786575317383, 2.9871087074279785, 0.06213952973484993, 2.5428895950317383, -0.6873874664306641, -2.160249710083008, 2.1757876873016357, 1.5335612297058105, -0.28030192852020264], [-0.26344624161720276, 1.0641534328460693, 3.8484010696411133, 24.347341537475586, 2.157742500305176, 3.1306352615356445, 2.777101993560791, -4.577043056488037, -5.729308128356934, 5.876727104187012, 11.401667594909668, -2.946857452392578, 3.858246088027954, 0.4634250998497009, 2.056569814682007, 3.493462562561035, 0.6600022315979004, 3.3404505252838135, 1.9218833446502686, 0.22493195533752441, 3.201690673828125], [6.719377517700195, -1.6745715141296387, 2.597557306289673, 2.157742500305176, 14.14289665222168, -1.8953146934509277, 3.790470838546753, 2.71004056930542, 1.9172687530517578, -1.49853515625, 3.188596487045288, -0.6027432680130005, 2.19885516166687, 4.694887161254883, 0.9584423899650574, 2.8135368824005127, 0.4036955237388611, -4.902413845062256, 0.515347957611084, 2.3384792804718018, 2.9649031162261963], [-1.2640959024429321, 0.8732942938804626, 2.5963873863220215, 3.1306352615356445, -1.8953146934509277, 20.726041793823242, -0.4152543246746063, 0.3442375659942627, 3.360593318939209, 4.0483598709106445, 1.1842111349105835, -1.8923801183700562, -1.2342643737792969, 1.0891990661621094, 0.39509347081184387, 0.18658068776130676, -5.049239158630371, 1.8093085289001465, -1.105292797088623, 3.2305712699890137, -6.10097074508667], [-0.3286925256252289, -0.09433650970458984, 5.953004360198975, 2.777101993560791, 3.790470838546753, -0.4152543246746063, 17.08387565612793, 1.2546476125717163, 1.3751505613327026, 2.410677194595337, -1.2905515432357788, 2.894151210784912, 1.3459678888320923, 3.554109811782837, 2.2061264514923096, 3.678941488265991, 3.189321756362915, 2.134174346923828, -1.5788004398345947, 0.23391854763031006, -9.375532150268555], [3.9417948722839355, 0.12753790616989136, -3.420807123184204, -4.577043056488037, 2.71004056930542, 0.3442375659942627, 1.2546476125717163, 18.579877853393555, 3.3844902515411377, -0.4092675745487213, -2.489940881729126, -3.084228754043579, 0.45176827907562256, -2.4668822288513184, 1.5473554134368896, 1.695978045463562, 2.650846004486084, -2.3950986862182617, 5.9250807762146, -3.278264045715332, -0.7432637810707092], [1.6671277284622192, -1.455634593963623, 0.23074971139431, -5.729308128356934, 1.9172687530517578, 3.360593318939209, 1.3751505613327026, 3.3844902515411377, 18.2590274810791, 2.7122843265533447, -4.99891471862793, 0.37634843587875366, 3.068124294281006, 2.481236457824707, 2.079294204711914, 0.5318203568458557, 0.514691948890686, -3.830127239227295, -0.7962397336959839, 3.9012866020202637, -9.665069580078125], [-4.467555999755859, 5.3051629066467285, 1.0840556621551514, 5.876727104187012, -1.49853515625, 4.0483598709106445, 2.410677194595337, -0.4092675745487213, 2.7122843265533447, 18.838560104370117, -2.653331756591797, -3.9390180110931396, 2.3982181549072266, -3.30767822265625, -3.0700573921203613, 1.4983266592025757, -0.41809892654418945, 4.514523029327393, 3.955049991607666, 1.8784465789794922, -13.56515121459961], [5.1680121421813965, 1.3451197147369385, 1.5965783596038818, 11.401667594909668, 3.188596487045288, 1.1842111349105835, -1.2905515432357788, -2.489940881729126, -4.99891471862793, -2.653331756591797, 17.79770278930664, -1.7401937246322632, 2.574523448944092, 2.132622718811035, 5.520135402679443, -1.6207114458084106, 2.106154441833496, -1.3419603109359741, 2.527444839477539, 5.320416450500488, 6.6111063957214355], [-0.4745684564113617, -2.9990363121032715, 5.908838748931885, -2.946857452392578, -0.6027432680130005, -1.8923801183700562, 2.894151210784912, -3.084228754043579, 0.37634843587875366, -3.9390180110931396, -1.7401937246322632, 21.402719497680664, 3.473245143890381, 4.467016696929932, 0.2886134684085846, 2.882908582687378, -2.142054557800293, -1.1440014839172363, -0.9611696600914001, -0.721472978591919, 3.978766441345215], [0.7150305509567261, 3.997525930404663, -4.266786575317383, 3.858246088027954, 2.19885516166687, -1.2342643737792969, 1.3459678888320923, 0.45176827907562256, 3.068124294281006, 2.3982181549072266, 2.574523448944092, 3.473245143890381, 19.11724090576172, -2.4264252185821533, 3.0290379524230957, -0.6906430721282959, -5.2327470779418945, 2.682912826538086, 1.8885471820831299, -1.9075791835784912, 5.070262908935547], [1.983468770980835, 0.6316062211990356, 2.9871087074279785, 0.4634250998497009, 4.694887161254883, 1.0891990661621094, 3.554109811782837, -2.4668822288513184, 2.481236457824707, -3.30767822265625, 2.132622718811035, 4.467016696929932, -2.4264252185821533, 16.776714324951172, 1.9689652919769287, 3.4806249141693115, 0.10307145118713379, 0.9799714088439941, -5.491654396057129, 1.999380111694336, -5.280540943145752], [1.0996055603027344, -1.8637953996658325, 0.06213952973484993, 2.056569814682007, 0.9584423899650574, 0.39509347081184387, 2.2061264514923096, 1.5473554134368896, 2.079294204711914, -3.0700573921203613, 5.520135402679443, 0.2886134684085846, 3.0290379524230957, 1.9689652919769287, 17.825603485107422, -1.2361387014389038, 1.5008325576782227, -3.815054416656494, -0.8670850992202759, 1.1184628009796143, -1.845104694366455], [4.562139511108398, 2.0259342193603516, 2.5428895950317383, 3.493462562561035, 2.8135368824005127, 0.18658068776130676, 3.678941488265991, 1.695978045463562, 0.5318203568458557, 1.4983266592025757, -1.6207114458084106, 2.882908582687378, -0.6906430721282959, 3.4806249141693115, -1.2361387014389038, 11.292723655700684, 1.3755053281784058, 0.594598114490509, 4.1731672286987305, -0.06063389778137207, -4.602415084838867], [1.0458366870880127, -1.3963133096694946, -0.6873868703842163, 0.6600025296211243, 0.40369510650634766, -5.049238204956055, 3.189321756362915, 2.650845527648926, 0.5146918296813965, -0.41809865832328796, 2.1061549186706543, -2.142054557800293, -5.2327470779418945, 0.10307146608829498, 1.5008327960968018, 1.375504732131958, 22.561235427856445, 3.376157283782959, -1.8080213069915771, 7.112742900848389, -4.581801891326904], [2.1511270999908447, 8.54780101776123, -2.1602494716644287, 3.3404510021209717, -4.902413845062256, 1.809308409690857, 2.134173631668091, -2.395098924636841, -3.8301267623901367, 4.514523506164551, -1.3419601917266846, -1.1440017223358154, 2.6829121112823486, 0.9799719452857971, -3.815054178237915, 0.5945985317230225, 3.376157283782959, 22.511474609375, -2.5089964866638184, -2.0591325759887695, -3.7596263885498047], [2.433481216430664, 4.237498760223389, 2.175788402557373, 1.9218829870224, 0.5153481960296631, -1.105292797088623, -1.5788005590438843, 5.925080299377441, -0.7962396144866943, 3.955049514770508, 2.527445077896118, -0.9611697196960449, 1.8885471820831299, -5.491655349731445, -0.8670857548713684, 4.1731672286987305, -1.8080213069915771, -2.5089964866638184, 19.00353240966797, -4.0130534172058105, -3.2463130950927734], [3.476728916168213, 1.4068706035614014, 1.5335614681243896, 0.22493204474449158, 2.3384785652160645, 3.2305710315704346, 0.2339186668395996, -3.2782633304595947, 3.9012868404388428, 1.8784464597702026, 5.320416450500488, -0.7214730381965637, -1.9075794219970703, 1.9993799924850464, 1.1184622049331665, -0.06063372641801834, 7.112742900848389, -2.0591325759887695, -4.0130534172058105, 21.2004337310791, 0.21008601784706116], [1.744541049003601, -3.328761577606201, -0.28030192852020264, 3.201690673828125, 2.964902877807617, -6.100971698760986, -9.375532150268555, -0.7432641983032227, -9.665068626403809, -13.56515121459961, 6.6111063957214355, 3.978766918182373, 5.070262432098389, -5.280540943145752, -1.8451043367385864, -4.602415084838867, -4.5818023681640625, -3.7596263885498047, -3.2463130950927734, 0.21008563041687012, 47.48805236816406]], "type": "heatmap"}], "layout": {"template": {"data": {"histogram2dcontour": [{"type": "histogram2dcontour", "colorbar": {"outlinewidth": 0, "ticks": ""}, "colorscale": [[0.0, "#0d0887"], [0.1111111111111111, "#46039f"], [0.2222222222222222, "#7201a8"], [0.3333333333333333, "#9c179e"], [0.4444444444444444, "#bd3786"], [0.5555555555555556, "#d8576b"], [0.6666666666666666, "#ed7953"], [0.7777777777777778, "#fb9f3a"], [0.8888888888888888, "#fdca26"], [1.0, "#f0f921"]]}], "choropleth": [{"type": "choropleth", "colorbar": {"outlinewidth": 0, "ticks": ""}}], "histogram2d": [{"type": "histogram2d", "colorbar": {"outlinewidth": 0, "ticks": ""}, "colorscale": [[0.0, "#0d0887"], [0.1111111111111111, "#46039f"], [0.2222222222222222, "#7201a8"], [0.3333333333333333, "#9c179e"], [0.4444444444444444, "#bd3786"], [0.5555555555555556, "#d8576b"], [0.6666666666666666, "#ed7953"], [0.7777777777777778, "#fb9f3a"], [0.8888888888888888, "#fdca26"], [1.0, "#f0f921"]]}], "heatmap": [{"type": "heatmap", "colorbar": {"outlinewidth": 0, "ticks": ""}, "colorscale": [[0.0, "#0d0887"], [0.1111111111111111, "#46039f"], [0.2222222222222222, "#7201a8"], [0.3333333333333333, "#9c179e"], [0.4444444444444444, "#bd3786"], [0.5555555555555556, "#d8576b"], [0.6666666666666666, "#ed7953"], [0.7777777777777778, "#fb9f3a"], [0.8888888888888888, "#fdca26"], [1.0, "#f0f921"]]}], "heatmapgl": [{"type": "heatmapgl", "colorbar": {"outlinewidth": 0, "ticks": ""}, "colorscale": [[0.0, "#0d0887"], [0.1111111111111111, "#46039f"], [0.2222222222222222, "#7201a8"], [0.3333333333333333, "#9c179e"], [0.4444444444444444, "#bd3786"], [0.5555555555555556, "#d8576b"], [0.6666666666666666, "#ed7953"], [0.7777777777777778, "#fb9f3a"], [0.8888888888888888, "#fdca26"], [1.0, "#f0f921"]]}], "contourcarpet": [{"type": "contourcarpet", "colorbar": {"outlinewidth": 0, "ticks": ""}}], "contour": [{"type": "contour", "colorbar": {"outlinewidth": 0, "ticks": ""}, "colorscale": [[0.0, "#0d0887"], [0.1111111111111111, "#46039f"], [0.2222222222222222, "#7201a8"], [0.3333333333333333, "#9c179e"], [0.4444444444444444, "#bd3786"], [0.5555555555555556, "#d8576b"], [0.6666666666666666, "#ed7953"], [0.7777777777777778, "#fb9f3a"], [0.8888888888888888, "#fdca26"], [1.0, "#f0f921"]]}], "surface": [{"type": "surface", "colorbar": {"outlinewidth": 0, "ticks": ""}, "colorscale": [[0.0, "#0d0887"], [0.1111111111111111, "#46039f"], [0.2222222222222222, "#7201a8"], [0.3333333333333333, "#9c179e"], [0.4444444444444444, "#bd3786"], [0.5555555555555556, "#d8576b"], [0.6666666666666666, "#ed7953"], [0.7777777777777778, "#fb9f3a"], [0.8888888888888888, "#fdca26"], [1.0, "#f0f921"]]}], "mesh3d": [{"type": "mesh3d", "colorbar": {"outlinewidth": 0, "ticks": ""}}], "scatter": [{"fillpattern": {"fillmode": "overlay", "size": 10, "solidity": 0.2}, "type": "scatter"}], "parcoords": [{"type": "parcoords", "line": {"colorbar": {"outlinewidth": 0, "ticks": ""}}}], "scatterpolargl": [{"type": "scatterpolargl", "marker": {"colorbar": {"outlinewidth": 0, "ticks": ""}}}], "bar": [{"error_x": {"color": "#2a3f5f"}, "error_y": {"color": "#2a3f5f"}, "marker": {"line": {"color": "#E5ECF6", "width": 0.5}, "pattern": {"fillmode": "overlay", "size": 10, "solidity": 0.2}}, "type": "bar"}], "scattergeo": [{"type": "scattergeo", "marker": {"colorbar": {"outlinewidth": 0, "ticks": ""}}}], "scatterpolar": [{"type": "scatterpolar", "marker": {"colorbar": {"outlinewidth": 0, "ticks": ""}}}], "histogram": [{"marker": {"pattern": {"fillmode": "overlay", "size": 10, "solidity": 0.2}}, "type": "histogram"}], "scattergl": [{"type": "scattergl", "marker": {"colorbar": {"outlinewidth": 0, "ticks": ""}}}], "scatter3d": [{"type": "scatter3d", "line": {"colorbar": {"outlinewidth": 0, "ticks": ""}}, "marker": {"colorbar": {"outlinewidth": 0, "ticks": ""}}}], "scattermapbox": [{"type": "scattermapbox", "marker": {"colorbar": {"outlinewidth": 0, "ticks": ""}}}], "scatterternary": [{"type": "scatterternary", "marker": {"colorbar": {"outlinewidth": 0, "ticks": ""}}}], "scattercarpet": [{"type": "scattercarpet", "marker": {"colorbar": {"outlinewidth": 0, "ticks": ""}}}], "carpet": [{"aaxis": {"endlinecolor": "#2a3f5f", "gridcolor": "white", "linecolor": "white", "minorgridcolor": "white", "startlinecolor": "#2a3f5f"}, "baxis": {"endlinecolor": "#2a3f5f", "gridcolor": "white", "linecolor": "white", "minorgridcolor": "white", "startlinecolor": "#2a3f5f"}, "type": "carpet"}], "table": [{"cells": {"fill": {"color": "#EBF0F8"}, "line": {"color": "white"}}, "header": {"fill": {"color": "#C8D4E3"}, "line": {"color": "white"}}, "type": "table"}], "barpolar": [{"marker": {"line": {"color": "#E5ECF6", "width": 0.5}, "pattern": {"fillmode": "overlay", "size": 10, "solidity": 0.2}}, "type": "barpolar"}], "pie": [{"automargin": true, "type": "pie"}]}, "layout": {"autotypenumbers": "strict", "colorway": ["#636efa", "#EF553B", "#00cc96", "#ab63fa", "#FFA15A", "#19d3f3", "#FF6692", "#B6E880", "#FF97FF", "#FECB52"], "font": {"color": "#2a3f5f"}, "hovermode": "closest", "hoverlabel": {"align": "left"}, "paper_bgcolor": "white", "plot_bgcolor": "#E5ECF6", "polar": {"bgcolor": "#E5ECF6", "angularaxis": {"gridcolor": "white", "linecolor": "white", "ticks": ""}, "radialaxis": {"gridcolor": "white", "linecolor": "white", "ticks": ""}}, "ternary": {"bgcolor": "#E5ECF6", "aaxis": {"gridcolor": "white", "linecolor": "white", "ticks": ""}, "baxis": {"gridcolor": "white", "linecolor": "white", "ticks": ""}, "caxis": {"gridcolor": "white", "linecolor": "white", "ticks": ""}}, "coloraxis": {"colorbar": {"outlinewidth": 0, "ticks": ""}}, "colorscale": {"sequential": [[0.0, "#0d0887"], [0.1111111111111111, "#46039f"], [0.2222222222222222, "#7201a8"], [0.3333333333333333, "#9c179e"], [0.4444444444444444, "#bd3786"], [0.5555555555555556, "#d8576b"], [0.6666666666666666, "#ed7953"], [0.7777777777777778, "#fb9f3a"], [0.8888888888888888, "#fdca26"], [1.0, "#f0f921"]], "sequentialminus": [[0.0, "#0d0887"], [0.1111111111111111, "#46039f"], [0.2222222222222222, "#7201a8"], [0.3333333333333333, "#9c179e"], [0.4444444444444444, "#bd3786"], [0.5555555555555556, "#d8576b"], [0.6666666666666666, "#ed7953"], [0.7777777777777778, "#fb9f3a"], [0.8888888888888888, "#fdca26"], [1.0, "#f0f921"]], "diverging": [[0, "#8e0152"], [0.1, "#c51b7d"], [0.2, "#de77ae"], [0.3, "#f1b6da"], [0.4, "#fde0ef"], [0.5, "#f7f7f7"], [0.6, "#e6f5d0"], [0.7, "#b8e186"], [0.8, "#7fbc41"], [0.9, "#4d9221"], [1, "#276419"]]}, "xaxis": {"gridcolor": "white", "linecolor": "white", "ticks": "", "title": {"standoff": 15}, "zerolinecolor": "white", "automargin": true, "zerolinewidth": 2}, "yaxis": {"gridcolor": "white", "linecolor": "white", "ticks": "", "title": {"standoff": 15}, "zerolinecolor": "white", "automargin": true, "zerolinewidth": 2}, "scene": {"xaxis": {"backgroundcolor": "#E5ECF6", "gridcolor": "white", "linecolor": "white", "showbackground": true, "ticks": "", "zerolinecolor": "white", "gridwidth": 2}, "yaxis": {"backgroundcolor": "#E5ECF6", "gridcolor": "white", "linecolor": "white", "showbackground": true, "ticks": "", "zerolinecolor": "white", "gridwidth": 2}, "zaxis": {"backgroundcolor": "#E5ECF6", "gridcolor": "white", "linecolor": "white", "showbackground": true, "ticks": "", "zerolinecolor": "white", "gridwidth": 2}}, "shapedefaults": {"line": {"color": "#2a3f5f"}}, "annotationdefaults": {"arrowcolor": "#2a3f5f", "arrowhead": 0, "arrowwidth": 1}, "geo": {"bgcolor": "white", "landcolor": "#E5ECF6", "subunitcolor": "white", "showland": true, "showlakes": true, "lakecolor": "white"}, "title": {"x": 0.05}, "mapbox": {"style": "light"}}}}}