{"data": [{"z": [[23.42528533935547, 1.9038265943527222, 0.9618000388145447, -0.28923800587654114, 6.710394382476807, -1.2718318700790405, -0.3377210795879364, 3.9329864978790283, 1.6848593950271606, -4.470098495483398, 5.158848285675049, -0.4839946925640106, 0.6956508755683899, 1.9628205299377441, 1.0830929279327393, 4.582614898681641, 1.0453453063964844, 2.1622204780578613, 2.4172203540802, 3.4812674522399902, 1.7519196271896362], [1.9038265943527222, 16.956846237182617, -1.8869664669036865, 1.0532509088516235, -1.6865323781967163, 0.8746276497840881, -0.10799882560968399, 0.11943524330854416, -1.4475455284118652, 5.324141502380371, 1.34091317653656, -2.99529767036438, 4.0033183097839355, 0.6356098055839539, -1.8943960666656494, 2.0381550788879395, -1.3961892127990723, 8.5603609085083, 4.236329555511475, 1.4329686164855957, -3.3347132205963135], [0.9618000388145447, -1.8869664669036865, 21.818912506103516, 3.8565917015075684, 2.5982894897460938, 2.608799934387207, 5.96523904800415, -3.4133143424987793, 0.24601757526397705, 1.0956168174743652, 1.5893665552139282, 5.910167217254639, -4.268956661224365, 2.991499662399292, 0.05908884108066559, 2.5576374530792236, -0.6938974857330322, -2.160957098007202, 2.1605701446533203, 1.542252540588379, -0.28961074352264404], [-0.28923800587654114, 1.0532509088516235, 3.8565917015075684, 24.360788345336914, 2.161146879196167, 3.1376116275787354, 2.7966277599334717, -4.546509742736816, -5.7392964363098145, 5.896809101104736, 11.411025047302246, -2.936673879623413, 3.8391921520233154, 0.4596044421195984, 2.0438334941864014, 3.500091075897217, 0.6590878963470459, 3.3412394523620605, 1.9012582302093506, 0.21362042427062988, 3.2008674144744873], [6.710394382476807, -1.6865323781967163, 2.5982894897460938, 2.161146879196167, 14.157731056213379, -1.8961310386657715, 3.794569492340088, 2.708601236343384, 1.9172618389129639, -1.4985482692718506, 3.2010250091552734, -0.6235244870185852, 2.1887123584747314, 4.713205337524414, 0.9639392495155334, 2.827402353286743, 0.39527231454849243, -4.918807506561279, 0.4986792802810669, 2.342895984649658, 2.960005760192871], [-1.2718318700790405, 0.8746276497840881, 2.608799934387207, 3.1376116275787354, -1.8961310386657715, 20.773914337158203, -0.38882046937942505, 0.37148162722587585, 3.3576018810272217, 4.0540032386779785, 1.1753662824630737, -1.8926066160202026, -1.243088960647583, 1.083800196647644, 0.3788134753704071, 0.20769241452217102, -5.067280292510986, 1.8096849918365479, -1.139554500579834, 3.2565255165100098, -6.088202476501465], [-0.3377210795879364, -0.10799882560968399, 5.96523904800415, 2.7966277599334717, 3.794569492340088, -0.38882046937942505, 17.139631271362305, 1.318716287612915, 1.3740521669387817, 2.426589012145996, -1.2799736261367798, 2.891859531402588, 1.376481533050537, 3.5684425830841064, 2.186194658279419, 3.6989638805389404, 3.189979076385498, 2.1256015300750732, -1.5740571022033691, 0.24238669872283936, -9.398609161376953], [3.9329864978790283, 0.11943524330854416, -3.4133143424987793, -4.546509742736816, 2.708601236343384, 0.37148162722587585, 1.318716287612915, 18.645540237426758, 3.400022506713867, -0.403180330991745, -2.5051321983337402, -3.0859570503234863, 0.46807461977005005, -2.4677436351776123, 1.5417115688323975, 1.7241294384002686, 2.6583590507507324, -2.424778938293457, 5.9405670166015625, -3.2677459716796875, -0.7633870244026184], [1.6848593950271606, -1.4475455284118652, 0.24601757526397705, -5.7392964363098145, 1.9172618389129639, 3.3576018810272217, 1.3740521669387817, 3.400022506713867, 18.26219367980957, 2.700052499771118, -5.012181758880615, 0.37234798073768616, 3.078749418258667, 2.46482253074646, 2.0612030029296875, 0.5443671345710754, 0.5177618265151978, -3.846627950668335, -0.8068838715553284, 3.9247002601623535, -9.648195266723633], [-4.470098495483398, 5.324141502380371, 1.0956168174743652, 5.896809101104736, -1.4985482692718506, 4.0540032386779785, 2.426589012145996, -0.403180330991745, 2.700052499771118, 18.867212295532227, -2.6700949668884277, -3.994921922683716, 2.4053187370300293, -3.287515878677368, -3.08632755279541, 1.5113306045532227, -0.42314112186431885, 4.508249759674072, 3.9438729286193848, 1.8989062309265137, -13.58624267578125], [5.158848285675049, 1.34091317653656, 1.5893665552139282, 11.411025047302246, 3.2010250091552734, 1.1753662824630737, -1.2799736261367798, -2.5051321983337402, -5.012181758880615, -2.6700949668884277, 17.8181095123291, -1.7666698694229126, 2.5676698684692383, 2.132996082305908, 5.514621257781982, -1.6265374422073364, 2.0927443504333496, -1.3606048822402954, 2.512880563735962, 5.317091941833496, 6.616278171539307], [-0.4839946925640106, -2.99529767036438, 5.910167217254639, -2.936673879623413, -0.6235244870185852, -1.8926066160202026, 2.891859531402588, -3.0859570503234863, 0.37234798073768616, -3.994921922683716, -1.7666698694229126, 21.428903579711914, 3.4740166664123535, 4.4427666664123535, 0.2509685456752777, 2.8767142295837402, -2.1261916160583496, -1.181868076324463, -0.9514867067337036, -0.7105321884155273, 4.020871639251709], [0.6956508755683899, 4.0033183097839355, -4.268956661224365, 3.8391921520233154, 2.1887123584747314, -1.243088960647583, 1.376481533050537, 0.46807461977005005, 3.078749418258667, 2.4053187370300293, 2.5676698684692383, 3.4740166664123535, 19.171661376953125, -2.434619188308716, 3.040476083755493, -0.675233781337738, -5.256771087646484, 2.691188097000122, 1.9007840156555176, -1.9113260507583618, 5.059847831726074], [1.9628205299377441, 0.6356098055839539, 2.991499662399292, 0.4596044421195984, 4.713205337524414, 1.083800196647644, 3.5684425830841064, -2.4677436351776123, 2.46482253074646, -3.287515878677368, 2.132996082305908, 4.4427666664123535, -2.434619188308716, 16.79673194885254, 1.9595744609832764, 3.4749584197998047, 0.08995950222015381, 0.9717239141464233, -5.524781227111816, 1.9805412292480469, -5.297501087188721], [1.0830929279327393, -1.8943960666656494, 0.05908884108066559, 2.0438334941864014, 0.9639392495155334, 0.3788134753704071, 2.186194658279419, 1.5417115688323975, 2.0612030029296875, -3.08632755279541, 5.514621257781982, 0.2509685456752777, 3.040476083755493, 1.9595744609832764, 17.79975700378418, -1.2467013597488403, 1.4980463981628418, -3.827930212020874, -0.8807210922241211, 1.1227235794067383, -1.8164258003234863], [4.582614898681641, 2.0381550788879395, 2.5576374530792236, 3.500091075897217, 2.827402353286743, 0.20769241452217102, 3.6989638805389404, 1.7241294384002686, 0.5443671345710754, 1.5113306045532227, -1.6265374422073364, 2.8767142295837402, -0.675233781337738, 3.4749584197998047, -1.2467013597488403, 11.3092679977417, 1.3731250762939453, 0.5894829034805298, 4.17247200012207, -0.04052853584289551, -4.612791061401367], [1.0453451871871948, -1.3961893320083618, -0.6938976645469666, 0.6590881943702698, 0.39527249336242676, -5.067280292510986, 3.1899795532226562, 2.658358573913574, 0.517761766910553, -0.4231410324573517, 2.0927445888519287, -2.1261916160583496, -5.256770610809326, 0.0899595320224762, 1.4980463981628418, 1.373125433921814, 22.56869888305664, 3.3725175857543945, -1.816675066947937, 7.125334739685059, -4.562102317810059], [2.1622204780578613, 8.5603609085083, -2.160957098007202, 3.3412392139434814, -4.918807029724121, 1.8096853494644165, 2.125601291656494, -2.424778699874878, -3.846628189086914, 4.508249759674072, -1.3606051206588745, -1.1818678379058838, 2.691188097000122, 0.9717237949371338, -3.827930450439453, 0.5894827246665955, 3.3725175857543945, 22.539894104003906, -2.5298409461975098, -2.063534736633301, -3.7652900218963623], [2.4172210693359375, 4.236330032348633, 2.160569667816162, 1.901257872581482, 0.49867942929267883, -1.1395546197891235, -1.5740573406219482, 5.940567970275879, -0.8068843483924866, 3.9438729286193848, 2.51288104057312, -0.9514864683151245, 1.9007835388183594, -5.524781703948975, -0.8807214498519897, 4.17247200012207, -1.816675066947937, -2.5298409461975098, 19.01815414428711, -4.028944969177246, -3.228264331817627], [3.4812681674957275, 1.4329694509506226, 1.542252779006958, 0.2136203497648239, 2.3428966999053955, 3.2565255165100098, 0.24238671362400055, -3.2677454948425293, 3.9247002601623535, 1.8989057540893555, 5.317091941833496, -0.7105321288108826, -1.9113258123397827, 1.980541706085205, 1.1227234601974487, -0.04052869603037834, 7.125334739685059, -2.063534736633301, -4.028944969177246, 21.228652954101562, 0.1845247447490692], [1.7519199848175049, -3.3347132205963135, -0.2896108627319336, 3.2008681297302246, 2.960005760192871, -6.088202953338623, -9.39860725402832, -0.7633868455886841, -9.648195266723633, -13.586241722106934, 6.616277694702148, 4.020872116088867, 5.059848785400391, -5.297501564025879, -1.8164258003234863, -4.612791061401367, -4.562102317810059, -3.7652909755706787, -3.228264570236206, 0.1845250129699707, 47.48805236816406]], "type": "heatmap"}], "layout": {"template": {"data": {"histogram2dcontour": [{"type": "histogram2dcontour", "colorbar": {"outlinewidth": 0, "ticks": ""}, "colorscale": [[0.0, "#0d0887"], [0.1111111111111111, "#46039f"], [0.2222222222222222, "#7201a8"], [0.3333333333333333, "#9c179e"], [0.4444444444444444, "#bd3786"], [0.5555555555555556, "#d8576b"], [0.6666666666666666, "#ed7953"], [0.7777777777777778, "#fb9f3a"], [0.8888888888888888, "#fdca26"], [1.0, "#f0f921"]]}], "choropleth": [{"type": "choropleth", "colorbar": {"outlinewidth": 0, "ticks": ""}}], "histogram2d": [{"type": "histogram2d", "colorbar": {"outlinewidth": 0, "ticks": ""}, "colorscale": [[0.0, "#0d0887"], [0.1111111111111111, "#46039f"], [0.2222222222222222, "#7201a8"], [0.3333333333333333, "#9c179e"], [0.4444444444444444, "#bd3786"], [0.5555555555555556, "#d8576b"], [0.6666666666666666, "#ed7953"], [0.7777777777777778, "#fb9f3a"], [0.8888888888888888, "#fdca26"], [1.0, "#f0f921"]]}], "heatmap": [{"type": "heatmap", "colorbar": {"outlinewidth": 0, "ticks": ""}, "colorscale": [[0.0, "#0d0887"], [0.1111111111111111, "#46039f"], [0.2222222222222222, "#7201a8"], [0.3333333333333333, "#9c179e"], [0.4444444444444444, "#bd3786"], [0.5555555555555556, "#d8576b"], [0.6666666666666666, "#ed7953"], [0.7777777777777778, "#fb9f3a"], [0.8888888888888888, "#fdca26"], [1.0, "#f0f921"]]}], "heatmapgl": [{"type": "heatmapgl", "colorbar": {"outlinewidth": 0, "ticks": ""}, "colorscale": [[0.0, "#0d0887"], [0.1111111111111111, "#46039f"], [0.2222222222222222, "#7201a8"], [0.3333333333333333, "#9c179e"], [0.4444444444444444, "#bd3786"], [0.5555555555555556, "#d8576b"], [0.6666666666666666, "#ed7953"], [0.7777777777777778, "#fb9f3a"], [0.8888888888888888, "#fdca26"], [1.0, "#f0f921"]]}], "contourcarpet": [{"type": "contourcarpet", "colorbar": {"outlinewidth": 0, "ticks": ""}}], "contour": [{"type": "contour", "colorbar": {"outlinewidth": 0, "ticks": ""}, "colorscale": [[0.0, "#0d0887"], [0.1111111111111111, "#46039f"], [0.2222222222222222, "#7201a8"], [0.3333333333333333, "#9c179e"], [0.4444444444444444, "#bd3786"], [0.5555555555555556, "#d8576b"], [0.6666666666666666, "#ed7953"], [0.7777777777777778, "#fb9f3a"], [0.8888888888888888, "#fdca26"], [1.0, "#f0f921"]]}], "surface": [{"type": "surface", "colorbar": {"outlinewidth": 0, "ticks": ""}, "colorscale": [[0.0, "#0d0887"], [0.1111111111111111, "#46039f"], [0.2222222222222222, "#7201a8"], [0.3333333333333333, "#9c179e"], [0.4444444444444444, "#bd3786"], [0.5555555555555556, "#d8576b"], [0.6666666666666666, "#ed7953"], [0.7777777777777778, "#fb9f3a"], [0.8888888888888888, "#fdca26"], [1.0, "#f0f921"]]}], "mesh3d": [{"type": "mesh3d", "colorbar": {"outlinewidth": 0, "ticks": ""}}], "scatter": [{"fillpattern": {"fillmode": "overlay", "size": 10, "solidity": 0.2}, "type": "scatter"}], "parcoords": [{"type": "parcoords", "line": {"colorbar": {"outlinewidth": 0, "ticks": ""}}}], "scatterpolargl": [{"type": "scatterpolargl", "marker": {"colorbar": {"outlinewidth": 0, "ticks": ""}}}], "bar": [{"error_x": {"color": "#2a3f5f"}, "error_y": {"color": "#2a3f5f"}, "marker": {"line": {"color": "#E5ECF6", "width": 0.5}, "pattern": {"fillmode": "overlay", "size": 10, "solidity": 0.2}}, "type": "bar"}], "scattergeo": [{"type": "scattergeo", "marker": {"colorbar": {"outlinewidth": 0, "ticks": ""}}}], "scatterpolar": [{"type": "scatterpolar", "marker": {"colorbar": {"outlinewidth": 0, "ticks": ""}}}], "histogram": [{"marker": {"pattern": {"fillmode": "overlay", "size": 10, "solidity": 0.2}}, "type": "histogram"}], "scattergl": [{"type": "scattergl", "marker": {"colorbar": {"outlinewidth": 0, "ticks": ""}}}], "scatter3d": [{"type": "scatter3d", "line": {"colorbar": {"outlinewidth": 0, "ticks": ""}}, "marker": {"colorbar": {"outlinewidth": 0, "ticks": ""}}}], "scattermapbox": [{"type": "scattermapbox", "marker": {"colorbar": {"outlinewidth": 0, "ticks": ""}}}], "scatterternary": [{"type": "scatterternary", "marker": {"colorbar": {"outlinewidth": 0, "ticks": ""}}}], "scattercarpet": [{"type": "scattercarpet", "marker": {"colorbar": {"outlinewidth": 0, "ticks": ""}}}], "carpet": [{"aaxis": {"endlinecolor": "#2a3f5f", "gridcolor": "white", "linecolor": "white", "minorgridcolor": "white", "startlinecolor": "#2a3f5f"}, "baxis": {"endlinecolor": "#2a3f5f", "gridcolor": "white", "linecolor": "white", "minorgridcolor": "white", "startlinecolor": "#2a3f5f"}, "type": "carpet"}], "table": [{"cells": {"fill": {"color": "#EBF0F8"}, "line": {"color": "white"}}, "header": {"fill": {"color": "#C8D4E3"}, "line": {"color": "white"}}, "type": "table"}], "barpolar": [{"marker": {"line": {"color": "#E5ECF6", "width": 0.5}, "pattern": {"fillmode": "overlay", "size": 10, "solidity": 0.2}}, "type": "barpolar"}], "pie": [{"automargin": true, "type": "pie"}]}, "layout": {"autotypenumbers": "strict", "colorway": ["#636efa", "#EF553B", "#00cc96", "#ab63fa", "#FFA15A", "#19d3f3", "#FF6692", "#B6E880", "#FF97FF", "#FECB52"], "font": {"color": "#2a3f5f"}, "hovermode": "closest", "hoverlabel": {"align": "left"}, "paper_bgcolor": "white", "plot_bgcolor": "#E5ECF6", "polar": {"bgcolor": "#E5ECF6", "angularaxis": {"gridcolor": "white", "linecolor": "white", "ticks": ""}, "radialaxis": {"gridcolor": "white", "linecolor": "white", "ticks": ""}}, "ternary": {"bgcolor": "#E5ECF6", "aaxis": {"gridcolor": "white", "linecolor": "white", "ticks": ""}, "baxis": {"gridcolor": "white", "linecolor": "white", "ticks": ""}, "caxis": {"gridcolor": "white", "linecolor": "white", "ticks": ""}}, "coloraxis": {"colorbar": {"outlinewidth": 0, "ticks": ""}}, "colorscale": {"sequential": [[0.0, "#0d0887"], [0.1111111111111111, "#46039f"], [0.2222222222222222, "#7201a8"], [0.3333333333333333, "#9c179e"], [0.4444444444444444, "#bd3786"], [0.5555555555555556, "#d8576b"], [0.6666666666666666, "#ed7953"], [0.7777777777777778, "#fb9f3a"], [0.8888888888888888, "#fdca26"], [1.0, "#f0f921"]], "sequentialminus": [[0.0, "#0d0887"], [0.1111111111111111, "#46039f"], [0.2222222222222222, "#7201a8"], [0.3333333333333333, "#9c179e"], [0.4444444444444444, "#bd3786"], [0.5555555555555556, "#d8576b"], [0.6666666666666666, "#ed7953"], [0.7777777777777778, "#fb9f3a"], [0.8888888888888888, "#fdca26"], [1.0, "#f0f921"]], "diverging": [[0, "#8e0152"], [0.1, "#c51b7d"], [0.2, "#de77ae"], [0.3, "#f1b6da"], [0.4, "#fde0ef"], [0.5, "#f7f7f7"], [0.6, "#e6f5d0"], [0.7, "#b8e186"], [0.8, "#7fbc41"], [0.9, "#4d9221"], [1, "#276419"]]}, "xaxis": {"gridcolor": "white", "linecolor": "white", "ticks": "", "title": {"standoff": 15}, "zerolinecolor": "white", "automargin": true, "zerolinewidth": 2}, "yaxis": {"gridcolor": "white", "linecolor": "white", "ticks": "", "title": {"standoff": 15}, "zerolinecolor": "white", "automargin": true, "zerolinewidth": 2}, "scene": {"xaxis": {"backgroundcolor": "#E5ECF6", "gridcolor": "white", "linecolor": "white", "showbackground": true, "ticks": "", "zerolinecolor": "white", "gridwidth": 2}, "yaxis": {"backgroundcolor": "#E5ECF6", "gridcolor": "white", "linecolor": "white", "showbackground": true, "ticks": "", "zerolinecolor": "white", "gridwidth": 2}, "zaxis": {"backgroundcolor": "#E5ECF6", "gridcolor": "white", "linecolor": "white", "showbackground": true, "ticks": "", "zerolinecolor": "white", "gridwidth": 2}}, "shapedefaults": {"line": {"color": "#2a3f5f"}}, "annotationdefaults": {"arrowcolor": "#2a3f5f", "arrowhead": 0, "arrowwidth": 1}, "geo": {"bgcolor": "white", "landcolor": "#E5ECF6", "subunitcolor": "white", "showland": true, "showlakes": true, "lakecolor": "white"}, "title": {"x": 0.05}, "mapbox": {"style": "light"}}}}}