{"data": [{"z": [[23.911712646484375, 1.8556392192840576, 0.9235190749168396, -0.3836914896965027, 6.828876495361328, -1.3805487155914307, -0.5767652988433838, 3.690891742706299, 1.5918359756469727, -4.841228485107422, 5.1771745681762695, -0.6402724981307983, 0.59283846616745, 1.85446298122406, 1.054551124572754, 4.606257438659668, 0.9555765390396118, 2.084749221801758, 2.493713140487671, 3.4788403511047363, 1.8802978992462158], [1.8556392192840576, 17.118915557861328, -1.9238091707229614, 0.9001363515853882, -1.6930334568023682, 0.7873548865318298, -0.034715041518211365, -0.02894454263150692, -1.5444786548614502, 5.347651958465576, 1.2189226150512695, -3.1328301429748535, 4.066308975219727, 0.5683492422103882, -1.9716755151748657, 1.9158564805984497, -1.5004150867462158, 8.689849853515625, 4.3475117683410645, 1.393517255783081, -3.3919527530670166], [0.9235190749168396, -1.9238091707229614, 22.04488182067871, 3.904066324234009, 2.657489538192749, 2.615065097808838, 6.002811908721924, -3.609498977661133, 0.07826612889766693, 1.0042321681976318, 1.480128288269043, 5.889749050140381, -4.419023513793945, 2.9676096439361572, 0.027213847264647484, 2.4946532249450684, -0.7901730537414551, -2.2446508407592773, 2.2091481685638428, 1.46634840965271, -0.24884235858917236], [-0.3836914896965027, 0.9001363515853882, 3.904066324234009, 24.62545394897461, 2.257307529449463, 3.039355754852295, 2.6929895877838135, -4.812038898468018, -5.978786468505859, 5.817953109741211, 11.591552734375, -3.1889355182647705, 3.696164131164551, 0.3183393180370331, 2.0302743911743164, 3.5392374992370605, 0.5639810562133789, 3.344024658203125, 1.7967519760131836, 0.0379105806350708, 3.252938747406006], [6.828876495361328, -1.6930334568023682, 2.657489538192749, 2.257307529449463, 14.320380210876465, -1.8870513439178467, 3.847074508666992, 2.7797229290008545, 1.9094661474227905, -1.624329924583435, 3.3367514610290527, -0.6882443428039551, 2.18658447265625, 4.732601165771484, 0.9772863388061523, 2.910672664642334, 0.3726271986961365, -5.044784069061279, 0.4952894449234009, 2.409250259399414, 3.016126871109009], [-1.3805487155914307, 0.7873548865318298, 2.615065097808838, 3.039355754852295, -1.8870513439178467, 21.00953483581543, -0.5404053926467896, 0.1284179538488388, 3.330047369003296, 3.9612090587615967, 1.0681205987930298, -2.1018807888031006, -1.479565978050232, 1.0303106307983398, 0.32766398787498474, 0.13887956738471985, -5.216911792755127, 1.8050817251205444, -1.3194770812988281, 3.2043447494506836, -6.073184013366699], [-0.5767652988433838, -0.034715041518211365, 6.002811908721924, 2.6929895877838135, 3.847074508666992, -0.5404053926467896, 17.316436767578125, 1.1963694095611572, 1.2982732057571411, 2.414536714553833, -1.4331642389297485, 2.870375156402588, 1.4337236881256104, 3.5016400814056396, 2.1867380142211914, 3.6648218631744385, 3.1383931636810303, 2.1666626930236816, -1.6726346015930176, 0.0998908281326294, -9.456687927246094], [3.690891742706299, -0.02894454263150692, -3.609498977661133, -4.812038898468018, 2.7797229290008545, 0.1284179538488388, 1.1963694095611572, 18.641767501831055, 3.317634344100952, -0.6714243292808533, -2.5861518383026123, -3.2973499298095703, 0.392007440328598, -2.686121702194214, 1.5162522792816162, 1.6728489398956299, 2.597945213317871, -2.525163173675537, 5.9423508644104, -3.538160800933838, -0.6231730580329895], [1.5918359756469727, -1.5444786548614502, 0.07826612889766693, -5.978786468505859, 1.9094661474227905, 3.330047369003296, 1.2982732057571411, 3.317634344100952, 18.423627853393555, 2.596418619155884, -5.35029411315918, 0.33735191822052, 3.114488363265991, 2.493046760559082, 1.9599978923797607, 0.40528371930122375, 0.47397375106811523, -3.96026349067688, -0.8657630681991577, 3.9656729698181152, -9.550161361694336], [-4.841228485107422, 5.347651958465576, 1.0042321681976318, 5.817953109741211, -1.624329924583435, 3.9612090587615967, 2.414536714553833, -0.6714243292808533, 2.596418619155884, 19.0200138092041, -2.983886957168579, -4.178536891937256, 2.3561952114105225, -3.345182180404663, -3.2465343475341797, 1.342862844467163, -0.4523019790649414, 4.5060906410217285, 3.9268007278442383, 1.8476183414459229, -13.63414192199707], [5.1771745681762695, 1.2189226150512695, 1.480128288269043, 11.591552734375, 3.3367514610290527, 1.0681205987930298, -1.4331642389297485, -2.5861518383026123, -5.35029411315918, -2.983886957168579, 18.077606201171875, -1.885507583618164, 2.466733932495117, 2.07901668548584, 5.562393665313721, -1.693453311920166, 2.016240358352661, -1.5557024478912354, 2.5618228912353516, 5.222084045410156, 6.861257553100586], [-0.6402724981307983, -3.1328301429748535, 5.889749050140381, -3.1889355182647705, -0.6882443428039551, -2.1018807888031006, 2.870375156402588, -3.2973499298095703, 0.33735191822052, -4.178536891937256, -1.885507583618164, 21.78957748413086, 3.516860008239746, 4.348793029785156, 0.06845272332429886, 2.8964297771453857, -2.276217460632324, -1.1679182052612305, -0.9942032098770142, -0.8330011367797852, 4.204097270965576], [0.59283846616745, 4.066308975219727, -4.419023513793945, 3.696164131164551, 2.18658447265625, -1.479565978050232, 1.4337236881256104, 0.392007440328598, 3.114488363265991, 2.3561952114105225, 2.466733932495117, 3.516860008239746, 19.615373611450195, -2.668937921524048, 3.0518383979797363, -0.8151925206184387, -5.495124340057373, 2.771440267562866, 1.9865944385528564, -2.085693597793579, 5.08903169631958], [1.85446298122406, 0.5683492422103882, 2.9676096439361572, 0.3183393180370331, 4.732601165771484, 1.0303106307983398, 3.5016400814056396, -2.686121702194214, 2.493046760559082, -3.345182180404663, 2.07901668548584, 4.348793029785156, -2.668937921524048, 17.088613510131836, 1.993262529373169, 3.495267391204834, 0.0327756404876709, 0.972794771194458, -5.780935764312744, 1.8601932525634766, -5.4223504066467285], [1.054551124572754, -1.9716755151748657, 0.027213847264647484, 2.0302743911743164, 0.9772863388061523, 0.32766398787498474, 2.1867380142211914, 1.5162522792816162, 1.9599978923797607, -3.2465343475341797, 5.562393665313721, 0.06845272332429886, 3.0518383979797363, 1.993262529373169, 18.07028579711914, -1.336295247077942, 1.4695823192596436, -3.9591102600097656, -0.9374790191650391, 1.0262272357940674, -1.8337271213531494], [4.606257438659668, 1.9158564805984497, 2.4946532249450684, 3.5392374992370605, 2.910672664642334, 0.13887956738471985, 3.6648218631744385, 1.6728489398956299, 0.40528371930122375, 1.342862844467163, -1.693453311920166, 2.8964297771453857, -0.8151925206184387, 3.495267391204834, -1.336295247077942, 11.4032621383667, 1.2959892749786377, 0.45388364791870117, 4.215419292449951, -0.21803569793701172, -4.516261100769043], [0.9555771350860596, -1.5004150867462158, -0.7901734113693237, 0.5639815926551819, 0.37262800335884094, -5.216912269592285, 3.1383936405181885, 2.59794545173645, 0.47397375106811523, -0.4523024260997772, 2.016240358352661, -2.2762179374694824, -5.495123863220215, 0.032775815576314926, 1.469581961631775, 1.2959895133972168, 22.78527069091797, 3.4104769229888916, -1.9195494651794434, 7.1444292068481445, -4.615139961242676], [2.084749221801758, 8.689849853515625, -2.2446510791778564, 3.344024658203125, -5.044783592224121, 1.8050819635391235, 2.1666629314422607, -2.525163173675537, -3.960263252258301, 4.5060906410217285, -1.555702567100525, -1.1679184436798096, 2.771440029144287, 0.972794771194458, -3.9591102600097656, 0.453884094953537, 3.4104769229888916, 22.812091827392578, -2.6086363792419434, -2.1561975479125977, -3.6707515716552734], [2.493713617324829, 4.347510814666748, 2.2091476917266846, 1.7967517375946045, 0.4952894151210785, -1.3194769620895386, -1.6726343631744385, 5.942352294921875, -0.8657628893852234, 3.9268012046813965, 2.5618226528167725, -0.9942033886909485, 1.9865942001342773, -5.780937194824219, -0.9374781847000122, 4.215419769287109, -1.9195494651794434, -2.6086363792419434, 19.363750457763672, -4.127927303314209, -3.2014999389648438], [3.478839874267578, 1.393517017364502, 1.4663482904434204, 0.03791053965687752, 2.409249782562256, 3.2043445110321045, 0.0998910665512085, -3.538161277770996, 3.965672492980957, 1.8476184606552124, 5.222084045410156, -0.8330017924308777, -2.085693359375, 1.8601936101913452, 1.0262272357940674, -0.21803578734397888, 7.1444292068481445, -2.1561975479125977, -4.127927303314209, 21.48826789855957, 0.2337682545185089], [1.8802977800369263, -3.391953229904175, -0.2488425374031067, 3.252939224243164, 3.016126871109009, -6.073184013366699, -9.456686973571777, -0.6231731176376343, -9.550162315368652, -13.63414192199707, 6.861257553100586, 4.204096794128418, 5.089031219482422, -5.422351360321045, -1.8337273597717285, -4.516261100769043, -4.615140438079834, -3.6707513332366943, -3.2014999389648438, 0.23376798629760742, 47.48805236816406]], "type": "heatmap"}], "layout": {"template": {"data": {"histogram2dcontour": [{"type": "histogram2dcontour", "colorbar": {"outlinewidth": 0, "ticks": ""}, "colorscale": [[0.0, "#0d0887"], [0.1111111111111111, "#46039f"], [0.2222222222222222, "#7201a8"], [0.3333333333333333, "#9c179e"], [0.4444444444444444, "#bd3786"], [0.5555555555555556, "#d8576b"], [0.6666666666666666, "#ed7953"], [0.7777777777777778, "#fb9f3a"], [0.8888888888888888, "#fdca26"], [1.0, "#f0f921"]]}], "choropleth": [{"type": "choropleth", "colorbar": {"outlinewidth": 0, "ticks": ""}}], "histogram2d": [{"type": "histogram2d", "colorbar": {"outlinewidth": 0, "ticks": ""}, "colorscale": [[0.0, "#0d0887"], [0.1111111111111111, "#46039f"], [0.2222222222222222, "#7201a8"], [0.3333333333333333, "#9c179e"], [0.4444444444444444, "#bd3786"], [0.5555555555555556, "#d8576b"], [0.6666666666666666, "#ed7953"], [0.7777777777777778, "#fb9f3a"], [0.8888888888888888, "#fdca26"], [1.0, "#f0f921"]]}], "heatmap": [{"type": "heatmap", "colorbar": {"outlinewidth": 0, "ticks": ""}, "colorscale": [[0.0, "#0d0887"], [0.1111111111111111, "#46039f"], [0.2222222222222222, "#7201a8"], [0.3333333333333333, "#9c179e"], [0.4444444444444444, "#bd3786"], [0.5555555555555556, "#d8576b"], [0.6666666666666666, "#ed7953"], [0.7777777777777778, "#fb9f3a"], [0.8888888888888888, "#fdca26"], [1.0, "#f0f921"]]}], "heatmapgl": [{"type": "heatmapgl", "colorbar": {"outlinewidth": 0, "ticks": ""}, "colorscale": [[0.0, "#0d0887"], [0.1111111111111111, "#46039f"], [0.2222222222222222, "#7201a8"], [0.3333333333333333, "#9c179e"], [0.4444444444444444, "#bd3786"], [0.5555555555555556, "#d8576b"], [0.6666666666666666, "#ed7953"], [0.7777777777777778, "#fb9f3a"], [0.8888888888888888, "#fdca26"], [1.0, "#f0f921"]]}], "contourcarpet": [{"type": "contourcarpet", "colorbar": {"outlinewidth": 0, "ticks": ""}}], "contour": [{"type": "contour", "colorbar": {"outlinewidth": 0, "ticks": ""}, "colorscale": [[0.0, "#0d0887"], [0.1111111111111111, "#46039f"], [0.2222222222222222, "#7201a8"], [0.3333333333333333, "#9c179e"], [0.4444444444444444, "#bd3786"], [0.5555555555555556, "#d8576b"], [0.6666666666666666, "#ed7953"], [0.7777777777777778, "#fb9f3a"], [0.8888888888888888, "#fdca26"], [1.0, "#f0f921"]]}], "surface": [{"type": "surface", "colorbar": {"outlinewidth": 0, "ticks": ""}, "colorscale": [[0.0, "#0d0887"], [0.1111111111111111, "#46039f"], [0.2222222222222222, "#7201a8"], [0.3333333333333333, "#9c179e"], [0.4444444444444444, "#bd3786"], [0.5555555555555556, "#d8576b"], [0.6666666666666666, "#ed7953"], [0.7777777777777778, "#fb9f3a"], [0.8888888888888888, "#fdca26"], [1.0, "#f0f921"]]}], "mesh3d": [{"type": "mesh3d", "colorbar": {"outlinewidth": 0, "ticks": ""}}], "scatter": [{"fillpattern": {"fillmode": "overlay", "size": 10, "solidity": 0.2}, "type": "scatter"}], "parcoords": [{"type": "parcoords", "line": {"colorbar": {"outlinewidth": 0, "ticks": ""}}}], "scatterpolargl": [{"type": "scatterpolargl", "marker": {"colorbar": {"outlinewidth": 0, "ticks": ""}}}], "bar": [{"error_x": {"color": "#2a3f5f"}, "error_y": {"color": "#2a3f5f"}, "marker": {"line": {"color": "#E5ECF6", "width": 0.5}, "pattern": {"fillmode": "overlay", "size": 10, "solidity": 0.2}}, "type": "bar"}], "scattergeo": [{"type": "scattergeo", "marker": {"colorbar": {"outlinewidth": 0, "ticks": ""}}}], "scatterpolar": [{"type": "scatterpolar", "marker": {"colorbar": {"outlinewidth": 0, "ticks": ""}}}], "histogram": [{"marker": {"pattern": {"fillmode": "overlay", "size": 10, "solidity": 0.2}}, "type": "histogram"}], "scattergl": [{"type": "scattergl", "marker": {"colorbar": {"outlinewidth": 0, "ticks": ""}}}], "scatter3d": [{"type": "scatter3d", "line": {"colorbar": {"outlinewidth": 0, "ticks": ""}}, "marker": {"colorbar": {"outlinewidth": 0, "ticks": ""}}}], "scattermapbox": [{"type": "scattermapbox", "marker": {"colorbar": {"outlinewidth": 0, "ticks": ""}}}], "scatterternary": [{"type": "scatterternary", "marker": {"colorbar": {"outlinewidth": 0, "ticks": ""}}}], "scattercarpet": [{"type": "scattercarpet", "marker": {"colorbar": {"outlinewidth": 0, "ticks": ""}}}], "carpet": [{"aaxis": {"endlinecolor": "#2a3f5f", "gridcolor": "white", "linecolor": "white", "minorgridcolor": "white", "startlinecolor": "#2a3f5f"}, "baxis": {"endlinecolor": "#2a3f5f", "gridcolor": "white", "linecolor": "white", "minorgridcolor": "white", "startlinecolor": "#2a3f5f"}, "type": "carpet"}], "table": [{"cells": {"fill": {"color": "#EBF0F8"}, "line": {"color": "white"}}, "header": {"fill": {"color": "#C8D4E3"}, "line": {"color": "white"}}, "type": "table"}], "barpolar": [{"marker": {"line": {"color": "#E5ECF6", "width": 0.5}, "pattern": {"fillmode": "overlay", "size": 10, "solidity": 0.2}}, "type": "barpolar"}], "pie": [{"automargin": true, "type": "pie"}]}, "layout": {"autotypenumbers": "strict", "colorway": ["#636efa", "#EF553B", "#00cc96", "#ab63fa", "#FFA15A", "#19d3f3", "#FF6692", "#B6E880", "#FF97FF", "#FECB52"], "font": {"color": "#2a3f5f"}, "hovermode": "closest", "hoverlabel": {"align": "left"}, "paper_bgcolor": "white", "plot_bgcolor": "#E5ECF6", "polar": {"bgcolor": "#E5ECF6", "angularaxis": {"gridcolor": "white", "linecolor": "white", "ticks": ""}, "radialaxis": {"gridcolor": "white", "linecolor": "white", "ticks": ""}}, "ternary": {"bgcolor": "#E5ECF6", "aaxis": {"gridcolor": "white", "linecolor": "white", "ticks": ""}, "baxis": {"gridcolor": "white", "linecolor": "white", "ticks": ""}, "caxis": {"gridcolor": "white", "linecolor": "white", "ticks": ""}}, "coloraxis": {"colorbar": {"outlinewidth": 0, "ticks": ""}}, "colorscale": {"sequential": [[0.0, "#0d0887"], [0.1111111111111111, "#46039f"], [0.2222222222222222, "#7201a8"], [0.3333333333333333, "#9c179e"], [0.4444444444444444, "#bd3786"], [0.5555555555555556, "#d8576b"], [0.6666666666666666, "#ed7953"], [0.7777777777777778, "#fb9f3a"], [0.8888888888888888, "#fdca26"], [1.0, "#f0f921"]], "sequentialminus": [[0.0, "#0d0887"], [0.1111111111111111, "#46039f"], [0.2222222222222222, "#7201a8"], [0.3333333333333333, "#9c179e"], [0.4444444444444444, "#bd3786"], [0.5555555555555556, "#d8576b"], [0.6666666666666666, "#ed7953"], [0.7777777777777778, "#fb9f3a"], [0.8888888888888888, "#fdca26"], [1.0, "#f0f921"]], "diverging": [[0, "#8e0152"], [0.1, "#c51b7d"], [0.2, "#de77ae"], [0.3, "#f1b6da"], [0.4, "#fde0ef"], [0.5, "#f7f7f7"], [0.6, "#e6f5d0"], [0.7, "#b8e186"], [0.8, "#7fbc41"], [0.9, "#4d9221"], [1, "#276419"]]}, "xaxis": {"gridcolor": "white", "linecolor": "white", "ticks": "", "title": {"standoff": 15}, "zerolinecolor": "white", "automargin": true, "zerolinewidth": 2}, "yaxis": {"gridcolor": "white", "linecolor": "white", "ticks": "", "title": {"standoff": 15}, "zerolinecolor": "white", "automargin": true, "zerolinewidth": 2}, "scene": {"xaxis": {"backgroundcolor": "#E5ECF6", "gridcolor": "white", "linecolor": "white", "showbackground": true, "ticks": "", "zerolinecolor": "white", "gridwidth": 2}, "yaxis": {"backgroundcolor": "#E5ECF6", "gridcolor": "white", "linecolor": "white", "showbackground": true, "ticks": "", "zerolinecolor": "white", "gridwidth": 2}, "zaxis": {"backgroundcolor": "#E5ECF6", "gridcolor": "white", "linecolor": "white", "showbackground": true, "ticks": "", "zerolinecolor": "white", "gridwidth": 2}}, "shapedefaults": {"line": {"color": "#2a3f5f"}}, "annotationdefaults": {"arrowcolor": "#2a3f5f", "arrowhead": 0, "arrowwidth": 1}, "geo": {"bgcolor": "white", "landcolor": "#E5ECF6", "subunitcolor": "white", "showland": true, "showlakes": true, "lakecolor": "white"}, "title": {"x": 0.05}, "mapbox": {"style": "light"}}}}}