{"data": [{"z": [[25.286760330200195, 1.3174419403076172, 0.6713302135467529, -0.9483519196510315, 7.053714275360107, -1.786449909210205, -1.2038294076919556, 3.3360483646392822, 1.3348947763442993, -5.944410800933838, 5.198666095733643, -1.1977838277816772, 0.27056610584259033, 1.1685328483581543, 0.6175003051757812, 4.48323917388916, 0.5716506838798523, 1.753073811531067, 2.443720817565918, 3.3664498329162598, 2.315622329711914], [1.3174419403076172, 17.494035720825195, -2.329991579055786, 0.14462505280971527, -2.2931253910064697, 0.07109399884939194, -0.32485368847846985, -0.7288337349891663, -2.0130929946899414, 5.095492362976074, 0.5701080560684204, -3.4544382095336914, 3.9332706928253174, 0.0959504172205925, -2.5349268913269043, 1.4093679189682007, -1.949693202972412, 8.968216896057129, 4.435363292694092, 1.175316572189331, -3.052025556564331], [0.6713302135467529, -2.329991579055786, 22.945295333862305, 4.102829456329346, 2.6641621589660645, 2.6010396480560303, 5.998882293701172, -4.247446537017822, -0.45410236716270447, 0.7416648864746094, 1.2109061479568481, 5.580351829528809, -4.962250709533691, 2.837174892425537, -0.28757908940315247, 2.2012808322906494, -1.1600148677825928, -2.6621079444885254, 2.0375237464904785, 1.2799880504608154, -0.09441900253295898], [-0.9483519196510315, 0.14462505280971527, 4.102829456329346, 25.53177833557129, 2.207524299621582, 2.6085798740386963, 2.3422348499298096, -5.515341281890869, -7.1267781257629395, 5.419120788574219, 12.150278091430664, -3.911128282546997, 3.2309048175811768, -0.12937778234481812, 1.6314095258712769, 3.3540568351745605, 0.28938984870910645, 3.2076423168182373, 1.3873260021209717, -0.5818368196487427, 3.771913528442383], [7.053714275360107, -2.2931253910064697, 2.6641621589660645, 2.207524299621582, 14.747102737426758, -2.2487096786499023, 3.7440359592437744, 2.624934196472168, 1.572746753692627, -2.479687213897705, 3.624049186706543, -0.9124909043312073, 1.9521563053131104, 4.607317924499512, 0.7338334321975708, 2.864560842514038, 0.011294692754745483, -5.80556583404541, 0.2097008228302002, 2.2461326122283936, 3.4570813179016113], [-1.786449909210205, 0.07109399884939194, 2.6010396480560303, 2.6085798740386963, -2.2487096786499023, 22.441240310668945, -0.8224722743034363, -0.5527597665786743, 3.430995464324951, 3.7337393760681152, 0.5934128761291504, -2.9131481647491455, -2.160029649734497, 0.9995357990264893, -0.01100143976509571, -0.16786623001098633, -5.9369072914123535, 1.6774616241455078, -2.305706024169922, 3.184525728225708, -6.139359474182129], [-1.2038294076919556, -0.32485368847846985, 5.998882293701172, 2.3422348499298096, 3.7440359592437744, -0.8224722743034363, 18.1058406829834, 0.9436365365982056, 0.9632137417793274, 2.239192485809326, -1.843551516532898, 2.5854039192199707, 1.499382495880127, 3.2374722957611084, 1.9655593633651733, 3.5056445598602295, 2.8179891109466553, 2.3122639656066895, -2.1561126708984375, -0.4171144962310791, -9.584431648254395], [3.3360483646392822, -0.7288337349891663, -4.247446537017822, -5.515341281890869, 2.624934196472168, -0.5527597665786743, 0.9436365365982056, 18.943660736083984, 3.071843147277832, -1.5341832637786865, -2.9760799407958984, -3.95845365524292, 0.11808940023183823, -3.2421212196350098, 1.279892086982727, 1.322671890258789, 2.4246952533721924, -2.9711074829101562, 6.080900192260742, -4.356842994689941, -0.24314051866531372], [1.3348947763442993, -2.0130929946899414, -0.45410236716270447, -7.1267781257629395, 1.572746753692627, 3.430995464324951, 0.9632137417793274, 3.071843147277832, 19.628923416137695, 2.3376128673553467, -6.4231719970703125, -0.3163389265537262, 3.062272787094116, 2.563688278198242, 1.5830923318862915, 0.0703546479344368, 0.19082945585250854, -4.291642189025879, -1.336822509765625, 4.1857500076293945, -9.717970848083496], [-5.944410800933838, 5.095492362976074, 0.7416648864746094, 5.419120788574219, -2.479687213897705, 3.7337393760681152, 2.239192485809326, -1.5341832637786865, 2.3376128673553467, 19.730894088745117, -3.9253249168395996, -5.2890706062316895, 2.137085437774658, -3.7055037021636963, -3.9017250537872314, 0.6553918719291687, -0.640591025352478, 4.553184509277344, 3.697568416595459, 1.7616937160491943, -13.823772430419922], [5.198666095733643, 0.5701080560684204, 1.2109061479568481, 12.150278091430664, 3.624049186706543, 0.5934128761291504, -1.843551516532898, -2.9760799407958984, -6.4231719970703125, -3.9253249168395996, 19.099449157714844, -2.405301809310913, 2.1837990283966064, 1.8751078844070435, 5.464172840118408, -2.1604483127593994, 1.900499939918518, -2.239563226699829, 2.6416919231414795, 4.999460220336914, 7.42188024520874], [-1.1977838277816772, -3.4544382095336914, 5.580351829528809, -3.911128282546997, -0.9124909043312073, -2.9131481647491455, 2.5854039192199707, -3.95845365524292, -0.3163389265537262, -5.2890706062316895, -2.405301809310913, 22.81846046447754, 3.491107702255249, 4.0420050621032715, -0.6105548143386841, 2.7758538722991943, -2.767751693725586, -1.2944374084472656, -1.4716336727142334, -1.3732128143310547, 5.2217793464660645], [0.27056610584259033, 3.9332706928253174, -4.962250709533691, 3.2309048175811768, 1.9521563053131104, -2.160029649734497, 1.499382495880127, 0.11808940023183823, 3.062272787094116, 2.137085437774658, 2.1837990283966064, 3.491107702255249, 21.00598907470703, -3.3694956302642822, 2.9004361629486084, -1.3888788223266602, -6.159309387207031, 3.047844409942627, 1.912675380706787, -2.6360201835632324, 5.3193559646606445], [1.1685328483581543, 0.0959504172205925, 2.837174892425537, -0.12937778234481812, 4.607317924499512, 0.9995357990264893, 3.2374722957611084, -3.2421212196350098, 2.563688278198242, -3.7055037021636963, 1.8751078844070435, 4.0420050621032715, -3.3694956302642822, 18.02800178527832, 1.8169193267822266, 3.5489230155944824, -0.2905447483062744, 0.8208684921264648, -6.7758588790893555, 1.451969861984253, -5.569156169891357], [0.6175003051757812, -2.5349268913269043, -0.28757908940315247, 1.6314095258712769, 0.7338334321975708, -0.01100143976509571, 1.9655593633651733, 1.279892086982727, 1.5830923318862915, -3.9017250537872314, 5.464172840118408, -0.6105548143386841, 2.9004361629486084, 1.8169193267822266, 18.561479568481445, -1.7659271955490112, 1.2304906845092773, -4.364387512207031, -1.1982638835906982, 0.6662387847900391, -1.5895450115203857], [4.48323917388916, 1.4093679189682007, 2.2012808322906494, 3.3540568351745605, 2.864560842514038, -0.16786623001098633, 3.5056445598602295, 1.322671890258789, 0.0703546479344368, 0.6553918719291687, -2.1604483127593994, 2.7758538722991943, -1.3888788223266602, 3.5489230155944824, -1.7659271955490112, 11.690197944641113, 0.9466794729232788, 0.023218631744384766, 4.176024436950684, -0.7821198105812073, -4.311423301696777], [0.5716506838798523, -1.949693202972412, -1.1600147485733032, 0.28939002752304077, 0.011295179836452007, -5.936907768249512, 2.8179895877838135, 2.4246954917907715, 0.19082973897457123, -0.6405913829803467, 1.9004998207092285, -2.767751932144165, -6.159309387207031, -0.29054495692253113, 1.2304906845092773, 0.9466793537139893, 23.560333251953125, 3.4031169414520264, -2.261969804763794, 7.241949081420898, -4.324781894683838], [1.753073811531067, 8.968217849731445, -2.6621079444885254, 3.2076425552368164, -5.80556583404541, 1.6774613857269287, 2.3122639656066895, -2.971107006072998, -4.291641712188721, 4.553184509277344, -2.2395637035369873, -1.294437289237976, 3.047844409942627, 0.8208685517311096, -4.364387035369873, 0.023218750953674316, 3.4031169414520264, 24.01401138305664, -3.0518553256988525, -2.674527645111084, -3.554687976837158], [2.443720579147339, 4.435363292694092, 2.0375235080718994, 1.3873260021209717, 0.20970100164413452, -2.3057055473327637, -2.1561124324798584, 6.080900192260742, -1.336823582649231, 3.6975677013397217, 2.6416923999786377, -1.4716339111328125, 1.9126754999160767, -6.775859832763672, -1.1982630491256714, 4.176022529602051, -2.261969804763794, -3.0518553256988525, 20.676025390625, -4.7343597412109375, -3.221409320831299], [3.366450071334839, 1.175316572189331, 1.2799880504608154, -0.581836462020874, 2.2461330890655518, 3.184525489807129, -0.41711533069610596, -4.356842517852783, 4.185750484466553, 1.7616934776306152, 4.999462127685547, -1.3732125759124756, -2.636019468307495, 1.4519695043563843, 0.6662383675575256, -0.782119631767273, 7.241949081420898, -2.674527645111084, -4.7343597412109375, 22.502134323120117, 0.32521265745162964], [2.315622568130493, -3.0520248413085938, -0.09441918134689331, 3.7719130516052246, 3.4570817947387695, -6.139359474182129, -9.584429740905762, -0.2431403398513794, -9.717971801757812, -13.823772430419922, 7.421879768371582, 5.221779823303223, 5.319356918334961, -5.569155693054199, -1.5895448923110962, -4.311423301696777, -4.32478141784668, -3.554687976837158, -3.221409320831299, 0.3252124786376953, 47.48805236816406]], "type": "heatmap"}], "layout": {"template": {"data": {"histogram2dcontour": [{"type": "histogram2dcontour", "colorbar": {"outlinewidth": 0, "ticks": ""}, "colorscale": [[0.0, "#0d0887"], [0.1111111111111111, "#46039f"], [0.2222222222222222, "#7201a8"], [0.3333333333333333, "#9c179e"], [0.4444444444444444, "#bd3786"], [0.5555555555555556, "#d8576b"], [0.6666666666666666, "#ed7953"], [0.7777777777777778, "#fb9f3a"], [0.8888888888888888, "#fdca26"], [1.0, "#f0f921"]]}], "choropleth": [{"type": "choropleth", "colorbar": {"outlinewidth": 0, "ticks": ""}}], "histogram2d": [{"type": "histogram2d", "colorbar": {"outlinewidth": 0, "ticks": ""}, "colorscale": [[0.0, "#0d0887"], [0.1111111111111111, "#46039f"], [0.2222222222222222, "#7201a8"], [0.3333333333333333, "#9c179e"], [0.4444444444444444, "#bd3786"], [0.5555555555555556, "#d8576b"], [0.6666666666666666, "#ed7953"], [0.7777777777777778, "#fb9f3a"], [0.8888888888888888, "#fdca26"], [1.0, "#f0f921"]]}], "heatmap": [{"type": "heatmap", "colorbar": {"outlinewidth": 0, "ticks": ""}, "colorscale": [[0.0, "#0d0887"], [0.1111111111111111, "#46039f"], [0.2222222222222222, "#7201a8"], [0.3333333333333333, "#9c179e"], [0.4444444444444444, "#bd3786"], [0.5555555555555556, "#d8576b"], [0.6666666666666666, "#ed7953"], [0.7777777777777778, "#fb9f3a"], [0.8888888888888888, "#fdca26"], [1.0, "#f0f921"]]}], "heatmapgl": [{"type": "heatmapgl", "colorbar": {"outlinewidth": 0, "ticks": ""}, "colorscale": [[0.0, "#0d0887"], [0.1111111111111111, "#46039f"], [0.2222222222222222, "#7201a8"], [0.3333333333333333, "#9c179e"], [0.4444444444444444, "#bd3786"], [0.5555555555555556, "#d8576b"], [0.6666666666666666, "#ed7953"], [0.7777777777777778, "#fb9f3a"], [0.8888888888888888, "#fdca26"], [1.0, "#f0f921"]]}], "contourcarpet": [{"type": "contourcarpet", "colorbar": {"outlinewidth": 0, "ticks": ""}}], "contour": [{"type": "contour", "colorbar": {"outlinewidth": 0, "ticks": ""}, "colorscale": [[0.0, "#0d0887"], [0.1111111111111111, "#46039f"], [0.2222222222222222, "#7201a8"], [0.3333333333333333, "#9c179e"], [0.4444444444444444, "#bd3786"], [0.5555555555555556, "#d8576b"], [0.6666666666666666, "#ed7953"], [0.7777777777777778, "#fb9f3a"], [0.8888888888888888, "#fdca26"], [1.0, "#f0f921"]]}], "surface": [{"type": "surface", "colorbar": {"outlinewidth": 0, "ticks": ""}, "colorscale": [[0.0, "#0d0887"], [0.1111111111111111, "#46039f"], [0.2222222222222222, "#7201a8"], [0.3333333333333333, "#9c179e"], [0.4444444444444444, "#bd3786"], [0.5555555555555556, "#d8576b"], [0.6666666666666666, "#ed7953"], [0.7777777777777778, "#fb9f3a"], [0.8888888888888888, "#fdca26"], [1.0, "#f0f921"]]}], "mesh3d": [{"type": "mesh3d", "colorbar": {"outlinewidth": 0, "ticks": ""}}], "scatter": [{"fillpattern": {"fillmode": "overlay", "size": 10, "solidity": 0.2}, "type": "scatter"}], "parcoords": [{"type": "parcoords", "line": {"colorbar": {"outlinewidth": 0, "ticks": ""}}}], "scatterpolargl": [{"type": "scatterpolargl", "marker": {"colorbar": {"outlinewidth": 0, "ticks": ""}}}], "bar": [{"error_x": {"color": "#2a3f5f"}, "error_y": {"color": "#2a3f5f"}, "marker": {"line": {"color": "#E5ECF6", "width": 0.5}, "pattern": {"fillmode": "overlay", "size": 10, "solidity": 0.2}}, "type": "bar"}], "scattergeo": [{"type": "scattergeo", "marker": {"colorbar": {"outlinewidth": 0, "ticks": ""}}}], "scatterpolar": [{"type": "scatterpolar", "marker": {"colorbar": {"outlinewidth": 0, "ticks": ""}}}], "histogram": [{"marker": {"pattern": {"fillmode": "overlay", "size": 10, "solidity": 0.2}}, "type": "histogram"}], "scattergl": [{"type": "scattergl", "marker": {"colorbar": {"outlinewidth": 0, "ticks": ""}}}], "scatter3d": [{"type": "scatter3d", "line": {"colorbar": {"outlinewidth": 0, "ticks": ""}}, "marker": {"colorbar": {"outlinewidth": 0, "ticks": ""}}}], "scattermapbox": [{"type": "scattermapbox", "marker": {"colorbar": {"outlinewidth": 0, "ticks": ""}}}], "scatterternary": [{"type": "scatterternary", "marker": {"colorbar": {"outlinewidth": 0, "ticks": ""}}}], "scattercarpet": [{"type": "scattercarpet", "marker": {"colorbar": {"outlinewidth": 0, "ticks": ""}}}], "carpet": [{"aaxis": {"endlinecolor": "#2a3f5f", "gridcolor": "white", "linecolor": "white", "minorgridcolor": "white", "startlinecolor": "#2a3f5f"}, "baxis": {"endlinecolor": "#2a3f5f", "gridcolor": "white", "linecolor": "white", "minorgridcolor": "white", "startlinecolor": "#2a3f5f"}, "type": "carpet"}], "table": [{"cells": {"fill": {"color": "#EBF0F8"}, "line": {"color": "white"}}, "header": {"fill": {"color": "#C8D4E3"}, "line": {"color": "white"}}, "type": "table"}], "barpolar": [{"marker": {"line": {"color": "#E5ECF6", "width": 0.5}, "pattern": {"fillmode": "overlay", "size": 10, "solidity": 0.2}}, "type": "barpolar"}], "pie": [{"automargin": true, "type": "pie"}]}, "layout": {"autotypenumbers": "strict", "colorway": ["#636efa", "#EF553B", "#00cc96", "#ab63fa", "#FFA15A", "#19d3f3", "#FF6692", "#B6E880", "#FF97FF", "#FECB52"], "font": {"color": "#2a3f5f"}, "hovermode": "closest", "hoverlabel": {"align": "left"}, "paper_bgcolor": "white", "plot_bgcolor": "#E5ECF6", "polar": {"bgcolor": "#E5ECF6", "angularaxis": {"gridcolor": "white", "linecolor": "white", "ticks": ""}, "radialaxis": {"gridcolor": "white", "linecolor": "white", "ticks": ""}}, "ternary": {"bgcolor": "#E5ECF6", "aaxis": {"gridcolor": "white", "linecolor": "white", "ticks": ""}, "baxis": {"gridcolor": "white", "linecolor": "white", "ticks": ""}, "caxis": {"gridcolor": "white", "linecolor": "white", "ticks": ""}}, "coloraxis": {"colorbar": {"outlinewidth": 0, "ticks": ""}}, "colorscale": {"sequential": [[0.0, "#0d0887"], [0.1111111111111111, "#46039f"], [0.2222222222222222, "#7201a8"], [0.3333333333333333, "#9c179e"], [0.4444444444444444, "#bd3786"], [0.5555555555555556, "#d8576b"], [0.6666666666666666, "#ed7953"], [0.7777777777777778, "#fb9f3a"], [0.8888888888888888, "#fdca26"], [1.0, "#f0f921"]], "sequentialminus": [[0.0, "#0d0887"], [0.1111111111111111, "#46039f"], [0.2222222222222222, "#7201a8"], [0.3333333333333333, "#9c179e"], [0.4444444444444444, "#bd3786"], [0.5555555555555556, "#d8576b"], [0.6666666666666666, "#ed7953"], [0.7777777777777778, "#fb9f3a"], [0.8888888888888888, "#fdca26"], [1.0, "#f0f921"]], "diverging": [[0, "#8e0152"], [0.1, "#c51b7d"], [0.2, "#de77ae"], [0.3, "#f1b6da"], [0.4, "#fde0ef"], [0.5, "#f7f7f7"], [0.6, "#e6f5d0"], [0.7, "#b8e186"], [0.8, "#7fbc41"], [0.9, "#4d9221"], [1, "#276419"]]}, "xaxis": {"gridcolor": "white", "linecolor": "white", "ticks": "", "title": {"standoff": 15}, "zerolinecolor": "white", "automargin": true, "zerolinewidth": 2}, "yaxis": {"gridcolor": "white", "linecolor": "white", "ticks": "", "title": {"standoff": 15}, "zerolinecolor": "white", "automargin": true, "zerolinewidth": 2}, "scene": {"xaxis": {"backgroundcolor": "#E5ECF6", "gridcolor": "white", "linecolor": "white", "showbackground": true, "ticks": "", "zerolinecolor": "white", "gridwidth": 2}, "yaxis": {"backgroundcolor": "#E5ECF6", "gridcolor": "white", "linecolor": "white", "showbackground": true, "ticks": "", "zerolinecolor": "white", "gridwidth": 2}, "zaxis": {"backgroundcolor": "#E5ECF6", "gridcolor": "white", "linecolor": "white", "showbackground": true, "ticks": "", "zerolinecolor": "white", "gridwidth": 2}}, "shapedefaults": {"line": {"color": "#2a3f5f"}}, "annotationdefaults": {"arrowcolor": "#2a3f5f", "arrowhead": 0, "arrowwidth": 1}, "geo": {"bgcolor": "white", "landcolor": "#E5ECF6", "subunitcolor": "white", "showland": true, "showlakes": true, "lakecolor": "white"}, "title": {"x": 0.05}, "mapbox": {"style": "light"}}}}}