{"data": [{"z": [[23.442819595336914, 1.8240947723388672, 0.9491012692451477, -0.2772911489009857, 6.701147556304932, -1.2925333976745605, -0.3679850101470947, 3.91776180267334, 1.6759319305419922, -4.470891952514648, 5.154789924621582, -0.4901294410228729, 0.6600534319877625, 1.9505137205123901, 1.071325421333313, 4.592005252838135, 1.025183916091919, 2.174182891845703, 2.433572769165039, 3.470170497894287, 1.773036003112793], [1.8240947723388672, 16.90180015563965, -1.9350624084472656, 1.0152381658554077, -1.7373735904693604, 0.8084933161735535, -0.1255439966917038, 0.09138637036085129, -1.5093775987625122, 5.28141975402832, 1.2909940481185913, -3.014204740524292, 3.9802980422973633, 0.6080520749092102, -1.9241987466812134, 1.9881742000579834, -1.4362990856170654, 8.548844337463379, 4.228804588317871, 1.3915375471115112, -3.265152931213379], [0.9491012692451477, -1.9350624084472656, 21.828611373901367, 3.867704153060913, 2.5943539142608643, 2.599437952041626, 5.975542068481445, -3.433255910873413, 0.23331312835216522, 1.0981167554855347, 1.5763546228408813, 5.907473564147949, -4.27717399597168, 2.9891092777252197, 0.06263449043035507, 2.555000066757202, -0.7100934982299805, -2.1620213985443115, 2.205765724182129, 1.5331063270568848, -0.2736854553222656], [-0.2772911489009857, 1.0152381658554077, 3.867704153060913, 24.383825302124023, 2.185231924057007, 3.1188812255859375, 2.798755645751953, -4.562618255615234, -5.73865270614624, 5.9049482345581055, 11.443007469177246, -2.9332947731018066, 3.836364269256592, 0.4363190531730652, 2.0553770065307617, 3.5057246685028076, 0.6368663311004639, 3.3770229816436768, 1.923945426940918, 0.20703649520874023, 3.2211503982543945], [6.701147556304932, -1.7373735904693604, 2.5943539142608643, 2.185231924057007, 14.163198471069336, -1.8893258571624756, 3.8242568969726562, 2.7336480617523193, 1.914787769317627, -1.5082552433013916, 3.2207024097442627, -0.6310874819755554, 2.1768081188201904, 4.712320804595947, 0.9782280325889587, 2.8338944911956787, 0.38534224033355713, -4.900598526000977, 0.501106858253479, 2.33263897895813, 2.9621357917785645], [-1.2925333976745605, 0.8084933161735535, 2.599437952041626, 3.1188812255859375, -1.8893258571624756, 20.78681755065918, -0.3911275267601013, 0.3264341950416565, 3.373415231704712, 4.085855007171631, 1.1563774347305298, -1.945763349533081, -1.2750810384750366, 1.0938637256622314, 0.3773868680000305, 0.2033797651529312, -5.071070194244385, 1.8552002906799316, -1.1258823871612549, 3.2360548973083496, -6.114108085632324], [-0.3679850101470947, -0.1255439966917038, 5.975542068481445, 2.798755645751953, 3.8242568969726562, -0.3911275267601013, 17.165483474731445, 1.305838704109192, 1.3657667636871338, 2.439981460571289, -1.2851639986038208, 2.856372833251953, 1.3737846612930298, 3.571045160293579, 2.2028322219848633, 3.700531482696533, 3.1755282878875732, 2.160060405731201, -1.5588860511779785, 0.2383362054824829, -9.421039581298828], [3.91776180267334, 0.09138637036085129, -3.433255910873413, -4.562618255615234, 2.7336480617523193, 0.3264341950416565, 1.305838704109192, 18.616653442382812, 3.4064011573791504, -0.4295235574245453, -2.508923292160034, -3.1103439331054688, 0.45801103115081787, -2.5074520111083984, 1.5497225522994995, 1.727126121520996, 2.5984747409820557, -2.411040782928467, 5.956545829772949, -3.2723896503448486, -0.7448893785476685], [1.6759319305419922, -1.5093775987625122, 0.23331312835216522, -5.73865270614624, 1.914787769317627, 3.373415231704712, 1.3657667636871338, 3.4064011573791504, 18.273141860961914, 2.727163314819336, -5.04954719543457, 0.36142662167549133, 3.0680932998657227, 2.4764585494995117, 2.0558528900146484, 0.5420470237731934, 0.5215920805931091, -3.8294506072998047, -0.7733079195022583, 3.910539150238037, -9.638325691223145], [-4.470891952514648, 5.28141975402832, 1.0981167554855347, 5.9049482345581055, -1.5082552433013916, 4.085855007171631, 2.439981460571289, -0.4295235574245453, 2.727163314819336, 18.91123390197754, -2.6953089237213135, -3.9976706504821777, 2.401339054107666, -3.2783594131469727, -3.1102635860443115, 1.514706015586853, -0.41518330574035645, 4.517648696899414, 3.993530035018921, 1.909473180770874, -13.604873657226562], [5.154789924621582, 1.2909940481185913, 1.5763546228408813, 11.443007469177246, 3.2207024097442627, 1.1563774347305298, -1.2851639986038208, -2.508923292160034, -5.04954719543457, -2.6953089237213135, 17.84665870666504, -1.7643792629241943, 2.55098557472229, 2.1365418434143066, 5.524374485015869, -1.6375194787979126, 2.078683853149414, -1.3707093000411987, 2.5347397327423096, 5.301444053649902, 6.6500349044799805], [-0.4901294410228729, -3.014204740524292, 5.907473564147949, -2.9332947731018066, -0.6310874819755554, -1.945763349533081, 2.856372833251953, -3.1103439331054688, 0.36142662167549133, -3.9976706504821777, -1.7643792629241943, 21.450326919555664, 3.47830867767334, 4.429378032684326, 0.2597942054271698, 2.9108543395996094, -2.180499792098999, -1.182363510131836, -0.950802743434906, -0.719801664352417, 4.044318675994873], [0.6600534319877625, 3.9802980422973633, -4.27717399597168, 3.836364269256592, 2.1768081188201904, -1.2750810384750366, 1.3737846612930298, 0.45801103115081787, 3.0680932998657227, 2.401339054107666, 2.55098557472229, 3.47830867767334, 19.182296752929688, -2.458484649658203, 3.034426212310791, -0.6900506615638733, -5.298445224761963, 2.7085976600646973, 1.8941712379455566, -1.9324332475662231, 5.072185039520264], [1.9505137205123901, 0.6080520749092102, 2.9891092777252197, 0.4363190531730652, 4.712320804595947, 1.0938637256622314, 3.571045160293579, -2.5074520111083984, 2.4764585494995117, -3.2783594131469727, 2.1365418434143066, 4.429378032684326, -2.458484649658203, 16.819900512695312, 1.9481419324874878, 3.4743595123291016, 0.10987842082977295, 1.0212119817733765, -5.5433173179626465, 1.9562335014343262, -5.317119598388672], [1.071325421333313, -1.9241987466812134, 0.06263449043035507, 2.0553770065307617, 0.9782280325889587, 0.3773868680000305, 2.2028322219848633, 1.5497225522994995, 2.0558528900146484, -3.1102635860443115, 5.524374485015869, 0.2597942054271698, 3.034426212310791, 1.9481419324874878, 17.811689376831055, -1.240674614906311, 1.4721930027008057, -3.8161396980285645, -0.8772886991500854, 1.1354036331176758, -1.7878766059875488], [4.592005252838135, 1.9881742000579834, 2.555000066757202, 3.5057246685028076, 2.8338944911956787, 0.2033797651529312, 3.700531482696533, 1.727126121520996, 0.5420470237731934, 1.514706015586853, -1.6375194787979126, 2.9108543395996094, -0.6900506615638733, 3.4743595123291016, -1.240674614906311, 11.32950496673584, 1.352804183959961, 0.6061972379684448, 4.20396614074707, -0.0715211033821106, -4.601500988006592], [1.0251837968826294, -1.4362989664077759, -0.7100942134857178, 0.6368662714958191, 0.38534271717071533, -5.071069717407227, 3.1755292415618896, 2.5984749794006348, 0.5215919613838196, -0.41518333554267883, 2.078683614730835, -2.180499792098999, -5.298445701599121, 0.10987834632396698, 1.4721931219100952, 1.3528046607971191, 22.590166091918945, 3.402157783508301, -1.840269684791565, 7.122797966003418, -4.596333980560303], [2.174182653427124, 8.548843383789062, -2.1620209217071533, 3.3770227432250977, -4.900598049163818, 1.855200171470642, 2.160060405731201, -2.411040782928467, -3.8294503688812256, 4.517647743225098, -1.3707096576690674, -1.1823630332946777, 2.70859694480896, 1.0212119817733765, -3.8161396980285645, 0.6061974167823792, 3.402157783508301, 22.563732147216797, -2.5064873695373535, -2.0591070652008057, -3.7885899543762207], [2.4335732460021973, 4.228805065155029, 2.205765724182129, 1.9239453077316284, 0.5011072158813477, -1.1258823871612549, -1.5588858127593994, 5.956545829772949, -0.7733080983161926, 3.993530035018921, 2.5347399711608887, -0.950802743434906, 1.8941720724105835, -5.5433173179626465, -0.8772885799407959, 4.203965663909912, -1.840269684791565, -2.5064873695373535, 19.060218811035156, -4.006735801696777, -3.270524501800537], [3.470170497894287, 1.3915373086929321, 1.5331065654754639, 0.20703637599945068, 2.332638740539551, 3.2360548973083496, 0.23833616077899933, -3.2723898887634277, 3.910538911819458, 1.9094734191894531, 5.301444053649902, -0.7198013663291931, -1.932433009147644, 1.956233263015747, 1.1354032754898071, -0.0715213418006897, 7.122797966003418, -2.0591070652008057, -4.006735801696777, 21.221908569335938, 0.20618218183517456], [1.7730363607406616, -3.2651519775390625, -0.27368539571762085, 3.2211503982543945, 2.9621353149414062, -6.114108562469482, -9.421039581298828, -0.7448893785476685, -9.638325691223145, -13.604873657226562, 6.6500349044799805, 4.044318675994873, 5.072185516357422, -5.317119598388672, -1.787876844406128, -4.601500988006592, -4.596334457397461, -3.7885899543762207, -3.270524263381958, 0.20618200302124023, 47.48805236816406]], "type": "heatmap"}], "layout": {"template": {"data": {"histogram2dcontour": [{"type": "histogram2dcontour", "colorbar": {"outlinewidth": 0, "ticks": ""}, "colorscale": [[0.0, "#0d0887"], [0.1111111111111111, "#46039f"], [0.2222222222222222, "#7201a8"], [0.3333333333333333, "#9c179e"], [0.4444444444444444, "#bd3786"], [0.5555555555555556, "#d8576b"], [0.6666666666666666, "#ed7953"], [0.7777777777777778, "#fb9f3a"], [0.8888888888888888, "#fdca26"], [1.0, "#f0f921"]]}], "choropleth": [{"type": "choropleth", "colorbar": {"outlinewidth": 0, "ticks": ""}}], "histogram2d": [{"type": "histogram2d", "colorbar": {"outlinewidth": 0, "ticks": ""}, "colorscale": [[0.0, "#0d0887"], [0.1111111111111111, "#46039f"], [0.2222222222222222, "#7201a8"], [0.3333333333333333, "#9c179e"], [0.4444444444444444, "#bd3786"], [0.5555555555555556, "#d8576b"], [0.6666666666666666, "#ed7953"], [0.7777777777777778, "#fb9f3a"], [0.8888888888888888, "#fdca26"], [1.0, "#f0f921"]]}], "heatmap": [{"type": "heatmap", "colorbar": {"outlinewidth": 0, "ticks": ""}, "colorscale": [[0.0, "#0d0887"], [0.1111111111111111, "#46039f"], [0.2222222222222222, "#7201a8"], [0.3333333333333333, "#9c179e"], [0.4444444444444444, "#bd3786"], [0.5555555555555556, "#d8576b"], [0.6666666666666666, "#ed7953"], [0.7777777777777778, "#fb9f3a"], [0.8888888888888888, "#fdca26"], [1.0, "#f0f921"]]}], "heatmapgl": [{"type": "heatmapgl", "colorbar": {"outlinewidth": 0, "ticks": ""}, "colorscale": [[0.0, "#0d0887"], [0.1111111111111111, "#46039f"], [0.2222222222222222, "#7201a8"], [0.3333333333333333, "#9c179e"], [0.4444444444444444, "#bd3786"], [0.5555555555555556, "#d8576b"], [0.6666666666666666, "#ed7953"], [0.7777777777777778, "#fb9f3a"], [0.8888888888888888, "#fdca26"], [1.0, "#f0f921"]]}], "contourcarpet": [{"type": "contourcarpet", "colorbar": {"outlinewidth": 0, "ticks": ""}}], "contour": [{"type": "contour", "colorbar": {"outlinewidth": 0, "ticks": ""}, "colorscale": [[0.0, "#0d0887"], [0.1111111111111111, "#46039f"], [0.2222222222222222, "#7201a8"], [0.3333333333333333, "#9c179e"], [0.4444444444444444, "#bd3786"], [0.5555555555555556, "#d8576b"], [0.6666666666666666, "#ed7953"], [0.7777777777777778, "#fb9f3a"], [0.8888888888888888, "#fdca26"], [1.0, "#f0f921"]]}], "surface": [{"type": "surface", "colorbar": {"outlinewidth": 0, "ticks": ""}, "colorscale": [[0.0, "#0d0887"], [0.1111111111111111, "#46039f"], [0.2222222222222222, "#7201a8"], [0.3333333333333333, "#9c179e"], [0.4444444444444444, "#bd3786"], [0.5555555555555556, "#d8576b"], [0.6666666666666666, "#ed7953"], [0.7777777777777778, "#fb9f3a"], [0.8888888888888888, "#fdca26"], [1.0, "#f0f921"]]}], "mesh3d": [{"type": "mesh3d", "colorbar": {"outlinewidth": 0, "ticks": ""}}], "scatter": [{"fillpattern": {"fillmode": "overlay", "size": 10, "solidity": 0.2}, "type": "scatter"}], "parcoords": [{"type": "parcoords", "line": {"colorbar": {"outlinewidth": 0, "ticks": ""}}}], "scatterpolargl": [{"type": "scatterpolargl", "marker": {"colorbar": {"outlinewidth": 0, "ticks": ""}}}], "bar": [{"error_x": {"color": "#2a3f5f"}, "error_y": {"color": "#2a3f5f"}, "marker": {"line": {"color": "#E5ECF6", "width": 0.5}, "pattern": {"fillmode": "overlay", "size": 10, "solidity": 0.2}}, "type": "bar"}], "scattergeo": [{"type": "scattergeo", "marker": {"colorbar": {"outlinewidth": 0, "ticks": ""}}}], "scatterpolar": [{"type": "scatterpolar", "marker": {"colorbar": {"outlinewidth": 0, "ticks": ""}}}], "histogram": [{"marker": {"pattern": {"fillmode": "overlay", "size": 10, "solidity": 0.2}}, "type": "histogram"}], "scattergl": [{"type": "scattergl", "marker": {"colorbar": {"outlinewidth": 0, "ticks": ""}}}], "scatter3d": [{"type": "scatter3d", "line": {"colorbar": {"outlinewidth": 0, "ticks": ""}}, "marker": {"colorbar": {"outlinewidth": 0, "ticks": ""}}}], "scattermapbox": [{"type": "scattermapbox", "marker": {"colorbar": {"outlinewidth": 0, "ticks": ""}}}], "scatterternary": [{"type": "scatterternary", "marker": {"colorbar": {"outlinewidth": 0, "ticks": ""}}}], "scattercarpet": [{"type": "scattercarpet", "marker": {"colorbar": {"outlinewidth": 0, "ticks": ""}}}], "carpet": [{"aaxis": {"endlinecolor": "#2a3f5f", "gridcolor": "white", "linecolor": "white", "minorgridcolor": "white", "startlinecolor": "#2a3f5f"}, "baxis": {"endlinecolor": "#2a3f5f", "gridcolor": "white", "linecolor": "white", "minorgridcolor": "white", "startlinecolor": "#2a3f5f"}, "type": "carpet"}], "table": [{"cells": {"fill": {"color": "#EBF0F8"}, "line": {"color": "white"}}, "header": {"fill": {"color": "#C8D4E3"}, "line": {"color": "white"}}, "type": "table"}], "barpolar": [{"marker": {"line": {"color": "#E5ECF6", "width": 0.5}, "pattern": {"fillmode": "overlay", "size": 10, "solidity": 0.2}}, "type": "barpolar"}], "pie": [{"automargin": true, "type": "pie"}]}, "layout": {"autotypenumbers": "strict", "colorway": ["#636efa", "#EF553B", "#00cc96", "#ab63fa", "#FFA15A", "#19d3f3", "#FF6692", "#B6E880", "#FF97FF", "#FECB52"], "font": {"color": "#2a3f5f"}, "hovermode": "closest", "hoverlabel": {"align": "left"}, "paper_bgcolor": "white", "plot_bgcolor": "#E5ECF6", "polar": {"bgcolor": "#E5ECF6", "angularaxis": {"gridcolor": "white", "linecolor": "white", "ticks": ""}, "radialaxis": {"gridcolor": "white", "linecolor": "white", "ticks": ""}}, "ternary": {"bgcolor": "#E5ECF6", "aaxis": {"gridcolor": "white", "linecolor": "white", "ticks": ""}, "baxis": {"gridcolor": "white", "linecolor": "white", "ticks": ""}, "caxis": {"gridcolor": "white", "linecolor": "white", "ticks": ""}}, "coloraxis": {"colorbar": {"outlinewidth": 0, "ticks": ""}}, "colorscale": {"sequential": [[0.0, "#0d0887"], [0.1111111111111111, "#46039f"], [0.2222222222222222, "#7201a8"], [0.3333333333333333, "#9c179e"], [0.4444444444444444, "#bd3786"], [0.5555555555555556, "#d8576b"], [0.6666666666666666, "#ed7953"], [0.7777777777777778, "#fb9f3a"], [0.8888888888888888, "#fdca26"], [1.0, "#f0f921"]], "sequentialminus": [[0.0, "#0d0887"], [0.1111111111111111, "#46039f"], [0.2222222222222222, "#7201a8"], [0.3333333333333333, "#9c179e"], [0.4444444444444444, "#bd3786"], [0.5555555555555556, "#d8576b"], [0.6666666666666666, "#ed7953"], [0.7777777777777778, "#fb9f3a"], [0.8888888888888888, "#fdca26"], [1.0, "#f0f921"]], "diverging": [[0, "#8e0152"], [0.1, "#c51b7d"], [0.2, "#de77ae"], [0.3, "#f1b6da"], [0.4, "#fde0ef"], [0.5, "#f7f7f7"], [0.6, "#e6f5d0"], [0.7, "#b8e186"], [0.8, "#7fbc41"], [0.9, "#4d9221"], [1, "#276419"]]}, "xaxis": {"gridcolor": "white", "linecolor": "white", "ticks": "", "title": {"standoff": 15}, "zerolinecolor": "white", "automargin": true, "zerolinewidth": 2}, "yaxis": {"gridcolor": "white", "linecolor": "white", "ticks": "", "title": {"standoff": 15}, "zerolinecolor": "white", "automargin": true, "zerolinewidth": 2}, "scene": {"xaxis": {"backgroundcolor": "#E5ECF6", "gridcolor": "white", "linecolor": "white", "showbackground": true, "ticks": "", "zerolinecolor": "white", "gridwidth": 2}, "yaxis": {"backgroundcolor": "#E5ECF6", "gridcolor": "white", "linecolor": "white", "showbackground": true, "ticks": "", "zerolinecolor": "white", "gridwidth": 2}, "zaxis": {"backgroundcolor": "#E5ECF6", "gridcolor": "white", "linecolor": "white", "showbackground": true, "ticks": "", "zerolinecolor": "white", "gridwidth": 2}}, "shapedefaults": {"line": {"color": "#2a3f5f"}}, "annotationdefaults": {"arrowcolor": "#2a3f5f", "arrowhead": 0, "arrowwidth": 1}, "geo": {"bgcolor": "white", "landcolor": "#E5ECF6", "subunitcolor": "white", "showland": true, "showlakes": true, "lakecolor": "white"}, "title": {"x": 0.05}, "mapbox": {"style": "light"}}}}}