{"data": [{"z": [[23.845243453979492, 1.899479866027832, 1.0209404230117798, -0.334576278924942, 6.7783002853393555, -1.3230830430984497, -0.4145381450653076, 3.8230626583099365, 1.680985689163208, -4.734594821929932, 5.2205376625061035, -0.5287092328071594, 0.7192267179489136, 1.8859761953353882, 1.0593746900558472, 4.607106685638428, 0.9987666606903076, 2.1094508171081543, 2.5017223358154297, 3.551388740539551, 1.8283989429473877], [1.899479866027832, 17.0379695892334, -1.8996580839157104, 0.9524250030517578, -1.7561237812042236, 0.810025691986084, -0.09247390925884247, 0.010831267572939396, -1.5041415691375732, 5.293943405151367, 1.2598730325698853, -2.999821424484253, 4.073184967041016, 0.5880832076072693, -1.9633336067199707, 1.944429874420166, -1.4783941507339478, 8.624421119689941, 4.276398181915283, 1.4052647352218628, -3.3129570484161377], [1.0209404230117798, -1.8996580839157104, 22.031509399414062, 3.8927195072174072, 2.6334328651428223, 2.6681149005889893, 6.014984130859375, -3.562386989593506, 0.18300846219062805, 1.0290271043777466, 1.577231764793396, 5.8934526443481445, -4.288335800170898, 3.0123255252838135, 0.030892830342054367, 2.5235400199890137, -0.7407463788986206, -2.210916042327881, 2.195282459259033, 1.5692856311798096, -0.27543771266937256], [-0.334576278924942, 0.9524250030517578, 3.8927195072174072, 24.525976181030273, 2.1870310306549072, 3.0704681873321533, 2.763000965118408, -4.695631504058838, -5.870875835418701, 5.832862377166748, 11.557106971740723, -3.0863120555877686, 3.7860965728759766, 0.404855340719223, 2.054617404937744, 3.5058650970458984, 0.609912633895874, 3.3563218116760254, 1.8524556159973145, 0.12390601634979248, 3.2287163734436035], [6.7783002853393555, -1.7561237812042236, 2.6334328651428223, 2.1870310306549072, 14.196770668029785, -1.9103983640670776, 3.8152170181274414, 2.712778329849243, 1.8853206634521484, -1.6304993629455566, 3.293545961380005, -0.6971727013587952, 2.1591312885284424, 4.723995208740234, 0.9328999519348145, 2.831570863723755, 0.3618178367614746, -5.008254051208496, 0.43787527084350586, 2.3877482414245605, 3.0276339054107666], [-1.3230830430984497, 0.810025691986084, 2.6681149005889893, 3.0704681873321533, -1.9103983640670776, 21.022634506225586, -0.4361655116081238, 0.2519245147705078, 3.4275708198547363, 4.018404960632324, 1.13922917842865, -2.05025577545166, -1.3571864366531372, 1.0973390340805054, 0.378065288066864, 0.18456697463989258, -5.135620594024658, 1.836549997329712, -1.2474300861358643, 3.2837278842926025, -6.154734134674072], [-0.4145381450653076, -0.09247390925884247, 6.014984130859375, 2.763000965118408, 3.8152170181274414, -0.4361655116081238, 17.280481338500977, 1.2545119524002075, 1.358446717262268, 2.419630527496338, -1.340910792350769, 2.8867766857147217, 1.4140161275863647, 3.5619735717773438, 2.2029545307159424, 3.6879382133483887, 3.19185471534729, 2.129896640777588, -1.627997875213623, 0.19514763355255127, -9.434174537658691], [3.8230626583099365, 0.010831267572939396, -3.562386989593506, -4.695631504058838, 2.712778329849243, 0.2519245147705078, 1.2545119524002075, 18.65670394897461, 3.4008753299713135, -0.5645480751991272, -2.530958652496338, -3.211225986480713, 0.3931892514228821, -2.5868470668792725, 1.5056557655334473, 1.6474571228027344, 2.6683273315429688, -2.522536039352417, 5.920541286468506, -3.4580092430114746, -0.6845555901527405], [1.680985689163208, -1.5041415691375732, 0.18300846219062805, -5.870875835418701, 1.8853206634521484, 3.4275708198547363, 1.358446717262268, 3.4008753299713135, 18.450504302978516, 2.648858070373535, -5.209012508392334, 0.35019776225090027, 3.148951768875122, 2.5071372985839844, 1.999144434928894, 0.5031506419181824, 0.5313495397567749, -3.9345648288726807, -0.8133261203765869, 4.0346550941467285, -9.62814998626709], [-4.734594821929932, 5.293943405151367, 1.0290271043777466, 5.832862377166748, -1.6304993629455566, 4.018404960632324, 2.419630527496338, -0.5645480751991272, 2.648858070373535, 18.94235610961914, -2.8713231086730957, -4.189729690551758, 2.4111130237579346, -3.3163490295410156, -3.2059035301208496, 1.3589632511138916, -0.41647660732269287, 4.479294300079346, 3.9123449325561523, 1.8854451179504395, -13.620976448059082], [5.2205376625061035, 1.2598730325698853, 1.577231764793396, 11.557106971740723, 3.293545961380005, 1.13922917842865, -1.340910792350769, -2.530958652496338, -5.209012508392334, -2.8713231086730957, 18.054746627807617, -1.8293808698654175, 2.550508737564087, 2.1471140384674072, 5.544635772705078, -1.6703163385391235, 2.058109760284424, -1.4839938879013062, 2.5847339630126953, 5.309841156005859, 6.773438930511475], [-0.5287092328071594, -2.999821424484253, 5.8934526443481445, -3.0863120555877686, -0.6971727013587952, -2.05025577545166, 2.8867766857147217, -3.211225986480713, 0.35019776225090027, -4.189729690551758, -1.8293808698654175, 21.669004440307617, 3.48563551902771, 4.329540729522705, 0.11792109906673431, 2.8996474742889404, -2.218778371810913, -1.2030696868896484, -1.019436240196228, -0.8314733505249023, 4.186573028564453], [0.7192267179489136, 4.073184967041016, -4.288335800170898, 3.7860965728759766, 2.1591312885284424, -1.3571864366531372, 1.4140161275863647, 0.3931892514228821, 3.148951768875122, 2.4111130237579346, 2.550508737564087, 3.48563551902771, 19.49532699584961, -2.5234487056732178, 3.0858139991760254, -0.758586585521698, -5.377574920654297, 2.7439708709716797, 1.9574942588806152, -1.9994690418243408, 5.003884792327881], [1.8859761953353882, 0.5880832076072693, 3.0123255252838135, 0.404855340719223, 4.723995208740234, 1.0973390340805054, 3.5619735717773438, -2.5868470668792725, 2.5071372985839844, -3.3163490295410156, 2.1471140384674072, 4.329540729522705, -2.5234487056732178, 17.037750244140625, 1.9895784854888916, 3.5305545330047607, 0.071114182472229, 0.9799807071685791, -5.670274257659912, 1.925001621246338, -5.416501998901367], [1.0593746900558472, -1.9633336067199707, 0.030892830342054367, 2.054617404937744, 0.9328999519348145, 0.378065288066864, 2.2029545307159424, 1.5056557655334473, 1.999144434928894, -3.2059035301208496, 5.544635772705078, 0.11792109906673431, 3.0858139991760254, 1.9895784854888916, 17.942113876342773, -1.336573600769043, 1.4968103170394897, -3.9369394779205322, -0.9326483011245728, 1.071338176727295, -1.7946672439575195], [4.607106685638428, 1.944429874420166, 2.5235400199890137, 3.5058650970458984, 2.831570863723755, 0.18456697463989258, 3.6879382133483887, 1.6474571228027344, 0.5031506419181824, 1.3589632511138916, -1.6703163385391235, 2.8996474742889404, -0.758586585521698, 3.5305545330047607, -1.336573600769043, 11.35945987701416, 1.3117918968200684, 0.48373329639434814, 4.177154541015625, -0.11758142709732056, -4.554084300994873], [0.9987668991088867, -1.4783942699432373, -0.7407463192939758, 0.6099124550819397, 0.36181777715682983, -5.135621070861816, 3.191854476928711, 2.6683266162872314, 0.5313495993614197, -0.41647636890411377, 2.058109760284424, -2.2187788486480713, -5.377575397491455, 0.07111448794603348, 1.4968103170394897, 1.3117917776107788, 22.73934555053711, 3.4054157733917236, -1.8444631099700928, 7.166130542755127, -4.629812240600586], [2.109450340270996, 8.624421119689941, -2.2109155654907227, 3.3563222885131836, -5.008254051208496, 1.836549997329712, 2.129896640777588, -2.522536039352417, -3.9345650672912598, 4.479294300079346, -1.4839937686920166, -1.2030699253082275, 2.743971347808838, 0.9799804091453552, -3.936939239501953, 0.48373323678970337, 3.4054157733917236, 22.73450469970703, -2.5881996154785156, -2.1030805110931396, -3.6917221546173096], [2.5017223358154297, 4.276397705078125, 2.195281505584717, 1.8524553775787354, 0.43787530064582825, -1.2474302053451538, -1.6279973983764648, 5.920541286468506, -0.813325822353363, 3.9123454093933105, 2.5847339630126953, -1.0194361209869385, 1.9574943780899048, -5.670273780822754, -0.9326486587524414, 4.177154541015625, -1.8444631099700928, -2.5881996154785156, 19.20456314086914, -4.076342582702637, -3.2243380546569824], [3.55138897895813, 1.4052647352218628, 1.5692858695983887, 0.12390606105327606, 2.3877480030059814, 3.2837283611297607, 0.19514742493629456, -3.4580092430114746, 4.0346550941467285, 1.8854446411132812, 5.309841632843018, -0.8314727544784546, -1.999468207359314, 1.925002098083496, 1.071338176727295, -0.11758117377758026, 7.166130542755127, -2.1030805110931396, -4.076342582702637, 21.523757934570312, 0.16058820486068726], [1.828398585319519, -3.312957286834717, -0.2754373550415039, 3.2287161350250244, 3.0276339054107666, -6.154735088348389, -9.434173583984375, -0.6845557689666748, -9.628149032592773, -13.620975494384766, 6.773437976837158, 4.186572551727295, 5.003885269165039, -5.416500568389893, -1.7946667671203613, -4.554083824157715, -4.629812240600586, -3.6917226314544678, -3.2243380546569824, 0.16058897972106934, 47.48805236816406]], "type": "heatmap"}], "layout": {"template": {"data": {"histogram2dcontour": [{"type": "histogram2dcontour", "colorbar": {"outlinewidth": 0, "ticks": ""}, "colorscale": [[0.0, "#0d0887"], [0.1111111111111111, "#46039f"], [0.2222222222222222, "#7201a8"], [0.3333333333333333, "#9c179e"], [0.4444444444444444, "#bd3786"], [0.5555555555555556, "#d8576b"], [0.6666666666666666, "#ed7953"], [0.7777777777777778, "#fb9f3a"], [0.8888888888888888, "#fdca26"], [1.0, "#f0f921"]]}], "choropleth": [{"type": "choropleth", "colorbar": {"outlinewidth": 0, "ticks": ""}}], "histogram2d": [{"type": "histogram2d", "colorbar": {"outlinewidth": 0, "ticks": ""}, "colorscale": [[0.0, "#0d0887"], [0.1111111111111111, "#46039f"], [0.2222222222222222, "#7201a8"], [0.3333333333333333, "#9c179e"], [0.4444444444444444, "#bd3786"], [0.5555555555555556, "#d8576b"], [0.6666666666666666, "#ed7953"], [0.7777777777777778, "#fb9f3a"], [0.8888888888888888, "#fdca26"], [1.0, "#f0f921"]]}], "heatmap": [{"type": "heatmap", "colorbar": {"outlinewidth": 0, "ticks": ""}, "colorscale": [[0.0, "#0d0887"], [0.1111111111111111, "#46039f"], [0.2222222222222222, "#7201a8"], [0.3333333333333333, "#9c179e"], [0.4444444444444444, "#bd3786"], [0.5555555555555556, "#d8576b"], [0.6666666666666666, "#ed7953"], [0.7777777777777778, "#fb9f3a"], [0.8888888888888888, "#fdca26"], [1.0, "#f0f921"]]}], "heatmapgl": [{"type": "heatmapgl", "colorbar": {"outlinewidth": 0, "ticks": ""}, "colorscale": [[0.0, "#0d0887"], [0.1111111111111111, "#46039f"], [0.2222222222222222, "#7201a8"], [0.3333333333333333, "#9c179e"], [0.4444444444444444, "#bd3786"], [0.5555555555555556, "#d8576b"], [0.6666666666666666, "#ed7953"], [0.7777777777777778, "#fb9f3a"], [0.8888888888888888, "#fdca26"], [1.0, "#f0f921"]]}], "contourcarpet": [{"type": "contourcarpet", "colorbar": {"outlinewidth": 0, "ticks": ""}}], "contour": [{"type": "contour", "colorbar": {"outlinewidth": 0, "ticks": ""}, "colorscale": [[0.0, "#0d0887"], [0.1111111111111111, "#46039f"], [0.2222222222222222, "#7201a8"], [0.3333333333333333, "#9c179e"], [0.4444444444444444, "#bd3786"], [0.5555555555555556, "#d8576b"], [0.6666666666666666, "#ed7953"], [0.7777777777777778, "#fb9f3a"], [0.8888888888888888, "#fdca26"], [1.0, "#f0f921"]]}], "surface": [{"type": "surface", "colorbar": {"outlinewidth": 0, "ticks": ""}, "colorscale": [[0.0, "#0d0887"], [0.1111111111111111, "#46039f"], [0.2222222222222222, "#7201a8"], [0.3333333333333333, "#9c179e"], [0.4444444444444444, "#bd3786"], [0.5555555555555556, "#d8576b"], [0.6666666666666666, "#ed7953"], [0.7777777777777778, "#fb9f3a"], [0.8888888888888888, "#fdca26"], [1.0, "#f0f921"]]}], "mesh3d": [{"type": "mesh3d", "colorbar": {"outlinewidth": 0, "ticks": ""}}], "scatter": [{"fillpattern": {"fillmode": "overlay", "size": 10, "solidity": 0.2}, "type": "scatter"}], "parcoords": [{"type": "parcoords", "line": {"colorbar": {"outlinewidth": 0, "ticks": ""}}}], "scatterpolargl": [{"type": "scatterpolargl", "marker": {"colorbar": {"outlinewidth": 0, "ticks": ""}}}], "bar": [{"error_x": {"color": "#2a3f5f"}, "error_y": {"color": "#2a3f5f"}, "marker": {"line": {"color": "#E5ECF6", "width": 0.5}, "pattern": {"fillmode": "overlay", "size": 10, "solidity": 0.2}}, "type": "bar"}], "scattergeo": [{"type": "scattergeo", "marker": {"colorbar": {"outlinewidth": 0, "ticks": ""}}}], "scatterpolar": [{"type": "scatterpolar", "marker": {"colorbar": {"outlinewidth": 0, "ticks": ""}}}], "histogram": [{"marker": {"pattern": {"fillmode": "overlay", "size": 10, "solidity": 0.2}}, "type": "histogram"}], "scattergl": [{"type": "scattergl", "marker": {"colorbar": {"outlinewidth": 0, "ticks": ""}}}], "scatter3d": [{"type": "scatter3d", "line": {"colorbar": {"outlinewidth": 0, "ticks": ""}}, "marker": {"colorbar": {"outlinewidth": 0, "ticks": ""}}}], "scattermapbox": [{"type": "scattermapbox", "marker": {"colorbar": {"outlinewidth": 0, "ticks": ""}}}], "scatterternary": [{"type": "scatterternary", "marker": {"colorbar": {"outlinewidth": 0, "ticks": ""}}}], "scattercarpet": [{"type": "scattercarpet", "marker": {"colorbar": {"outlinewidth": 0, "ticks": ""}}}], "carpet": [{"aaxis": {"endlinecolor": "#2a3f5f", "gridcolor": "white", "linecolor": "white", "minorgridcolor": "white", "startlinecolor": "#2a3f5f"}, "baxis": {"endlinecolor": "#2a3f5f", "gridcolor": "white", "linecolor": "white", "minorgridcolor": "white", "startlinecolor": "#2a3f5f"}, "type": "carpet"}], "table": [{"cells": {"fill": {"color": "#EBF0F8"}, "line": {"color": "white"}}, "header": {"fill": {"color": "#C8D4E3"}, "line": {"color": "white"}}, "type": "table"}], "barpolar": [{"marker": {"line": {"color": "#E5ECF6", "width": 0.5}, "pattern": {"fillmode": "overlay", "size": 10, "solidity": 0.2}}, "type": "barpolar"}], "pie": [{"automargin": true, "type": "pie"}]}, "layout": {"autotypenumbers": "strict", "colorway": ["#636efa", "#EF553B", "#00cc96", "#ab63fa", "#FFA15A", "#19d3f3", "#FF6692", "#B6E880", "#FF97FF", "#FECB52"], "font": {"color": "#2a3f5f"}, "hovermode": "closest", "hoverlabel": {"align": "left"}, "paper_bgcolor": "white", "plot_bgcolor": "#E5ECF6", "polar": {"bgcolor": "#E5ECF6", "angularaxis": {"gridcolor": "white", "linecolor": "white", "ticks": ""}, "radialaxis": {"gridcolor": "white", "linecolor": "white", "ticks": ""}}, "ternary": {"bgcolor": "#E5ECF6", "aaxis": {"gridcolor": "white", "linecolor": "white", "ticks": ""}, "baxis": {"gridcolor": "white", "linecolor": "white", "ticks": ""}, "caxis": {"gridcolor": "white", "linecolor": "white", "ticks": ""}}, "coloraxis": {"colorbar": {"outlinewidth": 0, "ticks": ""}}, "colorscale": {"sequential": [[0.0, "#0d0887"], [0.1111111111111111, "#46039f"], [0.2222222222222222, "#7201a8"], [0.3333333333333333, "#9c179e"], [0.4444444444444444, "#bd3786"], [0.5555555555555556, "#d8576b"], [0.6666666666666666, "#ed7953"], [0.7777777777777778, "#fb9f3a"], [0.8888888888888888, "#fdca26"], [1.0, "#f0f921"]], "sequentialminus": [[0.0, "#0d0887"], [0.1111111111111111, "#46039f"], [0.2222222222222222, "#7201a8"], [0.3333333333333333, "#9c179e"], [0.4444444444444444, "#bd3786"], [0.5555555555555556, "#d8576b"], [0.6666666666666666, "#ed7953"], [0.7777777777777778, "#fb9f3a"], [0.8888888888888888, "#fdca26"], [1.0, "#f0f921"]], "diverging": [[0, "#8e0152"], [0.1, "#c51b7d"], [0.2, "#de77ae"], [0.3, "#f1b6da"], [0.4, "#fde0ef"], [0.5, "#f7f7f7"], [0.6, "#e6f5d0"], [0.7, "#b8e186"], [0.8, "#7fbc41"], [0.9, "#4d9221"], [1, "#276419"]]}, "xaxis": {"gridcolor": "white", "linecolor": "white", "ticks": "", "title": {"standoff": 15}, "zerolinecolor": "white", "automargin": true, "zerolinewidth": 2}, "yaxis": {"gridcolor": "white", "linecolor": "white", "ticks": "", "title": {"standoff": 15}, "zerolinecolor": "white", "automargin": true, "zerolinewidth": 2}, "scene": {"xaxis": {"backgroundcolor": "#E5ECF6", "gridcolor": "white", "linecolor": "white", "showbackground": true, "ticks": "", "zerolinecolor": "white", "gridwidth": 2}, "yaxis": {"backgroundcolor": "#E5ECF6", "gridcolor": "white", "linecolor": "white", "showbackground": true, "ticks": "", "zerolinecolor": "white", "gridwidth": 2}, "zaxis": {"backgroundcolor": "#E5ECF6", "gridcolor": "white", "linecolor": "white", "showbackground": true, "ticks": "", "zerolinecolor": "white", "gridwidth": 2}}, "shapedefaults": {"line": {"color": "#2a3f5f"}}, "annotationdefaults": {"arrowcolor": "#2a3f5f", "arrowhead": 0, "arrowwidth": 1}, "geo": {"bgcolor": "white", "landcolor": "#E5ECF6", "subunitcolor": "white", "showland": true, "showlakes": true, "lakecolor": "white"}, "title": {"x": 0.05}, "mapbox": {"style": "light"}}}}}