{"data": [{"z": [[23.443946838378906, 1.8685272932052612, 0.9526055455207825, -0.2760905623435974, 6.7165703773498535, -1.2578366994857788, -0.32019686698913574, 3.9519271850585938, 1.665001392364502, -4.455629348754883, 5.186489582061768, -0.4445430636405945, 0.7034355401992798, 1.9681878089904785, 1.1043238639831543, 4.579799175262451, 1.0278003215789795, 2.1769068241119385, 2.464204788208008, 3.490044116973877, 1.7545228004455566], [1.8685272932052612, 16.903427124023438, -1.9204809665679932, 1.0100160837173462, -1.706965684890747, 0.8437281847000122, -0.13771232962608337, 0.06759553402662277, -1.4948838949203491, 5.298920154571533, 1.3378480672836304, -3.007032632827759, 3.98420786857605, 0.623033344745636, -1.9070336818695068, 2.0018513202667236, -1.4187253713607788, 8.562956809997559, 4.227955341339111, 1.406317949295044, -3.291102886199951], [0.9526055455207825, -1.9204809665679932, 21.803829193115234, 3.841329574584961, 2.592756509780884, 2.60903263092041, 5.955811977386475, -3.4437880516052246, 0.22263087332248688, 1.0999528169631958, 1.6057966947555542, 5.914866924285889, -4.279703617095947, 2.9963817596435547, 0.06337341666221619, 2.5502192974090576, -0.7065117359161377, -2.139878273010254, 2.1802310943603516, 1.5406992435455322, -0.2831611633300781], [-0.2760905623435974, 1.0100160837173462, 3.841329574584961, 24.34540557861328, 2.1509792804718018, 3.1368660926818848, 2.786228895187378, -4.565974235534668, -5.756639003753662, 5.904112815856934, 11.426281929016113, -2.9238908290863037, 3.8354570865631104, 0.46519994735717773, 2.0567703247070312, 3.499542236328125, 0.6406817436218262, 3.3573265075683594, 1.9229955673217773, 0.2111828327178955, 3.201949119567871], [6.7165703773498535, -1.706965684890747, 2.592756509780884, 2.1509792804718018, 14.147333145141602, -1.8993529081344604, 3.7880442142486572, 2.690415859222412, 1.9021737575531006, -1.4944783449172974, 3.202819347381592, -0.6121454238891602, 2.180514097213745, 4.71341609954834, 0.9649823307991028, 2.8231046199798584, 0.3875909447669983, -4.902560710906982, 0.5118279457092285, 2.343684196472168, 2.9656178951263428], [-1.2578366994857788, 0.8437281847000122, 2.60903263092041, 3.1368660926818848, -1.8993529081344604, 20.76645278930664, -0.39654073119163513, 0.3556806147098541, 3.339493989944458, 4.070732593536377, 1.2151784896850586, -1.8808865547180176, -1.2437171936035156, 1.095193862915039, 0.3982945382595062, 0.21182623505592346, -5.0762038230896, 1.8302855491638184, -1.0912718772888184, 3.255758762359619, -6.092196941375732], [-0.32019686698913574, -0.13771232962608337, 5.955811977386475, 2.786228895187378, 3.7880442142486572, -0.39654073119163513, 17.134803771972656, 1.29685640335083, 1.3527835607528687, 2.434633493423462, -1.261329174041748, 2.9044947624206543, 1.3725910186767578, 3.5670697689056396, 2.207106351852417, 3.705127716064453, 3.1810128688812256, 2.147524356842041, -1.5494694709777832, 0.24429082870483398, -9.397170066833496], [3.9519271850585938, 0.06759553402662277, -3.4437880516052246, -4.565974235534668, 2.690415859222412, 0.3556806147098541, 1.29685640335083, 18.62095832824707, 3.3599939346313477, -0.40000614523887634, -2.4849483966827393, -3.065373182296753, 0.45736849308013916, -2.466259002685547, 1.5542707443237305, 1.7302638292312622, 2.6406712532043457, -2.4070208072662354, 5.953400611877441, -3.2710213661193848, -0.7461836934089661], [1.665001392364502, -1.4948838949203491, 0.22263087332248688, -5.756639003753662, 1.9021737575531006, 3.339493989944458, 1.3527835607528687, 3.3599939346313477, 18.22667694091797, 2.7035582065582275, -4.993495941162109, 0.3805941641330719, 3.053905963897705, 2.4739983081817627, 2.059605598449707, 0.5304553508758545, 0.499942421913147, -3.827953815460205, -0.7917317152023315, 3.900979995727539, -9.636312484741211], [-4.455629348754883, 5.298920154571533, 1.0999528169631958, 5.904112815856934, -1.4944783449172974, 4.070732593536377, 2.434633493423462, -0.40000614523887634, 2.7035582065582275, 18.893739700317383, -2.6319940090179443, -3.9670822620391846, 2.406498908996582, -3.2749722003936768, -3.059567451477051, 1.5263899564743042, -0.4296603202819824, 4.530032157897949, 3.988124370574951, 1.901139736175537, -13.603275299072266], [5.186489582061768, 1.3378480672836304, 1.6057966947555542, 11.426281929016113, 3.202819347381592, 1.2151784896850586, -1.261329174041748, -2.4849483966827393, -4.993495941162109, -2.6319940090179443, 17.84124755859375, -1.7473219633102417, 2.5759925842285156, 2.14900541305542, 5.533933639526367, -1.5974161624908447, 2.101874351501465, -1.3340637683868408, 2.5433895587921143, 5.3431854248046875, 6.5855913162231445], [-0.4445430636405945, -3.007032632827759, 5.914866924285889, -2.9238908290863037, -0.6121454238891602, -1.8808865547180176, 2.9044947624206543, -3.065373182296753, 0.3805941641330719, -3.9670822620391846, -1.7473219633102417, 21.450790405273438, 3.4872958660125732, 4.464805603027344, 0.27729207277297974, 2.8910293579101562, -2.134605884552002, -1.1561698913574219, -0.9277608394622803, -0.6938986778259277, 3.998563289642334], [0.7034355401992798, 3.98420786857605, -4.279703617095947, 3.8354570865631104, 2.180514097213745, -1.2437171936035156, 1.3725910186767578, 0.45736849308013916, 3.053905963897705, 2.406498908996582, 2.5759925842285156, 3.4872958660125732, 19.159353256225586, -2.4299495220184326, 3.0456762313842773, -0.6724136471748352, -5.260791301727295, 2.706705093383789, 1.920365333557129, -1.9057610034942627, 5.072659492492676], [1.9681878089904785, 0.623033344745636, 2.9963817596435547, 0.46519994735717773, 4.71341609954834, 1.095193862915039, 3.5670697689056396, -2.466259002685547, 2.4739983081817627, -3.2749722003936768, 2.14900541305542, 4.464805603027344, -2.4299495220184326, 16.79999542236328, 1.9669692516326904, 3.4917306900024414, 0.09385144710540771, 0.981380820274353, -5.503660202026367, 1.9910545349121094, -5.294530868530273], [1.1043238639831543, -1.9070336818695068, 0.06337341666221619, 2.0567703247070312, 0.9649823307991028, 0.3982945382595062, 2.207106351852417, 1.5542707443237305, 2.059605598449707, -3.059567451477051, 5.533933639526367, 0.27729207277297974, 3.0456762313842773, 1.9669692516326904, 17.830322265625, -1.229914903640747, 1.4996764659881592, -3.8065903186798096, -0.8462166786193848, 1.130699634552002, -1.83330237865448], [4.579799175262451, 2.0018513202667236, 2.5502192974090576, 3.499542236328125, 2.8231046199798584, 0.21182623505592346, 3.705127716064453, 1.7302638292312622, 0.5304553508758545, 1.5263899564743042, -1.5974161624908447, 2.8910293579101562, -0.6724136471748352, 3.4917306900024414, -1.229914903640747, 11.305901527404785, 1.3653688430786133, 0.6064727902412415, 4.201846122741699, -0.0464077889919281, -4.622748374938965], [1.0278000831604004, -1.418725848197937, -0.7065120339393616, 0.64068204164505, 0.38759085536003113, -5.076204299926758, 3.181013584136963, 2.6406712532043457, 0.49994221329689026, -0.42966052889823914, 2.1018741130828857, -2.134605884552002, -5.260791301727295, 0.09385143220424652, 1.4996757507324219, 1.3653684854507446, 22.559913635253906, 3.3772621154785156, -1.8182289600372314, 7.109933376312256, -4.559709072113037], [2.1769063472747803, 8.562957763671875, -2.139878511428833, 3.3573269844055176, -4.902561187744141, 1.8302857875823975, 2.14752459526062, -2.4070205688476562, -3.827954053878784, 4.530032157897949, -1.3340644836425781, -1.1561694145202637, 2.706705331802368, 0.9813807010650635, -3.806589365005493, 0.606472909450531, 3.3772621154785156, 22.542133331298828, -2.49497127532959, -2.049058437347412, -3.780355930328369], [2.464204788208008, 4.227954864501953, 2.1802306175231934, 1.9229960441589355, 0.511827826499939, -1.0912721157073975, -1.5494694709777832, 5.953400135040283, -0.7917320728302002, 3.9881246089935303, 2.5433897972106934, -0.9277611374855042, 1.9203660488128662, -5.503660202026367, -0.8462172746658325, 4.201846599578857, -1.8182289600372314, -2.49497127532959, 19.060043334960938, -3.990277051925659, -3.256401538848877], [3.4900448322296143, 1.4063177108764648, 1.5406991243362427, 0.21118290722370148, 2.3436837196350098, 3.255758762359619, 0.2442905604839325, -3.271021604537964, 3.90097975730896, 1.9011398553848267, 5.343185901641846, -0.6938988566398621, -1.9057610034942627, 1.991054892539978, 1.1307002305984497, -0.04640727490186691, 7.109933376312256, -2.049058437347412, -3.990277051925659, 21.219558715820312, 0.1880408227443695], [1.754522442817688, -3.2911031246185303, -0.28316110372543335, 3.201948881149292, 2.9656176567077637, -6.092196464538574, -9.39716911315918, -0.7461836338043213, -9.636312484741211, -13.603275299072266, 6.585590839385986, 3.998563289642334, 5.07266092300415, -5.29453182220459, -1.8333024978637695, -4.622748374938965, -4.559708595275879, -3.7803561687469482, -3.256401300430298, 0.18804144859313965, 47.48805236816406]], "type": "heatmap"}], "layout": {"template": {"data": {"histogram2dcontour": [{"type": "histogram2dcontour", "colorbar": {"outlinewidth": 0, "ticks": ""}, "colorscale": [[0.0, "#0d0887"], [0.1111111111111111, "#46039f"], [0.2222222222222222, "#7201a8"], [0.3333333333333333, "#9c179e"], [0.4444444444444444, "#bd3786"], [0.5555555555555556, "#d8576b"], [0.6666666666666666, "#ed7953"], [0.7777777777777778, "#fb9f3a"], [0.8888888888888888, "#fdca26"], [1.0, "#f0f921"]]}], "choropleth": [{"type": "choropleth", "colorbar": {"outlinewidth": 0, "ticks": ""}}], "histogram2d": [{"type": "histogram2d", "colorbar": {"outlinewidth": 0, "ticks": ""}, "colorscale": [[0.0, "#0d0887"], [0.1111111111111111, "#46039f"], [0.2222222222222222, "#7201a8"], [0.3333333333333333, "#9c179e"], [0.4444444444444444, "#bd3786"], [0.5555555555555556, "#d8576b"], [0.6666666666666666, "#ed7953"], [0.7777777777777778, "#fb9f3a"], [0.8888888888888888, "#fdca26"], [1.0, "#f0f921"]]}], "heatmap": [{"type": "heatmap", "colorbar": {"outlinewidth": 0, "ticks": ""}, "colorscale": [[0.0, "#0d0887"], [0.1111111111111111, "#46039f"], [0.2222222222222222, "#7201a8"], [0.3333333333333333, "#9c179e"], [0.4444444444444444, "#bd3786"], [0.5555555555555556, "#d8576b"], [0.6666666666666666, "#ed7953"], [0.7777777777777778, "#fb9f3a"], [0.8888888888888888, "#fdca26"], [1.0, "#f0f921"]]}], "heatmapgl": [{"type": "heatmapgl", "colorbar": {"outlinewidth": 0, "ticks": ""}, "colorscale": [[0.0, "#0d0887"], [0.1111111111111111, "#46039f"], [0.2222222222222222, "#7201a8"], [0.3333333333333333, "#9c179e"], [0.4444444444444444, "#bd3786"], [0.5555555555555556, "#d8576b"], [0.6666666666666666, "#ed7953"], [0.7777777777777778, "#fb9f3a"], [0.8888888888888888, "#fdca26"], [1.0, "#f0f921"]]}], "contourcarpet": [{"type": "contourcarpet", "colorbar": {"outlinewidth": 0, "ticks": ""}}], "contour": [{"type": "contour", "colorbar": {"outlinewidth": 0, "ticks": ""}, "colorscale": [[0.0, "#0d0887"], [0.1111111111111111, "#46039f"], [0.2222222222222222, "#7201a8"], [0.3333333333333333, "#9c179e"], [0.4444444444444444, "#bd3786"], [0.5555555555555556, "#d8576b"], [0.6666666666666666, "#ed7953"], [0.7777777777777778, "#fb9f3a"], [0.8888888888888888, "#fdca26"], [1.0, "#f0f921"]]}], "surface": [{"type": "surface", "colorbar": {"outlinewidth": 0, "ticks": ""}, "colorscale": [[0.0, "#0d0887"], [0.1111111111111111, "#46039f"], [0.2222222222222222, "#7201a8"], [0.3333333333333333, "#9c179e"], [0.4444444444444444, "#bd3786"], [0.5555555555555556, "#d8576b"], [0.6666666666666666, "#ed7953"], [0.7777777777777778, "#fb9f3a"], [0.8888888888888888, "#fdca26"], [1.0, "#f0f921"]]}], "mesh3d": [{"type": "mesh3d", "colorbar": {"outlinewidth": 0, "ticks": ""}}], "scatter": [{"fillpattern": {"fillmode": "overlay", "size": 10, "solidity": 0.2}, "type": "scatter"}], "parcoords": [{"type": "parcoords", "line": {"colorbar": {"outlinewidth": 0, "ticks": ""}}}], "scatterpolargl": [{"type": "scatterpolargl", "marker": {"colorbar": {"outlinewidth": 0, "ticks": ""}}}], "bar": [{"error_x": {"color": "#2a3f5f"}, "error_y": {"color": "#2a3f5f"}, "marker": {"line": {"color": "#E5ECF6", "width": 0.5}, "pattern": {"fillmode": "overlay", "size": 10, "solidity": 0.2}}, "type": "bar"}], "scattergeo": [{"type": "scattergeo", "marker": {"colorbar": {"outlinewidth": 0, "ticks": ""}}}], "scatterpolar": [{"type": "scatterpolar", "marker": {"colorbar": {"outlinewidth": 0, "ticks": ""}}}], "histogram": [{"marker": {"pattern": {"fillmode": "overlay", "size": 10, "solidity": 0.2}}, "type": "histogram"}], "scattergl": [{"type": "scattergl", "marker": {"colorbar": {"outlinewidth": 0, "ticks": ""}}}], "scatter3d": [{"type": "scatter3d", "line": {"colorbar": {"outlinewidth": 0, "ticks": ""}}, "marker": {"colorbar": {"outlinewidth": 0, "ticks": ""}}}], "scattermapbox": [{"type": "scattermapbox", "marker": {"colorbar": {"outlinewidth": 0, "ticks": ""}}}], "scatterternary": [{"type": "scatterternary", "marker": {"colorbar": {"outlinewidth": 0, "ticks": ""}}}], "scattercarpet": [{"type": "scattercarpet", "marker": {"colorbar": {"outlinewidth": 0, "ticks": ""}}}], "carpet": [{"aaxis": {"endlinecolor": "#2a3f5f", "gridcolor": "white", "linecolor": "white", "minorgridcolor": "white", "startlinecolor": "#2a3f5f"}, "baxis": {"endlinecolor": "#2a3f5f", "gridcolor": "white", "linecolor": "white", "minorgridcolor": "white", "startlinecolor": "#2a3f5f"}, "type": "carpet"}], "table": [{"cells": {"fill": {"color": "#EBF0F8"}, "line": {"color": "white"}}, "header": {"fill": {"color": "#C8D4E3"}, "line": {"color": "white"}}, "type": "table"}], "barpolar": [{"marker": {"line": {"color": "#E5ECF6", "width": 0.5}, "pattern": {"fillmode": "overlay", "size": 10, "solidity": 0.2}}, "type": "barpolar"}], "pie": [{"automargin": true, "type": "pie"}]}, "layout": {"autotypenumbers": "strict", "colorway": ["#636efa", "#EF553B", "#00cc96", "#ab63fa", "#FFA15A", "#19d3f3", "#FF6692", "#B6E880", "#FF97FF", "#FECB52"], "font": {"color": "#2a3f5f"}, "hovermode": "closest", "hoverlabel": {"align": "left"}, "paper_bgcolor": "white", "plot_bgcolor": "#E5ECF6", "polar": {"bgcolor": "#E5ECF6", "angularaxis": {"gridcolor": "white", "linecolor": "white", "ticks": ""}, "radialaxis": {"gridcolor": "white", "linecolor": "white", "ticks": ""}}, "ternary": {"bgcolor": "#E5ECF6", "aaxis": {"gridcolor": "white", "linecolor": "white", "ticks": ""}, "baxis": {"gridcolor": "white", "linecolor": "white", "ticks": ""}, "caxis": {"gridcolor": "white", "linecolor": "white", "ticks": ""}}, "coloraxis": {"colorbar": {"outlinewidth": 0, "ticks": ""}}, "colorscale": {"sequential": [[0.0, "#0d0887"], [0.1111111111111111, "#46039f"], [0.2222222222222222, "#7201a8"], [0.3333333333333333, "#9c179e"], [0.4444444444444444, "#bd3786"], [0.5555555555555556, "#d8576b"], [0.6666666666666666, "#ed7953"], [0.7777777777777778, "#fb9f3a"], [0.8888888888888888, "#fdca26"], [1.0, "#f0f921"]], "sequentialminus": [[0.0, "#0d0887"], [0.1111111111111111, "#46039f"], [0.2222222222222222, "#7201a8"], [0.3333333333333333, "#9c179e"], [0.4444444444444444, "#bd3786"], [0.5555555555555556, "#d8576b"], [0.6666666666666666, "#ed7953"], [0.7777777777777778, "#fb9f3a"], [0.8888888888888888, "#fdca26"], [1.0, "#f0f921"]], "diverging": [[0, "#8e0152"], [0.1, "#c51b7d"], [0.2, "#de77ae"], [0.3, "#f1b6da"], [0.4, "#fde0ef"], [0.5, "#f7f7f7"], [0.6, "#e6f5d0"], [0.7, "#b8e186"], [0.8, "#7fbc41"], [0.9, "#4d9221"], [1, "#276419"]]}, "xaxis": {"gridcolor": "white", "linecolor": "white", "ticks": "", "title": {"standoff": 15}, "zerolinecolor": "white", "automargin": true, "zerolinewidth": 2}, "yaxis": {"gridcolor": "white", "linecolor": "white", "ticks": "", "title": {"standoff": 15}, "zerolinecolor": "white", "automargin": true, "zerolinewidth": 2}, "scene": {"xaxis": {"backgroundcolor": "#E5ECF6", "gridcolor": "white", "linecolor": "white", "showbackground": true, "ticks": "", "zerolinecolor": "white", "gridwidth": 2}, "yaxis": {"backgroundcolor": "#E5ECF6", "gridcolor": "white", "linecolor": "white", "showbackground": true, "ticks": "", "zerolinecolor": "white", "gridwidth": 2}, "zaxis": {"backgroundcolor": "#E5ECF6", "gridcolor": "white", "linecolor": "white", "showbackground": true, "ticks": "", "zerolinecolor": "white", "gridwidth": 2}}, "shapedefaults": {"line": {"color": "#2a3f5f"}}, "annotationdefaults": {"arrowcolor": "#2a3f5f", "arrowhead": 0, "arrowwidth": 1}, "geo": {"bgcolor": "white", "landcolor": "#E5ECF6", "subunitcolor": "white", "showland": true, "showlakes": true, "lakecolor": "white"}, "title": {"x": 0.05}, "mapbox": {"style": "light"}}}}}