{"data": [{"z": [[23.567405700683594, 1.825942873954773, 0.9930722117424011, -0.3341866433620453, 6.71110725402832, -1.2764521837234497, -0.3771534264087677, 3.889143705368042, 1.6745620965957642, -4.5410475730896, 5.161768436431885, -0.5710978507995605, 0.733176589012146, 1.9407232999801636, 1.0512574911117554, 4.559000015258789, 0.9820941686630249, 2.198016881942749, 2.479853391647339, 3.5176186561584473, 1.762256383895874], [1.825942873954773, 16.917299270629883, -1.9330596923828125, 0.9704623818397522, -1.7756903171539307, 0.8007805347442627, -0.11630766093730927, 0.11169803142547607, -1.5375981330871582, 5.279007434844971, 1.283187747001648, -3.024794578552246, 4.025145053863525, 0.6034025549888611, -1.963689923286438, 1.930226445198059, -1.4830433130264282, 8.568443298339844, 4.236023902893066, 1.3979313373565674, -3.2619147300720215], [0.9930722117424011, -1.9330596923828125, 21.920888900756836, 3.891237497329712, 2.589033603668213, 2.631951332092285, 6.016076564788818, -3.401289463043213, 0.21616491675376892, 1.1130932569503784, 1.5775128602981567, 5.881150722503662, -4.23166036605835, 2.985813856124878, 0.06764408946037292, 2.526263952255249, -0.7348114252090454, -2.157400369644165, 2.2318172454833984, 1.5463407039642334, -0.2999805212020874], [-0.3341866433620453, 0.9704623818397522, 3.891237497329712, 24.36711883544922, 2.1558632850646973, 3.0787017345428467, 2.7484652996063232, -4.614384174346924, -5.815369606018066, 5.87854528427124, 11.468101501464844, -3.033025026321411, 3.8199663162231445, 0.4209023118019104, 2.0205113887786865, 3.4825708866119385, 0.6061537265777588, 3.393547534942627, 1.8645973205566406, 0.16433405876159668, 3.223893642425537], [6.71110725402832, -1.7756903171539307, 2.589033603668213, 2.1558632850646973, 14.182418823242188, -1.9237620830535889, 3.8240749835968018, 2.7529258728027344, 1.856685757637024, -1.6049864292144775, 3.236590623855591, -0.6450129151344299, 2.2055726051330566, 4.695211410522461, 0.9455209374427795, 2.8119359016418457, 0.35091346502304077, -4.9516730308532715, 0.4962056875228882, 2.328977346420288, 3.034133195877075], [-1.2764521837234497, 0.8007805347442627, 2.631951332092285, 3.0787017345428467, -1.9237620830535889, 20.862516403198242, -0.42407742142677307, 0.29186058044433594, 3.4019360542297363, 4.0497941970825195, 1.1329761743545532, -2.014617443084717, -1.2535772323608398, 1.108906626701355, 0.35148876905441284, 0.1697009950876236, -5.125309944152832, 1.8668562173843384, -1.162219524383545, 3.2794361114501953, -6.131497859954834], [-0.3771534264087677, -0.11630766093730927, 6.016076564788818, 2.7484652996063232, 3.8240749835968018, -0.42407742142677307, 17.1809139251709, 1.2759385108947754, 1.3370933532714844, 2.4271883964538574, -1.3139982223510742, 2.8370907306671143, 1.4131056070327759, 3.52585768699646, 2.1797702312469482, 3.6884818077087402, 3.1498937606811523, 2.1672003269195557, -1.6003284454345703, 0.2433706521987915, -9.394718170166016], [3.889143705368042, 0.11169803142547607, -3.401289463043213, -4.614384174346924, 2.7529258728027344, 0.29186058044433594, 1.2759385108947754, 18.691726684570312, 3.4273393154144287, -0.44728362560272217, -2.498256206512451, -3.1628048419952393, 0.5003214478492737, -2.5140798091888428, 1.5831085443496704, 1.7524172067642212, 2.605168581008911, -2.4154629707336426, 5.958618640899658, -3.3337790966033936, -0.7388589382171631], [1.6745620965957642, -1.5375981330871582, 0.21616491675376892, -5.815369606018066, 1.856685757637024, 3.4019360542297363, 1.3370933532714844, 3.4273393154144287, 18.292985916137695, 2.683116912841797, -5.123644828796387, 0.35036513209342957, 3.1188852787017822, 2.478912115097046, 1.990649700164795, 0.46208059787750244, 0.4662923216819763, -3.8675079345703125, -0.8041348457336426, 3.963421583175659, -9.594191551208496], [-4.5410475730896, 5.279007434844971, 1.1130932569503784, 5.87854528427124, -1.6049864292144775, 4.0497941970825195, 2.4271883964538574, -0.44728362560272217, 2.683116912841797, 18.94462013244629, -2.777491807937622, -4.056408882141113, 2.453873634338379, -3.295295476913452, -3.138070821762085, 1.4354480504989624, -0.45187580585479736, 4.51649808883667, 3.9747629165649414, 1.8961412906646729, -13.607114791870117], [5.161768436431885, 1.283187747001648, 1.5775128602981567, 11.468101501464844, 3.236590623855591, 1.1329761743545532, -1.3139982223510742, -2.498256206512451, -5.123644828796387, -2.777491807937622, 17.911964416503906, -1.7824950218200684, 2.5694408416748047, 2.1178832054138184, 5.52768611907959, -1.6826525926589966, 2.047618865966797, -1.399319052696228, 2.5625412464141846, 5.287443161010742, 6.7255120277404785], [-0.5710978507995605, -3.024794578552246, 5.881150722503662, -3.033025026321411, -0.6450129151344299, -2.014617443084717, 2.8370907306671143, -3.1628048419952393, 0.35036513209342957, -4.056408882141113, -1.7824950218200684, 21.474626541137695, 3.4676496982574463, 4.436189651489258, 0.21934162080287933, 2.8934648036956787, -2.2136950492858887, -1.1655325889587402, -1.0224337577819824, -0.7552757263183594, 4.087255001068115], [0.733176589012146, 4.025145053863525, -4.23166036605835, 3.8199663162231445, 2.2055726051330566, -1.2535772323608398, 1.4131056070327759, 0.5003214478492737, 3.1188852787017822, 2.453873634338379, 2.5694408416748047, 3.4676496982574463, 19.3621826171875, -2.4740962982177734, 3.0735268592834473, -0.6873571276664734, -5.340428829193115, 2.7434887886047363, 1.9543733596801758, -1.9309451580047607, 5.00384521484375], [1.9407232999801636, 0.6034025549888611, 2.985813856124878, 0.4209023118019104, 4.695211410522461, 1.108906626701355, 3.52585768699646, -2.5140798091888428, 2.478912115097046, -3.295295476913452, 2.1178832054138184, 4.436189651489258, -2.4740962982177734, 16.900423049926758, 1.9563093185424805, 3.499022960662842, 0.07456707954406738, 1.0221656560897827, -5.586997032165527, 1.9478521347045898, -5.335669040679932], [1.0512574911117554, -1.963689923286438, 0.06764408946037292, 2.0205113887786865, 0.9455209374427795, 0.35148876905441284, 2.1797702312469482, 1.5831085443496704, 1.990649700164795, -3.138070821762085, 5.52768611907959, 0.21934162080287933, 3.0735268592834473, 1.9563093185424805, 17.825481414794922, -1.2817586660385132, 1.457093358039856, -3.8513259887695312, -0.897240400314331, 1.0988194942474365, -1.7884055376052856], [4.559000015258789, 1.930226445198059, 2.526263952255249, 3.4825708866119385, 2.8119359016418457, 0.1697009950876236, 3.6884818077087402, 1.7524172067642212, 0.46208059787750244, 1.4354480504989624, -1.6826525926589966, 2.8934648036956787, -0.6873571276664734, 3.499022960662842, -1.2817586660385132, 11.283374786376953, 1.2958099842071533, 0.5598093271255493, 4.1631693840026855, -0.1316043734550476, -4.540104389190674], [0.9820945858955383, -1.4830434322357178, -0.7348118424415588, 0.6061533689498901, 0.3509131669998169, -5.125309467315674, 3.1498935222625732, 2.605168342590332, 0.46629223227500916, -0.45187604427337646, 2.047619104385376, -2.2136948108673096, -5.340427875518799, 0.07456746697425842, 1.4570930004119873, 1.2958093881607056, 22.600095748901367, 3.3993594646453857, -1.8579773902893066, 7.106990814208984, -4.56273889541626], [2.198017120361328, 8.568445205688477, -2.157400131225586, 3.393548011779785, -4.951672554016113, 1.8668560981750488, 2.1672003269195557, -2.4154632091522217, -3.8675079345703125, 4.51649808883667, -1.3993184566497803, -1.1655328273773193, 2.7434892654418945, 1.0221658945083618, -3.851325750350952, 0.5598090291023254, 3.3993594646453857, 22.627954483032227, -2.5256166458129883, -2.078791379928589, -3.7730939388275146], [2.4798543453216553, 4.236023426055908, 2.231816530227661, 1.8645974397659302, 0.4962056577205658, -1.1622192859649658, -1.6003283262252808, 5.9586181640625, -0.8041345477104187, 3.9747626781463623, 2.5625414848327637, -1.0224334001541138, 1.954374074935913, -5.5869975090026855, -0.897240936756134, 4.163170337677002, -1.8579773902893066, -2.5256166458129883, 19.122013092041016, -4.021447658538818, -3.2736730575561523], [3.5176188945770264, 1.3979313373565674, 1.5463403463363647, 0.16433361172676086, 2.3289778232574463, 3.279435873031616, 0.2433706670999527, -3.3337786197662354, 3.9634220600128174, 1.8961412906646729, 5.287442684173584, -0.7552752494812012, -1.930944800376892, 1.947852611541748, 1.098819375038147, -0.13160431385040283, 7.106990814208984, -2.078791379928589, -4.021447658538818, 21.32546615600586, 0.19383195042610168], [1.7622566223144531, -3.261914014816284, -0.2999803423881531, 3.2238941192626953, 3.034132719039917, -6.131497859954834, -9.394719123840332, -0.738858699798584, -9.594191551208496, -13.6071138381958, 6.72551155090332, 4.087255001068115, 5.00384521484375, -5.335668563842773, -1.788405179977417, -4.540103912353516, -4.56273889541626, -3.773094415664673, -3.2736728191375732, 0.1938319206237793, 47.48805236816406]], "type": "heatmap"}], "layout": {"template": {"data": {"histogram2dcontour": [{"type": "histogram2dcontour", "colorbar": {"outlinewidth": 0, "ticks": ""}, "colorscale": [[0.0, "#0d0887"], [0.1111111111111111, "#46039f"], [0.2222222222222222, "#7201a8"], [0.3333333333333333, "#9c179e"], [0.4444444444444444, "#bd3786"], [0.5555555555555556, "#d8576b"], [0.6666666666666666, "#ed7953"], [0.7777777777777778, "#fb9f3a"], [0.8888888888888888, "#fdca26"], [1.0, "#f0f921"]]}], "choropleth": [{"type": "choropleth", "colorbar": {"outlinewidth": 0, "ticks": ""}}], "histogram2d": [{"type": "histogram2d", "colorbar": {"outlinewidth": 0, "ticks": ""}, "colorscale": [[0.0, "#0d0887"], [0.1111111111111111, "#46039f"], [0.2222222222222222, "#7201a8"], [0.3333333333333333, "#9c179e"], [0.4444444444444444, "#bd3786"], [0.5555555555555556, "#d8576b"], [0.6666666666666666, "#ed7953"], [0.7777777777777778, "#fb9f3a"], [0.8888888888888888, "#fdca26"], [1.0, "#f0f921"]]}], "heatmap": [{"type": "heatmap", "colorbar": {"outlinewidth": 0, "ticks": ""}, "colorscale": [[0.0, "#0d0887"], [0.1111111111111111, "#46039f"], [0.2222222222222222, "#7201a8"], [0.3333333333333333, "#9c179e"], [0.4444444444444444, "#bd3786"], [0.5555555555555556, "#d8576b"], [0.6666666666666666, "#ed7953"], [0.7777777777777778, "#fb9f3a"], [0.8888888888888888, "#fdca26"], [1.0, "#f0f921"]]}], "heatmapgl": [{"type": "heatmapgl", "colorbar": {"outlinewidth": 0, "ticks": ""}, "colorscale": [[0.0, "#0d0887"], [0.1111111111111111, "#46039f"], [0.2222222222222222, "#7201a8"], [0.3333333333333333, "#9c179e"], [0.4444444444444444, "#bd3786"], [0.5555555555555556, "#d8576b"], [0.6666666666666666, "#ed7953"], [0.7777777777777778, "#fb9f3a"], [0.8888888888888888, "#fdca26"], [1.0, "#f0f921"]]}], "contourcarpet": [{"type": "contourcarpet", "colorbar": {"outlinewidth": 0, "ticks": ""}}], "contour": [{"type": "contour", "colorbar": {"outlinewidth": 0, "ticks": ""}, "colorscale": [[0.0, "#0d0887"], [0.1111111111111111, "#46039f"], [0.2222222222222222, "#7201a8"], [0.3333333333333333, "#9c179e"], [0.4444444444444444, "#bd3786"], [0.5555555555555556, "#d8576b"], [0.6666666666666666, "#ed7953"], [0.7777777777777778, "#fb9f3a"], [0.8888888888888888, "#fdca26"], [1.0, "#f0f921"]]}], "surface": [{"type": "surface", "colorbar": {"outlinewidth": 0, "ticks": ""}, "colorscale": [[0.0, "#0d0887"], [0.1111111111111111, "#46039f"], [0.2222222222222222, "#7201a8"], [0.3333333333333333, "#9c179e"], [0.4444444444444444, "#bd3786"], [0.5555555555555556, "#d8576b"], [0.6666666666666666, "#ed7953"], [0.7777777777777778, "#fb9f3a"], [0.8888888888888888, "#fdca26"], [1.0, "#f0f921"]]}], "mesh3d": [{"type": "mesh3d", "colorbar": {"outlinewidth": 0, "ticks": ""}}], "scatter": [{"fillpattern": {"fillmode": "overlay", "size": 10, "solidity": 0.2}, "type": "scatter"}], "parcoords": [{"type": "parcoords", "line": {"colorbar": {"outlinewidth": 0, "ticks": ""}}}], "scatterpolargl": [{"type": "scatterpolargl", "marker": {"colorbar": {"outlinewidth": 0, "ticks": ""}}}], "bar": [{"error_x": {"color": "#2a3f5f"}, "error_y": {"color": "#2a3f5f"}, "marker": {"line": {"color": "#E5ECF6", "width": 0.5}, "pattern": {"fillmode": "overlay", "size": 10, "solidity": 0.2}}, "type": "bar"}], "scattergeo": [{"type": "scattergeo", "marker": {"colorbar": {"outlinewidth": 0, "ticks": ""}}}], "scatterpolar": [{"type": "scatterpolar", "marker": {"colorbar": {"outlinewidth": 0, "ticks": ""}}}], "histogram": [{"marker": {"pattern": {"fillmode": "overlay", "size": 10, "solidity": 0.2}}, "type": "histogram"}], "scattergl": [{"type": "scattergl", "marker": {"colorbar": {"outlinewidth": 0, "ticks": ""}}}], "scatter3d": [{"type": "scatter3d", "line": {"colorbar": {"outlinewidth": 0, "ticks": ""}}, "marker": {"colorbar": {"outlinewidth": 0, "ticks": ""}}}], "scattermapbox": [{"type": "scattermapbox", "marker": {"colorbar": {"outlinewidth": 0, "ticks": ""}}}], "scatterternary": [{"type": "scatterternary", "marker": {"colorbar": {"outlinewidth": 0, "ticks": ""}}}], "scattercarpet": [{"type": "scattercarpet", "marker": {"colorbar": {"outlinewidth": 0, "ticks": ""}}}], "carpet": [{"aaxis": {"endlinecolor": "#2a3f5f", "gridcolor": "white", "linecolor": "white", "minorgridcolor": "white", "startlinecolor": "#2a3f5f"}, "baxis": {"endlinecolor": "#2a3f5f", "gridcolor": "white", "linecolor": "white", "minorgridcolor": "white", "startlinecolor": "#2a3f5f"}, "type": "carpet"}], "table": [{"cells": {"fill": {"color": "#EBF0F8"}, "line": {"color": "white"}}, "header": {"fill": {"color": "#C8D4E3"}, "line": {"color": "white"}}, "type": "table"}], "barpolar": [{"marker": {"line": {"color": "#E5ECF6", "width": 0.5}, "pattern": {"fillmode": "overlay", "size": 10, "solidity": 0.2}}, "type": "barpolar"}], "pie": [{"automargin": true, "type": "pie"}]}, "layout": {"autotypenumbers": "strict", "colorway": ["#636efa", "#EF553B", "#00cc96", "#ab63fa", "#FFA15A", "#19d3f3", "#FF6692", "#B6E880", "#FF97FF", "#FECB52"], "font": {"color": "#2a3f5f"}, "hovermode": "closest", "hoverlabel": {"align": "left"}, "paper_bgcolor": "white", "plot_bgcolor": "#E5ECF6", "polar": {"bgcolor": "#E5ECF6", "angularaxis": {"gridcolor": "white", "linecolor": "white", "ticks": ""}, "radialaxis": {"gridcolor": "white", "linecolor": "white", "ticks": ""}}, "ternary": {"bgcolor": "#E5ECF6", "aaxis": {"gridcolor": "white", "linecolor": "white", "ticks": ""}, "baxis": {"gridcolor": "white", "linecolor": "white", "ticks": ""}, "caxis": {"gridcolor": "white", "linecolor": "white", "ticks": ""}}, "coloraxis": {"colorbar": {"outlinewidth": 0, "ticks": ""}}, "colorscale": {"sequential": [[0.0, "#0d0887"], [0.1111111111111111, "#46039f"], [0.2222222222222222, "#7201a8"], [0.3333333333333333, "#9c179e"], [0.4444444444444444, "#bd3786"], [0.5555555555555556, "#d8576b"], [0.6666666666666666, "#ed7953"], [0.7777777777777778, "#fb9f3a"], [0.8888888888888888, "#fdca26"], [1.0, "#f0f921"]], "sequentialminus": [[0.0, "#0d0887"], [0.1111111111111111, "#46039f"], [0.2222222222222222, "#7201a8"], [0.3333333333333333, "#9c179e"], [0.4444444444444444, "#bd3786"], [0.5555555555555556, "#d8576b"], [0.6666666666666666, "#ed7953"], [0.7777777777777778, "#fb9f3a"], [0.8888888888888888, "#fdca26"], [1.0, "#f0f921"]], "diverging": [[0, "#8e0152"], [0.1, "#c51b7d"], [0.2, "#de77ae"], [0.3, "#f1b6da"], [0.4, "#fde0ef"], [0.5, "#f7f7f7"], [0.6, "#e6f5d0"], [0.7, "#b8e186"], [0.8, "#7fbc41"], [0.9, "#4d9221"], [1, "#276419"]]}, "xaxis": {"gridcolor": "white", "linecolor": "white", "ticks": "", "title": {"standoff": 15}, "zerolinecolor": "white", "automargin": true, "zerolinewidth": 2}, "yaxis": {"gridcolor": "white", "linecolor": "white", "ticks": "", "title": {"standoff": 15}, "zerolinecolor": "white", "automargin": true, "zerolinewidth": 2}, "scene": {"xaxis": {"backgroundcolor": "#E5ECF6", "gridcolor": "white", "linecolor": "white", "showbackground": true, "ticks": "", "zerolinecolor": "white", "gridwidth": 2}, "yaxis": {"backgroundcolor": "#E5ECF6", "gridcolor": "white", "linecolor": "white", "showbackground": true, "ticks": "", "zerolinecolor": "white", "gridwidth": 2}, "zaxis": {"backgroundcolor": "#E5ECF6", "gridcolor": "white", "linecolor": "white", "showbackground": true, "ticks": "", "zerolinecolor": "white", "gridwidth": 2}}, "shapedefaults": {"line": {"color": "#2a3f5f"}}, "annotationdefaults": {"arrowcolor": "#2a3f5f", "arrowhead": 0, "arrowwidth": 1}, "geo": {"bgcolor": "white", "landcolor": "#E5ECF6", "subunitcolor": "white", "showland": true, "showlakes": true, "lakecolor": "white"}, "title": {"x": 0.05}, "mapbox": {"style": "light"}}}}}