{"data": [{"z": [[23.398571014404297, 1.8881566524505615, 0.9238743782043457, -0.32999497652053833, 6.67920446395874, -1.277673363685608, -0.35806402564048767, 3.877821683883667, 1.6621488332748413, -4.482481956481934, 5.162181377410889, -0.4943949282169342, 0.6771457195281982, 1.9596554040908813, 1.0673766136169434, 4.609461784362793, 1.0294544696807861, 2.178642749786377, 2.4049203395843506, 3.468552589416504, 1.7508320808410645], [1.8881566524505615, 16.960987091064453, -1.9125345945358276, 1.0544757843017578, -1.7110087871551514, 0.8637998700141907, -0.11803190410137177, 0.12055229395627975, -1.469054937362671, 5.308728218078613, 1.3506498336791992, -2.9725046157836914, 4.015644073486328, 0.6228235363960266, -1.89327871799469, 2.070690393447876, -1.414546012878418, 8.555242538452148, 4.255004405975342, 1.428603172302246, -3.307462692260742], [0.9238743782043457, -1.9125345945358276, 21.776044845581055, 3.820737838745117, 2.552215337753296, 2.576061964035034, 5.935200214385986, -3.4656379222869873, 0.20563751459121704, 1.0657403469085693, 1.581308364868164, 5.906376361846924, -4.2848005294799805, 2.9657039642333984, 0.035491276532411575, 2.568138360977173, -0.7222110033035278, -2.1595914363861084, 2.1415905952453613, 1.5184283256530762, -0.25288403034210205], [-0.32999497652053833, 1.0544757843017578, 3.820737838745117, 24.331172943115234, 2.1262974739074707, 3.1165614128112793, 2.777092456817627, -4.584403991699219, -5.765939235687256, 5.885085582733154, 11.418415069580078, -2.9363393783569336, 3.83548641204834, 0.44081413745880127, 2.0288407802581787, 3.5219526290893555, 0.6337456703186035, 3.35064435005188, 1.887495517730713, 0.1998915672302246, 3.218567371368408], [6.67920446395874, -1.7110087871551514, 2.552215337753296, 2.1262974739074707, 14.13288402557373, -1.920003890991211, 3.7781906127929688, 2.684206247329712, 1.8846931457519531, -1.5250087976455688, 3.196043014526367, -0.6260917782783508, 2.1722207069396973, 4.690059661865234, 0.9452055096626282, 2.8329358100891113, 0.36948180198669434, -4.9187421798706055, 0.48133838176727295, 2.325214147567749, 2.9943830966949463], [-1.277673363685608, 0.8637998700141907, 2.576061964035034, 3.1165614128112793, -1.920003890991211, 20.778133392333984, -0.3856238126754761, 0.3361111879348755, 3.351292848587036, 4.056701183319092, 1.1918003559112549, -1.8903212547302246, -1.2360851764678955, 1.0768920183181763, 0.3792963922023773, 0.25745370984077454, -5.0879106521606445, 1.82357656955719, -1.1303164958953857, 3.2598438262939453, -6.085118293762207], [-0.35806402564048767, -0.11803190410137177, 5.935200214385986, 2.777092456817627, 3.7781906127929688, -0.3856238126754761, 17.14905548095703, 1.3037556409835815, 1.367091417312622, 2.4321751594543457, -1.2725348472595215, 2.88665509223938, 1.379325032234192, 3.562152862548828, 2.1889760494232178, 3.735945463180542, 3.172482967376709, 2.1419029235839844, -1.5700550079345703, 0.24159419536590576, -9.407767295837402], [3.877821683883667, 0.12055229395627975, -3.4656379222869873, -4.584403991699219, 2.684206247329712, 0.3361111879348755, 1.3037556409835815, 18.592622756958008, 3.3707966804504395, -0.42484593391418457, -2.5021355152130127, -3.0857675075531006, 0.456854909658432, -2.494415760040283, 1.5225971937179565, 1.7446900606155396, 2.625114917755127, -2.409961223602295, 5.932085990905762, -3.2793829441070557, -0.7370116114616394], [1.6621488332748413, -1.469054937362671, 0.20563751459121704, -5.765939235687256, 1.8846931457519531, 3.351292848587036, 1.367091417312622, 3.3707966804504395, 18.228944778442383, 2.684776544570923, -5.00766134262085, 0.3673171401023865, 3.0759925842285156, 2.4534223079681396, 2.0520617961883545, 0.5741091370582581, 0.4957759976387024, -3.838864803314209, -0.8061296939849854, 3.9169561862945557, -9.632323265075684], [-4.482481956481934, 5.308728218078613, 1.0657403469085693, 5.885085582733154, -1.5250087976455688, 4.056701183319092, 2.4321751594543457, -0.42484593391418457, 2.684776544570923, 18.875186920166016, -2.6624600887298584, -3.996760606765747, 2.407586097717285, -3.2953686714172363, -3.084852457046509, 1.551215648651123, -0.44019365310668945, 4.522939682006836, 3.9526760578155518, 1.896223545074463, -13.592609405517578], [5.162181377410889, 1.3506498336791992, 1.581308364868164, 11.418415069580078, 3.196043014526367, 1.1918003559112549, -1.2725348472595215, -2.5021355152130127, -5.00766134262085, -2.6624600887298584, 17.84345817565918, -1.759209156036377, 2.5765066146850586, 2.136270046234131, 5.523134231567383, -1.5913519859313965, 2.0851781368255615, -1.3524316549301147, 2.526961326599121, 5.328189373016357, 6.604176044464111], [-0.4943949282169342, -2.9725046157836914, 5.906376361846924, -2.9363393783569336, -0.6260917782783508, -1.8903212547302246, 2.88665509223938, -3.0857675075531006, 0.3673171401023865, -3.996760606765747, -1.759209156036377, 21.442806243896484, 3.4782819747924805, 4.443639755249023, 0.2576550841331482, 2.9140625, -2.1416401863098145, -1.1654119491577148, -0.9345959424972534, -0.708343505859375, 4.017491340637207], [0.6771457195281982, 4.015644073486328, -4.2848005294799805, 3.83548641204834, 2.1722207069396973, -1.2360851764678955, 1.379325032234192, 0.456854909658432, 3.0759925842285156, 2.407586097717285, 2.5765066146850586, 3.4782819747924805, 19.181238174438477, -2.436739683151245, 3.0299391746520996, -0.6404841542243958, -5.271730899810791, 2.702244997024536, 1.9042809009552002, -1.9090064764022827, 5.0556230545043945], [1.9596554040908813, 0.6228235363960266, 2.9657039642333984, 0.44081413745880127, 4.690059661865234, 1.0768920183181763, 3.562152862548828, -2.494415760040283, 2.4534223079681396, -3.2953686714172363, 2.136270046234131, 4.443639755249023, -2.436739683151245, 16.79503631591797, 1.9530296325683594, 3.483961582183838, 0.07897746562957764, 0.9725714921951294, -5.540992736816406, 1.9749197959899902, -5.291222095489502], [1.0673766136169434, -1.89327871799469, 0.035491276532411575, 2.0288407802581787, 0.9452055096626282, 0.3792963922023773, 2.1889760494232178, 1.5225971937179565, 2.0520617961883545, -3.084852457046509, 5.523134231567383, 0.2576550841331482, 3.0299391746520996, 1.9530296325683594, 17.797687530517578, -1.2164039611816406, 1.484144687652588, -3.816180467605591, -0.8767786026000977, 1.12813138961792, -1.8152806758880615], [4.609461784362793, 2.070690393447876, 2.568138360977173, 3.5219526290893555, 2.8329358100891113, 0.25745370984077454, 3.735945463180542, 1.7446900606155396, 0.5741091370582581, 1.551215648651123, -1.5913519859313965, 2.9140625, -0.6404841542243958, 3.483961582183838, -1.2164039611816406, 11.388267517089844, 1.3655602931976318, 0.6171769499778748, 4.220682144165039, -0.011334240436553955, -4.657660007476807], [1.0294538736343384, -1.4145458936691284, -0.7222109436988831, 0.6337458491325378, 0.36948198080062866, -5.0879106521606445, 3.1724836826324463, 2.625115156173706, 0.49577614665031433, -0.44019344449043274, 2.0851781368255615, -2.1416406631469727, -5.271730422973633, 0.07897764444351196, 1.484144687652588, 1.36556077003479, 22.5577392578125, 3.3727965354919434, -1.8341749906539917, 7.114178657531738, -4.553812026977539], [2.178642988204956, 8.555242538452148, -2.1595921516418457, 3.350644588470459, -4.918742656707764, 1.82357656955719, 2.1419026851654053, -2.4099607467651367, -3.838865041732788, 4.522940158843994, -1.3524318933486938, -1.1654117107391357, 2.7022459506988525, 0.9725714921951294, -3.816181182861328, 0.6171771883964539, 3.3727965354919434, 22.54254150390625, -2.5058770179748535, -2.0593442916870117, -3.770963668823242], [2.4049205780029297, 4.255003929138184, 2.141589879989624, 1.887495994567871, 0.4813382029533386, -1.1303167343139648, -1.5700552463531494, 5.93208646774292, -0.8061297535896301, 3.9526755809783936, 2.526961326599121, -0.9345958828926086, 1.9042809009552002, -5.540992736816406, -0.8767780661582947, 4.2206830978393555, -1.8341749906539917, -2.5058770179748535, 19.034141540527344, -4.01814079284668, -3.2279937267303467], [3.4685521125793457, 1.4286037683486938, 1.5184284448623657, 0.19989146292209625, 2.3252155780792236, 3.259843587875366, 0.24159425497055054, -3.279383420944214, 3.9169561862945557, 1.8962236642837524, 5.328189373016357, -0.7083433270454407, -1.9090067148208618, 1.9749194383621216, 1.1281318664550781, -0.011333921924233437, 7.114178657531738, -2.0593442916870117, -4.01814079284668, 21.21982765197754, 0.18359211087226868], [1.7508323192596436, -3.307462692260742, -0.2528842091560364, 3.218567371368408, 2.994382381439209, -6.085118770599365, -9.407768249511719, -0.7370120286941528, -9.63232421875, -13.592610359191895, 6.604175567626953, 4.017491340637207, 5.055624008178711, -5.29122257232666, -1.815280556678772, -4.657660484313965, -4.553812503814697, -3.770963430404663, -3.2279937267303467, 0.1835923194885254, 47.48805236816406]], "type": "heatmap"}], "layout": {"template": {"data": {"histogram2dcontour": [{"type": "histogram2dcontour", "colorbar": {"outlinewidth": 0, "ticks": ""}, "colorscale": [[0.0, "#0d0887"], [0.1111111111111111, "#46039f"], [0.2222222222222222, "#7201a8"], [0.3333333333333333, "#9c179e"], [0.4444444444444444, "#bd3786"], [0.5555555555555556, "#d8576b"], [0.6666666666666666, "#ed7953"], [0.7777777777777778, "#fb9f3a"], [0.8888888888888888, "#fdca26"], [1.0, "#f0f921"]]}], "choropleth": [{"type": "choropleth", "colorbar": {"outlinewidth": 0, "ticks": ""}}], "histogram2d": [{"type": "histogram2d", "colorbar": {"outlinewidth": 0, "ticks": ""}, "colorscale": [[0.0, "#0d0887"], [0.1111111111111111, "#46039f"], [0.2222222222222222, "#7201a8"], [0.3333333333333333, "#9c179e"], [0.4444444444444444, "#bd3786"], [0.5555555555555556, "#d8576b"], [0.6666666666666666, "#ed7953"], [0.7777777777777778, "#fb9f3a"], [0.8888888888888888, "#fdca26"], [1.0, "#f0f921"]]}], "heatmap": [{"type": "heatmap", "colorbar": {"outlinewidth": 0, "ticks": ""}, "colorscale": [[0.0, "#0d0887"], [0.1111111111111111, "#46039f"], [0.2222222222222222, "#7201a8"], [0.3333333333333333, "#9c179e"], [0.4444444444444444, "#bd3786"], [0.5555555555555556, "#d8576b"], [0.6666666666666666, "#ed7953"], [0.7777777777777778, "#fb9f3a"], [0.8888888888888888, "#fdca26"], [1.0, "#f0f921"]]}], "heatmapgl": [{"type": "heatmapgl", "colorbar": {"outlinewidth": 0, "ticks": ""}, "colorscale": [[0.0, "#0d0887"], [0.1111111111111111, "#46039f"], [0.2222222222222222, "#7201a8"], [0.3333333333333333, "#9c179e"], [0.4444444444444444, "#bd3786"], [0.5555555555555556, "#d8576b"], [0.6666666666666666, "#ed7953"], [0.7777777777777778, "#fb9f3a"], [0.8888888888888888, "#fdca26"], [1.0, "#f0f921"]]}], "contourcarpet": [{"type": "contourcarpet", "colorbar": {"outlinewidth": 0, "ticks": ""}}], "contour": [{"type": "contour", "colorbar": {"outlinewidth": 0, "ticks": ""}, "colorscale": [[0.0, "#0d0887"], [0.1111111111111111, "#46039f"], [0.2222222222222222, "#7201a8"], [0.3333333333333333, "#9c179e"], [0.4444444444444444, "#bd3786"], [0.5555555555555556, "#d8576b"], [0.6666666666666666, "#ed7953"], [0.7777777777777778, "#fb9f3a"], [0.8888888888888888, "#fdca26"], [1.0, "#f0f921"]]}], "surface": [{"type": "surface", "colorbar": {"outlinewidth": 0, "ticks": ""}, "colorscale": [[0.0, "#0d0887"], [0.1111111111111111, "#46039f"], [0.2222222222222222, "#7201a8"], [0.3333333333333333, "#9c179e"], [0.4444444444444444, "#bd3786"], [0.5555555555555556, "#d8576b"], [0.6666666666666666, "#ed7953"], [0.7777777777777778, "#fb9f3a"], [0.8888888888888888, "#fdca26"], [1.0, "#f0f921"]]}], "mesh3d": [{"type": "mesh3d", "colorbar": {"outlinewidth": 0, "ticks": ""}}], "scatter": [{"fillpattern": {"fillmode": "overlay", "size": 10, "solidity": 0.2}, "type": "scatter"}], "parcoords": [{"type": "parcoords", "line": {"colorbar": {"outlinewidth": 0, "ticks": ""}}}], "scatterpolargl": [{"type": "scatterpolargl", "marker": {"colorbar": {"outlinewidth": 0, "ticks": ""}}}], "bar": [{"error_x": {"color": "#2a3f5f"}, "error_y": {"color": "#2a3f5f"}, "marker": {"line": {"color": "#E5ECF6", "width": 0.5}, "pattern": {"fillmode": "overlay", "size": 10, "solidity": 0.2}}, "type": "bar"}], "scattergeo": [{"type": "scattergeo", "marker": {"colorbar": {"outlinewidth": 0, "ticks": ""}}}], "scatterpolar": [{"type": "scatterpolar", "marker": {"colorbar": {"outlinewidth": 0, "ticks": ""}}}], "histogram": [{"marker": {"pattern": {"fillmode": "overlay", "size": 10, "solidity": 0.2}}, "type": "histogram"}], "scattergl": [{"type": "scattergl", "marker": {"colorbar": {"outlinewidth": 0, "ticks": ""}}}], "scatter3d": [{"type": "scatter3d", "line": {"colorbar": {"outlinewidth": 0, "ticks": ""}}, "marker": {"colorbar": {"outlinewidth": 0, "ticks": ""}}}], "scattermapbox": [{"type": "scattermapbox", "marker": {"colorbar": {"outlinewidth": 0, "ticks": ""}}}], "scatterternary": [{"type": "scatterternary", "marker": {"colorbar": {"outlinewidth": 0, "ticks": ""}}}], "scattercarpet": [{"type": "scattercarpet", "marker": {"colorbar": {"outlinewidth": 0, "ticks": ""}}}], "carpet": [{"aaxis": {"endlinecolor": "#2a3f5f", "gridcolor": "white", "linecolor": "white", "minorgridcolor": "white", "startlinecolor": "#2a3f5f"}, "baxis": {"endlinecolor": "#2a3f5f", "gridcolor": "white", "linecolor": "white", "minorgridcolor": "white", "startlinecolor": "#2a3f5f"}, "type": "carpet"}], "table": [{"cells": {"fill": {"color": "#EBF0F8"}, "line": {"color": "white"}}, "header": {"fill": {"color": "#C8D4E3"}, "line": {"color": "white"}}, "type": "table"}], "barpolar": [{"marker": {"line": {"color": "#E5ECF6", "width": 0.5}, "pattern": {"fillmode": "overlay", "size": 10, "solidity": 0.2}}, "type": "barpolar"}], "pie": [{"automargin": true, "type": "pie"}]}, "layout": {"autotypenumbers": "strict", "colorway": ["#636efa", "#EF553B", "#00cc96", "#ab63fa", "#FFA15A", "#19d3f3", "#FF6692", "#B6E880", "#FF97FF", "#FECB52"], "font": {"color": "#2a3f5f"}, "hovermode": "closest", "hoverlabel": {"align": "left"}, "paper_bgcolor": "white", "plot_bgcolor": "#E5ECF6", "polar": {"bgcolor": "#E5ECF6", "angularaxis": {"gridcolor": "white", "linecolor": "white", "ticks": ""}, "radialaxis": {"gridcolor": "white", "linecolor": "white", "ticks": ""}}, "ternary": {"bgcolor": "#E5ECF6", "aaxis": {"gridcolor": "white", "linecolor": "white", "ticks": ""}, "baxis": {"gridcolor": "white", "linecolor": "white", "ticks": ""}, "caxis": {"gridcolor": "white", "linecolor": "white", "ticks": ""}}, "coloraxis": {"colorbar": {"outlinewidth": 0, "ticks": ""}}, "colorscale": {"sequential": [[0.0, "#0d0887"], [0.1111111111111111, "#46039f"], [0.2222222222222222, "#7201a8"], [0.3333333333333333, "#9c179e"], [0.4444444444444444, "#bd3786"], [0.5555555555555556, "#d8576b"], [0.6666666666666666, "#ed7953"], [0.7777777777777778, "#fb9f3a"], [0.8888888888888888, "#fdca26"], [1.0, "#f0f921"]], "sequentialminus": [[0.0, "#0d0887"], [0.1111111111111111, "#46039f"], [0.2222222222222222, "#7201a8"], [0.3333333333333333, "#9c179e"], [0.4444444444444444, "#bd3786"], [0.5555555555555556, "#d8576b"], [0.6666666666666666, "#ed7953"], [0.7777777777777778, "#fb9f3a"], [0.8888888888888888, "#fdca26"], [1.0, "#f0f921"]], "diverging": [[0, "#8e0152"], [0.1, "#c51b7d"], [0.2, "#de77ae"], [0.3, "#f1b6da"], [0.4, "#fde0ef"], [0.5, "#f7f7f7"], [0.6, "#e6f5d0"], [0.7, "#b8e186"], [0.8, "#7fbc41"], [0.9, "#4d9221"], [1, "#276419"]]}, "xaxis": {"gridcolor": "white", "linecolor": "white", "ticks": "", "title": {"standoff": 15}, "zerolinecolor": "white", "automargin": true, "zerolinewidth": 2}, "yaxis": {"gridcolor": "white", "linecolor": "white", "ticks": "", "title": {"standoff": 15}, "zerolinecolor": "white", "automargin": true, "zerolinewidth": 2}, "scene": {"xaxis": {"backgroundcolor": "#E5ECF6", "gridcolor": "white", "linecolor": "white", "showbackground": true, "ticks": "", "zerolinecolor": "white", "gridwidth": 2}, "yaxis": {"backgroundcolor": "#E5ECF6", "gridcolor": "white", "linecolor": "white", "showbackground": true, "ticks": "", "zerolinecolor": "white", "gridwidth": 2}, "zaxis": {"backgroundcolor": "#E5ECF6", "gridcolor": "white", "linecolor": "white", "showbackground": true, "ticks": "", "zerolinecolor": "white", "gridwidth": 2}}, "shapedefaults": {"line": {"color": "#2a3f5f"}}, "annotationdefaults": {"arrowcolor": "#2a3f5f", "arrowhead": 0, "arrowwidth": 1}, "geo": {"bgcolor": "white", "landcolor": "#E5ECF6", "subunitcolor": "white", "showland": true, "showlakes": true, "lakecolor": "white"}, "title": {"x": 0.05}, "mapbox": {"style": "light"}}}}}