{"data": [{"z": [[25.00383186340332, 1.455673098564148, 0.8229253888130188, -0.7797844409942627, 6.983771324157715, -1.7279350757598877, -0.9917451739311218, 3.421316146850586, 1.4024864435195923, -5.742149353027344, 5.265098571777344, -1.0940593481063843, 0.3680341839790344, 1.3307008743286133, 0.6293348670005798, 4.488812446594238, 0.703558087348938, 1.8367114067077637, 2.472893476486206, 3.464148998260498, 2.2549498081207275], [1.455673098564148, 17.410310745239258, -2.229649543762207, 0.29215988516807556, -2.2198596000671387, 0.2019300013780594, -0.26200729608535767, -0.6829947233200073, -1.8870420455932617, 5.140778064727783, 0.7170157432556152, -3.4808189868927, 3.9774842262268066, 0.18666236102581024, -2.4991302490234375, 1.4874300956726074, -1.829345703125, 8.939638137817383, 4.3885178565979, 1.2078547477722168, -3.1319031715393066], [0.8229253888130188, -2.229649543762207, 22.889450073242188, 4.123075008392334, 2.7035467624664307, 2.6819753646850586, 6.094109535217285, -4.17518424987793, -0.23384054005146027, 0.8459464907646179, 1.3333197832107544, 5.569222450256348, -4.84586238861084, 2.9574060440063477, -0.22473472356796265, 2.318631172180176, -1.015104055404663, -2.5451154708862305, 2.0976130962371826, 1.3854005336761475, -0.30827248096466064], [-0.7797844409942627, 0.29215988516807556, 4.123075008392334, 25.406633377075195, 2.2207188606262207, 2.7092432975769043, 2.475374460220337, -5.444931507110596, -6.879648685455322, 5.423435688018799, 12.09195613861084, -3.877599000930786, 3.3201494216918945, -0.047667887061834335, 1.6745854616165161, 3.405266523361206, 0.3457796573638916, 3.289787769317627, 1.4710519313812256, -0.43332719802856445, 3.623605728149414], [6.983771324157715, -2.2198596000671387, 2.7035467624664307, 2.2207188606262207, 14.615747451782227, -2.2133171558380127, 3.7783117294311523, 2.6170506477355957, 1.6105434894561768, -2.359480381011963, 3.5759191513061523, -0.9343085289001465, 1.9838956594467163, 4.634970664978027, 0.713238000869751, 2.808830499649048, 0.1218826174736023, -5.622926235198975, 0.19925212860107422, 2.3023605346679688, 3.391995906829834], [-1.7279350757598877, 0.2019300013780594, 2.6819753646850586, 2.7092432975769043, -2.2133171558380127, 22.060787200927734, -0.7803522944450378, -0.43084681034088135, 3.3898303508758545, 3.6444334983825684, 0.6859503984451294, -2.76235032081604, -2.0203638076782227, 0.9645316004753113, -0.002807310316711664, -0.16006889939308167, -5.829898834228516, 1.6852823495864868, -2.0903539657592773, 3.1544995307922363, -6.029879093170166], [-0.9917451739311218, -0.26200729608535767, 6.094109535217285, 2.475374460220337, 3.7783117294311523, -0.7803522944450378, 17.94929313659668, 0.9970783591270447, 1.0181536674499512, 2.248642683029175, -1.705145001411438, 2.603973865509033, 1.5135297775268555, 3.244373083114624, 1.9664305448532104, 3.573497772216797, 2.884125232696533, 2.3049826622009277, -1.977060317993164, -0.3062707185745239, -9.558037757873535], [3.421316146850586, -0.6829947233200073, -4.17518424987793, -5.444931507110596, 2.6170506477355957, -0.43084681034088135, 0.9970783591270447, 18.761608123779297, 3.06600284576416, -1.471961259841919, -2.8811190128326416, -4.023385524749756, 0.13774196803569794, -3.1934409141540527, 1.2556356191635132, 1.3737424612045288, 2.352989912033081, -2.851227283477783, 6.058323860168457, -4.231256484985352, -0.3211337924003601], [1.4024864435195923, -1.8870420455932617, -0.23384054005146027, -6.879648685455322, 1.6105434894561768, 3.3898303508758545, 1.0181536674499512, 3.06600284576416, 19.360193252563477, 2.347623348236084, -6.214064121246338, -0.2943713963031769, 3.0558409690856934, 2.5442349910736084, 1.6445366144180298, 0.12114480137825012, 0.2626721262931824, -4.155634880065918, -1.254073143005371, 4.152894973754883, -9.662018775939941], [-5.742149353027344, 5.140778064727783, 0.8459464907646179, 5.423435688018799, -2.359480381011963, 3.6444334983825684, 2.248642683029175, -1.471961259841919, 2.347623348236084, 19.50350570678711, -3.807137966156006, -5.115591049194336, 2.129136800765991, -3.7348244190216064, -3.8345632553100586, 0.7508664727210999, -0.6535254716873169, 4.558551788330078, 3.6871371269226074, 1.6895172595977783, -13.694107055664062], [5.265098571777344, 0.7170157432556152, 1.3333197832107544, 12.09195613861084, 3.5759191513061523, 0.6859503984451294, -1.705145001411438, -2.8811190128326416, -6.214064121246338, -3.807137966156006, 18.904001235961914, -2.3279030323028564, 2.269463062286377, 1.9013034105300903, 5.487582683563232, -2.09653902053833, 1.919987440109253, -2.052236318588257, 2.654372215270996, 5.061768054962158, 7.33112096786499], [-1.0940593481063843, -3.4808189868927, 5.569222450256348, -3.877599000930786, -0.9343085289001465, -2.76235032081604, 2.603973865509033, -4.023385524749756, -0.2943713963031769, -5.115591049194336, -2.3279030323028564, 22.491283416748047, 3.537959098815918, 4.153957843780518, -0.6105775833129883, 2.7751994132995605, -2.696437358856201, -1.3636360168457031, -1.330608606338501, -1.2633328437805176, 5.018064022064209], [0.3680341839790344, 3.9774842262268066, -4.84586238861084, 3.3201494216918945, 1.9838956594467163, -2.0203638076782227, 1.5135297775268555, 0.13774196803569794, 3.0558409690856934, 2.129136800765991, 2.269463062286377, 3.537959098815918, 20.751243591308594, -3.224768877029419, 2.8825690746307373, -1.2389450073242188, -6.048968315124512, 2.9992029666900635, 1.9249799251556396, -2.518730401992798, 5.304438591003418], [1.3307008743286133, 0.18666236102581024, 2.9574060440063477, -0.047667887061834335, 4.634970664978027, 0.9645316004753113, 3.244373083114624, -3.1934409141540527, 2.5442349910736084, -3.7348244190216064, 1.9013034105300903, 4.153957843780518, -3.224768877029419, 17.79586410522461, 1.8097255229949951, 3.5477418899536133, -0.2314828634262085, 0.8901399374008179, -6.54861307144165, 1.5508148670196533, -5.494932174682617], [0.6293348670005798, -2.4991302490234375, -0.22473472356796265, 1.6745854616165161, 0.713238000869751, -0.002807310316711664, 1.9664305448532104, 1.2556356191635132, 1.6445366144180298, -3.8345632553100586, 5.487582683563232, -0.6105775833129883, 2.8825690746307373, 1.8097255229949951, 18.334453582763672, -1.7425647974014282, 1.2890173196792603, -4.232723236083984, -1.1895780563354492, 0.7018625736236572, -1.6062378883361816], [4.488812446594238, 1.4874300956726074, 2.318631172180176, 3.405266523361206, 2.808830499649048, -0.16006889939308167, 3.573497772216797, 1.3737424612045288, 0.12114480137825012, 0.7508664727210999, -2.09653902053833, 2.7751994132995605, -1.2389450073242188, 3.5477418899536133, -1.7425647974014282, 11.602071762084961, 1.0260515213012695, 0.09104043245315552, 4.203444957733154, -0.7237094640731812, -4.344695568084717], [0.7035579085350037, -1.8293458223342896, -1.0151039361953735, 0.345779687166214, 0.12188263237476349, -5.829898357391357, 2.8841254711151123, 2.35299015045166, 0.26267218589782715, -0.6535255908966064, 1.9199872016906738, -2.696437358856201, -6.04896879196167, -0.2314830720424652, 1.2890172004699707, 1.0260518789291382, 23.422868728637695, 3.4348607063293457, -2.194580554962158, 7.232913970947266, -4.398780822753906], [1.8367111682891846, 8.939638137817383, -2.5451152324676514, 3.289788007736206, -5.622926235198975, 1.6852823495864868, 2.304982900619507, -2.851227045059204, -4.155635356903076, 4.558551788330078, -2.052237033843994, -1.3636361360549927, 2.9992034435272217, 0.8901398777961731, -4.232723236083984, 0.09104067087173462, 3.4348607063293457, 23.749000549316406, -2.9246346950531006, -2.592249870300293, -3.635312557220459], [2.472893714904785, 4.388518333435059, 2.0976128578186035, 1.4710514545440674, 0.19925229251384735, -2.0903542041778564, -1.9770604372024536, 6.058323860168457, -1.2540732622146606, 3.6871368885040283, 2.654372453689575, -1.3306092023849487, 1.924979329109192, -6.54861307144165, -1.1895774602890015, 4.203444957733154, -2.194580554962158, -2.9246346950531006, 20.386333465576172, -4.628870964050293, -3.202643394470215], [3.464148998260498, 1.2078547477722168, 1.3854005336761475, -0.4333275556564331, 2.3023593425750732, 3.1544995307922363, -0.3062710165977478, -4.231256484985352, 4.152894496917725, 1.6895174980163574, 5.061767101287842, -1.2633329629898071, -2.518730401992798, 1.5508151054382324, 0.701862633228302, -0.7237094640731812, 7.232913970947266, -2.592249870300293, -4.628870964050293, 22.290122985839844, 0.3917185068130493], [2.2549495697021484, -3.1319029331207275, -0.30827271938323975, 3.6236066818237305, 3.391995429992676, -6.029879093170166, -9.558037757873535, -0.32113397121429443, -9.662018775939941, -13.694108009338379, 7.331120491027832, 5.018064498901367, 5.304438591003418, -5.494931697845459, -1.606238603591919, -4.344695091247559, -4.39877986907959, -3.63531231880188, -3.2026429176330566, 0.39171838760375977, 47.48805236816406]], "type": "heatmap"}], "layout": {"template": {"data": {"histogram2dcontour": [{"type": "histogram2dcontour", "colorbar": {"outlinewidth": 0, "ticks": ""}, "colorscale": [[0.0, "#0d0887"], [0.1111111111111111, "#46039f"], [0.2222222222222222, "#7201a8"], [0.3333333333333333, "#9c179e"], [0.4444444444444444, "#bd3786"], [0.5555555555555556, "#d8576b"], [0.6666666666666666, "#ed7953"], [0.7777777777777778, "#fb9f3a"], [0.8888888888888888, "#fdca26"], [1.0, "#f0f921"]]}], "choropleth": [{"type": "choropleth", "colorbar": {"outlinewidth": 0, "ticks": ""}}], "histogram2d": [{"type": "histogram2d", "colorbar": {"outlinewidth": 0, "ticks": ""}, "colorscale": [[0.0, "#0d0887"], [0.1111111111111111, "#46039f"], [0.2222222222222222, "#7201a8"], [0.3333333333333333, "#9c179e"], [0.4444444444444444, "#bd3786"], [0.5555555555555556, "#d8576b"], [0.6666666666666666, "#ed7953"], [0.7777777777777778, "#fb9f3a"], [0.8888888888888888, "#fdca26"], [1.0, "#f0f921"]]}], "heatmap": [{"type": "heatmap", "colorbar": {"outlinewidth": 0, "ticks": ""}, "colorscale": [[0.0, "#0d0887"], [0.1111111111111111, "#46039f"], [0.2222222222222222, "#7201a8"], [0.3333333333333333, "#9c179e"], [0.4444444444444444, "#bd3786"], [0.5555555555555556, "#d8576b"], [0.6666666666666666, "#ed7953"], [0.7777777777777778, "#fb9f3a"], [0.8888888888888888, "#fdca26"], [1.0, "#f0f921"]]}], "heatmapgl": [{"type": "heatmapgl", "colorbar": {"outlinewidth": 0, "ticks": ""}, "colorscale": [[0.0, "#0d0887"], [0.1111111111111111, "#46039f"], [0.2222222222222222, "#7201a8"], [0.3333333333333333, "#9c179e"], [0.4444444444444444, "#bd3786"], [0.5555555555555556, "#d8576b"], [0.6666666666666666, "#ed7953"], [0.7777777777777778, "#fb9f3a"], [0.8888888888888888, "#fdca26"], [1.0, "#f0f921"]]}], "contourcarpet": [{"type": "contourcarpet", "colorbar": {"outlinewidth": 0, "ticks": ""}}], "contour": [{"type": "contour", "colorbar": {"outlinewidth": 0, "ticks": ""}, "colorscale": [[0.0, "#0d0887"], [0.1111111111111111, "#46039f"], [0.2222222222222222, "#7201a8"], [0.3333333333333333, "#9c179e"], [0.4444444444444444, "#bd3786"], [0.5555555555555556, "#d8576b"], [0.6666666666666666, "#ed7953"], [0.7777777777777778, "#fb9f3a"], [0.8888888888888888, "#fdca26"], [1.0, "#f0f921"]]}], "surface": [{"type": "surface", "colorbar": {"outlinewidth": 0, "ticks": ""}, "colorscale": [[0.0, "#0d0887"], [0.1111111111111111, "#46039f"], [0.2222222222222222, "#7201a8"], [0.3333333333333333, "#9c179e"], [0.4444444444444444, "#bd3786"], [0.5555555555555556, "#d8576b"], [0.6666666666666666, "#ed7953"], [0.7777777777777778, "#fb9f3a"], [0.8888888888888888, "#fdca26"], [1.0, "#f0f921"]]}], "mesh3d": [{"type": "mesh3d", "colorbar": {"outlinewidth": 0, "ticks": ""}}], "scatter": [{"fillpattern": {"fillmode": "overlay", "size": 10, "solidity": 0.2}, "type": "scatter"}], "parcoords": [{"type": "parcoords", "line": {"colorbar": {"outlinewidth": 0, "ticks": ""}}}], "scatterpolargl": [{"type": "scatterpolargl", "marker": {"colorbar": {"outlinewidth": 0, "ticks": ""}}}], "bar": [{"error_x": {"color": "#2a3f5f"}, "error_y": {"color": "#2a3f5f"}, "marker": {"line": {"color": "#E5ECF6", "width": 0.5}, "pattern": {"fillmode": "overlay", "size": 10, "solidity": 0.2}}, "type": "bar"}], "scattergeo": [{"type": "scattergeo", "marker": {"colorbar": {"outlinewidth": 0, "ticks": ""}}}], "scatterpolar": [{"type": "scatterpolar", "marker": {"colorbar": {"outlinewidth": 0, "ticks": ""}}}], "histogram": [{"marker": {"pattern": {"fillmode": "overlay", "size": 10, "solidity": 0.2}}, "type": "histogram"}], "scattergl": [{"type": "scattergl", "marker": {"colorbar": {"outlinewidth": 0, "ticks": ""}}}], "scatter3d": [{"type": "scatter3d", "line": {"colorbar": {"outlinewidth": 0, "ticks": ""}}, "marker": {"colorbar": {"outlinewidth": 0, "ticks": ""}}}], "scattermapbox": [{"type": "scattermapbox", "marker": {"colorbar": {"outlinewidth": 0, "ticks": ""}}}], "scatterternary": [{"type": "scatterternary", "marker": {"colorbar": {"outlinewidth": 0, "ticks": ""}}}], "scattercarpet": [{"type": "scattercarpet", "marker": {"colorbar": {"outlinewidth": 0, "ticks": ""}}}], "carpet": [{"aaxis": {"endlinecolor": "#2a3f5f", "gridcolor": "white", "linecolor": "white", "minorgridcolor": "white", "startlinecolor": "#2a3f5f"}, "baxis": {"endlinecolor": "#2a3f5f", "gridcolor": "white", "linecolor": "white", "minorgridcolor": "white", "startlinecolor": "#2a3f5f"}, "type": "carpet"}], "table": [{"cells": {"fill": {"color": "#EBF0F8"}, "line": {"color": "white"}}, "header": {"fill": {"color": "#C8D4E3"}, "line": {"color": "white"}}, "type": "table"}], "barpolar": [{"marker": {"line": {"color": "#E5ECF6", "width": 0.5}, "pattern": {"fillmode": "overlay", "size": 10, "solidity": 0.2}}, "type": "barpolar"}], "pie": [{"automargin": true, "type": "pie"}]}, "layout": {"autotypenumbers": "strict", "colorway": ["#636efa", "#EF553B", "#00cc96", "#ab63fa", "#FFA15A", "#19d3f3", "#FF6692", "#B6E880", "#FF97FF", "#FECB52"], "font": {"color": "#2a3f5f"}, "hovermode": "closest", "hoverlabel": {"align": "left"}, "paper_bgcolor": "white", "plot_bgcolor": "#E5ECF6", "polar": {"bgcolor": "#E5ECF6", "angularaxis": {"gridcolor": "white", "linecolor": "white", "ticks": ""}, "radialaxis": {"gridcolor": "white", "linecolor": "white", "ticks": ""}}, "ternary": {"bgcolor": "#E5ECF6", "aaxis": {"gridcolor": "white", "linecolor": "white", "ticks": ""}, "baxis": {"gridcolor": "white", "linecolor": "white", "ticks": ""}, "caxis": {"gridcolor": "white", "linecolor": "white", "ticks": ""}}, "coloraxis": {"colorbar": {"outlinewidth": 0, "ticks": ""}}, "colorscale": {"sequential": [[0.0, "#0d0887"], [0.1111111111111111, "#46039f"], [0.2222222222222222, "#7201a8"], [0.3333333333333333, "#9c179e"], [0.4444444444444444, "#bd3786"], [0.5555555555555556, "#d8576b"], [0.6666666666666666, "#ed7953"], [0.7777777777777778, "#fb9f3a"], [0.8888888888888888, "#fdca26"], [1.0, "#f0f921"]], "sequentialminus": [[0.0, "#0d0887"], [0.1111111111111111, "#46039f"], [0.2222222222222222, "#7201a8"], [0.3333333333333333, "#9c179e"], [0.4444444444444444, "#bd3786"], [0.5555555555555556, "#d8576b"], [0.6666666666666666, "#ed7953"], [0.7777777777777778, "#fb9f3a"], [0.8888888888888888, "#fdca26"], [1.0, "#f0f921"]], "diverging": [[0, "#8e0152"], [0.1, "#c51b7d"], [0.2, "#de77ae"], [0.3, "#f1b6da"], [0.4, "#fde0ef"], [0.5, "#f7f7f7"], [0.6, "#e6f5d0"], [0.7, "#b8e186"], [0.8, "#7fbc41"], [0.9, "#4d9221"], [1, "#276419"]]}, "xaxis": {"gridcolor": "white", "linecolor": "white", "ticks": "", "title": {"standoff": 15}, "zerolinecolor": "white", "automargin": true, "zerolinewidth": 2}, "yaxis": {"gridcolor": "white", "linecolor": "white", "ticks": "", "title": {"standoff": 15}, "zerolinecolor": "white", "automargin": true, "zerolinewidth": 2}, "scene": {"xaxis": {"backgroundcolor": "#E5ECF6", "gridcolor": "white", "linecolor": "white", "showbackground": true, "ticks": "", "zerolinecolor": "white", "gridwidth": 2}, "yaxis": {"backgroundcolor": "#E5ECF6", "gridcolor": "white", "linecolor": "white", "showbackground": true, "ticks": "", "zerolinecolor": "white", "gridwidth": 2}, "zaxis": {"backgroundcolor": "#E5ECF6", "gridcolor": "white", "linecolor": "white", "showbackground": true, "ticks": "", "zerolinecolor": "white", "gridwidth": 2}}, "shapedefaults": {"line": {"color": "#2a3f5f"}}, "annotationdefaults": {"arrowcolor": "#2a3f5f", "arrowhead": 0, "arrowwidth": 1}, "geo": {"bgcolor": "white", "landcolor": "#E5ECF6", "subunitcolor": "white", "showland": true, "showlakes": true, "lakecolor": "white"}, "title": {"x": 0.05}, "mapbox": {"style": "light"}}}}}