{"data": [{"z": [[23.407546997070312, 1.8796412944793701, 0.9414200186729431, -0.27446654438972473, 6.711920738220215, -1.273194432258606, -0.3148118257522583, 3.942122459411621, 1.6828997135162354, -4.452966690063477, 5.15489387512207, -0.4799538552761078, 0.6945639848709106, 1.9700264930725098, 1.111639142036438, 4.571595191955566, 1.0289924144744873, 2.147050142288208, 2.4390177726745605, 3.4831056594848633, 1.751778244972229], [1.8796412944793701, 16.889326095581055, -1.9196243286132812, 1.041150450706482, -1.7009819746017456, 0.8441134095191956, -0.10158666968345642, 0.10591892153024673, -1.4808036088943481, 5.3014092445373535, 1.3267159461975098, -2.9977774620056152, 3.971015691757202, 0.6125434637069702, -1.8909218311309814, 2.005138397216797, -1.417325735092163, 8.528125762939453, 4.216711521148682, 1.3902199268341064, -3.29005765914917], [0.9414200186729431, -1.9196243286132812, 21.7943058013916, 3.8389294147491455, 2.586259365081787, 2.5874736309051514, 5.967411518096924, -3.4084041118621826, 0.2318396270275116, 1.1030348539352417, 1.5835092067718506, 5.915318489074707, -4.274946689605713, 2.9709715843200684, 0.06715968996286392, 2.539241313934326, -0.7083796262741089, -2.1687803268432617, 2.176476240158081, 1.5281445980072021, -0.2668968439102173], [-0.27446654438972473, 1.041150450706482, 3.8389294147491455, 24.355194091796875, 2.153682231903076, 3.1373560428619385, 2.801564931869507, -4.560532569885254, -5.720266819000244, 5.906684398651123, 11.410000801086426, -2.9395217895507812, 3.8493783473968506, 0.4597398340702057, 2.0676727294921875, 3.4972386360168457, 0.6435503959655762, 3.3309085369110107, 1.924957036972046, 0.22910916805267334, 3.2018015384674072], [6.711920738220215, -1.7009819746017456, 2.586259365081787, 2.153682231903076, 14.136719703674316, -1.8994338512420654, 3.8021292686462402, 2.7069661617279053, 1.917980670928955, -1.486201524734497, 3.184919595718384, -0.613995373249054, 2.1854703426361084, 4.690630912780762, 0.9598174095153809, 2.815905809402466, 0.39032214879989624, -4.912962913513184, 0.5076181888580322, 2.3387486934661865, 2.9653775691986084], [-1.273194432258606, 0.8441134095191956, 2.5874736309051514, 3.1373560428619385, -1.8994338512420654, 20.73417854309082, -0.39638304710388184, 0.35520514845848083, 3.3741648197174072, 4.083156108856201, 1.18301522731781, -1.902848482131958, -1.2442344427108765, 1.0863819122314453, 0.3992205858230591, 0.19870944321155548, -5.0703558921813965, 1.793489694595337, -1.108626365661621, 3.2311205863952637, -6.107558727264404], [-0.3148118257522583, -0.10158666968345642, 5.967411518096924, 2.801564931869507, 3.8021292686462402, -0.39638304710388184, 17.115646362304688, 1.2880479097366333, 1.4013341665267944, 2.443772077560425, -1.272233009338379, 2.9019522666931152, 1.3655145168304443, 3.550144910812378, 2.2325682640075684, 3.7053799629211426, 3.18172550201416, 2.128894567489624, -1.546854019165039, 0.25446605682373047, -9.39293098449707], [3.942122459411621, 0.10591892153024673, -3.4084041118621826, -4.560532569885254, 2.7069661617279053, 0.35520514845848083, 1.2880479097366333, 18.611892700195312, 3.4098875522613525, -0.39351582527160645, -2.487741470336914, -3.0695180892944336, 0.4569382965564728, -2.4733738899230957, 1.580569863319397, 1.7110111713409424, 2.63065767288208, -2.405362606048584, 5.957594871520996, -3.2630515098571777, -0.7554985284805298], [1.6828997135162354, -1.4808036088943481, 0.2318396270275116, -5.720266819000244, 1.917980670928955, 3.3741648197174072, 1.4013341665267944, 3.4098875522613525, 18.285240173339844, 2.7518820762634277, -4.9976348876953125, 0.38537487387657166, 3.0669236183166504, 2.470263957977295, 2.093712329864502, 0.5544432401657104, 0.49789732694625854, -3.8370697498321533, -0.7811272740364075, 3.9170098304748535, -9.676139831542969], [-4.452966690063477, 5.3014092445373535, 1.1030348539352417, 5.906684398651123, -1.486201524734497, 4.083156108856201, 2.443772077560425, -0.39351582527160645, 2.7518820762634277, 18.89309310913086, -2.642033100128174, -3.9464478492736816, 2.408395767211914, -3.286011219024658, -3.045366048812866, 1.5258654356002808, -0.4237990379333496, 4.509064197540283, 3.9751877784729004, 1.9031181335449219, -13.607152938842773], [5.15489387512207, 1.3267159461975098, 1.5835092067718506, 11.410000801086426, 3.184919595718384, 1.18301522731781, -1.272233009338379, -2.487741470336914, -4.9976348876953125, -2.642033100128174, 17.80179786682129, -1.747081995010376, 2.5642788410186768, 2.132307291030884, 5.529836177825928, -1.6195471286773682, 2.0947768688201904, -1.3553941249847412, 2.526646614074707, 5.3206400871276855, 6.607992649078369], [-0.4799538552761078, -2.9977774620056152, 5.915318489074707, -2.9395217895507812, -0.613995373249054, -1.902848482131958, 2.9019522666931152, -3.0695180892944336, 0.38537487387657166, -3.9464478492736816, -1.747081995010376, 21.409210205078125, 3.471402168273926, 4.455872058868408, 0.3090372681617737, 2.8771347999572754, -2.146083116531372, -1.1439757347106934, -0.9370365738868713, -0.7109897136688232, 3.9853992462158203], [0.6945639848709106, 3.971015691757202, -4.274946689605713, 3.8493783473968506, 2.1854703426361084, -1.2442344427108765, 1.3655145168304443, 0.4569382965564728, 3.0669236183166504, 2.408395767211914, 2.5642788410186768, 3.471402168273926, 19.116233825683594, -2.431450366973877, 3.0395281314849854, -0.6890360116958618, -5.2487688064575195, 2.6782724857330322, 1.8932042121887207, -1.9077939987182617, 5.073605537414551], [1.9700264930725098, 0.6125434637069702, 2.9709715843200684, 0.4597398340702057, 4.690630912780762, 1.0863819122314453, 3.550144910812378, -2.4733738899230957, 2.470263957977295, -3.286011219024658, 2.132307291030884, 4.455872058868408, -2.431450366973877, 16.77227210998535, 1.9532495737075806, 3.472957134246826, 0.08680331707000732, 0.9657788276672363, -5.515570640563965, 1.9916691780090332, -5.268954753875732], [1.111639142036438, -1.8909218311309814, 0.06715968996286392, 2.0676727294921875, 0.9598174095153809, 0.3992205858230591, 2.2325682640075684, 1.580569863319397, 2.093712329864502, -3.045366048812866, 5.529836177825928, 0.3090372681617737, 3.0395281314849854, 1.9532495737075806, 17.840917587280273, -1.2224938869476318, 1.4906666278839111, -3.825937271118164, -0.8463529348373413, 1.1258528232574463, -1.8438893556594849], [4.571595191955566, 2.005138397216797, 2.539241313934326, 3.4972386360168457, 2.815905809402466, 0.19870944321155548, 3.7053799629211426, 1.7110111713409424, 0.5544432401657104, 1.5258654356002808, -1.6195471286773682, 2.8771347999572754, -0.6890360116958618, 3.472957134246826, -1.2224938869476318, 11.299747467041016, 1.360982060432434, 0.5896700620651245, 4.185237884521484, -0.04791387915611267, -4.614843845367432], [1.0289925336837769, -1.4173259735107422, -0.708379864692688, 0.6435506939888, 0.3903222680091858, -5.070356845855713, 3.18172550201416, 2.6306569576263428, 0.497897207736969, -0.42379969358444214, 2.0947771072387695, -2.1460824012756348, -5.248769283294678, 0.08680325001478195, 1.4906669855117798, 1.3609819412231445, 22.546953201293945, 3.367140769958496, -1.8239567279815674, 7.108036994934082, -4.556166172027588], [2.147050142288208, 8.528125762939453, -2.1687800884246826, 3.3309085369110107, -4.912963390350342, 1.7934898138046265, 2.128894329071045, -2.405362844467163, -3.837069511413574, 4.509064674377441, -1.3553944826126099, -1.1439754962921143, 2.678272008895874, 0.9657789468765259, -3.825937032699585, 0.5896700620651245, 3.367140769958496, 22.508731842041016, -2.514153480529785, -2.0709228515625, -3.7418947219848633], [2.4390180110931396, 4.216711521148682, 2.1764752864837646, 1.9249573945999146, 0.5076180696487427, -1.1086268424987793, -1.5468543767929077, 5.957595348358154, -0.7811271548271179, 3.9751880168914795, 2.526646852493286, -0.9370362162590027, 1.8932042121887207, -5.515571594238281, -0.8463528752326965, 4.185237407684326, -1.8239567279815674, -2.514153480529785, 19.02587127685547, -4.003454685211182, -3.2332754135131836], [3.483104944229126, 1.3902196884155273, 1.5281445980072021, 0.22910909354686737, 2.338747262954712, 3.231121063232422, 0.2544654309749603, -3.2630512714385986, 3.9170095920562744, 1.9031177759170532, 5.320640563964844, -0.7109889388084412, -1.9077938795089722, 1.991668939590454, 1.125852346420288, -0.047914132475852966, 7.108036994934082, -2.0709228515625, -4.003454685211182, 21.20570182800293, 0.20358920097351074], [1.7517781257629395, -3.290057420730591, -0.2668968439102173, 3.20180082321167, 2.9653778076171875, -6.107558250427246, -9.39293098449707, -0.7554986476898193, -9.676139831542969, -13.607152938842773, 6.607993125915527, 3.985398769378662, 5.073605537414551, -5.268953800201416, -1.8438897132873535, -4.614844799041748, -4.556166172027588, -3.7418947219848633, -3.2332754135131836, 0.20358896255493164, 47.48805236816406]], "type": "heatmap"}], "layout": {"template": {"data": {"histogram2dcontour": [{"type": "histogram2dcontour", "colorbar": {"outlinewidth": 0, "ticks": ""}, "colorscale": [[0.0, "#0d0887"], [0.1111111111111111, "#46039f"], [0.2222222222222222, "#7201a8"], [0.3333333333333333, "#9c179e"], [0.4444444444444444, "#bd3786"], [0.5555555555555556, "#d8576b"], [0.6666666666666666, "#ed7953"], [0.7777777777777778, "#fb9f3a"], [0.8888888888888888, "#fdca26"], [1.0, "#f0f921"]]}], "choropleth": [{"type": "choropleth", "colorbar": {"outlinewidth": 0, "ticks": ""}}], "histogram2d": [{"type": "histogram2d", "colorbar": {"outlinewidth": 0, "ticks": ""}, "colorscale": [[0.0, "#0d0887"], [0.1111111111111111, "#46039f"], [0.2222222222222222, "#7201a8"], [0.3333333333333333, "#9c179e"], [0.4444444444444444, "#bd3786"], [0.5555555555555556, "#d8576b"], [0.6666666666666666, "#ed7953"], [0.7777777777777778, "#fb9f3a"], [0.8888888888888888, "#fdca26"], [1.0, "#f0f921"]]}], "heatmap": [{"type": "heatmap", "colorbar": {"outlinewidth": 0, "ticks": ""}, "colorscale": [[0.0, "#0d0887"], [0.1111111111111111, "#46039f"], [0.2222222222222222, "#7201a8"], [0.3333333333333333, "#9c179e"], [0.4444444444444444, "#bd3786"], [0.5555555555555556, "#d8576b"], [0.6666666666666666, "#ed7953"], [0.7777777777777778, "#fb9f3a"], [0.8888888888888888, "#fdca26"], [1.0, "#f0f921"]]}], "heatmapgl": [{"type": "heatmapgl", "colorbar": {"outlinewidth": 0, "ticks": ""}, "colorscale": [[0.0, "#0d0887"], [0.1111111111111111, "#46039f"], [0.2222222222222222, "#7201a8"], [0.3333333333333333, "#9c179e"], [0.4444444444444444, "#bd3786"], [0.5555555555555556, "#d8576b"], [0.6666666666666666, "#ed7953"], [0.7777777777777778, "#fb9f3a"], [0.8888888888888888, "#fdca26"], [1.0, "#f0f921"]]}], "contourcarpet": [{"type": "contourcarpet", "colorbar": {"outlinewidth": 0, "ticks": ""}}], "contour": [{"type": "contour", "colorbar": {"outlinewidth": 0, "ticks": ""}, "colorscale": [[0.0, "#0d0887"], [0.1111111111111111, "#46039f"], [0.2222222222222222, "#7201a8"], [0.3333333333333333, "#9c179e"], [0.4444444444444444, "#bd3786"], [0.5555555555555556, "#d8576b"], [0.6666666666666666, "#ed7953"], [0.7777777777777778, "#fb9f3a"], [0.8888888888888888, "#fdca26"], [1.0, "#f0f921"]]}], "surface": [{"type": "surface", "colorbar": {"outlinewidth": 0, "ticks": ""}, "colorscale": [[0.0, "#0d0887"], [0.1111111111111111, "#46039f"], [0.2222222222222222, "#7201a8"], [0.3333333333333333, "#9c179e"], [0.4444444444444444, "#bd3786"], [0.5555555555555556, "#d8576b"], [0.6666666666666666, "#ed7953"], [0.7777777777777778, "#fb9f3a"], [0.8888888888888888, "#fdca26"], [1.0, "#f0f921"]]}], "mesh3d": [{"type": "mesh3d", "colorbar": {"outlinewidth": 0, "ticks": ""}}], "scatter": [{"fillpattern": {"fillmode": "overlay", "size": 10, "solidity": 0.2}, "type": "scatter"}], "parcoords": [{"type": "parcoords", "line": {"colorbar": {"outlinewidth": 0, "ticks": ""}}}], "scatterpolargl": [{"type": "scatterpolargl", "marker": {"colorbar": {"outlinewidth": 0, "ticks": ""}}}], "bar": [{"error_x": {"color": "#2a3f5f"}, "error_y": {"color": "#2a3f5f"}, "marker": {"line": {"color": "#E5ECF6", "width": 0.5}, "pattern": {"fillmode": "overlay", "size": 10, "solidity": 0.2}}, "type": "bar"}], "scattergeo": [{"type": "scattergeo", "marker": {"colorbar": {"outlinewidth": 0, "ticks": ""}}}], "scatterpolar": [{"type": "scatterpolar", "marker": {"colorbar": {"outlinewidth": 0, "ticks": ""}}}], "histogram": [{"marker": {"pattern": {"fillmode": "overlay", "size": 10, "solidity": 0.2}}, "type": "histogram"}], "scattergl": [{"type": "scattergl", "marker": {"colorbar": {"outlinewidth": 0, "ticks": ""}}}], "scatter3d": [{"type": "scatter3d", "line": {"colorbar": {"outlinewidth": 0, "ticks": ""}}, "marker": {"colorbar": {"outlinewidth": 0, "ticks": ""}}}], "scattermapbox": [{"type": "scattermapbox", "marker": {"colorbar": {"outlinewidth": 0, "ticks": ""}}}], "scatterternary": [{"type": "scatterternary", "marker": {"colorbar": {"outlinewidth": 0, "ticks": ""}}}], "scattercarpet": [{"type": "scattercarpet", "marker": {"colorbar": {"outlinewidth": 0, "ticks": ""}}}], "carpet": [{"aaxis": {"endlinecolor": "#2a3f5f", "gridcolor": "white", "linecolor": "white", "minorgridcolor": "white", "startlinecolor": "#2a3f5f"}, "baxis": {"endlinecolor": "#2a3f5f", "gridcolor": "white", "linecolor": "white", "minorgridcolor": "white", "startlinecolor": "#2a3f5f"}, "type": "carpet"}], "table": [{"cells": {"fill": {"color": "#EBF0F8"}, "line": {"color": "white"}}, "header": {"fill": {"color": "#C8D4E3"}, "line": {"color": "white"}}, "type": "table"}], "barpolar": [{"marker": {"line": {"color": "#E5ECF6", "width": 0.5}, "pattern": {"fillmode": "overlay", "size": 10, "solidity": 0.2}}, "type": "barpolar"}], "pie": [{"automargin": true, "type": "pie"}]}, "layout": {"autotypenumbers": "strict", "colorway": ["#636efa", "#EF553B", "#00cc96", "#ab63fa", "#FFA15A", "#19d3f3", "#FF6692", "#B6E880", "#FF97FF", "#FECB52"], "font": {"color": "#2a3f5f"}, "hovermode": "closest", "hoverlabel": {"align": "left"}, "paper_bgcolor": "white", "plot_bgcolor": "#E5ECF6", "polar": {"bgcolor": "#E5ECF6", "angularaxis": {"gridcolor": "white", "linecolor": "white", "ticks": ""}, "radialaxis": {"gridcolor": "white", "linecolor": "white", "ticks": ""}}, "ternary": {"bgcolor": "#E5ECF6", "aaxis": {"gridcolor": "white", "linecolor": "white", "ticks": ""}, "baxis": {"gridcolor": "white", "linecolor": "white", "ticks": ""}, "caxis": {"gridcolor": "white", "linecolor": "white", "ticks": ""}}, "coloraxis": {"colorbar": {"outlinewidth": 0, "ticks": ""}}, "colorscale": {"sequential": [[0.0, "#0d0887"], [0.1111111111111111, "#46039f"], [0.2222222222222222, "#7201a8"], [0.3333333333333333, "#9c179e"], [0.4444444444444444, "#bd3786"], [0.5555555555555556, "#d8576b"], [0.6666666666666666, "#ed7953"], [0.7777777777777778, "#fb9f3a"], [0.8888888888888888, "#fdca26"], [1.0, "#f0f921"]], "sequentialminus": [[0.0, "#0d0887"], [0.1111111111111111, "#46039f"], [0.2222222222222222, "#7201a8"], [0.3333333333333333, "#9c179e"], [0.4444444444444444, "#bd3786"], [0.5555555555555556, "#d8576b"], [0.6666666666666666, "#ed7953"], [0.7777777777777778, "#fb9f3a"], [0.8888888888888888, "#fdca26"], [1.0, "#f0f921"]], "diverging": [[0, "#8e0152"], [0.1, "#c51b7d"], [0.2, "#de77ae"], [0.3, "#f1b6da"], [0.4, "#fde0ef"], [0.5, "#f7f7f7"], [0.6, "#e6f5d0"], [0.7, "#b8e186"], [0.8, "#7fbc41"], [0.9, "#4d9221"], [1, "#276419"]]}, "xaxis": {"gridcolor": "white", "linecolor": "white", "ticks": "", "title": {"standoff": 15}, "zerolinecolor": "white", "automargin": true, "zerolinewidth": 2}, "yaxis": {"gridcolor": "white", "linecolor": "white", "ticks": "", "title": {"standoff": 15}, "zerolinecolor": "white", "automargin": true, "zerolinewidth": 2}, "scene": {"xaxis": {"backgroundcolor": "#E5ECF6", "gridcolor": "white", "linecolor": "white", "showbackground": true, "ticks": "", "zerolinecolor": "white", "gridwidth": 2}, "yaxis": {"backgroundcolor": "#E5ECF6", "gridcolor": "white", "linecolor": "white", "showbackground": true, "ticks": "", "zerolinecolor": "white", "gridwidth": 2}, "zaxis": {"backgroundcolor": "#E5ECF6", "gridcolor": "white", "linecolor": "white", "showbackground": true, "ticks": "", "zerolinecolor": "white", "gridwidth": 2}}, "shapedefaults": {"line": {"color": "#2a3f5f"}}, "annotationdefaults": {"arrowcolor": "#2a3f5f", "arrowhead": 0, "arrowwidth": 1}, "geo": {"bgcolor": "white", "landcolor": "#E5ECF6", "subunitcolor": "white", "showland": true, "showlakes": true, "lakecolor": "white"}, "title": {"x": 0.05}, "mapbox": {"style": "light"}}}}}