{"data": [{"z": [[30.25177764892578, -0.5534566044807434, 0.7766340374946594, -2.517289161682129, 8.779026985168457, -4.817688941955566, -2.4993205070495605, 1.7605351209640503, 0.13534130156040192, -9.995255470275879, 6.236505031585693, -3.097907304763794, -0.807458758354187, -1.2475062608718872, -0.2787768542766571, 4.259153842926025, -0.9682212471961975, 0.6453292369842529, 3.1353797912597656, 3.0222363471984863, 4.010612964630127], [-0.5534566044807434, 19.29654884338379, -3.634726047515869, -1.5666890144348145, -3.4817700386047363, -2.0124306678771973, -1.0223455429077148, -3.0675406455993652, -3.3801426887512207, 4.926633834838867, -0.704563558101654, -4.734130859375, 4.617600917816162, -1.5806506872177124, -4.3775763511657715, -0.41216906905174255, -3.2149648666381836, 10.908831596374512, 4.914263725280762, 0.5375196933746338, -2.216078758239746], [0.7766340374946594, -3.634726047515869, 28.787639617919922, 4.989299774169922, 4.78173303604126, 3.197186231613159, 7.772817611694336, -7.7288689613342285, -1.640527606010437, -0.5645557045936584, 1.7054089307785034, 3.9984490871429443, -7.000243186950684, 2.4149622917175293, -1.9429805278778076, 2.271446943283081, -2.698580741882324, -3.0958104133605957, 1.3940638303756714, 2.491483688354492, 0.0715944766998291], [-2.517289161682129, -1.5666890144348145, 4.989299774169922, 28.96997833251953, 2.92626953125, 0.44643813371658325, 2.125868082046509, -7.9270524978637695, -11.178583145141602, 4.160975456237793, 14.764451026916504, -6.307694435119629, 1.3729640245437622, -1.0059067010879517, 1.1663862466812134, 2.906019449234009, 0.5357766151428223, 3.604656934738159, 0.9743030071258545, -1.9270511865615845, 5.021413803100586], [8.779026985168457, -3.4817700386047363, 4.78173303604126, 2.92626953125, 18.834123611450195, -2.8985772132873535, 5.787370681762695, 1.0794408321380615, 1.9349744319915771, -4.749173164367676, 5.680981159210205, -3.960183620452881, 1.1494879722595215, 4.906982421875, 0.7633072733879089, 3.5338387489318848, -1.0604585409164429, -7.210953712463379, 0.027391910552978516, 3.370455265045166, 2.865600824356079], [-4.817688941955566, -2.0124306678771973, 3.197186231613159, 0.44643813371658325, -2.8985772132873535, 25.358732223510742, -1.371591329574585, -2.5164852142333984, 3.989830493927002, 2.7884674072265625, -1.5671316385269165, -5.344557285308838, -5.021978378295898, -0.052522219717502594, -1.4211642742156982, -0.8637474775314331, -7.893015384674072, 1.6310579776763916, -4.822010040283203, 3.0893726348876953, -5.711768627166748], [-2.4993205070495605, -1.0223455429077148, 7.772817611694336, 2.125868082046509, 5.787370681762695, -1.371591329574585, 22.885759353637695, -0.9755854606628418, 1.2057642936706543, 1.6085169315338135, -2.477219343185425, 0.27469074726104736, 1.8140567541122437, 2.833914279937744, 1.4116045236587524, 4.015069961547852, 2.1537418365478516, 3.99407958984375, -3.1460318565368652, -0.2973053455352783, -11.14392375946045], [1.7605351209640503, -3.0675406455993652, -7.7288689613342285, -7.9270524978637695, 1.0794408321380615, -2.5164852142333984, -0.9755854606628418, 21.032623291015625, 1.6241997480392456, -3.637634754180908, -4.322566032409668, -3.407892942428589, -1.2774418592453003, -4.598879337310791, 1.2062149047851562, 0.6597621440887451, 2.503655433654785, -5.298675537109375, 6.654439449310303, -7.5179057121276855, 1.9221484661102295], [0.13534130156040192, -3.3801426887512207, -1.640527606010437, -11.178583145141602, 1.9349744319915771, 3.989830493927002, 1.2057642936706543, 1.6241997480392456, 25.193492889404297, 1.4276090860366821, -10.107402801513672, -2.7025463581085205, 2.93798565864563, 2.594045877456665, 0.006898730993270874, -0.23649942874908447, -1.4428907632827759, -4.845973968505859, -3.2006850242614746, 5.501930236816406, -10.676565170288086], [-9.995255470275879, 4.926633834838867, -0.5645557045936584, 4.160975456237793, -4.749173164367676, 2.7884674072265625, 1.6085169315338135, -3.637634754180908, 1.4276090860366821, 21.5677433013916, -7.06071138381958, -6.9543962478637695, 1.3654148578643799, -4.973241329193115, -6.1915693283081055, -1.2273536920547485, -1.126059889793396, 5.392134666442871, 2.603215217590332, 1.1530933380126953, -13.399325370788574], [6.236505031585693, -0.704563558101654, 1.7054089307785034, 14.764451026916504, 5.680981159210205, -1.5671316385269165, -2.477219343185425, -4.322566032409668, -10.107402801513672, -7.06071138381958, 24.422012329101562, -3.68437123298645, 1.2252198457717896, 1.1961314678192139, 5.745373725891113, -2.8664162158966064, 2.1768910884857178, -3.5810885429382324, 3.9159226417541504, 5.163192272186279, 9.088678359985352], [-3.097907304763794, -4.734130859375, 3.9984490871429443, -6.307694435119629, -3.960183620452881, -5.344557285308838, 0.27469074726104736, -3.407892942428589, -2.7025463581085205, -6.9543962478637695, -3.68437123298645, 27.453550338745117, 4.340871810913086, 4.002760887145996, -1.5946893692016602, 3.1930742263793945, -3.306741714477539, -2.873666763305664, -2.657947540283203, -3.4736742973327637, 8.10910701751709], [-0.807458758354187, 4.617600917816162, -7.000243186950684, 1.3729640245437622, 1.1494879722595215, -5.021978378295898, 1.8140567541122437, -1.2774418592453003, 2.93798565864563, 1.3654148578643799, 1.2252198457717896, 4.340871810913086, 26.815139770507812, -6.162772178649902, 1.2519155740737915, -2.5633528232574463, -8.645805358886719, 5.007011890411377, 2.5100550651550293, -3.9573872089385986, 6.464116096496582], [-1.2475062608718872, -1.5806506872177124, 2.4149622917175293, -1.0059067010879517, 4.906982421875, -0.052522219717502594, 2.833914279937744, -4.598879337310791, 2.594045877456665, -4.973241329193115, 1.1961314678192139, 4.002760887145996, -6.162772178649902, 21.129934310913086, 1.5494985580444336, 3.5619750022888184, 0.08628183603286743, 0.039737701416015625, -10.225203514099121, 0.47569870948791504, -4.862485408782959], [-0.2787768542766571, -4.3775763511657715, -1.9429805278778076, 1.1663862466812134, 0.7633072733879089, -1.4211642742156982, 1.4116045236587524, 1.2062149047851562, 0.006898730993270874, -6.1915693283081055, 5.745373725891113, -1.5946893692016602, 1.2519155740737915, 1.5494985580444336, 20.367870330810547, -2.8640613555908203, 1.3971195220947266, -6.261064529418945, -2.0793566703796387, -0.8092243671417236, 0.0018081068992614746], [4.259153842926025, -0.41216906905174255, 2.271446943283081, 2.906019449234009, 3.5338387489318848, -0.8637474775314331, 4.015069961547852, 0.6597621440887451, -0.23649942874908447, -1.2273536920547485, -2.8664162158966064, 3.1930742263793945, -2.5633528232574463, 3.5619750022888184, -2.8640613555908203, 14.129380226135254, 0.07202816009521484, -0.9476051926612854, 4.782046318054199, -2.02204966545105, -4.218768119812012], [-0.9682213068008423, -3.2149648666381836, -2.698580026626587, 0.535776674747467, -1.0604585409164429, -7.8930158615112305, 2.1537418365478516, 2.503655195236206, -1.4428911209106445, -1.126059651374817, 2.1768908500671387, -3.306741714477539, -8.645805358886719, 0.08628183603286743, 1.3971189260482788, 0.07202740013599396, 26.95049476623535, 3.4084653854370117, -3.8969500064849854, 7.436604976654053, -3.1948935985565186], [0.6453285217285156, 10.908831596374512, -3.095811128616333, 3.604656934738159, -7.210953712463379, 1.631057858467102, 3.99407958984375, -5.298676013946533, -4.845973491668701, 5.392134189605713, -3.581089496612549, -2.873666763305664, 5.007011890411377, 0.03973732516169548, -6.26106595993042, -0.9476054310798645, 3.4084653854370117, 30.53053855895996, -3.96096134185791, -3.2834086418151855, -4.372162818908691], [3.1353800296783447, 4.914262294769287, 1.3940632343292236, 0.974303126335144, 0.027391551062464714, -4.822010040283203, -3.146031618118286, 6.654439926147461, -3.200684070587158, 2.603215217590332, 3.915921926498413, -2.6579484939575195, 2.5100555419921875, -10.225204467773438, -2.0793557167053223, 4.782045364379883, -3.8969500064849854, -3.96096134185791, 26.718345642089844, -6.774240970611572, -3.580070972442627], [3.0222361087799072, 0.5375197529792786, 2.4914841651916504, -1.927051305770874, 3.370455741882324, 3.0893735885620117, -0.29730531573295593, -7.517906665802002, 5.50192928314209, 1.1530927419662476, 5.163194179534912, -3.473674774169922, -3.9573872089385986, 0.47569912672042847, -0.8092240691184998, -2.022049903869629, 7.436604976654053, -3.2834086418151855, -6.774240970611572, 27.284658432006836, 0.6559776067733765], [4.010612964630127, -2.216078519821167, 0.07159477472305298, 5.021413803100586, 2.865600824356079, -5.71176815032959, -11.14392375946045, 1.9221487045288086, -10.676565170288086, -13.399323463439941, 9.088678359985352, 8.109107971191406, 6.464117050170898, -4.862485885620117, 0.0018079280853271484, -4.21876859664917, -3.1948938369750977, -4.372163772583008, -3.5800704956054688, 0.655977725982666, 47.48805236816406]], "type": "heatmap"}], "layout": {"template": {"data": {"histogram2dcontour": [{"type": "histogram2dcontour", "colorbar": {"outlinewidth": 0, "ticks": ""}, "colorscale": [[0.0, "#0d0887"], [0.1111111111111111, "#46039f"], [0.2222222222222222, "#7201a8"], [0.3333333333333333, "#9c179e"], [0.4444444444444444, "#bd3786"], [0.5555555555555556, "#d8576b"], [0.6666666666666666, "#ed7953"], [0.7777777777777778, "#fb9f3a"], [0.8888888888888888, "#fdca26"], [1.0, "#f0f921"]]}], "choropleth": [{"type": "choropleth", "colorbar": {"outlinewidth": 0, "ticks": ""}}], "histogram2d": [{"type": "histogram2d", "colorbar": {"outlinewidth": 0, "ticks": ""}, "colorscale": [[0.0, "#0d0887"], [0.1111111111111111, "#46039f"], [0.2222222222222222, "#7201a8"], [0.3333333333333333, "#9c179e"], [0.4444444444444444, "#bd3786"], [0.5555555555555556, "#d8576b"], [0.6666666666666666, "#ed7953"], [0.7777777777777778, "#fb9f3a"], [0.8888888888888888, "#fdca26"], [1.0, "#f0f921"]]}], "heatmap": [{"type": "heatmap", "colorbar": {"outlinewidth": 0, "ticks": ""}, "colorscale": [[0.0, "#0d0887"], [0.1111111111111111, "#46039f"], [0.2222222222222222, "#7201a8"], [0.3333333333333333, "#9c179e"], [0.4444444444444444, "#bd3786"], [0.5555555555555556, "#d8576b"], [0.6666666666666666, "#ed7953"], [0.7777777777777778, "#fb9f3a"], [0.8888888888888888, "#fdca26"], [1.0, "#f0f921"]]}], "heatmapgl": [{"type": "heatmapgl", "colorbar": {"outlinewidth": 0, "ticks": ""}, "colorscale": [[0.0, "#0d0887"], [0.1111111111111111, "#46039f"], [0.2222222222222222, "#7201a8"], [0.3333333333333333, "#9c179e"], [0.4444444444444444, "#bd3786"], [0.5555555555555556, "#d8576b"], [0.6666666666666666, "#ed7953"], [0.7777777777777778, "#fb9f3a"], [0.8888888888888888, "#fdca26"], [1.0, "#f0f921"]]}], "contourcarpet": [{"type": "contourcarpet", "colorbar": {"outlinewidth": 0, "ticks": ""}}], "contour": [{"type": "contour", "colorbar": {"outlinewidth": 0, "ticks": ""}, "colorscale": [[0.0, "#0d0887"], [0.1111111111111111, "#46039f"], [0.2222222222222222, "#7201a8"], [0.3333333333333333, "#9c179e"], [0.4444444444444444, "#bd3786"], [0.5555555555555556, "#d8576b"], [0.6666666666666666, "#ed7953"], [0.7777777777777778, "#fb9f3a"], [0.8888888888888888, "#fdca26"], [1.0, "#f0f921"]]}], "surface": [{"type": "surface", "colorbar": {"outlinewidth": 0, "ticks": ""}, "colorscale": [[0.0, "#0d0887"], [0.1111111111111111, "#46039f"], [0.2222222222222222, "#7201a8"], [0.3333333333333333, "#9c179e"], [0.4444444444444444, "#bd3786"], [0.5555555555555556, "#d8576b"], [0.6666666666666666, "#ed7953"], [0.7777777777777778, "#fb9f3a"], [0.8888888888888888, "#fdca26"], [1.0, "#f0f921"]]}], "mesh3d": [{"type": "mesh3d", "colorbar": {"outlinewidth": 0, "ticks": ""}}], "scatter": [{"fillpattern": {"fillmode": "overlay", "size": 10, "solidity": 0.2}, "type": "scatter"}], "parcoords": [{"type": "parcoords", "line": {"colorbar": {"outlinewidth": 0, "ticks": ""}}}], "scatterpolargl": [{"type": "scatterpolargl", "marker": {"colorbar": {"outlinewidth": 0, "ticks": ""}}}], "bar": [{"error_x": {"color": "#2a3f5f"}, "error_y": {"color": "#2a3f5f"}, "marker": {"line": {"color": "#E5ECF6", "width": 0.5}, "pattern": {"fillmode": "overlay", "size": 10, "solidity": 0.2}}, "type": "bar"}], "scattergeo": [{"type": "scattergeo", "marker": {"colorbar": {"outlinewidth": 0, "ticks": ""}}}], "scatterpolar": [{"type": "scatterpolar", "marker": {"colorbar": {"outlinewidth": 0, "ticks": ""}}}], "histogram": [{"marker": {"pattern": {"fillmode": "overlay", "size": 10, "solidity": 0.2}}, "type": "histogram"}], "scattergl": [{"type": "scattergl", "marker": {"colorbar": {"outlinewidth": 0, "ticks": ""}}}], "scatter3d": [{"type": "scatter3d", "line": {"colorbar": {"outlinewidth": 0, "ticks": ""}}, "marker": {"colorbar": {"outlinewidth": 0, "ticks": ""}}}], "scattermapbox": [{"type": "scattermapbox", "marker": {"colorbar": {"outlinewidth": 0, "ticks": ""}}}], "scatterternary": [{"type": "scatterternary", "marker": {"colorbar": {"outlinewidth": 0, "ticks": ""}}}], "scattercarpet": [{"type": "scattercarpet", "marker": {"colorbar": {"outlinewidth": 0, "ticks": ""}}}], "carpet": [{"aaxis": {"endlinecolor": "#2a3f5f", "gridcolor": "white", "linecolor": "white", "minorgridcolor": "white", "startlinecolor": "#2a3f5f"}, "baxis": {"endlinecolor": "#2a3f5f", "gridcolor": "white", "linecolor": "white", "minorgridcolor": "white", "startlinecolor": "#2a3f5f"}, "type": "carpet"}], "table": [{"cells": {"fill": {"color": "#EBF0F8"}, "line": {"color": "white"}}, "header": {"fill": {"color": "#C8D4E3"}, "line": {"color": "white"}}, "type": "table"}], "barpolar": [{"marker": {"line": {"color": "#E5ECF6", "width": 0.5}, "pattern": {"fillmode": "overlay", "size": 10, "solidity": 0.2}}, "type": "barpolar"}], "pie": [{"automargin": true, "type": "pie"}]}, "layout": {"autotypenumbers": "strict", "colorway": ["#636efa", "#EF553B", "#00cc96", "#ab63fa", "#FFA15A", "#19d3f3", "#FF6692", "#B6E880", "#FF97FF", "#FECB52"], "font": {"color": "#2a3f5f"}, "hovermode": "closest", "hoverlabel": {"align": "left"}, "paper_bgcolor": "white", "plot_bgcolor": "#E5ECF6", "polar": {"bgcolor": "#E5ECF6", "angularaxis": {"gridcolor": "white", "linecolor": "white", "ticks": ""}, "radialaxis": {"gridcolor": "white", "linecolor": "white", "ticks": ""}}, "ternary": {"bgcolor": "#E5ECF6", "aaxis": {"gridcolor": "white", "linecolor": "white", "ticks": ""}, "baxis": {"gridcolor": "white", "linecolor": "white", "ticks": ""}, "caxis": {"gridcolor": "white", "linecolor": "white", "ticks": ""}}, "coloraxis": {"colorbar": {"outlinewidth": 0, "ticks": ""}}, "colorscale": {"sequential": [[0.0, "#0d0887"], [0.1111111111111111, "#46039f"], [0.2222222222222222, "#7201a8"], [0.3333333333333333, "#9c179e"], [0.4444444444444444, "#bd3786"], [0.5555555555555556, "#d8576b"], [0.6666666666666666, "#ed7953"], [0.7777777777777778, "#fb9f3a"], [0.8888888888888888, "#fdca26"], [1.0, "#f0f921"]], "sequentialminus": [[0.0, "#0d0887"], [0.1111111111111111, "#46039f"], [0.2222222222222222, "#7201a8"], [0.3333333333333333, "#9c179e"], [0.4444444444444444, "#bd3786"], [0.5555555555555556, "#d8576b"], [0.6666666666666666, "#ed7953"], [0.7777777777777778, "#fb9f3a"], [0.8888888888888888, "#fdca26"], [1.0, "#f0f921"]], "diverging": [[0, "#8e0152"], [0.1, "#c51b7d"], [0.2, "#de77ae"], [0.3, "#f1b6da"], [0.4, "#fde0ef"], [0.5, "#f7f7f7"], [0.6, "#e6f5d0"], [0.7, "#b8e186"], [0.8, "#7fbc41"], [0.9, "#4d9221"], [1, "#276419"]]}, "xaxis": {"gridcolor": "white", "linecolor": "white", "ticks": "", "title": {"standoff": 15}, "zerolinecolor": "white", "automargin": true, "zerolinewidth": 2}, "yaxis": {"gridcolor": "white", "linecolor": "white", "ticks": "", "title": {"standoff": 15}, "zerolinecolor": "white", "automargin": true, "zerolinewidth": 2}, "scene": {"xaxis": {"backgroundcolor": "#E5ECF6", "gridcolor": "white", "linecolor": "white", "showbackground": true, "ticks": "", "zerolinecolor": "white", "gridwidth": 2}, "yaxis": {"backgroundcolor": "#E5ECF6", "gridcolor": "white", "linecolor": "white", "showbackground": true, "ticks": "", "zerolinecolor": "white", "gridwidth": 2}, "zaxis": {"backgroundcolor": "#E5ECF6", "gridcolor": "white", "linecolor": "white", "showbackground": true, "ticks": "", "zerolinecolor": "white", "gridwidth": 2}}, "shapedefaults": {"line": {"color": "#2a3f5f"}}, "annotationdefaults": {"arrowcolor": "#2a3f5f", "arrowhead": 0, "arrowwidth": 1}, "geo": {"bgcolor": "white", "landcolor": "#E5ECF6", "subunitcolor": "white", "showland": true, "showlakes": true, "lakecolor": "white"}, "title": {"x": 0.05}, "mapbox": {"style": "light"}}}}}