{"data": [{"z": [[23.68946075439453, 1.809390664100647, 0.9620206356048584, -0.3444365859031677, 6.748344421386719, -1.2597570419311523, -0.356690913438797, 3.917127847671509, 1.7114521265029907, -4.57634973526001, 5.208850860595703, -0.5548081398010254, 0.7106293439865112, 1.8892533779144287, 1.0237582921981812, 4.539363861083984, 1.009084939956665, 2.178387403488159, 2.52803111076355, 3.5547287464141846, 1.7740622758865356], [1.809390664100647, 16.890880584716797, -1.9701522588729858, 0.8981142044067383, -1.8103272914886475, 0.7660764455795288, -0.13104134798049927, -0.008141526952385902, -1.5563658475875854, 5.252193927764893, 1.2578439712524414, -3.033087730407715, 3.961855411529541, 0.5758795142173767, -2.0125107765197754, 1.8797086477279663, -1.4961397647857666, 8.581600189208984, 4.235513687133789, 1.4214175939559937, -3.230299711227417], [0.9620206356048584, -1.9701522588729858, 21.927627563476562, 3.864271402359009, 2.5876336097717285, 2.648176431655884, 6.049684047698975, -3.5066308975219727, 0.21147751808166504, 1.0793243646621704, 1.5767545700073242, 5.9044060707092285, -4.31852388381958, 2.9954833984375, 0.025322118774056435, 2.4862000942230225, -0.7342438697814941, -2.1864821910858154, 2.2276415824890137, 1.5793333053588867, -0.30847036838531494], [-0.3444365859031677, 0.8981142044067383, 3.864271402359009, 24.427919387817383, 2.151425361633301, 3.0968120098114014, 2.780785322189331, -4.650535583496094, -5.832171440124512, 5.871621608734131, 11.517342567443848, -3.040621519088745, 3.76309871673584, 0.4286392331123352, 1.9913933277130127, 3.4531443119049072, 0.6070759296417236, 3.3609976768493652, 1.8724074363708496, 0.1687546968460083, 3.2046408653259277], [6.748344421386719, -1.8103272914886475, 2.5876336097717285, 2.151425361633301, 14.194375038146973, -1.9139001369476318, 3.832458972930908, 2.7374861240386963, 1.8758634328842163, -1.6189770698547363, 3.263425350189209, -0.6442839503288269, 2.1631805896759033, 4.678886890411377, 0.9157899618148804, 2.7907724380493164, 0.3428264260292053, -4.970182418823242, 0.49422943592071533, 2.3959593772888184, 3.066399097442627], [-1.2597570419311523, 0.7660764455795288, 2.648176431655884, 3.0968120098114014, -1.9139001369476318, 20.930904388427734, -0.3945426046848297, 0.29951539635658264, 3.421675682067871, 4.030738830566406, 1.1703993082046509, -1.9944484233856201, -1.323879361152649, 1.0800923109054565, 0.3260728120803833, 0.13711804151535034, -5.142548084259033, 1.8485606908798218, -1.1555067300796509, 3.3290796279907227, -6.131185531616211], [-0.356690913438797, -0.13104134798049927, 6.049684047698975, 2.780785322189331, 3.832458972930908, -0.3945426046848297, 17.27141761779785, 1.2972805500030518, 1.3403575420379639, 2.4390504360198975, -1.3068714141845703, 2.857555627822876, 1.3974448442459106, 3.5229461193084717, 2.1991918087005615, 3.682543992996216, 3.1432583332061768, 2.1642186641693115, -1.5637240409851074, 0.2547405958175659, -9.460164070129395], [3.917127847671509, -0.008141526952385902, -3.5066308975219727, -4.650535583496094, 2.7374861240386963, 0.29951539635658264, 1.2972805500030518, 18.67264175415039, 3.3798999786376953, -0.5085238218307495, -2.4962079524993896, -3.137821912765503, 0.439969927072525, -2.545884609222412, 1.4899674654006958, 1.6659046411514282, 2.589718818664551, -2.4275803565979004, 5.990987300872803, -3.358705759048462, -0.7174850702285767], [1.7114521265029907, -1.5563658475875854, 0.21147751808166504, -5.832171440124512, 1.8758634328842163, 3.421675682067871, 1.3403575420379639, 3.3798999786376953, 18.37849235534668, 2.671539783477783, -5.128941059112549, 0.3207037150859833, 3.132405996322632, 2.474532127380371, 1.9836739301681519, 0.4392273724079132, 0.4687439203262329, -3.8870162963867188, -0.7955212593078613, 4.026823997497559, -9.619190216064453], [-4.57634973526001, 5.252193927764893, 1.0793243646621704, 5.871621608734131, -1.6189770698547363, 4.030738830566406, 2.4390504360198975, -0.5085238218307495, 2.671539783477783, 18.930818557739258, -2.789813756942749, -4.0698347091674805, 2.407548666000366, -3.3221523761749268, -3.2061080932617188, 1.3794138431549072, -0.4625537395477295, 4.487932205200195, 3.974867343902588, 1.926738977432251, -13.592171669006348], [5.208850860595703, 1.2578439712524414, 1.5767545700073242, 11.517342567443848, 3.263425350189209, 1.1703993082046509, -1.3068714141845703, -2.4962079524993896, -5.128941059112549, -2.789813756942749, 17.993350982666016, -1.7818471193313599, 2.557725429534912, 2.118619918823242, 5.526719093322754, -1.6841158866882324, 2.0453941822052, -1.4263499975204468, 2.6026017665863037, 5.340224266052246, 6.726384162902832], [-0.5548081398010254, -3.033087730407715, 5.9044060707092285, -3.040621519088745, -0.6442839503288269, -1.9944484233856201, 2.857555627822876, -3.137821912765503, 0.3207037150859833, -4.0698347091674805, -1.7818471193313599, 21.551633834838867, 3.4499149322509766, 4.396238327026367, 0.19864521920681, 2.9031319618225098, -2.2347464561462402, -1.1644115447998047, -0.9771496057510376, -0.7856392860412598, 4.103786945343018], [0.7106293439865112, 3.961855411529541, -4.31852388381958, 3.76309871673584, 2.1631805896759033, -1.323879361152649, 1.3974448442459106, 0.439969927072525, 3.132405996322632, 2.407548666000366, 2.557725429534912, 3.4499149322509766, 19.385061264038086, -2.5353264808654785, 3.032517433166504, -0.7739550471305847, -5.377501487731934, 2.7495927810668945, 1.959810495376587, -1.9353935718536377, 5.047428607940674], [1.8892533779144287, 0.5758795142173767, 2.9954833984375, 0.4286392331123352, 4.678886890411377, 1.0800923109054565, 3.5229461193084717, -2.545884609222412, 2.474532127380371, -3.3221523761749268, 2.118619918823242, 4.396238327026367, -2.5353264808654785, 16.93470573425293, 1.9418041706085205, 3.489377737045288, 0.059707045555114746, 0.9710054397583008, -5.616888999938965, 1.943465232849121, -5.338268756866455], [1.0237582921981812, -2.0125107765197754, 0.025322118774056435, 1.9913933277130127, 0.9157899618148804, 0.3260728120803833, 2.1991918087005615, 1.4899674654006958, 1.9836739301681519, -3.2061080932617188, 5.526719093322754, 0.19864521920681, 3.032517433166504, 1.9418041706085205, 17.83567237854004, -1.330849051475525, 1.4593349695205688, -3.887387990951538, -0.8965593576431274, 1.1132028102874756, -1.7563819885253906], [4.539363861083984, 1.8797086477279663, 2.4862000942230225, 3.4531443119049072, 2.7907724380493164, 0.13711804151535034, 3.682543992996216, 1.6659046411514282, 0.4392273724079132, 1.3794138431549072, -1.6841158866882324, 2.9031319618225098, -0.7739550471305847, 3.489377737045288, -1.330849051475525, 11.242025375366211, 1.2799396514892578, 0.5140117406845093, 4.173835754394531, -0.12509694695472717, -4.51028299331665], [1.0090852975845337, -1.4961401224136353, -0.7342438697814941, 0.607075572013855, 0.3428264558315277, -5.142548561096191, 3.143258810043335, 2.589719533920288, 0.4687439501285553, -0.46255385875701904, 2.045393943786621, -2.234746217727661, -5.377500534057617, 0.05970732122659683, 1.459335207939148, 1.2799392938613892, 22.637632369995117, 3.398958444595337, -1.867649793624878, 7.12192964553833, -4.558510780334473], [2.178387403488159, 8.581600189208984, -2.1864817142486572, 3.360996961593628, -4.9701828956604, 1.8485609292984009, 2.1642189025878906, -2.4275801181793213, -3.8870162963867188, 4.487932205200195, -1.4263501167297363, -1.1644117832183838, 2.7495923042297363, 0.9710055589675903, -3.887388229370117, 0.5140118598937988, 3.398958444595337, 22.672210693359375, -2.5281996726989746, -2.0632834434509277, -3.6976306438446045], [2.528031587600708, 4.2355122566223145, 2.227642297744751, 1.8724071979522705, 0.49422961473464966, -1.1555063724517822, -1.5637242794036865, 5.990987777709961, -0.7955213785171509, 3.9748668670654297, 2.6026017665863037, -0.9771500825881958, 1.9598103761672974, -5.616888046264648, -0.8965587019920349, 4.1738362312316895, -1.867649793624878, -2.5281996726989746, 19.204872131347656, -3.9906506538391113, -3.2497687339782715], [3.5547285079956055, 1.421417474746704, 1.5793331861495972, 0.1687544882297516, 2.39595890045166, 3.3290796279907227, 0.2547405958175659, -3.358705997467041, 4.026823997497559, 1.9267393350601196, 5.340224742889404, -0.7856394648551941, -1.9353939294815063, 1.9434646368026733, 1.1132031679153442, -0.12509705126285553, 7.12192964553833, -2.0632834434509277, -3.9906506538391113, 21.460750579833984, 0.1375434398651123], [1.7740622758865356, -3.230299711227417, -0.30847030878067017, 3.2046403884887695, 3.066398859024048, -6.131186008453369, -9.460165023803711, -0.7174848318099976, -9.619189262390137, -13.592171669006348, 6.72638463973999, 4.103787899017334, 5.047429084777832, -5.338267803192139, -1.7563819885253906, -4.510282516479492, -4.558510780334473, -3.6976311206817627, -3.2497692108154297, 0.1375432014465332, 47.48805236816406]], "type": "heatmap"}], "layout": {"template": {"data": {"histogram2dcontour": [{"type": "histogram2dcontour", "colorbar": {"outlinewidth": 0, "ticks": ""}, "colorscale": [[0.0, "#0d0887"], [0.1111111111111111, "#46039f"], [0.2222222222222222, "#7201a8"], [0.3333333333333333, "#9c179e"], [0.4444444444444444, "#bd3786"], [0.5555555555555556, "#d8576b"], [0.6666666666666666, "#ed7953"], [0.7777777777777778, "#fb9f3a"], [0.8888888888888888, "#fdca26"], [1.0, "#f0f921"]]}], "choropleth": [{"type": "choropleth", "colorbar": {"outlinewidth": 0, "ticks": ""}}], "histogram2d": [{"type": "histogram2d", "colorbar": {"outlinewidth": 0, "ticks": ""}, "colorscale": [[0.0, "#0d0887"], [0.1111111111111111, "#46039f"], [0.2222222222222222, "#7201a8"], [0.3333333333333333, "#9c179e"], [0.4444444444444444, "#bd3786"], [0.5555555555555556, "#d8576b"], [0.6666666666666666, "#ed7953"], [0.7777777777777778, "#fb9f3a"], [0.8888888888888888, "#fdca26"], [1.0, "#f0f921"]]}], "heatmap": [{"type": "heatmap", "colorbar": {"outlinewidth": 0, "ticks": ""}, "colorscale": [[0.0, "#0d0887"], [0.1111111111111111, "#46039f"], [0.2222222222222222, "#7201a8"], [0.3333333333333333, "#9c179e"], [0.4444444444444444, "#bd3786"], [0.5555555555555556, "#d8576b"], [0.6666666666666666, "#ed7953"], [0.7777777777777778, "#fb9f3a"], [0.8888888888888888, "#fdca26"], [1.0, "#f0f921"]]}], "heatmapgl": [{"type": "heatmapgl", "colorbar": {"outlinewidth": 0, "ticks": ""}, "colorscale": [[0.0, "#0d0887"], [0.1111111111111111, "#46039f"], [0.2222222222222222, "#7201a8"], [0.3333333333333333, "#9c179e"], [0.4444444444444444, "#bd3786"], [0.5555555555555556, "#d8576b"], [0.6666666666666666, "#ed7953"], [0.7777777777777778, "#fb9f3a"], [0.8888888888888888, "#fdca26"], [1.0, "#f0f921"]]}], "contourcarpet": [{"type": "contourcarpet", "colorbar": {"outlinewidth": 0, "ticks": ""}}], "contour": [{"type": "contour", "colorbar": {"outlinewidth": 0, "ticks": ""}, "colorscale": [[0.0, "#0d0887"], [0.1111111111111111, "#46039f"], [0.2222222222222222, "#7201a8"], [0.3333333333333333, "#9c179e"], [0.4444444444444444, "#bd3786"], [0.5555555555555556, "#d8576b"], [0.6666666666666666, "#ed7953"], [0.7777777777777778, "#fb9f3a"], [0.8888888888888888, "#fdca26"], [1.0, "#f0f921"]]}], "surface": [{"type": "surface", "colorbar": {"outlinewidth": 0, "ticks": ""}, "colorscale": [[0.0, "#0d0887"], [0.1111111111111111, "#46039f"], [0.2222222222222222, "#7201a8"], [0.3333333333333333, "#9c179e"], [0.4444444444444444, "#bd3786"], [0.5555555555555556, "#d8576b"], [0.6666666666666666, "#ed7953"], [0.7777777777777778, "#fb9f3a"], [0.8888888888888888, "#fdca26"], [1.0, "#f0f921"]]}], "mesh3d": [{"type": "mesh3d", "colorbar": {"outlinewidth": 0, "ticks": ""}}], "scatter": [{"fillpattern": {"fillmode": "overlay", "size": 10, "solidity": 0.2}, "type": "scatter"}], "parcoords": [{"type": "parcoords", "line": {"colorbar": {"outlinewidth": 0, "ticks": ""}}}], "scatterpolargl": [{"type": "scatterpolargl", "marker": {"colorbar": {"outlinewidth": 0, "ticks": ""}}}], "bar": [{"error_x": {"color": "#2a3f5f"}, "error_y": {"color": "#2a3f5f"}, "marker": {"line": {"color": "#E5ECF6", "width": 0.5}, "pattern": {"fillmode": "overlay", "size": 10, "solidity": 0.2}}, "type": "bar"}], "scattergeo": [{"type": "scattergeo", "marker": {"colorbar": {"outlinewidth": 0, "ticks": ""}}}], "scatterpolar": [{"type": "scatterpolar", "marker": {"colorbar": {"outlinewidth": 0, "ticks": ""}}}], "histogram": [{"marker": {"pattern": {"fillmode": "overlay", "size": 10, "solidity": 0.2}}, "type": "histogram"}], "scattergl": [{"type": "scattergl", "marker": {"colorbar": {"outlinewidth": 0, "ticks": ""}}}], "scatter3d": [{"type": "scatter3d", "line": {"colorbar": {"outlinewidth": 0, "ticks": ""}}, "marker": {"colorbar": {"outlinewidth": 0, "ticks": ""}}}], "scattermapbox": [{"type": "scattermapbox", "marker": {"colorbar": {"outlinewidth": 0, "ticks": ""}}}], "scatterternary": [{"type": "scatterternary", "marker": {"colorbar": {"outlinewidth": 0, "ticks": ""}}}], "scattercarpet": [{"type": "scattercarpet", "marker": {"colorbar": {"outlinewidth": 0, "ticks": ""}}}], "carpet": [{"aaxis": {"endlinecolor": "#2a3f5f", "gridcolor": "white", "linecolor": "white", "minorgridcolor": "white", "startlinecolor": "#2a3f5f"}, "baxis": {"endlinecolor": "#2a3f5f", "gridcolor": "white", "linecolor": "white", "minorgridcolor": "white", "startlinecolor": "#2a3f5f"}, "type": "carpet"}], "table": [{"cells": {"fill": {"color": "#EBF0F8"}, "line": {"color": "white"}}, "header": {"fill": {"color": "#C8D4E3"}, "line": {"color": "white"}}, "type": "table"}], "barpolar": [{"marker": {"line": {"color": "#E5ECF6", "width": 0.5}, "pattern": {"fillmode": "overlay", "size": 10, "solidity": 0.2}}, "type": "barpolar"}], "pie": [{"automargin": true, "type": "pie"}]}, "layout": {"autotypenumbers": "strict", "colorway": ["#636efa", "#EF553B", "#00cc96", "#ab63fa", "#FFA15A", "#19d3f3", "#FF6692", "#B6E880", "#FF97FF", "#FECB52"], "font": {"color": "#2a3f5f"}, "hovermode": "closest", "hoverlabel": {"align": "left"}, "paper_bgcolor": "white", "plot_bgcolor": "#E5ECF6", "polar": {"bgcolor": "#E5ECF6", "angularaxis": {"gridcolor": "white", "linecolor": "white", "ticks": ""}, "radialaxis": {"gridcolor": "white", "linecolor": "white", "ticks": ""}}, "ternary": {"bgcolor": "#E5ECF6", "aaxis": {"gridcolor": "white", "linecolor": "white", "ticks": ""}, "baxis": {"gridcolor": "white", "linecolor": "white", "ticks": ""}, "caxis": {"gridcolor": "white", "linecolor": "white", "ticks": ""}}, "coloraxis": {"colorbar": {"outlinewidth": 0, "ticks": ""}}, "colorscale": {"sequential": [[0.0, "#0d0887"], [0.1111111111111111, "#46039f"], [0.2222222222222222, "#7201a8"], [0.3333333333333333, "#9c179e"], [0.4444444444444444, "#bd3786"], [0.5555555555555556, "#d8576b"], [0.6666666666666666, "#ed7953"], [0.7777777777777778, "#fb9f3a"], [0.8888888888888888, "#fdca26"], [1.0, "#f0f921"]], "sequentialminus": [[0.0, "#0d0887"], [0.1111111111111111, "#46039f"], [0.2222222222222222, "#7201a8"], [0.3333333333333333, "#9c179e"], [0.4444444444444444, "#bd3786"], [0.5555555555555556, "#d8576b"], [0.6666666666666666, "#ed7953"], [0.7777777777777778, "#fb9f3a"], [0.8888888888888888, "#fdca26"], [1.0, "#f0f921"]], "diverging": [[0, "#8e0152"], [0.1, "#c51b7d"], [0.2, "#de77ae"], [0.3, "#f1b6da"], [0.4, "#fde0ef"], [0.5, "#f7f7f7"], [0.6, "#e6f5d0"], [0.7, "#b8e186"], [0.8, "#7fbc41"], [0.9, "#4d9221"], [1, "#276419"]]}, "xaxis": {"gridcolor": "white", "linecolor": "white", "ticks": "", "title": {"standoff": 15}, "zerolinecolor": "white", "automargin": true, "zerolinewidth": 2}, "yaxis": {"gridcolor": "white", "linecolor": "white", "ticks": "", "title": {"standoff": 15}, "zerolinecolor": "white", "automargin": true, "zerolinewidth": 2}, "scene": {"xaxis": {"backgroundcolor": "#E5ECF6", "gridcolor": "white", "linecolor": "white", "showbackground": true, "ticks": "", "zerolinecolor": "white", "gridwidth": 2}, "yaxis": {"backgroundcolor": "#E5ECF6", "gridcolor": "white", "linecolor": "white", "showbackground": true, "ticks": "", "zerolinecolor": "white", "gridwidth": 2}, "zaxis": {"backgroundcolor": "#E5ECF6", "gridcolor": "white", "linecolor": "white", "showbackground": true, "ticks": "", "zerolinecolor": "white", "gridwidth": 2}}, "shapedefaults": {"line": {"color": "#2a3f5f"}}, "annotationdefaults": {"arrowcolor": "#2a3f5f", "arrowhead": 0, "arrowwidth": 1}, "geo": {"bgcolor": "white", "landcolor": "#E5ECF6", "subunitcolor": "white", "showland": true, "showlakes": true, "lakecolor": "white"}, "title": {"x": 0.05}, "mapbox": {"style": "light"}}}}}