{"data": [{"z": [[23.424345016479492, 1.844857096672058, 0.9587406516075134, -0.3324263095855713, 6.682854175567627, -1.2955889701843262, -0.33768418431282043, 3.9208481311798096, 1.670822024345398, -4.4933671951293945, 5.155246734619141, -0.4710458219051361, 0.6856141686439514, 1.95081627368927, 1.089124321937561, 4.5736846923828125, 1.0279568433761597, 2.1811442375183105, 2.449846029281616, 3.4659924507141113, 1.7781697511672974], [1.844857096672058, 16.903392791748047, -1.922850489616394, 1.0180463790893555, -1.73792564868927, 0.8071331977844238, -0.13652746379375458, 0.09568379819393158, -1.5095372200012207, 5.26979923248291, 1.323207139968872, -3.011744976043701, 3.998591423034668, 0.6265740990638733, -1.9166886806488037, 1.9957008361816406, -1.4341390132904053, 8.543927192687988, 4.236793518066406, 1.3860975503921509, -3.2573442459106445], [0.9587406516075134, -1.922850489616394, 21.84142303466797, 3.8439230918884277, 2.574864387512207, 2.600860834121704, 5.974529266357422, -3.440006971359253, 0.2512364685535431, 1.0954021215438843, 1.5963542461395264, 5.904851913452148, -4.264418601989746, 3.005566120147705, 0.07227034121751785, 2.554877996444702, -0.7045632600784302, -2.143249750137329, 2.1970860958099365, 1.537471055984497, -0.29018521308898926], [-0.3324263095855713, 1.0180463790893555, 3.8439230918884277, 24.317718505859375, 2.125680685043335, 3.0840089321136475, 2.7778918743133545, -4.593600273132324, -5.773227691650391, 5.874276161193848, 11.409618377685547, -2.9527502059936523, 3.8189196586608887, 0.44696399569511414, 2.046572208404541, 3.4774892330169678, 0.6272222995758057, 3.365882396697998, 1.9038047790527344, 0.175459623336792, 3.2331371307373047], [6.682854175567627, -1.73792564868927, 2.574864387512207, 2.125680685043335, 14.133654594421387, -1.9281723499298096, 3.8005685806274414, 2.6944291591644287, 1.891165018081665, -1.5289058685302734, 3.193974256515503, -0.6380634903907776, 2.1666080951690674, 4.70200777053833, 0.9567559957504272, 2.800823450088501, 0.37245243787765503, -4.9042463302612305, 0.49111437797546387, 2.313192367553711, 2.9851717948913574], [-1.2955889701843262, 0.8071331977844238, 2.600860834121704, 3.0840089321136475, -1.9281723499298096, 20.746686935424805, -0.37584441900253296, 0.33911991119384766, 3.3444664478302, 4.0385613441467285, 1.174818992614746, -1.9095555543899536, -1.2627818584442139, 1.0857197046279907, 0.3929885923862457, 0.18296964466571808, -5.0809454917907715, 1.8410674333572388, -1.1063051223754883, 3.225004196166992, -6.066435813903809], [-0.33768418431282043, -0.13652746379375458, 5.974529266357422, 2.7778918743133545, 3.8005685806274414, -0.37584441900253296, 17.179372787475586, 1.3212735652923584, 1.368087887763977, 2.4496514797210693, -1.2637947797775269, 2.8655343055725098, 1.3909133672714233, 3.586256265640259, 2.2101967334747314, 3.693784236907959, 3.175976037979126, 2.163316011428833, -1.5320382118225098, 0.23993563652038574, -9.431926727294922], [3.9208481311798096, 0.09568379819393158, -3.440006971359253, -4.593600273132324, 2.6944291591644287, 0.33911991119384766, 1.3212735652923584, 18.620267868041992, 3.3655335903167725, -0.43336737155914307, -2.5020627975463867, -3.0988168716430664, 0.4602424204349518, -2.48465633392334, 1.5608725547790527, 1.6968989372253418, 2.612924337387085, -2.3906071186065674, 5.9661078453063965, -3.2907259464263916, -0.7389710545539856], [1.670822024345398, -1.5095372200012207, 0.2512364685535431, -5.773227691650391, 1.891165018081665, 3.3444664478302, 1.368087887763977, 3.3655335903167725, 18.244056701660156, 2.6953608989715576, -5.023327350616455, 0.3405131995677948, 3.0673978328704834, 2.4844160079956055, 2.0700409412384033, 0.5223984122276306, 0.5041255950927734, -3.8190762996673584, -0.7861006259918213, 3.9077978134155273, -9.638635635375977], [-4.4933671951293945, 5.26979923248291, 1.0954021215438843, 5.874276161193848, -1.5289058685302734, 4.0385613441467285, 2.4496514797210693, -0.43336737155914307, 2.6953608989715576, 18.872243881225586, -2.669752359390259, -4.015753269195557, 2.403717041015625, -3.2725577354431152, -3.0729997158050537, 1.4956401586532593, -0.42528867721557617, 4.530336380004883, 3.988156795501709, 1.8831839561462402, -13.594476699829102], [5.155246734619141, 1.323207139968872, 1.5963542461395264, 11.409618377685547, 3.193974256515503, 1.174818992614746, -1.2637947797775269, -2.5020627975463867, -5.023327350616455, -2.669752359390259, 17.834997177124023, -1.7811570167541504, 2.5661067962646484, 2.1342458724975586, 5.533904552459717, -1.6290814876556396, 2.0777740478515625, -1.3421939611434937, 2.540264129638672, 5.319012641906738, 6.618955612182617], [-0.4710458219051361, -3.011744976043701, 5.904851913452148, -2.9527502059936523, -0.6380634903907776, -1.9095555543899536, 2.8655343055725098, -3.0988168716430664, 0.3405131995677948, -4.015753269195557, -1.7811570167541504, 21.431528091430664, 3.4807827472686768, 4.436342716217041, 0.24527417123317719, 2.8727426528930664, -2.164386749267578, -1.177811622619629, -0.9572803974151611, -0.7326297760009766, 4.047728538513184], [0.6856141686439514, 3.998591423034668, -4.264418601989746, 3.8189196586608887, 2.1666080951690674, -1.2627818584442139, 1.3909133672714233, 0.4602424204349518, 3.0673978328704834, 2.403717041015625, 2.5661067962646484, 3.4807827472686768, 19.182199478149414, -2.4378292560577393, 3.040512800216675, -0.6842527389526367, -5.2805047035217285, 2.7149713039398193, 1.914492130279541, -1.9275023937225342, 5.065211772918701], [1.95081627368927, 0.6265740990638733, 3.005566120147705, 0.44696399569511414, 4.70200777053833, 1.0857197046279907, 3.586256265640259, -2.48465633392334, 2.4844160079956055, -3.2725577354431152, 2.1342458724975586, 4.436342716217041, -2.4378292560577393, 16.817251205444336, 1.9767073392868042, 3.4830448627471924, 0.09194517135620117, 1.0038560628890991, -5.517920017242432, 1.9779620170593262, -5.316102504730225], [1.089124321937561, -1.9166886806488037, 0.07227034121751785, 2.046572208404541, 0.9567559957504272, 0.3929885923862457, 2.2101967334747314, 1.5608725547790527, 2.0700409412384033, -3.0729997158050537, 5.533904552459717, 0.24527417123317719, 3.040512800216675, 1.9767073392868042, 17.82087516784668, -1.238516092300415, 1.481945276260376, -3.7979965209960938, -0.8560287952423096, 1.1235103607177734, -1.8314496278762817], [4.5736846923828125, 1.9957008361816406, 2.554877996444702, 3.4774892330169678, 2.800823450088501, 0.18296964466571808, 3.693784236907959, 1.6968989372253418, 0.5223984122276306, 1.4956401586532593, -1.6290814876556396, 2.8727426528930664, -0.6842527389526367, 3.4830448627471924, -1.238516092300415, 11.29611587524414, 1.3493108749389648, 0.6058288812637329, 4.191861629486084, -0.07610616087913513, -4.595083236694336], [1.0279574394226074, -1.4341388940811157, -0.7045630812644958, 0.6272230744361877, 0.3724517226219177, -5.080944538116455, 3.1759753227233887, 2.6129238605499268, 0.5041256546974182, -0.425289124250412, 2.077773332595825, -2.1643874645233154, -5.28050422668457, 0.09194536507129669, 1.4819450378417969, 1.3493106365203857, 22.561599731445312, 3.3884594440460205, -1.8332643508911133, 7.118828773498535, -4.567588806152344], [2.1811447143554688, 8.543926239013672, -2.143249750137329, 3.36588191986084, -4.904245376586914, 1.8410671949386597, 2.163315534591675, -2.3906073570251465, -3.8190760612487793, 4.530336856842041, -1.3421941995620728, -1.1778112649917603, 2.714970827102661, 1.0038559436798096, -3.7979962825775146, 0.6058287620544434, 3.3884594440460205, 22.555225372314453, -2.48825740814209, -2.060187816619873, -3.798153877258301], [2.449845552444458, 4.236793518066406, 2.1970865726470947, 1.9038053750991821, 0.4911145269870758, -1.1063050031661987, -1.532038688659668, 5.96610689163208, -0.7861002683639526, 3.988156795501709, 2.540264844894409, -0.9572802782058716, 1.9144929647445679, -5.517919540405273, -0.8560294508934021, 4.191861629486084, -1.8332643508911133, -2.48825740814209, 19.06545639038086, -4.014620304107666, -3.2739248275756836], [3.465991258621216, 1.3860975503921509, 1.5374711751937866, 0.17545996606349945, 2.313192129135132, 3.225003719329834, 0.23993581533432007, -3.2907254695892334, 3.907797336578369, 1.8831838369369507, 5.319011688232422, -0.7326294183731079, -1.9275023937225342, 1.9779621362686157, 1.123510718345642, -0.07610628753900528, 7.118828773498535, -2.060187816619873, -4.014620304107666, 21.205970764160156, 0.20413193106651306], [1.7781696319580078, -3.2573442459106445, -0.2901850938796997, 3.233137607574463, 2.9851722717285156, -6.066435813903809, -9.431927680969238, -0.7389709949493408, -9.638635635375977, -13.594476699829102, 6.618955612182617, 4.047729015350342, 5.065211772918701, -5.316102504730225, -1.8314497470855713, -4.595083236694336, -4.5675883293151855, -3.79815411567688, -3.2739248275756836, 0.2041316032409668, 47.48805236816406]], "type": "heatmap"}], "layout": {"template": {"data": {"histogram2dcontour": [{"type": "histogram2dcontour", "colorbar": {"outlinewidth": 0, "ticks": ""}, "colorscale": [[0.0, "#0d0887"], [0.1111111111111111, "#46039f"], [0.2222222222222222, "#7201a8"], [0.3333333333333333, "#9c179e"], [0.4444444444444444, "#bd3786"], [0.5555555555555556, "#d8576b"], [0.6666666666666666, "#ed7953"], [0.7777777777777778, "#fb9f3a"], [0.8888888888888888, "#fdca26"], [1.0, "#f0f921"]]}], "choropleth": [{"type": "choropleth", "colorbar": {"outlinewidth": 0, "ticks": ""}}], "histogram2d": [{"type": "histogram2d", "colorbar": {"outlinewidth": 0, "ticks": ""}, "colorscale": [[0.0, "#0d0887"], [0.1111111111111111, "#46039f"], [0.2222222222222222, "#7201a8"], [0.3333333333333333, "#9c179e"], [0.4444444444444444, "#bd3786"], [0.5555555555555556, "#d8576b"], [0.6666666666666666, "#ed7953"], [0.7777777777777778, "#fb9f3a"], [0.8888888888888888, "#fdca26"], [1.0, "#f0f921"]]}], "heatmap": [{"type": "heatmap", "colorbar": {"outlinewidth": 0, "ticks": ""}, "colorscale": [[0.0, "#0d0887"], [0.1111111111111111, "#46039f"], [0.2222222222222222, "#7201a8"], [0.3333333333333333, "#9c179e"], [0.4444444444444444, "#bd3786"], [0.5555555555555556, "#d8576b"], [0.6666666666666666, "#ed7953"], [0.7777777777777778, "#fb9f3a"], [0.8888888888888888, "#fdca26"], [1.0, "#f0f921"]]}], "heatmapgl": [{"type": "heatmapgl", "colorbar": {"outlinewidth": 0, "ticks": ""}, "colorscale": [[0.0, "#0d0887"], [0.1111111111111111, "#46039f"], [0.2222222222222222, "#7201a8"], [0.3333333333333333, "#9c179e"], [0.4444444444444444, "#bd3786"], [0.5555555555555556, "#d8576b"], [0.6666666666666666, "#ed7953"], [0.7777777777777778, "#fb9f3a"], [0.8888888888888888, "#fdca26"], [1.0, "#f0f921"]]}], "contourcarpet": [{"type": "contourcarpet", "colorbar": {"outlinewidth": 0, "ticks": ""}}], "contour": [{"type": "contour", "colorbar": {"outlinewidth": 0, "ticks": ""}, "colorscale": [[0.0, "#0d0887"], [0.1111111111111111, "#46039f"], [0.2222222222222222, "#7201a8"], [0.3333333333333333, "#9c179e"], [0.4444444444444444, "#bd3786"], [0.5555555555555556, "#d8576b"], [0.6666666666666666, "#ed7953"], [0.7777777777777778, "#fb9f3a"], [0.8888888888888888, "#fdca26"], [1.0, "#f0f921"]]}], "surface": [{"type": "surface", "colorbar": {"outlinewidth": 0, "ticks": ""}, "colorscale": [[0.0, "#0d0887"], [0.1111111111111111, "#46039f"], [0.2222222222222222, "#7201a8"], [0.3333333333333333, "#9c179e"], [0.4444444444444444, "#bd3786"], [0.5555555555555556, "#d8576b"], [0.6666666666666666, "#ed7953"], [0.7777777777777778, "#fb9f3a"], [0.8888888888888888, "#fdca26"], [1.0, "#f0f921"]]}], "mesh3d": [{"type": "mesh3d", "colorbar": {"outlinewidth": 0, "ticks": ""}}], "scatter": [{"fillpattern": {"fillmode": "overlay", "size": 10, "solidity": 0.2}, "type": "scatter"}], "parcoords": [{"type": "parcoords", "line": {"colorbar": {"outlinewidth": 0, "ticks": ""}}}], "scatterpolargl": [{"type": "scatterpolargl", "marker": {"colorbar": {"outlinewidth": 0, "ticks": ""}}}], "bar": [{"error_x": {"color": "#2a3f5f"}, "error_y": {"color": "#2a3f5f"}, "marker": {"line": {"color": "#E5ECF6", "width": 0.5}, "pattern": {"fillmode": "overlay", "size": 10, "solidity": 0.2}}, "type": "bar"}], "scattergeo": [{"type": "scattergeo", "marker": {"colorbar": {"outlinewidth": 0, "ticks": ""}}}], "scatterpolar": [{"type": "scatterpolar", "marker": {"colorbar": {"outlinewidth": 0, "ticks": ""}}}], "histogram": [{"marker": {"pattern": {"fillmode": "overlay", "size": 10, "solidity": 0.2}}, "type": "histogram"}], "scattergl": [{"type": "scattergl", "marker": {"colorbar": {"outlinewidth": 0, "ticks": ""}}}], "scatter3d": [{"type": "scatter3d", "line": {"colorbar": {"outlinewidth": 0, "ticks": ""}}, "marker": {"colorbar": {"outlinewidth": 0, "ticks": ""}}}], "scattermapbox": [{"type": "scattermapbox", "marker": {"colorbar": {"outlinewidth": 0, "ticks": ""}}}], "scatterternary": [{"type": "scatterternary", "marker": {"colorbar": {"outlinewidth": 0, "ticks": ""}}}], "scattercarpet": [{"type": "scattercarpet", "marker": {"colorbar": {"outlinewidth": 0, "ticks": ""}}}], "carpet": [{"aaxis": {"endlinecolor": "#2a3f5f", "gridcolor": "white", "linecolor": "white", "minorgridcolor": "white", "startlinecolor": "#2a3f5f"}, "baxis": {"endlinecolor": "#2a3f5f", "gridcolor": "white", "linecolor": "white", "minorgridcolor": "white", "startlinecolor": "#2a3f5f"}, "type": "carpet"}], "table": [{"cells": {"fill": {"color": "#EBF0F8"}, "line": {"color": "white"}}, "header": {"fill": {"color": "#C8D4E3"}, "line": {"color": "white"}}, "type": "table"}], "barpolar": [{"marker": {"line": {"color": "#E5ECF6", "width": 0.5}, "pattern": {"fillmode": "overlay", "size": 10, "solidity": 0.2}}, "type": "barpolar"}], "pie": [{"automargin": true, "type": "pie"}]}, "layout": {"autotypenumbers": "strict", "colorway": ["#636efa", "#EF553B", "#00cc96", "#ab63fa", "#FFA15A", "#19d3f3", "#FF6692", "#B6E880", "#FF97FF", "#FECB52"], "font": {"color": "#2a3f5f"}, "hovermode": "closest", "hoverlabel": {"align": "left"}, "paper_bgcolor": "white", "plot_bgcolor": "#E5ECF6", "polar": {"bgcolor": "#E5ECF6", "angularaxis": {"gridcolor": "white", "linecolor": "white", "ticks": ""}, "radialaxis": {"gridcolor": "white", "linecolor": "white", "ticks": ""}}, "ternary": {"bgcolor": "#E5ECF6", "aaxis": {"gridcolor": "white", "linecolor": "white", "ticks": ""}, "baxis": {"gridcolor": "white", "linecolor": "white", "ticks": ""}, "caxis": {"gridcolor": "white", "linecolor": "white", "ticks": ""}}, "coloraxis": {"colorbar": {"outlinewidth": 0, "ticks": ""}}, "colorscale": {"sequential": [[0.0, "#0d0887"], [0.1111111111111111, "#46039f"], [0.2222222222222222, "#7201a8"], [0.3333333333333333, "#9c179e"], [0.4444444444444444, "#bd3786"], [0.5555555555555556, "#d8576b"], [0.6666666666666666, "#ed7953"], [0.7777777777777778, "#fb9f3a"], [0.8888888888888888, "#fdca26"], [1.0, "#f0f921"]], "sequentialminus": [[0.0, "#0d0887"], [0.1111111111111111, "#46039f"], [0.2222222222222222, "#7201a8"], [0.3333333333333333, "#9c179e"], [0.4444444444444444, "#bd3786"], [0.5555555555555556, "#d8576b"], [0.6666666666666666, "#ed7953"], [0.7777777777777778, "#fb9f3a"], [0.8888888888888888, "#fdca26"], [1.0, "#f0f921"]], "diverging": [[0, "#8e0152"], [0.1, "#c51b7d"], [0.2, "#de77ae"], [0.3, "#f1b6da"], [0.4, "#fde0ef"], [0.5, "#f7f7f7"], [0.6, "#e6f5d0"], [0.7, "#b8e186"], [0.8, "#7fbc41"], [0.9, "#4d9221"], [1, "#276419"]]}, "xaxis": {"gridcolor": "white", "linecolor": "white", "ticks": "", "title": {"standoff": 15}, "zerolinecolor": "white", "automargin": true, "zerolinewidth": 2}, "yaxis": {"gridcolor": "white", "linecolor": "white", "ticks": "", "title": {"standoff": 15}, "zerolinecolor": "white", "automargin": true, "zerolinewidth": 2}, "scene": {"xaxis": {"backgroundcolor": "#E5ECF6", "gridcolor": "white", "linecolor": "white", "showbackground": true, "ticks": "", "zerolinecolor": "white", "gridwidth": 2}, "yaxis": {"backgroundcolor": "#E5ECF6", "gridcolor": "white", "linecolor": "white", "showbackground": true, "ticks": "", "zerolinecolor": "white", "gridwidth": 2}, "zaxis": {"backgroundcolor": "#E5ECF6", "gridcolor": "white", "linecolor": "white", "showbackground": true, "ticks": "", "zerolinecolor": "white", "gridwidth": 2}}, "shapedefaults": {"line": {"color": "#2a3f5f"}}, "annotationdefaults": {"arrowcolor": "#2a3f5f", "arrowhead": 0, "arrowwidth": 1}, "geo": {"bgcolor": "white", "landcolor": "#E5ECF6", "subunitcolor": "white", "showland": true, "showlakes": true, "lakecolor": "white"}, "title": {"x": 0.05}, "mapbox": {"style": "light"}}}}}