{"data": [{"z": [[26.33524513244629, 1.0159372091293335, 0.5147973895072937, -1.3938193321228027, 7.17786979675293, -2.2831296920776367, -1.7167062759399414, 3.1275339126586914, 1.2292981147766113, -6.6267290115356445, 5.208542823791504, -1.498124122619629, -0.22233209013938904, 0.8237878084182739, 0.29600587487220764, 4.349371433258057, 0.36020851135253906, 1.5194705724716187, 2.355043888092041, 3.375117301940918, 2.568336009979248], [1.0159372091293335, 18.079923629760742, -2.375084400177002, -0.22098204493522644, -2.551074266433716, -0.27022215723991394, -0.39718097448349, -1.3019477128982544, -2.256803512573242, 4.961163520812988, 0.2965356409549713, -3.6141326427459717, 3.9367332458496094, -0.1527175009250641, -2.929422378540039, 1.1079673767089844, -2.106569290161133, 9.203393936157227, 4.518066883087158, 1.2219667434692383, -2.9580142498016357], [0.5147973895072937, -2.375084400177002, 23.77665901184082, 4.13177490234375, 2.7149085998535156, 2.5190367698669434, 6.013309478759766, -4.778133392333984, -0.7824910879135132, 0.5425023436546326, 1.0239688158035278, 5.451116561889648, -5.3938117027282715, 2.701859712600708, -0.6201392412185669, 1.9994711875915527, -1.4386130571365356, -2.904928684234619, 1.9170609712600708, 1.15313720703125, -0.034032344818115234], [-1.3938193321228027, -0.22098204493522644, 4.13177490234375, 26.12246322631836, 2.0991296768188477, 2.1238458156585693, 2.092434883117676, -5.9751200675964355, -7.9810099601745605, 5.145288944244385, 12.459110260009766, -4.315247058868408, 2.8298826217651367, -0.4443921744823456, 1.4949936866760254, 3.232741117477417, 0.19359850883483887, 3.169018268585205, 1.1472911834716797, -1.0508215427398682, 4.133995532989502], [7.17786979675293, -2.551074266433716, 2.7149085998535156, 2.0991296768188477, 15.09708309173584, -2.5717971324920654, 3.6544344425201416, 2.527273178100586, 1.3957538604736328, -2.961158275604248, 3.773221015930176, -1.1166963577270508, 1.6593408584594727, 4.618804454803467, 0.507691502571106, 2.8195884227752686, -0.1877189576625824, -6.296557903289795, -0.016106843948364258, 2.1820321083068848, 3.6119883060455322], [-2.2831296920776367, -0.27022215723991394, 2.5190367698669434, 2.1238458156585693, -2.5717971324920654, 23.002775192260742, -1.1122575998306274, -0.9128984808921814, 3.3765649795532227, 3.43627667427063, 0.22714754939079285, -3.413020133972168, -2.9130914211273193, 0.7468336224555969, -0.24444176256656647, -0.5475639700889587, -6.232097625732422, 1.644911766052246, -2.963498115539551, 3.0092153549194336, -6.045780658721924], [-1.7167062759399414, -0.39718097448349, 6.013309478759766, 2.092434883117676, 3.6544344425201416, -1.1122575998306274, 18.760421752929688, 0.7318329215049744, 0.719508707523346, 2.189349889755249, -2.1541154384613037, 2.3118736743927, 1.5318835973739624, 3.0328891277313232, 1.8049722909927368, 3.3535728454589844, 2.6526646614074707, 2.5237529277801514, -2.469702959060669, -0.8273959159851074, -9.783068656921387], [3.1275339126586914, -1.3019477128982544, -4.778133392333984, -5.9751200675964355, 2.527273178100586, -0.9128984808921814, 0.7318329215049744, 19.31239128112793, 2.8054039478302, -2.0321927070617676, -3.125685214996338, -4.224417209625244, -0.16186760365962982, -3.543523073196411, 1.201088309288025, 1.1867892742156982, 2.3282032012939453, -3.240678071975708, 6.1125593185424805, -4.817906856536865, 0.03642857074737549], [1.2292981147766113, -2.256803512573242, -0.7824910879135132, -7.9810099601745605, 1.3957538604736328, 3.3765649795532227, 0.719508707523346, 2.8054039478302, 20.543001174926758, 2.082787275314331, -7.189481258392334, -0.664960503578186, 2.8043088912963867, 2.573990821838379, 1.1485352516174316, -0.24304898083209991, 0.06575131416320801, -4.411804676055908, -1.753631830215454, 4.358495712280273, -9.782389640808105], [-6.6267290115356445, 4.961163520812988, 0.5425023436546326, 5.145288944244385, -2.961158275604248, 3.43627667427063, 2.189349889755249, -2.0321927070617676, 2.082787275314331, 20.166433334350586, -4.596682548522949, -5.790248394012451, 1.9413182735443115, -3.997817277908325, -4.413694381713867, 0.21576866507530212, -0.6932821273803711, 4.695468902587891, 3.4644579887390137, 1.542984962463379, -13.866998672485352], [5.208542823791504, 0.2965356409549713, 1.0239688158035278, 12.459110260009766, 3.773221015930176, 0.22714754939079285, -2.1541154384613037, -3.125685214996338, -7.189481258392334, -4.596682548522949, 19.855361938476562, -2.68662166595459, 2.011821985244751, 1.7444552183151245, 5.458940029144287, -2.4758565425872803, 1.856301188468933, -2.648604154586792, 2.6544408798217773, 4.94093656539917, 7.865610122680664], [-1.498124122619629, -3.6141326427459717, 5.451116561889648, -4.315247058868408, -1.1166963577270508, -3.413020133972168, 2.3118736743927, -4.224417209625244, -0.664960503578186, -5.790248394012451, -2.68662166595459, 23.790082931518555, 3.756847620010376, 3.8445382118225098, -0.9237556457519531, 2.726168155670166, -3.1056056022644043, -1.4904017448425293, -1.5302958488464355, -1.6803014278411865, 5.784576892852783], [-0.22233209013938904, 3.9367332458496094, -5.3938117027282715, 2.8298826217651367, 1.6593408584594727, -2.9130914211273193, 1.5318835973739624, -0.16186760365962982, 2.8043088912963867, 1.9413182735443115, 2.011821985244751, 3.756847620010376, 22.196147918701172, -3.966961622238159, 2.657802104949951, -1.828879475593567, -6.622194766998291, 3.2529191970825195, 1.8072021007537842, -2.9927022457122803, 5.717248916625977], [0.8237878084182739, -0.1527175009250641, 2.701859712600708, -0.4443921744823456, 4.618804454803467, 0.7468336224555969, 3.0328891277313232, -3.543523073196411, 2.573990821838379, -3.997817277908325, 1.7444552183151245, 3.8445382118225098, -3.966961622238159, 18.64801597595215, 1.6447445154190063, 3.468123197555542, -0.37828606367111206, 0.7331821918487549, -7.280757904052734, 1.0967917442321777, -5.59030294418335], [0.29600587487220764, -2.929422378540039, -0.6201392412185669, 1.4949936866760254, 0.507691502571106, -0.24444176256656647, 1.8049722909927368, 1.201088309288025, 1.1485352516174316, -4.413694381713867, 5.458940029144287, -0.9237556457519531, 2.657802104949951, 1.6447445154190063, 18.962390899658203, -2.1958067417144775, 1.0476064682006836, -4.787835597991943, -1.332731008529663, 0.26051926612854004, -1.25901198387146], [4.349371433258057, 1.1079673767089844, 1.9994711875915527, 3.232741117477417, 2.8195884227752686, -0.5475639700889587, 3.3535728454589844, 1.1867892742156982, -0.24304898083209991, 0.21576866507530212, -2.4758565425872803, 2.726168155670166, -1.828879475593567, 3.468123197555542, -2.1958067417144775, 11.79062271118164, 0.7196762561798096, -0.2303730845451355, 4.055631637573242, -1.264917254447937, -3.9962215423583984], [0.36020854115486145, -2.106569528579712, -1.4386128187179565, 0.19359943270683289, -0.1877194344997406, -6.23209810256958, 2.652665615081787, 2.3282036781311035, 0.0657518059015274, -0.6932818293571472, 1.856300950050354, -3.1056056022644043, -6.622194766998291, -0.3782859444618225, 1.0476064682006836, 0.7196765542030334, 24.219249725341797, 3.4978220462799072, -2.5377728939056396, 7.4513726234436035, -4.196532249450684], [1.5194706916809082, 9.203393936157227, -2.9049289226531982, 3.169018268585205, -6.296557426452637, 1.6449120044708252, 2.523752450942993, -3.240678071975708, -4.41180419921875, 4.695468425750732, -2.648603677749634, -1.4904017448425293, 3.2529196739196777, 0.7331821918487549, -4.787836074829102, -0.23037350177764893, 3.4978220462799072, 25.23517417907715, -3.4678807258605957, -3.000300884246826, -3.513817071914673], [2.355043649673462, 4.51806640625, 1.9170613288879395, 1.1472909450531006, -0.01610676199197769, -2.9634978771209717, -2.469702959060669, 6.112559795379639, -1.7536319494247437, 3.4644577503204346, 2.6544413566589355, -1.530295968055725, 1.8072023391723633, -7.280758380889893, -1.3327313661575317, 4.055633068084717, -2.5377728939056396, -3.4678807258605957, 21.541200637817383, -5.1028594970703125, -3.2210845947265625], [3.375117301940918, 1.2219667434692383, 1.1531376838684082, -1.0508216619491577, 2.1820316314697266, 3.009215831756592, -0.8273960947990417, -4.817906856536865, 4.358495712280273, 1.5429848432540894, 4.9409356117248535, -1.6803014278411865, -2.9927031993865967, 1.096791386604309, 0.260518878698349, -1.2649173736572266, 7.4513726234436035, -3.000300884246826, -5.1028594970703125, 23.441905975341797, 0.5632739663124084], [2.568336248397827, -2.958014488220215, -0.03403237462043762, 4.133995532989502, 3.6119885444641113, -6.045781135559082, -9.78306770324707, 0.03642857074737549, -9.782390594482422, -13.867000579833984, 7.865609169006348, 5.784577369689941, 5.717248916625977, -5.590304374694824, -1.2590124607086182, -3.9962215423583984, -4.196532249450684, -3.5138168334960938, -3.2210848331451416, 0.5632741451263428, 47.48805236816406]], "type": "heatmap"}], "layout": {"template": {"data": {"histogram2dcontour": [{"type": "histogram2dcontour", "colorbar": {"outlinewidth": 0, "ticks": ""}, "colorscale": [[0.0, "#0d0887"], [0.1111111111111111, "#46039f"], [0.2222222222222222, "#7201a8"], [0.3333333333333333, "#9c179e"], [0.4444444444444444, "#bd3786"], [0.5555555555555556, "#d8576b"], [0.6666666666666666, "#ed7953"], [0.7777777777777778, "#fb9f3a"], [0.8888888888888888, "#fdca26"], [1.0, "#f0f921"]]}], "choropleth": [{"type": "choropleth", "colorbar": {"outlinewidth": 0, "ticks": ""}}], "histogram2d": [{"type": "histogram2d", "colorbar": {"outlinewidth": 0, "ticks": ""}, "colorscale": [[0.0, "#0d0887"], [0.1111111111111111, "#46039f"], [0.2222222222222222, "#7201a8"], [0.3333333333333333, "#9c179e"], [0.4444444444444444, "#bd3786"], [0.5555555555555556, "#d8576b"], [0.6666666666666666, "#ed7953"], [0.7777777777777778, "#fb9f3a"], [0.8888888888888888, "#fdca26"], [1.0, "#f0f921"]]}], "heatmap": [{"type": "heatmap", "colorbar": {"outlinewidth": 0, "ticks": ""}, "colorscale": [[0.0, "#0d0887"], [0.1111111111111111, "#46039f"], [0.2222222222222222, "#7201a8"], [0.3333333333333333, "#9c179e"], [0.4444444444444444, "#bd3786"], [0.5555555555555556, "#d8576b"], [0.6666666666666666, "#ed7953"], [0.7777777777777778, "#fb9f3a"], [0.8888888888888888, "#fdca26"], [1.0, "#f0f921"]]}], "heatmapgl": [{"type": "heatmapgl", "colorbar": {"outlinewidth": 0, "ticks": ""}, "colorscale": [[0.0, "#0d0887"], [0.1111111111111111, "#46039f"], [0.2222222222222222, "#7201a8"], [0.3333333333333333, "#9c179e"], [0.4444444444444444, "#bd3786"], [0.5555555555555556, "#d8576b"], [0.6666666666666666, "#ed7953"], [0.7777777777777778, "#fb9f3a"], [0.8888888888888888, "#fdca26"], [1.0, "#f0f921"]]}], "contourcarpet": [{"type": "contourcarpet", "colorbar": {"outlinewidth": 0, "ticks": ""}}], "contour": [{"type": "contour", "colorbar": {"outlinewidth": 0, "ticks": ""}, "colorscale": [[0.0, "#0d0887"], [0.1111111111111111, "#46039f"], [0.2222222222222222, "#7201a8"], [0.3333333333333333, "#9c179e"], [0.4444444444444444, "#bd3786"], [0.5555555555555556, "#d8576b"], [0.6666666666666666, "#ed7953"], [0.7777777777777778, "#fb9f3a"], [0.8888888888888888, "#fdca26"], [1.0, "#f0f921"]]}], "surface": [{"type": "surface", "colorbar": {"outlinewidth": 0, "ticks": ""}, "colorscale": [[0.0, "#0d0887"], [0.1111111111111111, "#46039f"], [0.2222222222222222, "#7201a8"], [0.3333333333333333, "#9c179e"], [0.4444444444444444, "#bd3786"], [0.5555555555555556, "#d8576b"], [0.6666666666666666, "#ed7953"], [0.7777777777777778, "#fb9f3a"], [0.8888888888888888, "#fdca26"], [1.0, "#f0f921"]]}], "mesh3d": [{"type": "mesh3d", "colorbar": {"outlinewidth": 0, "ticks": ""}}], "scatter": [{"fillpattern": {"fillmode": "overlay", "size": 10, "solidity": 0.2}, "type": "scatter"}], "parcoords": [{"type": "parcoords", "line": {"colorbar": {"outlinewidth": 0, "ticks": ""}}}], "scatterpolargl": [{"type": "scatterpolargl", "marker": {"colorbar": {"outlinewidth": 0, "ticks": ""}}}], "bar": [{"error_x": {"color": "#2a3f5f"}, "error_y": {"color": "#2a3f5f"}, "marker": {"line": {"color": "#E5ECF6", "width": 0.5}, "pattern": {"fillmode": "overlay", "size": 10, "solidity": 0.2}}, "type": "bar"}], "scattergeo": [{"type": "scattergeo", "marker": {"colorbar": {"outlinewidth": 0, "ticks": ""}}}], "scatterpolar": [{"type": "scatterpolar", "marker": {"colorbar": {"outlinewidth": 0, "ticks": ""}}}], "histogram": [{"marker": {"pattern": {"fillmode": "overlay", "size": 10, "solidity": 0.2}}, "type": "histogram"}], "scattergl": [{"type": "scattergl", "marker": {"colorbar": {"outlinewidth": 0, "ticks": ""}}}], "scatter3d": [{"type": "scatter3d", "line": {"colorbar": {"outlinewidth": 0, "ticks": ""}}, "marker": {"colorbar": {"outlinewidth": 0, "ticks": ""}}}], "scattermapbox": [{"type": "scattermapbox", "marker": {"colorbar": {"outlinewidth": 0, "ticks": ""}}}], "scatterternary": [{"type": "scatterternary", "marker": {"colorbar": {"outlinewidth": 0, "ticks": ""}}}], "scattercarpet": [{"type": "scattercarpet", "marker": {"colorbar": {"outlinewidth": 0, "ticks": ""}}}], "carpet": [{"aaxis": {"endlinecolor": "#2a3f5f", "gridcolor": "white", "linecolor": "white", "minorgridcolor": "white", "startlinecolor": "#2a3f5f"}, "baxis": {"endlinecolor": "#2a3f5f", "gridcolor": "white", "linecolor": "white", "minorgridcolor": "white", "startlinecolor": "#2a3f5f"}, "type": "carpet"}], "table": [{"cells": {"fill": {"color": "#EBF0F8"}, "line": {"color": "white"}}, "header": {"fill": {"color": "#C8D4E3"}, "line": {"color": "white"}}, "type": "table"}], "barpolar": [{"marker": {"line": {"color": "#E5ECF6", "width": 0.5}, "pattern": {"fillmode": "overlay", "size": 10, "solidity": 0.2}}, "type": "barpolar"}], "pie": [{"automargin": true, "type": "pie"}]}, "layout": {"autotypenumbers": "strict", "colorway": ["#636efa", "#EF553B", "#00cc96", "#ab63fa", "#FFA15A", "#19d3f3", "#FF6692", "#B6E880", "#FF97FF", "#FECB52"], "font": {"color": "#2a3f5f"}, "hovermode": "closest", "hoverlabel": {"align": "left"}, "paper_bgcolor": "white", "plot_bgcolor": "#E5ECF6", "polar": {"bgcolor": "#E5ECF6", "angularaxis": {"gridcolor": "white", "linecolor": "white", "ticks": ""}, "radialaxis": {"gridcolor": "white", "linecolor": "white", "ticks": ""}}, "ternary": {"bgcolor": "#E5ECF6", "aaxis": {"gridcolor": "white", "linecolor": "white", "ticks": ""}, "baxis": {"gridcolor": "white", "linecolor": "white", "ticks": ""}, "caxis": {"gridcolor": "white", "linecolor": "white", "ticks": ""}}, "coloraxis": {"colorbar": {"outlinewidth": 0, "ticks": ""}}, "colorscale": {"sequential": [[0.0, "#0d0887"], [0.1111111111111111, "#46039f"], [0.2222222222222222, "#7201a8"], [0.3333333333333333, "#9c179e"], [0.4444444444444444, "#bd3786"], [0.5555555555555556, "#d8576b"], [0.6666666666666666, "#ed7953"], [0.7777777777777778, "#fb9f3a"], [0.8888888888888888, "#fdca26"], [1.0, "#f0f921"]], "sequentialminus": [[0.0, "#0d0887"], [0.1111111111111111, "#46039f"], [0.2222222222222222, "#7201a8"], [0.3333333333333333, "#9c179e"], [0.4444444444444444, "#bd3786"], [0.5555555555555556, "#d8576b"], [0.6666666666666666, "#ed7953"], [0.7777777777777778, "#fb9f3a"], [0.8888888888888888, "#fdca26"], [1.0, "#f0f921"]], "diverging": [[0, "#8e0152"], [0.1, "#c51b7d"], [0.2, "#de77ae"], [0.3, "#f1b6da"], [0.4, "#fde0ef"], [0.5, "#f7f7f7"], [0.6, "#e6f5d0"], [0.7, "#b8e186"], [0.8, "#7fbc41"], [0.9, "#4d9221"], [1, "#276419"]]}, "xaxis": {"gridcolor": "white", "linecolor": "white", "ticks": "", "title": {"standoff": 15}, "zerolinecolor": "white", "automargin": true, "zerolinewidth": 2}, "yaxis": {"gridcolor": "white", "linecolor": "white", "ticks": "", "title": {"standoff": 15}, "zerolinecolor": "white", "automargin": true, "zerolinewidth": 2}, "scene": {"xaxis": {"backgroundcolor": "#E5ECF6", "gridcolor": "white", "linecolor": "white", "showbackground": true, "ticks": "", "zerolinecolor": "white", "gridwidth": 2}, "yaxis": {"backgroundcolor": "#E5ECF6", "gridcolor": "white", "linecolor": "white", "showbackground": true, "ticks": "", "zerolinecolor": "white", "gridwidth": 2}, "zaxis": {"backgroundcolor": "#E5ECF6", "gridcolor": "white", "linecolor": "white", "showbackground": true, "ticks": "", "zerolinecolor": "white", "gridwidth": 2}}, "shapedefaults": {"line": {"color": "#2a3f5f"}}, "annotationdefaults": {"arrowcolor": "#2a3f5f", "arrowhead": 0, "arrowwidth": 1}, "geo": {"bgcolor": "white", "landcolor": "#E5ECF6", "subunitcolor": "white", "showland": true, "showlakes": true, "lakecolor": "white"}, "title": {"x": 0.05}, "mapbox": {"style": "light"}}}}}