{"data": [{"z": [[24.26287841796875, 1.773726463317871, 0.9594797492027283, -0.3898705244064331, 6.877749919891357, -1.3219596147537231, -0.5134680271148682, 3.736881971359253, 1.6022238731384277, -4.910088539123535, 5.308767318725586, -0.6784260272979736, 0.6642904281616211, 1.8114876747131348, 1.0357946157455444, 4.542926788330078, 0.905408501625061, 2.0788958072662354, 2.5410709381103516, 3.5631704330444336, 1.8626823425292969], [1.773726463317871, 17.157535552978516, -2.0032668113708496, 0.8179357647895813, -1.8395017385482788, 0.6168531775474548, -0.07233770191669464, -0.08827697485685349, -1.6447243690490723, 5.279642105102539, 1.1505638360977173, -3.1482057571411133, 4.120192050933838, 0.44304797053337097, -2.0524003505706787, 1.7704463005065918, -1.5954715013504028, 8.732255935668945, 4.377603530883789, 1.3647462129592896, -3.246999979019165], [0.9594797492027283, -2.0032668113708496, 22.20562171936035, 4.047763824462891, 2.6828038692474365, 2.6907875537872314, 6.128605365753174, -3.6299216747283936, 0.05972819775342941, 1.0299994945526123, 1.5158709287643433, 5.85986328125, -4.408443450927734, 2.985833168029785, 0.04189063981175423, 2.4501447677612305, -0.8465367555618286, -2.2627289295196533, 2.220918655395508, 1.5024268627166748, -0.31085097789764404], [-0.3898705244064331, 0.8179357647895813, 4.047763824462891, 24.864959716796875, 2.3013522624969482, 3.0798354148864746, 2.7486088275909424, -4.842986106872559, -6.05654764175415, 5.8381805419921875, 11.779361724853516, -3.315941572189331, 3.696852684020996, 0.28891393542289734, 2.0376057624816895, 3.5186727046966553, 0.5461070537567139, 3.3637850284576416, 1.8110880851745605, 0.06781458854675293, 3.252188205718994], [6.877749919891357, -1.8395017385482788, 2.6828038692474365, 2.3013522624969482, 14.36734676361084, -1.9303083419799805, 3.8811283111572266, 2.8206233978271484, 1.8669633865356445, -1.7699984312057495, 3.418902635574341, -0.7297462224960327, 2.1598727703094482, 4.710232257843018, 0.9418486952781677, 2.8388471603393555, 0.31319230794906616, -5.162627696990967, 0.4676707983016968, 2.4123547077178955, 3.1103415489196777], [-1.3219596147537231, 0.6168531775474548, 2.6907875537872314, 3.0798354148864746, -1.9303083419799805, 21.285385131835938, -0.4874410033226013, 0.14367391169071198, 3.39033579826355, 4.005522727966309, 1.098994255065918, -2.207820177078247, -1.460900068283081, 1.0459015369415283, 0.30910104513168335, 0.0689753070473671, -5.336480140686035, 1.8718695640563965, -1.3837685585021973, 3.3321309089660645, -6.140928268432617], [-0.5134680271148682, -0.07233770191669464, 6.128605365753174, 2.7486088275909424, 3.8811283111572266, -0.4874410033226013, 17.524993896484375, 1.279273271560669, 1.3062713146209717, 2.473184108734131, -1.4187897443771362, 2.814350128173828, 1.5381230115890503, 3.4797942638397217, 2.218451976776123, 3.6562447547912598, 3.0761003494262695, 2.2734670639038086, -1.6160523891448975, 0.1340317726135254, -9.545170783996582], [3.736881971359253, -0.08827697485685349, -3.6299216747283936, -4.842986106872559, 2.8206233978271484, 0.14367391169071198, 1.279273271560669, 18.816377639770508, 3.395509958267212, -0.7243787050247192, -2.5572519302368164, -3.4057400226593018, 0.4073072671890259, -2.748319149017334, 1.5555853843688965, 1.6566624641418457, 2.551173686981201, -2.548445463180542, 6.105019569396973, -3.5649616718292236, -0.6612676978111267], [1.6022238731384277, -1.6447243690490723, 0.05972819775342941, -6.05654764175415, 1.8669633865356445, 3.39033579826355, 1.3062713146209717, 3.395509958267212, 18.566801071166992, 2.5578556060791016, -5.437139511108398, 0.19612619280815125, 3.175036668777466, 2.5350241661071777, 1.9275991916656494, 0.33040881156921387, 0.3956919312477112, -3.9306082725524902, -0.8706874251365662, 4.088129043579102, -9.55405044555664], [-4.910088539123535, 5.279642105102539, 1.0299994945526123, 5.8381805419921875, -1.7699984312057495, 4.005522727966309, 2.473184108734131, -0.7243787050247192, 2.5578556060791016, 19.20338249206543, -3.09444260597229, -4.339105129241943, 2.3930561542510986, -3.4485292434692383, -3.346482753753662, 1.2240291833877563, -0.5335185527801514, 4.592593193054199, 3.942981719970703, 1.9142746925354004, -13.677412033081055], [5.308767318725586, 1.1505638360977173, 1.5158709287643433, 11.779361724853516, 3.418902635574341, 1.098994255065918, -1.4187897443771362, -2.5572519302368164, -5.437139511108398, -3.09444260597229, 18.293441772460938, -1.9287070035934448, 2.4923887252807617, 2.057929754257202, 5.599491119384766, -1.7595500946044922, 2.0047965049743652, -1.6343696117401123, 2.6536014080047607, 5.298248767852783, 6.947815418243408], [-0.6784260272979736, -3.1482057571411133, 5.85986328125, -3.315941572189331, -0.7297462224960327, -2.207820177078247, 2.814350128173828, -3.4057400226593018, 0.19612619280815125, -4.339105129241943, -1.9287070035934448, 21.86602020263672, 3.522280216217041, 4.3067121505737305, -0.013404900208115578, 2.8641135692596436, -2.379908323287964, -1.2095890045166016, -1.0700335502624512, -0.875856876373291, 4.369341850280762], [0.6642904281616211, 4.120192050933838, -4.408443450927734, 3.696852684020996, 2.1598727703094482, -1.460900068283081, 1.5381230115890503, 0.4073072671890259, 3.175036668777466, 2.3930561542510986, 2.4923887252807617, 3.522280216217041, 19.899066925048828, -2.740649938583374, 3.0684237480163574, -0.8944838047027588, -5.58342981338501, 2.8785462379455566, 2.0536255836486816, -2.0536601543426514, 5.049001216888428], [1.8114876747131348, 0.44304797053337097, 2.985833168029785, 0.28891393542289734, 4.710232257843018, 1.0459015369415283, 3.4797942638397217, -2.748319149017334, 2.5350241661071777, -3.4485292434692383, 2.057929754257202, 4.3067121505737305, -2.740649938583374, 17.25040626525879, 1.964665412902832, 3.4847004413604736, -0.04164934158325195, 0.9713973999023438, -5.875496864318848, 1.825594425201416, -5.453505516052246], [1.0357946157455444, -2.0524003505706787, 0.04189063981175423, 2.0376057624816895, 0.9418486952781677, 0.30910104513168335, 2.218451976776123, 1.5555853843688965, 1.9275991916656494, -3.346482753753662, 5.599491119384766, -0.013404900208115578, 3.0684237480163574, 1.964665412902832, 18.128307342529297, -1.4070148468017578, 1.426748275756836, -3.9707884788513184, -0.9063925743103027, 1.023064136505127, -1.7776744365692139], [4.542926788330078, 1.7704463005065918, 2.4501447677612305, 3.5186727046966553, 2.8388471603393555, 0.0689753070473671, 3.6562447547912598, 1.6566624641418457, 0.33040881156921387, 1.2240291833877563, -1.7595500946044922, 2.8641135692596436, -0.8944838047027588, 3.4847004413604736, -1.4070148468017578, 11.373557090759277, 1.2156310081481934, 0.3994519114494324, 4.186769485473633, -0.2609086334705353, -4.416837215423584], [0.9054083824157715, -1.5954715013504028, -0.8465378880500793, 0.5461062788963318, 0.31319212913513184, -5.336479663848877, 3.0761008262634277, 2.551173686981201, 0.3956919014453888, -0.5335190892219543, 2.0047965049743652, -2.379908561706543, -5.58342981338501, -0.04164928197860718, 1.4267486333847046, 1.2156310081481934, 22.863693237304688, 3.4131555557250977, -1.9850016832351685, 7.173243522644043, -4.492242336273193], [2.0788958072662354, 8.732254981994629, -2.2627289295196533, 3.3637847900390625, -5.162627696990967, 1.871869683265686, 2.2734670639038086, -2.548445463180542, -3.930608034133911, 4.592593669891357, -1.6343690156936646, -1.2095885276794434, 2.878546714782715, 0.9713975191116333, -3.9707884788513184, 0.3994519114494324, 3.4131555557250977, 23.054962158203125, -2.653928756713867, -2.1414787769317627, -3.754838705062866], [2.5410709381103516, 4.377603054046631, 2.2209181785583496, 1.811087965965271, 0.4676710069179535, -1.3837686777114868, -1.6160523891448975, 6.105019569396973, -0.8706868886947632, 3.942981719970703, 2.6536011695861816, -1.0700331926345825, 2.0536258220672607, -5.875496864318848, -0.9063922762870789, 4.186768531799316, -1.9850016832351685, -2.653928756713867, 19.60251808166504, -4.205232620239258, -3.3012375831604004], [3.563169479370117, 1.364745855331421, 1.5024268627166748, 0.06781462579965591, 2.4123547077178955, 3.3321311473846436, 0.13403180241584778, -3.5649616718292236, 4.088128566741943, 1.9142744541168213, 5.298248291015625, -0.8758560419082642, -2.0536601543426514, 1.825594425201416, 1.0230634212493896, -0.26090824604034424, 7.173243522644043, -2.1414787769317627, -4.205232620239258, 21.730735778808594, 0.1611814796924591], [1.8626824617385864, -3.247000217437744, -0.31085121631622314, 3.2521886825561523, 3.1103415489196777, -6.140928268432617, -9.545170783996582, -0.6612676382064819, -9.554051399230957, -13.677412033081055, 6.947815418243408, 4.369341850280762, 5.0490031242370605, -5.45350456237793, -1.7776744365692139, -4.416837692260742, -4.492242813110352, -3.7548391819000244, -3.3012373447418213, 0.16118097305297852, 47.48805236816406]], "type": "heatmap"}], "layout": {"template": {"data": {"histogram2dcontour": [{"type": "histogram2dcontour", "colorbar": {"outlinewidth": 0, "ticks": ""}, "colorscale": [[0.0, "#0d0887"], [0.1111111111111111, "#46039f"], [0.2222222222222222, "#7201a8"], [0.3333333333333333, "#9c179e"], [0.4444444444444444, "#bd3786"], [0.5555555555555556, "#d8576b"], [0.6666666666666666, "#ed7953"], [0.7777777777777778, "#fb9f3a"], [0.8888888888888888, "#fdca26"], [1.0, "#f0f921"]]}], "choropleth": [{"type": "choropleth", "colorbar": {"outlinewidth": 0, "ticks": ""}}], "histogram2d": [{"type": "histogram2d", "colorbar": {"outlinewidth": 0, "ticks": ""}, "colorscale": [[0.0, "#0d0887"], [0.1111111111111111, "#46039f"], [0.2222222222222222, "#7201a8"], [0.3333333333333333, "#9c179e"], [0.4444444444444444, "#bd3786"], [0.5555555555555556, "#d8576b"], [0.6666666666666666, "#ed7953"], [0.7777777777777778, "#fb9f3a"], [0.8888888888888888, "#fdca26"], [1.0, "#f0f921"]]}], "heatmap": [{"type": "heatmap", "colorbar": {"outlinewidth": 0, "ticks": ""}, "colorscale": [[0.0, "#0d0887"], [0.1111111111111111, "#46039f"], [0.2222222222222222, "#7201a8"], [0.3333333333333333, "#9c179e"], [0.4444444444444444, "#bd3786"], [0.5555555555555556, "#d8576b"], [0.6666666666666666, "#ed7953"], [0.7777777777777778, "#fb9f3a"], [0.8888888888888888, "#fdca26"], [1.0, "#f0f921"]]}], "heatmapgl": [{"type": "heatmapgl", "colorbar": {"outlinewidth": 0, "ticks": ""}, "colorscale": [[0.0, "#0d0887"], [0.1111111111111111, "#46039f"], [0.2222222222222222, "#7201a8"], [0.3333333333333333, "#9c179e"], [0.4444444444444444, "#bd3786"], [0.5555555555555556, "#d8576b"], [0.6666666666666666, "#ed7953"], [0.7777777777777778, "#fb9f3a"], [0.8888888888888888, "#fdca26"], [1.0, "#f0f921"]]}], "contourcarpet": [{"type": "contourcarpet", "colorbar": {"outlinewidth": 0, "ticks": ""}}], "contour": [{"type": "contour", "colorbar": {"outlinewidth": 0, "ticks": ""}, "colorscale": [[0.0, "#0d0887"], [0.1111111111111111, "#46039f"], [0.2222222222222222, "#7201a8"], [0.3333333333333333, "#9c179e"], [0.4444444444444444, "#bd3786"], [0.5555555555555556, "#d8576b"], [0.6666666666666666, "#ed7953"], [0.7777777777777778, "#fb9f3a"], [0.8888888888888888, "#fdca26"], [1.0, "#f0f921"]]}], "surface": [{"type": "surface", "colorbar": {"outlinewidth": 0, "ticks": ""}, "colorscale": [[0.0, "#0d0887"], [0.1111111111111111, "#46039f"], [0.2222222222222222, "#7201a8"], [0.3333333333333333, "#9c179e"], [0.4444444444444444, "#bd3786"], [0.5555555555555556, "#d8576b"], [0.6666666666666666, "#ed7953"], [0.7777777777777778, "#fb9f3a"], [0.8888888888888888, "#fdca26"], [1.0, "#f0f921"]]}], "mesh3d": [{"type": "mesh3d", "colorbar": {"outlinewidth": 0, "ticks": ""}}], "scatter": [{"fillpattern": {"fillmode": "overlay", "size": 10, "solidity": 0.2}, "type": "scatter"}], "parcoords": [{"type": "parcoords", "line": {"colorbar": {"outlinewidth": 0, "ticks": ""}}}], "scatterpolargl": [{"type": "scatterpolargl", "marker": {"colorbar": {"outlinewidth": 0, "ticks": ""}}}], "bar": [{"error_x": {"color": "#2a3f5f"}, "error_y": {"color": "#2a3f5f"}, "marker": {"line": {"color": "#E5ECF6", "width": 0.5}, "pattern": {"fillmode": "overlay", "size": 10, "solidity": 0.2}}, "type": "bar"}], "scattergeo": [{"type": "scattergeo", "marker": {"colorbar": {"outlinewidth": 0, "ticks": ""}}}], "scatterpolar": [{"type": "scatterpolar", "marker": {"colorbar": {"outlinewidth": 0, "ticks": ""}}}], "histogram": [{"marker": {"pattern": {"fillmode": "overlay", "size": 10, "solidity": 0.2}}, "type": "histogram"}], "scattergl": [{"type": "scattergl", "marker": {"colorbar": {"outlinewidth": 0, "ticks": ""}}}], "scatter3d": [{"type": "scatter3d", "line": {"colorbar": {"outlinewidth": 0, "ticks": ""}}, "marker": {"colorbar": {"outlinewidth": 0, "ticks": ""}}}], "scattermapbox": [{"type": "scattermapbox", "marker": {"colorbar": {"outlinewidth": 0, "ticks": ""}}}], "scatterternary": [{"type": "scatterternary", "marker": {"colorbar": {"outlinewidth": 0, "ticks": ""}}}], "scattercarpet": [{"type": "scattercarpet", "marker": {"colorbar": {"outlinewidth": 0, "ticks": ""}}}], "carpet": [{"aaxis": {"endlinecolor": "#2a3f5f", "gridcolor": "white", "linecolor": "white", "minorgridcolor": "white", "startlinecolor": "#2a3f5f"}, "baxis": {"endlinecolor": "#2a3f5f", "gridcolor": "white", "linecolor": "white", "minorgridcolor": "white", "startlinecolor": "#2a3f5f"}, "type": "carpet"}], "table": [{"cells": {"fill": {"color": "#EBF0F8"}, "line": {"color": "white"}}, "header": {"fill": {"color": "#C8D4E3"}, "line": {"color": "white"}}, "type": "table"}], "barpolar": [{"marker": {"line": {"color": "#E5ECF6", "width": 0.5}, "pattern": {"fillmode": "overlay", "size": 10, "solidity": 0.2}}, "type": "barpolar"}], "pie": [{"automargin": true, "type": "pie"}]}, "layout": {"autotypenumbers": "strict", "colorway": ["#636efa", "#EF553B", "#00cc96", "#ab63fa", "#FFA15A", "#19d3f3", "#FF6692", "#B6E880", "#FF97FF", "#FECB52"], "font": {"color": "#2a3f5f"}, "hovermode": "closest", "hoverlabel": {"align": "left"}, "paper_bgcolor": "white", "plot_bgcolor": "#E5ECF6", "polar": {"bgcolor": "#E5ECF6", "angularaxis": {"gridcolor": "white", "linecolor": "white", "ticks": ""}, "radialaxis": {"gridcolor": "white", "linecolor": "white", "ticks": ""}}, "ternary": {"bgcolor": "#E5ECF6", "aaxis": {"gridcolor": "white", "linecolor": "white", "ticks": ""}, "baxis": {"gridcolor": "white", "linecolor": "white", "ticks": ""}, "caxis": {"gridcolor": "white", "linecolor": "white", "ticks": ""}}, "coloraxis": {"colorbar": {"outlinewidth": 0, "ticks": ""}}, "colorscale": {"sequential": [[0.0, "#0d0887"], [0.1111111111111111, "#46039f"], [0.2222222222222222, "#7201a8"], [0.3333333333333333, "#9c179e"], [0.4444444444444444, "#bd3786"], [0.5555555555555556, "#d8576b"], [0.6666666666666666, "#ed7953"], [0.7777777777777778, "#fb9f3a"], [0.8888888888888888, "#fdca26"], [1.0, "#f0f921"]], "sequentialminus": [[0.0, "#0d0887"], [0.1111111111111111, "#46039f"], [0.2222222222222222, "#7201a8"], [0.3333333333333333, "#9c179e"], [0.4444444444444444, "#bd3786"], [0.5555555555555556, "#d8576b"], [0.6666666666666666, "#ed7953"], [0.7777777777777778, "#fb9f3a"], [0.8888888888888888, "#fdca26"], [1.0, "#f0f921"]], "diverging": [[0, "#8e0152"], [0.1, "#c51b7d"], [0.2, "#de77ae"], [0.3, "#f1b6da"], [0.4, "#fde0ef"], [0.5, "#f7f7f7"], [0.6, "#e6f5d0"], [0.7, "#b8e186"], [0.8, "#7fbc41"], [0.9, "#4d9221"], [1, "#276419"]]}, "xaxis": {"gridcolor": "white", "linecolor": "white", "ticks": "", "title": {"standoff": 15}, "zerolinecolor": "white", "automargin": true, "zerolinewidth": 2}, "yaxis": {"gridcolor": "white", "linecolor": "white", "ticks": "", "title": {"standoff": 15}, "zerolinecolor": "white", "automargin": true, "zerolinewidth": 2}, "scene": {"xaxis": {"backgroundcolor": "#E5ECF6", "gridcolor": "white", "linecolor": "white", "showbackground": true, "ticks": "", "zerolinecolor": "white", "gridwidth": 2}, "yaxis": {"backgroundcolor": "#E5ECF6", "gridcolor": "white", "linecolor": "white", "showbackground": true, "ticks": "", "zerolinecolor": "white", "gridwidth": 2}, "zaxis": {"backgroundcolor": "#E5ECF6", "gridcolor": "white", "linecolor": "white", "showbackground": true, "ticks": "", "zerolinecolor": "white", "gridwidth": 2}}, "shapedefaults": {"line": {"color": "#2a3f5f"}}, "annotationdefaults": {"arrowcolor": "#2a3f5f", "arrowhead": 0, "arrowwidth": 1}, "geo": {"bgcolor": "white", "landcolor": "#E5ECF6", "subunitcolor": "white", "showland": true, "showlakes": true, "lakecolor": "white"}, "title": {"x": 0.05}, "mapbox": {"style": "light"}}}}}