{"data": [{"z": [[24.65323257446289, 1.5528310537338257, 0.8815308809280396, -0.7234233617782593, 6.925634384155273, -1.6857150793075562, -0.8586453795433044, 3.506864547729492, 1.524758219718933, -5.42427921295166, 5.197317123413086, -0.9120218753814697, 0.4112075865268707, 1.417850375175476, 0.7801715135574341, 4.443331241607666, 0.770575761795044, 1.9657137393951416, 2.5138022899627686, 3.507829189300537, 2.113102674484253], [1.5528310537338257, 17.332361221313477, -2.118687629699707, 0.5096405148506165, -2.076859712600708, 0.38592106103897095, -0.18195995688438416, -0.49423396587371826, -1.7669203281402588, 5.178205490112305, 0.8870463371276855, -3.319969654083252, 3.9901556968688965, 0.32285913825035095, -2.3389251232147217, 1.6290881633758545, -1.7173378467559814, 8.865792274475098, 4.408971786499023, 1.2485532760620117, -3.2125301361083984], [0.8815308809280396, -2.118687629699707, 22.6495361328125, 4.123233795166016, 2.7425146102905273, 2.6638197898864746, 6.08289098739624, -3.9621422290802, -0.035422999411821365, 0.8660138249397278, 1.4145917892456055, 5.695596218109131, -4.697607040405273, 3.0027172565460205, -0.1253538876771927, 2.371208906173706, -0.9431842565536499, -2.4478392601013184, 2.2045140266418457, 1.4729564189910889, -0.3197312355041504], [-0.7234233617782593, 0.5096405148506165, 4.123233795166016, 25.172609329223633, 2.204533576965332, 2.856721878051758, 2.5190892219543457, -5.2161054611206055, -6.46282434463501, 5.5899786949157715, 11.960269927978516, -3.6349549293518066, 3.422360420227051, 0.11089520156383514, 1.786505937576294, 3.4063560962677, 0.40700674057006836, 3.3786425590515137, 1.6413486003875732, -0.2116682529449463, 3.427050828933716], [6.925634384155273, -2.076859712600708, 2.7425146102905273, 2.204533576965332, 14.494133949279785, -2.089001417160034, 3.7632272243499756, 2.6627309322357178, 1.7341066598892212, -2.174144744873047, 3.4774065017700195, -0.7919538021087646, 1.9992672204971313, 4.640865802764893, 0.7738052010536194, 2.7986018657684326, 0.17202186584472656, -5.431477069854736, 0.3146486282348633, 2.3616127967834473, 3.327742338180542], [-1.6857150793075562, 0.38592106103897095, 2.6638197898864746, 2.856721878051758, -2.089001417160034, 21.68430519104004, -0.6723437309265137, -0.2494499385356903, 3.4683756828308105, 3.7283473014831543, 0.8124859929084778, -2.5554943084716797, -1.8157737255096436, 1.0233583450317383, 0.13112494349479675, -0.1350615918636322, -5.646705150604248, 1.7325936555862427, -1.7551634311676025, 3.236290216445923, -6.0792622566223145], [-0.8586453795433044, -0.18195995688438416, 6.08289098739624, 2.5190892219543457, 3.7632272243499756, -0.6723437309265137, 17.701683044433594, 1.0918946266174316, 1.1881924867630005, 2.269848346710205, -1.6640491485595703, 2.6864750385284424, 1.4812463521957397, 3.2915079593658447, 2.0121161937713623, 3.544827461242676, 2.950838327407837, 2.286945104598999, -1.8323924541473389, -0.09303092956542969, -9.512614250183105], [3.506864547729492, -0.49423396587371826, -3.9621422290802, -5.2161054611206055, 2.6627309322357178, -0.2494499385356903, 1.0918946266174316, 18.813739776611328, 3.22007155418396, -1.2078330516815186, -2.7953059673309326, -3.7903828620910645, 0.21278263628482819, -3.012253522872925, 1.3672984838485718, 1.4116404056549072, 2.450150489807129, -2.7511343955993652, 6.128195762634277, -3.9650444984436035, -0.4553915858268738], [1.524758219718933, -1.7669203281402588, -0.035422999411821365, -6.46282434463501, 1.7341066598892212, 3.4683756828308105, 1.1881924867630005, 3.22007155418396, 19.080322265625, 2.43483304977417, -5.8981828689575195, -0.09401870518922806, 3.0252349376678467, 2.580289602279663, 1.7689648866653442, 0.22673073410987854, 0.3357192277908325, -4.060914516448975, -1.0506328344345093, 4.192464351654053, -9.68808650970459], [-5.42427921295166, 5.178205490112305, 0.8660138249397278, 5.5899786949157715, -2.174144744873047, 3.7283473014831543, 2.269848346710205, -1.2078330516815186, 2.43483304977417, 19.259437561035156, -3.5543785095214844, -4.827546119689941, 2.1240906715393066, -3.5853071212768555, -3.7325055599212646, 0.8531771898269653, -0.6142513751983643, 4.5534467697143555, 3.7613282203674316, 1.74306058883667, -13.630914688110352], [5.197317123413086, 0.8870463371276855, 1.4145917892456055, 11.960269927978516, 3.4774065017700195, 0.8124859929084778, -1.6640491485595703, -2.7953059673309326, -5.8981828689575195, -3.5543785095214844, 18.653316497802734, -2.2331390380859375, 2.3083062171936035, 1.9606378078460693, 5.522048473358154, -2.0426270961761475, 1.9385137557983398, -1.9080897569656372, 2.6667041778564453, 5.118101596832275, 7.171073913574219], [-0.9120218753814697, -3.319969654083252, 5.695596218109131, -3.6349549293518066, -0.7919538021087646, -2.5554943084716797, 2.6864750385284424, -3.7903828620910645, -0.09401870518922806, -4.827546119689941, -2.2331390380859375, 22.29010581970215, 3.5215413570404053, 4.168375015258789, -0.3059642016887665, 2.849304437637329, -2.595004081726074, -1.2683100700378418, -1.2055809497833252, -1.0985931158065796, 4.785156726837158], [0.4112075865268707, 3.9901556968688965, -4.697607040405273, 3.422360420227051, 1.9992672204971313, -1.8157737255096436, 1.4812463521957397, 0.21278263628482819, 3.0252349376678467, 2.1240906715393066, 2.3083062171936035, 3.5215413570404053, 20.31447410583496, -3.0888967514038086, 2.9065239429473877, -1.1573728322982788, -5.876649379730225, 2.967503070831299, 1.930783987045288, -2.43119478225708, 5.292616844177246], [1.417850375175476, 0.32285913825035095, 3.0027172565460205, 0.11089520156383514, 4.640865802764893, 1.0233583450317383, 3.2915079593658447, -3.012253522872925, 2.580289602279663, -3.5853071212768555, 1.9606378078460693, 4.168375015258789, -3.0888967514038086, 17.614290237426758, 1.8279558420181274, 3.512604236602783, -0.174652099609375, 0.9433481693267822, -6.305237770080566, 1.7207250595092773, -5.49050235748291], [0.7801715135574341, -2.3389251232147217, -0.1253538876771927, 1.786505937576294, 0.7738052010536194, 0.13112494349479675, 2.0121161937713623, 1.3672984838485718, 1.7689648866653442, -3.7325055599212646, 5.522048473358154, -0.3059642016887665, 2.9065239429473877, 1.8279558420181274, 18.219499588012695, -1.6191908121109009, 1.3380175828933716, -4.133412837982178, -1.0414462089538574, 0.8562047481536865, -1.609194040298462], [4.443331241607666, 1.6290881633758545, 2.371208906173706, 3.4063560962677, 2.7986018657684326, -0.1350615918636322, 3.544827461242676, 1.4116404056549072, 0.22673073410987854, 0.8531771898269653, -2.0426270961761475, 2.849304437637329, -1.1573728322982788, 3.512604236602783, -1.6191908121109009, 11.452824592590332, 1.089180827140808, 0.2033897042274475, 4.205328941345215, -0.558794379234314, -4.318939208984375], [0.7705760598182678, -1.717337965965271, -0.9431840181350708, 0.40700674057006836, 0.17202191054821014, -5.646705627441406, 2.950838565826416, 2.4501500129699707, 0.3357190489768982, -0.614251434803009, 1.9385136365890503, -2.5950047969818115, -5.876648426055908, -0.17465217411518097, 1.3380182981491089, 1.0891807079315186, 23.13930892944336, 3.4405252933502197, -2.086672782897949, 7.232010364532471, -4.412343502044678], [1.9657138586044312, 8.865790367126465, -2.447838544845581, 3.3786427974700928, -5.4314775466918945, 1.7325936555862427, 2.286945343017578, -2.751134157180786, -4.060914516448975, 4.553447246551514, -1.9080889225006104, -1.2683100700378418, 2.9675025939941406, 0.9433479309082031, -4.1334123611450195, 0.20338958501815796, 3.4405252933502197, 23.40152931213379, -2.766817569732666, -2.4283652305603027, -3.6881561279296875], [2.5138025283813477, 4.408970832824707, 2.204514741897583, 1.641348958015442, 0.31464850902557373, -1.7551636695861816, -1.8323923349380493, 6.1281962394714355, -1.0506325960159302, 3.7613279819488525, 2.6667041778564453, -1.2055809497833252, 1.9307836294174194, -6.305237293243408, -1.041446566581726, 4.205328464508057, -2.086672782897949, -2.766817569732666, 20.173019409179688, -4.438469886779785, -3.2557952404022217], [3.507828950881958, 1.2485532760620117, 1.472956895828247, -0.2116684466600418, 2.3616127967834473, 3.236290216445923, -0.09303069114685059, -3.965043544769287, 4.192464828491211, 1.7430609464645386, 5.118101119995117, -1.0985924005508423, -2.4311952590942383, 1.7207249402999878, 0.8562047481536865, -0.5587940812110901, 7.232010364532471, -2.4283652305603027, -4.438469886779785, 22.050769805908203, 0.25273993611335754], [2.113102674484253, -3.212531089782715, -0.3197312355041504, 3.427051067352295, 3.327742099761963, -6.079262733459473, -9.512614250183105, -0.45539212226867676, -9.688085556030273, -13.630913734436035, 7.171072959899902, 4.785156726837158, 5.292617321014404, -5.490501880645752, -1.609194278717041, -4.318938732147217, -4.412343502044678, -3.6881558895111084, -3.2557952404022217, 0.25273966789245605, 47.48805236816406]], "type": "heatmap"}], "layout": {"template": {"data": {"histogram2dcontour": [{"type": "histogram2dcontour", "colorbar": {"outlinewidth": 0, "ticks": ""}, "colorscale": [[0.0, "#0d0887"], [0.1111111111111111, "#46039f"], [0.2222222222222222, "#7201a8"], [0.3333333333333333, "#9c179e"], [0.4444444444444444, "#bd3786"], [0.5555555555555556, "#d8576b"], [0.6666666666666666, "#ed7953"], [0.7777777777777778, "#fb9f3a"], [0.8888888888888888, "#fdca26"], [1.0, "#f0f921"]]}], "choropleth": [{"type": "choropleth", "colorbar": {"outlinewidth": 0, "ticks": ""}}], "histogram2d": [{"type": "histogram2d", "colorbar": {"outlinewidth": 0, "ticks": ""}, "colorscale": [[0.0, "#0d0887"], [0.1111111111111111, "#46039f"], [0.2222222222222222, "#7201a8"], [0.3333333333333333, "#9c179e"], [0.4444444444444444, "#bd3786"], [0.5555555555555556, "#d8576b"], [0.6666666666666666, "#ed7953"], [0.7777777777777778, "#fb9f3a"], [0.8888888888888888, "#fdca26"], [1.0, "#f0f921"]]}], "heatmap": [{"type": "heatmap", "colorbar": {"outlinewidth": 0, "ticks": ""}, "colorscale": [[0.0, "#0d0887"], [0.1111111111111111, "#46039f"], [0.2222222222222222, "#7201a8"], [0.3333333333333333, "#9c179e"], [0.4444444444444444, "#bd3786"], [0.5555555555555556, "#d8576b"], [0.6666666666666666, "#ed7953"], [0.7777777777777778, "#fb9f3a"], [0.8888888888888888, "#fdca26"], [1.0, "#f0f921"]]}], "heatmapgl": [{"type": "heatmapgl", "colorbar": {"outlinewidth": 0, "ticks": ""}, "colorscale": [[0.0, "#0d0887"], [0.1111111111111111, "#46039f"], [0.2222222222222222, "#7201a8"], [0.3333333333333333, "#9c179e"], [0.4444444444444444, "#bd3786"], [0.5555555555555556, "#d8576b"], [0.6666666666666666, "#ed7953"], [0.7777777777777778, "#fb9f3a"], [0.8888888888888888, "#fdca26"], [1.0, "#f0f921"]]}], "contourcarpet": [{"type": "contourcarpet", "colorbar": {"outlinewidth": 0, "ticks": ""}}], "contour": [{"type": "contour", "colorbar": {"outlinewidth": 0, "ticks": ""}, "colorscale": [[0.0, "#0d0887"], [0.1111111111111111, "#46039f"], [0.2222222222222222, "#7201a8"], [0.3333333333333333, "#9c179e"], [0.4444444444444444, "#bd3786"], [0.5555555555555556, "#d8576b"], [0.6666666666666666, "#ed7953"], [0.7777777777777778, "#fb9f3a"], [0.8888888888888888, "#fdca26"], [1.0, "#f0f921"]]}], "surface": [{"type": "surface", "colorbar": {"outlinewidth": 0, "ticks": ""}, "colorscale": [[0.0, "#0d0887"], [0.1111111111111111, "#46039f"], [0.2222222222222222, "#7201a8"], [0.3333333333333333, "#9c179e"], [0.4444444444444444, "#bd3786"], [0.5555555555555556, "#d8576b"], [0.6666666666666666, "#ed7953"], [0.7777777777777778, "#fb9f3a"], [0.8888888888888888, "#fdca26"], [1.0, "#f0f921"]]}], "mesh3d": [{"type": "mesh3d", "colorbar": {"outlinewidth": 0, "ticks": ""}}], "scatter": [{"fillpattern": {"fillmode": "overlay", "size": 10, "solidity": 0.2}, "type": "scatter"}], "parcoords": [{"type": "parcoords", "line": {"colorbar": {"outlinewidth": 0, "ticks": ""}}}], "scatterpolargl": [{"type": "scatterpolargl", "marker": {"colorbar": {"outlinewidth": 0, "ticks": ""}}}], "bar": [{"error_x": {"color": "#2a3f5f"}, "error_y": {"color": "#2a3f5f"}, "marker": {"line": {"color": "#E5ECF6", "width": 0.5}, "pattern": {"fillmode": "overlay", "size": 10, "solidity": 0.2}}, "type": "bar"}], "scattergeo": [{"type": "scattergeo", "marker": {"colorbar": {"outlinewidth": 0, "ticks": ""}}}], "scatterpolar": [{"type": "scatterpolar", "marker": {"colorbar": {"outlinewidth": 0, "ticks": ""}}}], "histogram": [{"marker": {"pattern": {"fillmode": "overlay", "size": 10, "solidity": 0.2}}, "type": "histogram"}], "scattergl": [{"type": "scattergl", "marker": {"colorbar": {"outlinewidth": 0, "ticks": ""}}}], "scatter3d": [{"type": "scatter3d", "line": {"colorbar": {"outlinewidth": 0, "ticks": ""}}, "marker": {"colorbar": {"outlinewidth": 0, "ticks": ""}}}], "scattermapbox": [{"type": "scattermapbox", "marker": {"colorbar": {"outlinewidth": 0, "ticks": ""}}}], "scatterternary": [{"type": "scatterternary", "marker": {"colorbar": {"outlinewidth": 0, "ticks": ""}}}], "scattercarpet": [{"type": "scattercarpet", "marker": {"colorbar": {"outlinewidth": 0, "ticks": ""}}}], "carpet": [{"aaxis": {"endlinecolor": "#2a3f5f", "gridcolor": "white", "linecolor": "white", "minorgridcolor": "white", "startlinecolor": "#2a3f5f"}, "baxis": {"endlinecolor": "#2a3f5f", "gridcolor": "white", "linecolor": "white", "minorgridcolor": "white", "startlinecolor": "#2a3f5f"}, "type": "carpet"}], "table": [{"cells": {"fill": {"color": "#EBF0F8"}, "line": {"color": "white"}}, "header": {"fill": {"color": "#C8D4E3"}, "line": {"color": "white"}}, "type": "table"}], "barpolar": [{"marker": {"line": {"color": "#E5ECF6", "width": 0.5}, "pattern": {"fillmode": "overlay", "size": 10, "solidity": 0.2}}, "type": "barpolar"}], "pie": [{"automargin": true, "type": "pie"}]}, "layout": {"autotypenumbers": "strict", "colorway": ["#636efa", "#EF553B", "#00cc96", "#ab63fa", "#FFA15A", "#19d3f3", "#FF6692", "#B6E880", "#FF97FF", "#FECB52"], "font": {"color": "#2a3f5f"}, "hovermode": "closest", "hoverlabel": {"align": "left"}, "paper_bgcolor": "white", "plot_bgcolor": "#E5ECF6", "polar": {"bgcolor": "#E5ECF6", "angularaxis": {"gridcolor": "white", "linecolor": "white", "ticks": ""}, "radialaxis": {"gridcolor": "white", "linecolor": "white", "ticks": ""}}, "ternary": {"bgcolor": "#E5ECF6", "aaxis": {"gridcolor": "white", "linecolor": "white", "ticks": ""}, "baxis": {"gridcolor": "white", "linecolor": "white", "ticks": ""}, "caxis": {"gridcolor": "white", "linecolor": "white", "ticks": ""}}, "coloraxis": {"colorbar": {"outlinewidth": 0, "ticks": ""}}, "colorscale": {"sequential": [[0.0, "#0d0887"], [0.1111111111111111, "#46039f"], [0.2222222222222222, "#7201a8"], [0.3333333333333333, "#9c179e"], [0.4444444444444444, "#bd3786"], [0.5555555555555556, "#d8576b"], [0.6666666666666666, "#ed7953"], [0.7777777777777778, "#fb9f3a"], [0.8888888888888888, "#fdca26"], [1.0, "#f0f921"]], "sequentialminus": [[0.0, "#0d0887"], [0.1111111111111111, "#46039f"], [0.2222222222222222, "#7201a8"], [0.3333333333333333, "#9c179e"], [0.4444444444444444, "#bd3786"], [0.5555555555555556, "#d8576b"], [0.6666666666666666, "#ed7953"], [0.7777777777777778, "#fb9f3a"], [0.8888888888888888, "#fdca26"], [1.0, "#f0f921"]], "diverging": [[0, "#8e0152"], [0.1, "#c51b7d"], [0.2, "#de77ae"], [0.3, "#f1b6da"], [0.4, "#fde0ef"], [0.5, "#f7f7f7"], [0.6, "#e6f5d0"], [0.7, "#b8e186"], [0.8, "#7fbc41"], [0.9, "#4d9221"], [1, "#276419"]]}, "xaxis": {"gridcolor": "white", "linecolor": "white", "ticks": "", "title": {"standoff": 15}, "zerolinecolor": "white", "automargin": true, "zerolinewidth": 2}, "yaxis": {"gridcolor": "white", "linecolor": "white", "ticks": "", "title": {"standoff": 15}, "zerolinecolor": "white", "automargin": true, "zerolinewidth": 2}, "scene": {"xaxis": {"backgroundcolor": "#E5ECF6", "gridcolor": "white", "linecolor": "white", "showbackground": true, "ticks": "", "zerolinecolor": "white", "gridwidth": 2}, "yaxis": {"backgroundcolor": "#E5ECF6", "gridcolor": "white", "linecolor": "white", "showbackground": true, "ticks": "", "zerolinecolor": "white", "gridwidth": 2}, "zaxis": {"backgroundcolor": "#E5ECF6", "gridcolor": "white", "linecolor": "white", "showbackground": true, "ticks": "", "zerolinecolor": "white", "gridwidth": 2}}, "shapedefaults": {"line": {"color": "#2a3f5f"}}, "annotationdefaults": {"arrowcolor": "#2a3f5f", "arrowhead": 0, "arrowwidth": 1}, "geo": {"bgcolor": "white", "landcolor": "#E5ECF6", "subunitcolor": "white", "showland": true, "showlakes": true, "lakecolor": "white"}, "title": {"x": 0.05}, "mapbox": {"style": "light"}}}}}