{"data": [{"z": [[25.559782028198242, 1.2444367408752441, 0.6246983408927917, -1.08045494556427, 7.0422821044921875, -1.9836393594741821, -1.357835292816162, 3.225325584411621, 1.2641514539718628, -6.18854284286499, 5.253120422363281, -1.1530299186706543, 0.04068152233958244, 0.9819234609603882, 0.46978822350502014, 4.469291687011719, 0.5155786275863647, 1.6790919303894043, 2.4478278160095215, 3.3322484493255615, 2.4503660202026367], [1.2444367408752441, 17.699695587158203, -2.291881561279297, 0.10029998421669006, -2.408569574356079, -0.0842181071639061, -0.3928893208503723, -0.8722609281539917, -2.065617561340332, 5.064609050750732, 0.479158490896225, -3.436838388442993, 3.891382932662964, 0.02938139997422695, -2.673546075820923, 1.3651517629623413, -1.974102258682251, 8.997932434082031, 4.509542465209961, 1.2300770282745361, -3.0313847064971924], [0.6246983408927917, -2.291881561279297, 23.278575897216797, 4.156327247619629, 2.6580004692077637, 2.5330982208251953, 6.0080485343933105, -4.431232452392578, -0.5208519697189331, 0.6726234555244446, 1.1605141162872314, 5.634242057800293, -5.140535354614258, 2.7978355884552, -0.4021262526512146, 2.179777145385742, -1.218836784362793, -2.7280569076538086, 2.070866107940674, 1.2878153324127197, -0.09595942497253418], [-1.08045494556427, 0.10029998421669006, 4.156327247619629, 25.693819046020508, 2.1456446647644043, 2.413010358810425, 2.2122132778167725, -5.644094944000244, -7.356734275817871, 5.306484699249268, 12.248720169067383, -4.020232200622559, 3.0531809329986572, -0.21419969201087952, 1.5497703552246094, 3.3740358352661133, 0.26251959800720215, 3.22129225730896, 1.3670587539672852, -0.7304861545562744, 3.8624534606933594], [7.0422821044921875, -2.408569574356079, 2.6580004692077637, 2.1456446647644043, 14.82632827758789, -2.3700335025787354, 3.680769443511963, 2.518519163131714, 1.5027068853378296, -2.6476199626922607, 3.6711671352386475, -1.0027669668197632, 1.7941008806228638, 4.604524612426758, 0.6155685782432556, 2.8529393672943115, -0.04938775300979614, -5.93979549407959, 0.10121798515319824, 2.213732957839966, 3.48038649559021], [-1.9836393594741821, -0.0842181071639061, 2.5330982208251953, 2.413010358810425, -2.3700335025787354, 22.513769149780273, -0.926377534866333, -0.6879381537437439, 3.3927688598632812, 3.568147897720337, 0.47455504536628723, -3.077277183532715, -2.425837755203247, 0.8661670684814453, -0.10435915738344193, -0.3174261748790741, -6.055995941162109, 1.6793521642684937, -2.4908089637756348, 3.085939884185791, -6.0870680809021], [-1.357835292816162, -0.3928893208503723, 6.0080485343933105, 2.2122132778167725, 3.680769443511963, -0.926377534866333, 18.30804443359375, 0.8991889953613281, 0.9144858717918396, 2.201558828353882, -1.9168992042541504, 2.5225324630737305, 1.5203406810760498, 3.096158027648926, 1.9217309951782227, 3.4310147762298584, 2.7711496353149414, 2.342395544052124, -2.225616931915283, -0.5230035781860352, -9.613932609558105], [3.225325584411621, -0.8722609281539917, -4.431232452392578, -5.644094944000244, 2.518519163131714, -0.6879381537437439, 0.8991889953613281, 19.020174026489258, 2.943155288696289, -1.7287540435791016, -3.0150461196899414, -4.077075004577637, 0.06849488615989685, -3.357494592666626, 1.2438275814056396, 1.2909573316574097, 2.451901435852051, -3.0807676315307617, 6.170024871826172, -4.460238456726074, -0.12136173248291016], [1.2641514539718628, -2.065617561340332, -0.5208519697189331, -7.356734275817871, 1.5027068853378296, 3.3927688598632812, 0.9144858717918396, 2.943155288696289, 19.938539505004883, 2.246255397796631, -6.651754379272461, -0.36538180708885193, 3.0113298892974854, 2.52685284614563, 1.4297529458999634, -0.026254072785377502, 0.15733766555786133, -4.327808380126953, -1.4011356830596924, 4.250856399536133, -9.758084297180176], [-6.18854284286499, 5.064609050750732, 0.6726234555244446, 5.306484699249268, -2.6476199626922607, 3.568147897720337, 2.201558828353882, -1.7287540435791016, 2.246255397796631, 19.76315689086914, -4.149005889892578, -5.359994411468506, 2.0235588550567627, -3.825939178466797, -4.0543131828308105, 0.47265732288360596, -0.6387898921966553, 4.552358627319336, 3.6992340087890625, 1.7201099395751953, -13.766631126403809], [5.253120422363281, 0.479158490896225, 1.1605141162872314, 12.248720169067383, 3.6711671352386475, 0.47455504536628723, -1.9168992042541504, -3.0150461196899414, -6.651754379272461, -4.149005889892578, 19.339082717895508, -2.4382333755493164, 2.1025125980377197, 1.8492209911346436, 5.4661970138549805, -2.2099642753601074, 1.8921442031860352, -2.329291820526123, 2.6727869510650635, 4.9832563400268555, 7.540267467498779], [-1.1530299186706543, -3.436838388442993, 5.634242057800293, -4.020232200622559, -1.0027669668197632, -3.077277183532715, 2.5225324630737305, -4.077075004577637, -0.36538180708885193, -5.359994411468506, -2.4382333755493164, 23.214035034179688, 3.6102700233459473, 3.9292104244232178, -0.7396200895309448, 2.781050205230713, -2.805715322494507, -1.3579754829406738, -1.4545674324035645, -1.4420514106750488, 5.3934807777404785], [0.04068152233958244, 3.891382932662964, -5.140535354614258, 3.0531809329986572, 1.7941008806228638, -2.425837755203247, 1.5203406810760498, 0.06849488615989685, 3.0113298892974854, 2.0235588550567627, 2.1025125980377197, 3.6102700233459473, 21.33732032775879, -3.587322235107422, 2.78281569480896, -1.5644222497940063, -6.25388240814209, 3.1281557083129883, 1.8460190296173096, -2.731132984161377, 5.509925365447998], [0.9819234609603882, 0.02938139997422695, 2.7978355884552, -0.21419969201087952, 4.604524612426758, 0.8661670684814453, 3.096158027648926, -3.357494592666626, 2.52685284614563, -3.825939178466797, 1.8492209911346436, 3.9292104244232178, -3.587322235107422, 18.199169158935547, 1.7350451946258545, 3.5216147899627686, -0.36006343364715576, 0.8456665277481079, -6.960400581359863, 1.330906867980957, -5.5469465255737305], [0.46978822350502014, -2.673546075820923, -0.4021262526512146, 1.5497703552246094, 0.6155685782432556, -0.10435915738344193, 1.9217309951782227, 1.2438275814056396, 1.4297529458999634, -4.0543131828308105, 5.4661970138549805, -0.7396200895309448, 2.78281569480896, 1.7350451946258545, 18.642269134521484, -1.876236915588379, 1.182286024093628, -4.491498947143555, -1.2832260131835938, 0.5470366477966309, -1.4886140823364258], [4.469291687011719, 1.3651517629623413, 2.179777145385742, 3.3740358352661133, 2.8529393672943115, -0.3174261748790741, 3.4310147762298584, 1.2909573316574097, -0.026254072785377502, 0.47265732288360596, -2.2099642753601074, 2.781050205230713, -1.5644222497940063, 3.5216147899627686, -1.876236915588379, 11.7628755569458, 0.8907136917114258, -0.07810366153717041, 4.212472438812256, -0.9397920370101929, -4.220783710479736], [0.5155786871910095, -1.9741019010543823, -1.2188366651535034, 0.26251909136772156, -0.04938797280192375, -6.055996417999268, 2.7711496353149414, 2.4519011974334717, 0.15733781456947327, -0.6387902498245239, 1.892143964767456, -2.805715560913086, -6.253881931304932, -0.36006373167037964, 1.1822857856750488, 0.8907135725021362, 23.74526596069336, 3.429964542388916, -2.2608277797698975, 7.345470428466797, -4.29243803024292], [1.6790918111801147, 8.997933387756348, -2.7280569076538086, 3.221292495727539, -5.939795017242432, 1.679351568222046, 2.342395782470703, -3.0807673931121826, -4.327808380126953, 4.552359104156494, -2.329291582107544, -1.3579753637313843, 3.12815523147583, 0.8456660509109497, -4.491497993469238, -0.07810378819704056, 3.429964542388916, 24.342853546142578, -3.2009878158569336, -2.776402473449707, -3.5326757431030273], [2.447828769683838, 4.509543418884277, 2.070866823196411, 1.3670583963394165, 0.10121776163578033, -2.4908089637756348, -2.2256174087524414, 6.170024871826172, -1.401135802268982, 3.6992342472076416, 2.6727871894836426, -1.454567313194275, 1.8460191488265991, -6.9604010581970215, -1.2832263708114624, 4.2124714851379395, -2.2608277797698975, -3.2009878158569336, 21.050430297851562, -4.772449970245361, -3.314063549041748], [3.3322489261627197, 1.2300766706466675, 1.2878156900405884, -0.730486273765564, 2.213733196258545, 3.085939884185791, -0.5230033993721008, -4.460239410400391, 4.250856399536133, 1.720110535621643, 4.9832563400268555, -1.442051887512207, -2.7311325073242188, 1.3309063911437988, 0.5470364093780518, -0.9397918581962585, 7.345470428466797, -2.776402473449707, -4.772449970245361, 22.791767120361328, 0.32958465814590454], [2.4503660202026367, -3.0313847064971924, -0.09595954418182373, 3.862452745437622, 3.480386734008789, -6.087067604064941, -9.613933563232422, -0.1213613748550415, -9.758085250854492, -13.766630172729492, 7.540266990661621, 5.393481254577637, 5.509925365447998, -5.5469465255737305, -1.4886133670806885, -4.220783710479736, -4.292438507080078, -3.532675266265869, -3.3140640258789062, 0.32958436012268066, 47.48805236816406]], "type": "heatmap"}], "layout": {"template": {"data": {"histogram2dcontour": [{"type": "histogram2dcontour", "colorbar": {"outlinewidth": 0, "ticks": ""}, "colorscale": [[0.0, "#0d0887"], [0.1111111111111111, "#46039f"], [0.2222222222222222, "#7201a8"], [0.3333333333333333, "#9c179e"], [0.4444444444444444, "#bd3786"], [0.5555555555555556, "#d8576b"], [0.6666666666666666, "#ed7953"], [0.7777777777777778, "#fb9f3a"], [0.8888888888888888, "#fdca26"], [1.0, "#f0f921"]]}], "choropleth": [{"type": "choropleth", "colorbar": {"outlinewidth": 0, "ticks": ""}}], "histogram2d": [{"type": "histogram2d", "colorbar": {"outlinewidth": 0, "ticks": ""}, "colorscale": [[0.0, "#0d0887"], [0.1111111111111111, "#46039f"], [0.2222222222222222, "#7201a8"], [0.3333333333333333, "#9c179e"], [0.4444444444444444, "#bd3786"], [0.5555555555555556, "#d8576b"], [0.6666666666666666, "#ed7953"], [0.7777777777777778, "#fb9f3a"], [0.8888888888888888, "#fdca26"], [1.0, "#f0f921"]]}], "heatmap": [{"type": "heatmap", "colorbar": {"outlinewidth": 0, "ticks": ""}, "colorscale": [[0.0, "#0d0887"], [0.1111111111111111, "#46039f"], [0.2222222222222222, "#7201a8"], [0.3333333333333333, "#9c179e"], [0.4444444444444444, "#bd3786"], [0.5555555555555556, "#d8576b"], [0.6666666666666666, "#ed7953"], [0.7777777777777778, "#fb9f3a"], [0.8888888888888888, "#fdca26"], [1.0, "#f0f921"]]}], "heatmapgl": [{"type": "heatmapgl", "colorbar": {"outlinewidth": 0, "ticks": ""}, "colorscale": [[0.0, "#0d0887"], [0.1111111111111111, "#46039f"], [0.2222222222222222, "#7201a8"], [0.3333333333333333, "#9c179e"], [0.4444444444444444, "#bd3786"], [0.5555555555555556, "#d8576b"], [0.6666666666666666, "#ed7953"], [0.7777777777777778, "#fb9f3a"], [0.8888888888888888, "#fdca26"], [1.0, "#f0f921"]]}], "contourcarpet": [{"type": "contourcarpet", "colorbar": {"outlinewidth": 0, "ticks": ""}}], "contour": [{"type": "contour", "colorbar": {"outlinewidth": 0, "ticks": ""}, "colorscale": [[0.0, "#0d0887"], [0.1111111111111111, "#46039f"], [0.2222222222222222, "#7201a8"], [0.3333333333333333, "#9c179e"], [0.4444444444444444, "#bd3786"], [0.5555555555555556, "#d8576b"], [0.6666666666666666, "#ed7953"], [0.7777777777777778, "#fb9f3a"], [0.8888888888888888, "#fdca26"], [1.0, "#f0f921"]]}], "surface": [{"type": "surface", "colorbar": {"outlinewidth": 0, "ticks": ""}, "colorscale": [[0.0, "#0d0887"], [0.1111111111111111, "#46039f"], [0.2222222222222222, "#7201a8"], [0.3333333333333333, "#9c179e"], [0.4444444444444444, "#bd3786"], [0.5555555555555556, "#d8576b"], [0.6666666666666666, "#ed7953"], [0.7777777777777778, "#fb9f3a"], [0.8888888888888888, "#fdca26"], [1.0, "#f0f921"]]}], "mesh3d": [{"type": "mesh3d", "colorbar": {"outlinewidth": 0, "ticks": ""}}], "scatter": [{"fillpattern": {"fillmode": "overlay", "size": 10, "solidity": 0.2}, "type": "scatter"}], "parcoords": [{"type": "parcoords", "line": {"colorbar": {"outlinewidth": 0, "ticks": ""}}}], "scatterpolargl": [{"type": "scatterpolargl", "marker": {"colorbar": {"outlinewidth": 0, "ticks": ""}}}], "bar": [{"error_x": {"color": "#2a3f5f"}, "error_y": {"color": "#2a3f5f"}, "marker": {"line": {"color": "#E5ECF6", "width": 0.5}, "pattern": {"fillmode": "overlay", "size": 10, "solidity": 0.2}}, "type": "bar"}], "scattergeo": [{"type": "scattergeo", "marker": {"colorbar": {"outlinewidth": 0, "ticks": ""}}}], "scatterpolar": [{"type": "scatterpolar", "marker": {"colorbar": {"outlinewidth": 0, "ticks": ""}}}], "histogram": [{"marker": {"pattern": {"fillmode": "overlay", "size": 10, "solidity": 0.2}}, "type": "histogram"}], "scattergl": [{"type": "scattergl", "marker": {"colorbar": {"outlinewidth": 0, "ticks": ""}}}], "scatter3d": [{"type": "scatter3d", "line": {"colorbar": {"outlinewidth": 0, "ticks": ""}}, "marker": {"colorbar": {"outlinewidth": 0, "ticks": ""}}}], "scattermapbox": [{"type": "scattermapbox", "marker": {"colorbar": {"outlinewidth": 0, "ticks": ""}}}], "scatterternary": [{"type": "scatterternary", "marker": {"colorbar": {"outlinewidth": 0, "ticks": ""}}}], "scattercarpet": [{"type": "scattercarpet", "marker": {"colorbar": {"outlinewidth": 0, "ticks": ""}}}], "carpet": [{"aaxis": {"endlinecolor": "#2a3f5f", "gridcolor": "white", "linecolor": "white", "minorgridcolor": "white", "startlinecolor": "#2a3f5f"}, "baxis": {"endlinecolor": "#2a3f5f", "gridcolor": "white", "linecolor": "white", "minorgridcolor": "white", "startlinecolor": "#2a3f5f"}, "type": "carpet"}], "table": [{"cells": {"fill": {"color": "#EBF0F8"}, "line": {"color": "white"}}, "header": {"fill": {"color": "#C8D4E3"}, "line": {"color": "white"}}, "type": "table"}], "barpolar": [{"marker": {"line": {"color": "#E5ECF6", "width": 0.5}, "pattern": {"fillmode": "overlay", "size": 10, "solidity": 0.2}}, "type": "barpolar"}], "pie": [{"automargin": true, "type": "pie"}]}, "layout": {"autotypenumbers": "strict", "colorway": ["#636efa", "#EF553B", "#00cc96", "#ab63fa", "#FFA15A", "#19d3f3", "#FF6692", "#B6E880", "#FF97FF", "#FECB52"], "font": {"color": "#2a3f5f"}, "hovermode": "closest", "hoverlabel": {"align": "left"}, "paper_bgcolor": "white", "plot_bgcolor": "#E5ECF6", "polar": {"bgcolor": "#E5ECF6", "angularaxis": {"gridcolor": "white", "linecolor": "white", "ticks": ""}, "radialaxis": {"gridcolor": "white", "linecolor": "white", "ticks": ""}}, "ternary": {"bgcolor": "#E5ECF6", "aaxis": {"gridcolor": "white", "linecolor": "white", "ticks": ""}, "baxis": {"gridcolor": "white", "linecolor": "white", "ticks": ""}, "caxis": {"gridcolor": "white", "linecolor": "white", "ticks": ""}}, "coloraxis": {"colorbar": {"outlinewidth": 0, "ticks": ""}}, "colorscale": {"sequential": [[0.0, "#0d0887"], [0.1111111111111111, "#46039f"], [0.2222222222222222, "#7201a8"], [0.3333333333333333, "#9c179e"], [0.4444444444444444, "#bd3786"], [0.5555555555555556, "#d8576b"], [0.6666666666666666, "#ed7953"], [0.7777777777777778, "#fb9f3a"], [0.8888888888888888, "#fdca26"], [1.0, "#f0f921"]], "sequentialminus": [[0.0, "#0d0887"], [0.1111111111111111, "#46039f"], [0.2222222222222222, "#7201a8"], [0.3333333333333333, "#9c179e"], [0.4444444444444444, "#bd3786"], [0.5555555555555556, "#d8576b"], [0.6666666666666666, "#ed7953"], [0.7777777777777778, "#fb9f3a"], [0.8888888888888888, "#fdca26"], [1.0, "#f0f921"]], "diverging": [[0, "#8e0152"], [0.1, "#c51b7d"], [0.2, "#de77ae"], [0.3, "#f1b6da"], [0.4, "#fde0ef"], [0.5, "#f7f7f7"], [0.6, "#e6f5d0"], [0.7, "#b8e186"], [0.8, "#7fbc41"], [0.9, "#4d9221"], [1, "#276419"]]}, "xaxis": {"gridcolor": "white", "linecolor": "white", "ticks": "", "title": {"standoff": 15}, "zerolinecolor": "white", "automargin": true, "zerolinewidth": 2}, "yaxis": {"gridcolor": "white", "linecolor": "white", "ticks": "", "title": {"standoff": 15}, "zerolinecolor": "white", "automargin": true, "zerolinewidth": 2}, "scene": {"xaxis": {"backgroundcolor": "#E5ECF6", "gridcolor": "white", "linecolor": "white", "showbackground": true, "ticks": "", "zerolinecolor": "white", "gridwidth": 2}, "yaxis": {"backgroundcolor": "#E5ECF6", "gridcolor": "white", "linecolor": "white", "showbackground": true, "ticks": "", "zerolinecolor": "white", "gridwidth": 2}, "zaxis": {"backgroundcolor": "#E5ECF6", "gridcolor": "white", "linecolor": "white", "showbackground": true, "ticks": "", "zerolinecolor": "white", "gridwidth": 2}}, "shapedefaults": {"line": {"color": "#2a3f5f"}}, "annotationdefaults": {"arrowcolor": "#2a3f5f", "arrowhead": 0, "arrowwidth": 1}, "geo": {"bgcolor": "white", "landcolor": "#E5ECF6", "subunitcolor": "white", "showland": true, "showlakes": true, "lakecolor": "white"}, "title": {"x": 0.05}, "mapbox": {"style": "light"}}}}}