{"data": [{"z": [[23.430130004882812, 1.8983319997787476, 0.9516074657440186, -0.2547605335712433, 6.716287136077881, -1.250414490699768, -0.2980297803878784, 3.946763038635254, 1.6724677085876465, -4.460911273956299, 5.177535057067871, -0.46593186259269714, 0.722393810749054, 1.9977807998657227, 1.1116793155670166, 4.584574222564697, 1.0524446964263916, 2.164133071899414, 2.4515671730041504, 3.488279342651367, 1.7365087270736694], [1.8983319997787476, 16.897829055786133, -1.918116569519043, 1.0444692373275757, -1.6969196796417236, 0.8529337048530579, -0.09828785061836243, 0.11301752179861069, -1.4837449789047241, 5.288951396942139, 1.3346748352050781, -2.993741512298584, 3.98514461517334, 0.6221573352813721, -1.8843801021575928, 2.0112457275390625, -1.4045658111572266, 8.544902801513672, 4.2198405265808105, 1.3927381038665771, -3.2958898544311523], [0.9516074657440186, -1.918116569519043, 21.78725242614746, 3.83862042427063, 2.5824382305145264, 2.588834524154663, 5.965633869171143, -3.416898012161255, 0.2134515345096588, 1.0782040357589722, 1.5893062353134155, 5.920392990112305, -4.266360759735107, 2.9807205200195312, 0.06258286535739899, 2.5397307872772217, -0.6945667266845703, -2.15659236907959, 2.1747097969055176, 1.5229852199554443, -0.2602132558822632], [-0.2547605335712433, 1.0444692373275757, 3.83862042427063, 24.353361129760742, 2.1546547412872314, 3.1504502296447754, 2.809257745742798, -4.56483268737793, -5.724384307861328, 5.889006614685059, 11.415092468261719, -2.9417290687561035, 3.868624210357666, 0.4785388112068176, 2.0689258575439453, 3.5044102668762207, 0.6571316719055176, 3.349977731704712, 1.9284558296203613, 0.23395586013793945, 3.192875862121582], [6.716287136077881, -1.6969196796417236, 2.5824382305145264, 2.1546547412872314, 14.133663177490234, -1.9010136127471924, 3.797234296798706, 2.7025516033172607, 1.9060368537902832, -1.5041894912719727, 3.188347578048706, -0.6081677675247192, 2.193875312805176, 4.700687408447266, 0.9531661868095398, 2.8143374919891357, 0.40099573135375977, -4.903255462646484, 0.5094211101531982, 2.335566997528076, 2.974295139312744], [-1.250414490699768, 0.8529337048530579, 2.588834524154663, 3.1504502296447754, -1.9010136127471924, 20.753921508789062, -0.3838518559932709, 0.36095598340034485, 3.366565704345703, 4.066734790802002, 1.195780634880066, -1.891401767730713, -1.2181034088134766, 1.1081006526947021, 0.4031784236431122, 0.20798000693321228, -5.043704509735107, 1.8190596103668213, -1.095950722694397, 3.2399110794067383, -6.118318557739258], [-0.2980297803878784, -0.09828785061836243, 5.965633869171143, 2.809257745742798, 3.797234296798706, -0.3838518559932709, 17.119901657104492, 1.2869603633880615, 1.3982445001602173, 2.4333760738372803, -1.2673205137252808, 2.9087398052215576, 1.375356674194336, 3.5703861713409424, 2.227200746536255, 3.7085423469543457, 3.1992135047912598, 2.143932342529297, -1.5473203659057617, 0.2559162378311157, -9.3978853225708], [3.946763038635254, 0.11301752179861069, -3.416898012161255, -4.56483268737793, 2.7025516033172607, 0.36095598340034485, 1.2869603633880615, 18.596887588500977, 3.4034547805786133, -0.40457406640052795, -2.4816110134124756, -3.0739142894744873, 0.46861863136291504, -2.4510457515716553, 1.5710848569869995, 1.7118949890136719, 2.652968645095825, -2.3875741958618164, 5.948136329650879, -3.266949415206909, -0.7584874033927917], [1.6724677085876465, -1.4837449789047241, 0.2134515345096588, -5.724384307861328, 1.9060368537902832, 3.366565704345703, 1.3982445001602173, 3.4034547805786133, 18.249422073364258, 2.713987112045288, -4.997222423553467, 0.385854035615921, 3.0791101455688477, 2.4833922386169434, 2.083745241165161, 0.5426188111305237, 0.5131922364234924, -3.82374906539917, -0.7886134386062622, 3.899057626724243, -9.659921646118164], [-4.460911273956299, 5.288951396942139, 1.0782040357589722, 5.889006614685059, -1.5041894912719727, 4.066734790802002, 2.4333760738372803, -0.40457406640052795, 2.713987112045288, 18.847997665405273, -2.647334337234497, -3.939663887023926, 2.412583351135254, -3.2901928424835205, -3.0628409385681152, 1.5105451345443726, -0.4142032861709595, 4.520397186279297, 3.9615087509155273, 1.8867111206054688, -13.575857162475586], [5.177535057067871, 1.3346748352050781, 1.5893062353134155, 11.415092468261719, 3.188347578048706, 1.195780634880066, -1.2673205137252808, -2.4816110134124756, -4.997222423553467, -2.647334337234497, 17.808996200561523, -1.740748405456543, 2.5823159217834473, 2.1461195945739746, 5.532162189483643, -1.6117523908615112, 2.1068849563598633, -1.3398997783660889, 2.5360372066497803, 5.323705673217773, 6.603337287902832], [-0.46593186259269714, -2.993741512298584, 5.920392990112305, -2.9417290687561035, -0.6081677675247192, -1.891401767730713, 2.9087398052215576, -3.0739142894744873, 0.385854035615921, -3.939663887023926, -1.740748405456543, 21.411502838134766, 3.478916883468628, 4.469915390014648, 0.3034781813621521, 2.886813163757324, -2.1384148597717285, -1.1358256340026855, -0.9426956176757812, -0.7151451110839844, 3.9739716053009033], [0.722393810749054, 3.98514461517334, -4.266360759735107, 3.868624210357666, 2.193875312805176, -1.2181034088134766, 1.375356674194336, 0.46861863136291504, 3.0791101455688477, 2.412583351135254, 2.5823159217834473, 3.478916883468628, 19.130327224731445, -2.4106030464172363, 3.0413897037506104, -0.6755372881889343, -5.228359699249268, 2.6917147636413574, 1.9021196365356445, -1.9013279676437378, 5.052018165588379], [1.9977807998657227, 0.6221573352813721, 2.9807205200195312, 0.4785388112068176, 4.700687408447266, 1.1081006526947021, 3.5703861713409424, -2.4510457515716553, 2.4833922386169434, -3.2901928424835205, 2.1461195945739746, 4.469915390014648, -2.4106030464172363, 16.79107666015625, 1.9767016172409058, 3.4916884899139404, 0.10317957401275635, 0.9798640012741089, -5.486580848693848, 2.003390312194824, -5.290064811706543], [1.1116793155670166, -1.8843801021575928, 0.06258286535739899, 2.0689258575439453, 0.9531661868095398, 0.4031784236431122, 2.227200746536255, 1.5710848569869995, 2.083745241165161, -3.0628409385681152, 5.532162189483643, 0.3034781813621521, 3.0413897037506104, 1.9767016172409058, 17.833648681640625, -1.2222026586532593, 1.5080575942993164, -3.812105178833008, -0.8534706830978394, 1.1225719451904297, -1.8487586975097656], [4.584574222564697, 2.0112457275390625, 2.5397307872772217, 3.5044102668762207, 2.8143374919891357, 0.20798000693321228, 3.7085423469543457, 1.7118949890136719, 0.5426188111305237, 1.5105451345443726, -1.6117523908615112, 2.886813163757324, -0.6755372881889343, 3.4916884899139404, -1.2222026586532593, 11.306480407714844, 1.3780626058578491, 0.6054548621177673, 4.18729829788208, -0.04908257722854614, -4.616883277893066], [1.0524446964263916, -1.4045653343200684, -0.6945672035217285, 0.6571309566497803, 0.400995671749115, -5.043704986572266, 3.1992135047912598, 2.652968406677246, 0.5131922960281372, -0.4142029285430908, 2.1068851947784424, -2.1384148597717285, -5.228359222412109, 0.10317967087030411, 1.5080574750900269, 1.3780622482299805, 22.555635452270508, 3.3833837509155273, -1.806994915008545, 7.116220474243164, -4.58099365234375], [2.164133310317993, 8.544902801513672, -2.156592845916748, 3.349977493286133, -4.903255462646484, 1.8190596103668213, 2.143932580947876, -2.3875741958618164, -3.823749542236328, 4.520396709442139, -1.3399001359939575, -1.1358251571655273, 2.6917145252227783, 0.9798641800880432, -3.812105417251587, 0.6054550409317017, 3.3833837509155273, 22.519245147705078, -2.501774549484253, -2.056657314300537, -3.765338897705078], [2.4515671730041504, 4.219841003417969, 2.1747090816497803, 1.9284557104110718, 0.5094210505485535, -1.0959503650665283, -1.5473202466964722, 5.948136806488037, -0.7886138558387756, 3.9615085124969482, 2.5360374450683594, -0.9426953792572021, 1.9021196365356445, -5.486581325531006, -0.8534703850746155, 4.18729829788208, -1.806994915008545, -2.501774549484253, 19.02022361755371, -4.004316806793213, -3.2454400062561035], [3.4882781505584717, 1.3927382230758667, 1.522985577583313, 0.23395606875419617, 2.3355660438537598, 3.2399115562438965, 0.2559162378311157, -3.266949415206909, 3.8990578651428223, 1.886711597442627, 5.323704719543457, -0.7151457071304321, -1.9013278484344482, 2.003390073776245, 1.1225717067718506, -0.04908248409628868, 7.116220474243164, -2.056657314300537, -4.004316806793213, 21.20010757446289, 0.20290419459342957], [1.736509084701538, -3.295889377593994, -0.2602131962776184, 3.192875385284424, 2.974294662475586, -6.118318557739258, -9.397886276245117, -0.7584874629974365, -9.659921646118164, -13.575857162475586, 6.603337287902832, 3.973971366882324, 5.052019119262695, -5.290065288543701, -1.8487586975097656, -4.616883277893066, -4.580994129180908, -3.7653391361236572, -3.2454402446746826, 0.20290422439575195, 47.48805236816406]], "type": "heatmap"}], "layout": {"template": {"data": {"histogram2dcontour": [{"type": "histogram2dcontour", "colorbar": {"outlinewidth": 0, "ticks": ""}, "colorscale": [[0.0, "#0d0887"], [0.1111111111111111, "#46039f"], [0.2222222222222222, "#7201a8"], [0.3333333333333333, "#9c179e"], [0.4444444444444444, "#bd3786"], [0.5555555555555556, "#d8576b"], [0.6666666666666666, "#ed7953"], [0.7777777777777778, "#fb9f3a"], [0.8888888888888888, "#fdca26"], [1.0, "#f0f921"]]}], "choropleth": [{"type": "choropleth", "colorbar": {"outlinewidth": 0, "ticks": ""}}], "histogram2d": [{"type": "histogram2d", "colorbar": {"outlinewidth": 0, "ticks": ""}, "colorscale": [[0.0, "#0d0887"], [0.1111111111111111, "#46039f"], [0.2222222222222222, "#7201a8"], [0.3333333333333333, "#9c179e"], [0.4444444444444444, "#bd3786"], [0.5555555555555556, "#d8576b"], [0.6666666666666666, "#ed7953"], [0.7777777777777778, "#fb9f3a"], [0.8888888888888888, "#fdca26"], [1.0, "#f0f921"]]}], "heatmap": [{"type": "heatmap", "colorbar": {"outlinewidth": 0, "ticks": ""}, "colorscale": [[0.0, "#0d0887"], [0.1111111111111111, "#46039f"], [0.2222222222222222, "#7201a8"], [0.3333333333333333, "#9c179e"], [0.4444444444444444, "#bd3786"], [0.5555555555555556, "#d8576b"], [0.6666666666666666, "#ed7953"], [0.7777777777777778, "#fb9f3a"], [0.8888888888888888, "#fdca26"], [1.0, "#f0f921"]]}], "heatmapgl": [{"type": "heatmapgl", "colorbar": {"outlinewidth": 0, "ticks": ""}, "colorscale": [[0.0, "#0d0887"], [0.1111111111111111, "#46039f"], [0.2222222222222222, "#7201a8"], [0.3333333333333333, "#9c179e"], [0.4444444444444444, "#bd3786"], [0.5555555555555556, "#d8576b"], [0.6666666666666666, "#ed7953"], [0.7777777777777778, "#fb9f3a"], [0.8888888888888888, "#fdca26"], [1.0, "#f0f921"]]}], "contourcarpet": [{"type": "contourcarpet", "colorbar": {"outlinewidth": 0, "ticks": ""}}], "contour": [{"type": "contour", "colorbar": {"outlinewidth": 0, "ticks": ""}, "colorscale": [[0.0, "#0d0887"], [0.1111111111111111, "#46039f"], [0.2222222222222222, "#7201a8"], [0.3333333333333333, "#9c179e"], [0.4444444444444444, "#bd3786"], [0.5555555555555556, "#d8576b"], [0.6666666666666666, "#ed7953"], [0.7777777777777778, "#fb9f3a"], [0.8888888888888888, "#fdca26"], [1.0, "#f0f921"]]}], "surface": [{"type": "surface", "colorbar": {"outlinewidth": 0, "ticks": ""}, "colorscale": [[0.0, "#0d0887"], [0.1111111111111111, "#46039f"], [0.2222222222222222, "#7201a8"], [0.3333333333333333, "#9c179e"], [0.4444444444444444, "#bd3786"], [0.5555555555555556, "#d8576b"], [0.6666666666666666, "#ed7953"], [0.7777777777777778, "#fb9f3a"], [0.8888888888888888, "#fdca26"], [1.0, "#f0f921"]]}], "mesh3d": [{"type": "mesh3d", "colorbar": {"outlinewidth": 0, "ticks": ""}}], "scatter": [{"fillpattern": {"fillmode": "overlay", "size": 10, "solidity": 0.2}, "type": "scatter"}], "parcoords": [{"type": "parcoords", "line": {"colorbar": {"outlinewidth": 0, "ticks": ""}}}], "scatterpolargl": [{"type": "scatterpolargl", "marker": {"colorbar": {"outlinewidth": 0, "ticks": ""}}}], "bar": [{"error_x": {"color": "#2a3f5f"}, "error_y": {"color": "#2a3f5f"}, "marker": {"line": {"color": "#E5ECF6", "width": 0.5}, "pattern": {"fillmode": "overlay", "size": 10, "solidity": 0.2}}, "type": "bar"}], "scattergeo": [{"type": "scattergeo", "marker": {"colorbar": {"outlinewidth": 0, "ticks": ""}}}], "scatterpolar": [{"type": "scatterpolar", "marker": {"colorbar": {"outlinewidth": 0, "ticks": ""}}}], "histogram": [{"marker": {"pattern": {"fillmode": "overlay", "size": 10, "solidity": 0.2}}, "type": "histogram"}], "scattergl": [{"type": "scattergl", "marker": {"colorbar": {"outlinewidth": 0, "ticks": ""}}}], "scatter3d": [{"type": "scatter3d", "line": {"colorbar": {"outlinewidth": 0, "ticks": ""}}, "marker": {"colorbar": {"outlinewidth": 0, "ticks": ""}}}], "scattermapbox": [{"type": "scattermapbox", "marker": {"colorbar": {"outlinewidth": 0, "ticks": ""}}}], "scatterternary": [{"type": "scatterternary", "marker": {"colorbar": {"outlinewidth": 0, "ticks": ""}}}], "scattercarpet": [{"type": "scattercarpet", "marker": {"colorbar": {"outlinewidth": 0, "ticks": ""}}}], "carpet": [{"aaxis": {"endlinecolor": "#2a3f5f", "gridcolor": "white", "linecolor": "white", "minorgridcolor": "white", "startlinecolor": "#2a3f5f"}, "baxis": {"endlinecolor": "#2a3f5f", "gridcolor": "white", "linecolor": "white", "minorgridcolor": "white", "startlinecolor": "#2a3f5f"}, "type": "carpet"}], "table": [{"cells": {"fill": {"color": "#EBF0F8"}, "line": {"color": "white"}}, "header": {"fill": {"color": "#C8D4E3"}, "line": {"color": "white"}}, "type": "table"}], "barpolar": [{"marker": {"line": {"color": "#E5ECF6", "width": 0.5}, "pattern": {"fillmode": "overlay", "size": 10, "solidity": 0.2}}, "type": "barpolar"}], "pie": [{"automargin": true, "type": "pie"}]}, "layout": {"autotypenumbers": "strict", "colorway": ["#636efa", "#EF553B", "#00cc96", "#ab63fa", "#FFA15A", "#19d3f3", "#FF6692", "#B6E880", "#FF97FF", "#FECB52"], "font": {"color": "#2a3f5f"}, "hovermode": "closest", "hoverlabel": {"align": "left"}, "paper_bgcolor": "white", "plot_bgcolor": "#E5ECF6", "polar": {"bgcolor": "#E5ECF6", "angularaxis": {"gridcolor": "white", "linecolor": "white", "ticks": ""}, "radialaxis": {"gridcolor": "white", "linecolor": "white", "ticks": ""}}, "ternary": {"bgcolor": "#E5ECF6", "aaxis": {"gridcolor": "white", "linecolor": "white", "ticks": ""}, "baxis": {"gridcolor": "white", "linecolor": "white", "ticks": ""}, "caxis": {"gridcolor": "white", "linecolor": "white", "ticks": ""}}, "coloraxis": {"colorbar": {"outlinewidth": 0, "ticks": ""}}, "colorscale": {"sequential": [[0.0, "#0d0887"], [0.1111111111111111, "#46039f"], [0.2222222222222222, "#7201a8"], [0.3333333333333333, "#9c179e"], [0.4444444444444444, "#bd3786"], [0.5555555555555556, "#d8576b"], [0.6666666666666666, "#ed7953"], [0.7777777777777778, "#fb9f3a"], [0.8888888888888888, "#fdca26"], [1.0, "#f0f921"]], "sequentialminus": [[0.0, "#0d0887"], [0.1111111111111111, "#46039f"], [0.2222222222222222, "#7201a8"], [0.3333333333333333, "#9c179e"], [0.4444444444444444, "#bd3786"], [0.5555555555555556, "#d8576b"], [0.6666666666666666, "#ed7953"], [0.7777777777777778, "#fb9f3a"], [0.8888888888888888, "#fdca26"], [1.0, "#f0f921"]], "diverging": [[0, "#8e0152"], [0.1, "#c51b7d"], [0.2, "#de77ae"], [0.3, "#f1b6da"], [0.4, "#fde0ef"], [0.5, "#f7f7f7"], [0.6, "#e6f5d0"], [0.7, "#b8e186"], [0.8, "#7fbc41"], [0.9, "#4d9221"], [1, "#276419"]]}, "xaxis": {"gridcolor": "white", "linecolor": "white", "ticks": "", "title": {"standoff": 15}, "zerolinecolor": "white", "automargin": true, "zerolinewidth": 2}, "yaxis": {"gridcolor": "white", "linecolor": "white", "ticks": "", "title": {"standoff": 15}, "zerolinecolor": "white", "automargin": true, "zerolinewidth": 2}, "scene": {"xaxis": {"backgroundcolor": "#E5ECF6", "gridcolor": "white", "linecolor": "white", "showbackground": true, "ticks": "", "zerolinecolor": "white", "gridwidth": 2}, "yaxis": {"backgroundcolor": "#E5ECF6", "gridcolor": "white", "linecolor": "white", "showbackground": true, "ticks": "", "zerolinecolor": "white", "gridwidth": 2}, "zaxis": {"backgroundcolor": "#E5ECF6", "gridcolor": "white", "linecolor": "white", "showbackground": true, "ticks": "", "zerolinecolor": "white", "gridwidth": 2}}, "shapedefaults": {"line": {"color": "#2a3f5f"}}, "annotationdefaults": {"arrowcolor": "#2a3f5f", "arrowhead": 0, "arrowwidth": 1}, "geo": {"bgcolor": "white", "landcolor": "#E5ECF6", "subunitcolor": "white", "showland": true, "showlakes": true, "lakecolor": "white"}, "title": {"x": 0.05}, "mapbox": {"style": "light"}}}}}