{"data": [{"z": [[23.656282424926758, 1.8789623975753784, 0.9838191270828247, -0.34933584928512573, 6.7379584312438965, -1.2479363679885864, -0.3786205053329468, 3.8700129985809326, 1.7308543920516968, -4.534030437469482, 5.210484027862549, -0.5576580166816711, 0.7442125678062439, 1.9195910692214966, 1.068598747253418, 4.616466045379639, 1.0069100856781006, 2.1787447929382324, 2.4926486015319824, 3.512057304382324, 1.7309634685516357], [1.8789623975753784, 16.969337463378906, -1.9459301233291626, 0.984409749507904, -1.76045823097229, 0.8197188973426819, -0.0900452509522438, 0.11071145534515381, -1.5299603939056396, 5.291485786437988, 1.3090462684631348, -3.0183565616607666, 4.055466651916504, 0.5711362361907959, -1.9182453155517578, 1.9728565216064453, -1.4791691303253174, 8.565308570861816, 4.268790245056152, 1.420159935951233, -3.2728495597839355], [0.9838191270828247, -1.9459301233291626, 21.881555557250977, 3.8564867973327637, 2.570291519165039, 2.5976474285125732, 6.000600814819336, -3.465005397796631, 0.1849881410598755, 1.0674940347671509, 1.5761152505874634, 5.8932085037231445, -4.257612705230713, 2.9501776695251465, 0.0599936880171299, 2.5334668159484863, -0.7384138107299805, -2.2080371379852295, 2.1968259811401367, 1.5085272789001465, -0.26332879066467285], [-0.34933584928512573, 0.984409749507904, 3.8564867973327637, 24.370702743530273, 2.1471402645111084, 3.075279712677002, 2.753467559814453, -4.666455268859863, -5.829006671905518, 5.874248504638672, 11.48731803894043, -3.0574607849121094, 3.806138277053833, 0.41111111640930176, 2.030217409133911, 3.5058162212371826, 0.6230018138885498, 3.368250846862793, 1.834122896194458, 0.15481781959533691, 3.220463275909424], [6.7379584312438965, -1.76045823097229, 2.570291519165039, 2.1471402645111084, 14.194989204406738, -1.911097764968872, 3.830658197402954, 2.730384111404419, 1.8659648895263672, -1.6148470640182495, 3.267652750015259, -0.646966278553009, 2.203223943710327, 4.67951774597168, 0.9558305740356445, 2.8310861587524414, 0.3530721664428711, -4.972476959228516, 0.4945671558380127, 2.3401801586151123, 3.044543981552124], [-1.2479363679885864, 0.8197188973426819, 2.5976474285125732, 3.075279712677002, -1.911097764968872, 20.890544891357422, -0.4098915159702301, 0.2478746473789215, 3.4052512645721436, 4.039760589599609, 1.1681842803955078, -2.0357325077056885, -1.2560638189315796, 1.0886610746383667, 0.3640570044517517, 0.2074863165616989, -5.127957820892334, 1.8430628776550293, -1.1913968324661255, 3.2752552032470703, -6.140137672424316], [-0.3786205053329468, -0.0900452509522438, 6.000600814819336, 2.753467559814453, 3.830658197402954, -0.4098915159702301, 17.230628967285156, 1.2592031955718994, 1.3328272104263306, 2.435443878173828, -1.292189598083496, 2.838870048522949, 1.4150927066802979, 3.5250489711761475, 2.203881025314331, 3.7260496616363525, 3.1647391319274902, 2.1442575454711914, -1.6082441806793213, 0.24569988250732422, -9.43114185333252], [3.8700129985809326, 0.11071145534515381, -3.465005397796631, -4.666455268859863, 2.730384111404419, 0.2478746473789215, 1.2592031955718994, 18.623641967773438, 3.3712236881256104, -0.4738979637622833, -2.4974796772003174, -3.169787883758545, 0.4637588560581207, -2.52799654006958, 1.5629527568817139, 1.7462937831878662, 2.612874984741211, -2.4563333988189697, 5.919323921203613, -3.353931427001953, -0.7183812260627747], [1.7308543920516968, -1.5299603939056396, 0.1849881410598755, -5.829006671905518, 1.8659648895263672, 3.4052512645721436, 1.3328272104263306, 3.3712236881256104, 18.35038948059082, 2.6753592491149902, -5.103326797485352, 0.35924476385116577, 3.1473214626312256, 2.4635400772094727, 1.9905775785446167, 0.5059125423431396, 0.4752018451690674, -3.91766619682312, -0.8302531242370605, 3.966028928756714, -9.60901927947998], [-4.534030437469482, 5.291485786437988, 1.0674940347671509, 5.874248504638672, -1.6148470640182495, 4.039760589599609, 2.435443878173828, -0.4738979637622833, 2.6753592491149902, 18.94371795654297, -2.76959490776062, -4.037400722503662, 2.469374895095825, -3.327268600463867, -3.146937131881714, 1.4668102264404297, -0.4545707702636719, 4.4775590896606445, 3.9685871601104736, 1.884744644165039, -13.593375205993652], [5.210484027862549, 1.3090462684631348, 1.5761152505874634, 11.48731803894043, 3.267652750015259, 1.1681842803955078, -1.292189598083496, -2.4974796772003174, -5.103326797485352, -2.76959490776062, 17.96279525756836, -1.7744654417037964, 2.5909407138824463, 2.1171159744262695, 5.560642242431641, -1.6302103996276855, 2.0607852935791016, -1.4087878465652466, 2.585574150085449, 5.3104777336120605, 6.702626705169678], [-0.5576580166816711, -3.0183565616607666, 5.8932085037231445, -3.0574607849121094, -0.646966278553009, -2.0357325077056885, 2.838870048522949, -3.169787883758545, 0.35924476385116577, -4.037400722503662, -1.7744654417037964, 21.52628517150879, 3.483637809753418, 4.399655818939209, 0.21902014315128326, 2.931511640548706, -2.1952297687530518, -1.1754660606384277, -0.9941943883895874, -0.7623374462127686, 4.084466934204102], [0.7442125678062439, 4.055466651916504, -4.257612705230713, 3.806138277053833, 2.203223943710327, -1.2560638189315796, 1.4150927066802979, 0.4637588560581207, 3.1473214626312256, 2.469374895095825, 2.5909407138824463, 3.483637809753418, 19.396194458007812, -2.4949777126312256, 3.0808534622192383, -0.661262035369873, -5.344747066497803, 2.7430968284606934, 1.9603867530822754, -1.920300006866455, 4.990348815917969], [1.9195910692214966, 0.5711362361907959, 2.9501776695251465, 0.41111111640930176, 4.67951774597168, 1.0886610746383667, 3.5250489711761475, -2.52799654006958, 2.4635400772094727, -3.327268600463867, 2.1171159744262695, 4.399655818939209, -2.4949777126312256, 16.897592544555664, 1.9464658498764038, 3.5052552223205566, 0.06845438480377197, 0.9795860052108765, -5.635351181030273, 1.9236860275268555, -5.323037147521973], [1.068598747253418, -1.9182453155517578, 0.0599936880171299, 2.030217409133911, 0.9558305740356445, 0.3640570044517517, 2.203881025314331, 1.5629527568817139, 1.9905775785446167, -3.146937131881714, 5.560642242431641, 0.21902014315128326, 3.0808534622192383, 1.9464658498764038, 17.871456146240234, -1.2442346811294556, 1.4671310186386108, -3.8791351318359375, -0.8885147571563721, 1.1147620677947998, -1.7900304794311523], [4.616466045379639, 1.9728565216064453, 2.5334668159484863, 3.5058162212371826, 2.8310861587524414, 0.2074863165616989, 3.7260496616363525, 1.7462937831878662, 0.5059125423431396, 1.4668102264404297, -1.6302103996276855, 2.931511640548706, -0.661262035369873, 3.5052552223205566, -1.2442346811294556, 11.356609344482422, 1.3173904418945312, 0.5253009796142578, 4.2030744552612305, -0.11520808935165405, -4.5934858322143555], [1.0069103240966797, -1.479169249534607, -0.73841392993927, 0.6230016946792603, 0.35307225584983826, -5.127957344055176, 3.1647391319274902, 2.6128742694854736, 0.47520211338996887, -0.4545706510543823, 2.0607855319976807, -2.1952292919158936, -5.344747066497803, 0.06845422834157944, 1.4671306610107422, 1.3173903226852417, 22.633493423461914, 3.3780417442321777, -1.862572431564331, 7.1170973777771, -4.569167137145996], [2.1787447929382324, 8.565308570861816, -2.2080366611480713, 3.368251085281372, -4.972476482391357, 1.8430631160736084, 2.1442577838897705, -2.456333637237549, -3.91766619682312, 4.477558612823486, -1.4087879657745361, -1.1754662990570068, 2.7430975437164307, 0.9795860052108765, -3.8791353702545166, 0.5253008008003235, 3.3780417442321777, 22.622962951660156, -2.556807041168213, -2.1028122901916504, -3.7113213539123535], [2.4926486015319824, 4.268789768218994, 2.1968252658843994, 1.8341233730316162, 0.49456748366355896, -1.1913968324661255, -1.608244776725769, 5.919323444366455, -0.8302532434463501, 3.9685869216918945, 2.58557391166687, -0.9941948652267456, 1.9603869915008545, -5.635350704193115, -0.8885149359703064, 4.203073978424072, -1.862572431564331, -2.556807041168213, 19.132436752319336, -4.032757759094238, -3.243441104888916], [3.5120575428009033, 1.4201595783233643, 1.5085275173187256, 0.15481765568256378, 2.340179443359375, 3.2752552032470703, 0.24569997191429138, -3.353931427001953, 3.966028928756714, 1.8847442865371704, 5.310478210449219, -0.7623374462127686, -1.9202998876571655, 1.9236862659454346, 1.1147621870040894, -0.11520795524120331, 7.1170973777771, -2.1028122901916504, -4.032757759094238, 21.3251953125, 0.19749867916107178], [1.730963945388794, -3.2728500366210938, -0.263328492641449, 3.2204630374908447, 3.044544219970703, -6.140137672424316, -9.43114185333252, -0.7183812856674194, -9.609018325805664, -13.593374252319336, 6.7026262283325195, 4.084467887878418, 4.990347862243652, -5.3230366706848145, -1.7900307178497314, -4.593485355377197, -4.569167137145996, -3.7113213539123535, -3.243441104888916, 0.19749927520751953, 47.48805236816406]], "type": "heatmap"}], "layout": {"template": {"data": {"histogram2dcontour": [{"type": "histogram2dcontour", "colorbar": {"outlinewidth": 0, "ticks": ""}, "colorscale": [[0.0, "#0d0887"], [0.1111111111111111, "#46039f"], [0.2222222222222222, "#7201a8"], [0.3333333333333333, "#9c179e"], [0.4444444444444444, "#bd3786"], [0.5555555555555556, "#d8576b"], [0.6666666666666666, "#ed7953"], [0.7777777777777778, "#fb9f3a"], [0.8888888888888888, "#fdca26"], [1.0, "#f0f921"]]}], "choropleth": [{"type": "choropleth", "colorbar": {"outlinewidth": 0, "ticks": ""}}], "histogram2d": [{"type": "histogram2d", "colorbar": {"outlinewidth": 0, "ticks": ""}, "colorscale": [[0.0, "#0d0887"], [0.1111111111111111, "#46039f"], [0.2222222222222222, "#7201a8"], [0.3333333333333333, "#9c179e"], [0.4444444444444444, "#bd3786"], [0.5555555555555556, "#d8576b"], [0.6666666666666666, "#ed7953"], [0.7777777777777778, "#fb9f3a"], [0.8888888888888888, "#fdca26"], [1.0, "#f0f921"]]}], "heatmap": [{"type": "heatmap", "colorbar": {"outlinewidth": 0, "ticks": ""}, "colorscale": [[0.0, "#0d0887"], [0.1111111111111111, "#46039f"], [0.2222222222222222, "#7201a8"], [0.3333333333333333, "#9c179e"], [0.4444444444444444, "#bd3786"], [0.5555555555555556, "#d8576b"], [0.6666666666666666, "#ed7953"], [0.7777777777777778, "#fb9f3a"], [0.8888888888888888, "#fdca26"], [1.0, "#f0f921"]]}], "heatmapgl": [{"type": "heatmapgl", "colorbar": {"outlinewidth": 0, "ticks": ""}, "colorscale": [[0.0, "#0d0887"], [0.1111111111111111, "#46039f"], [0.2222222222222222, "#7201a8"], [0.3333333333333333, "#9c179e"], [0.4444444444444444, "#bd3786"], [0.5555555555555556, "#d8576b"], [0.6666666666666666, "#ed7953"], [0.7777777777777778, "#fb9f3a"], [0.8888888888888888, "#fdca26"], [1.0, "#f0f921"]]}], "contourcarpet": [{"type": "contourcarpet", "colorbar": {"outlinewidth": 0, "ticks": ""}}], "contour": [{"type": "contour", "colorbar": {"outlinewidth": 0, "ticks": ""}, "colorscale": [[0.0, "#0d0887"], [0.1111111111111111, "#46039f"], [0.2222222222222222, "#7201a8"], [0.3333333333333333, "#9c179e"], [0.4444444444444444, "#bd3786"], [0.5555555555555556, "#d8576b"], [0.6666666666666666, "#ed7953"], [0.7777777777777778, "#fb9f3a"], [0.8888888888888888, "#fdca26"], [1.0, "#f0f921"]]}], "surface": [{"type": "surface", "colorbar": {"outlinewidth": 0, "ticks": ""}, "colorscale": [[0.0, "#0d0887"], [0.1111111111111111, "#46039f"], [0.2222222222222222, "#7201a8"], [0.3333333333333333, "#9c179e"], [0.4444444444444444, "#bd3786"], [0.5555555555555556, "#d8576b"], [0.6666666666666666, "#ed7953"], [0.7777777777777778, "#fb9f3a"], [0.8888888888888888, "#fdca26"], [1.0, "#f0f921"]]}], "mesh3d": [{"type": "mesh3d", "colorbar": {"outlinewidth": 0, "ticks": ""}}], "scatter": [{"fillpattern": {"fillmode": "overlay", "size": 10, "solidity": 0.2}, "type": "scatter"}], "parcoords": [{"type": "parcoords", "line": {"colorbar": {"outlinewidth": 0, "ticks": ""}}}], "scatterpolargl": [{"type": "scatterpolargl", "marker": {"colorbar": {"outlinewidth": 0, "ticks": ""}}}], "bar": [{"error_x": {"color": "#2a3f5f"}, "error_y": {"color": "#2a3f5f"}, "marker": {"line": {"color": "#E5ECF6", "width": 0.5}, "pattern": {"fillmode": "overlay", "size": 10, "solidity": 0.2}}, "type": "bar"}], "scattergeo": [{"type": "scattergeo", "marker": {"colorbar": {"outlinewidth": 0, "ticks": ""}}}], "scatterpolar": [{"type": "scatterpolar", "marker": {"colorbar": {"outlinewidth": 0, "ticks": ""}}}], "histogram": [{"marker": {"pattern": {"fillmode": "overlay", "size": 10, "solidity": 0.2}}, "type": "histogram"}], "scattergl": [{"type": "scattergl", "marker": {"colorbar": {"outlinewidth": 0, "ticks": ""}}}], "scatter3d": [{"type": "scatter3d", "line": {"colorbar": {"outlinewidth": 0, "ticks": ""}}, "marker": {"colorbar": {"outlinewidth": 0, "ticks": ""}}}], "scattermapbox": [{"type": "scattermapbox", "marker": {"colorbar": {"outlinewidth": 0, "ticks": ""}}}], "scatterternary": [{"type": "scatterternary", "marker": {"colorbar": {"outlinewidth": 0, "ticks": ""}}}], "scattercarpet": [{"type": "scattercarpet", "marker": {"colorbar": {"outlinewidth": 0, "ticks": ""}}}], "carpet": [{"aaxis": {"endlinecolor": "#2a3f5f", "gridcolor": "white", "linecolor": "white", "minorgridcolor": "white", "startlinecolor": "#2a3f5f"}, "baxis": {"endlinecolor": "#2a3f5f", "gridcolor": "white", "linecolor": "white", "minorgridcolor": "white", "startlinecolor": "#2a3f5f"}, "type": "carpet"}], "table": [{"cells": {"fill": {"color": "#EBF0F8"}, "line": {"color": "white"}}, "header": {"fill": {"color": "#C8D4E3"}, "line": {"color": "white"}}, "type": "table"}], "barpolar": [{"marker": {"line": {"color": "#E5ECF6", "width": 0.5}, "pattern": {"fillmode": "overlay", "size": 10, "solidity": 0.2}}, "type": "barpolar"}], "pie": [{"automargin": true, "type": "pie"}]}, "layout": {"autotypenumbers": "strict", "colorway": ["#636efa", "#EF553B", "#00cc96", "#ab63fa", "#FFA15A", "#19d3f3", "#FF6692", "#B6E880", "#FF97FF", "#FECB52"], "font": {"color": "#2a3f5f"}, "hovermode": "closest", "hoverlabel": {"align": "left"}, "paper_bgcolor": "white", "plot_bgcolor": "#E5ECF6", "polar": {"bgcolor": "#E5ECF6", "angularaxis": {"gridcolor": "white", "linecolor": "white", "ticks": ""}, "radialaxis": {"gridcolor": "white", "linecolor": "white", "ticks": ""}}, "ternary": {"bgcolor": "#E5ECF6", "aaxis": {"gridcolor": "white", "linecolor": "white", "ticks": ""}, "baxis": {"gridcolor": "white", "linecolor": "white", "ticks": ""}, "caxis": {"gridcolor": "white", "linecolor": "white", "ticks": ""}}, "coloraxis": {"colorbar": {"outlinewidth": 0, "ticks": ""}}, "colorscale": {"sequential": [[0.0, "#0d0887"], [0.1111111111111111, "#46039f"], [0.2222222222222222, "#7201a8"], [0.3333333333333333, "#9c179e"], [0.4444444444444444, "#bd3786"], [0.5555555555555556, "#d8576b"], [0.6666666666666666, "#ed7953"], [0.7777777777777778, "#fb9f3a"], [0.8888888888888888, "#fdca26"], [1.0, "#f0f921"]], "sequentialminus": [[0.0, "#0d0887"], [0.1111111111111111, "#46039f"], [0.2222222222222222, "#7201a8"], [0.3333333333333333, "#9c179e"], [0.4444444444444444, "#bd3786"], [0.5555555555555556, "#d8576b"], [0.6666666666666666, "#ed7953"], [0.7777777777777778, "#fb9f3a"], [0.8888888888888888, "#fdca26"], [1.0, "#f0f921"]], "diverging": [[0, "#8e0152"], [0.1, "#c51b7d"], [0.2, "#de77ae"], [0.3, "#f1b6da"], [0.4, "#fde0ef"], [0.5, "#f7f7f7"], [0.6, "#e6f5d0"], [0.7, "#b8e186"], [0.8, "#7fbc41"], [0.9, "#4d9221"], [1, "#276419"]]}, "xaxis": {"gridcolor": "white", "linecolor": "white", "ticks": "", "title": {"standoff": 15}, "zerolinecolor": "white", "automargin": true, "zerolinewidth": 2}, "yaxis": {"gridcolor": "white", "linecolor": "white", "ticks": "", "title": {"standoff": 15}, "zerolinecolor": "white", "automargin": true, "zerolinewidth": 2}, "scene": {"xaxis": {"backgroundcolor": "#E5ECF6", "gridcolor": "white", "linecolor": "white", "showbackground": true, "ticks": "", "zerolinecolor": "white", "gridwidth": 2}, "yaxis": {"backgroundcolor": "#E5ECF6", "gridcolor": "white", "linecolor": "white", "showbackground": true, "ticks": "", "zerolinecolor": "white", "gridwidth": 2}, "zaxis": {"backgroundcolor": "#E5ECF6", "gridcolor": "white", "linecolor": "white", "showbackground": true, "ticks": "", "zerolinecolor": "white", "gridwidth": 2}}, "shapedefaults": {"line": {"color": "#2a3f5f"}}, "annotationdefaults": {"arrowcolor": "#2a3f5f", "arrowhead": 0, "arrowwidth": 1}, "geo": {"bgcolor": "white", "landcolor": "#E5ECF6", "subunitcolor": "white", "showland": true, "showlakes": true, "lakecolor": "white"}, "title": {"x": 0.05}, "mapbox": {"style": "light"}}}}}