{"data": [{"z": [[13.498127937316895, 2.575103759765625, 3.1040425300598145, -0.7875988483428955, 2.3158440589904785, 2.060960292816162, 1.9985023736953735, 2.2878010272979736, 0.19412127137184143, -2.891676664352417, 5.967424392700195, -2.7082531452178955, 4.269824504852295, -2.9432663917541504, 0.3861547112464905, -1.135807991027832, 1.7713515758514404, 3.0412445068359375, 3.110471725463867, -0.25704801082611084, 1.0589513778686523], [2.575103759765625, 27.823684692382812, 0.1706022471189499, 4.91975736618042, -0.4539604187011719, 8.07729434967041, 2.6271204948425293, 1.3009036779403687, -3.1937074661254883, 3.6383299827575684, -7.633028984069824, -1.6026736497879028, 1.24944269657135, -2.9731178283691406, 2.245645523071289, -0.01178587693721056, 7.172086715698242, 4.754307746887207, 3.44014310836792, -2.922921657562256, 4.991180419921875], [3.1040425300598145, 0.1706022471189499, 27.794004440307617, 2.8181471824645996, 6.511353015899658, 3.5176541805267334, 3.1161091327667236, 2.552494764328003, -2.6691877841949463, 6.470210075378418, 2.6534292697906494, -2.546881914138794, -0.1939401626586914, -6.587353706359863, -4.395025253295898, -3.1960582733154297, 0.9916870594024658, 1.8144071102142334, 0.8240582346916199, -1.6415581703186035, 5.165252208709717], [-0.7875988483428955, 4.91975736618042, 2.8181471824645996, 10.69237232208252, 1.922853946685791, 4.662936210632324, 4.102895736694336, 4.057925224304199, -1.259850025177002, 2.560901165008545, -3.1925132274627686, 1.8498822450637817, 3.8681981563568115, 0.6675594449043274, 0.7107089161872864, -0.27846598625183105, 0.6185668706893921, 3.838995933532715, 1.3291041851043701, -0.2280665636062622, -0.4135146141052246], [2.3158440589904785, -0.4539604187011719, 6.511353015899658, 1.922853946685791, 20.900901794433594, -1.3278017044067383, 2.3718059062957764, 3.6091995239257812, -4.387312889099121, 8.168998718261719, 0.9176774024963379, 1.1210668087005615, -2.675377368927002, 5.0442914962768555, 4.670870304107666, -5.590366363525391, -0.18986248970031738, 3.6967155933380127, 1.1208523511886597, -0.649652361869812, -3.2259862422943115], [2.060960292816162, 8.07729434967041, 3.5176541805267334, 4.662936210632324, -1.3278017044067383, 17.633075714111328, 0.4173804223537445, 0.41332048177719116, -3.753532886505127, 1.4782088994979858, -3.1826915740966797, -1.5196083784103394, 6.8633599281311035, -4.401716709136963, -1.576205849647522, 1.0079171657562256, 3.206876754760742, -2.294811725616455, 7.803347587585449, -1.6038399934768677, 1.5767627954483032], [1.9985023736953735, 2.6271204948425293, 3.1161091327667236, 4.102895736694336, 2.3718059062957764, 0.4173804223537445, 13.685303688049316, 4.858415603637695, 0.18426331877708435, 0.6580638289451599, -2.474489688873291, 4.083135604858398, -0.7094939947128296, 3.8455214500427246, -0.2896026074886322, -2.0016705989837646, -0.7504895925521851, 2.966236114501953, 3.0431594848632812, -2.415417432785034, 6.553164482116699], [2.2878010272979736, 1.3009036779403687, 2.552494764328003, 4.057925224304199, 3.6091995239257812, 0.41332048177719116, 4.858415603637695, 21.865537643432617, -2.30914306640625, 2.950528860092163, 0.2974449098110199, -1.7214767932891846, 1.1577622890472412, -1.6392266750335693, -3.0872814655303955, -2.921189069747925, -2.4630327224731445, 3.379603385925293, 1.0234932899475098, 1.1406004428863525, -3.339151620864868], [0.19412127137184143, -3.1937074661254883, -2.6691877841949463, -1.259850025177002, -4.387312889099121, -3.753532886505127, 0.18426331877708435, -2.30914306640625, 33.11279296875, -1.9432934522628784, 10.836935043334961, 2.603792190551758, 0.7008981704711914, 4.257000923156738, -6.307780742645264, 4.839613437652588, 1.1643751859664917, -1.9501240253448486, 3.050220012664795, 7.408209323883057, -5.584301471710205], [-2.891676664352417, 3.6383299827575684, 6.470210075378418, 2.560901165008545, 8.168998718261719, 1.4782088994979858, 0.6580638289451599, 2.950528860092163, -1.9432934522628784, 24.957090377807617, -2.694211006164551, -0.5364723801612854, -3.144301414489746, 5.53688907623291, 3.297492027282715, 1.1216211318969727, -1.8053879737854004, 1.0402417182922363, 5.483129024505615, -0.8051158785820007, 8.513446807861328], [5.967424392700195, -7.633028984069824, 2.6534292697906494, -3.1925132274627686, 0.9176774024963379, -3.1826915740966797, -2.474489688873291, 0.2974449098110199, 10.836935043334961, -2.694211006164551, 18.351564407348633, -2.0609850883483887, 1.7703235149383545, -1.728426218032837, -0.9934101104736328, 0.1930990219116211, 0.9762759208679199, -0.5821499824523926, 2.3293850421905518, 1.1616932153701782, -3.411227226257324], [-2.7082531452178955, -1.6026736497879028, -2.546881914138794, 1.8498822450637817, 1.1210668087005615, -1.5196083784103394, 4.083135604858398, -1.7214767932891846, 2.603792190551758, -0.5364723801612854, -2.0609850883483887, 26.463838577270508, 6.0903120040893555, 9.23631763458252, 0.9868063926696777, 1.3157355785369873, -4.227567672729492, -2.5249900817871094, -0.7063971757888794, 1.7937922477722168, 2.3341734409332275], [4.269824504852295, 1.24944269657135, -0.1939401626586914, 3.8681981563568115, -2.675377368927002, 6.8633599281311035, -0.7094939947128296, 1.1577622890472412, 0.7008981704711914, -3.144301414489746, 1.7703235149383545, 6.0903120040893555, 21.710371017456055, -1.891950011253357, -9.359175682067871, 1.9962764978408813, 1.9282591342926025, -4.091278553009033, -1.8151142597198486, 0.5329334735870361, 2.3238468170166016], [-2.9432663917541504, -2.9731178283691406, -6.587353706359863, 0.6675594449043274, 5.0442914962768555, -4.401716709136963, 3.8455214500427246, -1.6392266750335693, 4.257000923156738, 5.53688907623291, -1.728426218032837, 9.23631763458252, -1.891950011253357, 22.615982055664062, 11.432198524475098, -0.618786633014679, -0.2920459508895874, 0.9082551002502441, -0.3162097930908203, 3.3387529850006104, 0.2760007977485657], [0.3861547112464905, 2.245645523071289, -4.395025253295898, 0.7107089161872864, 4.670870304107666, -1.576205849647522, -0.2896026074886322, -3.0872814655303955, -6.307780742645264, 3.297492027282715, -0.9934101104736328, 0.9868063926696777, -9.359175682067871, 11.432198524475098, 26.14095687866211, -0.8561356067657471, 3.8968358039855957, 3.370248794555664, 0.30395030975341797, 0.7109804153442383, -1.716321587562561], [-1.135807991027832, -0.01178587693721056, -3.1960582733154297, -0.27846598625183105, -5.590366363525391, 1.0079171657562256, -2.0016705989837646, -2.921189069747925, 4.839613437652588, 1.1216211318969727, 0.1930990219116211, 1.3157355785369873, 1.9962764978408813, -0.618786633014679, -0.8561356067657471, 16.631481170654297, 6.626382827758789, 2.5080718994140625, 0.8068978786468506, 6.9941301345825195, 4.441809177398682], [1.7713513374328613, 7.172086715698242, 0.9916871190071106, 0.618566632270813, -0.18986281752586365, 3.206876754760742, -0.7504891157150269, -2.4630327224731445, 1.1643750667572021, -1.8053882122039795, 0.9762757420539856, -4.227567195892334, 1.9282593727111816, -0.29204580187797546, 3.896836280822754, 6.626382350921631, 19.626747131347656, 0.8085699081420898, 0.6905359029769897, 3.5065531730651855, -2.302370548248291], [3.0412445068359375, 4.754308223724365, 1.8144067525863647, 3.838995933532715, 3.696715831756592, -2.294811248779297, 2.966235637664795, 3.3796029090881348, -1.9501240253448486, 1.040242075920105, -0.5821502208709717, -2.5249905586242676, -4.091278076171875, 0.9082550406455994, 3.370248556137085, 2.508071184158325, 0.8085699081420898, 13.50257682800293, -1.6397277116775513, 4.777019500732422, -6.692849636077881], [3.1104719638824463, 3.4401440620422363, 0.8240579962730408, 1.3291040658950806, 1.1208522319793701, 7.803349018096924, 3.0431594848632812, 1.0234932899475098, 3.050220251083374, 5.483129501342773, 2.3293848037719727, -0.706397294998169, -1.8151143789291382, -0.3162101209163666, 0.3039498031139374, 0.8068979382514954, 0.6905359029769897, -1.6397277116775513, 16.854259490966797, -2.739621639251709, 1.5169845819473267], [-0.2570481300354004, -2.922921895980835, -1.6415584087371826, -0.22806671261787415, -0.6496523022651672, -1.6038398742675781, -2.415417194366455, 1.1406004428863525, 7.408209800720215, -0.805115818977356, 1.1616934537887573, 1.793792486190796, 0.5329333543777466, 3.338752508163452, 0.710980236530304, 6.994129657745361, 3.5065531730651855, 4.777019500732422, -2.739621639251709, 16.558433532714844, -11.790773391723633], [1.0589513778686523, 4.991179943084717, 5.165252208709717, -0.41351425647735596, -3.2259867191314697, 1.5767625570297241, 6.553164482116699, -3.3391520977020264, -5.584300518035889, 8.513446807861328, -3.411226987838745, 2.3341727256774902, 2.3238468170166016, 0.2760009765625, -1.7163209915161133, 4.441808700561523, -2.302370548248291, -6.692849159240723, 1.516984462738037, -11.79077434539795, 43.56224822998047]], "type": "heatmap"}], "layout": {"template": {"data": {"histogram2dcontour": [{"type": "histogram2dcontour", "colorbar": {"outlinewidth": 0, "ticks": ""}, "colorscale": [[0.0, "#0d0887"], [0.1111111111111111, "#46039f"], [0.2222222222222222, "#7201a8"], [0.3333333333333333, "#9c179e"], [0.4444444444444444, "#bd3786"], [0.5555555555555556, "#d8576b"], [0.6666666666666666, "#ed7953"], [0.7777777777777778, "#fb9f3a"], [0.8888888888888888, "#fdca26"], [1.0, "#f0f921"]]}], "choropleth": [{"type": "choropleth", "colorbar": {"outlinewidth": 0, "ticks": ""}}], "histogram2d": [{"type": "histogram2d", "colorbar": {"outlinewidth": 0, "ticks": ""}, "colorscale": [[0.0, "#0d0887"], [0.1111111111111111, "#46039f"], [0.2222222222222222, "#7201a8"], [0.3333333333333333, "#9c179e"], [0.4444444444444444, "#bd3786"], [0.5555555555555556, "#d8576b"], [0.6666666666666666, "#ed7953"], [0.7777777777777778, "#fb9f3a"], [0.8888888888888888, "#fdca26"], [1.0, "#f0f921"]]}], "heatmap": [{"type": "heatmap", "colorbar": {"outlinewidth": 0, "ticks": ""}, "colorscale": [[0.0, "#0d0887"], [0.1111111111111111, "#46039f"], [0.2222222222222222, "#7201a8"], [0.3333333333333333, "#9c179e"], [0.4444444444444444, "#bd3786"], [0.5555555555555556, "#d8576b"], [0.6666666666666666, "#ed7953"], [0.7777777777777778, "#fb9f3a"], [0.8888888888888888, "#fdca26"], [1.0, "#f0f921"]]}], "heatmapgl": [{"type": "heatmapgl", "colorbar": {"outlinewidth": 0, "ticks": ""}, "colorscale": [[0.0, "#0d0887"], [0.1111111111111111, "#46039f"], [0.2222222222222222, "#7201a8"], [0.3333333333333333, "#9c179e"], [0.4444444444444444, "#bd3786"], [0.5555555555555556, "#d8576b"], [0.6666666666666666, "#ed7953"], [0.7777777777777778, "#fb9f3a"], [0.8888888888888888, "#fdca26"], [1.0, "#f0f921"]]}], "contourcarpet": [{"type": "contourcarpet", "colorbar": {"outlinewidth": 0, "ticks": ""}}], "contour": [{"type": "contour", "colorbar": {"outlinewidth": 0, "ticks": ""}, "colorscale": [[0.0, "#0d0887"], [0.1111111111111111, "#46039f"], [0.2222222222222222, "#7201a8"], [0.3333333333333333, "#9c179e"], [0.4444444444444444, "#bd3786"], [0.5555555555555556, "#d8576b"], [0.6666666666666666, "#ed7953"], [0.7777777777777778, "#fb9f3a"], [0.8888888888888888, "#fdca26"], [1.0, "#f0f921"]]}], "surface": [{"type": "surface", "colorbar": {"outlinewidth": 0, "ticks": ""}, "colorscale": [[0.0, "#0d0887"], [0.1111111111111111, "#46039f"], [0.2222222222222222, "#7201a8"], [0.3333333333333333, "#9c179e"], [0.4444444444444444, "#bd3786"], [0.5555555555555556, "#d8576b"], [0.6666666666666666, "#ed7953"], [0.7777777777777778, "#fb9f3a"], [0.8888888888888888, "#fdca26"], [1.0, "#f0f921"]]}], "mesh3d": [{"type": "mesh3d", "colorbar": {"outlinewidth": 0, "ticks": ""}}], "scatter": [{"fillpattern": {"fillmode": "overlay", "size": 10, "solidity": 0.2}, "type": "scatter"}], "parcoords": [{"type": "parcoords", "line": {"colorbar": {"outlinewidth": 0, "ticks": ""}}}], "scatterpolargl": [{"type": "scatterpolargl", "marker": {"colorbar": {"outlinewidth": 0, "ticks": ""}}}], "bar": [{"error_x": {"color": "#2a3f5f"}, "error_y": {"color": "#2a3f5f"}, "marker": {"line": {"color": "#E5ECF6", "width": 0.5}, "pattern": {"fillmode": "overlay", "size": 10, "solidity": 0.2}}, "type": "bar"}], "scattergeo": [{"type": "scattergeo", "marker": {"colorbar": {"outlinewidth": 0, "ticks": ""}}}], "scatterpolar": [{"type": "scatterpolar", "marker": {"colorbar": {"outlinewidth": 0, "ticks": ""}}}], "histogram": [{"marker": {"pattern": {"fillmode": "overlay", "size": 10, "solidity": 0.2}}, "type": "histogram"}], "scattergl": [{"type": "scattergl", "marker": {"colorbar": {"outlinewidth": 0, "ticks": ""}}}], "scatter3d": [{"type": "scatter3d", "line": {"colorbar": {"outlinewidth": 0, "ticks": ""}}, "marker": {"colorbar": {"outlinewidth": 0, "ticks": ""}}}], "scattermapbox": [{"type": "scattermapbox", "marker": {"colorbar": {"outlinewidth": 0, "ticks": ""}}}], "scatterternary": [{"type": "scatterternary", "marker": {"colorbar": {"outlinewidth": 0, "ticks": ""}}}], "scattercarpet": [{"type": "scattercarpet", "marker": {"colorbar": {"outlinewidth": 0, "ticks": ""}}}], "carpet": [{"aaxis": {"endlinecolor": "#2a3f5f", "gridcolor": "white", "linecolor": "white", "minorgridcolor": "white", "startlinecolor": "#2a3f5f"}, "baxis": {"endlinecolor": "#2a3f5f", "gridcolor": "white", "linecolor": "white", "minorgridcolor": "white", "startlinecolor": "#2a3f5f"}, "type": "carpet"}], "table": [{"cells": {"fill": {"color": "#EBF0F8"}, "line": {"color": "white"}}, "header": {"fill": {"color": "#C8D4E3"}, "line": {"color": "white"}}, "type": "table"}], "barpolar": [{"marker": {"line": {"color": "#E5ECF6", "width": 0.5}, "pattern": {"fillmode": "overlay", "size": 10, "solidity": 0.2}}, "type": "barpolar"}], "pie": [{"automargin": true, "type": "pie"}]}, "layout": {"autotypenumbers": "strict", "colorway": ["#636efa", "#EF553B", "#00cc96", "#ab63fa", "#FFA15A", "#19d3f3", "#FF6692", "#B6E880", "#FF97FF", "#FECB52"], "font": {"color": "#2a3f5f"}, "hovermode": "closest", "hoverlabel": {"align": "left"}, "paper_bgcolor": "white", "plot_bgcolor": "#E5ECF6", "polar": {"bgcolor": "#E5ECF6", "angularaxis": {"gridcolor": "white", "linecolor": "white", "ticks": ""}, "radialaxis": {"gridcolor": "white", "linecolor": "white", "ticks": ""}}, "ternary": {"bgcolor": "#E5ECF6", "aaxis": {"gridcolor": "white", "linecolor": "white", "ticks": ""}, "baxis": {"gridcolor": "white", "linecolor": "white", "ticks": ""}, "caxis": {"gridcolor": "white", "linecolor": "white", "ticks": ""}}, "coloraxis": {"colorbar": {"outlinewidth": 0, "ticks": ""}}, "colorscale": {"sequential": [[0.0, "#0d0887"], [0.1111111111111111, "#46039f"], [0.2222222222222222, "#7201a8"], [0.3333333333333333, "#9c179e"], [0.4444444444444444, "#bd3786"], [0.5555555555555556, "#d8576b"], [0.6666666666666666, "#ed7953"], [0.7777777777777778, "#fb9f3a"], [0.8888888888888888, "#fdca26"], [1.0, "#f0f921"]], "sequentialminus": [[0.0, "#0d0887"], [0.1111111111111111, "#46039f"], [0.2222222222222222, "#7201a8"], [0.3333333333333333, "#9c179e"], [0.4444444444444444, "#bd3786"], [0.5555555555555556, "#d8576b"], [0.6666666666666666, "#ed7953"], [0.7777777777777778, "#fb9f3a"], [0.8888888888888888, "#fdca26"], [1.0, "#f0f921"]], "diverging": [[0, "#8e0152"], [0.1, "#c51b7d"], [0.2, "#de77ae"], [0.3, "#f1b6da"], [0.4, "#fde0ef"], [0.5, "#f7f7f7"], [0.6, "#e6f5d0"], [0.7, "#b8e186"], [0.8, "#7fbc41"], [0.9, "#4d9221"], [1, "#276419"]]}, "xaxis": {"gridcolor": "white", "linecolor": "white", "ticks": "", "title": {"standoff": 15}, "zerolinecolor": "white", "automargin": true, "zerolinewidth": 2}, "yaxis": {"gridcolor": "white", "linecolor": "white", "ticks": "", "title": {"standoff": 15}, "zerolinecolor": "white", "automargin": true, "zerolinewidth": 2}, "scene": {"xaxis": {"backgroundcolor": "#E5ECF6", "gridcolor": "white", "linecolor": "white", "showbackground": true, "ticks": "", "zerolinecolor": "white", "gridwidth": 2}, "yaxis": {"backgroundcolor": "#E5ECF6", "gridcolor": "white", "linecolor": "white", "showbackground": true, "ticks": "", "zerolinecolor": "white", "gridwidth": 2}, "zaxis": {"backgroundcolor": "#E5ECF6", "gridcolor": "white", "linecolor": "white", "showbackground": true, "ticks": "", "zerolinecolor": "white", "gridwidth": 2}}, "shapedefaults": {"line": {"color": "#2a3f5f"}}, "annotationdefaults": {"arrowcolor": "#2a3f5f", "arrowhead": 0, "arrowwidth": 1}, "geo": {"bgcolor": "white", "landcolor": "#E5ECF6", "subunitcolor": "white", "showland": true, "showlakes": true, "lakecolor": "white"}, "title": {"x": 0.05}, "mapbox": {"style": "light"}}}}}