{"data": [{"z": [[10.214237213134766, 1.4435735940933228, 2.9832444190979004, -0.3629681468009949, 1.7338645458221436, 2.1682143211364746, 1.1786689758300781, 1.2855448722839355, 0.1947472095489502, -1.6860216856002808, 4.1121344566345215, -2.3014392852783203, 2.9114792346954346, -2.4874684810638428, 0.5569185614585876, 0.4492654502391815, 2.3238961696624756, 3.2546169757843018, 2.477051019668579, 1.2704834938049316, 0.14440873265266418], [1.4435735940933228, 21.415508270263672, -0.06695283949375153, 3.679323673248291, -0.35494381189346313, 6.075843811035156, 1.781742811203003, 0.6630566120147705, -2.9459540843963623, 3.230239152908325, -5.500485897064209, -1.716444492340088, 0.10413146018981934, -2.2267580032348633, 2.0812551975250244, -0.004165892489254475, 5.767216682434082, 3.767481803894043, 2.919898748397827, -1.7892944812774658, 4.080650329589844], [2.9832444190979004, -0.06695283949375153, 18.226869583129883, 2.747861862182617, 5.18818998336792, 3.418377637863159, 1.499199628829956, 2.450802803039551, -2.4086949825286865, 4.487015724182129, 2.4076039791107178, -1.600289225578308, 0.12562693655490875, -4.000961780548096, -1.1914091110229492, -3.0143918991088867, 0.5364366769790649, 1.6847715377807617, 1.5291497707366943, -0.8683884143829346, 3.023632049560547], [-0.3629681468009949, 3.679323673248291, 2.747861862182617, 8.046939849853516, 1.78564453125, 4.255799293518066, 3.617128372192383, 2.992746114730835, -1.1114497184753418, 2.5960874557495117, -2.1456868648529053, 2.2044084072113037, 3.374861240386963, 0.5999490022659302, 0.49775367975234985, -0.0863938182592392, 0.7517794370651245, 2.6851556301116943, 1.622854471206665, 0.363167405128479, -0.654547929763794], [1.7338645458221436, -0.35494381189346313, 5.18818998336792, 1.78564453125, 15.162006378173828, -0.06936874985694885, 2.4487104415893555, 2.894000768661499, -3.543813943862915, 6.66245698928833, 0.8169970512390137, 0.8848841786384583, -2.1065447330474854, 4.37180233001709, 4.349457263946533, -3.6771960258483887, 0.23839843273162842, 2.7297751903533936, 1.2274854183197021, -0.23214006423950195, -2.386983633041382], [2.1682143211364746, 6.075843811035156, 3.418377637863159, 4.255799293518066, -0.06936874985694885, 12.49012565612793, 0.7122671604156494, 1.025994062423706, -3.294858694076538, 1.9306814670562744, -2.4569811820983887, -0.36303216218948364, 5.264063358306885, -3.424612283706665, -0.9361575841903687, 1.0863186120986938, 2.089939594268799, -0.6212809681892395, 5.864798545837402, -0.6025909781455994, 1.2218751907348633], [1.1786689758300781, 1.781742811203003, 1.499199628829956, 3.617128372192383, 2.4487104415893555, 0.7122671604156494, 10.28604507446289, 4.111940383911133, -0.19413551688194275, 1.092071771621704, -1.844124674797058, 3.2149665355682373, -0.4833131432533264, 3.266035556793213, 0.3499990701675415, -1.9431836605072021, -0.3423817753791809, 2.848639488220215, 2.746642589569092, -1.2279384136199951, 4.646756649017334], [1.2855448722839355, 0.6630566120147705, 2.450802803039551, 2.992746114730835, 2.894000768661499, 1.025994062423706, 4.111940383911133, 17.087135314941406, -1.567579746246338, 2.8606326580047607, 0.040548764169216156, -1.1873173713684082, 0.7246347069740295, -1.0385557413101196, -2.5576744079589844, -1.6001991033554077, -1.4527931213378906, 2.6172847747802734, 1.6112297773361206, 1.2101298570632935, -3.307495594024658], [0.1947472095489502, -2.9459540843963623, -2.4086949825286865, -1.1114497184753418, -3.543813943862915, -3.294858694076538, -0.19413551688194275, -1.567579746246338, 24.717159271240234, -1.5172486305236816, 8.074686050415039, 2.627371311187744, 0.20955893397331238, 3.4583404064178467, -3.4296154975891113, 4.652019500732422, 1.4535776376724243, -1.1178646087646484, 1.8437796831130981, 5.9988789558410645, -4.7111711502075195], [-1.6860216856002808, 3.230239152908325, 4.487015724182129, 2.5960874557495117, 6.66245698928833, 1.9306814670562744, 1.092071771621704, 2.8606326580047607, -1.5172486305236816, 17.380521774291992, -1.2190988063812256, -0.26440122723579407, -1.8479499816894531, 4.716637134552002, 3.637599229812622, 0.17675864696502686, -0.6539220213890076, 0.7273331880569458, 3.931838035583496, -0.701688289642334, 7.132028102874756], [4.1121344566345215, -5.500485897064209, 2.4076039791107178, -2.1456868648529053, 0.8169970512390137, -2.4569811820983887, -1.844124674797058, 0.040548764169216156, 8.074686050415039, -1.2190988063812256, 13.160738945007324, -1.0294510126113892, 0.8046810030937195, -0.9157688617706299, 0.14643055200576782, 1.1861817836761475, 1.5575870275497437, 0.4824681878089905, 1.0923371315002441, 2.142587661743164, -3.3682334423065186], [-2.3014392852783203, -1.716444492340088, -1.600289225578308, 2.2044084072113037, 0.8848841786384583, -0.36303216218948364, 3.2149665355682373, -1.1873173713684082, 2.627371311187744, -0.26440122723579407, -1.0294510126113892, 20.821578979492188, 4.978694438934326, 7.38808012008667, 0.574691891670227, 1.1307010650634766, -2.801758050918579, -1.8278043270111084, -0.4734370708465576, 1.84078049659729, 1.6186929941177368], [2.9114792346954346, 0.10413146018981934, 0.12562693655490875, 3.374861240386963, -2.1065447330474854, 5.264063358306885, -0.4833131432533264, 0.7246347069740295, 0.20955893397331238, -1.8479499816894531, 0.8046810030937195, 4.978694438934326, 16.327457427978516, -1.6191961765289307, -6.727568626403809, 2.5134246349334717, 1.022573471069336, -2.3793578147888184, -1.2869999408721924, 1.7220762968063354, 0.987575113773346], [-2.4874684810638428, -2.2267580032348633, -4.000961780548096, 0.5999490022659302, 4.37180233001709, -3.424612283706665, 3.266035556793213, -1.0385557413101196, 3.4583404064178467, 4.716637134552002, -0.9157688617706299, 7.38808012008667, -1.6191961765289307, 17.319904327392578, 8.319692611694336, -0.17150942981243134, 0.4586712121963501, 1.0955109596252441, 0.15964126586914062, 2.915300130844116, -0.2300148606300354], [0.5569185614585876, 2.0812551975250244, -1.1914091110229492, 0.49775367975234985, 4.349457263946533, -0.9361575841903687, 0.3499990701675415, -2.5576744079589844, -3.4296154975891113, 3.637599229812622, 0.14643055200576782, 0.574691891670227, -6.727568626403809, 8.319692611694336, 19.039108276367188, -0.5524896383285522, 4.010821342468262, 2.6287083625793457, 0.95856773853302, 0.6190378665924072, -1.500856637954712], [0.4492654502391815, -0.004165892489254475, -3.0143918991088867, -0.0863938182592392, -3.6771960258483887, 1.0863186120986938, -1.9431836605072021, -1.6001991033554077, 4.652019500732422, 0.17675864696502686, 1.1861817836761475, 1.1307010650634766, 2.5134246349334717, -0.17150942981243134, -0.5524896383285522, 12.451851844787598, 5.097240924835205, 1.6183922290802002, 1.3762116432189941, 5.150197982788086, 3.6485939025878906], [2.3238961696624756, 5.767216205596924, 0.5364366173744202, 0.7517794370651245, 0.23839828372001648, 2.089940071105957, -0.34238171577453613, -1.452793002128601, 1.4535773992538452, -0.6539222002029419, 1.5575873851776123, -2.8017585277557373, 1.022573709487915, 0.4586711525917053, 4.010821342468262, 5.097240924835205, 14.828878402709961, 1.2602956295013428, 1.2225602865219116, 3.0661916732788086, -1.9040107727050781], [3.2546169757843018, 3.767482042312622, 1.684771180152893, 2.6851556301116943, 2.7297747135162354, -0.62128084897995, 2.8486390113830566, 2.6172850131988525, -1.117864727973938, 0.727333128452301, 0.48246854543685913, -1.827804446220398, -2.3793575763702393, 1.0955109596252441, 2.6287083625793457, 1.6183921098709106, 1.2602956295013428, 9.980937957763672, -0.20107817649841309, 3.0910348892211914, -5.8869099617004395], [2.477051019668579, 2.919898748397827, 1.5291497707366943, 1.6228543519973755, 1.227485179901123, 5.864799499511719, 2.746642589569092, 1.6112300157546997, 1.8437795639038086, 3.931838035583496, 1.0923371315002441, -0.4734369218349457, -1.2870001792907715, 0.1596411019563675, 0.9585677981376648, 1.3762117624282837, 1.2225602865219116, -0.20107817649841309, 11.471052169799805, -1.4570457935333252, 1.6694910526275635], [1.270483374595642, -1.7892944812774658, -0.8683887124061584, 0.36316731572151184, -0.23214009404182434, -0.6025910377502441, -1.2279385328292847, 1.2101300954818726, 5.9988789558410645, -0.7016883492469788, 2.142587423324585, 1.8407803773880005, 1.722076416015625, 2.915300130844116, 0.6190378665924072, 5.150197982788086, 3.0661916732788086, 3.0910348892211914, -1.4570457935333252, 12.052322387695312, -9.647391319274902], [0.14440858364105225, 4.0806498527526855, 3.023632049560547, -0.6545475721359253, -2.386983633041382, 1.2218754291534424, 4.646756172180176, -3.3074958324432373, -4.7111711502075195, 7.132027626037598, -3.3682339191436768, 1.618692398071289, 0.9875750541687012, -0.23001480102539062, -1.5008563995361328, 3.6485939025878906, -1.904010534286499, -5.886910438537598, 1.6694912910461426, -9.647391319274902, 43.56224822998047]], "type": "heatmap"}], "layout": {"template": {"data": {"histogram2dcontour": [{"type": "histogram2dcontour", "colorbar": {"outlinewidth": 0, "ticks": ""}, "colorscale": [[0.0, "#0d0887"], [0.1111111111111111, "#46039f"], [0.2222222222222222, "#7201a8"], [0.3333333333333333, "#9c179e"], [0.4444444444444444, "#bd3786"], [0.5555555555555556, "#d8576b"], [0.6666666666666666, "#ed7953"], [0.7777777777777778, "#fb9f3a"], [0.8888888888888888, "#fdca26"], [1.0, "#f0f921"]]}], "choropleth": [{"type": "choropleth", "colorbar": {"outlinewidth": 0, "ticks": ""}}], "histogram2d": [{"type": "histogram2d", "colorbar": {"outlinewidth": 0, "ticks": ""}, "colorscale": [[0.0, "#0d0887"], [0.1111111111111111, "#46039f"], [0.2222222222222222, "#7201a8"], [0.3333333333333333, "#9c179e"], [0.4444444444444444, "#bd3786"], [0.5555555555555556, "#d8576b"], [0.6666666666666666, "#ed7953"], [0.7777777777777778, "#fb9f3a"], [0.8888888888888888, "#fdca26"], [1.0, "#f0f921"]]}], "heatmap": [{"type": "heatmap", "colorbar": {"outlinewidth": 0, "ticks": ""}, "colorscale": [[0.0, "#0d0887"], [0.1111111111111111, "#46039f"], [0.2222222222222222, "#7201a8"], [0.3333333333333333, "#9c179e"], [0.4444444444444444, "#bd3786"], [0.5555555555555556, "#d8576b"], [0.6666666666666666, "#ed7953"], [0.7777777777777778, "#fb9f3a"], [0.8888888888888888, "#fdca26"], [1.0, "#f0f921"]]}], "heatmapgl": [{"type": "heatmapgl", "colorbar": {"outlinewidth": 0, "ticks": ""}, "colorscale": [[0.0, "#0d0887"], [0.1111111111111111, "#46039f"], [0.2222222222222222, "#7201a8"], [0.3333333333333333, "#9c179e"], [0.4444444444444444, "#bd3786"], [0.5555555555555556, "#d8576b"], [0.6666666666666666, "#ed7953"], [0.7777777777777778, "#fb9f3a"], [0.8888888888888888, "#fdca26"], [1.0, "#f0f921"]]}], "contourcarpet": [{"type": "contourcarpet", "colorbar": {"outlinewidth": 0, "ticks": ""}}], "contour": [{"type": "contour", "colorbar": {"outlinewidth": 0, "ticks": ""}, "colorscale": [[0.0, "#0d0887"], [0.1111111111111111, "#46039f"], [0.2222222222222222, "#7201a8"], [0.3333333333333333, "#9c179e"], [0.4444444444444444, "#bd3786"], [0.5555555555555556, "#d8576b"], [0.6666666666666666, "#ed7953"], [0.7777777777777778, "#fb9f3a"], [0.8888888888888888, "#fdca26"], [1.0, "#f0f921"]]}], "surface": [{"type": "surface", "colorbar": {"outlinewidth": 0, "ticks": ""}, "colorscale": [[0.0, "#0d0887"], [0.1111111111111111, "#46039f"], [0.2222222222222222, "#7201a8"], [0.3333333333333333, "#9c179e"], [0.4444444444444444, "#bd3786"], [0.5555555555555556, "#d8576b"], [0.6666666666666666, "#ed7953"], [0.7777777777777778, "#fb9f3a"], [0.8888888888888888, "#fdca26"], [1.0, "#f0f921"]]}], "mesh3d": [{"type": "mesh3d", "colorbar": {"outlinewidth": 0, "ticks": ""}}], "scatter": [{"fillpattern": {"fillmode": "overlay", "size": 10, "solidity": 0.2}, "type": "scatter"}], "parcoords": [{"type": "parcoords", "line": {"colorbar": {"outlinewidth": 0, "ticks": ""}}}], "scatterpolargl": [{"type": "scatterpolargl", "marker": {"colorbar": {"outlinewidth": 0, "ticks": ""}}}], "bar": [{"error_x": {"color": "#2a3f5f"}, "error_y": {"color": "#2a3f5f"}, "marker": {"line": {"color": "#E5ECF6", "width": 0.5}, "pattern": {"fillmode": "overlay", "size": 10, "solidity": 0.2}}, "type": "bar"}], "scattergeo": [{"type": "scattergeo", "marker": {"colorbar": {"outlinewidth": 0, "ticks": ""}}}], "scatterpolar": [{"type": "scatterpolar", "marker": {"colorbar": {"outlinewidth": 0, "ticks": ""}}}], "histogram": [{"marker": {"pattern": {"fillmode": "overlay", "size": 10, "solidity": 0.2}}, "type": "histogram"}], "scattergl": [{"type": "scattergl", "marker": {"colorbar": {"outlinewidth": 0, "ticks": ""}}}], "scatter3d": [{"type": "scatter3d", "line": {"colorbar": {"outlinewidth": 0, "ticks": ""}}, "marker": {"colorbar": {"outlinewidth": 0, "ticks": ""}}}], "scattermapbox": [{"type": "scattermapbox", "marker": {"colorbar": {"outlinewidth": 0, "ticks": ""}}}], "scatterternary": [{"type": "scatterternary", "marker": {"colorbar": {"outlinewidth": 0, "ticks": ""}}}], "scattercarpet": [{"type": "scattercarpet", "marker": {"colorbar": {"outlinewidth": 0, "ticks": ""}}}], "carpet": [{"aaxis": {"endlinecolor": "#2a3f5f", "gridcolor": "white", "linecolor": "white", "minorgridcolor": "white", "startlinecolor": "#2a3f5f"}, "baxis": {"endlinecolor": "#2a3f5f", "gridcolor": "white", "linecolor": "white", "minorgridcolor": "white", "startlinecolor": "#2a3f5f"}, "type": "carpet"}], "table": [{"cells": {"fill": {"color": "#EBF0F8"}, "line": {"color": "white"}}, "header": {"fill": {"color": "#C8D4E3"}, "line": {"color": "white"}}, "type": "table"}], "barpolar": [{"marker": {"line": {"color": "#E5ECF6", "width": 0.5}, "pattern": {"fillmode": "overlay", "size": 10, "solidity": 0.2}}, "type": "barpolar"}], "pie": [{"automargin": true, "type": "pie"}]}, "layout": {"autotypenumbers": "strict", "colorway": ["#636efa", "#EF553B", "#00cc96", "#ab63fa", "#FFA15A", "#19d3f3", "#FF6692", "#B6E880", "#FF97FF", "#FECB52"], "font": {"color": "#2a3f5f"}, "hovermode": "closest", "hoverlabel": {"align": "left"}, "paper_bgcolor": "white", "plot_bgcolor": "#E5ECF6", "polar": {"bgcolor": "#E5ECF6", "angularaxis": {"gridcolor": "white", "linecolor": "white", "ticks": ""}, "radialaxis": {"gridcolor": "white", "linecolor": "white", "ticks": ""}}, "ternary": {"bgcolor": "#E5ECF6", "aaxis": {"gridcolor": "white", "linecolor": "white", "ticks": ""}, "baxis": {"gridcolor": "white", "linecolor": "white", "ticks": ""}, "caxis": {"gridcolor": "white", "linecolor": "white", "ticks": ""}}, "coloraxis": {"colorbar": {"outlinewidth": 0, "ticks": ""}}, "colorscale": {"sequential": [[0.0, "#0d0887"], [0.1111111111111111, "#46039f"], [0.2222222222222222, "#7201a8"], [0.3333333333333333, "#9c179e"], [0.4444444444444444, "#bd3786"], [0.5555555555555556, "#d8576b"], [0.6666666666666666, "#ed7953"], [0.7777777777777778, "#fb9f3a"], [0.8888888888888888, "#fdca26"], [1.0, "#f0f921"]], "sequentialminus": [[0.0, "#0d0887"], [0.1111111111111111, "#46039f"], [0.2222222222222222, "#7201a8"], [0.3333333333333333, "#9c179e"], [0.4444444444444444, "#bd3786"], [0.5555555555555556, "#d8576b"], [0.6666666666666666, "#ed7953"], [0.7777777777777778, "#fb9f3a"], [0.8888888888888888, "#fdca26"], [1.0, "#f0f921"]], "diverging": [[0, "#8e0152"], [0.1, "#c51b7d"], [0.2, "#de77ae"], [0.3, "#f1b6da"], [0.4, "#fde0ef"], [0.5, "#f7f7f7"], [0.6, "#e6f5d0"], [0.7, "#b8e186"], [0.8, "#7fbc41"], [0.9, "#4d9221"], [1, "#276419"]]}, "xaxis": {"gridcolor": "white", "linecolor": "white", "ticks": "", "title": {"standoff": 15}, "zerolinecolor": "white", "automargin": true, "zerolinewidth": 2}, "yaxis": {"gridcolor": "white", "linecolor": "white", "ticks": "", "title": {"standoff": 15}, "zerolinecolor": "white", "automargin": true, "zerolinewidth": 2}, "scene": {"xaxis": {"backgroundcolor": "#E5ECF6", "gridcolor": "white", "linecolor": "white", "showbackground": true, "ticks": "", "zerolinecolor": "white", "gridwidth": 2}, "yaxis": {"backgroundcolor": "#E5ECF6", "gridcolor": "white", "linecolor": "white", "showbackground": true, "ticks": "", "zerolinecolor": "white", "gridwidth": 2}, "zaxis": {"backgroundcolor": "#E5ECF6", "gridcolor": "white", "linecolor": "white", "showbackground": true, "ticks": "", "zerolinecolor": "white", "gridwidth": 2}}, "shapedefaults": {"line": {"color": "#2a3f5f"}}, "annotationdefaults": {"arrowcolor": "#2a3f5f", "arrowhead": 0, "arrowwidth": 1}, "geo": {"bgcolor": "white", "landcolor": "#E5ECF6", "subunitcolor": "white", "showland": true, "showlakes": true, "lakecolor": "white"}, "title": {"x": 0.05}, "mapbox": {"style": "light"}}}}}