{"data": [{"z": [[12.600996971130371, 2.2744433879852295, 2.737506151199341, -0.7816140055656433, 2.0683062076568604, 2.053769826889038, 1.5932565927505493, 2.022310972213745, 0.07391489297151566, -2.7250261306762695, 5.314670562744141, -2.7522225379943848, 3.7970094680786133, -2.8926198482513428, 0.32065635919570923, -0.7271043062210083, 1.8156074285507202, 3.1464316844940186, 2.839655876159668, 0.0734483003616333, 0.801443338394165], [2.2744433879852295, 26.35590362548828, -0.07413889467716217, 4.579749584197998, -0.4176124036312103, 7.598067283630371, 2.385910749435425, 1.2199597358703613, -3.3744020462036133, 3.4907357692718506, -7.2209882736206055, -1.6590648889541626, 0.892008900642395, -2.740983486175537, 2.1668589115142822, 0.004632091149687767, 6.849210739135742, 4.469991207122803, 3.2278823852539062, -2.6409096717834473, 4.827942848205566], [2.737506151199341, -0.07413889467716217, 25.181669235229492, 2.6641314029693604, 6.111021041870117, 3.5866904258728027, 2.5445902347564697, 2.3998167514801025, -2.8708133697509766, 5.958759307861328, 2.474040985107422, -2.391883611679077, -0.27248403429985046, -6.117725849151611, -3.6444203853607178, -3.316477060317993, 0.7792118787765503, 1.6580387353897095, 1.0122716426849365, -1.442701816558838, 4.633991718292236], [-0.7816140055656433, 4.579749584197998, 2.6641314029693604, 9.922030448913574, 1.7647207975387573, 4.556659698486328, 3.906067132949829, 3.7075297832489014, -1.4088091850280762, 2.512617826461792, -3.0824193954467773, 1.734898328781128, 3.571124315261841, 0.49219220876693726, 0.48763808608055115, -0.3375510275363922, 0.5344552993774414, 3.5151638984680176, 1.300658941268921, -0.188848614692688, -0.3565123677253723], [2.0683062076568604, -0.4176124036312103, 6.111021041870117, 1.7647207975387573, 19.38924217224121, -0.9168951511383057, 2.336385488510132, 3.2114686965942383, -4.3302483558654785, 7.754751205444336, 0.7555140256881714, 0.8990580439567566, -2.5709972381591797, 4.82540225982666, 4.471916198730469, -5.242105007171631, -0.1842806339263916, 3.2872653007507324, 1.1790838241577148, -0.7071084380149841, -2.9626071453094482], [2.053769826889038, 7.598067283630371, 3.5866904258728027, 4.556659698486328, -0.9168951511383057, 16.476303100585938, 0.48616743087768555, 0.5797571539878845, -3.664255380630493, 1.6410236358642578, -3.0403356552124023, -1.3049248456954956, 6.443469047546387, -4.092215061187744, -1.4180662631988525, 1.0603454113006592, 3.081754446029663, -1.7244274616241455, 7.32155704498291, -1.3521144390106201, 1.5024564266204834], [1.5932565927505493, 2.385910749435425, 2.5445902347564697, 3.906067132949829, 2.336385488510132, 0.48616743087768555, 12.768059730529785, 4.57592248916626, -0.10858161002397537, 0.6097909212112427, -2.4576098918914795, 3.7590417861938477, -0.8510047793388367, 3.708664655685425, -0.19898581504821777, -2.077204704284668, -0.7687838077545166, 2.9965415000915527, 2.885840892791748, -2.2311410903930664, 6.190315246582031], [2.022310972213745, 1.2199597358703613, 2.3998167514801025, 3.7075297832489014, 3.2114686965942383, 0.5797571539878845, 4.57592248916626, 20.572063446044922, -2.206916570663452, 2.701796770095825, 0.18968932330608368, -1.7466261386871338, 1.018578290939331, -1.614107370376587, -3.1927754878997803, -2.7049129009246826, -2.287269115447998, 3.0815818309783936, 1.1246721744537354, 0.8756246566772461, -3.1161389350891113], [0.07391489297151566, -3.3744020462036133, -2.8708133697509766, -1.4088091850280762, -4.3302483558654785, -3.664255380630493, -0.10858161002397537, -2.206916570663452, 31.156391143798828, -2.0675859451293945, 10.131799697875977, 2.4624722003936768, 0.5387737154960632, 3.9879109859466553, -5.841549873352051, 4.68837833404541, 1.036525845527649, -1.8545551300048828, 2.622056007385254, 6.9349870681762695, -5.39307165145874], [-2.7250261306762695, 3.4907357692718506, 5.958759307861328, 2.512617826461792, 7.754751205444336, 1.6410236358642578, 0.6097909212112427, 2.701796770095825, -2.0675859451293945, 23.03179359436035, -2.4209001064300537, -0.532871425151825, -2.7940523624420166, 5.214138507843018, 3.2943525314331055, 0.7485445737838745, -1.5929884910583496, 0.8396854400634766, 5.09364128112793, -0.9364140033721924, 8.221723556518555], [5.314670562744141, -7.2209882736206055, 2.474040985107422, -3.0824193954467773, 0.7555140256881714, -3.0403356552124023, -2.4576098918914795, 0.18968932330608368, 10.131799697875977, -2.4209001064300537, 16.953102111816406, -1.9727423191070557, 1.4479283094406128, -1.6662259101867676, -0.9238624572753906, 0.444192498922348, 1.1543095111846924, -0.40066373348236084, 1.8760979175567627, 1.2308249473571777, -3.272986888885498], [-2.7522225379943848, -1.6590648889541626, -2.391883611679077, 1.734898328781128, 0.8990580439567566, -1.3049248456954956, 3.7590417861938477, -1.7466261386871338, 2.4624722003936768, -0.532871425151825, -1.9727423191070557, 25.007200241088867, 5.643986701965332, 8.81005859375, 0.7851725816726685, 1.1477136611938477, -4.012228012084961, -2.473853588104248, -0.7068533897399902, 1.6352462768554688, 2.2665507793426514], [3.7970094680786133, 0.892008900642395, -0.27248403429985046, 3.571124315261841, -2.5709972381591797, 6.443469047546387, -0.8510047793388367, 1.018578290939331, 0.5387737154960632, -2.7940523624420166, 1.4479283094406128, 5.643986701965332, 20.23585319519043, -1.9472928047180176, -8.880358695983887, 2.0847668647766113, 1.6420624256134033, -3.667494058609009, -1.7650706768035889, 0.767094612121582, 1.9045487642288208], [-2.8926198482513428, -2.740983486175537, -6.117725849151611, 0.49219220876693726, 4.82540225982666, -4.092215061187744, 3.708664655685425, -1.614107370376587, 3.9879109859466553, 5.214138507843018, -1.6662259101867676, 8.81005859375, -1.9472928047180176, 21.46200180053711, 10.638484001159668, -0.5464157462120056, -0.17362922430038452, 0.9566699862480164, -0.12948179244995117, 3.1992945671081543, 0.21781811118125916], [0.32065635919570923, 2.1668589115142822, -3.6444203853607178, 0.48763808608055115, 4.471916198730469, -1.4180662631988525, -0.19898581504821777, -3.1927754878997803, -5.841549873352051, 3.2943525314331055, -0.9238624572753906, 0.7851725816726685, -8.880358695983887, 10.638484001159668, 24.340845108032227, -0.7956467270851135, 3.9107284545898438, 3.2166354656219482, 0.41295695304870605, 0.6900978088378906, -1.6975502967834473], [-0.7271043062210083, 0.004632091149687767, -3.316477060317993, -0.3375510275363922, -5.242105007171631, 1.0603454113006592, -2.077204704284668, -2.7049129009246826, 4.68837833404541, 0.7485445737838745, 0.444192498922348, 1.1477136611938477, 2.0847668647766113, -0.5464157462120056, -0.7956467270851135, 15.496146202087402, 6.135008811950684, 2.171119213104248, 0.9856770634651184, 6.396181106567383, 4.335628032684326], [1.815606951713562, 6.849210739135742, 0.7792118787765503, 0.5344552397727966, -0.1842808574438095, 3.081754684448242, -0.7687839865684509, -2.287269115447998, 1.0365256071090698, -1.5929886102676392, 1.1543093919754028, -4.012227535247803, 1.6420625448226929, -0.17362907528877258, 3.9107282161712646, 6.135009288787842, 18.345399856567383, 0.8611903190612793, 0.860266387462616, 3.304772138595581, -2.129711389541626], [3.1464316844940186, 4.469991207122803, 1.6580381393432617, 3.5151634216308594, 3.287264823913574, -1.724427580833435, 2.9965415000915527, 3.0815818309783936, -1.8545554876327515, 0.8396854400634766, -0.4006635546684265, -2.47385311126709, -3.667494058609009, 0.9566699266433716, 3.2166357040405273, 2.1711196899414062, 0.8611903190612793, 12.53988265991211, -1.2993268966674805, 4.310354232788086, -6.48035192489624], [2.839655876159668, 3.227882146835327, 1.0122714042663574, 1.300658941268921, 1.1790838241577148, 7.321557998657227, 2.885840892791748, 1.1246719360351562, 2.622056007385254, 5.093641757965088, 1.8760976791381836, -0.7068529725074768, -1.7650710344314575, -0.12948139011859894, 0.41295671463012695, 0.9856768846511841, 0.860266387462616, -1.2993268966674805, 15.543951034545898, -2.491913318634033, 1.6094856262207031], [0.07344811409711838, -2.6409096717834473, -1.4427021741867065, -0.18884879350662231, -0.7071085572242737, -1.3521147966384888, -2.2311408519744873, 0.8756250143051147, 6.9349870681762695, -0.9364137053489685, 1.2308247089385986, 1.6352463960647583, 0.7670947909355164, 3.199294328689575, 0.6900983452796936, 6.396180629730225, 3.304772138595581, 4.310354232788086, -2.491913318634033, 15.379914283752441, -11.24947738647461], [0.8014433979988098, 4.827942848205566, 4.6339921951293945, -0.35651278495788574, -2.9626071453094482, 1.5024564266204834, 6.190314769744873, -3.1161391735076904, -5.393072128295898, 8.221722602844238, -3.2729873657226562, 2.2665507793426514, 1.904548168182373, 0.2178182601928711, -1.6975502967834473, 4.335627555847168, -2.129711627960205, -6.480351448059082, 1.6094856262207031, -11.249476432800293, 43.56224822998047]], "type": "heatmap"}], "layout": {"template": {"data": {"histogram2dcontour": [{"type": "histogram2dcontour", "colorbar": {"outlinewidth": 0, "ticks": ""}, "colorscale": [[0.0, "#0d0887"], [0.1111111111111111, "#46039f"], [0.2222222222222222, "#7201a8"], [0.3333333333333333, "#9c179e"], [0.4444444444444444, "#bd3786"], [0.5555555555555556, "#d8576b"], [0.6666666666666666, "#ed7953"], [0.7777777777777778, "#fb9f3a"], [0.8888888888888888, "#fdca26"], [1.0, "#f0f921"]]}], "choropleth": [{"type": "choropleth", "colorbar": {"outlinewidth": 0, "ticks": ""}}], "histogram2d": [{"type": "histogram2d", "colorbar": {"outlinewidth": 0, "ticks": ""}, "colorscale": [[0.0, "#0d0887"], [0.1111111111111111, "#46039f"], [0.2222222222222222, "#7201a8"], [0.3333333333333333, "#9c179e"], [0.4444444444444444, "#bd3786"], [0.5555555555555556, "#d8576b"], [0.6666666666666666, "#ed7953"], [0.7777777777777778, "#fb9f3a"], [0.8888888888888888, "#fdca26"], [1.0, "#f0f921"]]}], "heatmap": [{"type": "heatmap", "colorbar": {"outlinewidth": 0, "ticks": ""}, "colorscale": [[0.0, "#0d0887"], [0.1111111111111111, "#46039f"], [0.2222222222222222, "#7201a8"], [0.3333333333333333, "#9c179e"], [0.4444444444444444, "#bd3786"], [0.5555555555555556, "#d8576b"], [0.6666666666666666, "#ed7953"], [0.7777777777777778, "#fb9f3a"], [0.8888888888888888, "#fdca26"], [1.0, "#f0f921"]]}], "heatmapgl": [{"type": "heatmapgl", "colorbar": {"outlinewidth": 0, "ticks": ""}, "colorscale": [[0.0, "#0d0887"], [0.1111111111111111, "#46039f"], [0.2222222222222222, "#7201a8"], [0.3333333333333333, "#9c179e"], [0.4444444444444444, "#bd3786"], [0.5555555555555556, "#d8576b"], [0.6666666666666666, "#ed7953"], [0.7777777777777778, "#fb9f3a"], [0.8888888888888888, "#fdca26"], [1.0, "#f0f921"]]}], "contourcarpet": [{"type": "contourcarpet", "colorbar": {"outlinewidth": 0, "ticks": ""}}], "contour": [{"type": "contour", "colorbar": {"outlinewidth": 0, "ticks": ""}, "colorscale": [[0.0, "#0d0887"], [0.1111111111111111, "#46039f"], [0.2222222222222222, "#7201a8"], [0.3333333333333333, "#9c179e"], [0.4444444444444444, "#bd3786"], [0.5555555555555556, "#d8576b"], [0.6666666666666666, "#ed7953"], [0.7777777777777778, "#fb9f3a"], [0.8888888888888888, "#fdca26"], [1.0, "#f0f921"]]}], "surface": [{"type": "surface", "colorbar": {"outlinewidth": 0, "ticks": ""}, "colorscale": [[0.0, "#0d0887"], [0.1111111111111111, "#46039f"], [0.2222222222222222, "#7201a8"], [0.3333333333333333, "#9c179e"], [0.4444444444444444, "#bd3786"], [0.5555555555555556, "#d8576b"], [0.6666666666666666, "#ed7953"], [0.7777777777777778, "#fb9f3a"], [0.8888888888888888, "#fdca26"], [1.0, "#f0f921"]]}], "mesh3d": [{"type": "mesh3d", "colorbar": {"outlinewidth": 0, "ticks": ""}}], "scatter": [{"fillpattern": {"fillmode": "overlay", "size": 10, "solidity": 0.2}, "type": "scatter"}], "parcoords": [{"type": "parcoords", "line": {"colorbar": {"outlinewidth": 0, "ticks": ""}}}], "scatterpolargl": [{"type": "scatterpolargl", "marker": {"colorbar": {"outlinewidth": 0, "ticks": ""}}}], "bar": [{"error_x": {"color": "#2a3f5f"}, "error_y": {"color": "#2a3f5f"}, "marker": {"line": {"color": "#E5ECF6", "width": 0.5}, "pattern": {"fillmode": "overlay", "size": 10, "solidity": 0.2}}, "type": "bar"}], "scattergeo": [{"type": "scattergeo", "marker": {"colorbar": {"outlinewidth": 0, "ticks": ""}}}], "scatterpolar": [{"type": "scatterpolar", "marker": {"colorbar": {"outlinewidth": 0, "ticks": ""}}}], "histogram": [{"marker": {"pattern": {"fillmode": "overlay", "size": 10, "solidity": 0.2}}, "type": "histogram"}], "scattergl": [{"type": "scattergl", "marker": {"colorbar": {"outlinewidth": 0, "ticks": ""}}}], "scatter3d": [{"type": "scatter3d", "line": {"colorbar": {"outlinewidth": 0, "ticks": ""}}, "marker": {"colorbar": {"outlinewidth": 0, "ticks": ""}}}], "scattermapbox": [{"type": "scattermapbox", "marker": {"colorbar": {"outlinewidth": 0, "ticks": ""}}}], "scatterternary": [{"type": "scatterternary", "marker": {"colorbar": {"outlinewidth": 0, "ticks": ""}}}], "scattercarpet": [{"type": "scattercarpet", "marker": {"colorbar": {"outlinewidth": 0, "ticks": ""}}}], "carpet": [{"aaxis": {"endlinecolor": "#2a3f5f", "gridcolor": "white", "linecolor": "white", "minorgridcolor": "white", "startlinecolor": "#2a3f5f"}, "baxis": {"endlinecolor": "#2a3f5f", "gridcolor": "white", "linecolor": "white", "minorgridcolor": "white", "startlinecolor": "#2a3f5f"}, "type": "carpet"}], "table": [{"cells": {"fill": {"color": "#EBF0F8"}, "line": {"color": "white"}}, "header": {"fill": {"color": "#C8D4E3"}, "line": {"color": "white"}}, "type": "table"}], "barpolar": [{"marker": {"line": {"color": "#E5ECF6", "width": 0.5}, "pattern": {"fillmode": "overlay", "size": 10, "solidity": 0.2}}, "type": "barpolar"}], "pie": [{"automargin": true, "type": "pie"}]}, "layout": {"autotypenumbers": "strict", "colorway": ["#636efa", "#EF553B", "#00cc96", "#ab63fa", "#FFA15A", "#19d3f3", "#FF6692", "#B6E880", "#FF97FF", "#FECB52"], "font": {"color": "#2a3f5f"}, "hovermode": "closest", "hoverlabel": {"align": "left"}, "paper_bgcolor": "white", "plot_bgcolor": "#E5ECF6", "polar": {"bgcolor": "#E5ECF6", "angularaxis": {"gridcolor": "white", "linecolor": "white", "ticks": ""}, "radialaxis": {"gridcolor": "white", "linecolor": "white", "ticks": ""}}, "ternary": {"bgcolor": "#E5ECF6", "aaxis": {"gridcolor": "white", "linecolor": "white", "ticks": ""}, "baxis": {"gridcolor": "white", "linecolor": "white", "ticks": ""}, "caxis": {"gridcolor": "white", "linecolor": "white", "ticks": ""}}, "coloraxis": {"colorbar": {"outlinewidth": 0, "ticks": ""}}, "colorscale": {"sequential": [[0.0, "#0d0887"], [0.1111111111111111, "#46039f"], [0.2222222222222222, "#7201a8"], [0.3333333333333333, "#9c179e"], [0.4444444444444444, "#bd3786"], [0.5555555555555556, "#d8576b"], [0.6666666666666666, "#ed7953"], [0.7777777777777778, "#fb9f3a"], [0.8888888888888888, "#fdca26"], [1.0, "#f0f921"]], "sequentialminus": [[0.0, "#0d0887"], [0.1111111111111111, "#46039f"], [0.2222222222222222, "#7201a8"], [0.3333333333333333, "#9c179e"], [0.4444444444444444, "#bd3786"], [0.5555555555555556, "#d8576b"], [0.6666666666666666, "#ed7953"], [0.7777777777777778, "#fb9f3a"], [0.8888888888888888, "#fdca26"], [1.0, "#f0f921"]], "diverging": [[0, "#8e0152"], [0.1, "#c51b7d"], [0.2, "#de77ae"], [0.3, "#f1b6da"], [0.4, "#fde0ef"], [0.5, "#f7f7f7"], [0.6, "#e6f5d0"], [0.7, "#b8e186"], [0.8, "#7fbc41"], [0.9, "#4d9221"], [1, "#276419"]]}, "xaxis": {"gridcolor": "white", "linecolor": "white", "ticks": "", "title": {"standoff": 15}, "zerolinecolor": "white", "automargin": true, "zerolinewidth": 2}, "yaxis": {"gridcolor": "white", "linecolor": "white", "ticks": "", "title": {"standoff": 15}, "zerolinecolor": "white", "automargin": true, "zerolinewidth": 2}, "scene": {"xaxis": {"backgroundcolor": "#E5ECF6", "gridcolor": "white", "linecolor": "white", "showbackground": true, "ticks": "", "zerolinecolor": "white", "gridwidth": 2}, "yaxis": {"backgroundcolor": "#E5ECF6", "gridcolor": "white", "linecolor": "white", "showbackground": true, "ticks": "", "zerolinecolor": "white", "gridwidth": 2}, "zaxis": {"backgroundcolor": "#E5ECF6", "gridcolor": "white", "linecolor": "white", "showbackground": true, "ticks": "", "zerolinecolor": "white", "gridwidth": 2}}, "shapedefaults": {"line": {"color": "#2a3f5f"}}, "annotationdefaults": {"arrowcolor": "#2a3f5f", "arrowhead": 0, "arrowwidth": 1}, "geo": {"bgcolor": "white", "landcolor": "#E5ECF6", "subunitcolor": "white", "showland": true, "showlakes": true, "lakecolor": "white"}, "title": {"x": 0.05}, "mapbox": {"style": "light"}}}}}