{"data": [{"z": [[11.070024490356445, 1.7647333145141602, 2.74824857711792, -0.6719089150428772, 1.8297902345657349, 2.081008195877075, 1.224067211151123, 1.5541027784347534, 0.07578956335783005, -2.0755460262298584, 4.509727954864502, -2.5456981658935547, 3.191758394241333, -2.787653684616089, 0.363485723733902, -0.019444487988948822, 2.111598491668701, 3.2106833457946777, 2.577009916305542, 0.8068084120750427, 0.30013853311538696], [1.7647333145141602, 23.219369888305664, -0.3018268048763275, 3.825423240661621, -0.5747561454772949, 6.709017753601074, 1.8593289852142334, 0.7133347988128662, -3.07263445854187, 3.2071127891540527, -6.146853923797607, -1.785902976989746, 0.4184355139732361, -2.5270442962646484, 1.9718060493469238, -0.16265399754047394, 6.030001163482666, 3.756777048110962, 2.996861219406128, -2.2609753608703613, 4.3843159675598145], [2.74824857711792, -0.3018268048763275, 20.623123168945312, 2.4481899738311768, 5.2851457595825195, 3.4000561237335205, 1.7322797775268555, 2.2478585243225098, -2.7642791271209717, 4.793614864349365, 2.321094274520874, -2.080299139022827, -0.14633598923683167, -4.998110771179199, -2.1264443397521973, -3.3934412002563477, 0.3445218801498413, 1.502885341644287, 1.1958454847335815, -1.1679943799972534, 3.738311529159546], [-0.6719089150428772, 3.825423240661621, 2.4481899738311768, 8.59078598022461, 1.6128828525543213, 4.310281276702881, 3.5134685039520264, 3.0594778060913086, -1.1769832372665405, 2.5030744075775146, -2.6281120777130127, 1.8990756273269653, 3.2850537300109863, 0.3938155770301819, 0.38951927423477173, -0.30234402418136597, 0.5446574687957764, 2.9093210697174072, 1.475520372390747, 0.1043773889541626, -0.827659010887146], [1.8297902345657349, -0.5747561454772949, 5.2851457595825195, 1.6128828525543213, 16.631595611572266, -0.4941020607948303, 2.266629457473755, 2.9631080627441406, -3.952507257461548, 6.956328868865967, 0.6971030831336975, 0.7485169172286987, -2.4780113697052, 4.454028606414795, 4.463675498962402, -4.362840175628662, -0.080191969871521, 2.7656850814819336, 1.0785019397735596, -0.5145670175552368, -2.6663641929626465], [2.081008195877075, 6.709017753601074, 3.4000561237335205, 4.310281276702881, -0.4941020607948303, 14.107039451599121, 0.5459992289543152, 0.8202663064002991, -3.5127058029174805, 1.7667251825332642, -2.6152374744415283, -0.6632536053657532, 5.722575664520264, -3.669837474822998, -1.0172066688537598, 1.0605820417404175, 2.4675843715667725, -1.1753671169281006, 6.386908531188965, -0.8637645244598389, 1.4183191061019897], [1.224067211151123, 1.8593289852142334, 1.7322797775268555, 3.5134685039520264, 2.266629457473755, 0.5459992289543152, 11.013200759887695, 4.1610565185546875, -0.2853185832500458, 0.9138060808181763, -2.1651222705841064, 3.3243536949157715, -0.7026619911193848, 3.3274614810943604, 0.13523876667022705, -2.1048343181610107, -0.7499527931213379, 2.843193769454956, 2.6570959091186523, -1.5966408252716064, 5.264586448669434], [1.5541027784347534, 0.7133347988128662, 2.2478585243225098, 3.0594778060913086, 2.9631080627441406, 0.8202663064002991, 4.1610565185546875, 18.36861801147461, -1.8211314678192139, 2.777643918991089, 0.11594036966562271, -1.512341856956482, 0.7396304607391357, -1.316776990890503, -2.8827521800994873, -2.1190454959869385, -1.8097856044769287, 2.6583170890808105, 1.4345698356628418, 1.1045373678207397, -3.407377243041992], [0.07578956335783005, -3.07263445854187, -2.7642791271209717, -1.1769832372665405, -3.952507257461548, -3.5127058029174805, -0.2853185832500458, -1.8211314678192139, 27.093204498291016, -1.818799614906311, 8.86790657043457, 2.539721965789795, 0.21213337779045105, 3.659201145172119, -4.369616508483887, 4.615626811981201, 1.1198415756225586, -1.468174934387207, 2.0806238651275635, 6.269624710083008, -5.010589599609375], [-2.0755460262298584, 3.2071127891540527, 4.793614864349365, 2.5030744075775146, 6.956328868865967, 1.7667251825332642, 0.9138060808181763, 2.777643918991089, -1.818799614906311, 19.48447036743164, -1.7024542093276978, -0.3374008238315582, -2.296164035797119, 5.055615425109863, 3.610747814178467, 0.3135738968849182, -1.1100205183029175, 0.6601046919822693, 4.344057083129883, -0.8874459266662598, 7.605961799621582], [4.509727954864502, -6.146853923797607, 2.321094274520874, -2.6281120777130127, 0.6971030831336975, -2.6152374744415283, -2.1651222705841064, 0.11594036966562271, 8.86790657043457, -1.7024542093276978, 14.615150451660156, -1.5579185485839844, 0.9771115779876709, -1.2657710313796997, -0.24970480799674988, 1.0139883756637573, 1.3872549533843994, 0.15751022100448608, 1.3583791255950928, 1.780945897102356, -3.312835454940796], [-2.5456981658935547, -1.785902976989746, -2.080299139022827, 1.8990756273269653, 0.7485169172286987, -0.6632536053657532, 3.3243536949157715, -1.512341856956482, 2.539721965789795, -0.3374008238315582, -1.5579185485839844, 22.299415588378906, 5.151608943939209, 7.897961139678955, 0.737228512763977, 1.0430285930633545, -3.3645968437194824, -2.19575834274292, -0.6384172439575195, 1.817672848701477, 1.833090901374817], [3.191758394241333, 0.4184355139732361, -0.14633598923683167, 3.2850537300109863, -2.4780113697052, 5.722575664520264, -0.7026619911193848, 0.7396304607391357, 0.21213337779045105, -2.296164035797119, 0.9771115779876709, 5.151608943939209, 17.615610122680664, -1.877648115158081, -7.570841312408447, 2.365746021270752, 1.2564001083374023, -2.98992657661438, -1.4933876991271973, 1.3521296977996826, 1.3971076011657715], [-2.787653684616089, -2.5270442962646484, -4.998110771179199, 0.3938155770301819, 4.454028606414795, -3.669837474822998, 3.3274614810943604, -1.316776990890503, 3.659201145172119, 5.055615425109863, -1.2657710313796997, 7.897961139678955, -1.877648115158081, 18.934354782104492, 9.231705665588379, -0.32223519682884216, 0.08127963542938232, 0.9576237201690674, 0.06698060035705566, 3.0717968940734863, -0.16831958293914795], [0.363485723733902, 1.9718060493469238, -2.1264443397521973, 0.38951927423477173, 4.463675498962402, -1.0172066688537598, 0.13523876667022705, -2.8827521800994873, -4.369616508483887, 3.610747814178467, -0.24970480799674988, 0.737228512763977, -7.570841312408447, 9.231705665588379, 21.14255142211914, -0.5749591588973999, 3.967998743057251, 2.846747398376465, 0.7996301651000977, 0.7698588371276855, -1.6302027702331543], [-0.019444487988948822, -0.16265399754047394, -3.3934412002563477, -0.30234402418136597, -4.362840175628662, 1.0605820417404175, -2.1048343181610107, -2.1190454959869385, 4.615626811981201, 0.3135738968849182, 1.0139883756637573, 1.0430285930633545, 2.365746021270752, -0.32223519682884216, -0.5749591588973999, 13.55958080291748, 5.430089950561523, 1.6864644289016724, 1.3421471118927002, 5.547610282897949, 3.793274402618408], [2.111598491668701, 6.030001163482666, 0.3445219099521637, 0.5446575880050659, -0.08019152283668518, 2.4675841331481934, -0.7499527931213379, -1.8097857236862183, 1.1198415756225586, -1.1100202798843384, 1.3872545957565308, -3.3645966053009033, 1.2563998699188232, 0.08127952367067337, 3.967998504638672, 5.430089473724365, 16.011600494384766, 0.9770130515098572, 0.9894070625305176, 3.0958251953125, -2.1861886978149414], [3.2106833457946777, 3.756777048110962, 1.5028860569000244, 2.909320831298828, 2.765685558319092, -1.175366997718811, 2.843193531036377, 2.6583170890808105, -1.4681754112243652, 0.6601043343544006, 0.15751032531261444, -2.195758104324341, -2.98992657661438, 0.9576235413551331, 2.846747636795044, 1.6864646673202515, 0.9770130515098572, 10.801996231079102, -0.7776433825492859, 3.402270555496216, -6.042832851409912], [2.577010154724121, 2.996861219406128, 1.1958454847335815, 1.4755202531814575, 1.07850182056427, 6.386908531188965, 2.6570961475372314, 1.4345699548721313, 2.0806233882904053, 4.344057083129883, 1.3583792448043823, -0.63841712474823, -1.4933879375457764, 0.06698061525821686, 0.7996305227279663, 1.3421467542648315, 0.9894070625305176, -0.7776433825492859, 12.844036102294922, -1.916752815246582, 1.6795743703842163], [0.8068084716796875, -2.2609751224517822, -1.167994499206543, 0.10437729209661484, -0.5145672559738159, -0.8637644052505493, -1.5966405868530273, 1.104536533355713, 6.269625186920166, -0.8874458074569702, 1.780945897102356, 1.8176735639572144, 1.3521292209625244, 3.0717966556549072, 0.7698587775230408, 5.547609806060791, 3.0958251953125, 3.402270555496216, -1.916752815246582, 13.217279434204102, -10.091310501098633], [0.3001384139060974, 4.3843159675598145, 3.738311767578125, -0.8276588916778564, -2.666364908218384, 1.4183189868927002, 5.264585971832275, -3.4073779582977295, -5.010590553283691, 7.605961322784424, -3.312835693359375, 1.8330907821655273, 1.3971080780029297, -0.16831934452056885, -1.630202293395996, 3.7932746410369873, -2.1861886978149414, -6.042832851409912, 1.6795744895935059, -10.091310501098633, 43.56224822998047]], "type": "heatmap"}], "layout": {"template": {"data": {"histogram2dcontour": [{"type": "histogram2dcontour", "colorbar": {"outlinewidth": 0, "ticks": ""}, "colorscale": [[0.0, "#0d0887"], [0.1111111111111111, "#46039f"], [0.2222222222222222, "#7201a8"], [0.3333333333333333, "#9c179e"], [0.4444444444444444, "#bd3786"], [0.5555555555555556, "#d8576b"], [0.6666666666666666, "#ed7953"], [0.7777777777777778, "#fb9f3a"], [0.8888888888888888, "#fdca26"], [1.0, "#f0f921"]]}], "choropleth": [{"type": "choropleth", "colorbar": {"outlinewidth": 0, "ticks": ""}}], "histogram2d": [{"type": "histogram2d", "colorbar": {"outlinewidth": 0, "ticks": ""}, "colorscale": [[0.0, "#0d0887"], [0.1111111111111111, "#46039f"], [0.2222222222222222, "#7201a8"], [0.3333333333333333, "#9c179e"], [0.4444444444444444, "#bd3786"], [0.5555555555555556, "#d8576b"], [0.6666666666666666, "#ed7953"], [0.7777777777777778, "#fb9f3a"], [0.8888888888888888, "#fdca26"], [1.0, "#f0f921"]]}], "heatmap": [{"type": "heatmap", "colorbar": {"outlinewidth": 0, "ticks": ""}, "colorscale": [[0.0, "#0d0887"], [0.1111111111111111, "#46039f"], [0.2222222222222222, "#7201a8"], [0.3333333333333333, "#9c179e"], [0.4444444444444444, "#bd3786"], [0.5555555555555556, "#d8576b"], [0.6666666666666666, "#ed7953"], [0.7777777777777778, "#fb9f3a"], [0.8888888888888888, "#fdca26"], [1.0, "#f0f921"]]}], "heatmapgl": [{"type": "heatmapgl", "colorbar": {"outlinewidth": 0, "ticks": ""}, "colorscale": [[0.0, "#0d0887"], [0.1111111111111111, "#46039f"], [0.2222222222222222, "#7201a8"], [0.3333333333333333, "#9c179e"], [0.4444444444444444, "#bd3786"], [0.5555555555555556, "#d8576b"], [0.6666666666666666, "#ed7953"], [0.7777777777777778, "#fb9f3a"], [0.8888888888888888, "#fdca26"], [1.0, "#f0f921"]]}], "contourcarpet": [{"type": "contourcarpet", "colorbar": {"outlinewidth": 0, "ticks": ""}}], "contour": [{"type": "contour", "colorbar": {"outlinewidth": 0, "ticks": ""}, "colorscale": [[0.0, "#0d0887"], [0.1111111111111111, "#46039f"], [0.2222222222222222, "#7201a8"], [0.3333333333333333, "#9c179e"], [0.4444444444444444, "#bd3786"], [0.5555555555555556, "#d8576b"], [0.6666666666666666, "#ed7953"], [0.7777777777777778, "#fb9f3a"], [0.8888888888888888, "#fdca26"], [1.0, "#f0f921"]]}], "surface": [{"type": "surface", "colorbar": {"outlinewidth": 0, "ticks": ""}, "colorscale": [[0.0, "#0d0887"], [0.1111111111111111, "#46039f"], [0.2222222222222222, "#7201a8"], [0.3333333333333333, "#9c179e"], [0.4444444444444444, "#bd3786"], [0.5555555555555556, "#d8576b"], [0.6666666666666666, "#ed7953"], [0.7777777777777778, "#fb9f3a"], [0.8888888888888888, "#fdca26"], [1.0, "#f0f921"]]}], "mesh3d": [{"type": "mesh3d", "colorbar": {"outlinewidth": 0, "ticks": ""}}], "scatter": [{"fillpattern": {"fillmode": "overlay", "size": 10, "solidity": 0.2}, "type": "scatter"}], "parcoords": [{"type": "parcoords", "line": {"colorbar": {"outlinewidth": 0, "ticks": ""}}}], "scatterpolargl": [{"type": "scatterpolargl", "marker": {"colorbar": {"outlinewidth": 0, "ticks": ""}}}], "bar": [{"error_x": {"color": "#2a3f5f"}, "error_y": {"color": "#2a3f5f"}, "marker": {"line": {"color": "#E5ECF6", "width": 0.5}, "pattern": {"fillmode": "overlay", "size": 10, "solidity": 0.2}}, "type": "bar"}], "scattergeo": [{"type": "scattergeo", "marker": {"colorbar": {"outlinewidth": 0, "ticks": ""}}}], "scatterpolar": [{"type": "scatterpolar", "marker": {"colorbar": {"outlinewidth": 0, "ticks": ""}}}], "histogram": [{"marker": {"pattern": {"fillmode": "overlay", "size": 10, "solidity": 0.2}}, "type": "histogram"}], "scattergl": [{"type": "scattergl", "marker": {"colorbar": {"outlinewidth": 0, "ticks": ""}}}], "scatter3d": [{"type": "scatter3d", "line": {"colorbar": {"outlinewidth": 0, "ticks": ""}}, "marker": {"colorbar": {"outlinewidth": 0, "ticks": ""}}}], "scattermapbox": [{"type": "scattermapbox", "marker": {"colorbar": {"outlinewidth": 0, "ticks": ""}}}], "scatterternary": [{"type": "scatterternary", "marker": {"colorbar": {"outlinewidth": 0, "ticks": ""}}}], "scattercarpet": [{"type": "scattercarpet", "marker": {"colorbar": {"outlinewidth": 0, "ticks": ""}}}], "carpet": [{"aaxis": {"endlinecolor": "#2a3f5f", "gridcolor": "white", "linecolor": "white", "minorgridcolor": "white", "startlinecolor": "#2a3f5f"}, "baxis": {"endlinecolor": "#2a3f5f", "gridcolor": "white", "linecolor": "white", "minorgridcolor": "white", "startlinecolor": "#2a3f5f"}, "type": "carpet"}], "table": [{"cells": {"fill": {"color": "#EBF0F8"}, "line": {"color": "white"}}, "header": {"fill": {"color": "#C8D4E3"}, "line": {"color": "white"}}, "type": "table"}], "barpolar": [{"marker": {"line": {"color": "#E5ECF6", "width": 0.5}, "pattern": {"fillmode": "overlay", "size": 10, "solidity": 0.2}}, "type": "barpolar"}], "pie": [{"automargin": true, "type": "pie"}]}, "layout": {"autotypenumbers": "strict", "colorway": ["#636efa", "#EF553B", "#00cc96", "#ab63fa", "#FFA15A", "#19d3f3", "#FF6692", "#B6E880", "#FF97FF", "#FECB52"], "font": {"color": "#2a3f5f"}, "hovermode": "closest", "hoverlabel": {"align": "left"}, "paper_bgcolor": "white", "plot_bgcolor": "#E5ECF6", "polar": {"bgcolor": "#E5ECF6", "angularaxis": {"gridcolor": "white", "linecolor": "white", "ticks": ""}, "radialaxis": {"gridcolor": "white", "linecolor": "white", "ticks": ""}}, "ternary": {"bgcolor": "#E5ECF6", "aaxis": {"gridcolor": "white", "linecolor": "white", "ticks": ""}, "baxis": {"gridcolor": "white", "linecolor": "white", "ticks": ""}, "caxis": {"gridcolor": "white", "linecolor": "white", "ticks": ""}}, "coloraxis": {"colorbar": {"outlinewidth": 0, "ticks": ""}}, "colorscale": {"sequential": [[0.0, "#0d0887"], [0.1111111111111111, "#46039f"], [0.2222222222222222, "#7201a8"], [0.3333333333333333, "#9c179e"], [0.4444444444444444, "#bd3786"], [0.5555555555555556, "#d8576b"], [0.6666666666666666, "#ed7953"], [0.7777777777777778, "#fb9f3a"], [0.8888888888888888, "#fdca26"], [1.0, "#f0f921"]], "sequentialminus": [[0.0, "#0d0887"], [0.1111111111111111, "#46039f"], [0.2222222222222222, "#7201a8"], [0.3333333333333333, "#9c179e"], [0.4444444444444444, "#bd3786"], [0.5555555555555556, "#d8576b"], [0.6666666666666666, "#ed7953"], [0.7777777777777778, "#fb9f3a"], [0.8888888888888888, "#fdca26"], [1.0, "#f0f921"]], "diverging": [[0, "#8e0152"], [0.1, "#c51b7d"], [0.2, "#de77ae"], [0.3, "#f1b6da"], [0.4, "#fde0ef"], [0.5, "#f7f7f7"], [0.6, "#e6f5d0"], [0.7, "#b8e186"], [0.8, "#7fbc41"], [0.9, "#4d9221"], [1, "#276419"]]}, "xaxis": {"gridcolor": "white", "linecolor": "white", "ticks": "", "title": {"standoff": 15}, "zerolinecolor": "white", "automargin": true, "zerolinewidth": 2}, "yaxis": {"gridcolor": "white", "linecolor": "white", "ticks": "", "title": {"standoff": 15}, "zerolinecolor": "white", "automargin": true, "zerolinewidth": 2}, "scene": {"xaxis": {"backgroundcolor": "#E5ECF6", "gridcolor": "white", "linecolor": "white", "showbackground": true, "ticks": "", "zerolinecolor": "white", "gridwidth": 2}, "yaxis": {"backgroundcolor": "#E5ECF6", "gridcolor": "white", "linecolor": "white", "showbackground": true, "ticks": "", "zerolinecolor": "white", "gridwidth": 2}, "zaxis": {"backgroundcolor": "#E5ECF6", "gridcolor": "white", "linecolor": "white", "showbackground": true, "ticks": "", "zerolinecolor": "white", "gridwidth": 2}}, "shapedefaults": {"line": {"color": "#2a3f5f"}}, "annotationdefaults": {"arrowcolor": "#2a3f5f", "arrowhead": 0, "arrowwidth": 1}, "geo": {"bgcolor": "white", "landcolor": "#E5ECF6", "subunitcolor": "white", "showland": true, "showlakes": true, "lakecolor": "white"}, "title": {"x": 0.05}, "mapbox": {"style": "light"}}}}}