{"data": [{"z": [[14.216168403625488, 2.838510274887085, 3.262723922729492, -0.9927591681480408, 2.535930633544922, 1.8974822759628296, 2.170771837234497, 2.4315340518951416, 0.12328667938709259, -3.2586960792541504, 6.403186321258545, -2.782634735107422, 4.514695644378662, -2.964123249053955, 0.34988540410995483, -1.5934562683105469, 1.6945090293884277, 3.0305564403533936, 3.3422317504882812, -0.5858426094055176, 1.1010525226593018], [2.838510274887085, 29.05868911743164, 0.24721258878707886, 5.034434795379639, -0.5877081751823425, 8.410658836364746, 2.731863498687744, 1.3493753671646118, -3.2527976036071777, 3.603289842605591, -8.23357105255127, -1.5634218454360962, 1.5507935285568237, -3.167055368423462, 2.0998024940490723, -0.15880241990089417, 7.476757526397705, 4.8997321128845215, 3.2403082847595215, -3.3223845958709717, 5.221467018127441], [3.262723922729492, 0.24721258878707886, 29.936107635498047, 2.722851276397705, 6.640160083770752, 3.498603582382202, 3.4559929370880127, 2.4246652126312256, -2.7041566371917725, 6.8511152267456055, 2.529198408126831, -2.8659937381744385, -0.22971011698246002, -7.037214756011963, -5.3787384033203125, -3.350633144378662, 1.0126961469650269, 1.6961259841918945, 0.34866344928741455, -1.9702134132385254, 5.556998252868652], [-0.9927591681480408, 5.034434795379639, 2.722851276397705, 11.079397201538086, 1.8338483572006226, 4.6184282302856445, 4.159049034118652, 4.1020097732543945, -1.4069877862930298, 2.393477439880371, -3.579389810562134, 1.6574734449386597, 3.8699533939361572, 0.7125428915023804, 0.6219503283500671, -0.45465585589408875, 0.44831299781799316, 3.8780651092529297, 1.1047635078430176, -0.42984718084335327, -0.2876031994819641], [2.535930633544922, -0.5877081751823425, 6.640160083770752, 1.8338483572006226, 22.283977508544922, -1.7872906923294067, 2.332895040512085, 3.755791425704956, -4.605950832366943, 8.305041313171387, 0.9463817477226257, 1.1181321144104004, -2.9394211769104004, 5.252975940704346, 4.627861499786377, -6.194746494293213, -0.41324853897094727, 3.9219322204589844, 0.9251987934112549, -0.7722662091255188, -3.453810453414917], [1.8974822759628296, 8.410658836364746, 3.498603582382202, 4.6184282302856445, -1.7872906923294067, 18.842626571655273, 0.2948629558086395, 0.13321495056152344, -3.7834980487823486, 1.3661459684371948, -3.4313344955444336, -1.8924096822738647, 7.139420986175537, -4.670317649841309, -1.9012221097946167, 0.9233161807060242, 3.407803535461426, -2.844130277633667, 8.267683029174805, -1.8952943086624146, 1.731177806854248], [2.170771837234497, 2.731863498687744, 3.4559929370880127, 4.159049034118652, 2.332895040512085, 0.2948629558086395, 14.379170417785645, 4.962756633758545, 0.25213590264320374, 0.372823029756546, -2.7291696071624756, 4.254623889923096, -0.6847497820854187, 4.091164588928223, -0.4680638909339905, -2.1152384281158447, -0.9075829982757568, 2.9730429649353027, 2.8191816806793213, -2.699039936065674, 6.899550437927246], [2.4315340518951416, 1.3493753671646118, 2.4246652126312256, 4.1020097732543945, 3.755791425704956, 0.13321495056152344, 4.962756633758545, 22.92316436767578, -2.6981353759765625, 2.667534828186035, 0.22495198249816895, -1.8522523641586304, 1.1512837409973145, -1.79118013381958, -3.232196092605591, -3.3680269718170166, -2.773240327835083, 3.523768424987793, 0.8693423271179199, 1.0563600063323975, -3.4146625995635986], [0.12328667938709259, -3.2527976036071777, -2.7041566371917725, -1.4069877862930298, -4.605950832366943, -3.7834980487823486, 0.25213590264320374, -2.6981353759765625, 34.872684478759766, -2.077634811401367, 11.332215309143066, 2.5514514446258545, 0.7684964537620544, 4.446552276611328, -7.057607173919678, 5.024255752563477, 1.1561130285263062, -2.182267665863037, 3.3460042476654053, 7.739920616149902, -5.734050273895264], [-3.2586960792541504, 3.603289842605591, 6.8511152267456055, 2.393477439880371, 8.305041313171387, 1.3661459684371948, 0.372823029756546, 2.667534828186035, -2.077634811401367, 26.660213470458984, -3.2077078819274902, -0.6780204772949219, -3.6499991416931152, 5.605935573577881, 3.0360233783721924, 1.443076491355896, -2.090282917022705, 0.8640562295913696, 5.965639591217041, -0.7572199702262878, 8.777325630187988], [6.403186321258545, -8.23357105255127, 2.529198408126831, -3.579389810562134, 0.9463817477226257, -3.4313344955444336, -2.7291696071624756, 0.22495198249816895, 11.332215309143066, -3.2077078819274902, 19.58823585510254, -2.3916614055633545, 1.9241880178451538, -1.9610271453857422, -1.2653050422668457, -0.10568109154701233, 0.7885398864746094, -0.8856843709945679, 2.591552734375, 0.7667866945266724, -3.463347911834717], [-2.782634735107422, -1.5634218454360962, -2.8659937381744385, 1.6574734449386597, 1.1181321144104004, -1.8924096822738647, 4.254623889923096, -1.8522523641586304, 2.5514514446258545, -0.6780204772949219, -2.3916614055633545, 27.84369659423828, 6.299875259399414, 9.721586227416992, 0.9384861588478088, 1.2750277519226074, -4.6287150382995605, -2.698688507080078, -0.8131794929504395, 1.8420324325561523, 2.5087099075317383], [4.514695644378662, 1.5507935285568237, -0.22971011698246002, 3.8699533939361572, -2.9394211769104004, 7.139420986175537, -0.6847497820854187, 1.1512837409973145, 0.7684964537620544, -3.6499991416931152, 1.9241880178451538, 6.299875259399414, 22.8992862701416, -2.0269384384155273, -10.096943855285645, 1.7754563093185425, 2.1590523719787598, -4.526763916015625, -2.150674819946289, 0.17574548721313477, 2.571643114089966], [-2.964123249053955, -3.167055368423462, -7.037214756011963, 0.7125428915023804, 5.252975940704346, -4.670317649841309, 4.091164588928223, -1.79118013381958, 4.446552276611328, 5.605935573577881, -1.9610271453857422, 9.721586227416992, -2.0269384384155273, 23.704788208007812, 12.012285232543945, -0.7647685408592224, -0.39690470695495605, 0.9611940383911133, -0.5201196670532227, 3.4793899059295654, 0.3684192895889282], [0.34988540410995483, 2.0998024940490723, -5.3787384033203125, 0.6219503283500671, 4.627861499786377, -1.9012221097946167, -0.4680638909339905, -3.232196092605591, -7.057607173919678, 3.0360233783721924, -1.2653050422668457, 0.9384861588478088, -10.096943855285645, 12.012285232543945, 27.628135681152344, -1.0277997255325317, 3.771206855773926, 3.4753668308258057, 0.06411194801330566, 0.6729965209960938, -1.7677024602890015], [-1.5934562683105469, -0.15880241990089417, -3.350633144378662, -0.45465585589408875, -6.194746494293213, 0.9233161807060242, -2.1152384281158447, -3.3680269718170166, 5.024255752563477, 1.443076491355896, -0.10568109154701233, 1.2750277519226074, 1.7754563093185425, -0.7647685408592224, -1.0277997255325317, 17.650182723999023, 6.936879634857178, 2.647662878036499, 0.705512285232544, 7.47659969329834, 4.404314994812012], [1.6945091485977173, 7.476756572723389, 1.0126967430114746, 0.44831299781799316, -0.41324880719184875, 3.4078030586242676, -0.9075828790664673, -2.7732396125793457, 1.1561130285263062, -2.090282678604126, 0.7885396480560303, -4.628714561462402, 2.159052610397339, -0.3969050943851471, 3.771207332611084, 6.936879634857178, 20.627918243408203, 0.6868317127227783, 0.4842628240585327, 3.5809528827667236, -2.459576368331909], [3.0305562019348145, 4.8997321128845215, 1.6961251497268677, 3.8780651092529297, 3.9219324588775635, -2.844130277633667, 2.973043203353882, 3.523768663406372, -2.182267427444458, 0.8640558123588562, -0.8856848478317261, -2.698688507080078, -4.526763916015625, 0.9611939787864685, 3.475367307662964, 2.647662401199341, 0.6868317127227783, 14.173894882202148, -2.083165168762207, 5.1706132888793945, -6.955207347869873], [3.342231512069702, 3.2403080463409424, 0.3486638367176056, 1.1047635078430176, 0.9251988530158997, 8.267682075500488, 2.819181203842163, 0.869342029094696, 3.346005439758301, 5.965639591217041, 2.591552257537842, -0.8131791949272156, -2.150674819946289, -0.5201199650764465, 0.06411202996969223, 0.7055120468139648, 0.4842628240585327, -2.083165168762207, 18.3243465423584, -3.0356595516204834, 1.4907574653625488], [-0.5858423709869385, -3.3223845958709717, -1.9702141284942627, -0.4298471510410309, -0.7722657918930054, -1.8952943086624146, -2.699040174484253, 1.056359052658081, 7.739922523498535, -0.7572199702262878, 0.766786515712738, 1.842031717300415, 0.1757451742887497, 3.4793896675109863, 0.672996461391449, 7.476600170135498, 3.5809528827667236, 5.1706132888793945, -3.0356595516204834, 17.597824096679688, -12.287544250488281], [1.1010526418685913, 5.221467971801758, 5.556998252868652, -0.287603497505188, -3.4538114070892334, 1.7311780452728271, 6.899550437927246, -3.4146623611450195, -5.734050273895264, 8.777325630187988, -3.463348388671875, 2.5087099075317383, 2.5716428756713867, 0.3684190511703491, -1.7677028179168701, 4.404314994812012, -2.4595766067504883, -6.955206871032715, 1.4907574653625488, -12.287545204162598, 43.56224822998047]], "type": "heatmap"}], "layout": {"template": {"data": {"histogram2dcontour": [{"type": "histogram2dcontour", "colorbar": {"outlinewidth": 0, "ticks": ""}, "colorscale": [[0.0, "#0d0887"], [0.1111111111111111, "#46039f"], [0.2222222222222222, "#7201a8"], [0.3333333333333333, "#9c179e"], [0.4444444444444444, "#bd3786"], [0.5555555555555556, "#d8576b"], [0.6666666666666666, "#ed7953"], [0.7777777777777778, "#fb9f3a"], [0.8888888888888888, "#fdca26"], [1.0, "#f0f921"]]}], "choropleth": [{"type": "choropleth", "colorbar": {"outlinewidth": 0, "ticks": ""}}], "histogram2d": [{"type": "histogram2d", "colorbar": {"outlinewidth": 0, "ticks": ""}, "colorscale": [[0.0, "#0d0887"], [0.1111111111111111, "#46039f"], [0.2222222222222222, "#7201a8"], [0.3333333333333333, "#9c179e"], [0.4444444444444444, "#bd3786"], [0.5555555555555556, "#d8576b"], [0.6666666666666666, "#ed7953"], [0.7777777777777778, "#fb9f3a"], [0.8888888888888888, "#fdca26"], [1.0, "#f0f921"]]}], "heatmap": [{"type": "heatmap", "colorbar": {"outlinewidth": 0, "ticks": ""}, "colorscale": [[0.0, "#0d0887"], [0.1111111111111111, "#46039f"], [0.2222222222222222, "#7201a8"], [0.3333333333333333, "#9c179e"], [0.4444444444444444, "#bd3786"], [0.5555555555555556, "#d8576b"], [0.6666666666666666, "#ed7953"], [0.7777777777777778, "#fb9f3a"], [0.8888888888888888, "#fdca26"], [1.0, "#f0f921"]]}], "heatmapgl": [{"type": "heatmapgl", "colorbar": {"outlinewidth": 0, "ticks": ""}, "colorscale": [[0.0, "#0d0887"], [0.1111111111111111, "#46039f"], [0.2222222222222222, "#7201a8"], [0.3333333333333333, "#9c179e"], [0.4444444444444444, "#bd3786"], [0.5555555555555556, "#d8576b"], [0.6666666666666666, "#ed7953"], [0.7777777777777778, "#fb9f3a"], [0.8888888888888888, "#fdca26"], [1.0, "#f0f921"]]}], "contourcarpet": [{"type": "contourcarpet", "colorbar": {"outlinewidth": 0, "ticks": ""}}], "contour": [{"type": "contour", "colorbar": {"outlinewidth": 0, "ticks": ""}, "colorscale": [[0.0, "#0d0887"], [0.1111111111111111, "#46039f"], [0.2222222222222222, "#7201a8"], [0.3333333333333333, "#9c179e"], [0.4444444444444444, "#bd3786"], [0.5555555555555556, "#d8576b"], [0.6666666666666666, "#ed7953"], [0.7777777777777778, "#fb9f3a"], [0.8888888888888888, "#fdca26"], [1.0, "#f0f921"]]}], "surface": [{"type": "surface", "colorbar": {"outlinewidth": 0, "ticks": ""}, "colorscale": [[0.0, "#0d0887"], [0.1111111111111111, "#46039f"], [0.2222222222222222, "#7201a8"], [0.3333333333333333, "#9c179e"], [0.4444444444444444, "#bd3786"], [0.5555555555555556, "#d8576b"], [0.6666666666666666, "#ed7953"], [0.7777777777777778, "#fb9f3a"], [0.8888888888888888, "#fdca26"], [1.0, "#f0f921"]]}], "mesh3d": [{"type": "mesh3d", "colorbar": {"outlinewidth": 0, "ticks": ""}}], "scatter": [{"fillpattern": {"fillmode": "overlay", "size": 10, "solidity": 0.2}, "type": "scatter"}], "parcoords": [{"type": "parcoords", "line": {"colorbar": {"outlinewidth": 0, "ticks": ""}}}], "scatterpolargl": [{"type": "scatterpolargl", "marker": {"colorbar": {"outlinewidth": 0, "ticks": ""}}}], "bar": [{"error_x": {"color": "#2a3f5f"}, "error_y": {"color": "#2a3f5f"}, "marker": {"line": {"color": "#E5ECF6", "width": 0.5}, "pattern": {"fillmode": "overlay", "size": 10, "solidity": 0.2}}, "type": "bar"}], "scattergeo": [{"type": "scattergeo", "marker": {"colorbar": {"outlinewidth": 0, "ticks": ""}}}], "scatterpolar": [{"type": "scatterpolar", "marker": {"colorbar": {"outlinewidth": 0, "ticks": ""}}}], "histogram": [{"marker": {"pattern": {"fillmode": "overlay", "size": 10, "solidity": 0.2}}, "type": "histogram"}], "scattergl": [{"type": "scattergl", "marker": {"colorbar": {"outlinewidth": 0, "ticks": ""}}}], "scatter3d": [{"type": "scatter3d", "line": {"colorbar": {"outlinewidth": 0, "ticks": ""}}, "marker": {"colorbar": {"outlinewidth": 0, "ticks": ""}}}], "scattermapbox": [{"type": "scattermapbox", "marker": {"colorbar": {"outlinewidth": 0, "ticks": ""}}}], "scatterternary": [{"type": "scatterternary", "marker": {"colorbar": {"outlinewidth": 0, "ticks": ""}}}], "scattercarpet": [{"type": "scattercarpet", "marker": {"colorbar": {"outlinewidth": 0, "ticks": ""}}}], "carpet": [{"aaxis": {"endlinecolor": "#2a3f5f", "gridcolor": "white", "linecolor": "white", "minorgridcolor": "white", "startlinecolor": "#2a3f5f"}, "baxis": {"endlinecolor": "#2a3f5f", "gridcolor": "white", "linecolor": "white", "minorgridcolor": "white", "startlinecolor": "#2a3f5f"}, "type": "carpet"}], "table": [{"cells": {"fill": {"color": "#EBF0F8"}, "line": {"color": "white"}}, "header": {"fill": {"color": "#C8D4E3"}, "line": {"color": "white"}}, "type": "table"}], "barpolar": [{"marker": {"line": {"color": "#E5ECF6", "width": 0.5}, "pattern": {"fillmode": "overlay", "size": 10, "solidity": 0.2}}, "type": "barpolar"}], "pie": [{"automargin": true, "type": "pie"}]}, "layout": {"autotypenumbers": "strict", "colorway": ["#636efa", "#EF553B", "#00cc96", "#ab63fa", "#FFA15A", "#19d3f3", "#FF6692", "#B6E880", "#FF97FF", "#FECB52"], "font": {"color": "#2a3f5f"}, "hovermode": "closest", "hoverlabel": {"align": "left"}, "paper_bgcolor": "white", "plot_bgcolor": "#E5ECF6", "polar": {"bgcolor": "#E5ECF6", "angularaxis": {"gridcolor": "white", "linecolor": "white", "ticks": ""}, "radialaxis": {"gridcolor": "white", "linecolor": "white", "ticks": ""}}, "ternary": {"bgcolor": "#E5ECF6", "aaxis": {"gridcolor": "white", "linecolor": "white", "ticks": ""}, "baxis": {"gridcolor": "white", "linecolor": "white", "ticks": ""}, "caxis": {"gridcolor": "white", "linecolor": "white", "ticks": ""}}, "coloraxis": {"colorbar": {"outlinewidth": 0, "ticks": ""}}, "colorscale": {"sequential": [[0.0, "#0d0887"], [0.1111111111111111, "#46039f"], [0.2222222222222222, "#7201a8"], [0.3333333333333333, "#9c179e"], [0.4444444444444444, "#bd3786"], [0.5555555555555556, "#d8576b"], [0.6666666666666666, "#ed7953"], [0.7777777777777778, "#fb9f3a"], [0.8888888888888888, "#fdca26"], [1.0, "#f0f921"]], "sequentialminus": [[0.0, "#0d0887"], [0.1111111111111111, "#46039f"], [0.2222222222222222, "#7201a8"], [0.3333333333333333, "#9c179e"], [0.4444444444444444, "#bd3786"], [0.5555555555555556, "#d8576b"], [0.6666666666666666, "#ed7953"], [0.7777777777777778, "#fb9f3a"], [0.8888888888888888, "#fdca26"], [1.0, "#f0f921"]], "diverging": [[0, "#8e0152"], [0.1, "#c51b7d"], [0.2, "#de77ae"], [0.3, "#f1b6da"], [0.4, "#fde0ef"], [0.5, "#f7f7f7"], [0.6, "#e6f5d0"], [0.7, "#b8e186"], [0.8, "#7fbc41"], [0.9, "#4d9221"], [1, "#276419"]]}, "xaxis": {"gridcolor": "white", "linecolor": "white", "ticks": "", "title": {"standoff": 15}, "zerolinecolor": "white", "automargin": true, "zerolinewidth": 2}, "yaxis": {"gridcolor": "white", "linecolor": "white", "ticks": "", "title": {"standoff": 15}, "zerolinecolor": "white", "automargin": true, "zerolinewidth": 2}, "scene": {"xaxis": {"backgroundcolor": "#E5ECF6", "gridcolor": "white", "linecolor": "white", "showbackground": true, "ticks": "", "zerolinecolor": "white", "gridwidth": 2}, "yaxis": {"backgroundcolor": "#E5ECF6", "gridcolor": "white", "linecolor": "white", "showbackground": true, "ticks": "", "zerolinecolor": "white", "gridwidth": 2}, "zaxis": {"backgroundcolor": "#E5ECF6", "gridcolor": "white", "linecolor": "white", "showbackground": true, "ticks": "", "zerolinecolor": "white", "gridwidth": 2}}, "shapedefaults": {"line": {"color": "#2a3f5f"}}, "annotationdefaults": {"arrowcolor": "#2a3f5f", "arrowhead": 0, "arrowwidth": 1}, "geo": {"bgcolor": "white", "landcolor": "#E5ECF6", "subunitcolor": "white", "showland": true, "showlakes": true, "lakecolor": "white"}, "title": {"x": 0.05}, "mapbox": {"style": "light"}}}}}