{"data": [{"z": [[9.478837013244629, 1.2801012992858887, 2.9463679790496826, -0.2204626202583313, 1.5400385856628418, 2.228539228439331, 1.032221794128418, 0.9948673248291016, 0.26889777183532715, -1.3768960237503052, 3.719233751296997, -2.10037899017334, 2.721109628677368, -2.3006911277770996, 0.6773989796638489, 0.9394553303718567, 2.528351306915283, 3.252108573913574, 2.2886691093444824, 1.7065783739089966, -0.04636457562446594], [1.2801012992858887, 19.808698654174805, 0.12520648539066315, 3.354562759399414, -0.23634803295135498, 5.618753433227539, 1.7342722415924072, 0.524489164352417, -2.9047679901123047, 3.1437253952026367, -4.865602493286133, -1.6799049377441406, -0.24714936316013336, -1.8495107889175415, 2.170254945755005, 0.09960290044546127, 5.47943115234375, 3.5398917198181152, 2.803666830062866, -1.447265863418579, 3.995084524154663], [2.9463679790496826, 0.12520648539066315, 16.09990692138672, 2.5948293209075928, 4.908353805541992, 3.64038348197937, 1.1657423973083496, 2.1922566890716553, -2.280203342437744, 4.149367332458496, 2.187108278274536, -1.4650510549545288, 0.3566681742668152, -3.0898687839508057, -0.5542135834693909, -2.643834352493286, 0.3631223440170288, 1.7083605527877808, 1.8135275840759277, -0.5191847085952759, 2.5200071334838867], [-0.2204626202583313, 3.354562759399414, 2.5948293209075928, 7.4504499435424805, 1.6791229248046875, 4.1042160987854, 3.3553483486175537, 2.7368268966674805, -1.0688986778259277, 2.600285291671753, -1.8750617504119873, 2.270883798599243, 3.3767213821411133, 0.6146150827407837, 0.4903098940849304, 0.07181930541992188, 0.6792559623718262, 2.511686325073242, 1.6634646654129028, 0.5535800457000732, -0.7504919171333313], [1.5400385856628418, -0.23634803295135498, 4.908353805541992, 1.6791229248046875, 13.789097785949707, 0.2923237383365631, 2.427196741104126, 2.7387166023254395, -3.1810011863708496, 6.275243759155273, 0.7083353996276855, 0.8028662800788879, -1.9160412549972534, 4.199573993682861, 4.3074259757995605, -3.05511736869812, 0.49159765243530273, 2.61940598487854, 1.400158166885376, 0.0151166170835495, -2.2651758193969727], [2.228539228439331, 5.618753433227539, 3.64038348197937, 4.1042160987854, 0.2923237383365631, 11.317702293395996, 0.8823366165161133, 1.1228338479995728, -3.1636688709259033, 1.990368366241455, -2.1059842109680176, -0.07075819373130798, 4.823157787322998, -3.087048053741455, -0.7449278831481934, 1.0281859636306763, 1.8619952201843262, -0.18153917789459229, 5.305084228515625, -0.2619894742965698, 1.3271243572235107], [1.032221794128418, 1.7342722415924072, 1.1657423973083496, 3.3553483486175537, 2.427196741104126, 0.8823366165161133, 9.443894386291504, 3.6639280319213867, -0.27596262097358704, 1.080466628074646, -1.5810256004333496, 2.994861602783203, -0.26432672142982483, 3.3302500247955322, 0.41379210352897644, -1.7670581340789795, -0.3386240601539612, 2.753692150115967, 2.7209110260009766, -0.8411012291908264, 4.16322660446167], [0.9948673248291016, 0.524489164352417, 2.1922566890716553, 2.7368268966674805, 2.7387166023254395, 1.1228338479995728, 3.6639280319213867, 15.723065376281738, -1.4956740140914917, 2.712063789367676, -0.04371311515569687, -1.0795012712478638, 0.6544694304466248, -0.9090825319290161, -2.3851490020751953, -1.2078250646591187, -1.2712559700012207, 2.445683002471924, 1.6980769634246826, 1.3314931392669678, -3.490962505340576], [0.26889777183532715, -2.9047679901123047, -2.280203342437744, -1.0688986778259277, -3.1810011863708496, -3.1636688709259033, -0.27596262097358704, -1.4956740140914917, 22.49153709411621, -1.4679551124572754, 7.407968044281006, 2.6258645057678223, 0.1295350342988968, 3.1927359104156494, -2.6733946800231934, 4.50747537612915, 1.4368095397949219, -0.9382632970809937, 1.5252611637115479, 5.5306925773620605, -4.474256992340088], [-1.3768960237503052, 3.1437253952026367, 4.149367332458496, 2.600285291671753, 6.275243759155273, 1.990368366241455, 1.080466628074646, 2.712063789367676, -1.4679551124572754, 15.573762893676758, -0.7904402613639832, -0.31940028071403503, -1.6078308820724487, 4.3815155029296875, 3.577401638031006, 0.04547423869371414, -0.3898929953575134, 0.8161820769309998, 3.6029489040374756, -0.5665491819381714, 6.6234636306762695], [3.719233751296997, -4.865602493286133, 2.187108278274536, -1.8750617504119873, 0.7083353996276855, -2.1059842109680176, -1.5810256004333496, -0.04371311515569687, 7.407968044281006, -0.7904402613639832, 11.65379810333252, -0.5739462971687317, 0.654075562953949, -0.5265588164329529, 0.4949762523174286, 1.4932003021240234, 1.6243213415145874, 0.6809173226356506, 0.8790904879570007, 2.426732063293457, -3.1705169677734375], [-2.10037899017334, -1.6799049377441406, -1.4650510549545288, 2.270883798599243, 0.8028662800788879, -0.07075819373130798, 2.994861602783203, -1.0795012712478638, 2.6258645057678223, -0.31940028071403503, -0.5739462971687317, 19.20170783996582, 4.743280410766602, 6.923348426818848, 0.4780885577201843, 1.0397111177444458, -2.4355287551879883, -1.6563817262649536, -0.3444615602493286, 1.86415696144104, 1.1522197723388672], [2.721109628677368, -0.24714936316013336, 0.3566681742668152, 3.3767213821411133, -1.9160412549972534, 4.823157787322998, -0.26432672142982483, 0.6544694304466248, 0.1295350342988968, -1.6078308820724487, 0.654075562953949, 4.743280410766602, 14.932266235351562, -1.3957606554031372, -6.02094841003418, 2.6043004989624023, 0.7741184234619141, -1.8622210025787354, -1.2267091274261475, 1.8820562362670898, 0.7820183038711548], [-2.3006911277770996, -1.8495107889175415, -3.0898687839508057, 0.6146150827407837, 4.199573993682861, -3.087048053741455, 3.3302500247955322, -0.9090825319290161, 3.1927359104156494, 4.3815155029296875, -0.5265588164329529, 6.923348426818848, -1.3957606554031372, 16.040218353271484, 7.519460201263428, -0.06610347330570221, 0.7231486439704895, 1.1013399362564087, 0.19417762756347656, 2.888491630554199, 0.05728417634963989], [0.6773989796638489, 2.170254945755005, -0.5542135834693909, 0.4903098940849304, 4.3074259757995605, -0.7449278831481934, 0.41379210352897644, -2.3851490020751953, -2.6733946800231934, 3.577401638031006, 0.4949762523174286, 0.4780885577201843, -6.02094841003418, 7.519460201263428, 17.225435256958008, -0.5826250910758972, 3.9062862396240234, 2.5853068828582764, 1.1370223760604858, 0.8059327602386475, -1.7482690811157227], [0.9394553303718567, 0.09960290044546127, -2.643834352493286, 0.07181930541992188, -3.05511736869812, 1.0281859636306763, -1.7670581340789795, -1.2078250646591187, 4.50747537612915, 0.04547423869371414, 1.4932003021240234, 1.0397111177444458, 2.6043004989624023, -0.06610347330570221, -0.5826250910758972, 11.384952545166016, 4.614283561706543, 1.5697482824325562, 1.5014077425003052, 4.682133674621582, 3.631840705871582], [2.528351068496704, 5.47943115234375, 0.36312276124954224, 0.6792559027671814, 0.4915977716445923, 1.8619954586029053, -0.3386242687702179, -1.2712560892105103, 1.4368091821670532, -0.38989323377609253, 1.6243213415145874, -2.4355292320251465, 0.7741185426712036, 0.7231485247612, 3.9062864780426025, 4.614283561706543, 13.442144393920898, 1.4701292514801025, 1.3306868076324463, 2.9927830696105957, -1.8997976779937744], [3.252108335494995, 3.5398917198181152, 1.7083607912063599, 2.511686086654663, 2.619405508041382, -0.18153926730155945, 2.7536919116973877, 2.445683479309082, -0.9382631182670593, 0.8161823153495789, 0.6809174418449402, -1.6563812494277954, -1.8622210025787354, 1.1013399362564087, 2.5853068828582764, 1.5697479248046875, 1.4701292514801025, 9.244016647338867, 0.18200290203094482, 2.8774595260620117, -5.834743499755859], [2.2886691093444824, 2.8036670684814453, 1.8135273456573486, 1.6634647846221924, 1.4001580476760864, 5.305084705352783, 2.7209110260009766, 1.6980770826339722, 1.5252611637115479, 3.6029486656188965, 0.8790906071662903, -0.3444615304470062, -1.2267091274261475, 0.19417738914489746, 1.1370223760604858, 1.5014077425003052, 1.3306868076324463, 0.18200290203094482, 10.106042861938477, -1.093761682510376, 1.8612688779830933], [1.7065783739089966, -1.447265863418579, -0.5191847085952759, 0.5535799860954285, 0.015116892755031586, -0.26198944449424744, -0.8411014676094055, 1.3314931392669678, 5.530692100524902, -0.5665493607521057, 2.426732063293457, 1.8641574382781982, 1.8820562362670898, 2.8884923458099365, 0.8059330582618713, 4.682133674621582, 2.9927830696105957, 2.8774595260620117, -1.093761682510376, 11.118185043334961, -8.891189575195312], [-0.04636490345001221, 3.9950852394104004, 2.5200068950653076, -0.750491738319397, -2.2651753425598145, 1.3271238803863525, 4.16322660446167, -3.4909627437591553, -4.474257469177246, 6.6234636306762695, -3.1705169677734375, 1.1522197723388672, 0.7820181846618652, 0.05728423595428467, -1.7482690811157227, 3.631840705871582, -1.8997974395751953, -5.834743022918701, 1.8612687587738037, -8.891189575195312, 43.56224822998047]], "type": "heatmap"}], "layout": {"template": {"data": {"histogram2dcontour": [{"type": "histogram2dcontour", "colorbar": {"outlinewidth": 0, "ticks": ""}, "colorscale": [[0.0, "#0d0887"], [0.1111111111111111, "#46039f"], [0.2222222222222222, "#7201a8"], [0.3333333333333333, "#9c179e"], [0.4444444444444444, "#bd3786"], [0.5555555555555556, "#d8576b"], [0.6666666666666666, "#ed7953"], [0.7777777777777778, "#fb9f3a"], [0.8888888888888888, "#fdca26"], [1.0, "#f0f921"]]}], "choropleth": [{"type": "choropleth", "colorbar": {"outlinewidth": 0, "ticks": ""}}], "histogram2d": [{"type": "histogram2d", "colorbar": {"outlinewidth": 0, "ticks": ""}, "colorscale": [[0.0, "#0d0887"], [0.1111111111111111, "#46039f"], [0.2222222222222222, "#7201a8"], [0.3333333333333333, "#9c179e"], [0.4444444444444444, "#bd3786"], [0.5555555555555556, "#d8576b"], [0.6666666666666666, "#ed7953"], [0.7777777777777778, "#fb9f3a"], [0.8888888888888888, "#fdca26"], [1.0, "#f0f921"]]}], "heatmap": [{"type": "heatmap", "colorbar": {"outlinewidth": 0, "ticks": ""}, "colorscale": [[0.0, "#0d0887"], [0.1111111111111111, "#46039f"], [0.2222222222222222, "#7201a8"], [0.3333333333333333, "#9c179e"], [0.4444444444444444, "#bd3786"], [0.5555555555555556, "#d8576b"], [0.6666666666666666, "#ed7953"], [0.7777777777777778, "#fb9f3a"], [0.8888888888888888, "#fdca26"], [1.0, "#f0f921"]]}], "heatmapgl": [{"type": "heatmapgl", "colorbar": {"outlinewidth": 0, "ticks": ""}, "colorscale": [[0.0, "#0d0887"], [0.1111111111111111, "#46039f"], [0.2222222222222222, "#7201a8"], [0.3333333333333333, "#9c179e"], [0.4444444444444444, "#bd3786"], [0.5555555555555556, "#d8576b"], [0.6666666666666666, "#ed7953"], [0.7777777777777778, "#fb9f3a"], [0.8888888888888888, "#fdca26"], [1.0, "#f0f921"]]}], "contourcarpet": [{"type": "contourcarpet", "colorbar": {"outlinewidth": 0, "ticks": ""}}], "contour": [{"type": "contour", "colorbar": {"outlinewidth": 0, "ticks": ""}, "colorscale": [[0.0, "#0d0887"], [0.1111111111111111, "#46039f"], [0.2222222222222222, "#7201a8"], [0.3333333333333333, "#9c179e"], [0.4444444444444444, "#bd3786"], [0.5555555555555556, "#d8576b"], [0.6666666666666666, "#ed7953"], [0.7777777777777778, "#fb9f3a"], [0.8888888888888888, "#fdca26"], [1.0, "#f0f921"]]}], "surface": [{"type": "surface", "colorbar": {"outlinewidth": 0, "ticks": ""}, "colorscale": [[0.0, "#0d0887"], [0.1111111111111111, "#46039f"], [0.2222222222222222, "#7201a8"], [0.3333333333333333, "#9c179e"], [0.4444444444444444, "#bd3786"], [0.5555555555555556, "#d8576b"], [0.6666666666666666, "#ed7953"], [0.7777777777777778, "#fb9f3a"], [0.8888888888888888, "#fdca26"], [1.0, "#f0f921"]]}], "mesh3d": [{"type": "mesh3d", "colorbar": {"outlinewidth": 0, "ticks": ""}}], "scatter": [{"fillpattern": {"fillmode": "overlay", "size": 10, "solidity": 0.2}, "type": "scatter"}], "parcoords": [{"type": "parcoords", "line": {"colorbar": {"outlinewidth": 0, "ticks": ""}}}], "scatterpolargl": [{"type": "scatterpolargl", "marker": {"colorbar": {"outlinewidth": 0, "ticks": ""}}}], "bar": [{"error_x": {"color": "#2a3f5f"}, "error_y": {"color": "#2a3f5f"}, "marker": {"line": {"color": "#E5ECF6", "width": 0.5}, "pattern": {"fillmode": "overlay", "size": 10, "solidity": 0.2}}, "type": "bar"}], "scattergeo": [{"type": "scattergeo", "marker": {"colorbar": {"outlinewidth": 0, "ticks": ""}}}], "scatterpolar": [{"type": "scatterpolar", "marker": {"colorbar": {"outlinewidth": 0, "ticks": ""}}}], "histogram": [{"marker": {"pattern": {"fillmode": "overlay", "size": 10, "solidity": 0.2}}, "type": "histogram"}], "scattergl": [{"type": "scattergl", "marker": {"colorbar": {"outlinewidth": 0, "ticks": ""}}}], "scatter3d": [{"type": "scatter3d", "line": {"colorbar": {"outlinewidth": 0, "ticks": ""}}, "marker": {"colorbar": {"outlinewidth": 0, "ticks": ""}}}], "scattermapbox": [{"type": "scattermapbox", "marker": {"colorbar": {"outlinewidth": 0, "ticks": ""}}}], "scatterternary": [{"type": "scatterternary", "marker": {"colorbar": {"outlinewidth": 0, "ticks": ""}}}], "scattercarpet": [{"type": "scattercarpet", "marker": {"colorbar": {"outlinewidth": 0, "ticks": ""}}}], "carpet": [{"aaxis": {"endlinecolor": "#2a3f5f", "gridcolor": "white", "linecolor": "white", "minorgridcolor": "white", "startlinecolor": "#2a3f5f"}, "baxis": {"endlinecolor": "#2a3f5f", "gridcolor": "white", "linecolor": "white", "minorgridcolor": "white", "startlinecolor": "#2a3f5f"}, "type": "carpet"}], "table": [{"cells": {"fill": {"color": "#EBF0F8"}, "line": {"color": "white"}}, "header": {"fill": {"color": "#C8D4E3"}, "line": {"color": "white"}}, "type": "table"}], "barpolar": [{"marker": {"line": {"color": "#E5ECF6", "width": 0.5}, "pattern": {"fillmode": "overlay", "size": 10, "solidity": 0.2}}, "type": "barpolar"}], "pie": [{"automargin": true, "type": "pie"}]}, "layout": {"autotypenumbers": "strict", "colorway": ["#636efa", "#EF553B", "#00cc96", "#ab63fa", "#FFA15A", "#19d3f3", "#FF6692", "#B6E880", "#FF97FF", "#FECB52"], "font": {"color": "#2a3f5f"}, "hovermode": "closest", "hoverlabel": {"align": "left"}, "paper_bgcolor": "white", "plot_bgcolor": "#E5ECF6", "polar": {"bgcolor": "#E5ECF6", "angularaxis": {"gridcolor": "white", "linecolor": "white", "ticks": ""}, "radialaxis": {"gridcolor": "white", "linecolor": "white", "ticks": ""}}, "ternary": {"bgcolor": "#E5ECF6", "aaxis": {"gridcolor": "white", "linecolor": "white", "ticks": ""}, "baxis": {"gridcolor": "white", "linecolor": "white", "ticks": ""}, "caxis": {"gridcolor": "white", "linecolor": "white", "ticks": ""}}, "coloraxis": {"colorbar": {"outlinewidth": 0, "ticks": ""}}, "colorscale": {"sequential": [[0.0, "#0d0887"], [0.1111111111111111, "#46039f"], [0.2222222222222222, "#7201a8"], [0.3333333333333333, "#9c179e"], [0.4444444444444444, "#bd3786"], [0.5555555555555556, "#d8576b"], [0.6666666666666666, "#ed7953"], [0.7777777777777778, "#fb9f3a"], [0.8888888888888888, "#fdca26"], [1.0, "#f0f921"]], "sequentialminus": [[0.0, "#0d0887"], [0.1111111111111111, "#46039f"], [0.2222222222222222, "#7201a8"], [0.3333333333333333, "#9c179e"], [0.4444444444444444, "#bd3786"], [0.5555555555555556, "#d8576b"], [0.6666666666666666, "#ed7953"], [0.7777777777777778, "#fb9f3a"], [0.8888888888888888, "#fdca26"], [1.0, "#f0f921"]], "diverging": [[0, "#8e0152"], [0.1, "#c51b7d"], [0.2, "#de77ae"], [0.3, "#f1b6da"], [0.4, "#fde0ef"], [0.5, "#f7f7f7"], [0.6, "#e6f5d0"], [0.7, "#b8e186"], [0.8, "#7fbc41"], [0.9, "#4d9221"], [1, "#276419"]]}, "xaxis": {"gridcolor": "white", "linecolor": "white", "ticks": "", "title": {"standoff": 15}, "zerolinecolor": "white", "automargin": true, "zerolinewidth": 2}, "yaxis": {"gridcolor": "white", "linecolor": "white", "ticks": "", "title": {"standoff": 15}, "zerolinecolor": "white", "automargin": true, "zerolinewidth": 2}, "scene": {"xaxis": {"backgroundcolor": "#E5ECF6", "gridcolor": "white", "linecolor": "white", "showbackground": true, "ticks": "", "zerolinecolor": "white", "gridwidth": 2}, "yaxis": {"backgroundcolor": "#E5ECF6", "gridcolor": "white", "linecolor": "white", "showbackground": true, "ticks": "", "zerolinecolor": "white", "gridwidth": 2}, "zaxis": {"backgroundcolor": "#E5ECF6", "gridcolor": "white", "linecolor": "white", "showbackground": true, "ticks": "", "zerolinecolor": "white", "gridwidth": 2}}, "shapedefaults": {"line": {"color": "#2a3f5f"}}, "annotationdefaults": {"arrowcolor": "#2a3f5f", "arrowhead": 0, "arrowwidth": 1}, "geo": {"bgcolor": "white", "landcolor": "#E5ECF6", "subunitcolor": "white", "showland": true, "showlakes": true, "lakecolor": "white"}, "title": {"x": 0.05}, "mapbox": {"style": "light"}}}}}