{"data": [{"z": [[9.837491989135742, 1.3298535346984863, 2.8706724643707275, -0.4122113585472107, 1.5030264854431152, 2.1823182106018066, 0.9843186736106873, 1.07208251953125, 0.14876782894134521, -1.5799446105957031, 3.8766584396362305, -2.2598063945770264, 2.820493221282959, -2.453054904937744, 0.5281721949577332, 0.7634641528129578, 2.3711938858032227, 3.1719117164611816, 2.3248560428619385, 1.4354536533355713, 0.19495889544487], [1.3298535346984863, 20.571863174438477, 0.08536700904369354, 3.491025447845459, -0.2817503809928894, 5.855212688446045, 1.71886146068573, 0.5777019262313843, -2.9530446529388428, 3.20470929145813, -5.199601173400879, -1.7754664421081543, -0.11758601665496826, -2.092350721359253, 2.0517354011535645, 0.027892207726836205, 5.62667179107666, 3.5109219551086426, 2.833106279373169, -1.6106499433517456, 4.051756381988525], [2.8706724643707275, 0.08536700904369354, 16.969661712646484, 2.6117801666259766, 5.015851974487305, 3.4707932472229004, 1.1706092357635498, 2.2726447582244873, -2.446479320526123, 4.26905632019043, 2.1904618740081787, -1.5298845767974854, 0.08162609487771988, -3.634943962097168, -0.9555493593215942, -2.791694402694702, 0.4171604514122009, 1.5273067951202393, 1.7421927452087402, -0.6637519598007202, 2.6032168865203857], [-0.4122113585472107, 3.491025447845459, 2.6117801666259766, 7.616278648376465, 1.6230684518814087, 4.104163646697998, 3.313263416290283, 2.7645769119262695, -1.1891975402832031, 2.5535783767700195, -2.1516804695129395, 2.1419854164123535, 3.178030014038086, 0.4963422119617462, 0.3710550367832184, 0.004980501253157854, 0.6858901977539062, 2.502730369567871, 1.6611956357955933, 0.3777287006378174, -0.6861939430236816], [1.5030264854431152, -0.2817503809928894, 5.015851974487305, 1.6230684518814087, 14.386324882507324, 0.10579872131347656, 2.3604140281677246, 2.7654776573181152, -3.412975549697876, 6.386051177978516, 0.671265184879303, 0.695204496383667, -2.0778298377990723, 4.148286819458008, 4.190773963928223, -3.36335825920105, 0.4188610315322876, 2.5183792114257812, 1.355163335800171, -0.15715187788009644, -2.34759783744812], [2.1823182106018066, 5.855212688446045, 3.4707932472229004, 4.104163646697998, 0.10579872131347656, 11.861677169799805, 0.7123741507530212, 0.9875279664993286, -3.2826404571533203, 1.9345864057540894, -2.256317377090454, -0.2910180985927582, 5.011905670166016, -3.273773193359375, -0.9252660870552063, 1.0294023752212524, 1.895821213722229, -0.5289353728294373, 5.566720962524414, -0.4918351173400879, 1.3575071096420288], [0.9843186736106873, 1.71886146068573, 1.1706092357635498, 3.313263416290283, 2.3604140281677246, 0.7123741507530212, 9.675325393676758, 3.818732976913452, -0.3107568919658661, 1.0799379348754883, -1.7546414136886597, 3.0101637840270996, -0.4545213580131531, 3.1622700691223145, 0.1883779764175415, -1.8445706367492676, -0.36603301763534546, 2.6858327388763428, 2.7600386142730713, -1.1011422872543335, 4.263351917266846], [1.07208251953125, 0.5777019262313843, 2.2726447582244873, 2.7645769119262695, 2.7654776573181152, 0.9875279664993286, 3.818732976913452, 16.313400268554688, -1.6015293598175049, 2.744178056716919, 0.016706692054867744, -1.2044165134429932, 0.6047751903533936, -1.0084645748138428, -2.5612380504608154, -1.411603569984436, -1.3869552612304688, 2.3961265087127686, 1.6476037502288818, 1.250590443611145, -3.3748068809509277], [0.14876782894134521, -2.9530446529388428, -2.446479320526123, -1.1891975402832031, -3.412975549697876, -3.2826404571533203, -0.3107568919658661, -1.6015293598175049, 23.53205680847168, -1.5492714643478394, 7.648625373840332, 2.5587925910949707, 0.027130722999572754, 3.2039830684661865, -3.16168475151062, 4.546417713165283, 1.378037929534912, -1.0473167896270752, 1.7539576292037964, 5.702231407165527, -4.599766731262207], [-1.5799446105957031, 3.20470929145813, 4.26905632019043, 2.5535783767700195, 6.386051177978516, 1.9345864057540894, 1.0799379348754883, 2.744178056716919, -1.5492714643478394, 16.4533748626709, -1.0356420278549194, -0.3060084581375122, -1.8415298461914062, 4.490977764129639, 3.4508116245269775, 0.08963772654533386, -0.5445744395256042, 0.7274786829948425, 3.7947158813476562, -0.7081688642501831, 6.977865695953369], [3.8766584396362305, -5.199601173400879, 2.1904618740081787, -2.1516804695129395, 0.671265184879303, -2.256317377090454, -1.7546414136886597, 0.016706692054867744, 7.648625373840332, -1.0356420278549194, 12.347650527954102, -0.8936647772789001, 0.6539745926856995, -0.8447743654251099, 0.22929830849170685, 1.346574306488037, 1.630867600440979, 0.5407779216766357, 0.9631111025810242, 2.258903741836548, -3.2493631839752197], [-2.2598063945770264, -1.7754664421081543, -1.5298845767974854, 2.1419854164123535, 0.695204496383667, -0.2910180985927582, 3.0101637840270996, -1.2044165134429932, 2.5587925910949707, -0.3060084581375122, -0.8936647772789001, 19.867794036865234, 4.718563079833984, 7.002318382263184, 0.3812828063964844, 1.0361465215682983, -2.6499674320220947, -1.89253568649292, -0.4229915142059326, 1.8029179573059082, 1.386048436164856], [2.820493221282959, -0.11758601665496826, 0.08162609487771988, 3.178030014038086, -2.0778298377990723, 5.011905670166016, -0.4545213580131531, 0.6047751903533936, 0.027130722999572754, -1.8415298461914062, 0.6539745926856995, 4.718563079833984, 15.42263412475586, -1.6908526420593262, -6.465751647949219, 2.4988656044006348, 0.8035132884979248, -2.234898567199707, -1.238168478012085, 1.6835553646087646, 0.9469738602638245], [-2.453054904937744, -2.092350721359253, -3.634943962097168, 0.4963422119617462, 4.148286819458008, -3.273773193359375, 3.1622700691223145, -1.0084645748138428, 3.2039830684661865, 4.490977764129639, -0.8447743654251099, 7.002318382263184, -1.6908526420593262, 16.455671310424805, 7.733926296234131, -0.1495576649904251, 0.5392776727676392, 0.8995149731636047, 0.1795504093170166, 2.8105831146240234, -0.073923259973526], [0.5281721949577332, 2.0517354011535645, -0.9555493593215942, 0.3710550367832184, 4.190773963928223, -0.9252660870552063, 0.1883779764175415, -2.5612380504608154, -3.16168475151062, 3.4508116245269775, 0.22929830849170685, 0.3812828063964844, -6.465751647949219, 7.733926296234131, 17.93324089050293, -0.5690875053405762, 3.851750612258911, 2.49949049949646, 0.9726988077163696, 0.581143856048584, -1.583254337310791], [0.7634641528129578, 0.027892207726836205, -2.791694402694702, 0.004980501253157854, -3.36335825920105, 1.0294023752212524, -1.8445706367492676, -1.411603569984436, 4.546417713165283, 0.08963772654533386, 1.346574306488037, 1.0361465215682983, 2.4988656044006348, -0.1495576649904251, -0.5690875053405762, 11.875033378601074, 4.843688488006592, 1.547336220741272, 1.4407968521118164, 4.847265720367432, 3.697230100631714], [2.3711936473846436, 5.626670837402344, 0.41716066002845764, 0.6858901381492615, 0.4188612997531891, 1.8958210945129395, -0.366033136844635, -1.3869552612304688, 1.378037691116333, -0.544574499130249, 1.6308679580688477, -2.6499671936035156, 0.803513765335083, 0.5392774343490601, 3.8517508506774902, 4.843688488006592, 14.118911743164062, 1.3076300621032715, 1.2890841960906982, 3.044046640396118, -1.9579050540924072], [3.1719114780426025, 3.5109221935272217, 1.5273067951202393, 2.50273060798645, 2.5183794498443604, -0.5289353728294373, 2.6858327388763428, 2.3961265087127686, -1.0473166704177856, 0.7274788618087769, 0.5407779216766357, -1.8925354480743408, -2.234898567199707, 0.8995149731636047, 2.49949049949646, 1.5473366975784302, 1.3076300621032715, 9.525402069091797, -0.02606874704360962, 2.9342193603515625, -6.026823043823242], [2.3248555660247803, 2.833106279373169, 1.7421931028366089, 1.6611957550048828, 1.355163335800171, 5.5667219161987305, 2.7600388526916504, 1.647603988647461, 1.7539573907852173, 3.794715642929077, 0.963111162185669, -0.42299163341522217, -1.238168478012085, 0.1795501559972763, 0.9726986885070801, 1.4407967329025269, 1.2890841960906982, -0.02606874704360962, 10.833532333374023, -1.1827900409698486, 1.6600151062011719], [1.4354537725448608, -1.610649824142456, -0.6637520790100098, 0.3777286410331726, -0.1571516990661621, -0.491835355758667, -1.101142406463623, 1.250590443611145, 5.702231407165527, -0.7081687450408936, 2.258903741836548, 1.8029183149337769, 1.683555245399475, 2.8105831146240234, 0.5811439752578735, 4.847265243530273, 3.044046640396118, 2.9342193603515625, -1.1827900409698486, 11.49083137512207, -9.305718421936035], [0.19495904445648193, 4.051756858825684, 2.6032168865203857, -0.6861944198608398, -2.347597599029541, 1.3575069904327393, 4.263352394104004, -3.3748066425323486, -4.599766254425049, 6.977866172790527, -3.249363422393799, 1.3860483169555664, 0.9469733238220215, -0.07392334938049316, -1.5832550525665283, 3.697230100631714, -1.9579050540924072, -6.026822566986084, 1.660015344619751, -9.305719375610352, 43.56224822998047]], "type": "heatmap"}], "layout": {"template": {"data": {"histogram2dcontour": [{"type": "histogram2dcontour", "colorbar": {"outlinewidth": 0, "ticks": ""}, "colorscale": [[0.0, "#0d0887"], [0.1111111111111111, "#46039f"], [0.2222222222222222, "#7201a8"], [0.3333333333333333, "#9c179e"], [0.4444444444444444, "#bd3786"], [0.5555555555555556, "#d8576b"], [0.6666666666666666, "#ed7953"], [0.7777777777777778, "#fb9f3a"], [0.8888888888888888, "#fdca26"], [1.0, "#f0f921"]]}], "choropleth": [{"type": "choropleth", "colorbar": {"outlinewidth": 0, "ticks": ""}}], "histogram2d": [{"type": "histogram2d", "colorbar": {"outlinewidth": 0, "ticks": ""}, "colorscale": [[0.0, "#0d0887"], [0.1111111111111111, "#46039f"], [0.2222222222222222, "#7201a8"], [0.3333333333333333, "#9c179e"], [0.4444444444444444, "#bd3786"], [0.5555555555555556, "#d8576b"], [0.6666666666666666, "#ed7953"], [0.7777777777777778, "#fb9f3a"], [0.8888888888888888, "#fdca26"], [1.0, "#f0f921"]]}], "heatmap": [{"type": "heatmap", "colorbar": {"outlinewidth": 0, "ticks": ""}, "colorscale": [[0.0, "#0d0887"], [0.1111111111111111, "#46039f"], [0.2222222222222222, "#7201a8"], [0.3333333333333333, "#9c179e"], [0.4444444444444444, "#bd3786"], [0.5555555555555556, "#d8576b"], [0.6666666666666666, "#ed7953"], [0.7777777777777778, "#fb9f3a"], [0.8888888888888888, "#fdca26"], [1.0, "#f0f921"]]}], "heatmapgl": [{"type": "heatmapgl", "colorbar": {"outlinewidth": 0, "ticks": ""}, "colorscale": [[0.0, "#0d0887"], [0.1111111111111111, "#46039f"], [0.2222222222222222, "#7201a8"], [0.3333333333333333, "#9c179e"], [0.4444444444444444, "#bd3786"], [0.5555555555555556, "#d8576b"], [0.6666666666666666, "#ed7953"], [0.7777777777777778, "#fb9f3a"], [0.8888888888888888, "#fdca26"], [1.0, "#f0f921"]]}], "contourcarpet": [{"type": "contourcarpet", "colorbar": {"outlinewidth": 0, "ticks": ""}}], "contour": [{"type": "contour", "colorbar": {"outlinewidth": 0, "ticks": ""}, "colorscale": [[0.0, "#0d0887"], [0.1111111111111111, "#46039f"], [0.2222222222222222, "#7201a8"], [0.3333333333333333, "#9c179e"], [0.4444444444444444, "#bd3786"], [0.5555555555555556, "#d8576b"], [0.6666666666666666, "#ed7953"], [0.7777777777777778, "#fb9f3a"], [0.8888888888888888, "#fdca26"], [1.0, "#f0f921"]]}], "surface": [{"type": "surface", "colorbar": {"outlinewidth": 0, "ticks": ""}, "colorscale": [[0.0, "#0d0887"], [0.1111111111111111, "#46039f"], [0.2222222222222222, "#7201a8"], [0.3333333333333333, "#9c179e"], [0.4444444444444444, "#bd3786"], [0.5555555555555556, "#d8576b"], [0.6666666666666666, "#ed7953"], [0.7777777777777778, "#fb9f3a"], [0.8888888888888888, "#fdca26"], [1.0, "#f0f921"]]}], "mesh3d": [{"type": "mesh3d", "colorbar": {"outlinewidth": 0, "ticks": ""}}], "scatter": [{"fillpattern": {"fillmode": "overlay", "size": 10, "solidity": 0.2}, "type": "scatter"}], "parcoords": [{"type": "parcoords", "line": {"colorbar": {"outlinewidth": 0, "ticks": ""}}}], "scatterpolargl": [{"type": "scatterpolargl", "marker": {"colorbar": {"outlinewidth": 0, "ticks": ""}}}], "bar": [{"error_x": {"color": "#2a3f5f"}, "error_y": {"color": "#2a3f5f"}, "marker": {"line": {"color": "#E5ECF6", "width": 0.5}, "pattern": {"fillmode": "overlay", "size": 10, "solidity": 0.2}}, "type": "bar"}], "scattergeo": [{"type": "scattergeo", "marker": {"colorbar": {"outlinewidth": 0, "ticks": ""}}}], "scatterpolar": [{"type": "scatterpolar", "marker": {"colorbar": {"outlinewidth": 0, "ticks": ""}}}], "histogram": [{"marker": {"pattern": {"fillmode": "overlay", "size": 10, "solidity": 0.2}}, "type": "histogram"}], "scattergl": [{"type": "scattergl", "marker": {"colorbar": {"outlinewidth": 0, "ticks": ""}}}], "scatter3d": [{"type": "scatter3d", "line": {"colorbar": {"outlinewidth": 0, "ticks": ""}}, "marker": {"colorbar": {"outlinewidth": 0, "ticks": ""}}}], "scattermapbox": [{"type": "scattermapbox", "marker": {"colorbar": {"outlinewidth": 0, "ticks": ""}}}], "scatterternary": [{"type": "scatterternary", "marker": {"colorbar": {"outlinewidth": 0, "ticks": ""}}}], "scattercarpet": [{"type": "scattercarpet", "marker": {"colorbar": {"outlinewidth": 0, "ticks": ""}}}], "carpet": [{"aaxis": {"endlinecolor": "#2a3f5f", "gridcolor": "white", "linecolor": "white", "minorgridcolor": "white", "startlinecolor": "#2a3f5f"}, "baxis": {"endlinecolor": "#2a3f5f", "gridcolor": "white", "linecolor": "white", "minorgridcolor": "white", "startlinecolor": "#2a3f5f"}, "type": "carpet"}], "table": [{"cells": {"fill": {"color": "#EBF0F8"}, "line": {"color": "white"}}, "header": {"fill": {"color": "#C8D4E3"}, "line": {"color": "white"}}, "type": "table"}], "barpolar": [{"marker": {"line": {"color": "#E5ECF6", "width": 0.5}, "pattern": {"fillmode": "overlay", "size": 10, "solidity": 0.2}}, "type": "barpolar"}], "pie": [{"automargin": true, "type": "pie"}]}, "layout": {"autotypenumbers": "strict", "colorway": ["#636efa", "#EF553B", "#00cc96", "#ab63fa", "#FFA15A", "#19d3f3", "#FF6692", "#B6E880", "#FF97FF", "#FECB52"], "font": {"color": "#2a3f5f"}, "hovermode": "closest", "hoverlabel": {"align": "left"}, "paper_bgcolor": "white", "plot_bgcolor": "#E5ECF6", "polar": {"bgcolor": "#E5ECF6", "angularaxis": {"gridcolor": "white", "linecolor": "white", "ticks": ""}, "radialaxis": {"gridcolor": "white", "linecolor": "white", "ticks": ""}}, "ternary": {"bgcolor": "#E5ECF6", "aaxis": {"gridcolor": "white", "linecolor": "white", "ticks": ""}, "baxis": {"gridcolor": "white", "linecolor": "white", "ticks": ""}, "caxis": {"gridcolor": "white", "linecolor": "white", "ticks": ""}}, "coloraxis": {"colorbar": {"outlinewidth": 0, "ticks": ""}}, "colorscale": {"sequential": [[0.0, "#0d0887"], [0.1111111111111111, "#46039f"], [0.2222222222222222, "#7201a8"], [0.3333333333333333, "#9c179e"], [0.4444444444444444, "#bd3786"], [0.5555555555555556, "#d8576b"], [0.6666666666666666, "#ed7953"], [0.7777777777777778, "#fb9f3a"], [0.8888888888888888, "#fdca26"], [1.0, "#f0f921"]], "sequentialminus": [[0.0, "#0d0887"], [0.1111111111111111, "#46039f"], [0.2222222222222222, "#7201a8"], [0.3333333333333333, "#9c179e"], [0.4444444444444444, "#bd3786"], [0.5555555555555556, "#d8576b"], [0.6666666666666666, "#ed7953"], [0.7777777777777778, "#fb9f3a"], [0.8888888888888888, "#fdca26"], [1.0, "#f0f921"]], "diverging": [[0, "#8e0152"], [0.1, "#c51b7d"], [0.2, "#de77ae"], [0.3, "#f1b6da"], [0.4, "#fde0ef"], [0.5, "#f7f7f7"], [0.6, "#e6f5d0"], [0.7, "#b8e186"], [0.8, "#7fbc41"], [0.9, "#4d9221"], [1, "#276419"]]}, "xaxis": {"gridcolor": "white", "linecolor": "white", "ticks": "", "title": {"standoff": 15}, "zerolinecolor": "white", "automargin": true, "zerolinewidth": 2}, "yaxis": {"gridcolor": "white", "linecolor": "white", "ticks": "", "title": {"standoff": 15}, "zerolinecolor": "white", "automargin": true, "zerolinewidth": 2}, "scene": {"xaxis": {"backgroundcolor": "#E5ECF6", "gridcolor": "white", "linecolor": "white", "showbackground": true, "ticks": "", "zerolinecolor": "white", "gridwidth": 2}, "yaxis": {"backgroundcolor": "#E5ECF6", "gridcolor": "white", "linecolor": "white", "showbackground": true, "ticks": "", "zerolinecolor": "white", "gridwidth": 2}, "zaxis": {"backgroundcolor": "#E5ECF6", "gridcolor": "white", "linecolor": "white", "showbackground": true, "ticks": "", "zerolinecolor": "white", "gridwidth": 2}}, "shapedefaults": {"line": {"color": "#2a3f5f"}}, "annotationdefaults": {"arrowcolor": "#2a3f5f", "arrowhead": 0, "arrowwidth": 1}, "geo": {"bgcolor": "white", "landcolor": "#E5ECF6", "subunitcolor": "white", "showland": true, "showlakes": true, "lakecolor": "white"}, "title": {"x": 0.05}, "mapbox": {"style": "light"}}}}}