{"data": [{"z": [[10.678000450134277, 1.6503067016601562, 2.9486002922058105, -0.4249989688396454, 1.8193503618240356, 2.2264750003814697, 1.2155261039733887, 1.442255973815918, 0.09792103618383408, -1.864089012145996, 4.388209342956543, -2.3708302974700928, 3.0850577354431152, -2.545285224914551, 0.5058379769325256, 0.39402225613594055, 2.290607452392578, 3.210472583770752, 2.611536979675293, 1.0411880016326904, 0.3209282159805298], [1.6503067016601562, 22.228591918945312, -0.06699462980031967, 3.8291289806365967, -0.33384233713150024, 6.4238786697387695, 1.80816650390625, 0.8030979633331299, -3.010286808013916, 3.2996551990509033, -5.785012245178223, -1.7006340026855469, 0.2415037751197815, -2.270477294921875, 2.0673630237579346, 0.03181402012705803, 5.972215175628662, 3.8528332710266113, 2.982193946838379, -1.9058650732040405, 4.160322666168213], [2.9486002922058105, -0.06699462980031967, 19.258941650390625, 2.674222230911255, 5.322371482849121, 3.4482386112213135, 1.6416481733322144, 2.4556150436401367, -2.670475721359253, 4.688312530517578, 2.411811351776123, -1.665999174118042, -0.1416555494070053, -4.303831100463867, -1.5584840774536133, -3.0861809253692627, 0.5123111009597778, 1.6038638353347778, 1.4611852169036865, -1.0059348344802856, 3.360607147216797], [-0.4249989688396454, 3.8291289806365967, 2.674222230911255, 8.303735733032227, 1.7382761240005493, 4.27994966506958, 3.5487723350524902, 3.1224000453948975, -1.2242759466171265, 2.5595319271087646, -2.2515063285827637, 2.07671856880188, 3.277801036834717, 0.5289660096168518, 0.40857404470443726, -0.08952152729034424, 0.5781668424606323, 2.8406527042388916, 1.5935111045837402, 0.26981663703918457, -0.6500633358955383], [1.8193503618240356, -0.33384233713150024, 5.322371482849121, 1.7382761240005493, 15.962164878845215, -0.17368094623088837, 2.4130656719207764, 2.9650681018829346, -3.787362575531006, 6.816359996795654, 0.833979070186615, 0.939691960811615, -2.2690749168395996, 4.487265586853027, 4.455317974090576, -3.903273105621338, 0.14432787895202637, 2.755197048187256, 1.263849139213562, -0.3595249056816101, -2.498584747314453], [2.2264750003814697, 6.4238786697387695, 3.4482386112213135, 4.27994966506958, -0.17368094623088837, 13.319367408752441, 0.6357986330986023, 0.9664307832717896, -3.4412477016448975, 1.8586317300796509, -2.5224788188934326, -0.4519948661327362, 5.539100646972656, -3.4010884761810303, -0.9121291041374207, 1.1170895099639893, 2.3286900520324707, -0.8475261926651001, 6.107793807983398, -0.6594620943069458, 1.3284896612167358], [1.2155261039733887, 1.80816650390625, 1.6416481733322144, 3.5487723350524902, 2.4130656719207764, 0.6357986330986023, 10.605589866638184, 4.13332986831665, -0.3315216898918152, 0.9758919477462769, -1.9250266551971436, 3.2750625610351562, -0.6564750671386719, 3.3299829959869385, 0.21728160977363586, -1.9609650373458862, -0.5014736652374268, 2.826324462890625, 2.7114667892456055, -1.4054733514785767, 4.8884100914001465], [1.442255973815918, 0.8030979633331299, 2.4556150436401367, 3.1224000453948975, 2.9650681018829346, 0.9664307832717896, 4.13332986831665, 17.716035842895508, -1.778788447380066, 2.758279323577881, 0.1527339071035385, -1.373682975769043, 0.7945165038108826, -1.154950499534607, -2.69551682472229, -1.6998729705810547, -1.6658623218536377, 2.5914368629455566, 1.5496752262115479, 1.1436893939971924, -3.3004634380340576], [0.09792103618383408, -3.010286808013916, -2.670475721359253, -1.2242759466171265, -3.787362575531006, -3.4412477016448975, -0.3315216898918152, -1.778788447380066, 25.652446746826172, -1.6992930173873901, 8.395278930664062, 2.5716021060943604, 0.1881590187549591, 3.547173023223877, -3.9086925983428955, 4.5970845222473145, 1.218252420425415, -1.2861156463623047, 1.8211872577667236, 6.105132102966309, -4.806390762329102], [-1.864089012145996, 3.2996551990509033, 4.688312530517578, 2.5595319271087646, 6.816359996795654, 1.8586317300796509, 0.9758919477462769, 2.758279323577881, -1.6992930173873901, 18.34920883178711, -1.3591479063034058, -0.2414146512746811, -2.0826830863952637, 4.885590553283691, 3.5784878730773926, 0.22606875002384186, -0.869604229927063, 0.7214133739471436, 4.100326061248779, -0.762911319732666, 7.353095531463623], [4.388209342956543, -5.785012245178223, 2.411811351776123, -2.2515063285827637, 0.833979070186615, -2.5224788188934326, -1.9250266551971436, 0.1527339071035385, 8.395278930664062, -1.3591479063034058, 13.900470733642578, -1.1775028705596924, 0.8847793340682983, -0.9464218616485596, 0.07164902240037918, 1.2198482751846313, 1.5693479776382446, 0.4387621283531189, 1.2173144817352295, 2.128535747528076, -3.44549822807312], [-2.3708302974700928, -1.7006340026855469, -1.665999174118042, 2.07671856880188, 0.939691960811615, -0.4519948661327362, 3.2750625610351562, -1.373682975769043, 2.5716021060943604, -0.2414146512746811, -1.1775028705596924, 21.479694366455078, 5.084453105926514, 7.620642185211182, 0.6340674757957458, 1.1959261894226074, -3.060084342956543, -1.9523253440856934, -0.5151338577270508, 1.8190144300460815, 1.7210203409194946], [3.0850577354431152, 0.2415037751197815, -0.1416555494070053, 3.277801036834717, -2.2690749168395996, 5.539100646972656, -0.6564750671386719, 0.7945165038108826, 0.1881590187549591, -2.0826830863952637, 0.8847793340682983, 5.084453105926514, 16.94209098815918, -1.7302957773208618, -7.1453046798706055, 2.4851181507110596, 1.1481218338012695, -2.647001028060913, -1.3283073902130127, 1.5505708456039429, 1.0326898097991943], [-2.545285224914551, -2.270477294921875, -4.303831100463867, 0.5289660096168518, 4.487265586853027, -3.4010884761810303, 3.3299829959869385, -1.154950499534607, 3.547173023223877, 4.885590553283691, -0.9464218616485596, 7.620642185211182, -1.7302957773208618, 18.169940948486328, 8.766976356506348, -0.09892184287309647, 0.3449610471725464, 1.0453819036483765, 0.197465181350708, 3.0897200107574463, -0.09064313769340515], [0.5058379769325256, 2.0673630237579346, -1.5584840774536133, 0.40857404470443726, 4.455317974090576, -0.9121291041374207, 0.21728160977363586, -2.69551682472229, -3.9086925983428955, 3.5784878730773926, 0.07164902240037918, 0.6340674757957458, -7.1453046798706055, 8.766976356506348, 20.085567474365234, -0.41384726762771606, 3.9852476119995117, 2.81725811958313, 0.9404351711273193, 0.7295446395874023, -1.5981416702270508], [0.39402225613594055, 0.03181402012705803, -3.0861809253692627, -0.08952152729034424, -3.903273105621338, 1.1170895099639893, -1.9609650373458862, -1.6998729705810547, 4.5970845222473145, 0.22606875002384186, 1.2198482751846313, 1.1959261894226074, 2.4851181507110596, -0.09892184287309647, -0.41384726762771606, 13.074779510498047, 5.3198957443237305, 1.771109938621521, 1.4508639574050903, 5.410987854003906, 3.804138422012329], [2.29060697555542, 5.97221565246582, 0.5123112201690674, 0.5781669020652771, 0.14432820677757263, 2.32869029045105, -0.5014735460281372, -1.6658629179000854, 1.218252420425415, -0.8696042895317078, 1.5693484544754028, -3.060084104537964, 1.1481218338012695, 0.3449610471725464, 3.9852473735809326, 5.319896221160889, 15.417153358459473, 1.0945889949798584, 1.1912524700164795, 3.0585989952087402, -1.8555666208267212], [3.210472583770752, 3.852832794189453, 1.603864073753357, 2.8406529426574707, 2.755197525024414, -0.8475262522697449, 2.826324701309204, 2.5914361476898193, -1.286115288734436, 0.721413791179657, 0.43876200914382935, -1.9523251056671143, -2.647000789642334, 1.0453819036483765, 2.817258358001709, 1.7711101770401, 1.0945889949798584, 10.402469635009766, -0.4738786816596985, 3.328371524810791, -6.033378601074219], [2.611536979675293, 2.982194423675537, 1.461185336112976, 1.5935109853744507, 1.263848900794983, 6.107791900634766, 2.7114670276641846, 1.5496752262115479, 1.8211870193481445, 4.100326061248779, 1.21731436252594, -0.5151337385177612, -1.32830810546875, 0.19746530055999756, 0.9404350519180298, 1.4508640766143799, 1.1912524700164795, -0.4738786816596985, 12.096414566040039, -1.5670461654663086, 1.6260331869125366], [1.041188359260559, -1.9058653116226196, -1.005934715270996, 0.26981663703918457, -0.35952502489089966, -0.6594620943069458, -1.4054734706878662, 1.143689513206482, 6.105132579803467, -0.7629111409187317, 2.128535747528076, 1.8190144300460815, 1.5505712032318115, 3.0897200107574463, 0.7295446395874023, 5.410987854003906, 3.0585989952087402, 3.328371524810791, -1.5670461654663086, 12.655353546142578, -9.89371109008789], [0.32092827558517456, 4.160322189331055, 3.360607624053955, -0.6500629186630249, -2.498584747314453, 1.3284897804260254, 4.888410568237305, -3.300463914871216, -4.806390762329102, 7.353095054626465, -3.4454989433288574, 1.721019983291626, 1.0326905250549316, -0.09064340591430664, -1.5981414318084717, 3.8041374683380127, -1.8555667400360107, -6.0333781242370605, 1.6260335445404053, -9.89371109008789, 43.56224822998047]], "type": "heatmap"}], "layout": {"template": {"data": {"histogram2dcontour": [{"type": "histogram2dcontour", "colorbar": {"outlinewidth": 0, "ticks": ""}, "colorscale": [[0.0, "#0d0887"], [0.1111111111111111, "#46039f"], [0.2222222222222222, "#7201a8"], [0.3333333333333333, "#9c179e"], [0.4444444444444444, "#bd3786"], [0.5555555555555556, "#d8576b"], [0.6666666666666666, "#ed7953"], [0.7777777777777778, "#fb9f3a"], [0.8888888888888888, "#fdca26"], [1.0, "#f0f921"]]}], "choropleth": [{"type": "choropleth", "colorbar": {"outlinewidth": 0, "ticks": ""}}], "histogram2d": [{"type": "histogram2d", "colorbar": {"outlinewidth": 0, "ticks": ""}, "colorscale": [[0.0, "#0d0887"], [0.1111111111111111, "#46039f"], [0.2222222222222222, "#7201a8"], [0.3333333333333333, "#9c179e"], [0.4444444444444444, "#bd3786"], [0.5555555555555556, "#d8576b"], [0.6666666666666666, "#ed7953"], [0.7777777777777778, "#fb9f3a"], [0.8888888888888888, "#fdca26"], [1.0, "#f0f921"]]}], "heatmap": [{"type": "heatmap", "colorbar": {"outlinewidth": 0, "ticks": ""}, "colorscale": [[0.0, "#0d0887"], [0.1111111111111111, "#46039f"], [0.2222222222222222, "#7201a8"], [0.3333333333333333, "#9c179e"], [0.4444444444444444, "#bd3786"], [0.5555555555555556, "#d8576b"], [0.6666666666666666, "#ed7953"], [0.7777777777777778, "#fb9f3a"], [0.8888888888888888, "#fdca26"], [1.0, "#f0f921"]]}], "heatmapgl": [{"type": "heatmapgl", "colorbar": {"outlinewidth": 0, "ticks": ""}, "colorscale": [[0.0, "#0d0887"], [0.1111111111111111, "#46039f"], [0.2222222222222222, "#7201a8"], [0.3333333333333333, "#9c179e"], [0.4444444444444444, "#bd3786"], [0.5555555555555556, "#d8576b"], [0.6666666666666666, "#ed7953"], [0.7777777777777778, "#fb9f3a"], [0.8888888888888888, "#fdca26"], [1.0, "#f0f921"]]}], "contourcarpet": [{"type": "contourcarpet", "colorbar": {"outlinewidth": 0, "ticks": ""}}], "contour": [{"type": "contour", "colorbar": {"outlinewidth": 0, "ticks": ""}, "colorscale": [[0.0, "#0d0887"], [0.1111111111111111, "#46039f"], [0.2222222222222222, "#7201a8"], [0.3333333333333333, "#9c179e"], [0.4444444444444444, "#bd3786"], [0.5555555555555556, "#d8576b"], [0.6666666666666666, "#ed7953"], [0.7777777777777778, "#fb9f3a"], [0.8888888888888888, "#fdca26"], [1.0, "#f0f921"]]}], "surface": [{"type": "surface", "colorbar": {"outlinewidth": 0, "ticks": ""}, "colorscale": [[0.0, "#0d0887"], [0.1111111111111111, "#46039f"], [0.2222222222222222, "#7201a8"], [0.3333333333333333, "#9c179e"], [0.4444444444444444, "#bd3786"], [0.5555555555555556, "#d8576b"], [0.6666666666666666, "#ed7953"], [0.7777777777777778, "#fb9f3a"], [0.8888888888888888, "#fdca26"], [1.0, "#f0f921"]]}], "mesh3d": [{"type": "mesh3d", "colorbar": {"outlinewidth": 0, "ticks": ""}}], "scatter": [{"fillpattern": {"fillmode": "overlay", "size": 10, "solidity": 0.2}, "type": "scatter"}], "parcoords": [{"type": "parcoords", "line": {"colorbar": {"outlinewidth": 0, "ticks": ""}}}], "scatterpolargl": [{"type": "scatterpolargl", "marker": {"colorbar": {"outlinewidth": 0, "ticks": ""}}}], "bar": [{"error_x": {"color": "#2a3f5f"}, "error_y": {"color": "#2a3f5f"}, "marker": {"line": {"color": "#E5ECF6", "width": 0.5}, "pattern": {"fillmode": "overlay", "size": 10, "solidity": 0.2}}, "type": "bar"}], "scattergeo": [{"type": "scattergeo", "marker": {"colorbar": {"outlinewidth": 0, "ticks": ""}}}], "scatterpolar": [{"type": "scatterpolar", "marker": {"colorbar": {"outlinewidth": 0, "ticks": ""}}}], "histogram": [{"marker": {"pattern": {"fillmode": "overlay", "size": 10, "solidity": 0.2}}, "type": "histogram"}], "scattergl": [{"type": "scattergl", "marker": {"colorbar": {"outlinewidth": 0, "ticks": ""}}}], "scatter3d": [{"type": "scatter3d", "line": {"colorbar": {"outlinewidth": 0, "ticks": ""}}, "marker": {"colorbar": {"outlinewidth": 0, "ticks": ""}}}], "scattermapbox": [{"type": "scattermapbox", "marker": {"colorbar": {"outlinewidth": 0, "ticks": ""}}}], "scatterternary": [{"type": "scatterternary", "marker": {"colorbar": {"outlinewidth": 0, "ticks": ""}}}], "scattercarpet": [{"type": "scattercarpet", "marker": {"colorbar": {"outlinewidth": 0, "ticks": ""}}}], "carpet": [{"aaxis": {"endlinecolor": "#2a3f5f", "gridcolor": "white", "linecolor": "white", "minorgridcolor": "white", "startlinecolor": "#2a3f5f"}, "baxis": {"endlinecolor": "#2a3f5f", "gridcolor": "white", "linecolor": "white", "minorgridcolor": "white", "startlinecolor": "#2a3f5f"}, "type": "carpet"}], "table": [{"cells": {"fill": {"color": "#EBF0F8"}, "line": {"color": "white"}}, "header": {"fill": {"color": "#C8D4E3"}, "line": {"color": "white"}}, "type": "table"}], "barpolar": [{"marker": {"line": {"color": "#E5ECF6", "width": 0.5}, "pattern": {"fillmode": "overlay", "size": 10, "solidity": 0.2}}, "type": "barpolar"}], "pie": [{"automargin": true, "type": "pie"}]}, "layout": {"autotypenumbers": "strict", "colorway": ["#636efa", "#EF553B", "#00cc96", "#ab63fa", "#FFA15A", "#19d3f3", "#FF6692", "#B6E880", "#FF97FF", "#FECB52"], "font": {"color": "#2a3f5f"}, "hovermode": "closest", "hoverlabel": {"align": "left"}, "paper_bgcolor": "white", "plot_bgcolor": "#E5ECF6", "polar": {"bgcolor": "#E5ECF6", "angularaxis": {"gridcolor": "white", "linecolor": "white", "ticks": ""}, "radialaxis": {"gridcolor": "white", "linecolor": "white", "ticks": ""}}, "ternary": {"bgcolor": "#E5ECF6", "aaxis": {"gridcolor": "white", "linecolor": "white", "ticks": ""}, "baxis": {"gridcolor": "white", "linecolor": "white", "ticks": ""}, "caxis": {"gridcolor": "white", "linecolor": "white", "ticks": ""}}, "coloraxis": {"colorbar": {"outlinewidth": 0, "ticks": ""}}, "colorscale": {"sequential": [[0.0, "#0d0887"], [0.1111111111111111, "#46039f"], [0.2222222222222222, "#7201a8"], [0.3333333333333333, "#9c179e"], [0.4444444444444444, "#bd3786"], [0.5555555555555556, "#d8576b"], [0.6666666666666666, "#ed7953"], [0.7777777777777778, "#fb9f3a"], [0.8888888888888888, "#fdca26"], [1.0, "#f0f921"]], "sequentialminus": [[0.0, "#0d0887"], [0.1111111111111111, "#46039f"], [0.2222222222222222, "#7201a8"], [0.3333333333333333, "#9c179e"], [0.4444444444444444, "#bd3786"], [0.5555555555555556, "#d8576b"], [0.6666666666666666, "#ed7953"], [0.7777777777777778, "#fb9f3a"], [0.8888888888888888, "#fdca26"], [1.0, "#f0f921"]], "diverging": [[0, "#8e0152"], [0.1, "#c51b7d"], [0.2, "#de77ae"], [0.3, "#f1b6da"], [0.4, "#fde0ef"], [0.5, "#f7f7f7"], [0.6, "#e6f5d0"], [0.7, "#b8e186"], [0.8, "#7fbc41"], [0.9, "#4d9221"], [1, "#276419"]]}, "xaxis": {"gridcolor": "white", "linecolor": "white", "ticks": "", "title": {"standoff": 15}, "zerolinecolor": "white", "automargin": true, "zerolinewidth": 2}, "yaxis": {"gridcolor": "white", "linecolor": "white", "ticks": "", "title": {"standoff": 15}, "zerolinecolor": "white", "automargin": true, "zerolinewidth": 2}, "scene": {"xaxis": {"backgroundcolor": "#E5ECF6", "gridcolor": "white", "linecolor": "white", "showbackground": true, "ticks": "", "zerolinecolor": "white", "gridwidth": 2}, "yaxis": {"backgroundcolor": "#E5ECF6", "gridcolor": "white", "linecolor": "white", "showbackground": true, "ticks": "", "zerolinecolor": "white", "gridwidth": 2}, "zaxis": {"backgroundcolor": "#E5ECF6", "gridcolor": "white", "linecolor": "white", "showbackground": true, "ticks": "", "zerolinecolor": "white", "gridwidth": 2}}, "shapedefaults": {"line": {"color": "#2a3f5f"}}, "annotationdefaults": {"arrowcolor": "#2a3f5f", "arrowhead": 0, "arrowwidth": 1}, "geo": {"bgcolor": "white", "landcolor": "#E5ECF6", "subunitcolor": "white", "showland": true, "showlakes": true, "lakecolor": "white"}, "title": {"x": 0.05}, "mapbox": {"style": "light"}}}}}