{"data": [{"z": [[14.376619338989258, 2.7624447345733643, 3.1978769302368164, -1.2755091190338135, 2.3636763095855713, 1.5986199378967285, 2.1481282711029053, 2.244462490081787, 0.03524429723620415, -3.771630048751831, 6.756985187530518, -3.3266348838806152, 4.663924694061279, -3.4680817127227783, -0.19157712161540985, -2.3638572692871094, 1.353628396987915, 2.7522082328796387, 3.1043694019317627, -1.3646962642669678, 1.2215074300765991], [2.7624447345733643, 29.993980407714844, -0.02766471728682518, 5.1301984786987305, -0.8879263401031494, 8.655789375305176, 2.7950403690338135, 1.2024283409118652, -3.3395330905914307, 3.562532424926758, -9.005669593811035, -1.6605833768844604, 1.6232634782791138, -3.4769840240478516, 1.9637483358383179, -0.41938742995262146, 7.742203235626221, 5.055563449859619, 3.0636825561523438, -3.7419772148132324, 5.133192539215088], [3.1978769302368164, -0.02766471728682518, 32.12594985961914, 2.1056923866271973, 6.506181716918945, 3.2248926162719727, 3.5336856842041016, 2.200023651123047, -2.7637505531311035, 7.135439872741699, 1.9074863195419312, -3.4891433715820312, -0.9730885624885559, -7.983554840087891, -6.817660331726074, -3.6290838718414307, 0.7766878604888916, 1.4637348651885986, -0.2670983076095581, -2.726767063140869, 5.798126220703125], [-1.2755091190338135, 5.1301984786987305, 2.1056923866271973, 11.379128456115723, 1.5783032178878784, 4.630194187164307, 3.9433701038360596, 4.179927349090576, -1.8039312362670898, 1.93110191822052, -4.128928184509277, 1.1651620864868164, 3.682494878768921, 0.5494297742843628, 0.5387399196624756, -0.8311454653739929, 0.2640448808670044, 3.797694444656372, 0.7858566045761108, -1.1269347667694092, -0.3935231864452362], [2.3636763095855713, -0.8879263401031494, 6.506181716918945, 1.5783032178878784, 23.41189956665039, -2.4444987773895264, 1.9255446195602417, 3.793752670288086, -5.018436908721924, 8.436444282531738, 0.8551039695739746, 0.8480148315429688, -3.385435104370117, 5.1606011390686035, 4.273592948913574, -7.0986328125, -0.9705440998077393, 3.9107437133789062, 0.45843505859375, -1.3899701833724976, -3.746314764022827], [1.5986199378967285, 8.655789375305176, 3.2248926162719727, 4.630194187164307, -2.4444987773895264, 20.137950897216797, -0.06677678227424622, -0.42825162410736084, -3.899540424346924, 1.1224033832550049, -3.580470561981201, -2.5435831546783447, 7.499244689941406, -5.127676486968994, -2.1806931495666504, 0.8258330821990967, 3.5724494457244873, -3.5023460388183594, 8.650440216064453, -2.395968437194824, 1.7201589345932007], [2.1481282711029053, 2.7950403690338135, 3.5336856842041016, 3.9433701038360596, 1.9255446195602417, -0.06677678227424622, 14.876136779785156, 4.848487377166748, 0.25690990686416626, -0.003940404858440161, -3.3471293449401855, 4.311581611633301, -1.0685056447982788, 4.119285583496094, -1.0402817726135254, -2.3627073764801025, -1.1515291929244995, 2.739804744720459, 2.5006327629089355, -3.5338010787963867, 7.2568135261535645], [2.244462490081787, 1.2024283409118652, 2.200023651123047, 4.179927349090576, 3.793752670288086, -0.42825162410736084, 4.848487377166748, 23.80813217163086, -3.1053004264831543, 2.3690273761749268, 0.20014576613903046, -2.2874817848205566, 1.105911135673523, -2.3143908977508545, -3.6782259941101074, -4.146900177001953, -3.3547306060791016, 3.506967544555664, 0.28362226486206055, 0.8088895082473755, -3.6275508403778076], [0.03524429723620415, -3.3395330905914307, -2.7637505531311035, -1.8039312362670898, -5.018436908721924, -3.899540424346924, 0.25690990686416626, -3.1053004264831543, 36.53160858154297, -2.234907627105713, 11.59989070892334, 2.3656811714172363, 0.6701444387435913, 4.5457000732421875, -8.050018310546875, 5.0497846603393555, 1.0886776447296143, -2.61041259765625, 3.497922420501709, 7.809000492095947, -5.8712005615234375], [-3.771630048751831, 3.562532424926758, 7.135439872741699, 1.93110191822052, 8.436444282531738, 1.1224033832550049, -0.003940404858440161, 2.3690273761749268, -2.234907627105713, 28.503252029418945, -3.7445998191833496, -1.0984805822372437, -4.455372333526611, 5.684744834899902, 2.779398202896118, 1.6776942014694214, -2.8114004135131836, 0.5207507610321045, 6.419175148010254, -1.2515661716461182, 9.09834098815918], [6.756985187530518, -9.005669593811035, 1.9074863195419312, -4.128928184509277, 0.8551039695739746, -3.580470561981201, -3.3471293449401855, 0.20014576613903046, 11.59989070892334, -3.7445998191833496, 20.487714767456055, -2.8468329906463623, 2.0047104358673096, -2.444385290145874, -1.6781435012817383, -0.5753899812698364, 0.365342378616333, -1.1900895833969116, 2.9456169605255127, 0.31306958198547363, -3.828057289123535], [-3.3266348838806152, -1.6605833768844604, -3.4891433715820312, 1.1651620864868164, 0.8480148315429688, -2.5435831546783447, 4.311581611633301, -2.2874817848205566, 2.3656811714172363, -1.0984805822372437, -2.8468329906463623, 28.87299156188965, 6.33351993560791, 10.004711151123047, 0.7846232056617737, 0.9589121341705322, -5.218648910522461, -3.280360221862793, -1.2346316576004028, 1.1884281635284424, 2.7481441497802734], [4.663924694061279, 1.6232634782791138, -0.9730885624885559, 3.682494878768921, -3.385435104370117, 7.499244689941406, -1.0685056447982788, 1.105911135673523, 0.6701444387435913, -4.455372333526611, 2.0047104358673096, 6.33351993560791, 24.097753524780273, -2.3107802867889404, -11.019577026367188, 1.4168564081192017, 2.304375648498535, -5.170863151550293, -2.4045262336730957, -0.38835644721984863, 2.640291452407837], [-3.4680817127227783, -3.4769840240478516, -7.983554840087891, 0.5494297742843628, 5.1606011390686035, -5.127676486968994, 4.119285583496094, -2.3143908977508545, 4.5457000732421875, 5.684744834899902, -2.444385290145874, 10.004711151123047, -2.3107802867889404, 24.5015926361084, 12.42016315460205, -1.1740291118621826, -0.6930340528488159, 0.6324116587638855, -1.0713343620300293, 3.0957398414611816, 0.27841877937316895], [-0.19157712161540985, 1.9637483358383179, -6.817660331726074, 0.5387399196624756, 4.273592948913574, -2.1806931495666504, -1.0402817726135254, -3.6782259941101074, -8.050018310546875, 2.779398202896118, -1.6781435012817383, 0.7846232056617737, -11.019577026367188, 12.42016315460205, 28.955041885375977, -1.3408527374267578, 3.563962936401367, 3.1223082542419434, -0.41059088706970215, 0.27771425247192383, -1.858530879020691], [-2.3638572692871094, -0.41938742995262146, -3.6290838718414307, -0.8311454653739929, -7.0986328125, 0.8258330821990967, -2.3627073764801025, -4.146900177001953, 5.0497846603393555, 1.6776942014694214, -0.5753899812698364, 0.9589121341705322, 1.4168564081192017, -1.1740291118621826, -1.3408527374267578, 18.61493682861328, 7.280797958374023, 2.423415184020996, 0.41489410400390625, 7.824232578277588, 4.32639217376709], [1.353628396987915, 7.742203235626221, 0.7766881585121155, 0.2640450894832611, -0.9705442190170288, 3.572449207305908, -1.151529312133789, -3.3547301292419434, 1.0886781215667725, -2.811400890350342, 0.3653430640697479, -5.218649387359619, 2.3043761253356934, -0.6930345296859741, 3.563962459564209, 7.280798435211182, 21.548755645751953, 0.25816261768341064, -0.1141887903213501, 3.2932543754577637, -2.4216580390930176], [2.7522079944610596, 5.055563926696777, 1.4637335538864136, 3.797694206237793, 3.9107441902160645, -3.502345561981201, 2.739804744720459, 3.506967067718506, -2.610412120819092, 0.5207509398460388, -1.190089225769043, -3.280360698699951, -5.170862674713135, 0.6324115991592407, 3.1223084926605225, 2.423415422439575, 0.25816261768341064, 14.517240524291992, -2.6952221393585205, 5.1354169845581055, -7.0948967933654785], [3.1043694019317627, 3.0636825561523438, -0.26709774136543274, 0.7858563661575317, 0.45843538641929626, 8.65043830871582, 2.5006330013275146, 0.2836219072341919, 3.497922420501709, 6.419175148010254, 2.945617437362671, -1.2346316576004028, -2.404526710510254, -1.0713343620300293, -0.4105909764766693, 0.41489413380622864, -0.1141887903213501, -2.6952221393585205, 19.328330993652344, -3.7369980812072754, 1.4598548412322998], [-1.3646961450576782, -3.7419779300689697, -2.726767063140869, -1.1269346475601196, -1.3899699449539185, -2.3959686756134033, -3.533801555633545, 0.8088892102241516, 7.809001445770264, -1.2515662908554077, 0.3130696713924408, 1.1884281635284424, -0.38835644721984863, 3.0957398414611816, 0.2777148187160492, 7.824232578277588, 3.2932543754577637, 5.1354169845581055, -3.7369980812072754, 18.021507263183594, -12.823569297790527], [1.2215074300765991, 5.133193016052246, 5.798126220703125, -0.39352285861968994, -3.7463152408599854, 1.720158576965332, 7.256814002990723, -3.6275508403778076, -5.871201515197754, 9.098341941833496, -3.8280577659606934, 2.7481439113616943, 2.640291452407837, 0.27841854095458984, -1.8585305213928223, 4.326391220092773, -2.4216575622558594, -7.094897270202637, 1.459855079650879, -12.823568344116211, 43.56224822998047]], "type": "heatmap"}], "layout": {"template": {"data": {"histogram2dcontour": [{"type": "histogram2dcontour", "colorbar": {"outlinewidth": 0, "ticks": ""}, "colorscale": [[0.0, "#0d0887"], [0.1111111111111111, "#46039f"], [0.2222222222222222, "#7201a8"], [0.3333333333333333, "#9c179e"], [0.4444444444444444, "#bd3786"], [0.5555555555555556, "#d8576b"], [0.6666666666666666, "#ed7953"], [0.7777777777777778, "#fb9f3a"], [0.8888888888888888, "#fdca26"], [1.0, "#f0f921"]]}], "choropleth": [{"type": "choropleth", "colorbar": {"outlinewidth": 0, "ticks": ""}}], "histogram2d": [{"type": "histogram2d", "colorbar": {"outlinewidth": 0, "ticks": ""}, "colorscale": [[0.0, "#0d0887"], [0.1111111111111111, "#46039f"], [0.2222222222222222, "#7201a8"], [0.3333333333333333, "#9c179e"], [0.4444444444444444, "#bd3786"], [0.5555555555555556, "#d8576b"], [0.6666666666666666, "#ed7953"], [0.7777777777777778, "#fb9f3a"], [0.8888888888888888, "#fdca26"], [1.0, "#f0f921"]]}], "heatmap": [{"type": "heatmap", "colorbar": {"outlinewidth": 0, "ticks": ""}, "colorscale": [[0.0, "#0d0887"], [0.1111111111111111, "#46039f"], [0.2222222222222222, "#7201a8"], [0.3333333333333333, "#9c179e"], [0.4444444444444444, "#bd3786"], [0.5555555555555556, "#d8576b"], [0.6666666666666666, "#ed7953"], [0.7777777777777778, "#fb9f3a"], [0.8888888888888888, "#fdca26"], [1.0, "#f0f921"]]}], "heatmapgl": [{"type": "heatmapgl", "colorbar": {"outlinewidth": 0, "ticks": ""}, "colorscale": [[0.0, "#0d0887"], [0.1111111111111111, "#46039f"], [0.2222222222222222, "#7201a8"], [0.3333333333333333, "#9c179e"], [0.4444444444444444, "#bd3786"], [0.5555555555555556, "#d8576b"], [0.6666666666666666, "#ed7953"], [0.7777777777777778, "#fb9f3a"], [0.8888888888888888, "#fdca26"], [1.0, "#f0f921"]]}], "contourcarpet": [{"type": "contourcarpet", "colorbar": {"outlinewidth": 0, "ticks": ""}}], "contour": [{"type": "contour", "colorbar": {"outlinewidth": 0, "ticks": ""}, "colorscale": [[0.0, "#0d0887"], [0.1111111111111111, "#46039f"], [0.2222222222222222, "#7201a8"], [0.3333333333333333, "#9c179e"], [0.4444444444444444, "#bd3786"], [0.5555555555555556, "#d8576b"], [0.6666666666666666, "#ed7953"], [0.7777777777777778, "#fb9f3a"], [0.8888888888888888, "#fdca26"], [1.0, "#f0f921"]]}], "surface": [{"type": "surface", "colorbar": {"outlinewidth": 0, "ticks": ""}, "colorscale": [[0.0, "#0d0887"], [0.1111111111111111, "#46039f"], [0.2222222222222222, "#7201a8"], [0.3333333333333333, "#9c179e"], [0.4444444444444444, "#bd3786"], [0.5555555555555556, "#d8576b"], [0.6666666666666666, "#ed7953"], [0.7777777777777778, "#fb9f3a"], [0.8888888888888888, "#fdca26"], [1.0, "#f0f921"]]}], "mesh3d": [{"type": "mesh3d", "colorbar": {"outlinewidth": 0, "ticks": ""}}], "scatter": [{"fillpattern": {"fillmode": "overlay", "size": 10, "solidity": 0.2}, "type": "scatter"}], "parcoords": [{"type": "parcoords", "line": {"colorbar": {"outlinewidth": 0, "ticks": ""}}}], "scatterpolargl": [{"type": "scatterpolargl", "marker": {"colorbar": {"outlinewidth": 0, "ticks": ""}}}], "bar": [{"error_x": {"color": "#2a3f5f"}, "error_y": {"color": "#2a3f5f"}, "marker": {"line": {"color": "#E5ECF6", "width": 0.5}, "pattern": {"fillmode": "overlay", "size": 10, "solidity": 0.2}}, "type": "bar"}], "scattergeo": [{"type": "scattergeo", "marker": {"colorbar": {"outlinewidth": 0, "ticks": ""}}}], "scatterpolar": [{"type": "scatterpolar", "marker": {"colorbar": {"outlinewidth": 0, "ticks": ""}}}], "histogram": [{"marker": {"pattern": {"fillmode": "overlay", "size": 10, "solidity": 0.2}}, "type": "histogram"}], "scattergl": [{"type": "scattergl", "marker": {"colorbar": {"outlinewidth": 0, "ticks": ""}}}], "scatter3d": [{"type": "scatter3d", "line": {"colorbar": {"outlinewidth": 0, "ticks": ""}}, "marker": {"colorbar": {"outlinewidth": 0, "ticks": ""}}}], "scattermapbox": [{"type": "scattermapbox", "marker": {"colorbar": {"outlinewidth": 0, "ticks": ""}}}], "scatterternary": [{"type": "scatterternary", "marker": {"colorbar": {"outlinewidth": 0, "ticks": ""}}}], "scattercarpet": [{"type": "scattercarpet", "marker": {"colorbar": {"outlinewidth": 0, "ticks": ""}}}], "carpet": [{"aaxis": {"endlinecolor": "#2a3f5f", "gridcolor": "white", "linecolor": "white", "minorgridcolor": "white", "startlinecolor": "#2a3f5f"}, "baxis": {"endlinecolor": "#2a3f5f", "gridcolor": "white", "linecolor": "white", "minorgridcolor": "white", "startlinecolor": "#2a3f5f"}, "type": "carpet"}], "table": [{"cells": {"fill": {"color": "#EBF0F8"}, "line": {"color": "white"}}, "header": {"fill": {"color": "#C8D4E3"}, "line": {"color": "white"}}, "type": "table"}], "barpolar": [{"marker": {"line": {"color": "#E5ECF6", "width": 0.5}, "pattern": {"fillmode": "overlay", "size": 10, "solidity": 0.2}}, "type": "barpolar"}], "pie": [{"automargin": true, "type": "pie"}]}, "layout": {"autotypenumbers": "strict", "colorway": ["#636efa", "#EF553B", "#00cc96", "#ab63fa", "#FFA15A", "#19d3f3", "#FF6692", "#B6E880", "#FF97FF", "#FECB52"], "font": {"color": "#2a3f5f"}, "hovermode": "closest", "hoverlabel": {"align": "left"}, "paper_bgcolor": "white", "plot_bgcolor": "#E5ECF6", "polar": {"bgcolor": "#E5ECF6", "angularaxis": {"gridcolor": "white", "linecolor": "white", "ticks": ""}, "radialaxis": {"gridcolor": "white", "linecolor": "white", "ticks": ""}}, "ternary": {"bgcolor": "#E5ECF6", "aaxis": {"gridcolor": "white", "linecolor": "white", "ticks": ""}, "baxis": {"gridcolor": "white", "linecolor": "white", "ticks": ""}, "caxis": {"gridcolor": "white", "linecolor": "white", "ticks": ""}}, "coloraxis": {"colorbar": {"outlinewidth": 0, "ticks": ""}}, "colorscale": {"sequential": [[0.0, "#0d0887"], [0.1111111111111111, "#46039f"], [0.2222222222222222, "#7201a8"], [0.3333333333333333, "#9c179e"], [0.4444444444444444, "#bd3786"], [0.5555555555555556, "#d8576b"], [0.6666666666666666, "#ed7953"], [0.7777777777777778, "#fb9f3a"], [0.8888888888888888, "#fdca26"], [1.0, "#f0f921"]], "sequentialminus": [[0.0, "#0d0887"], [0.1111111111111111, "#46039f"], [0.2222222222222222, "#7201a8"], [0.3333333333333333, "#9c179e"], [0.4444444444444444, "#bd3786"], [0.5555555555555556, "#d8576b"], [0.6666666666666666, "#ed7953"], [0.7777777777777778, "#fb9f3a"], [0.8888888888888888, "#fdca26"], [1.0, "#f0f921"]], "diverging": [[0, "#8e0152"], [0.1, "#c51b7d"], [0.2, "#de77ae"], [0.3, "#f1b6da"], [0.4, "#fde0ef"], [0.5, "#f7f7f7"], [0.6, "#e6f5d0"], [0.7, "#b8e186"], [0.8, "#7fbc41"], [0.9, "#4d9221"], [1, "#276419"]]}, "xaxis": {"gridcolor": "white", "linecolor": "white", "ticks": "", "title": {"standoff": 15}, "zerolinecolor": "white", "automargin": true, "zerolinewidth": 2}, "yaxis": {"gridcolor": "white", "linecolor": "white", "ticks": "", "title": {"standoff": 15}, "zerolinecolor": "white", "automargin": true, "zerolinewidth": 2}, "scene": {"xaxis": {"backgroundcolor": "#E5ECF6", "gridcolor": "white", "linecolor": "white", "showbackground": true, "ticks": "", "zerolinecolor": "white", "gridwidth": 2}, "yaxis": {"backgroundcolor": "#E5ECF6", "gridcolor": "white", "linecolor": "white", "showbackground": true, "ticks": "", "zerolinecolor": "white", "gridwidth": 2}, "zaxis": {"backgroundcolor": "#E5ECF6", "gridcolor": "white", "linecolor": "white", "showbackground": true, "ticks": "", "zerolinecolor": "white", "gridwidth": 2}}, "shapedefaults": {"line": {"color": "#2a3f5f"}}, "annotationdefaults": {"arrowcolor": "#2a3f5f", "arrowhead": 0, "arrowwidth": 1}, "geo": {"bgcolor": "white", "landcolor": "#E5ECF6", "subunitcolor": "white", "showland": true, "showlakes": true, "lakecolor": "white"}, "title": {"x": 0.05}, "mapbox": {"style": "light"}}}}}