{"data": [{"z": [[12.004802703857422, 2.149946928024292, 2.822782516479492, -0.6674814820289612, 2.0191686153411865, 2.3207926750183105, 1.504624605178833, 1.9114376306533813, 0.21204157173633575, -2.2345266342163086, 4.967678070068359, -2.485645294189453, 3.51818585395813, -2.6444649696350098, 0.4133816957473755, -0.25887078046798706, 2.147047996520996, 3.268240451812744, 2.999445915222168, 0.5407348275184631, 0.5370281934738159], [2.149946928024292, 24.814966201782227, -0.005806058645248413, 4.315303325653076, -0.44582512974739075, 7.151448726654053, 2.274012804031372, 1.0435659885406494, -3.091670513153076, 3.5349717140197754, -6.701475143432617, -1.446393370628357, 0.7080225348472595, -2.4898343086242676, 2.094453811645508, 0.05374745652079582, 6.603493690490723, 4.331007480621338, 3.1891884803771973, -2.285203695297241, 4.555535316467285], [2.822782516479492, -0.005806058645248413, 23.269054412841797, 2.586642265319824, 5.88999080657959, 3.5901622772216797, 2.228602886199951, 2.489161729812622, -2.64001202583313, 5.612710475921631, 2.5290639400482178, -1.9232405424118042, -0.04768388345837593, -5.3179030418396, -2.7553420066833496, -3.1807475090026855, 0.7685731649398804, 1.8997595310211182, 1.3555934429168701, -1.0867903232574463, 4.152253150939941], [-0.6674814820289612, 4.315303325653076, 2.586642265319824, 9.211564064025879, 1.7188383340835571, 4.523961544036865, 3.7213544845581055, 3.4028916358947754, -1.295168399810791, 2.529149055480957, -2.804212808609009, 1.986121416091919, 3.4494752883911133, 0.5629870295524597, 0.4337758719921112, -0.24270334839820862, 0.5933715105056763, 3.241168260574341, 1.5616517066955566, 0.03780949115753174, -0.6267019510269165], [2.0191686153411865, -0.44582512974739075, 5.88999080657959, 1.7188383340835571, 18.081626892089844, -0.5833236575126648, 2.351590633392334, 3.1867101192474365, -4.015313148498535, 7.492679119110107, 0.8064357042312622, 1.0804287195205688, -2.3959720134735107, 4.756058692932129, 4.5784010887146, -4.737882137298584, -0.056424856185913086, 3.2269070148468018, 1.1824268102645874, -0.5017821788787842, -2.8842990398406982], [2.3207926750183105, 7.151448726654053, 3.5901622772216797, 4.523961544036865, -0.5833236575126648, 15.327457427978516, 0.6513628363609314, 0.7831308245658875, -3.5472047328948975, 1.834368348121643, -2.753286838531494, -0.794887125492096, 6.056750297546387, -3.705742120742798, -1.1371607780456543, 1.086100459098816, 2.8075191974639893, -1.3621665239334106, 6.919578552246094, -1.005583643913269, 1.4660065174102783], [1.504624605178833, 2.274012804031372, 2.228602886199951, 3.7213544845581055, 2.351590633392334, 0.6513628363609314, 11.958626747131348, 4.508373737335205, -0.22511394321918488, 0.9581550359725952, -2.33598256111145, 3.685131311416626, -0.8350549936294556, 3.647371292114258, 0.09594781696796417, -1.9857594966888428, -0.6358137130737305, 3.0422558784484863, 2.85322904586792, -1.824556827545166, 5.749661922454834], [1.9114376306533813, 1.0435659885406494, 2.489161729812622, 3.4028916358947754, 3.1867101192474365, 0.7831308245658875, 4.508373737335205, 19.580211639404297, -1.8672053813934326, 2.8625142574310303, 0.15296216309070587, -1.5170130729675293, 0.8928651809692383, -1.389418601989746, -3.0449376106262207, -2.350433349609375, -1.9799808263778687, 2.9737913608551025, 1.4942889213562012, 1.0922257900238037, -3.286987066268921], [0.21204157173633575, -3.091670513153076, -2.64001202583313, -1.295168399810791, -4.015313148498535, -3.5472047328948975, -0.22511394321918488, -1.8672053813934326, 29.053348541259766, -1.8524563312530518, 9.605148315429688, 2.647602081298828, 0.3649692237377167, 3.899446964263916, -5.016295909881592, 4.710006237030029, 1.2104454040527344, -1.5823240280151367, 2.4473190307617188, 6.683737277984619, -5.137710094451904], [-2.2345266342163086, 3.5349717140197754, 5.612710475921631, 2.529149055480957, 7.492679119110107, 1.834368348121643, 0.9581550359725952, 2.8625142574310303, -1.8524563312530518, 21.450790405273438, -2.0158276557922363, -0.19951079785823822, -2.4412946701049805, 5.384804725646973, 3.633727550506592, 0.6766723990440369, -1.1890777349472046, 0.9047751426696777, 4.785168647766113, -0.7736912369728088, 7.895086765289307], [4.967678070068359, -6.701475143432617, 2.5290639400482178, -2.804212808609009, 0.8064357042312622, -2.753286838531494, -2.33598256111145, 0.15296216309070587, 9.605148315429688, -2.0158276557922363, 15.8597412109375, -1.6141386032104492, 1.1818310022354126, -1.4154365062713623, -0.5421838760375977, 0.844745397567749, 1.3984273672103882, -0.027794241905212402, 1.6566355228424072, 1.6946871280670166, -3.433649778366089], [-2.485645294189453, -1.446393370628357, -1.9232405424118042, 1.986121416091919, 1.0804287195205688, -0.794887125492096, 3.685131311416626, -1.5170130729675293, 2.647602081298828, -0.19951079785823822, -1.6141386032104492, 23.910192489624023, 5.541262149810791, 8.601685523986816, 0.8639471530914307, 1.317307472229004, -3.5294461250305176, -2.133950710296631, -0.5264402627944946, 1.914873480796814, 2.061168670654297], [3.51818585395813, 0.7080225348472595, -0.04768388345837593, 3.4494752883911133, -2.3959720134735107, 6.056750297546387, -0.8350549936294556, 0.8928651809692383, 0.3649692237377167, -2.4412946701049805, 1.1818310022354126, 5.541262149810791, 18.831789016723633, -1.8669328689575195, -8.24255084991455, 2.2749743461608887, 1.5074806213378906, -3.2256438732147217, -1.5271209478378296, 1.1585149765014648, 1.5304615497589111], [-2.6444649696350098, -2.4898343086242676, -5.3179030418396, 0.5629870295524597, 4.756058692932129, -3.705742120742798, 3.647371292114258, -1.389418601989746, 3.899446964263916, 5.384804725646973, -1.4154365062713623, 8.601685523986816, -1.8669328689575195, 20.437368392944336, 10.03606128692627, -0.2706110179424286, 0.05619347095489502, 1.1134892702102661, 0.1127622127532959, 3.2472922801971436, 0.04247519373893738], [0.4133816957473755, 2.094453811645508, -2.7553420066833496, 0.4337758719921112, 4.5784010887146, -1.1371607780456543, 0.09594781696796417, -3.0449376106262207, -5.016295909881592, 3.633727550506592, -0.5421838760375977, 0.8639471530914307, -8.24255084991455, 10.03606128692627, 22.700109481811523, -0.6359241008758545, 3.9283909797668457, 3.028952121734619, 0.699127197265625, 0.7478764057159424, -1.7448382377624512], [-0.25887078046798706, 0.05374745652079582, -3.1807475090026855, -0.24270334839820862, -4.737882137298584, 1.086100459098816, -1.9857594966888428, -2.350433349609375, 4.710006237030029, 0.6766723990440369, 0.844745397567749, 1.317307472229004, 2.2749743461608887, -0.2706110179424286, -0.6359241008758545, 14.630237579345703, 5.849740982055664, 1.9610116481781006, 1.2333405017852783, 6.085224151611328, 4.133460521697998], [2.147048234939575, 6.6034932136535645, 0.768572986125946, 0.5933710336685181, -0.05642445757985115, 2.8075191974639893, -0.6358137726783752, -1.9799808263778687, 1.2104452848434448, -1.189077377319336, 1.3984274864196777, -3.5294463634490967, 1.507480502128601, 0.05619344860315323, 3.928391456604004, 5.849740982055664, 17.256668090820312, 1.016287088394165, 1.0400866270065308, 3.286435127258301, -2.1566672325134277], [3.268240451812744, 4.331007480621338, 1.89975905418396, 3.24116849899292, 3.2269065380096436, -1.362166404724121, 3.0422561168670654, 2.9737911224365234, -1.5823240280151367, 0.9047753214836121, -0.027794456109404564, -2.1339499950408936, -3.2256433963775635, 1.1134891510009766, 3.028952121734619, 1.9610117673873901, 1.016287088394165, 11.723932266235352, -0.8132964372634888, 3.9039454460144043, -6.209156036376953], [2.999445915222168, 3.1891887187957764, 1.3555933237075806, 1.5616519451141357, 1.1824266910552979, 6.9195780754089355, 2.85322904586792, 1.4942893981933594, 2.447319269180298, 4.785168170928955, 1.6566352844238281, -0.5264403820037842, -1.5271210670471191, 0.11276201903820038, 0.6991273760795593, 1.2333406209945679, 1.0400866270065308, -0.8132964372634888, 14.119041442871094, -2.08738112449646, 1.6442283391952515], [0.5407348871231079, -2.285203695297241, -1.0867905616760254, 0.03780951723456383, -0.5017821192741394, -1.0055837631225586, -1.8245567083358765, 1.0922256708145142, 6.683737277984619, -0.7736912965774536, 1.6946868896484375, 1.9148730039596558, 1.1585147380828857, 3.2472927570343018, 0.7478764653205872, 6.085224628448486, 3.286435127258301, 3.9039454460144043, -2.08738112449646, 14.374899864196777, -10.748743057250977], [0.5370283126831055, 4.555534839630127, 4.152253150939941, -0.6267021894454956, -2.8842992782592773, 1.4660065174102783, 5.749661922454834, -3.2869863510131836, -5.13770866394043, 7.895086765289307, -3.433650016784668, 2.0611681938171387, 1.5304617881774902, 0.042475223541259766, -1.7448375225067139, 4.13346004486084, -2.1566667556762695, -6.209156513214111, 1.6442279815673828, -10.748743057250977, 43.56224822998047]], "type": "heatmap"}], "layout": {"template": {"data": {"histogram2dcontour": [{"type": "histogram2dcontour", "colorbar": {"outlinewidth": 0, "ticks": ""}, "colorscale": [[0.0, "#0d0887"], [0.1111111111111111, "#46039f"], [0.2222222222222222, "#7201a8"], [0.3333333333333333, "#9c179e"], [0.4444444444444444, "#bd3786"], [0.5555555555555556, "#d8576b"], [0.6666666666666666, "#ed7953"], [0.7777777777777778, "#fb9f3a"], [0.8888888888888888, "#fdca26"], [1.0, "#f0f921"]]}], "choropleth": [{"type": "choropleth", "colorbar": {"outlinewidth": 0, "ticks": ""}}], "histogram2d": [{"type": "histogram2d", "colorbar": {"outlinewidth": 0, "ticks": ""}, "colorscale": [[0.0, "#0d0887"], [0.1111111111111111, "#46039f"], [0.2222222222222222, "#7201a8"], [0.3333333333333333, "#9c179e"], [0.4444444444444444, "#bd3786"], [0.5555555555555556, "#d8576b"], [0.6666666666666666, "#ed7953"], [0.7777777777777778, "#fb9f3a"], [0.8888888888888888, "#fdca26"], [1.0, "#f0f921"]]}], "heatmap": [{"type": "heatmap", "colorbar": {"outlinewidth": 0, "ticks": ""}, "colorscale": [[0.0, "#0d0887"], [0.1111111111111111, "#46039f"], [0.2222222222222222, "#7201a8"], [0.3333333333333333, "#9c179e"], [0.4444444444444444, "#bd3786"], [0.5555555555555556, "#d8576b"], [0.6666666666666666, "#ed7953"], [0.7777777777777778, "#fb9f3a"], [0.8888888888888888, "#fdca26"], [1.0, "#f0f921"]]}], "heatmapgl": [{"type": "heatmapgl", "colorbar": {"outlinewidth": 0, "ticks": ""}, "colorscale": [[0.0, "#0d0887"], [0.1111111111111111, "#46039f"], [0.2222222222222222, "#7201a8"], [0.3333333333333333, "#9c179e"], [0.4444444444444444, "#bd3786"], [0.5555555555555556, "#d8576b"], [0.6666666666666666, "#ed7953"], [0.7777777777777778, "#fb9f3a"], [0.8888888888888888, "#fdca26"], [1.0, "#f0f921"]]}], "contourcarpet": [{"type": "contourcarpet", "colorbar": {"outlinewidth": 0, "ticks": ""}}], "contour": [{"type": "contour", "colorbar": {"outlinewidth": 0, "ticks": ""}, "colorscale": [[0.0, "#0d0887"], [0.1111111111111111, "#46039f"], [0.2222222222222222, "#7201a8"], [0.3333333333333333, "#9c179e"], [0.4444444444444444, "#bd3786"], [0.5555555555555556, "#d8576b"], [0.6666666666666666, "#ed7953"], [0.7777777777777778, "#fb9f3a"], [0.8888888888888888, "#fdca26"], [1.0, "#f0f921"]]}], "surface": [{"type": "surface", "colorbar": {"outlinewidth": 0, "ticks": ""}, "colorscale": [[0.0, "#0d0887"], [0.1111111111111111, "#46039f"], [0.2222222222222222, "#7201a8"], [0.3333333333333333, "#9c179e"], [0.4444444444444444, "#bd3786"], [0.5555555555555556, "#d8576b"], [0.6666666666666666, "#ed7953"], [0.7777777777777778, "#fb9f3a"], [0.8888888888888888, "#fdca26"], [1.0, "#f0f921"]]}], "mesh3d": [{"type": "mesh3d", "colorbar": {"outlinewidth": 0, "ticks": ""}}], "scatter": [{"fillpattern": {"fillmode": "overlay", "size": 10, "solidity": 0.2}, "type": "scatter"}], "parcoords": [{"type": "parcoords", "line": {"colorbar": {"outlinewidth": 0, "ticks": ""}}}], "scatterpolargl": [{"type": "scatterpolargl", "marker": {"colorbar": {"outlinewidth": 0, "ticks": ""}}}], "bar": [{"error_x": {"color": "#2a3f5f"}, "error_y": {"color": "#2a3f5f"}, "marker": {"line": {"color": "#E5ECF6", "width": 0.5}, "pattern": {"fillmode": "overlay", "size": 10, "solidity": 0.2}}, "type": "bar"}], "scattergeo": [{"type": "scattergeo", "marker": {"colorbar": {"outlinewidth": 0, "ticks": ""}}}], "scatterpolar": [{"type": "scatterpolar", "marker": {"colorbar": {"outlinewidth": 0, "ticks": ""}}}], "histogram": [{"marker": {"pattern": {"fillmode": "overlay", "size": 10, "solidity": 0.2}}, "type": "histogram"}], "scattergl": [{"type": "scattergl", "marker": {"colorbar": {"outlinewidth": 0, "ticks": ""}}}], "scatter3d": [{"type": "scatter3d", "line": {"colorbar": {"outlinewidth": 0, "ticks": ""}}, "marker": {"colorbar": {"outlinewidth": 0, "ticks": ""}}}], "scattermapbox": [{"type": "scattermapbox", "marker": {"colorbar": {"outlinewidth": 0, "ticks": ""}}}], "scatterternary": [{"type": "scatterternary", "marker": {"colorbar": {"outlinewidth": 0, "ticks": ""}}}], "scattercarpet": [{"type": "scattercarpet", "marker": {"colorbar": {"outlinewidth": 0, "ticks": ""}}}], "carpet": [{"aaxis": {"endlinecolor": "#2a3f5f", "gridcolor": "white", "linecolor": "white", "minorgridcolor": "white", "startlinecolor": "#2a3f5f"}, "baxis": {"endlinecolor": "#2a3f5f", "gridcolor": "white", "linecolor": "white", "minorgridcolor": "white", "startlinecolor": "#2a3f5f"}, "type": "carpet"}], "table": [{"cells": {"fill": {"color": "#EBF0F8"}, "line": {"color": "white"}}, "header": {"fill": {"color": "#C8D4E3"}, "line": {"color": "white"}}, "type": "table"}], "barpolar": [{"marker": {"line": {"color": "#E5ECF6", "width": 0.5}, "pattern": {"fillmode": "overlay", "size": 10, "solidity": 0.2}}, "type": "barpolar"}], "pie": [{"automargin": true, "type": "pie"}]}, "layout": {"autotypenumbers": "strict", "colorway": ["#636efa", "#EF553B", "#00cc96", "#ab63fa", "#FFA15A", "#19d3f3", "#FF6692", "#B6E880", "#FF97FF", "#FECB52"], "font": {"color": "#2a3f5f"}, "hovermode": "closest", "hoverlabel": {"align": "left"}, "paper_bgcolor": "white", "plot_bgcolor": "#E5ECF6", "polar": {"bgcolor": "#E5ECF6", "angularaxis": {"gridcolor": "white", "linecolor": "white", "ticks": ""}, "radialaxis": {"gridcolor": "white", "linecolor": "white", "ticks": ""}}, "ternary": {"bgcolor": "#E5ECF6", "aaxis": {"gridcolor": "white", "linecolor": "white", "ticks": ""}, "baxis": {"gridcolor": "white", "linecolor": "white", "ticks": ""}, "caxis": {"gridcolor": "white", "linecolor": "white", "ticks": ""}}, "coloraxis": {"colorbar": {"outlinewidth": 0, "ticks": ""}}, "colorscale": {"sequential": [[0.0, "#0d0887"], [0.1111111111111111, "#46039f"], [0.2222222222222222, "#7201a8"], [0.3333333333333333, "#9c179e"], [0.4444444444444444, "#bd3786"], [0.5555555555555556, "#d8576b"], [0.6666666666666666, "#ed7953"], [0.7777777777777778, "#fb9f3a"], [0.8888888888888888, "#fdca26"], [1.0, "#f0f921"]], "sequentialminus": [[0.0, "#0d0887"], [0.1111111111111111, "#46039f"], [0.2222222222222222, "#7201a8"], [0.3333333333333333, "#9c179e"], [0.4444444444444444, "#bd3786"], [0.5555555555555556, "#d8576b"], [0.6666666666666666, "#ed7953"], [0.7777777777777778, "#fb9f3a"], [0.8888888888888888, "#fdca26"], [1.0, "#f0f921"]], "diverging": [[0, "#8e0152"], [0.1, "#c51b7d"], [0.2, "#de77ae"], [0.3, "#f1b6da"], [0.4, "#fde0ef"], [0.5, "#f7f7f7"], [0.6, "#e6f5d0"], [0.7, "#b8e186"], [0.8, "#7fbc41"], [0.9, "#4d9221"], [1, "#276419"]]}, "xaxis": {"gridcolor": "white", "linecolor": "white", "ticks": "", "title": {"standoff": 15}, "zerolinecolor": "white", "automargin": true, "zerolinewidth": 2}, "yaxis": {"gridcolor": "white", "linecolor": "white", "ticks": "", "title": {"standoff": 15}, "zerolinecolor": "white", "automargin": true, "zerolinewidth": 2}, "scene": {"xaxis": {"backgroundcolor": "#E5ECF6", "gridcolor": "white", "linecolor": "white", "showbackground": true, "ticks": "", "zerolinecolor": "white", "gridwidth": 2}, "yaxis": {"backgroundcolor": "#E5ECF6", "gridcolor": "white", "linecolor": "white", "showbackground": true, "ticks": "", "zerolinecolor": "white", "gridwidth": 2}, "zaxis": {"backgroundcolor": "#E5ECF6", "gridcolor": "white", "linecolor": "white", "showbackground": true, "ticks": "", "zerolinecolor": "white", "gridwidth": 2}}, "shapedefaults": {"line": {"color": "#2a3f5f"}}, "annotationdefaults": {"arrowcolor": "#2a3f5f", "arrowhead": 0, "arrowwidth": 1}, "geo": {"bgcolor": "white", "landcolor": "#E5ECF6", "subunitcolor": "white", "showland": true, "showlakes": true, "lakecolor": "white"}, "title": {"x": 0.05}, "mapbox": {"style": "light"}}}}}