{"data": [{"z": [[16.1097354888916, 7.511106967926025, 2.003847360610962, -2.735766649246216, -1.7972015142440796, -2.34720778465271, 2.85412859916687, -12.506753921508789, -0.8517200946807861, -4.701691150665283, 3.927637815475464, -2.5595462322235107, -1.8884152173995972, 8.53691291809082, -2.659644365310669, -0.7714756727218628, 3.5753259658813477, 1.065761685371399, 1.9188117980957031, 7.969372272491455, 6.3500213623046875], [7.511106967926025, 16.091276168823242, 0.9289140701293945, -6.7483601570129395, -1.3114005327224731, -3.5178658962249756, -1.4635363817214966, -3.442685604095459, -4.326160907745361, 4.640635967254639, 0.8849210143089294, -5.662384510040283, -2.290404796600342, 0.8462322354316711, 2.343613386154175, -5.334293365478516, 3.6248881816864014, -0.11600852012634277, 0.11707897484302521, 5.375797748565674, -1.2168614864349365], [2.003847360610962, 0.9289140701293945, 15.693092346191406, 4.155394554138184, 3.5820109844207764, 0.4284055829048157, 1.4799017906188965, 2.0043084621429443, 1.5525702238082886, 4.598703384399414, 6.32750129699707, 4.377397537231445, -2.351989984512329, 4.288503646850586, 5.949331760406494, 0.14241145551204681, -1.967719316482544, 3.8608815670013428, -2.672375202178955, -0.2397369146347046, 1.6855100393295288], [-2.735766649246216, -6.7483601570129395, 4.155394554138184, 17.703914642333984, 5.666903495788574, 0.0033593273255974054, -1.1824915409088135, 1.4043006896972656, -1.6184954643249512, 1.9487768411636353, -1.394476056098938, 3.506129503250122, -2.419276475906372, -3.5298726558685303, 10.179966926574707, 0.7061249017715454, -1.7372848987579346, 3.83320689201355, 4.953611850738525, -4.887519359588623, 5.383563995361328], [-1.7972015142440796, -1.3114005327224731, 3.5820109844207764, 5.666903495788574, 20.793716430664062, -3.4337992668151855, -1.080671787261963, 0.3945382535457611, -0.6698813438415527, 1.401593565940857, -0.994590699672699, 3.1109061241149902, 3.1449170112609863, 0.7532123923301697, 6.075301170349121, 1.6089006662368774, -1.6224901676177979, 4.04578971862793, -2.528203010559082, 2.325246810913086, 6.003668308258057], [-2.34720778465271, -3.5178658962249756, 0.4284055829048157, 0.0033593273255974054, -3.4337992668151855, 17.44097137451172, -0.40411415696144104, 6.777207851409912, 1.094091534614563, 4.953586101531982, -0.2265261560678482, 1.8808743953704834, 1.1358662843704224, 1.3009365797042847, -5.607540607452393, 6.087957859039307, -1.7785441875457764, 2.1978883743286133, -5.556646823883057, -7.088613510131836, -1.2996394634246826], [2.85412859916687, -1.4635363817214966, 1.4799017906188965, -1.1824915409088135, -1.080671787261963, -0.40411415696144104, 13.494410514831543, 1.5137797594070435, 4.380934715270996, -9.976408004760742, 1.7928518056869507, 1.7299383878707886, -5.2791876792907715, -3.150421142578125, -3.6258115768432617, 0.5263915657997131, 0.19410628080368042, -0.1201009750366211, -1.9058786630630493, 8.074623107910156, -0.012198209762573242], [-12.506753921508789, -3.442685604095459, 2.0043084621429443, 1.4043006896972656, 0.3945382535457611, 6.777207851409912, 1.5137797594070435, 17.075654983520508, 2.634772539138794, 7.975996017456055, -3.0696072578430176, 2.9729554653167725, -1.4977562427520752, -8.085939407348633, 3.364164352416992, 1.1273860931396484, -0.8763586282730103, -0.4909011125564575, -3.773365020751953, -4.9779253005981445, -7.690822124481201], [-0.8517200946807861, -4.326160907745361, 1.5525702238082886, -1.6184954643249512, -0.6698813438415527, 1.094091534614563, 4.380934715270996, 2.634772539138794, 13.56553840637207, -9.484440803527832, -2.340421676635742, 9.291414260864258, 1.6451661586761475, 1.4227252006530762, 1.2859395742416382, 2.123034954071045, 2.1418817043304443, -3.837484836578369, -1.3561331033706665, -0.0025358200073242188, -3.0760693550109863], [-4.701691150665283, 4.640635967254639, 4.598703384399414, 1.9487768411636353, 1.401593565940857, 4.953586101531982, -9.976408004760742, 7.975996017456055, -9.484440803527832, 27.098493576049805, 1.841770887374878, -3.9638330936431885, 2.1306838989257812, 1.5125826597213745, 5.2239603996276855, 1.6990214586257935, 3.0460715293884277, 2.2923507690429688, 1.4007151126861572, -3.1139378547668457, -3.9182076454162598], [3.927637815475464, 0.8849210143089294, 6.32750129699707, -1.394476056098938, -0.994590699672699, -0.2265261560678482, 1.7928518056869507, -3.0696072578430176, -2.340421676635742, 1.841770887374878, 15.035179138183594, -3.302786111831665, 2.117260456085205, 10.04616641998291, -0.8264627456665039, 4.1202898025512695, -1.3607646226882935, 8.574163436889648, 0.845609188079834, 0.027818679809570312, 0.04822397232055664], [-2.5595462322235107, -5.662384510040283, 4.377397537231445, 3.506129503250122, 3.1109061241149902, 1.8808743953704834, 1.7299383878707886, 2.9729554653167725, 9.291414260864258, -3.9638330936431885, -3.302786111831665, 16.067087173461914, 2.3329484462738037, -3.779167652130127, 2.0138723850250244, 2.086010456085205, 0.08025169372558594, -7.796823978424072, -2.1987273693084717, 0.6461153030395508, -0.9842522144317627], [-1.8884152173995972, -2.290404796600342, -2.351989984512329, -2.419276475906372, 3.1449170112609863, 1.1358662843704224, -5.2791876792907715, -1.4977562427520752, 1.6451661586761475, 2.1306838989257812, 2.117260456085205, 2.3329484462738037, 12.130088806152344, 5.802865505218506, -2.66666316986084, 5.442270278930664, 1.091662883758545, 2.8379244804382324, 2.670546531677246, -2.7543439865112305, 0.340728759765625], [8.53691291809082, 0.8462322354316711, 4.288503646850586, -3.5298726558685303, 0.7532123923301697, 1.3009365797042847, -3.150421142578125, -8.085939407348633, 1.4227252006530762, 1.5125826597213745, 10.04616641998291, -3.779167652130127, 5.802865505218506, 19.516176223754883, -2.431424379348755, 4.446217060089111, 2.536214828491211, 9.223929405212402, 3.596447229385376, -0.6287144422531128, 2.2820308208465576], [-2.659644365310669, 2.343613386154175, 5.949331760406494, 10.179966926574707, 6.075301170349121, -5.607540607452393, -3.6258115768432617, 3.364164352416992, 1.2859395742416382, 5.2239603996276855, -0.8264627456665039, 2.0138723850250244, -2.66666316986084, -2.431424379348755, 16.010021209716797, -2.444861888885498, 1.691586971282959, 1.7868386507034302, 3.6378097534179688, -3.883121967315674, 0.24630451202392578], [-0.7714756727218628, -5.334293365478516, 0.14241145551204681, 0.7061249017715454, 1.6089006662368774, 6.087957859039307, 0.5263915657997131, 1.1273860931396484, 2.123034954071045, 1.6990214586257935, 4.1202898025512695, 2.086010456085205, 5.442270278930664, 4.446217060089111, -2.444861888885498, 7.87146520614624, 0.32940852642059326, 3.976677179336548, 0.10708701610565186, -3.4838266372680664, 1.5857648849487305], [3.5753259658813477, 3.6248879432678223, -1.9677190780639648, -1.737284779548645, -1.6224899291992188, -1.778544306755066, 0.19410622119903564, -0.8763585090637207, 2.1418817043304443, 3.046071767807007, -1.3607643842697144, 0.08025151491165161, 1.091662883758545, 2.536214590072632, 1.6915867328643799, 0.32940852642059326, 7.4155988693237305, -1.55044686794281, 4.051827907562256, 4.747398376464844, -1.8302850723266602], [1.065761923789978, -0.11600859463214874, 3.860881805419922, 3.833207368850708, 4.045790195465088, 2.1978883743286133, -0.12010055780410767, -0.49090105295181274, -3.837484836578369, 2.2923505306243896, 8.574163436889648, -7.796823978424072, 2.8379247188568115, 9.223929405212402, 1.7868388891220093, 3.976677179336548, -1.55044686794281, 15.876009941101074, 4.791830062866211, -6.725278854370117, 4.642392635345459], [1.9188119173049927, 0.11707890033721924, -2.672375440597534, 4.953611373901367, -2.528203010559082, -5.55664587020874, -1.9058787822723389, -3.773365020751953, -1.3561334609985352, 1.4007151126861572, 0.8456088304519653, -2.1987271308898926, 2.6705470085144043, 3.5964467525482178, 3.6378095149993896, 0.10708701610565186, 4.051827907562256, 4.791830062866211, 12.910436630249023, -2.2181143760681152, 1.9810338020324707], [7.969372272491455, 5.375798225402832, -0.2397366315126419, -4.887519359588623, 2.325246810913086, -7.088613986968994, 8.07462215423584, -4.9779253005981445, -0.0025357019621878862, -3.113938808441162, 0.027818281203508377, 0.6461156010627747, -2.7543442249298096, -0.6287146210670471, -3.883122205734253, -3.4838263988494873, 4.747398376464844, -6.725278854370117, -2.2181143760681152, 19.998062133789062, -1.5002189874649048], [6.3500213623046875, -1.2168612480163574, 1.6855099201202393, 5.383563995361328, 6.003668308258057, -1.2996397018432617, -0.012198209762573242, -7.690822124481201, -3.0760693550109863, -3.9182076454162598, 0.04822397232055664, -0.9842521548271179, 0.3407289981842041, 2.2820308208465576, 0.24630463123321533, 1.5857648849487305, -1.8302850723266602, 4.642392635345459, 1.9810338020324707, -1.5002188682556152, 10.956415176391602]], "type": "heatmap"}], "layout": {"template": {"data": {"histogram2dcontour": [{"type": "histogram2dcontour", "colorbar": {"outlinewidth": 0, "ticks": ""}, "colorscale": [[0.0, "#0d0887"], [0.1111111111111111, "#46039f"], [0.2222222222222222, "#7201a8"], [0.3333333333333333, "#9c179e"], [0.4444444444444444, "#bd3786"], [0.5555555555555556, "#d8576b"], [0.6666666666666666, "#ed7953"], [0.7777777777777778, "#fb9f3a"], [0.8888888888888888, "#fdca26"], [1.0, "#f0f921"]]}], "choropleth": [{"type": "choropleth", "colorbar": {"outlinewidth": 0, "ticks": ""}}], "histogram2d": [{"type": "histogram2d", "colorbar": {"outlinewidth": 0, "ticks": ""}, "colorscale": [[0.0, "#0d0887"], [0.1111111111111111, "#46039f"], [0.2222222222222222, "#7201a8"], [0.3333333333333333, "#9c179e"], [0.4444444444444444, "#bd3786"], [0.5555555555555556, "#d8576b"], [0.6666666666666666, "#ed7953"], [0.7777777777777778, "#fb9f3a"], [0.8888888888888888, "#fdca26"], [1.0, "#f0f921"]]}], "heatmap": [{"type": "heatmap", "colorbar": {"outlinewidth": 0, "ticks": ""}, "colorscale": [[0.0, "#0d0887"], [0.1111111111111111, "#46039f"], [0.2222222222222222, "#7201a8"], [0.3333333333333333, "#9c179e"], [0.4444444444444444, "#bd3786"], [0.5555555555555556, "#d8576b"], [0.6666666666666666, "#ed7953"], [0.7777777777777778, "#fb9f3a"], [0.8888888888888888, "#fdca26"], [1.0, "#f0f921"]]}], "heatmapgl": [{"type": "heatmapgl", "colorbar": {"outlinewidth": 0, "ticks": ""}, "colorscale": [[0.0, "#0d0887"], [0.1111111111111111, "#46039f"], [0.2222222222222222, "#7201a8"], [0.3333333333333333, "#9c179e"], [0.4444444444444444, "#bd3786"], [0.5555555555555556, "#d8576b"], [0.6666666666666666, "#ed7953"], [0.7777777777777778, "#fb9f3a"], [0.8888888888888888, "#fdca26"], [1.0, "#f0f921"]]}], "contourcarpet": [{"type": "contourcarpet", "colorbar": {"outlinewidth": 0, "ticks": ""}}], "contour": [{"type": "contour", "colorbar": {"outlinewidth": 0, "ticks": ""}, "colorscale": [[0.0, "#0d0887"], [0.1111111111111111, "#46039f"], [0.2222222222222222, "#7201a8"], [0.3333333333333333, "#9c179e"], [0.4444444444444444, "#bd3786"], [0.5555555555555556, "#d8576b"], [0.6666666666666666, "#ed7953"], [0.7777777777777778, "#fb9f3a"], [0.8888888888888888, "#fdca26"], [1.0, "#f0f921"]]}], "surface": [{"type": "surface", "colorbar": {"outlinewidth": 0, "ticks": ""}, "colorscale": [[0.0, "#0d0887"], [0.1111111111111111, "#46039f"], [0.2222222222222222, "#7201a8"], [0.3333333333333333, "#9c179e"], [0.4444444444444444, "#bd3786"], [0.5555555555555556, "#d8576b"], [0.6666666666666666, "#ed7953"], [0.7777777777777778, "#fb9f3a"], [0.8888888888888888, "#fdca26"], [1.0, "#f0f921"]]}], "mesh3d": [{"type": "mesh3d", "colorbar": {"outlinewidth": 0, "ticks": ""}}], "scatter": [{"fillpattern": {"fillmode": "overlay", "size": 10, "solidity": 0.2}, "type": "scatter"}], "parcoords": [{"type": "parcoords", "line": {"colorbar": {"outlinewidth": 0, "ticks": ""}}}], "scatterpolargl": [{"type": "scatterpolargl", "marker": {"colorbar": {"outlinewidth": 0, "ticks": ""}}}], "bar": [{"error_x": {"color": "#2a3f5f"}, "error_y": {"color": "#2a3f5f"}, "marker": {"line": {"color": "#E5ECF6", "width": 0.5}, "pattern": {"fillmode": "overlay", "size": 10, "solidity": 0.2}}, "type": "bar"}], "scattergeo": [{"type": "scattergeo", "marker": {"colorbar": {"outlinewidth": 0, "ticks": ""}}}], "scatterpolar": [{"type": "scatterpolar", "marker": {"colorbar": {"outlinewidth": 0, "ticks": ""}}}], "histogram": [{"marker": {"pattern": {"fillmode": "overlay", "size": 10, "solidity": 0.2}}, "type": "histogram"}], "scattergl": [{"type": "scattergl", "marker": {"colorbar": {"outlinewidth": 0, "ticks": ""}}}], "scatter3d": [{"type": "scatter3d", "line": {"colorbar": {"outlinewidth": 0, "ticks": ""}}, "marker": {"colorbar": {"outlinewidth": 0, "ticks": ""}}}], "scattermapbox": [{"type": "scattermapbox", "marker": {"colorbar": {"outlinewidth": 0, "ticks": ""}}}], "scatterternary": [{"type": "scatterternary", "marker": {"colorbar": {"outlinewidth": 0, "ticks": ""}}}], "scattercarpet": [{"type": "scattercarpet", "marker": {"colorbar": {"outlinewidth": 0, "ticks": ""}}}], "carpet": [{"aaxis": {"endlinecolor": "#2a3f5f", "gridcolor": "white", "linecolor": "white", "minorgridcolor": "white", "startlinecolor": "#2a3f5f"}, "baxis": {"endlinecolor": "#2a3f5f", "gridcolor": "white", "linecolor": "white", "minorgridcolor": "white", "startlinecolor": "#2a3f5f"}, "type": "carpet"}], "table": [{"cells": {"fill": {"color": "#EBF0F8"}, "line": {"color": "white"}}, "header": {"fill": {"color": "#C8D4E3"}, "line": {"color": "white"}}, "type": "table"}], "barpolar": [{"marker": {"line": {"color": "#E5ECF6", "width": 0.5}, "pattern": {"fillmode": "overlay", "size": 10, "solidity": 0.2}}, "type": "barpolar"}], "pie": [{"automargin": true, "type": "pie"}]}, "layout": {"autotypenumbers": "strict", "colorway": ["#636efa", "#EF553B", "#00cc96", "#ab63fa", "#FFA15A", "#19d3f3", "#FF6692", "#B6E880", "#FF97FF", "#FECB52"], "font": {"color": "#2a3f5f"}, "hovermode": "closest", "hoverlabel": {"align": "left"}, "paper_bgcolor": "white", "plot_bgcolor": "#E5ECF6", "polar": {"bgcolor": "#E5ECF6", "angularaxis": {"gridcolor": "white", "linecolor": "white", "ticks": ""}, "radialaxis": {"gridcolor": "white", "linecolor": "white", "ticks": ""}}, "ternary": {"bgcolor": "#E5ECF6", "aaxis": {"gridcolor": "white", "linecolor": "white", "ticks": ""}, "baxis": {"gridcolor": "white", "linecolor": "white", "ticks": ""}, "caxis": {"gridcolor": "white", "linecolor": "white", "ticks": ""}}, "coloraxis": {"colorbar": {"outlinewidth": 0, "ticks": ""}}, "colorscale": {"sequential": [[0.0, "#0d0887"], [0.1111111111111111, "#46039f"], [0.2222222222222222, "#7201a8"], [0.3333333333333333, "#9c179e"], [0.4444444444444444, "#bd3786"], [0.5555555555555556, "#d8576b"], [0.6666666666666666, "#ed7953"], [0.7777777777777778, "#fb9f3a"], [0.8888888888888888, "#fdca26"], [1.0, "#f0f921"]], "sequentialminus": [[0.0, "#0d0887"], [0.1111111111111111, "#46039f"], [0.2222222222222222, "#7201a8"], [0.3333333333333333, "#9c179e"], [0.4444444444444444, "#bd3786"], [0.5555555555555556, "#d8576b"], [0.6666666666666666, "#ed7953"], [0.7777777777777778, "#fb9f3a"], [0.8888888888888888, "#fdca26"], [1.0, "#f0f921"]], "diverging": [[0, "#8e0152"], [0.1, "#c51b7d"], [0.2, "#de77ae"], [0.3, "#f1b6da"], [0.4, "#fde0ef"], [0.5, "#f7f7f7"], [0.6, "#e6f5d0"], [0.7, "#b8e186"], [0.8, "#7fbc41"], [0.9, "#4d9221"], [1, "#276419"]]}, "xaxis": {"gridcolor": "white", "linecolor": "white", "ticks": "", "title": {"standoff": 15}, "zerolinecolor": "white", "automargin": true, "zerolinewidth": 2}, "yaxis": {"gridcolor": "white", "linecolor": "white", "ticks": "", "title": {"standoff": 15}, "zerolinecolor": "white", "automargin": true, "zerolinewidth": 2}, "scene": {"xaxis": {"backgroundcolor": "#E5ECF6", "gridcolor": "white", "linecolor": "white", "showbackground": true, "ticks": "", "zerolinecolor": "white", "gridwidth": 2}, "yaxis": {"backgroundcolor": "#E5ECF6", "gridcolor": "white", "linecolor": "white", "showbackground": true, "ticks": "", "zerolinecolor": "white", "gridwidth": 2}, "zaxis": {"backgroundcolor": "#E5ECF6", "gridcolor": "white", "linecolor": "white", "showbackground": true, "ticks": "", "zerolinecolor": "white", "gridwidth": 2}}, "shapedefaults": {"line": {"color": "#2a3f5f"}}, "annotationdefaults": {"arrowcolor": "#2a3f5f", "arrowhead": 0, "arrowwidth": 1}, "geo": {"bgcolor": "white", "landcolor": "#E5ECF6", "subunitcolor": "white", "showland": true, "showlakes": true, "lakecolor": "white"}, "title": {"x": 0.05}, "mapbox": {"style": "light"}}}}}