{"data": [{"z": [[16.030399322509766, 7.52161169052124, 1.9773705005645752, -2.778557538986206, -1.8015187978744507, -2.4550492763519287, 2.837106227874756, -12.594589233398438, -0.9217971563339233, -4.7353081703186035, 3.958730459213257, -2.560980796813965, -1.9074312448501587, 8.446022987365723, -2.659231424331665, -0.7969698905944824, 3.541013240814209, 1.0156900882720947, 1.850684404373169, 7.977424621582031, 6.320197582244873], [7.52161169052124, 16.163625717163086, 0.883058488368988, -6.828644752502441, -1.4366047382354736, -3.611119270324707, -1.4764878749847412, -3.5306286811828613, -4.406599998474121, 4.6211323738098145, 0.8527651429176331, -5.690870761871338, -2.4090754985809326, 0.7457642555236816, 2.3222479820251465, -5.3472747802734375, 3.6377158164978027, -0.10196304321289062, 0.06935235857963562, 5.465248107910156, -1.2539515495300293], [1.9773705005645752, 0.883058488368988, 15.72222900390625, 4.099763870239258, 3.586186170578003, 0.40173354744911194, 1.4662185907363892, 1.957163691520691, 1.541860580444336, 4.598021507263184, 6.318526744842529, 4.338587760925293, -2.403585910797119, 4.285937786102295, 5.917331218719482, 0.18719109892845154, -1.9161378145217896, 3.895806074142456, -2.6718645095825195, -0.3103673458099365, 1.6897528171539307], [-2.778557538986206, -6.828644752502441, 4.099763870239258, 17.717992782592773, 5.688385486602783, -0.07513149827718735, -1.188667893409729, 1.3832207918167114, -1.63266122341156, 1.8967180252075195, -1.415757656097412, 3.4289839267730713, -2.4175679683685303, -3.536647081375122, 10.148517608642578, 0.6650583148002625, -1.7395626306533813, 3.779310703277588, 4.96197509765625, -4.9082746505737305, 5.389052391052246], [-1.8015187978744507, -1.4366047382354736, 3.586186170578003, 5.688385486602783, 20.748939514160156, -3.4537482261657715, -1.067657709121704, 0.3750482201576233, -0.6559873223304749, 1.3984160423278809, -1.0554941892623901, 3.065865993499756, 3.186222553253174, 0.7331474423408508, 6.0401740074157715, 1.5995019674301147, -1.6139380931854248, 4.0304131507873535, -2.5335450172424316, 2.253223419189453, 5.993650913238525], [-2.4550492763519287, -3.611119270324707, 0.40173354744911194, -0.07513149827718735, -3.4537482261657715, 17.506366729736328, -0.4025663733482361, 6.823825359344482, 1.1137136220932007, 4.905490875244141, -0.34850797057151794, 1.9267284870147705, 1.0372940301895142, 1.239054560661316, -5.6419243812561035, 6.023664951324463, -1.7655951976776123, 2.1102280616760254, -5.581055641174316, -7.126930236816406, -1.3214162588119507], [2.837106227874756, -1.4764878749847412, 1.4662185907363892, -1.188667893409729, -1.067657709121704, -0.4025663733482361, 13.532479286193848, 1.5311949253082275, 4.373793601989746, -10.04371452331543, 1.7158458232879639, 1.750604510307312, -5.322014808654785, -3.154071092605591, -3.6429197788238525, 0.5473248362541199, 0.15759271383285522, -0.156333327293396, -1.9131439924240112, 8.070992469787598, 0.015664339065551758], [-12.594589233398438, -3.5306286811828613, 1.957163691520691, 1.3832207918167114, 0.3750482201576233, 6.823825359344482, 1.5311949253082275, 17.187198638916016, 2.6730058193206787, 7.908307075500488, -3.2427265644073486, 2.999345064163208, -1.593850016593933, -8.163247108459473, 3.3167552947998047, 1.078002691268921, -0.8964459300041199, -0.5497915744781494, -3.8021602630615234, -4.988356113433838, -7.734519958496094], [-0.9217971563339233, -4.406599998474121, 1.541860580444336, -1.63266122341156, -0.6559873223304749, 1.1137136220932007, 4.373793601989746, 2.6730058193206787, 13.622201919555664, -9.523314476013184, -2.448063850402832, 9.263842582702637, 1.6202665567398071, 1.3969731330871582, 1.2674427032470703, 2.1171774864196777, 2.1310319900512695, -3.854952096939087, -1.385980248451233, -0.06927299499511719, -3.1019785404205322], [-4.7353081703186035, 4.6211323738098145, 4.598021507263184, 1.8967180252075195, 1.3984160423278809, 4.905490875244141, -10.04371452331543, 7.908307075500488, -9.523314476013184, 27.14011001586914, 1.902828574180603, -3.9702341556549072, 2.0964179039001465, 1.480125069618225, 5.216080665588379, 1.6703108549118042, 3.0572333335876465, 2.285562753677368, 1.377411127090454, -3.1500296592712402, -3.9243204593658447], [3.958730459213257, 0.8527651429176331, 6.318526744842529, -1.415757656097412, -1.0554941892623901, -0.34850797057151794, 1.7158458232879639, -3.2427265644073486, -2.448063850402832, 1.902828574180603, 15.248976707458496, -3.474080801010132, 2.1626956462860107, 10.163328170776367, -0.838992178440094, 4.181655406951904, -1.2976624965667725, 8.696769714355469, 0.9391086101531982, -0.043984413146972656, 0.10830450057983398], [-2.560980796813965, -5.690870761871338, 4.338587760925293, 3.4289839267730713, 3.065865993499756, 1.9267284870147705, 1.750604510307312, 2.999345064163208, 9.263842582702637, -3.9702341556549072, -3.474080801010132, 15.987286567687988, 2.2495346069335938, -3.757113218307495, 1.9755796194076538, 2.051750421524048, 0.11074984073638916, -7.837073802947998, -2.169678211212158, 0.6053519248962402, -1.002785325050354], [-1.9074312448501587, -2.4090754985809326, -2.403585910797119, -2.4175679683685303, 3.186222553253174, 1.0372940301895142, -5.322014808654785, -1.593850016593933, 1.6202665567398071, 2.0964179039001465, 2.1626956462860107, 2.2495346069335938, 12.257245063781738, 5.835212230682373, -2.67916202545166, 5.470886707305908, 1.1304563283920288, 2.864292860031128, 2.708916664123535, -2.798112392425537, 0.4021570682525635], [8.446022987365723, 0.7457642555236816, 4.285937786102295, -3.536647081375122, 0.7331474423408508, 1.239054560661316, -3.154071092605591, -8.163247108459473, 1.3969731330871582, 1.480125069618225, 10.163328170776367, -3.757113218307495, 5.835212230682373, 19.346588134765625, -2.503814220428467, 4.438467025756836, 2.5288784503936768, 9.189062118530273, 3.5109596252441406, -0.6708651781082153, 2.2731943130493164], [-2.659231424331665, 2.3222479820251465, 5.917331218719482, 10.148517608642578, 6.0401740074157715, -5.6419243812561035, -3.6429197788238525, 3.3167552947998047, 1.2674427032470703, 5.216080665588379, -0.838992178440094, 1.9755796194076538, -2.67916202545166, -2.503814220428467, 15.92010498046875, -2.435185432434082, 1.695792317390442, 1.789542555809021, 3.6066832542419434, -3.9071083068847656, 0.2509269714355469], [-0.7969698905944824, -5.3472747802734375, 0.18719109892845154, 0.6650583148002625, 1.5995019674301147, 6.023664951324463, 0.5473248362541199, 1.078002691268921, 2.1171774864196777, 1.6703108549118042, 4.181655406951904, 2.051750421524048, 5.470886707305908, 4.438467025756836, -2.435185432434082, 7.818257808685303, 0.37794172763824463, 3.9429855346679688, 0.10951733589172363, -3.481403112411499, 1.588936448097229], [3.54101300239563, 3.637716054916382, -1.9161378145217896, -1.739562749862671, -1.6139377355575562, -1.7655954360961914, 0.1575927585363388, -0.8964461088180542, 2.1310319900512695, 3.0572333335876465, -1.297662377357483, 0.11074959486722946, 1.1304563283920288, 2.5288784503936768, 1.6957918405532837, 0.3779418170452118, 7.34025764465332, -1.4993314743041992, 4.010529041290283, 4.684295654296875, -1.8161516189575195], [1.015689730644226, -0.10196294635534286, 3.895806312561035, 3.779310703277588, 4.0304131507873535, 2.1102278232574463, -0.1563333421945572, -0.5497918128967285, -3.8549516201019287, 2.285562515258789, 8.696769714355469, -7.837073802947998, 2.864292860031128, 9.18906307220459, 1.7895424365997314, 3.942985773086548, -1.4993314743041992, 15.920770645141602, 4.757091045379639, -6.770395755767822, 4.615496635437012], [1.8506841659545898, 0.06935229897499084, -2.6718645095825195, 4.96197509765625, -2.5335450172424316, -5.5810546875, -1.9131442308425903, -3.8021602630615234, -1.385980486869812, 1.377411127090454, 0.9391088485717773, -2.169678211212158, 2.708916425704956, 3.5109596252441406, 3.6066839694976807, 0.10951752215623856, 4.010529041290283, 4.757091045379639, 12.808109283447266, -2.2442781925201416, 1.9738383293151855], [7.977424621582031, 5.4652485847473145, -0.31036731600761414, -4.908274173736572, 2.2532236576080322, -7.126930236816406, 8.070993423461914, -4.988356590270996, -0.06927324086427689, -3.1500298976898193, -0.043984197080135345, 0.6053518056869507, -2.798112392425537, -0.6708655953407288, -3.907108783721924, -3.48140287399292, 4.684295654296875, -6.770395755767822, -2.2442781925201416, 20.03507423400879, -1.53096342086792], [6.320198059082031, -1.2539515495300293, 1.6897528171539307, 5.389052391052246, 5.993650913238525, -1.3214162588119507, 0.015664339065551758, -7.734519958496094, -3.1019785404205322, -3.924320697784424, 0.10830450057983398, -1.002785086631775, 0.4021570682525635, 2.2731943130493164, 0.2509267330169678, 1.58893620967865, -1.8161518573760986, 4.615496635437012, 1.973838210105896, -1.53096342086792, 10.956415176391602]], "type": "heatmap"}], "layout": {"template": {"data": {"histogram2dcontour": [{"type": "histogram2dcontour", "colorbar": {"outlinewidth": 0, "ticks": ""}, "colorscale": [[0.0, "#0d0887"], [0.1111111111111111, "#46039f"], [0.2222222222222222, "#7201a8"], [0.3333333333333333, "#9c179e"], [0.4444444444444444, "#bd3786"], [0.5555555555555556, "#d8576b"], [0.6666666666666666, "#ed7953"], [0.7777777777777778, "#fb9f3a"], [0.8888888888888888, "#fdca26"], [1.0, "#f0f921"]]}], "choropleth": [{"type": "choropleth", "colorbar": {"outlinewidth": 0, "ticks": ""}}], "histogram2d": [{"type": "histogram2d", "colorbar": {"outlinewidth": 0, "ticks": ""}, "colorscale": [[0.0, "#0d0887"], [0.1111111111111111, "#46039f"], [0.2222222222222222, "#7201a8"], [0.3333333333333333, "#9c179e"], [0.4444444444444444, "#bd3786"], [0.5555555555555556, "#d8576b"], [0.6666666666666666, "#ed7953"], [0.7777777777777778, "#fb9f3a"], [0.8888888888888888, "#fdca26"], [1.0, "#f0f921"]]}], "heatmap": [{"type": "heatmap", "colorbar": {"outlinewidth": 0, "ticks": ""}, "colorscale": [[0.0, "#0d0887"], [0.1111111111111111, "#46039f"], [0.2222222222222222, "#7201a8"], [0.3333333333333333, "#9c179e"], [0.4444444444444444, "#bd3786"], [0.5555555555555556, "#d8576b"], [0.6666666666666666, "#ed7953"], [0.7777777777777778, "#fb9f3a"], [0.8888888888888888, "#fdca26"], [1.0, "#f0f921"]]}], "heatmapgl": [{"type": "heatmapgl", "colorbar": {"outlinewidth": 0, "ticks": ""}, "colorscale": [[0.0, "#0d0887"], [0.1111111111111111, "#46039f"], [0.2222222222222222, "#7201a8"], [0.3333333333333333, "#9c179e"], [0.4444444444444444, "#bd3786"], [0.5555555555555556, "#d8576b"], [0.6666666666666666, "#ed7953"], [0.7777777777777778, "#fb9f3a"], [0.8888888888888888, "#fdca26"], [1.0, "#f0f921"]]}], "contourcarpet": [{"type": "contourcarpet", "colorbar": {"outlinewidth": 0, "ticks": ""}}], "contour": [{"type": "contour", "colorbar": {"outlinewidth": 0, "ticks": ""}, "colorscale": [[0.0, "#0d0887"], [0.1111111111111111, "#46039f"], [0.2222222222222222, "#7201a8"], [0.3333333333333333, "#9c179e"], [0.4444444444444444, "#bd3786"], [0.5555555555555556, "#d8576b"], [0.6666666666666666, "#ed7953"], [0.7777777777777778, "#fb9f3a"], [0.8888888888888888, "#fdca26"], [1.0, "#f0f921"]]}], "surface": [{"type": "surface", "colorbar": {"outlinewidth": 0, "ticks": ""}, "colorscale": [[0.0, "#0d0887"], [0.1111111111111111, "#46039f"], [0.2222222222222222, "#7201a8"], [0.3333333333333333, "#9c179e"], [0.4444444444444444, "#bd3786"], [0.5555555555555556, "#d8576b"], [0.6666666666666666, "#ed7953"], [0.7777777777777778, "#fb9f3a"], [0.8888888888888888, "#fdca26"], [1.0, "#f0f921"]]}], "mesh3d": [{"type": "mesh3d", "colorbar": {"outlinewidth": 0, "ticks": ""}}], "scatter": [{"fillpattern": {"fillmode": "overlay", "size": 10, "solidity": 0.2}, "type": "scatter"}], "parcoords": [{"type": "parcoords", "line": {"colorbar": {"outlinewidth": 0, "ticks": ""}}}], "scatterpolargl": [{"type": "scatterpolargl", "marker": {"colorbar": {"outlinewidth": 0, "ticks": ""}}}], "bar": [{"error_x": {"color": "#2a3f5f"}, "error_y": {"color": "#2a3f5f"}, "marker": {"line": {"color": "#E5ECF6", "width": 0.5}, "pattern": {"fillmode": "overlay", "size": 10, "solidity": 0.2}}, "type": "bar"}], "scattergeo": [{"type": "scattergeo", "marker": {"colorbar": {"outlinewidth": 0, "ticks": ""}}}], "scatterpolar": [{"type": "scatterpolar", "marker": {"colorbar": {"outlinewidth": 0, "ticks": ""}}}], "histogram": [{"marker": {"pattern": {"fillmode": "overlay", "size": 10, "solidity": 0.2}}, "type": "histogram"}], "scattergl": [{"type": "scattergl", "marker": {"colorbar": {"outlinewidth": 0, "ticks": ""}}}], "scatter3d": [{"type": "scatter3d", "line": {"colorbar": {"outlinewidth": 0, "ticks": ""}}, "marker": {"colorbar": {"outlinewidth": 0, "ticks": ""}}}], "scattermapbox": [{"type": "scattermapbox", "marker": {"colorbar": {"outlinewidth": 0, "ticks": ""}}}], "scatterternary": [{"type": "scatterternary", "marker": {"colorbar": {"outlinewidth": 0, "ticks": ""}}}], "scattercarpet": [{"type": "scattercarpet", "marker": {"colorbar": {"outlinewidth": 0, "ticks": ""}}}], "carpet": [{"aaxis": {"endlinecolor": "#2a3f5f", "gridcolor": "white", "linecolor": "white", "minorgridcolor": "white", "startlinecolor": "#2a3f5f"}, "baxis": {"endlinecolor": "#2a3f5f", "gridcolor": "white", "linecolor": "white", "minorgridcolor": "white", "startlinecolor": "#2a3f5f"}, "type": "carpet"}], "table": [{"cells": {"fill": {"color": "#EBF0F8"}, "line": {"color": "white"}}, "header": {"fill": {"color": "#C8D4E3"}, "line": {"color": "white"}}, "type": "table"}], "barpolar": [{"marker": {"line": {"color": "#E5ECF6", "width": 0.5}, "pattern": {"fillmode": "overlay", "size": 10, "solidity": 0.2}}, "type": "barpolar"}], "pie": [{"automargin": true, "type": "pie"}]}, "layout": {"autotypenumbers": "strict", "colorway": ["#636efa", "#EF553B", "#00cc96", "#ab63fa", "#FFA15A", "#19d3f3", "#FF6692", "#B6E880", "#FF97FF", "#FECB52"], "font": {"color": "#2a3f5f"}, "hovermode": "closest", "hoverlabel": {"align": "left"}, "paper_bgcolor": "white", "plot_bgcolor": "#E5ECF6", "polar": {"bgcolor": "#E5ECF6", "angularaxis": {"gridcolor": "white", "linecolor": "white", "ticks": ""}, "radialaxis": {"gridcolor": "white", "linecolor": "white", "ticks": ""}}, "ternary": {"bgcolor": "#E5ECF6", "aaxis": {"gridcolor": "white", "linecolor": "white", "ticks": ""}, "baxis": {"gridcolor": "white", "linecolor": "white", "ticks": ""}, "caxis": {"gridcolor": "white", "linecolor": "white", "ticks": ""}}, "coloraxis": {"colorbar": {"outlinewidth": 0, "ticks": ""}}, "colorscale": {"sequential": [[0.0, "#0d0887"], [0.1111111111111111, "#46039f"], [0.2222222222222222, "#7201a8"], [0.3333333333333333, "#9c179e"], [0.4444444444444444, "#bd3786"], [0.5555555555555556, "#d8576b"], [0.6666666666666666, "#ed7953"], [0.7777777777777778, "#fb9f3a"], [0.8888888888888888, "#fdca26"], [1.0, "#f0f921"]], "sequentialminus": [[0.0, "#0d0887"], [0.1111111111111111, "#46039f"], [0.2222222222222222, "#7201a8"], [0.3333333333333333, "#9c179e"], [0.4444444444444444, "#bd3786"], [0.5555555555555556, "#d8576b"], [0.6666666666666666, "#ed7953"], [0.7777777777777778, "#fb9f3a"], [0.8888888888888888, "#fdca26"], [1.0, "#f0f921"]], "diverging": [[0, "#8e0152"], [0.1, "#c51b7d"], [0.2, "#de77ae"], [0.3, "#f1b6da"], [0.4, "#fde0ef"], [0.5, "#f7f7f7"], [0.6, "#e6f5d0"], [0.7, "#b8e186"], [0.8, "#7fbc41"], [0.9, "#4d9221"], [1, "#276419"]]}, "xaxis": {"gridcolor": "white", "linecolor": "white", "ticks": "", "title": {"standoff": 15}, "zerolinecolor": "white", "automargin": true, "zerolinewidth": 2}, "yaxis": {"gridcolor": "white", "linecolor": "white", "ticks": "", "title": {"standoff": 15}, "zerolinecolor": "white", "automargin": true, "zerolinewidth": 2}, "scene": {"xaxis": {"backgroundcolor": "#E5ECF6", "gridcolor": "white", "linecolor": "white", "showbackground": true, "ticks": "", "zerolinecolor": "white", "gridwidth": 2}, "yaxis": {"backgroundcolor": "#E5ECF6", "gridcolor": "white", "linecolor": "white", "showbackground": true, "ticks": "", "zerolinecolor": "white", "gridwidth": 2}, "zaxis": {"backgroundcolor": "#E5ECF6", "gridcolor": "white", "linecolor": "white", "showbackground": true, "ticks": "", "zerolinecolor": "white", "gridwidth": 2}}, "shapedefaults": {"line": {"color": "#2a3f5f"}}, "annotationdefaults": {"arrowcolor": "#2a3f5f", "arrowhead": 0, "arrowwidth": 1}, "geo": {"bgcolor": "white", "landcolor": "#E5ECF6", "subunitcolor": "white", "showland": true, "showlakes": true, "lakecolor": "white"}, "title": {"x": 0.05}, "mapbox": {"style": "light"}}}}}