{"data": [{"z": [[14.55031967163086, 6.532649517059326, 1.5056370496749878, -3.355086326599121, -1.9357714653015137, -2.2255165576934814, 1.7856601476669312, -12.81064224243164, -1.2210694551467896, -5.163150787353516, 3.576159954071045, -2.3515031337738037, -2.100327730178833, 6.677457332611084, -3.0361597537994385, -1.0727663040161133, 2.794644832611084, 0.3704942464828491, 0.1277860403060913, 7.00746488571167, 6.227969169616699], [6.532649517059326, 15.302247047424316, 0.4910513758659363, -7.4455790519714355, -2.068535804748535, -2.970898151397705, -2.5577566623687744, -3.273313283920288, -4.763036727905273, 4.614627838134766, -0.09570662677288055, -5.15881872177124, -3.02433443069458, -0.825390100479126, 1.6688461303710938, -5.170678615570068, 3.007495880126953, -0.6464837789535522, -1.6845351457595825, 5.009343147277832, -1.499841332435608], [1.5056370496749878, 0.4910513758659363, 15.983437538146973, 3.008168935775757, 3.0246403217315674, -0.3540405035018921, 0.9789689779281616, 0.9129064679145813, 0.3689460754394531, 3.8076672554016113, 5.765288829803467, 3.8552849292755127, -3.618823766708374, 4.034369468688965, 5.3653178215026855, 1.2141468524932861, -1.2604442834854126, 4.035735607147217, -2.999119758605957, -1.0595202445983887, 1.6614978313446045], [-3.355086326599121, -7.4455790519714355, 3.008168935775757, 17.05268096923828, 4.8527302742004395, -0.9743913412094116, -1.4026442766189575, 0.6628100872039795, -2.5289292335510254, 0.7581451535224915, -2.229858875274658, 2.52510404586792, -3.134782552719116, -4.324629306793213, 9.221884727478027, 0.10381852090358734, -2.0742077827453613, 2.5554847717285156, 4.685790061950684, -5.300450801849365, 5.407109260559082], [-1.9357714653015137, -2.068535804748535, 3.0246403217315674, 4.8527302742004395, 19.61339569091797, -4.260552883148193, -1.4007611274719238, -0.6926482915878296, -1.6375932693481445, 0.5181748867034912, -2.2647409439086914, 2.3500120639801025, 2.5382678508758545, -0.015879247337579727, 5.167944431304932, 1.63700532913208, -1.4857151508331299, 3.418732166290283, -3.1490540504455566, 1.6747734546661377, 6.018467903137207], [-2.2255165576934814, -2.970898151397705, -0.3540405035018921, -0.9743913412094116, -4.260552883148193, 16.6165828704834, 0.5736299157142639, 5.678039073944092, 0.24355167150497437, 4.026101112365723, -1.313268780708313, 0.9974934458732605, 0.19752852618694305, 0.47934725880622864, -6.5256781578063965, 4.955426216125488, -1.958521842956543, 0.8148479461669922, -5.321000099182129, -6.539671897888184, -1.1830079555511475], [1.7856601476669312, -2.5577566623687744, 0.9789689779281616, -1.4026442766189575, -1.4007611274719238, 0.5736299157142639, 12.700639724731445, 1.5810127258300781, 4.043722629547119, -10.154580116271973, 0.7344135642051697, 1.4502251148223877, -5.934765815734863, -3.2497408390045166, -4.445876121520996, 0.8486165404319763, -0.562455952167511, -0.5686142444610596, -2.710423469543457, 6.76503324508667, 0.13425219058990479], [-12.81064224243164, -3.273313283920288, 0.9129064679145813, 0.6628100872039795, -0.6926482915878296, 5.678039073944092, 1.5810127258300781, 16.955846786499023, 1.8249465227127075, 7.229398727416992, -5.026374340057373, 2.0004794597625732, -2.8686416149139404, -8.60953426361084, 2.4618418216705322, 0.25346270203590393, -1.39109468460083, -1.7996478080749512, -3.490297317504883, -4.810171127319336, -7.895480155944824], [-1.2210694551467896, -4.763036727905273, 0.3689460754394531, -2.5289292335510254, -1.6375932693481445, 0.24355167150497437, 4.043722629547119, 1.8249465227127075, 13.353496551513672, -10.695699691772461, -4.063279628753662, 8.357590675354004, 0.7331051230430603, 0.7306658029556274, 0.26553860306739807, 1.6617647409439087, 2.0084986686706543, -4.9602813720703125, -1.6469686031341553, -0.09355568885803223, -3.1586520671844482], [-5.163150787353516, 4.614627838134766, 3.8076672554016113, 0.7581451535224915, 0.5181748867034912, 4.026101112365723, -10.154580116271973, 7.229398727416992, -10.695699691772461, 26.468612670898438, 1.6162530183792114, -4.636075973510742, 1.4074231386184692, 0.163688525557518, 4.389087677001953, 1.1208440065383911, 2.811887264251709, 1.4445490837097168, 0.8461105227470398, -3.358477830886841, -3.982597827911377], [3.576159954071045, -0.09570662677288055, 5.765288829803467, -2.229858875274658, -2.2647409439086914, -1.313268780708313, 0.7344135642051697, -5.026374340057373, -4.063279628753662, 1.6162530183792114, 16.18448829650879, -5.022658824920654, 1.7561746835708618, 10.05714225769043, -1.5504027605056763, 4.525000095367432, -0.9388940334320068, 9.039209365844727, 0.7766342163085938, -1.0061733722686768, 0.54044508934021], [-2.3515031337738037, -5.15881872177124, 3.8552849292755127, 2.52510404586792, 2.3500120639801025, 0.9974934458732605, 1.4502251148223877, 2.0004794597625732, 8.357590675354004, -4.636075973510742, -5.022658824920654, 14.721652030944824, 1.2477335929870605, -3.410203218460083, 1.523909091949463, 1.9655319452285767, 0.40559232234954834, -8.138720512390137, -1.752279281616211, 0.4743058681488037, -0.984619677066803], [-2.100327730178833, -3.02433443069458, -3.618823766708374, -3.134782552719116, 2.5382678508758545, 0.19752852618694305, -5.934765815734863, -2.8686416149139404, 0.7331051230430603, 1.4074231386184692, 1.7561746835708618, 1.2477335929870605, 12.586442947387695, 5.081284999847412, -3.4878463745117188, 4.994523048400879, 1.0943796634674072, 2.199089288711548, 2.403460741043091, -3.2329325675964355, 0.7920877933502197], [6.677457332611084, -0.825390100479126, 4.034369468688965, -4.324629306793213, -0.015879247337579727, 0.47934725880622864, -3.2497408390045166, -8.60953426361084, 0.7306658029556274, 0.163688525557518, 10.05714225769043, -3.410203218460083, 5.081284999847412, 16.637388229370117, -3.255146026611328, 4.238424777984619, 2.104775905609131, 8.168815612792969, 1.8836532831192017, -1.538926124572754, 1.9709038734436035], [-3.0361597537994385, 1.6688461303710938, 5.3653178215026855, 9.221884727478027, 5.167944431304932, -6.5256781578063965, -4.445876121520996, 2.4618418216705322, 0.26553860306739807, 4.389087677001953, -1.5504027605056763, 1.523909091949463, -3.4878463745117188, -3.255146026611328, 15.031079292297363, -2.146543264389038, 1.8486443758010864, 1.5052850246429443, 3.1188974380493164, -4.496276378631592, 0.37536489963531494], [-1.0727663040161133, -5.170678615570068, 1.2141468524932861, 0.10381852090358734, 1.63700532913208, 4.955426216125488, 0.8486165404319763, 0.25346270203590393, 1.6617647409439087, 1.1208440065383911, 4.525000095367432, 1.9655319452285767, 4.994523048400879, 4.238424777984619, -2.146543264389038, 7.364194393157959, 0.9386730194091797, 3.8710672855377197, -0.13285326957702637, -3.436467170715332, 1.3526666164398193], [2.794645071029663, 3.007495880126953, -1.2604442834854126, -2.0742075443267822, -1.485715627670288, -1.9585216045379639, -0.5624560117721558, -1.3910948038101196, 2.008498430252075, 2.811887264251709, -0.9388943314552307, 0.4055924117565155, 1.0943797826766968, 2.104775905609131, 1.8486443758010864, 0.9386730790138245, 7.233485221862793, -0.8652564287185669, 3.3222908973693848, 3.9468202590942383, -1.7675578594207764], [0.3704938292503357, -0.6464837789535522, 4.035735607147217, 2.5554850101470947, 3.418732166290283, 0.8148478269577026, -0.5686146020889282, -1.7996480464935303, -4.9602813720703125, 1.4445489645004272, 9.039209365844727, -8.138720512390137, 2.1990888118743896, 8.168817520141602, 1.5052850246429443, 3.8710668087005615, -0.8652564287185669, 15.854259490966797, 3.8774006366729736, -7.322868347167969, 4.450183868408203], [0.12778612971305847, -1.6845351457595825, -2.999119520187378, 4.685790061950684, -3.1490540504455566, -5.3209991455078125, -2.710423707962036, -3.4902970790863037, -1.646969199180603, 0.8461107611656189, 0.7766345739364624, -1.7522794008255005, 2.4034605026245117, 1.883653163909912, 3.1188981533050537, -0.13285303115844727, 3.3222908973693848, 3.8774006366729736, 11.16784381866455, -3.411255359649658, 1.6668097972869873], [7.007464408874512, 5.00934362411499, -1.0595203638076782, -5.300450325012207, 1.6747745275497437, -6.5396728515625, 6.765033721923828, -4.810171127319336, -0.0935557410120964, -3.358478307723999, -1.0061734914779663, 0.4743056297302246, -3.2329328060150146, -1.5389260053634644, -4.496276378631592, -3.436467170715332, 3.9468202590942383, -7.322868347167969, -3.411255359649658, 19.540210723876953, -1.783055067062378], [6.227970123291016, -1.499841332435608, 1.6614975929260254, 5.407109260559082, 6.018467903137207, -1.1830079555511475, 0.13425230979919434, -7.895480155944824, -3.1586525440216064, -3.982597589492798, 0.54044508934021, -0.9846194982528687, 0.7920877933502197, 1.9709038734436035, 0.3753645420074463, 1.3526667356491089, -1.7675578594207764, 4.450183868408203, 1.6668097972869873, -1.7830544710159302, 10.956415176391602]], "type": "heatmap"}], "layout": {"template": {"data": {"histogram2dcontour": [{"type": "histogram2dcontour", "colorbar": {"outlinewidth": 0, "ticks": ""}, "colorscale": [[0.0, "#0d0887"], [0.1111111111111111, "#46039f"], [0.2222222222222222, "#7201a8"], [0.3333333333333333, "#9c179e"], [0.4444444444444444, "#bd3786"], [0.5555555555555556, "#d8576b"], [0.6666666666666666, "#ed7953"], [0.7777777777777778, "#fb9f3a"], [0.8888888888888888, "#fdca26"], [1.0, "#f0f921"]]}], "choropleth": [{"type": "choropleth", "colorbar": {"outlinewidth": 0, "ticks": ""}}], "histogram2d": [{"type": "histogram2d", "colorbar": {"outlinewidth": 0, "ticks": ""}, "colorscale": [[0.0, "#0d0887"], [0.1111111111111111, "#46039f"], [0.2222222222222222, "#7201a8"], [0.3333333333333333, "#9c179e"], [0.4444444444444444, "#bd3786"], [0.5555555555555556, "#d8576b"], [0.6666666666666666, "#ed7953"], [0.7777777777777778, "#fb9f3a"], [0.8888888888888888, "#fdca26"], [1.0, "#f0f921"]]}], "heatmap": [{"type": "heatmap", "colorbar": {"outlinewidth": 0, "ticks": ""}, "colorscale": [[0.0, "#0d0887"], [0.1111111111111111, "#46039f"], [0.2222222222222222, "#7201a8"], [0.3333333333333333, "#9c179e"], [0.4444444444444444, "#bd3786"], [0.5555555555555556, "#d8576b"], [0.6666666666666666, "#ed7953"], [0.7777777777777778, "#fb9f3a"], [0.8888888888888888, "#fdca26"], [1.0, "#f0f921"]]}], "heatmapgl": [{"type": "heatmapgl", "colorbar": {"outlinewidth": 0, "ticks": ""}, "colorscale": [[0.0, "#0d0887"], [0.1111111111111111, "#46039f"], [0.2222222222222222, "#7201a8"], [0.3333333333333333, "#9c179e"], [0.4444444444444444, "#bd3786"], [0.5555555555555556, "#d8576b"], [0.6666666666666666, "#ed7953"], [0.7777777777777778, "#fb9f3a"], [0.8888888888888888, "#fdca26"], [1.0, "#f0f921"]]}], "contourcarpet": [{"type": "contourcarpet", "colorbar": {"outlinewidth": 0, "ticks": ""}}], "contour": [{"type": "contour", "colorbar": {"outlinewidth": 0, "ticks": ""}, "colorscale": [[0.0, "#0d0887"], [0.1111111111111111, "#46039f"], [0.2222222222222222, "#7201a8"], [0.3333333333333333, "#9c179e"], [0.4444444444444444, "#bd3786"], [0.5555555555555556, "#d8576b"], [0.6666666666666666, "#ed7953"], [0.7777777777777778, "#fb9f3a"], [0.8888888888888888, "#fdca26"], [1.0, "#f0f921"]]}], "surface": [{"type": "surface", "colorbar": {"outlinewidth": 0, "ticks": ""}, "colorscale": [[0.0, "#0d0887"], [0.1111111111111111, "#46039f"], [0.2222222222222222, "#7201a8"], [0.3333333333333333, "#9c179e"], [0.4444444444444444, "#bd3786"], [0.5555555555555556, "#d8576b"], [0.6666666666666666, "#ed7953"], [0.7777777777777778, "#fb9f3a"], [0.8888888888888888, "#fdca26"], [1.0, "#f0f921"]]}], "mesh3d": [{"type": "mesh3d", "colorbar": {"outlinewidth": 0, "ticks": ""}}], "scatter": [{"fillpattern": {"fillmode": "overlay", "size": 10, "solidity": 0.2}, "type": "scatter"}], "parcoords": [{"type": "parcoords", "line": {"colorbar": {"outlinewidth": 0, "ticks": ""}}}], "scatterpolargl": [{"type": "scatterpolargl", "marker": {"colorbar": {"outlinewidth": 0, "ticks": ""}}}], "bar": [{"error_x": {"color": "#2a3f5f"}, "error_y": {"color": "#2a3f5f"}, "marker": {"line": {"color": "#E5ECF6", "width": 0.5}, "pattern": {"fillmode": "overlay", "size": 10, "solidity": 0.2}}, "type": "bar"}], "scattergeo": [{"type": "scattergeo", "marker": {"colorbar": {"outlinewidth": 0, "ticks": ""}}}], "scatterpolar": [{"type": "scatterpolar", "marker": {"colorbar": {"outlinewidth": 0, "ticks": ""}}}], "histogram": [{"marker": {"pattern": {"fillmode": "overlay", "size": 10, "solidity": 0.2}}, "type": "histogram"}], "scattergl": [{"type": "scattergl", "marker": {"colorbar": {"outlinewidth": 0, "ticks": ""}}}], "scatter3d": [{"type": "scatter3d", "line": {"colorbar": {"outlinewidth": 0, "ticks": ""}}, "marker": {"colorbar": {"outlinewidth": 0, "ticks": ""}}}], "scattermapbox": [{"type": "scattermapbox", "marker": {"colorbar": {"outlinewidth": 0, "ticks": ""}}}], "scatterternary": [{"type": "scatterternary", "marker": {"colorbar": {"outlinewidth": 0, "ticks": ""}}}], "scattercarpet": [{"type": "scattercarpet", "marker": {"colorbar": {"outlinewidth": 0, "ticks": ""}}}], "carpet": [{"aaxis": {"endlinecolor": "#2a3f5f", "gridcolor": "white", "linecolor": "white", "minorgridcolor": "white", "startlinecolor": "#2a3f5f"}, "baxis": {"endlinecolor": "#2a3f5f", "gridcolor": "white", "linecolor": "white", "minorgridcolor": "white", "startlinecolor": "#2a3f5f"}, "type": "carpet"}], "table": [{"cells": {"fill": {"color": "#EBF0F8"}, "line": {"color": "white"}}, "header": {"fill": {"color": "#C8D4E3"}, "line": {"color": "white"}}, "type": "table"}], "barpolar": [{"marker": {"line": {"color": "#E5ECF6", "width": 0.5}, "pattern": {"fillmode": "overlay", "size": 10, "solidity": 0.2}}, "type": "barpolar"}], "pie": [{"automargin": true, "type": "pie"}]}, "layout": {"autotypenumbers": "strict", "colorway": ["#636efa", "#EF553B", "#00cc96", "#ab63fa", "#FFA15A", "#19d3f3", "#FF6692", "#B6E880", "#FF97FF", "#FECB52"], "font": {"color": "#2a3f5f"}, "hovermode": "closest", "hoverlabel": {"align": "left"}, "paper_bgcolor": "white", "plot_bgcolor": "#E5ECF6", "polar": {"bgcolor": "#E5ECF6", "angularaxis": {"gridcolor": "white", "linecolor": "white", "ticks": ""}, "radialaxis": {"gridcolor": "white", "linecolor": "white", "ticks": ""}}, "ternary": {"bgcolor": "#E5ECF6", "aaxis": {"gridcolor": "white", "linecolor": "white", "ticks": ""}, "baxis": {"gridcolor": "white", "linecolor": "white", "ticks": ""}, "caxis": {"gridcolor": "white", "linecolor": "white", "ticks": ""}}, "coloraxis": {"colorbar": {"outlinewidth": 0, "ticks": ""}}, "colorscale": {"sequential": [[0.0, "#0d0887"], [0.1111111111111111, "#46039f"], [0.2222222222222222, "#7201a8"], [0.3333333333333333, "#9c179e"], [0.4444444444444444, "#bd3786"], [0.5555555555555556, "#d8576b"], [0.6666666666666666, "#ed7953"], [0.7777777777777778, "#fb9f3a"], [0.8888888888888888, "#fdca26"], [1.0, "#f0f921"]], "sequentialminus": [[0.0, "#0d0887"], [0.1111111111111111, "#46039f"], [0.2222222222222222, "#7201a8"], [0.3333333333333333, "#9c179e"], [0.4444444444444444, "#bd3786"], [0.5555555555555556, "#d8576b"], [0.6666666666666666, "#ed7953"], [0.7777777777777778, "#fb9f3a"], [0.8888888888888888, "#fdca26"], [1.0, "#f0f921"]], "diverging": [[0, "#8e0152"], [0.1, "#c51b7d"], [0.2, "#de77ae"], [0.3, "#f1b6da"], [0.4, "#fde0ef"], [0.5, "#f7f7f7"], [0.6, "#e6f5d0"], [0.7, "#b8e186"], [0.8, "#7fbc41"], [0.9, "#4d9221"], [1, "#276419"]]}, "xaxis": {"gridcolor": "white", "linecolor": "white", "ticks": "", "title": {"standoff": 15}, "zerolinecolor": "white", "automargin": true, "zerolinewidth": 2}, "yaxis": {"gridcolor": "white", "linecolor": "white", "ticks": "", "title": {"standoff": 15}, "zerolinecolor": "white", "automargin": true, "zerolinewidth": 2}, "scene": {"xaxis": {"backgroundcolor": "#E5ECF6", "gridcolor": "white", "linecolor": "white", "showbackground": true, "ticks": "", "zerolinecolor": "white", "gridwidth": 2}, "yaxis": {"backgroundcolor": "#E5ECF6", "gridcolor": "white", "linecolor": "white", "showbackground": true, "ticks": "", "zerolinecolor": "white", "gridwidth": 2}, "zaxis": {"backgroundcolor": "#E5ECF6", "gridcolor": "white", "linecolor": "white", "showbackground": true, "ticks": "", "zerolinecolor": "white", "gridwidth": 2}}, "shapedefaults": {"line": {"color": "#2a3f5f"}}, "annotationdefaults": {"arrowcolor": "#2a3f5f", "arrowhead": 0, "arrowwidth": 1}, "geo": {"bgcolor": "white", "landcolor": "#E5ECF6", "subunitcolor": "white", "showland": true, "showlakes": true, "lakecolor": "white"}, "title": {"x": 0.05}, "mapbox": {"style": "light"}}}}}