{"data": [{"z": [[16.080385208129883, 7.524651527404785, 1.9850285053253174, -2.7563705444335938, -1.7966183423995972, -2.3997957706451416, 2.8444948196411133, -12.55186653137207, -0.8844579458236694, -4.717284202575684, 3.9471030235290527, -2.5646631717681885, -1.9006778001785278, 8.49265193939209, -2.655909776687622, -0.7853111028671265, 3.5556304454803467, 1.0425174236297607, 1.8937313556671143, 7.976158618927002, 6.336075782775879], [7.524651527404785, 16.1372013092041, 0.9058427810668945, -6.786102771759033, -1.3707515001296997, -3.561763286590576, -1.4714654684066772, -3.4853198528289795, -4.363643169403076, 4.636406421661377, 0.8735843896865845, -5.680812358856201, -2.347510576248169, 0.8038918972015381, 2.3392415046691895, -5.342657566070557, 3.6340231895446777, -0.10002326965332031, 0.09995484352111816, 5.421686172485352, -1.2350006103515625], [1.9850285053253174, 0.9058427810668945, 15.689505577087402, 4.128233432769775, 3.5824999809265137, 0.42564037442207336, 1.4723888635635376, 1.9874120950698853, 1.5492281913757324, 4.594546794891357, 6.320970058441162, 4.355206489562988, -2.3753154277801514, 4.278729438781738, 5.92735481262207, 0.16131934523582458, -1.94830322265625, 3.870330810546875, -2.6750192642211914, -0.2762538194656372, 1.6864280700683594], [-2.7563705444335938, -6.786102771759033, 4.128233432769775, 17.711597442626953, 5.679431915283203, -0.0316280722618103, -1.1851571798324585, 1.396357774734497, -1.623948574066162, 1.9232337474822998, -1.4025499820709229, 3.4681379795074463, -2.417917251586914, -3.534782648086548, 10.166462898254395, 0.6878436207771301, -1.7410292625427246, 3.8070871829986572, 4.960464000701904, -4.898035526275635, 5.386624336242676], [-1.7966183423995972, -1.3707515001296997, 3.5824999809265137, 5.679431915283203, 20.775785446166992, -3.442915439605713, -1.0738766193389893, 0.3858439326286316, -0.6615461111068726, 1.3964903354644775, -1.020883321762085, 3.0882227420806885, 3.1686949729919434, 0.7439946532249451, 6.062139511108398, 1.603033185005188, -1.621539831161499, 4.037448406219482, -2.526691436767578, 2.292125701904297, 5.998635768890381], [-2.3997957706451416, -3.561763286590576, 0.42564037442207336, -0.0316280722618103, -3.442915439605713, 17.481874465942383, -0.40756499767303467, 6.803023815155029, 1.1064708232879639, 4.938396453857422, -0.28203698992729187, 1.9069634675979614, 1.0903542041778564, 1.2821216583251953, -5.624173164367676, 6.059605121612549, -1.7672126293182373, 2.1623167991638184, -5.566262245178223, -7.105987548828125, -1.310621738433838], [2.8444948196411133, -1.4714654684066772, 1.4723888635635376, -1.1851571798324585, -1.0738766193389893, -0.40756499767303467, 13.516458511352539, 1.52349853515625, 4.380704879760742, -10.013566970825195, 1.7539606094360352, 1.7395901679992676, -5.298769950866699, -3.150956392288208, -3.633021831512451, 0.5338693857192993, 0.17532038688659668, -0.14229214191436768, -1.9110252857208252, 8.076148986816406, 0.0009514093399047852], [-12.55186653137207, -3.4853198528289795, 1.9874120950698853, 1.396357774734497, 0.3858439326286316, 6.803023815155029, 1.52349853515625, 17.133113861083984, 2.6552085876464844, 7.944041728973389, -3.1534805297851562, 2.9916183948516846, -1.5413637161254883, -8.119636535644531, 3.341381072998047, 1.1017987728118896, -0.88413006067276, -0.5205552577972412, -3.791443109512329, -4.980249404907227, -7.712559700012207], [-0.8844579458236694, -4.363643169403076, 1.5492281913757324, -1.623948574066162, -0.6615461111068726, 1.1064708232879639, 4.380704879760742, 2.6552085876464844, 13.595866203308105, -9.502735137939453, -2.3888158798217773, 9.280305862426758, 1.6372008323669434, 1.413638949394226, 1.2796703577041626, 2.1187734603881836, 2.1366724967956543, -3.846651792526245, -1.369598150253296, -0.032808780670166016, -3.0887906551361084], [-4.717284202575684, 4.636406421661377, 4.594546794891357, 1.9232337474822998, 1.3964903354644775, 4.938396453857422, -10.013566970825195, 7.944041728973389, -9.502735137939453, 27.126041412353516, 1.8751009702682495, -3.9676291942596436, 2.111616373062134, 1.4951261281967163, 5.217442989349365, 1.688102126121521, 3.049588441848755, 2.290477752685547, 1.3930913209915161, -3.1340410709381104, -3.9213714599609375], [3.9471030235290527, 0.8735843896865845, 6.320970058441162, -1.4025499820709229, -1.020883321762085, -0.28203698992729187, 1.7539606094360352, -3.1534805297851562, -2.3888158798217773, 1.8751009702682495, 15.145057678222656, -3.3877720832824707, 2.1376442909240723, 10.103938102722168, -0.8286864161491394, 4.152193069458008, -1.3344354629516602, 8.635363578796387, 0.8973045349121094, -0.009001731872558594, 0.07968616485595703], [-2.5646631717681885, -5.680812358856201, 4.355206489562988, 3.4681379795074463, 3.0882227420806885, 1.9069634675979614, 1.7395901679992676, 2.9916183948516846, 9.280305862426758, -3.9676291942596436, -3.3877720832824707, 16.028249740600586, 2.295687198638916, -3.7660796642303467, 1.9929882287979126, 2.065213680267334, 0.0937047004699707, -7.820167541503906, -2.1869311332702637, 0.6282620429992676, -0.9961756467819214], [-1.9006778001785278, -2.347510576248169, -2.3753154277801514, -2.417917251586914, 3.1686949729919434, 1.0903542041778564, -5.298769950866699, -1.5413637161254883, 1.6372008323669434, 2.111616373062134, 2.1376442909240723, 2.295687198638916, 12.187106132507324, 5.812360763549805, -2.6701717376708984, 5.455435276031494, 1.1070544719696045, 2.848813772201538, 2.6882636547088623, -2.7779126167297363, 0.3691704273223877], [8.49265193939209, 0.8038918972015381, 4.278729438781738, -3.534782648086548, 0.7439946532249451, 1.2821216583251953, -3.150956392288208, -8.119636535644531, 1.413638949394226, 1.4951261281967163, 10.103938102722168, -3.7660796642303467, 5.812360763549805, 19.4185848236084, -2.46760892868042, 4.442065715789795, 2.5245213508605957, 9.202834129333496, 3.556903839111328, -0.6509951949119568, 2.2755963802337646], [-2.655909776687622, 2.3392415046691895, 5.92735481262207, 10.166462898254395, 6.062139511108398, -5.624173164367676, -3.633021831512451, 3.341381072998047, 1.2796703577041626, 5.217442989349365, -0.8286864161491394, 1.9929882287979126, -2.6701717376708984, -2.46760892868042, 15.970743179321289, -2.44316029548645, 1.6913748979568481, 1.7880642414093018, 3.6276416778564453, -3.8921124935150146, 0.24843943119049072], [-0.7853111028671265, -5.342657566070557, 0.16131934523582458, 0.6878436207771301, 1.603033185005188, 6.059605121612549, 0.5338693857192993, 1.1017987728118896, 2.1187734603881836, 1.688102126121521, 4.152193069458008, 2.065213680267334, 5.455435276031494, 4.442065715789795, -2.44316029548645, 7.8474555015563965, 0.3493999242782593, 3.9585084915161133, 0.11228156089782715, -3.4852728843688965, 1.589348316192627], [3.5556302070617676, 3.6340229511260986, -1.9483033418655396, -1.741029143333435, -1.6215397119522095, -1.7672128677368164, 0.1753203123807907, -0.8841300010681152, 2.136672019958496, 3.049588203430176, -1.3344355821609497, 0.09370505064725876, 1.1070542335510254, 2.524521589279175, 1.6913751363754272, 0.3493999242782593, 7.369296073913574, -1.5301247835159302, 4.029661655426025, 4.711665153503418, -1.824735403060913], [1.042517066001892, -0.10002332180738449, 3.870331287384033, 3.8070874214172363, 4.037447929382324, 2.1623167991638184, -0.14229220151901245, -0.5205554366111755, -3.846651792526245, 2.290477991104126, 8.635363578796387, -7.820167541503906, 2.84881329536438, 9.20283317565918, 1.7880641222000122, 3.9585087299346924, -1.5301247835159302, 15.897024154663086, 4.781138896942139, -6.750278472900391, 4.627443313598633], [1.8937309980392456, 0.0999549925327301, -2.6750190258026123, 4.960463523864746, -2.526691436767578, -5.566262722015381, -1.9110249280929565, -3.791442394256592, -1.3695979118347168, 1.3930913209915161, 0.8973048329353333, -2.1869306564331055, 2.688263416290283, 3.556903839111328, 3.6276416778564453, 0.11228162795305252, 4.029661655426025, 4.781138896942139, 12.870895385742188, -2.232900619506836, 1.9799549579620361], [7.976158142089844, 5.421685695648193, -0.2762536108493805, -4.898035049438477, 2.2921254634857178, -7.105988025665283, 8.076148986816406, -4.980248928070068, -0.03280866891145706, -3.1340410709381104, -0.00900187622755766, 0.6282612085342407, -2.7779128551483154, -0.6509953737258911, -3.8921127319335938, -3.4852731227874756, 4.711665153503418, -6.750278472900391, -2.232900619506836, 20.016263961791992, -1.5167021751403809], [6.336075782775879, -1.2350006103515625, 1.6864280700683594, 5.386624813079834, 5.998635768890381, -1.310621738433838, 0.0009512901306152344, -7.712559700012207, -3.0887906551361084, -3.9213712215423584, 0.07968592643737793, -0.9961757063865662, 0.3691704273223877, 2.2755963802337646, 0.24843943119049072, 1.589348316192627, -1.824735403060913, 4.627443313598633, 1.9799549579620361, -1.51670241355896, 10.956415176391602]], "type": "heatmap"}], "layout": {"template": {"data": {"histogram2dcontour": [{"type": "histogram2dcontour", "colorbar": {"outlinewidth": 0, "ticks": ""}, "colorscale": [[0.0, "#0d0887"], [0.1111111111111111, "#46039f"], [0.2222222222222222, "#7201a8"], [0.3333333333333333, "#9c179e"], [0.4444444444444444, "#bd3786"], [0.5555555555555556, "#d8576b"], [0.6666666666666666, "#ed7953"], [0.7777777777777778, "#fb9f3a"], [0.8888888888888888, "#fdca26"], [1.0, "#f0f921"]]}], "choropleth": [{"type": "choropleth", "colorbar": {"outlinewidth": 0, "ticks": ""}}], "histogram2d": [{"type": "histogram2d", "colorbar": {"outlinewidth": 0, "ticks": ""}, "colorscale": [[0.0, "#0d0887"], [0.1111111111111111, "#46039f"], [0.2222222222222222, "#7201a8"], [0.3333333333333333, "#9c179e"], [0.4444444444444444, "#bd3786"], [0.5555555555555556, "#d8576b"], [0.6666666666666666, "#ed7953"], [0.7777777777777778, "#fb9f3a"], [0.8888888888888888, "#fdca26"], [1.0, "#f0f921"]]}], "heatmap": [{"type": "heatmap", "colorbar": {"outlinewidth": 0, "ticks": ""}, "colorscale": [[0.0, "#0d0887"], [0.1111111111111111, "#46039f"], [0.2222222222222222, "#7201a8"], [0.3333333333333333, "#9c179e"], [0.4444444444444444, "#bd3786"], [0.5555555555555556, "#d8576b"], [0.6666666666666666, "#ed7953"], [0.7777777777777778, "#fb9f3a"], [0.8888888888888888, "#fdca26"], [1.0, "#f0f921"]]}], "heatmapgl": [{"type": "heatmapgl", "colorbar": {"outlinewidth": 0, "ticks": ""}, "colorscale": [[0.0, "#0d0887"], [0.1111111111111111, "#46039f"], [0.2222222222222222, "#7201a8"], [0.3333333333333333, "#9c179e"], [0.4444444444444444, "#bd3786"], [0.5555555555555556, "#d8576b"], [0.6666666666666666, "#ed7953"], [0.7777777777777778, "#fb9f3a"], [0.8888888888888888, "#fdca26"], [1.0, "#f0f921"]]}], "contourcarpet": [{"type": "contourcarpet", "colorbar": {"outlinewidth": 0, "ticks": ""}}], "contour": [{"type": "contour", "colorbar": {"outlinewidth": 0, "ticks": ""}, "colorscale": [[0.0, "#0d0887"], [0.1111111111111111, "#46039f"], [0.2222222222222222, "#7201a8"], [0.3333333333333333, "#9c179e"], [0.4444444444444444, "#bd3786"], [0.5555555555555556, "#d8576b"], [0.6666666666666666, "#ed7953"], [0.7777777777777778, "#fb9f3a"], [0.8888888888888888, "#fdca26"], [1.0, "#f0f921"]]}], "surface": [{"type": "surface", "colorbar": {"outlinewidth": 0, "ticks": ""}, "colorscale": [[0.0, "#0d0887"], [0.1111111111111111, "#46039f"], [0.2222222222222222, "#7201a8"], [0.3333333333333333, "#9c179e"], [0.4444444444444444, "#bd3786"], [0.5555555555555556, "#d8576b"], [0.6666666666666666, "#ed7953"], [0.7777777777777778, "#fb9f3a"], [0.8888888888888888, "#fdca26"], [1.0, "#f0f921"]]}], "mesh3d": [{"type": "mesh3d", "colorbar": {"outlinewidth": 0, "ticks": ""}}], "scatter": [{"fillpattern": {"fillmode": "overlay", "size": 10, "solidity": 0.2}, "type": "scatter"}], "parcoords": [{"type": "parcoords", "line": {"colorbar": {"outlinewidth": 0, "ticks": ""}}}], "scatterpolargl": [{"type": "scatterpolargl", "marker": {"colorbar": {"outlinewidth": 0, "ticks": ""}}}], "bar": [{"error_x": {"color": "#2a3f5f"}, "error_y": {"color": "#2a3f5f"}, "marker": {"line": {"color": "#E5ECF6", "width": 0.5}, "pattern": {"fillmode": "overlay", "size": 10, "solidity": 0.2}}, "type": "bar"}], "scattergeo": [{"type": "scattergeo", "marker": {"colorbar": {"outlinewidth": 0, "ticks": ""}}}], "scatterpolar": [{"type": "scatterpolar", "marker": {"colorbar": {"outlinewidth": 0, "ticks": ""}}}], "histogram": [{"marker": {"pattern": {"fillmode": "overlay", "size": 10, "solidity": 0.2}}, "type": "histogram"}], "scattergl": [{"type": "scattergl", "marker": {"colorbar": {"outlinewidth": 0, "ticks": ""}}}], "scatter3d": [{"type": "scatter3d", "line": {"colorbar": {"outlinewidth": 0, "ticks": ""}}, "marker": {"colorbar": {"outlinewidth": 0, "ticks": ""}}}], "scattermapbox": [{"type": "scattermapbox", "marker": {"colorbar": {"outlinewidth": 0, "ticks": ""}}}], "scatterternary": [{"type": "scatterternary", "marker": {"colorbar": {"outlinewidth": 0, "ticks": ""}}}], "scattercarpet": [{"type": "scattercarpet", "marker": {"colorbar": {"outlinewidth": 0, "ticks": ""}}}], "carpet": [{"aaxis": {"endlinecolor": "#2a3f5f", "gridcolor": "white", "linecolor": "white", "minorgridcolor": "white", "startlinecolor": "#2a3f5f"}, "baxis": {"endlinecolor": "#2a3f5f", "gridcolor": "white", "linecolor": "white", "minorgridcolor": "white", "startlinecolor": "#2a3f5f"}, "type": "carpet"}], "table": [{"cells": {"fill": {"color": "#EBF0F8"}, "line": {"color": "white"}}, "header": {"fill": {"color": "#C8D4E3"}, "line": {"color": "white"}}, "type": "table"}], "barpolar": [{"marker": {"line": {"color": "#E5ECF6", "width": 0.5}, "pattern": {"fillmode": "overlay", "size": 10, "solidity": 0.2}}, "type": "barpolar"}], "pie": [{"automargin": true, "type": "pie"}]}, "layout": {"autotypenumbers": "strict", "colorway": ["#636efa", "#EF553B", "#00cc96", "#ab63fa", "#FFA15A", "#19d3f3", "#FF6692", "#B6E880", "#FF97FF", "#FECB52"], "font": {"color": "#2a3f5f"}, "hovermode": "closest", "hoverlabel": {"align": "left"}, "paper_bgcolor": "white", "plot_bgcolor": "#E5ECF6", "polar": {"bgcolor": "#E5ECF6", "angularaxis": {"gridcolor": "white", "linecolor": "white", "ticks": ""}, "radialaxis": {"gridcolor": "white", "linecolor": "white", "ticks": ""}}, "ternary": {"bgcolor": "#E5ECF6", "aaxis": {"gridcolor": "white", "linecolor": "white", "ticks": ""}, "baxis": {"gridcolor": "white", "linecolor": "white", "ticks": ""}, "caxis": {"gridcolor": "white", "linecolor": "white", "ticks": ""}}, "coloraxis": {"colorbar": {"outlinewidth": 0, "ticks": ""}}, "colorscale": {"sequential": [[0.0, "#0d0887"], [0.1111111111111111, "#46039f"], [0.2222222222222222, "#7201a8"], [0.3333333333333333, "#9c179e"], [0.4444444444444444, "#bd3786"], [0.5555555555555556, "#d8576b"], [0.6666666666666666, "#ed7953"], [0.7777777777777778, "#fb9f3a"], [0.8888888888888888, "#fdca26"], [1.0, "#f0f921"]], "sequentialminus": [[0.0, "#0d0887"], [0.1111111111111111, "#46039f"], [0.2222222222222222, "#7201a8"], [0.3333333333333333, "#9c179e"], [0.4444444444444444, "#bd3786"], [0.5555555555555556, "#d8576b"], [0.6666666666666666, "#ed7953"], [0.7777777777777778, "#fb9f3a"], [0.8888888888888888, "#fdca26"], [1.0, "#f0f921"]], "diverging": [[0, "#8e0152"], [0.1, "#c51b7d"], [0.2, "#de77ae"], [0.3, "#f1b6da"], [0.4, "#fde0ef"], [0.5, "#f7f7f7"], [0.6, "#e6f5d0"], [0.7, "#b8e186"], [0.8, "#7fbc41"], [0.9, "#4d9221"], [1, "#276419"]]}, "xaxis": {"gridcolor": "white", "linecolor": "white", "ticks": "", "title": {"standoff": 15}, "zerolinecolor": "white", "automargin": true, "zerolinewidth": 2}, "yaxis": {"gridcolor": "white", "linecolor": "white", "ticks": "", "title": {"standoff": 15}, "zerolinecolor": "white", "automargin": true, "zerolinewidth": 2}, "scene": {"xaxis": {"backgroundcolor": "#E5ECF6", "gridcolor": "white", "linecolor": "white", "showbackground": true, "ticks": "", "zerolinecolor": "white", "gridwidth": 2}, "yaxis": {"backgroundcolor": "#E5ECF6", "gridcolor": "white", "linecolor": "white", "showbackground": true, "ticks": "", "zerolinecolor": "white", "gridwidth": 2}, "zaxis": {"backgroundcolor": "#E5ECF6", "gridcolor": "white", "linecolor": "white", "showbackground": true, "ticks": "", "zerolinecolor": "white", "gridwidth": 2}}, "shapedefaults": {"line": {"color": "#2a3f5f"}}, "annotationdefaults": {"arrowcolor": "#2a3f5f", "arrowhead": 0, "arrowwidth": 1}, "geo": {"bgcolor": "white", "landcolor": "#E5ECF6", "subunitcolor": "white", "showland": true, "showlakes": true, "lakecolor": "white"}, "title": {"x": 0.05}, "mapbox": {"style": "light"}}}}}