{"data": [{"z": [[16.16489028930664, 7.487179756164551, 2.0229074954986572, -2.7064850330352783, -1.798912525177002, -2.2068982124328613, 2.869225025177002, -12.41308879852295, -0.7820626497268677, -4.658263206481934, 3.8934085369110107, -2.5534393787384033, -1.85487699508667, 8.607418060302734, -2.653857707977295, -0.7481263875961304, 3.615385055541992, 1.1268233060836792, 1.97977876663208, 7.948675632476807, 6.375394821166992], [7.487179756164551, 15.983348846435547, 0.967790961265564, -6.676812171936035, -1.1755009889602661, -3.4196128845214844, -1.459665060043335, -3.364267349243164, -4.244430065155029, 4.653560161590576, 0.9100044369697571, -5.629903316497803, -2.172807216644287, 0.930910587310791, 2.371577739715576, -5.3139543533325195, 3.6019225120544434, -0.12253153324127197, 0.1534722000360489, 5.277762413024902, -1.1704277992248535], [2.0229074954986572, 0.967790961265564, 15.655677795410156, 4.20235538482666, 3.5874407291412354, 0.4446437656879425, 1.485216736793518, 2.0400662422180176, 1.5589181184768677, 4.5910325050354, 6.329006671905518, 4.417042255401611, -2.316401243209839, 4.2947564125061035, 5.981799602508545, 0.11533728986978531, -2.0233521461486816, 3.824746608734131, -2.6653082370758057, -0.17086267471313477, 1.6843098402023315], [-2.7064850330352783, -6.676812171936035, 4.20235538482666, 17.675357818603516, 5.643303394317627, 0.07156160473823547, -1.1703763008117676, 1.425913691520691, -1.599959135055542, 1.987994909286499, -1.3856515884399414, 3.583249092102051, -2.4242446422576904, -3.5369653701782227, 10.207531929016113, 0.736447274684906, -1.7331860065460205, 3.8674612045288086, 4.940776348114014, -4.862511157989502, 5.374408721923828], [-1.798912525177002, -1.1755009889602661, 3.5874407291412354, 5.643303394317627, 20.82626724243164, -3.403456449508667, -1.09809410572052, 0.4043876528739929, -0.6855347752571106, 1.4047694206237793, -0.9478898048400879, 3.1661536693573, 3.0935637950897217, 0.7804515957832336, 6.11329460144043, 1.631561040878296, -1.6211330890655518, 4.0577287673950195, -2.522892475128174, 2.396724224090576, 6.013260841369629], [-2.2068982124328613, -3.4196128845214844, 0.4446437656879425, 0.07156160473823547, -3.403456449508667, 17.350135803222656, -0.4005320072174072, 6.713639736175537, 1.0635017156600952, 4.993149280548096, -0.09217066317796707, 1.8202184438705444, 1.2216659784317017, 1.3685027360916138, -5.582681179046631, 6.1424479484558105, -1.8029074668884277, 2.2747936248779297, -5.508951187133789, -7.035008430480957, -1.2718487977981567], [2.869225025177002, -1.459665060043335, 1.485216736793518, -1.1703763008117676, -1.09809410572052, -0.4005320072174072, 13.440486907958984, 1.5012474060058594, 4.379380226135254, -9.911115646362305, 1.8545036315917969, 1.7097285985946655, -5.244155406951904, -3.144425868988037, -3.618945837020874, 0.5212167501449585, 0.21853536367416382, -0.09324347972869873, -1.9060693979263306, 8.066113471984863, -0.035665035247802734], [-12.41308879852295, -3.364267349243164, 2.0400662422180176, 1.425913691520691, 0.4043876528739929, 6.713639736175537, 1.5012474060058594, 16.975887298583984, 2.5995068550109863, 8.023109436035156, -2.9097812175750732, 2.9387407302856445, -1.4205106496810913, -8.007426261901855, 3.3984861373901367, 1.1939975023269653, -0.8617925047874451, -0.44066107273101807, -3.7431657314300537, -4.964264869689941, -7.650009632110596], [-0.7820626497268677, -4.244430065155029, 1.5589181184768677, -1.599959135055542, -0.6855347752571106, 1.0635017156600952, 4.379380226135254, 2.5995068550109863, 13.508256912231445, -9.456770896911621, -2.2459254264831543, 9.315427780151367, 1.6555122137069702, 1.4528095722198486, 1.3000661134719849, 2.1453068256378174, 2.150167465209961, -3.8263068199157715, -1.3294899463653564, 0.06370019912719727, -3.0501012802124023], [-4.658263206481934, 4.653560161590576, 4.5910325050354, 1.987994909286499, 1.4047694206237793, 4.993149280548096, -9.911115646362305, 8.023109436035156, -9.456770896911621, 27.06637191772461, 1.797356128692627, -3.9683516025543213, 2.1666054725646973, 1.544358491897583, 5.233381748199463, 1.7098422050476074, 3.039400100708008, 2.303041934967041, 1.444669246673584, -3.0702149868011475, -3.910388469696045], [3.8934085369110107, 0.9100044369697571, 6.329006671905518, -1.3856515884399414, -0.9478898048400879, -0.09217066317796707, 1.8545036315917969, -2.9097812175750732, -2.2459254264831543, 1.797356128692627, 14.832198143005371, -3.1376163959503174, 2.07710599899292, 9.919183731079102, -0.8152313232421875, 4.052344799041748, -1.4199541807174683, 8.452814102172852, 0.7600598335266113, 0.08883261680603027, -0.014455676078796387], [-2.5534393787384033, -5.629903316497803, 4.417042255401611, 3.583249092102051, 3.1661536693573, 1.8202184438705444, 1.7097285985946655, 2.9387407302856445, 9.315427780151367, -3.9683516025543213, -3.1376163959503174, 16.137386322021484, 2.3954081535339355, -3.784331798553467, 2.0452847480773926, 2.1413562297821045, 0.03888905048370361, -7.763571739196777, -2.2215142250061035, 0.6858100891113281, -0.956622838973999], [-1.85487699508667, -2.172807216644287, -2.316401243209839, -2.4242446422576904, 3.0935637950897217, 1.2216659784317017, -5.244155406951904, -1.4205106496810913, 1.6555122137069702, 2.1666054725646973, 2.07710599899292, 2.3954081535339355, 12.016928672790527, 5.778700828552246, -2.654802083969116, 5.402148246765137, 1.0642473697662354, 2.816361665725708, 2.6530447006225586, -2.7005226612091064, 0.28362059593200684], [8.607418060302734, 0.930910587310791, 4.2947564125061035, -3.5369653701782227, 0.7804515957832336, 1.3685027360916138, -3.144425868988037, -8.007426261901855, 1.4528095722198486, 1.544358491897583, 9.919183731079102, -3.784331798553467, 5.778700828552246, 19.65116310119629, -2.345837116241455, 4.4342122077941895, 2.5530524253845215, 9.254619598388672, 3.6769237518310547, -0.5794986486434937, 2.289475440979004], [-2.653857707977295, 2.371577739715576, 5.981799602508545, 10.207531929016113, 6.11329460144043, -5.582681179046631, -3.618945837020874, 3.3984861373901367, 1.3000661134719849, 5.233381748199463, -0.8152313232421875, 2.0452847480773926, -2.654802083969116, -2.345837116241455, 16.11165428161621, -2.448246479034424, 1.7020713090896606, 1.7993144989013672, 3.6790990829467773, -3.8506340980529785, 0.24624454975128174], [-0.7481263875961304, -5.3139543533325195, 0.11533728986978531, 0.736447274684906, 1.631561040878296, 6.1424479484558105, 0.5212167501449585, 1.1939975023269653, 2.1453068256378174, 1.7098422050476074, 4.052344799041748, 2.1413562297821045, 5.402148246765137, 4.4342122077941895, -2.448246479034424, 7.911525249481201, 0.28112316131591797, 3.992556095123291, 0.09267222881317139, -3.473233222961426, 1.5758031606674194], [3.615385055541992, 3.6019225120544434, -2.02335262298584, -1.7331857681274414, -1.6211328506469727, -1.8029075860977173, 0.21853551268577576, -0.8617925047874451, 2.15016770362854, 3.0393998622894287, -1.4199541807174683, 0.03888922929763794, 1.064247488975525, 2.5530524253845215, 1.7020715475082397, 0.2811231017112732, 7.500369071960449, -1.583085060119629, 4.103259086608887, 4.818653583526611, -1.8401529788970947], [1.1268230676651, -0.12253186106681824, 3.824746608734131, 3.8674614429473877, 4.0577287673950195, 2.2747933864593506, -0.0932430624961853, -0.4406609833240509, -3.8263065814971924, 2.303041934967041, 8.452814102172852, -7.763570785522461, 2.816361904144287, 9.254618644714355, 1.7993147373199463, 3.9925553798675537, -1.583085060119629, 15.84585952758789, 4.838994026184082, -6.669901371002197, 4.666654586791992], [1.9797782897949219, 0.15347224473953247, -2.6653079986572266, 4.940776824951172, -2.522892713546753, -5.508951187133789, -1.9060696363449097, -3.7431657314300537, -1.329490065574646, 1.4446687698364258, 0.7600599527359009, -2.2215142250061035, 2.6530447006225586, 3.6769237518310547, 3.679098606109619, 0.09267222881317139, 4.103259086608887, 4.838994026184082, 13.010664939880371, -2.2001290321350098, 1.9902677536010742], [7.948675632476807, 5.277761936187744, -0.17086298763751984, -4.862511157989502, 2.396724224090576, -7.035007953643799, 8.066113471984863, -4.964264869689941, 0.06370029598474503, -3.0702152252197266, 0.08883287012577057, 0.6858100891113281, -2.7005226612091064, -0.5794990062713623, -3.8506340980529785, -3.473233461380005, 4.818653583526611, -6.669901371002197, -2.2001290321350098, 19.957809448242188, -1.4667258262634277], [6.375394344329834, -1.1704275608062744, 1.684309482574463, 5.374409198760986, 6.013260841369629, -1.2718489170074463, -0.035665035247802734, -7.650009632110596, -3.0501015186309814, -3.910388469696045, -0.014455676078796387, -0.956622838973999, 0.28362107276916504, 2.289475440979004, 0.2462446689605713, 1.5758033990859985, -1.8401530981063843, 4.666654586791992, 1.9902677536010742, -1.4667257070541382, 10.956415176391602]], "type": "heatmap"}], "layout": {"template": {"data": {"histogram2dcontour": [{"type": "histogram2dcontour", "colorbar": {"outlinewidth": 0, "ticks": ""}, "colorscale": [[0.0, "#0d0887"], [0.1111111111111111, "#46039f"], [0.2222222222222222, "#7201a8"], [0.3333333333333333, "#9c179e"], [0.4444444444444444, "#bd3786"], [0.5555555555555556, "#d8576b"], [0.6666666666666666, "#ed7953"], [0.7777777777777778, "#fb9f3a"], [0.8888888888888888, "#fdca26"], [1.0, "#f0f921"]]}], "choropleth": [{"type": "choropleth", "colorbar": {"outlinewidth": 0, "ticks": ""}}], "histogram2d": [{"type": "histogram2d", "colorbar": {"outlinewidth": 0, "ticks": ""}, "colorscale": [[0.0, "#0d0887"], [0.1111111111111111, "#46039f"], [0.2222222222222222, "#7201a8"], [0.3333333333333333, "#9c179e"], [0.4444444444444444, "#bd3786"], [0.5555555555555556, "#d8576b"], [0.6666666666666666, "#ed7953"], [0.7777777777777778, "#fb9f3a"], [0.8888888888888888, "#fdca26"], [1.0, "#f0f921"]]}], "heatmap": [{"type": "heatmap", "colorbar": {"outlinewidth": 0, "ticks": ""}, "colorscale": [[0.0, "#0d0887"], [0.1111111111111111, "#46039f"], [0.2222222222222222, "#7201a8"], [0.3333333333333333, "#9c179e"], [0.4444444444444444, "#bd3786"], [0.5555555555555556, "#d8576b"], [0.6666666666666666, "#ed7953"], [0.7777777777777778, "#fb9f3a"], [0.8888888888888888, "#fdca26"], [1.0, "#f0f921"]]}], "heatmapgl": [{"type": "heatmapgl", "colorbar": {"outlinewidth": 0, "ticks": ""}, "colorscale": [[0.0, "#0d0887"], [0.1111111111111111, "#46039f"], [0.2222222222222222, "#7201a8"], [0.3333333333333333, "#9c179e"], [0.4444444444444444, "#bd3786"], [0.5555555555555556, "#d8576b"], [0.6666666666666666, "#ed7953"], [0.7777777777777778, "#fb9f3a"], [0.8888888888888888, "#fdca26"], [1.0, "#f0f921"]]}], "contourcarpet": [{"type": "contourcarpet", "colorbar": {"outlinewidth": 0, "ticks": ""}}], "contour": [{"type": "contour", "colorbar": {"outlinewidth": 0, "ticks": ""}, "colorscale": [[0.0, "#0d0887"], [0.1111111111111111, "#46039f"], [0.2222222222222222, "#7201a8"], [0.3333333333333333, "#9c179e"], [0.4444444444444444, "#bd3786"], [0.5555555555555556, "#d8576b"], [0.6666666666666666, "#ed7953"], [0.7777777777777778, "#fb9f3a"], [0.8888888888888888, "#fdca26"], [1.0, "#f0f921"]]}], "surface": [{"type": "surface", "colorbar": {"outlinewidth": 0, "ticks": ""}, "colorscale": [[0.0, "#0d0887"], [0.1111111111111111, "#46039f"], [0.2222222222222222, "#7201a8"], [0.3333333333333333, "#9c179e"], [0.4444444444444444, "#bd3786"], [0.5555555555555556, "#d8576b"], [0.6666666666666666, "#ed7953"], [0.7777777777777778, "#fb9f3a"], [0.8888888888888888, "#fdca26"], [1.0, "#f0f921"]]}], "mesh3d": [{"type": "mesh3d", "colorbar": {"outlinewidth": 0, "ticks": ""}}], "scatter": [{"fillpattern": {"fillmode": "overlay", "size": 10, "solidity": 0.2}, "type": "scatter"}], "parcoords": [{"type": "parcoords", "line": {"colorbar": {"outlinewidth": 0, "ticks": ""}}}], "scatterpolargl": [{"type": "scatterpolargl", "marker": {"colorbar": {"outlinewidth": 0, "ticks": ""}}}], "bar": [{"error_x": {"color": "#2a3f5f"}, "error_y": {"color": "#2a3f5f"}, "marker": {"line": {"color": "#E5ECF6", "width": 0.5}, "pattern": {"fillmode": "overlay", "size": 10, "solidity": 0.2}}, "type": "bar"}], "scattergeo": [{"type": "scattergeo", "marker": {"colorbar": {"outlinewidth": 0, "ticks": ""}}}], "scatterpolar": [{"type": "scatterpolar", "marker": {"colorbar": {"outlinewidth": 0, "ticks": ""}}}], "histogram": [{"marker": {"pattern": {"fillmode": "overlay", "size": 10, "solidity": 0.2}}, "type": "histogram"}], "scattergl": [{"type": "scattergl", "marker": {"colorbar": {"outlinewidth": 0, "ticks": ""}}}], "scatter3d": [{"type": "scatter3d", "line": {"colorbar": {"outlinewidth": 0, "ticks": ""}}, "marker": {"colorbar": {"outlinewidth": 0, "ticks": ""}}}], "scattermapbox": [{"type": "scattermapbox", "marker": {"colorbar": {"outlinewidth": 0, "ticks": ""}}}], "scatterternary": [{"type": "scatterternary", "marker": {"colorbar": {"outlinewidth": 0, "ticks": ""}}}], "scattercarpet": [{"type": "scattercarpet", "marker": {"colorbar": {"outlinewidth": 0, "ticks": ""}}}], "carpet": [{"aaxis": {"endlinecolor": "#2a3f5f", "gridcolor": "white", "linecolor": "white", "minorgridcolor": "white", "startlinecolor": "#2a3f5f"}, "baxis": {"endlinecolor": "#2a3f5f", "gridcolor": "white", "linecolor": "white", "minorgridcolor": "white", "startlinecolor": "#2a3f5f"}, "type": "carpet"}], "table": [{"cells": {"fill": {"color": "#EBF0F8"}, "line": {"color": "white"}}, "header": {"fill": {"color": "#C8D4E3"}, "line": {"color": "white"}}, "type": "table"}], "barpolar": [{"marker": {"line": {"color": "#E5ECF6", "width": 0.5}, "pattern": {"fillmode": "overlay", "size": 10, "solidity": 0.2}}, "type": "barpolar"}], "pie": [{"automargin": true, "type": "pie"}]}, "layout": {"autotypenumbers": "strict", "colorway": ["#636efa", "#EF553B", "#00cc96", "#ab63fa", "#FFA15A", "#19d3f3", "#FF6692", "#B6E880", "#FF97FF", "#FECB52"], "font": {"color": "#2a3f5f"}, "hovermode": "closest", "hoverlabel": {"align": "left"}, "paper_bgcolor": "white", "plot_bgcolor": "#E5ECF6", "polar": {"bgcolor": "#E5ECF6", "angularaxis": {"gridcolor": "white", "linecolor": "white", "ticks": ""}, "radialaxis": {"gridcolor": "white", "linecolor": "white", "ticks": ""}}, "ternary": {"bgcolor": "#E5ECF6", "aaxis": {"gridcolor": "white", "linecolor": "white", "ticks": ""}, "baxis": {"gridcolor": "white", "linecolor": "white", "ticks": ""}, "caxis": {"gridcolor": "white", "linecolor": "white", "ticks": ""}}, "coloraxis": {"colorbar": {"outlinewidth": 0, "ticks": ""}}, "colorscale": {"sequential": [[0.0, "#0d0887"], [0.1111111111111111, "#46039f"], [0.2222222222222222, "#7201a8"], [0.3333333333333333, "#9c179e"], [0.4444444444444444, "#bd3786"], [0.5555555555555556, "#d8576b"], [0.6666666666666666, "#ed7953"], [0.7777777777777778, "#fb9f3a"], [0.8888888888888888, "#fdca26"], [1.0, "#f0f921"]], "sequentialminus": [[0.0, "#0d0887"], [0.1111111111111111, "#46039f"], [0.2222222222222222, "#7201a8"], [0.3333333333333333, "#9c179e"], [0.4444444444444444, "#bd3786"], [0.5555555555555556, "#d8576b"], [0.6666666666666666, "#ed7953"], [0.7777777777777778, "#fb9f3a"], [0.8888888888888888, "#fdca26"], [1.0, "#f0f921"]], "diverging": [[0, "#8e0152"], [0.1, "#c51b7d"], [0.2, "#de77ae"], [0.3, "#f1b6da"], [0.4, "#fde0ef"], [0.5, "#f7f7f7"], [0.6, "#e6f5d0"], [0.7, "#b8e186"], [0.8, "#7fbc41"], [0.9, "#4d9221"], [1, "#276419"]]}, "xaxis": {"gridcolor": "white", "linecolor": "white", "ticks": "", "title": {"standoff": 15}, "zerolinecolor": "white", "automargin": true, "zerolinewidth": 2}, "yaxis": {"gridcolor": "white", "linecolor": "white", "ticks": "", "title": {"standoff": 15}, "zerolinecolor": "white", "automargin": true, "zerolinewidth": 2}, "scene": {"xaxis": {"backgroundcolor": "#E5ECF6", "gridcolor": "white", "linecolor": "white", "showbackground": true, "ticks": "", "zerolinecolor": "white", "gridwidth": 2}, "yaxis": {"backgroundcolor": "#E5ECF6", "gridcolor": "white", "linecolor": "white", "showbackground": true, "ticks": "", "zerolinecolor": "white", "gridwidth": 2}, "zaxis": {"backgroundcolor": "#E5ECF6", "gridcolor": "white", "linecolor": "white", "showbackground": true, "ticks": "", "zerolinecolor": "white", "gridwidth": 2}}, "shapedefaults": {"line": {"color": "#2a3f5f"}}, "annotationdefaults": {"arrowcolor": "#2a3f5f", "arrowhead": 0, "arrowwidth": 1}, "geo": {"bgcolor": "white", "landcolor": "#E5ECF6", "subunitcolor": "white", "showland": true, "showlakes": true, "lakecolor": "white"}, "title": {"x": 0.05}, "mapbox": {"style": "light"}}}}}