{"data": [{"z": [[15.718047142028809, 7.516903877258301, 1.9005100727081299, -2.8834457397460938, -1.84638249874115, -2.676335334777832, 2.7456393241882324, -12.792620658874512, -1.0823633670806885, -4.872888565063477, 4.016483783721924, -2.5369057655334473, -2.017517328262329, 8.139287948608398, -2.668701648712158, -0.8110445737838745, 3.4366326332092285, 0.8948032855987549, 1.6129491329193115, 7.937619686126709, 6.237444877624512], [7.516903877258301, 16.237123489379883, 0.7727331519126892, -6.962714195251465, -1.7256364822387695, -3.833477735519409, -1.546743392944336, -3.783189058303833, -4.597140312194824, 4.507211208343506, 0.7602853178977966, -5.703146457672119, -2.7127480506896973, 0.4473361074924469, 2.2395424842834473, -5.263363361358643, 3.6252148151397705, -0.06500601768493652, -0.09807339310646057, 5.645586013793945, -1.3031877279281616], [1.9005100727081299, 0.7727331519126892, 15.734367370605469, 3.9498915672302246, 3.594874858856201, 0.2962297201156616, 1.3969100713729858, 1.8166052103042603, 1.4936460256576538, 4.540584564208984, 6.282984733581543, 4.239610195159912, -2.5504443645477295, 4.2569122314453125, 5.796651363372803, 0.3021334409713745, -1.7729772329330444, 3.9485862255096436, -2.6636505126953125, -0.4930011034011841, 1.6856586933135986], [-2.8834457397460938, -6.962714195251465, 3.9498915672302246, 17.70580291748047, 5.696651935577393, -0.25791361927986145, -1.234068751335144, 1.3137480020523071, -1.6841548681259155, 1.76560378074646, -1.456039309501648, 3.2166574001312256, -2.4240288734436035, -3.550271987915039, 10.042792320251465, 0.5369147062301636, -1.728342056274414, 3.604391574859619, 4.971770286560059, -4.973302841186523, 5.394716262817383], [-1.84638249874115, -1.7256364822387695, 3.594874858856201, 5.696651935577393, 20.582178115844727, -3.5030527114868164, -1.0812844038009644, 0.3191247880458832, -0.6444665193557739, 1.3980989456176758, -1.204736590385437, 2.945561170578003, 3.23163104057312, 0.6622787714004517, 5.950234889984131, 1.6097681522369385, -1.558122992515564, 3.9690358638763428, -2.5525074005126953, 2.0609524250030518, 5.966232776641846], [-2.676335334777832, -3.833477735519409, 0.2962297201156616, -0.25791361927986145, -3.5030527114868164, 17.576351165771484, -0.34827345609664917, 6.876929759979248, 1.1202245950698853, 4.734592914581299, -0.6829836964607239, 1.97474205493927, 0.850445568561554, 1.0174980163574219, -5.785889625549316, 5.7363080978393555, -1.7405989170074463, 1.8258380889892578, -5.625959873199463, -7.222502708435059, -1.3395633697509766], [2.7456393241882324, -1.546743392944336, 1.3969100713729858, -1.234068751335144, -1.0812844038009644, -0.34827345609664917, 13.556824684143066, 1.5688514709472656, 4.328244686126709, -10.177459716796875, 1.491096019744873, 1.781645655632019, -5.457121849060059, -3.1738758087158203, -3.731156349182129, 0.6069174408912659, 0.03736674785614014, -0.24709594249725342, -1.9785515069961548, 7.987644672393799, 0.08142423629760742], [-12.792620658874512, -3.783189058303833, 1.8166052103042603, 1.3137480020523071, 0.3191247880458832, 6.876929759979248, 1.5688514709472656, 17.44481086730957, 2.7429187297821045, 7.763460636138916, -3.722658395767212, 3.012613534927368, -1.8027509450912476, -8.367449760437012, 3.173807144165039, 0.9205535054206848, -0.9569481611251831, -0.7299033403396606, -3.8613717555999756, -5.053366661071777, -7.8204240798950195], [-1.0823633670806885, -4.597140312194824, 1.4936460256576538, -1.6841548681259155, -0.6444665193557739, 1.1202245950698853, 4.328244686126709, 2.7429187297821045, 13.762222290039062, -9.601787567138672, -2.7102503776550293, 9.13931941986084, 1.540148138999939, 1.3534042835235596, 1.216809868812561, 2.087810516357422, 2.1423916816711426, -3.8765900135040283, -1.4270868301391602, -0.23932433128356934, -3.1694095134735107], [-4.872888565063477, 4.507211208343506, 4.540584564208984, 1.76560378074646, 1.3980989456176758, 4.734592914581299, -10.177459716796875, 7.763460636138916, -9.601787567138672, 27.129348754882812, 2.00026798248291, -3.9705567359924316, 2.0269668102264404, 1.2958018779754639, 5.1433000564575195, 1.5418239831924438, 3.0741360187530518, 2.1796019077301025, 1.2716014385223389, -3.26792311668396, -3.9503207206726074], [4.016483783721924, 0.7602853178977966, 6.282984733581543, -1.456039309501648, -1.204736590385437, -0.6829836964607239, 1.491096019744873, -3.722658395767212, -2.7102503776550293, 2.00026798248291, 15.843643188476562, -3.9037139415740967, 2.257765769958496, 10.43089485168457, -0.9024002552032471, 4.32166051864624, -1.1048407554626465, 8.974973678588867, 1.1541392803192139, -0.22878193855285645, 0.25518572330474854], [-2.5369057655334473, -5.703146457672119, 4.239610195159912, 3.2166574001312256, 2.945561170578003, 1.97474205493927, 1.781645655632019, 3.012613534927368, 9.13931941986084, -3.9705567359924316, -3.9037139415740967, 15.722771644592285, 2.0510551929473877, -3.656397819519043, 1.8742332458496094, 1.9577490091323853, 0.21384620666503906, -7.878231048583984, -2.073457956314087, 0.4805746078491211, -1.0236841440200806], [-2.017517328262329, -2.7127480506896973, -2.5504443645477295, -2.4240288734436035, 3.23163104057312, 0.850445568561554, -5.457121849060059, -1.8027509450912476, 1.540148138999939, 2.0269668102264404, 2.257765769958496, 2.0510551929473877, 12.531401634216309, 5.839981555938721, -2.751149892807007, 5.506896018981934, 1.2219195365905762, 2.8580033779144287, 2.7580103874206543, -2.9631545543670654, 0.5279731750488281], [8.139287948608398, 0.4473361074924469, 4.2569122314453125, -3.550271987915039, 0.6622787714004517, 1.0174980163574219, -3.1738758087158203, -8.367449760437012, 1.3534042835235596, 1.2958018779754639, 10.43089485168457, -3.656397819519043, 5.839981555938721, 18.775711059570312, -2.7167820930480957, 4.377261161804199, 2.511091947555542, 8.967702865600586, 3.261744976043701, -0.7461339831352234, 2.2414193153381348], [-2.668701648712158, 2.2395424842834473, 5.796651363372803, 10.042792320251465, 5.950234889984131, -5.785889625549316, -3.731156349182129, 3.173807144165039, 1.216809868812561, 5.1433000564575195, -0.9024002552032471, 1.8742332458496094, -2.751149892807007, -2.7167820930480957, 15.666519165039062, -2.4024531841278076, 1.7141754627227783, 1.739104986190796, 3.519620418548584, -3.957728862762451, 0.27961766719818115], [-0.8110445737838745, -5.263363361358643, 0.3021334409713745, 0.5369147062301636, 1.6097681522369385, 5.7363080978393555, 0.6069174408912659, 0.9205535054206848, 2.087810516357422, 1.5418239831924438, 4.32166051864624, 1.9577490091323853, 5.506896018981934, 4.377261161804199, -2.4024531841278076, 7.5003461837768555, 0.5172559022903442, 3.794429302215576, 0.12469887733459473, -3.3831663131713867, 1.5787298679351807], [3.4366323947906494, 3.6252148151397705, -1.7729772329330444, -1.7283419370651245, -1.558122992515564, -1.740598440170288, 0.03736679255962372, -0.9569480419158936, 2.1423914432525635, 3.0741357803344727, -1.1048407554626465, 0.21384623646736145, 1.2219196557998657, 2.511091947555542, 1.7141754627227783, 0.517255961894989, 7.162721633911133, -1.3498564958572388, 3.89045786857605, 4.515656471252441, -1.7793381214141846], [0.8948034644126892, -0.06500593572854996, 3.9485859870910645, 3.60439133644104, 3.969036340713501, 1.8258382081985474, -0.24709610641002655, -0.7299032807350159, -3.8765900135040283, 2.1796016693115234, 8.974973678588867, -7.878231048583984, 2.858003616333008, 8.967702865600586, 1.739105224609375, 3.7944295406341553, -1.3498564958572388, 15.872037887573242, 4.634190559387207, -6.811557769775391, 4.5332183837890625], [1.6129493713378906, -0.0980733186006546, -2.6636507511138916, 4.971770286560059, -2.5525074005126953, -5.625959396362305, -1.9785515069961548, -3.8613715171813965, -1.4270871877670288, 1.2716010808944702, 1.1541393995285034, -2.073457717895508, 2.758010149002075, 3.261744737625122, 3.5196194648742676, 0.12469909340143204, 3.89045786857605, 4.634190559387207, 12.477248191833496, -2.3512752056121826, 1.9517762660980225], [7.937619686126709, 5.645586013793945, -0.4930011034011841, -4.973302841186523, 2.06095290184021, -7.2225022315979, 7.987644672393799, -5.053366184234619, -0.23932452499866486, -3.267923593521118, -0.22878216207027435, 0.4805748164653778, -2.9631545543670654, -0.7461338043212891, -3.957728624343872, -3.3831653594970703, 4.515656471252441, -6.811557769775391, -2.3512752056121826, 20.09283447265625, -1.5804040431976318], [6.237444877624512, -1.3031877279281616, 1.6856589317321777, 5.394716262817383, 5.96623420715332, -1.3395636081695557, 0.08142411708831787, -7.8204240798950195, -3.1694095134735107, -3.9503209590911865, 0.25518572330474854, -1.023683786392212, 0.5279731750488281, 2.2414193153381348, 0.2796177864074707, 1.5787299871444702, -1.7793381214141846, 4.5332183837890625, 1.9517762660980225, -1.5804040431976318, 10.956415176391602]], "type": "heatmap"}], "layout": {"template": {"data": {"histogram2dcontour": [{"type": "histogram2dcontour", "colorbar": {"outlinewidth": 0, "ticks": ""}, "colorscale": [[0.0, "#0d0887"], [0.1111111111111111, "#46039f"], [0.2222222222222222, "#7201a8"], [0.3333333333333333, "#9c179e"], [0.4444444444444444, "#bd3786"], [0.5555555555555556, "#d8576b"], [0.6666666666666666, "#ed7953"], [0.7777777777777778, "#fb9f3a"], [0.8888888888888888, "#fdca26"], [1.0, "#f0f921"]]}], "choropleth": [{"type": "choropleth", "colorbar": {"outlinewidth": 0, "ticks": ""}}], "histogram2d": [{"type": "histogram2d", "colorbar": {"outlinewidth": 0, "ticks": ""}, "colorscale": [[0.0, "#0d0887"], [0.1111111111111111, "#46039f"], [0.2222222222222222, "#7201a8"], [0.3333333333333333, "#9c179e"], [0.4444444444444444, "#bd3786"], [0.5555555555555556, "#d8576b"], [0.6666666666666666, "#ed7953"], [0.7777777777777778, "#fb9f3a"], [0.8888888888888888, "#fdca26"], [1.0, "#f0f921"]]}], "heatmap": [{"type": "heatmap", "colorbar": {"outlinewidth": 0, "ticks": ""}, "colorscale": [[0.0, "#0d0887"], [0.1111111111111111, "#46039f"], [0.2222222222222222, "#7201a8"], [0.3333333333333333, "#9c179e"], [0.4444444444444444, "#bd3786"], [0.5555555555555556, "#d8576b"], [0.6666666666666666, "#ed7953"], [0.7777777777777778, "#fb9f3a"], [0.8888888888888888, "#fdca26"], [1.0, "#f0f921"]]}], "heatmapgl": [{"type": "heatmapgl", "colorbar": {"outlinewidth": 0, "ticks": ""}, "colorscale": [[0.0, "#0d0887"], [0.1111111111111111, "#46039f"], [0.2222222222222222, "#7201a8"], [0.3333333333333333, "#9c179e"], [0.4444444444444444, "#bd3786"], [0.5555555555555556, "#d8576b"], [0.6666666666666666, "#ed7953"], [0.7777777777777778, "#fb9f3a"], [0.8888888888888888, "#fdca26"], [1.0, "#f0f921"]]}], "contourcarpet": [{"type": "contourcarpet", "colorbar": {"outlinewidth": 0, "ticks": ""}}], "contour": [{"type": "contour", "colorbar": {"outlinewidth": 0, "ticks": ""}, "colorscale": [[0.0, "#0d0887"], [0.1111111111111111, "#46039f"], [0.2222222222222222, "#7201a8"], [0.3333333333333333, "#9c179e"], [0.4444444444444444, "#bd3786"], [0.5555555555555556, "#d8576b"], [0.6666666666666666, "#ed7953"], [0.7777777777777778, "#fb9f3a"], [0.8888888888888888, "#fdca26"], [1.0, "#f0f921"]]}], "surface": [{"type": "surface", "colorbar": {"outlinewidth": 0, "ticks": ""}, "colorscale": [[0.0, "#0d0887"], [0.1111111111111111, "#46039f"], [0.2222222222222222, "#7201a8"], [0.3333333333333333, "#9c179e"], [0.4444444444444444, "#bd3786"], [0.5555555555555556, "#d8576b"], [0.6666666666666666, "#ed7953"], [0.7777777777777778, "#fb9f3a"], [0.8888888888888888, "#fdca26"], [1.0, "#f0f921"]]}], "mesh3d": [{"type": "mesh3d", "colorbar": {"outlinewidth": 0, "ticks": ""}}], "scatter": [{"fillpattern": {"fillmode": "overlay", "size": 10, "solidity": 0.2}, "type": "scatter"}], "parcoords": [{"type": "parcoords", "line": {"colorbar": {"outlinewidth": 0, "ticks": ""}}}], "scatterpolargl": [{"type": "scatterpolargl", "marker": {"colorbar": {"outlinewidth": 0, "ticks": ""}}}], "bar": [{"error_x": {"color": "#2a3f5f"}, "error_y": {"color": "#2a3f5f"}, "marker": {"line": {"color": "#E5ECF6", "width": 0.5}, "pattern": {"fillmode": "overlay", "size": 10, "solidity": 0.2}}, "type": "bar"}], "scattergeo": [{"type": "scattergeo", "marker": {"colorbar": {"outlinewidth": 0, "ticks": ""}}}], "scatterpolar": [{"type": "scatterpolar", "marker": {"colorbar": {"outlinewidth": 0, "ticks": ""}}}], "histogram": [{"marker": {"pattern": {"fillmode": "overlay", "size": 10, "solidity": 0.2}}, "type": "histogram"}], "scattergl": [{"type": "scattergl", "marker": {"colorbar": {"outlinewidth": 0, "ticks": ""}}}], "scatter3d": [{"type": "scatter3d", "line": {"colorbar": {"outlinewidth": 0, "ticks": ""}}, "marker": {"colorbar": {"outlinewidth": 0, "ticks": ""}}}], "scattermapbox": [{"type": "scattermapbox", "marker": {"colorbar": {"outlinewidth": 0, "ticks": ""}}}], "scatterternary": [{"type": "scatterternary", "marker": {"colorbar": {"outlinewidth": 0, "ticks": ""}}}], "scattercarpet": [{"type": "scattercarpet", "marker": {"colorbar": {"outlinewidth": 0, "ticks": ""}}}], "carpet": [{"aaxis": {"endlinecolor": "#2a3f5f", "gridcolor": "white", "linecolor": "white", "minorgridcolor": "white", "startlinecolor": "#2a3f5f"}, "baxis": {"endlinecolor": "#2a3f5f", "gridcolor": "white", "linecolor": "white", "minorgridcolor": "white", "startlinecolor": "#2a3f5f"}, "type": "carpet"}], "table": [{"cells": {"fill": {"color": "#EBF0F8"}, "line": {"color": "white"}}, "header": {"fill": {"color": "#C8D4E3"}, "line": {"color": "white"}}, "type": "table"}], "barpolar": [{"marker": {"line": {"color": "#E5ECF6", "width": 0.5}, "pattern": {"fillmode": "overlay", "size": 10, "solidity": 0.2}}, "type": "barpolar"}], "pie": [{"automargin": true, "type": "pie"}]}, "layout": {"autotypenumbers": "strict", "colorway": ["#636efa", "#EF553B", "#00cc96", "#ab63fa", "#FFA15A", "#19d3f3", "#FF6692", "#B6E880", "#FF97FF", "#FECB52"], "font": {"color": "#2a3f5f"}, "hovermode": "closest", "hoverlabel": {"align": "left"}, "paper_bgcolor": "white", "plot_bgcolor": "#E5ECF6", "polar": {"bgcolor": "#E5ECF6", "angularaxis": {"gridcolor": "white", "linecolor": "white", "ticks": ""}, "radialaxis": {"gridcolor": "white", "linecolor": "white", "ticks": ""}}, "ternary": {"bgcolor": "#E5ECF6", "aaxis": {"gridcolor": "white", "linecolor": "white", "ticks": ""}, "baxis": {"gridcolor": "white", "linecolor": "white", "ticks": ""}, "caxis": {"gridcolor": "white", "linecolor": "white", "ticks": ""}}, "coloraxis": {"colorbar": {"outlinewidth": 0, "ticks": ""}}, "colorscale": {"sequential": [[0.0, "#0d0887"], [0.1111111111111111, "#46039f"], [0.2222222222222222, "#7201a8"], [0.3333333333333333, "#9c179e"], [0.4444444444444444, "#bd3786"], [0.5555555555555556, "#d8576b"], [0.6666666666666666, "#ed7953"], [0.7777777777777778, "#fb9f3a"], [0.8888888888888888, "#fdca26"], [1.0, "#f0f921"]], "sequentialminus": [[0.0, "#0d0887"], [0.1111111111111111, "#46039f"], [0.2222222222222222, "#7201a8"], [0.3333333333333333, "#9c179e"], [0.4444444444444444, "#bd3786"], [0.5555555555555556, "#d8576b"], [0.6666666666666666, "#ed7953"], [0.7777777777777778, "#fb9f3a"], [0.8888888888888888, "#fdca26"], [1.0, "#f0f921"]], "diverging": [[0, "#8e0152"], [0.1, "#c51b7d"], [0.2, "#de77ae"], [0.3, "#f1b6da"], [0.4, "#fde0ef"], [0.5, "#f7f7f7"], [0.6, "#e6f5d0"], [0.7, "#b8e186"], [0.8, "#7fbc41"], [0.9, "#4d9221"], [1, "#276419"]]}, "xaxis": {"gridcolor": "white", "linecolor": "white", "ticks": "", "title": {"standoff": 15}, "zerolinecolor": "white", "automargin": true, "zerolinewidth": 2}, "yaxis": {"gridcolor": "white", "linecolor": "white", "ticks": "", "title": {"standoff": 15}, "zerolinecolor": "white", "automargin": true, "zerolinewidth": 2}, "scene": {"xaxis": {"backgroundcolor": "#E5ECF6", "gridcolor": "white", "linecolor": "white", "showbackground": true, "ticks": "", "zerolinecolor": "white", "gridwidth": 2}, "yaxis": {"backgroundcolor": "#E5ECF6", "gridcolor": "white", "linecolor": "white", "showbackground": true, "ticks": "", "zerolinecolor": "white", "gridwidth": 2}, "zaxis": {"backgroundcolor": "#E5ECF6", "gridcolor": "white", "linecolor": "white", "showbackground": true, "ticks": "", "zerolinecolor": "white", "gridwidth": 2}}, "shapedefaults": {"line": {"color": "#2a3f5f"}}, "annotationdefaults": {"arrowcolor": "#2a3f5f", "arrowhead": 0, "arrowwidth": 1}, "geo": {"bgcolor": "white", "landcolor": "#E5ECF6", "subunitcolor": "white", "showland": true, "showlakes": true, "lakecolor": "white"}, "title": {"x": 0.05}, "mapbox": {"style": "light"}}}}}