{"data": [{"z": [[15.977133750915527, 7.521998882293701, 1.9612170457839966, -2.798837661743164, -1.8048685789108276, -2.506664276123047, 2.818902015686035, -12.63757038116455, -0.9486792087554932, -4.762152671813965, 3.9773762226104736, -2.5626375675201416, -1.9321614503860474, 8.390146255493164, -2.664835214614868, -0.8056848645210266, 3.5228023529052734, 0.9842647314071655, 1.8078224658966064, 7.976108074188232, 6.302458763122559], [7.521998882293701, 16.181903839111328, 0.8571534752845764, -6.859690189361572, -1.4951173067092896, -3.654691457748413, -1.4852757453918457, -3.5789639949798584, -4.440374851226807, 4.602993965148926, 0.8355107307434082, -5.698991298675537, -2.4707324504852295, 0.6834576725959778, 2.2972378730773926, -5.343914031982422, 3.635637044906616, -0.10039794445037842, 0.03693167865276337, 5.503395080566406, -1.26808762550354], [1.9612170457839966, 0.8571534752845764, 15.727861404418945, 4.07011079788208, 3.5875935554504395, 0.3827480673789978, 1.4573018550872803, 1.9280714988708496, 1.5387791395187378, 4.59144926071167, 6.308237552642822, 4.315527439117432, -2.435987949371338, 4.274510860443115, 5.891748905181885, 0.20633721351623535, -1.8911759853363037, 3.904750347137451, -2.673595905303955, -0.347981333732605, 1.6883113384246826], [-2.798837661743164, -6.859690189361572, 4.07011079788208, 17.7226619720459, 5.694273471832275, -0.11141692101955414, -1.1987097263336182, 1.368217945098877, -1.641869306564331, 1.8715177774429321, -1.421742558479309, 3.3860764503479004, -2.4207379817962646, -3.5397391319274902, 10.130041122436523, 0.6445606350898743, -1.7381923198699951, 3.7485764026641846, 4.966707229614258, -4.919461250305176, 5.391157150268555], [-1.8048685789108276, -1.4951173067092896, 3.5875935554504395, 5.694273471832275, 20.724021911621094, -3.461493968963623, -1.0697779655456543, 0.36454132199287415, -0.6487764716148376, 1.3974833488464355, -1.0919305086135864, 3.043444871902466, 3.1928787231445312, 0.7201505303382874, 6.025264739990234, 1.600760579109192, -1.6072531938552856, 4.017997741699219, -2.5388827323913574, 2.2162282466888428, 5.989162445068359], [-2.506664276123047, -3.654691457748413, 0.3827480673789978, -0.11141692101955414, -3.461493968963623, 17.53144645690918, -0.39190569519996643, 6.837042808532715, 1.115936040878296, 4.88112211227417, -0.41258174180984497, 1.9490914344787598, 0.9982314705848694, 1.1980340480804443, -5.667278289794922, 5.978897571563721, -1.760725498199463, 2.0582170486450195, -5.589841842651367, -7.153105735778809, -1.3277918100357056], [2.818902015686035, -1.4852757453918457, 1.4573018550872803, -1.1987097263336182, -1.0697779655456543, -0.39190569519996643, 13.541022300720215, 1.5462565422058105, 4.369189262390137, -10.072649002075195, 1.6699272394180298, 1.7618508338928223, -5.349559307098389, -3.1659317016601562, -3.6597766876220703, 0.5545527935028076, 0.13338541984558105, -0.17788934707641602, -1.930925726890564, 8.056853294372559, 0.024419069290161133], [-12.63757038116455, -3.5789639949798584, 1.9280714988708496, 1.368217945098877, 0.36454132199287415, 6.837042808532715, 1.5462565422058105, 17.24166488647461, 2.687382936477661, 7.874728679656982, -3.3450140953063965, 3.0134544372558594, -1.6369307041168213, -8.216530799865723, 3.2869575023651123, 1.0436683893203735, -0.9106505513191223, -0.5869655609130859, -3.8201966285705566, -4.995016574859619, -7.754236221313477], [-0.9486792087554932, -4.440374851226807, 1.5387791395187378, -1.641869306564331, -0.6487764716148376, 1.115936040878296, 4.369189262390137, 2.687382936477661, 13.652823448181152, -9.53995418548584, -2.5024735927581787, 9.249665260314941, 1.6034737825393677, 1.3871196508407593, 1.2618800401687622, 2.1079180240631104, 2.1317312717437744, -3.8600025177001953, -1.396573543548584, -0.09507298469543457, -3.1184659004211426], [-4.762152671813965, 4.602993965148926, 4.59144926071167, 1.8715177774429321, 1.3974833488464355, 4.88112211227417, -10.072649002075195, 7.874728679656982, -9.53995418548584, 27.153825759887695, 1.9327971935272217, -3.972349166870117, 2.0791263580322266, 1.4498950242996216, 5.200346946716309, 1.652517318725586, 3.061105489730835, 2.2707438468933105, 1.3602056503295898, -3.1762211322784424, -3.930224657058716], [3.9773762226104736, 0.8355107307434082, 6.308237552642822, -1.421742558479309, -1.0919305086135864, -0.41258174180984497, 1.6699272394180298, -3.3450140953063965, -2.5024735927581787, 1.9327971935272217, 15.378698348999023, -3.572415590286255, 2.183548927307129, 10.225318908691406, -0.8555975556373596, 4.217015266418457, -1.2591443061828613, 8.759288787841797, 0.9928538799285889, -0.08281207084655762, 0.1394439935684204], [-2.5626375675201416, -5.698991298675537, 4.315527439117432, 3.3860764503479004, 3.043444871902466, 1.9490914344787598, 1.7618508338928223, 3.0134544372558594, 9.249665260314941, -3.972349166870117, -3.572415590286255, 15.945290565490723, 2.209244966506958, -3.750741720199585, 1.951230764389038, 2.034400463104248, 0.12498879432678223, -7.850874423980713, -2.1572999954223633, 0.5805497169494629, -1.0110827684402466], [-1.9321614503860474, -2.4707324504852295, -2.435987949371338, -2.4207379817962646, 3.1928787231445312, 0.9982314705848694, -5.349559307098389, -1.6369307041168213, 1.6034737825393677, 2.0791263580322266, 2.183548927307129, 2.209244966506958, 12.309514999389648, 5.833920001983643, -2.6972951889038086, 5.482568264007568, 1.144805908203125, 2.8605570793151855, 2.7188689708709717, -2.832000255584717, 0.42691540718078613], [8.390146255493164, 0.6834576725959778, 4.274510860443115, -3.5397391319274902, 0.7201505303382874, 1.1980340480804443, -3.1659317016601562, -8.216530799865723, 1.3871196508407593, 1.4498950242996216, 10.225318908691406, -3.750741720199585, 5.833920001983643, 19.244775772094727, -2.550753593444824, 4.43228816986084, 2.52238130569458, 9.150823593139648, 3.4641807079315186, -0.6943286657333374, 2.2705538272857666], [-2.664835214614868, 2.2972378730773926, 5.891748905181885, 10.130041122436523, 6.025264739990234, -5.667278289794922, -3.6597766876220703, 3.2869575023651123, 1.2618800401687622, 5.200346946716309, -0.8555975556373596, 1.951230764389038, -2.6972951889038086, -2.550753593444824, 15.86898136138916, -2.431774854660034, 1.693940281867981, 1.7793382406234741, 3.5844264030456543, -3.921400547027588, 0.25511634349823], [-0.8056848645210266, -5.343914031982422, 0.20633721351623535, 0.6445606350898743, 1.600760579109192, 5.978897571563721, 0.5545527935028076, 1.0436683893203735, 2.1079180240631104, 1.652517318725586, 4.217015266418457, 2.034400463104248, 5.482568264007568, 4.43228816986084, -2.431774854660034, 7.776364326477051, 0.40329957008361816, 3.917026996612549, 0.11636638641357422, -3.4757509231567383, 1.5909661054611206], [3.5228028297424316, 3.635637044906616, -1.8911759853363037, -1.738192081451416, -1.6072529554367065, -1.7607256174087524, 0.1333853304386139, -0.9106503129005432, 2.1317312717437744, 3.061105489730835, -1.2591443061828613, 0.1249886080622673, 1.144805908203125, 2.52238130569458, 1.6939400434494019, 0.4032996594905853, 7.306355953216553, -1.4730232954025269, 3.986708641052246, 4.651304244995117, -1.8095546960830688], [0.9842643141746521, -0.10039818286895752, 3.9047505855560303, 3.7485766410827637, 4.0179972648620605, 2.0582172870635986, -0.17788971960544586, -0.5869658589363098, -3.8600025177001953, 2.2707436084747314, 8.759288787841797, -7.850873947143555, 2.8605570793151855, 9.150824546813965, 1.7793382406234741, 3.917027473449707, -1.4730232954025269, 15.913898468017578, 4.7339935302734375, -6.7905378341674805, 4.595790863037109], [1.8078222274780273, 0.03693168982863426, -2.673595666885376, 4.9667067527771, -2.5388827323913574, -5.589841365814209, -1.930925726890564, -3.8201963901519775, -1.396573543548584, 1.3602052927017212, 0.9928535223007202, -2.1573002338409424, 2.7188684940338135, 3.4641809463500977, 3.584426164627075, 0.11636659502983093, 3.986708641052246, 4.7339935302734375, 12.749017715454102, -2.2661795616149902, 1.9715412855148315], [7.976108551025391, 5.503394603729248, -0.34798142313957214, -4.919460773468018, 2.21622896194458, -7.153105735778809, 8.056853294372559, -4.995016574859619, -0.09507293999195099, -3.1762208938598633, -0.08281178027391434, 0.5805492401123047, -2.8319997787475586, -0.6943287253379822, -3.921400785446167, -3.47575044631958, 4.651304244995117, -6.7905378341674805, -2.2661795616149902, 20.057823181152344, -1.545606255531311], [6.302458763122559, -1.268087387084961, 1.6883115768432617, 5.391157150268555, 5.989162445068359, -1.3277918100357056, 0.024419426918029785, -7.754236221313477, -3.1184661388397217, -3.9302244186401367, 0.1394439935684204, -1.011082649230957, 0.42691540718078613, 2.2705535888671875, 0.25511646270751953, 1.590965747833252, -1.8095546960830688, 4.595790863037109, 1.9715416431427002, -1.5456064939498901, 10.956415176391602]], "type": "heatmap"}], "layout": {"template": {"data": {"histogram2dcontour": [{"type": "histogram2dcontour", "colorbar": {"outlinewidth": 0, "ticks": ""}, "colorscale": [[0.0, "#0d0887"], [0.1111111111111111, "#46039f"], [0.2222222222222222, "#7201a8"], [0.3333333333333333, "#9c179e"], [0.4444444444444444, "#bd3786"], [0.5555555555555556, "#d8576b"], [0.6666666666666666, "#ed7953"], [0.7777777777777778, "#fb9f3a"], [0.8888888888888888, "#fdca26"], [1.0, "#f0f921"]]}], "choropleth": [{"type": "choropleth", "colorbar": {"outlinewidth": 0, "ticks": ""}}], "histogram2d": [{"type": "histogram2d", "colorbar": {"outlinewidth": 0, "ticks": ""}, "colorscale": [[0.0, "#0d0887"], [0.1111111111111111, "#46039f"], [0.2222222222222222, "#7201a8"], [0.3333333333333333, "#9c179e"], [0.4444444444444444, "#bd3786"], [0.5555555555555556, "#d8576b"], [0.6666666666666666, "#ed7953"], [0.7777777777777778, "#fb9f3a"], [0.8888888888888888, "#fdca26"], [1.0, "#f0f921"]]}], "heatmap": [{"type": "heatmap", "colorbar": {"outlinewidth": 0, "ticks": ""}, "colorscale": [[0.0, "#0d0887"], [0.1111111111111111, "#46039f"], [0.2222222222222222, "#7201a8"], [0.3333333333333333, "#9c179e"], [0.4444444444444444, "#bd3786"], [0.5555555555555556, "#d8576b"], [0.6666666666666666, "#ed7953"], [0.7777777777777778, "#fb9f3a"], [0.8888888888888888, "#fdca26"], [1.0, "#f0f921"]]}], "heatmapgl": [{"type": "heatmapgl", "colorbar": {"outlinewidth": 0, "ticks": ""}, "colorscale": [[0.0, "#0d0887"], [0.1111111111111111, "#46039f"], [0.2222222222222222, "#7201a8"], [0.3333333333333333, "#9c179e"], [0.4444444444444444, "#bd3786"], [0.5555555555555556, "#d8576b"], [0.6666666666666666, "#ed7953"], [0.7777777777777778, "#fb9f3a"], [0.8888888888888888, "#fdca26"], [1.0, "#f0f921"]]}], "contourcarpet": [{"type": "contourcarpet", "colorbar": {"outlinewidth": 0, "ticks": ""}}], "contour": [{"type": "contour", "colorbar": {"outlinewidth": 0, "ticks": ""}, "colorscale": [[0.0, "#0d0887"], [0.1111111111111111, "#46039f"], [0.2222222222222222, "#7201a8"], [0.3333333333333333, "#9c179e"], [0.4444444444444444, "#bd3786"], [0.5555555555555556, "#d8576b"], [0.6666666666666666, "#ed7953"], [0.7777777777777778, "#fb9f3a"], [0.8888888888888888, "#fdca26"], [1.0, "#f0f921"]]}], "surface": [{"type": "surface", "colorbar": {"outlinewidth": 0, "ticks": ""}, "colorscale": [[0.0, "#0d0887"], [0.1111111111111111, "#46039f"], [0.2222222222222222, "#7201a8"], [0.3333333333333333, "#9c179e"], [0.4444444444444444, "#bd3786"], [0.5555555555555556, "#d8576b"], [0.6666666666666666, "#ed7953"], [0.7777777777777778, "#fb9f3a"], [0.8888888888888888, "#fdca26"], [1.0, "#f0f921"]]}], "mesh3d": [{"type": "mesh3d", "colorbar": {"outlinewidth": 0, "ticks": ""}}], "scatter": [{"fillpattern": {"fillmode": "overlay", "size": 10, "solidity": 0.2}, "type": "scatter"}], "parcoords": [{"type": "parcoords", "line": {"colorbar": {"outlinewidth": 0, "ticks": ""}}}], "scatterpolargl": [{"type": "scatterpolargl", "marker": {"colorbar": {"outlinewidth": 0, "ticks": ""}}}], "bar": [{"error_x": {"color": "#2a3f5f"}, "error_y": {"color": "#2a3f5f"}, "marker": {"line": {"color": "#E5ECF6", "width": 0.5}, "pattern": {"fillmode": "overlay", "size": 10, "solidity": 0.2}}, "type": "bar"}], "scattergeo": [{"type": "scattergeo", "marker": {"colorbar": {"outlinewidth": 0, "ticks": ""}}}], "scatterpolar": [{"type": "scatterpolar", "marker": {"colorbar": {"outlinewidth": 0, "ticks": ""}}}], "histogram": [{"marker": {"pattern": {"fillmode": "overlay", "size": 10, "solidity": 0.2}}, "type": "histogram"}], "scattergl": [{"type": "scattergl", "marker": {"colorbar": {"outlinewidth": 0, "ticks": ""}}}], "scatter3d": [{"type": "scatter3d", "line": {"colorbar": {"outlinewidth": 0, "ticks": ""}}, "marker": {"colorbar": {"outlinewidth": 0, "ticks": ""}}}], "scattermapbox": [{"type": "scattermapbox", "marker": {"colorbar": {"outlinewidth": 0, "ticks": ""}}}], "scatterternary": [{"type": "scatterternary", "marker": {"colorbar": {"outlinewidth": 0, "ticks": ""}}}], "scattercarpet": [{"type": "scattercarpet", "marker": {"colorbar": {"outlinewidth": 0, "ticks": ""}}}], "carpet": [{"aaxis": {"endlinecolor": "#2a3f5f", "gridcolor": "white", "linecolor": "white", "minorgridcolor": "white", "startlinecolor": "#2a3f5f"}, "baxis": {"endlinecolor": "#2a3f5f", "gridcolor": "white", "linecolor": "white", "minorgridcolor": "white", "startlinecolor": "#2a3f5f"}, "type": "carpet"}], "table": [{"cells": {"fill": {"color": "#EBF0F8"}, "line": {"color": "white"}}, "header": {"fill": {"color": "#C8D4E3"}, "line": {"color": "white"}}, "type": "table"}], "barpolar": [{"marker": {"line": {"color": "#E5ECF6", "width": 0.5}, "pattern": {"fillmode": "overlay", "size": 10, "solidity": 0.2}}, "type": "barpolar"}], "pie": [{"automargin": true, "type": "pie"}]}, "layout": {"autotypenumbers": "strict", "colorway": ["#636efa", "#EF553B", "#00cc96", "#ab63fa", "#FFA15A", "#19d3f3", "#FF6692", "#B6E880", "#FF97FF", "#FECB52"], "font": {"color": "#2a3f5f"}, "hovermode": "closest", "hoverlabel": {"align": "left"}, "paper_bgcolor": "white", "plot_bgcolor": "#E5ECF6", "polar": {"bgcolor": "#E5ECF6", "angularaxis": {"gridcolor": "white", "linecolor": "white", "ticks": ""}, "radialaxis": {"gridcolor": "white", "linecolor": "white", "ticks": ""}}, "ternary": {"bgcolor": "#E5ECF6", "aaxis": {"gridcolor": "white", "linecolor": "white", "ticks": ""}, "baxis": {"gridcolor": "white", "linecolor": "white", "ticks": ""}, "caxis": {"gridcolor": "white", "linecolor": "white", "ticks": ""}}, "coloraxis": {"colorbar": {"outlinewidth": 0, "ticks": ""}}, "colorscale": {"sequential": [[0.0, "#0d0887"], [0.1111111111111111, "#46039f"], [0.2222222222222222, "#7201a8"], [0.3333333333333333, "#9c179e"], [0.4444444444444444, "#bd3786"], [0.5555555555555556, "#d8576b"], [0.6666666666666666, "#ed7953"], [0.7777777777777778, "#fb9f3a"], [0.8888888888888888, "#fdca26"], [1.0, "#f0f921"]], "sequentialminus": [[0.0, "#0d0887"], [0.1111111111111111, "#46039f"], [0.2222222222222222, "#7201a8"], [0.3333333333333333, "#9c179e"], [0.4444444444444444, "#bd3786"], [0.5555555555555556, "#d8576b"], [0.6666666666666666, "#ed7953"], [0.7777777777777778, "#fb9f3a"], [0.8888888888888888, "#fdca26"], [1.0, "#f0f921"]], "diverging": [[0, "#8e0152"], [0.1, "#c51b7d"], [0.2, "#de77ae"], [0.3, "#f1b6da"], [0.4, "#fde0ef"], [0.5, "#f7f7f7"], [0.6, "#e6f5d0"], [0.7, "#b8e186"], [0.8, "#7fbc41"], [0.9, "#4d9221"], [1, "#276419"]]}, "xaxis": {"gridcolor": "white", "linecolor": "white", "ticks": "", "title": {"standoff": 15}, "zerolinecolor": "white", "automargin": true, "zerolinewidth": 2}, "yaxis": {"gridcolor": "white", "linecolor": "white", "ticks": "", "title": {"standoff": 15}, "zerolinecolor": "white", "automargin": true, "zerolinewidth": 2}, "scene": {"xaxis": {"backgroundcolor": "#E5ECF6", "gridcolor": "white", "linecolor": "white", "showbackground": true, "ticks": "", "zerolinecolor": "white", "gridwidth": 2}, "yaxis": {"backgroundcolor": "#E5ECF6", "gridcolor": "white", "linecolor": "white", "showbackground": true, "ticks": "", "zerolinecolor": "white", "gridwidth": 2}, "zaxis": {"backgroundcolor": "#E5ECF6", "gridcolor": "white", "linecolor": "white", "showbackground": true, "ticks": "", "zerolinecolor": "white", "gridwidth": 2}}, "shapedefaults": {"line": {"color": "#2a3f5f"}}, "annotationdefaults": {"arrowcolor": "#2a3f5f", "arrowhead": 0, "arrowwidth": 1}, "geo": {"bgcolor": "white", "landcolor": "#E5ECF6", "subunitcolor": "white", "showland": true, "showlakes": true, "lakecolor": "white"}, "title": {"x": 0.05}, "mapbox": {"style": "light"}}}}}