{"data": [{"z": [[15.030713081359863, 7.227479934692383, 1.7461074590682983, -3.127819061279297, -1.9512168169021606, -2.809588670730591, 2.4613895416259766, -12.996684074401855, -1.3510322570800781, -5.251598358154297, 3.8513567447662354, -2.4989500045776367, -2.233729362487793, 7.348750114440918, -2.8466241359710693, -0.7787896990776062, 3.243361473083496, 0.6345393657684326, 1.0294678211212158, 7.578680992126465, 6.229413986206055], [7.227479934692383, 16.084171295166016, 0.628974437713623, -7.2327094078063965, -2.09846568107605, -3.924489736557007, -1.8827691078186035, -4.0136942863464355, -4.954034805297852, 4.293187618255615, 0.4454783797264099, -5.663984298706055, -3.156782388687134, -0.1267823874950409, 1.9971219301223755, -5.003611087799072, 3.536289930343628, -0.14319658279418945, -0.5957236289978027, 5.620906829833984, -1.329662799835205], [1.7461074590682983, 0.628974437713623, 16.061054229736328, 3.647937059402466, 3.5517687797546387, -0.0563361793756485, 1.1210520267486572, 1.3718165159225464, 1.1733331680297852, 4.325701713562012, 6.27896785736084, 4.1003923416137695, -2.971453905105591, 4.303338527679443, 5.608754634857178, 0.6740609407424927, -1.3751635551452637, 4.150943279266357, -2.73172664642334, -0.8113763928413391, 1.6965546607971191], [-3.127819061279297, -7.2327094078063965, 3.647937059402466, 17.538724899291992, 5.502706050872803, -0.6246628761291504, -1.4474596977233887, 1.013810157775879, -1.9515317678451538, 1.4564294815063477, -1.687979817390442, 2.9011144638061523, -2.562305450439453, -3.7400999069213867, 9.684737205505371, 0.2790226936340332, -1.7712066173553467, 3.1907849311828613, 4.869564533233643, -5.168006420135498, 5.396807670593262], [-1.9512168169021606, -2.09846568107605, 3.5517687797546387, 5.502706050872803, 20.25509262084961, -3.841022491455078, -1.3304733037948608, -0.10863678902387619, -0.8891629576683044, 1.1574841737747192, -1.531006932258606, 2.710585832595825, 3.0164341926574707, 0.4597306549549103, 5.638089179992676, 1.606109857559204, -1.3864797353744507, 3.8036234378814697, -2.726454973220825, 1.7745873928070068, 5.968217372894287], [-2.809588670730591, -3.924489736557007, -0.0563361793756485, -0.6246628761291504, -3.841022491455078, 17.331424713134766, -0.18977238237857819, 6.5487799644470215, 0.8703290820121765, 4.384670257568359, -1.2047983407974243, 1.6985667943954468, 0.5268092751502991, 0.6259099245071411, -6.138848304748535, 5.26816987991333, -1.7718942165374756, 1.2767064571380615, -5.670608997344971, -7.191843032836914, -1.2984888553619385], [2.4613895416259766, -1.8827691078186035, 1.1210520267486572, -1.4474596977233887, -1.3304733037948608, -0.18977238237857819, 13.47517204284668, 1.4449656009674072, 4.189589023590088, -10.438225746154785, 1.0423270463943481, 1.6599334478378296, -5.869540691375732, -3.2991535663604736, -4.078962326049805, 0.6710581183433533, -0.15080511569976807, -0.48913729190826416, -2.254513740539551, 7.665750503540039, 0.13634228706359863], [-12.996684074401855, -4.0136942863464355, 1.3718165159225464, 1.013810157775879, -0.10863678902387619, 6.5487799644470215, 1.4449656009674072, 17.39948081970215, 2.5404727458953857, 7.521627426147461, -4.549548625946045, 2.719597578048706, -2.292684555053711, -8.605957984924316, 2.8147387504577637, 0.5343108773231506, -1.183870792388916, -1.2477636337280273, -3.898771047592163, -5.155264854431152, -7.8856611251831055], [-1.3510322570800781, -4.954034805297852, 1.1733331680297852, -1.9515317678451538, -0.8891629576683044, 0.8703290820121765, 4.189589023590088, 2.5404727458953857, 13.794622421264648, -9.926084518432617, -3.249241352081299, 8.833503723144531, 1.196813702583313, 1.1557626724243164, 0.9280242323875427, 1.9695905447006226, 2.184316873550415, -4.140905380249023, -1.5491081476211548, -0.44989752769470215, -3.224778413772583], [-5.251598358154297, 4.293187618255615, 4.325701713562012, 1.4564294815063477, 1.1574841737747192, 4.384670257568359, -10.438225746154785, 7.521627426147461, -9.926084518432617, 26.918376922607422, 1.9224449396133423, -4.128546714782715, 1.8697928190231323, 0.8164174556732178, 4.859663009643555, 1.3392651081085205, 3.0830652713775635, 1.8998594284057617, 1.0294432640075684, -3.509337902069092, -4.002136707305908], [3.8513567447662354, 0.4454783797264099, 6.27896785736084, -1.687979817390442, -1.531006932258606, -1.2047983407974243, 1.0423270463943481, -4.549548625946045, -3.249241352081299, 1.9224449396133423, 16.45134735107422, -4.479090690612793, 2.194751024246216, 10.539835929870605, -1.1485202312469482, 4.53104829788208, -0.7217344045639038, 9.286197662353516, 1.2146179676055908, -0.6304597854614258, 0.4694784879684448], [-2.4989500045776367, -5.663984298706055, 4.1003923416137695, 2.9011144638061523, 2.710585832595825, 1.6985667943954468, 1.6599334478378296, 2.719597578048706, 8.833503723144531, -4.128546714782715, -4.479090690612793, 15.218525886535645, 1.6488590240478516, -3.474698543548584, 1.7165580987930298, 1.8813321590423584, 0.4158322811126709, -7.915466785430908, -1.9345307350158691, 0.3147759437561035, -1.017947793006897], [-2.233729362487793, -3.156782388687134, -2.971453905105591, -2.562305450439453, 3.0164341926574707, 0.5268092751502991, -5.869540691375732, -2.292684555053711, 1.196813702583313, 1.8697928190231323, 2.194751024246216, 1.6488590240478516, 12.757220268249512, 5.6179986000061035, -3.042283773422241, 5.362218856811523, 1.3466191291809082, 2.6538102626800537, 2.7278120517730713, -3.2436606884002686, 0.6917128562927246], [7.348750114440918, -0.1267823874950409, 4.303338527679443, -3.7400999069213867, 0.4597306549549103, 0.6259099245071411, -3.2991535663604736, -8.605957984924316, 1.1557626724243164, 0.8164174556732178, 10.539835929870605, -3.474698543548584, 5.6179986000061035, 17.68212890625, -3.0355279445648193, 4.292459964752197, 2.5577943325042725, 8.609420776367188, 2.7267885208129883, -1.0704785585403442, 2.1411218643188477], [-2.8466241359710693, 1.9971219301223755, 5.608754634857178, 9.684737205505371, 5.638089179992676, -6.138848304748535, -4.078962326049805, 2.8147387504577637, 0.9280242323875427, 4.859663009643555, -1.1485202312469482, 1.7165580987930298, -3.042283773422241, -3.0355279445648193, 15.16396713256836, -2.3567914962768555, 1.7939667701721191, 1.5979201793670654, 3.31528902053833, -4.186546325683594, 0.3133155107498169], [-0.7787896990776062, -5.003611087799072, 0.6740609407424927, 0.2790226936340332, 1.606109857559204, 5.26816987991333, 0.6710581183433533, 0.5343108773231506, 1.9695905447006226, 1.3392651081085205, 4.53104829788208, 1.8813321590423584, 5.362218856811523, 4.292459964752197, -2.3567914962768555, 7.044652462005615, 0.8544853925704956, 3.7267637252807617, 0.05883646011352539, -3.2188665866851807, 1.500058889389038], [3.2433619499206543, 3.536290168762207, -1.3751635551452637, -1.7712069749832153, -1.3864796161651611, -1.7718948125839233, -0.15080514550209045, -1.1838706731796265, 2.184316873550415, 3.0830655097961426, -0.7217345237731934, 0.41583219170570374, 1.3466191291809082, 2.5577943325042725, 1.79396653175354, 0.8544855713844299, 7.25513219833374, -0.937910795211792, 3.7610273361206055, 4.262320041656494, -1.7379493713378906], [0.6345393657684326, -0.14319656789302826, 4.150943279266357, 3.190784454345703, 3.8036229610443115, 1.276706337928772, -0.4891375005245209, -1.2477636337280273, -4.140905857086182, 1.8998596668243408, 9.286197662353516, -7.91546630859375, 2.653810501098633, 8.609420776367188, 1.597920298576355, 3.72676420211792, -0.937910795211792, 15.904253005981445, 4.368485450744629, -6.9502105712890625, 4.442147254943848], [1.029468059539795, -0.5957236886024475, -2.73172664642334, 4.869564533233643, -2.726454973220825, -5.670608043670654, -2.2545135021209717, -3.898771286010742, -1.5491076707839966, 1.0294427871704102, 1.214617371559143, -1.934530258178711, 2.7278122901916504, 2.72678804397583, 3.3152883052825928, 0.058836184442043304, 3.7610273361206055, 4.368485450744629, 11.932571411132812, -2.696970224380493, 1.8786594867706299], [7.578680992126465, 5.620907306671143, -0.8113764524459839, -5.168005466461182, 1.7745872735977173, -7.191842555999756, 7.665750503540039, -5.155264854431152, -0.4498976469039917, -3.509338140487671, -0.6304599642753601, 0.3147759437561035, -3.2436606884002686, -1.0704785585403442, -4.186546802520752, -3.2188665866851807, 4.262320041656494, -6.9502105712890625, -2.696970224380493, 19.851341247558594, -1.619425654411316], [6.2294135093688965, -1.329662799835205, 1.6965548992156982, 5.396807670593262, 5.968216896057129, -1.2984888553619385, 0.13634228706359863, -7.8856611251831055, -3.224778175354004, -4.00213623046875, 0.46947866678237915, -1.0179479122161865, 0.6917128562927246, 2.1411216259002686, 0.31331562995910645, 1.5000591278076172, -1.7379493713378906, 4.442147254943848, 1.8786594867706299, -1.6194260120391846, 10.956415176391602]], "type": "heatmap"}], "layout": {"template": {"data": {"histogram2dcontour": [{"type": "histogram2dcontour", "colorbar": {"outlinewidth": 0, "ticks": ""}, "colorscale": [[0.0, "#0d0887"], [0.1111111111111111, "#46039f"], [0.2222222222222222, "#7201a8"], [0.3333333333333333, "#9c179e"], [0.4444444444444444, "#bd3786"], [0.5555555555555556, "#d8576b"], [0.6666666666666666, "#ed7953"], [0.7777777777777778, "#fb9f3a"], [0.8888888888888888, "#fdca26"], [1.0, "#f0f921"]]}], "choropleth": [{"type": "choropleth", "colorbar": {"outlinewidth": 0, "ticks": ""}}], "histogram2d": [{"type": "histogram2d", "colorbar": {"outlinewidth": 0, "ticks": ""}, "colorscale": [[0.0, "#0d0887"], [0.1111111111111111, "#46039f"], [0.2222222222222222, "#7201a8"], [0.3333333333333333, "#9c179e"], [0.4444444444444444, "#bd3786"], [0.5555555555555556, "#d8576b"], [0.6666666666666666, "#ed7953"], [0.7777777777777778, "#fb9f3a"], [0.8888888888888888, "#fdca26"], [1.0, "#f0f921"]]}], "heatmap": [{"type": "heatmap", "colorbar": {"outlinewidth": 0, "ticks": ""}, "colorscale": [[0.0, "#0d0887"], [0.1111111111111111, "#46039f"], [0.2222222222222222, "#7201a8"], [0.3333333333333333, "#9c179e"], [0.4444444444444444, "#bd3786"], [0.5555555555555556, "#d8576b"], [0.6666666666666666, "#ed7953"], [0.7777777777777778, "#fb9f3a"], [0.8888888888888888, "#fdca26"], [1.0, "#f0f921"]]}], "heatmapgl": [{"type": "heatmapgl", "colorbar": {"outlinewidth": 0, "ticks": ""}, "colorscale": [[0.0, "#0d0887"], [0.1111111111111111, "#46039f"], [0.2222222222222222, "#7201a8"], [0.3333333333333333, "#9c179e"], [0.4444444444444444, "#bd3786"], [0.5555555555555556, "#d8576b"], [0.6666666666666666, "#ed7953"], [0.7777777777777778, "#fb9f3a"], [0.8888888888888888, "#fdca26"], [1.0, "#f0f921"]]}], "contourcarpet": [{"type": "contourcarpet", "colorbar": {"outlinewidth": 0, "ticks": ""}}], "contour": [{"type": "contour", "colorbar": {"outlinewidth": 0, "ticks": ""}, "colorscale": [[0.0, "#0d0887"], [0.1111111111111111, "#46039f"], [0.2222222222222222, "#7201a8"], [0.3333333333333333, "#9c179e"], [0.4444444444444444, "#bd3786"], [0.5555555555555556, "#d8576b"], [0.6666666666666666, "#ed7953"], [0.7777777777777778, "#fb9f3a"], [0.8888888888888888, "#fdca26"], [1.0, "#f0f921"]]}], "surface": [{"type": "surface", "colorbar": {"outlinewidth": 0, "ticks": ""}, "colorscale": [[0.0, "#0d0887"], [0.1111111111111111, "#46039f"], [0.2222222222222222, "#7201a8"], [0.3333333333333333, "#9c179e"], [0.4444444444444444, "#bd3786"], [0.5555555555555556, "#d8576b"], [0.6666666666666666, "#ed7953"], [0.7777777777777778, "#fb9f3a"], [0.8888888888888888, "#fdca26"], [1.0, "#f0f921"]]}], "mesh3d": [{"type": "mesh3d", "colorbar": {"outlinewidth": 0, "ticks": ""}}], "scatter": [{"fillpattern": {"fillmode": "overlay", "size": 10, "solidity": 0.2}, "type": "scatter"}], "parcoords": [{"type": "parcoords", "line": {"colorbar": {"outlinewidth": 0, "ticks": ""}}}], "scatterpolargl": [{"type": "scatterpolargl", "marker": {"colorbar": {"outlinewidth": 0, "ticks": ""}}}], "bar": [{"error_x": {"color": "#2a3f5f"}, "error_y": {"color": "#2a3f5f"}, "marker": {"line": {"color": "#E5ECF6", "width": 0.5}, "pattern": {"fillmode": "overlay", "size": 10, "solidity": 0.2}}, "type": "bar"}], "scattergeo": [{"type": "scattergeo", "marker": {"colorbar": {"outlinewidth": 0, "ticks": ""}}}], "scatterpolar": [{"type": "scatterpolar", "marker": {"colorbar": {"outlinewidth": 0, "ticks": ""}}}], "histogram": [{"marker": {"pattern": {"fillmode": "overlay", "size": 10, "solidity": 0.2}}, "type": "histogram"}], "scattergl": [{"type": "scattergl", "marker": {"colorbar": {"outlinewidth": 0, "ticks": ""}}}], "scatter3d": [{"type": "scatter3d", "line": {"colorbar": {"outlinewidth": 0, "ticks": ""}}, "marker": {"colorbar": {"outlinewidth": 0, "ticks": ""}}}], "scattermapbox": [{"type": "scattermapbox", "marker": {"colorbar": {"outlinewidth": 0, "ticks": ""}}}], "scatterternary": [{"type": "scatterternary", "marker": {"colorbar": {"outlinewidth": 0, "ticks": ""}}}], "scattercarpet": [{"type": "scattercarpet", "marker": {"colorbar": {"outlinewidth": 0, "ticks": ""}}}], "carpet": [{"aaxis": {"endlinecolor": "#2a3f5f", "gridcolor": "white", "linecolor": "white", "minorgridcolor": "white", "startlinecolor": "#2a3f5f"}, "baxis": {"endlinecolor": "#2a3f5f", "gridcolor": "white", "linecolor": "white", "minorgridcolor": "white", "startlinecolor": "#2a3f5f"}, "type": "carpet"}], "table": [{"cells": {"fill": {"color": "#EBF0F8"}, "line": {"color": "white"}}, "header": {"fill": {"color": "#C8D4E3"}, "line": {"color": "white"}}, "type": "table"}], "barpolar": [{"marker": {"line": {"color": "#E5ECF6", "width": 0.5}, "pattern": {"fillmode": "overlay", "size": 10, "solidity": 0.2}}, "type": "barpolar"}], "pie": [{"automargin": true, "type": "pie"}]}, "layout": {"autotypenumbers": "strict", "colorway": ["#636efa", "#EF553B", "#00cc96", "#ab63fa", "#FFA15A", "#19d3f3", "#FF6692", "#B6E880", "#FF97FF", "#FECB52"], "font": {"color": "#2a3f5f"}, "hovermode": "closest", "hoverlabel": {"align": "left"}, "paper_bgcolor": "white", "plot_bgcolor": "#E5ECF6", "polar": {"bgcolor": "#E5ECF6", "angularaxis": {"gridcolor": "white", "linecolor": "white", "ticks": ""}, "radialaxis": {"gridcolor": "white", "linecolor": "white", "ticks": ""}}, "ternary": {"bgcolor": "#E5ECF6", "aaxis": {"gridcolor": "white", "linecolor": "white", "ticks": ""}, "baxis": {"gridcolor": "white", "linecolor": "white", "ticks": ""}, "caxis": {"gridcolor": "white", "linecolor": "white", "ticks": ""}}, "coloraxis": {"colorbar": {"outlinewidth": 0, "ticks": ""}}, "colorscale": {"sequential": [[0.0, "#0d0887"], [0.1111111111111111, "#46039f"], [0.2222222222222222, "#7201a8"], [0.3333333333333333, "#9c179e"], [0.4444444444444444, "#bd3786"], [0.5555555555555556, "#d8576b"], [0.6666666666666666, "#ed7953"], [0.7777777777777778, "#fb9f3a"], [0.8888888888888888, "#fdca26"], [1.0, "#f0f921"]], "sequentialminus": [[0.0, "#0d0887"], [0.1111111111111111, "#46039f"], [0.2222222222222222, "#7201a8"], [0.3333333333333333, "#9c179e"], [0.4444444444444444, "#bd3786"], [0.5555555555555556, "#d8576b"], [0.6666666666666666, "#ed7953"], [0.7777777777777778, "#fb9f3a"], [0.8888888888888888, "#fdca26"], [1.0, "#f0f921"]], "diverging": [[0, "#8e0152"], [0.1, "#c51b7d"], [0.2, "#de77ae"], [0.3, "#f1b6da"], [0.4, "#fde0ef"], [0.5, "#f7f7f7"], [0.6, "#e6f5d0"], [0.7, "#b8e186"], [0.8, "#7fbc41"], [0.9, "#4d9221"], [1, "#276419"]]}, "xaxis": {"gridcolor": "white", "linecolor": "white", "ticks": "", "title": {"standoff": 15}, "zerolinecolor": "white", "automargin": true, "zerolinewidth": 2}, "yaxis": {"gridcolor": "white", "linecolor": "white", "ticks": "", "title": {"standoff": 15}, "zerolinecolor": "white", "automargin": true, "zerolinewidth": 2}, "scene": {"xaxis": {"backgroundcolor": "#E5ECF6", "gridcolor": "white", "linecolor": "white", "showbackground": true, "ticks": "", "zerolinecolor": "white", "gridwidth": 2}, "yaxis": {"backgroundcolor": "#E5ECF6", "gridcolor": "white", "linecolor": "white", "showbackground": true, "ticks": "", "zerolinecolor": "white", "gridwidth": 2}, "zaxis": {"backgroundcolor": "#E5ECF6", "gridcolor": "white", "linecolor": "white", "showbackground": true, "ticks": "", "zerolinecolor": "white", "gridwidth": 2}}, "shapedefaults": {"line": {"color": "#2a3f5f"}}, "annotationdefaults": {"arrowcolor": "#2a3f5f", "arrowhead": 0, "arrowwidth": 1}, "geo": {"bgcolor": "white", "landcolor": "#E5ECF6", "subunitcolor": "white", "showland": true, "showlakes": true, "lakecolor": "white"}, "title": {"x": 0.05}, "mapbox": {"style": "light"}}}}}