{"data": [{"z": [[15.286399841308594, 7.386923789978027, 1.81917405128479, -3.041163444519043, -1.9201534986495972, -2.8345298767089844, 2.591813087463379, -12.977038383483887, -1.279605746269226, -5.1303582191467285, 3.95572566986084, -2.508930206298828, -2.1662516593933105, 7.642888069152832, -2.750053882598877, -0.764190137386322, 3.3132524490356445, 0.7402735948562622, 1.2708892822265625, 7.745770454406738, 6.212063312530518], [7.386923789978027, 16.18915367126465, 0.6985339522361755, -7.119696140289307, -1.994097113609314, -3.9587936401367188, -1.717790961265564, -3.996419668197632, -4.840630531311035, 4.345646381378174, 0.5852726697921753, -5.675673484802246, -3.0322604179382324, 0.07098475843667984, 2.115481376647949, -5.0550336837768555, 3.5716795921325684, -0.0675346851348877, -0.3797081708908081, 5.683110237121582, -1.3175787925720215], [1.81917405128479, 0.6985339522361755, 15.932000160217285, 3.7595205307006836, 3.5972249507904053, 0.07167980074882507, 1.2467381954193115, 1.5515857934951782, 1.3387322425842285, 4.424369812011719, 6.299953460693359, 4.147984981536865, -2.8018171787261963, 4.293970108032227, 5.670929431915283, 0.5081638097763062, -1.5151758193969727, 4.069116592407227, -2.684741973876953, -0.7019095420837402, 1.694185495376587], [-3.041163444519043, -7.119696140289307, 3.7595205307006836, 17.614809036254883, 5.611380100250244, -0.49230673909187317, -1.3388899564743042, 1.1547526121139526, -1.809604525566101, 1.5877602100372314, -1.5733522176742554, 3.002100706100464, -2.4846818447113037, -3.6370322704315186, 9.820237159729004, 0.35621941089630127, -1.7298903465270996, 3.3436055183410645, 4.92588996887207, -5.092936038970947, 5.392119407653809], [-1.9201534986495972, -1.994097113609314, 3.5972249507904053, 5.611380100250244, 20.380123138427734, -3.689819812774658, -1.211808443069458, 0.09447059780359268, -0.7383834719657898, 1.2880502939224243, -1.3806661367416382, 2.79677414894104, 3.133688449859619, 0.5496530532836914, 5.765739917755127, 1.6059141159057617, -1.4310314655303955, 3.8814799785614014, -2.6364102363586426, 1.866654872894287, 5.957501411437988], [-2.8345298767089844, -3.9587936401367188, 0.07167980074882507, -0.49230673909187317, -3.689819812774658, 17.478483200073242, -0.2771730124950409, 6.732224941253662, 1.0111160278320312, 4.512673854827881, -1.0479580163955688, 1.833581566810608, 0.6414037942886353, 0.758180558681488, -6.0074896812438965, 5.399604797363281, -1.7188704013824463, 1.4626038074493408, -5.673018932342529, -7.251458168029785, -1.3239996433258057], [2.591813087463379, -1.717790961265564, 1.2467381954193115, -1.3388899564743042, -1.211808443069458, -0.2771730124950409, 13.543938636779785, 1.5044361352920532, 4.224693775177002, -10.338768005371094, 1.2128627300262451, 1.7288016080856323, -5.70918083190918, -3.2507193088531494, -3.916400671005249, 0.6566370129585266, -0.07339721918106079, -0.38035714626312256, -2.115424156188965, 7.826374053955078, 0.12967300415039062], [-12.977038383483887, -3.996419668197632, 1.5515857934951782, 1.1547526121139526, 0.09447059780359268, 6.732224941253662, 1.5044361352920532, 17.497407913208008, 2.6798605918884277, 7.61538028717041, -4.279385089874268, 2.8645222187042236, -2.10368275642395, -8.539165496826172, 2.95166277885437, 0.6663654446601868, -1.0649447441101074, -1.0352174043655396, -3.9096505641937256, -5.142579078674316, -7.874489784240723], [-1.279605746269226, -4.840630531311035, 1.3387322425842285, -1.809604525566101, -0.7383834719657898, 1.0111160278320312, 4.224693775177002, 2.6798605918884277, 13.828598022460938, -9.755584716796875, -3.033884286880493, 8.938471794128418, 1.3461978435516357, 1.257914423942566, 1.0751041173934937, 2.0219619274139404, 2.1861932277679443, -3.9799981117248535, -1.4991099834442139, -0.42340946197509766, -3.21972918510437], [-5.1303582191467285, 4.345646381378174, 4.424369812011719, 1.5877602100372314, 1.2880502939224243, 4.512673854827881, -10.338768005371094, 7.61538028717041, -9.755584716796875, 27.02506446838379, 1.998465895652771, -4.039591312408447, 1.948128342628479, 1.01260507106781, 4.983880996704102, 1.4049196243286133, 3.1044130325317383, 2.011115074157715, 1.1211068630218506, -3.4512250423431396, -3.9901058673858643], [3.95572566986084, 0.5852726697921753, 6.299953460693359, -1.5733522176742554, -1.3806661367416382, -1.0479580163955688, 1.2128627300262451, -4.279385089874268, -3.033884286880493, 1.998465895652771, 16.34710121154785, -4.294278621673584, 2.2710323333740234, 10.576156616210938, -1.03791081905365, 4.469560146331787, -0.8437483310699463, 9.216463088989258, 1.256791114807129, -0.4962887763977051, 0.4101019501686096], [-2.508930206298828, -5.675673484802246, 4.147984981536865, 3.002100706100464, 2.79677414894104, 1.833581566810608, 1.7288016080856323, 2.8645222187042236, 8.938471794128418, -4.039591312408447, -4.294278621673584, 15.369582176208496, 1.787807583808899, -3.518258571624756, 1.7702662944793701, 1.8777092695236206, 0.3707771301269531, -7.892072677612305, -1.9721171855926514, 0.3548722267150879, -1.0214626789093018], [-2.1662516593933105, -3.0322604179382324, -2.8018171787261963, -2.4846818447113037, 3.133688449859619, 0.6414037942886353, -5.70918083190918, -2.10368275642395, 1.3461978435516357, 1.948128342628479, 2.2710323333740234, 1.787807583808899, 12.728487968444824, 5.741785526275635, -2.914590358734131, 5.448693752288818, 1.3284714221954346, 2.757614850997925, 2.7713863849639893, -3.169252395629883, 0.6421158313751221], [7.642888069152832, 0.07098475843667984, 4.293970108032227, -3.6370322704315186, 0.5496530532836914, 0.758180558681488, -3.2507193088531494, -8.539165496826172, 1.257914423942566, 1.01260507106781, 10.576156616210938, -3.518258571624756, 5.741785526275635, 18.058719635009766, -2.940188407897949, 4.313997268676758, 2.5378012657165527, 8.711660385131836, 2.936767578125, -0.9430549144744873, 2.1758720874786377], [-2.750053882598877, 2.115481376647949, 5.670929431915283, 9.820237159729004, 5.765739917755127, -6.0074896812438965, -3.916400671005249, 2.95166277885437, 1.0751041173934937, 4.983880996704102, -1.03791081905365, 1.7702662944793701, -2.914590358734131, -2.940188407897949, 15.315713882446289, -2.377977132797241, 1.7679566144943237, 1.6489084959030151, 3.3932595252990723, -4.080836296081543, 0.30548715591430664], [-0.764190137386322, -5.0550336837768555, 0.5081638097763062, 0.35621941089630127, 1.6059141159057617, 5.399604797363281, 0.6566370129585266, 0.6663654446601868, 2.0219619274139404, 1.4049196243286133, 4.469560146331787, 1.8777092695236206, 5.448693752288818, 4.313997268676758, -2.377977132797241, 7.1269121170043945, 0.7401270866394043, 3.6978707313537598, 0.09879255294799805, -3.241438865661621, 1.5412248373031616], [3.3132529258728027, 3.5716795921325684, -1.515175700187683, -1.7298904657363892, -1.4310317039489746, -1.7188701629638672, -0.07339732348918915, -1.0649446249008179, 2.1861929893493652, 3.1044132709503174, -0.8437482714653015, 0.3707771897315979, 1.328471302986145, 2.5378012657165527, 1.7679568529129028, 0.7401273250579834, 7.1331658363342285, -1.0979361534118652, 3.7916152477264404, 4.317530632019043, -1.7476701736450195], [0.7402732372283936, -0.06753487139940262, 4.069116592407227, 3.3436052799224854, 3.8814797401428223, 1.4626036882400513, -0.3803572952747345, -1.03521728515625, -3.9799983501434326, 2.011115074157715, 9.216463088989258, -7.892073154449463, 2.7576146125793457, 8.711660385131836, 1.6489084959030151, 3.6978700160980225, -1.0979361534118652, 15.855584144592285, 4.470184326171875, -6.878871440887451, 4.462059497833252], [1.2708892822265625, -0.3797082304954529, -2.6847422122955322, 4.9258904457092285, -2.6364102363586426, -5.673018932342529, -2.115424394607544, -3.9096505641937256, -1.499110221862793, 1.1211071014404297, 1.2567914724349976, -1.972117304801941, 2.7713863849639893, 2.936767578125, 3.3932600021362305, 0.09879260510206223, 3.7916152477264404, 4.470184326171875, 12.125484466552734, -2.552299737930298, 1.910269856452942], [7.745770454406738, 5.683110237121582, -0.7019097208976746, -5.092936038970947, 1.8666538000106812, -7.251457214355469, 7.826374053955078, -5.142579555511475, -0.423409640789032, -3.4512252807617188, -0.4962882995605469, 0.3548724055290222, -3.169252395629883, -0.9430547952651978, -4.080836296081543, -3.2414393424987793, 4.317530632019043, -6.878871440887451, -2.552299737930298, 19.968557357788086, -1.599995493888855], [6.212063312530518, -1.3175790309906006, 1.6941856145858765, 5.392119407653809, 5.9575018882751465, -1.3239996433258057, 0.12967312335968018, -7.874490737915039, -3.219728946685791, -3.9901058673858643, 0.4101021885871887, -1.0214626789093018, 0.6421158313751221, 2.1758720874786377, 0.30548691749572754, 1.5412249565124512, -1.7476701736450195, 4.462059020996094, 1.910269856452942, -1.5999953746795654, 10.956415176391602]], "type": "heatmap"}], "layout": {"template": {"data": {"histogram2dcontour": [{"type": "histogram2dcontour", "colorbar": {"outlinewidth": 0, "ticks": ""}, "colorscale": [[0.0, "#0d0887"], [0.1111111111111111, "#46039f"], [0.2222222222222222, "#7201a8"], [0.3333333333333333, "#9c179e"], [0.4444444444444444, "#bd3786"], [0.5555555555555556, "#d8576b"], [0.6666666666666666, "#ed7953"], [0.7777777777777778, "#fb9f3a"], [0.8888888888888888, "#fdca26"], [1.0, "#f0f921"]]}], "choropleth": [{"type": "choropleth", "colorbar": {"outlinewidth": 0, "ticks": ""}}], "histogram2d": [{"type": "histogram2d", "colorbar": {"outlinewidth": 0, "ticks": ""}, "colorscale": [[0.0, "#0d0887"], [0.1111111111111111, "#46039f"], [0.2222222222222222, "#7201a8"], [0.3333333333333333, "#9c179e"], [0.4444444444444444, "#bd3786"], [0.5555555555555556, "#d8576b"], [0.6666666666666666, "#ed7953"], [0.7777777777777778, "#fb9f3a"], [0.8888888888888888, "#fdca26"], [1.0, "#f0f921"]]}], "heatmap": [{"type": "heatmap", "colorbar": {"outlinewidth": 0, "ticks": ""}, "colorscale": [[0.0, "#0d0887"], [0.1111111111111111, "#46039f"], [0.2222222222222222, "#7201a8"], [0.3333333333333333, "#9c179e"], [0.4444444444444444, "#bd3786"], [0.5555555555555556, "#d8576b"], [0.6666666666666666, "#ed7953"], [0.7777777777777778, "#fb9f3a"], [0.8888888888888888, "#fdca26"], [1.0, "#f0f921"]]}], "heatmapgl": [{"type": "heatmapgl", "colorbar": {"outlinewidth": 0, "ticks": ""}, "colorscale": [[0.0, "#0d0887"], [0.1111111111111111, "#46039f"], [0.2222222222222222, "#7201a8"], [0.3333333333333333, "#9c179e"], [0.4444444444444444, "#bd3786"], [0.5555555555555556, "#d8576b"], [0.6666666666666666, "#ed7953"], [0.7777777777777778, "#fb9f3a"], [0.8888888888888888, "#fdca26"], [1.0, "#f0f921"]]}], "contourcarpet": [{"type": "contourcarpet", "colorbar": {"outlinewidth": 0, "ticks": ""}}], "contour": [{"type": "contour", "colorbar": {"outlinewidth": 0, "ticks": ""}, "colorscale": [[0.0, "#0d0887"], [0.1111111111111111, "#46039f"], [0.2222222222222222, "#7201a8"], [0.3333333333333333, "#9c179e"], [0.4444444444444444, "#bd3786"], [0.5555555555555556, "#d8576b"], [0.6666666666666666, "#ed7953"], [0.7777777777777778, "#fb9f3a"], [0.8888888888888888, "#fdca26"], [1.0, "#f0f921"]]}], "surface": [{"type": "surface", "colorbar": {"outlinewidth": 0, "ticks": ""}, "colorscale": [[0.0, "#0d0887"], [0.1111111111111111, "#46039f"], [0.2222222222222222, "#7201a8"], [0.3333333333333333, "#9c179e"], [0.4444444444444444, "#bd3786"], [0.5555555555555556, "#d8576b"], [0.6666666666666666, "#ed7953"], [0.7777777777777778, "#fb9f3a"], [0.8888888888888888, "#fdca26"], [1.0, "#f0f921"]]}], "mesh3d": [{"type": "mesh3d", "colorbar": {"outlinewidth": 0, "ticks": ""}}], "scatter": [{"fillpattern": {"fillmode": "overlay", "size": 10, "solidity": 0.2}, "type": "scatter"}], "parcoords": [{"type": "parcoords", "line": {"colorbar": {"outlinewidth": 0, "ticks": ""}}}], "scatterpolargl": [{"type": "scatterpolargl", "marker": {"colorbar": {"outlinewidth": 0, "ticks": ""}}}], "bar": [{"error_x": {"color": "#2a3f5f"}, "error_y": {"color": "#2a3f5f"}, "marker": {"line": {"color": "#E5ECF6", "width": 0.5}, "pattern": {"fillmode": "overlay", "size": 10, "solidity": 0.2}}, "type": "bar"}], "scattergeo": [{"type": "scattergeo", "marker": {"colorbar": {"outlinewidth": 0, "ticks": ""}}}], "scatterpolar": [{"type": "scatterpolar", "marker": {"colorbar": {"outlinewidth": 0, "ticks": ""}}}], "histogram": [{"marker": {"pattern": {"fillmode": "overlay", "size": 10, "solidity": 0.2}}, "type": "histogram"}], "scattergl": [{"type": "scattergl", "marker": {"colorbar": {"outlinewidth": 0, "ticks": ""}}}], "scatter3d": [{"type": "scatter3d", "line": {"colorbar": {"outlinewidth": 0, "ticks": ""}}, "marker": {"colorbar": {"outlinewidth": 0, "ticks": ""}}}], "scattermapbox": [{"type": "scattermapbox", "marker": {"colorbar": {"outlinewidth": 0, "ticks": ""}}}], "scatterternary": [{"type": "scatterternary", "marker": {"colorbar": {"outlinewidth": 0, "ticks": ""}}}], "scattercarpet": [{"type": "scattercarpet", "marker": {"colorbar": {"outlinewidth": 0, "ticks": ""}}}], "carpet": [{"aaxis": {"endlinecolor": "#2a3f5f", "gridcolor": "white", "linecolor": "white", "minorgridcolor": "white", "startlinecolor": "#2a3f5f"}, "baxis": {"endlinecolor": "#2a3f5f", "gridcolor": "white", "linecolor": "white", "minorgridcolor": "white", "startlinecolor": "#2a3f5f"}, "type": "carpet"}], "table": [{"cells": {"fill": {"color": "#EBF0F8"}, "line": {"color": "white"}}, "header": {"fill": {"color": "#C8D4E3"}, "line": {"color": "white"}}, "type": "table"}], "barpolar": [{"marker": {"line": {"color": "#E5ECF6", "width": 0.5}, "pattern": {"fillmode": "overlay", "size": 10, "solidity": 0.2}}, "type": "barpolar"}], "pie": [{"automargin": true, "type": "pie"}]}, "layout": {"autotypenumbers": "strict", "colorway": ["#636efa", "#EF553B", "#00cc96", "#ab63fa", "#FFA15A", "#19d3f3", "#FF6692", "#B6E880", "#FF97FF", "#FECB52"], "font": {"color": "#2a3f5f"}, "hovermode": "closest", "hoverlabel": {"align": "left"}, "paper_bgcolor": "white", "plot_bgcolor": "#E5ECF6", "polar": {"bgcolor": "#E5ECF6", "angularaxis": {"gridcolor": "white", "linecolor": "white", "ticks": ""}, "radialaxis": {"gridcolor": "white", "linecolor": "white", "ticks": ""}}, "ternary": {"bgcolor": "#E5ECF6", "aaxis": {"gridcolor": "white", "linecolor": "white", "ticks": ""}, "baxis": {"gridcolor": "white", "linecolor": "white", "ticks": ""}, "caxis": {"gridcolor": "white", "linecolor": "white", "ticks": ""}}, "coloraxis": {"colorbar": {"outlinewidth": 0, "ticks": ""}}, "colorscale": {"sequential": [[0.0, "#0d0887"], [0.1111111111111111, "#46039f"], [0.2222222222222222, "#7201a8"], [0.3333333333333333, "#9c179e"], [0.4444444444444444, "#bd3786"], [0.5555555555555556, "#d8576b"], [0.6666666666666666, "#ed7953"], [0.7777777777777778, "#fb9f3a"], [0.8888888888888888, "#fdca26"], [1.0, "#f0f921"]], "sequentialminus": [[0.0, "#0d0887"], [0.1111111111111111, "#46039f"], [0.2222222222222222, "#7201a8"], [0.3333333333333333, "#9c179e"], [0.4444444444444444, "#bd3786"], [0.5555555555555556, "#d8576b"], [0.6666666666666666, "#ed7953"], [0.7777777777777778, "#fb9f3a"], [0.8888888888888888, "#fdca26"], [1.0, "#f0f921"]], "diverging": [[0, "#8e0152"], [0.1, "#c51b7d"], [0.2, "#de77ae"], [0.3, "#f1b6da"], [0.4, "#fde0ef"], [0.5, "#f7f7f7"], [0.6, "#e6f5d0"], [0.7, "#b8e186"], [0.8, "#7fbc41"], [0.9, "#4d9221"], [1, "#276419"]]}, "xaxis": {"gridcolor": "white", "linecolor": "white", "ticks": "", "title": {"standoff": 15}, "zerolinecolor": "white", "automargin": true, "zerolinewidth": 2}, "yaxis": {"gridcolor": "white", "linecolor": "white", "ticks": "", "title": {"standoff": 15}, "zerolinecolor": "white", "automargin": true, "zerolinewidth": 2}, "scene": {"xaxis": {"backgroundcolor": "#E5ECF6", "gridcolor": "white", "linecolor": "white", "showbackground": true, "ticks": "", "zerolinecolor": "white", "gridwidth": 2}, "yaxis": {"backgroundcolor": "#E5ECF6", "gridcolor": "white", "linecolor": "white", "showbackground": true, "ticks": "", "zerolinecolor": "white", "gridwidth": 2}, "zaxis": {"backgroundcolor": "#E5ECF6", "gridcolor": "white", "linecolor": "white", "showbackground": true, "ticks": "", "zerolinecolor": "white", "gridwidth": 2}}, "shapedefaults": {"line": {"color": "#2a3f5f"}}, "annotationdefaults": {"arrowcolor": "#2a3f5f", "arrowhead": 0, "arrowwidth": 1}, "geo": {"bgcolor": "white", "landcolor": "#E5ECF6", "subunitcolor": "white", "showland": true, "showlakes": true, "lakecolor": "white"}, "title": {"x": 0.05}, "mapbox": {"style": "light"}}}}}