{"data": [{"z": [[15.563698768615723, 7.49192476272583, 1.8786938190460205, -2.9365522861480713, -1.8712987899780273, -2.741142749786377, 2.701862096786499, -12.867018699645996, -1.1518347263336182, -4.951284408569336, 4.015495300292969, -2.515403985977173, -2.062307596206665, 7.970625877380371, -2.6813113689422607, -0.7964317798614502, 3.394080400466919, 0.8533475399017334, 1.4979307651519775, 7.885365962982178, 6.213618278503418], [7.49192476272583, 16.240697860717773, 0.7513672709465027, -7.009305000305176, -1.827331304550171, -3.891820192337036, -1.5922662019729614, -3.8740499019622803, -4.67889928817749, 4.45320463180542, 0.7108399868011475, -5.685780048370361, -2.827468156814575, 0.312772274017334, 2.210244655609131, -5.1854400634765625, 3.609633207321167, -0.03998541831970215, -0.18867474794387817, 5.681009292602539, -1.3125205039978027], [1.8786938190460205, 0.7513672709465027, 15.785487174987793, 3.8855557441711426, 3.600470781326294, 0.22860024869441986, 1.3541440963745117, 1.7409694194793701, 1.4534333944320679, 4.509599685668945, 6.2806501388549805, 4.208874702453613, -2.62923002243042, 4.268095016479492, 5.747644901275635, 0.36379536986351013, -1.690910816192627, 3.9797613620758057, -2.6616172790527344, -0.5684239864349365, 1.688474178314209], [-2.9365522861480713, -7.009305000305176, 3.8855557441711426, 17.680665969848633, 5.680062770843506, -0.33767300844192505, -1.256211519241333, 1.278200387954712, -1.7117092609405518, 1.7067114114761353, -1.4893840551376343, 3.1369733810424805, -2.438732147216797, -3.5705108642578125, 9.971952438354492, 0.4678150415420532, -1.7241191864013672, 3.516498565673828, 4.963269233703613, -5.0067291259765625, 5.3933186531066895], [-1.8712987899780273, -1.827331304550171, 3.600470781326294, 5.680062770843506, 20.497814178466797, -3.543348550796509, -1.1062395572662354, 0.27379724383354187, -0.6552440524101257, 1.3776955604553223, -1.2691096067428589, 2.898198366165161, 3.209533929824829, 0.6259494423866272, 5.884598255157471, 1.6088263988494873, -1.5175451040267944, 3.937054395675659, -2.572828769683838, 1.9881794452667236, 5.956514358520508], [-2.741142749786377, -3.891820192337036, 0.22860024869441986, -0.33767300844192505, -3.543348550796509, 17.56660270690918, -0.3180687129497528, 6.855752468109131, 1.1054309606552124, 4.660633563995361, -0.8103818893432617, 1.9498769044876099, 0.7865273952484131, 0.9339943528175354, -5.854137897491455, 5.606692314147949, -1.721795916557312, 1.700298547744751, -5.639754295349121, -7.23502254486084, -1.3382353782653809], [2.701862096786499, -1.5922662019729614, 1.3541440963745117, -1.256211519241333, -1.1062395572662354, -0.3180687129497528, 13.565321922302246, 1.5604054927825928, 4.294713973999023, -10.225174903869629, 1.393593430519104, 1.7795456647872925, -5.535889148712158, -3.1885507106781006, -3.7771875858306885, 0.6276153922080994, -0.005107223987579346, -0.28978800773620605, -2.0135579109191895, 7.942385673522949, 0.10444164276123047], [-12.867018699645996, -3.8740499019622803, 1.7409694194793701, 1.278200387954712, 0.27379724383354187, 6.855752468109131, 1.5604054927825928, 17.50872230529785, 2.75002121925354, 7.717087268829346, -3.9229092597961426, 2.9793641567230225, -1.9011813402175903, -8.4227876663208, 3.1100881099700928, 0.8396125435829163, -0.9875248074531555, -0.8220871686935425, -3.878904342651367, -5.087759971618652, -7.846342086791992], [-1.1518347263336182, -4.67889928817749, 1.4534333944320679, -1.7117092609405518, -0.6552440524101257, 1.1054309606552124, 4.294713973999023, 2.75002121925354, 13.804413795471191, -9.639371871948242, -2.823908567428589, 9.07103443145752, 1.4826637506484985, 1.3366355895996094, 1.1806210279464722, 2.068063259124756, 2.153834819793701, -3.897883892059326, -1.4468333721160889, -0.31284666061401367, -3.194119930267334], [-4.951284408569336, 4.45320463180542, 4.509599685668945, 1.7067114114761353, 1.3776955604553223, 4.660633563995361, -10.225174903869629, 7.717087268829346, -9.639371871948242, 27.102510452270508, 2.021062135696411, -3.980239152908325, 2.0110418796539307, 1.201307773590088, 5.095796585083008, 1.48800528049469, 3.089876413345337, 2.1303563117980957, 1.2232269048690796, -3.324547290802002, -3.9653103351593018], [4.015495300292969, 0.7108399868011475, 6.2806501388549805, -1.4893840551376343, -1.2691096067428589, -0.8103818893432617, 1.393593430519104, -3.9229092597961426, -2.823908567428589, 2.021062135696411, 16.060924530029297, -4.057928085327148, 2.2885749340057373, 10.504265785217285, -0.9476697444915771, 4.374068260192871, -1.0157134532928467, 9.080175399780273, 1.217038631439209, -0.32276463508605957, 0.3161194920539856], [-2.515403985977173, -5.685780048370361, 4.208874702453613, 3.1369733810424805, 2.898198366165161, 1.9498769044876099, 1.7795456647872925, 2.9793641567230225, 9.07103443145752, -3.980239152908325, -4.057928085327148, 15.600300788879395, 1.956559181213379, -3.5893349647521973, 1.83869469165802, 1.9211384057998657, 0.27011096477508545, -7.890092372894287, -2.030522108078003, 0.4382505416870117, -1.0248017311096191], [-2.062307596206665, -2.827468156814575, -2.62923002243042, -2.438732147216797, 3.209533929824829, 0.7865273952484131, -5.535889148712158, -1.9011813402175903, 1.4826637506484985, 2.0110418796539307, 2.2885749340057373, 1.956559181213379, 12.626993179321289, 5.826659202575684, -2.8032877445220947, 5.503561496734619, 1.2662361860275269, 2.8446342945098877, 2.7766573429107666, -3.0401992797851562, 0.5743007659912109], [7.970625877380371, 0.312772274017334, 4.268095016479492, -3.5705108642578125, 0.6259494423866272, 0.9339943528175354, -3.1885507106781006, -8.4227876663208, 1.3366355895996094, 1.201307773590088, 10.504265785217285, -3.5893349647521973, 5.826659202575684, 18.500633239746094, -2.8075692653656006, 4.346314430236816, 2.5108096599578857, 8.869721412658691, 3.143160343170166, -0.800232470035553, 2.2174696922302246], [-2.6813113689422607, 2.210244655609131, 5.747644901275635, 9.971952438354492, 5.884598255157471, -5.854137897491455, -3.7771875858306885, 3.1100881099700928, 1.1806210279464722, 5.095796585083008, -0.9476697444915771, 1.83869469165802, -2.8032877445220947, -2.8075692653656006, 15.531160354614258, -2.3929312229156494, 1.7305901050567627, 1.7074130773544312, 3.478360176086426, -3.985222578048706, 0.2888791561126709], [-0.7964317798614502, -5.1854400634765625, 0.36379536986351013, 0.4678150415420532, 1.6088263988494873, 5.606692314147949, 0.6276153922080994, 0.8396125435829163, 2.068063259124756, 1.48800528049469, 4.374068260192871, 1.9211384057998657, 5.503561496734619, 4.346314430236816, -2.3929312229156494, 7.337407112121582, 0.5868633985519409, 3.735842227935791, 0.11949706077575684, -3.3240838050842285, 1.5682991743087769], [3.394080400466919, 3.609633207321167, -1.6909106969833374, -1.7241190671920776, -1.5175449848175049, -1.7217962741851807, -0.0051073478534817696, -0.9875246286392212, 2.1538350582122803, 3.089876413345337, -1.0157133340835571, 0.2701108753681183, 1.2662361860275269, 2.5108096599578857, 1.7305898666381836, 0.5868631601333618, 7.113508701324463, -1.2655316591262817, 3.847395896911621, 4.436183452606201, -1.7614119052886963], [0.8533475399017334, -0.03998543322086334, 3.9797613620758057, 3.5164988040924072, 3.93705415725708, 1.70029878616333, -0.28978803753852844, -0.8220873475074768, -3.897883892059326, 2.130357027053833, 9.080174446105957, -7.890091896057129, 2.8446342945098877, 8.869722366333008, 1.7074130773544312, 3.73584246635437, -1.2655316591262817, 15.867846488952637, 4.585371494293213, -6.822754859924316, 4.503250598907471], [1.4979313611984253, -0.18867476284503937, -2.6616175174713135, 4.963268756866455, -2.572829246520996, -5.639754295349121, -2.0135576725006104, -3.8789048194885254, -1.4468332529067993, 1.2232270240783691, 1.2170387506484985, -2.030522108078003, 2.7766575813293457, 3.143160343170166, 3.4783594608306885, 0.11949711292982101, 3.847395896911621, 4.585371494293213, 12.344680786132812, -2.4125967025756836, 1.9378571510314941], [7.885365962982178, 5.681009292602539, -0.56842440366745, -5.006728649139404, 1.9881789684295654, -7.23502254486084, 7.942386150360107, -5.087759017944336, -0.31284624338150024, -3.324547052383423, -0.32276397943496704, 0.4382496476173401, -3.0401995182037354, -0.80023193359375, -3.985222339630127, -3.3240840435028076, 4.436183452606201, -6.822754859924316, -2.4125967025756836, 20.06542205810547, -1.591259479522705], [6.213618278503418, -1.312520980834961, 1.6884742975234985, 5.393318176269531, 5.956515312194824, -1.3382352590560913, 0.10444152355194092, -7.846342086791992, -3.194119930267334, -3.9653100967407227, 0.3161194324493408, -1.0248019695281982, 0.57430100440979, 2.2174696922302246, 0.2888791561126709, 1.5682991743087769, -1.7614119052886963, 4.503251075744629, 1.937856912612915, -1.5912593603134155, 10.956415176391602]], "type": "heatmap"}], "layout": {"template": {"data": {"histogram2dcontour": [{"type": "histogram2dcontour", "colorbar": {"outlinewidth": 0, "ticks": ""}, "colorscale": [[0.0, "#0d0887"], [0.1111111111111111, "#46039f"], [0.2222222222222222, "#7201a8"], [0.3333333333333333, "#9c179e"], [0.4444444444444444, "#bd3786"], [0.5555555555555556, "#d8576b"], [0.6666666666666666, "#ed7953"], [0.7777777777777778, "#fb9f3a"], [0.8888888888888888, "#fdca26"], [1.0, "#f0f921"]]}], "choropleth": [{"type": "choropleth", "colorbar": {"outlinewidth": 0, "ticks": ""}}], "histogram2d": [{"type": "histogram2d", "colorbar": {"outlinewidth": 0, "ticks": ""}, "colorscale": [[0.0, "#0d0887"], [0.1111111111111111, "#46039f"], [0.2222222222222222, "#7201a8"], [0.3333333333333333, "#9c179e"], [0.4444444444444444, "#bd3786"], [0.5555555555555556, "#d8576b"], [0.6666666666666666, "#ed7953"], [0.7777777777777778, "#fb9f3a"], [0.8888888888888888, "#fdca26"], [1.0, "#f0f921"]]}], "heatmap": [{"type": "heatmap", "colorbar": {"outlinewidth": 0, "ticks": ""}, "colorscale": [[0.0, "#0d0887"], [0.1111111111111111, "#46039f"], [0.2222222222222222, "#7201a8"], [0.3333333333333333, "#9c179e"], [0.4444444444444444, "#bd3786"], [0.5555555555555556, "#d8576b"], [0.6666666666666666, "#ed7953"], [0.7777777777777778, "#fb9f3a"], [0.8888888888888888, "#fdca26"], [1.0, "#f0f921"]]}], "heatmapgl": [{"type": "heatmapgl", "colorbar": {"outlinewidth": 0, "ticks": ""}, "colorscale": [[0.0, "#0d0887"], [0.1111111111111111, "#46039f"], [0.2222222222222222, "#7201a8"], [0.3333333333333333, "#9c179e"], [0.4444444444444444, "#bd3786"], [0.5555555555555556, "#d8576b"], [0.6666666666666666, "#ed7953"], [0.7777777777777778, "#fb9f3a"], [0.8888888888888888, "#fdca26"], [1.0, "#f0f921"]]}], "contourcarpet": [{"type": "contourcarpet", "colorbar": {"outlinewidth": 0, "ticks": ""}}], "contour": [{"type": "contour", "colorbar": {"outlinewidth": 0, "ticks": ""}, "colorscale": [[0.0, "#0d0887"], [0.1111111111111111, "#46039f"], [0.2222222222222222, "#7201a8"], [0.3333333333333333, "#9c179e"], [0.4444444444444444, "#bd3786"], [0.5555555555555556, "#d8576b"], [0.6666666666666666, "#ed7953"], [0.7777777777777778, "#fb9f3a"], [0.8888888888888888, "#fdca26"], [1.0, "#f0f921"]]}], "surface": [{"type": "surface", "colorbar": {"outlinewidth": 0, "ticks": ""}, "colorscale": [[0.0, "#0d0887"], [0.1111111111111111, "#46039f"], [0.2222222222222222, "#7201a8"], [0.3333333333333333, "#9c179e"], [0.4444444444444444, "#bd3786"], [0.5555555555555556, "#d8576b"], [0.6666666666666666, "#ed7953"], [0.7777777777777778, "#fb9f3a"], [0.8888888888888888, "#fdca26"], [1.0, "#f0f921"]]}], "mesh3d": [{"type": "mesh3d", "colorbar": {"outlinewidth": 0, "ticks": ""}}], "scatter": [{"fillpattern": {"fillmode": "overlay", "size": 10, "solidity": 0.2}, "type": "scatter"}], "parcoords": [{"type": "parcoords", "line": {"colorbar": {"outlinewidth": 0, "ticks": ""}}}], "scatterpolargl": [{"type": "scatterpolargl", "marker": {"colorbar": {"outlinewidth": 0, "ticks": ""}}}], "bar": [{"error_x": {"color": "#2a3f5f"}, "error_y": {"color": "#2a3f5f"}, "marker": {"line": {"color": "#E5ECF6", "width": 0.5}, "pattern": {"fillmode": "overlay", "size": 10, "solidity": 0.2}}, "type": "bar"}], "scattergeo": [{"type": "scattergeo", "marker": {"colorbar": {"outlinewidth": 0, "ticks": ""}}}], "scatterpolar": [{"type": "scatterpolar", "marker": {"colorbar": {"outlinewidth": 0, "ticks": ""}}}], "histogram": [{"marker": {"pattern": {"fillmode": "overlay", "size": 10, "solidity": 0.2}}, "type": "histogram"}], "scattergl": [{"type": "scattergl", "marker": {"colorbar": {"outlinewidth": 0, "ticks": ""}}}], "scatter3d": [{"type": "scatter3d", "line": {"colorbar": {"outlinewidth": 0, "ticks": ""}}, "marker": {"colorbar": {"outlinewidth": 0, "ticks": ""}}}], "scattermapbox": [{"type": "scattermapbox", "marker": {"colorbar": {"outlinewidth": 0, "ticks": ""}}}], "scatterternary": [{"type": "scatterternary", "marker": {"colorbar": {"outlinewidth": 0, "ticks": ""}}}], "scattercarpet": [{"type": "scattercarpet", "marker": {"colorbar": {"outlinewidth": 0, "ticks": ""}}}], "carpet": [{"aaxis": {"endlinecolor": "#2a3f5f", "gridcolor": "white", "linecolor": "white", "minorgridcolor": "white", "startlinecolor": "#2a3f5f"}, "baxis": {"endlinecolor": "#2a3f5f", "gridcolor": "white", "linecolor": "white", "minorgridcolor": "white", "startlinecolor": "#2a3f5f"}, "type": "carpet"}], "table": [{"cells": {"fill": {"color": "#EBF0F8"}, "line": {"color": "white"}}, "header": {"fill": {"color": "#C8D4E3"}, "line": {"color": "white"}}, "type": "table"}], "barpolar": [{"marker": {"line": {"color": "#E5ECF6", "width": 0.5}, "pattern": {"fillmode": "overlay", "size": 10, "solidity": 0.2}}, "type": "barpolar"}], "pie": [{"automargin": true, "type": "pie"}]}, "layout": {"autotypenumbers": "strict", "colorway": ["#636efa", "#EF553B", "#00cc96", "#ab63fa", "#FFA15A", "#19d3f3", "#FF6692", "#B6E880", "#FF97FF", "#FECB52"], "font": {"color": "#2a3f5f"}, "hovermode": "closest", "hoverlabel": {"align": "left"}, "paper_bgcolor": "white", "plot_bgcolor": "#E5ECF6", "polar": {"bgcolor": "#E5ECF6", "angularaxis": {"gridcolor": "white", "linecolor": "white", "ticks": ""}, "radialaxis": {"gridcolor": "white", "linecolor": "white", "ticks": ""}}, "ternary": {"bgcolor": "#E5ECF6", "aaxis": {"gridcolor": "white", "linecolor": "white", "ticks": ""}, "baxis": {"gridcolor": "white", "linecolor": "white", "ticks": ""}, "caxis": {"gridcolor": "white", "linecolor": "white", "ticks": ""}}, "coloraxis": {"colorbar": {"outlinewidth": 0, "ticks": ""}}, "colorscale": {"sequential": [[0.0, "#0d0887"], [0.1111111111111111, "#46039f"], [0.2222222222222222, "#7201a8"], [0.3333333333333333, "#9c179e"], [0.4444444444444444, "#bd3786"], [0.5555555555555556, "#d8576b"], [0.6666666666666666, "#ed7953"], [0.7777777777777778, "#fb9f3a"], [0.8888888888888888, "#fdca26"], [1.0, "#f0f921"]], "sequentialminus": [[0.0, "#0d0887"], [0.1111111111111111, "#46039f"], [0.2222222222222222, "#7201a8"], [0.3333333333333333, "#9c179e"], [0.4444444444444444, "#bd3786"], [0.5555555555555556, "#d8576b"], [0.6666666666666666, "#ed7953"], [0.7777777777777778, "#fb9f3a"], [0.8888888888888888, "#fdca26"], [1.0, "#f0f921"]], "diverging": [[0, "#8e0152"], [0.1, "#c51b7d"], [0.2, "#de77ae"], [0.3, "#f1b6da"], [0.4, "#fde0ef"], [0.5, "#f7f7f7"], [0.6, "#e6f5d0"], [0.7, "#b8e186"], [0.8, "#7fbc41"], [0.9, "#4d9221"], [1, "#276419"]]}, "xaxis": {"gridcolor": "white", "linecolor": "white", "ticks": "", "title": {"standoff": 15}, "zerolinecolor": "white", "automargin": true, "zerolinewidth": 2}, "yaxis": {"gridcolor": "white", "linecolor": "white", "ticks": "", "title": {"standoff": 15}, "zerolinecolor": "white", "automargin": true, "zerolinewidth": 2}, "scene": {"xaxis": {"backgroundcolor": "#E5ECF6", "gridcolor": "white", "linecolor": "white", "showbackground": true, "ticks": "", "zerolinecolor": "white", "gridwidth": 2}, "yaxis": {"backgroundcolor": "#E5ECF6", "gridcolor": "white", "linecolor": "white", "showbackground": true, "ticks": "", "zerolinecolor": "white", "gridwidth": 2}, "zaxis": {"backgroundcolor": "#E5ECF6", "gridcolor": "white", "linecolor": "white", "showbackground": true, "ticks": "", "zerolinecolor": "white", "gridwidth": 2}}, "shapedefaults": {"line": {"color": "#2a3f5f"}}, "annotationdefaults": {"arrowcolor": "#2a3f5f", "arrowhead": 0, "arrowwidth": 1}, "geo": {"bgcolor": "white", "landcolor": "#E5ECF6", "subunitcolor": "white", "showland": true, "showlakes": true, "lakecolor": "white"}, "title": {"x": 0.05}, "mapbox": {"style": "light"}}}}}