{"data": [{"z": [[15.783034324645996, 7.52094030380249, 1.9148063659667969, -2.8596200942993164, -1.8352737426757812, -2.638394594192505, 2.7634544372558594, -12.752252578735352, -1.0478038787841797, -4.83979606628418, 4.004645824432373, -2.5416903495788574, -1.99554443359375, 8.205301284790039, -2.668271780014038, -0.812393844127655, 3.4559097290039062, 0.9138307571411133, 1.6625566482543945, 7.954842567443848, 6.250270843505859], [7.52094030380249, 16.230426788330078, 0.7914912700653076, -6.93733024597168, -1.6683517694473267, -3.791490077972412, -1.5319311618804932, -3.729233503341675, -4.557297229766846, 4.53656005859375, 0.7801920175552368, -5.702846050262451, -2.6518309116363525, 0.5102196931838989, 2.2518882751464844, -5.289943218231201, 3.630739450454712, -0.07460272312164307, -0.06034797430038452, 5.616493225097656, -1.2982990741729736], [1.9148063659667969, 0.7914912700653076, 15.724218368530273, 3.9784226417541504, 3.5955088138580322, 0.32867762446403503, 1.4164756536483765, 1.8449019193649292, 1.5056647062301636, 4.555098056793213, 6.289778709411621, 4.259437084197998, -2.5194218158721924, 4.254748821258545, 5.814264297485352, 0.2806656062602997, -1.8086538314819336, 3.940185785293579, -2.666700839996338, -0.45903563499450684, 1.687490463256836], [-2.8596200942993164, -6.93733024597168, 3.9784226417541504, 17.717554092407227, 5.700399398803711, -0.22632484138011932, -1.2218364477157593, 1.3263038396835327, -1.6749769449234009, 1.7910314798355103, -1.4461115598678589, 3.2558047771453857, -2.422358751296997, -3.5461270809173584, 10.070298194885254, 0.567914605140686, -1.7315449714660645, 3.6469242572784424, 4.975216865539551, -4.954685688018799, 5.394425392150879], [-1.8352737426757812, -1.6683517694473267, 3.5955088138580322, 5.700399398803711, 20.620508193969727, -3.48958683013916, -1.0734169483184814, 0.33358052372932434, -0.6458962559700012, 1.404252290725708, -1.173654556274414, 2.9696969985961914, 3.227997064590454, 0.676849365234375, 5.971381664276123, 1.6138083934783936, -1.5765013694763184, 3.9866626262664795, -2.5478367805480957, 2.0956733226776123, 5.970749378204346], [-2.638394594192505, -3.791490077972412, 0.32867762446403503, -0.22632484138011932, -3.48958683013916, 17.56730079650879, -0.35381048917770386, 6.8697309494018555, 1.1225849390029907, 4.766616344451904, -0.615077793598175, 1.9763487577438354, 0.8835449814796448, 1.0665926933288574, -5.754253387451172, 5.800090789794922, -1.7445846796035767, 1.8887581825256348, -5.613182067871094, -7.204295635223389, -1.3385851383209229], [2.7634544372558594, -1.5319311618804932, 1.4164756536483765, -1.2218364477157593, -1.0734169483184814, -0.35381048917770386, 13.552103996276855, 1.5661101341247559, 4.343565464019775, -10.14991283416748, 1.538047194480896, 1.7820830345153809, -5.426642894744873, -3.1725261211395264, -3.7080087661743164, 0.5956656336784363, 0.059546828269958496, -0.22976970672607422, -1.9674733877182007, 8.002352714538574, 0.06871592998504639], [-12.752252578735352, -3.729233503341675, 1.8449019193649292, 1.3263038396835327, 0.33358052372932434, 6.8697309494018555, 1.5661101341247559, 17.393985748291016, 2.728959083557129, 7.7873125076293945, -3.6253812313079834, 3.01747727394104, -1.7642536163330078, -8.334920883178711, 3.203321695327759, 0.9474417567253113, -0.9450439214706421, -0.695008397102356, -3.849961042404175, -5.035015106201172, -7.806608200073242], [-1.0478038787841797, -4.557297229766846, 1.5056647062301636, -1.6749769449234009, -0.6458962559700012, 1.1225849390029907, 4.343565464019775, 2.728959083557129, 13.730744361877441, -9.584833145141602, -2.65315318107605, 9.167831420898438, 1.5603516101837158, 1.3578919172286987, 1.2271511554718018, 2.0942325592041016, 2.1382651329040527, -3.8696720600128174, -1.4185104370117188, -0.20154404640197754, -3.155898094177246], [-4.83979606628418, 4.53656005859375, 4.555098056793213, 1.7910314798355103, 1.404252290725708, 4.766616344451904, -10.14991283416748, 7.7873125076293945, -9.584833145141602, 27.134790420532227, 1.984736680984497, -3.970261573791504, 2.0353996753692627, 1.3379368782043457, 5.15869140625, 1.5704481601715088, 3.0689356327056885, 2.2068889141082764, 1.2967078685760498, -3.2374486923217773, -3.942678689956665], [4.004645824432373, 0.7801920175552368, 6.289778709411621, -1.4461115598678589, -1.173654556274414, -0.615077793598175, 1.538047194480896, -3.6253812313079834, -2.65315318107605, 1.984736680984497, 15.723642349243164, -3.8191020488739014, 2.2387008666992188, 10.379788398742676, -0.8879281878471375, 4.297298908233643, -1.148986577987671, 8.92253589630127, 1.1135227680206299, -0.18963217735290527, 0.224298357963562], [-2.5416903495788574, -5.702846050262451, 4.259437084197998, 3.2558047771453857, 2.9696969985961914, 1.9763487577438354, 1.7820830345153809, 3.01747727394104, 9.167831420898438, -3.970261573791504, -3.8191020488739014, 15.785184860229492, 2.09065318107605, -3.684218645095825, 1.8937240839004517, 1.9776214361190796, 0.19110965728759766, -7.872026443481445, -2.0924131870269775, 0.5079760551452637, -1.0235182046890259], [-1.99554443359375, -2.6518309116363525, -2.5194218158721924, -2.422358751296997, 3.227997064590454, 0.8835449814796448, -5.426642894744873, -1.7642536163330078, 1.5603516101837158, 2.0353996753692627, 2.2387008666992188, 2.09065318107605, 12.478569030761719, 5.8408403396606445, -2.736323118209839, 5.502848148345947, 1.1991040706634521, 2.8638272285461426, 2.7481884956359863, -2.926708221435547, 0.5038094520568848], [8.205301284790039, 0.5102196931838989, 4.254748821258545, -3.5461270809173584, 0.676849365234375, 1.0665926933288574, -3.1725261211395264, -8.334920883178711, 1.3578919172286987, 1.3379368782043457, 10.379788398742676, -3.684218645095825, 5.8408403396606445, 18.89760398864746, -2.6820411682128906, 4.394991874694824, 2.5063576698303223, 9.018321990966797, 3.31148099899292, -0.7305053472518921, 2.2493844032287598], [-2.668271780014038, 2.2518882751464844, 5.814264297485352, 10.070298194885254, 5.971381664276123, -5.754253387451172, -3.7080087661743164, 3.203321695327759, 1.2271511554718018, 5.15869140625, -0.8879281878471375, 1.8937240839004517, -2.736323118209839, -2.6820411682128906, 15.716578483581543, -2.4064764976501465, 1.7048521041870117, 1.749472975730896, 3.5345001220703125, -3.947261333465576, 0.27230513095855713], [-0.812393844127655, -5.289943218231201, 0.2806656062602997, 0.567914605140686, 1.6138083934783936, 5.800090789794922, 0.5956656336784363, 0.9474417567253113, 2.0942325592041016, 1.5704481601715088, 4.297298908233643, 1.9776214361190796, 5.502848148345947, 4.394991874694824, -2.4064764976501465, 7.576109886169434, 0.48457539081573486, 3.830695390701294, 0.12682759761810303, -3.410289764404297, 1.5852820873260498], [3.455909490585327, 3.630739450454712, -1.808653712272644, -1.731545329093933, -1.5765016078948975, -1.7445849180221558, 0.05954679846763611, -0.9450439810752869, 2.1382648944854736, 3.0689356327056885, -1.148986577987671, 0.19110974669456482, 1.1991040706634521, 2.5063576698303223, 1.7048523426055908, 0.4845753610134125, 7.1957292556762695, -1.3868569135665894, 3.9100849628448486, 4.552913188934326, -1.7882757186889648], [0.9138308167457581, -0.07460236549377441, 3.940185308456421, 3.6469240188598633, 3.9866626262664795, 1.8887584209442139, -0.22976930439472198, -0.6950080394744873, -3.8696722984313965, 2.2068886756896973, 8.922534942626953, -7.872025966644287, 2.8638272285461426, 9.01832103729248, 1.749472737312317, 3.830695390701294, -1.3868569135665894, 15.888872146606445, 4.659449100494385, -6.810892105102539, 4.549511909484863], [1.6625570058822632, -0.060348059982061386, -2.666701316833496, 4.975216388702393, -2.5478367805480957, -5.613182544708252, -1.9674735069274902, -3.849961042404175, -1.4185104370117188, 1.2967075109481812, 1.1135227680206299, -2.0924134254455566, 2.7481882572174072, 3.311480760574341, 3.5345005989074707, 0.12682773172855377, 3.9100849628448486, 4.659449100494385, 12.54146957397461, -2.328073024749756, 1.9570963382720947], [7.954842567443848, 5.6164937019348145, -0.4590354561805725, -4.954685688018799, 2.0956733226776123, -7.2042951583862305, 8.002352714538574, -5.035014629364014, -0.2015441209077835, -3.2374489307403564, -0.18963246047496796, 0.5079756379127502, -2.9267079830169678, -0.7305053472518921, -3.947261333465576, -3.410290002822876, 4.552913188934326, -6.810892105102539, -2.328073024749756, 20.095577239990234, -1.575639009475708], [6.250270843505859, -1.2982988357543945, 1.6874903440475464, 5.394425392150879, 5.970749378204346, -1.3385850191116333, 0.06871569156646729, -7.806608200073242, -3.155898094177246, -3.942678689956665, 0.22429847717285156, -1.0235180854797363, 0.5038092136383057, 2.2493844032287598, 0.27230513095855713, 1.5852818489074707, -1.7882758378982544, 4.549511909484863, 1.9570963382720947, -1.575639009475708, 10.956415176391602]], "type": "heatmap"}], "layout": {"template": {"data": {"histogram2dcontour": [{"type": "histogram2dcontour", "colorbar": {"outlinewidth": 0, "ticks": ""}, "colorscale": [[0.0, "#0d0887"], [0.1111111111111111, "#46039f"], [0.2222222222222222, "#7201a8"], [0.3333333333333333, "#9c179e"], [0.4444444444444444, "#bd3786"], [0.5555555555555556, "#d8576b"], [0.6666666666666666, "#ed7953"], [0.7777777777777778, "#fb9f3a"], [0.8888888888888888, "#fdca26"], [1.0, "#f0f921"]]}], "choropleth": [{"type": "choropleth", "colorbar": {"outlinewidth": 0, "ticks": ""}}], "histogram2d": [{"type": "histogram2d", "colorbar": {"outlinewidth": 0, "ticks": ""}, "colorscale": [[0.0, "#0d0887"], [0.1111111111111111, "#46039f"], [0.2222222222222222, "#7201a8"], [0.3333333333333333, "#9c179e"], [0.4444444444444444, "#bd3786"], [0.5555555555555556, "#d8576b"], [0.6666666666666666, "#ed7953"], [0.7777777777777778, "#fb9f3a"], [0.8888888888888888, "#fdca26"], [1.0, "#f0f921"]]}], "heatmap": [{"type": "heatmap", "colorbar": {"outlinewidth": 0, "ticks": ""}, "colorscale": [[0.0, "#0d0887"], [0.1111111111111111, "#46039f"], [0.2222222222222222, "#7201a8"], [0.3333333333333333, "#9c179e"], [0.4444444444444444, "#bd3786"], [0.5555555555555556, "#d8576b"], [0.6666666666666666, "#ed7953"], [0.7777777777777778, "#fb9f3a"], [0.8888888888888888, "#fdca26"], [1.0, "#f0f921"]]}], "heatmapgl": [{"type": "heatmapgl", "colorbar": {"outlinewidth": 0, "ticks": ""}, "colorscale": [[0.0, "#0d0887"], [0.1111111111111111, "#46039f"], [0.2222222222222222, "#7201a8"], [0.3333333333333333, "#9c179e"], [0.4444444444444444, "#bd3786"], [0.5555555555555556, "#d8576b"], [0.6666666666666666, "#ed7953"], [0.7777777777777778, "#fb9f3a"], [0.8888888888888888, "#fdca26"], [1.0, "#f0f921"]]}], "contourcarpet": [{"type": "contourcarpet", "colorbar": {"outlinewidth": 0, "ticks": ""}}], "contour": [{"type": "contour", "colorbar": {"outlinewidth": 0, "ticks": ""}, "colorscale": [[0.0, "#0d0887"], [0.1111111111111111, "#46039f"], [0.2222222222222222, "#7201a8"], [0.3333333333333333, "#9c179e"], [0.4444444444444444, "#bd3786"], [0.5555555555555556, "#d8576b"], [0.6666666666666666, "#ed7953"], [0.7777777777777778, "#fb9f3a"], [0.8888888888888888, "#fdca26"], [1.0, "#f0f921"]]}], "surface": [{"type": "surface", "colorbar": {"outlinewidth": 0, "ticks": ""}, "colorscale": [[0.0, "#0d0887"], [0.1111111111111111, "#46039f"], [0.2222222222222222, "#7201a8"], [0.3333333333333333, "#9c179e"], [0.4444444444444444, "#bd3786"], [0.5555555555555556, "#d8576b"], [0.6666666666666666, "#ed7953"], [0.7777777777777778, "#fb9f3a"], [0.8888888888888888, "#fdca26"], [1.0, "#f0f921"]]}], "mesh3d": [{"type": "mesh3d", "colorbar": {"outlinewidth": 0, "ticks": ""}}], "scatter": [{"fillpattern": {"fillmode": "overlay", "size": 10, "solidity": 0.2}, "type": "scatter"}], "parcoords": [{"type": "parcoords", "line": {"colorbar": {"outlinewidth": 0, "ticks": ""}}}], "scatterpolargl": [{"type": "scatterpolargl", "marker": {"colorbar": {"outlinewidth": 0, "ticks": ""}}}], "bar": [{"error_x": {"color": "#2a3f5f"}, "error_y": {"color": "#2a3f5f"}, "marker": {"line": {"color": "#E5ECF6", "width": 0.5}, "pattern": {"fillmode": "overlay", "size": 10, "solidity": 0.2}}, "type": "bar"}], "scattergeo": [{"type": "scattergeo", "marker": {"colorbar": {"outlinewidth": 0, "ticks": ""}}}], "scatterpolar": [{"type": "scatterpolar", "marker": {"colorbar": {"outlinewidth": 0, "ticks": ""}}}], "histogram": [{"marker": {"pattern": {"fillmode": "overlay", "size": 10, "solidity": 0.2}}, "type": "histogram"}], "scattergl": [{"type": "scattergl", "marker": {"colorbar": {"outlinewidth": 0, "ticks": ""}}}], "scatter3d": [{"type": "scatter3d", "line": {"colorbar": {"outlinewidth": 0, "ticks": ""}}, "marker": {"colorbar": {"outlinewidth": 0, "ticks": ""}}}], "scattermapbox": [{"type": "scattermapbox", "marker": {"colorbar": {"outlinewidth": 0, "ticks": ""}}}], "scatterternary": [{"type": "scatterternary", "marker": {"colorbar": {"outlinewidth": 0, "ticks": ""}}}], "scattercarpet": [{"type": "scattercarpet", "marker": {"colorbar": {"outlinewidth": 0, "ticks": ""}}}], "carpet": [{"aaxis": {"endlinecolor": "#2a3f5f", "gridcolor": "white", "linecolor": "white", "minorgridcolor": "white", "startlinecolor": "#2a3f5f"}, "baxis": {"endlinecolor": "#2a3f5f", "gridcolor": "white", "linecolor": "white", "minorgridcolor": "white", "startlinecolor": "#2a3f5f"}, "type": "carpet"}], "table": [{"cells": {"fill": {"color": "#EBF0F8"}, "line": {"color": "white"}}, "header": {"fill": {"color": "#C8D4E3"}, "line": {"color": "white"}}, "type": "table"}], "barpolar": [{"marker": {"line": {"color": "#E5ECF6", "width": 0.5}, "pattern": {"fillmode": "overlay", "size": 10, "solidity": 0.2}}, "type": "barpolar"}], "pie": [{"automargin": true, "type": "pie"}]}, "layout": {"autotypenumbers": "strict", "colorway": ["#636efa", "#EF553B", "#00cc96", "#ab63fa", "#FFA15A", "#19d3f3", "#FF6692", "#B6E880", "#FF97FF", "#FECB52"], "font": {"color": "#2a3f5f"}, "hovermode": "closest", "hoverlabel": {"align": "left"}, "paper_bgcolor": "white", "plot_bgcolor": "#E5ECF6", "polar": {"bgcolor": "#E5ECF6", "angularaxis": {"gridcolor": "white", "linecolor": "white", "ticks": ""}, "radialaxis": {"gridcolor": "white", "linecolor": "white", "ticks": ""}}, "ternary": {"bgcolor": "#E5ECF6", "aaxis": {"gridcolor": "white", "linecolor": "white", "ticks": ""}, "baxis": {"gridcolor": "white", "linecolor": "white", "ticks": ""}, "caxis": {"gridcolor": "white", "linecolor": "white", "ticks": ""}}, "coloraxis": {"colorbar": {"outlinewidth": 0, "ticks": ""}}, "colorscale": {"sequential": [[0.0, "#0d0887"], [0.1111111111111111, "#46039f"], [0.2222222222222222, "#7201a8"], [0.3333333333333333, "#9c179e"], [0.4444444444444444, "#bd3786"], [0.5555555555555556, "#d8576b"], [0.6666666666666666, "#ed7953"], [0.7777777777777778, "#fb9f3a"], [0.8888888888888888, "#fdca26"], [1.0, "#f0f921"]], "sequentialminus": [[0.0, "#0d0887"], [0.1111111111111111, "#46039f"], [0.2222222222222222, "#7201a8"], [0.3333333333333333, "#9c179e"], [0.4444444444444444, "#bd3786"], [0.5555555555555556, "#d8576b"], [0.6666666666666666, "#ed7953"], [0.7777777777777778, "#fb9f3a"], [0.8888888888888888, "#fdca26"], [1.0, "#f0f921"]], "diverging": [[0, "#8e0152"], [0.1, "#c51b7d"], [0.2, "#de77ae"], [0.3, "#f1b6da"], [0.4, "#fde0ef"], [0.5, "#f7f7f7"], [0.6, "#e6f5d0"], [0.7, "#b8e186"], [0.8, "#7fbc41"], [0.9, "#4d9221"], [1, "#276419"]]}, "xaxis": {"gridcolor": "white", "linecolor": "white", "ticks": "", "title": {"standoff": 15}, "zerolinecolor": "white", "automargin": true, "zerolinewidth": 2}, "yaxis": {"gridcolor": "white", "linecolor": "white", "ticks": "", "title": {"standoff": 15}, "zerolinecolor": "white", "automargin": true, "zerolinewidth": 2}, "scene": {"xaxis": {"backgroundcolor": "#E5ECF6", "gridcolor": "white", "linecolor": "white", "showbackground": true, "ticks": "", "zerolinecolor": "white", "gridwidth": 2}, "yaxis": {"backgroundcolor": "#E5ECF6", "gridcolor": "white", "linecolor": "white", "showbackground": true, "ticks": "", "zerolinecolor": "white", "gridwidth": 2}, "zaxis": {"backgroundcolor": "#E5ECF6", "gridcolor": "white", "linecolor": "white", "showbackground": true, "ticks": "", "zerolinecolor": "white", "gridwidth": 2}}, "shapedefaults": {"line": {"color": "#2a3f5f"}}, "annotationdefaults": {"arrowcolor": "#2a3f5f", "arrowhead": 0, "arrowwidth": 1}, "geo": {"bgcolor": "white", "landcolor": "#E5ECF6", "subunitcolor": "white", "showland": true, "showlakes": true, "lakecolor": "white"}, "title": {"x": 0.05}, "mapbox": {"style": "light"}}}}}