{"data": [{"z": [[14.216423034667969, 6.108898639678955, 1.4761649370193481, -3.3717219829559326, -1.8667488098144531, -1.851096272468567, 1.517762303352356, -12.571455001831055, -0.9465843439102173, -5.081551551818848, 3.2275397777557373, -2.139608383178711, -2.047924518585205, 6.46982479095459, -3.105587959289551, -1.2938508987426758, 2.4004909992218018, 0.23224425315856934, -0.31510937213897705, 6.682427406311035, 6.146401405334473], [6.108898639678955, 14.879472732543945, 0.6164820790290833, -7.385517597198486, -1.9038528203964233, -2.340054512023926, -2.8051960468292236, -2.80171275138855, -4.406376361846924, 4.865876197814941, -0.37050727009773254, -4.813643932342529, -2.7902488708496094, -1.0599446296691895, 1.5196298360824585, -5.345868110656738, 2.605069160461426, -0.8976840972900391, -2.1505212783813477, 4.5535407066345215, -1.6100976467132568], [1.4761649370193481, 0.6164820790290833, 15.720179557800293, 2.4735326766967773, 2.551011323928833, -0.5503559708595276, 1.0230437517166138, 0.6390417218208313, -0.01869153045117855, 3.357004404067993, 5.333787441253662, 3.588512897491455, -4.0827741622924805, 3.655205249786377, 5.144774436950684, 1.2771425247192383, -1.4669699668884277, 3.7242507934570312, -3.297438621520996, -0.9800381660461426, 1.6275566816329956], [-3.3717219829559326, -7.385517597198486, 2.4735326766967773, 16.732267379760742, 4.465984344482422, -1.1574115753173828, -1.140700340270996, 0.4891642928123474, -2.743896245956421, 0.3817530572414398, -2.494283437728882, 2.300527811050415, -3.424180746078491, -4.594977378845215, 9.041150093078613, -0.016778530552983284, -2.2647182941436768, 2.2824769020080566, 4.624104022979736, -5.147193908691406, 5.405027389526367], [-1.8667488098144531, -1.9038528203964233, 2.551011323928833, 4.465984344482422, 19.210678100585938, -4.437427997589111, -1.2832597494125366, -0.9610315561294556, -1.9444435834884644, 0.14293567836284637, -2.713257312774658, 2.1096365451812744, 2.2986185550689697, -0.3779415786266327, 4.915178298950195, 1.5318397283554077, -1.753735065460205, 3.157130241394043, -3.4109699726104736, 1.8297967910766602, 6.043595314025879], [-1.851096272468567, -2.340054512023926, -0.5503559708595276, -1.1574115753173828, -4.437427997589111, 16.10760498046875, 0.8541093468666077, 5.235525608062744, -0.12581297755241394, 3.869485378265381, -1.1542034149169922, 0.6411123871803284, 0.05952078104019165, 0.46316707134246826, -6.760149955749512, 4.808531761169434, -1.815011739730835, 0.5719485878944397, -5.051167011260986, -6.096405029296875, -1.135628342628479], [1.517762303352356, -2.8051960468292236, 1.0230437517166138, -1.140700340270996, -1.2832597494125366, 0.8541093468666077, 12.165759086608887, 1.772420883178711, 3.76296067237854, -9.859436988830566, 0.8365243077278137, 1.2516416311264038, -5.835080146789551, -3.316168785095215, -4.529260158538818, 0.8618104457855225, -0.732955276966095, -0.4371187686920166, -2.729851722717285, 6.287267208099365, 0.1415719985961914], [-12.571455001831055, -2.80171275138855, 0.6390417218208313, 0.4891642928123474, -0.9610315561294556, 5.235525608062744, 1.772420883178711, 16.752643585205078, 1.5098872184753418, 6.9377241134643555, -4.934638023376465, 1.6972299814224243, -3.006486654281616, -8.7816801071167, 2.1809146404266357, 0.13691595196723938, -1.2502734661102295, -2.103309392929077, -3.166874885559082, -4.445163726806641, -7.895936965942383], [-0.9465843439102173, -4.406376361846924, -0.01869153045117855, -2.743896245956421, -1.9444435834884644, -0.12581297755241394, 3.76296067237854, 1.5098872184753418, 12.935056686401367, -11.000560760498047, -4.250748634338379, 7.9899821281433105, 0.5844925045967102, 0.4559054374694824, 0.0021048446651548147, 1.4508699178695679, 1.9432605504989624, -5.262455940246582, -1.6038086414337158, 0.23862171173095703, -3.100595474243164], [-5.081551551818848, 4.865876197814941, 3.357004404067993, 0.3817530572414398, 0.14293567836284637, 3.869485378265381, -9.859436988830566, 6.9377241134643555, -11.000560760498047, 26.180540084838867, 1.357478380203247, -4.954500198364258, 1.111614465713501, -0.042195871472358704, 4.169951438903809, 0.9663992524147034, 2.6311092376708984, 1.163572072982788, 0.7391695380210876, -3.20664119720459, -3.9426722526550293], [3.2275397777557373, -0.37050727009773254, 5.333787441253662, -2.494283437728882, -2.713257312774658, -1.1542034149169922, 0.8365243077278137, -4.934638023376465, -4.250748634338379, 1.357478380203247, 15.722926139831543, -5.171921253204346, 1.3582261800765991, 9.607986450195312, -1.8215073347091675, 4.4007439613342285, -1.3872568607330322, 8.656824111938477, 0.33397555351257324, -1.2025039196014404, 0.403714656829834], [-2.139608383178711, -4.813643932342529, 3.588512897491455, 2.300527811050415, 2.1096365451812744, 0.6411123871803284, 1.2516416311264038, 1.6972299814224243, 7.9899821281433105, -4.954500198364258, -5.171921253204346, 14.4714994430542, 1.109849452972412, -3.603762626647949, 1.3251153230667114, 2.0125463008880615, 0.4198039770126343, -8.380695343017578, -1.668013095855713, 0.7640528678894043, -0.9529378414154053], [-2.047924518585205, -2.7902488708496094, -4.0827741622924805, -3.424180746078491, 2.2986185550689697, 0.05952078104019165, -5.835080146789551, -3.006486654281616, 0.5844925045967102, 1.111614465713501, 1.3582261800765991, 1.109849452972412, 12.378478050231934, 4.802722930908203, -3.6651816368103027, 4.793283939361572, 0.7987455129623413, 1.8937020301818848, 2.116852045059204, -3.0676560401916504, 0.7817821502685547], [6.46982479095459, -1.0599446296691895, 3.655205249786377, -4.594977378845215, -0.3779415786266327, 0.46316707134246826, -3.316168785095215, -8.7816801071167, 0.4559054374694824, -0.042195871472358704, 9.607986450195312, -3.603762626647949, 4.802722930908203, 16.407527923583984, -3.3527770042419434, 4.230381965637207, 1.697083592414856, 7.9885053634643555, 1.456092357635498, -1.7003438472747803, 1.9479410648345947], [-3.105587959289551, 1.5196298360824585, 5.144774436950684, 9.041150093078613, 4.915178298950195, -6.760149955749512, -4.529260158538818, 2.1809146404266357, 0.0021048446651548147, 4.169951438903809, -1.8215073347091675, 1.3251153230667114, -3.6651816368103027, -3.3527770042419434, 15.150640487670898, -2.040201187133789, 1.7141488790512085, 1.4731123447418213, 3.0181186199188232, -4.505046367645264, 0.44001543521881104], [-1.2938508987426758, -5.345868110656738, 1.2771425247192383, -0.016778530552983284, 1.5318397283554077, 4.808531761169434, 0.8618104457855225, 0.13691595196723938, 1.4508699178695679, 0.9663992524147034, 4.4007439613342285, 2.0125463008880615, 4.793283939361572, 4.230381965637207, -2.040201187133789, 7.808963298797607, 0.8991603851318359, 3.885866165161133, -0.31059783697128296, -3.5838613510131836, 1.2835845947265625], [2.4004909992218018, 2.605069160461426, -1.4669699668884277, -2.2647182941436768, -1.753735065460205, -1.8150118589401245, -0.7329555153846741, -1.250273585319519, 1.9432605504989624, 2.6311089992523193, -1.3872567415237427, 0.41980400681495667, 0.7987455129623413, 1.6970833539962769, 1.7141486406326294, 0.8991604447364807, 6.857250213623047, -1.1456847190856934, 2.9113616943359375, 3.7384650707244873, -1.9198393821716309], [0.2322443127632141, -0.8976841568946838, 3.724250555038452, 2.2824769020080566, 3.1571295261383057, 0.5719485282897949, -0.4371188282966614, -2.1033098697662354, -5.262455463409424, 1.163572072982788, 8.65682315826416, -8.380695343017578, 1.8937019109725952, 7.988505840301514, 1.4731123447418213, 3.8858659267425537, -1.1456847190856934, 15.756989479064941, 3.534175157546997, -7.363428592681885, 4.484391689300537], [-0.3151092827320099, -2.1505212783813477, -3.297438621520996, 4.624103546142578, -3.4109694957733154, -5.051167964935303, -2.729851722717285, -3.166874885559082, -1.603808879852295, 0.7391698956489563, 0.33397552371025085, -1.6680129766464233, 2.116852045059204, 1.456092357635498, 3.0181188583374023, -0.31059780716896057, 2.9113616943359375, 3.534175157546997, 10.752479553222656, -3.594510555267334, 1.4905099868774414], [6.682427883148193, 4.553540229797363, -0.980038046836853, -5.147193431854248, 1.8297961950302124, -6.096405506134033, 6.287267684936523, -4.445164203643799, 0.23862221837043762, -3.206641435623169, -1.2025043964385986, 0.7640533447265625, -3.0676558017730713, -1.7003438472747803, -4.505046367645264, -3.5838613510131836, 3.7384650707244873, -7.363428592681885, -3.594510555267334, 19.09368896484375, -1.846795678138733], [6.146401405334473, -1.6100974082946777, 1.6275568008422852, 5.405027389526367, 6.043595314025879, -1.1356282234191895, 0.1415717601776123, -7.895936965942383, -3.100595474243164, -3.9426722526550293, 0.4037144184112549, -0.9529375433921814, 0.7817816734313965, 1.9479410648345947, 0.4400153160095215, 1.283584475517273, -1.9198392629623413, 4.484391689300537, 1.4905099868774414, -1.8467960357666016, 10.956415176391602]], "type": "heatmap"}], "layout": {"template": {"data": {"histogram2dcontour": [{"type": "histogram2dcontour", "colorbar": {"outlinewidth": 0, "ticks": ""}, "colorscale": [[0.0, "#0d0887"], [0.1111111111111111, "#46039f"], [0.2222222222222222, "#7201a8"], [0.3333333333333333, "#9c179e"], [0.4444444444444444, "#bd3786"], [0.5555555555555556, "#d8576b"], [0.6666666666666666, "#ed7953"], [0.7777777777777778, "#fb9f3a"], [0.8888888888888888, "#fdca26"], [1.0, "#f0f921"]]}], "choropleth": [{"type": "choropleth", "colorbar": {"outlinewidth": 0, "ticks": ""}}], "histogram2d": [{"type": "histogram2d", "colorbar": {"outlinewidth": 0, "ticks": ""}, "colorscale": [[0.0, "#0d0887"], [0.1111111111111111, "#46039f"], [0.2222222222222222, "#7201a8"], [0.3333333333333333, "#9c179e"], [0.4444444444444444, "#bd3786"], [0.5555555555555556, "#d8576b"], [0.6666666666666666, "#ed7953"], [0.7777777777777778, "#fb9f3a"], [0.8888888888888888, "#fdca26"], [1.0, "#f0f921"]]}], "heatmap": [{"type": "heatmap", "colorbar": {"outlinewidth": 0, "ticks": ""}, "colorscale": [[0.0, "#0d0887"], [0.1111111111111111, "#46039f"], [0.2222222222222222, "#7201a8"], [0.3333333333333333, "#9c179e"], [0.4444444444444444, "#bd3786"], [0.5555555555555556, "#d8576b"], [0.6666666666666666, "#ed7953"], [0.7777777777777778, "#fb9f3a"], [0.8888888888888888, "#fdca26"], [1.0, "#f0f921"]]}], "heatmapgl": [{"type": "heatmapgl", "colorbar": {"outlinewidth": 0, "ticks": ""}, "colorscale": [[0.0, "#0d0887"], [0.1111111111111111, "#46039f"], [0.2222222222222222, "#7201a8"], [0.3333333333333333, "#9c179e"], [0.4444444444444444, "#bd3786"], [0.5555555555555556, "#d8576b"], [0.6666666666666666, "#ed7953"], [0.7777777777777778, "#fb9f3a"], [0.8888888888888888, "#fdca26"], [1.0, "#f0f921"]]}], "contourcarpet": [{"type": "contourcarpet", "colorbar": {"outlinewidth": 0, "ticks": ""}}], "contour": [{"type": "contour", "colorbar": {"outlinewidth": 0, "ticks": ""}, "colorscale": [[0.0, "#0d0887"], [0.1111111111111111, "#46039f"], [0.2222222222222222, "#7201a8"], [0.3333333333333333, "#9c179e"], [0.4444444444444444, "#bd3786"], [0.5555555555555556, "#d8576b"], [0.6666666666666666, "#ed7953"], [0.7777777777777778, "#fb9f3a"], [0.8888888888888888, "#fdca26"], [1.0, "#f0f921"]]}], "surface": [{"type": "surface", "colorbar": {"outlinewidth": 0, "ticks": ""}, "colorscale": [[0.0, "#0d0887"], [0.1111111111111111, "#46039f"], [0.2222222222222222, "#7201a8"], [0.3333333333333333, "#9c179e"], [0.4444444444444444, "#bd3786"], [0.5555555555555556, "#d8576b"], [0.6666666666666666, "#ed7953"], [0.7777777777777778, "#fb9f3a"], [0.8888888888888888, "#fdca26"], [1.0, "#f0f921"]]}], "mesh3d": [{"type": "mesh3d", "colorbar": {"outlinewidth": 0, "ticks": ""}}], "scatter": [{"fillpattern": {"fillmode": "overlay", "size": 10, "solidity": 0.2}, "type": "scatter"}], "parcoords": [{"type": "parcoords", "line": {"colorbar": {"outlinewidth": 0, "ticks": ""}}}], "scatterpolargl": [{"type": "scatterpolargl", "marker": {"colorbar": {"outlinewidth": 0, "ticks": ""}}}], "bar": [{"error_x": {"color": "#2a3f5f"}, "error_y": {"color": "#2a3f5f"}, "marker": {"line": {"color": "#E5ECF6", "width": 0.5}, "pattern": {"fillmode": "overlay", "size": 10, "solidity": 0.2}}, "type": "bar"}], "scattergeo": [{"type": "scattergeo", "marker": {"colorbar": {"outlinewidth": 0, "ticks": ""}}}], "scatterpolar": [{"type": "scatterpolar", "marker": {"colorbar": {"outlinewidth": 0, "ticks": ""}}}], "histogram": [{"marker": {"pattern": {"fillmode": "overlay", "size": 10, "solidity": 0.2}}, "type": "histogram"}], "scattergl": [{"type": "scattergl", "marker": {"colorbar": {"outlinewidth": 0, "ticks": ""}}}], "scatter3d": [{"type": "scatter3d", "line": {"colorbar": {"outlinewidth": 0, "ticks": ""}}, "marker": {"colorbar": {"outlinewidth": 0, "ticks": ""}}}], "scattermapbox": [{"type": "scattermapbox", "marker": {"colorbar": {"outlinewidth": 0, "ticks": ""}}}], "scatterternary": [{"type": "scatterternary", "marker": {"colorbar": {"outlinewidth": 0, "ticks": ""}}}], "scattercarpet": [{"type": "scattercarpet", "marker": {"colorbar": {"outlinewidth": 0, "ticks": ""}}}], "carpet": [{"aaxis": {"endlinecolor": "#2a3f5f", "gridcolor": "white", "linecolor": "white", "minorgridcolor": "white", "startlinecolor": "#2a3f5f"}, "baxis": {"endlinecolor": "#2a3f5f", "gridcolor": "white", "linecolor": "white", "minorgridcolor": "white", "startlinecolor": "#2a3f5f"}, "type": "carpet"}], "table": [{"cells": {"fill": {"color": "#EBF0F8"}, "line": {"color": "white"}}, "header": {"fill": {"color": "#C8D4E3"}, "line": {"color": "white"}}, "type": "table"}], "barpolar": [{"marker": {"line": {"color": "#E5ECF6", "width": 0.5}, "pattern": {"fillmode": "overlay", "size": 10, "solidity": 0.2}}, "type": "barpolar"}], "pie": [{"automargin": true, "type": "pie"}]}, "layout": {"autotypenumbers": "strict", "colorway": ["#636efa", "#EF553B", "#00cc96", "#ab63fa", "#FFA15A", "#19d3f3", "#FF6692", "#B6E880", "#FF97FF", "#FECB52"], "font": {"color": "#2a3f5f"}, "hovermode": "closest", "hoverlabel": {"align": "left"}, "paper_bgcolor": "white", "plot_bgcolor": "#E5ECF6", "polar": {"bgcolor": "#E5ECF6", "angularaxis": {"gridcolor": "white", "linecolor": "white", "ticks": ""}, "radialaxis": {"gridcolor": "white", "linecolor": "white", "ticks": ""}}, "ternary": {"bgcolor": "#E5ECF6", "aaxis": {"gridcolor": "white", "linecolor": "white", "ticks": ""}, "baxis": {"gridcolor": "white", "linecolor": "white", "ticks": ""}, "caxis": {"gridcolor": "white", "linecolor": "white", "ticks": ""}}, "coloraxis": {"colorbar": {"outlinewidth": 0, "ticks": ""}}, "colorscale": {"sequential": [[0.0, "#0d0887"], [0.1111111111111111, "#46039f"], [0.2222222222222222, "#7201a8"], [0.3333333333333333, "#9c179e"], [0.4444444444444444, "#bd3786"], [0.5555555555555556, "#d8576b"], [0.6666666666666666, "#ed7953"], [0.7777777777777778, "#fb9f3a"], [0.8888888888888888, "#fdca26"], [1.0, "#f0f921"]], "sequentialminus": [[0.0, "#0d0887"], [0.1111111111111111, "#46039f"], [0.2222222222222222, "#7201a8"], [0.3333333333333333, "#9c179e"], [0.4444444444444444, "#bd3786"], [0.5555555555555556, "#d8576b"], [0.6666666666666666, "#ed7953"], [0.7777777777777778, "#fb9f3a"], [0.8888888888888888, "#fdca26"], [1.0, "#f0f921"]], "diverging": [[0, "#8e0152"], [0.1, "#c51b7d"], [0.2, "#de77ae"], [0.3, "#f1b6da"], [0.4, "#fde0ef"], [0.5, "#f7f7f7"], [0.6, "#e6f5d0"], [0.7, "#b8e186"], [0.8, "#7fbc41"], [0.9, "#4d9221"], [1, "#276419"]]}, "xaxis": {"gridcolor": "white", "linecolor": "white", "ticks": "", "title": {"standoff": 15}, "zerolinecolor": "white", "automargin": true, "zerolinewidth": 2}, "yaxis": {"gridcolor": "white", "linecolor": "white", "ticks": "", "title": {"standoff": 15}, "zerolinecolor": "white", "automargin": true, "zerolinewidth": 2}, "scene": {"xaxis": {"backgroundcolor": "#E5ECF6", "gridcolor": "white", "linecolor": "white", "showbackground": true, "ticks": "", "zerolinecolor": "white", "gridwidth": 2}, "yaxis": {"backgroundcolor": "#E5ECF6", "gridcolor": "white", "linecolor": "white", "showbackground": true, "ticks": "", "zerolinecolor": "white", "gridwidth": 2}, "zaxis": {"backgroundcolor": "#E5ECF6", "gridcolor": "white", "linecolor": "white", "showbackground": true, "ticks": "", "zerolinecolor": "white", "gridwidth": 2}}, "shapedefaults": {"line": {"color": "#2a3f5f"}}, "annotationdefaults": {"arrowcolor": "#2a3f5f", "arrowhead": 0, "arrowwidth": 1}, "geo": {"bgcolor": "white", "landcolor": "#E5ECF6", "subunitcolor": "white", "showland": true, "showlakes": true, "lakecolor": "white"}, "title": {"x": 0.05}, "mapbox": {"style": "light"}}}}}