{"data": [{"z": [[15.16020393371582, 7.315611839294434, 1.7829092741012573, -3.085399627685547, -1.9367085695266724, -2.837054967880249, 2.53279972076416, -12.993163108825684, -1.3176252841949463, -5.199491024017334, 3.9062318801879883, -2.508404016494751, -2.2061541080474854, 7.4986138343811035, -2.797827959060669, -0.7670220136642456, 3.2826571464538574, 0.6871606111526489, 1.1596522331237793, 7.669112682342529, 6.219463348388672], [7.315611839294434, 16.143220901489258, 0.6692866086959839, -7.173446178436279, -2.0467066764831543, -3.9535434246063232, -1.7918473482131958, -4.014118671417236, -4.8956475257873535, 4.313781261444092, 0.521844744682312, -5.670965194702148, -3.098529815673828, -0.02321997843682766, 2.0612196922302246, -5.021345615386963, 3.5585145950317383, -0.09850859642028809, -0.4768131971359253, 5.658353805541992, -1.3218764066696167], [1.7829092741012573, 0.6692866086959839, 15.99134349822998, 3.7087864875793457, 3.581348419189453, 0.010532183572649956, 1.1882493495941162, 1.465134859085083, 1.2641687393188477, 4.376113414764404, 6.291423320770264, 4.126963138580322, -2.884431838989258, 4.295829772949219, 5.633859634399414, 0.5828808546066284, -1.4486396312713623, 4.10651969909668, -2.7072572708129883, -0.7559237480163574, 1.6946721076965332], [-3.085399627685547, -7.173446178436279, 3.7087864875793457, 17.58446502685547, 5.567282676696777, -0.5565081834793091, -1.3903056383132935, 1.088031530380249, -1.8726136684417725, 1.528045892715454, -1.6227152347564697, 2.95582914352417, -2.5185492038726807, -3.6828856468200684, 9.755823135375977, 0.3182438611984253, -1.7454454898834229, 3.2738301753997803, 4.900139331817627, -5.130639553070068, 5.393614768981934], [-1.9367085695266724, -2.0467066764831543, 3.581348419189453, 5.567282676696777, 20.325292587280273, -3.761136054992676, -1.2709606885910034, -0.003487945068627596, -0.8049340844154358, 1.2283076047897339, -1.4472700357437134, 2.7565438747406006, 3.079744577407837, 0.5085477828979492, 5.705160140991211, 1.6066124439239502, -1.4055761098861694, 3.8490304946899414, -2.676283836364746, 1.8222846984863281, 5.9628987312316895], [-2.837054967880249, -3.9535434246063232, 0.010532183572649956, -0.5565081834793091, -3.761136054992676, 17.41486930847168, -0.2418307512998581, 6.650053977966309, 0.9458407759666443, 4.4525465965271, -1.1268342733383179, 1.774176836013794, 0.5857864618301392, 0.6927512884140015, -6.071835517883301, 5.334217548370361, -1.737978458404541, 1.3724677562713623, -5.676942348480225, -7.232144832611084, -1.313546061515808], [2.53279972076416, -1.7918473482131958, 1.1882493495941162, -1.3903056383132935, -1.2709606885910034, -0.2418307512998581, 13.515290260314941, 1.4744104146957397, 4.205557346343994, -10.388467788696289, 1.1304504871368408, 1.6983336210250854, -5.789313793182373, -3.27712082862854, -3.9924449920654297, 0.6646806001663208, -0.10760736465454102, -0.43060505390167236, -2.178986072540283, 7.755311012268066, 0.13318026065826416], [-12.993163108825684, -4.014118671417236, 1.465134859085083, 1.088031530380249, -0.003487945068627596, 6.650053977966309, 1.4744104146957397, 17.452974319458008, 2.616999864578247, 7.570870876312256, -4.413202285766602, 2.7999274730682373, -2.1943411827087402, -8.575339317321777, 2.883944272994995, 0.6005943417549133, -1.1187132596969604, -1.1346149444580078, -3.910102367401123, -5.153847694396973, -7.880728244781494], [-1.3176252841949463, -4.8956475257873535, 1.2641687393188477, -1.8726136684417725, -0.8049340844154358, 0.9458407759666443, 4.205557346343994, 2.616999864578247, 13.813268661499023, -9.832867622375488, -3.1358582973480225, 8.885957717895508, 1.2730257511138916, 1.2098190784454346, 1.0073840618133545, 1.9956250190734863, 2.1878762245178223, -4.049254894256592, -1.5228432416915894, -0.4405360221862793, -3.2234737873077393], [-5.199491024017334, 4.313781261444092, 4.376113414764404, 1.528045892715454, 1.2283076047897339, 4.4525465965271, -10.388467788696289, 7.570870876312256, -9.832867622375488, 26.97220802307129, 1.9638020992279053, -4.077997207641602, 1.9097398519515991, 0.9152908325195312, 4.921457767486572, 1.372191071510315, 3.0968234539031982, 1.9538695812225342, 1.0729848146438599, -3.4894309043884277, -3.9979662895202637], [3.9062318801879883, 0.521844744682312, 6.291423320770264, -1.6227152347564697, -1.4472700357437134, -1.1268342733383179, 1.1304504871368408, -4.413202285766602, -3.1358582973480225, 1.9638020992279053, 16.406902313232422, -4.383227825164795, 2.236536979675293, 10.563790321350098, -1.093497395515442, 4.501842498779297, -0.7791391611099243, 9.252923965454102, 1.2419757843017578, -0.5638918876647949, 0.44017237424850464], [-2.508404016494751, -5.670965194702148, 4.126963138580322, 2.95582914352417, 2.7565438747406006, 1.774176836013794, 1.6983336210250854, 2.7999274730682373, 8.885957717895508, -4.077997207641602, -4.383227825164795, 15.295326232910156, 1.718674898147583, -3.4966838359832764, 1.7433233261108398, 1.8765109777450562, 0.39466559886932373, -7.899753570556641, -1.9542291164398193, 0.33031129837036133, -1.0201616287231445], [-2.2061541080474854, -3.098529815673828, -2.884431838989258, -2.5185492038726807, 3.079744577407837, 0.5857864618301392, -5.789313793182373, -2.1943411827087402, 1.2730257511138916, 1.9097398519515991, 2.236536979675293, 1.718674898147583, 12.744550704956055, 5.683906555175781, -2.976444721221924, 5.409324645996094, 1.3406352996826172, 2.707211494445801, 2.753516674041748, -3.2120509147644043, 0.6669259071350098], [7.4986138343811035, -0.02321997843682766, 4.295829772949219, -3.6828856468200684, 0.5085477828979492, 0.6927512884140015, -3.27712082862854, -8.575339317321777, 1.2098190784454346, 0.9152908325195312, 10.563790321350098, -3.4966838359832764, 5.683906555175781, 17.874629974365234, -2.994971513748169, 4.303663730621338, 2.5525569915771484, 8.656830787658691, 2.8388566970825195, -1.0047162771224976, 2.1594464778900146], [-2.797827959060669, 2.0612196922302246, 5.633859634399414, 9.755823135375977, 5.705160140991211, -6.071835517883301, -3.9924449920654297, 2.883944272994995, 1.0073840618133545, 4.921457767486572, -1.093497395515442, 1.7433233261108398, -2.976444721221924, -2.994971513748169, 15.232675552368164, -2.3720202445983887, 1.7780791521072388, 1.620645523071289, 3.3533401489257812, -4.130563735961914, 0.308404803276062], [-0.7670220136642456, -5.021345615386963, 0.5828808546066284, 0.3182438611984253, 1.6066124439239502, 5.334217548370361, 0.6646806001663208, 0.6005943417549133, 1.9956250190734863, 1.372191071510315, 4.501842498779297, 1.8765109777450562, 5.409324645996094, 4.303663730621338, -2.3720202445983887, 7.078521728515625, 0.799659252166748, 3.7067694664001465, 0.08146798610687256, -3.2250356674194336, 1.5228188037872314], [3.2826573848724365, 3.558514356613159, -1.4486397504806519, -1.745445728302002, -1.4055758714675903, -1.737978219985962, -0.10760737955570221, -1.11871337890625, 2.187875986099243, 3.0968234539031982, -0.7791391015052795, 0.39466553926467896, 1.3406352996826172, 2.5525569915771484, 1.7780793905258179, 0.799659252166748, 7.187990188598633, -1.0204789638519287, 3.7793753147125244, 4.28835391998291, -1.742275595664978], [0.6871606111526489, -0.09850852191448212, 4.10651969909668, 3.2738301753997803, 3.849030017852783, 1.3724676370620728, -0.43060484528541565, -1.1346149444580078, -4.049254894256592, 1.9538695812225342, 9.252923965454102, -7.899753570556641, 2.70721173286438, 8.656829833984375, 1.620645523071289, 3.7067699432373047, -1.0204789638519287, 15.875091552734375, 4.420802116394043, -6.910263538360596, 4.449520111083984], [1.1596522331237793, -0.47681307792663574, -2.7072575092315674, 4.900139331817627, -2.676283597946167, -5.676942348480225, -2.178985834121704, -3.910102367401123, -1.5228432416915894, 1.0729848146438599, 1.2419756650924683, -1.9542288780212402, 2.753516674041748, 2.8388566970825195, 3.3533401489257812, 0.08146785944700241, 3.7793753147125244, 4.420802116394043, 12.034194946289062, -2.6185598373413086, 1.8960541486740112], [7.669112205505371, 5.658353805541992, -0.7559237480163574, -5.13063907623291, 1.8222850561141968, -7.232144832611084, 7.755311012268066, -5.153848171234131, -0.44053587317466736, -3.4894309043884277, -0.5638916492462158, 0.3303115665912628, -3.2120509147644043, -1.004716157913208, -4.130563259124756, -3.225036382675171, 4.28835391998291, -6.910263538360596, -2.6185598373413086, 19.9150390625, -1.606679916381836], [6.219463348388672, -1.3218761682510376, 1.6946723461151123, 5.393614768981934, 5.962898254394531, -1.313546061515808, 0.1331803798675537, -7.880728721618652, -3.22347354888916, -3.9979662895202637, 0.44017237424850464, -1.0201613903045654, 0.6669259071350098, 2.1594467163085938, 0.308404803276062, 1.5228188037872314, -1.7422757148742676, 4.449520111083984, 1.8960542678833008, -1.6066800355911255, 10.956415176391602]], "type": "heatmap"}], "layout": {"template": {"data": {"histogram2dcontour": [{"type": "histogram2dcontour", "colorbar": {"outlinewidth": 0, "ticks": ""}, "colorscale": [[0.0, "#0d0887"], [0.1111111111111111, "#46039f"], [0.2222222222222222, "#7201a8"], [0.3333333333333333, "#9c179e"], [0.4444444444444444, "#bd3786"], [0.5555555555555556, "#d8576b"], [0.6666666666666666, "#ed7953"], [0.7777777777777778, "#fb9f3a"], [0.8888888888888888, "#fdca26"], [1.0, "#f0f921"]]}], "choropleth": [{"type": "choropleth", "colorbar": {"outlinewidth": 0, "ticks": ""}}], "histogram2d": [{"type": "histogram2d", "colorbar": {"outlinewidth": 0, "ticks": ""}, "colorscale": [[0.0, "#0d0887"], [0.1111111111111111, "#46039f"], [0.2222222222222222, "#7201a8"], [0.3333333333333333, "#9c179e"], [0.4444444444444444, "#bd3786"], [0.5555555555555556, "#d8576b"], [0.6666666666666666, "#ed7953"], [0.7777777777777778, "#fb9f3a"], [0.8888888888888888, "#fdca26"], [1.0, "#f0f921"]]}], "heatmap": [{"type": "heatmap", "colorbar": {"outlinewidth": 0, "ticks": ""}, "colorscale": [[0.0, "#0d0887"], [0.1111111111111111, "#46039f"], [0.2222222222222222, "#7201a8"], [0.3333333333333333, "#9c179e"], [0.4444444444444444, "#bd3786"], [0.5555555555555556, "#d8576b"], [0.6666666666666666, "#ed7953"], [0.7777777777777778, "#fb9f3a"], [0.8888888888888888, "#fdca26"], [1.0, "#f0f921"]]}], "heatmapgl": [{"type": "heatmapgl", "colorbar": {"outlinewidth": 0, "ticks": ""}, "colorscale": [[0.0, "#0d0887"], [0.1111111111111111, "#46039f"], [0.2222222222222222, "#7201a8"], [0.3333333333333333, "#9c179e"], [0.4444444444444444, "#bd3786"], [0.5555555555555556, "#d8576b"], [0.6666666666666666, "#ed7953"], [0.7777777777777778, "#fb9f3a"], [0.8888888888888888, "#fdca26"], [1.0, "#f0f921"]]}], "contourcarpet": [{"type": "contourcarpet", "colorbar": {"outlinewidth": 0, "ticks": ""}}], "contour": [{"type": "contour", "colorbar": {"outlinewidth": 0, "ticks": ""}, "colorscale": [[0.0, "#0d0887"], [0.1111111111111111, "#46039f"], [0.2222222222222222, "#7201a8"], [0.3333333333333333, "#9c179e"], [0.4444444444444444, "#bd3786"], [0.5555555555555556, "#d8576b"], [0.6666666666666666, "#ed7953"], [0.7777777777777778, "#fb9f3a"], [0.8888888888888888, "#fdca26"], [1.0, "#f0f921"]]}], "surface": [{"type": "surface", "colorbar": {"outlinewidth": 0, "ticks": ""}, "colorscale": [[0.0, "#0d0887"], [0.1111111111111111, "#46039f"], [0.2222222222222222, "#7201a8"], [0.3333333333333333, "#9c179e"], [0.4444444444444444, "#bd3786"], [0.5555555555555556, "#d8576b"], [0.6666666666666666, "#ed7953"], [0.7777777777777778, "#fb9f3a"], [0.8888888888888888, "#fdca26"], [1.0, "#f0f921"]]}], "mesh3d": [{"type": "mesh3d", "colorbar": {"outlinewidth": 0, "ticks": ""}}], "scatter": [{"fillpattern": {"fillmode": "overlay", "size": 10, "solidity": 0.2}, "type": "scatter"}], "parcoords": [{"type": "parcoords", "line": {"colorbar": {"outlinewidth": 0, "ticks": ""}}}], "scatterpolargl": [{"type": "scatterpolargl", "marker": {"colorbar": {"outlinewidth": 0, "ticks": ""}}}], "bar": [{"error_x": {"color": "#2a3f5f"}, "error_y": {"color": "#2a3f5f"}, "marker": {"line": {"color": "#E5ECF6", "width": 0.5}, "pattern": {"fillmode": "overlay", "size": 10, "solidity": 0.2}}, "type": "bar"}], "scattergeo": [{"type": "scattergeo", "marker": {"colorbar": {"outlinewidth": 0, "ticks": ""}}}], "scatterpolar": [{"type": "scatterpolar", "marker": {"colorbar": {"outlinewidth": 0, "ticks": ""}}}], "histogram": [{"marker": {"pattern": {"fillmode": "overlay", "size": 10, "solidity": 0.2}}, "type": "histogram"}], "scattergl": [{"type": "scattergl", "marker": {"colorbar": {"outlinewidth": 0, "ticks": ""}}}], "scatter3d": [{"type": "scatter3d", "line": {"colorbar": {"outlinewidth": 0, "ticks": ""}}, "marker": {"colorbar": {"outlinewidth": 0, "ticks": ""}}}], "scattermapbox": [{"type": "scattermapbox", "marker": {"colorbar": {"outlinewidth": 0, "ticks": ""}}}], "scatterternary": [{"type": "scatterternary", "marker": {"colorbar": {"outlinewidth": 0, "ticks": ""}}}], "scattercarpet": [{"type": "scattercarpet", "marker": {"colorbar": {"outlinewidth": 0, "ticks": ""}}}], "carpet": [{"aaxis": {"endlinecolor": "#2a3f5f", "gridcolor": "white", "linecolor": "white", "minorgridcolor": "white", "startlinecolor": "#2a3f5f"}, "baxis": {"endlinecolor": "#2a3f5f", "gridcolor": "white", "linecolor": "white", "minorgridcolor": "white", "startlinecolor": "#2a3f5f"}, "type": "carpet"}], "table": [{"cells": {"fill": {"color": "#EBF0F8"}, "line": {"color": "white"}}, "header": {"fill": {"color": "#C8D4E3"}, "line": {"color": "white"}}, "type": "table"}], "barpolar": [{"marker": {"line": {"color": "#E5ECF6", "width": 0.5}, "pattern": {"fillmode": "overlay", "size": 10, "solidity": 0.2}}, "type": "barpolar"}], "pie": [{"automargin": true, "type": "pie"}]}, "layout": {"autotypenumbers": "strict", "colorway": ["#636efa", "#EF553B", "#00cc96", "#ab63fa", "#FFA15A", "#19d3f3", "#FF6692", "#B6E880", "#FF97FF", "#FECB52"], "font": {"color": "#2a3f5f"}, "hovermode": "closest", "hoverlabel": {"align": "left"}, "paper_bgcolor": "white", "plot_bgcolor": "#E5ECF6", "polar": {"bgcolor": "#E5ECF6", "angularaxis": {"gridcolor": "white", "linecolor": "white", "ticks": ""}, "radialaxis": {"gridcolor": "white", "linecolor": "white", "ticks": ""}}, "ternary": {"bgcolor": "#E5ECF6", "aaxis": {"gridcolor": "white", "linecolor": "white", "ticks": ""}, "baxis": {"gridcolor": "white", "linecolor": "white", "ticks": ""}, "caxis": {"gridcolor": "white", "linecolor": "white", "ticks": ""}}, "coloraxis": {"colorbar": {"outlinewidth": 0, "ticks": ""}}, "colorscale": {"sequential": [[0.0, "#0d0887"], [0.1111111111111111, "#46039f"], [0.2222222222222222, "#7201a8"], [0.3333333333333333, "#9c179e"], [0.4444444444444444, "#bd3786"], [0.5555555555555556, "#d8576b"], [0.6666666666666666, "#ed7953"], [0.7777777777777778, "#fb9f3a"], [0.8888888888888888, "#fdca26"], [1.0, "#f0f921"]], "sequentialminus": [[0.0, "#0d0887"], [0.1111111111111111, "#46039f"], [0.2222222222222222, "#7201a8"], [0.3333333333333333, "#9c179e"], [0.4444444444444444, "#bd3786"], [0.5555555555555556, "#d8576b"], [0.6666666666666666, "#ed7953"], [0.7777777777777778, "#fb9f3a"], [0.8888888888888888, "#fdca26"], [1.0, "#f0f921"]], "diverging": [[0, "#8e0152"], [0.1, "#c51b7d"], [0.2, "#de77ae"], [0.3, "#f1b6da"], [0.4, "#fde0ef"], [0.5, "#f7f7f7"], [0.6, "#e6f5d0"], [0.7, "#b8e186"], [0.8, "#7fbc41"], [0.9, "#4d9221"], [1, "#276419"]]}, "xaxis": {"gridcolor": "white", "linecolor": "white", "ticks": "", "title": {"standoff": 15}, "zerolinecolor": "white", "automargin": true, "zerolinewidth": 2}, "yaxis": {"gridcolor": "white", "linecolor": "white", "ticks": "", "title": {"standoff": 15}, "zerolinecolor": "white", "automargin": true, "zerolinewidth": 2}, "scene": {"xaxis": {"backgroundcolor": "#E5ECF6", "gridcolor": "white", "linecolor": "white", "showbackground": true, "ticks": "", "zerolinecolor": "white", "gridwidth": 2}, "yaxis": {"backgroundcolor": "#E5ECF6", "gridcolor": "white", "linecolor": "white", "showbackground": true, "ticks": "", "zerolinecolor": "white", "gridwidth": 2}, "zaxis": {"backgroundcolor": "#E5ECF6", "gridcolor": "white", "linecolor": "white", "showbackground": true, "ticks": "", "zerolinecolor": "white", "gridwidth": 2}}, "shapedefaults": {"line": {"color": "#2a3f5f"}}, "annotationdefaults": {"arrowcolor": "#2a3f5f", "arrowhead": 0, "arrowwidth": 1}, "geo": {"bgcolor": "white", "landcolor": "#E5ECF6", "subunitcolor": "white", "showland": true, "showlakes": true, "lakecolor": "white"}, "title": {"x": 0.05}, "mapbox": {"style": "light"}}}}}