{"data": [{"z": [[14.641595840454102, 6.730195045471191, 1.5735453367233276, -3.3086795806884766, -1.9456669092178345, -2.3948018550872803, 1.991402506828308, -12.85571002960205, -1.2910083532333374, -5.231631755828857, 3.681570529937744, -2.3716349601745605, -2.161590814590454, 6.799434661865234, -2.9910244941711426, -0.9904857277870178, 2.946485996246338, 0.4290820360183716, 0.37353014945983887, 7.155620574951172, 6.234210968017578], [6.730195045471191, 15.548627853393555, 0.4880583584308624, -7.433631420135498, -2.130551815032959, -3.2917659282684326, -2.3957204818725586, -3.535046100616455, -4.904406547546387, 4.484678268432617, 0.04951890558004379, -5.342090129852295, -3.128284454345703, -0.6438775658607483, 1.7401798963546753, -5.118183135986328, 3.2098870277404785, -0.49463951587677, -1.3664946556091309, 5.2086992263793945, -1.4493261575698853], [1.5735453367233276, 0.4880583584308624, 15.95372486114502, 3.1956253051757812, 3.179752826690674, -0.2761308550834656, 0.958778440952301, 1.0283176898956299, 0.5939464569091797, 3.9554271697998047, 5.932516098022461, 3.912675142288208, -3.4344263076782227, 4.133799076080322, 5.4058709144592285, 1.0963208675384521, -1.2539641857147217, 4.086429595947266, -2.9107508659362793, -1.0320521593093872, 1.6673340797424316], [-3.3086795806884766, -7.433631420135498, 3.1956253051757812, 17.21065902709961, 5.035726070404053, -0.8857576847076416, -1.490883708000183, 0.740129828453064, -2.392894744873047, 0.9675536155700684, -2.0881547927856445, 2.6248152256011963, -2.9634158611297607, -4.161254405975342, 9.335161209106445, 0.1684543639421463, -1.9927977323532104, 2.6982007026672363, 4.709639549255371, -5.297953128814697, 5.405625343322754], [-1.9456669092178345, -2.130551815032959, 3.179752826690674, 5.035726070404053, 19.7923526763916, -4.162572383880615, -1.4354538917541504, -0.5460756421089172, -1.431282639503479, 0.699903130531311, -2.0672149658203125, 2.4502296447753906, 2.6471545696258545, 0.12949155271053314, 5.280466079711914, 1.661197304725647, -1.436687707901001, 3.5180301666259766, -3.031611204147339, 1.6587321758270264, 6.000323295593262], [-2.3948018550872803, -3.2917659282684326, -0.2761308550834656, -0.8857576847076416, -4.162572383880615, 16.813730239868164, 0.35204392671585083, 5.926506519317627, 0.4040045142173767, 4.11927604675293, -1.3415950536727905, 1.1805304288864136, 0.28358325362205505, 0.4899888038635254, -6.418392658233643, 5.003724575042725, -1.9261736869812012, 0.9248917698860168, -5.449458122253418, -6.735891342163086, -1.208782434463501], [1.991402506828308, -2.3957204818725586, 0.958778440952301, -1.490883708000183, -1.4354538917541504, 0.35204392671585083, 12.972514152526855, 1.5173126459121704, 4.098379611968994, -10.298176765441895, 0.7512421011924744, 1.498700737953186, -6.000122547149658, -3.2635698318481445, -4.396328926086426, 0.7818835377693176, -0.4566129446029663, -0.6046171188354492, -2.619900703430176, 7.0243377685546875, 0.13240742683410645], [-12.85571002960205, -3.535046100616455, 1.0283176898956299, 0.740129828453064, -0.5460756421089172, 5.926506519317627, 1.5173126459121704, 17.081552505493164, 2.0252623558044434, 7.326402187347412, -5.000283241271973, 2.2035908699035645, -2.7482516765594482, -8.598747253417969, 2.54599666595459, 0.34058091044425964, -1.3676180839538574, -1.6701343059539795, -3.6484575271606445, -4.933038234710693, -7.89497184753418], [-1.2910083532333374, -4.904406547546387, 0.5939464569091797, -2.392894744873047, -1.431282639503479, 0.4040045142173767, 4.098379611968994, 2.0252623558044434, 13.544376373291016, -10.478536605834961, -3.884047031402588, 8.504755020141602, 0.8323749303817749, 0.8724873661994934, 0.44968241453170776, 1.7781001329421997, 2.0592498779296875, -4.7354278564453125, -1.6321711540222168, -0.24591684341430664, -3.1904687881469727], [-5.231631755828857, 4.484678268432617, 3.9554271697998047, 0.9675536155700684, 0.699903130531311, 4.11927604675293, -10.298176765441895, 7.326402187347412, -10.478536605834961, 26.58852195739746, 1.7196868658065796, -4.487349510192871, 1.562384843826294, 0.30702534317970276, 4.517392158508301, 1.1667120456695557, 2.8865408897399902, 1.557563304901123, 0.8703595399856567, -3.417137622833252, -3.998828172683716], [3.681570529937744, 0.04951890558004379, 5.932516098022461, -2.0881547927856445, -2.0672149658203125, -1.3415950536727905, 0.7512421011924744, -5.000283241271973, -3.884047031402588, 1.7196868658065796, 16.383153915405273, -4.927958965301514, 1.9124809503555298, 10.254461288452148, -1.430670142173767, 4.556282043457031, -0.787830114364624, 9.176230430603027, 0.9558796882629395, -0.9055335521697998, 0.5591895580291748], [-2.3716349601745605, -5.342090129852295, 3.912675142288208, 2.6248152256011963, 2.4502296447753906, 1.1805304288864136, 1.498700737953186, 2.2035908699035645, 8.504755020141602, -4.487349510192871, -4.927958965301514, 14.817046165466309, 1.3252359628677368, -3.397968053817749, 1.5719141960144043, 1.9447137117385864, 0.4046694040298462, -8.052021026611328, -1.8079280853271484, 0.39920568466186523, -0.9927560687065125], [-2.161590814590454, -3.128284454345703, -3.4344263076782227, -2.9634158611297607, 2.6471545696258545, 0.28358325362205505, -6.000122547149658, -2.7482516765594482, 0.8323749303817749, 1.562384843826294, 1.9124809503555298, 1.3252359628677368, 12.677923202514648, 5.229285717010498, -3.3778271675109863, 5.091333866119385, 1.1874297857284546, 2.3349568843841553, 2.519256591796875, -3.2688539028167725, 0.7791361808776855], [6.799434661865234, -0.6438775658607483, 4.133799076080322, -4.161254405975342, 0.12949155271053314, 0.4899888038635254, -3.2635698318481445, -8.598747253417969, 0.8724873661994934, 0.30702534317970276, 10.254461288452148, -3.397968053817749, 5.229285717010498, 16.81523323059082, -3.1913869380950928, 4.2197089195251465, 2.2466208934783936, 8.267839431762695, 2.1017684936523438, -1.408557653427124, 2.0107293128967285], [-2.9910244941711426, 1.7401798963546753, 5.4058709144592285, 9.335161209106445, 5.280466079711914, -6.418392658233643, -4.396328926086426, 2.54599666595459, 0.44968241453170776, 4.517392158508301, -1.430670142173767, 1.5719141960144043, -3.3778271675109863, -3.1913869380950928, 15.009787559509277, -2.1786115169525146, 1.8363362550735474, 1.5173845291137695, 3.1647722721099854, -4.44527530670166, 0.35291588306427], [-0.9904857277870178, -5.118183135986328, 1.0963208675384521, 0.1684543639421463, 1.661197304725647, 5.003724575042725, 0.7818835377693176, 0.34058091044425964, 1.7781001329421997, 1.1667120456695557, 4.556282043457031, 1.9447137117385864, 5.091333866119385, 4.2197089195251465, -2.1786115169525146, 7.179929256439209, 0.9133951663970947, 3.8254892826080322, -0.0863494873046875, -3.3550009727478027, 1.382644534111023], [2.946485996246338, 3.2098865509033203, -1.2539641857147217, -1.992797613143921, -1.43668794631958, -1.9261740446090698, -0.45661309361457825, -1.367618203163147, 2.0592498779296875, 2.886540651321411, -0.7878300547599792, 0.40466928482055664, 1.1874297857284546, 2.2466206550598145, 1.8363360166549683, 0.9133954048156738, 7.270221710205078, -0.8300501108169556, 3.4659676551818848, 4.042853832244873, -1.743158221244812], [0.4290817975997925, -0.49463966488838196, 4.086429595947266, 2.6982004642486572, 3.5180301666259766, 0.9248916506767273, -0.6046167612075806, -1.67013418674469, -4.735426902770996, 1.557563304901123, 9.176230430603027, -8.052021026611328, 2.3349573612213135, 8.267839431762695, 1.5173845291137695, 3.8254902362823486, -0.8300501108169556, 15.848207473754883, 4.013082027435303, -7.222951889038086, 4.432065486907959], [0.37353020906448364, -1.3664947748184204, -2.9107506275177, 4.709639549255371, -3.031611204147339, -5.449458122253418, -2.6199004650115967, -3.6484572887420654, -1.6321710348129272, 0.8703594207763672, 0.9558793306350708, -1.8079283237457275, 2.519256591796875, 2.101768970489502, 3.1647720336914062, -0.08634962886571884, 3.4659676551818848, 4.013082027435303, 11.38105583190918, -3.2100348472595215, 1.738399863243103], [7.155620098114014, 5.2086992263793945, -1.0320520401000977, -5.297952175140381, 1.6587326526641846, -6.7358903884887695, 7.024338245391846, -4.933038234710693, -0.24591708183288574, -3.4171383380889893, -0.9055335521697998, 0.39920511841773987, -3.2688539028167725, -1.4085575342178345, -4.44527530670166, -3.3550009727478027, 4.042853832244873, -7.222951889038086, -3.2100348472595215, 19.613082885742188, -1.736543893814087], [6.23421049118042, -1.449325680732727, 1.6673340797424316, 5.405625343322754, 6.000323295593262, -1.2087823152542114, 0.132407546043396, -7.89497184753418, -3.1904687881469727, -3.998828172683716, 0.5591895580291748, -0.9927561283111572, 0.7791364192962646, 2.0107290744781494, 0.3529156446456909, 1.382644534111023, -1.7431583404541016, 4.432065010070801, 1.738399863243103, -1.7365434169769287, 10.956415176391602]], "type": "heatmap"}], "layout": {"template": {"data": {"histogram2dcontour": [{"type": "histogram2dcontour", "colorbar": {"outlinewidth": 0, "ticks": ""}, "colorscale": [[0.0, "#0d0887"], [0.1111111111111111, "#46039f"], [0.2222222222222222, "#7201a8"], [0.3333333333333333, "#9c179e"], [0.4444444444444444, "#bd3786"], [0.5555555555555556, "#d8576b"], [0.6666666666666666, "#ed7953"], [0.7777777777777778, "#fb9f3a"], [0.8888888888888888, "#fdca26"], [1.0, "#f0f921"]]}], "choropleth": [{"type": "choropleth", "colorbar": {"outlinewidth": 0, "ticks": ""}}], "histogram2d": [{"type": "histogram2d", "colorbar": {"outlinewidth": 0, "ticks": ""}, "colorscale": [[0.0, "#0d0887"], [0.1111111111111111, "#46039f"], [0.2222222222222222, "#7201a8"], [0.3333333333333333, "#9c179e"], [0.4444444444444444, "#bd3786"], [0.5555555555555556, "#d8576b"], [0.6666666666666666, "#ed7953"], [0.7777777777777778, "#fb9f3a"], [0.8888888888888888, "#fdca26"], [1.0, "#f0f921"]]}], "heatmap": [{"type": "heatmap", "colorbar": {"outlinewidth": 0, "ticks": ""}, "colorscale": [[0.0, "#0d0887"], [0.1111111111111111, "#46039f"], [0.2222222222222222, "#7201a8"], [0.3333333333333333, "#9c179e"], [0.4444444444444444, "#bd3786"], [0.5555555555555556, "#d8576b"], [0.6666666666666666, "#ed7953"], [0.7777777777777778, "#fb9f3a"], [0.8888888888888888, "#fdca26"], [1.0, "#f0f921"]]}], "heatmapgl": [{"type": "heatmapgl", "colorbar": {"outlinewidth": 0, "ticks": ""}, "colorscale": [[0.0, "#0d0887"], [0.1111111111111111, "#46039f"], [0.2222222222222222, "#7201a8"], [0.3333333333333333, "#9c179e"], [0.4444444444444444, "#bd3786"], [0.5555555555555556, "#d8576b"], [0.6666666666666666, "#ed7953"], [0.7777777777777778, "#fb9f3a"], [0.8888888888888888, "#fdca26"], [1.0, "#f0f921"]]}], "contourcarpet": [{"type": "contourcarpet", "colorbar": {"outlinewidth": 0, "ticks": ""}}], "contour": [{"type": "contour", "colorbar": {"outlinewidth": 0, "ticks": ""}, "colorscale": [[0.0, "#0d0887"], [0.1111111111111111, "#46039f"], [0.2222222222222222, "#7201a8"], [0.3333333333333333, "#9c179e"], [0.4444444444444444, "#bd3786"], [0.5555555555555556, "#d8576b"], [0.6666666666666666, "#ed7953"], [0.7777777777777778, "#fb9f3a"], [0.8888888888888888, "#fdca26"], [1.0, "#f0f921"]]}], "surface": [{"type": "surface", "colorbar": {"outlinewidth": 0, "ticks": ""}, "colorscale": [[0.0, "#0d0887"], [0.1111111111111111, "#46039f"], [0.2222222222222222, "#7201a8"], [0.3333333333333333, "#9c179e"], [0.4444444444444444, "#bd3786"], [0.5555555555555556, "#d8576b"], [0.6666666666666666, "#ed7953"], [0.7777777777777778, "#fb9f3a"], [0.8888888888888888, "#fdca26"], [1.0, "#f0f921"]]}], "mesh3d": [{"type": "mesh3d", "colorbar": {"outlinewidth": 0, "ticks": ""}}], "scatter": [{"fillpattern": {"fillmode": "overlay", "size": 10, "solidity": 0.2}, "type": "scatter"}], "parcoords": [{"type": "parcoords", "line": {"colorbar": {"outlinewidth": 0, "ticks": ""}}}], "scatterpolargl": [{"type": "scatterpolargl", "marker": {"colorbar": {"outlinewidth": 0, "ticks": ""}}}], "bar": [{"error_x": {"color": "#2a3f5f"}, "error_y": {"color": "#2a3f5f"}, "marker": {"line": {"color": "#E5ECF6", "width": 0.5}, "pattern": {"fillmode": "overlay", "size": 10, "solidity": 0.2}}, "type": "bar"}], "scattergeo": [{"type": "scattergeo", "marker": {"colorbar": {"outlinewidth": 0, "ticks": ""}}}], "scatterpolar": [{"type": "scatterpolar", "marker": {"colorbar": {"outlinewidth": 0, "ticks": ""}}}], "histogram": [{"marker": {"pattern": {"fillmode": "overlay", "size": 10, "solidity": 0.2}}, "type": "histogram"}], "scattergl": [{"type": "scattergl", "marker": {"colorbar": {"outlinewidth": 0, "ticks": ""}}}], "scatter3d": [{"type": "scatter3d", "line": {"colorbar": {"outlinewidth": 0, "ticks": ""}}, "marker": {"colorbar": {"outlinewidth": 0, "ticks": ""}}}], "scattermapbox": [{"type": "scattermapbox", "marker": {"colorbar": {"outlinewidth": 0, "ticks": ""}}}], "scatterternary": [{"type": "scatterternary", "marker": {"colorbar": {"outlinewidth": 0, "ticks": ""}}}], "scattercarpet": [{"type": "scattercarpet", "marker": {"colorbar": {"outlinewidth": 0, "ticks": ""}}}], "carpet": [{"aaxis": {"endlinecolor": "#2a3f5f", "gridcolor": "white", "linecolor": "white", "minorgridcolor": "white", "startlinecolor": "#2a3f5f"}, "baxis": {"endlinecolor": "#2a3f5f", "gridcolor": "white", "linecolor": "white", "minorgridcolor": "white", "startlinecolor": "#2a3f5f"}, "type": "carpet"}], "table": [{"cells": {"fill": {"color": "#EBF0F8"}, "line": {"color": "white"}}, "header": {"fill": {"color": "#C8D4E3"}, "line": {"color": "white"}}, "type": "table"}], "barpolar": [{"marker": {"line": {"color": "#E5ECF6", "width": 0.5}, "pattern": {"fillmode": "overlay", "size": 10, "solidity": 0.2}}, "type": "barpolar"}], "pie": [{"automargin": true, "type": "pie"}]}, "layout": {"autotypenumbers": "strict", "colorway": ["#636efa", "#EF553B", "#00cc96", "#ab63fa", "#FFA15A", "#19d3f3", "#FF6692", "#B6E880", "#FF97FF", "#FECB52"], "font": {"color": "#2a3f5f"}, "hovermode": "closest", "hoverlabel": {"align": "left"}, "paper_bgcolor": "white", "plot_bgcolor": "#E5ECF6", "polar": {"bgcolor": "#E5ECF6", "angularaxis": {"gridcolor": "white", "linecolor": "white", "ticks": ""}, "radialaxis": {"gridcolor": "white", "linecolor": "white", "ticks": ""}}, "ternary": {"bgcolor": "#E5ECF6", "aaxis": {"gridcolor": "white", "linecolor": "white", "ticks": ""}, "baxis": {"gridcolor": "white", "linecolor": "white", "ticks": ""}, "caxis": {"gridcolor": "white", "linecolor": "white", "ticks": ""}}, "coloraxis": {"colorbar": {"outlinewidth": 0, "ticks": ""}}, "colorscale": {"sequential": [[0.0, "#0d0887"], [0.1111111111111111, "#46039f"], [0.2222222222222222, "#7201a8"], [0.3333333333333333, "#9c179e"], [0.4444444444444444, "#bd3786"], [0.5555555555555556, "#d8576b"], [0.6666666666666666, "#ed7953"], [0.7777777777777778, "#fb9f3a"], [0.8888888888888888, "#fdca26"], [1.0, "#f0f921"]], "sequentialminus": [[0.0, "#0d0887"], [0.1111111111111111, "#46039f"], [0.2222222222222222, "#7201a8"], [0.3333333333333333, "#9c179e"], [0.4444444444444444, "#bd3786"], [0.5555555555555556, "#d8576b"], [0.6666666666666666, "#ed7953"], [0.7777777777777778, "#fb9f3a"], [0.8888888888888888, "#fdca26"], [1.0, "#f0f921"]], "diverging": [[0, "#8e0152"], [0.1, "#c51b7d"], [0.2, "#de77ae"], [0.3, "#f1b6da"], [0.4, "#fde0ef"], [0.5, "#f7f7f7"], [0.6, "#e6f5d0"], [0.7, "#b8e186"], [0.8, "#7fbc41"], [0.9, "#4d9221"], [1, "#276419"]]}, "xaxis": {"gridcolor": "white", "linecolor": "white", "ticks": "", "title": {"standoff": 15}, "zerolinecolor": "white", "automargin": true, "zerolinewidth": 2}, "yaxis": {"gridcolor": "white", "linecolor": "white", "ticks": "", "title": {"standoff": 15}, "zerolinecolor": "white", "automargin": true, "zerolinewidth": 2}, "scene": {"xaxis": {"backgroundcolor": "#E5ECF6", "gridcolor": "white", "linecolor": "white", "showbackground": true, "ticks": "", "zerolinecolor": "white", "gridwidth": 2}, "yaxis": {"backgroundcolor": "#E5ECF6", "gridcolor": "white", "linecolor": "white", "showbackground": true, "ticks": "", "zerolinecolor": "white", "gridwidth": 2}, "zaxis": {"backgroundcolor": "#E5ECF6", "gridcolor": "white", "linecolor": "white", "showbackground": true, "ticks": "", "zerolinecolor": "white", "gridwidth": 2}}, "shapedefaults": {"line": {"color": "#2a3f5f"}}, "annotationdefaults": {"arrowcolor": "#2a3f5f", "arrowhead": 0, "arrowwidth": 1}, "geo": {"bgcolor": "white", "landcolor": "#E5ECF6", "subunitcolor": "white", "showland": true, "showlakes": true, "lakecolor": "white"}, "title": {"x": 0.05}, "mapbox": {"style": "light"}}}}}