{"data": [{"z": [[14.702595710754395, 6.877285003662109, 1.6213040351867676, -3.260984420776367, -1.9592283964157104, -2.531748056411743, 2.142979621887207, -12.889490127563477, -1.3361176252365112, -5.270164966583252, 3.7331814765930176, -2.4065847396850586, -2.1996266841888428, 6.921146392822266, -2.9657657146453857, -0.9170970916748047, 3.0528054237365723, 0.4745523929595947, 0.5728416442871094, 7.267302989959717, 6.233695030212402], [6.877285003662109, 15.733851432800293, 0.49716657400131226, -7.406427383422852, -2.1669559478759766, -3.534398078918457, -2.2457799911499023, -3.726590394973755, -4.982173442840576, 4.38242769241333, 0.1651369333267212, -5.48341178894043, -3.1877949237823486, -0.5042082071304321, 1.7892274856567383, -5.0701470375061035, 3.338442325592041, -0.3947840929031372, -1.1237674951553345, 5.362936496734619, -1.4074945449829102], [1.6213040351867676, 0.49716657400131226, 16.040109634399414, 3.349764823913574, 3.3296520709991455, -0.22295396029949188, 0.9545621871948242, 1.1088392734527588, 0.780350923538208, 4.078774452209473, 6.0729475021362305, 3.972703695297241, -3.2985775470733643, 4.217899322509766, 5.474848747253418, 0.9935632944107056, -1.2501413822174072, 4.1374897956848145, -2.854140520095825, -0.9913135766983032, 1.680025339126587], [-3.260984420776367, -7.406427383422852, 3.349764823913574, 17.320816040039062, 5.188427448272705, -0.8166208863258362, -1.5415399074554443, 0.8003478646278381, -2.271876811981201, 1.1261039972305298, -1.9709314107894897, 2.7036993503570557, -2.827997922897339, -4.020658493041992, 9.431272506713867, 0.20058998465538025, -1.9273475408554077, 2.8407022953033447, 4.748612403869629, -5.277524948120117, 5.404820919036865], [-1.9592283964157104, -2.1669559478759766, 3.3296520709991455, 5.188427448272705, 19.943748474121094, -4.076050281524658, -1.459458351135254, -0.43518856167793274, -1.2611199617385864, 0.845373809337616, -1.8939964771270752, 2.532045364379883, 2.748378038406372, 0.24695058166980743, 5.384751319885254, 1.6567476987838745, -1.4024251699447632, 3.604349374771118, -2.937443256378174, 1.6588366031646729, 5.989076614379883], [-2.531748056411743, -3.534398078918457, -0.22295396029949188, -0.8166208863258362, -4.076050281524658, 16.97156524658203, 0.174278125166893, 6.112365245819092, 0.5440126657485962, 4.190304756164551, -1.3466815948486328, 1.3432774543762207, 0.3532882332801819, 0.5009487867355347, -6.338635444641113, 5.062534809112549, -1.9000473022460938, 1.0104451179504395, -5.544802188873291, -6.899726867675781, -1.2337440252304077], [2.142979621887207, -2.2457799911499023, 0.9545621871948242, -1.5415399074554443, -1.459458351135254, 0.174278125166893, 13.168390274047852, 1.4697308540344238, 4.133610248565674, -10.40303897857666, 0.7998757362365723, 1.5319377183914185, -6.024206638336182, -3.293185234069824, -4.3478007316589355, 0.7278005480766296, -0.3718966841697693, -0.6252131462097168, -2.5416886806488037, 7.226844787597656, 0.12953412532806396], [-12.889490127563477, -3.726590394973755, 1.1088392734527588, 0.8003478646278381, -0.43518856167793274, 6.112365245819092, 1.4697308540344238, 17.16588020324707, 2.1836025714874268, 7.377505302429199, -4.923279285430908, 2.362506151199341, -2.638535261154175, -8.6176118850708, 2.6148829460144043, 0.3790283203125, -1.3509303331375122, -1.578474760055542, -3.7618002891540527, -5.025047779083252, -7.89329719543457], [-1.3361176252365112, -4.982173442840576, 0.780350923538208, -2.271876811981201, -1.2611199617385864, 0.5440126657485962, 4.133610248565674, 2.1836025714874268, 13.663496017456055, -10.309676170349121, -3.697990894317627, 8.620412826538086, 0.9260334372520447, 0.9661968946456909, 0.5963392853736877, 1.8484152555465698, 2.1052396297454834, -4.558075904846191, -1.6202956438064575, -0.349412202835083, -3.210689067840576], [-5.270164966583252, 4.38242769241333, 4.078774452209473, 1.1261039972305298, 0.845373809337616, 4.190304756164551, -10.40303897857666, 7.377505302429199, -10.309676170349121, 26.684904098510742, 1.7779736518859863, -4.376957893371582, 1.6748173236846924, 0.447674959897995, 4.61529541015625, 1.2079534530639648, 2.948842763900757, 1.6626853942871094, 0.9083492755889893, -3.464768886566162, -4.004164218902588], [3.7331814765930176, 0.1651369333267212, 6.0729475021362305, -1.9709314107894897, -1.8939964771270752, -1.3466815948486328, 0.7998757362365723, -4.923279285430908, -3.697990894317627, 1.7779736518859863, 16.47382926940918, -4.818543910980225, 2.015005588531494, 10.378106117248535, -1.3428665399551392, 4.567593574523926, -0.7038429975509644, 9.257064819335938, 1.073124885559082, -0.8264720439910889, 0.5485544204711914], [-2.4065847396850586, -5.48341178894043, 3.972703695297241, 2.7036993503570557, 2.532045364379883, 1.3432774543762207, 1.5319377183914185, 2.362506151199341, 8.620412826538086, -4.376957893371582, -4.818543910980225, 14.927237510681152, 1.40142822265625, -3.4108383655548096, 1.6091492176055908, 1.922767162322998, 0.40842700004577637, -8.01142692565918, -1.8600950241088867, 0.34430789947509766, -1.001906156539917], [-2.1996266841888428, -3.1877949237823486, -3.2985775470733643, -2.827997922897339, 2.748378038406372, 0.3532882332801819, -6.024206638336182, -2.638535261154175, 0.9260334372520447, 1.6748173236846924, 2.015005588531494, 1.40142822265625, 12.729326248168945, 5.351835250854492, -3.289853096008301, 5.16939640045166, 1.2579336166381836, 2.435349702835083, 2.603585958480835, -3.281555652618408, 0.762209415435791], [6.921146392822266, -0.5042082071304321, 4.217899322509766, -4.020658493041992, 0.24695058166980743, 0.5009487867355347, -3.293185234069824, -8.6176118850708, 0.9661968946456909, 0.447674959897995, 10.378106117248535, -3.4108383655548096, 5.351835250854492, 17.026853561401367, -3.144160032272339, 4.225008487701416, 2.3757734298706055, 8.372115135192871, 2.296480417251587, -1.3056182861328125, 2.0528409481048584], [-2.9657657146453857, 1.7892274856567383, 5.474848747253418, 9.431272506713867, 5.384751319885254, -6.338635444641113, -4.3478007316589355, 2.6148829460144043, 0.5963392853736877, 4.61529541015625, -1.3428665399551392, 1.6091492176055908, -3.289853096008301, -3.144160032272339, 15.018034934997559, -2.235306978225708, 1.8210809230804443, 1.5310325622558594, 3.2022454738616943, -4.388853073120117, 0.3358800411224365], [-0.9170970916748047, -5.0701470375061035, 0.9935632944107056, 0.20058998465538025, 1.6567476987838745, 5.062534809112549, 0.7278005480766296, 0.3790283203125, 1.8484152555465698, 1.2079534530639648, 4.567593574523926, 1.922767162322998, 5.16939640045166, 4.225008487701416, -2.235306978225708, 7.074254989624023, 0.9054208993911743, 3.792905807495117, -0.04533952474594116, -3.2968125343322754, 1.4154218435287476], [3.0528054237365723, 3.338442325592041, -1.2501413822174072, -1.9273474216461182, -1.4024254083633423, -1.9000476598739624, -0.3718966841697693, -1.3509303331375122, 2.1052396297454834, 2.948842763900757, -0.7038431167602539, 0.40842700004577637, 1.257933259010315, 2.3757731914520264, 1.8210808038711548, 0.9054208993911743, 7.318087577819824, -0.8192663192749023, 3.5848965644836426, 4.125862121582031, -1.7304481267929077], [0.4745525121688843, -0.39478424191474915, 4.1374897956848145, 2.8407022953033447, 3.60434889793396, 1.0104451179504395, -0.6252129673957825, -1.5784751176834106, -4.558075428009033, 1.6626849174499512, 9.257064819335938, -8.011425971984863, 2.435349225997925, 8.372116088867188, 1.5310325622558594, 3.7929065227508545, -0.8192663192749023, 15.873854637145996, 4.134930610656738, -7.140672206878662, 4.429815292358398], [0.5728415846824646, -1.123767614364624, -2.8541407585144043, 4.748611927032471, -2.9374427795410156, -5.544802665710449, -2.5416884422302246, -3.761800527572632, -1.6202958822250366, 0.9083489179611206, 1.073124885559082, -1.8600952625274658, 2.603585958480835, 2.296480178833008, 3.202244758605957, -0.045339617878198624, 3.5848965644836426, 4.134930610656738, 11.566024780273438, -3.0393178462982178, 1.7935227155685425], [7.267302989959717, 5.362936973571777, -0.9913134574890137, -5.277524471282959, 1.6588362455368042, -6.899725914001465, 7.226844310760498, -5.025047302246094, -0.3494117856025696, -3.464769124984741, -0.8264718651771545, 0.3443082869052887, -3.281555652618408, -1.3056182861328125, -4.388853549957275, -3.2968127727508545, 4.125862121582031, -7.140672206878662, -3.0393178462982178, 19.668514251708984, -1.6949496269226074], [6.233694076538086, -1.4074945449829102, 1.680025339126587, 5.404820442199707, 5.989077568054199, -1.2337439060211182, 0.12953424453735352, -7.893296241760254, -3.210689067840576, -4.004164218902588, 0.5485544204711914, -1.0019062757492065, 0.762209415435791, 2.0528407096862793, 0.335879921913147, 1.4154220819473267, -1.7304480075836182, 4.429815292358398, 1.7935227155685425, -1.694949984550476, 10.956415176391602]], "type": "heatmap"}], "layout": {"template": {"data": {"histogram2dcontour": [{"type": "histogram2dcontour", "colorbar": {"outlinewidth": 0, "ticks": ""}, "colorscale": [[0.0, "#0d0887"], [0.1111111111111111, "#46039f"], [0.2222222222222222, "#7201a8"], [0.3333333333333333, "#9c179e"], [0.4444444444444444, "#bd3786"], [0.5555555555555556, "#d8576b"], [0.6666666666666666, "#ed7953"], [0.7777777777777778, "#fb9f3a"], [0.8888888888888888, "#fdca26"], [1.0, "#f0f921"]]}], "choropleth": [{"type": "choropleth", "colorbar": {"outlinewidth": 0, "ticks": ""}}], "histogram2d": [{"type": "histogram2d", "colorbar": {"outlinewidth": 0, "ticks": ""}, "colorscale": [[0.0, "#0d0887"], [0.1111111111111111, "#46039f"], [0.2222222222222222, "#7201a8"], [0.3333333333333333, "#9c179e"], [0.4444444444444444, "#bd3786"], [0.5555555555555556, "#d8576b"], [0.6666666666666666, "#ed7953"], [0.7777777777777778, "#fb9f3a"], [0.8888888888888888, "#fdca26"], [1.0, "#f0f921"]]}], "heatmap": [{"type": "heatmap", "colorbar": {"outlinewidth": 0, "ticks": ""}, "colorscale": [[0.0, "#0d0887"], [0.1111111111111111, "#46039f"], [0.2222222222222222, "#7201a8"], [0.3333333333333333, "#9c179e"], [0.4444444444444444, "#bd3786"], [0.5555555555555556, "#d8576b"], [0.6666666666666666, "#ed7953"], [0.7777777777777778, "#fb9f3a"], [0.8888888888888888, "#fdca26"], [1.0, "#f0f921"]]}], "heatmapgl": [{"type": "heatmapgl", "colorbar": {"outlinewidth": 0, "ticks": ""}, "colorscale": [[0.0, "#0d0887"], [0.1111111111111111, "#46039f"], [0.2222222222222222, "#7201a8"], [0.3333333333333333, "#9c179e"], [0.4444444444444444, "#bd3786"], [0.5555555555555556, "#d8576b"], [0.6666666666666666, "#ed7953"], [0.7777777777777778, "#fb9f3a"], [0.8888888888888888, "#fdca26"], [1.0, "#f0f921"]]}], "contourcarpet": [{"type": "contourcarpet", "colorbar": {"outlinewidth": 0, "ticks": ""}}], "contour": [{"type": "contour", "colorbar": {"outlinewidth": 0, "ticks": ""}, "colorscale": [[0.0, "#0d0887"], [0.1111111111111111, "#46039f"], [0.2222222222222222, "#7201a8"], [0.3333333333333333, "#9c179e"], [0.4444444444444444, "#bd3786"], [0.5555555555555556, "#d8576b"], [0.6666666666666666, "#ed7953"], [0.7777777777777778, "#fb9f3a"], [0.8888888888888888, "#fdca26"], [1.0, "#f0f921"]]}], "surface": [{"type": "surface", "colorbar": {"outlinewidth": 0, "ticks": ""}, "colorscale": [[0.0, "#0d0887"], [0.1111111111111111, "#46039f"], [0.2222222222222222, "#7201a8"], [0.3333333333333333, "#9c179e"], [0.4444444444444444, "#bd3786"], [0.5555555555555556, "#d8576b"], [0.6666666666666666, "#ed7953"], [0.7777777777777778, "#fb9f3a"], [0.8888888888888888, "#fdca26"], [1.0, "#f0f921"]]}], "mesh3d": [{"type": "mesh3d", "colorbar": {"outlinewidth": 0, "ticks": ""}}], "scatter": [{"fillpattern": {"fillmode": "overlay", "size": 10, "solidity": 0.2}, "type": "scatter"}], "parcoords": [{"type": "parcoords", "line": {"colorbar": {"outlinewidth": 0, "ticks": ""}}}], "scatterpolargl": [{"type": "scatterpolargl", "marker": {"colorbar": {"outlinewidth": 0, "ticks": ""}}}], "bar": [{"error_x": {"color": "#2a3f5f"}, "error_y": {"color": "#2a3f5f"}, "marker": {"line": {"color": "#E5ECF6", "width": 0.5}, "pattern": {"fillmode": "overlay", "size": 10, "solidity": 0.2}}, "type": "bar"}], "scattergeo": [{"type": "scattergeo", "marker": {"colorbar": {"outlinewidth": 0, "ticks": ""}}}], "scatterpolar": [{"type": "scatterpolar", "marker": {"colorbar": {"outlinewidth": 0, "ticks": ""}}}], "histogram": [{"marker": {"pattern": {"fillmode": "overlay", "size": 10, "solidity": 0.2}}, "type": "histogram"}], "scattergl": [{"type": "scattergl", "marker": {"colorbar": {"outlinewidth": 0, "ticks": ""}}}], "scatter3d": [{"type": "scatter3d", "line": {"colorbar": {"outlinewidth": 0, "ticks": ""}}, "marker": {"colorbar": {"outlinewidth": 0, "ticks": ""}}}], "scattermapbox": [{"type": "scattermapbox", "marker": {"colorbar": {"outlinewidth": 0, "ticks": ""}}}], "scatterternary": [{"type": "scatterternary", "marker": {"colorbar": {"outlinewidth": 0, "ticks": ""}}}], "scattercarpet": [{"type": "scattercarpet", "marker": {"colorbar": {"outlinewidth": 0, "ticks": ""}}}], "carpet": [{"aaxis": {"endlinecolor": "#2a3f5f", "gridcolor": "white", "linecolor": "white", "minorgridcolor": "white", "startlinecolor": "#2a3f5f"}, "baxis": {"endlinecolor": "#2a3f5f", "gridcolor": "white", "linecolor": "white", "minorgridcolor": "white", "startlinecolor": "#2a3f5f"}, "type": "carpet"}], "table": [{"cells": {"fill": {"color": "#EBF0F8"}, "line": {"color": "white"}}, "header": {"fill": {"color": "#C8D4E3"}, "line": {"color": "white"}}, "type": "table"}], "barpolar": [{"marker": {"line": {"color": "#E5ECF6", "width": 0.5}, "pattern": {"fillmode": "overlay", "size": 10, "solidity": 0.2}}, "type": "barpolar"}], "pie": [{"automargin": true, "type": "pie"}]}, "layout": {"autotypenumbers": "strict", "colorway": ["#636efa", "#EF553B", "#00cc96", "#ab63fa", "#FFA15A", "#19d3f3", "#FF6692", "#B6E880", "#FF97FF", "#FECB52"], "font": {"color": "#2a3f5f"}, "hovermode": "closest", "hoverlabel": {"align": "left"}, "paper_bgcolor": "white", "plot_bgcolor": "#E5ECF6", "polar": {"bgcolor": "#E5ECF6", "angularaxis": {"gridcolor": "white", "linecolor": "white", "ticks": ""}, "radialaxis": {"gridcolor": "white", "linecolor": "white", "ticks": ""}}, "ternary": {"bgcolor": "#E5ECF6", "aaxis": {"gridcolor": "white", "linecolor": "white", "ticks": ""}, "baxis": {"gridcolor": "white", "linecolor": "white", "ticks": ""}, "caxis": {"gridcolor": "white", "linecolor": "white", "ticks": ""}}, "coloraxis": {"colorbar": {"outlinewidth": 0, "ticks": ""}}, "colorscale": {"sequential": [[0.0, "#0d0887"], [0.1111111111111111, "#46039f"], [0.2222222222222222, "#7201a8"], [0.3333333333333333, "#9c179e"], [0.4444444444444444, "#bd3786"], [0.5555555555555556, "#d8576b"], [0.6666666666666666, "#ed7953"], [0.7777777777777778, "#fb9f3a"], [0.8888888888888888, "#fdca26"], [1.0, "#f0f921"]], "sequentialminus": [[0.0, "#0d0887"], [0.1111111111111111, "#46039f"], [0.2222222222222222, "#7201a8"], [0.3333333333333333, "#9c179e"], [0.4444444444444444, "#bd3786"], [0.5555555555555556, "#d8576b"], [0.6666666666666666, "#ed7953"], [0.7777777777777778, "#fb9f3a"], [0.8888888888888888, "#fdca26"], [1.0, "#f0f921"]], "diverging": [[0, "#8e0152"], [0.1, "#c51b7d"], [0.2, "#de77ae"], [0.3, "#f1b6da"], [0.4, "#fde0ef"], [0.5, "#f7f7f7"], [0.6, "#e6f5d0"], [0.7, "#b8e186"], [0.8, "#7fbc41"], [0.9, "#4d9221"], [1, "#276419"]]}, "xaxis": {"gridcolor": "white", "linecolor": "white", "ticks": "", "title": {"standoff": 15}, "zerolinecolor": "white", "automargin": true, "zerolinewidth": 2}, "yaxis": {"gridcolor": "white", "linecolor": "white", "ticks": "", "title": {"standoff": 15}, "zerolinecolor": "white", "automargin": true, "zerolinewidth": 2}, "scene": {"xaxis": {"backgroundcolor": "#E5ECF6", "gridcolor": "white", "linecolor": "white", "showbackground": true, "ticks": "", "zerolinecolor": "white", "gridwidth": 2}, "yaxis": {"backgroundcolor": "#E5ECF6", "gridcolor": "white", "linecolor": "white", "showbackground": true, "ticks": "", "zerolinecolor": "white", "gridwidth": 2}, "zaxis": {"backgroundcolor": "#E5ECF6", "gridcolor": "white", "linecolor": "white", "showbackground": true, "ticks": "", "zerolinecolor": "white", "gridwidth": 2}}, "shapedefaults": {"line": {"color": "#2a3f5f"}}, "annotationdefaults": {"arrowcolor": "#2a3f5f", "arrowhead": 0, "arrowwidth": 1}, "geo": {"bgcolor": "white", "landcolor": "#E5ECF6", "subunitcolor": "white", "showland": true, "showlakes": true, "lakecolor": "white"}, "title": {"x": 0.05}, "mapbox": {"style": "light"}}}}}