{"data": [{"z": [[15.643363952636719, 7.508410453796387, 1.893351435661316, -2.9027044773101807, -1.8599046468734741, -2.7079739570617676, 2.7245934009552, -12.827051162719727, -1.1151965856552124, -4.90522575378418, 4.02061653137207, -2.5245862007141113, -2.031529664993286, 8.059555053710938, -2.674734592437744, -0.8005356192588806, 3.4150562286376953, 0.8741488456726074, 1.5578725337982178, 7.912753105163574, 6.223664283752441], [7.508410453796387, 16.240270614624023, 0.7640659809112549, -6.9813551902771, -1.7761507034301758, -3.8646435737609863, -1.5659220218658447, -3.827225685119629, -4.634677886962891, 4.480831146240234, 0.7374885678291321, -5.6936163902282715, -2.7647619247436523, 0.38005903363227844, 2.225402593612671, -5.222436904907227, 3.6171457767486572, -0.052060604095458984, -0.14024466276168823, 5.665665149688721, -1.3073967695236206], [1.893351435661316, 0.7640659809112549, 15.764010429382324, 3.918510675430298, 3.5986931324005127, 0.2661547362804413, 1.3787789344787598, 1.7859827280044556, 1.476342797279358, 4.526609420776367, 6.283074855804443, 4.22358512878418, -2.589365005493164, 4.264678001403809, 5.771115779876709, 0.33395469188690186, -1.7312085628509521, 3.964472770690918, -2.659938335418701, -0.5325828790664673, 1.687361478805542], [-2.9027044773101807, -6.9813551902771, 3.918510675430298, 17.695228576660156, 5.689326763153076, -0.30133703351020813, -1.2433815002441406, 1.2948232889175415, -1.6987420320510864, 1.738240122795105, -1.4671844244003296, 3.1731748580932617, -2.4294779300689697, -3.5539426803588867, 10.007589340209961, 0.5017235279083252, -1.723278284072876, 3.564514636993408, 4.972775459289551, -4.986354351043701, 5.395950794219971], [-1.8599046468734741, -1.7761507034301758, 3.5986931324005127, 5.689326763153076, 20.5340633392334, -3.517754077911377, -1.0902091264724731, 0.305366188287735, -0.6491981744766235, 1.3923768997192383, -1.2364815473556519, 2.9235007762908936, 3.2223329544067383, 0.644539475440979, 5.9148173332214355, 1.608839750289917, -1.5392770767211914, 3.9521267414093018, -2.5626041889190674, 2.0187814235687256, 5.9601287841796875], [-2.7079739570617676, -3.8646435737609863, 0.2661547362804413, -0.30133703351020813, -3.517754077911377, 17.5710391998291, -0.3309442102909088, 6.872537612915039, 1.1105108261108398, 4.696966171264648, -0.7497789263725281, 1.9632835388183594, 0.8139011859893799, 0.9744342565536499, -5.814549446105957, 5.672059059143066, -1.731929063796997, 1.762406826019287, -5.63234281539917, -7.230383396148682, -1.3397438526153564], [2.7245934009552, -1.5659220218658447, 1.3787789344787598, -1.2433815002441406, -1.0902091264724731, -0.3309442102909088, 13.5601167678833, 1.5657145977020264, 4.31258487701416, -10.199790954589844, 1.4446334838867188, 1.7826327085494995, -5.492119789123535, -3.1780734062194824, -3.751068592071533, 0.6210384368896484, 0.01597440242767334, -0.264288067817688, -1.9930511713027954, 7.9648590087890625, 0.09522271156311035], [-12.827051162719727, -3.827225685119629, 1.7859827280044556, 1.2948232889175415, 0.305366188287735, 6.872537612915039, 1.5657145977020264, 17.482290267944336, 2.7480268478393555, 7.741863250732422, -3.8208696842193604, 2.9998321533203125, -1.8547406196594238, -8.390854835510254, 3.1483211517333984, 0.8817821741104126, -0.9695303440093994, -0.7694015502929688, -3.8687069416046143, -5.07119607925415, -7.833962440490723], [-1.1151965856552124, -4.634677886962891, 1.476342797279358, -1.6987420320510864, -0.6491981744766235, 1.1105108261108398, 4.31258487701416, 2.7480268478393555, 13.78205680847168, -9.620537757873535, -2.7655575275421143, 9.104665756225586, 1.5097941160202026, 1.3470706939697266, 1.2003146409988403, 2.0766758918762207, 2.1483943462371826, -3.8861935138702393, -1.433308720588684, -0.27462029457092285, -3.1825337409973145], [-4.90522575378418, 4.480831146240234, 4.526609420776367, 1.738240122795105, 1.3923768997192383, 4.696966171264648, -10.199790954589844, 7.741863250732422, -9.620537757873535, 27.117828369140625, 2.0137383937835693, -3.978163242340088, 2.019277811050415, 1.2520945072174072, 5.11997127532959, 1.5168853998184204, 3.0819389820098877, 2.155668258666992, 1.249758243560791, -3.2943150997161865, -3.9565770626068115], [4.02061653137207, 0.7374885678291321, 6.283074855804443, -1.4671844244003296, -1.2364815473556519, -0.7497789263725281, 1.4446334838867188, -3.8208696842193604, -2.7655575275421143, 2.0137383937835693, 15.95595932006836, -3.983513593673706, 2.2767388820648193, 10.471942901611328, -0.9248055219650269, 4.350367069244385, -1.0607999563217163, 9.026991844177246, 1.1902093887329102, -0.2745540142059326, 0.2867358922958374], [-2.5245862007141113, -5.6936163902282715, 4.22358512878418, 3.1731748580932617, 2.9235007762908936, 1.9632835388183594, 1.7826327085494995, 2.9998321533203125, 9.104665756225586, -3.978163242340088, -3.983513593673706, 15.660872459411621, 2.001734972000122, -3.6227002143859863, 1.8572430610656738, 1.9369254112243652, 0.24168694019317627, -7.8819499015808105, -2.049838066101074, 0.46135568618774414, -1.0255746841430664], [-2.031529664993286, -2.7647619247436523, -2.589365005493164, -2.4294779300689697, 3.2223329544067383, 0.8139011859893799, -5.492119789123535, -1.8547406196594238, 1.5097941160202026, 2.019277811050415, 2.2767388820648193, 2.001734972000122, 12.582386016845703, 5.839150905609131, -2.776043653488159, 5.507761001586914, 1.245344877243042, 2.853151798248291, 2.7715272903442383, -2.997075080871582, 0.5537450313568115], [8.059555053710938, 0.38005903363227844, 4.264678001403809, -3.5539426803588867, 0.644539475440979, 0.9744342565536499, -3.1780734062194824, -8.390854835510254, 1.3470706939697266, 1.2520945072174072, 10.471942901611328, -3.6227002143859863, 5.839150905609131, 18.642942428588867, -2.765559673309326, 4.365051746368408, 2.5092549324035645, 8.91646957397461, 3.2040858268737793, -0.7741516828536987, 2.2307167053222656], [-2.674734592437744, 2.225402593612671, 5.771115779876709, 10.007589340209961, 5.9148173332214355, -5.814549446105957, -3.751068592071533, 3.1483211517333984, 1.2003146409988403, 5.11997127532959, -0.9248055219650269, 1.8572430610656738, -2.776043653488159, -2.765559673309326, 15.59113597869873, -2.3978168964385986, 1.7210818529129028, 1.7200404405593872, 3.497570276260376, -3.973013401031494, 0.28342175483703613], [-0.8005356192588806, -5.222436904907227, 0.33395469188690186, 0.5017235279083252, 1.608839750289917, 5.672059059143066, 0.6210384368896484, 0.8817821741104126, 2.0766758918762207, 1.5168853998184204, 4.350367069244385, 1.9369254112243652, 5.507761001586914, 4.365051746368408, -2.3978168964385986, 7.423501968383789, 0.553775429725647, 3.7645576000213623, 0.1252824068069458, -3.352606773376465, 1.5748279094696045], [3.4150562286376953, 3.6171457767486572, -1.7312084436416626, -1.7232781648635864, -1.5392770767211914, -1.7319287061691284, 0.015974480658769608, -0.969530463218689, 2.1483941078186035, 3.0819389820098877, -1.0607999563217163, 0.24168705940246582, 1.2453449964523315, 2.5092549324035645, 1.7210819721221924, 0.5537752509117126, 7.133392810821533, -1.3110917806625366, 3.8676443099975586, 4.473863124847412, -1.7692008018493652], [0.8741486072540283, -0.05206093564629555, 3.964472770690918, 3.564514398574829, 3.9521265029907227, 1.7624069452285767, -0.26428818702697754, -0.7694016098976135, -3.8861935138702393, 2.155668258666992, 9.026991844177246, -7.881949424743652, 2.853151798248291, 8.916470527648926, 1.720040202140808, 3.7645578384399414, -1.3110917806625366, 15.860604286193848, 4.608975410461426, -6.817339897155762, 4.516872406005859], [1.5578727722167969, -0.14024482667446136, -2.659938335418701, 4.972774505615234, -2.5626041889190674, -5.632343769073486, -1.9930511713027954, -3.8687069416046143, -1.4333086013793945, 1.2497586011886597, 1.1902093887329102, -2.049837589263916, 2.7715275287628174, 3.2040855884552, 3.497570753097534, 0.12528258562088013, 3.8676443099975586, 4.608975410461426, 12.410696029663086, -2.3798704147338867, 1.9451689720153809], [7.912753582000732, 5.6656646728515625, -0.532582700252533, -4.986354351043701, 2.0187809467315674, -7.230383396148682, 7.9648590087890625, -5.071196556091309, -0.2746202051639557, -3.2943150997161865, -0.2745538353919983, 0.4613555073738098, -2.997075080871582, -0.7741514444351196, -3.9730138778686523, -3.352606773376465, 4.473863124847412, -6.817339897155762, -2.3798704147338867, 20.0830078125, -1.5861272811889648], [6.2236647605896, -1.3073968887329102, 1.687361478805542, 5.3959503173828125, 5.960129261016846, -1.3397438526153564, 0.0952228307723999, -7.833962440490723, -3.1825332641601562, -3.9565768241882324, 0.2867358922958374, -1.0255746841430664, 0.5537450313568115, 2.2307167053222656, 0.28342175483703613, 1.574828028678894, -1.7692006826400757, 4.516871929168701, 1.9451689720153809, -1.5861272811889648, 10.956415176391602]], "type": "heatmap"}], "layout": {"template": {"data": {"histogram2dcontour": [{"type": "histogram2dcontour", "colorbar": {"outlinewidth": 0, "ticks": ""}, "colorscale": [[0.0, "#0d0887"], [0.1111111111111111, "#46039f"], [0.2222222222222222, "#7201a8"], [0.3333333333333333, "#9c179e"], [0.4444444444444444, "#bd3786"], [0.5555555555555556, "#d8576b"], [0.6666666666666666, "#ed7953"], [0.7777777777777778, "#fb9f3a"], [0.8888888888888888, "#fdca26"], [1.0, "#f0f921"]]}], "choropleth": [{"type": "choropleth", "colorbar": {"outlinewidth": 0, "ticks": ""}}], "histogram2d": [{"type": "histogram2d", "colorbar": {"outlinewidth": 0, "ticks": ""}, "colorscale": [[0.0, "#0d0887"], [0.1111111111111111, "#46039f"], [0.2222222222222222, "#7201a8"], [0.3333333333333333, "#9c179e"], [0.4444444444444444, "#bd3786"], [0.5555555555555556, "#d8576b"], [0.6666666666666666, "#ed7953"], [0.7777777777777778, "#fb9f3a"], [0.8888888888888888, "#fdca26"], [1.0, "#f0f921"]]}], "heatmap": [{"type": "heatmap", "colorbar": {"outlinewidth": 0, "ticks": ""}, "colorscale": [[0.0, "#0d0887"], [0.1111111111111111, "#46039f"], [0.2222222222222222, "#7201a8"], [0.3333333333333333, "#9c179e"], [0.4444444444444444, "#bd3786"], [0.5555555555555556, "#d8576b"], [0.6666666666666666, "#ed7953"], [0.7777777777777778, "#fb9f3a"], [0.8888888888888888, "#fdca26"], [1.0, "#f0f921"]]}], "heatmapgl": [{"type": "heatmapgl", "colorbar": {"outlinewidth": 0, "ticks": ""}, "colorscale": [[0.0, "#0d0887"], [0.1111111111111111, "#46039f"], [0.2222222222222222, "#7201a8"], [0.3333333333333333, "#9c179e"], [0.4444444444444444, "#bd3786"], [0.5555555555555556, "#d8576b"], [0.6666666666666666, "#ed7953"], [0.7777777777777778, "#fb9f3a"], [0.8888888888888888, "#fdca26"], [1.0, "#f0f921"]]}], "contourcarpet": [{"type": "contourcarpet", "colorbar": {"outlinewidth": 0, "ticks": ""}}], "contour": [{"type": "contour", "colorbar": {"outlinewidth": 0, "ticks": ""}, "colorscale": [[0.0, "#0d0887"], [0.1111111111111111, "#46039f"], [0.2222222222222222, "#7201a8"], [0.3333333333333333, "#9c179e"], [0.4444444444444444, "#bd3786"], [0.5555555555555556, "#d8576b"], [0.6666666666666666, "#ed7953"], [0.7777777777777778, "#fb9f3a"], [0.8888888888888888, "#fdca26"], [1.0, "#f0f921"]]}], "surface": [{"type": "surface", "colorbar": {"outlinewidth": 0, "ticks": ""}, "colorscale": [[0.0, "#0d0887"], [0.1111111111111111, "#46039f"], [0.2222222222222222, "#7201a8"], [0.3333333333333333, "#9c179e"], [0.4444444444444444, "#bd3786"], [0.5555555555555556, "#d8576b"], [0.6666666666666666, "#ed7953"], [0.7777777777777778, "#fb9f3a"], [0.8888888888888888, "#fdca26"], [1.0, "#f0f921"]]}], "mesh3d": [{"type": "mesh3d", "colorbar": {"outlinewidth": 0, "ticks": ""}}], "scatter": [{"fillpattern": {"fillmode": "overlay", "size": 10, "solidity": 0.2}, "type": "scatter"}], "parcoords": [{"type": "parcoords", "line": {"colorbar": {"outlinewidth": 0, "ticks": ""}}}], "scatterpolargl": [{"type": "scatterpolargl", "marker": {"colorbar": {"outlinewidth": 0, "ticks": ""}}}], "bar": [{"error_x": {"color": "#2a3f5f"}, "error_y": {"color": "#2a3f5f"}, "marker": {"line": {"color": "#E5ECF6", "width": 0.5}, "pattern": {"fillmode": "overlay", "size": 10, "solidity": 0.2}}, "type": "bar"}], "scattergeo": [{"type": "scattergeo", "marker": {"colorbar": {"outlinewidth": 0, "ticks": ""}}}], "scatterpolar": [{"type": "scatterpolar", "marker": {"colorbar": {"outlinewidth": 0, "ticks": ""}}}], "histogram": [{"marker": {"pattern": {"fillmode": "overlay", "size": 10, "solidity": 0.2}}, "type": "histogram"}], "scattergl": [{"type": "scattergl", "marker": {"colorbar": {"outlinewidth": 0, "ticks": ""}}}], "scatter3d": [{"type": "scatter3d", "line": {"colorbar": {"outlinewidth": 0, "ticks": ""}}, "marker": {"colorbar": {"outlinewidth": 0, "ticks": ""}}}], "scattermapbox": [{"type": "scattermapbox", "marker": {"colorbar": {"outlinewidth": 0, "ticks": ""}}}], "scatterternary": [{"type": "scatterternary", "marker": {"colorbar": {"outlinewidth": 0, "ticks": ""}}}], "scattercarpet": [{"type": "scattercarpet", "marker": {"colorbar": {"outlinewidth": 0, "ticks": ""}}}], "carpet": [{"aaxis": {"endlinecolor": "#2a3f5f", "gridcolor": "white", "linecolor": "white", "minorgridcolor": "white", "startlinecolor": "#2a3f5f"}, "baxis": {"endlinecolor": "#2a3f5f", "gridcolor": "white", "linecolor": "white", "minorgridcolor": "white", "startlinecolor": "#2a3f5f"}, "type": "carpet"}], "table": [{"cells": {"fill": {"color": "#EBF0F8"}, "line": {"color": "white"}}, "header": {"fill": {"color": "#C8D4E3"}, "line": {"color": "white"}}, "type": "table"}], "barpolar": [{"marker": {"line": {"color": "#E5ECF6", "width": 0.5}, "pattern": {"fillmode": "overlay", "size": 10, "solidity": 0.2}}, "type": "barpolar"}], "pie": [{"automargin": true, "type": "pie"}]}, "layout": {"autotypenumbers": "strict", "colorway": ["#636efa", "#EF553B", "#00cc96", "#ab63fa", "#FFA15A", "#19d3f3", "#FF6692", "#B6E880", "#FF97FF", "#FECB52"], "font": {"color": "#2a3f5f"}, "hovermode": "closest", "hoverlabel": {"align": "left"}, "paper_bgcolor": "white", "plot_bgcolor": "#E5ECF6", "polar": {"bgcolor": "#E5ECF6", "angularaxis": {"gridcolor": "white", "linecolor": "white", "ticks": ""}, "radialaxis": {"gridcolor": "white", "linecolor": "white", "ticks": ""}}, "ternary": {"bgcolor": "#E5ECF6", "aaxis": {"gridcolor": "white", "linecolor": "white", "ticks": ""}, "baxis": {"gridcolor": "white", "linecolor": "white", "ticks": ""}, "caxis": {"gridcolor": "white", "linecolor": "white", "ticks": ""}}, "coloraxis": {"colorbar": {"outlinewidth": 0, "ticks": ""}}, "colorscale": {"sequential": [[0.0, "#0d0887"], [0.1111111111111111, "#46039f"], [0.2222222222222222, "#7201a8"], [0.3333333333333333, "#9c179e"], [0.4444444444444444, "#bd3786"], [0.5555555555555556, "#d8576b"], [0.6666666666666666, "#ed7953"], [0.7777777777777778, "#fb9f3a"], [0.8888888888888888, "#fdca26"], [1.0, "#f0f921"]], "sequentialminus": [[0.0, "#0d0887"], [0.1111111111111111, "#46039f"], [0.2222222222222222, "#7201a8"], [0.3333333333333333, "#9c179e"], [0.4444444444444444, "#bd3786"], [0.5555555555555556, "#d8576b"], [0.6666666666666666, "#ed7953"], [0.7777777777777778, "#fb9f3a"], [0.8888888888888888, "#fdca26"], [1.0, "#f0f921"]], "diverging": [[0, "#8e0152"], [0.1, "#c51b7d"], [0.2, "#de77ae"], [0.3, "#f1b6da"], [0.4, "#fde0ef"], [0.5, "#f7f7f7"], [0.6, "#e6f5d0"], [0.7, "#b8e186"], [0.8, "#7fbc41"], [0.9, "#4d9221"], [1, "#276419"]]}, "xaxis": {"gridcolor": "white", "linecolor": "white", "ticks": "", "title": {"standoff": 15}, "zerolinecolor": "white", "automargin": true, "zerolinewidth": 2}, "yaxis": {"gridcolor": "white", "linecolor": "white", "ticks": "", "title": {"standoff": 15}, "zerolinecolor": "white", "automargin": true, "zerolinewidth": 2}, "scene": {"xaxis": {"backgroundcolor": "#E5ECF6", "gridcolor": "white", "linecolor": "white", "showbackground": true, "ticks": "", "zerolinecolor": "white", "gridwidth": 2}, "yaxis": {"backgroundcolor": "#E5ECF6", "gridcolor": "white", "linecolor": "white", "showbackground": true, "ticks": "", "zerolinecolor": "white", "gridwidth": 2}, "zaxis": {"backgroundcolor": "#E5ECF6", "gridcolor": "white", "linecolor": "white", "showbackground": true, "ticks": "", "zerolinecolor": "white", "gridwidth": 2}}, "shapedefaults": {"line": {"color": "#2a3f5f"}}, "annotationdefaults": {"arrowcolor": "#2a3f5f", "arrowhead": 0, "arrowwidth": 1}, "geo": {"bgcolor": "white", "landcolor": "#E5ECF6", "subunitcolor": "white", "showland": true, "showlakes": true, "lakecolor": "white"}, "title": {"x": 0.05}, "mapbox": {"style": "light"}}}}}