{"data": [{"z": [[14.790072441101074, 7.001354694366455, 1.6645591259002686, -3.2129757404327393, -1.9626994132995605, -2.653290033340454, 2.269686460494995, -12.937492370605469, -1.3599207401275635, -5.287174224853516, 3.7680585384368896, -2.4475953578948975, -2.2296390533447266, 7.052662372589111, -2.931715250015259, -0.858914852142334, 3.1413726806640625, 0.5287232398986816, 0.737093448638916, 7.374742031097412, 6.235097408294678], [7.001354694366455, 15.870694160461426, 0.5297978520393372, -7.358506202697754, -2.1655399799346924, -3.7181060314178467, -2.1129393577575684, -3.8699049949645996, -5.001520156860352, 4.3176422119140625, 0.2629689574241638, -5.5753655433654785, -3.207979440689087, -0.3764951825141907, 1.849924921989441, -5.035622596740723, 3.4304261207580566, -0.3062889575958252, -0.9281600117683411, 5.4742279052734375, -1.373842477798462], [1.6645591259002686, 0.5297978520393372, 16.10881996154785, 3.476038932800293, 3.4412715435028076, -0.17574529349803925, 0.9771323800086975, 1.1884956359863281, 0.9313709735870361, 4.1805644035339355, 6.18587064743042, 4.023691177368164, -3.175631046295166, 4.279639720916748, 5.54174280166626, 0.8970170617103577, -1.2621229887008667, 4.183892250061035, -2.8008265495300293, -0.940425455570221, 1.69230055809021], [-3.2129757404327393, -7.358506202697754, 3.476038932800293, 17.40789222717285, 5.315039157867432, -0.7587674260139465, -1.5517617464065552, 0.8623793125152588, -2.161747694015503, 1.2570401430130005, -1.8666058778762817, 2.7709476947784424, -2.718268394470215, -3.9080779552459717, 9.522604942321777, 0.2227889895439148, -1.8656085729599, 2.97506046295166, 4.792091369628906, -5.245601654052734, 5.404689311981201], [-1.9626994132995605, -2.1655399799346924, 3.4412715435028076, 5.315039157867432, 20.06893539428711, -4.000019550323486, -1.4492207765579224, -0.32861918210983276, -1.1219449043273926, 0.9657939076423645, -1.749897837638855, 2.5986886024475098, 2.8476805686950684, 0.33394351601600647, 5.4819865226745605, 1.6400771141052246, -1.380230188369751, 3.6832072734832764, -2.857285976409912, 1.6840522289276123, 5.981417179107666], [-2.653290033340454, -3.7181060314178467, -0.17574529349803925, -0.7587674260139465, -4.000019550323486, 17.1076602935791, 0.01842501573264599, 6.276360034942627, 0.6649470329284668, 4.2511210441589355, -1.3238451480865479, 1.483579397201538, 0.4087802469730377, 0.5268315672874451, -6.274079322814941, 5.129524230957031, -1.8698244094848633, 1.087416648864746, -5.607797145843506, -7.030224800109863, -1.2577874660491943], [2.269686460494995, -2.1129393577575684, 0.9771323800086975, -1.5517617464065552, -1.4492207765579224, 0.01842501573264599, 13.31587028503418, 1.4305990934371948, 4.158665180206299, -10.472352981567383, 0.8671805262565613, 1.5679339170455933, -6.004413604736328, -3.311628818511963, -4.281912803649902, 0.692213237285614, -0.29162371158599854, -0.6142144203186035, -2.4492101669311523, 7.404244422912598, 0.12961792945861816], [-12.937492370605469, -3.8699049949645996, 1.1884956359863281, 0.8623793125152588, -0.32861918210983276, 6.276360034942627, 1.4305990934371948, 17.248727798461914, 2.3167355060577393, 7.42437219619751, -4.812458515167236, 2.4979248046875, -2.5211181640625, -8.623775482177734, 2.6788504123687744, 0.42349839210510254, -1.3220953941345215, -1.4809679985046387, -3.8283588886260986, -5.101485252380371, -7.89119815826416], [-1.3599207401275635, -5.001520156860352, 0.9313709735870361, -2.161747694015503, -1.1219449043273926, 0.6649470329284668, 4.158665180206299, 2.3167355060577393, 13.724325180053711, -10.169774055480957, -3.5278849601745605, 8.702096939086914, 1.017415165901184, 1.0378419160842896, 0.7212938070297241, 1.8988548517227173, 2.139220952987671, -4.403470516204834, -1.597936987876892, -0.4101905822753906, -3.220444917678833], [-5.287174224853516, 4.3176422119140625, 4.1805644035339355, 1.2570401430130005, 0.9657939076423645, 4.2511210441589355, -10.472352981567383, 7.42437219619751, -10.169774055480957, 26.77800178527832, 1.8263671398162842, -4.283504009246826, 1.756201148033142, 0.5802939534187317, 4.7072434425354, 1.2532333135604858, 3.0065901279449463, 1.7575805187225342, 0.9475051760673523, -3.4993085861206055, -4.005068778991699], [3.7680585384368896, 0.2629689574241638, 6.18587064743042, -1.8666058778762817, -1.749897837638855, -1.3238451480865479, 0.8671805262565613, -4.812458515167236, -3.5278849601745605, 1.8263671398162842, 16.4969482421875, -4.700645923614502, 2.0842127799987793, 10.451931953430176, -1.2675108909606934, 4.568997859954834, -0.665103554725647, 9.302301406860352, 1.1379551887512207, -0.7564618587493896, 0.5268236398696899], [-2.4475953578948975, -5.5753655433654785, 4.023691177368164, 2.7709476947784424, 2.5986886024475098, 1.483579397201538, 1.5679339170455933, 2.4979248046875, 8.702096939086914, -4.283504009246826, -4.700645923614502, 15.0311279296875, 1.4833686351776123, -3.426853656768799, 1.6466386318206787, 1.9100444316864014, 0.4140453338623047, -7.977808952331543, -1.8903305530548096, 0.3115215301513672, -1.0080375671386719], [-2.2296390533447266, -3.207979440689087, -3.175631046295166, -2.718268394470215, 2.8476805686950684, 0.4087802469730377, -6.004413604736328, -2.5211181640625, 1.017415165901184, 1.756201148033142, 2.0842127799987793, 1.4833686351776123, 12.752426147460938, 5.451995849609375, -3.1994731426239014, 5.240078449249268, 1.313382863998413, 2.5221550464630127, 2.657923698425293, -3.2787742614746094, 0.7413349151611328], [7.052662372589111, -0.3764951825141907, 4.279639720916748, -3.9080779552459717, 0.33394351601600647, 0.5268315672874451, -3.311628818511963, -8.623775482177734, 1.0378419160842896, 0.5802939534187317, 10.451931953430176, -3.426853656768799, 5.451995849609375, 17.241771697998047, -3.1024584770202637, 4.250289440155029, 2.4800877571105957, 8.470915794372559, 2.454460620880127, -1.2189973592758179, 2.088585138320923], [-2.931715250015259, 1.849924921989441, 5.54174280166626, 9.522604942321777, 5.4819865226745605, -6.274079322814941, -4.281912803649902, 2.6788504123687744, 0.7212938070297241, 4.7072434425354, -1.2675108909606934, 1.6466386318206787, -3.1994731426239014, -3.1024584770202637, 15.057679176330566, -2.282423734664917, 1.8181169033050537, 1.55914306640625, 3.2414870262145996, -4.323737144470215, 0.32725989818573], [-0.858914852142334, -5.035622596740723, 0.8970170617103577, 0.2227889895439148, 1.6400771141052246, 5.129524230957031, 0.692213237285614, 0.42349839210510254, 1.8988548517227173, 1.2532333135604858, 4.568997859954834, 1.9100444316864014, 5.240078449249268, 4.250289440155029, -2.282423734664917, 7.0383219718933105, 0.9081361293792725, 3.7759921550750732, -0.005692243576049805, -3.2573349475860596, 1.4457703828811646], [3.1413729190826416, 3.430426597595215, -1.2621232271194458, -1.8656083345413208, -1.3802303075790405, -1.8698244094848633, -0.29162371158599854, -1.3220956325531006, 2.139220952987671, 3.0065901279449463, -0.665103554725647, 0.41404515504837036, 1.313382625579834, 2.480087995529175, 1.8181171417236328, 0.9081361293792725, 7.345035552978516, -0.8206331729888916, 3.6758973598480225, 4.189406394958496, -1.7227227687835693], [0.5287231206893921, -0.30628904700279236, 4.183892250061035, 2.975060224533081, 3.6832075119018555, 1.087416648864746, -0.6142145395278931, -1.4809681177139282, -4.403470516204834, 1.757580280303955, 9.302303314208984, -7.977808952331543, 2.5221548080444336, 8.470915794372559, 1.559143304824829, 3.775991916656494, -0.8206331729888916, 15.919443130493164, 4.234246730804443, -7.069369316101074, 4.436622619628906], [0.7370935082435608, -0.9281600117683411, -2.80082631111145, 4.792091369628906, -2.857285976409912, -5.607797145843506, -2.4492101669311523, -3.8283586502075195, -1.597936987876892, 0.9475051164627075, 1.1379554271697998, -1.8903309106826782, 2.657923698425293, 2.454460382461548, 3.2414867877960205, -0.005692256148904562, 3.6758973598480225, 4.234246730804443, 11.70345401763916, -2.9037160873413086, 1.829804539680481], [7.374742031097412, 5.474227428436279, -0.9404255151748657, -5.245601654052734, 1.6840519905090332, -7.030223846435547, 7.4042439460754395, -5.101485252380371, -0.41019073128700256, -3.4993081092834473, -0.7564617395401001, 0.3115215003490448, -3.2787747383117676, -1.218997597694397, -4.323736667633057, -3.2573342323303223, 4.189406394958496, -7.069369316101074, -2.9037160873413086, 19.72300910949707, -1.6622982025146484], [6.235097885131836, -1.373842477798462, 1.69230055809021, 5.404689311981201, 5.981417655944824, -1.2577873468399048, 0.12961792945861816, -7.89119815826416, -3.220444917678833, -4.005068778991699, 0.526823878288269, -1.0080376863479614, 0.7413351535797119, 2.088585138320923, 0.3272601366043091, 1.445770263671875, -1.7227230072021484, 4.436622619628906, 1.829804539680481, -1.6622984409332275, 10.956415176391602]], "type": "heatmap"}], "layout": {"template": {"data": {"histogram2dcontour": [{"type": "histogram2dcontour", "colorbar": {"outlinewidth": 0, "ticks": ""}, "colorscale": [[0.0, "#0d0887"], [0.1111111111111111, "#46039f"], [0.2222222222222222, "#7201a8"], [0.3333333333333333, "#9c179e"], [0.4444444444444444, "#bd3786"], [0.5555555555555556, "#d8576b"], [0.6666666666666666, "#ed7953"], [0.7777777777777778, "#fb9f3a"], [0.8888888888888888, "#fdca26"], [1.0, "#f0f921"]]}], "choropleth": [{"type": "choropleth", "colorbar": {"outlinewidth": 0, "ticks": ""}}], "histogram2d": [{"type": "histogram2d", "colorbar": {"outlinewidth": 0, "ticks": ""}, "colorscale": [[0.0, "#0d0887"], [0.1111111111111111, "#46039f"], [0.2222222222222222, "#7201a8"], [0.3333333333333333, "#9c179e"], [0.4444444444444444, "#bd3786"], [0.5555555555555556, "#d8576b"], [0.6666666666666666, "#ed7953"], [0.7777777777777778, "#fb9f3a"], [0.8888888888888888, "#fdca26"], [1.0, "#f0f921"]]}], "heatmap": [{"type": "heatmap", "colorbar": {"outlinewidth": 0, "ticks": ""}, "colorscale": [[0.0, "#0d0887"], [0.1111111111111111, "#46039f"], [0.2222222222222222, "#7201a8"], [0.3333333333333333, "#9c179e"], [0.4444444444444444, "#bd3786"], [0.5555555555555556, "#d8576b"], [0.6666666666666666, "#ed7953"], [0.7777777777777778, "#fb9f3a"], [0.8888888888888888, "#fdca26"], [1.0, "#f0f921"]]}], "heatmapgl": [{"type": "heatmapgl", "colorbar": {"outlinewidth": 0, "ticks": ""}, "colorscale": [[0.0, "#0d0887"], [0.1111111111111111, "#46039f"], [0.2222222222222222, "#7201a8"], [0.3333333333333333, "#9c179e"], [0.4444444444444444, "#bd3786"], [0.5555555555555556, "#d8576b"], [0.6666666666666666, "#ed7953"], [0.7777777777777778, "#fb9f3a"], [0.8888888888888888, "#fdca26"], [1.0, "#f0f921"]]}], "contourcarpet": [{"type": "contourcarpet", "colorbar": {"outlinewidth": 0, "ticks": ""}}], "contour": [{"type": "contour", "colorbar": {"outlinewidth": 0, "ticks": ""}, "colorscale": [[0.0, "#0d0887"], [0.1111111111111111, "#46039f"], [0.2222222222222222, "#7201a8"], [0.3333333333333333, "#9c179e"], [0.4444444444444444, "#bd3786"], [0.5555555555555556, "#d8576b"], [0.6666666666666666, "#ed7953"], [0.7777777777777778, "#fb9f3a"], [0.8888888888888888, "#fdca26"], [1.0, "#f0f921"]]}], "surface": [{"type": "surface", "colorbar": {"outlinewidth": 0, "ticks": ""}, "colorscale": [[0.0, "#0d0887"], [0.1111111111111111, "#46039f"], [0.2222222222222222, "#7201a8"], [0.3333333333333333, "#9c179e"], [0.4444444444444444, "#bd3786"], [0.5555555555555556, "#d8576b"], [0.6666666666666666, "#ed7953"], [0.7777777777777778, "#fb9f3a"], [0.8888888888888888, "#fdca26"], [1.0, "#f0f921"]]}], "mesh3d": [{"type": "mesh3d", "colorbar": {"outlinewidth": 0, "ticks": ""}}], "scatter": [{"fillpattern": {"fillmode": "overlay", "size": 10, "solidity": 0.2}, "type": "scatter"}], "parcoords": [{"type": "parcoords", "line": {"colorbar": {"outlinewidth": 0, "ticks": ""}}}], "scatterpolargl": [{"type": "scatterpolargl", "marker": {"colorbar": {"outlinewidth": 0, "ticks": ""}}}], "bar": [{"error_x": {"color": "#2a3f5f"}, "error_y": {"color": "#2a3f5f"}, "marker": {"line": {"color": "#E5ECF6", "width": 0.5}, "pattern": {"fillmode": "overlay", "size": 10, "solidity": 0.2}}, "type": "bar"}], "scattergeo": [{"type": "scattergeo", "marker": {"colorbar": {"outlinewidth": 0, "ticks": ""}}}], "scatterpolar": [{"type": "scatterpolar", "marker": {"colorbar": {"outlinewidth": 0, "ticks": ""}}}], "histogram": [{"marker": {"pattern": {"fillmode": "overlay", "size": 10, "solidity": 0.2}}, "type": "histogram"}], "scattergl": [{"type": "scattergl", "marker": {"colorbar": {"outlinewidth": 0, "ticks": ""}}}], "scatter3d": [{"type": "scatter3d", "line": {"colorbar": {"outlinewidth": 0, "ticks": ""}}, "marker": {"colorbar": {"outlinewidth": 0, "ticks": ""}}}], "scattermapbox": [{"type": "scattermapbox", "marker": {"colorbar": {"outlinewidth": 0, "ticks": ""}}}], "scatterternary": [{"type": "scatterternary", "marker": {"colorbar": {"outlinewidth": 0, "ticks": ""}}}], "scattercarpet": [{"type": "scattercarpet", "marker": {"colorbar": {"outlinewidth": 0, "ticks": ""}}}], "carpet": [{"aaxis": {"endlinecolor": "#2a3f5f", "gridcolor": "white", "linecolor": "white", "minorgridcolor": "white", "startlinecolor": "#2a3f5f"}, "baxis": {"endlinecolor": "#2a3f5f", "gridcolor": "white", "linecolor": "white", "minorgridcolor": "white", "startlinecolor": "#2a3f5f"}, "type": "carpet"}], "table": [{"cells": {"fill": {"color": "#EBF0F8"}, "line": {"color": "white"}}, "header": {"fill": {"color": "#C8D4E3"}, "line": {"color": "white"}}, "type": "table"}], "barpolar": [{"marker": {"line": {"color": "#E5ECF6", "width": 0.5}, "pattern": {"fillmode": "overlay", "size": 10, "solidity": 0.2}}, "type": "barpolar"}], "pie": [{"automargin": true, "type": "pie"}]}, "layout": {"autotypenumbers": "strict", "colorway": ["#636efa", "#EF553B", "#00cc96", "#ab63fa", "#FFA15A", "#19d3f3", "#FF6692", "#B6E880", "#FF97FF", "#FECB52"], "font": {"color": "#2a3f5f"}, "hovermode": "closest", "hoverlabel": {"align": "left"}, "paper_bgcolor": "white", "plot_bgcolor": "#E5ECF6", "polar": {"bgcolor": "#E5ECF6", "angularaxis": {"gridcolor": "white", "linecolor": "white", "ticks": ""}, "radialaxis": {"gridcolor": "white", "linecolor": "white", "ticks": ""}}, "ternary": {"bgcolor": "#E5ECF6", "aaxis": {"gridcolor": "white", "linecolor": "white", "ticks": ""}, "baxis": {"gridcolor": "white", "linecolor": "white", "ticks": ""}, "caxis": {"gridcolor": "white", "linecolor": "white", "ticks": ""}}, "coloraxis": {"colorbar": {"outlinewidth": 0, "ticks": ""}}, "colorscale": {"sequential": [[0.0, "#0d0887"], [0.1111111111111111, "#46039f"], [0.2222222222222222, "#7201a8"], [0.3333333333333333, "#9c179e"], [0.4444444444444444, "#bd3786"], [0.5555555555555556, "#d8576b"], [0.6666666666666666, "#ed7953"], [0.7777777777777778, "#fb9f3a"], [0.8888888888888888, "#fdca26"], [1.0, "#f0f921"]], "sequentialminus": [[0.0, "#0d0887"], [0.1111111111111111, "#46039f"], [0.2222222222222222, "#7201a8"], [0.3333333333333333, "#9c179e"], [0.4444444444444444, "#bd3786"], [0.5555555555555556, "#d8576b"], [0.6666666666666666, "#ed7953"], [0.7777777777777778, "#fb9f3a"], [0.8888888888888888, "#fdca26"], [1.0, "#f0f921"]], "diverging": [[0, "#8e0152"], [0.1, "#c51b7d"], [0.2, "#de77ae"], [0.3, "#f1b6da"], [0.4, "#fde0ef"], [0.5, "#f7f7f7"], [0.6, "#e6f5d0"], [0.7, "#b8e186"], [0.8, "#7fbc41"], [0.9, "#4d9221"], [1, "#276419"]]}, "xaxis": {"gridcolor": "white", "linecolor": "white", "ticks": "", "title": {"standoff": 15}, "zerolinecolor": "white", "automargin": true, "zerolinewidth": 2}, "yaxis": {"gridcolor": "white", "linecolor": "white", "ticks": "", "title": {"standoff": 15}, "zerolinecolor": "white", "automargin": true, "zerolinewidth": 2}, "scene": {"xaxis": {"backgroundcolor": "#E5ECF6", "gridcolor": "white", "linecolor": "white", "showbackground": true, "ticks": "", "zerolinecolor": "white", "gridwidth": 2}, "yaxis": {"backgroundcolor": "#E5ECF6", "gridcolor": "white", "linecolor": "white", "showbackground": true, "ticks": "", "zerolinecolor": "white", "gridwidth": 2}, "zaxis": {"backgroundcolor": "#E5ECF6", "gridcolor": "white", "linecolor": "white", "showbackground": true, "ticks": "", "zerolinecolor": "white", "gridwidth": 2}}, "shapedefaults": {"line": {"color": "#2a3f5f"}}, "annotationdefaults": {"arrowcolor": "#2a3f5f", "arrowhead": 0, "arrowwidth": 1}, "geo": {"bgcolor": "white", "landcolor": "#E5ECF6", "subunitcolor": "white", "showland": true, "showlakes": true, "lakecolor": "white"}, "title": {"x": 0.05}, "mapbox": {"style": "light"}}}}}