{"data": [{"z": [[16.17889404296875, 7.4756388664245605, 2.033125400543213, -2.6890292167663574, -1.8011014461517334, -2.1428442001342773, 2.886216163635254, -12.374528884887695, -0.750805675983429, -4.6386823654174805, 3.876387119293213, -2.5441133975982666, -1.8474845886230469, 8.635215759277344, -2.658236026763916, -0.7410523891448975, 3.636599063873291, 1.1527047157287598, 1.9997227191925049, 7.934345722198486, 6.38648796081543], [7.4756388664245605, 15.937260627746582, 0.9894002676010132, -6.639556407928467, -1.1084895133972168, -3.3752105236053467, -1.4477380514144897, -3.3395166397094727, -4.20428991317749, 4.658771514892578, 0.923492431640625, -5.609304904937744, -2.115382194519043, 0.9737414121627808, 2.3764424324035645, -5.302976131439209, 3.5932700634002686, -0.1269282102584839, 0.17055635154247284, 5.231174945831299, -1.1455897092819214], [2.033125400543213, 0.9894002676010132, 15.64447021484375, 4.228156089782715, 3.5928831100463867, 0.4515420198440552, 1.4938884973526, 2.051462173461914, 1.5595921277999878, 4.595916271209717, 6.326420307159424, 4.442762851715088, -2.298264265060425, 4.304575443267822, 5.996595859527588, 0.10379743576049805, -2.047544002532959, 3.8122737407684326, -2.659034013748169, -0.13674640655517578, 1.6828954219818115], [-2.6890292167663574, -6.639556407928467, 4.228156089782715, 17.66402816772461, 5.633246421813965, 0.0989455133676529, -1.1632304191589355, 1.4315145015716553, -1.5935375690460205, 2.0095274448394775, -1.378657579421997, 3.617114543914795, -2.4249508380889893, -3.535334825515747, 10.222638130187988, 0.7520480155944824, -1.7295045852661133, 3.8889975547790527, 4.934840202331543, -4.849503993988037, 5.371360778808594], [-1.8011014461517334, -1.1084895133972168, 3.5928831100463867, 5.633246421813965, 20.83664894104004, -3.385070323944092, -1.1098437309265137, 0.4111533761024475, -0.6998294591903687, 1.409009337425232, -0.9383490085601807, 3.193939208984375, 3.066089630126953, 0.7940080761909485, 6.12796688079834, 1.646506905555725, -1.6137266159057617, 4.071369647979736, -2.5280354022979736, 2.428330183029175, 6.01597785949707], [-2.1428442001342773, -3.3752105236053467, 0.4515420198440552, 0.0989455133676529, -3.385070323944092, 17.310197830200195, -0.40437793731689453, 6.681090354919434, 1.0568933486938477, 5.013270378112793, -0.026475021615624428, 1.7862643003463745, 1.2613356113433838, 1.392073154449463, -5.569345474243164, 6.171835899353027, -1.8229832649230957, 2.3081791400909424, -5.483964443206787, -7.013524055480957, -1.2559386491775513], [2.886216163635254, -1.4477380514144897, 1.4938884973526, -1.1632304191589355, -1.1098437309265137, -0.40437793731689453, 13.428802490234375, 1.4921847581863403, 4.379692554473877, -9.869970321655273, 1.8915084600448608, 1.6985857486724854, -5.224145412445068, -3.1322526931762695, -3.6097865104675293, 0.5161605477333069, 0.2405155897140503, -0.07395899295806885, -1.8958300352096558, 8.073417663574219, -0.05136919021606445], [-12.374528884887695, -3.3395166397094727, 2.051462173461914, 1.4315145015716553, 0.4111533761024475, 6.681090354919434, 1.4921847581863403, 16.926218032836914, 2.583949327468872, 8.045056343078613, -2.8481180667877197, 2.9213547706604004, -1.3821595907211304, -7.981751441955566, 3.4097225666046143, 1.2260669469833374, -0.867465615272522, -0.4288640022277832, -3.7314114570617676, -4.963168144226074, -7.628259181976318], [-0.750805675983429, -4.20428991317749, 1.5595921277999878, -1.5935375690460205, -0.6998294591903687, 1.0568933486938477, 4.379692554473877, 2.583949327468872, 13.478626251220703, -9.436784744262695, -2.2091267108917236, 9.327169418334961, 1.6629273891448975, 1.466497540473938, 1.3013370037078857, 2.1567611694335938, 2.1565380096435547, -3.817894697189331, -1.3163070678710938, 0.09164714813232422, -3.0421323776245117], [-4.6386823654174805, 4.658771514892578, 4.595916271209717, 2.0095274448394775, 1.409009337425232, 5.013270378112793, -9.869970321655273, 8.045056343078613, -9.436784744262695, 27.058759689331055, 1.7873510122299194, -3.9651236534118652, 2.182408332824707, 1.5624182224273682, 5.237753391265869, 1.7211673259735107, 3.0439884662628174, 2.3094985485076904, 1.4687280654907227, -3.0456743240356445, -3.906341791152954], [3.876387119293213, 0.923492431640625, 6.326420307159424, -1.378657579421997, -0.9383490085601807, -0.026475021615624428, 1.8915084600448608, -2.8481180667877197, -2.2091267108917236, 1.7873510122299194, 14.748690605163574, -3.069497585296631, 2.059800624847412, 9.864486694335938, -0.8231441974639893, 4.024306774139404, -1.4416128396987915, 8.402348518371582, 0.7244243621826172, 0.1114349365234375, -0.04320216178894043], [-2.5441133975982666, -5.609304904937744, 4.442762851715088, 3.617114543914795, 3.193939208984375, 1.7862643003463745, 1.6985857486724854, 2.9213547706604004, 9.327169418334961, -3.9651236534118652, -3.069497585296631, 16.175077438354492, 2.42790150642395, -3.781920909881592, 2.0703132152557373, 2.1701533794403076, 0.015888512134552002, -7.745062351226807, -2.2295291423797607, 0.7052397727966309, -0.9416196346282959], [-1.8474845886230469, -2.115382194519043, -2.298264265060425, -2.4249508380889893, 3.066089630126953, 1.2613356113433838, -5.224145412445068, -1.3821595907211304, 1.6629273891448975, 2.182408332824707, 2.059800624847412, 2.42790150642395, 11.953210830688477, 5.757488250732422, -2.6528751850128174, 5.376838207244873, 1.053804636001587, 2.801266670227051, 2.636017322540283, -2.6753017902374268, 0.2502872943878174], [8.635215759277344, 0.9737414121627808, 4.304575443267822, -3.535334825515747, 0.7940080761909485, 1.392073154449463, -3.1322526931762695, -7.981751441955566, 1.466497540473938, 1.5624182224273682, 9.864486694335938, -3.781920909881592, 5.757488250732422, 19.715503692626953, -2.3117775917053223, 4.425015926361084, 2.5713210105895996, 9.268119812011719, 3.7130775451660156, -0.5538789629936218, 2.292264699935913], [-2.658236026763916, 2.3764424324035645, 5.996595859527588, 10.222638130187988, 6.12796688079834, -5.569345474243164, -3.6097865104675293, 3.4097225666046143, 1.3013370037078857, 5.237753391265869, -0.8231441974639893, 2.0703132152557373, -2.6528751850128174, -2.3117775917053223, 16.14518165588379, -2.450148820877075, 1.7041864395141602, 1.796203851699829, 3.6904959678649902, -3.8372058868408203, 0.2456134557723999], [-0.7410523891448975, -5.302976131439209, 0.10379743576049805, 0.7520480155944824, 1.646506905555725, 6.171835899353027, 0.5161605477333069, 1.2260669469833374, 2.1567611694335938, 1.7211673259735107, 4.024306774139404, 2.1701533794403076, 5.376838207244873, 4.425015926361084, -2.450148820877075, 7.928341865539551, 0.2578810453414917, 4.000872611999512, 0.08415162563323975, -3.4695067405700684, 1.570058822631836], [3.636599063873291, 3.5932703018188477, -2.047544002532959, -1.7295044660568237, -1.6137268543243408, -1.8229831457138062, 0.24051570892333984, -0.8674655556678772, 2.156538248062134, 3.0439884662628174, -1.441612958908081, 0.01588859222829342, 1.053804636001587, 2.5713210105895996, 1.7041864395141602, 0.2578808069229126, 7.548908233642578, -1.5928531885147095, 4.133590221405029, 4.852768898010254, -1.841209053993225], [1.152705192565918, -0.1269281953573227, 3.8122735023498535, 3.888997793197632, 4.071369647979736, 2.3081793785095215, -0.07395874708890915, -0.4288640320301056, -3.81789493560791, 2.3094985485076904, 8.402348518371582, -7.745061874389648, 2.801266670227051, 9.268118858337402, 1.796203851699829, 4.00087308883667, -1.5928531885147095, 15.83289909362793, 4.857030391693115, -6.6443190574646, 4.682096481323242], [1.9997223615646362, 0.1705564558506012, -2.659034013748169, 4.934840202331543, -2.5280351638793945, -5.483963966369629, -1.8958301544189453, -3.7314109802246094, -1.3163074254989624, 1.4687281847000122, 0.7244246006011963, -2.2295286655426025, 2.6360175609588623, 3.7130777835845947, 3.6904959678649902, 0.08415152132511139, 4.133590221405029, 4.857030391693115, 13.049383163452148, -2.1980857849121094, 1.991534948348999], [7.934345722198486, 5.231174468994141, -0.13674645125865936, -4.849503517150879, 2.4283297061920166, -7.013523578643799, 8.073417663574219, -4.963168621063232, 0.09164699912071228, -3.0456748008728027, 0.1114351749420166, 0.7052392959594727, -2.6753017902374268, -0.5538787841796875, -3.8372058868408203, -3.4695067405700684, 4.852768898010254, -6.6443190574646, -2.1980857849121094, 19.92975616455078, -1.4484840631484985], [6.38648796081543, -1.1455899477005005, 1.6828954219818115, 5.371360778808594, 6.01597785949707, -1.2559386491775513, -0.05136919021606445, -7.628259181976318, -3.0421323776245117, -3.906341791152954, -0.04320216178894043, -0.9416195154190063, 0.2502868175506592, 2.292264699935913, 0.245613694190979, 1.5700587034225464, -1.8412091732025146, 4.682096481323242, 1.991534948348999, -1.448484182357788, 10.956415176391602]], "type": "heatmap"}], "layout": {"template": {"data": {"histogram2dcontour": [{"type": "histogram2dcontour", "colorbar": {"outlinewidth": 0, "ticks": ""}, "colorscale": [[0.0, "#0d0887"], [0.1111111111111111, "#46039f"], [0.2222222222222222, "#7201a8"], [0.3333333333333333, "#9c179e"], [0.4444444444444444, "#bd3786"], [0.5555555555555556, "#d8576b"], [0.6666666666666666, "#ed7953"], [0.7777777777777778, "#fb9f3a"], [0.8888888888888888, "#fdca26"], [1.0, "#f0f921"]]}], "choropleth": [{"type": "choropleth", "colorbar": {"outlinewidth": 0, "ticks": ""}}], "histogram2d": [{"type": "histogram2d", "colorbar": {"outlinewidth": 0, "ticks": ""}, "colorscale": [[0.0, "#0d0887"], [0.1111111111111111, "#46039f"], [0.2222222222222222, "#7201a8"], [0.3333333333333333, "#9c179e"], [0.4444444444444444, "#bd3786"], [0.5555555555555556, "#d8576b"], [0.6666666666666666, "#ed7953"], [0.7777777777777778, "#fb9f3a"], [0.8888888888888888, "#fdca26"], [1.0, "#f0f921"]]}], "heatmap": [{"type": "heatmap", "colorbar": {"outlinewidth": 0, "ticks": ""}, "colorscale": [[0.0, "#0d0887"], [0.1111111111111111, "#46039f"], [0.2222222222222222, "#7201a8"], [0.3333333333333333, "#9c179e"], [0.4444444444444444, "#bd3786"], [0.5555555555555556, "#d8576b"], [0.6666666666666666, "#ed7953"], [0.7777777777777778, "#fb9f3a"], [0.8888888888888888, "#fdca26"], [1.0, "#f0f921"]]}], "heatmapgl": [{"type": "heatmapgl", "colorbar": {"outlinewidth": 0, "ticks": ""}, "colorscale": [[0.0, "#0d0887"], [0.1111111111111111, "#46039f"], [0.2222222222222222, "#7201a8"], [0.3333333333333333, "#9c179e"], [0.4444444444444444, "#bd3786"], [0.5555555555555556, "#d8576b"], [0.6666666666666666, "#ed7953"], [0.7777777777777778, "#fb9f3a"], [0.8888888888888888, "#fdca26"], [1.0, "#f0f921"]]}], "contourcarpet": [{"type": "contourcarpet", "colorbar": {"outlinewidth": 0, "ticks": ""}}], "contour": [{"type": "contour", "colorbar": {"outlinewidth": 0, "ticks": ""}, "colorscale": [[0.0, "#0d0887"], [0.1111111111111111, "#46039f"], [0.2222222222222222, "#7201a8"], [0.3333333333333333, "#9c179e"], [0.4444444444444444, "#bd3786"], [0.5555555555555556, "#d8576b"], [0.6666666666666666, "#ed7953"], [0.7777777777777778, "#fb9f3a"], [0.8888888888888888, "#fdca26"], [1.0, "#f0f921"]]}], "surface": [{"type": "surface", "colorbar": {"outlinewidth": 0, "ticks": ""}, "colorscale": [[0.0, "#0d0887"], [0.1111111111111111, "#46039f"], [0.2222222222222222, "#7201a8"], [0.3333333333333333, "#9c179e"], [0.4444444444444444, "#bd3786"], [0.5555555555555556, "#d8576b"], [0.6666666666666666, "#ed7953"], [0.7777777777777778, "#fb9f3a"], [0.8888888888888888, "#fdca26"], [1.0, "#f0f921"]]}], "mesh3d": [{"type": "mesh3d", "colorbar": {"outlinewidth": 0, "ticks": ""}}], "scatter": [{"fillpattern": {"fillmode": "overlay", "size": 10, "solidity": 0.2}, "type": "scatter"}], "parcoords": [{"type": "parcoords", "line": {"colorbar": {"outlinewidth": 0, "ticks": ""}}}], "scatterpolargl": [{"type": "scatterpolargl", "marker": {"colorbar": {"outlinewidth": 0, "ticks": ""}}}], "bar": [{"error_x": {"color": "#2a3f5f"}, "error_y": {"color": "#2a3f5f"}, "marker": {"line": {"color": "#E5ECF6", "width": 0.5}, "pattern": {"fillmode": "overlay", "size": 10, "solidity": 0.2}}, "type": "bar"}], "scattergeo": [{"type": "scattergeo", "marker": {"colorbar": {"outlinewidth": 0, "ticks": ""}}}], "scatterpolar": [{"type": "scatterpolar", "marker": {"colorbar": {"outlinewidth": 0, "ticks": ""}}}], "histogram": [{"marker": {"pattern": {"fillmode": "overlay", "size": 10, "solidity": 0.2}}, "type": "histogram"}], "scattergl": [{"type": "scattergl", "marker": {"colorbar": {"outlinewidth": 0, "ticks": ""}}}], "scatter3d": [{"type": "scatter3d", "line": {"colorbar": {"outlinewidth": 0, "ticks": ""}}, "marker": {"colorbar": {"outlinewidth": 0, "ticks": ""}}}], "scattermapbox": [{"type": "scattermapbox", "marker": {"colorbar": {"outlinewidth": 0, "ticks": ""}}}], "scatterternary": [{"type": "scatterternary", "marker": {"colorbar": {"outlinewidth": 0, "ticks": ""}}}], "scattercarpet": [{"type": "scattercarpet", "marker": {"colorbar": {"outlinewidth": 0, "ticks": ""}}}], "carpet": [{"aaxis": {"endlinecolor": "#2a3f5f", "gridcolor": "white", "linecolor": "white", "minorgridcolor": "white", "startlinecolor": "#2a3f5f"}, "baxis": {"endlinecolor": "#2a3f5f", "gridcolor": "white", "linecolor": "white", "minorgridcolor": "white", "startlinecolor": "#2a3f5f"}, "type": "carpet"}], "table": [{"cells": {"fill": {"color": "#EBF0F8"}, "line": {"color": "white"}}, "header": {"fill": {"color": "#C8D4E3"}, "line": {"color": "white"}}, "type": "table"}], "barpolar": [{"marker": {"line": {"color": "#E5ECF6", "width": 0.5}, "pattern": {"fillmode": "overlay", "size": 10, "solidity": 0.2}}, "type": "barpolar"}], "pie": [{"automargin": true, "type": "pie"}]}, "layout": {"autotypenumbers": "strict", "colorway": ["#636efa", "#EF553B", "#00cc96", "#ab63fa", "#FFA15A", "#19d3f3", "#FF6692", "#B6E880", "#FF97FF", "#FECB52"], "font": {"color": "#2a3f5f"}, "hovermode": "closest", "hoverlabel": {"align": "left"}, "paper_bgcolor": "white", "plot_bgcolor": "#E5ECF6", "polar": {"bgcolor": "#E5ECF6", "angularaxis": {"gridcolor": "white", "linecolor": "white", "ticks": ""}, "radialaxis": {"gridcolor": "white", "linecolor": "white", "ticks": ""}}, "ternary": {"bgcolor": "#E5ECF6", "aaxis": {"gridcolor": "white", "linecolor": "white", "ticks": ""}, "baxis": {"gridcolor": "white", "linecolor": "white", "ticks": ""}, "caxis": {"gridcolor": "white", "linecolor": "white", "ticks": ""}}, "coloraxis": {"colorbar": {"outlinewidth": 0, "ticks": ""}}, "colorscale": {"sequential": [[0.0, "#0d0887"], [0.1111111111111111, "#46039f"], [0.2222222222222222, "#7201a8"], [0.3333333333333333, "#9c179e"], [0.4444444444444444, "#bd3786"], [0.5555555555555556, "#d8576b"], [0.6666666666666666, "#ed7953"], [0.7777777777777778, "#fb9f3a"], [0.8888888888888888, "#fdca26"], [1.0, "#f0f921"]], "sequentialminus": [[0.0, "#0d0887"], [0.1111111111111111, "#46039f"], [0.2222222222222222, "#7201a8"], [0.3333333333333333, "#9c179e"], [0.4444444444444444, "#bd3786"], [0.5555555555555556, "#d8576b"], [0.6666666666666666, "#ed7953"], [0.7777777777777778, "#fb9f3a"], [0.8888888888888888, "#fdca26"], [1.0, "#f0f921"]], "diverging": [[0, "#8e0152"], [0.1, "#c51b7d"], [0.2, "#de77ae"], [0.3, "#f1b6da"], [0.4, "#fde0ef"], [0.5, "#f7f7f7"], [0.6, "#e6f5d0"], [0.7, "#b8e186"], [0.8, "#7fbc41"], [0.9, "#4d9221"], [1, "#276419"]]}, "xaxis": {"gridcolor": "white", "linecolor": "white", "ticks": "", "title": {"standoff": 15}, "zerolinecolor": "white", "automargin": true, "zerolinewidth": 2}, "yaxis": {"gridcolor": "white", "linecolor": "white", "ticks": "", "title": {"standoff": 15}, "zerolinecolor": "white", "automargin": true, "zerolinewidth": 2}, "scene": {"xaxis": {"backgroundcolor": "#E5ECF6", "gridcolor": "white", "linecolor": "white", "showbackground": true, "ticks": "", "zerolinecolor": "white", "gridwidth": 2}, "yaxis": {"backgroundcolor": "#E5ECF6", "gridcolor": "white", "linecolor": "white", "showbackground": true, "ticks": "", "zerolinecolor": "white", "gridwidth": 2}, "zaxis": {"backgroundcolor": "#E5ECF6", "gridcolor": "white", "linecolor": "white", "showbackground": true, "ticks": "", "zerolinecolor": "white", "gridwidth": 2}}, "shapedefaults": {"line": {"color": "#2a3f5f"}}, "annotationdefaults": {"arrowcolor": "#2a3f5f", "arrowhead": 0, "arrowwidth": 1}, "geo": {"bgcolor": "white", "landcolor": "#E5ECF6", "subunitcolor": "white", "showland": true, "showlakes": true, "lakecolor": "white"}, "title": {"x": 0.05}, "mapbox": {"style": "light"}}}}}