{"data": [{"z": [[14.896462440490723, 7.117217540740967, 1.7077579498291016, -3.1720550060272217, -1.9628536701202393, -2.7438690662384033, 2.3666160106658936, -12.973008155822754, -1.3628188371658325, -5.279953479766846, 3.8052196502685547, -2.4750428199768066, -2.2374770641326904, 7.196407794952393, -2.895962715148926, -0.80963134765625, 3.200493335723877, 0.5798635482788086, 0.8877713680267334, 7.474273681640625, 6.231574058532715], [7.117217540740967, 15.988320350646973, 0.5813833475112915, -7.298442840576172, -2.14149808883667, -3.8470664024353027, -1.9951865673065186, -3.9640939235687256, -4.988899230957031, 4.290419578552246, 0.3583929240703583, -5.633569717407227, -3.1941399574279785, -0.2487560212612152, 1.921346664428711, -5.007997035980225, 3.494316339492798, -0.21810781955718994, -0.7501116394996643, 5.556476593017578, -1.3477673530578613], [1.7077579498291016, 0.5813833475112915, 16.110427856445312, 3.5720043182373047, 3.5126521587371826, -0.11996223777532578, 1.0424509048461914, 1.273046612739563, 1.0577434301376343, 4.2571916580200195, 6.2532830238342285, 4.062755107879639, -3.068394660949707, 4.298765659332275, 5.5778679847717285, 0.7837269306182861, -1.3042974472045898, 4.180673599243164, -2.7629146575927734, -0.8740819692611694, 1.6979701519012451], [-3.1720550060272217, -7.298442840576172, 3.5720043182373047, 17.479318618774414, 5.422432899475098, -0.6948350667953491, -1.5098894834518433, 0.9341612458229065, -2.051243543624878, 1.3630188703536987, -1.7712409496307373, 2.837888479232788, -2.6303181648254395, -3.8183555603027344, 9.604240417480469, 0.24498160183429718, -1.8117955923080444, 3.0890655517578125, 4.831564903259277, -5.208247661590576, 5.40106725692749], [-1.9628536701202393, -2.14149808883667, 3.5126521587371826, 5.422432899475098, 20.175331115722656, -3.922447681427002, -1.3995405435562134, -0.21937160193920135, -0.9983080625534058, 1.0687090158462524, -1.6260216236114502, 2.6560449600219727, 2.9399807453155518, 0.4011808931827545, 5.563404560089111, 1.6167315244674683, -1.3723270893096924, 3.747985363006592, -2.787313461303711, 1.726975679397583, 5.974511623382568], [-2.7438690662384033, -3.8470664024353027, -0.11996223777532578, -0.6948350667953491, -3.922447681427002, 17.225910186767578, -0.0982389971613884, 6.421943187713623, 0.7732300758361816, 4.315013885498047, -1.2724558115005493, 1.6005436182022095, 0.46287280321121216, 0.5689732432365417, -6.203558921813965, 5.201999664306641, -1.8218650817871094, 1.1808927059173584, -5.649559020996094, -7.126453399658203, -1.2798254489898682], [2.3666160106658936, -1.9951865673065186, 1.0424509048461914, -1.5098894834518433, -1.3995405435562134, -0.0982389971613884, 13.407951354980469, 1.4287437200546265, 4.17531156539917, -10.47238540649414, 0.9534884095191956, 1.6179345846176147, -5.946610450744629, -3.3136956691741943, -4.1825785636901855, 0.6796010732650757, -0.21591603755950928, -0.5578244924545288, -2.3523154258728027, 7.549069404602051, 0.13165855407714844], [-12.973008155822754, -3.9640939235687256, 1.273046612739563, 0.9341612458229065, -0.21937160193920135, 6.421943187713623, 1.4287437200546265, 17.327011108398438, 2.4354939460754395, 7.470651626586914, -4.683624267578125, 2.614628791809082, -2.405456781387329, -8.621841430664062, 2.7469804286956787, 0.4750363528728485, -1.2584985494613647, -1.3670802116394043, -3.8736634254455566, -5.139408111572266, -7.8896284103393555], [-1.3628188371658325, -4.988899230957031, 1.0577434301376343, -2.051243543624878, -0.9983080625534058, 0.7732300758361816, 4.17531156539917, 2.4354939460754395, 13.759340286254883, -10.042163848876953, -3.377739667892456, 8.767036437988281, 1.1080131530761719, 1.0963797569274902, 0.8319169282913208, 1.9336529970169067, 2.167921543121338, -4.263640403747559, -1.5749131441116333, -0.4384932518005371, -3.2236433029174805], [-5.279953479766846, 4.290419578552246, 4.2571916580200195, 1.3630188703536987, 1.0687090158462524, 4.315013885498047, -10.47238540649414, 7.470651626586914, -10.042163848876953, 26.846811294555664, 1.8715351819992065, -4.202935695648193, 1.8157614469528198, 0.6982113122940063, 4.78237247467041, 1.298245906829834, 3.052070140838623, 1.8292336463928223, 0.985772967338562, -3.5157454013824463, -4.004721641540527], [3.8052196502685547, 0.3583929240703583, 6.2532830238342285, -1.7712409496307373, -1.6260216236114502, -1.2724558115005493, 0.9534884095191956, -4.683624267578125, -3.377739667892456, 1.8715351819992065, 16.485416412353516, -4.583069324493408, 2.141521692276001, 10.50084114074707, -1.2062233686447144, 4.55757999420166, -0.6725075244903564, 9.306344985961914, 1.1795921325683594, -0.6942274570465088, 0.4976853132247925], [-2.4750428199768066, -5.633569717407227, 4.062755107879639, 2.837888479232788, 2.6560449600219727, 1.6005436182022095, 1.6179345846176147, 2.614628791809082, 8.767036437988281, -4.202935695648193, -4.583069324493408, 15.125741004943848, 1.5666024684906006, -3.4518539905548096, 1.6816741228103638, 1.892587661743164, 0.42142486572265625, -7.94481897354126, -1.914045810699463, 0.31108522415161133, -1.0128943920135498], [-2.2374770641326904, -3.1941399574279785, -3.068394660949707, -2.6303181648254395, 2.9399807453155518, 0.46287280321121216, -5.946610450744629, -2.405456781387329, 1.1080131530761719, 1.8157614469528198, 2.141521692276001, 1.5666024684906006, 12.761465072631836, 5.538990020751953, -3.1178386211395264, 5.303553581237793, 1.3425750732421875, 2.590855121612549, 2.697579860687256, -3.2671141624450684, 0.7179610729217529], [7.196407794952393, -0.2487560212612152, 4.298765659332275, -3.8183555603027344, 0.4011808931827545, 0.5689732432365417, -3.3136956691741943, -8.621841430664062, 1.0963797569274902, 0.6982113122940063, 10.50084114074707, -3.4518539905548096, 5.538990020751953, 17.459125518798828, -3.0762686729431152, 4.272039890289307, 2.5395030975341797, 8.54148006439209, 2.5961050987243652, -1.14524245262146, 2.116663694381714], [-2.895962715148926, 1.921346664428711, 5.5778679847717285, 9.604240417480469, 5.563404560089111, -6.203558921813965, -4.1825785636901855, 2.7469804286956787, 0.8319169282913208, 4.78237247467041, -1.2062233686447144, 1.6816741228103638, -3.1178386211395264, -3.0762686729431152, 15.09793472290039, -2.328641176223755, 1.8089563846588135, 1.5715194940567017, 3.2751848697662354, -4.256171703338623, 0.31704163551330566], [-0.80963134765625, -5.007997035980225, 0.7837269306182861, 0.24498160183429718, 1.6167315244674683, 5.201999664306641, 0.6796010732650757, 0.4750363528728485, 1.9336529970169067, 1.298245906829834, 4.55757999420166, 1.892587661743164, 5.303553581237793, 4.272039890289307, -2.328641176223755, 7.031893730163574, 0.8945407867431641, 3.7531039714813232, 0.02958691120147705, -3.2319655418395996, 1.4725285768508911], [3.200493335723877, 3.494316339492798, -1.3042972087860107, -1.8117958307266235, -1.372327446937561, -1.8218650817871094, -0.21591590344905853, -1.2584984302520752, 2.167921543121338, 3.052070140838623, -0.6725075244903564, 0.42142489552497864, 1.3425750732421875, 2.5395030975341797, 1.8089560270309448, 0.8945409059524536, 7.320972442626953, -0.8642772436141968, 3.7313413619995117, 4.23213529586792, -1.7284685373306274], [0.5798636674880981, -0.21810801327228546, 4.180674076080322, 3.0890653133392334, 3.747985601425171, 1.1808927059173584, -0.5578247904777527, -1.3670800924301147, -4.263640880584717, 1.8292336463928223, 9.306344985961914, -7.944818496704102, 2.590855121612549, 8.54148006439209, 1.5715194940567017, 3.7531039714813232, -0.8642772436141968, 15.920990943908691, 4.305877685546875, -7.007418155670166, 4.438321113586426], [0.8877718448638916, -0.75011146068573, -2.7629148960113525, 4.831564426422119, -2.787313222885132, -5.649558067321777, -2.3523154258728027, -3.873663902282715, -1.574913501739502, 0.9857730865478516, 1.1795921325683594, -1.9140455722808838, 2.6975796222686768, 2.596104860305786, 3.2751853466033936, 0.029586736112833023, 3.7313413619995117, 4.305877685546875, 11.823701858520508, -2.7931084632873535, 1.8573269844055176], [7.474273681640625, 5.55647611618042, -0.8740819692611694, -5.208247184753418, 1.7269760370254517, -7.1264543533325195, 7.549068927764893, -5.139408111572266, -0.4384928047657013, -3.5157461166381836, -0.6942276954650879, 0.31108522415161133, -3.26711368560791, -1.14524245262146, -4.256172180175781, -3.2319648265838623, 4.23213529586792, -7.007418155670166, -2.7931084632873535, 19.7923583984375, -1.636873722076416], [6.231573581695557, -1.3477671146392822, 1.6979701519012451, 5.40106725692749, 5.97451114654541, -1.2798254489898682, 0.13165855407714844, -7.8896284103393555, -3.2236433029174805, -4.004721641540527, 0.49768513441085815, -1.0128942728042603, 0.7179610729217529, 2.116663932800293, 0.3170417547225952, 1.4725285768508911, -1.7284685373306274, 4.438321113586426, 1.8573269844055176, -1.6368738412857056, 10.956415176391602]], "type": "heatmap"}], "layout": {"template": {"data": {"histogram2dcontour": [{"type": "histogram2dcontour", "colorbar": {"outlinewidth": 0, "ticks": ""}, "colorscale": [[0.0, "#0d0887"], [0.1111111111111111, "#46039f"], [0.2222222222222222, "#7201a8"], [0.3333333333333333, "#9c179e"], [0.4444444444444444, "#bd3786"], [0.5555555555555556, "#d8576b"], [0.6666666666666666, "#ed7953"], [0.7777777777777778, "#fb9f3a"], [0.8888888888888888, "#fdca26"], [1.0, "#f0f921"]]}], "choropleth": [{"type": "choropleth", "colorbar": {"outlinewidth": 0, "ticks": ""}}], "histogram2d": [{"type": "histogram2d", "colorbar": {"outlinewidth": 0, "ticks": ""}, "colorscale": [[0.0, "#0d0887"], [0.1111111111111111, "#46039f"], [0.2222222222222222, "#7201a8"], [0.3333333333333333, "#9c179e"], [0.4444444444444444, "#bd3786"], [0.5555555555555556, "#d8576b"], [0.6666666666666666, "#ed7953"], [0.7777777777777778, "#fb9f3a"], [0.8888888888888888, "#fdca26"], [1.0, "#f0f921"]]}], "heatmap": [{"type": "heatmap", "colorbar": {"outlinewidth": 0, "ticks": ""}, "colorscale": [[0.0, "#0d0887"], [0.1111111111111111, "#46039f"], [0.2222222222222222, "#7201a8"], [0.3333333333333333, "#9c179e"], [0.4444444444444444, "#bd3786"], [0.5555555555555556, "#d8576b"], [0.6666666666666666, "#ed7953"], [0.7777777777777778, "#fb9f3a"], [0.8888888888888888, "#fdca26"], [1.0, "#f0f921"]]}], "heatmapgl": [{"type": "heatmapgl", "colorbar": {"outlinewidth": 0, "ticks": ""}, "colorscale": [[0.0, "#0d0887"], [0.1111111111111111, "#46039f"], [0.2222222222222222, "#7201a8"], [0.3333333333333333, "#9c179e"], [0.4444444444444444, "#bd3786"], [0.5555555555555556, "#d8576b"], [0.6666666666666666, "#ed7953"], [0.7777777777777778, "#fb9f3a"], [0.8888888888888888, "#fdca26"], [1.0, "#f0f921"]]}], "contourcarpet": [{"type": "contourcarpet", "colorbar": {"outlinewidth": 0, "ticks": ""}}], "contour": [{"type": "contour", "colorbar": {"outlinewidth": 0, "ticks": ""}, "colorscale": [[0.0, "#0d0887"], [0.1111111111111111, "#46039f"], [0.2222222222222222, "#7201a8"], [0.3333333333333333, "#9c179e"], [0.4444444444444444, "#bd3786"], [0.5555555555555556, "#d8576b"], [0.6666666666666666, "#ed7953"], [0.7777777777777778, "#fb9f3a"], [0.8888888888888888, "#fdca26"], [1.0, "#f0f921"]]}], "surface": [{"type": "surface", "colorbar": {"outlinewidth": 0, "ticks": ""}, "colorscale": [[0.0, "#0d0887"], [0.1111111111111111, "#46039f"], [0.2222222222222222, "#7201a8"], [0.3333333333333333, "#9c179e"], [0.4444444444444444, "#bd3786"], [0.5555555555555556, "#d8576b"], [0.6666666666666666, "#ed7953"], [0.7777777777777778, "#fb9f3a"], [0.8888888888888888, "#fdca26"], [1.0, "#f0f921"]]}], "mesh3d": [{"type": "mesh3d", "colorbar": {"outlinewidth": 0, "ticks": ""}}], "scatter": [{"fillpattern": {"fillmode": "overlay", "size": 10, "solidity": 0.2}, "type": "scatter"}], "parcoords": [{"type": "parcoords", "line": {"colorbar": {"outlinewidth": 0, "ticks": ""}}}], "scatterpolargl": [{"type": "scatterpolargl", "marker": {"colorbar": {"outlinewidth": 0, "ticks": ""}}}], "bar": [{"error_x": {"color": "#2a3f5f"}, "error_y": {"color": "#2a3f5f"}, "marker": {"line": {"color": "#E5ECF6", "width": 0.5}, "pattern": {"fillmode": "overlay", "size": 10, "solidity": 0.2}}, "type": "bar"}], "scattergeo": [{"type": "scattergeo", "marker": {"colorbar": {"outlinewidth": 0, "ticks": ""}}}], "scatterpolar": [{"type": "scatterpolar", "marker": {"colorbar": {"outlinewidth": 0, "ticks": ""}}}], "histogram": [{"marker": {"pattern": {"fillmode": "overlay", "size": 10, "solidity": 0.2}}, "type": "histogram"}], "scattergl": [{"type": "scattergl", "marker": {"colorbar": {"outlinewidth": 0, "ticks": ""}}}], "scatter3d": [{"type": "scatter3d", "line": {"colorbar": {"outlinewidth": 0, "ticks": ""}}, "marker": {"colorbar": {"outlinewidth": 0, "ticks": ""}}}], "scattermapbox": [{"type": "scattermapbox", "marker": {"colorbar": {"outlinewidth": 0, "ticks": ""}}}], "scatterternary": [{"type": "scatterternary", "marker": {"colorbar": {"outlinewidth": 0, "ticks": ""}}}], "scattercarpet": [{"type": "scattercarpet", "marker": {"colorbar": {"outlinewidth": 0, "ticks": ""}}}], "carpet": [{"aaxis": {"endlinecolor": "#2a3f5f", "gridcolor": "white", "linecolor": "white", "minorgridcolor": "white", "startlinecolor": "#2a3f5f"}, "baxis": {"endlinecolor": "#2a3f5f", "gridcolor": "white", "linecolor": "white", "minorgridcolor": "white", "startlinecolor": "#2a3f5f"}, "type": "carpet"}], "table": [{"cells": {"fill": {"color": "#EBF0F8"}, "line": {"color": "white"}}, "header": {"fill": {"color": "#C8D4E3"}, "line": {"color": "white"}}, "type": "table"}], "barpolar": [{"marker": {"line": {"color": "#E5ECF6", "width": 0.5}, "pattern": {"fillmode": "overlay", "size": 10, "solidity": 0.2}}, "type": "barpolar"}], "pie": [{"automargin": true, "type": "pie"}]}, "layout": {"autotypenumbers": "strict", "colorway": ["#636efa", "#EF553B", "#00cc96", "#ab63fa", "#FFA15A", "#19d3f3", "#FF6692", "#B6E880", "#FF97FF", "#FECB52"], "font": {"color": "#2a3f5f"}, "hovermode": "closest", "hoverlabel": {"align": "left"}, "paper_bgcolor": "white", "plot_bgcolor": "#E5ECF6", "polar": {"bgcolor": "#E5ECF6", "angularaxis": {"gridcolor": "white", "linecolor": "white", "ticks": ""}, "radialaxis": {"gridcolor": "white", "linecolor": "white", "ticks": ""}}, "ternary": {"bgcolor": "#E5ECF6", "aaxis": {"gridcolor": "white", "linecolor": "white", "ticks": ""}, "baxis": {"gridcolor": "white", "linecolor": "white", "ticks": ""}, "caxis": {"gridcolor": "white", "linecolor": "white", "ticks": ""}}, "coloraxis": {"colorbar": {"outlinewidth": 0, "ticks": ""}}, "colorscale": {"sequential": [[0.0, "#0d0887"], [0.1111111111111111, "#46039f"], [0.2222222222222222, "#7201a8"], [0.3333333333333333, "#9c179e"], [0.4444444444444444, "#bd3786"], [0.5555555555555556, "#d8576b"], [0.6666666666666666, "#ed7953"], [0.7777777777777778, "#fb9f3a"], [0.8888888888888888, "#fdca26"], [1.0, "#f0f921"]], "sequentialminus": [[0.0, "#0d0887"], [0.1111111111111111, "#46039f"], [0.2222222222222222, "#7201a8"], [0.3333333333333333, "#9c179e"], [0.4444444444444444, "#bd3786"], [0.5555555555555556, "#d8576b"], [0.6666666666666666, "#ed7953"], [0.7777777777777778, "#fb9f3a"], [0.8888888888888888, "#fdca26"], [1.0, "#f0f921"]], "diverging": [[0, "#8e0152"], [0.1, "#c51b7d"], [0.2, "#de77ae"], [0.3, "#f1b6da"], [0.4, "#fde0ef"], [0.5, "#f7f7f7"], [0.6, "#e6f5d0"], [0.7, "#b8e186"], [0.8, "#7fbc41"], [0.9, "#4d9221"], [1, "#276419"]]}, "xaxis": {"gridcolor": "white", "linecolor": "white", "ticks": "", "title": {"standoff": 15}, "zerolinecolor": "white", "automargin": true, "zerolinewidth": 2}, "yaxis": {"gridcolor": "white", "linecolor": "white", "ticks": "", "title": {"standoff": 15}, "zerolinecolor": "white", "automargin": true, "zerolinewidth": 2}, "scene": {"xaxis": {"backgroundcolor": "#E5ECF6", "gridcolor": "white", "linecolor": "white", "showbackground": true, "ticks": "", "zerolinecolor": "white", "gridwidth": 2}, "yaxis": {"backgroundcolor": "#E5ECF6", "gridcolor": "white", "linecolor": "white", "showbackground": true, "ticks": "", "zerolinecolor": "white", "gridwidth": 2}, "zaxis": {"backgroundcolor": "#E5ECF6", "gridcolor": "white", "linecolor": "white", "showbackground": true, "ticks": "", "zerolinecolor": "white", "gridwidth": 2}}, "shapedefaults": {"line": {"color": "#2a3f5f"}}, "annotationdefaults": {"arrowcolor": "#2a3f5f", "arrowhead": 0, "arrowwidth": 1}, "geo": {"bgcolor": "white", "landcolor": "#E5ECF6", "subunitcolor": "white", "showland": true, "showlakes": true, "lakecolor": "white"}, "title": {"x": 0.05}, "mapbox": {"style": "light"}}}}}