{"data": [{"z": [[15.38899040222168, 7.442134380340576, 1.842629313468933, -2.999116897583008, -1.9009004831314087, -2.8098058700561523, 2.636777639389038, -12.943638801574707, -1.2375693321228027, -5.062601089477539, 3.992149829864502, -2.508450508117676, -2.124148368835449, 7.768784046173096, -2.7179250717163086, -0.771985650062561, 3.343409299850464, 0.7848333120346069, 1.3607492446899414, 7.8033246994018555, 6.206980228424072], [7.442134380340576, 16.22406005859375, 0.7191766500473022, -7.072464466094971, -1.9365010261535645, -3.9492299556732178, -1.6593528985977173, -3.9672040939331055, -4.7873711585998535, 4.383248329162598, 0.6434410810470581, -5.680088996887207, -2.959604024887085, 0.16277015209197998, 2.1565587520599365, -5.095598220825195, 3.588374376296997, -0.04533720016479492, -0.2966729402542114, 5.698793888092041, -1.3130218982696533], [1.842629313468933, 0.7191766500473022, 15.866482734680176, 3.808657646179199, 3.604841470718384, 0.12703688442707062, 1.2920866012573242, 1.6265418529510498, 1.3895034790039062, 4.46087121963501, 6.296210289001465, 4.166536331176758, -2.7330830097198486, 4.286275863647461, 5.696972846984863, 0.45068904757499695, -1.5796773433685303, 4.0328369140625, -2.669196605682373, -0.6545228958129883, 1.6923730373382568], [-2.999116897583008, -7.072464466094971, 3.808657646179199, 17.643789291381836, 5.6466193199157715, -0.4340406060218811, -1.2980246543884277, 1.2089495658874512, -1.7625278234481812, 1.6360204219818115, -1.5351296663284302, 3.04896879196167, -2.4614224433898926, -3.60353684425354, 9.877253532409668, 0.3974204659461975, -1.7202718257904053, 3.4100728034973145, 4.944677829742432, -5.057589054107666, 5.393310546875], [-1.9009004831314087, -1.9365010261535645, 3.604841470718384, 5.6466193199157715, 20.427440643310547, -3.6318511962890625, -1.1611977815628052, 0.17295052111148834, -0.6925949454307556, 1.3319813013076782, -1.3308035135269165, 2.8336243629455566, 3.171633243560791, 0.5843743085861206, 5.811882019042969, 1.6083859205245972, -1.456545114517212, 3.9076390266418457, -2.60477614402771, 1.911503553390503, 5.955750942230225], [-2.8098058700561523, -3.9492299556732178, 0.12703688442707062, -0.4340406060218811, -3.6318511962890625, 17.52210235595703, -0.2929990887641907, 6.791083335876465, 1.0567095279693604, 4.568334102630615, -0.9669411778450012, 1.8841347694396973, 0.6938163638114929, 0.8206226229667664, -5.9481120109558105, 5.467884540557861, -1.714259386062622, 1.5485270023345947, -5.663210868835449, -7.2498321533203125, -1.3300807476043701], [2.636777639389038, -1.6593528985977173, 1.2920866012573242, -1.2980246543884277, -1.1611977815628052, -0.2929990887641907, 13.552194595336914, 1.5317180156707764, 4.2445502281188965, -10.287026405334473, 1.2850974798202515, 1.7533947229385376, -5.6384429931640625, -3.2214198112487793, -3.8546407222747803, 0.6487995386123657, -0.04734724760055542, -0.33935582637786865, -2.0680456161499023, 7.873068332672119, 0.12403905391693115], [-12.943638801574707, -3.9672040939331055, 1.6265418529510498, 1.2089495658874512, 0.17295052111148834, 6.791083335876465, 1.5317180156707764, 17.52120018005371, 2.721712589263916, 7.65684175491333, -4.150811195373535, 2.913822650909424, -2.0261497497558594, -8.49599552154541, 3.0154080390930176, 0.7335644364356995, -1.0289695262908936, -0.9467499256134033, -3.89892840385437, -5.125344276428223, -7.866335391998291], [-1.2375693321228027, -4.7873711585998535, 1.3895034790039062, -1.7625278234481812, -0.6925949454307556, 1.0567095279693604, 4.2445502281188965, 2.721712589263916, 13.829710006713867, -9.69961929321289, -2.950997829437256, 8.985635757446289, 1.4035024642944336, 1.2970012426376343, 1.1233984231948853, 2.0429062843322754, 2.1762852668762207, -3.934300661087036, -1.4768716096878052, -0.3957021236419678, -3.2132608890533447], [-5.062601089477539, 4.383248329162598, 4.46087121963501, 1.6360204219818115, 1.3319813013076782, 4.568334102630615, -10.287026405334473, 7.65684175491333, -9.69961929321289, 27.05923080444336, 2.0188181400299072, -4.0091753005981445, 1.9754862785339355, 1.0883300304412842, 5.029332160949707, 1.4363837242126465, 3.1025474071502686, 2.058072328567505, 1.1596895456314087, -3.405489921569824, -3.9816813468933105], [3.992149829864502, 0.6434410810470581, 6.296210289001465, -1.5351296663284302, -1.3308035135269165, -0.9669411778450012, 1.2850974798202515, -4.150811195373535, -2.950997829437256, 2.0188181400299072, 16.26889991760254, -4.214604377746582, 2.2898080348968506, 10.568649291992188, -0.9992079734802246, 4.438316822052002, -0.9016127586364746, 9.175883293151855, 1.2562429904937744, -0.4304323196411133, 0.37946367263793945], [-2.508450508117676, -5.680088996887207, 4.166536331176758, 3.04896879196167, 2.8336243629455566, 1.8841347694396973, 1.7533947229385376, 2.913822650909424, 8.985635757446289, -4.0091753005981445, -4.214604377746582, 15.44696044921875, 1.8483941555023193, -3.5396785736083984, 1.7952017784118652, 1.8886845111846924, 0.3378359079360962, -7.887091636657715, -1.9900445938110352, 0.38144683837890625, -1.0229508876800537], [-2.124148368835449, -2.959604024887085, -2.7330830097198486, -2.4614224433898926, 3.171633243560791, 0.6938163638114929, -5.6384429931640625, -2.0261497497558594, 1.4035024642944336, 1.9754862785339355, 2.2898080348968506, 1.8483941555023193, 12.702872276306152, 5.782827377319336, -2.8678042888641357, 5.475552558898926, 1.312957763671875, 2.796884059906006, 2.7809371948242188, -3.1228280067443848, 0.619370698928833], [7.768784046173096, 0.16277015209197998, 4.286275863647461, -3.60353684425354, 0.5843743085861206, 0.8206226229667664, -3.2214198112487793, -8.49599552154541, 1.2970012426376343, 1.0883300304412842, 10.568649291992188, -3.5396785736083984, 5.782827377319336, 18.22022819519043, -2.8951802253723145, 4.324887275695801, 2.5278706550598145, 8.76374626159668, 3.015317916870117, -0.8850966691970825, 2.1911656856536865], [-2.7179250717163086, 2.1565587520599365, 5.696972846984863, 9.877253532409668, 5.811882019042969, -5.9481120109558105, -3.8546407222747803, 3.0154080390930176, 1.1233984231948853, 5.029332160949707, -0.9992079734802246, 1.7952017784118652, -2.8678042888641357, -2.8951802253723145, 15.384211540222168, -2.3810322284698486, 1.7548788785934448, 1.6683841943740845, 3.4248499870300293, -4.040493011474609, 0.2994650602340698], [-0.771985650062561, -5.095598220825195, 0.45068904757499695, 0.3974204659461975, 1.6083859205245972, 5.467884540557861, 0.6487995386123657, 0.7335644364356995, 2.0429062843322754, 1.4363837242126465, 4.438316822052002, 1.8886845111846924, 5.475552558898926, 4.324887275695801, -2.3810322284698486, 7.188622951507568, 0.6848626136779785, 3.702082395553589, 0.10993194580078125, -3.2652587890625, 1.5524479150772095], [3.343409299850464, 3.588373899459839, -1.5796774625778198, -1.7202720642089844, -1.456545114517212, -1.7142597436904907, -0.047347333282232285, -1.028969645500183, 2.1762850284576416, 3.1025476455688477, -0.9016128182411194, 0.33783581852912903, 1.312957763671875, 2.5278704166412354, 1.7548789978027344, 0.6848625540733337, 7.107670307159424, -1.1616178750991821, 3.8087236881256104, 4.35367488861084, -1.748508095741272], [0.7848332524299622, -0.045337267220020294, 4.0328369140625, 3.4100730419158936, 3.907639503479004, 1.5485270023345947, -0.33935603499412537, -0.9467495679855347, -3.9343008995056152, 2.058072328567505, 9.175883293151855, -7.887091636657715, 2.796884775161743, 8.763745307922363, 1.6683844327926636, 3.702082395553589, -1.1616178750991821, 15.847277641296387, 4.512109756469727, -6.852011203765869, 4.474815368652344], [1.360749363899231, -0.2966729402542114, -2.669196605682373, 4.94467830657959, -2.604775905609131, -5.663212299346924, -2.0680456161499023, -3.89892840385437, -1.4768717288970947, 1.1596896648406982, 1.2562426328659058, -1.9900445938110352, 2.7809369564056396, 3.0153181552886963, 3.424849033355713, 0.10993200540542603, 3.8087236881256104, 4.512109756469727, 12.202227592468262, -2.495199203491211, 1.920851230621338], [7.8033246994018555, 5.698793888092041, -0.6545227766036987, -5.057589054107666, 1.9115042686462402, -7.249832630157471, 7.873068332672119, -5.1253437995910645, -0.39570152759552, -3.405489683151245, -0.43043214082717896, 0.3814471364021301, -3.1228277683258057, -0.8850966691970825, -4.040493488311768, -3.265259027481079, 4.35367488861084, -6.852011203765869, -2.495199203491211, 20.006866455078125, -1.596039056777954], [6.206980228424072, -1.3130221366882324, 1.6923730373382568, 5.393310546875, 5.955750942230225, -1.3300807476043701, 0.1240389347076416, -7.866335868835449, -3.2132608890533447, -3.9816813468933105, 0.3794635534286499, -1.0229508876800537, 0.6193704605102539, 2.1911656856536865, 0.299465537071228, 1.552448034286499, -1.748508095741272, 4.4748148918151855, 1.920851230621338, -1.596039056777954, 10.956415176391602]], "type": "heatmap"}], "layout": {"template": {"data": {"histogram2dcontour": [{"type": "histogram2dcontour", "colorbar": {"outlinewidth": 0, "ticks": ""}, "colorscale": [[0.0, "#0d0887"], [0.1111111111111111, "#46039f"], [0.2222222222222222, "#7201a8"], [0.3333333333333333, "#9c179e"], [0.4444444444444444, "#bd3786"], [0.5555555555555556, "#d8576b"], [0.6666666666666666, "#ed7953"], [0.7777777777777778, "#fb9f3a"], [0.8888888888888888, "#fdca26"], [1.0, "#f0f921"]]}], "choropleth": [{"type": "choropleth", "colorbar": {"outlinewidth": 0, "ticks": ""}}], "histogram2d": [{"type": "histogram2d", "colorbar": {"outlinewidth": 0, "ticks": ""}, "colorscale": [[0.0, "#0d0887"], [0.1111111111111111, "#46039f"], [0.2222222222222222, "#7201a8"], [0.3333333333333333, "#9c179e"], [0.4444444444444444, "#bd3786"], [0.5555555555555556, "#d8576b"], [0.6666666666666666, "#ed7953"], [0.7777777777777778, "#fb9f3a"], [0.8888888888888888, "#fdca26"], [1.0, "#f0f921"]]}], "heatmap": [{"type": "heatmap", "colorbar": {"outlinewidth": 0, "ticks": ""}, "colorscale": [[0.0, "#0d0887"], [0.1111111111111111, "#46039f"], [0.2222222222222222, "#7201a8"], [0.3333333333333333, "#9c179e"], [0.4444444444444444, "#bd3786"], [0.5555555555555556, "#d8576b"], [0.6666666666666666, "#ed7953"], [0.7777777777777778, "#fb9f3a"], [0.8888888888888888, "#fdca26"], [1.0, "#f0f921"]]}], "heatmapgl": [{"type": "heatmapgl", "colorbar": {"outlinewidth": 0, "ticks": ""}, "colorscale": [[0.0, "#0d0887"], [0.1111111111111111, "#46039f"], [0.2222222222222222, "#7201a8"], [0.3333333333333333, "#9c179e"], [0.4444444444444444, "#bd3786"], [0.5555555555555556, "#d8576b"], [0.6666666666666666, "#ed7953"], [0.7777777777777778, "#fb9f3a"], [0.8888888888888888, "#fdca26"], [1.0, "#f0f921"]]}], "contourcarpet": [{"type": "contourcarpet", "colorbar": {"outlinewidth": 0, "ticks": ""}}], "contour": [{"type": "contour", "colorbar": {"outlinewidth": 0, "ticks": ""}, "colorscale": [[0.0, "#0d0887"], [0.1111111111111111, "#46039f"], [0.2222222222222222, "#7201a8"], [0.3333333333333333, "#9c179e"], [0.4444444444444444, "#bd3786"], [0.5555555555555556, "#d8576b"], [0.6666666666666666, "#ed7953"], [0.7777777777777778, "#fb9f3a"], [0.8888888888888888, "#fdca26"], [1.0, "#f0f921"]]}], "surface": [{"type": "surface", "colorbar": {"outlinewidth": 0, "ticks": ""}, "colorscale": [[0.0, "#0d0887"], [0.1111111111111111, "#46039f"], [0.2222222222222222, "#7201a8"], [0.3333333333333333, "#9c179e"], [0.4444444444444444, "#bd3786"], [0.5555555555555556, "#d8576b"], [0.6666666666666666, "#ed7953"], [0.7777777777777778, "#fb9f3a"], [0.8888888888888888, "#fdca26"], [1.0, "#f0f921"]]}], "mesh3d": [{"type": "mesh3d", "colorbar": {"outlinewidth": 0, "ticks": ""}}], "scatter": [{"fillpattern": {"fillmode": "overlay", "size": 10, "solidity": 0.2}, "type": "scatter"}], "parcoords": [{"type": "parcoords", "line": {"colorbar": {"outlinewidth": 0, "ticks": ""}}}], "scatterpolargl": [{"type": "scatterpolargl", "marker": {"colorbar": {"outlinewidth": 0, "ticks": ""}}}], "bar": [{"error_x": {"color": "#2a3f5f"}, "error_y": {"color": "#2a3f5f"}, "marker": {"line": {"color": "#E5ECF6", "width": 0.5}, "pattern": {"fillmode": "overlay", "size": 10, "solidity": 0.2}}, "type": "bar"}], "scattergeo": [{"type": "scattergeo", "marker": {"colorbar": {"outlinewidth": 0, "ticks": ""}}}], "scatterpolar": [{"type": "scatterpolar", "marker": {"colorbar": {"outlinewidth": 0, "ticks": ""}}}], "histogram": [{"marker": {"pattern": {"fillmode": "overlay", "size": 10, "solidity": 0.2}}, "type": "histogram"}], "scattergl": [{"type": "scattergl", "marker": {"colorbar": {"outlinewidth": 0, "ticks": ""}}}], "scatter3d": [{"type": "scatter3d", "line": {"colorbar": {"outlinewidth": 0, "ticks": ""}}, "marker": {"colorbar": {"outlinewidth": 0, "ticks": ""}}}], "scattermapbox": [{"type": "scattermapbox", "marker": {"colorbar": {"outlinewidth": 0, "ticks": ""}}}], "scatterternary": [{"type": "scatterternary", "marker": {"colorbar": {"outlinewidth": 0, "ticks": ""}}}], "scattercarpet": [{"type": "scattercarpet", "marker": {"colorbar": {"outlinewidth": 0, "ticks": ""}}}], "carpet": [{"aaxis": {"endlinecolor": "#2a3f5f", "gridcolor": "white", "linecolor": "white", "minorgridcolor": "white", "startlinecolor": "#2a3f5f"}, "baxis": {"endlinecolor": "#2a3f5f", "gridcolor": "white", "linecolor": "white", "minorgridcolor": "white", "startlinecolor": "#2a3f5f"}, "type": "carpet"}], "table": [{"cells": {"fill": {"color": "#EBF0F8"}, "line": {"color": "white"}}, "header": {"fill": {"color": "#C8D4E3"}, "line": {"color": "white"}}, "type": "table"}], "barpolar": [{"marker": {"line": {"color": "#E5ECF6", "width": 0.5}, "pattern": {"fillmode": "overlay", "size": 10, "solidity": 0.2}}, "type": "barpolar"}], "pie": [{"automargin": true, "type": "pie"}]}, "layout": {"autotypenumbers": "strict", "colorway": ["#636efa", "#EF553B", "#00cc96", "#ab63fa", "#FFA15A", "#19d3f3", "#FF6692", "#B6E880", "#FF97FF", "#FECB52"], "font": {"color": "#2a3f5f"}, "hovermode": "closest", "hoverlabel": {"align": "left"}, "paper_bgcolor": "white", "plot_bgcolor": "#E5ECF6", "polar": {"bgcolor": "#E5ECF6", "angularaxis": {"gridcolor": "white", "linecolor": "white", "ticks": ""}, "radialaxis": {"gridcolor": "white", "linecolor": "white", "ticks": ""}}, "ternary": {"bgcolor": "#E5ECF6", "aaxis": {"gridcolor": "white", "linecolor": "white", "ticks": ""}, "baxis": {"gridcolor": "white", "linecolor": "white", "ticks": ""}, "caxis": {"gridcolor": "white", "linecolor": "white", "ticks": ""}}, "coloraxis": {"colorbar": {"outlinewidth": 0, "ticks": ""}}, "colorscale": {"sequential": [[0.0, "#0d0887"], [0.1111111111111111, "#46039f"], [0.2222222222222222, "#7201a8"], [0.3333333333333333, "#9c179e"], [0.4444444444444444, "#bd3786"], [0.5555555555555556, "#d8576b"], [0.6666666666666666, "#ed7953"], [0.7777777777777778, "#fb9f3a"], [0.8888888888888888, "#fdca26"], [1.0, "#f0f921"]], "sequentialminus": [[0.0, "#0d0887"], [0.1111111111111111, "#46039f"], [0.2222222222222222, "#7201a8"], [0.3333333333333333, "#9c179e"], [0.4444444444444444, "#bd3786"], [0.5555555555555556, "#d8576b"], [0.6666666666666666, "#ed7953"], [0.7777777777777778, "#fb9f3a"], [0.8888888888888888, "#fdca26"], [1.0, "#f0f921"]], "diverging": [[0, "#8e0152"], [0.1, "#c51b7d"], [0.2, "#de77ae"], [0.3, "#f1b6da"], [0.4, "#fde0ef"], [0.5, "#f7f7f7"], [0.6, "#e6f5d0"], [0.7, "#b8e186"], [0.8, "#7fbc41"], [0.9, "#4d9221"], [1, "#276419"]]}, "xaxis": {"gridcolor": "white", "linecolor": "white", "ticks": "", "title": {"standoff": 15}, "zerolinecolor": "white", "automargin": true, "zerolinewidth": 2}, "yaxis": {"gridcolor": "white", "linecolor": "white", "ticks": "", "title": {"standoff": 15}, "zerolinecolor": "white", "automargin": true, "zerolinewidth": 2}, "scene": {"xaxis": {"backgroundcolor": "#E5ECF6", "gridcolor": "white", "linecolor": "white", "showbackground": true, "ticks": "", "zerolinecolor": "white", "gridwidth": 2}, "yaxis": {"backgroundcolor": "#E5ECF6", "gridcolor": "white", "linecolor": "white", "showbackground": true, "ticks": "", "zerolinecolor": "white", "gridwidth": 2}, "zaxis": {"backgroundcolor": "#E5ECF6", "gridcolor": "white", "linecolor": "white", "showbackground": true, "ticks": "", "zerolinecolor": "white", "gridwidth": 2}}, "shapedefaults": {"line": {"color": "#2a3f5f"}}, "annotationdefaults": {"arrowcolor": "#2a3f5f", "arrowhead": 0, "arrowwidth": 1}, "geo": {"bgcolor": "white", "landcolor": "#E5ECF6", "subunitcolor": "white", "showland": true, "showlakes": true, "lakecolor": "white"}, "title": {"x": 0.05}, "mapbox": {"style": "light"}}}}}